"N-gram","原文","翻译","Total"
"尚书东阁大学士","38","1","39"
"部尚书东阁大学","37","1","38"
"尚书兼东阁大学","0","33","33"
"书兼东阁大学士","0","33","33"
"礼部尚书东阁大","31","1","32"
"部尚书兼东阁大","0","32","32"
"兼文渊阁大学士","0","32","32"
"乌斯藏入朝进贡","0","31","31"
"给予世袭的凭证","0","29","29"
"右佥都御史巡抚","21","6","27"
"侍郎右佥都御史","27","0","27"
"礼部尚书兼东阁","0","26","26"
"大祭天地于南郊","0","26","26"
"升为右佥都御史","0","25","25"
"侍郎兼右佥都御","0","24","24"
"郎兼右佥都御史","0","24","24"
"部右侍郎右佥都","23","0","23"
"右侍郎右佥都御","23","0","23"
"南京兵部右侍郎","12","11","23"
"加封为太子太保","0","23","23"
"阁参与机要事务","0","22","22"
"命群臣修身反省","0","22","22"
"升为右副都御史","0","21","21"
"兵部右侍郎兼右","0","21","21"
"兵部右侍郎右佥","20","0","20"
"食禄一千五百石","4","16","20"
"为礼部尚书兼东","0","20","20"
"部右侍郎兼右佥","0","20","20"
"右侍郎兼右佥都","0","20","20"
"锦衣卫指挥佥事","8","11","19"
"加封为太子少保","0","19","19"
"南京礼部右侍郎","9","9","18"
"其中一人手持旗","0","18","18"
"督陕西三边军务","9","8","17"
"吏部尚书孙丕扬","8","9","17"
"少傅兼太子太傅","0","17","17"
"万历十一年进士","11","5","16"
"开国辅运推诚宣","8","8","16"
"国辅运推诚宣力","8","8","16"
"辅运推诚宣力武","8","8","16"
"运推诚宣力武臣","8","8","16"
"右副都御史巡抚","14","2","16"
"兵部尚书张鹤鸣","8","8","16"
"南京工部右侍郎","8","8","16"
"尚书文渊阁大学","16","0","16"
"书文渊阁大学士","16","0","16"
"少师兼太子太师","0","16","16"
"升为都指挥同知","0","16","16"
"部尚书文渊阁大","15","0","15"
"洪武二十六年定","14","1","15"
"采纳了他的意见","0","15","15"
"尚书兼文渊阁大","0","15","15"
"书兼文渊阁大学","0","15","15"
"进升为都督同知","0","15","15"
"派使者向明朝廷","0","15","15"
"大祭天地于京城","0","15","15"
"祭天地于京城南","0","15","15"
"总督陕西三边军","8","6","14"
"卫亲军指挥使司","7","7","14"
"兵部尚书李承勋","7","7","14"
"户部尚书夏原吉","7","7","14"
"抹金铜鈒花叶片","14","0","14"
"金铜鈒花叶片装","14","0","14"
"铜鈒花叶片装钉","14","0","14"
"采纳了他的建议","0","14","14"
"兼任东阁大学士","0","14","14"
"升为都指挥佥事","0","14","14"
"为兵部右侍郎兼","0","14","14"
"兼武英殿大学士","0","14","14"
"部尚书兼文渊阁","0","14","14"
"色服饰的甲士五","0","14","14"
"文渊阁参与机要","0","14","14"
"渊阁参与机要事","0","14","14"
"天地于京城南郊","0","14","14"
"加少师太子太师","13","0","13"
"南京吏部右侍郎","6","7","13"
"万历四十一年进","7","6","13"
"历四十一年进士","7","6","13"
"使者向朝廷献贡","0","13","13"
"京运历年常规银","0","13","13"
"服饰的甲士五人","0","13","13"
"进士及第以及其","0","13","13"
"士及第以及其他","0","13","13"
"及第以及其他不","0","13","13"
"第以及其他不同","0","13","13"
"其他不同的出身","0","13","13"
"兵部尚书杨嗣昌","6","6","12"
"兵部尚书丁汝夔","6","6","12"
"左副将军李文忠","5","7","12"
"协守副总兵一人","6","6","12"
"任文渊阁大学士","0","12","12"
"进升为都督佥事","0","12","12"
"福王在南京即位","0","12","12"
"被加封为太子太","0","12","12"
"升为礼部右侍郎","0","12","12"
"组织训练的军队","0","12","12"
"有花纹的丝织品","0","12","12"
"京城南郊大祭天","0","12","12"
"城南郊大祭天地","0","12","12"
"南京刑部员外郎","5","6","11"
"弘治十八年进士","5","6","11"
"礼部尚书文渊阁","11","0","11"
"总督军务威武大","6","5","11"
"督军务威武大将","6","5","11"
"军务威武大将军","6","5","11"
"皇考恭穆献皇帝","5","6","11"
"二十六年十一月","6","5","11"
"为南京户部尚书","0","11","11"
"请求朝廷允许他","0","11","11"
"为南京吏部尚书","0","11","11"
"把他们打得大败","0","11","11"
"提升为右佥都御","0","11","11"
"赐给他尚方宝剑","0","11","11"
"升任右佥都御史","0","11","11"
"升任右副都御史","0","11","11"
"派使者向朝廷献","0","11","11"
"当地组织训练的","0","11","11"
"地组织训练的军","0","11","11"
"在京城南郊大祭","0","11","11"
"万历三十八年进","5","5","10"
"历三十八年进士","5","5","10"
"万历十七年进士","5","5","10"
"万历二十年进士","6","4","10"
"大学士申时行等","5","5","10"
"吏部尚书赵南星","5","5","10"
"吏部尚书杨一清","5","5","10"
"兵部尚书马文升","5","5","10"
"吏部尚书王永光","5","5","10"
"授南京兵部主事","6","4","10"
"刑部尚书黄克缵","5","5","10"
"南京刑部右侍郎","5","5","10"
"吏部侍郎杨时乔","5","5","10"
"食禄二千五百石","3","7","10"
"傅友德征讨云南","0","10","10"
"司礼监秉笔太监","0","10","10"
"为代理都督佥事","0","10","10"
"升为左副都御史","0","10","10"
"礼部尚书兼文渊","0","10","10"
"升为代理都指挥","0","10","10"
"代理都指挥佥事","0","10","10"
"旗下四人手持弩","0","10","10"
"黑色角质材料装","0","10","10"
"色角质材料装饰","0","10","10"
"角质材料装饰的","0","10","10"
"在南郊隆重祭祀","0","10","10"
"南郊隆重祭祀天","0","10","10"
"郊隆重祭祀天地","0","10","10"
"入值文渊阁参与","0","10","10"
"值文渊阁参与机","0","10","10"
"大祭天地于京师","0","10","10"
"祭天地于京师南","0","10","10"
"天地于京师南郊","0","10","10"
"运圣武神功纯仁","5","4","9"
"征南将军傅友德","4","5","9"
"兵部尚书陈新甲","5","4","9"
"万历四十四年进","6","3","9"
"历四十四年进士","6","3","9"
"务威武大将军总","5","4","9"
"威武大将军总兵","5","4","9"
"武大将军总兵官","5","4","9"
"南京国子监祭酒","2","7","9"
"坚持自己的意见","0","9","9"
"听从了他的意见","0","9","9"
"为少傅兼太子太","0","9","9"
"乌斯藏前来朝贡","0","9","9"
"升为代理都督佥","0","9","9"
"兼任文渊阁大学","0","9","9"
"升为吏部右侍郎","0","9","9"
"升为兵部右侍郎","0","9","9"
"提拔为右佥都御","0","9","9"
"拔为右佥都御史","0","9","9"
"他为右佥都御史","0","9","9"
"赠封为太子少保","0","9","9"
"并被授予世袭凭","0","9","9"
"被授予世袭凭证","0","9","9"
"进升为都指挥同","0","9","9"
"为代理都指挥佥","0","9","9"
"洪武二十六年规","0","9","9"
"武二十六年规定","0","9","9"
"及其他不同的出","0","9","9"
"等人以进士及第","0","9","9"
"为进士及第以及","0","9","9"
"等人为进士及第","0","9","9"
"令群臣修身反省","0","9","9"
"加少傅太子太傅","8","0","8"
"南京户部右侍郎","4","4","8"
"二十二年春正月","6","2","8"
"尚书右副都御史","8","0","8"
"兵部尚书吕维祺","4","4","8"
"吏部尚书陆光祖","4","4","8"
"刑部尚书乔允升","4","4","8"
"万历四十七年进","5","3","8"
"历四十七年进士","5","3","8"
"侍郎东阁大学士","8","0","8"
"锦衣卫指挥同知","4","4","8"
"礼部侍郎郭正域","4","4","8"
"本生皇考恭穆献","4","4","8"
"生皇考恭穆献皇","4","4","8"
"圣母章圣皇太后","4","4","8"
"军都督府左都督","3","5","8"
"吏部尚书马文升","4","4","8"
"吏部尚书方献夫","4","4","8"
"进署都指挥佥事","8","0","8"
"刑部尚书胡世宁","4","4","8"
"子爱猷识理达腊","4","4","8"
"二十三年十二月","4","4","8"
"户部尚书赵世卿","5","3","8"
"坐营中军官一人","4","4","8"
"兵部尚书梁廷栋","4","4","8"
"旗下四人执弓箭","8","0","8"
"金云头连三钗一","4","4","8"
"总河都御史傅希","4","4","8"
"河都御史傅希挚","4","4","8"
"一万四千八百二","4","4","8"
"万四千八百二十","4","4","8"
"四千八百二十三","4","4","8"
"千八百二十三度","4","4","8"
"八百二十三度零","4","4","8"
"百二十三度零六","4","4","8"
"钞二千二百五十","4","4","8"
"二千二百五十贯","4","4","8"
"外地调防的军队","0","8","8"
"撒马儿罕入朝进","0","8","8"
"马儿罕入朝进贡","0","8","8"
"尚书兼右副都御","0","8","8"
"书兼右副都御史","0","8","8"
"带着皇帝的敕谕","0","8","8"
"进升为都指挥佥","0","8","8"
"皇帝下诏给他们","0","8","8"
"被授予刑部主事","0","8","8"
"都督佥事的身份","0","8","8"
"以右副都御史的","0","8","8"
"少保兼太子太保","0","8","8"
"被加封为太子少","0","8","8"
"加封他为太子太","0","8","8"
"任南京兵部尚书","0","8","8"
"侍郎兼东阁大学","0","8","8"
"郎兼东阁大学士","0","8","8"
"升任兵部右侍郎","0","8","8"
"封他为太子太保","0","8","8"
"为南京礼部尚书","0","8","8"
"跟从大将军徐达","0","8","8"
"进升为都指挥使","0","8","8"
"被提升为代理都","0","8","8"
"侍郎兼翰林学士","0","8","8"
"旗下四人手持弓","0","8","8"
"下四人手持弓箭","0","8","8"
"色有花纹的丝织","0","8","8"
"衔着珍珠装饰的","0","8","8"
"着珍珠装饰的结","0","8","8"
"以及其他不同的","0","8","8"
"在南郊大祭天地","0","8","8"
"隆重祭奠先师孔","0","8","8"
"重祭奠先师孔子","0","8","8"
"免湖广受灾税粮","0","8","8"
"免南畿受灾税粮","0","8","8"
"河床一天天增高","0","8","8"
"嘉靖二十六年进","6","1","7"
"靖二十六年进士","6","1","7"
"南京国子监司业","3","4","7"
"俱礼部尚书东阁","7","0","7"
"总兵官安远侯柳","4","3","7"
"吏部尚书王国光","4","3","7"
"天全六番招讨司","3","4","7"
"兵部添注右侍郎","4","3","7"
"部尚书右副都御","7","0","7"
"工部尚书杨一魁","3","4","7"
"十二月二十四日","2","5","7"
"左侍郎东阁大学","7","0","7"
"大学士入参机务","7","0","7"
"颍川侯傅友德征","4","3","7"
"颍国公傅友德等","3","4","7"
"武英殿大学士入","5","2","7"
"擢署都指挥佥事","7","0","7"
"坐营中军官二人","3","4","7"
"告天地宗庙社稷","2","5","7"
"食禄一千二百石","1","6","7"
"万历三十五年进","4","3","7"
"历三十五年进士","4","3","7"
"皇帝答复知道了","0","7","7"
"向朝廷贡献马匹","0","7","7"
"投进锦衣卫监狱","0","7","7"
"任武英殿大学士","0","7","7"
"为少师兼太子太","0","7","7"
"兼任右佥都御史","0","7","7"
"部尚书兼右副都","0","7","7"
"升为工部右侍郎","0","7","7"
"以都督佥事的身","0","7","7"
"加官为太子太保","0","7","7"
"任南京兵部右侍","0","7","7"
"次上书请求退休","0","7","7"
"任兵部右侍郎兼","0","7","7"
"左侍郎兼东阁大","0","7","7"
"入阁参与机要事","0","7","7"
"封他为太子少保","0","7","7"
"他被加封为太子","0","7","7"
"管詹事府的事务","0","7","7"
"任命为礼部尚书","0","7","7"
"任南京礼部尚书","0","7","7"
"任南京右都御史","0","7","7"
"赠封为太子太保","0","7","7"
"升为大都督府佥","0","7","7"
"为大都督府佥事","0","7","7"
"晋升为都督佥事","0","7","7"
"向朝廷贡献土产","0","7","7"
"同意了他的请求","0","7","7"
"北极出地的度数","0","7","7"
"绘有云形图案的","0","7","7"
"云形图案的小板","0","7","7"
"嵌有花纹的铜质","0","7","7"
"有花纹的铜质叶","0","7","7"
"花纹的铜质叶片","0","7","7"
"纹的铜质叶片装","0","7","7"
"口里衔着珍珠装","0","7","7"
"里衔着珍珠装饰","0","7","7"
"色绫罗嵌金线的","0","7","7"
"衣领袖端衣边缘","0","7","7"
"领袖端衣边缘饰","0","7","7"
"十一月二十五日","0","7","7"
"十二月二十二日","0","7","7"
"人为进士及第以","0","7","7"
"免畿内受灾税粮","0","7","7"
"免江西受灾税粮","0","7","7"
"免河南受灾税粮","0","7","7"
"为开国辅运推诚","0","7","7"
"以及没有出嫁的","0","7","7"
"卫军民指挥使司","2","4","6"
"佥都御史巡抚山","3","3","6"
"都御史巡抚山东","3","3","6"
"洪武十八年进士","6","0","6"
"年擢右佥都御史","6","0","6"
"特进金紫光禄大","3","3","6"
"进金紫光禄大夫","3","3","6"
"十四年六月丙辰","3","3","6"
"十七卫亲军指挥","3","3","6"
"七卫亲军指挥使","3","3","6"
"开天行道肇纪立","3","3","6"
"天行道肇纪立极","3","3","6"
"行道肇纪立极大","3","3","6"
"道肇纪立极大圣","3","3","6"
"神仁文义武俊德","3","3","6"
"仁文义武俊德成","3","3","6"
"文义武俊德成功","3","3","6"
"义武俊德成功高","3","3","6"
"武俊德成功高皇","3","3","6"
"俊德成功高皇帝","3","3","6"
"二十三年春正月","4","2","6"
"巡抚保定都御史","3","3","6"
"四川巡抚都御史","3","3","6"
"南京兵部尚书吕","3","3","6"
"京兵部尚书吕维","3","3","6"
"陕西总督郑崇俭","3","3","6"
"礼部侍郎李廷机","3","3","6"
"副都御史王志道","3","3","6"
"宣大总督卢象升","3","3","6"
"户部尚书刘中敷","3","3","6"
"大学士杨一清等","3","3","6"
"加少保太子太保","6","0","6"
"吏部尚书周嘉谟","3","3","6"
"礼部尚书孙慎行","3","3","6"
"大将军徐达北征","2","4","6"
"进文渊阁大学士","6","0","6"
"赞画主事丁应泰","3","3","6"
"南京右佥都御史","3","3","6"
"进少傅太子太傅","6","0","6"
"嘉靖二十三年进","4","2","6"
"靖二十三年进士","4","2","6"
"部侍郎郭正域请","3","3","6"
"考功郎中赵南星","3","3","6"
"户部尚书杨俊民","3","3","6"
"年擢右副都御史","6","0","6"
"本生圣母章圣皇","3","3","6"
"生圣母章圣皇太","3","3","6"
"奉天靖难推诚宣","3","3","6"
"天靖难推诚宣力","3","3","6"
"靖难推诚宣力武","3","3","6"
"难推诚宣力武臣","3","3","6"
"礼部尚书吕震请","3","3","6"
"副都御史鄢懋卿","3","3","6"
"元中丞蛮子海牙","3","3","6"
"太子爱猷识理达","3","3","6"
"云南巡抚汪文盛","3","3","6"
"天津巡抚万世德","3","3","6"
"部尚书右都御史","6","0","6"
"弘治十五年进士","3","3","6"
"正德十二年进士","3","3","6"
"礼部侍郎徐光启","3","3","6"
"十三年四月壬午","3","3","6"
"二十五年二月癸","3","3","6"
"十五年二月癸亥","3","3","6"
"金吾侍卫亲军都","3","3","6"
"吾侍卫亲军都护","3","3","6"
"分守副总兵一人","3","3","6"
"大同总兵官方政","3","3","6"
"刑部侍郎何文渊","3","3","6"
"同知大都督府事","3","3","6"
"兵部尚书崔景荣","3","3","6"
"一百八十零万四","6","0","6"
"百八十零万四千","6","0","6"
"十五分六十九秒","2","4","6"
"二十三度七十一","3","3","6"
"十三度七十一分","3","3","6"
"总河都御史刘士","3","3","6"
"河都御史刘士忠","3","3","6"
"总河侍郎张国维","3","3","6"
"总河都御史潘季","3","3","6"
"河都御史潘季驯","3","3","6"
"总河尚书舒应龙","3","3","6"
"千一百二十五贯","3","3","6"
"自己的亲生父母","0","6","6"
"为锦衣卫指挥使","0","6","6"
"提升为右副都御","0","6","6"
"积功升至都指挥","0","6","6"
"免湖广受灾秋粮","0","6","6"
"提升为太常少卿","0","6","6"
"巩固自己的地位","0","6","6"
"杨涟弹劾魏忠贤","0","6","6"
"三年向朝廷进贡","0","6","6"
"当地的守卫大臣","0","6","6"
"向朝廷进献大木","0","6","6"
"绣有蟒纹的衣服","0","6","6"
"他的儿子严世蕃","0","6","6"
"升任礼部右侍郎","0","6","6"
"都御史的身份巡","0","6","6"
"御史的身份巡抚","0","6","6"
"以右佥都御史的","0","6","6"
"封他的一个儿子","0","6","6"
"他的一个儿子做","0","6","6"
"的一个儿子做官","0","6","6"
"听从了他的建议","0","6","6"
"子孙为世袭锦衣","0","6","6"
"协助负责詹事府","0","6","6"
"考取乡试第一名","0","6","6"
"皇帝下优诏答复","0","6","6"
"加封他为太子少","0","6","6"
"他升任右佥都御","0","6","6"
"任为右副都御史","0","6","6"
"掌管詹事府的事","0","6","6"
"召见并任命他为","0","6","6"
"任南京吏部尚书","0","6","6"
"不能不罢除的第","0","6","6"
"为礼部尚书兼文","0","6","6"
"成为百姓的祸害","0","6","6"
"改任吏部左侍郎","0","6","6"
"加盖玉玺的诏书","0","6","6"
"了张士诚的部队","0","6","6"
"晋升为大都督府","0","6","6"
"派人向朝廷献贡","0","6","6"
"请求向朝廷献贡","0","6","6"
"朝廷大臣讨论后","0","6","6"
"功升至都指挥佥","0","6","6"
"升至都指挥佥事","0","6","6"
"他继承世袭职位","0","6","6"
"南京刮大风降大","0","6","6"
"京刮大风降大雨","0","6","6"
"用穿青色服饰的","0","6","6"
"穿青色服饰的甲","0","6","6"
"青色服饰的甲士","0","6","6"
"用穿红色服饰的","0","6","6"
"穿红色服饰的甲","0","6","6"
"红色服饰的甲士","0","6","6"
"有云形图案的小","0","6","6"
"的铜质叶片装钉","0","6","6"
"洪武二十六年制","0","6","6"
"武二十六年制定","0","6","6"
"野鸡羽毛图纹的","0","6","6"
"鸡羽毛图纹的衣","0","6","6"
"羽毛图纹的衣服","0","6","6"
"珍珠翡翠装饰的","0","6","6"
"色衣领袖端衣边","0","6","6"
"十二月二十六日","0","6","6"
"九年正月十三日","0","6","6"
"宗神牌附祭于太","0","6","6"
"神牌附祭于太庙","0","6","6"
"免陕西受灾税粮","0","6","6"
"食禄一千一百石","0","6","6"
"隆庆五年中进士","0","6","6"
"这是不足以倚恃","0","6","6"
"是不足以倚恃的","0","6","6"
"不足以倚恃的第","0","6","6"
"按照一定的时间","0","6","6"
"照一定的时间开","0","6","6"
"一定的时间开关","0","6","6"
"施州卫军民指挥","2","3","5"
"州卫军民指挥使","2","3","5"
"万历十四年进士","3","2","5"
"积功都指挥佥事","5","0","5"
"万历二十六年进","3","2","5"
"历二十六年进士","3","2","5"
"嘉靖三十二年进","4","1","5"
"靖三十二年进士","4","1","5"
"嘉靖三十八年进","5","0","5"
"靖三十八年进士","5","0","5"
"嘉靖四十四年进","4","1","5"
"靖四十四年进士","4","1","5"
"少詹事侍读学士","5","0","5"
"皇叔父兴献大王","3","2","5"
"登嘉靖八年进士","4","1","5"
"圣武神功纯仁孝","5","0","5"
"武神功纯仁孝文","5","0","5"
"神功纯仁孝文皇","5","0","5"
"功纯仁孝文皇帝","5","0","5"
"启天弘道高明肇","3","2","5"
"天弘道高明肇运","3","2","5"
"弘道高明肇运圣","3","2","5"
"道高明肇运圣武","3","2","5"
"高明肇运圣武神","3","2","5"
"明肇运圣武神功","3","2","5"
"肇运圣武神功纯","3","2","5"
"徐达征虏大将军","5","0","5"
"举万历五年进士","5","0","5"
"忠贤二十四大罪","4","1","5"
"钦天监正彭德清","2","3","5"
"兵部尚书东阁大","5","0","5"
"凤阳总督马士英","2","3","5"
"右都御史兵部右","5","0","5"
"都御史兵部右侍","5","0","5"
"御史兵部右侍郎","5","0","5"
"部左侍郎东阁大","5","0","5"
"进兵部右侍郎右","5","0","5"
"巡抚四川都御史","3","2","5"
"嘉靖十四年进士","4","1","5"
"嘉靖十七年进士","2","3","5"
"大将军总兵官朱","3","2","5"
"将军总兵官朱寿","3","2","5"
"破蛮子海牙水寨","4","1","5"
"老挝军民宣慰使","3","2","5"
"挝军民宣慰使司","3","2","5"
"文渊阁大学士参","3","2","5"
"兵部尚书右都御","5","0","5"
"佩镇朔大将军印","3","2","5"
"兵部尚书刘大夏","2","3","5"
"部尚书参赞机务","3","2","5"
"百二十二万八千","3","2","5"
"河南巡抚都御史","2","3","5"
"留守行后军都督","3","2","5"
"守行后军都督府","3","2","5"
"宁夏总兵官史昭","3","2","5"
"成化十三年四月","2","3","5"
"十三年二月甲戌","3","2","5"
"二十五年春正月","3","2","5"
"二十六年春正月","3","2","5"
"二十一年春正月","4","1","5"
"十二年春正月己","5","0","5"
"部侍郎翰林学士","5","0","5"
"祭告天地宗庙社","1","4","5"
"授开国辅运推诚","5","0","5"
"获马牛羊十余万","3","2","5"
"四川巡抚邵捷春","1","4","5"
"一百二十一度七","2","3","5"
"大股五十六度零","3","2","5"
"径一百二十一度","2","3","5"
"半径六十零度八","5","0","5"
"六十零度八七五","5","0","5"
"十七度二十五分","2","3","5"
"同意了他的意见","0","5","5"
"朝廷大臣商议后","0","5","5"
"尊崇自己的亲生","0","5","5"
"崇自己的亲生父","0","5","5"
"詹事兼侍读学士","0","5","5"
"跟从傅友德征讨","0","5","5"
"从傅友德征讨云","0","5","5"
"陈友谅进犯龙江","0","5","5"
"神功纯仁至孝文","0","5","5"
"功纯仁至孝文皇","0","5","5"
"纯仁至孝文皇帝","0","5","5"
"亦力把里入朝进","0","5","5"
"力把里入朝进贡","0","5","5"
"徐达为征虏大将","0","5","5"
"达为征虏大将军","0","5","5"
"土鲁番入朝进贡","0","5","5"
"以巩固自己的地","0","5","5"
"大学士刘一火景","0","5","5"
"魏忠贤于是假传","0","5","5"
"忠贤于是假传圣","0","5","5"
"贤于是假传圣旨","0","5","5"
"进献马匹和土产","0","5","5"
"着皇帝的敕谕去","0","5","5"
"承天门发生火灾","0","5","5"
"个儿子为锦衣卫","0","5","5"
"为少保兼太子太","0","5","5"
"皇帝答应了他们","0","5","5"
"继承其父的职位","0","5","5"
"向朝廷进献马匹","0","5","5"
"不久加封为太子","0","5","5"
"右佥都御史的身","0","5","5"
"佥都御史的身份","0","5","5"
"荫封他的一个儿","0","5","5"
"为南京礼部右侍","0","5","5"
"派遣行人护送他","0","5","5"
"被提升为都督佥","0","5","5"
"提升为都督佥事","0","5","5"
"把贼兵打得大败","0","5","5"
"被提升为副总兵","0","5","5"
"赠他为太子太保","0","5","5"
"兵部尚书兼东阁","0","5","5"
"见机行事的权力","0","5","5"
"给他加官太子太","0","5","5"
"他加官太子太保","0","5","5"
"右都御史兼兵部","0","5","5"
"都御史兼兵部右","0","5","5"
"御史兼兵部右侍","0","5","5"
"史兼兵部右侍郎","0","5","5"
"担任右佥都御史","0","5","5"
"任南京兵部主事","0","5","5"
"为翰林院庶吉士","0","5","5"
"任南京工部右侍","0","5","5"
"部左侍郎兼东阁","0","5","5"
"升为礼部尚书兼","0","5","5"
"次上奏请求退休","0","5","5"
"帝下优诏答复他","0","5","5"
"负责南京翰林院","0","5","5"
"任南京刑部尚书","0","5","5"
"他为兵部右侍郎","0","5","5"
"为南京右都御史","0","5","5"
"吏部尚书孙钅龙","0","5","5"
"任南京工部尚书","0","5","5"
"晋升为礼部右侍","0","5","5"
"晋升为太子太保","0","5","5"
"朝廷推举内阁大","0","5","5"
"廷推举内阁大臣","0","5","5"
"皇帝听从了他的","0","5","5"
"河南发生大饥荒","0","5","5"
"考中乡试第一名","0","5","5"
"因为讨论大礼一","0","5","5"
"皇帝采纳了他的","0","5","5"
"打败了张士诚的","0","5","5"
"败了张士诚的部","0","5","5"
"受蓝玉党案株连","0","5","5"
"他们向朝廷献贡","0","5","5"
"派使者向朝廷进","0","5","5"
"朝廷讣告其父的","0","5","5"
"中山王的世子尚","0","5","5"
"向朝廷献贡马表","0","5","5"
"朝廷献贡马表示","0","5","5"
"廷献贡马表示谢","0","5","5"
"使者向明朝廷贡","0","5","5"
"者向明朝廷贡献","0","5","5"
"守卫大臣上奏说","0","5","5"
"云南的守卫大臣","0","5","5"
"派使者到京城向","0","5","5"
"承袭宣慰使职务","0","5","5"
"部尚书兼右都御","0","5","5"
"尚书兼右都御史","0","5","5"
"兼任武英殿大学","0","5","5"
"玉玺的诏书奖励","0","5","5"
"提升为代理都督","0","5","5"
"奉天门处理政事","0","5","5"
"西角门处理政事","0","5","5"
"盔甲厂发生火灾","0","5","5"
"运历年常规银二","0","5","5"
"发生旱灾和蝗灾","0","5","5"
"黄河在开封决堤","0","5","5"
"旗用穿红色服饰","0","5","5"
"亭前面左右有门","0","5","5"
"露在外面的短柱","0","5","5"
"用抹金的嵌有花","0","5","5"
"抹金的嵌有花纹","0","5","5"
"金的嵌有花纹的","0","5","5"
"的嵌有花纹的铜","0","5","5"
"丝带环绕的木板","0","5","5"
"两个宽大的发鬓","0","5","5"
"有野鸡羽毛图纹","0","5","5"
"云头连三钗一枝","0","5","5"
"黑色高帮白色厚","0","5","5"
"色高帮白色厚底","0","5","5"
"红色绫罗嵌金线","0","5","5"
"年春正月十二日","0","5","5"
"在南郊祭祀天地","0","5","5"
"进士及第和其他","0","5","5"
"士及第和其他不","0","5","5"
"及第和其他不同","0","5","5"
"十一月二十九日","0","5","5"
"以及其他不同出","0","5","5"
"及其他不同出身","0","5","5"
"免南畿受灾秋粮","0","5","5"
"部侍郎兼翰林学","0","5","5"
"授为开国辅运推","0","5","5"
"年禄一千五百石","0","5","5"
"朱元璋亲自率军","0","5","5"
"他又随从皇上北","0","5","5"
"又随从皇上北征","0","5","5"
"皇帝认为他说得","0","5","5"
"举行仪式的僎宾","0","5","5"
"祭祀典礼已列陈","0","5","5"
"没有出嫁的女儿","0","5","5"
"出嫁的女儿服丧","0","5","5"
"太常寺官员祭祀","0","5","5"
"一百八十万四千","0","5","5"
"成为巨大的湖泽","0","5","5"
"轮班调到京城的","0","5","5"
"州同日发生地震","0","5","5"
"兵部尚书范景文","2","2","4"
"玄元道德哲慧圣","2","2","4"
"天下兵马副元帅","2","2","4"
"嘉靖二十九年进","3","1","4"
"靖二十九年进士","3","1","4"
"嘉靖三十五年进","4","0","4"
"靖三十五年进士","4","0","4"
"四川巡抚乔璧星","2","2","4"
"嘉靖四十一年进","3","1","4"
"靖四十一年进士","3","1","4"
"称兴献王皇叔父","3","1","4"
"治书侍御史文原","2","2","4"
"书侍御史文原吉","2","2","4"
"燕山左卫指挥佥","2","2","4"
"山左卫指挥佥事","2","2","4"
"迁南京刑部员外","3","1","4"
"迁南京兵部侍郎","2","2","4"
"宣府总兵官赵国","2","2","4"
"府总兵官赵国忠","2","2","4"
"年傅友德征云南","4","0","4"
"太平兴国翼元帅","2","2","4"
"镇南王孛罗普化","2","2","4"
"户部尚书高弘图","2","2","4"
"两广总督丁魁楚","2","2","4"
"戌初三刻十三分","2","2","4"
"酉正三刻十一分","2","2","4"
"体天弘道高明广","2","2","4"
"天弘道高明广运","2","2","4"
"弘道高明广运圣","2","2","4"
"道高明广运圣武","2","2","4"
"高明广运圣武神","2","2","4"
"明广运圣武神功","2","2","4"
"广运圣武神功纯","2","2","4"
"十六年四月丙申","2","2","4"
"五城兵马指挥司","2","2","4"
"南京户部尚书郑","2","2","4"
"京户部尚书郑三","2","2","4"
"户部尚书郑三俊","2","2","4"
"兵部员外郎杨继","2","2","4"
"部员外郎杨继盛","2","2","4"
"羽林十七卫亲军","2","2","4"
"林十七卫亲军指","2","2","4"
"亲王护卫指挥使","2","2","4"
"王护卫指挥使司","2","2","4"
"十一年五月戊寅","2","2","4"
"二十四年十二月","2","2","4"
"都御史高明考察","2","2","4"
"巡抚凤阳都御史","2","2","4"
"定设巡抚都御史","2","2","4"
"太祖开天行道肇","2","2","4"
"祖开天行道肇纪","2","2","4"
"石抹宜孙守处州","3","1","4"
"圣神文武钦明启","2","2","4"
"神文武钦明启运","2","2","4"
"文武钦明启运俊","2","2","4"
"武钦明启运俊德","2","2","4"
"钦明启运俊德成","2","2","4"
"明启运俊德成功","2","2","4"
"启运俊德成功统","2","2","4"
"运俊德成功统天","2","2","4"
"俊德成功统天大","2","2","4"
"德成功统天大孝","2","2","4"
"成功统天大孝高","2","2","4"
"功统天大孝高皇","2","2","4"
"统天大孝高皇帝","2","2","4"
"佥都御史左光斗","2","2","4"
"左都御史高攀龙","2","2","4"
"巡抚都御史高名","2","2","4"
"抚都御史高名衡","2","2","4"
"嘉靖十八年二月","1","3","4"
"抚保定都御史杨","2","2","4"
"保定都御史杨守","2","2","4"
"定都御史杨守谦","2","2","4"
"刑部侍郎何乔新","2","2","4"
"礼部尚书徐学谟","2","2","4"
"刑部尚书潘季驯","2","2","4"
"蓟辽总督万世德","2","2","4"
"延绥巡抚陈奇瑜","2","2","4"
"十三家七十二营","2","2","4"
"保定总督杨文岳","1","3","4"
"应天巡抚张国维","2","2","4"
"陕西总督洪承畴","2","2","4"
"安庆巡抚郑二阳","2","2","4"
"益都知县吴宗尧","2","2","4"
"兵部尚书董汉儒","2","2","4"
"兵部侍郎李邦华","2","2","4"
"世袭锦衣卫指挥","2","2","4"
"吏部尚书闵洪学","2","2","4"
"左副都御史王志","2","2","4"
"兵部尚书张凤翼","2","2","4"
"副将军西平侯沐","2","2","4"
"将军西平侯沐英","2","2","4"
"傅友德征南将军","4","0","4"
"永宁宣抚司女土","2","2","4"
"宁宣抚司女土官","2","2","4"
"宣抚司女土官奢","2","2","4"
"松潘卫指挥吴玮","2","2","4"
"刑部员外郎林俊","2","2","4"
"右都御史杨一清","2","2","4"
"威武大将军朱寿","2","2","4"
"大田军民千户所","2","2","4"
"木册长官田谷佐","2","2","4"
"等处军民安抚司","2","2","4"
"湖广都指挥使司","2","2","4"
"永顺宣慰彭明辅","2","2","4"
"都察院左副都御","2","2","4"
"察院左副都御史","2","2","4"
"佥都御史俞士吉","2","2","4"
"举弘治十八年进","4","0","4"
"进南京礼部尚书","4","0","4"
"南京吏部尚书张","2","2","4"
"京吏部尚书张治","2","2","4"
"赵文华督察军情","2","2","4"
"掌南京翰林院事","3","1","4"
"登莱巡抚孙元化","2","2","4"
"部尚书吕维祺等","2","2","4"
"陕西华亭知县徐","2","2","4"
"西华亭知县徐兆","2","2","4"
"提学御史倪元珙","2","2","4"
"礼部侍郎钱谦益","2","2","4"
"兵部侍郎吕大器","2","2","4"
"副都御史杨所修","2","2","4"
"副都御史李夔龙","2","2","4"
"南京御史涂世业","2","2","4"
"都御史巡抚保定","4","0","4"
"大学士叶向高等","2","2","4"
"巡按御史颜思忠","2","2","4"
"佥都御史王德完","2","2","4"
"迁南京户部尚书","4","0","4"
"都御史巡抚湖广","4","0","4"
"吏部侍郎陆光祖","2","2","4"
"督漕运巡抚凤阳","4","0","4"
"陕西巡抚乔应甲","2","2","4"
"礼部侍郎韩世能","2","2","4"
"擢南京礼部右侍","4","0","4"
"工部尚书张凤翔","2","2","4"
"兵部尚书方逢时","2","2","4"
"巡按御史胡克俭","2","2","4"
"都体察使李元翼","2","2","4"
"后卫指挥刘忠嗣","2","2","4"
"劾南京兵部尚书","2","2","4"
"西总督郑崇俭率","2","2","4"
"吏部尚书李日宣","2","2","4"
"部尚书陈新甲下","3","1","4"
"尚书陈新甲下狱","3","1","4"
"旋擢右佥都御史","4","0","4"
"太仆少卿马绍愉","2","2","4"
"吏部侍郎黄宗载","2","2","4"
"部侍郎黄宗载等","2","2","4"
"成化十四年进士","2","2","4"
"月擢右佥都御史","4","0","4"
"云南援将赵印选","2","2","4"
"兵部尚书熊明遇","2","2","4"
"宣府总兵官马芳","2","2","4"
"前礼部尚书潘晟","2","2","4"
"龙虎山正一真人","2","2","4"
"阁大学士入参机","4","0","4"
"南京御史王麟趾","2","2","4"
"擢南京右都御史","4","0","4"
"副都御史詹仰庇","2","2","4"
"累迁右副都御史","4","0","4"
"嘉靖十一年进士","3","1","4"
"嘉靖二十年进士","3","1","4"
"迁南京兵部尚书","4","0","4"
"辽东总兵官李成","2","2","4"
"东总兵官李成梁","2","2","4"
"都御史巡抚贵州","3","1","4"
"礼部尚书罗万化","2","2","4"
"刑部尚书萧大亨","2","2","4"
"南京御史朱吾弼","2","2","4"
"户部尚书李汝华","2","2","4"
"永乐十六年进士","3","1","4"
"大学士李东阳等","2","2","4"
"十三万二千余石","1","3","4"
"文渊阁大学士入","3","1","4"
"恭睿渊仁宽穆纯","2","2","4"
"睿渊仁宽穆纯圣","2","2","4"
"渊仁宽穆纯圣献","2","2","4"
"仁宽穆纯圣献皇","2","2","4"
"宽穆纯圣献皇帝","2","2","4"
"知天守道洪德渊","2","2","4"
"天守道洪德渊仁","2","2","4"
"守道洪德渊仁宽","2","2","4"
"道洪德渊仁宽穆","2","2","4"
"洪德渊仁宽穆纯","2","2","4"
"德渊仁宽穆纯圣","2","2","4"
"渊仁宽穆纯圣恭","2","2","4"
"仁宽穆纯圣恭俭","2","2","4"
"宽穆纯圣恭俭敬","2","2","4"
"穆纯圣恭俭敬文","2","2","4"
"纯圣恭俭敬文献","2","2","4"
"圣恭俭敬文献皇","2","2","4"
"恭俭敬文献皇帝","2","2","4"
"辽东总兵官杨文","2","2","4"
"迁右军都督佥事","4","0","4"
"中军都督府左都","2","2","4"
"累进都指挥同知","4","0","4"
"北平按察司佥事","2","2","4"
"遣指挥武胜上书","3","1","4"
"提学副使李梦阳","2","2","4"
"足失人心致危乱","4","0","4"
"失人心致危乱者","4","0","4"
"侍郎赵文华督察","2","2","4"
"郎赵文华督察军","2","2","4"
"巡按御史王本固","2","2","4"
"巡按御史胡宗宪","2","2","4"
"督储侍郎黄懋官","2","2","4"
"兵部尚书毛伯温","2","2","4"
"总兵官殷尚质等","2","2","4"
"劾吏部尚书廖纪","2","2","4"
"锦衣百户王邦奇","2","2","4"
"都御史巡抚云南","2","2","4"
"征南将军廖永忠","2","2","4"
"擢大都督府佥事","4","0","4"
"中军都督府佥事","2","2","4"
"友谅骁将张定边","3","1","4"
"谅骁将张定边直","3","1","4"
"中书省平章政事","2","2","4"
"荐曹国公李景隆","2","2","4"
"曹国公李景隆代","2","2","4"
"副将军李文忠北","2","2","4"
"将军李文忠北征","2","2","4"
"威武卫指挥佥事","2","2","4"
"大都督府左都督","2","2","4"
"十三年坐胡惟庸","4","0","4"
"贵州巡抚叶梦熊","2","2","4"
"贵州巡抚王三善","2","2","4"
"兵部尚书张经总","2","2","4"
"部尚书张经总督","2","2","4"
"尚书张经总督军","2","2","4"
"书张经总督军务","2","2","4"
"工部侍郎赵文华","2","2","4"
"福建巡抚许孚远","2","2","4"
"兵部尚书金献民","2","2","4"
"总督三边侍郎曾","2","2","4"
"督三边侍郎曾铣","2","2","4"
"礼部尚书任亨泰","2","2","4"
"钦州知州林希元","2","2","4"
"山东巡抚颜继祖","2","2","4"
"永宁宣抚奢崇明","2","2","4"
"巡按御史史永安","2","2","4"
"湖广总督何腾蛟","2","2","4"
"渊阁大学士参预","3","1","4"
"阁大学士参预机","3","1","4"
"吉安知府伍文定","2","2","4"
"奉新知县刘守绪","2","2","4"
"成化二十年进士","2","2","4"
"嘉靖三年十二月","2","2","4"
"南赣巡抚王守仁","2","2","4"
"咸宁伯仇钺提督","2","2","4"
"宁伯仇钺提督军","2","2","4"
"伯仇钺提督军务","2","2","4"
"兵部尚书右副都","4","0","4"
"刑部尚书喻茂坚","2","2","4"
"都督佥事李谦守","2","2","4"
"正统三年十二月","2","2","4"
"刑部尚书何乔新","2","2","4"
"湖广总兵官李震","2","2","4"
"亥初初刻十二分","2","2","4"
"戌初初刻十四分","2","2","4"
"正统八年十一月","2","2","4"
"万历二十五年二","2","2","4"
"历二十五年二月","2","2","4"
"二十五年二月壬","2","2","4"
"十五年二月壬午","2","2","4"
"四十三年四月壬","2","2","4"
"十三年二月己卯","2","2","4"
"十五年四月癸卯","2","2","4"
"三十七年正月庚","2","2","4"
"十四年十一月己","2","2","4"
"四十六年闰四月","2","2","4"
"十一年四月戊戌","2","2","4"
"十二年五月己亥","2","2","4"
"二十一年二月庚","2","2","4"
"成化十三年二月","2","2","4"
"十三年十二月癸","2","2","4"
"崇祯六年五月癸","2","2","4"
"祯六年五月癸巳","2","2","4"
"奉天承运大明天","2","2","4"
"天承运大明天子","2","2","4"
"承运大明天子宝","2","2","4"
"中书舍人二十人","2","2","4"
"部尚书夏原吉请","2","2","4"
"户部尚书方钝等","2","2","4"
"沙漠遗民三万二","2","2","4"
"漠遗民三万二千","2","2","4"
"丁家口上下堤岸","2","2","4"
"总河都御史翁大","2","2","4"
"河都御史翁大立","2","2","4"
"侍卫亲军都护府","2","2","4"
"留守卫指挥使司","2","2","4"
"粮二百七十四万","2","2","4"
"令广东海运二十","2","2","4"
"广东海运二十万","2","2","4"
"东海运二十万石","2","2","4"
"百六十二万五千","2","2","4"
"岁入太仓馀盐银","4","0","4"
"都御史鄢懋卿总","2","2","4"
"驸马都尉欧阳伦","2","2","4"
"部尚书梁廷栋请","2","2","4"
"十六年四月辛亥","2","2","4"
"嘉靖元年正月丁","2","2","4"
"靖元年正月丁卯","2","2","4"
"十六年十一月辛","2","2","4"
"十三年五月乙酉","2","2","4"
"三十一年五月戊","2","2","4"
"三十四年七月丙","2","2","4"
"十四年七月丙戌","2","2","4"
"四十六年三月庚","2","2","4"
"弘治元年五月丙","2","2","4"
"四年十二月壬寅","2","2","4"
"二十三年正月庚","2","2","4"
"十五年九月丙戌","2","2","4"
"莲花瓣轮盘装钉","2","2","4"
"描金香草板十二","4","0","4"
"金香草板十二片","4","0","4"
"雕木贴金边耀叶","4","0","4"
"木贴金边耀叶板","4","0","4"
"间绘五彩云衬板","4","0","4"
"施黄绮沥水三层","4","0","4"
"高一丈二尺五寸","2","2","4"
"圆盘高二尺六寸","2","2","4"
"攀顶黄线圆条四","4","0","4"
"镀金云头连三钗","2","2","4"
"十三道监察御史","2","2","4"
"大学士杨士奇等","2","2","4"
"二十七年春正月","3","1","4"
"遗诏传位皇太子","2","2","4"
"置大宁都指挥使","2","2","4"
"大宁都指挥使司","2","2","4"
"万四千四百三十","2","2","4"
"上两宫皇太后徽","2","2","4"
"两宫皇太后徽号","2","2","4"
"礼部尚书沈一贯","2","2","4"
"播州宣慰使杨应","2","2","4"
"州宣慰使杨应龙","2","2","4"
"总兵官尤世威等","2","2","4"
"巡抚都御史张国","2","2","4"
"抚都御史张国维","2","2","4"
"兵部尚书王永光","2","2","4"
"山西总兵官许定","2","2","4"
"西总兵官许定国","2","2","4"
"巡按御史刘熙祚","2","2","4"
"三十一年闰五月","2","2","4"
"参政叶春巡视南","2","2","4"
"政叶春巡视南畿","2","2","4"
"御奉天殿受朝贺","4","0","4"
"琉球中山入贡者","4","0","4"
"副都御史刘广衡","2","2","4"
"吏部尚书何文渊","2","2","4"
"总制三边都御史","2","2","4"
"提督军务都御史","2","2","4"
"抚四川都御史张","2","2","4"
"永乐十九年进士","3","1","4"
"礼部尚书林尧俞","2","2","4"
"斩首三万七千余","2","2","4"
"立永兴翼元帅府","2","2","4"
"江西行省参知政","2","2","4"
"西行省参知政事","2","2","4"
"田一千三百余顷","2","2","4"
"南京锦衣卫世指","2","2","4"
"京锦衣卫世指挥","2","2","4"
"锦衣卫世指挥使","2","2","4"
"通佩征夷将军印","2","2","4"
"江西布政司右参","2","2","4"
"西布政司右参政","2","2","4"
"济宁州同知潘叔","2","2","4"
"宁州同知潘叔正","2","2","4"
"授南京礼部主事","3","1","4"
"仁文德承天顺圣","2","2","4"
"文德承天顺圣高","2","2","4"
"德承天顺圣高皇","2","2","4"
"承天顺圣高皇后","2","2","4"
"孝慈贞化哲顺仁","2","2","4"
"慈贞化哲顺仁徽","2","2","4"
"贞化哲顺仁徽成","2","2","4"
"化哲顺仁徽成天","2","2","4"
"哲顺仁徽成天育","2","2","4"
"顺仁徽成天育圣","2","2","4"
"工部尚书郭朝宾","2","2","4"
"赞画主事刘国缙","2","2","4"
"南京御史方万山","2","2","4"
"命左丞相李善长","2","2","4"
"万历二十三年进","2","2","4"
"历二十三年进士","2","2","4"
"兵部尚书黄嘉善","2","2","4"
"劾吏部尚书田唯","2","2","4"
"吏部尚书田唯嘉","2","2","4"
"鲁献公十五年戊","2","2","4"
"献公十五年戊寅","2","2","4"
"代州知州郭正中","2","2","4"
"刑部侍郎沈应文","2","2","4"
"大学士张居正等","2","2","4"
"教坊司设中韶乐","4","0","4"
"嘉靖十七年六月","2","2","4"
"大学士张孚敬等","2","2","4"
"太常少卿李宗延","2","2","4"
"百二十一度七十","2","2","4"
"二十一度七十五","2","2","4"
"十一度七十五分","2","2","4"
"股五十六度零二","3","1","4"
"二十三度零六分","2","2","4"
"十三度零六分二","2","2","4"
"上廉一万四千八","2","2","4"
"廉一万四千八百","2","2","4"
"二十三度零六二","2","2","4"
"十三度零六二五","2","2","4"
"万四千七百零七","2","2","4"
"四千七百零七度","2","2","4"
"千七百零七度八","2","2","4"
"余二百四十三度","2","2","4"
"二百四十三度四","2","2","4"
"百四十三度四九","2","2","4"
"四十三度四九九","2","2","4"
"置半径六十零度","4","0","4"
"径六十零度八十","4","0","4"
"六十零度八十七","4","0","4"
"十零度八十七分","4","0","4"
"度八十七分五十","2","2","4"
"八十七分五十秒","2","2","4"
"度一五零七六八","2","2","4"
"一五零七六八六","2","2","4"
"五零七六八六四","2","2","4"
"五十六度零二八","2","2","4"
"十六度零二八一","2","2","4"
"度八十六分五十","2","2","4"
"八十六分五十三","2","2","4"
"十六分五十三秒","2","2","4"
"一度零八分六十","2","2","4"
"度零八分六十五","2","2","4"
"零八分六十五秒","2","2","4"
"二度五十一分八","2","2","4"
"度五十一分八十","2","2","4"
"五十一分八十一","2","2","4"
"十一分八十一秒","2","2","4"
"半弧弦二十三度","2","2","4"
"弧弦二十三度七","2","2","4"
"弦二十三度七十","2","2","4"
"七度二十五分六","1","3","4"
"度二十五分六十","1","3","4"
"二十五分六十九","1","3","4"
"二十二年六月壬","2","2","4"
"十八年六月丙子","2","2","4"
"三十七年六月辛","2","2","4"
"十七年六月辛酉","2","2","4"
"总河侍郎李化龙","2","2","4"
"总河侍郎曹时聘","2","2","4"
"总河尚书杨一魁","2","2","4"
"山东副总兵黄荫","2","2","4"
"东副总兵黄荫恩","2","2","4"
"钞一千一百二十","1","3","4"
"一千一百二十五","1","3","4"
"部尚书李承勋请","2","2","4"
"神枢营红盔将军","2","2","4"
"这是值得担忧的","0","4","4"
"是值得担忧的第","0","4","4"
"派人向朝廷进贡","0","4","4"
"军民宣慰使司的","0","4","4"
"关进了皇家监狱","0","4","4"
"交给大臣们讨论","0","4","4"
"征收他们的赋税","0","4","4"
"年以右佥都御史","0","4","4"
"任宣府游击将军","0","4","4"
"嘉靖三十五年的","0","4","4"
"靖三十五年的进","0","4","4"
"三十五年的进士","0","4","4"
"任右佥都御史巡","0","4","4"
"以右佥都御史身","0","4","4"
"右佥都御史身份","0","4","4"
"佥都御史身份巡","0","4","4"
"都御史身份巡抚","0","4","4"
"起用为南京户部","0","4","4"
"用为南京户部尚","0","4","4"
"圣武神功纯仁至","0","4","4"
"武神功纯仁至孝","0","4","4"
"黄河决堤于开封","0","4","4"
"发生大旱和蝗灾","0","4","4"
"称孝宗为皇伯考","0","4","4"
"皇帝更加不高兴","0","4","4"
"西发生严重饥荒","0","4","4"
"哥哥的儿子李过","0","4","4"
"任司礼监秉笔太","0","4","4"
"司礼监掌印太监","0","4","4"
"在东林书院讲学","0","4","4"
"将此事上报朝廷","0","4","4"
"没有汉化的番族","0","4","4"
"有汉化的番族人","0","4","4"
"每三年向朝廷进","0","4","4"
"求朝廷允许他们","0","4","4"
"地区没有汉化的","0","4","4"
"听从朝廷的命令","0","4","4"
"执掌锦衣卫事务","0","4","4"
"一个儿子为锦衣","0","4","4"
"巡按御史周如斗","0","4","4"
"帝下诏给他们赏","0","4","4"
"下诏给他们赏赐","0","4","4"
"征调保靖的土兵","0","4","4"
"加封为太子太傅","0","4","4"
"事情报到朝廷后","0","4","4"
"万历五年中进士","0","4","4"
"以总兵官的身份","0","4","4"
"为南京兵部主事","0","4","4"
"副都御史的身份","0","4","4"
"他为左副都御史","0","4","4"
"改任户部右侍郎","0","4","4"
"遣行人护送他回","0","4","4"
"剥夺了他的俸禄","0","4","4"
"作为自己的功劳","0","4","4"
"提拔为礼部右侍","0","4","4"
"拔为礼部右侍郎","0","4","4"
"他为礼部尚书兼","0","4","4"
"世代荫封锦衣指","0","4","4"
"代荫封锦衣指挥","0","4","4"
"农民起义军进攻","0","4","4"
"朝廷追赠他为太","0","4","4"
"追赠他为太子太","0","4","4"
"又把他们打得大","0","4","4"
"君臣之间的大义","0","4","4"
"升为南京户部尚","0","4","4"
"庄烈帝都采纳了","0","4","4"
"随大将军徐达北","0","4","4"
"被提升为右佥都","0","4","4"
"任礼部尚书兼东","0","4","4"
"考中万历四十四","0","4","4"
"中万历四十四年","0","4","4"
"给事中欧阳一敬","0","4","4"
"任吏部左侍郎兼","0","4","4"
"帝在平台召见他","0","4","4"
"答应他们的请求","0","4","4"
"晋升为礼部尚书","0","4","4"
"多次上奏请求退","0","4","4"
"阁大学士参与机","0","4","4"
"大学士参与机要","0","4","4"
"学士参与机要事","0","4","4"
"士参与机要事务","0","4","4"
"任南京太仆少卿","0","4","4"
"左都御史吴时来","0","4","4"
"升为陕西提学副","0","4","4"
"为陕西提学副使","0","4","4"
"被赠封为太子少","0","4","4"
"担任右副都御史","0","4","4"
"削夺了他的官籍","0","4","4"
"升他为右都御史","0","4","4"
"起用为南京工部","0","4","4"
"为南京刑部尚书","0","4","4"
"大学士赵志皋的","0","4","4"
"晋升为右都御史","0","4","4"
"他的一个儿子为","0","4","4"
"他出任南京礼部","0","4","4"
"出任南京礼部尚","0","4","4"
"令加封他为太子","0","4","4"
"任南京吏部右侍","0","4","4"
"他为礼部右侍郎","0","4","4"
"晋升礼部右侍郎","0","4","4"
"命为礼部尚书兼","0","4","4"
"任命为兵部右侍","0","4","4"
"命为兵部右侍郎","0","4","4"
"晋升为右副都御","0","4","4"
"将女儿许配给他","0","4","4"
"授职为刑部主事","0","4","4"
"次上疏请求退休","0","4","4"
"接连上奏请求退","0","4","4"
"连上奏请求退休","0","4","4"
"大学士的身份入","0","4","4"
"考中进士第一名","0","4","4"
"为本生皇考恭穆","0","4","4"
"掌管南京翰林院","0","4","4"
"为讨论大礼一事","0","4","4"
"南京太常寺少卿","0","4","4"
"商人输运粮食到","0","4","4"
"他升为右都御史","0","4","4"
"被授予监察御史","0","4","4"
"兼华盖殿大学士","0","4","4"
"封为右副都御史","0","4","4"
"朝廷内外都知道","0","4","4"
"足以失去人心而","0","4","4"
"以失去人心而导","0","4","4"
"失去人心而导致","0","4","4"
"去人心而导致危","0","4","4"
"人心而导致危乱","0","4","4"
"心而导致危乱发","0","4","4"
"而导致危乱发生","0","4","4"
"下诏狱进行拷打","0","4","4"
"升为署都督佥事","0","4","4"
"右佥都御史代替","0","4","4"
"乾清宫发生火灾","0","4","4"
"不是因为仇恨了","0","4","4"
"年食禄一千五百","0","4","4"
"将军的身份跟随","0","4","4"
"打败张士诚的部","0","4","4"
"败张士诚的部队","0","4","4"
"蓝玉党案株连而","0","4","4"
"玉党案株连而死","0","4","4"
"晋升为统军元帅","0","4","4"
"为大都督府副使","0","4","4"
"为江西行省参政","0","4","4"
"任命为兵部尚书","0","4","4"
"明成祖即皇帝位","0","4","4"
"礼部官员上奏说","0","4","4"
"年间勘合的金牌","0","4","4"
"将此情况上报朝","0","4","4"
"此情况上报朝廷","0","4","4"
"派使臣向明朝廷","0","4","4"
"使者向明朝廷献","0","4","4"
"者向明朝廷献贡","0","4","4"
"派使者前来献贡","0","4","4"
"使者向朝廷进贡","0","4","4"
"进入国子监学习","0","4","4"
"廷讣告其父的丧","0","4","4"
"讣告其父的丧讯","0","4","4"
"此事传到朝廷后","0","4","4"
"派使者向朝廷谢","0","4","4"
"使者向朝廷谢罪","0","4","4"
"琉球的献贡使者","0","4","4"
"贡的使者到达京","0","4","4"
"的使者到达京城","0","4","4"
"将此事上报给朝","0","4","4"
"此事上报给朝廷","0","4","4"
"派遣使者向朝廷","0","4","4"
"献贡马表示谢恩","0","4","4"
"京城向朝廷献贡","0","4","4"
"的守卫大臣上奏","0","4","4"
"允许他们向朝廷","0","4","4"
"朝廷献贡的使者","0","4","4"
"过了一年的春天","0","4","4"
"来京城朝觐皇帝","0","4","4"
"向朝廷进献土产","0","4","4"
"条可讨伐的罪状","0","4","4"
"承袭宣慰使的职","0","4","4"
"袭宣慰使的职务","0","4","4"
"安南国王陈日火","0","4","4"
"兵部尚书兼右都","0","4","4"
"喜欢王守仁的学","0","4","4"
"欢王守仁的学说","0","4","4"
"盖玉玺的诏书奖","0","4","4"
"办理都察院的事","0","4","4"
"理都察院的事务","0","4","4"
"兵部尚书兼右副","0","4","4"
"进升为代理都指","0","4","4"
"提升为代理都指","0","4","4"
"为礼部右侍郎兼","0","4","4"
"提升为左副都御","0","4","4"
"如同先前的礼仪","0","4","4"
"接引宾客的人出","0","4","4"
"引宾客的人出来","0","4","4"
"接引宾客的人进","0","4","4"
"引宾客的人进入","0","4","4"
"宾客的人进入报","0","4","4"
"客的人进入报告","0","4","4"
"行五拜三叩头礼","0","4","4"
"行一拜三叩头礼","0","4","4"
"如同平常的仪节","0","4","4"
"形盛算筹的器具","0","4","4"
"举行列班进名奉","0","4","4"
"行列班进名奉慰","0","4","4"
"列班进名奉慰礼","0","4","4"
"在奉天门处理政","0","4","4"
"驾临西角门处理","0","4","4"
"临西角门处理政","0","4","4"
"次还祭于殡宫的","0","4","4"
"还祭于殡宫的虞","0","4","4"
"祭于殡宫的虞祭","0","4","4"
"于殡宫的虞祭礼","0","4","4"
"前代历史多把恒","0","4","4"
"昭和殿发生火灾","0","4","4"
"平地水深一丈多","0","4","4"
"那一天作为开始","0","4","4"
"银一万六千余两","0","4","4"
"每年纳入太仓余","0","4","4"
"年纳入太仓余盐","0","4","4"
"纳入太仓余盐银","0","4","4"
"每石每年征平米","0","4","4"
"咫尺之内分不清","0","4","4"
"尺之内分不清人","0","4","4"
"平民之妇生下一","0","4","4"
"浙江发生大水灾","0","4","4"
"旗用穿青色服饰","0","4","4"
"顶加上圆盘高二","0","4","4"
"加上圆盘高二尺","0","4","4"
"花纹的叶片装钉","0","4","4"
"有五彩云图案的","0","4","4"
"入品级的其它官","0","4","4"
"翡翠云片二十四","0","4","4"
"翠云片二十四片","0","4","4"
"质野鸡装饰两只","0","4","4"
"质材料装饰的带","0","4","4"
"高帮白色厚底的","0","4","4"
"如同礼冠服饰内","0","4","4"
"夏四月二十三日","0","4","4"
"常遇春为副将军","0","4","4"
"黄河在开封决口","0","4","4"
"人以进士及第和","0","4","4"
"以进士及第和其","0","4","4"
"第和其他不同的","0","4","4"
"和其他不同的出","0","4","4"
"十二月二十三日","0","4","4"
"十一月二十一日","0","4","4"
"礼部尚书兼任东","0","4","4"
"部尚书兼任东阁","0","4","4"
"尚书兼任东阁大","0","4","4"
"书兼任东阁大学","0","4","4"
"土鲁番前来朝贡","0","4","4"
"十一月二十六日","0","4","4"
"担任礼部尚书兼","0","4","4"
"朱翊钧到天寿山","0","4","4"
"等进士及第及不","0","4","4"
"进士及第及不同","0","4","4"
"十一月二十八日","0","4","4"
"年以前欠交赋税","0","4","4"
"入文渊阁参与机","0","4","4"
"免浙江遭灾税粮","0","4","4"
"免河南受灾秋粮","0","4","4"
"明年上元节灯火","0","4","4"
"被授为开国辅运","0","4","4"
"食禄为一千五百","0","4","4"
"禄为一千五百石","0","4","4"
"大将军徐达一起","0","4","4"
"提拔他为右佥都","0","4","4"
"拔他为右佥都御","0","4","4"
"都察院和大理寺","0","4","4"
"帝认为他说得对","0","4","4"
"进献酒如同前面","0","4","4"
"长子以外的儿子","0","4","4"
"有出嫁的女儿服","0","4","4"
"兄弟的没有出嫁","0","4","4"
"弟的没有出嫁的","0","4","4"
"作别人的后嗣的","0","4","4"
"别人的后嗣的人","0","4","4"
"兄弟以及没有出","0","4","4"
"弟以及没有出嫁","0","4","4"
"兄弟的儿子的媳","0","4","4"
"弟的儿子的媳妇","0","4","4"
"为丈夫的兄弟的","0","4","4"
"为丈夫的同祖兄","0","4","4"
"丈夫的同祖兄弟","0","4","4"
"按礼仪赞唱行拜","0","4","4"
"礼仪赞唱行拜礼","0","4","4"
"春秋雨季的第二","0","4","4"
"秋雨季的第二个","0","4","4"
"雨季的第二个月","0","4","4"
"临时休息的大帐","0","4","4"
"时休息的大帐篷","0","4","4"
"在明堂宗祀文王","0","4","4"
"六十度八十七分","0","4","4"
"后黄道四十四度","0","4","4"
"黄道四十四度时","0","4","4"
"京城两次发生地","0","4","4"
"城两次发生地震","0","4","4"
"个州县遭受饥荒","0","4","4"
"依从他们的请求","0","4","4"
"汇合卫河流入大","0","4","4"
"合卫河流入大海","0","4","4"
"年征收一匹马驹","0","4","4"
"班调到京城的军","0","4","4"
"调到京城的军队","0","4","4"
"仙法主玄元道德","2","1","3"
"法主玄元道德哲","2","1","3"
"主玄元道德哲慧","2","1","3"
"置施州卫军民指","2","1","3"
"充宣府游击将军","3","0","3"
"太仆少卿曹钦程","2","1","3"
"年右佥都御史巡","3","0","3"
"改称兴献王皇叔","2","1","3"
"护卫百户倪谅上","1","2","3"
"左侍郎右佥都御","3","0","3"
"右副都御史一人","2","1","3"
"命中府掌府事官","2","1","3"
"置亲王护卫指挥","2","1","3"
"一匹抵钞二百贯","1","2","3"
"八百五十万七千","2","1","3"
"佥都御史高明考","2","1","3"
"等处地方提督军","2","1","3"
"处地方提督军务","2","1","3"
"地方提督军务一","2","1","3"
"方提督军务一员","2","1","3"
"肇纪立极大圣神","3","0","3"
"纪立极大圣神仁","3","0","3"
"立极大圣神仁文","3","0","3"
"极大圣神仁文义","3","0","3"
"大圣神仁文义武","3","0","3"
"圣神仁文义武俊","3","0","3"
"十三年春正月癸","2","1","3"
"三年春正月癸卯","2","1","3"
"成祖启天弘道高","2","1","3"
"祖启天弘道高明","2","1","3"
"都御史何鉴经理","2","1","3"
"兵器辎重数十万","2","1","3"
"乾清宫管事牌子","2","1","3"
"学士申时行等言","3","0","3"
"福山知县韦国贤","2","1","3"
"崇祯十七年三月","1","2","3"
"命颍国公傅友德","2","1","3"
"颍国公傅友德征","2","1","3"
"云南巡抚闵洪学","1","2","3"
"松潘等处安抚司","2","1","3"
"平龙溪等三十七","2","1","3"
"龙溪等三十七寨","2","1","3"
"获马牛器械储积","2","1","3"
"土番等处宣慰司","2","1","3"
"副都御史巡抚辽","2","1","3"
"都御史巡抚辽东","2","1","3"
"杨斌四川按察使","2","1","3"
"称威武大将军朱","2","1","3"
"提督赞画机密军","2","1","3"
"督赞画机密军务","2","1","3"
"加少保太子太傅","3","0","3"
"特进光禄大夫柱","2","1","3"
"进光禄大夫柱国","2","1","3"
"土兵一千五百人","2","1","3"
"永顺等处军民宣","1","2","3"
"顺等处军民宣慰","1","2","3"
"等处军民宣慰使","1","2","3"
"处军民宣慰使司","1","2","3"
"擢应龙通政司参","3","0","3"
"应龙通政司参议","3","0","3"
"礼部侍郎罗喻义","2","1","3"
"授南京户部主事","2","1","3"
"左都御史刘宗周","1","2","3"
"世荫锦衣指挥佥","3","0","3"
"荫锦衣指挥佥事","3","0","3"
"累加少师太子太","3","0","3"
"锦衣卫都指挥佥","1","2","3"
"衣卫都指挥佥事","1","2","3"
"推南京吏部尚书","3","0","3"
"都御史总督漕运","3","0","3"
"大学士叶向高言","3","0","3"
"督两广军务巡抚","3","0","3"
"佥都御史巡抚湖","3","0","3"
"劾魏忠贤二十四","2","1","3"
"魏忠贤二十四大","2","1","3"
"大学士申时行请","2","1","3"
"历河南右布政使","3","0","3"
"陕西总督汪乔年","1","2","3"
"降贼将二十五人","2","1","3"
"举万历四十七年","3","0","3"
"举万历三十八年","3","0","3"
"佥都御史金光辰","1","2","3"
"擢南京兵部右侍","3","0","3"
"遣吏部侍郎黄宗","2","1","3"
"侍郎黄宗载等十","1","2","3"
"郎黄宗载等十五","1","2","3"
"黄宗载等十五人","1","2","3"
"迁山东右布政使","3","0","3"
"巡按御史张孙振","2","1","3"
"巡按御史左光先","2","1","3"
"闰十一月十七日","1","2","3"
"兵部右侍郎右副","3","0","3"
"部右侍郎右副都","3","0","3"
"右侍郎右副都御","3","0","3"
"侍郎右副都御史","3","0","3"
"迁南京工部右侍","3","0","3"
"寻迁礼部右侍郎","3","0","3"
"礼部右侍郎翰林","3","0","3"
"吏部左侍郎东阁","3","0","3"
"部尚书武英殿大","3","0","3"
"尚书武英殿大学","3","0","3"
"书武英殿大学士","3","0","3"
"尊皇后曰仁圣皇","3","0","3"
"皇后曰仁圣皇太","3","0","3"
"后曰仁圣皇太后","3","0","3"
"贵妃曰慈圣皇太","3","0","3"
"妃曰慈圣皇太后","3","0","3"
"故官协理詹事府","3","0","3"
"巡按御史吴崇礼","2","1","3"
"大学士高拱掌吏","3","0","3"
"学士高拱掌吏部","3","0","3"
"进右都御史兵部","3","0","3"
"屯盐都御史庞尚","2","1","3"
"盐都御史庞尚鹏","2","1","3"
"劾吏部尚书汪鋐","2","1","3"
"迁南京礼部尚书","3","0","3"
"迁南京吏部右侍","3","0","3"
"加太子太保致仕","3","0","3"
"越总制三边军务","2","1","3"
"左副都御史巡抚","2","1","3"
"二年擢礼部右侍","3","0","3"
"年擢礼部右侍郎","3","0","3"
"历南京刑部郎中","3","0","3"
"副都御史巡抚地","3","0","3"
"南京工部员外郎","2","1","3"
"改称孝宗皇伯考","3","0","3"
"吏部左侍郎学士","3","0","3"
"成化二十三年进","2","1","3"
"化二十三年进士","2","1","3"
"二十三年进士第","2","1","3"
"礼部尚书掌詹事","2","1","3"
"部尚书掌詹事府","2","1","3"
"东安门入居文华","2","1","3"
"安门入居文华殿","2","1","3"
"益王次子崇仁王","2","1","3"
"荫锦衣卫指挥使","1","2","3"
"十四年会试第一","1","2","3"
"吏部尚书文渊阁","3","0","3"
"渊阁大学士入参","3","0","3"
"廷臣二十六人巡","2","1","3"
"授奉天靖难推诚","3","0","3"
"能佩征夷将军印","2","1","3"
"郎中周讷请封禅","2","1","3"
"川侯傅友德征云","3","0","3"
"侯傅友德征云南","3","0","3"
"侍郎华盖殿大学","3","0","3"
"郎华盖殿大学士","3","0","3"
"丞何渊请建世室","2","1","3"
"登嘉靖五年进士","2","1","3"
"荫子锦衣世千户","3","0","3"
"招降三千七百人","1","2","3"
"水西宣慰安万铨","1","2","3"
"大同总兵官仇鸾","2","1","3"
"吏部尚书廖纪引","2","1","3"
"佥都御史巡抚云","2","1","3"
"行枢密院判官守","2","1","3"
"置江南行中书省","2","1","3"
"龙州土官赵宗寿","1","2","3"
"江门大滩八十二","2","1","3"
"侍郎宋应昌经略","2","1","3"
"嘉兴人沈惟敬应","2","1","3"
"兴人沈惟敬应募","2","1","3"
"永乐元年十一月","2","1","3"
"都御史彭泽经略","2","1","3"
"征西将军冯胜率","1","2","3"
"守备韩尚忠战死","2","1","3"
"思任发子思机发","3","0","3"
"云远路军民总管","1","2","3"
"远路军民总管府","1","2","3"
"安南国安南都统","3","0","3"
"南国安南都统使","3","0","3"
"国安南都统使司","3","0","3"
"津巡抚万世德代","2","1","3"
"播州宣慰杨应龙","1","2","3"
"十三年进士第一","2","1","3"
"大学士参预机务","3","0","3"
"弘治十二年进士","2","1","3"
"少詹事侍讲学士","3","0","3"
"英殿大学士入参","3","0","3"
"殿大学士入参机","3","0","3"
"总制陕西三边军","2","1","3"
"官武英殿大学士","2","1","3"
"尚书张本镇抚乐","1","2","3"
"书张本镇抚乐安","1","2","3"
"授锦衣卫指挥使","2","1","3"
"入内阁参预机务","2","1","3"
"佩征虏前将军印","2","1","3"
"金吾右卫指挥使","2","1","3"
"亥初一刻十二分","2","1","3"
"成化二十一年正","1","2","3"
"化二十一年正月","1","2","3"
"正德元年三月戊","2","1","3"
"德元年三月戊申","2","1","3"
"十六年二月戊辰","2","1","3"
"成化十六年正月","1","2","3"
"诰敕房中书舍人","2","1","3"
"兵部尚书王象乾","2","1","3"
"山后民三万五千","2","1","3"
"官庄田三百三十","1","2","3"
"庄田三百三十二","1","2","3"
"巡抚河南都御史","2","1","3"
"分沁水入贾鲁河","2","1","3"
"都御史总理河道","2","1","3"
"设北京留守行后","2","1","3"
"北京留守行后军","2","1","3"
"京留守行后军都","2","1","3"
"米二千四百七十","2","1","3"
"京运年例银二十","3","0","3"
"石岁徵平米一石","3","0","3"
"雷震奉先殿鸱吻","3","0","3"
"十二年十一月癸","1","2","3"
"万历十五年七月","2","1","3"
"万历二十三年春","1","2","3"
"嘉靖四十二年四","1","2","3"
"靖四十二年四月","1","2","3"
"成化十三年正月","1","2","3"
"北方黑气东西亘","3","0","3"
"方黑气东西亘天","3","0","3"
"轴中缠黄绒驾辕","3","0","3"
"中缠黄绒驾辕诸","3","0","3"
"缠黄绒驾辕诸索","3","0","3"
"沉香色描金香草","3","0","3"
"香色描金香草板","3","0","3"
"色描金香草板十","3","0","3"
"俱抹金铜鈒花叶","3","0","3"
"垂攀顶黄线圆条","3","0","3"
"间绣五彩云龙文","3","0","3"
"左右转角阑干二","3","0","3"
"右转角阑干二扇","3","0","3"
"旗腰绣日月北斗","2","1","3"
"沉香色描金云龙","3","0","3"
"上雕木贴金边耀","3","0","3"
"举贤良方正一人","2","1","3"
"上施蹙金绣云霞","3","0","3"
"施蹙金绣云霞翟","3","0","3"
"蹙金绣云霞翟文","3","0","3"
"横竖襕绣缠枝花","3","0","3"
"竖襕绣缠枝花文","3","0","3"
"翠牡丹叶一十八","3","0","3"
"牡丹叶一十八片","3","0","3"
"绢彩画胸背方花","2","1","3"
"彩画胸背方花小","2","1","3"
"画胸背方花小袖","2","1","3"
"胸背方花小袖单","2","1","3"
"背方花小袖单袍","2","1","3"
"都御史巡抚浙江","2","1","3"
"希学袭封衍圣公","2","1","3"
"乌纱折角向上巾","2","1","3"
"部尚书马文升言","3","0","3"
"武二十六年定制","3","0","3"
"三年春正月丙寅","3","0","3"
"将张定边直犯太","3","0","3"
"张定边直犯太祖","3","0","3"
"定边直犯太祖舟","3","0","3"
"年春正月丙寅朔","3","0","3"
"十六年春正月癸","3","0","3"
"元梁王匝剌瓦密","3","0","3"
"八年春正月辛未","3","0","3"
"宣慰使思伦发反","1","2","3"
"十一年春正月辛","3","0","3"
"十二年春正月丙","3","0","3"
"二十九年春正月","2","1","3"
"十一年春正月壬","3","0","3"
"十一年春正月甲","3","0","3"
"丞相胡惟庸谋反","2","1","3"
"皇太后天寿山谒","3","0","3"
"太后天寿山谒陵","3","0","3"
"总督军务兵部尚","2","1","3"
"督军务兵部尚书","2","1","3"
"大学士赵志皋等","1","2","3"
"二十四年春二月","2","1","3"
"万世德经略朝鲜","2","1","3"
"二十八年春二月","2","1","3"
"三十三年春正月","2","1","3"
"三十五年春正月","2","1","3"
"四十二年春正月","2","1","3"
"四十三年春正月","2","1","3"
"男子张差持梃入","3","0","3"
"河套诸部犯延绥","3","0","3"
"四十四年春三月","2","1","3"
"四十五年春二月","2","1","3"
"大清兵入墙子岭","3","0","3"
"杨嗣昌誓师襄阳","2","1","3"
"遣御史分巡天下","2","1","3"
"北平行都司大宁","3","0","3"
"皇太后太皇太后","3","0","3"
"户部尚书金濂违","2","1","3"
"都御史王文巡视","1","2","3"
"等一百三十四人","1","2","3"
"十九年春正月丙","3","0","3"
"礼部侍郎翰林学","3","0","3"
"大学士李东阳祭","2","1","3"
"学士李东阳祭告","2","1","3"
"总督陕西三边侍","2","1","3"
"督陕西三边侍郎","2","1","3"
"称总督军务威武","2","1","3"
"太监怀恩同法司","2","1","3"
"首三万七千余级","2","1","3"
"改永兴翼元帅府","2","1","3"
"永兴卫亲军指挥","1","2","3"
"兴卫亲军指挥使","1","2","3"
"二十三年坐胡惟","3","0","3"
"三年坐胡惟庸党","3","0","3"
"徽州南一百八渡","2","1","3"
"论功授开国辅运","3","0","3"
"功授开国辅运推","3","0","3"
"二十四年正月十","1","2","3"
"王通佩征夷将军","1","2","3"
"锦衣卫指挥纪纲","1","2","3"
"迁南京吏部尚书","3","0","3"
"海丰大沽河入海","2","1","3"
"堤内凿渠四十里","2","1","3"
"锦衣卫指挥逯杲","1","2","3"
"巡抚都御史孙燧","2","1","3"
"授锦衣卫指挥同","2","1","3"
"副将孙枝秀跃马","2","1","3"
"将孙枝秀跃马追","2","1","3"
"授南京工部主事","2","1","3"
"万历十一年会试","1","2","3"
"南京太仆卿沈思","2","1","3"
"京太仆卿沈思孝","2","1","3"
"文选员外郎吕胤","1","2","3"
"选员外郎吕胤昌","1","2","3"
"擢陕西提学副使","3","0","3"
"部侍郎杨时乔请","2","1","3"
"景明上书吏部尚","1","2","3"
"明上书吏部尚书","1","2","3"
"弘治十一年乡试","1","2","3"
"户部尚书宋纟熏","1","2","3"
"万历二十八年乡","1","2","3"
"历二十八年乡试","1","2","3"
"冬十月辛丑朔日","2","1","3"
"兵部尚书高第代","2","1","3"
"袭锦衣卫指挥佥","1","2","3"
"万历三十二年进","2","1","3"
"历三十二年进士","2","1","3"
"擢兵部右侍郎右","3","0","3"
"万历二十九年进","1","2","3"
"历二十九年进士","1","2","3"
"刑部主事张若麒","2","1","3"
"东厂理刑吴道正","2","1","3"
"万历十四年会试","1","2","3"
"大清兵深入内地","2","1","3"
"公十五年戊寅岁","2","1","3"
"元辛巳二百三十","2","1","3"
"三百六十五度四","2","1","3"
"百六十五度四分","2","1","3"
"大西洋人利玛窦","1","2","3"
"西洋人利玛窦进","1","2","3"
"崇祯十五年四月","1","2","3"
"明洪武三年定制","3","0","3"
"祀昊天上帝圜丘","3","0","3"
"坊司设中韶乐殿","3","0","3"
"兵部尚书参赞机","2","1","3"
"奉天门金水桥南","2","1","3"
"谕礼部尚书夏言","2","1","3"
"太常卿洪文衡请","2","1","3"
"女官设御座香案","1","2","3"
"诣皇后殿下称贺","3","0","3"
"南京太常寺官祭","3","0","3"
"宗祀文王明堂配","3","0","3"
"祀文王明堂配上","3","0","3"
"文王明堂配上帝","3","0","3"
"奉天殿丹陛上行","2","1","3"
"赤道大股五十六","2","1","3"
"道大股五十六度","2","1","3"
"三度零六分二十","1","2","3"
"度零六分二十五","1","2","3"
"零六分二十五秒","1","2","3"
"赤道大弦六十零","3","0","3"
"道大弦六十零度","3","0","3"
"大弦六十零度八","3","0","3"
"弦六十零度八七","3","0","3"
"黄道半弧弦一度","2","1","3"
"赤道小股五十六","2","1","3"
"道小股五十六度","2","1","3"
"小股五十六度零","2","1","3"
"特设户部侍郎一","2","1","3"
"设户部侍郎一人","2","1","3"
"五军营叉刀围子","2","1","3"
"军营叉刀围子手","2","1","3"
"十二万八千余顷","1","2","3"
"定天下都司卫所","2","1","3"
"增筑雄县横堤八","2","1","3"
"筑雄县横堤八里","2","1","3"
"南京光禄寺少卿","1","2","3"
"皇帝命令有关官","0","3","3"
"皇帝认为他们是","0","3","3"
"皇帝命令有关部","0","3","3"
"帝命令有关部门","0","3","3"
"听取意见的方式","0","3","3"
"帝采纳了他的意","0","3","3"
"认为不能这样做","0","3","3"
"诏令他乘驿车回","0","3","3"
"令他乘驿车回乡","0","3","3"
"因母亲去世而回","0","3","3"
"皇上不高兴地说","0","3","3"
"朝廷内外的大臣","0","3","3"
"太祖采纳了他的","0","3","3"
"掳掠去的中国人","0","3","3"
"按前例给予赏赐","0","3","3"
"没有听从他的意","0","3","3"
"有听从他的意见","0","3","3"
"不是过继给人当","0","3","3"
"讨论大礼的大臣","0","3","3"
"议定大礼的功劳","0","3","3"
"报告给朝廷知道","0","3","3"
"世宗更加高兴了","0","3","3"
"世宗认为他说得","0","3","3"
"宗认为他说得对","0","3","3"
"三十八年中进士","0","3","3"
"以右佥都御史巡","0","3","3"
"授职吏科给事中","0","3","3"
"充任宣府游击将","0","3","3"
"改任右佥都御史","0","3","3"
"嘉靖三十二年的","0","3","3"
"靖三十二年的进","0","3","3"
"三十二年的进士","0","3","3"
"嘉靖三十八年的","0","3","3"
"靖三十八年的进","0","3","3"
"三十八年的进士","0","3","3"
"嘉靖四十四年的","0","3","3"
"靖四十四年的进","0","3","3"
"四十四年的进士","0","3","3"
"嘉靖二十九年的","0","3","3"
"二十九年的进士","0","3","3"
"历任刑部员外郎","0","3","3"
"嘉靖二十六年的","0","3","3"
"靖二十六年的进","0","3","3"
"二十六年的进士","0","3","3"
"少詹事兼侍读学","0","3","3"
"万历十一年的进","0","3","3"
"历十一年的进士","0","3","3"
"称兴献王为皇叔","0","3","3"
"兴献王为皇叔父","0","3","3"
"安平侯李远为左","0","3","3"
"洪武十八年中进","0","3","3"
"武十八年中进士","0","3","3"
"进升为兵部尚书","0","3","3"
"历任右副都御史","0","3","3"
"任南京国子监司","0","3","3"
"左侍郎兼右佥都","0","3","3"
"为特进金紫光禄","0","3","3"
"升至都指挥同知","0","3","3"
"四年六月丙辰日","0","3","3"
"积粮一万五千石","0","3","3"
"江西发生大水灾","0","3","3"
"年十二月辛卯日","0","3","3"
"国将军礼冠服饰","0","3","3"
"肇纪立极大圣至","0","3","3"
"纪立极大圣至神","0","3","3"
"立极大圣至神仁","0","3","3"
"极大圣至神仁文","0","3","3"
"大圣至神仁文义","0","3","3"
"圣至神仁文义武","0","3","3"
"至神仁文义武俊","0","3","3"
"邓愈为征南将军","0","3","3"
"吏部侍郎陈于廷","0","3","3"
"辅佐皇太子监国","0","3","3"
"满剌加入朝进贡","0","3","3"
"撒马儿罕来朝进","0","3","3"
"马儿罕来朝进贡","0","3","3"
"小王子侵犯大同","0","3","3"
"因为弹劾张居正","0","3","3"
"为弹劾张居正被","0","3","3"
"失败的消息传来","0","3","3"
"到最边远的地方","0","3","3"
"工部主事张有德","0","3","3"
"他所经过的地方","0","3","3"
"御史曹学程因为","0","3","3"
"客氏为奉圣夫人","0","3","3"
"为锦衣卫指挥佥","0","3","3"
"不依附于魏忠贤","0","3","3"
"是魏忠贤的党羽","0","3","3"
"庇荫锦衣卫指挥","0","3","3"
"涟弹劾魏忠贤的","0","3","3"
"鸿胪寺丞李可灼","0","3","3"
"西平侯沐英征讨","0","3","3"
"向朝廷进贡马匹","0","3","3"
"沾益州的土官安","0","3","3"
"月鲁帖木儿叛乱","0","3","3"
"区没有汉化的番","0","3","3"
"手下的部落酋长","0","3","3"
"允许他继承其父","0","3","3"
"许他继承其父的","0","3","3"
"皇帝下诏赏赐给","0","3","3"
"成国公朱勇等人","0","3","3"
"投入锦衣卫监狱","0","3","3"
"刘瑾的所作所为","0","3","3"
"学士杨一清等人","0","3","3"
"增加禄米一百石","0","3","3"
"儿子为锦衣卫千","0","3","3"
"子为锦衣卫千户","0","3","3"
"加封为少保兼太","0","3","3"
"封为少保兼太子","0","3","3"
"为特进光禄大夫","0","3","3"
"部给皇帝上奏说","0","3","3"
"朝廷进献马匹和","0","3","3"
"廷进献马匹和土","0","3","3"
"彭世麒向朝廷进","0","3","3"
"世麒向朝廷进献","0","3","3"
"兵部讨论后认为","0","3","3"
"绣有飞鱼的衣服","0","3","3"
"斩获敌人首级一","0","3","3"
"指挥佥事的官职","0","3","3"
"中弘治十八年进","0","3","3"
"礼部尚书兼翰林","0","3","3"
"部尚书兼翰林学","0","3","3"
"尚书兼翰林学士","0","3","3"
"批准了他的请求","0","3","3"
"加封为少师兼太","0","3","3"
"封为少师兼太子","0","3","3"
"儿子为中书舍人","0","3","3"
"为兵部添注右侍","0","3","3"
"不久转为左侍郎","0","3","3"
"不久升任礼部右","0","3","3"
"久升任礼部右侍","0","3","3"
"都是谢迁的同乡","0","3","3"
"四十一年中进士","0","3","3"
"他升为兵部尚书","0","3","3"
"提建议而得罪的","0","3","3"
"为南京工部主事","0","3","3"
"魏忠贤非常高兴","0","3","3"
"言官纷纷弹劾他","0","3","3"
"以兵部右侍郎兼","0","3","3"
"被停发俸禄一年","0","3","3"
"任南京礼部郎中","0","3","3"
"为南京通政参议","0","3","3"
"总兵官的身份镇","0","3","3"
"兵官的身份镇守","0","3","3"
"提升代理都督同","0","3","3"
"升代理都督同知","0","3","3"
"晋升为兵部右侍","0","3","3"
"任南京户部尚书","0","3","3"
"接受皇帝的遗诏","0","3","3"
"魏忠贤假传圣旨","0","3","3"
"起用为南京吏部","0","3","3"
"用为南京吏部尚","0","3","3"
"朝廷内外议论纷","0","3","3"
"李可灼进献药丸","0","3","3"
"万历三十三年春","0","3","3"
"帝高兴地采纳了","0","3","3"
"年以右副都御史","0","3","3"
"右副都御史的身","0","3","3"
"次上疏乞求辞职","0","3","3"
"已经很长时间了","0","3","3"
"学士申时行等人","0","3","3"
"封少保兼太子太","0","3","3"
"行人护送他回家","0","3","3"
"上疏弹劾魏忠贤","0","3","3"
"鸿胪寺官李可灼","0","3","3"
"不采纳他的建议","0","3","3"
"亲自率领精锐部","0","3","3"
"自率领精锐部队","0","3","3"
"用苛捐杂税剥削","0","3","3"
"直捣敌人的老巢","0","3","3"
"督佥事的身份充","0","3","3"
"佥事的身份充任","0","3","3"
"充任宁夏总兵官","0","3","3"
"崇祯十五年二月","0","3","3"
"斩获七百多首级","0","3","3"
"京师受到很大震","0","3","3"
"师受到很大震动","0","3","3"
"让有关部门为他","0","3","3"
"了很长一段时间","0","3","3"
"大清兵已经打下","0","3","3"
"把贼寇打得大败","0","3","3"
"左良玉在玛瑙山","0","3","3"
"山把贼兵打得大","0","3","3"
"为兵部尚书兼东","0","3","3"
"赐了他尚方宝剑","0","3","3"
"有见机行事的权","0","3","3"
"考中万历四十七","0","3","3"
"中万历四十七年","0","3","3"
"担任兵部右侍郎","0","3","3"
"命令有关部门为","0","3","3"
"提升为吏部右侍","0","3","3"
"升任刑部右侍郎","0","3","3"
"都采纳了他的意","0","3","3"
"不久提升为右佥","0","3","3"
"久提升为右佥都","0","3","3"
"太子的秘密指示","0","3","3"
"为右都御史兼兵","0","3","3"
"他为东阁大学士","0","3","3"
"为文渊阁大学士","0","3","3"
"便宜行事的权力","0","3","3"
"永明王回到桂林","0","3","3"
"大学士张居正的","0","3","3"
"为兵部职方主事","0","3","3"
"可是已经有人议","0","3","3"
"是已经有人议论","0","3","3"
"部右侍郎兼右副","0","3","3"
"右侍郎兼右副都","0","3","3"
"侍郎兼右副都御","0","3","3"
"郎兼右副都御史","0","3","3"
"他以右佥都御史","0","3","3"
"天启二年提拔为","0","3","3"
"荫封子孙世袭锦","0","3","3"
"封子孙世袭锦衣","0","3","3"
"恢复了他的官职","0","3","3"
"负责织造的宦官","0","3","3"
"升为山东右布政","0","3","3"
"为山东右布政使","0","3","3"
"调任南京工部右","0","3","3"
"调任礼部右侍郎","0","3","3"
"皇帝都听从了他","0","3","3"
"都听从了他的意","0","3","3"
"礼部右侍郎兼翰","0","3","3"
"部右侍郎兼翰林","0","3","3"
"吏部左侍郎兼东","0","3","3"
"部尚书兼武英殿","0","3","3"
"尚书兼武英殿大","0","3","3"
"书兼武英殿大学","0","3","3"
"贵妃为慈圣皇太","0","3","3"
"妃为慈圣皇太后","0","3","3"
"多次上书请求退","0","3","3"
"奏请增设内阁大","0","3","3"
"请增设内阁大臣","0","3","3"
"万历十九年秋天","0","3","3"
"封贡的事情失败","0","3","3"
"万历二十九年秋","0","3","3"
"担任礼部右侍郎","0","3","3"
"东阁大学士参与","0","3","3"
"提升为太仆少卿","0","3","3"
"的奏疏留在宫中","0","3","3"
"张居正执掌国政","0","3","3"
"南京翰林院的事","0","3","3"
"京翰林院的事务","0","3","3"
"任南京大理寺卿","0","3","3"
"授职为户部主事","0","3","3"
"升他为兵部右侍","0","3","3"
"他升任右都御史","0","3","3"
"他升任右副都御","0","3","3"
"为南京工部尚书","0","3","3"
"被任命为南京刑","0","3","3"
"任命为南京刑部","0","3","3"
"调任户部右侍郎","0","3","3"
"被提升为右副都","0","3","3"
"升为少傅兼太子","0","3","3"
"任河南提学副使","0","3","3"
"晋升为南京礼部","0","3","3"
"升为南京礼部尚","0","3","3"
"用他的一个儿子","0","3","3"
"任命为礼部右侍","0","3","3"
"命为礼部右侍郎","0","3","3"
"京城之外的官吏","0","3","3"
"侍郎郭正域请求","0","3","3"
"被加封太子太保","0","3","3"
"诏令加封他为太","0","3","3"
"皇帝召见并任命","0","3","3"
"帝召见并任命他","0","3","3"
"任命他为礼部尚","0","3","3"
"命他为礼部尚书","0","3","3"
"被任命为礼部尚","0","3","3"
"改任兵部员外郎","0","3","3"
"出任南京工部尚","0","3","3"
"升任南京右都御","0","3","3"
"赠他为太子少保","0","3","3"
"皇帝下诏允许他","0","3","3"
"负责翰林院的事","0","3","3"
"责翰林院的事务","0","3","3"
"阁大学士的身份","0","3","3"
"沈一贯进入内阁","0","3","3"
"次上奏请求离去","0","3","3"
"升任国子监祭酒","0","3","3"
"方从哲请求罢职","0","3","3"
"采纳了他们的意","0","3","3"
"纳了他们的意见","0","3","3"
"祖宗二百多年的","0","3","3"
"严嵩的儿子严世","0","3","3"
"嵩的儿子严世蕃","0","3","3"
"协助管理詹事府","0","3","3"
"为南京国子祭酒","0","3","3"
"任南京国子监祭","0","3","3"
"陕西发生大地震","0","3","3"
"任南京刑部郎中","0","3","3"
"掌管翰林院事务","0","3","3"
"自称威武大将军","0","3","3"
"就是人家的儿子","0","3","3"
"又抗言上书极力","0","3","3"
"荫封子孙为世袭","0","3","3"
"封子孙为世袭锦","0","3","3"
"献帝为本生皇考","0","3","3"
"剥夺了他的官籍","0","3","3"
"大礼的争论开始","0","3","3"
"礼的争论开始后","0","3","3"
"为吏部左侍郎兼","0","3","3"
"吏部左侍郎兼学","0","3","3"
"部左侍郎兼学士","0","3","3"
"纷纷上奏章弹劾","0","3","3"
"升为左春坊大学","0","3","3"
"为左春坊大学士","0","3","3"
"了少傅兼太子太","0","3","3"
"过去讨论大礼时","0","3","3"
"吏部尚书兼文渊","0","3","3"
"学士的身份入内","0","3","3"
"士的身份入内阁","0","3","3"
"的身份入内阁参","0","3","3"
"身份入内阁参与","0","3","3"
"入内阁参与机要","0","3","3"
"升任户部右侍郎","0","3","3"
"久加封为太子少","0","3","3"
"免除他家的赋税","0","3","3"
"除他家的赋税徭","0","3","3"
"他家的赋税徭役","0","3","3"
"而不叫他的名字","0","3","3"
"为浙江左布政使","0","3","3"
"李景隆代替耿炳","0","3","3"
"景隆代替耿炳文","0","3","3"
"升为右军都督佥","0","3","3"
"为右军都督佥事","0","3","3"
"月他在任上去世","0","3","3"
"升为南京大理寺","0","3","3"
"被投进锦衣卫监","0","3","3"
"侍郎兼华盖殿大","0","3","3"
"郎兼华盖殿大学","0","3","3"
"进升为翰林学士","0","3","3"
"上疏为自己辩护","0","3","3"
"都御史的官职巡","0","3","3"
"御史的官职巡抚","0","3","3"
"为南京兵部尚书","0","3","3"
"将他下诏狱进行","0","3","3"
"他下诏狱进行拷","0","3","3"
"调任浙江按察使","0","3","3"
"升为礼科给事中","0","3","3"
"让他的儿子严世","0","3","3"
"都是贼臣严嵩的","0","3","3"
"升为兵科给事中","0","3","3"
"在朝廷上用杖拷","0","3","3"
"朝廷上用杖拷打","0","3","3"
"署理都指挥佥事","0","3","3"
"周尚文在黑水苑","0","3","3"
"周尚文在曹家庄","0","3","3"
"他们的妻子儿女","0","3","3"
"一劳永逸的办法","0","3","3"
"为右佥都御史代","0","3","3"
"没有像今天这样","0","3","3"
"仁寿宫发生火灾","0","3","3"
"这是不必疑虑的","0","3","3"
"是不必疑虑的第","0","3","3"
"就不是因为仇恨","0","3","3"
"尊皇后为皇太后","0","3","3"
"为征虏右副将军","0","3","3"
"左副将军的身份","0","3","3"
"提升为大都督府","0","3","3"
"受蓝玉党案牵连","0","3","3"
"晋升为佥枢密院","0","3","3"
"升为佥枢密院事","0","3","3"
"蛮子海牙的水寨","0","3","3"
"提升为监察御史","0","3","3"
"升为四川按察使","0","3","3"
"耿炳文为大将军","0","3","3"
"跟从傅友德平定","0","3","3"
"令有关部门为他","0","3","3"
"将他们逮捕治罪","0","3","3"
"被任命为兵部尚","0","3","3"
"向皇帝进献土产","0","3","3"
"贵州的守卫大臣","0","3","3"
"杨应龙的儿子杨","0","3","3"
"讨伐平定了他们","0","3","3"
"请求朝廷派兵进","0","3","3"
"求朝廷派兵进剿","0","3","3"
"向朝廷贡献马和","0","3","3"
"拒绝了他们的贡","0","3","3"
"绝了他们的贡品","0","3","3"
"向朝廷祝贺册立","0","3","3"
"朝廷祝贺册立皇","0","3","3"
"廷祝贺册立皇太","0","3","3"
"祝贺册立皇太子","0","3","3"
"给日本国王赏赐","0","3","3"
"派使者向朝廷贡","0","3","3"
"使者向朝廷贡献","0","3","3"
"弘治年间勘合的","0","3","3"
"大臣将此上报朝","0","3","3"
"臣将此上报朝廷","0","3","3"
"朝廷派使者前去","0","3","3"
"请求朝廷给他们","0","3","3"
"朝廷给他们颁发","0","3","3"
"答应与他们通贡","0","3","3"
"告其父去世的消","0","3","3"
"其父去世的消息","0","3","3"
"来朝廷讣告其父","0","3","3"
"求朝廷允许他继","0","3","3"
"朝廷允许他继承","0","3","3"
"福建的守卫大臣","0","3","3"
"献贡的使者到达","0","3","3"
"使者向朝廷进献","0","3","3"
"条不可行的理由","0","3","3"
"人向朝廷献贡马","0","3","3"
"忠顺王的母亲和","0","3","3"
"等人向朝廷献贡","0","3","3"
"来京城向朝廷献","0","3","3"
"土鲁番的献贡使","0","3","3"
"鲁番的献贡使者","0","3","3"
"拘留他们的使臣","0","3","3"
"向朝廷贡献狮子","0","3","3"
"留的土鲁番使者","0","3","3"
"许他们向朝廷献","0","3","3"
"把他们遣送回去","0","3","3"
"向朝廷献贡的使","0","3","3"
"归还所侵占的土","0","3","3"
"还所侵占的土地","0","3","3"
"锦衣卫的监狱里","0","3","3"
"成祖即皇帝位后","0","3","3"
"人向朝廷献贡物","0","3","3"
"贡的使者回去时","0","3","3"
"袭击并杀死了阿","0","3","3"
"击并杀死了阿鲁","0","3","3"
"并杀死了阿鲁台","0","3","3"
"玺的诏书奖励他","0","3","3"
"又过了一年的春","0","3","3"
"俘虏了不少敌人","0","3","3"
"封俺答为顺义王","0","3","3"
"脱脱不花和也先","0","3","3"
"廷大臣讨论后认","0","3","3"
"大臣讨论后认为","0","3","3"
"思任发的儿子思","0","3","3"
"将此事上奏朝廷","0","3","3"
"官将此上报朝廷","0","3","3"
"明朝洪武十五年","0","3","3"
"派人向朝廷贡献","0","3","3"
"使者到京城向皇","0","3","3"
"朝廷贡献大象和","0","3","3"
"派人向朝廷进献","0","3","3"
"皇帝同意了他的","0","3","3"
"向朝廷进献贡马","0","3","3"
"南国王陈日火奎","0","3","3"
"给他私封谥号为","0","3","3"
"辛肫的儿子辛礻","0","3","3"
"肫的儿子辛礻禺","0","3","3"
"给他的儿子辛昌","0","3","3"
"皇帝给他赐封谥","0","3","3"
"帝给他赐封谥号","0","3","3"
"给他赐封谥号为","0","3","3"
"向皇帝祝贺冬至","0","3","3"
"是以前没有过的","0","3","3"
"做了礼部右侍郎","0","3","3"
"入内阁参预机要","0","3","3"
"十二年考中进士","0","3","3"
"任南京刑部主事","0","3","3"
"祖宗定下的制度","0","3","3"
"十四年正月初一","0","3","3"
"他为右副都御史","0","3","3"
"用加盖玉玺的诏","0","3","3"
"继承孝宗的皇位","0","3","3"
"下发给有关部门","0","3","3"
"为少詹事兼侍讲","0","3","3"
"少詹事兼侍讲学","0","3","3"
"詹事兼侍讲学士","0","3","3"
"不喜欢王守仁的","0","3","3"
"十二月二十八日","0","3","3"
"剥夺了他的官职","0","3","3"
"又升为右佥都御","0","3","3"
"提升为右都御史","0","3","3"
"詹事兼翰林学士","0","3","3"
"并给予世袭凭证","0","3","3"
"他进升为都指挥","0","3","3"
"奉命充任总兵官","0","3","3"
"下诏命有关部门","0","3","3"
"代理都指挥同知","0","3","3"
"被授予世袭浩券","0","3","3"
"进升为代理都督","0","3","3"
"都督同知的身份","0","3","3"
"刘健等极力劝谏","0","3","3"
"于是进升为都督","0","3","3"
"他被提升为代理","0","3","3"
"掌管都察院事务","0","3","3"
"不久加封太子太","0","3","3"
"久加封太子太保","0","3","3"
"升为兵部左侍郎","0","3","3"
"没有古今的差异","0","3","3"
"星的最高处是一","0","3","3"
"遗留下来的制度","0","3","3"
"开始的原因是以","0","3","3"
"官员祭告天地宗","0","3","3"
"员祭告天地宗庙","0","3","3"
"制官宣读制命说","0","3","3"
"某官某女为皇后","0","3","3"
"捧着册书和宝玺","0","3","3"
"朝服在承天门外","0","3","3"
"皇帝驾临奉天殿","0","3","3"
"皇帝穿衮冕服到","0","3","3"
"宾客的人出来报","0","3","3"
"客的人出来报告","0","3","3"
"引进官引导皇太","0","3","3"
"进官引导皇太子","0","3","3"
"皇太子行再拜礼","0","3","3"
"皇帝驾临奉天门","0","3","3"
"皇帝穿平常服饰","0","3","3"
"都服小功五个月","0","3","3"
"驾临奉天门处理","0","3","3"
"以及受封号的妇","0","3","3"
"及受封号的妇女","0","3","3"
"百官穿浅色衣服","0","3","3"
"祭告祝文焚烧黄","0","3","3"
"告祝文焚烧黄纸","0","3","3"
"每年的一定时节","0","3","3"
"服小功五个月丧","0","3","3"
"受封号的妇女穿","0","3","3"
"在一座坛台祭祀","0","3","3"
"三年四月壬午日","0","3","3"
"五年二月癸亥日","0","3","3"
"久降雨水伤害庄","0","3","3"
"降雨水伤害庄稼","0","3","3"
"长久降雨伤害庄","0","3","3"
"久降雨伤害庄稼","0","3","3"
"洪武十七年设置","0","3","3"
"没有什么比得上","0","3","3"
"水势就可以减缓","0","3","3"
"中军都督府事务","0","3","3"
"封的那一天作为","0","3","3"
"的那一天作为开","0","3","3"
"商人交纳粮食换","0","3","3"
"银一万三千余两","0","3","3"
"历年常规银二十","0","3","3"
"运历年常规银三","0","3","3"
"征募壮丁工钱银","0","3","3"
"未取得正式军籍","0","3","3"
"取得正式军籍的","0","3","3"
"得正式军籍的军","0","3","3"
"正式军籍的军人","0","3","3"
"招来商人交纳粮","0","3","3"
"石每年征平米一","0","3","3"
"每年征平米一石","0","3","3"
"成为长久的制度","0","3","3"
"雷击奉先殿屋脊","0","3","3"
"三年二月甲戌日","0","3","3"
"山束发生旱灾和","0","3","3"
"束发生旱灾和蝗","0","3","3"
"一胎生三个男婴","0","3","3"
"平民之妇一胎生","0","3","3"
"因传染病而死的","0","3","3"
"山束发生大水灾","0","3","3"
"毁坏官府和平民","0","3","3"
"河南发生大水灾","0","3","3"
"黄河在沛县决堤","0","3","3"
"每面旗用穿红色","0","3","3"
"面旗用穿红色服","0","3","3"
"每面旗用甲士五","0","3","3"
"面旗用甲士五人","0","3","3"
"每面旗用穿青色","0","3","3"
"面旗用穿青色服","0","3","3"
"个和露在外面的","0","3","3"
"和露在外面的短","0","3","3"
"雕刻了涂有金粉","0","3","3"
"刻了涂有金粉的","0","3","3"
"涂有金粉的云龙","0","3","3"
"形图案的小板跟","0","3","3"
"图案的小板跟它","0","3","3"
"红色有花纹的丝","0","3","3"
"用黄色的有花纹","0","3","3"
"黄色的有花纹的","0","3","3"
"青色有花纹的丝","0","3","3"
"辖顶加上圆盘高","0","3","3"
"八面顶拼合而成","0","3","3"
"色的有花纹的丝","0","3","3"
"的有花纹的丝织","0","3","3"
"花纹的丝织品覆","0","3","3"
"纹的丝织品覆盖","0","3","3"
"花纹的丝织品三","0","3","3"
"纹的丝织品三层","0","3","3"
"宽二尺四寸有余","0","3","3"
"红色帘子十二扇","0","3","3"
"宽二尺二寸有余","0","3","3"
"五彩云图案的木","0","3","3"
"彩云图案的木板","0","3","3"
"有红花图案的毯","0","3","3"
"红花图案的毯子","0","3","3"
"杂绘有五彩云图","0","3","3"
"绘有五彩云图案","0","3","3"
"五彩云图案的衬","0","3","3"
"彩云图案的衬板","0","3","3"
"四周用黄铜装钉","0","3","3"
"三品以上的官员","0","3","3"
"马鞍上的障泥用","0","3","3"
"等分别巡行天下","0","3","3"
"没有固定的制度","0","3","3"
"下面系结青色的","0","3","3"
"面系结青色的丝","0","3","3"
"系结青色的丝织","0","3","3"
"黑色的角质材料","0","3","3"
"品级的其它官吏","0","3","3"
"不入品级的其它","0","3","3"
"品官用多种色彩","0","3","3"
"官用多种色彩的","0","3","3"
"用多种色彩的文","0","3","3"
"多种色彩的文绮","0","3","3"
"折叠回来的部分","0","3","3"
"是皇太后的父亲","0","3","3"
"与一品命妇相同","0","3","3"
"绣有野鸡羽毛图","0","3","3"
"质材料装饰的衣","0","3","3"
"材料装饰的衣带","0","3","3"
"其余与五品命妇","0","3","3"
"与六品命妇相同","0","3","3"
"珍珠翡翠装点的","0","3","3"
"用蹙金绣云霞野","0","3","3"
"绣云霞鸳鸯花纹","0","3","3"
"与七品命妇相同","0","3","3"
"珍珠牡丹开头两","0","3","3"
"珠牡丹开头两个","0","3","3"
"衔着珍珠结两个","0","3","3"
"闲居穿的日常服","0","3","3"
"洪武三年规定制","0","3","3"
"武三年规定制度","0","3","3"
"色绫罗色彩鲜艳","0","3","3"
"云头黑色高帮白","0","3","3"
"头黑色高帮白色","0","3","3"
"帮白色厚底的靴","0","3","3"
"白色厚底的靴子","0","3","3"
"绫罗色彩鲜艳的","0","3","3"
"红色生绢锦领裹","0","3","3"
"色生绢锦领裹衣","0","3","3"
"用金粉描绘的蝉","0","3","3"
"金粉描绘的蝉形","0","3","3"
"绘有彩色花纹的","0","3","3"
"色表面红色里层","0","3","3"
"本色衣领袖端衣","0","3","3"
"红色衣领袖端衣","0","3","3"
"附上博山形翡翠","0","3","3"
"与下裳的颜色相","0","3","3"
"下裳的颜色相同","0","3","3"
"同礼冠服饰内制","0","3","3"
"国中尉礼冠服饰","0","3","3"
"谨身殿为建极殿","0","3","3"
"尚书方献夫等人","0","3","3"
"面用红色绫罗嵌","0","3","3"
"用红色绫罗嵌有","0","3","3"
"红色绫罗嵌有金","0","3","3"
"色绫罗嵌有金线","0","3","3"
"绫罗嵌有金线的","0","3","3"
"郭天叙为都元帅","0","3","3"
"十五年春正月初","0","3","3"
"年春正月二十一","0","3","3"
"春正月二十一日","0","3","3"
"十一年正月十三","0","3","3"
"一年正月十三日","0","3","3"
"闰二月二十三日","0","3","3"
"十二月二十五日","0","3","3"
"等人进士及第以","0","3","3"
"人进士及第以及","0","3","3"
"被封为征虏大将","0","3","3"
"封为征虏大将军","0","3","3"
"傅友德为征南将","0","3","3"
"友德为征南将军","0","3","3"
"人以进士及第等","0","3","3"
"以进士及第等不","0","3","3"
"进士及第等不同","0","3","3"
"三年正月十一日","0","3","3"
"五年正月十二日","0","3","3"
"六年正月十二日","0","3","3"
"下诏施行宽大政","0","3","3"
"诏施行宽大政策","0","3","3"
"送书信给元嗣君","0","3","3"
"梁王把匝剌瓦尔","0","3","3"
"王把匝剌瓦尔密","0","3","3"
"邓愈为征西将军","0","3","3"
"黄河在徐州决口","0","3","3"
"黄河在崔镇决口","0","3","3"
"皇太后到天寿山","0","3","3"
"十四年春二月十","0","3","3"
"减免赋税和赈济","0","3","3"
"年春正月二十六","0","3","3"
"春正月二十六日","0","3","3"
"朱翊钧驾临午门","0","3","3"
"命令群臣修身反","0","3","3"
"年春二月十一日","0","3","3"
"遭灾地区的田租","0","3","3"
"经筵听讲经论史","0","3","3"
"士及第及不同的","0","3","3"
"及第及不同的出","0","3","3"
"第及不同的出身","0","3","3"
"为兵部尚书兼右","0","3","3"
"崇祯十二年正月","0","3","3"
"在奉天殿即皇帝","0","3","3"
"奉天殿即皇帝位","0","3","3"
"奉天殿接受朝臣","0","3","3"
"大祭鬼神于南郊","0","3","3"
"皇太后为太皇太","0","3","3"
"太后为太皇太后","0","3","3"
"屯田粮食十分之","0","3","3"
"免河南遭灾税粮","0","3","3"
"四年正月十三日","0","3","3"
"子朱见深为皇太","0","3","3"
"朱见深为皇太子","0","3","3"
"三年正月十二日","0","3","3"
"免山东遭灾税粮","0","3","3"
"被下锦衣卫狱中","0","3","3"
"免山西受灾税粮","0","3","3"
"小王子侵犯宣府","0","3","3"
"免山东受灾税粮","0","3","3"
"免四川受灾税粮","0","3","3"
"为礼部侍郎兼翰","0","3","3"
"礼部侍郎兼翰林","0","3","3"
"在京师南郊大祭","0","3","3"
"京师南郊大祭天","0","3","3"
"师南郊大祭天地","0","3","3"
"皇太子在文华殿","0","3","3"
"免明年上元节灯","0","3","3"
"六年正月十三日","0","3","3"
"召见大学士刘健","0","3","3"
"被授予中书舍人","0","3","3"
"他回到镇守之地","0","3","3"
"累升为都指挥同","0","3","3"
"汤和在临清练兵","0","3","3"
"以左参将的身份","0","3","3"
"朱元璋即皇帝位","0","3","3"
"与大将军徐达一","0","3","3"
"都御史之衔巡抚","0","3","3"
"他被召回任刑部","0","3","3"
"斩杀和俘获很多","0","3","3"
"他在驻镇之地去","0","3","3"
"在驻镇之地去世","0","3","3"
"获得优厚的赏赐","0","3","3"
"因母亲去世归家","0","3","3"
"东南地区的百姓","0","3","3"
"侍郎兼任右佥都","0","3","3"
"郎兼任右佥都御","0","3","3"
"一个儿子任锦衣","0","3","3"
"给事中雒遵弹劾","0","3","3"
"潘季驯任右都御","0","3","3"
"季驯任右都御史","0","3","3"
"起用为南京光禄","0","3","3"
"任江西提学副使","0","3","3"
"意见不一致的人","0","3","3"
"清除皇帝身边的","0","3","3"
"有关部门为他修","0","3","3"
"总兵各练一万兵","0","3","3"
"巡抚以下分别操","0","3","3"
"抚以下分别操练","0","3","3"
"献忠在谷城反叛","0","3","3"
"这是微臣不理解","0","3","3"
"是微臣不理解之","0","3","3"
"把敌人一举荡平","0","3","3"
"庄烈帝在平台召","0","3","3"
"烈帝在平台召见","0","3","3"
"自称不如郑曼阝","0","3","3"
"的元气受到了伤","0","3","3"
"元气受到了伤害","0","3","3"
"一年长度消长的","0","3","3"
"年长度消长的办","0","3","3"
"长度消长的办法","0","3","3"
"太阳运行度数的","0","3","3"
"东西南北高下的","0","3","3"
"西南北高下的差","0","3","3"
"南北高下的差异","0","3","3"
"五品以上的官员","0","3","3"
"派官员祭告天地","0","3","3"
"皇帝穿皮弁服到","0","3","3"
"向父皇陛下称贺","0","3","3"
"圜丘祭祀昊天上","0","3","3"
"丘祭祀昊天上帝","0","3","3"
"和声郎举起指挥","0","3","3"
"如同前面所述的","0","3","3"
"教坊司请求演奏","0","3","3"
"如同前面所述仪","0","3","3"
"同前面所述仪节","0","3","3"
"皇帝同意他的奏","0","3","3"
"年高德厚的老人","0","3","3"
"门左面处理政事","0","3","3"
"助举行仪式的僎","0","3","3"
"洪武二十年制定","0","3","3"
"趋向右边让路而","0","3","3"
"向右边让路而行","0","3","3"
"吉祥日子好时辰","0","3","3"
"文武官员陪伴祭","0","3","3"
"武官员陪伴祭祀","0","3","3"
"嫡子以外的儿子","0","3","3"
"而经过加工的布","0","3","3"
"经过加工的布制","0","3","3"
"过加工的布制成","0","3","3"
"长子以及长子以","0","3","3"
"子以及长子以外","0","3","3"
"以及长子以外的","0","3","3"
"及长子以外的儿","0","3","3"
"人的后嗣的人为","0","3","3"
"没有出嫁的堂祖","0","3","3"
"有出嫁的堂祖姑","0","3","3"
"同祖兄弟的儿子","0","3","3"
"没有出嫁的同族","0","3","3"
"祖姑以及没有出","0","3","3"
"姑以及没有出嫁","0","3","3"
"没有出嫁的相同","0","3","3"
"夫的同祖兄弟的","0","3","3"
"同堂异室的制度","0","3","3"
"礼官导引皇太子","0","3","3"
"的戊日举行祭祀","0","3","3"
"早晨祭日晚上祭","0","3","3"
"晨祭日晚上祭月","0","3","3"
"听从礼部尚书崔","0","3","3"
"从礼部尚书崔亮","0","3","3"
"供奉安放在坛座","0","3","3"
"奉安放在坛座上","0","3","3"
"冬至夏至黄道赤","0","3","3"
"至夏至黄道赤道","0","3","3"
"直径一百二十一","0","3","3"
"得一百八十万四","0","3","3"
"自乘作为被除数","0","3","3"
"半径六十度八十","0","3","3"
"径六十度八十七","0","3","3"
"就是黄道赤道小","0","3","3"
"六十度八七五作","0","3","3"
"十度八七五作为","0","3","3"
"天圆半径六十度","0","3","3"
"圆半径六十度八","0","3","3"
"距离赤道的内外","0","3","3"
"离赤道的内外度","0","3","3"
"距离北极的度数","0","3","3"
"黄道赤道小弧弦","0","3","3"
"降交点距离黄道","0","3","3"
"交点距离黄道赤","0","3","3"
"点距离黄道赤道","0","3","3"
"距离黄道赤道降","0","3","3"
"离黄道赤道降交","0","3","3"
"黄道赤道降交点","0","3","3"
"道赤道降交点的","0","3","3"
"江西遭受大旱灾","0","3","3"
"四年三月甲寅日","0","3","3"
"凤阳府发生地震","0","3","3"
"东再次遭受饥荒","0","3","3"
"西遭受严重饥荒","0","3","3"
"河南遭受严重饥","0","3","3"
"南遭受严重饥荒","0","3","3"
"黄河在崔镇决堤","0","3","3"
"在没有汇合之前","0","3","3"
"没有汇合之前减","0","3","3"
"有汇合之前减缓","0","3","3"
"汇合之前减缓水","0","3","3"
"合之前减缓水势","0","3","3"
"则泥沙不停而去","0","3","3"
"成为平坦的陆地","0","3","3"
"年进行一次疏浚","0","3","3"
"翁大立请求开通","0","3","3"
"开通洳河的主张","0","3","3"
"导引沁水流入卫","0","3","3"
"引沁水流入卫河","0","3","3"
"按条例难以如实","0","3","3"
"部分赎金全部抵","0","3","3"
"分赎金全部抵销","0","3","3"
"执行杖刑一百下","0","3","3"
"成化十四年规定","0","3","3"
"灌溉田地上万顷","0","3","3"
"灌溉田地几万顷","0","3","3"
"有钱有势的人家","0","3","3"
"被有钱有势的人","0","3","3"
"留守署正朱国相","1","1","2"
"守署正朱国相等","1","1","2"
"署正朱国相等皆","1","1","2"
"正朱国相等皆战","1","1","2"
"朱国相等皆战死","1","1","2"
"剑州知州徐尚卿","1","1","2"
"昭化知县王时化","1","1","2"
"郫县主簿张应奇","1","1","2"
"总兵虎大威中炮","1","1","2"
"号奉天倡义大元","1","1","2"
"奉天倡义大元帅","1","1","2"
"代天抚民威德大","1","1","2"
"天抚民威德大将","1","1","2"
"抚民威德大将军","1","1","2"
"获伪汝侯刘宗敏","1","1","2"
"南京兵部尚书范","1","1","2"
"京兵部尚书范景","1","1","2"
"操江都御史黄道","1","1","2"
"江都御史黄道直","1","1","2"
"总兵官杨御蕃分","1","1","2"
"兵官杨御蕃分汛","1","1","2"
"设六部五军都督","1","1","2"
"六部五军都督府","1","1","2"
"部五军都督府等","1","1","2"
"五军都督府等官","1","1","2"
"叙州布政使尹伸","1","1","2"
"杖死县丞郑思颜","1","1","2"
"浙江巡抚潘汝桢","1","1","2"
"江巡抚潘汝桢奏","1","1","2"
"巡抚潘汝桢奏请","1","1","2"
"乌撒土知府阿能","1","1","2"
"乌撒军民府通判","1","1","2"
"威龙土知州普习","1","1","2"
"太监刘永诚分道","1","1","2"
"广善普慧弘度妙","1","1","2"
"善普慧弘度妙应","1","1","2"
"普慧弘度妙应掌","1","1","2"
"慧弘度妙应掌教","1","1","2"
"弘度妙应掌教翊","1","1","2"
"度妙应掌教翊国","1","1","2"
"妙应掌教翊国正","1","1","2"
"应掌教翊国正觉","1","1","2"
"掌教翊国正觉大","1","1","2"
"教翊国正觉大济","1","1","2"
"翊国正觉大济法","1","1","2"
"国正觉大济法王","1","1","2"
"正觉大济法王西","1","1","2"
"觉大济法王西天","1","1","2"
"大济法王西天圆","1","1","2"
"济法王西天圆智","1","1","2"
"法王西天圆智大","1","1","2"
"王西天圆智大慈","1","1","2"
"西天圆智大慈悲","1","1","2"
"天圆智大慈悲佛","1","1","2"
"三十五年三月赐","1","1","2"
"时都御史胡缵宗","1","1","2"
"号三天金阙上玉","2","0","2"
"三天金阙上玉堂","2","0","2"
"元道德哲慧圣尊","1","1","2"
"道德哲慧圣尊开","1","1","2"
"德哲慧圣尊开真","1","1","2"
"哲慧圣尊开真仁","1","1","2"
"慧圣尊开真仁化","1","1","2"
"圣尊开真仁化大","1","1","2"
"尊开真仁化大帝","1","1","2"
"上玉堂总仙法主","1","1","2"
"玉堂总仙法主玄","1","1","2"
"堂总仙法主玄元","1","1","2"
"总仙法主玄元道","1","1","2"
"元道德哲慧圣母","1","1","2"
"道德哲慧圣母天","1","1","2"
"德哲慧圣母天后","1","1","2"
"哲慧圣母天后掌","1","1","2"
"慧圣母天后掌仙","1","1","2"
"圣母天后掌仙妙","1","1","2"
"母天后掌仙妙化","1","1","2"
"天后掌仙妙化元","1","1","2"
"后掌仙妙化元君","1","1","2"
"号灵霄上清统雷","1","1","2"
"灵霄上清统雷元","1","1","2"
"霄上清统雷元阳","1","1","2"
"上清统雷元阳妙","1","1","2"
"清统雷元阳妙一","1","1","2"
"统雷元阳妙一飞","1","1","2"
"雷元阳妙一飞玄","1","1","2"
"加号九天弘教普","1","1","2"
"号九天弘教普济","1","1","2"
"九天弘教普济生","1","1","2"
"天弘教普济生灵","1","1","2"
"弘教普济生灵掌","1","1","2"
"教普济生灵掌阴","1","1","2"
"普济生灵掌阴阳","1","1","2"
"济生灵掌阴阳功","1","1","2"
"生灵掌阴阳功过","1","1","2"
"灵掌阴阳功过大","1","1","2"
"掌阴阳功过大道","1","1","2"
"阴阳功过大道思","1","1","2"
"阳功过大道思仁","1","1","2"
"功过大道思仁紫","1","1","2"
"过大道思仁紫极","1","1","2"
"大道思仁紫极仙","1","1","2"
"道思仁紫极仙翁","1","1","2"
"思仁紫极仙翁一","1","1","2"
"仁紫极仙翁一阳","1","1","2"
"紫极仙翁一阳真","1","1","2"
"极仙翁一阳真人","1","1","2"
"仙翁一阳真人元","1","1","2"
"翁一阳真人元虚","1","1","2"
"一阳真人元虚玄","1","1","2"
"阳真人元虚玄应","1","1","2"
"真人元虚玄应开","1","1","2"
"人元虚玄应开化","1","1","2"
"元虚玄应开化伏","1","1","2"
"虚玄应开化伏魔","1","1","2"
"罗天仙紫极长生","1","1","2"
"天仙紫极长生圣","1","1","2"
"仙紫极长生圣智","1","1","2"
"紫极长生圣智昭","1","1","2"
"极长生圣智昭灵","1","1","2"
"长生圣智昭灵统","1","1","2"
"生圣智昭灵统元","1","1","2"
"圣智昭灵统元证","1","1","2"
"智昭灵统元证应","1","1","2"
"昭灵统元证应玉","1","1","2"
"灵统元证应玉虚","1","1","2"
"统元证应玉虚总","1","1","2"
"元证应玉虚总掌","1","1","2"
"证应玉虚总掌五","1","1","2"
"应玉虚总掌五雷","1","1","2"
"玉虚总掌五雷大","1","1","2"
"虚总掌五雷大真","1","1","2"
"总掌五雷大真人","1","1","2"
"掌五雷大真人玄","1","1","2"
"五雷大真人玄都","1","1","2"
"雷大真人玄都境","1","1","2"
"大真人玄都境万","1","1","2"
"真人玄都境万寿","1","1","2"
"人玄都境万寿帝","1","1","2"
"玄都境万寿帝君","1","1","2"
"洪武十四年改置","1","1","2"
"武十四年改置施","1","1","2"
"十四年改置施州","1","1","2"
"四年改置施州卫","1","1","2"
"年改置施州卫军","1","1","2"
"改置施州卫军民","1","1","2"
"中书省参知政事","1","1","2"
"掌道御史祁彪佳","1","1","2"
"前山东按察使佥","1","1","2"
"山东按察使佥事","1","1","2"
"东按察使佥事雷","1","1","2"
"礼部员外郎周镳","1","1","2"
"大理寺正许志吉","1","1","2"
"国子监生陆万龄","1","1","2"
"南京尚书范济世","1","1","2"
"总督尚书黄运泰","1","1","2"
"巡抚尚书李精白","1","1","2"
"抚尚书李精白等","1","1","2"
"尚书李精白等一","1","1","2"
"书李精白等一百","1","1","2"
"李精白等一百二","1","1","2"
"精白等一百二十","1","1","2"
"白等一百二十九","1","1","2"
"等一百二十九人","1","1","2"
"都御史巡抚山西","1","1","2"
"南京兵部郎中钱","1","1","2"
"京兵部郎中钱策","1","1","2"
"南京御史张邦俊","1","1","2"
"工部郎中聂心汤","1","1","2"
"李文熙等十九人","1","1","2"
"督师杨嗣昌遣监","1","1","2"
"师杨嗣昌遣监军","1","1","2"
"杨嗣昌遣监军佥","1","1","2"
"嗣昌遣监军佥事","1","1","2"
"昌遣监军佥事杨","1","1","2"
"遣监军佥事杨卓","1","1","2"
"监军佥事杨卓然","1","1","2"
"合肥知县潘登贵","1","1","2"
"督臣洪承畴孤军","1","1","2"
"臣洪承畴孤军远","1","1","2"
"称天下兵马副元","1","1","2"
"吏部员外郎宋企","1","1","2"
"部员外郎宋企郊","1","1","2"
"平阳知府张嶙然","1","1","2"
"山西提学参议黎","1","1","2"
"西提学参议黎志","1","1","2"
"提学参议黎志升","1","1","2"
"陕西左布政使陆","1","1","2"
"潼关道佥事杨王","1","1","2"
"关道佥事杨王休","1","1","2"
"翰林院检讨刘世","1","1","2"
"林院检讨刘世芳","1","1","2"
"礼部主事王孙蕙","1","1","2"
"翰林院检讨梁兆","1","1","2"
"林院检讨梁兆阳","1","1","2"
"大理寺正钱位坤","1","1","2"
"山西副使王秉鉴","1","1","2"
"礼部郎中刘大巩","1","1","2"
"吏部员外郎郭万","1","1","2"
"部员外郎郭万象","1","1","2"
"通政司参议宋学","1","1","2"
"政司参议宋学显","1","1","2"
"扬州知府任民育","1","1","2"
"江都知县周志畏","1","1","2"
"江都县丞王志端","1","1","2"
"赏功副将汪思诚","1","1","2"
"推官署府事吴国","1","1","2"
"官署府事吴国球","1","1","2"
"监纪通判郭宁登","1","1","2"
"赣县知县林逢春","1","1","2"
"昌平总兵陈洪范","1","1","2"
"浙江总兵官董一","1","1","2"
"江总兵官董一奎","1","1","2"
"都督李隆等九人","1","1","2"
"巡抚右副都御史","1","1","2"
"川巡抚乔璧星锐","1","1","2"
"二年右佥都御史","2","0","2"
"十一年进士第一","2","0","2"
"累加少傅太子太","2","0","2"
"加赠文升左柱国","1","1","2"
"南京吏部缺尚书","1","1","2"
"年召兵部右侍郎","2","0","2"
"王皇叔父兴献大","2","0","2"
"皇叔母兴献王妃","1","1","2"
"李善长太子少师","2","0","2"
"中书平章录军国","1","1","2"
"书平章录军国重","1","1","2"
"平章录军国重事","1","1","2"
"章录军国重事常","1","1","2"
"录军国重事常遇","1","1","2"
"军国重事常遇春","1","1","2"
"常遇春太子少保","2","0","2"
"中书平章政事胡","1","1","2"
"书平章政事胡廷","1","1","2"
"同知大都督康茂","1","1","2"
"知大都督康茂才","1","1","2"
"大都督府副使顾","1","1","2"
"都督府副使顾时","1","1","2"
"孙兴祖同知左右","1","1","2"
"兴祖同知左右率","1","1","2"
"祖同知左右率府","1","1","2"
"同知左右率府事","1","1","2"
"佥大都督府事吴","1","1","2"
"大都督府事吴桢","1","1","2"
"范显祖太子宾客","2","0","2"
"嘉兴五府兵勤王","1","1","2"
"燕府护卫百户倪","1","1","2"
"府护卫百户倪谅","1","1","2"
"推诚辅国协谋宣","1","1","2"
"诚辅国协谋宣力","1","1","2"
"辅国协谋宣力文","1","1","2"
"国协谋宣力文臣","1","1","2"
"福佩征虏大将军","1","1","2"
"佩征虏大将军印","1","1","2"
"蔚州卫指挥佥事","1","1","2"
"燕山右护卫百户","1","1","2"
"同工部尚书严震","1","1","2"
"工部尚书严震直","1","1","2"
"部尚书严震直等","1","1","2"
"同新昌伯唐云经","1","1","2"
"新昌伯唐云经理","1","1","2"
"昌伯唐云经理北","1","1","2"
"伯唐云经理北平","1","1","2"
"永乐二年册立皇","1","1","2"
"乐二年册立皇太","1","1","2"
"二年册立皇太子","1","1","2"
"兵部尚书参赞军","1","1","2"
"部尚书参赞军务","1","1","2"
"重庆妖贼王元保","1","1","2"
"年进兵部右侍郎","2","0","2"
"累迁南京光禄卿","1","1","2"
"镇守中官遣军匠","1","1","2"
"工部尚书赵璜廉","1","1","2"
"部尚书赵璜廉介","1","1","2"
"右侍郎朱廷声笃","1","1","2"
"侍郎朱廷声笃实","1","1","2"
"经征两广狼土兵","1","1","2"
"征两广狼土兵听","1","1","2"
"嘉靖二十九年秋","1","1","2"
"父荫累官大同参","1","1","2"
"荫累官大同参将","1","1","2"
"原官总督陕西三","1","1","2"
"官总督陕西三边","1","1","2"
"诸巡抚延绥张问","1","1","2"
"巡抚延绥张问行","1","1","2"
"累官山西左布政","1","1","2"
"官山西左布政使","1","1","2"
"山西游击罗恭等","1","1","2"
"筑张家湾大小二","1","1","2"
"张家湾大小二堡","1","1","2"
"副总兵蒋承勋战","1","1","2"
"总兵蒋承勋战死","1","1","2"
"工部侍郎严世蕃","1","1","2"
"临安土官普崇明","1","1","2"
"迁浙江海道副使","1","1","2"
"正德十二年成进","2","0","2"
"德十二年成进士","2","0","2"
"南京御史姚鸣凤","1","1","2"
"望陛下六疑尽释","1","1","2"
"十四年傅友德征","2","0","2"
"四年傅友德征云","2","0","2"
"将作官吏视成画","1","1","2"
"若楚国公臣永安","1","1","2"
"楚国公臣永安等","1","1","2"
"加赠开国辅运推","1","1","2"
"赠开国辅运推诚","1","1","2"
"陕西按察司佥事","1","1","2"
"犹见留开封祗候","1","1","2"
"湖广按察使佥事","1","1","2"
"知府姚善倡义勤","1","1","2"
"府姚善倡义勤王","1","1","2"
"大都督府都督佥","1","1","2"
"都督府都督佥事","1","1","2"
"金华卫指挥同知","1","1","2"
"后军都督府佥事","1","1","2"
"捕斩倭寇千余人","1","1","2"
"一时郡邑良吏雷","1","1","2"
"时郡邑良吏雷州","1","1","2"
"郡邑良吏雷州同","1","1","2"
"邑良吏雷州同知","1","1","2"
"良吏雷州同知余","1","1","2"
"吏雷州同知余骐","1","1","2"
"雷州同知余骐孙","1","1","2"
"乳源知县张安仁","1","1","2"
"元南榜进士第一","1","1","2"
"宾兔台吉等十人","1","1","2"
"汉台吉等十八人","1","1","2"
"元谋土知州吾必","1","1","2"
"谋土知州吾必奎","1","1","2"
"土知州吾必奎叛","1","1","2"
"征南左将军蓝玉","1","1","2"
"置云南洱海卫指","1","1","2"
"云南洱海卫指挥","1","1","2"
"南洱海卫指挥使","1","1","2"
"洱海卫指挥使司","1","1","2"
"征南将军下云南","2","0","2"
"宣德侯金朝兴分","1","1","2"
"德侯金朝兴分道","1","1","2"
"曲靖宣慰司征行","1","1","2"
"靖宣慰司征行元","1","1","2"
"宣慰司征行元帅","1","1","2"
"慰司征行元帅张","1","1","2"
"司征行元帅张麟","1","1","2"
"行省平章刘辉等","1","1","2"
"罗雄州营长发束","1","1","2"
"雄州营长发束等","1","1","2"
"广西巡抚瞿式耜","1","1","2"
"旧臣吕大器等共","1","1","2"
"臣吕大器等共推","1","1","2"
"时闽旧臣苏观生","1","1","2"
"闽旧臣苏观生撤","1","1","2"
"旧臣苏观生撤兵","1","1","2"
"臣苏观生撤兵奔","1","1","2"
"总兵官林察等谋","1","1","2"
"兵官林察等谋立","1","1","2"
"知府临江戴德孺","1","1","2"
"通判瑞州胡尧元","1","1","2"
"太祖第二十三子","1","1","2"
"洪武二十四年封","2","0","2"
"大清顺治二年五","1","1","2"
"清顺治二年五月","1","1","2"
"通政使马思礼等","1","1","2"
"中都留守左卫指","1","1","2"
"都留守左卫指挥","1","1","2"
"留守左卫指挥佥","1","1","2"
"守左卫指挥佥事","1","1","2"
"四川都指挥佥事","1","1","2"
"川都指挥佥事临","1","1","2"
"都指挥佥事临淮","1","1","2"
"指挥佥事临淮刘","1","1","2"
"挥佥事临淮刘雄","1","1","2"
"都指挥满都等击","1","1","2"
"指挥满都等击平","1","1","2"
"庐州卫百户积功","1","1","2"
"袭定辽右卫指挥","1","1","2"
"定辽右卫指挥使","1","1","2"
"慈寿皇太后上尊","1","1","2"
"寿皇太后上尊号","1","1","2"
"山西太原府偏西","1","1","2"
"西太原府偏西六","1","1","2"
"太原府偏西六度","1","1","2"
"河南开封府偏西","1","1","2"
"南开封府偏西三","1","1","2"
"开封府偏西三度","1","1","2"
"封府偏西三度四","1","1","2"
"府偏西三度四十","1","1","2"
"偏西三度四十五","1","1","2"
"西三度四十五分","1","1","2"
"广西桂林府偏西","1","1","2"
"西桂林府偏西八","1","1","2"
"桂林府偏西八度","1","1","2"
"林府偏西八度半","1","1","2"
"江西南昌府偏西","1","1","2"
"西南昌府偏西二","1","1","2"
"南昌府偏西二度","1","1","2"
"昌府偏西二度半","1","1","2"
"广东广州府偏西","1","1","2"
"东广州府偏西五","1","1","2"
"广州府偏西五度","1","1","2"
"贵州贵阳府偏西","1","1","2"
"州贵阳府偏西九","1","1","2"
"贵阳府偏西九度","1","1","2"
"阳府偏西九度半","1","1","2"
"云南云南府偏西","1","1","2"
"南云南府偏西十","1","1","2"
"云南府偏西十七","1","1","2"
"南府偏西十七度","1","1","2"
"初三刻十三分昏","2","0","2"
"正三刻十一分昏","2","0","2"
"酉正一刻五分昏","2","0","2"
"进士改授翰林官","1","1","2"
"士改授翰林官充","1","1","2"
"洪武元年闰七月","1","1","2"
"昭公十五年六月","1","1","2"
"公十五年六月乙","1","1","2"
"十五年六月乙丑","1","1","2"
"内使女乐二十四","1","1","2"
"使女乐二十四人","1","1","2"
"雪柳女队子二十","1","1","2"
"柳女队子二十人","1","1","2"
"奏太宗体天弘道","1","1","2"
"太宗体天弘道高","1","1","2"
"宗体天弘道高明","1","1","2"
"十九年四月庚子","1","1","2"
"三十六年四月丙","1","1","2"
"十九年六月庚戌","1","1","2"
"慈溪茅家浦涌血","1","1","2"
"溪茅家浦涌血八","1","1","2"
"茅家浦涌血八处","1","1","2"
"洪武十三年七月","1","1","2"
"三十三年五月丙","1","1","2"
"十三年五月丙申","1","1","2"
"二十二年正月甲","1","1","2"
"十二年正月甲戌","1","1","2"
"定光禄司散官品","1","1","2"
"设行人三百四十","1","1","2"
"行人三百四十五","1","1","2"
"人三百四十五人","1","1","2"
"典察左右前后十","1","1","2"
"增设监督内臣共","1","1","2"
"设监督内臣共九","1","1","2"
"监督内臣共九十","1","1","2"
"督内臣共九十九","1","1","2"
"北五城兵马指挥","1","1","2"
"置内使监奉御六","1","1","2"
"内使监奉御六十","1","1","2"
"使监奉御六十人","1","1","2"
"尚书参赞机务一","1","1","2"
"书参赞机务一人","1","1","2"
"河东二都转运司","1","1","2"
"广东海北盐课提","1","1","2"
"东海北盐课提举","1","1","2"
"海北盐课提举司","1","1","2"
"福建二都转运司","1","1","2"
"改京官店宣课司","2","0","2"
"令宣课分司收税","1","1","2"
"直隶巡按杨家相","1","1","2"
"隶巡按杨家相请","1","1","2"
"部尚书郑三俊请","1","1","2"
"陕西商县凤皇山","1","1","2"
"西商县凤皇山银","1","1","2"
"商县凤皇山银坑","1","1","2"
"县凤皇山银坑八","1","1","2"
"凤皇山银坑八所","1","1","2"
"福建浦城县马鞍","1","1","2"
"建浦城县马鞍等","1","1","2"
"浦城县马鞍等坑","1","1","2"
"城县马鞍等坑三","1","1","2"
"县马鞍等坑三所","1","1","2"
"板场坑水银场局","1","1","2"
"杭州三处工部官","1","1","2"
"山西行都司库银","1","1","2"
"十一万三千四百","1","1","2"
"一万三千四百四","1","1","2"
"万三千四百四十","1","1","2"
"三千四百四十六","1","1","2"
"五千三百二十八","1","1","2"
"千三百二十八万","1","1","2"
"三百二十八万一","1","1","2"
"百二十八万一千","1","1","2"
"二十八万一千一","1","1","2"
"十八万一千一百","1","1","2"
"八万一千一百五","1","1","2"
"万一千一百五十","1","1","2"
"一千一百五十八","1","1","2"
"六十二万一千四","1","1","2"
"十二万一千四百","1","1","2"
"二万一千四百三","1","1","2"
"万一千四百三十","1","1","2"
"一千四百三十六","1","1","2"
"六十九万二千八","1","1","2"
"十九万二千八百","1","1","2"
"九万二千八百五","1","1","2"
"万二千八百五十","1","1","2"
"二千八百五十六","1","1","2"
"户部尚书郁新言","2","0","2"
"督漕总兵官杨宏","1","1","2"
"镇守淮安总兵官","1","1","2"
"统军元帅府元帅","1","1","2"
"军元帅府元帅正","1","1","2"
"元帅府元帅正三","1","1","2"
"帅府元帅正三品","1","1","2"
"置五军十卫参军","1","1","2"
"五军十卫参军府","1","1","2"
"始分隶五都督府","1","1","2"
"中府掌府事官守","2","0","2"
"府掌府事官守备","2","0","2"
"掌府事官守备南","2","0","2"
"府事官守备南京","2","0","2"
"南京五军都督府","1","1","2"
"王府护卫指挥使","1","1","2"
"府护卫指挥使司","1","1","2"
"镇守蓟州总兵官","1","1","2"
"守蓟州总兵官一","1","1","2"
"蓟州总兵官一人","1","1","2"
"镇守昌平总兵官","1","1","2"
"守昌平总兵官一","1","1","2"
"昌平总兵官一人","1","1","2"
"镇守辽东总兵官","1","1","2"
"守辽东总兵官一","1","1","2"
"辽东总兵官一人","1","1","2"
"令冬月移驻河东","1","1","2"
"冬月移驻河东辽","1","1","2"
"月移驻河东辽阳","1","1","2"
"移驻河东辽阳适","1","1","2"
"驻河东辽阳适中","1","1","2"
"镇守宣府总兵官","1","1","2"
"守宣府总兵官一","1","1","2"
"宣府总兵官一人","1","1","2"
"镇守大同总兵官","1","1","2"
"守大同总兵官一","1","1","2"
"大同总兵官一人","1","1","2"
"镇守延绥总兵官","1","1","2"
"守延绥总兵官一","1","1","2"
"延绥总兵官一人","1","1","2"
"镇守宁夏总兵官","1","1","2"
"守宁夏总兵官一","1","1","2"
"宁夏总兵官一人","1","1","2"
"镇守陕西总兵官","1","1","2"
"守陕西总兵官一","1","1","2"
"陕西总兵官一人","1","1","2"
"镇守四川总兵官","1","1","2"
"守四川总兵官一","1","1","2"
"四川总兵官一人","1","1","2"
"镇守云南总兵官","1","1","2"
"守云南总兵官一","1","1","2"
"云南总兵官一人","1","1","2"
"镇守贵州总兵官","1","1","2"
"守贵州总兵官一","1","1","2"
"贵州总兵官一人","1","1","2"
"提督麻阳等处地","1","1","2"
"督麻阳等处地方","1","1","2"
"麻阳等处地方职","1","1","2"
"阳等处地方职衔","1","1","2"
"镇守广西总兵官","1","1","2"
"守广西总兵官一","1","1","2"
"广西总兵官一人","1","1","2"
"嘉靖四十五年改","1","1","2"
"靖四十五年改设","1","1","2"
"镇守广东总兵官","1","1","2"
"守广东总兵官一","1","1","2"
"广东总兵官一人","1","1","2"
"嘉靖四十五年分","1","1","2"
"靖四十五年分设","1","1","2"
"镇守江南副总兵","1","1","2"
"守江南副总兵一","1","1","2"
"江南副总兵一人","1","1","2"
"镇守浙江总兵官","1","1","2"
"守浙江总兵官一","1","1","2"
"浙江总兵官一人","1","1","2"
"嘉靖三十四年设","1","1","2"
"粮七十五万五千","1","1","2"
"七十五万五千六","1","1","2"
"十五万五千六百","1","1","2"
"五万五千六百石","1","1","2"
"粮三百二十四万","1","1","2"
"三百二十四万四","1","1","2"
"百二十四万四千","1","1","2"
"二十四万四千四","1","1","2"
"十四万四千四百","1","1","2"
"四万四千四百石","1","1","2"
"十七万七千七百","1","1","2"
"七万七千七百石","1","1","2"
"万一千七百七十","1","1","2"
"遣工部侍郎潘鉴","1","1","2"
"广东采珠八千两","1","1","2"
"浙江绍兴织染局","1","1","2"
"造内殿醮坛瓷器","1","1","2"
"内殿醮坛瓷器三","1","1","2"
"殿醮坛瓷器三万","1","1","2"
"专管御器厂烧造","1","1","2"
"存留八十四万三","1","1","2"
"留八十四万三千","1","1","2"
"八十四万三千石","1","1","2"
"一二品官司提控","1","1","2"
"三四品官司令史","1","1","2"
"正四品二十四石","1","1","2"
"绢一匹抵钞二百","1","1","2"
"步军总旗一石五","1","1","2"
"军总旗一石五斗","1","1","2"
"总八百五十万七","2","0","2"
"百五十万七千余","1","1","2"
"五十万七千余顷","1","1","2"
"河西务等七钞关","1","1","2"
"钞二千九百二十","1","1","2"
"二千九百二十八","1","1","2"
"千九百二十八万","1","1","2"
"钱五千九百七十","1","1","2"
"五千九百七十七","1","1","2"
"千九百七十七万","1","1","2"
"京城九门钞六十","1","1","2"
"城九门钞六十六","1","1","2"
"九门钞六十六万","1","1","2"
"门钞六十六万五","1","1","2"
"钞六十六万五千","1","1","2"
"钱二百四十三万","1","1","2"
"密诸镇漕粮四百","1","1","2"
"诸镇漕粮四百万","1","1","2"
"镇漕粮四百万石","1","1","2"
"京卫屯豆二万三","1","1","2"
"卫屯豆二万三千","1","1","2"
"银二十五万七千","1","1","2"
"十五万七千馀两","2","0","2"
"马房仓麦豆草折","1","1","2"
"大等马房子粒银","1","1","2"
"等马房子粒银二","1","1","2"
"马房子粒银二万","1","1","2"
"房子粒银二万三","1","1","2"
"子粒银二万三千","1","1","2"
"银八十四万二千","1","1","2"
"官员折俸绢布银","1","1","2"
"员折俸绢布银二","1","1","2"
"折俸绢布银二十","1","1","2"
"俸绢布银二十六","1","1","2"
"绢布银二十六万","1","1","2"
"布银二十六万八","1","1","2"
"银二十六万八千","1","1","2"
"二十六万八千馀","2","0","2"
"御马三仓象马等","1","1","2"
"马三仓象马等房","1","1","2"
"商价十四万八千","1","1","2"
"十三万一千五百","1","1","2"
"三万一千五百斤","1","1","2"
"漳县五十一万五","1","1","2"
"县五十一万五千","1","1","2"
"五十一万五千六","1","1","2"
"十一万五千六百","1","1","2"
"一万五千六百斤","1","1","2"
"灵州二百八十六","1","1","2"
"州二百八十六万","1","1","2"
"二百八十六万七","1","1","2"
"百八十六万七千","1","1","2"
"八十六万七千四","1","1","2"
"十六万七千四百","1","1","2"
"六万七千四百斤","1","1","2"
"广东小引生盐三","1","1","2"
"东小引生盐三万","1","1","2"
"小引熟盐三万四","1","1","2"
"引熟盐三万四千","1","1","2"
"熟盐三万四千六","1","1","2"
"盐三万四千六百","1","1","2"
"海北小引正耗盐","1","1","2"
"北小引正耗盐一","1","1","2"
"小引正耗盐一万","1","1","2"
"引正耗盐一万二","1","1","2"
"正耗盐一万二千","1","1","2"
"耗盐一万二千四","1","1","2"
"盐一万二千四百","1","1","2"
"副都御史耿九畴","1","1","2"
"都御史耿九畴清","1","1","2"
"御史耿九畴清理","1","1","2"
"史耿九畴清理两","1","1","2"
"耿九畴清理两淮","1","1","2"
"河州必里卫西番","1","1","2"
"州必里卫西番二","1","1","2"
"必里卫西番二十","1","1","2"
"里卫西番二十九","1","1","2"
"卫西番二十九族","1","1","2"
"纳马三千五十匹","2","0","2"
"定四川茶引五万","1","1","2"
"四川茶引五万道","1","1","2"
"税五升三合五勺","1","1","2"
"重租田八升五合","1","1","2"
"租田八升五合五","1","1","2"
"田八升五合五勺","1","1","2"
"万历二十四年四","1","1","2"
"历二十四年四月","1","1","2"
"二十四年四月己","1","1","2"
"十四年四月己亥","1","1","2"
"二十一年五月辛","1","1","2"
"十一年五月辛丑","1","1","2"
"宣德九年六月甲","1","1","2"
"德九年六月甲子","1","1","2"
"大祀坛外西门兽","1","1","2"
"祀坛外西门兽吻","1","1","2"
"毁神乐观祖师殿","1","1","2"
"雷击吉王府端礼","1","1","2"
"击吉王府端礼门","1","1","2"
"十二年四月丙午","1","1","2"
"嘉靖二年五月丁","1","1","2"
"靖二年五月丁丑","1","1","2"
"雷击南京长安左","1","1","2"
"击南京长安左门","1","1","2"
"南京长安左门兽","1","1","2"
"京长安左门兽吻","1","1","2"
"雷击阜城门城楼","1","1","2"
"击阜城门城楼南","1","1","2"
"阜城门城楼南角","1","1","2"
"城门城楼南角兽","1","1","2"
"门城楼南角兽吻","1","1","2"
"雷击南京承天门","1","1","2"
"十六年八月壬午","1","1","2"
"三十二年五月癸","1","1","2"
"十二年五月癸酉","1","1","2"
"永乐十八年九月","1","1","2"
"成化十七年六月","1","1","2"
"宣德元年十一月","1","1","2"
"锦衣卫校尉綦荣","1","1","2"
"隆庆二年十二月","1","1","2"
"静乐男子李良雨","1","1","2"
"十七年六月甲申","1","1","2"
"嘉靖二十九年二","1","1","2"
"靖二十九年二月","1","1","2"
"二十九年二月甲","1","1","2"
"十九年二月甲子","1","1","2"
"隆庆州张山营堡","1","1","2"
"庆州张山营堡山","1","1","2"
"二十八年八月戊","1","1","2"
"十八年八月戊戌","1","1","2"
"四十二年三月癸","1","1","2"
"十二年三月癸卯","1","1","2"
"正统元年闰六月","1","1","2"
"长安街水深五尺","1","1","2"
"洪武十年正月丁","1","1","2"
"武十年正月丁酉","1","1","2"
"万历二十四年十","1","1","2"
"历二十四年十二","1","1","2"
"十四年十二月辛","1","1","2"
"四年十二月辛卯","1","1","2"
"亭高六尺七寸九","1","1","2"
"高六尺七寸九分","1","1","2"
"长五尺八寸四分","1","1","2"
"辕长一丈九尺五","1","1","2"
"长一丈九尺五寸","1","1","2"
"京吏部右侍郎章","1","1","2"
"吏部右侍郎章纶","1","1","2"
"御史高明考察庶","2","0","2"
"史高明考察庶官","2","0","2"
"直省都指挥使二","1","1","2"
"省都指挥使二十","1","1","2"
"都指挥使二十一","1","1","2"
"群牧千户所二百","1","1","2"
"赐徐阶教子升天","1","1","2"
"徐阶教子升天蟒","1","1","2"
"副都御史正三品","1","1","2"
"十二道监察御史","1","1","2"
"二道监察御史正","1","1","2"
"道监察御史正七","1","1","2"
"监察御史正七品","1","1","2"
"改设都御史一人","1","1","2"
"设御史二十八人","1","1","2"
"添设提督军务巡","1","1","2"
"设提督军务巡抚","1","1","2"
"提督军务巡抚凤","1","1","2"
"督军务巡抚凤阳","1","1","2"
"军务巡抚凤阳都","1","1","2"
"务巡抚凤阳都御","1","1","2"
"督两广军务理粮","2","0","2"
"两广军务理粮饷","2","0","2"
"巡抚广东地方一","1","1","2"
"抚广东地方一员","1","1","2"
"事中雷填巡抚广","1","1","2"
"中雷填巡抚广西","1","1","2"
"巡抚顺天等府地","1","1","2"
"抚顺天等府地方","1","1","2"
"巡抚保定等府提","1","1","2"
"抚保定等府提督","1","1","2"
"保定等府提督紫","1","1","2"
"始专设河南巡抚","1","1","2"
"都御史郭智镇抚","1","1","2"
"御史郭智镇抚宁","1","1","2"
"史郭智镇抚宁夏","1","1","2"
"都御史贾谅镇守","1","1","2"
"都御史赞理军务","2","0","2"
"春坊大学士正五","1","1","2"
"坊大学士正五品","1","1","2"
"置资德院资德一","1","1","2"
"资德院资德一人","1","1","2"
"大学士提调讲读","1","1","2"
"学士提调讲读官","1","1","2"
"国将军夫人冠服","2","0","2"
"监生三十八人隶","1","1","2"
"大理寺二十八名","1","1","2"
"五军都督府五十","1","1","2"
"军都督府五十名","1","1","2"
"礼部写民情条例","1","1","2"
"部写民情条例七","1","1","2"
"写民情条例七十","1","1","2"
"民情条例七十二","1","1","2"
"情条例七十二名","1","1","2"
"光禄寺刷卷四名","1","1","2"
"兵部查马册三十","1","1","2"
"部查马册三十名","1","1","2"
"工部大木厂二十","1","1","2"
"部大木厂二十名","1","1","2"
"定职官子孙荫叙","1","1","2"
"置北京行部尚书","1","1","2"
"北京行部尚书二","1","1","2"
"京行部尚书二人","1","1","2"
"内会总科主事六","1","1","2"
"会总科主事六人","1","1","2"
"外牵照科主事二","1","1","2"
"牵照科主事二人","1","1","2"
"中都留守司经历","1","1","2"
"都留守司经历司","1","1","2"
"顺天应天二府经","1","1","2"
"天应天二府经历","1","1","2"
"应天二府经历司","1","1","2"
"应天二府照磨所","1","1","2"
"上林苑监典簿厅","1","1","2"
"王府长史司典簿","1","1","2"
"府长史司典簿厅","1","1","2"
"增设武库司员外","1","1","2"
"设武库司员外郎","1","1","2"
"武库司员外郎一","1","1","2"
"库司员外郎一人","1","1","2"
"弘治十二年会试","1","1","2"
"中陈燧等九十五","1","1","2"
"陈燧等九十五人","1","1","2"
"天启二年壬戌会","1","1","2"
"启二年壬戌会试","1","1","2"
"东西北安门指挥","1","1","2"
"西北安门指挥千","1","1","2"
"北安门指挥千户","1","1","2"
"安门指挥千户所","1","1","2"
"所承字东西北字","2","0","2"
"承字东西北字号","2","0","2"
"时刘福通迎立韩","1","1","2"
"刘福通迎立韩山","1","1","2"
"福通迎立韩山童","1","1","2"
"通迎立韩山童子","1","1","2"
"平兴国翼元帅府","1","1","2"
"时耿炳文守长兴","1","1","2"
"福建行省参政袁","1","1","2"
"建行省参政袁天","1","1","2"
"行省参政袁天禄","1","1","2"
"徐寿辉旧将欧普","1","1","2"
"寿辉旧将欧普祥","1","1","2"
"友谅将张定边陷","2","0","2"
"友谅江西行省丞","1","1","2"
"谅江西行省丞相","1","1","2"
"江西行省丞相胡","1","1","2"
"西行省丞相胡廷","1","1","2"
"行省丞相胡廷瑞","1","1","2"
"湖广行省平章杨","1","1","2"
"参政张彬取广西","1","1","2"
"嘉靖十七年九月","1","1","2"
"宣宗宪天崇道英","1","1","2"
"宗宪天崇道英明","1","1","2"
"宪天崇道英明神","1","1","2"
"天崇道英明神圣","1","1","2"
"崇道英明神圣钦","1","1","2"
"道英明神圣钦文","1","1","2"
"英明神圣钦文昭","1","1","2"
"明神圣钦文昭武","1","1","2"
"神圣钦文昭武宽","1","1","2"
"圣钦文昭武宽仁","1","1","2"
"钦文昭武宽仁纯","1","1","2"
"文昭武宽仁纯孝","1","1","2"
"昭武宽仁纯孝章","1","1","2"
"武宽仁纯孝章皇","1","1","2"
"宽仁纯孝章皇帝","1","1","2"
"廖永忠征南将军","2","0","2"
"封李文忠曹国公","1","1","2"
"常遇春子茂郑国","1","1","2"
"遇春子茂郑国公","1","1","2"
"等侯者二十八人","1","1","2"
"封中书右丞汪广","1","1","2"
"中书右丞汪广洋","1","1","2"
"书右丞汪广洋忠","1","1","2"
"右丞汪广洋忠勤","1","1","2"
"丞汪广洋忠勤伯","1","1","2"
"御史中丞刘基诚","1","1","2"
"史中丞刘基诚意","1","1","2"
"中丞刘基诚意伯","1","1","2"
"李文忠左副将军","2","0","2"
"曹国公李文忠总","1","1","2"
"神宗范天合道哲","1","1","2"
"宗范天合道哲肃","1","1","2"
"范天合道哲肃敦","1","1","2"
"天合道哲肃敦简","1","1","2"
"合道哲肃敦简光","1","1","2"
"道哲肃敦简光文","1","1","2"
"哲肃敦简光文章","1","1","2"
"肃敦简光文章武","1","1","2"
"敦简光文章武安","1","1","2"
"简光文章武安仁","1","1","2"
"光文章武安仁止","1","1","2"
"文章武安仁止孝","1","1","2"
"章武安仁止孝显","1","1","2"
"武安仁止孝显皇","1","1","2"
"安仁止孝显皇帝","1","1","2"
"大清太祖高皇帝","1","1","2"
"兵部尚书郑雒经","1","1","2"
"部尚书郑雒经略","1","1","2"
"尚书郑雒经略陕","1","1","2"
"书郑雒经略陕西","1","1","2"
"郑雒经略陕西四","1","1","2"
"雒经略陕西四镇","1","1","2"
"遣都督佥事李宗","1","1","2"
"都督佥事李宗城","1","1","2"
"指挥杨方亨封平","1","1","2"
"挥杨方亨封平秀","1","1","2"
"杨方亨封平秀吉","1","1","2"
"前南京吏部侍郎","1","1","2"
"南京吏部侍郎钱","1","1","2"
"京吏部侍郎钱龙","1","1","2"
"吏部侍郎钱龙锡","1","1","2"
"吏部侍郎杨景辰","1","1","2"
"礼部侍郎周道登","1","1","2"
"苏杭织造太监李","1","1","2"
"杭织造太监李实","1","1","2"
"前应天巡抚周元","2","0","2"
"吏部主事周顺昌","1","1","2"
"兵部侍郎侯恂督","1","1","2"
"景隆横阵数十里","1","1","2"
"左军都督刘真镇","1","1","2"
"节制陕西行都司","1","1","2"
"仁宗敬天体道纯","1","1","2"
"宗敬天体道纯诚","1","1","2"
"德弘文钦武章圣","1","1","2"
"弘文钦武章圣达","1","1","2"
"文钦武章圣达孝","1","1","2"
"钦武章圣达孝昭","1","1","2"
"武章圣达孝昭皇","1","1","2"
"章圣达孝昭皇帝","1","1","2"
"事中萧奇等三十","1","1","2"
"中萧奇等三十五","1","1","2"
"萧奇等三十五人","1","1","2"
"潼关等五卫兵驻","1","1","2"
"关等五卫兵驻宣","1","1","2"
"等五卫兵驻宣府","1","1","2"
"河南三都指挥使","1","1","2"
"南三都指挥使司","1","1","2"
"英宗法天立道仁","1","1","2"
"宗法天立道仁明","1","1","2"
"法天立道仁明诚","1","1","2"
"天立道仁明诚敬","1","1","2"
"立道仁明诚敬昭","1","1","2"
"道仁明诚敬昭文","1","1","2"
"仁明诚敬昭文宪","1","1","2"
"明诚敬昭文宪武","1","1","2"
"兵部尚书王骥总","1","1","2"
"部尚书王骥总督","1","1","2"
"尚书王骥总督军","1","1","2"
"书王骥总督军务","1","1","2"
"广西总兵官安远","1","1","2"
"西总兵官安远侯","1","1","2"
"兵官安远侯柳溥","1","1","2"
"广东贼黄萧养作","1","1","2"
"东贼黄萧养作乱","1","1","2"
"都指挥同知杨能","1","1","2"
"指挥同知杨能充","1","1","2"
"湖漕粮二百余万","1","1","2"
"漕粮二百余万石","1","1","2"
"吏部员外郎薛蕙","1","1","2"
"宪宗继天凝道诚","1","1","2"
"宗继天凝道诚明","1","1","2"
"继天凝道诚明仁","1","1","2"
"天凝道诚明仁敬","1","1","2"
"凝道诚明仁敬崇","1","1","2"
"道诚明仁敬崇文","1","1","2"
"诚明仁敬崇文肃","1","1","2"
"明仁敬崇文肃武","1","1","2"
"仁敬崇文肃武宏","1","1","2"
"敬崇文肃武宏德","1","1","2"
"崇文肃武宏德圣","1","1","2"
"文肃武宏德圣孝","1","1","2"
"肃武宏德圣孝纯","1","1","2"
"武宏德圣孝纯皇","1","1","2"
"宏德圣孝纯皇帝","1","1","2"
"靖十八年二月封","1","1","2"
"下右都御史耿九","1","1","2"
"右都御史耿九畴","1","1","2"
"巡抚副都御史何","1","1","2"
"抚副都御史何鉴","1","1","2"
"副都御史何鉴经","1","1","2"
"御史何鉴经理南","1","1","2"
"史何鉴经理南畿","1","1","2"
"何鉴经理南畿水","1","1","2"
"鉴经理南畿水利","1","1","2"
"刑部侍郎樊莹巡","1","1","2"
"部侍郎樊莹巡视","1","1","2"
"侍郎樊莹巡视云","1","1","2"
"守备鲁承恩等战","1","1","2"
"备鲁承恩等战死","1","1","2"
"都御史杨守谦提","1","1","2"
"御史杨守谦提督","1","1","2"
"史杨守谦提督军","1","1","2"
"杨守谦提督军务","1","1","2"
"左谕德赵贞吉宣","1","1","2"
"通州都御史王仪","1","1","2"
"参将赵倾葵等战","1","1","2"
"将赵倾葵等战死","1","1","2"
"巡抚侍郎胡宗宪","1","1","2"
"抚侍郎胡宗宪总","1","1","2"
"侍郎胡宗宪总督","1","1","2"
"郎胡宗宪总督军","1","1","2"
"胡宗宪总督军务","1","1","2"
"武宗承天达道英","1","1","2"
"宗承天达道英肃","1","1","2"
"承天达道英肃睿","1","1","2"
"天达道英肃睿哲","1","1","2"
"达道英肃睿哲昭","1","1","2"
"道英肃睿哲昭德","1","1","2"
"英肃睿哲昭德显","1","1","2"
"肃睿哲昭德显功","1","1","2"
"睿哲昭德显功弘","1","1","2"
"哲昭德显功弘文","1","1","2"
"昭德显功弘文思","1","1","2"
"德显功弘文思孝","1","1","2"
"显功弘文思孝毅","1","1","2"
"功弘文思孝毅皇","1","1","2"
"弘文思孝毅皇帝","1","1","2"
"张永督十二团营","1","1","2"
"川巡抚都御史林","1","1","2"
"巡抚都御史林俊","1","1","2"
"抚都御史林俊擒","1","1","2"
"遗诏召兴献王长","1","1","2"
"诏召兴献王长子","1","1","2"
"太医院院判蒋宗","1","1","2"
"医院院判蒋宗武","1","1","2"
"浙江布政使刘福","1","1","2"
"江布政使刘福下","1","1","2"
"布政使刘福下西","1","1","2"
"政使刘福下西厂","1","1","2"
"南京刑部侍郎金","1","1","2"
"京刑部侍郎金绅","1","1","2"
"刑部侍郎金绅巡","1","1","2"
"部侍郎金绅巡视","1","1","2"
"侍郎金绅巡视江","1","1","2"
"郎金绅巡视江西","1","1","2"
"金绅巡视江西水","1","1","2"
"绅巡视江西水灾","1","1","2"
"部侍郎何乔新巡","1","1","2"
"侍郎何乔新巡视","1","1","2"
"郎何乔新巡视边","1","1","2"
"何乔新巡视边关","1","1","2"
"指挥姚英等战死","1","1","2"
"翰林院修撰黄子","1","1","2"
"林院修撰黄子澄","1","1","2"
"追尊皇考曰孝康","1","1","2"
"尊皇考曰孝康皇","1","1","2"
"皇考曰孝康皇帝","1","1","2"
"妣常氏曰孝康皇","1","1","2"
"常氏曰孝康皇后","1","1","2"
"夏原吉等二十四","1","1","2"
"原吉等二十四人","1","1","2"
"保定知府雒佥叛","1","1","2"
"定知府雒佥叛降","1","1","2"
"知府雒佥叛降燕","1","1","2"
"济阳教谕王省皆","1","1","2"
"徽州知府陈彦回","1","1","2"
"乐平知县张彦方","1","1","2"
"锦衣指挥同知徐","1","1","2"
"衣指挥同知徐爵","1","1","2"
"指挥同知徐爵居","1","1","2"
"兵部尚书梁梦龙","1","1","2"
"兵部员外郎嵇应","1","1","2"
"部员外郎嵇应科","1","1","2"
"山西提学副使陆","1","1","2"
"西提学副使陆檄","1","1","2"
"河南参政戴光启","1","1","2"
"礼部侍郎何雒文","1","1","2"
"部侍郎何雒文代","1","1","2"
"南京郎中汪应蛟","1","1","2"
"劾锦衣都督刘守","1","1","2"
"劾刑部尚书潘季","1","1","2"
"巡按御史王业弘","1","1","2"
"劾礼部侍郎朱国","1","1","2"
"礼部侍郎朱国祚","1","1","2"
"辱礼部侍郎敖文","1","1","2"
"礼部侍郎敖文祯","1","1","2"
"吏部尚书赵焕调","1","1","2"
"部尚书赵焕调浙","1","1","2"
"尚书赵焕调浙江","1","1","2"
"书赵焕调浙江巡","1","1","2"
"赵焕调浙江巡按","1","1","2"
"焕调浙江巡按吕","1","1","2"
"调浙江巡按吕图","1","1","2"
"浙江巡按吕图南","1","1","2"
"江巡按吕图南补","1","1","2"
"中书舍人尹嘉宾","1","1","2"
"泰安州同知张寿","1","1","2"
"安州同知张寿朋","1","1","2"
"举万历十一年进","2","0","2"
"陛下重惩科场冒","1","1","2"
"中书舍人黄正宾","1","1","2"
"怀远堡李继迁寨","1","1","2"
"安塞马贼高迎祥","1","1","2"
"饥民王大梁聚众","1","1","2"
"参政洪承畴击破","1","1","2"
"政洪承畴击破王","1","1","2"
"洪承畴击破王左","1","1","2"
"承畴击破王左挂","1","1","2"
"延绥巡抚张梦鲸","1","1","2"
"兵部郎中李继贞","1","1","2"
"孤山副将曹文诏","1","1","2"
"献忠共三十六营","1","1","2"
"总兵官曹文诏率","1","1","2"
"兵官曹文诏率陕","1","1","2"
"官曹文诏率陕西","1","1","2"
"曹文诏率陕西兵","1","1","2"
"邢台摩天岭西下","1","1","2"
"监军太监杨进朝","1","1","2"
"军太监杨进朝信","1","1","2"
"河南巡抚玄默率","1","1","2"
"贼窜入卢氏山中","1","1","2"
"卢象升抚治郧阳","1","1","2"
"山东巡抚朱大典","1","1","2"
"献忠共十三家七","1","1","2"
"忠共十三家七十","1","1","2"
"共十三家七十二","1","1","2"
"州判赵士宽战死","1","1","2"
"漕运都御史杨一","1","1","2"
"运都御史杨一鹏","1","1","2"
"令副总兵刘成功","1","1","2"
"河南巡抚陈必谦","1","1","2"
"南巡抚陈必谦督","1","1","2"
"御史方震孺坚守","1","1","2"
"总兵官侯良柱战","1","1","2"
"兵官侯良柱战死","1","1","2"
"田见秀等十八骑","1","1","2"
"西总督郑崇俭发","1","1","2"
"总督郑崇俭发兵","1","1","2"
"知县徐日泰骂贼","1","1","2"
"逆案中尚书李精","1","1","2"
"案中尚书李精白","1","1","2"
"都御史高名衡等","1","1","2"
"巡抚汪乔年调兵","1","1","2"
"河南大将李国奇","1","1","2"
"山东总兵刘泽清","1","1","2"
"马守应称老回回","1","1","2"
"贺一龙称革里眼","1","1","2"
"刘希尧称争世王","1","1","2"
"蔺养成称乱世王","1","1","2"
"白鬃大纛银浮屠","1","1","2"
"金星请先取河北","1","1","2"
"失兵器辎重数十","1","1","2"
"守将王根子开东","1","1","2"
"将王根子开东门","1","1","2"
"顾君恩女乐一部","1","1","2"
"百姓望见黄龙纛","1","1","2"
"余应桂总督三边","1","1","2"
"设天佑殿大学士","1","1","2"
"兵政侍郎杨王休","1","1","2"
"令弘文馆学士李","1","1","2"
"弘文馆学士李化","1","1","2"
"文馆学士李化鳞","1","1","2"
"馆学士李化鳞等","1","1","2"
"大学士李建泰请","1","1","2"
"府县多望风送款","1","1","2"
"宁武总兵周遇吉","1","1","2"
"武总兵周遇吉战","1","1","2"
"总兵周遇吉战死","1","1","2"
"大学士魏藻德率","1","1","2"
"藻德等共八百余","1","1","2"
"德等共八百余人","1","1","2"
"巡抚路振飞发兵","1","1","2"
"山海关总兵吴三","1","1","2"
"海关总兵吴三桂","1","1","2"
"监军太监李继改","1","1","2"
"王光恩等十三家","1","1","2"
"信兵部尚书杨嗣","1","1","2"
"十三家降贼一时","1","1","2"
"一日夜驰三百里","2","0","2"
"杀郧襄道张克俭","1","1","2"
"凤阳总督高斗光","1","1","2"
"陈两姓土官悍勇","1","1","2"
"武昌生员程天一","1","1","2"
"白云寨长易道三","1","1","2"
"巡按刘熙祚奉吉","1","1","2"
"按刘熙祚奉吉王","1","1","2"
"南京诸臣尊立福","1","1","2"
"京诸臣尊立福王","1","1","2"
"黎州土司马金坚","1","1","2"
"隆庆元年提督东","1","1","2"
"庆元年提督东厂","1","1","2"
"十三道御史刘良","1","1","2"
"三道御史刘良弼","1","1","2"
"道御史刘良弼等","1","1","2"
"锦衣都督朱希孝","1","1","2"
"疏荐座主潘晟入","2","0","2"
"事中王继光相继","1","1","2"
"御史郭惟贤请召","1","1","2"
"劾大学士申时行","1","1","2"
"南京兵部尚书吴","1","1","2"
"京兵部尚书吴文","1","1","2"
"兵部尚书吴文华","1","1","2"
"部尚书吴文华率","1","1","2"
"南京吏部尚书陆","1","1","2"
"京吏部尚书陆光","1","1","2"
"申时行等毓德宫","2","0","2"
"房山县民史锦奏","1","1","2"
"山县民史锦奏请","1","1","2"
"县民史锦奏请开","1","1","2"
"民史锦奏请开矿","1","1","2"
"都知县吴宗尧抗","1","1","2"
"临清税监马堂相","1","1","2"
"清税监马堂相争","1","1","2"
"内阁中书程守训","1","1","2"
"凤阳巡抚李三才","1","1","2"
"万历二十七年二","1","1","2"
"历二十七年二月","1","1","2"
"富平知县王正志","1","1","2"
"渭南知县徐斗牛","1","1","2"
"咸阳冰片五十斤","1","1","2"
"三十一年十一月","1","1","2"
"十一年十一月甲","1","1","2"
"一年十一月甲子","1","1","2"
"管事牌子常云独","1","1","2"
"客中书舍人汪文","1","1","2"
"中书舍人汪文言","1","1","2"
"刑部主事刘宗周","1","1","2"
"部主事刘宗周首","1","1","2"
"赖大学士叶向高","1","1","2"
"顾宪成讲学东林","2","0","2"
"劾忠贤二十四大","2","0","2"
"南京兵部尚书陈","1","1","2"
"京兵部尚书陈道","1","1","2"
"兵部尚书陈道亨","1","1","2"
"侍郎岳元声等七","1","1","2"
"郎岳元声等七十","1","1","2"
"岳元声等七十余","1","1","2"
"元声等七十余人","1","1","2"
"礼部尚书翁正春","1","1","2"
"部尚书翁正春请","1","1","2"
"工部主事曹钦程","1","1","2"
"部主事曹钦程等","1","1","2"
"杨涟等二十余人","1","1","2"
"侍郎公鼐等五十","1","1","2"
"郎公鼐等五十余","1","1","2"
"公鼐等五十余人","1","1","2"
"中书吴怀贤读杨","1","1","2"
"书吴怀贤读杨涟","1","1","2"
"治前应天巡抚周","1","1","2"
"捕颜佩韦等五人","1","1","2"
"刑部尚书徐兆魁","1","1","2"
"部尚书徐兆魁治","1","1","2"
"辽阳男子武长春","1","1","2"
"吏部尚书王绍徽","1","1","2"
"部尚书王绍徽请","1","1","2"
"袭锦衣卫指挥使","1","1","2"
"评事许志吉先后","1","1","2"
"扬州知府刘铎代","1","1","2"
"州知府刘铎代李","1","1","2"
"知府刘铎代李承","1","1","2"
"府刘铎代李承恩","1","1","2"
"梁栋等三十余人","1","1","2"
"吏部尚书周应秋","1","1","2"
"顺天府丞刘志选","1","1","2"
"工部尚书薛凤翔","1","1","2"
"蕃育署丞张永祚","1","1","2"
"兵部尚书左都御","2","0","2"
"部尚书左都御史","2","0","2"
"冯元飙等十余人","1","1","2"
"部尚书闵洪学率","1","1","2"
"南京侍郎吕维祺","1","1","2"
"礼部侍郎李孙宸","1","1","2"
"工部侍郎高弘图","1","1","2"
"工部尚书周士朴","1","1","2"
"劾巡按御史胡良","1","1","2"
"巡按御史胡良机","1","1","2"
"都御史王志道言","2","0","2"
"时兵部尚书张凤","1","1","2"
"宣大总督梁廷栋","1","1","2"
"大总督卢象升孤","1","1","2"
"总督卢象升孤军","1","1","2"
"督卢象升孤军战","1","1","2"
"太监曹化淳名下","1","1","2"
"命承恩提督京营","1","1","2"
"命总监保定军务","1","1","2"
"掌印太监高时明","1","1","2"
"秉笔太监李凤翔","1","1","2"
"提督诸监局太监","1","1","2"
"督诸监局太监褚","1","1","2"
"诸监局太监褚宪","1","1","2"
"监局太监褚宪章","1","1","2"
"遣征南将军颍川","1","1","2"
"征南将军颍川侯","1","1","2"
"左副将军永昌侯","1","1","2"
"右副将军西平侯","1","1","2"
"遣都督胡海洋等","1","1","2"
"安陆侯吴复总兵","2","0","2"
"易马六千五百匹","1","1","2"
"靖宁侯叶升等分","1","1","2"
"五千五百三十八","1","1","2"
"千五百三十八人","1","1","2"
"乌蒙军民府知府","1","1","2"
"蒙军民府知府实","1","1","2"
"军民府知府实哲","1","1","2"
"秀子弟入学读书","1","1","2"
"乌撒知府陇旧等","1","1","2"
"闰七月二十七日","1","1","2"
"督永宁宣抚司女","1","1","2"
"抚司女土官奢爵","1","1","2"
"司女土官奢爵等","1","1","2"
"芒部护印土舍陇","1","1","2"
"部护印土舍陇寿","1","1","2"
"乌撒土舍安宁等","1","1","2"
"发土兵二万五千","1","1","2"
"土兵二万五千人","1","1","2"
"贵州参将杨仁等","1","1","2"
"生擒一百六十七","1","1","2"
"擒一百六十七人","1","1","2"
"白乌石等四十九","1","1","2"
"都御史王廷相任","1","1","2"
"四川巡抚唐凤仪","1","1","2"
"怀德长官阿济等","1","1","2"
"东川土知府禄庆","1","1","2"
"川土知府禄庆死","1","1","2"
"结乌撒土官安泰","1","1","2"
"贵州宣慰安万铨","1","1","2"
"云南巡抚游居敬","1","1","2"
"心腹母勒阿济等","1","1","2"
"实卜乌撒土知府","1","1","2"
"阿哥沾益土知州","1","1","2"
"乌撒土舍安效良","1","1","2"
"贵州巡按御史杨","1","1","2"
"州巡按御史杨鹤","1","1","2"
"南巡抚闵洪学所","1","1","2"
"宣抚使沙源等督","1","1","2"
"四川巡抚差官李","1","1","2"
"川巡抚差官李友","1","1","2"
"巡抚差官李友芝","1","1","2"
"云南巡抚谢存仁","1","1","2"
"总督朱燮元调集","1","1","2"
"立罗罗斯宣慰司","1","1","2"
"置建昌卫指挥使","1","1","2"
"建昌卫指挥使司","1","1","2"
"贡马一百八十匹","1","1","2"
"钞二千四百四十","1","1","2"
"二千四百四十锭","1","1","2"
"僧保等四十二人","1","1","2"
"指挥佥事鲁毅率","1","1","2"
"总兵官凉国公蓝","1","1","2"
"兵官凉国公蓝玉","1","1","2"
"四川都指挥使瞿","1","1","2"
"川都指挥使瞿能","1","1","2"
"伪千户段太平等","1","1","2"
"指挥同知徐凯分","1","1","2"
"挥同知徐凯分兵","1","1","2"
"柏兴州贾哈喇境","1","1","2"
"兴州贾哈喇境内","1","1","2"
"置军民指挥使司","1","1","2"
"四川行都指挥使","1","1","2"
"川行都指挥使司","1","1","2"
"置茂州卫指挥使","1","1","2"
"茂州卫指挥使司","1","1","2"
"四川巡抚李尚忠","1","1","2"
"洪武十五年归附","2","0","2"
"平羌将军御史大","1","1","2"
"羌将军御史大夫","1","1","2"
"将军御史大夫丁","1","1","2"
"军御史大夫丁玉","1","1","2"
"置松州卫指挥使","1","1","2"
"松州卫指挥使司","1","1","2"
"宁州卫指挥高显","1","1","2"
"置十三族长官司","1","1","2"
"松潘八积族老虎","1","1","2"
"潘八积族老虎等","1","1","2"
"松潘等处军民指","1","1","2"
"潘等处军民指挥","1","1","2"
"等处军民指挥使","1","1","2"
"处军民指挥使司","1","1","2"
"都指挥佥事蒋贵","1","1","2"
"同松潘卫指挥吴","1","1","2"
"护卫官校七千人","1","1","2"
"都指挥赵谅所陷","1","1","2"
"松潘指挥佥事王","1","1","2"
"潘指挥佥事王杲","1","1","2"
"刑部左侍郎罗绮","1","1","2"
"部左侍郎罗绮等","1","1","2"
"斩首一千一百余","1","1","2"
"首一千一百余级","1","1","2"
"兵备副使沈琮督","1","1","2"
"斩获夜合等三十","1","1","2"
"获夜合等三十六","1","1","2"
"松潘指挥佥事尧","1","1","2"
"思曩日安抚等十","1","1","2"
"曩日安抚等十六","1","1","2"
"日安抚等十六族","1","1","2"
"都指挥佥事李镐","1","1","2"
"鹅饮溪等三十一","1","1","2"
"会巡抚张时彻讨","2","0","2"
"巡抚张时彻讨擒","2","0","2"
"抚张时彻讨擒渠","2","0","2"
"张时彻讨擒渠恶","2","0","2"
"时彻讨擒渠恶数","2","0","2"
"彻讨擒渠恶数人","2","0","2"
"毁碉房四千八百","2","0","2"
"属土番等处宣慰","2","0","2"
"天全六番招讨使","1","1","2"
"全六番招讨使高","1","1","2"
"六番招讨使高英","1","1","2"
"芽茶二千二百斤","1","1","2"
"招讨高文林父子","1","1","2"
"袭邛部州六番招","1","1","2"
"邛部州六番招讨","1","1","2"
"部州六番招讨使","1","1","2"
"大渡河守御千户","1","1","2"
"渡河守御千户所","1","1","2"
"士卒二万七千八","1","1","2"
"卒二万七千八百","1","1","2"
"二万七千八百余","1","1","2"
"万七千八百余人","1","1","2"
"福建五虎门扬帆","1","1","2"
"前伪王子苏干剌","1","1","2"
"旧港酋长施济孙","1","1","2"
"港酋长施济孙请","1","1","2"
"忽鲁谟斯等十七","1","1","2"
"鲁谟斯等十七国","1","1","2"
"传三保太监下西","1","1","2"
"三保太监下西洋","1","1","2"
"仪仗鞍马什器多","1","1","2"
"胜圆觉妙智慧善","1","1","2"
"圆觉妙智慧善普","1","1","2"
"觉妙智慧善普应","1","1","2"
"大宝法王西天大","1","1","2"
"宝法王西天大善","1","1","2"
"景泰元年十一月","1","1","2"
"时勉荷校国子监","2","0","2"
"勉荷校国子监门","2","0","2"
"霸州知州张需禁","1","1","2"
"州知州张需禁饬","1","1","2"
"知州张需禁饬牧","1","1","2"
"州张需禁饬牧马","1","1","2"
"张需禁饬牧马校","1","1","2"
"需禁饬牧马校卒","1","1","2"
"锦衣卫卒王永心","1","1","2"
"命吏部尚书王翱","1","1","2"
"南京镇监覃力朋","1","1","2"
"程万里等数十人","1","1","2"
"兵部侍郎马文升","1","1","2"
"分守湖广行都司","1","1","2"
"守湖广行都司地","1","1","2"
"湖广行都司地方","1","1","2"
"云南巡按御史郭","1","1","2"
"南巡按御史郭阳","1","1","2"
"巡抚都御史王恕","1","1","2"
"巡按御史甄希贤","1","1","2"
"广南均徭户六十","1","1","2"
"寿宁侯张鹤龄兄","1","1","2"
"宁侯张鹤龄兄弟","1","1","2"
"进士吴宗周先后","1","1","2"
"南京御史姜绾等","1","1","2"
"奏户部主事卢锦","1","1","2"
"户部尚书韩文率","1","1","2"
"事中戴铣等六人","1","1","2"
"御史薄彦徽等十","1","1","2"
"史薄彦徽等十五","1","1","2"
"薄彦徽等十五人","1","1","2"
"守备南京武靖伯","1","1","2"
"备南京武靖伯赵","1","1","2"
"南京武靖伯赵承","1","1","2"
"京武靖伯赵承庆","1","1","2"
"南京副都御史陈","1","1","2"
"一千五百六十余","1","1","2"
"千五百六十余人","1","1","2"
"授播州土司杨斌","1","1","2"
"御史欧阳云等十","1","1","2"
"史欧阳云等十余","1","1","2"
"欧阳云等十余人","1","1","2"
"御史十四人分道","1","1","2"
"浙江盐运使杨奇","1","1","2"
"侍讲吴一鹏等十","1","1","2"
"讲吴一鹏等十六","1","1","2"
"吴一鹏等十六人","1","1","2"
"锦衣卫指挥杨玉","1","1","2"
"令天下巡抚入京","1","1","2"
"都督同知景祥死","1","1","2"
"兵部尚书王敞等","1","1","2"
"兵部尚书何鉴乞","1","1","2"
"都指挥哑失帖木","1","1","2"
"外戚会昌侯孙继","1","1","2"
"戚会昌侯孙继宗","1","1","2"
"会昌侯孙继宗兄","1","1","2"
"昌侯孙继宗兄弟","1","1","2"
"都指挥朱谅等七","1","1","2"
"指挥朱谅等七十","1","1","2"
"挥朱谅等七十六","1","1","2"
"朱谅等七十六人","1","1","2"
"弘农卫千户陈安","1","1","2"
"外戚都指挥孙绍","1","1","2"
"戚都指挥孙绍宗","1","1","2"
"军士六十七人冒","1","1","2"
"士六十七人冒讨","1","1","2"
"事中程万里等五","1","1","2"
"中程万里等五人","1","1","2"
"劾南京户部侍郎","1","1","2"
"南京户部侍郎马","1","1","2"
"京户部侍郎马谅","1","1","2"
"后巡按御史吴琬","1","1","2"
"巡按御史吴琬等","1","1","2"
"按御史吴琬等四","1","1","2"
"御史吴琬等四人","1","1","2"
"陕西督储参政娄","1","1","2"
"西督储参政娄良","1","1","2"
"陕西按察使钱博","1","1","2"
"清军御史程万钟","1","1","2"
"布政使孙毓等八","1","1","2"
"政使孙毓等八人","1","1","2"
"东宫局丞王纶必","1","1","2"
"都指挥牛循等九","1","1","2"
"指挥牛循等九人","1","1","2"
"广西南丹卫充军","1","1","2"
"布政司吏待选京","1","1","2"
"政司吏待选京职","1","1","2"
"江西人赤心报国","1","1","2"
"南京兵部侍郎尹","1","1","2"
"京兵部侍郎尹直","1","1","2"
"顺天府丞杨守随","1","1","2"
"通元翊教广善国","1","1","2"
"元翊教广善国师","1","1","2"
"胜智慧圆明能仁","1","1","2"
"智慧圆明能仁感","1","1","2"
"慧圆明能仁感应","1","1","2"
"圆明能仁感应显","1","1","2"
"明能仁感应显国","1","1","2"
"能仁感应显国光","1","1","2"
"仁感应显国光教","1","1","2"
"感应显国光教弘","1","1","2"
"应显国光教弘妙","1","1","2"
"显国光教弘妙大","1","1","2"
"国光教弘妙大悟","1","1","2"
"光教弘妙大悟法","1","1","2"
"教弘妙大悟法王","1","1","2"
"弘妙大悟法王西","1","1","2"
"妙大悟法王西天","1","1","2"
"善金刚普济大智","1","1","2"
"金刚普济大智慧","1","1","2"
"刚普济大智慧佛","1","1","2"
"荐万全都指挥李","1","1","2"
"万全都指挥李琮","1","1","2"
"陕西都指挥神周","1","1","2"
"兵部尚书王琼赐","2","0","2"
"部尚书王琼赐一","2","0","2"
"帝称威武大将军","2","0","2"
"永平知府毛思义","1","1","2"
"平知府毛思义忤","1","1","2"
"九千五百五十余","1","1","2"
"幸总兵官戴钦第","2","0","2"
"延绥总兵官马昂","1","1","2"
"彬提督十二团营","1","1","2"
"彬提督赞画机密","1","1","2"
"应天府丞寇天叙","1","1","2"
"天府丞寇天叙挺","1","1","2"
"府丞寇天叙挺身","1","1","2"
"逆党申宗远等十","1","1","2"
"党申宗远等十五","1","1","2"
"申宗远等十五人","1","1","2"
"白金二千二百柜","1","1","2"
"玉带二千五百束","1","1","2"
"嘉靖八年武会试","1","1","2"
"非谋反叛逆奸党","1","1","2"
"清微妙济守静修","1","1","2"
"微妙济守静修真","1","1","2"
"妙济守静修真凝","1","1","2"
"济守静修真凝玄","1","1","2"
"守静修真凝玄衍","1","1","2"
"静修真凝玄衍范","1","1","2"
"修真凝玄衍范志","1","1","2"
"真凝玄衍范志默","1","1","2"
"凝玄衍范志默秉","1","1","2"
"玄衍范志默秉诚","1","1","2"
"衍范志默秉诚致","1","1","2"
"范志默秉诚致一","1","1","2"
"志默秉诚致一真","1","1","2"
"默秉诚致一真人","1","1","2"
"清微阐教崇真卫","1","1","2"
"微阐教崇真卫道","1","1","2"
"阐教崇真卫道高","1","1","2"
"教崇真卫道高士","1","1","2"
"神霄保国宣教高","1","1","2"
"霄保国宣教高士","1","1","2"
"神霄保国弘烈宣","1","1","2"
"霄保国弘烈宣教","1","1","2"
"保国弘烈宣教振","1","1","2"
"国弘烈宣教振法","1","1","2"
"弘烈宣教振法通","1","1","2"
"烈宣教振法通真","1","1","2"
"宣教振法通真忠","1","1","2"
"教振法通真忠孝","1","1","2"
"振法通真忠孝秉","1","1","2"
"法通真忠孝秉一","1","1","2"
"通真忠孝秉一真","1","1","2"
"真忠孝秉一真人","1","1","2"
"黄州同知郭显文","1","1","2"
"州同知郭显文监","1","1","2"
"吏部尚书熊浃谏","1","1","2"
"齐河县道士张演","1","1","2"
"烧炼符咒荧惑天","1","1","2"
"炼符咒荧惑天子","1","1","2"
"子尚宝少卿世恩","1","1","2"
"湖广安定宣抚使","1","1","2"
"广安定宣抚使向","1","1","2"
"安定宣抚使向思","1","1","2"
"定宣抚使向思明","1","1","2"
"遣长官硬彻律等","1","1","2"
"元所授宣抚敕印","2","0","2"
"所授宣抚敕印上","2","0","2"
"纳元所授金虎符","2","0","2"
"征南将军邓愈平","1","1","2"
"安福等三十九峒","1","1","2"
"散毛宣慰司都元","1","1","2"
"毛宣慰司都元帅","1","1","2"
"宣慰司都元帅覃","1","1","2"
"慰司都元帅覃野","1","1","2"
"司都元帅覃野旺","1","1","2"
"沿边安抚司安抚","1","1","2"
"边安抚司安抚覃","1","1","2"
"安抚司安抚覃野","1","1","2"
"抚司安抚覃野旺","1","1","2"
"施南宣抚覃大胜","1","1","2"
"南宣抚覃大胜招","1","1","2"
"命忠建宣抚田思","1","1","2"
"忠建宣抚田思进","1","1","2"
"惹长官覃大旺等","1","1","2"
"唐崖长官覃忠孝","1","1","2"
"镇南长官覃兴等","1","1","2"
"五峰石宝长官张","1","1","2"
"水尽源通塔平三","1","1","2"
"散毛宣抚覃友谅","1","1","2"
"散毛宣抚司副使","1","1","2"
"毛宣抚司副使黄","1","1","2"
"宣抚司副使黄缙","1","1","2"
"容美宣抚田潮美","1","1","2"
"施州木册长官司","1","1","2"
"金峒安抚覃彦龙","1","1","2"
"椒山玛瑙长官司","1","1","2"
"山玛瑙长官司所","1","1","2"
"遣通事刘思朝等","1","1","2"
"水尽源通塔平长","1","1","2"
"尽源通塔平长官","1","1","2"
"源通塔平长官司","1","1","2"
"容美宣抚司同知","1","1","2"
"美宣抚司同知田","1","1","2"
"宣抚司同知田世","1","1","2"
"抚司同知田世瑛","1","1","2"
"容美土官田世爵","1","1","2"
"湖广巡按御史周","1","1","2"
"龙潭安抚黄俊素","1","1","2"
"忠路安抚覃大宁","1","1","2"
"路安抚覃大宁一","1","1","2"
"副长官陈一圣等","1","1","2"
"赂巴东知县蔡文","1","1","2"
"巴东知县蔡文升","1","1","2"
"溪州刺史彭仕羲","1","1","2"
"州刺史彭仕羲叛","1","1","2"
"永顺等处军民安","1","1","2"
"顺等处军民安抚","1","1","2"
"置永顺等处军民","1","1","2"
"隶湖广都指挥使","2","0","2"
"永顺宣慰彭添保","1","1","2"
"长六百六十七人","1","1","2"
"兵部尚书程信请","1","1","2"
"总制尚书洪钟等","1","1","2"
"永顺土舍彭世麟","2","0","2"
"王金珠等二十八","1","1","2"
"金珠等二十八人","1","1","2"
"永顺宣慰格外加","1","1","2"
"顺宣慰格外加赏","1","1","2"
"永顺宣慰彭翼南","1","1","2"
"右参政管宣慰事","1","1","2"
"安抚使彭世雄率","1","1","2"
"保靖安抚使彭万","1","1","2"
"靖安抚使彭万里","1","1","2"
"辰州卫指挥龚能","1","1","2"
"州卫指挥龚能等","1","1","2"
"族人彭南木答等","1","1","2"
"保靖宣慰彭显宗","1","1","2"
"靖宣慰彭显宗征","1","1","2"
"征贵州贼妇米鲁","2","0","2"
"保靖安抚彭万里","1","1","2"
"永顺宣慰使彭世","1","1","2"
"顺宣慰使彭世麒","1","1","2"
"调保靖土兵六千","1","1","2"
"太仆寺丞李存义","1","1","2"
"明州卫指挥林贤","1","1","2"
"劾历城侯盛庸怨","1","1","2"
"劾曹国公李景隆","1","1","2"
"劾长兴侯耿炳文","1","1","2"
"劾驸马都尉梅殷","1","1","2"
"行部尚书雒佥言","2","0","2"
"部尚书雒佥言事","2","0","2"
"劾驸马都尉胡观","1","1","2"
"驸马都尉胡观强","1","1","2"
"通政司参议贺银","1","1","2"
"政司参议贺银等","1","1","2"
"受皂隶叶转等四","1","1","2"
"皂隶叶转等四人","1","1","2"
"皇太子命六部大","1","1","2"
"太子命六部大臣","1","1","2"
"礼部尚书翰林学","2","0","2"
"部尚书翰林学士","2","0","2"
"上皇天上帝尊号","1","1","2"
"礼部尚书张璧同","1","1","2"
"部尚书丁汝夔受","1","1","2"
"胡宗宪诱降汪直","1","1","2"
"十八年葬章圣太","1","1","2"
"八年葬章圣太后","1","1","2"
"移居西苑万寿宫","1","1","2"
"职方郎中方祥等","1","1","2"
"袁州推官郭谏臣","1","1","2"
"南京事中钱允鲸","2","0","2"
"大同巡抚张廷拱","1","1","2"
"宣府太监王坤承","1","1","2"
"刘宗周掌都察院","1","1","2"
"行人司副熊开元","1","1","2"
"南京御史沈希诏","1","1","2"
"京御史沈希诏相","1","1","2"
"御史沈希诏相继","1","1","2"
"大理寺卿康新民","1","1","2"
"太仆寺卿蒋允仪","1","1","2"
"一手一口所能掩","1","1","2"
"副都御史张捷等","1","1","2"
"事中陈赞化先后","1","1","2"
"母舅大学士吴宗","1","1","2"
"舅大学士吴宗达","1","1","2"
"礼部侍郎陈子壮","1","1","2"
"华亭知县徐兆麟","1","1","2"
"镇守太监王坤所","1","1","2"
"四川遵义总兵官","1","1","2"
"御史魏景琦等三","1","1","2"
"史魏景琦等三家","1","1","2"
"河南总兵官陈永","1","1","2"
"南总兵官陈永福","1","1","2"
"总兵官陈永福进","1","1","2"
"潞王常淓俱避贼","2","0","2"
"王常淓俱避贼淮","2","0","2"
"常淓俱避贼淮安","2","0","2"
"废籍礼部侍郎钱","1","1","2"
"籍礼部侍郎钱谦","1","1","2"
"右都御史张慎言","1","1","2"
"操江诚意伯刘孔","1","1","2"
"江诚意伯刘孔昭","1","1","2"
"参赞机务兵部尚","1","1","2"
"赞机务兵部尚书","1","1","2"
"机务兵部尚书史","1","1","2"
"东阁大学士兵部","2","0","2"
"阁大学士兵部尚","2","0","2"
"大学士兵部尚书","2","0","2"
"都察院右副都御","1","1","2"
"察院右副都御史","1","1","2"
"荫锦衣卫指挥佥","1","1","2"
"守备太监韩赞周","1","1","2"
"怀远侯常延龄等","1","1","2"
"先帝钦定逆案一","1","1","2"
"帝钦定逆案一书","1","1","2"
"外结勋臣刘孔昭","1","1","2"
"总督京营戎政赵","1","1","2"
"胤文兵部右侍郎","2","0","2"
"承天守备何志孔","1","1","2"
"巡按御史黄澍入","1","1","2"
"受张献忠伪兵部","1","1","2"
"张献忠伪兵部尚","1","1","2"
"献忠伪兵部尚书","1","1","2"
"忠伪兵部尚书周","1","1","2"
"伪兵部尚书周文","1","1","2"
"兵部尚书周文江","1","1","2"
"严州总兵方国安","1","1","2"
"州总兵方国安军","1","1","2"
"寻擢礼部右侍郎","2","0","2"
"编修顾清等二十","1","1","2"
"修顾清等二十余","1","1","2"
"顾清等二十余人","1","1","2"
"上虞人徐文彪四","1","1","2"
"虞人徐文彪四人","1","1","2"
"杨一清总制三边","1","1","2"
"瑾令尚书许进追","1","1","2"
"侍郎韩鼎同廷谢","1","1","2"
"平阳知府张恕妾","1","1","2"
"阳知府张恕妾美","1","1","2"
"御史胡节巡按山","1","1","2"
"史胡节巡按山东","1","1","2"
"霍丘知县郑延祚","1","1","2"
"丘知县郑延祚贪","1","1","2"
"都御史杨所修首","1","1","2"
"工部尚书吴淳夫","1","1","2"
"黄立极等四十四","1","1","2"
"立极等四十四人","1","1","2"
"南京御史吕鹏云","1","1","2"
"费金钱五十余万","1","1","2"
"尚书张捷重述三","1","1","2"
"书张捷重述三朝","1","1","2"
"张捷重述三朝旧","1","1","2"
"捷重述三朝旧事","1","1","2"
"顺天巡抚吴中伟","1","1","2"
"顺天巡抚单明诩","1","1","2"
"魏忠贤斥逐东林","1","1","2"
"劾兵部尚书吴兑","1","1","2"
"户部员外郎李三","1","1","2"
"部员外郎李三才","1","1","2"
"死太平典史武三","1","1","2"
"太平典史武三杰","1","1","2"
"建雄县丞李逢春","1","1","2"
"都御史温纯等力","2","0","2"
"成国公朱允祯等","1","1","2"
"国公朱允祯等所","1","1","2"
"公朱允祯等所侵","1","1","2"
"地九千六百余顷","1","1","2"
"郎右佥都御史巡","2","0","2"
"佥都御史巡抚保","2","0","2"
"董世耀聚众称王","1","1","2"
"御史王基洪声言","1","1","2"
"咸宁知县满朝荐","1","1","2"
"迁南京礼部郎中","2","0","2"
"擢南京通政参议","2","0","2"
"督储侍郎赵世卿","1","1","2"
"储侍郎赵世卿力","1","1","2"
"侍郎赵世卿力争","1","1","2"
"淮扬巡按御史崔","1","1","2"
"扬巡按御史崔邦","1","1","2"
"巡按御史崔邦亮","1","1","2"
"巡漕御史李思孝","1","1","2"
"工部郎中邵辅忠","1","1","2"
"事中金士衡相继","1","1","2"
"顾宪成读书讲学","1","1","2"
"通政参议吴殿邦","1","1","2"
"刑部侍郎邹元标","1","1","2"
"宣府膳房堡守备","1","1","2"
"延绥入卫游击将","1","1","2"
"绥入卫游击将军","1","1","2"
"小阿卜户犯黑峪","2","0","2"
"阿卜户犯黑峪关","2","0","2"
"蓟镇总兵官杨四","1","1","2"
"镇总兵官杨四畏","1","1","2"
"遣副将孙守廉驰","1","1","2"
"荫本卫世指挥使","2","0","2"
"兵部尚书石星下","2","0","2"
"庆云守备王凤翔","1","1","2"
"步兵游击彭信古","1","1","2"
"诏斩游击马呈文","1","1","2"
"参将熊国臣等弃","1","1","2"
"将熊国臣等弃城","1","1","2"
"河套著力兔急攻","1","1","2"
"都督佥事宁夏总","2","0","2"
"督佥事宁夏总兵","2","0","2"
"佥事宁夏总兵官","2","0","2"
"卜失兔西犯定边","1","1","2"
"嗣世职指挥佥事","2","0","2"
"二十三年九月九","1","1","2"
"十三年九月九日","1","1","2"
"拥劲骑直入南川","1","1","2"
"斩首六百八十余","1","1","2"
"总兵官镇守延绥","1","1","2"
"副将甘州马应龙","1","1","2"
"永昌王铁块等分","1","1","2"
"昌王铁块等分道","1","1","2"
"王铁块等分道袭","1","1","2"
"乘官军撤防时潜","1","1","2"
"官军撤防时潜兵","1","1","2"
"陇川宣抚多安民","1","1","2"
"川宣抚多安民叛","1","1","2"
"黔国公沐昌祚侵","1","1","2"
"两广军务巡抚广","2","0","2"
"劾兵部尚书张鹤","1","1","2"
"部尚书张鹤鸣主","1","1","2"
"尚书张鹤鸣主战","1","1","2"
"书张鹤鸣主战误","1","1","2"
"张鹤鸣主战误国","1","1","2"
"荐南京吏部尚书","1","1","2"
"劾晋江李贽邪说","1","1","2"
"晋江李贽邪说惑","1","1","2"
"江李贽邪说惑众","1","1","2"
"时郎中胡士相等","1","1","2"
"梦龙率游击贺奇","1","1","2"
"龙率游击贺奇勋","1","1","2"
"佐知府吉孔嘉守","1","1","2"
"知府吉孔嘉守城","1","1","2"
"部侍郎陆光祖御","2","0","2"
"侍郎陆光祖御史","2","0","2"
"熊廷弼建三方布","2","0","2"
"廷弼建三方布置","2","0","2"
"弼建三方布置策","2","0","2"
"少卿擢右佥都御","2","0","2"
"卿擢右佥都御史","2","0","2"
"总督漕运巡抚凤","2","0","2"
"漕运巡抚凤阳诸","2","0","2"
"运巡抚凤阳诸府","2","0","2"
"行边尚书张鹤鸣","1","1","2"
"刑部侍郎同安洪","1","1","2"
"部侍郎同安洪朝","1","1","2"
"侍郎同安洪朝选","1","1","2"
"副都御史巡抚保","2","0","2"
"任巡抚汪应蛟役","1","1","2"
"部尚书掌左都御","2","0","2"
"尚书掌左都御史","2","0","2"
"书掌左都御史事","2","0","2"
"内使王文进杀人","1","1","2"
"劾礼部侍郎韩世","1","1","2"
"二十六日传旨免","1","1","2"
"十六日传旨免朝","1","1","2"
"诸曹建言止所司","2","0","2"
"曹建言止所司职","2","0","2"
"建言止所司职掌","2","0","2"
"论诚意伯刘世延","1","1","2"
"湖广按察司经历","1","1","2"
"党锦衣都督刘守","1","1","2"
"时东厂太监张诚","1","1","2"
"东厂太监张诚失","1","1","2"
"家奴锦衣副千户","1","1","2"
"奴锦衣副千户霍","1","1","2"
"锦衣副千户霍文","1","1","2"
"衣副千户霍文炳","1","1","2"
"事中海阳林熙春","1","1","2"
"中海阳林熙春等","1","1","2"
"南京御史东莞林","1","1","2"
"京御史东莞林培","1","1","2"
"向高礼部尚书东","2","0","2"
"高礼部尚书东阁","2","0","2"
"锦衣百户王曰乾","1","1","2"
"入皇城放炮上疏","1","1","2"
"表里大红坐蟒一","1","1","2"
"都御史邹元标先","1","1","2"
"御史邹元标先后","1","1","2"
"大学士沈一贯欲","2","0","2"
"擢礼部尚书东阁","2","0","2"
"英国公张惟贤捧","1","1","2"
"御史贾继春遂上","2","0","2"
"候补御史刘重庆","1","1","2"
"职方郎中余大成","1","1","2"
"先帝召见群臣时","1","1","2"
"杨涟劾魏忠贤二","2","0","2"
"涟劾魏忠贤二十","2","0","2"
"列上二百六十二","1","1","2"
"上二百六十二人","1","1","2"
"击吏部尚书王永","1","1","2"
"南京礼部主事王","1","1","2"
"京礼部主事王永","1","1","2"
"礼部主事王永吉","1","1","2"
"工部主事李逢申","1","1","2"
"历十一年进士第","2","0","2"
"湖广税监陈奉横","1","1","2"
"时皇长子储位未","1","1","2"
"皇长子储位未定","1","1","2"
"都御史邹元标侍","1","1","2"
"铁岭卫指挥佥事","1","1","2"
"总兵官王治道战","1","1","2"
"兵官王治道战死","1","1","2"
"斩首五百八十余","1","1","2"
"首五百八十余级","1","1","2"
"炒花大会黑石炭","1","1","2"
"前屯锦川营深入","1","1","2"
"迤东都督王兀堂","1","1","2"
"参将熊朝臣固守","1","1","2"
"后斩首三百四十","1","1","2"
"参将李平胡射中","1","1","2"
"世荫锦衣指挥使","2","0","2"
"七八万骑犯镇夷","2","0","2"
"墨台猪借西部青","1","1","2"
"兵部侍郎汪道昆","1","1","2"
"巡按御史熊廷弼","1","1","2"
"提督陕西讨逆军","1","1","2"
"督陕西讨逆军务","1","1","2"
"陕西讨逆军务总","1","1","2"
"西讨逆军务总兵","1","1","2"
"讨逆军务总兵官","1","1","2"
"二十一年正月四","1","1","2"
"令游击吴惟忠攻","1","1","2"
"时兵部尚书石星","1","1","2"
"辽东总兵董一元","1","1","2"
"大同新平堡参将","1","1","2"
"撦力克袭封顺义","2","0","2"
"力克袭封顺义王","2","0","2"
"阅视少卿曾乾亨","1","1","2"
"宁夏总兵董一奎","1","1","2"
"夏总兵董一奎攻","1","1","2"
"全州守将陈愚衷","1","1","2"
"遣副将解生守稷","1","1","2"
"副将解生守稷山","1","1","2"
"令都体察使李元","1","1","2"
"鼎延等固守三日","1","1","2"
"崇祯十三年举人","1","1","2"
"请固镇五道兵合","1","1","2"
"固镇五道兵合剿","1","1","2"
"百余人冒雨登城","1","1","2"
"举人王受爵等率","1","1","2"
"人王受爵等率士","1","1","2"
"王受爵等率士民","1","1","2"
"受爵等率士民分","1","1","2"
"顾显卿右耳下生","1","1","2"
"手足少阳经受邪","1","1","2"
"取三百九十七法","1","1","2"
"者二百三十八条","1","1","2"
"陈友谅围南昌三","1","1","2"
"友谅围南昌三月","1","1","2"
"常遇春孤舟深入","1","1","2"
"洪武二十四年遣","1","1","2"
"武二十四年遣使","1","1","2"
"南台大夫普化帖","1","1","2"
"台大夫普化帖木","1","1","2"
"宋内侍钱塘罗知","1","1","2"
"内侍钱塘罗知悌","1","1","2"
"大将谭广等进击","1","1","2"
"宫婢杨金英等谋","2","0","2"
"一千五百五十八","1","1","2"
"千五百五十八种","1","1","2"
"大统万年二历通","1","1","2"
"统万年二历通议","1","1","2"
"真定游击谢嘉福","1","1","2"
"定游击谢嘉福杀","1","1","2"
"游击谢嘉福杀巡","1","1","2"
"击谢嘉福杀巡抚","1","1","2"
"谢嘉福杀巡抚徐","1","1","2"
"嘉福杀巡抚徐标","1","1","2"
"清苑知县朱永康","1","1","2"
"督师大学士李建","1","1","2"
"师大学士李建泰","1","1","2"
"大学士李建泰率","1","1","2"
"张氏兄弟死守者","1","1","2"
"部尚书陈新甲庸","1","1","2"
"尚书陈新甲庸才","1","1","2"
"书陈新甲庸才误","1","1","2"
"陈新甲庸才误国","1","1","2"
"户部尚书李待问","1","1","2"
"异议者斩悬银牌","1","1","2"
"左都御史赵南星","1","1","2"
"张文熙等数十人","1","1","2"
"南京兵部尚书胡","1","1","2"
"京兵部尚书胡应","1","1","2"
"兵部尚书胡应台","1","1","2"
"分守贵州威清道","1","1","2"
"总督樊一蘅等联","1","1","2"
"督樊一蘅等联络","1","1","2"
"樊一蘅等联络诸","1","1","2"
"一蘅等联络诸将","1","1","2"
"山西巡抚许鼎臣","1","1","2"
"时兵部尚书杨嗣","1","1","2"
"部尚书杨嗣昌创","1","1","2"
"宁远总兵吴三桂","1","1","2"
"辽东总兵刘肇基","1","1","2"
"宣府总兵杨国柱","1","1","2"
"辽东车右营都司","1","1","2"
"昌平督治侍郎侯","1","1","2"
"平督治侍郎侯恂","1","1","2"
"职方郎中李继贞","1","1","2"
"贺双全等三十六","1","1","2"
"双全等三十六家","1","1","2"
"李重镇随陕西总","1","1","2"
"重镇随陕西总督","1","1","2"
"镇随陕西总督洪","1","1","2"
"随陕西总督洪承","1","1","2"
"天巡抚张国维三","1","1","2"
"河南巡抚常道立","1","1","2"
"令良玉驻兵兴平","1","1","2"
"参将刘士杰深入","1","1","2"
"驿传道王扬基夺","1","1","2"
"传道王扬基夺门","1","1","2"
"二月二十四日抵","1","1","2"
"蕲州守将王允成","1","1","2"
"江西巡抚郭都贤","1","1","2"
"子梦庚平贼将军","1","1","2"
"湖广巡抚何腾蛟","1","1","2"
"延绥巡抚洪承畴","1","1","2"
"绥巡抚洪承畴麾","1","1","2"
"巡抚洪承畴麾下","1","1","2"
"都司田应龙等死","1","1","2"
"人龙副将李国奇","2","0","2"
"崇祯七年闰八月","1","1","2"
"陕西总督孙传庭","1","1","2"
"时官军乘胜深入","1","1","2"
"令总督李化熙率","1","1","2"
"监纪推官汤开远","1","1","2"
"南京太仆卿李觉","1","1","2"
"京太仆卿李觉斯","1","1","2"
"祖大乐等入山搜","1","1","2"
"重镇赴关中讨贼","1","1","2"
"擢吏部稽勋主事","2","0","2"
"本官右佥都御史","2","0","2"
"将军李占春深相","1","1","2"
"军李占春深相结","1","1","2"
"郑崇俭巡抚宁夏","1","1","2"
"松潘副将朱化龙","1","1","2"
"监军副使范文光","1","1","2"
"监军佥事詹天颜","1","1","2"
"偏沅巡抚李乾德","1","1","2"
"李赤心等十三家","1","1","2"
"刘文秀大败武大","1","1","2"
"文秀大败武大定","1","1","2"
"朱容藩伪称监国","1","1","2"
"容藩伪称监国天","1","1","2"
"藩伪称监国天下","1","1","2"
"伪称监国天下兵","1","1","2"
"称监国天下兵马","1","1","2"
"监国天下兵马副","1","1","2"
"国天下兵马副元","1","1","2"
"龙虎关守将曹志","1","1","2"
"虎关守将曹志建","1","1","2"
"胤锡将召忠贞营","1","1","2"
"监军佥事何图复","1","1","2"
"司礼中官庞天寿","1","1","2"
"卫国公胡一青殿","1","1","2"
"国公胡一青殿后","1","1","2"
"公胡一青殿后军","1","1","2"
"说主事胡士瑞拥","1","1","2"
"主事胡士瑞拥戴","1","1","2"
"事胡士瑞拥戴秦","1","1","2"
"胡士瑞拥戴秦王","1","1","2"
"太仆少卿赵赓禹","1","1","2"
"吏部侍郎张佐辰","1","1","2"
"顺治十一年三月","1","1","2"
"十八先生成仁处","1","1","2"
"吏部侍郎邓士廉","1","1","2"
"部侍郎邓士廉等","1","1","2"
"崇祯十五年乡试","1","1","2"
"部尚书李日宣等","1","1","2"
"工部右侍郎宋玫","1","1","2"
"大理寺卿张三谟","1","1","2"
"河南道御史张煊","1","1","2"
"招练副使刘国缙","1","1","2"
"新总督杨述中缩","1","1","2"
"河南提学佥事巩","1","1","2"
"兵部主事方允昌","1","1","2"
"襄阳知府王承曾","1","1","2"
"天津兵备副使原","1","1","2"
"津兵备副使原毓","1","1","2"
"兵备副使原毓宗","1","1","2"
"工部员外郎潘同","1","1","2"
"部员外郎潘同春","1","1","2"
"礼部员外郎吴泰","1","1","2"
"行取知县周寿明","1","1","2"
"湖广行省员外郎","1","1","2"
"吴江同知金刚奴","1","1","2"
"江同知金刚奴奉","1","1","2"
"同知金刚奴奉行","1","1","2"
"知金刚奴奉行省","1","1","2"
"金刚奴奉行省命","1","1","2"
"东阿耆老百余人","1","1","2"
"潮州知府王源除","1","1","2"
"州知府王源除怪","1","1","2"
"知府王源除怪石","1","1","2"
"宣德五年巡视仓","1","1","2"
"德五年巡视仓场","1","1","2"
"择廷臣二十五人","1","1","2"
"永乐十八年进士","1","1","2"
"举成化元年乡试","2","0","2"
"南山崖官道数里","1","1","2"
"闸外筑石堤四百","1","1","2"
"外筑石堤四百余","1","1","2"
"筑石堤四百余丈","1","1","2"
"吏部尚书熊浃知","1","1","2"
"嘉靖十三年举乡","2","0","2"
"授纺车八百余辆","1","1","2"
"树三万八千余株","1","1","2"
"时监军佥事汤开","1","1","2"
"监军佥事汤开远","1","1","2"
"军佥事汤开远善","1","1","2"
"增设漕储道一人","1","1","2"
"监纪推官应廷吉","1","1","2"
"令总兵官刘肇基","1","1","2"
"监军副使高岐凤","1","1","2"
"军副使高岐凤拔","1","1","2"
"副使高岐凤拔营","1","1","2"
"五年迁工部右侍","2","0","2"
"年迁工部右侍郎","2","0","2"
"工二部中官张彝","2","0","2"
"二部中官张彝宪","2","0","2"
"擢山西提学佥事","2","0","2"
"革里眼等七大部","1","1","2"
"湖广巡按御史黄","1","1","2"
"广巡按御史黄澍","1","1","2"
"九江佥事叶士彦","1","1","2"
"兵部主事何刚训","1","1","2"
"部主事何刚训练","1","1","2"
"吏部尚书郑三俊","1","1","2"
"吏部考功司主事","1","1","2"
"腾蛟兵部右侍郎","1","1","2"
"长沙知府周二南","1","1","2"
"沙知府周二南请","1","1","2"
"腾蛟侍郎严恒走","2","0","2"
"蛟侍郎严恒走白","2","0","2"
"侍郎严恒走白牙","2","0","2"
"郎严恒走白牙市","2","0","2"
"新宁侯赵印选攻","1","1","2"
"职方主事李甲春","1","1","2"
"招忠贞营李赤心","1","1","2"
"宝庆守将王进才","1","1","2"
"举万历四十四年","2","0","2"
"授吉安永丰知县","1","1","2"
"川贵总督张鹤鸣","1","1","2"
"宣府巡抚徐良彦","1","1","2"
"贵宁参政胡平表","1","1","2"
"宁参政胡平表杀","1","1","2"
"参政胡平表杀贼","1","1","2"
"方震孺巡抚广西","1","1","2"
"中军官焦琏召邦","1","1","2"
"军官焦琏召邦传","1","1","2"
"魁楚等议立永明","2","0","2"
"楚等议立永明王","2","0","2"
"观生立唐王聿广","2","0","2"
"生立唐王聿广州","2","0","2"
"总督侍郎朱盛浓","1","1","2"
"布政使朱盛氵调","1","1","2"
"桂林知府王惠卿","1","1","2"
"南安侯郝永忠驻","1","1","2"
"开国公赵印选居","1","1","2"
"劾兵部尚书杨嗣","1","1","2"
"总督吴阿衡内外","1","1","2"
"副将徐必达战败","1","1","2"
"登万历四十四年","2","0","2"
"督师杨嗣昌荐才","2","0","2"
"南赣巡抚李永茂","1","1","2"
"中书舍人张同敞","1","1","2"
"书舍人张同敞调","1","1","2"
"事中杨文荐奉命","1","1","2"
"江西巡抚刘远生","1","1","2"
"兵部主事黎遂球","1","1","2"
"廷麟调广西狼兵","1","1","2"
"麟调广西狼兵八","1","1","2"
"调广西狼兵八千","1","1","2"
"广西狼兵八千人","1","1","2"
"崇祯十六年进士","1","1","2"
"翰林院庶吉士张","1","1","2"
"林院庶吉士张先","1","1","2"
"院庶吉士张先生","1","1","2"
"佥都御史巡抚广","2","0","2"
"前尚书李觉斯等","1","1","2"
"永明王监国肇庆","2","0","2"
"清远指挥白常灿","1","1","2"
"监纪主事陈邦彦","1","1","2"
"纪主事陈邦彦劝","1","1","2"
"十一月二日拥立","1","1","2"
"魏忠贤等十二人","1","1","2"
"总督登莱巡抚设","2","0","2"
"监军御史谢三宾","1","1","2"
"明遇坐主抚误国","2","0","2"
"总理卢象升追袭","1","1","2"
"总兵刘良佐等击","1","1","2"
"知县赵士彦重伤","1","1","2"
"工部右侍郎右佥","2","0","2"
"兵部尚书李向中","1","1","2"
"吏部侍郎朱永佑","1","1","2"
"安洋将军刘世勋","1","1","2"
"荐苏州同知晏日","1","1","2"
"苏州同知晏日曙","1","1","2"
"归德推官万元吉","1","1","2"
"邯郸落成吕仙祠","1","1","2"
"发咸宁侯仇鸾罪","1","1","2"
"咸宁侯仇鸾罪状","1","1","2"
"予一子中书舍人","2","0","2"
"子世蕃贪横淫纵","1","1","2"
"方士胡大顺等劝","1","1","2"
"令操江都御史唐","1","1","2"
"操江都御史唐继","1","1","2"
"进少保太子太保","2","0","2"
"奏土司安国亨将","1","1","2"
"时大学士赵贞吉","1","1","2"
"事中韩楫劾贞吉","2","0","2"
"尚宝卿刘奋庸上","1","1","2"
"部右侍郎翰林院","2","0","2"
"右侍郎翰林院学","2","0","2"
"侍郎翰林院学士","2","0","2"
"居正吏部左侍郎","2","0","2"
"正吏部左侍郎东","2","0","2"
"吏部左侍郎张四","1","1","2"
"部左侍郎张四维","1","1","2"
"两广督抚殷正茂","1","1","2"
"户部侍郎李幼孜","1","1","2"
"进士邹元标相继","1","1","2"
"士邹元标相继争","1","1","2"
"工部主事徐应聘","1","1","2"
"元辅张少师先生","1","1","2"
"锦衣指挥史继书","1","1","2"
"衣指挥史继书护","1","1","2"
"吏部右侍郎申时","1","1","2"
"部右侍郎申时行","1","1","2"
"遣司礼太监张宏","1","1","2"
"遣锦衣指挥翟汝","1","1","2"
"锦衣指挥翟汝敬","1","1","2"
"抚按大吏越界迎","1","1","2"
"按大吏越界迎送","1","1","2"
"遣司礼太监何进","1","1","2"
"太师张太岳先生","1","1","2"
"进中极殿大学士","2","0","2"
"部侍郎罗喻义等","1","1","2"
"书东阁大学士入","2","0","2"
"劾吏部尚书王国","1","1","2"
"吏部郎顾宪成等","1","1","2"
"工部郎中岳元声","1","1","2"
"部郎中岳元声极","1","1","2"
"故官东阁大学士","2","0","2"
"礼部主事郑振先","1","1","2"
"辽总督都御史刘","1","1","2"
"总督都御史刘焘","1","1","2"
"南京督储都御史","1","1","2"
"京督储都御史曾","1","1","2"
"同官欧阳一敬等","1","1","2"
"刑部侍郎詹瀚共","1","1","2"
"劾太常少卿晋应","1","1","2"
"太常少卿晋应槐","1","1","2"
"宁夏巡抚王崇古","1","1","2"
"湖广参政孙弘轼","1","1","2"
"事中胡应嘉劾博","2","0","2"
"黔国公沐朝弼残","1","1","2"
"迁福建提学副使","2","0","2"
"劾大学士王锡爵","1","1","2"
"南京右都御史耿","1","1","2"
"京右都御史耿定","1","1","2"
"右都御史耿定向","1","1","2"
"兵部侍郎沈子木","1","1","2"
"部侍郎沈子木相","1","1","2"
"侍郎沈子木相继","1","1","2"
"京御史王麟趾等","1","1","2"
"劾诚意伯刘世延","1","1","2"
"福建巡抚涂泽民","1","1","2"
"户部尚书刘体乾","1","1","2"
"劾检讨梁绍儒阿","1","1","2"
"南京御史谭希思","1","1","2"
"举嘉靖三十八年","2","0","2"
"千七百七十六丈","1","1","2"
"五千三百九十丈","1","1","2"
"改南京刑部尚书","2","0","2"
"累官右副都御史","2","0","2"
"劾应天巡抚周继","1","1","2"
"四川巡抚徐元泰","1","1","2"
"观政进士薛敷教","1","1","2"
"南京御史黄仁荣","1","1","2"
"论魏国公徐邦瑞","1","1","2"
"户部尚书督仓场","2","0","2"
"举嘉靖二十六年","2","0","2"
"左都御史张永明","1","1","2"
"举嘉靖三十五年","2","0","2"
"刑部侍郎洪朝选","1","1","2"
"迁山东左布政使","2","0","2"
"寻迁兵部右侍郎","2","0","2"
"副都御史巡抚福","2","0","2"
"都御史巡抚福建","2","0","2"
"南京工部主事赵","1","1","2"
"京工部主事赵学","1","1","2"
"工部主事赵学仕","1","1","2"
"部尚书孙丕扬等","1","1","2"
"南京御史陈所闻","1","1","2"
"南京尚书赵参鲁","1","1","2"
"京尚书赵参鲁等","1","1","2"
"长芦盐运司知事","1","1","2"
"迁南京右佥都御","2","0","2"
"右佥都御史督操","2","0","2"
"佥都御史督操江","2","0","2"
"暇修筑肃州榆树","1","1","2"
"修筑肃州榆树泉","1","1","2"
"甘州平川境外大","1","1","2"
"州平川境外大芦","1","1","2"
"平川境外大芦泉","1","1","2"
"镇羌参将蔡勋等","1","1","2"
"斩首百四十余级","2","0","2"
"总兵官周益昌等","1","1","2"
"侍郎江东等大军","1","1","2"
"郎江东等大军进","1","1","2"
"总督翁万达所创","1","1","2"
"进少师太子太师","2","0","2"
"右都御史总督漕","2","0","2"
"凤阳园陵九卫官","1","1","2"
"阳园陵九卫官军","1","1","2"
"园陵九卫官军四","1","1","2"
"陵九卫官军四万","1","1","2"
"副都御史章焕专","1","1","2"
"巡按御史朱纲奏","1","1","2"
"廷同英国公张溶","1","1","2"
"巡城御史李学道","1","1","2"
"浙江巡按御史谢","1","1","2"
"江巡按御史谢廷","1","1","2"
"巡按御史谢廷杰","1","1","2"
"举行册立皇太子","1","1","2"
"侍郎郭正域请行","2","0","2"
"郎郭正域请行勘","2","0","2"
"司礼太监陈矩侍","1","1","2"
"乳母翊圣夫人金","1","1","2"
"母翊圣夫人金氏","1","1","2"
"辽东税使高淮假","1","1","2"
"大书责难陈善四","1","1","2"
"礼部主事聂云翰","1","1","2"
"命礼部尚书东阁","2","0","2"
"礼部尚书刘楚先","1","1","2"
"礼部尚书陆树声","1","1","2"
"大同总兵官孙吴","1","1","2"
"山西副总兵田世","1","1","2"
"西副总兵田世威","1","1","2"
"副总兵田世威等","1","1","2"
"事中欧阳一敬等","1","1","2"
"顺天巡抚耿随卿","1","1","2"
"永平西门抵海口","1","1","2"
"陕西巡抚戴才坐","2","0","2"
"西巡抚戴才坐免","2","0","2"
"总兵官马芳骁勇","1","1","2"
"时尚宝丞徐贞明","1","1","2"
"兵马指挥孙承芳","1","1","2"
"帝御午门楼受俘","2","0","2"
"辑嘉靖三十四年","2","0","2"
"嘉靖三十四年后","2","0","2"
"寻进右副都御史","2","0","2"
"迁南京兵部右侍","2","0","2"
"巡风主事孙承荣","1","1","2"
"驸马都尉侯拱宸","1","1","2"
"兵马指挥何价虐","1","1","2"
"副都御史巡抚贵","2","0","2"
"诏加太子太保致","2","0","2"
"劾典营务镇远侯","1","1","2"
"典营务镇远侯顾","1","1","2"
"营务镇远侯顾寰","1","1","2"
"协理佥都御史李","1","1","2"
"理佥都御史李燧","1","1","2"
"刑部主事王德新","1","1","2"
"部侍郎杨时乔主","1","1","2"
"岁增金花银二十","2","0","2"
"增金花银二十万","2","0","2"
"辽东巡抚周永春","1","1","2"
"东巡抚周永春请","1","1","2"
"王家屏先后同居","1","1","2"
"部尚书罗万化等","1","1","2"
"诏书称祗承宗社","1","1","2"
"部尚书杨俊民等","1","1","2"
"历官吏部左侍郎","2","0","2"
"时吏部尚书李戴","1","1","2"
"大学士叶向高请","2","0","2"
"兵科事中赵兴邦","2","0","2"
"礼部主事夏嘉遇","1","1","2"
"官崔文升进泄药","1","1","2"
"刑部主事孙朝肃","1","1","2"
"左都御史张问达","1","1","2"
"李选侍居乾清宫","2","0","2"
"光禄少卿高攀龙","1","1","2"
"部尚书孙慎行追","1","1","2"
"吏部尚书张问达","1","1","2"
"户部尚书汪应蛟","1","1","2"
"授礼部仪制主事","2","0","2"
"迁南京刑部右侍","2","0","2"
"西洋人利玛窦入","1","1","2"
"靖十四年进士第","2","0","2"
"吏部尚书吴鹏劾","2","0","2"
"嘉靖二十年会试","1","1","2"
"时恭顺侯吴继爵","1","1","2"
"礼部左侍郎韩世","1","1","2"
"部左侍郎韩世能","1","1","2"
"尚书余继登奏请","1","1","2"
"书余继登奏请约","1","1","2"
"南京御史章守诚","1","1","2"
"文献偕僚杨道宾","2","0","2"
"受权珰害处权珰","2","0","2"
"权珰害处权珰法","2","0","2"
"擢南京国子祭酒","2","0","2"
"南京礼部左侍郎","1","1","2"
"吏部尚书张慎言","1","1","2"
"功进左副都御史","2","0","2"
"令司礼太监怀恩","1","1","2"
"司礼太监怀恩等","1","1","2"
"礼太监怀恩等七","1","1","2"
"太监怀恩等七人","1","1","2"
"谤书射入东长安","1","1","2"
"书射入东长安门","1","1","2"
"射入东长安门内","1","1","2"
"腾骧四卫中选补","1","1","2"
"汰传奉官七百六","1","1","2"
"传奉官七百六十","1","1","2"
"奉官七百六十三","1","1","2"
"官七百六十三人","1","1","2"
"留太仆卿李纶等","1","1","2"
"太仆卿李纶等十","1","1","2"
"仆卿李纶等十七","1","1","2"
"卿李纶等十七人","1","1","2"
"赠特进光禄大夫","2","0","2"
"迁广东右布政使","2","0","2"
"吏部尚书王恕等","1","1","2"
"大汉将军薛福敬","1","1","2"
"汉将军薛福敬等","1","1","2"
"将军薛福敬等四","1","1","2"
"军薛福敬等四十","1","1","2"
"薛福敬等四十八","1","1","2"
"福敬等四十八人","1","1","2"
"清军御史王相请","1","1","2"
"迁湖广右布政使","2","0","2"
"十六年擢右副都","2","0","2"
"六年擢右副都御","2","0","2"
"安宁宣抚使杨友","1","1","2"
"夺嫡弟播州宣慰","1","1","2"
"嫡弟播州宣慰使","1","1","2"
"巡按江西御史陈","1","1","2"
"按江西御史陈诠","1","1","2"
"奉御赵瑄献雄县","2","0","2"
"御赵瑄献雄县地","2","0","2"
"祖宗朝织染诸局","1","1","2"
"宗朝织染诸局供","1","1","2"
"导陛下劳民伤财","1","1","2"
"少监莫英等三人","1","1","2"
"河南退滩地二十","1","1","2"
"南退滩地二十余","1","1","2"
"退滩地二十余里","1","1","2"
"基乡里子孙世世","1","1","2"
"乡里子孙世世颂","1","1","2"
"婿兵部尚书曹元","1","1","2"
"御史张祯等相继","1","1","2"
"超迁浙江按察使","2","0","2"
"崇文门宣课司税","1","1","2"
"万二千八百余顷","1","1","2"
"地三万三千一百","1","1","2"
"三万三千一百余","1","1","2"
"万三千一百余顷","1","1","2"
"守备太监蒋琮相","1","1","2"
"官龙绶请开银矿","1","1","2"
"正统十三年进士","2","0","2"
"遣大臣巡视保定","1","1","2"
"户部侍郎总督仓","1","1","2"
"部侍郎总督仓场","1","1","2"
"弘治六年进士第","2","0","2"
"澄大会文武群臣","1","1","2"
"汉成帝立定陶王","1","1","2"
"澄复会廷臣上议","2","0","2"
"复会廷臣上议曰","2","0","2"
"代彭思永议濮王","1","1","2"
"彭思永议濮王礼","1","1","2"
"思永议濮王礼疏","1","1","2"
"清宁宫后三小宫","2","0","2"
"宁宫后三小宫灾","2","0","2"
"弘治六年会试第","1","1","2"
"治六年会试第一","1","1","2"
"兴献帝本生皇考","2","0","2"
"献帝本生皇考恭","2","0","2"
"帝本生皇考恭穆","2","0","2"
"本生母章圣皇太","1","1","2"
"生母章圣皇太后","1","1","2"
"欲奉先殿侧建一","2","0","2"
"奉先殿侧建一室","2","0","2"
"留一皇字觇陛下","2","0","2"
"入内阁专典诰敕","2","0","2"
"云南按察司佥事","1","1","2"
"皇叔考兴献大王","1","1","2"
"皇叔母兴献大王","1","1","2"
"叔母兴献大王妃","1","1","2"
"称本生皇考恭穆","2","0","2"
"编修王相等十八","1","1","2"
"南京工部左侍郎","1","1","2"
"献皇帝庙号称宗","2","0","2"
"江西副使胡世宁","1","1","2"
"正德十一年十月","1","1","2"
"讨四川山都掌蛮","1","1","2"
"举景泰二年进士","2","0","2"
"召大臣面议政事","1","1","2"
"迁南京侍讲学士","2","0","2"
"部左侍郎学士入","2","0","2"
"年擢吏部右侍郎","2","0","2"
"设立乌思藏诸司","1","1","2"
"广东布政使罗荣","1","1","2"
"东布政使罗荣等","1","1","2"
"言镇守内臣入贡","1","1","2"
"南京吏部左侍郎","1","1","2"
"驸马都尉崔元等","1","1","2"
"会推南京吏部尚","2","0","2"
"南京吏部尚书刘","1","1","2"
"京吏部尚书刘春","1","1","2"
"司礼中官魏彬等","1","1","2"
"收宣府行宫金宝","2","0","2"
"都督佥事李琮尤","1","1","2"
"司礼中官温祥四","1","1","2"
"十四万八千七百","1","1","2"
"百五十三万二千","1","1","2"
"五十三万二千余","1","1","2"
"孝宗敬皇帝亲弟","1","1","2"
"皇叔考兴国大王","1","1","2"
"皇叔母兴国太妃","1","1","2"
"未闻追崇所生父","2","0","2"
"慈寿皇太后圣母","2","0","2"
"子锦衣卫指挥使","1","1","2"
"成化十四年会试","1","1","2"
"化十四年会试第","1","1","2"
"定国公徐光祚等","1","1","2"
"吏部侍郎桂萼等","1","1","2"
"举成化末年进士","2","0","2"
"带刀舍人周宗上","1","1","2"
"刀舍人周宗上书","1","1","2"
"舍人周宗上书乞","1","1","2"
"中书省都督府请","1","1","2"
"侍太子读书禁中","2","0","2"
"殿中侍御史郭渊","1","1","2"
"中侍御史郭渊友","1","1","2"
"侍御史郭渊友等","1","1","2"
"御史胡子祺上书","1","1","2"
"王世子入嗣大统","1","1","2"
"进士张璁上书请","1","1","2"
"加称本生父兴献","1","1","2"
"称本生父兴献帝","1","1","2"
"通州同知丰坊请","1","1","2"
"议封益王次子崇","1","1","2"
"封益王次子崇仁","1","1","2"
"王次子崇仁王厚","1","1","2"
"景隆兵败白沟河","1","1","2"
"平安统兵二十万","1","1","2"
"命辽东总兵官杨","1","1","2"
"燕将宋贵等所败","1","1","2"
"洪武三十年进士","2","0","2"
"云南布政使韩宜","1","1","2"
"钦天监副刘伯完","1","1","2"
"天监副刘伯完等","1","1","2"
"凤阳中卫指挥使","1","1","2"
"阆中教谕严德政","1","1","2"
"事中马俊分巡应","1","1","2"
"中马俊分巡应天","1","1","2"
"震婿主事张鹤朝","2","0","2"
"婿主事张鹤朝参","2","0","2"
"主事张鹤朝参失","2","0","2"
"事张鹤朝参失仪","2","0","2"
"朕君臣共济艰难","1","1","2"
"伤朝廷优老待贤","1","1","2"
"望敬守祖宗成宪","1","1","2"
"工部尚书吴中等","1","1","2"
"赐绳愆纠缪银章","2","0","2"
"安庆卫指挥佥事","1","1","2"
"都督徐凯军河间","2","0","2"
"江阴侯吴高辽东","2","0","2"
"阴侯吴高辽东兵","2","0","2"
"侯吴高辽东兵围","2","0","2"
"吴高辽东兵围永","2","0","2"
"高辽东兵围永平","2","0","2"
"十万众将攻北平","2","0","2"
"燕山护卫副千户","1","1","2"
"累迁右军都督佥","2","0","2"
"左军都督府左都","1","1","2"
"燕山中护卫千户","1","1","2"
"金忠等辅导皇长","1","1","2"
"忠等辅导皇长孙","1","1","2"
"燕山右护卫副千","1","1","2"
"山右护卫副千户","1","1","2"
"秦府长安郡主仪","1","1","2"
"府长安郡主仪宾","1","1","2"
"二十六年六月进","1","1","2"
"修广西兴安县灵","1","1","2"
"广西兴安县灵渠","1","1","2"
"运盐八十五万余","1","1","2"
"盐八十五万余引","1","1","2"
"三十万八千余引","1","1","2"
"十万八千余引贮","1","1","2"
"户部尚书王钝解","1","1","2"
"高皇帝立法创制","1","1","2"
"迁浙江左布政使","2","0","2"
"湖广布政司参议","1","1","2"
"洪熙元年赠太子","2","0","2"
"熙元年赠太子少","2","0","2"
"元年赠太子少保","2","0","2"
"按察司副使墨麟","1","1","2"
"山东按察司试佥","1","1","2"
"东按察司试佥事","1","1","2"
"贵州布政使蒋廷","1","1","2"
"州布政使蒋廷瓒","1","1","2"
"定太子留守事宜","1","1","2"
"洪武二十一年举","2","0","2"
"时左都御史陈瑛","1","1","2"
"左都御史陈瑛残","1","1","2"
"右都御史吴中宽","1","1","2"
"令十四道御史论","1","1","2"
"召大学士杨士奇","1","1","2"
"济宁卫指挥佥事","1","1","2"
"进右军都督佥事","2","0","2"
"燕王将渡白沟河","1","1","2"
"下马伏地视河流","2","0","2"
"指挥武胜上书朝","1","1","2"
"时大同守将房昭","1","1","2"
"孙成等三十七人","1","1","2"
"行后府都督佥事","1","1","2"
"金吾后卫指挥同","1","1","2"
"吾后卫指挥同知","1","1","2"
"移兵讨平都匀蛮","1","1","2"
"讨越州叛蛮阿资","1","1","2"
"水西蛮居宗必登","1","1","2"
"讨麓川叛蛮刀干","1","1","2"
"麓川叛蛮刀干孟","1","1","2"
"福遂破擒刀干孟","1","1","2"
"军中封福宁远侯","2","0","2"
"坚城卫指挥佥事","1","1","2"
"贵州都指挥同知","1","1","2"
"思州宣慰使田琛","1","1","2"
"思南宣慰使田宗","1","1","2"
"南宣慰使田宗鼎","1","1","2"
"遂设贵州布政司","1","1","2"
"台罗苗普亮等作","1","1","2"
"罗苗普亮等作乱","1","1","2"
"二都司三卫兵讨","1","1","2"
"都司三卫兵讨平","1","1","2"
"陈州颍溪口跌坡","1","1","2"
"州颍溪口跌坡下","1","1","2"
"悉征东宫官属下","2","0","2"
"时勋贵武臣多令","1","1","2"
"勋贵武臣多令子","1","1","2"
"贵武臣多令子弟","1","1","2"
"镇守德州都督曹","1","1","2"
"北京行太仆寺卿","1","1","2"
"砥请开德州东南","1","1","2"
"命工部侍郎蔺芳","1","1","2"
"五丁养种马一匹","1","1","2"
"事中杜钦巡视淮","1","1","2"
"事中许能巡抚浙","1","1","2"
"中许能巡抚浙江","1","1","2"
"广东布政使徐奇","1","1","2"
"礼部侍郎华盖殿","2","0","2"
"部侍郎华盖殿大","2","0","2"
"陕西按察使陈智","1","1","2"
"设南京参赞机务","1","1","2"
"南京参赞机务大","1","1","2"
"京参赞机务大臣","1","1","2"
"甘肃总兵官何福","1","1","2"
"仁宗皇帝念卿忠","1","1","2"
"总兵官镇守淮安","1","1","2"
"前军都督佥事谭","1","1","2"
"军都督佥事谭深","1","1","2"
"锦衣卫指挥赵曦","1","1","2"
"三边总督杨一清","1","1","2"
"纪等列上四十七","1","1","2"
"等列上四十七人","1","1","2"
"武职贪污者百余","1","1","2"
"御史郭希愈请重","1","1","2"
"期雍偕同官王佩","1","1","2"
"劾镇守武定侯郭","1","1","2"
"镇守武定侯郭勋","1","1","2"
"避寇警移入内地","1","1","2"
"临清仓银五万两","1","1","2"
"两淮余盐银七十","1","1","2"
"淮余盐银七十万","1","1","2"
"巡仓御史艾朴受","1","1","2"
"仓御史艾朴受贿","1","1","2"
"劾吏部尚书方献","1","1","2"
"年大计天下庶官","2","0","2"
"诸边年例二百八","1","1","2"
"边年例二百八十","1","1","2"
"年例二百八十万","1","1","2"
"三十一年召翁万","1","1","2"
"十一年召翁万达","1","1","2"
"东南涂炭何时解","2","0","2"
"巡按御史吉澄极","1","1","2"
"总兵官姜应熊守","1","1","2"
"总兵官王继祖击","1","1","2"
"兵官王继祖击败","1","1","2"
"花马池闲田二万","1","1","2"
"马池闲田二万顷","1","1","2"
"山西总督樊继祖","1","1","2"
"都御史巡抚河南","2","0","2"
"浙江参政刘应箕","1","1","2"
"江参政刘应箕先","1","1","2"
"功科道官张尧年","1","1","2"
"劾总兵官张达等","1","1","2"
"劾前后督抚樊继","1","1","2"
"前后督抚樊继祖","1","1","2"
"指挥冯世彪等一","1","1","2"
"挥冯世彪等一百","1","1","2"
"冯世彪等一百七","1","1","2"
"世彪等一百七十","1","1","2"
"彪等一百七十七","1","1","2"
"等一百七十七人","1","1","2"
"福建总督胡宗宪","1","1","2"
"建总督胡宗宪下","1","1","2"
"总督胡宗宪下狱","1","1","2"
"巡按御史江万实","1","1","2"
"按御史江万实相","1","1","2"
"遣大理卿燕忠会","1","1","2"
"宁夏总兵官仲勋","1","1","2"
"迁广西提学佥事","1","1","2"
"迁广西左布政使","2","0","2"
"两广积储数十万","1","1","2"
"巡按御史余光相","1","1","2"
"按御史余光相继","1","1","2"
"望陛下翻然悔悟","1","1","2"
"毁淫祠数十百所","1","1","2"
"擢广东提学副使","2","0","2"
"河南副使翟瓒捣","1","1","2"
"山西佥事陈大纲","1","1","2"
"武定土知府凤诏","1","1","2"
"定土知府凤诏母","1","1","2"
"土知府凤诏母子","1","1","2"
"黔国公沐绍勋相","1","1","2"
"巡按御史牛天麟","1","1","2"
"按御史牛天麟极","1","1","2"
"年白圭修筑高邮","1","1","2"
"白圭修筑高邮康","1","1","2"
"圭修筑高邮康济","1","1","2"
"修筑高邮康济湖","1","1","2"
"累迁贵州按察使","1","1","2"
"劳两广总督王守","1","1","2"
"两广总督王守仁","1","1","2"
"大学士李时小心","1","1","2"
"学士李时小心谦","1","1","2"
"士李时小心谦抑","1","1","2"
"户部尚书许赞谨","1","1","2"
"部尚书许赞谨厚","1","1","2"
"刑部尚书王时中","1","1","2"
"吏部尚书左侍郎","1","1","2"
"部尚书左侍郎周","1","1","2"
"右侍郎许诰讲论","1","1","2"
"侍郎许诰讲论便","1","1","2"
"郎许诰讲论便捷","1","1","2"
"右侍郎顾鼎臣警","1","1","2"
"侍郎顾鼎臣警悟","1","1","2"
"郎顾鼎臣警悟疏","1","1","2"
"顾鼎臣警悟疏通","1","1","2"
"刑部左侍郎闻渊","1","1","2"
"部左侍郎闻渊存","1","1","2"
"左侍郎闻渊存心","1","1","2"
"侍郎闻渊存心正","1","1","2"
"论大学士张孚敬","1","1","2"
"上言大臣德政律","1","1","2"
"尚书王时中等言","2","0","2"
"日夜匍匐长安街","1","1","2"
"吴氏击登闻鼓讼","1","1","2"
"氏击登闻鼓讼冤","1","1","2"
"祖母吴氏守节教","1","1","2"
"母吴氏守节教育","1","1","2"
"念祖宗创业艰难","2","0","2"
"御史鄞人周相抗","1","1","2"
"史鄞人周相抗疏","1","1","2"
"工部员外郎刘魁","1","1","2"
"劾湖广巡抚陆杰","1","1","2"
"采木尚书樊继祖","1","1","2"
"督饷侍郎赵廷瑞","1","1","2"
"大同总兵官周尚","1","1","2"
"同总兵官周尚文","1","1","2"
"吏部尚书夏邦谟","1","1","2"
"锦衣卫经历沈炼","1","1","2"
"尚宝丞张逊业饮","1","1","2"
"巡按御史李凤毛","1","1","2"
"顺一子锦衣千户","1","1","2"
"故总督欧阳必进","1","1","2"
"诈传亲王令旨律","1","1","2"
"兵部尚书赵廷瑞","1","1","2"
"光禄丞胡膏伪增","1","1","2"
"禄丞胡膏伪增物","1","1","2"
"同事御史张巽言","1","1","2"
"兵旧额二千五百","1","1","2"
"李光头等九十六","1","1","2"
"光头等九十六人","1","1","2"
"巡按御史陈宗夔","1","1","2"
"浙中卫所四十一","1","1","2"
"战船四百三十九","1","1","2"
"断藤峡贼侯公丁","1","1","2"
"指挥王良辅等六","1","1","2"
"挥王良辅等六将","1","1","2"
"王良辅等六将分","1","1","2"
"良辅等六将分六","1","1","2"
"辅等六将分六道","1","1","2"
"等六将分六道会","1","1","2"
"指挥马文杰等四","1","1","2"
"挥马文杰等四将","1","1","2"
"马文杰等四将分","1","1","2"
"文杰等四将分四","1","1","2"
"杰等四将分四道","1","1","2"
"等四将分四道会","1","1","2"
"隶总兵官俞大猷","2","0","2"
"侍郎赵文华祭海","2","0","2"
"浙江巡按胡宗宪","1","1","2"
"遣参将卢镗督保","1","1","2"
"参将卢镗督保靖","1","1","2"
"将卢镗督保靖兵","1","1","2"
"命侍郎赵文华督","1","1","2"
"赵文华督察军务","1","1","2"
"松巡抚曹邦辅歼","1","1","2"
"尽督东南数十府","1","1","2"
"御史庞尚鹏奉诏","1","1","2"
"奸欺贪淫十大罪","1","1","2"
"检校董纶率民兵","1","1","2"
"校董纶率民兵巷","1","1","2"
"董纶率民兵巷战","1","1","2"
"邦辅督副使王崇","1","1","2"
"辅督副使王崇古","1","1","2"
"浙江巡按御史胡","1","1","2"
"江巡按御史胡宗","1","1","2"
"按御史胡宗宪会","1","1","2"
"奏督仓主事张振","1","1","2"
"督仓主事张振选","1","1","2"
"遣右评事刘叔龙","1","1","2"
"请都御史王廷相","1","1","2"
"迁右佥都御史提","1","1","2"
"右佥都御史提督","1","1","2"
"佥都御史提督操","1","1","2"
"都御史提督操江","1","1","2"
"遂督参将曹克新","1","1","2"
"督参将曹克新等","1","1","2"
"捕首恶二十五人","1","1","2"
"五河县泗水中涌","1","1","2"
"急令总兵官卢镗","1","1","2"
"金吾左卫指挥使","1","1","2"
"巡按御史丘养浩","1","1","2"
"充甘肃游击将军","2","0","2"
"力士持长竿铁钩","1","1","2"
"尚文转战三百里","1","1","2"
"东官厅听征总兵","1","1","2"
"官厅听征总兵官","1","1","2"
"叛人充灼召小王","1","1","2"
"人充灼召小王子","1","1","2"
"尚文急督副总兵","1","1","2"
"文急督副总兵林","1","1","2"
"急督副总兵林椿","1","1","2"
"土蛮十万骑薄界","2","0","2"
"蛮十万骑薄界岭","2","0","2"
"十万骑薄界岭口","2","0","2"
"获骁骑猛克兔等","1","1","2"
"骁骑猛克兔等六","1","1","2"
"骑猛克兔等六人","1","1","2"
"独石塞外二百里","1","1","2"
"令总兵官赵岢扼","1","1","2"
"阅视侍郎吴百朋","1","1","2"
"佥书前军都督府","1","1","2"
"年擢署都督佥事","2","0","2"
"佥事潘宗颜等一","1","1","2"
"事潘宗颜等一军","1","1","2"
"守备骆举率兵入","1","1","2"
"督三协副将王世","1","1","2"
"三协副将王世宠","1","1","2"
"督师孙传庭檄召","1","1","2"
"副使朱纨筑茂州","1","1","2"
"使朱纨筑茂州外","1","1","2"
"朱纨筑茂州外城","1","1","2"
"龙安夹道筑墙数","1","1","2"
"安夹道筑墙数百","1","1","2"
"夹道筑墙数百里","1","1","2"
"进署都指挥同知","2","0","2"
"希仪尽俘三层巢","1","1","2"
"总督张经大破断","1","1","2"
"督张经大破断藤","1","1","2"
"张经大破断藤峡","1","1","2"
"议设督捕总兵官","1","1","2"
"希仪署都督佥事","1","1","2"
"总督张岳大破贺","1","1","2"
"督张岳大破贺县","1","1","2"
"贺县贼倪仲亮等","2","0","2"
"琼州五指山熟黎","1","1","2"
"乌朗土官田兴邦","1","1","2"
"朗土官田兴邦等","1","1","2"
"播州宣慰杨烈杀","1","1","2"
"州宣慰杨烈杀长","1","1","2"
"宣慰杨烈杀长官","1","1","2"
"慰杨烈杀长官王","1","1","2"
"杨烈杀长官王黼","1","1","2"
"破地隆阡叛苗四","1","1","2"
"地隆阡叛苗四砦","1","1","2"
"守备安大朝进剿","1","1","2"
"招降冷水溪诸洞","1","1","2"
"降冷水溪诸洞苗","1","1","2"
"冷水溪诸洞苗二","1","1","2"
"水溪诸洞苗二十","1","1","2"
"溪诸洞苗二十八","1","1","2"
"诸洞苗二十八砦","1","1","2"
"副长官土舍韩甸","1","1","2"
"巡抚吴维岳招降","1","1","2"
"抚吴维岳招降平","1","1","2"
"吴维岳招降平州","1","1","2"
"维岳招降平州叛","1","1","2"
"岳招降平州叛酋","1","1","2"
"招降平州叛酋杨","1","1","2"
"降平州叛酋杨珂","1","1","2"
"水西宣慰安国亨","1","1","2"
"西宣慰安国亨恃","1","1","2"
"宣慰安国亨恃众","1","1","2"
"慰安国亨恃众跋","1","1","2"
"安国亨恃众跋扈","1","1","2"
"遣哈密都督写虎","2","0","2"
"哈密都督写虎仙","2","0","2"
"甘肃总兵官李隆","1","1","2"
"吏部尚书桂萼等","1","1","2"
"勇知兵忘身殉国","1","1","2"
"野鸡台二十余墩","1","1","2"
"鸡台二十余墩孤","1","1","2"
"台二十余墩孤悬","1","1","2"
"二十余墩孤悬塞","1","1","2"
"十余墩孤悬塞外","1","1","2"
"劾总兵官赵瑛失","1","1","2"
"总兵官赵瑛失事","1","1","2"
"修边墙三百九十","1","1","2"
"营舍一千五百间","1","1","2"
"令总督武臣张凤","1","1","2"
"总督武臣张凤随","1","1","2"
"督武臣张凤随机","1","1","2"
"武臣张凤随机策","1","1","2"
"臣张凤随机策应","1","1","2"
"先取死罪状奏请","1","1","2"
"遣千户火力赤率","1","1","2"
"千户火力赤率兵","1","1","2"
"户火力赤率兵三","1","1","2"
"火力赤率兵三百","1","1","2"
"夏秋间分驻边堡","2","0","2"
"万全右卫毁墙入","1","1","2"
"兵部左侍郎张汉","1","1","2"
"部左侍郎张汉代","1","1","2"
"代杨守谦巡抚山","1","1","2"
"杨守谦巡抚山西","1","1","2"
"总督都御史翁万","1","1","2"
"督都御史翁万达","1","1","2"
"遣前参将李珍捣","1","1","2"
"黄甫川一千五百","1","1","2"
"甫川一千五百里","1","1","2"
"令诸镇文武将吏","1","1","2"
"诸镇文武将吏协","1","1","2"
"镇文武将吏协议","1","1","2"
"铣交结近侍律斩","2","0","2"
"同总兵官仇鸾知","1","1","2"
"顺天巡抚王汝孝","1","1","2"
"天巡抚王汝孝驻","1","1","2"
"循潮河川南下古","2","0","2"
"潮河川南下古北","2","0","2"
"河川南下古北口","2","0","2"
"大臣二人经略通","1","1","2"
"臣二人经略通州","1","1","2"
"内外提督大臣家","1","1","2"
"禁军入营十王府","1","1","2"
"提督内外诸军事","1","1","2"
"副都御史王仪守","1","1","2"
"遣尚书张经总督","1","1","2"
"尚书张经总督诸","1","1","2"
"书张经总督诸军","1","1","2"
"兵官殷尚质等战","2","0","2"
"仇鸾选边兵十八","1","1","2"
"鸾选边兵十八支","1","1","2"
"选边兵十八支护","1","1","2"
"中军游击张伦下","1","1","2"
"军游击张伦下诏","1","1","2"
"游击张伦下诏狱","1","1","2"
"迁易州兵备副使","1","1","2"
"总兵官张承勋解","1","1","2"
"封疆极弊十五事","1","1","2"
"部长通汉叩关索","1","1","2"
"提督三千营广宁","1","1","2"
"督三千营广宁伯","1","1","2"
"三千营广宁伯刘","1","1","2"
"千营广宁伯刘佶","1","1","2"
"衣百户王邦奇借","1","1","2"
"百户王邦奇借哈","1","1","2"
"户王邦奇借哈密","1","1","2"
"镇远侯顾仕隆等","1","1","2"
"历南京吏部郎中","1","1","2"
"候补判官黄直救","1","1","2"
"年右副都御史巡","2","0","2"
"迁南京右都御史","2","0","2"
"锦摘陈御史封事","1","1","2"
"刑部主事项治元","1","1","2"
"镇守云南黔国公","1","1","2"
"守云南黔国公沐","1","1","2"
"云南黔国公沐朝","1","1","2"
"南黔国公沐朝弼","1","1","2"
"黔国公沐朝弼骄","1","1","2"
"东厂太监冯保传","1","1","2"
"厂太监冯保传呼","1","1","2"
"巡按御史郭廷梧","1","1","2"
"劾副都御史鄢懋","1","1","2"
"都御史鄢懋卿五","1","1","2"
"南京通政司参议","1","1","2"
"佥都御史巡抚应","2","0","2"
"都御史巡抚应天","2","0","2"
"时倭人争贡误伤","1","1","2"
"倭人争贡误伤居","1","1","2"
"人争贡误伤居民","1","1","2"
"亲临战阵勘定祸","1","1","2"
"临战阵勘定祸乱","1","1","2"
"宗庙社稷百官万","1","1","2"
"庙社稷百官万姓","1","1","2"
"社稷百官万姓寄","1","1","2"
"议加兴献帝皇号","1","1","2"
"二三近习私人共","1","1","2"
"庶吉士许成名等","1","1","2"
"士大夫寡廉鲜耻","1","1","2"
"前大学士杨一清","1","1","2"
"大兴知县高世儒","1","1","2"
"兴知县高世儒奉","1","1","2"
"知县高世儒奉诏","1","1","2"
"县高世儒奉诏核","1","1","2"
"禁军子弟家人倚","1","1","2"
"户部侍郎秦金等","1","1","2"
"方献夫分署三法","1","1","2"
"献夫分署三法司","1","1","2"
"夫分署三法司事","1","1","2"
"副都御史刘文庄","1","1","2"
"光禄少卿余才偶","1","1","2"
"前山西副使迁大","1","1","2"
"山西副使迁大理","1","1","2"
"西副使迁大理少","1","1","2"
"副使迁大理少卿","1","1","2"
"迁佥都御史毛伯","1","1","2"
"佥都御史毛伯温","1","1","2"
"子弟家人滥冒军","1","1","2"
"弟家人滥冒军功","1","1","2"
"伏望陛下仰畏天","1","1","2"
"望陛下仰畏天明","1","1","2"
"遣中官督南京织","1","1","2"
"中官督南京织造","1","1","2"
"东厂理刑千户陶","1","1","2"
"厂理刑千户陶淳","1","1","2"
"理刑千户陶淳曲","1","1","2"
"劾刑部侍郎孟凤","1","1","2"
"都督鲁纲督师讨","1","1","2"
"李铁汉十月下旬","1","1","2"
"见五台县张子真","1","1","2"
"五台县张子真户","1","1","2"
"台县张子真户内","1","1","2"
"县张子真户内实","1","1","2"
"录先朝建言诸臣","1","1","2"
"荐廖纪等十五人","1","1","2"
"劾吏部尚书杨旦","1","1","2"
"吏部尚书杨旦等","1","1","2"
"都御史王时中请","1","1","2"
"部尚书胡世宁等","1","1","2"
"使奴隶小人滥袭","1","1","2"
"奴隶小人滥袭伯","1","1","2"
"隶小人滥袭伯爵","1","1","2"
"医官李梦鹤假托","1","1","2"
"官李梦鹤假托进","1","1","2"
"李梦鹤假托进书","1","1","2"
"按察使一转径入","1","1","2"
"察使一转径入内","1","1","2"
"使一转径入内台","1","1","2"
"南京太仆少卿夏","1","1","2"
"京太仆少卿夏尚","1","1","2"
"太仆少卿夏尚朴","1","1","2"
"礼部尚书李时柔","1","1","2"
"南京礼部尚书黄","1","1","2"
"京礼部尚书黄绾","1","1","2"
"礼部尚书黄绾曲","1","1","2"
"部尚书黄绾曲学","1","1","2"
"尚书黄绾曲学阿","1","1","2"
"书黄绾曲学阿世","1","1","2"
"大学士严嵩等请","1","1","2"
"祔孝烈皇后太庙","2","0","2"
"孝烈端顺敏惠恭","1","1","2"
"烈端顺敏惠恭诚","1","1","2"
"端顺敏惠恭诚祗","1","1","2"
"顺敏惠恭诚祗天","1","1","2"
"敏惠恭诚祗天卫","1","1","2"
"惠恭诚祗天卫圣","1","1","2"
"恭诚祗天卫圣皇","1","1","2"
"诚祗天卫圣皇后","1","1","2"
"孝定贞纯钦仁端","1","1","2"
"定贞纯钦仁端肃","1","1","2"
"贞纯钦仁端肃弼","1","1","2"
"纯钦仁端肃弼天","1","1","2"
"钦仁端肃弼天祚","1","1","2"
"仁端肃弼天祚圣","1","1","2"
"端肃弼天祚圣皇","1","1","2"
"肃弼天祚圣皇太","1","1","2"
"弼天祚圣皇太后","1","1","2"
"御史曹学程建言","2","0","2"
"同佥元帅等六百","1","1","2"
"佥元帅等六百余","1","1","2"
"元帅等六百余人","1","1","2"
"元尚书普贤帖木","1","1","2"
"太子帅百官迎劳","2","0","2"
"子帅百官迎劳龙","2","0","2"
"子府军卫指挥使","1","1","2"
"平章阿思兰周文","2","0","2"
"章阿思兰周文贵","2","0","2"
"通塔平诸洞作乱","1","1","2"
"定武昌等十五卫","1","1","2"
"四万四千八百人","1","1","2"
"增官租四千三百","1","1","2"
"官租四千三百石","1","1","2"
"节制凤阳留守司","1","1","2"
"骁骑右卫亲军指","1","1","2"
"骑右卫亲军指挥","1","1","2"
"右卫亲军指挥使","1","1","2"
"元嗣主脱古思帖","1","1","2"
"嗣主脱古思帖木","1","1","2"
"国公帖里密赤等","1","1","2"
"公帖里密赤等五","1","1","2"
"帖里密赤等五十","1","1","2"
"里密赤等五十九","1","1","2"
"密赤等五十九人","1","1","2"
"擒元平章达里麻","2","0","2"
"都督耿忠拥见胜","2","0","2"
"海东北八十余里","1","1","2"
"男女七万七千余","1","1","2"
"女七万七千余人","1","1","2"
"命督修四川城池","1","1","2"
"安抚司散毛诸洞","1","1","2"
"建昌指挥使月鲁","1","1","2"
"昌指挥使月鲁帖","1","1","2"
"指挥使月鲁帖木","1","1","2"
"户部侍郎傅友文","1","1","2"
"部侍郎傅友文等","1","1","2"
"天策卫指挥佥事","1","1","2"
"二十年同靖宁侯","1","1","2"
"十年同靖宁侯叶","1","1","2"
"年同靖宁侯叶升","1","1","2"
"同靖宁侯叶升征","1","1","2"
"克苏九畴炭山寨","1","1","2"
"同张温追讨纳哈","1","1","2"
"神武卫指挥佥事","1","1","2"
"公侯奢侈逾越禁","1","1","2"
"俞通海等舟师巢","2","0","2"
"建康翼统军元帅","1","1","2"
"同佥江南行枢密","1","1","2"
"佥江南行枢密院","1","1","2"
"江南行枢密院事","1","1","2"
"遥授行省平章政","1","1","2"
"授行省平章政事","1","1","2"
"改封永安郧国公","1","1","2"
"合淮兵二十万屯","1","1","2"
"迁行枢密院判官","2","0","2"
"通海乘风纵火焚","1","1","2"
"江淮行中书省事","1","1","2"
"江南豪民十四万","1","1","2"
"江南行省参知政","1","1","2"
"南行省参知政事","1","1","2"
"太平兴国翼总管","1","1","2"
"常州人陈保二聚","1","1","2"
"州人陈保二聚众","1","1","2"
"行省左右司郎中","1","1","2"
"总制处州军民事","1","1","2"
"广信指挥朱亮祖","1","1","2"
"进大都督府副使","2","0","2"
"省都督同知汪兴","1","1","2"
"都督同知汪兴祖","1","1","2"
"白盐山伐木开道","1","1","2"
"副将军文忠北征","1","1","2"
"太祖命耿炳文选","1","1","2"
"随大将军冯胜北","1","1","2"
"大将军冯胜北征","1","1","2"
"特授山西右布政","1","1","2"
"授山西右布政使","1","1","2"
"令守院御史一体","1","1","2"
"同官曾秉正先后","1","1","2"
"都察院佥都御史","1","1","2"
"事中陈汶辉相继","1","1","2"
"中陈汶辉相继争","1","1","2"
"右讲经觉义等官","1","1","2"
"景帝同祖父兄弟","1","1","2"
"代朝廷宣导德化","1","1","2"
"会考校钱谷册书","1","1","2"
"搜军中所掠妇女","2","0","2"
"河南道按察佥事","1","1","2"
"任行中书省左右","1","1","2"
"行中书省左右司","1","1","2"
"中书省左右司郎","1","1","2"
"书省左右司郎中","1","1","2"
"行省左右司员外","1","1","2"
"省左右司员外郎","1","1","2"
"更番掌行机宜文","1","1","2"
"番掌行机宜文字","1","1","2"
"黄子澄同参国政","1","1","2"
"遗诏诸王临国中","2","0","2"
"护卫胡骑指挥关","1","1","2"
"卫胡骑指挥关童","1","1","2"
"胡骑指挥关童等","1","1","2"
"右卫官军分驻彰","1","1","2"
"卫官军分驻彰德","1","1","2"
"锦衣卫千户张安","1","1","2"
"万历十三年三月","1","1","2"
"李景隆北征屡败","1","1","2"
"成都护卫指挥使","1","1","2"
"合肥人马云同隶","1","1","2"
"辽阳行省参政刘","1","1","2"
"阳行省参政刘益","1","1","2"
"行省参政刘益屯","1","1","2"
"立辽阳指挥使司","1","1","2"
"断事吴立镇抚军","1","1","2"
"事吴立镇抚军民","1","1","2"
"盖州卫指挥佥事","1","1","2"
"都指挥使司统辖","1","1","2"
"指挥使司统辖诸","1","1","2"
"挥使司统辖诸卫","1","1","2"
"送高丽使者周谊","1","1","2"
"高丽使者周谊入","1","1","2"
"丽使者周谊入京","1","1","2"
"青军元帅张明鉴","1","1","2"
"元镇南王孛罗普","1","1","2"
"南王孛罗普化招","1","1","2"
"王孛罗普化招降","1","1","2"
"缪将军生平端直","1","1","2"
"常遇春讨平邓克","1","1","2"
"遇春讨平邓克明","1","1","2"
"春讨平邓克明余","1","1","2"
"讨平邓克明余党","1","1","2"
"功授凤翔卫指挥","2","0","2"
"凤翔卫指挥副使","1","1","2"
"招降元将士八千","1","1","2"
"降元将士八千余","1","1","2"
"元将士八千余人","1","1","2"
"秦王讨平洮州番","1","1","2"
"兴武卫指挥佥事","1","1","2"
"元平章俺普达等","1","1","2"
"令傅友德夜袭木","1","1","2"
"傅友德夜袭木槽","1","1","2"
"友德夜袭木槽关","1","1","2"
"神策卫指挥佥事","1","1","2"
"神电等二十四卫","1","1","2"
"电等二十四卫所","1","1","2"
"四川威茂土酋董","1","1","2"
"川威茂土酋董贴","1","1","2"
"威茂土酋董贴里","1","1","2"
"茂土酋董贴里叛","1","1","2"
"湖广行省平章政","1","1","2"
"广行省平章政事","1","1","2"
"南阳卫指挥佥事","1","1","2"
"飞熊卫亲军指挥","1","1","2"
"熊卫亲军指挥使","1","1","2"
"亲军指挥使司佥","1","1","2"
"军指挥使司佥事","1","1","2"
"子孙世袭指挥同","1","1","2"
"孙世袭指挥同知","1","1","2"
"兵部职方司郎中","1","1","2"
"北平按察司副使","1","1","2"
"前刑部尚书李敬","1","1","2"
"兄弟三人共居一","1","1","2"
"浙江按察司佥事","1","1","2"
"币帛求遗贤四方","2","0","2"
"赵寿等分行天下","2","0","2"
"坐考祀孔子礼时","2","0","2"
"考祀孔子礼时奏","2","0","2"
"四川行省参知政","1","1","2"
"川行省参知政事","1","1","2"
"广东按察司佥事","1","1","2"
"元枢密同佥宁安","1","1","2"
"枢密同佥宁安庆","1","1","2"
"佐省台裁定铨除","1","1","2"
"省台裁定铨除考","1","1","2"
"台裁定铨除考课","1","1","2"
"裁定铨除考课诸","1","1","2"
"定铨除考课诸法","1","1","2"
"铨除考课诸法略","1","1","2"
"除考课诸法略具","1","1","2"
"定内外封赠荫叙","1","1","2"
"下诸司设官分职","1","1","2"
"惟犯十恶杀人者","2","0","2"
"罪皆令输粟北边","2","0","2"
"奏郑国公常茂死","1","1","2"
"郑国公常茂死事","1","1","2"
"都御史詹徽刚断","1","1","2"
"孝弟力田诸科所","1","1","2"
"弟力田诸科所取","1","1","2"
"使趋事者朝寅暮","1","1","2"
"趋事者朝寅暮戌","1","1","2"
"耆儒李习率父老","1","1","2"
"翰苑文章第一家","1","1","2"
"洪武元年分建六","1","1","2"
"武元年分建六部","1","1","2"
"元年分建六部官","1","1","2"
"定宗庙时享斋戒","1","1","2"
"中书省礼曹主事","1","1","2"
"汉光武加先陵曰","2","0","2"
"光武加先陵曰昌","2","0","2"
"宋祥符九年南郊","1","1","2"
"祥符九年南郊遇","1","1","2"
"符九年南郊遇雨","1","1","2"
"昂增定监规八条","1","1","2"
"会司谏关贤上言","1","1","2"
"元总管李黼立祀","1","1","2"
"力牧等三十六人","1","1","2"
"牧等三十六人侑","1","1","2"
"等三十六人侑享","1","1","2"
"廷臣参考中原雅","1","1","2"
"播州宣慰使杨铿","1","1","2"
"蛮夷总管郑瑚等","1","1","2"
"置播州黄平宣抚","1","1","2"
"谷亻散等四十一","1","1","2"
"增设重安守御千","1","1","2"
"设重安守御千户","1","1","2"
"重安守御千户所","1","1","2"
"播州宣慰使杨斌","1","1","2"
"协同播州经历司","1","1","2"
"故宣慰杨烈祭葬","1","1","2"
"水西宣慰安疆臣","1","1","2"
"重庆知府王士琦","1","1","2"
"命成都卫指挥袁","1","1","2"
"成都卫指挥袁洪","1","1","2"
"永宁等处军民安","1","1","2"
"宁等处军民安抚","1","1","2"
"永宁宣抚使禄照","1","1","2"
"水道一百九十滩","1","1","2"
"门大滩八十二处","1","1","2"
"诏景川侯曹震疏","2","0","2"
"令永宁宣抚奢贵","1","1","2"
"永宁宣抚奢贵赴","1","1","2"
"宁宣抚奢贵赴大","1","1","2"
"宣抚奢贵赴大坝","1","1","2"
"抚奢贵赴大坝招","1","1","2"
"奢贵赴大坝招抚","1","1","2"
"时总督尚书程信","1","1","2"
"永宁宣抚奢贵开","1","1","2"
"宁宣抚奢贵开通","1","1","2"
"礼部侍郎周洪谟","1","1","2"
"抚司女土官奢禄","1","1","2"
"总兵官刘显节制","1","1","2"
"结永宁宣抚奢效","1","1","2"
"永宁宣抚奢效忠","1","1","2"
"宁宣抚奢效忠报","1","1","2"
"宣抚奢效忠报仇","1","1","2"
"邦彦号四裔大长","2","0","2"
"彦号四裔大长老","2","0","2"
"酉阳宣抚冉兴邦","1","1","2"
"宣抚佥事冉廷璋","1","1","2"
"副长官杨胜刚父","1","1","2"
"长官杨胜刚父子","1","1","2"
"护印舍人冉廷玺","1","1","2"
"部尚书张鹤鸣言","2","0","2"
"大明天子神圣文","1","1","2"
"明天子神圣文武","1","1","2"
"征夷将军源义满","1","1","2"
"夷将军源义满奉","1","1","2"
"命江夏侯周德兴","2","0","2"
"五万八千七百余","2","0","2"
"万八千七百余人","2","0","2"
"结宁波卫指挥林","1","1","2"
"宁波卫指挥林贤","1","1","2"
"遣左通政赵居任","1","1","2"
"鸿胪寺少卿潘赐","1","1","2"
"胪寺少卿潘赐偕","1","1","2"
"赐仁孝皇后所制","1","1","2"
"都督刘荣率精兵","1","1","2"
"贼数千人分乘二","1","1","2"
"数千人分乘二十","1","1","2"
"钱二十一万七千","1","1","2"
"分守参政朱鸣阳","1","1","2"
"巡按御史督同三","1","1","2"
"按御史督同三司","1","1","2"
"巡按御史高节请","1","1","2"
"巡按御史杨九泽","1","1","2"
"命副都御史朱纨","1","1","2"
"副都御史朱纨巡","1","1","2"
"都御史朱纨巡抚","1","1","2"
"御史朱纨巡抚浙","1","1","2"
"史朱纨巡抚浙江","1","1","2"
"部侍郎赵文华督","1","1","2"
"三十六年十月初","1","1","2"
"谒巡按御史王本","1","1","2"
"琉球长史郑迥谋","1","1","2"
"副总兵祖承训赴","1","1","2"
"兵部侍郎宋应昌","1","1","2"
"兵部尚书石星计","2","0","2"
"部尚书石星计所","2","0","2"
"子寨官子入国学","2","0","2"
"指挥刘玉私通货","1","1","2"
"遣官生蔡进等五","1","1","2"
"官生蔡进等五人","1","1","2"
"巡按御史樊献科","1","1","2"
"三十一年二月抵","1","1","2"
"浙江总兵官杨宗","1","1","2"
"江总兵官杨宗业","1","1","2"
"总兵官杨宗业闻","2","0","2"
"嘉峪关一千六百","1","1","2"
"峪关一千六百里","1","1","2"
"威武王纳忽里镇","1","1","2"
"四千七百四十匹","1","1","2"
"都指挥同知哈剌","1","1","2"
"指挥同知哈剌哈","1","1","2"
"挥同知哈剌哈纳","1","1","2"
"兔力帖木忠义王","2","0","2"
"灌顶慈慧圆智普","1","1","2"
"顶慈慧圆智普通","1","1","2"
"慈慧圆智普通国","1","1","2"
"慧圆智普通国师","1","1","2"
"子阿黑麻嗣速檀","2","0","2"
"使臣一百七十二","1","1","2"
"臣一百七十二人","1","1","2"
"部下虎力纳引瓦","2","0","2"
"下虎力纳引瓦剌","2","0","2"
"甘肃巡抚赵载陈","1","1","2"
"授伯都王都督佥","2","0","2"
"伯都王都督佥事","2","0","2"
"兀忽纳指挥佥事","2","0","2"
"速檀阿力乘机袭","1","1","2"
"遣都督同知李文","1","1","2"
"锦衣千户马俊奉","1","1","2"
"衣千户马俊奉敕","1","1","2"
"都督同知奄克孛","1","1","2"
"督同知奄克孛剌","1","1","2"
"兵部右侍郎张海","1","1","2"
"都督同知缑谦二","1","1","2"
"督同知缑谦二人","1","1","2"
"令都督奄克孛剌","1","1","2"
"都督奄克孛剌总","1","1","2"
"督奄克孛剌总理","1","1","2"
"奄克孛剌总理哈","1","1","2"
"克孛剌总理哈密","1","1","2"
"王越总制三边军","1","1","2"
"甘肃巡抚李昆上","1","1","2"
"游击芮宁参将蒋","2","0","2"
"击芮宁参将蒋存","2","0","2"
"芮宁参将蒋存礼","2","0","2"
"失烟答子米马黑","2","0","2"
"胡世宁救陈九畴","1","1","2"
"封买里八剌崇礼","2","0","2"
"买里八剌崇礼侯","2","0","2"
"右副将军傅友德","1","1","2"
"大臣朵朵失里等","1","1","2"
"枢密知院爱足等","1","1","2"
"率颍川侯傅友德","1","1","2"
"遣蓝玉乘大雪袭","1","1","2"
"脱懽袭杀阿鲁台","2","0","2"
"阿鲁台子阿卜俺","2","0","2"
"唐张仁愿筑三受","2","0","2"
"张仁愿筑三受降","2","0","2"
"仁愿筑三受降城","2","0","2"
"延绥巡抚余子俊","1","1","2"
"吏部侍郎王鏊上","1","1","2"
"总督尚书杨守礼","1","1","2"
"巡抚都御史楚书","1","1","2"
"子狼台吉等散处","1","1","2"
"狼台吉等散处河","1","1","2"
"台吉等散处河西","1","1","2"
"总督侍郎翁万达","1","1","2"
"宣府总兵赵国忠","1","1","2"
"都御史王汝孝率","1","1","2"
"大同总兵咸宁侯","1","1","2"
"同总兵咸宁侯仇","1","1","2"
"总兵咸宁侯仇鸾","1","1","2"
"都御史杨守谦等","1","1","2"
"兵部郎中杨继盛","1","1","2"
"大同总兵岳懋中","1","1","2"
"副总兵蒋承勋力","2","0","2"
"总兵蒋承勋力战","2","0","2"
"兵蒋承勋力战死","2","0","2"
"延绥总兵赵岢分","1","1","2"
"大同总兵姜应熊","1","1","2"
"大同参将崔世荣","1","1","2"
"时兵部侍郎王崇","1","1","2"
"兵部侍郎王崇古","1","1","2"
"部侍郎王崇古镇","1","1","2"
"俺答第三子铁背","2","0","2"
"答第三子铁背台","2","0","2"
"第三子铁背台吉","2","0","2"
"三子铁背台吉子","2","0","2"
"大同巡抚方逢时","1","1","2"
"汉置属国居乌桓","2","0","2"
"诏封俺答顺义王","2","0","2"
"红山墩暨清水营","1","1","2"
"俺答常远处青山","1","1","2"
"延绥巡抚李春光","1","1","2"
"将周国柱等击莽","2","0","2"
"周国柱等击莽剌","2","0","2"
"国柱等击莽剌川","2","0","2"
"柱等击莽剌川脑","2","0","2"
"宰赛诱杀庆云堡","1","1","2"
"赛诱杀庆云堡守","1","1","2"
"诱杀庆云堡守御","1","1","2"
"杀庆云堡守御熊","1","1","2"
"延绥总兵官秉忠","1","1","2"
"绥总兵官秉忠等","1","1","2"
"榆林总兵杜文焕","1","1","2"
"偿命银一万三千","1","1","2"
"联络朵颜三十六","1","1","2"
"络朵颜三十六家","1","1","2"
"大同巡抚张宗衡","1","1","2"
"都督苏火耳灰等","1","1","2"
"遣使贺明年正旦","2","0","2"
"命都督佥事冯诚","1","1","2"
"王弄山长官司沙","1","1","2"
"弄山长官司沙源","1","1","2"
"时宁州土司禄永","1","1","2"
"宁州土司禄永命","1","1","2"
"金沧副使杨畏知","1","1","2"
"沧副使杨畏知奉","1","1","2"
"副使杨畏知奉调","1","1","2"
"使杨畏知奉调驻","1","1","2"
"选精兵二万五千","1","1","2"
"精兵二万五千人","1","1","2"
"元江等处宣慰司","1","1","2"
"置临安卫指挥使","1","1","2"
"临安卫指挥使司","1","1","2"
"溪处甸长官司副","1","1","2"
"处甸长官司副长","1","1","2"
"甸长官司副长官","1","1","2"
"七万九千八百索","1","1","2"
"临安阿迷州土官","1","1","2"
"安阿迷州土官普","1","1","2"
"阿迷州土官普柱","1","1","2"
"元谋土官吾必奎","1","1","2"
"广西知府张继孟","1","1","2"
"宁州土官禄永命","1","1","2"
"王弄山副长官沙","1","1","2"
"弄山副长官沙源","1","1","2"
"安南长官司土舍","1","1","2"
"新安守御千户所","1","1","2"
"都指挥同知王俊","1","1","2"
"指挥同知王俊奉","1","1","2"
"挥同知王俊奉命","1","1","2"
"同知王俊奉命率","1","1","2"
"总兵官沐昂等招","1","1","2"
"兵官沐昂等招抚","1","1","2"
"时富州土官沈政","1","1","2"
"曲靖军民指挥使","1","1","2"
"靖军民指挥使司","1","1","2"
"西平侯沐英发兵","1","1","2"
"平侯沐英发兵讨","1","1","2"
"留神策卫千户刘","1","1","2"
"神策卫千户刘成","1","1","2"
"洱海卫指挥佥事","1","1","2"
"海卫指挥佥事滕","1","1","2"
"卫指挥佥事滕聚","1","1","2"
"陆凉卫指挥使司","1","1","2"
"右军都督佥事王","1","1","2"
"军都督佥事王成","1","1","2"
"土知州安世鼎死","1","1","2"
"诏行人张洪等赍","2","0","2"
"行人张洪等赍敕","2","0","2"
"人张洪等赍敕谕","2","0","2"
"张洪等赍敕谕责","2","0","2"
"洪熙元年遣内官","2","0","2"
"缅甸宣慰使新加","1","1","2"
"甸宣慰使新加斯","1","1","2"
"令总兵官蒋贵等","1","1","2"
"兵部尚书余子俊","1","1","2"
"部尚书余子俊等","1","1","2"
"永昌知府严时泰","1","1","2"
"镇巡官沐朝弼等","1","1","2"
"西南金楼白象主","1","1","2"
"南金楼白象主莽","1","1","2"
"金楼白象主莽哒","1","1","2"
"楼白象主莽哒喇","1","1","2"
"白象主莽哒喇弄","1","1","2"
"象主莽哒喇弄王","1","1","2"
"主莽哒喇弄王书","1","1","2"
"莽哒喇弄王书报","1","1","2"
"哒喇弄王书报天","1","1","2"
"喇弄王书报天皇","1","1","2"
"弄王书报天皇帝","1","1","2"
"干崖土舍刀怕文","1","1","2"
"金腾副使许天琦","1","1","2"
"土目马禄喇送等","1","1","2"
"永昌千户辛凤奉","1","1","2"
"武靖参将邓子龙","1","1","2"
"立木邦路军民总","1","1","2"
"木邦路军民总管","1","1","2"
"邦路军民总管府","1","1","2"
"遣内官杨瑄赍敕","2","0","2"
"内官杨瑄赍敕谕","2","0","2"
"遣中官徐亮赍敕","2","0","2"
"破缅甸城寨二十","2","0","2"
"缅甸城寨二十余","2","0","2"
"陇川宣抚刀歪孟","1","1","2"
"左参将胡志调兵","1","1","2"
"故木邦宣慰罕揲","1","1","2"
"木邦宣慰罕揲法","1","1","2"
"兵部尚书张鹏主","1","1","2"
"南京工部尚书程","1","1","2"
"京工部尚书程宗","1","1","2"
"木邦宣慰罕挖法","2","0","2"
"土舍思揲乘虚袭","1","1","2"
"叔罕衤盍约暹罗","1","1","2"
"置云远路军民总","1","1","2"
"木邦宣慰使罕宾","1","1","2"
"邦宣慰使罕宾法","1","1","2"
"麓川宣慰思任发","1","1","2"
"川宣慰思任发所","1","1","2"
"缅甸宣慰马哈省","1","1","2"
"甸宣慰马哈省管","1","1","2"
"宣慰马哈省管治","1","1","2"
"孟养金沙江思陆","2","0","2"
"养金沙江思陆发","2","0","2"
"思陆遣大陶孟伦","2","0","2"
"陆遣大陶孟伦索","2","0","2"
"云南巡按谢朝宣","1","1","2"
"蛮莫等地十三处","1","1","2"
"遣参政王汝舟等","1","1","2"
"置撒里路军民总","1","1","2"
"撒里路军民总管","1","1","2"
"里路军民总管府","1","1","2"
"置军民宣慰使司","1","1","2"
"宣慰刀招散所阻","1","1","2"
"靖安宣慰刀霸供","1","1","2"
"麓川宣慰思伦发","1","1","2"
"川宣慰思伦发叛","1","1","2"
"车里宣慰刀糯猛","1","1","2"
"铸老挝军民宣慰","2","0","2"
"军民宣慰使司印","2","0","2"
"季子怕雅赛走八","2","0","2"
"子怕雅赛走八百","2","0","2"
"宣慰舍人招揽章","1","1","2"
"慰舍人招揽章应","1","1","2"
"八百等处宣慰司","1","1","2"
"土官刀招散所阻","1","1","2"
"长率兵一万五千","1","1","2"
"少中大夫同时敏","1","1","2"
"安南国王陈日煃","2","0","2"
"织金文绮纱罗四","2","0","2"
"金文绮纱罗四十","2","0","2"
"文绮纱罗四十匹","2","0","2"
"翰林编修罗复仁","1","1","2"
"兵部主事张福谕","1","1","2"
"部主事张福谕令","1","1","2"
"遣吏部主事林唐","1","1","2"
"吏部主事林唐臣","1","1","2"
"下大夫黎元普等","1","1","2"
"礼部郎中邢文伟","1","1","2"
"刑部尚书杨靖谕","1","1","2"
"礼部郎中夏止善","1","1","2"
"平侯沐晟佩征夷","1","1","2"
"侯沐晟佩征夷副","1","1","2"
"沐晟佩征夷副将","1","1","2"
"晟佩征夷副将军","1","1","2"
"佩征夷副将军印","1","1","2"
"遣骠骑将军朱荣","2","0","2"
"前工部侍郎张显","1","1","2"
"工部侍郎张显宗","1","1","2"
"福建布政司左参","1","1","2"
"建布政司左参政","1","1","2"
"布政司左参政王","1","1","2"
"政司左参政王平","1","1","2"
"前河南按察使阮","1","1","2"
"河南按察使阮友","1","1","2"
"南按察使阮友彰","1","1","2"
"一千七百六十里","1","1","2"
"牛二十三万五千","1","1","2"
"二十三万五千九","1","1","2"
"十三万五千九百","1","1","2"
"米粟一千三百六","1","1","2"
"粟一千三百六十","1","1","2"
"一千三百六十万","1","1","2"
"千三百六十万石","1","1","2"
"船八千六百七十","1","1","2"
"八千六百七十余","1","1","2"
"千六百七十余艘","1","1","2"
"军器二百五十三","1","1","2"
"器二百五十三万","1","1","2"
"二百五十三万九","1","1","2"
"百五十三万九千","1","1","2"
"五十三万九千八","1","1","2"
"十三万九千八百","1","1","2"
"伪金吾将军阮世","1","1","2"
"伪金吾上将军杜","1","1","2"
"金吾上将军杜元","1","1","2"
"吾上将军杜元措","1","1","2"
"上将军杜元措等","1","1","2"
"伪龙虎将军黎蕊","1","1","2"
"龙虎将军黎蕊等","1","1","2"
"获伪将军杨汝梅","1","1","2"
"阮徐等五十六人","1","1","2"
"黎蟾等七百人逃","1","1","2"
"辅佩征夷将军印","1","1","2"
"年命丰城侯李彬","2","0","2"
"土官指挥路文律","1","1","2"
"成山侯王通征夷","2","0","2"
"山侯王通征夷将","2","0","2"
"侯王通征夷将军","2","0","2"
"循太宗皇帝继绝","1","1","2"
"工部右侍郎罗汝","1","1","2"
"部右侍郎罗汝敬","1","1","2"
"利权署安南国事","2","0","2"
"兵部侍郎徐琦等","1","1","2"
"兵部右侍郎李郁","1","1","2"
"事中薛谦持节册","1","1","2"
"中薛谦持节册封","1","1","2"
"遣使贺册立皇太","2","0","2"
"使贺册立皇太子","2","0","2"
"命侍读学士钱溥","1","1","2"
"占城王盘罗茶全","1","1","2"
"弟盘罗茶悦所弑","1","1","2"
"部尚书马文升召","1","1","2"
"朝廷一旦赫然震","1","1","2"
"廷一旦赫然震怒","1","1","2"
"臣都力士莫登庸","1","1","2"
"赂钦州判官唐清","1","1","2"
"户部侍郎唐胄上","1","1","2"
"部侍郎唐胄上疏","1","1","2"
"右都御史毛伯温","1","1","2"
"咸宁侯仇鸾总督","1","1","2"
"宁侯仇鸾总督军","1","1","2"
"侯仇鸾总督军务","1","1","2"
"宣抚同知阮典敬","1","1","2"
"抚同知阮典敬等","1","1","2"
"子仪收残卒遁海","2","0","2"
"仪收残卒遁海东","2","0","2"
"参将俞大猷所败","1","1","2"
"广西巡抚陈大科","1","1","2"
"西巡抚陈大科等","1","1","2"
"左江副使杨寅秋","1","1","2"
"置东宁路总管府","1","1","2"
"千牛卫大将军金","1","1","2"
"牛卫大将军金甲","1","1","2"
"卫大将军金甲两","1","1","2"
"大将军金甲两上","1","1","2"
"将军金甲两上表","1","1","2"
"军金甲两上表谢","1","1","2"
"郑梦周等一百五","1","1","2"
"梦周等一百五十","1","1","2"
"枢密使延安答里","1","1","2"
"宠臣辛肫子禑子","2","0","2"
"遣判宗簿事崔原","1","1","2"
"辽东守将唐胜宗","1","1","2"
"指挥佥事高家奴","1","1","2"
"高丽知密直司事","1","1","2"
"丽知密直司事赵","1","1","2"
"知密直司事赵胖","1","1","2"
"密直司事赵胖等","1","1","2"
"布一万九千七百","1","1","2"
"辽东都指挥使司","1","1","2"
"门下评理郑道传","1","1","2"
"下评理郑道传所","1","1","2"
"评理郑道传所撰","1","1","2"
"朝鲜妇女金黑等","1","1","2"
"鲜妇女金黑等五","1","1","2"
"妇女金黑等五十","1","1","2"
"女金黑等五十三","1","1","2"
"金黑等五十三人","1","1","2"
"毛怜卫都督郎卜","1","1","2"
"遣中枢府知事康","1","1","2"
"中枢府知事康纯","1","1","2"
"枢府知事康纯统","1","1","2"
"弘治七年十二月","1","1","2"
"国祖李旦系本国","1","1","2"
"祖李旦系本国全","1","1","2"
"李旦系本国全州","1","1","2"
"旦系本国全州人","1","1","2"
"内竖崔万生所弑","1","1","2"
"三十八年十一月","1","1","2"
"辽东都御史赵耀","1","1","2"
"倭釜山移西生浦","2","0","2"
"礼部郎中何乔远","1","1","2"
"礼部尚书范谦言","2","0","2"
"弃王京退守鸭绿","1","1","2"
"王京退守鸭绿江","1","1","2"
"福建都御史金学","1","1","2"
"建都御史金学曾","1","1","2"
"石曼子引舟师救","2","0","2"
"二十七年闰四月","1","1","2"
"四十三年十一月","1","1","2"
"左议府尹义立约","1","1","2"
"尹义立曾任判书","1","1","2"
"户曹判书郑斗源","1","1","2"
"正三品昭勇将军","1","1","2"
"陈湖等十二马头","1","1","2"
"提督尚书伍文定","1","1","2"
"宣慰土舍宋万化","1","1","2"
"贵州总兵杨愈懋","1","1","2"
"擒土司何中尉等","1","1","2"
"百五十里皆坦途","2","0","2"
"宋氏洪边十二马","1","1","2"
"氏洪边十二马头","1","1","2"
"故大学士张居正","1","1","2"
"太平沿江荻洲杂","1","1","2"
"平沿江荻洲杂税","1","1","2"
"阳总督马士英等","1","1","2"
"遣兵部侍郎林佳","1","1","2"
"兵部侍郎林佳鼎","1","1","2"
"太仆卿霍子衡等","1","1","2"
"武冈总兵官刘承","1","1","2"
"冈总兵官刘承胤","1","1","2"
"土舍覃鸣珂作乱","1","1","2"
"湖南十三镇将郝","1","1","2"
"南十三镇将郝永","1","1","2"
"十三镇将郝永忠","1","1","2"
"时南昌金声桓等","1","1","2"
"随行者六百四十","1","1","2"
"行者六百四十余","1","1","2"
"者六百四十余人","1","1","2"
"黔国公沐天波等","1","1","2"
"八十余人流入暹","1","1","2"
"十余人流入暹罗","1","1","2"
"魏豹等四十二人","1","1","2"
"正德六年殿试第","1","1","2"
"德六年殿试第一","1","1","2"
"武定凤朝文作乱","1","1","2"
"屡迁礼科都事中","2","0","2"
"户部尚书秦金请","1","1","2"
"刑部尚书赵鉴等","1","1","2"
"宏文渊阁大学士","2","0","2"
"内阁掌参机务辅","1","1","2"
"阁掌参机务辅导","1","1","2"
"掌参机务辅导首","1","1","2"
"参机务辅导首臣","1","1","2"
"时文渊阁大学士","2","0","2"
"户部尚书武英殿","2","0","2"
"英殿大学士入阁","2","0","2"
"仓场侍郎林应亮","1","1","2"
"命文渊阁大学士","2","0","2"
"登弘治十二年进","2","0","2"
"中御史戴铣等二","1","1","2"
"御史戴铣等二十","1","1","2"
"迁南京刑部主事","2","0","2"
"擢南京太仆少卿","2","0","2"
"年八月擢右佥都","2","0","2"
"八月擢右佥都御","2","0","2"
"世袭锦衣卫百户","1","1","2"
"遣奉新知县刘守","1","1","2"
"新知县刘守绪袭","1","1","2"
"平贼将军左都督","1","1","2"
"贼将军左都督刘","1","1","2"
"将军左都督刘晖","1","1","2"
"令布政使林富率","1","1","2"
"手诏问阁臣杨一","1","1","2"
"诏问阁臣杨一清","1","1","2"
"问阁臣杨一清等","1","1","2"
"正德十一年乡试","1","1","2"
"登正德三年进士","2","0","2"
"封驸马都尉崔元","1","1","2"
"帝改称本生皇考","2","0","2"
"锦衣百户张瑾率","1","1","2"
"致仕副使曹时中","2","0","2"
"引朱熹代唐仲友","1","1","2"
"正德六年十一月","1","1","2"
"光禄录事钱子勋","1","1","2"
"工部尚书赵璜等","1","1","2"
"部尚书赵璜等斥","1","1","2"
"光禄寺丞何渊请","1","1","2"
"禄寺丞何渊请建","1","1","2"
"寺丞何渊请建世","1","1","2"
"南京御史邓文宪","1","1","2"
"广东佥事龚大稔","1","1","2"
"应天府丞郭登庸","1","1","2"
"大礼大狱罪诸臣","2","0","2"
"镇守中官王纯等","1","1","2"
"锦衣佥事聂能迁","1","1","2"
"总制侍郎刘源清","1","1","2"
"左都御史李承勋","1","1","2"
"都御史李承勋极","1","1","2"
"四川巡按御史戴","1","1","2"
"川巡按御史戴金","1","1","2"
"正德十一年进士","1","1","2"
"州林希元上书请","1","1","2"
"总督两广军务巡","2","0","2"
"贵州巡抚李义壮","1","1","2"
"印江知县徐文伯","1","1","2"
"石阡推官邓本忠","1","1","2"
"参将石邦宪等分","1","1","2"
"登成化八年进士","1","1","2"
"命一清总制三镇","1","1","2"
"宁夏巡抚徐廷璋","1","1","2"
"延绥安边营石涝","1","1","2"
"绥安边营石涝池","1","1","2"
"兴武营守御所兵","1","1","2"
"一清武英殿大学","2","0","2"
"清武英殿大学士","2","0","2"
"制陕西三边军务","2","0","2"
"勘粮都御史许廷","1","1","2"
"粮都御史许廷光","1","1","2"
"应天巡抚李充嗣","1","1","2"
"天巡抚李充嗣镇","1","1","2"
"淮扬巡抚丛兰扼","1","1","2"
"沙州番人帖木哥","1","1","2"
"兵部尚书王时中","1","1","2"
"部饷主簿张文明","1","1","2"
"兵部尚书王宪请","1","1","2"
"泽咸宁伯仇钺提","1","1","2"
"荫子锦衣世百户","2","0","2"
"泽总制东西两边","1","1","2"
"总制东西两边军","1","1","2"
"制东西两边军务","1","1","2"
"泽提督三边军务","1","1","2"
"御史杨秉中请召","1","1","2"
"四川巡抚胡世宁","1","1","2"
"锦衣千户刘瓒等","1","1","2"
"司礼中官萧敬请","1","1","2"
"遣陪臣郑惟僚等","1","1","2"
"命伯温协理院事","2","0","2"
"黔国公沐朝辅等","1","1","2"
"南巡抚汪文盛奏","1","1","2"
"改安南国安南都","2","0","2"
"结田州人韦应杀","1","1","2"
"生王邦直等战死","1","1","2"
"宣府西路西阳河","1","1","2"
"玉林卫百户杨威","1","1","2"
"兵部尚书陈经等","1","1","2"
"进詹事翰林学士","2","0","2"
"部尚书李承勋下","1","1","2"
"月改吏部左侍郎","2","0","2"
"吏部侍郎孟春等","1","1","2"
"羽林指挥刘永昌","1","1","2"
"兵部郎中卢襄等","1","1","2"
"永平知府郭九皋","1","1","2"
"文武方面官履历","2","0","2"
"绣蟒飞鱼麒麟服","1","1","2"
"礼部尚书严嵩心","1","1","2"
"贵州巡抚王学益","1","1","2"
"陕西总督曾铣请","1","1","2"
"左都御史屠侨等","1","1","2"
"镇江总兵官郑鸿","1","1","2"
"江总兵官郑鸿逵","1","1","2"
"户部郎中苏观生","1","1","2"
"巡抚都御史张肯","1","1","2"
"抚都御史张肯堂","1","1","2"
"礼部尚书黄道周","1","1","2"
"部尚书黄道周等","1","1","2"
"降湖广总督何腾","1","1","2"
"一时增兵十余万","1","1","2"
"兵马指挥徐野驴","1","1","2"
"陈利国安民四事","1","1","2"
"遣亲信枚青等潜","1","1","2"
"山东都指挥靳荣","1","1","2"
"东都指挥靳荣等","1","1","2"
"遣百户陈刚进疏","1","1","2"
"禄尚书张本镇抚","2","0","2"
"山西诸都督指挥","1","1","2"
"督佥事李谦守赤","1","1","2"
"佥事李谦守赤城","1","1","2"
"宣大总兵官谭广","1","1","2"
"大总兵官谭广等","1","1","2"
"指挥王祯所败者","1","1","2"
"洪建议加筑开平","1","1","2"
"建议加筑开平城","1","1","2"
"十二年充总兵官","2","0","2"
"获阿归等四十八","1","1","2"
"阿归等四十八人","1","1","2"
"汰三千诸营将校","1","1","2"
"宽河卫指挥佥事","1","1","2"
"都督佥事马麟巡","1","1","2"
"御史甘泽等九人","1","1","2"
"千户杨斌等奏保","1","1","2"
"遣京卫指挥裴瑄","1","1","2"
"遣大同指挥卢昭","1","1","2"
"大同指挥卢昭追","1","1","2"
"同指挥卢昭追捕","1","1","2"
"术士邹叔彝等私","1","1","2"
"佐总兵官广宁伯","1","1","2"
"总兵官广宁伯刘","1","1","2"
"兵官广宁伯刘安","1","1","2"
"官广宁伯刘安镇","1","1","2"
"广宁伯刘安镇守","1","1","2"
"万全都指挥佥事","1","1","2"
"袭济阳卫指挥同","1","1","2"
"济阳卫指挥同知","1","1","2"
"部下都指挥马亮","1","1","2"
"辽东都指挥佥事","1","1","2"
"都御史罗通督兵","1","1","2"
"御史罗通督兵巡","1","1","2"
"史罗通督兵巡哨","1","1","2"
"读宣宗皇帝御制","1","1","2"
"南京大理左评事","1","1","2"
"官员人等条具闻","2","0","2"
"吏部员外郎夏良","1","1","2"
"部员外郎夏良胜","1","1","2"
"永乐十八年二月","1","1","2"
"兵官安远侯柳升","1","1","2"
"鳌山卫指挥王真","1","1","2"
"燕山右卫指挥使","1","1","2"
"都指挥王清战死","1","1","2"
"侍郎孟鉴赞理军","1","1","2"
"郎孟鉴赞理军务","1","1","2"
"成都前卫指挥使","1","1","2"
"都指挥佥事仇理","1","1","2"
"宁夏前卫指挥同","1","1","2"
"夏前卫指挥同知","1","1","2"
"陕西总兵官曹雄","1","1","2"
"顺宣慰彭明辅等","1","1","2"
"杨虎遗党数千人","1","1","2"
"都督张钦等征讨","1","1","2"
"延绥总兵官吴江","1","1","2"
"绥总兵官吴江所","1","1","2"
"总兵官吴江所佩","1","1","2"
"后哨参将姚信所","1","1","2"
"哨参将姚信所部","1","1","2"
"参将姚信所部京","1","1","2"
"将姚信所部京军","1","1","2"
"功进都指挥佥事","2","0","2"
"南京羽林前卫指","1","1","2"
"京羽林前卫指挥","1","1","2"
"羽林前卫指挥使","1","1","2"
"巡按御史李循义","1","1","2"
"太皇太后召崇王","1","1","2"
"置义田八百亩赡","1","1","2"
"巡抚都御史韩雍","1","1","2"
"太医院判刘文泰","1","1","2"
"遂安伯陈韶等三","1","1","2"
"安伯陈韶等三人","1","1","2"
"命灌顶国师设坛","1","1","2"
"灌顶国师设坛庆","1","1","2"
"健等三人同心辅","1","1","2"
"等三人同心辅政","1","1","2"
"四方守备内臣增","1","1","2"
"方守备内臣增置","1","1","2"
"内府诸监局佥书","1","1","2"
"府诸监局佥书多","1","1","2"
"屡加少傅太子太","2","0","2"
"朝廷大著作多手","2","0","2"
"副总兵姚信拥兵","1","1","2"
"提督右都御史史","1","1","2"
"督右都御史史琳","1","1","2"
"右都御史史琳坐","1","1","2"
"都御史史琳坐镇","1","1","2"
"御史史琳坐镇京","1","1","2"
"史史琳坐镇京营","1","1","2"
"曲先卫都指挥使","1","1","2"
"先卫都指挥使散","1","1","2"
"昭率参将赵安偕","1","1","2"
"获男女三百四十","1","1","2"
"男女三百四十人","1","1","2"
"马驼牛羊三十余","1","1","2"
"驼牛羊三十余万","1","1","2"
"请花马池筑哨马","2","0","2"
"花马池筑哨马营","2","0","2"
"兵部尚书王骥所","1","1","2"
"羽林左卫指挥使","1","1","2"
"袭宣府前卫千户","1","1","2"
"命广西总兵官陈","1","1","2"
"广西总兵官陈泾","1","1","2"
"时都督颜彪佩征","1","1","2"
"都督颜彪佩征夷","1","1","2"
"督颜彪佩征夷将","1","1","2"
"颜彪佩征夷将军","1","1","2"
"彪佩征夷将军印","1","1","2"
"外番人阿吉等二","1","1","2"
"番人阿吉等二十","1","1","2"
"人阿吉等二十九","1","1","2"
"阿吉等二十九族","1","1","2"
"恐官军欺凌诸部","1","1","2"
"都督罕慎寄居苦","1","1","2"
"督罕慎寄居苦峪","1","1","2"
"罕慎寄居苦峪口","1","1","2"
"阿失都巩卜失加","1","1","2"
"明初率部落归附","1","1","2"
"庄浪卫指挥同知","1","1","2"
"大同总兵官许宁","1","1","2"
"同总兵官许宁分","1","1","2"
"下壮士击杀数十","1","1","2"
"壮士击杀数十人","1","1","2"
"大同西路参将庄","1","1","2"
"同西路参将庄鉴","1","1","2"
"大同总兵官张俊","1","1","2"
"袭绥德卫指挥使","1","1","2"
"巡抚王继恢复哈","1","1","2"
"抚王继恢复哈密","1","1","2"
"尚书马文升所器","1","1","2"
"哈密忠顺王陕巴","1","1","2"
"赴陕西三边立功","1","1","2"
"御史彭泽经略哈","1","1","2"
"史彭泽经略哈密","1","1","2"
"劾礼部尚书周洪","1","1","2"
"礼部尚书周洪谟","1","1","2"
"南京兵部尚书马","1","1","2"
"京兵部尚书马文","1","1","2"
"吏部尚书王恕奏","1","1","2"
"监督军务太监刘","1","1","2"
"督军务太监刘祥","1","1","2"
"总兵官都督刘玉","1","1","2"
"臣等调兵三万三","1","1","2"
"等调兵三万三千","1","1","2"
"调兵三万三千余","1","1","2"
"兵三万三千余人","1","1","2"
"巡抚都御史马文","1","1","2"
"抚都御史马文升","1","1","2"
"都御史马文升分","1","1","2"
"伏羌伯毛忠乘胜","1","1","2"
"固原西北西安废","1","1","2"
"原西北西安废城","1","1","2"
"广总兵官李震讨","2","0","2"
"臣先后招抚流民","1","1","2"
"先后招抚流民复","1","1","2"
"后招抚流民复业","1","1","2"
"镇守侍郎杨宁督","1","1","2"
"福建巡按御史汪","1","1","2"
"建巡按御史汪澄","1","1","2"
"指挥李英等四人","1","1","2"
"令总兵官欧信等","1","1","2"
"广西布政使何宜","1","1","2"
"米豆需银九十四","1","1","2"
"豆需银九十四万","1","1","2"
"贵州巡抚陈俨等","1","1","2"
"兵部侍郎阮勤等","1","1","2"
"工部侍郎杜谦等","1","1","2"
"都御史巡抚甘肃","2","0","2"
"恩城知州岑钦杀","1","1","2"
"镇国将军奇涧等","1","1","2"
"国将军奇涧等罪","1","1","2"
"泗城知州岑应分","1","1","2"
"劾总兵官安远侯","1","1","2"
"兵官安远侯柳景","1","1","2"
"官安远侯柳景贪","1","1","2"
"指挥朱鼎等五人","1","1","2"
"败将杨琳等四人","1","1","2"
"修筑诸边城堡一","1","1","2"
"筑诸边城堡一万","1","1","2"
"诸边城堡一万四","1","1","2"
"边城堡一万四千","1","1","2"
"城堡一万四千余","1","1","2"
"堡一万四千余所","1","1","2"
"侍讲裴纶等十人","1","1","2"
"宋仁宗追尊生母","1","1","2"
"仁宗追尊生母李","1","1","2"
"议命抚宁侯朱永","1","1","2"
"命司礼监奉皇子","1","1","2"
"破安禄山八万骑","1","1","2"
"西洋人利玛窦等","1","1","2"
"周天三百六十度","1","1","2"
"南行二百五十里","1","1","2"
"行二百五十里北","2","0","2"
"二百五十里北极","2","0","2"
"北行二百五十里","1","1","2"
"二万八千六百四","1","1","2"
"万八千六百四十","1","1","2"
"八千六百四十七","1","1","2"
"千六百四十七里","1","1","2"
"一千一百八十二","1","1","2"
"一万二千九百三","1","1","2"
"万二千九百三十","1","1","2"
"二千九百三十二","1","1","2"
"九千一百七十五","1","1","2"
"五千九百一十九","1","1","2"
"二千九百九十八","1","1","2"
"一千九百八十五","1","1","2"
"一千六百五十九","1","1","2"
"半径一万二千三","1","1","2"
"径一万二千三百","1","1","2"
"一万二千三百二","1","1","2"
"万二千三百二十","1","1","2"
"二千三百二十四","1","1","2"
"千三百二十四里","1","1","2"
"礼部尚书徐光启","1","1","2"
"黄赤二道经纬度","2","0","2"
"羽林军四十五星","1","1","2"
"一千三百四十七","1","1","2"
"五等三百三十八","1","1","2"
"六等二百一十六","1","1","2"
"钦天监正皇甫仲","1","1","2"
"造内观象台简仪","1","1","2"
"晨昏阴晦仪晷表","1","1","2"
"昏阴晦仪晷表臬","1","1","2"
"督修历法右参政","1","1","2"
"修历法右参政李","1","1","2"
"历法右参政李天","1","1","2"
"法右参政李天经","1","1","2"
"天启三年九月十","1","1","2"
"启三年九月十五","1","1","2"
"相差三时二刻八","1","1","2"
"差三时二刻八分","1","1","2"
"戌初二刻五分昏","2","0","2"
"正一刻一十分旦","2","0","2"
"寅初二刻八分旦","2","0","2"
"戌正三刻二分昏","2","0","2"
"寅初初刻十三分","1","1","2"
"初初刻十二分昏","2","0","2"
"丑正三刻三分旦","2","0","2"
"初一刻十二分昏","2","0","2"
"丑正二刻三分旦","2","0","2"
"寅初三刻十三分","1","1","2"
"寅正一刻十一分","1","1","2"
"初初刻十四分昏","2","0","2"
"寅正三刻一分旦","2","0","2"
"卯初初刻四分旦","2","0","2"
"酉正二刻一十分","2","0","2"
"正二刻一十分昏","2","0","2"
"卯初一刻五分旦","2","0","2"
"酉正一刻十二分","1","1","2"
"卯初二刻二分旦","2","0","2"
"卯初二刻一十分","2","0","2"
"初二刻一十分旦","2","0","2"
"卯初二刻十三分","1","1","2"
"酉正一刻十三分","1","1","2"
"大明清类天文分","1","1","2"
"明清类天文分野","1","1","2"
"清类天文分野书","1","1","2"
"直隶十三布政司","1","1","2"
"隶十三布政司府","1","1","2"
"浙江布政司所属","1","1","2"
"江西布政司所属","1","1","2"
"福建布政司所属","1","1","2"
"广东布政司所属","1","1","2"
"广西布政司所属","1","1","2"
"山东布政司所属","1","1","2"
"北平布政司所属","1","1","2"
"河南布政司所属","1","1","2"
"山西布政司所属","1","1","2"
"四川布政司所属","1","1","2"
"云南布政司所属","1","1","2"
"湖广布政司所属","1","1","2"
"广布政司所属德","1","1","2"
"布政司所属德安","1","1","2"
"政司所属德安府","1","1","2"
"命卿等持节行纳","2","0","2"
"洪武八年十一月","1","1","2"
"公侯百官命妇送","1","1","2"
"教习驸马主事陈","1","1","2"
"定礼部主事一人","1","1","2"
"礼部尚书刘仲质","1","1","2"
"礼部尚书郑赐引","1","1","2"
"定衍圣公率三氏","1","1","2"
"定次日行庆贺礼","1","1","2"
"讲读官内阁学士","1","1","2"
"鸿胪官请皇太子","1","1","2"
"胪官请皇太子升","1","1","2"
"官请皇太子升殿","1","1","2"
"侍班侍读讲官入","2","0","2"
"设皇太子座文华","2","0","2"
"皇太子座文华殿","2","0","2"
"署礼部事学士顾","1","1","2"
"礼部事学士顾锡","1","1","2"
"部事学士顾锡畴","1","1","2"
"内阁徐溥等四人","1","1","2"
"尚书马文升等七","1","1","2"
"书马文升等七人","1","1","2"
"讲读官行叩头礼","1","1","2"
"叩头伏地上表请","1","1","2"
"头伏地上表请罪","1","1","2"
"伏地上表请罪礼","1","1","2"
"吏部尚书捧诰命","1","1","2"
"户部尚书捧礼物","1","1","2"
"文武官子弟士民","2","0","2"
"武官子弟士民俊","2","0","2"
"官子弟士民俊秀","2","0","2"
"十一年五月五日","1","1","2"
"百官素服行奉慰","2","0","2"
"官素服行奉慰礼","2","0","2"
"永乐五年十月十","1","1","2"
"乐五年十月十四","1","1","2"
"五年十月十四日","1","1","2"
"案奉天殿丹陛上","2","0","2"
"定大行太皇太后","1","1","2"
"大行太皇太后丧","1","1","2"
"行太皇太后丧礼","1","1","2"
"孝肃太皇太后丧","1","1","2"
"肃太皇太后丧礼","1","1","2"
"正副使持节复命","2","0","2"
"思善门逼近仁智","1","1","2"
"善门逼近仁智殿","1","1","2"
"孝烈皇后初十日","1","1","2"
"慈宁宫门外哭临","1","1","2"
"孝贞皇太后丧礼","1","1","2"
"成化八年悼恭太","1","1","2"
"化八年悼恭太子","1","1","2"
"万历四十七年二","1","1","2"
"历四十七年二月","1","1","2"
"国子监监生八名","1","1","2"
"侍讲学士宋濂等","1","1","2"
"南昌皇妃服大功","1","1","2"
"四川按察使彭韶","1","1","2"
"弘治十六年七月","1","1","2"
"追封寿春等十王","1","1","2"
"凤阳府西北二十","1","1","2"
"阳府西北二十五","1","1","2"
"府西北二十五里","1","1","2"
"岁时遣内官行礼","2","0","2"
"户三千三百四十","1","1","2"
"三千三百四十二","1","1","2"
"执事官奉梓宫入","2","0","2"
"奏请太宗文皇帝","1","1","2"
"请太宗文皇帝神","1","1","2"
"太宗文皇帝神灵","1","1","2"
"请神主降座升舆","2","0","2"
"请神主降舆升座","2","0","2"
"内官捧神帛箱埋","1","1","2"
"内侍请神主降座","2","0","2"
"侍请神主降座升","2","0","2"
"太常卿奏请神主","2","0","2"
"唱太宗文皇帝谒","1","1","2"
"吏部尚书蹇义等","1","1","2"
"部尚书蹇义等请","1","1","2"
"洪熙元年正月癸","1","1","2"
"二十年十二月癸","1","1","2"
"十年十二月癸卯","1","1","2"
"十四年十二月甲","1","1","2"
"四年十二月甲午","1","1","2"
"三十三年十二月","1","1","2"
"十三年十二月壬","1","1","2"
"三年十二月壬申","1","1","2"
"万历四年十二月","1","1","2"
"历四年十二月己","1","1","2"
"四年十二月己丑","1","1","2"
"崇祯五年十二月","1","1","2"
"祯五年十二月癸","1","1","2"
"五年十二月癸酉","1","1","2"
"乐十六年正月乙","1","1","2"
"十六年正月乙丑","1","1","2"
"成化六年二月戊","1","1","2"
"化六年二月戊寅","1","1","2"
"万历四十三年四","1","1","2"
"历四十三年四月","1","1","2"
"四十三年四月戊","1","1","2"
"十三年四月戊寅","1","1","2"
"万历三十八年四","1","1","2"
"历三十八年四月","1","1","2"
"洪武元年七月丁","1","1","2"
"武元年七月丁酉","1","1","2"
"四年十一月癸亥","1","1","2"
"十七年十二月己","1","1","2"
"二十一年二月戊","1","1","2"
"十一年二月戊辰","1","1","2"
"二十九年二月辛","1","1","2"
"十九年二月辛丑","1","1","2"
"三十年四月甲午","1","1","2"
"建文二年八月癸","1","1","2"
"文二年八月癸巳","1","1","2"
"永乐四年十二月","1","1","2"
"乐四年十二月辛","1","1","2"
"四年十二月辛亥","1","1","2"
"十三年正月壬子","1","1","2"
"二十年闰十二月","1","1","2"
"十年闰十二月戊","1","1","2"
"年闰十二月戊寅","1","1","2"
"天津右卫北城外","1","1","2"
"十三年二月癸酉","1","1","2"
"景泰二年六月丙","1","1","2"
"泰二年六月丙子","1","1","2"
"天顺元年七月丙","1","1","2"
"顺元年七月丙寅","1","1","2"
"光禄寺大烹内门","1","1","2"
"成化二年九月癸","1","1","2"
"六年十一月己亥","1","1","2"
"十一年四月壬辰","1","1","2"
"十三年十一月壬","1","1","2"
"三年十一月壬辰","1","1","2"
"十八年八月丙午","1","1","2"
"二十年正月戊戌","1","1","2"
"正德元年二月庚","1","1","2"
"德元年二月庚寅","1","1","2"
"十一年八月丁丑","1","1","2"
"十二年正月甲辰","1","1","2"
"十四年四月乙巳","1","1","2"
"十五年五月辛卯","1","1","2"
"嘉靖元年正月己","1","1","2"
"十三年六月甲子","1","1","2"
"十八年二月乙丑","1","1","2"
"二十年四月辛酉","1","1","2"
"二十五年五月壬","1","1","2"
"十五年五月壬申","1","1","2"
"十六年十一月壬","1","1","2"
"六年十一月壬午","1","1","2"
"三十一年八月乙","1","1","2"
"十一年八月乙丑","1","1","2"
"三十五年九月戊","1","1","2"
"十五年九月戊辰","1","1","2"
"三十八年正月癸","1","1","2"
"四十年十一月辛","1","1","2"
"十年十一月辛亥","1","1","2"
"四十四年三月己","1","1","2"
"十四年三月己亥","1","1","2"
"大明门内西千步","1","1","2"
"明门内西千步廊","1","1","2"
"万历元年十一月","1","1","2"
"历元年十一月己","1","1","2"
"元年十一月己亥","1","1","2"
"十一年十二月庚","1","1","2"
"一年十二月庚午","1","1","2"
"十二年二月己酉","1","1","2"
"十五年五月甲子","1","1","2"
"十八年三月辛酉","1","1","2"
"十九年十二月甲","1","1","2"
"九年十二月甲辰","1","1","2"
"二十一年六月望","1","1","2"
"二十二年五月壬","1","1","2"
"十二年五月壬寅","1","1","2"
"二十四年二月甲","1","1","2"
"十四年二月甲寅","1","1","2"
"二十七年十一月","1","1","2"
"十七年十一月壬","1","1","2"
"七年十一月壬申","1","1","2"
"烧尚宝司印绶监","1","1","2"
"二十九年正月己","1","1","2"
"十九年正月己巳","1","1","2"
"三十年二月乙酉","1","1","2"
"三十一年九月戊","1","1","2"
"十一年九月戊寅","1","1","2"
"三十三年二月乙","1","1","2"
"三十五年二月乙","1","1","2"
"十五年二月乙卯","1","1","2"
"十七年正月庚子","1","1","2"
"三十八年四月丁","1","1","2"
"十八年四月丁丑","1","1","2"
"三十九年四月戊","1","1","2"
"十九年四月戊子","1","1","2"
"四十一年五月壬","1","1","2"
"十一年五月壬戌","1","1","2"
"四十四年十一月","1","1","2"
"四年十一月己巳","1","1","2"
"十六年闰四月丁","1","1","2"
"六年闰四月丁丑","1","1","2"
"开原殷家庄堡台","1","1","2"
"原殷家庄堡台杆","1","1","2"
"殷家庄堡台杆八","1","1","2"
"四十七年四月癸","1","1","2"
"十七年四月癸酉","1","1","2"
"泰昌元年十月丁","1","1","2"
"昌元年十月丁卯","1","1","2"
"天启元年闰二月","1","1","2"
"启元年闰二月丙","1","1","2"
"元年闰二月丙戌","1","1","2"
"祯元年四月乙卯","1","1","2"
"二年十一月庚子","1","1","2"
"二十一年正月甲","1","1","2"
"十一年正月甲申","1","1","2"
"一年正月甲申朔","1","1","2"
"弘治三年三月庚","1","1","2"
"治三年三月庚午","1","1","2"
"元年三月戊申夜","2","0","2"
"嘉靖五年七月甲","1","1","2"
"靖五年七月甲申","1","1","2"
"二十年七月丙戌","1","1","2"
"左军都督府中门","1","1","2"
"隆庆二年三月戊","1","1","2"
"庆二年三月戊午","1","1","2"
"十一年二月庚辰","1","1","2"
"二十三年九月癸","1","1","2"
"十三年九月癸巳","1","1","2"
"二十四年二月戊","1","1","2"
"十四年二月戊申","1","1","2"
"天启六年五月壬","1","1","2"
"启六年五月壬寅","1","1","2"
"六年五月壬寅朔","1","1","2"
"十三年六月壬申","1","1","2"
"化十三年二月甲","1","1","2"
"十三年二月甲午","1","1","2"
"德元年正月乙酉","1","1","2"
"嘉靖三十三年四","1","1","2"
"靖三十三年四月","1","1","2"
"三十三年四月戊","1","1","2"
"十三年四月戊子","1","1","2"
"三十七年五月戊","1","1","2"
"十七年五月戊辰","1","1","2"
"三十九年二月己","1","1","2"
"隆庆六年闰二月","1","1","2"
"庆六年闰二月癸","1","1","2"
"六年闰二月癸酉","1","1","2"
"万历六年七月丁","1","1","2"
"历六年七月丁丑","1","1","2"
"十三年四月乙丑","1","1","2"
"二十六年九月甲","1","1","2"
"十六年九月甲辰","1","1","2"
"天启元年六月庚","1","1","2"
"启元年六月庚寅","1","1","2"
"崇祯七年二月戊","1","1","2"
"祯七年二月戊午","1","1","2"
"二十三年十一月","1","1","2"
"建文元年三月乙","1","1","2"
"文元年三月乙卯","1","1","2"
"江西七府十六县","1","1","2"
"十七年七月乙酉","1","1","2"
"淹死一万一千八","1","1","2"
"死一万一千八百","1","1","2"
"天启六年闰六月","1","1","2"
"坏山海关内外城","1","1","2"
"山海关内外城垣","1","1","2"
"景泰三年五月癸","1","1","2"
"泰三年五月癸巳","1","1","2"
"三年五月癸巳朔","1","1","2"
"万历二十二年六","1","1","2"
"历二十二年六月","1","1","2"
"太仓卫指挥姜周","1","1","2"
"仓卫指挥姜周辅","1","1","2"
"卫指挥姜周辅家","1","1","2"
"万历四十四年七","1","1","2"
"历四十四年七月","1","1","2"
"洪武四年正月戊","1","1","2"
"武四年正月戊申","1","1","2"
"六年十二月乙丑","1","1","2"
"十一年正月丁亥","1","1","2"
"正统三年十月丁","1","1","2"
"统三年十月丁丑","1","1","2"
"天顺七年十月甲","1","1","2"
"顺七年十月甲辰","1","1","2"
"化十六年正月辛","1","1","2"
"十六年正月辛卯","1","1","2"
"十三年十二月戊","1","1","2"
"三年十二月戊辰","1","1","2"
"隆庆三年十一月","1","1","2"
"庆三年十一月癸","1","1","2"
"三年十一月癸巳","1","1","2"
"崇祯元年十一月","1","1","2"
"嘉靖三十七年十","1","1","2"
"靖三十七年十月","1","1","2"
"三十七年十月戊","1","1","2"
"十七年十月戊辰","1","1","2"
"万历十八年五月","1","1","2"
"历十八年五月丁","1","1","2"
"十八年五月丁卯","1","1","2"
"祖陵大松树孔中","1","1","2"
"三年十二月癸亥","1","1","2"
"天启六年四月癸","1","1","2"
"启六年四月癸巳","1","1","2"
"宣德元年八月辛","1","1","2"
"德元年八月辛巳","1","1","2"
"定协律郎等官品","1","1","2"
"始增设太常寺卿","1","1","2"
"太常司供需库隶","1","1","2"
"九关通事使一人","1","1","2"
"前一年南北罪囚","1","1","2"
"武英殿西房中书","1","1","2"
"英殿西房中书舍","1","1","2"
"殿西房中书舍人","1","1","2"
"内阁诰敕房中书","1","1","2"
"阁诰敕房中书舍","1","1","2"
"制敕房中书舍人","1","1","2"
"内阁诰敕房舍人","1","1","2"
"设直省舍人十人","1","1","2"
"定设中书舍人二","1","1","2"
"设中书舍人二十","1","1","2"
"行人司官四十员","1","1","2"
"五官灵台郎八人","1","1","2"
"五官保章正二人","1","1","2"
"五官挈壶正二人","1","1","2"
"壬遁历七十二事","1","1","2"
"中都兵马指挥司","1","1","2"
"定设五城兵马指","1","1","2"
"设五城兵马指挥","1","1","2"
"神乐观提点一人","1","1","2"
"虎山正一真人一","1","1","2"
"山正一真人一人","1","1","2"
"皇门官设皇门使","1","1","2"
"下番官军守备南","1","1","2"
"番官军守备南京","1","1","2"
"本部尚书参赞机","1","1","2"
"同内外守备官操","1","1","2"
"内外守备官操练","1","1","2"
"外守备官操练军","1","1","2"
"守备官操练军马","1","1","2"
"十三司郎中十三","1","1","2"
"三司郎中十三人","1","1","2"
"龙江抽分竹木局","1","1","2"
"瓦屑坝抽分竹木","1","1","2"
"屑坝抽分竹木局","1","1","2"
"置两浙都转运司","1","1","2"
"置茶盐都转运司","1","1","2"
"置四川永宁茶马","1","1","2"
"四川永宁茶马司","1","1","2"
"置雅州碉门茶马","1","1","2"
"雅州碉门茶马司","1","1","2"
"北方府州县官三","1","1","2"
"方府州县官三百","1","1","2"
"定府州县条例八","1","1","2"
"一千一百七十一","1","1","2"
"天下学官改授旁","1","1","2"
"下学官改授旁郡","1","1","2"
"学官改授旁郡州","1","1","2"
"官改授旁郡州县","1","1","2"
"中书省造大明宝","1","1","2"
"书省造大明宝钞","1","1","2"
"中书省奏准印造","1","1","2"
"书省奏准印造大","1","1","2"
"省奏准印造大明","1","1","2"
"奏准印造大明宝","1","1","2"
"准印造大明宝钞","1","1","2"
"告捕者赏银二十","1","1","2"
"捕者赏银二十五","1","1","2"
"者赏银二十五两","1","1","2"
"北京宝钞提举司","1","1","2"
"发南京抽分场积","1","1","2"
"南京抽分场积薪","1","1","2"
"户部布政司库钱","1","1","2"
"发内库新旧钱八","1","1","2"
"内库新旧钱八千","1","1","2"
"库新旧钱八千一","1","1","2"
"新旧钱八千一百","1","1","2"
"旧钱八千一百万","1","1","2"
"钱八千一百万文","1","1","2"
"八千一百万文折","1","1","2"
"费工本银三十九","1","1","2"
"工本银三十九万","1","1","2"
"钱六万五千万文","1","1","2"
"一文重一钱二分","1","1","2"
"文重一钱二分五","1","1","2"
"重一钱二分五厘","1","1","2"
"一文重一钱三分","1","1","2"
"云南巡按郭庭梧","1","1","2"
"州抽分主事朱大","1","1","2"
"抽分主事朱大受","1","1","2"
"福建尤溪县银屏","1","1","2"
"建尤溪县银屏山","1","1","2"
"尤溪县银屏山银","1","1","2"
"溪县银屏山银场","1","1","2"
"县银屏山银场局","1","1","2"
"兵部尚书孙原贞","1","1","2"
"部尚书孙原贞请","1","1","2"
"云南巡抚李士实","1","1","2"
"前卫千户仲春请","1","1","2"
"山西巡抚魏允贞","1","1","2"
"西巡抚魏允贞上","1","1","2"
"河南巡按姚思仁","1","1","2"
"铁七百四十六万","1","1","2"
"辽东都司三万卫","1","1","2"
"都御史刘大夏讨","1","1","2"
"贵州大万山长官","1","1","2"
"州大万山长官司","1","1","2"
"封闭云南路南州","1","1","2"
"闭云南路南州铜","1","1","2"
"骡驴车受雇装载","1","1","2"
"南京上新河船料","1","1","2"
"京上新河船料钞","1","1","2"
"始收泰山碧霞元","1","1","2"
"收泰山碧霞元君","1","1","2"
"泰山碧霞元君祠","1","1","2"
"山碧霞元君祠香","1","1","2"
"碧霞元君祠香钱","1","1","2"
"广东税课司局多","1","1","2"
"府抽印木植中官","1","1","2"
"钱二百八十八万","1","1","2"
"广宁八里铺前屯","1","1","2"
"宁八里铺前屯卫","1","1","2"
"钞关主事关防敕","1","1","2"
"关主事关防敕书","1","1","2"
"二十六年千户赵","1","1","2"
"十六年千户赵承","1","1","2"
"六年千户赵承勋","1","1","2"
"年千户赵承勋奏","1","1","2"
"千户赵承勋奏请","1","1","2"
"约三十二万五千","1","1","2"
"万历二十五年增","1","1","2"
"云屯市舶提举司","1","1","2"
"提举市舶太监毕","1","1","2"
"举市舶太监毕真","1","1","2"
"开原南关马市独","1","1","2"
"达官指挥李原等","1","1","2"
"兵部尚书王越请","1","1","2"
"万历二十三年开","1","1","2"
"民三万五千八百","1","1","2"
"遗民三万二千八","1","1","2"
"民三万二千八百","1","1","2"
"千三百四十三顷","1","1","2"
"户部郎中刘九皋","1","1","2"
"民年八十上赐爵","2","0","2"
"六十五万二千八","1","1","2"
"十五万二千八百","1","1","2"
"五万二千八百七","1","1","2"
"万二千八百七十","1","1","2"
"五十四万五千八","1","1","2"
"十四万五千八百","1","1","2"
"国子生武淳等分","1","1","2"
"四百二十二万八","1","1","2"
"一万三千九百七","1","1","2"
"万三千九百七十","1","1","2"
"三千九百七十六","1","1","2"
"千九百七十六顷","1","1","2"
"定屯田官军赏罚","1","1","2"
"太原左卫千户陈","1","1","2"
"原左卫千户陈淮","1","1","2"
"左卫千户陈淮所","1","1","2"
"卫千户陈淮所种","1","1","2"
"军公事妨农务者","2","0","2"
"宣府巡抚叶盛买","1","1","2"
"府巡抚叶盛买官","1","1","2"
"户部侍郎韩福尤","1","1","2"
"时山东巡抚郑汝","1","1","2"
"山东巡抚郑汝璧","1","1","2"
"东巡抚郑汝璧请","1","1","2"
"登州海北长山诸","1","1","2"
"州海北长山诸岛","1","1","2"
"天津巡抚汪应蛟","1","1","2"
"管河通判卢观象","1","1","2"
"河通判卢观象大","1","1","2"
"通判卢观象大兴","1","1","2"
"判卢观象大兴水","1","1","2"
"卢观象大兴水田","1","1","2"
"太常少卿董应举","1","1","2"
"李继贞巡抚天津","1","1","2"
"赐勋臣公侯丞相","1","1","2"
"御马太监刘顺家","1","1","2"
"马太监刘顺家人","1","1","2"
"太监刘顺家人进","1","1","2"
"户部尚书李敏等","1","1","2"
"中官庄田三百三","1","1","2"
"户部尚书孙交造","1","1","2"
"部尚书孙交造皇","1","1","2"
"尚书孙交造皇庄","1","1","2"
"书孙交造皇庄新","1","1","2"
"归德州东南凤池","1","1","2"
"德州东南凤池口","1","1","2"
"东经开封城北五","1","1","2"
"经开封城北五里","1","1","2"
"祥符鱼王口中滦","2","0","2"
"符鱼王口中滦下","2","0","2"
"太黄寺巴河分水","1","1","2"
"黄寺巴河分水处","1","1","2"
"命工部侍郎王永","1","1","2"
"南巡抚都御史洪","1","1","2"
"巡抚都御史洪英","1","1","2"
"洪武二十四年改","1","1","2"
"命工部尚书石璞","1","1","2"
"太仆少卿黄仕儁","1","1","2"
"巡抚河南御史张","1","1","2"
"抚河南御史张澜","1","1","2"
"合黑洋山旧河道","1","1","2"
"命工部侍郎薛远","1","1","2"
"河南布政司照磨","1","1","2"
"南布政司照磨金","1","1","2"
"布政司照磨金景","1","1","2"
"政司照磨金景辉","1","1","2"
"司照磨金景辉考","1","1","2"
"坏护城堤五十丈","1","1","2"
"抚河南都御史李","1","1","2"
"河南都御史李衍","1","1","2"
"梁家浅旧河口七","1","1","2"
"家浅旧河口七里","1","1","2"
"遣工部侍郎陈政","1","1","2"
"工部侍郎陈政督","1","1","2"
"戴家庙减水闸浅","1","1","2"
"巡按河南御史涂","1","1","2"
"按河南御史涂升","1","1","2"
"黄陵冈上下旧堤","1","1","2"
"祥符四府营淤河","1","1","2"
"管河工部员外郎","1","1","2"
"河工部员外郎谢","1","1","2"
"工部员外郎谢缉","1","1","2"
"小浮桥流入漕河","1","1","2"
"归德州小坝子等","1","1","2"
"德州小坝子等处","1","1","2"
"宿迁小河口流入","1","1","2"
"迁小河口流入漕","1","1","2"
"小河口流入漕河","1","1","2"
"归德徐州小浮桥","2","0","2"
"河南管河副使张","1","1","2"
"南管河副使张鼐","1","1","2"
"修筑侯家潭口决","1","1","2"
"总漕都御史李蕙","1","1","2"
"兖州知府龚弘上","1","1","2"
"隆口分沁水入贾","1","1","2"
"口分沁水入贾鲁","1","1","2"
"归德西王牌口上","1","1","2"
"德西王牌口上下","1","1","2"
"西王牌口上下分","1","1","2"
"南巡抚都御史郑","1","1","2"
"巡抚都御史郑龄","1","1","2"
"修丁家口上下堤","2","0","2"
"工部侍郎崔岩奉","1","1","2"
"部侍郎崔岩奉命","1","1","2"
"筑长垣诸县决口","1","1","2"
"命管河副都御史","1","1","2"
"管河副都御史刘","1","1","2"
"河副都御史刘恺","1","1","2"
"总河副都御史龚","1","1","2"
"河副都御史龚弘","1","1","2"
"濮奔赴沛县飞云","1","1","2"
"奔赴沛县飞云桥","1","1","2"
"沛县飞云桥徐州","2","0","2"
"归德城南饮马池","1","1","2"
"曹县梁靖口南岸","1","1","2"
"小黄河旧通徐州","1","1","2"
"宁陵北坌河一道","1","1","2"
"总督河道右都御","1","1","2"
"督河道右都御史","1","1","2"
"左都御史胡世宁","1","1","2"
"工部侍郎潘希曾","1","1","2"
"贾家坝入古黄河","1","1","2"
"东北经单县长堤","1","1","2"
"都御史戴时宗请","1","1","2"
"侯家林二河分流","1","1","2"
"家林二河分流入","1","1","2"
"林二河分流入运","1","1","2"
"使北岸七八百里","1","1","2"
"督漕都御史周金","1","1","2"
"孙禄口黄河支流","1","1","2"
"修筑马牧集决口","1","1","2"
"总河副都御史郭","1","1","2"
"河副都御史郭持","1","1","2"
"副都御史郭持平","1","1","2"
"入野鸡冈新开河","1","1","2"
"野鸡冈新开河道","1","1","2"
"巡按御史贾太亨","1","1","2"
"总河都御史詹瀚","1","1","2"
"河都御史詹瀚请","1","1","2"
"总河副都御史曾","1","1","2"
"河副都御史曾钧","1","1","2"
"增筑高家堰长堤","1","1","2"
"新集地接梁靖口","1","1","2"
"新集小浮桥故道","2","0","2"
"小浮桥故道二百","1","1","2"
"浮桥故道二百五","1","1","2"
"桥故道二百五十","1","1","2"
"道二百五十馀里","2","0","2"
"绕丰县华山东北","1","1","2"
"工部尚书理河漕","2","0","2"
"盛应期所凿新河","2","0","2"
"筑马家桥堤三万","1","1","2"
"马家桥堤三万五","1","1","2"
"家桥堤三万五千","1","1","2"
"桥堤三万五千二","1","1","2"
"堤三万五千二百","1","1","2"
"三万五千二百八","1","1","2"
"万五千二百八十","1","1","2"
"五千二百八十丈","1","1","2"
"清河县河南镇合","2","0","2"
"河县河南镇合於","2","0","2"
"县河南镇合於黄","2","0","2"
"河南镇合於黄河","2","0","2"
"开新庄闸通回船","2","0","2"
"兵部侍郎万恭总","1","1","2"
"部侍郎万恭总理","1","1","2"
"侍郎万恭总理河","1","1","2"
"郎万恭总理河道","1","1","2"
"宿迁小河口三百","1","1","2"
"迁小河口三百七","1","1","2"
"小河口三百七十","1","1","2"
"河口三百七十里","1","1","2"
"五月十五日上堤","1","1","2"
"九月十五日下堤","1","1","2"
"总理河道都御史","1","1","2"
"理河道都御史万","1","1","2"
"河道都御史万恭","1","1","2"
"道都御史万恭等","1","1","2"
"督理河道署郎中","1","1","2"
"理河道署郎中事","1","1","2"
"河道署郎中事陈","1","1","2"
"道署郎中事陈应","1","1","2"
"署郎中事陈应荐","1","1","2"
"中军都督府断事","1","1","2"
"军都督府断事官","1","1","2"
"上直卫亲军指挥","1","1","2"
"直卫亲军指挥使","1","1","2"
"置帐前总制亲军","1","1","2"
"帐前总制亲军都","1","1","2"
"前总制亲军都指","1","1","2"
"总制亲军都指挥","1","1","2"
"制亲军都指挥使","1","1","2"
"亲军都指挥使司","1","1","2"
"南京卫指挥使司","1","1","2"
"管理水利屯田都","1","1","2"
"理水利屯田都司","1","1","2"
"水利屯田都司一","1","1","2"
"利屯田都司一人","1","1","2"
"镇守甘肃总兵官","1","1","2"
"守甘肃总兵官一","1","1","2"
"甘肃总兵官一人","1","1","2"
"班备御都司四人","1","1","2"
"巡抚中军坐营官","1","1","2"
"抚中军坐营官一","1","1","2"
"中军坐营官一人","1","1","2"
"巡抚中军官一人","1","1","2"
"镇守湖广总兵官","1","1","2"
"守湖广总兵官一","1","1","2"
"湖广总兵官一人","1","1","2"
"练兵游击将军一","1","1","2"
"兵游击将军一人","1","1","2"
"提督狼山副总兵","1","1","2"
"督狼山副总兵一","1","1","2"
"狼山副总兵一人","1","1","2"
"凤阳军门中军官","1","1","2"
"阳军门中军官一","1","1","2"
"军门中军官一人","1","1","2"
"民运粮二百七十","1","1","2"
"运粮二百七十四","1","1","2"
"二百七十四万石","1","1","2"
"民运粮二百二十","1","1","2"
"运粮二百二十万","1","1","2"
"粮二百二十万石","1","1","2"
"漕运参将袁佑上","1","1","2"
"十八万九千七百","1","1","2"
"八万九千七百石","1","1","2"
"贮预备米十九万","1","1","2"
"时应天巡抚滕昭","1","1","2"
"仓支运七十万石","1","1","2"
"支运七十万石米","1","1","2"
"山东改兑粮九万","1","1","2"
"东改兑粮九万石","1","1","2"
"粮米三十五万石","1","1","2"
"山东五月初一日","1","1","2"
"南直隶七月初一","1","1","2"
"直隶七月初一日","1","1","2"
"湖广九月初一日","1","1","2"
"正耗米四百七十","1","1","2"
"耗米四百七十二","1","1","2"
"米四百七十二石","1","1","2"
"内府白熟粳糯米","1","1","2"
"府白熟粳糯米十","1","1","2"
"白熟粳糯米十七","1","1","2"
"熟粳糯米十七万","1","1","2"
"府部糙粳米四万","1","1","2"
"部糙粳米四万四","1","1","2"
"糙粳米四万四千","1","1","2"
"内折色八千八百","1","1","2"
"北京三十七卫仓","1","1","2"
"令天下府县多设","1","1","2"
"纳稻谷二石五斗","1","1","2"
"太仓中库积银八","1","1","2"
"仓中库积银八百","1","1","2"
"买办银二十万两","1","1","2"
"加内操马刍料银","1","1","2"
"内操马刍料银七","1","1","2"
"操马刍料银七万","1","1","2"
"直省府州县卫所","1","1","2"
"府州县税课司局","1","1","2"
"巡视库藏科道官","1","1","2"
"台州卫指挥陈良","1","1","2"
"置总督中官一人","1","1","2"
"南户部库银八十","1","1","2"
"户部库银八十万","1","1","2"
"部库银八十万两","1","1","2"
"操江巡抚范济世","1","1","2"
"买乳牛造上供酥","1","1","2"
"乳牛造上供酥油","1","1","2"
"膳食器皿三十万","1","1","2"
"食器皿三十万七","1","1","2"
"器皿三十万七千","1","1","2"
"百二十六万八千","1","1","2"
"礼部尚书姚夔言","2","0","2"
"列上内外官役酒","1","1","2"
"上内外官役酒饭","1","1","2"
"牲口银五万八千","1","1","2"
"宛平知县刘曰淑","1","1","2"
"泰安州税课局大","1","1","2"
"安州税课局大使","1","1","2"
"州税课局大使郝","1","1","2"
"税课局大使郝智","1","1","2"
"扣军士月粮马价","1","1","2"
"土鲁番西南二千","1","1","2"
"鲁番西南二千里","1","1","2"
"内承运库太监崔","1","1","2"
"宣府十七卫所军","1","1","2"
"府十七卫所军士","1","1","2"
"十七卫所军士采","1","1","2"
"计柴价银三十万","1","1","2"
"柴价银三十万两","1","1","2"
"南京天地山川坛","1","1","2"
"京天地山川坛殿","1","1","2"
"天地山川坛殿宇","1","1","2"
"遣工部侍郎刘伯","1","1","2"
"工部侍郎刘伯跃","1","1","2"
"劾督运官迟延侵","1","1","2"
"工部侍郎翁世资","1","1","2"
"部侍郎翁世资请","1","1","2"
"陕西织造羊绒七","1","1","2"
"西织造羊绒七万","1","1","2"
"织造羊绒七万四","1","1","2"
"造羊绒七万四千","1","1","2"
"磁州造赵府祭器","1","1","2"
"造九龙九凤膳案","1","1","2"
"造青龙白地花缸","1","1","2"
"江西烧造瓷器十","1","1","2"
"郡王嫡长子袭封","1","1","2"
"王嫡长子袭封郡","1","1","2"
"嫡长子袭封郡王","1","1","2"
"附近州县秋粮内","1","1","2"
"近州县秋粮内拨","1","1","2"
"八百五十三万石","1","1","2"
"正五品二百二十","1","1","2"
"五品二百二十石","1","1","2"
"正八品七十五石","1","1","2"
"江阴横海水军稍","1","1","2"
"阴横海水军稍班","1","1","2"
"米麦四百七十一","1","1","2"
"麦四百七十一万","1","1","2"
"四百七十一万七","1","1","2"
"百七十一万七千","1","1","2"
"绢二十八万八千","1","1","2"
"二千四百七十二","1","1","2"
"千四百七十二万","1","1","2"
"四百七十二万九","1","1","2"
"百七十二万九千","1","1","2"
"六百二十二万八","1","1","2"
"二十二万八千馀","2","0","2"
"米麦四百六十二","1","1","2"
"麦四百六十二万","1","1","2"
"四百六十二万五","1","1","2"
"钞五万六千三百","1","1","2"
"钞二万一千九百","1","1","2"
"四百六十万五千","1","1","2"
"钞五万七千九百","1","1","2"
"千三百三十六万","1","1","2"
"三百三十六万二","1","1","2"
"百三十六万二千","1","1","2"
"钞二万三千六百","1","1","2"
"屯田六十三万五","1","1","2"
"田六十三万五千","1","1","2"
"粮四百五十八万","1","1","2"
"四百五十八万四","1","1","2"
"百五十八万四千","1","1","2"
"运司提举大小引","1","1","2"
"司提举大小引盐","1","1","2"
"提举大小引盐二","1","1","2"
"举大小引盐二百","1","1","2"
"大小引盐二百二","1","1","2"
"小引盐二百二十","1","1","2"
"清三宫子粒银四","1","1","2"
"三宫子粒银四万","1","1","2"
"宫子粒银四万九","1","1","2"
"子粒银四万九千","1","1","2"
"京卫屯钞五万六","1","1","2"
"银二万六千馀两","2","0","2"
"银三十五万三千","1","1","2"
"银六万三千馀两","2","0","2"
"地亩银四万五千","1","1","2"
"张家湾商税二千","1","1","2"
"改折月粮银十四","1","1","2"
"折月粮银十四万","1","1","2"
"月粮银十四万四","1","1","2"
"粮银十四万四千","1","1","2"
"银一万六千馀两","2","0","2"
"绢布银四万四千","1","1","2"
"银一万三千馀两","2","0","2"
"锦衣等七十八卫","1","1","2"
"衣等七十八卫所","1","1","2"
"等七十八卫所官","1","1","2"
"七十八卫所官吏","1","1","2"
"银二十万六千馀","2","0","2"
"二十万六千馀两","2","0","2"
"月口粮四万三千","1","1","2"
"五草场商价一万","1","1","2"
"草场商价一万六","1","1","2"
"场商价一万六千","1","1","2"
"屯粮十三万二千","1","1","2"
"十三万二千馀石","2","0","2"
"银二万二千馀两","2","0","2"
"银七十八万七千","1","1","2"
"河东盐引银十三","1","1","2"
"东盐引银十三万","1","1","2"
"盐引银十三万五","1","1","2"
"引银十三万五千","1","1","2"
"京运年例银十二","2","0","2"
"运年例银十二万","2","0","2"
"银十二万五千两","1","1","2"
"芦盐引银二万六","1","1","2"
"盐引银二万六千","1","1","2"
"银十七万一千两","1","1","2"
"银四十五万六千","1","1","2"
"银二万八千馀两","2","0","2"
"银二十六万九千","1","1","2"
"京运银十八万一","1","1","2"
"折色银一千馀两","2","0","2"
"十二万二千馀两","2","0","2"
"山东盐引银五万","1","1","2"
"东盐引银五万七","1","1","2"
"盐引银五万七千","1","1","2"
"京运银十三万三","1","1","2"
"十三万三千馀两","2","0","2"
"京运银七万三千","1","1","2"
"运银七万三千两","1","1","2"
"地亩银一千馀两","2","0","2"
"民运粮料九万七","1","1","2"
"民运草六万九千","1","1","2"
"浙盐引银六万七","1","1","2"
"盐引银六万七千","1","1","2"
"京运年例银三十","2","0","2"
"银三十五万七千","1","1","2"
"浙盐引银二万九","1","1","2"
"盐引银二万九千","1","1","2"
"京运年例银二万","2","0","2"
"屯粮料十四万八","1","1","2"
"粮料十四万八千","1","1","2"
"屯粮料二十三万","1","1","2"
"粮料二十三万二","1","1","2"
"料二十三万二千","1","1","2"
"银二十九万四千","1","1","2"
"京运银五万一千","1","1","2"
"浙盐引银十万二","1","1","2"
"盐引银十万二千","1","1","2"
"银十万二千馀两","2","0","2"
"屯粮料三十一万","1","1","2"
"粮料三十一万九","1","1","2"
"料三十一万九千","1","1","2"
"粮料草银四万一","1","1","2"
"料草银四万一千","1","1","2"
"粮料草布花银二","1","1","2"
"料草布花银二十","1","1","2"
"草布花银二十七","1","1","2"
"布花银二十七万","1","1","2"
"花银二十七万九","1","1","2"
"银二十七万九千","1","1","2"
"二十七万九千馀","2","0","2"
"浙盐引银二万五","1","1","2"
"盐引银二万五千","1","1","2"
"犒赏银一百九十","1","1","2"
"屯粮二十七万九","1","1","2"
"粮二十七万九千","1","1","2"
"民运银十五万九","1","1","2"
"山东盐引银三万","1","1","2"
"东盐引银三万九","1","1","2"
"盐引银三万九千","1","1","2"
"运年例银二十万","2","0","2"
"民运粮料二万七","1","1","2"
"运粮料二万七千","1","1","2"
"民运草三十一万","1","1","2"
"运草三十一万一","1","1","2"
"草三十一万一千","1","1","2"
"京运银十一万九","1","1","2"
"京运银十六万两","1","1","2"
"京运银二十三万","1","1","2"
"运银二十三万三","1","1","2"
"银二十三万三千","1","1","2"
"民运银三十万六","1","1","2"
"运银三十万六千","1","1","2"
"京运银五万九千","1","1","2"
"运银五万九千两","1","1","2"
"都转运盐使司六","1","1","2"
"办大引盐三十五","1","1","2"
"大引盐三十五万","1","1","2"
"引盐三十五万二","1","1","2"
"盐三十五万二千","1","1","2"
"办大引盐二十二","1","1","2"
"大引盐二十二万","1","1","2"
"入太仓馀盐银十","2","0","2"
"办大引盐六万三","1","1","2"
"办小引盐十八万","1","1","2"
"上供郊庙百神祭","1","1","2"
"供郊庙百神祭祀","1","1","2"
"办大引盐十四万","1","1","2"
"大引盐十四万三","1","1","2"
"引盐十四万三千","1","1","2"
"盐十四万三千三","1","1","2"
"十四万三千三百","1","1","2"
"办大引盐十万四","1","1","2"
"大引盐十万四千","1","1","2"
"引盐十万四千五","1","1","2"
"盐十万四千五百","1","1","2"
"太仓银二万二千","1","1","2"
"办小引盐三十万","1","1","2"
"小引盐三十万四","1","1","2"
"引盐三十万四千","1","1","2"
"盐三十万四千引","1","1","2"
"千二百五十三万","1","1","2"
"二百五十三万七","1","1","2"
"百五十三万七千","1","1","2"
"五十三万七千六","1","1","2"
"十三万七千六百","1","1","2"
"固原饷银三万六","1","1","2"
"原饷银三万六千","1","1","2"
"广东四万六千八","1","1","2"
"东四万六千八百","1","1","2"
"岁入太仓盐课银","2","0","2"
"九百八十六万一","1","1","2"
"百八十六万一千","1","1","2"
"陕西镇盐课银七","1","1","2"
"西镇盐课银七万","1","1","2"
"镇盐课银七万一","1","1","2"
"盐课银七万一千","1","1","2"
"课银七万一千余","1","1","2"
"银七万一千余两","1","1","2"
"入太仓盐课银三","1","1","2"
"太仓盐课银三万","1","1","2"
"仓盐课银三万五","1","1","2"
"盐课银三万五千","1","1","2"
"转运提举司照数","1","1","2"
"官吏军民多养马","1","1","2"
"户部郎中丁致祥","1","1","2"
"盐二百六十五斤","1","1","2"
"增收三十五万引","1","1","2"
"岁课七十万五千","2","0","2"
"淮盐三十九万引","1","1","2"
"淮盐二十七万引","1","1","2"
"命副都御史鄢懋","2","0","2"
"御史鄢懋卿总理","2","0","2"
"巡抚都御史殷正","1","1","2"
"抚都御史殷正茂","1","1","2"
"都御史殷正茂请","1","1","2"
"御史殷正茂请官","1","1","2"
"鸿胪寺主簿田应","1","1","2"
"胪寺主簿田应璧","1","1","2"
"中官鲁保鬻两淮","2","0","2"
"引重五百七十斤","1","1","2"
"巡盐御史龙遇奇","1","1","2"
"魏忠贤党郭兴治","1","1","2"
"吏部郎中陆光祖","1","1","2"
"户部尚书李敏请","1","1","2"
"副都御史庞尚鹏","1","1","2"
"都御史庞尚鹏总","1","1","2"
"陕西二万六千斤","1","1","2"
"四川茶盐都转运","1","1","2"
"川茶盐都转运使","1","1","2"
"改设秦州茶马司","1","1","2"
"遣驸马都尉谢达","1","1","2"
"陕西汉中茶三百","1","1","2"
"西汉中茶三百万","1","1","2"
"汉中茶三百万斤","1","1","2"
"都御史邓文铿等","1","1","2"
"督理马政都御史","1","1","2"
"理马政都御史杨","1","1","2"
"马政都御史杨一","1","1","2"
"政都御史杨一清","1","1","2"
"巡茶御史理马政","2","0","2"
"巡茶御史王汝舟","1","1","2"
"茶御史王汝舟酌","1","1","2"
"计三茶马司所贮","1","1","2"
"陕西巡按御史毕","1","1","2"
"西巡按御史毕三","1","1","2"
"巡按御史毕三才","1","1","2"
"令户部侍郎杨靖","1","1","2"
"广西米麦共四百","1","1","2"
"粮四石收银一两","1","1","2"
"四石收银一两解","1","1","2"
"秋粮二百七十四","1","1","2"
"二百七十四万六","1","1","2"
"百七十四万六千","1","1","2"
"广西布政使周干","1","1","2"
"令镇守浙江尚书","1","1","2"
"镇守浙江尚书孙","1","1","2"
"守浙江尚书孙原","1","1","2"
"浙江尚书孙原贞","1","1","2"
"江尚书孙原贞等","1","1","2"
"四百七十馀万石","2","0","2"
"应天巡抚欧阳铎","1","1","2"
"天巡抚欧阳铎检","1","1","2"
"户部尚书孙应奎","1","1","2"
"增赋五百二十万","2","0","2"
"尚书梁廷栋请增","2","0","2"
"百六十五万四千","1","1","2"
"兵部郎张若麒请","1","1","2"
"加练饷七百三十","1","1","2"
"河南巡抚范景文","1","1","2"
"南京礼部尚书童","1","1","2"
"京礼部尚书童轩","1","1","2"
"吏部尚书林瀚言","2","0","2"
"庄园祠墓香火寺","1","1","2"
"园祠墓香火寺观","1","1","2"
"户部主事赵乾振","2","0","2"
"杂犯死罪六十石","1","1","2"
"景泰四年冬十一","1","1","2"
"泰四年冬十一月","1","1","2"
"四年冬十一月戊","1","1","2"
"年冬十一月戊辰","1","1","2"
"化十三年四月壬","1","1","2"
"十三年四月壬戌","1","1","2"
"弘治六年十一月","1","1","2"
"四十六年四月辛","1","1","2"
"洪武十八年二月","1","1","2"
"正统五年七月戊","1","1","2"
"统五年七月戊午","1","1","2"
"景泰六年正月癸","1","1","2"
"泰六年正月癸酉","1","1","2"
"二十年五月丙申","1","1","2"
"十三年十二月辛","1","1","2"
"三年十二月辛卯","1","1","2"
"弘治十五年十一","1","1","2"
"治十五年十一月","1","1","2"
"十四年三月戊午","1","1","2"
"天启六年六月丙","1","1","2"
"启六年六月丙戌","1","1","2"
"洪武十四年五月","1","1","2"
"武十四年五月丁","1","1","2"
"二十六年四月丙","1","1","2"
"天顺四年三月乙","1","1","2"
"顺四年三月乙酉","1","1","2"
"成化二年四月乙","1","1","2"
"化二年四月乙巳","1","1","2"
"十九年三月辛酉","1","1","2"
"府县卫所三十五","1","1","2"
"十七年二月壬寅","1","1","2"
"正德八年四月乙","1","1","2"
"德八年四月乙巳","1","1","2"
"十三年三月壬戌","1","1","2"
"嘉靖二年三月甲","1","1","2"
"靖二年三月甲子","1","1","2"
"二十二年四月己","1","1","2"
"十二年四月己亥","1","1","2"
"隆庆六年三月丁","1","1","2"
"庆六年三月丁亥","1","1","2"
"六年十一月辛亥","1","1","2"
"三十八年四月壬","1","1","2"
"十八年四月壬寅","1","1","2"
"崇祯六年正月辛","1","1","2"
"祯六年正月辛亥","1","1","2"
"洪武二年六月庚","1","1","2"
"武二年六月庚寅","1","1","2"
"十四年七月己酉","1","1","2"
"景泰五年六月庚","1","1","2"
"泰五年六月庚寅","1","1","2"
"六年闰六月乙巳","1","1","2"
"天顺元年六月己","1","1","2"
"顺元年六月己亥","1","1","2"
"成化元年四月庚","1","1","2"
"化元年四月庚寅","1","1","2"
"十九年六月乙亥","1","1","2"
"二十年二月丙子","1","1","2"
"二十一年三月己","1","1","2"
"十一年三月己丑","1","1","2"
"二十二年三月甲","1","1","2"
"十二年三月甲寅","1","1","2"
"弘治元年三月壬","1","1","2"
"治元年三月壬申","1","1","2"
"十三年八月戊子","1","1","2"
"十四年四月丁酉","1","1","2"
"正德元年六月戊","1","1","2"
"德元年六月戊辰","1","1","2"
"十一年六月甲戌","1","1","2"
"嘉靖元年四月甲","1","1","2"
"靖元年四月甲申","1","1","2"
"十四年三月辛巳","1","1","2"
"十八年五月壬辰","1","1","2"
"二十八年三月庚","1","1","2"
"十八年三月庚寅","1","1","2"
"三十四年五月庚","1","1","2"
"十四年五月庚子","1","1","2"
"三十六年三月癸","1","1","2"
"四十三年闰二月","1","1","2"
"十三年闰二月甲","1","1","2"
"三年闰二月甲申","1","1","2"
"隆庆元年七月辛","1","1","2"
"庆元年七月辛巳","1","1","2"
"延绥口北马营堡","1","1","2"
"万历元年五月辛","1","1","2"
"历元年五月辛巳","1","1","2"
"十一年闰二月丁","1","1","2"
"一年闰二月丁卯","1","1","2"
"十五年五月癸巳","1","1","2"
"十九年四月壬子","1","1","2"
"十一年二月庚寅","1","1","2"
"二十三年五月乙","1","1","2"
"二十五年八月壬","1","1","2"
"十五年八月壬戌","1","1","2"
"三十六年五月戊","1","1","2"
"十六年五月戊子","1","1","2"
"四十一年七月丁","1","1","2"
"十一年七月丁卯","1","1","2"
"十六年三月庚辰","1","1","2"
"天启二年四月壬","1","1","2"
"启二年四月壬辰","1","1","2"
"祯三年九月辛丑","1","1","2"
"十一年六月甲寅","1","1","2"
"十六年六月丁丑","1","1","2"
"洪武六年十一月","1","1","2"
"武六年十一月戊","1","1","2"
"六年十一月戊申","1","1","2"
"十三年五月甲午","1","1","2"
"十八年二月甲午","1","1","2"
"正统八年五月戊","1","1","2"
"统八年五月戊寅","1","1","2"
"雷震奉天殿鸱吻","2","0","2"
"九年正月辛亥朔","1","1","2"
"十一年十二月壬","1","1","2"
"一年十二月壬寅","1","1","2"
"景泰三年六月庚","1","1","2"
"泰三年六月庚寅","1","1","2"
"天顺二年六月己","1","1","2"
"顺二年六月己卯","1","1","2"
"成化三年六月戊","1","1","2"
"化三年六月戊申","1","1","2"
"二年十一月癸亥","1","1","2"
"十七年七月己亥","1","1","2"
"治元年五月丙子","1","1","2"
"八年十二月丙子","1","1","2"
"十四年闰七月庚","1","1","2"
"四年闰七月庚辰","1","1","2"
"正德元年五月壬","1","1","2"
"德元年五月壬辰","1","1","2"
"暴风折郊坛松柏","2","0","2"
"十年闰四月甲申","1","1","2"
"十二年八月癸亥","1","1","2"
"十五年六月甲申","1","1","2"
"雷击南京西上门","1","1","2"
"击南京西上门兽","1","1","2"
"南京西上门兽吻","1","1","2"
"十六年五月戊戌","1","1","2"
"二十八年六月丁","1","1","2"
"十八年六月丁酉","1","1","2"
"八年六月丁酉朔","1","1","2"
"三十三年四月乙","1","1","2"
"十三年四月乙亥","1","1","2"
"三十八年六月丙","1","1","2"
"十八年六月丙寅","1","1","2"
"雷击奉先殿门外","1","1","2"
"雷击圜丘广利门","1","1","2"
"万历三年六月己","1","1","2"
"历三年六月己卯","1","1","2"
"十三年七月戊子","1","1","2"
"十九年五月甲戌","1","1","2"
"二十一年四月戊","1","1","2"
"二十二年六月己","1","1","2"
"十二年六月己酉","1","1","2"
"二十四年二月己","1","1","2"
"十四年二月己酉","1","1","2"
"二十五年七月庚","1","1","2"
"十五年七月庚寅","1","1","2"
"五年七月庚寅朔","1","1","2"
"三十三年五月庚","1","1","2"
"十三年五月庚子","1","1","2"
"三十七年八月甲","1","1","2"
"十七年八月甲寅","1","1","2"
"泰昌元年十月己","1","1","2"
"崇祯六年十二月","1","1","2"
"祯六年十二月丁","1","1","2"
"六年十二月丁亥","1","1","2"
"十四年四月癸丑","1","1","2"
"十六年五月癸巳","1","1","2"
"六年五月癸巳朔","1","1","2"
"嘉靖四十一年二","1","1","2"
"靖四十一年二月","1","1","2"
"四十一年二月乙","1","1","2"
"十一年二月乙亥","1","1","2"
"弘治九年六月庚","1","1","2"
"治九年六月庚辰","1","1","2"
"十八年五月辛卯","1","1","2"
"正德七年六月丁","1","1","2"
"德七年六月丁卯","1","1","2"
"十二年六月癸亥","1","1","2"
"十三年五月癸丑","1","1","2"
"嘉靖四十年五月","1","1","2"
"靖四十年五月癸","1","1","2"
"四十年五月癸酉","1","1","2"
"万历十四年七月","1","1","2"
"历十四年七月戊","1","1","2"
"十四年七月戊申","1","1","2"
"十九年六月己未","1","1","2"
"十一年五月戊戌","1","1","2"
"洪武二十四年八","1","1","2"
"武二十四年八月","1","1","2"
"弘治十一年六月","1","1","2"
"曲靖卫舍人胡晟","1","1","2"
"贵州安卫军李华","1","1","2"
"大同右卫参将马","1","1","2"
"同右卫参将马继","1","1","2"
"右卫参将马继舍","1","1","2"
"卫参将马继舍人","1","1","2"
"参将马继舍人马","1","1","2"
"将马继舍人马录","1","1","2"
"成化十一年八月","1","1","2"
"四千一百二十八","1","1","2"
"千一百二十八人","1","1","2"
"洪武五年八月己","1","1","2"
"武五年八月己酉","1","1","2"
"天顺六年九月乙","1","1","2"
"顺六年九月乙巳","1","1","2"
"化十三年正月甲","1","1","2"
"十三年正月甲子","1","1","2"
"十四年八月戊戌","1","1","2"
"弘治六年六月丁","1","1","2"
"治六年六月丁卯","1","1","2"
"历十二年十二月","1","1","2"
"十二年十二月己","1","1","2"
"二年十二月己未","1","1","2"
"天启七年八月丁","1","1","2"
"启七年八月丁巳","1","1","2"
"崇祯十二年十二","1","1","2"
"祯十二年十二月","1","1","2"
"十二年十二月乙","1","1","2"
"十三年二月壬子","1","1","2"
"化六年六月壬申","1","1","2"
"十四年六月辛亥","1","1","2"
"二十三年五月壬","1","1","2"
"十三年五月壬寅","1","1","2"
"十二年五月戊寅","1","1","2"
"正德元年八月壬","1","1","2"
"德元年八月壬戌","1","1","2"
"嘉靖十二年五月","1","1","2"
"靖十二年五月丁","1","1","2"
"隆庆二年三月己","1","1","2"
"万历三年五月癸","1","1","2"
"历三年五月癸亥","1","1","2"
"十七年九月戊午","1","1","2"
"十九年四月辛酉","1","1","2"
"四十四年正月丁","1","1","2"
"十四年正月丁丑","1","1","2"
"洪武元年六月戊","1","1","2"
"武元年六月戊辰","1","1","2"
"嘉定府龙游县洋","1","1","2"
"十四年八月庚辰","1","1","2"
"十五年二月壬子","1","1","2"
"十七年八月丙寅","1","1","2"
"十三年正月庚寅","1","1","2"
"三十年八月丁亥","1","1","2"
"高邮甓社等九湖","1","1","2"
"直亭等河口八十","1","1","2"
"亭等河口八十九","1","1","2"
"等河口八十九处","1","1","2"
"宣德元年六七月","1","1","2"
"扬子江沙洲潮水","1","1","2"
"山东金龙口阳谷","1","1","2"
"沙湾白马头七十","1","1","2"
"开封护城堤五十","1","1","2"
"封护城堤五十丈","1","1","2"
"居庸关水门四十","1","1","2"
"庸关水门四十九","1","1","2"
"陕西五郎坝大水","1","1","2"
"二十六年七月丙","1","1","2"
"十六年七月丙辰","1","1","2"
"丰利等盐场三十","1","1","2"
"太平五府江湖泛","1","1","2"
"崇祯元年七月壬","1","1","2"
"祯元年七月壬午","1","1","2"
"天顺二年十二月","1","1","2"
"顺二年十二月癸","1","1","2"
"二年十二月癸未","1","1","2"
"弘治十四年八月","1","1","2"
"治十四年八月丙","1","1","2"
"十四年八月丙辰","1","1","2"
"万历二十二年四","1","1","2"
"历二十二年四月","1","1","2"
"二十五年八月甲","1","1","2"
"十五年八月甲申","1","1","2"
"河州莲花寨黄河","1","1","2"
"二十一年二月乙","1","1","2"
"十一年二月乙卯","1","1","2"
"宣德元年二月戊","1","1","2"
"德元年二月戊子","1","1","2"
"正统元年九月辛","1","1","2"
"统元年九月辛亥","1","1","2"
"四年十一月己丑","1","1","2"
"景泰元年二月壬","1","1","2"
"泰元年二月壬寅","1","1","2"
"天顺五年七月己","1","1","2"
"顺五年七月己亥","1","1","2"
"五年七月己亥朔","1","1","2"
"成化七年四月丙","1","1","2"
"化七年四月丙辰","1","1","2"
"十二年七月庚戌","1","1","2"
"弘治五年二月己","1","1","2"
"治五年二月己巳","1","1","2"
"十六年二月庚子","1","1","2"
"正德七年六月壬","1","1","2"
"德七年六月壬戌","1","1","2"
"十二年闰十二月","1","1","2"
"二年闰十二月丁","1","1","2"
"年闰十二月丁丑","1","1","2"
"十三年正月丁卯","1","1","2"
"元年十二月辛酉","1","1","2"
"中书左相国李善","1","1","2"
"书左相国李善长","1","1","2"
"左相国李善长率","1","1","2"
"设五辂奉天门外","2","0","2"
"丹墀左右布黄麾","2","0","2"
"墀左右布黄麾仗","2","0","2"
"左右布旗六十四","1","1","2"
"殿上左右内使监","1","1","2"
"上左右内使监陈","1","1","2"
"左右内使监陈设","1","1","2"
"摆锡明甲一百副","1","1","2"
"铜带靴履鞋一副","1","1","2"
"金龙响节二十四","1","1","2"
"丹墀仪仗五十八","1","1","2"
"墀仪仗五十八人","1","1","2"
"红罗销金边圆伞","1","1","2"
"红罗绣孔雀方扇","1","1","2"
"红罗绣四季花团","1","1","2"
"罗绣四季花团扇","1","1","2"
"亲王仪仗内交椅","1","1","2"
"红彩画云凤伞一","1","1","2"
"辕长二丈二尺九","1","1","2"
"长二丈二尺九寸","1","1","2"
"抹金铜鈒莲花瓣","2","0","2"
"金铜鈒莲花瓣轮","2","0","2"
"铜鈒莲花瓣轮盘","2","0","2"
"鈒莲花瓣轮盘装","2","0","2"
"高五尺一寸九分","1","1","2"
"雕木沉香色描金","2","0","2"
"木沉香色描金香","2","0","2"
"地雕木贴金云龙","2","0","2"
"雕木贴金云龙文","2","0","2"
"木贴金云龙文三","2","0","2"
"贴金云龙文三层","2","0","2"
"亭前左右转角阑","2","0","2"
"前左右转角阑干","2","0","2"
"斿内外绣升龙一","2","0","2"
"左旗腰绣日月北","2","0","2"
"一丈二尺五寸九","1","1","2"
"丈二尺五寸九分","1","1","2"
"辇座高三尺四寸","1","1","2"
"亭高六尺四寸奇","2","0","2"
"四周红髹条环板","2","0","2"
"辇顶圆盘高二尺","2","0","2"
"顶圆盘高二尺六","2","0","2"
"盘高二尺六寸奇","2","0","2"
"辇亭高五尺五寸","1","1","2"
"高一丈三尺二寸","1","1","2"
"辇座高三尺二寸","1","1","2"
"座高三尺二寸奇","2","0","2"
"辕长三丈五尺九","1","1","2"
"长三丈五尺九寸","1","1","2"
"辕长二丈九尺五","1","1","2"
"长二丈九尺五寸","1","1","2"
"四周雕木沉香色","2","0","2"
"门旁红髹十字槅","2","0","2"
"旁红髹十字槅二","2","0","2"
"香色描金云龙板","2","0","2"
"雕沉香色描金云","2","0","2"
"一丈二尺五寸奇","2","0","2"
"长四丈三尺五寸","1","1","2"
"辕长三丈六尺五","1","1","2"
"长三丈六尺五寸","1","1","2"
"辇亭高六尺五寸","1","1","2"
"辇顶高二尺七寸","1","1","2"
"后一字带转角阑","2","0","2"
"一字带转角阑干","2","0","2"
"字带转角阑干一","2","0","2"
"带转角阑干一扇","2","0","2"
"耒耜穜稑种置彩","2","0","2"
"耜穜稑种置彩舆","2","0","2"
"高一丈一尺三寸","1","1","2"
"辕长一丈九尺六","1","1","2"
"长一丈九尺六寸","1","1","2"
"贴金边耀叶板七","2","0","2"
"金边耀叶板七十","2","0","2"
"边耀叶板七十二","2","0","2"
"耀叶板七十二片","2","0","2"
"内饰青地雕木五","2","0","2"
"饰青地雕木五彩","2","0","2"
"青地雕木五彩云","2","0","2"
"绘五彩云衬板七","2","0","2"
"五彩云衬板七十","2","0","2"
"彩云衬板七十二","2","0","2"
"云衬板七十二片","2","0","2"
"圆盘四角连辂座","2","0","2"
"盘四角连辂座板","2","0","2"
"柱首雕木红莲花","2","0","2"
"线金青绿装莲花","2","0","2"
"金青绿装莲花抱","2","0","2"
"青绿装莲花抱柱","2","0","2"
"长一丈六尺七寸","1","1","2"
"车亭高四尺四寸","1","1","2"
"五彩花板十二片","1","1","2"
"高一丈二尺二寸","1","1","2"
"攀顶红线圆条四","2","0","2"
"上施红绮沥水三","2","0","2"
"施红绮沥水三层","2","0","2"
"定皇太孙婚礼仪","1","1","2"
"皇太孙婚礼仪仗","1","1","2"
"定轿扇伞盖品级","1","1","2"
"劾应城伯孙文栋","1","1","2"
"应城伯孙文栋等","1","1","2"
"城伯孙文栋等乘","1","1","2"
"伯孙文栋等乘轿","1","1","2"
"令京城内一品二","1","1","2"
"京城内一品二品","1","1","2"
"江南等处儒学提","1","1","2"
"南等处儒学提举","1","1","2"
"经明行修练达时","2","0","2"
"明行修练达时务","2","0","2"
"行修练达时务士","2","0","2"
"翰林院堂上官考","1","1","2"
"林院堂上官考试","1","1","2"
"广东举人陈献章","1","1","2"
"南直隶生员文征","1","1","2"
"直隶生员文征明","1","1","2"
"永嘉儒士叶幼学","1","1","2"
"湖广举人瞿九思","1","1","2"
"江西举人刘元卿","1","1","2"
"西举人刘元卿授","1","1","2"
"直隶处士陈继儒","1","1","2"
"四川举人杨思心","1","1","2"
"川举人杨思心等","1","1","2"
"静宁等六十一处","1","1","2"
"文选员外郎倪斯","1","1","2"
"选员外郎倪斯蕙","1","1","2"
"员外郎倪斯蕙条","1","1","2"
"部尚书闵洪学请","1","1","2"
"命天下朝觐官举","2","0","2"
"英国公张辅等言","2","0","2"
"四千一百一十七","1","1","2"
"千一百一十七人","1","1","2"
"定外官三年一朝","2","0","2"
"工部尚书朱守仁","1","1","2"
"谕吏部尚书蹇义","1","1","2"
"吏部尚书蹇义严","1","1","2"
"一千一百三十五","1","1","2"
"南京吏部尚书林","1","1","2"
"京吏部尚书林瀚","1","1","2"
"五军都督府掌印","1","1","2"
"朝列大夫澧州知","1","1","2"
"列大夫澧州知州","1","1","2"
"亚中大夫黄州知","1","1","2"
"武官应直守卫者","2","0","2"
"展角长一尺二寸","1","1","2"
"主仪宾鈒花金带","2","0","2"
"生色画绢花妆饰","2","0","2"
"褙子上施金绣云","2","0","2"
"子上施金绣云霞","2","0","2"
"金压鬓双头钗二","2","0","2"
"金绣云霞孔雀文","2","0","2"
"银间镀金银练鹊","2","0","2"
"上带金宝钿花八","2","0","2"
"上带抹金银宝钿","2","0","2"
"带抹金银宝钿花","2","0","2"
"抹金银宝钿花八","2","0","2"
"缕金额交脚幞头","1","1","2"
"人戴四方平定巾","1","1","2"
"罗生色画花大袖","2","0","2"
"生色画花大袖衫","2","0","2"
"罗销金胸背袄子","2","0","2"
"伍鲁速回回舞四","1","1","2"
"鲁速回回舞四人","1","1","2"
"里罕棉布花手巾","1","1","2"
"红绢彩画胸背方","1","1","2"
"三道监察御史一","1","1","2"
"道监察御史一百","1","1","2"
"都察院衙门分属","1","1","2"
"察院衙门分属河","1","1","2"
"院衙门分属河南","1","1","2"
"衙门分属河南道","1","1","2"
"遣监察御史巡按","1","1","2"
"监察御史巡按州","1","1","2"
"察御史巡按州县","1","1","2"
"设监察都御史八","1","1","2"
"监察都御史八人","1","1","2"
"左副都御史袁泰","1","1","2"
"曰巡按处监察御","2","0","2"
"巡按处监察御史","2","0","2"
"置京畿都漕运司","1","1","2"
"都御史巡抚宣大","1","1","2"
"遣重臣总督陕西","1","1","2"
"福宁海道都御史","1","1","2"
"置提督誊黄右通","1","1","2"
"提督誊黄右通政","1","1","2"
"典籍同左春坊左","1","1","2"
"籍同左春坊左司","1","1","2"
"同左春坊左司直","1","1","2"
"左春坊左司直郎","1","1","2"
"平驳诸司文章事","1","1","2"
"礼二部侍郎二人","1","1","2"
"孟三家子孙徭役","1","1","2"
"儒子孙聪明俊秀","1","1","2"
"玉圭长一尺二寸","1","1","2"
"瑑饰云龙文描金","2","0","2"
"缝冠武贯簪系缨","2","0","2"
"冠武贯簪系缨处","2","0","2"
"示十三布政使司","1","1","2"
"真红大袖衣霞帔","1","1","2"
"织金采色云龙文","2","0","2"
"玉圭长九寸五分","1","1","2"
"玉圭长九寸二分","1","1","2"
"圭长九寸二分五","1","1","2"
"长九寸二分五厘","1","1","2"
"嘉靖七年定保冠","2","0","2"
"靖七年定保冠服","2","0","2"
"霞帔金绣练鹊文","2","0","2"
"命韩国公李善长","2","0","2"
"韩国公李善长等","1","1","2"
"国子生林伯云等","1","1","2"
"子生林伯云等三","1","1","2"
"生林伯云等三百","1","1","2"
"林伯云等三百六","1","1","2"
"伯云等三百六十","1","1","2"
"云等三百六十六","1","1","2"
"等三百六十六人","1","1","2"
"三百六十六人分","1","1","2"
"南北祭酒陈敬宗","1","1","2"
"副榜举人龙文等","1","1","2"
"榜举人龙文等二","1","1","2"
"举人龙文等二十","1","1","2"
"人龙文等二十四","1","1","2"
"龙文等二十四人","1","1","2"
"照洪武二十一年","1","1","2"
"照洪武二十五年","1","1","2"
"英等五人成进士","1","1","2"
"六科办事监生二","1","1","2"
"科办事监生二十","1","1","2"
"办事监生二十人","1","1","2"
"监生三百八十人","1","1","2"
"李时勉先后题请","1","1","2"
"礼部尚书倪岳覆","1","1","2"
"部尚书倪岳覆奏","1","1","2"
"提学御史胡时善","1","1","2"
"随御史刷卷一百","1","1","2"
"御史刷卷一百七","1","1","2"
"史刷卷一百七十","1","1","2"
"刷卷一百七十八","1","1","2"
"卷一百七十八名","1","1","2"
"工部清匠六十名","1","1","2"
"儒学军生二十人","1","1","2"
"宗室中推举一人","1","1","2"
"骁勇都指挥等官","1","1","2"
"勇都指挥等官五","1","1","2"
"都指挥等官五十","1","1","2"
"指挥等官五十一","1","1","2"
"学士杨士奇等参","1","1","2"
"华盖殿大学士杨","1","1","2"
"盖殿大学士杨士","1","1","2"
"殿大学士杨士奇","1","1","2"
"戚文武大臣加官","1","1","2"
"大学士一人撰文","1","1","2"
"云南十三清吏司","1","1","2"
"北直隶府州卫所","1","1","2"
"赐衍圣公三台银","1","1","2"
"衍圣公三台银印","1","1","2"
"增设职方司员外","1","1","2"
"设职方司员外郎","1","1","2"
"职方司员外郎一","1","1","2"
"方司员外郎一人","1","1","2"
"试经史时务策五","1","1","2"
"三甲考选庶吉士","1","1","2"
"午门外张挂黄榜","1","1","2"
"令入禁中文华堂","2","0","2"
"入禁中文华堂肄","2","0","2"
"禁中文华堂肄业","2","0","2"
"太子赞善大夫宋","1","1","2"
"子赞善大夫宋濂","1","1","2"
"赞善大夫宋濂等","1","1","2"
"一甲进士丁显等","1","1","2"
"信蹈所取宋琮等","1","1","2"
"蹈所取宋琮等五","1","1","2"
"所取宋琮等五十","1","1","2"
"取宋琮等五十二","1","1","2"
"宋琮等五十二人","1","1","2"
"侍读张信等十二","1","1","2"
"读张信等十二人","1","1","2"
"取任伯安等六十","1","1","2"
"任伯安等六十一","1","1","2"
"伯安等六十一人","1","1","2"
"礼部尚书胡濙请","2","0","2"
"相等共二十八人","1","1","2"
"定纂修专选进士","1","1","2"
"代宰辅一百七十","1","1","2"
"嘉靖二十三年廷","1","1","2"
"靖二十三年廷试","1","1","2"
"劾会试考官少詹","1","1","2"
"会试考官少詹事","1","1","2"
"试考官少詹事江","1","1","2"
"考官少詹事江汝","1","1","2"
"官少詹事江汝璧","1","1","2"
"顺天乡试考官秦","1","1","2"
"右庶子黄洪宪主","1","1","2"
"事中华昶劾敏政","2","0","2"
"中华昶劾敏政鬻","2","0","2"
"华昶劾敏政鬻题","2","0","2"
"礼部尚书严嵩连","1","1","2"
"顺天主考高汝愚","1","1","2"
"党吏部侍郎王篆","1","1","2"
"所取举人钱千秋","1","1","2"
"年兵部尚书徐晞","1","1","2"
"十三年户部侍郎","1","1","2"
"卷左都御史杨善","1","1","2"
"胡经等共二十人","1","1","2"
"四十四年乙丑廷","1","1","2"
"十四年乙丑廷试","1","1","2"
"礼部尚书顾秉谦","1","1","2"
"知贡举礼部侍郎","1","1","2"
"贡举礼部侍郎林","1","1","2"
"举礼部侍郎林钎","1","1","2"
"直隶巡按御史考","1","1","2"
"隶巡按御史考试","1","1","2"
"饰浑金沥粉蟠龙","2","0","2"
"册盝饰浑金沥粉","2","0","2"
"盝饰浑金沥粉蟠","2","0","2"
"洪武二十八年更","2","0","2"
"武二十八年更定","2","0","2"
"中书省同都督府","1","1","2"
"千户佩镀金银牌","1","1","2"
"铸凡守卫官军悬","1","1","2"
"凡守卫官军悬带","1","1","2"
"金吾等卫守卫官","1","1","2"
"嘉靖十八年南巡","2","0","2"
"奉天殿后曰华盖","2","0","2"
"天殿后曰华盖殿","2","0","2"
"东安门外东南建","1","1","2"
"安门外东南建十","1","1","2"
"门外东南建十王","1","1","2"
"外东南建十王街","1","1","2"
"刘福通奉韩山童","1","1","2"
"福通奉韩山童假","1","1","2"
"驴牌寨民兵三千","1","1","2"
"夜袭元将张知院","1","1","2"
"道遇定远人李善","1","1","2"
"遇定远人李善长","1","1","2"
"枢密副使绊住马","1","1","2"
"子兴子天叙都元","2","0","2"
"兴子天叙都元帅","2","0","2"
"中丞蛮子海牙扼","1","1","2"
"中丞蛮子海牙等","1","1","2"
"子兴部将尽归太","1","1","2"
"兴部将尽归太祖","1","1","2"
"骁健者五百人入","1","1","2"
"健者五百人入卫","1","1","2"
"元御史大夫福寿","1","1","2"
"葬御史大夫福寿","1","1","2"
"十八年春二月乙","2","0","2"
"石抹宜孙遣将率","1","1","2"
"抹宜孙遣将率车","1","1","2"
"宜孙遣将率车师","1","1","2"
"遣使招谕方国珍","1","1","2"
"宁越知府王宗显","1","1","2"
"方国珍行省平章","1","1","2"
"二十一年春二月","1","1","2"
"元平章察罕帖木","2","0","2"
"金华守将胡大海","1","1","2"
"杀行枢密院判耿","1","1","2"
"授太祖江西行省","1","1","2"
"太祖江西行省平","1","1","2"
"祖江西行省平章","1","1","2"
"江西行省平章政","1","1","2"
"西行省平章政事","1","1","2"
"察罕子扩廓帖木","1","1","2"
"十三年春正月丙","2","0","2"
"信州兵守武阳渡","1","1","2"
"骁将张定边直犯","2","0","2"
"友谅乘虚直捣应","1","1","2"
"谅乘虚直捣应天","1","1","2"
"二十四年春正月","2","0","2"
"十四年春正月丙","2","0","2"
"四年春正月丙寅","2","0","2"
"李善长等率群臣","1","1","2"
"善长等率群臣劝","1","1","2"
"长等率群臣劝进","1","1","2"
"福建行省平章陈","1","1","2"
"建行省平章陈友","1","1","2"
"行省平章陈友定","1","1","2"
"省平章陈友定侵","1","1","2"
"六年春正月癸未","2","0","2"
"士诚将徐义水军","1","1","2"
"宗室神保大王等","1","1","2"
"室神保大王等北","1","1","2"
"封李善长宣国公","1","1","2"
"十一年春正月乙","2","0","2"
"一年春正月乙未","2","0","2"
"参将荣昌伯陈智","1","1","2"
"将荣昌伯陈智追","1","1","2"
"常山护卫指挥孟","1","1","2"
"山护卫指挥孟贤","1","1","2"
"长安岭诸边险要","1","1","2"
"御马监少监海寿","1","1","2"
"皇太子迎入仁智","1","1","2"
"太子迎入仁智殿","1","1","2"
"十五年春正月辛","2","0","2"
"诏天下通祀孔子","2","0","2"
"郑韬等三千七百","1","1","2"
"封傅友德颍国公","1","1","2"
"遣驸马都尉李祺","1","1","2"
"驸马都尉李祺等","1","1","2"
"户部侍郎郭桓坐","1","1","2"
"部侍郎郭桓坐盗","1","1","2"
"侍郎郭桓坐盗官","1","1","2"
"郎郭桓坐盗官粮","1","1","2"
"麓川平缅宣慰使","1","1","2"
"川平缅宣慰使思","1","1","2"
"平缅宣慰使思伦","1","1","2"
"缅宣慰使思伦发","1","1","2"
"宋国公冯胜分兵","1","1","2"
"安置郑国公常茂","1","1","2"
"赐任亨泰等进士","1","1","2"
"获次子地保奴妃","2","0","2"
"次子地保奴妃主","2","0","2"
"安南黎季犛弑主","2","0","2"
"十三年春正月丁","2","0","2"
"征虏前将军颍国","1","1","2"
"虏前将军颍国公","1","1","2"
"前将军颍国公傅","1","1","2"
"将军颍国公傅友","1","1","2"
"军颍国公傅友德","1","1","2"
"国公傅友德等皆","1","1","2"
"公傅友德等皆听","1","1","2"
"吉安侯陆仲亨等","1","1","2"
"太师韩国公李善","1","1","2"
"师韩国公李善长","1","1","2"
"廷臣参考历代礼","1","1","2"
"皇太子巡抚陕西","1","1","2"
"都督佥事何福讨","1","1","2"
"天下郡县赋役黄","1","1","2"
"下郡县赋役黄册","1","1","2"
"六十八万四千四","1","1","2"
"十八万四千四百","1","1","2"
"八万四千四百三","1","1","2"
"四千四百三十五","1","1","2"
"五千六百七十七","1","1","2"
"千六百七十七万","1","1","2"
"六百七十七万四","1","1","2"
"百七十七万四千","1","1","2"
"七十七万四千五","1","1","2"
"十七万四千五百","1","1","2"
"七万四千五百六","1","1","2"
"万四千五百六十","1","1","2"
"四千五百六十一","1","1","2"
"召曹国公李景隆","1","1","2"
"曹国公李景隆等","1","1","2"
"冯胜等十四人分","1","1","2"
"建昌卫指挥月鲁","1","1","2"
"昌卫指挥月鲁帖","1","1","2"
"卫指挥月鲁帖木","1","1","2"
"开国公常升等分","1","1","2"
"国公常升等分行","1","1","2"
"公常升等分行山","1","1","2"
"常升等分行山西","1","1","2"
"吏部尚书詹徽等","1","1","2"
"耿炳文练兵陕西","2","0","2"
"国子监生六十四","1","1","2"
"子监生六十四人","1","1","2"
"徐辉祖节制陕西","1","1","2"
"辉祖节制陕西沿","1","1","2"
"祖节制陕西沿边","1","1","2"
"西平侯沐春擒斩","1","1","2"
"平侯沐春擒斩阿","1","1","2"
"侯沐春擒斩阿资","1","1","2"
"十九年春正月壬","2","0","2"
"征虏前将军胡冕","1","1","2"
"虏前将军胡冕讨","1","1","2"
"赐礼部覆试贡士","1","1","2"
"礼部覆试贡士韩","1","1","2"
"部覆试贡士韩克","1","1","2"
"覆试贡士韩克忠","1","1","2"
"试贡士韩克忠等","1","1","2"
"李景隆征虏大将","2","0","2"
"景隆征虏大将军","2","0","2"
"麓川平缅土酋刀","1","1","2"
"川平缅土酋刀干","1","1","2"
"平缅土酋刀干孟","1","1","2"
"重建国子监先师","1","1","2"
"建国子监先师庙","1","1","2"
"三十一年春正月","2","0","2"
"一年春正月壬戌","2","0","2"
"参政叶春巡抚南","1","1","2"
"政叶春巡抚南畿","1","1","2"
"宣德元年春正月","1","1","2"
"十五人清理天下","1","1","2"
"五人清理天下军","1","1","2"
"征南将军总兵官","1","1","2"
"南将军总兵官黔","1","1","2"
"将军总兵官黔国","1","1","2"
"军总兵官黔国公","1","1","2"
"总兵官黔国公沐","1","1","2"
"兵官黔国公沐晟","1","1","2"
"征虏副将军安远","1","1","2"
"虏副将军安远侯","1","1","2"
"副将军安远侯柳","1","1","2"
"将军安远侯柳升","1","1","2"
"镇远侯顾兴祖拥","1","1","2"
"远侯顾兴祖拥兵","1","1","2"
"都督同知陈怀充","1","1","2"
"都御史刘观巡视","1","1","2"
"御史刘观巡视河","1","1","2"
"史刘观巡视河道","1","1","2"
"北京行部行后军","2","0","2"
"京行部行后军都","2","0","2"
"行部行后军都督","2","0","2"
"部行后军都督府","2","0","2"
"广西总兵官山云","1","1","2"
"西总兵官山云讨","1","1","2"
"镇抚张信等战死","1","1","2"
"五年春正月癸丑","2","0","2"
"辽海卫指挥同知","1","1","2"
"海卫指挥同知皇","1","1","2"
"卫指挥同知皇甫","1","1","2"
"指挥同知皇甫斌","1","1","2"
"侍郎柴车经理山","1","1","2"
"郎柴车经理山西","1","1","2"
"柴车经理山西屯","1","1","2"
"车经理山西屯田","1","1","2"
"黎利权署安南国","1","1","2"
"御史巡视宁夏甘","1","1","2"
"史巡视宁夏甘州","1","1","2"
"巡视宁夏甘州屯","1","1","2"
"视宁夏甘州屯田","1","1","2"
"宁夏甘州屯田水","1","1","2"
"夏甘州屯田水利","1","1","2"
"召督漕平江伯陈","1","1","2"
"总兵官都督萧授","1","1","2"
"山云讨平宜山蛮","1","1","2"
"免江西水灾税粮","1","1","2"
"瓦剌脱欢攻杀阿","1","1","2"
"剌脱欢攻杀阿鲁","1","1","2"
"脱欢攻杀阿鲁台","1","1","2"
"洪武元年春正月","1","1","2"
"常遇春大破元兵","1","1","2"
"鳏寡孤独废疾者","2","0","2"
"令功臣子弟入学","1","1","2"
"求通经术明治道","1","1","2"
"将吴友仁寇汉中","2","0","2"
"祭历代帝王陵寝","1","1","2"
"免山西旱灾田租","1","1","2"
"赐吴伯宗等进士","1","1","2"
"万七千户屯北平","1","1","2"
"徙山后民三万五","1","1","2"
"后民三万五千户","1","1","2"
"遗民三万二千户","1","1","2"
"民三万二千户屯","1","1","2"
"三万二千户屯田","1","1","2"
"万二千户屯田北","1","1","2"
"二千户屯田北平","1","1","2"
"靖海侯吴祯督海","1","1","2"
"海侯吴祯督海运","1","1","2"
"宣宁侯曹良臣战","1","1","2"
"遣兵部尚书刘仁","1","1","2"
"故功臣子孙未嗣","1","1","2"
"功臣子孙未嗣者","1","1","2"
"臣子孙未嗣者二","1","1","2"
"子孙未嗣者二百","1","1","2"
"七年春正月甲戌","2","0","2"
"苏州饥民三十万","1","1","2"
"州饥民三十万户","1","1","2"
"增祀鸡笼山功臣","1","1","2"
"祀鸡笼山功臣庙","1","1","2"
"鸡笼山功臣庙一","1","1","2"
"笼山功臣庙一百","1","1","2"
"指挥同知胡汝平","1","1","2"
"国子生修岳镇海","1","1","2"
"子生修岳镇海渎","1","1","2"
"生修岳镇海渎祠","1","1","2"
"遣都督同知沐英","1","1","2"
"都督同知沐英乘","1","1","2"
"督同知沐英乘传","1","1","2"
"十年春正月辛卯","2","0","2"
"一年春正月甲戌","2","0","2"
"元嗣君爱猷识理","1","1","2"
"嗣君爱猷识理达","1","1","2"
"君爱猷识理达腊","1","1","2"
"辰州指挥杨仲名","1","1","2"
"征西将军西平侯","1","1","2"
"西将军西平侯沐","1","1","2"
"军西平侯沐英率","1","1","2"
"西平侯沐英率都","1","1","2"
"平侯沐英率都督","1","1","2"
"侯沐英率都督蓝","1","1","2"
"沐英率都督蓝玉","1","1","2"
"二年春正月己卯","2","0","2"
"左丞相胡惟庸谋","1","1","2"
"党御史大夫陈宁","1","1","2"
"都督濮英进兵赤","1","1","2"
"督濮英进兵赤斤","1","1","2"
"濮英进兵赤斤站","1","1","2"
"命天下学校师生","1","1","2"
"吉安侯陆仲亨镇","1","1","2"
"傅友德大败元兵","1","1","2"
"祀建文朝尽节诸","1","1","2"
"建文朝尽节诸臣","1","1","2"
"礼部尚书吕调阳","1","1","2"
"万历元年春二月","1","1","2"
"二年春正月甲午","2","0","2"
"诏明年元夕灯火","2","0","2"
"三年春正月丁未","2","0","2"
"礼部侍郎张四维","1","1","2"
"辽东巡按御史刘","1","1","2"
"东巡按御史刘台","1","1","2"
"吏部侍郎申时行","1","1","2"
"金花银二十万两","1","1","2"
"苏州诸府开垦荒","1","1","2"
"州诸府开垦荒田","1","1","2"
"奉两宫皇太后天","2","0","2"
"两宫皇太后天寿","2","0","2"
"宫皇太后天寿山","2","0","2"
"汰诸司冒滥冗费","1","1","2"
"兵部侍郎张佳胤","1","1","2"
"部侍郎张佳胤巡","1","1","2"
"侍郎张佳胤巡抚","1","1","2"
"郎张佳胤巡抚浙","1","1","2"
"张佳胤巡抚浙江","1","1","2"
"宁夏土军马景杀","1","1","2"
"巡抚都御史晋应","1","1","2"
"抚都御史晋应槐","1","1","2"
"前礼部侍郎王锡","1","1","2"
"礼部侍郎王锡爵","1","1","2"
"吏部侍郎王家屏","1","1","2"
"十三年春正月辛","2","0","2"
"四川建武所兵变","1","1","2"
"击伤总兵沈思学","1","1","2"
"汰惜薪司内官冗","1","1","2"
"惜薪司内官冗员","1","1","2"
"广东琼山等十二","1","1","2"
"东琼山等十二县","1","1","2"
"琼山等十二县饥","1","1","2"
"礼部主事卢洪春","1","1","2"
"十五年春正月壬","2","0","2"
"巡抚都御史李材","1","1","2"
"四川建昌番作乱","1","1","2"
"巡抚都御史曹子","1","1","2"
"抚都御史曹子登","1","1","2"
"始兴妖僧李圆朗","1","1","2"
"兴妖僧李圆朗作","1","1","2"
"妖僧李圆朗作乱","1","1","2"
"召见大学士申时","1","1","2"
"见大学士申时行","1","1","2"
"青海部长火落赤","1","1","2"
"四川四哨番作乱","1","1","2"
"巡抚都御史李尚","1","1","2"
"抚都御史李尚思","1","1","2"
"都御史李尚思讨","1","1","2"
"吏部侍郎赵志皋","1","1","2"
"巡抚都御史党馨","1","1","2"
"兵部尚书魏学曾","1","1","2"
"松提督陕西讨贼","1","1","2"
"提督陕西讨贼军","1","1","2"
"督陕西讨贼军务","1","1","2"
"甘肃巡抚都御史","1","1","2"
"肃巡抚都御史叶","1","1","2"
"巡抚都御史叶梦","1","1","2"
"抚都御史叶梦熊","1","1","2"
"三边总督魏学曾","1","1","2"
"兵部右侍郎宋应","1","1","2"
"部右侍郎宋应昌","1","1","2"
"右侍郎宋应昌经","1","1","2"
"防海御倭总兵官","1","1","2"
"内外诸臣修举实","1","1","2"
"外诸臣修举实政","1","1","2"
"蓟辽总督顾养谦","1","1","2"
"南京礼部尚书沈","1","1","2"
"京礼部尚书沈一","1","1","2"
"延绥总兵官麻贵","1","1","2"
"京兵部右侍郎邢","1","1","2"
"青海部长永邵卜","1","1","2"
"十四年春二月戊","2","0","2"
"四年春二月戊申","2","0","2"
"命都督佥事杨方","1","1","2"
"都督佥事杨方亨","1","1","2"
"部尚书孙丕扬请","1","1","2"
"十五年春正月丙","2","0","2"
"山东右参政杨镐","1","1","2"
"副总兵杨元弃城","1","1","2"
"文华门疏请皇长","1","1","2"
"华门疏请皇长子","1","1","2"
"佥都御史万世德","1","1","2"
"都御史万世德经","1","1","2"
"御史万世德经略","1","1","2"
"史万世德经略朝","1","1","2"
"二十七年春二月","1","1","2"
"兵部侍郎李化龙","1","1","2"
"部侍郎李化龙总","1","1","2"
"侍郎李化龙总督","1","1","2"
"郎李化龙总督川","1","1","2"
"银二千四百万两","1","1","2"
"游击张良贤战死","1","1","2"
"贵州宣慰使安疆","1","1","2"
"州宣慰使安疆臣","1","1","2"
"云南税监杨荣开","1","1","2"
"南税监杨荣开采","1","1","2"
"税监杨荣开采阿","1","1","2"
"监杨荣开采阿瓦","1","1","2"
"加上慈圣皇太后","1","1","2"
"上慈圣皇太后尊","1","1","2"
"慈圣皇太后尊号","1","1","2"
"召大学士沈一贯","1","1","2"
"复河套诸部贡市","2","0","2"
"三十一年春三月","1","1","2"
"播州余贼吴洪等","1","1","2"
"睢州贼杨思敬作","1","1","2"
"州贼杨思敬作乱","1","1","2"
"三十二年春二月","1","1","2"
"雷击圜丘望灯高","1","1","2"
"击圜丘望灯高杆","1","1","2"
"三十四年春二月","1","1","2"
"加上皇太后徽号","1","1","2"
"南京妖贼刘天绪","1","1","2"
"京妖贼刘天绪谋","1","1","2"
"妖贼刘天绪谋反","1","1","2"
"南京吏部侍郎叶","1","1","2"
"京吏部侍郎叶向","1","1","2"
"吏部侍郎叶向高","1","1","2"
"三十六年春正月","1","1","2"
"川巡抚都御史乔","1","1","2"
"巡抚都御史乔璧","1","1","2"
"抚都御史乔璧星","1","1","2"
"三十七年春三月","1","1","2"
"左都御史詹沂封","1","1","2"
"都御史詹沂封印","1","1","2"
"三十八年春三月","1","1","2"
"三十九年春二月","1","1","2"
"十九年春二月庚","1","1","2"
"九年春二月庚子","1","1","2"
"琉球中山王尚宁","1","1","2"
"四十一年春正月","1","1","2"
"兵部尚书掌都察","2","0","2"
"部尚书掌都察院","2","0","2"
"尚书掌都察院事","2","0","2"
"吏部左侍郎吴道","1","1","2"
"部左侍郎吴道南","1","1","2"
"礼部右侍郎孙慎","1","1","2"
"部右侍郎孙慎行","1","1","2"
"十三年春正月乙","2","0","2"
"三年春正月乙丑","2","0","2"
"蓟州男子张差持","2","0","2"
"州男子张差持梃","2","0","2"
"子张差持梃入慈","2","0","2"
"张差持梃入慈庆","2","0","2"
"差持梃入慈庆宫","2","0","2"
"刑部提牢主事王","1","1","2"
"四十六年春二月","1","1","2"
"四十七年春二月","1","1","2"
"兵备佥事潘宗颜","1","1","2"
"备佥事潘宗颜战","1","1","2"
"佥事潘宗颜战死","1","1","2"
"深入阿布达里冈","1","1","2"
"大理寺丞熊廷弼","1","1","2"
"四十八年春正月","1","1","2"
"光宗崇天契道英","1","1","2"
"宗崇天契道英睿","1","1","2"
"崇天契道英睿恭","1","1","2"
"天契道英睿恭纯","1","1","2"
"契道英睿恭纯宪","1","1","2"
"道英睿恭纯宪文","1","1","2"
"英睿恭纯宪文景","1","1","2"
"睿恭纯宪文景武","1","1","2"
"恭纯宪文景武渊","1","1","2"
"纯宪文景武渊仁","1","1","2"
"宪文景武渊仁懿","1","1","2"
"文景武渊仁懿孝","1","1","2"
"景武渊仁懿孝贞","1","1","2"
"武渊仁懿孝贞皇","1","1","2"
"渊仁懿孝贞皇帝","1","1","2"
"四十三年夏五月","1","1","2"
"吏部侍郎史继偕","1","1","2"
"南京礼部侍郎沈","1","1","2"
"礼部侍郎何宗彦","1","1","2"
"改万历四十八年","1","1","2"
"万历四十八年八","1","1","2"
"历四十八年八月","1","1","2"
"万历三十八年十","1","1","2"
"历三十八年十二","1","1","2"
"三十八年十二月","1","1","2"
"大清兵入大安口","2","0","2"
"山海关总兵官赵","1","1","2"
"海关总兵官赵率","1","1","2"
"关总兵官赵率教","1","1","2"
"巡抚都御史王元","1","1","2"
"抚都御史王元雅","1","1","2"
"吏部侍郎成基命","1","1","2"
"召前大学士孙承","1","1","2"
"前大学士孙承宗","1","1","2"
"孙承宗兵部尚书","2","0","2"
"兵部尚书中极殿","1","1","2"
"部尚书中极殿大","1","1","2"
"尚书中极殿大学","1","1","2"
"书中极殿大学士","1","1","2"
"总兵官祖大寿兵","1","1","2"
"前总兵官孙祖寿","1","1","2"
"礼部侍郎周延儒","1","1","2"
"知府张凤奇等死","1","1","2"
"总督蓟辽都御史","1","1","2"
"督蓟辽都御史刘","1","1","2"
"蓟辽都御史刘策","1","1","2"
"辽都御史刘策下","1","1","2"
"都御史刘策下狱","1","1","2"
"礼部尚书温体仁","1","1","2"
"巡抚延绥副都御","1","1","2"
"抚延绥副都御史","1","1","2"
"延绥副都御史洪","1","1","2"
"绥副都御史洪承","1","1","2"
"副都御史洪承畴","1","1","2"
"山西总兵官王国","1","1","2"
"西总兵官王国梁","1","1","2"
"总兵官王国梁追","1","1","2"
"副将张应昌等击","1","1","2"
"将张应昌等击败","1","1","2"
"陕西三边军务侍","1","1","2"
"西三边军务侍郎","1","1","2"
"三边军务侍郎杨","1","1","2"
"边军务侍郎杨鹤","1","1","2"
"延绥副将曹文诏","1","1","2"
"邓希诏等监视关","1","1","2"
"太监张彝宪总理","1","1","2"
"监张彝宪总理户","1","1","2"
"山海总兵官宋伟","1","1","2"
"海总兵官宋伟等","1","1","2"
"监军太仆少卿张","1","1","2"
"军太仆少卿张春","1","1","2"
"祖大寿杀副将何","1","1","2"
"游击陈良谟战死","1","1","2"
"巡抚都御史孙元","1","1","2"
"抚都御史孙元化","1","1","2"
"兵部侍郎刘宇烈","1","1","2"
"登莱巡抚都御史","1","1","2"
"莱巡抚都御史谢","1","1","2"
"巡抚都御史谢琏","1","1","2"
"莱州知府朱万年","1","1","2"
"州知府朱万年死","1","1","2"
"总兵官陈洪范等","1","1","2"
"太监陈大金等分","1","1","2"
"总兵官贺虎臣战","1","1","2"
"山西巡抚都御史","1","1","2"
"西巡抚都御史许","1","1","2"
"巡抚都御史许鼎","1","1","2"
"抚都御史许鼎臣","1","1","2"
"都御史许鼎臣请","1","1","2"
"南京礼部侍郎钱","1","1","2"
"京礼部侍郎钱士","1","1","2"
"礼部侍郎钱士升","1","1","2"
"礼部侍郎王应熊","1","1","2"
"总兵官张应昌渡","1","1","2"
"赐刘理顺等进士","1","1","2"
"总督侍郎陈奇瑜","1","1","2"
"郧阳抚治都御史","1","1","2"
"阳抚治都御史卢","1","1","2"
"抚治都御史卢象","1","1","2"
"治都御史卢象升","1","1","2"
"抚保定都御史丁","1","1","2"
"保定都御史丁魁","1","1","2"
"定都御史丁魁楚","1","1","2"
"都御史丁魁楚等","1","1","2"
"遣总兵官尤世威","1","1","2"
"宣大总督侍郎张","1","1","2"
"大总督侍郎张宗","1","1","2"
"总督侍郎张宗衡","1","1","2"
"督侍郎张宗衡节","1","1","2"
"侍郎张宗衡节制","1","1","2"
"洪承畴解陇州围","1","1","2"
"八年春正月乙卯","2","0","2"
"应天巡抚都御史","1","1","2"
"天巡抚都御史张","1","1","2"
"总督漕运尚书杨","1","1","2"
"督漕运尚书杨一","1","1","2"
"漕运尚书杨一鹏","1","1","2"
"运尚书杨一鹏下","1","1","2"
"尚书杨一鹏下狱","1","1","2"
"官军遇贼乱马川","2","0","2"
"卢象升总理直隶","1","1","2"
"督副将曹变蛟等","1","1","2"
"户部尚书侯恂请","1","1","2"
"熹宗达天阐道敦","1","1","2"
"宗达天阐道敦孝","1","1","2"
"达天阐道敦孝笃","1","1","2"
"天阐道敦孝笃友","1","1","2"
"阐道敦孝笃友章","1","1","2"
"道敦孝笃友章文","1","1","2"
"敦孝笃友章文襄","1","1","2"
"孝笃友章文襄武","1","1","2"
"笃友章文襄武靖","1","1","2"
"友章文襄武靖穆","1","1","2"
"章文襄武靖穆庄","1","1","2"
"文襄武靖穆庄勤","1","1","2"
"万历三十三年十","1","1","2"
"历三十三年十一","1","1","2"
"三十三年十一月","1","1","2"
"部尚书周嘉谟等","1","1","2"
"辽东巡抚都御史","1","1","2"
"东巡抚都御史袁","1","1","2"
"巡抚都御史袁应","1","1","2"
"抚都御史袁应泰","1","1","2"
"伍文定等七十三","1","1","2"
"文定等七十三人","1","1","2"
"辽东巡抚佥都御","1","1","2"
"东巡抚佥都御史","1","1","2"
"巡抚佥都御史薛","1","1","2"
"抚佥都御史薛国","1","1","2"
"化贞右佥都御史","2","0","2"
"陕西都指挥陈愚","1","1","2"
"西都指挥陈愚直","1","1","2"
"部尚书王象乾总","1","1","2"
"尚书王象乾总督","1","1","2"
"书王象乾总督蓟","1","1","2"
"永宁宣抚使奢崇","1","1","2"
"宁宣抚使奢崇明","1","1","2"
"宣抚使奢崇明反","1","1","2"
"御史周宗建请客","1","1","2"
"史周宗建请客氏","1","1","2"
"布政使朱燮元固","1","1","2"
"政使朱燮元固守","1","1","2"
"擢燮元佥都御史","2","0","2"
"延绥总兵官杜文","1","1","2"
"绥总兵官杜文焕","1","1","2"
"四川总兵官杨愈","1","1","2"
"川总兵官杨愈懋","1","1","2"
"总兵官杨愈懋讨","1","1","2"
"镇武营总兵官刘","1","1","2"
"武营总兵官刘渠","1","1","2"
"永宁贼将罗乾象","1","1","2"
"宁贼将罗乾象约","1","1","2"
"水西土同知安邦","1","1","2"
"西土同知安邦彦","1","1","2"
"土同知安邦彦反","1","1","2"
"按御史史永安固","1","1","2"
"御史史永安固守","1","1","2"
"礼部右侍郎孙承","1","1","2"
"部右侍郎孙承宗","1","1","2"
"承宗兵部尚书东","2","0","2"
"宗兵部尚书东阁","2","0","2"
"孙承宗理兵部事","2","0","2"
"阳武侯薛濂管理","1","1","2"
"武侯薛濂管理募","1","1","2"
"侯薛濂管理募兵","1","1","2"
"山东白莲贼徐鸿","1","1","2"
"东白莲贼徐鸿儒","1","1","2"
"白莲贼徐鸿儒反","1","1","2"
"滕县知县姬文胤","1","1","2"
"贵州总兵官张彦","1","1","2"
"州总兵官张彦芳","1","1","2"
"巡抚都御史王三","1","1","2"
"抚都御史王三善","1","1","2"
"都御史王三善讨","1","1","2"
"前总兵官杨肇基","1","1","2"
"松潘副使李忠臣","1","1","2"
"潘副使李忠臣约","1","1","2"
"副使李忠臣约总","1","1","2"
"使李忠臣约总兵","1","1","2"
"李忠臣约总兵官","1","1","2"
"忠臣约总兵官杨","1","1","2"
"臣约总兵官杨愈","1","1","2"
"约总兵官杨愈懋","1","1","2"
"总兵官杨愈懋谋","1","1","2"
"游击龚万禄战死","1","1","2"
"原官督理山海关","1","1","2"
"总兵官鲁钦代杜","1","1","2"
"兵官鲁钦代杜文","1","1","2"
"官鲁钦代杜文焕","1","1","2"
"朱燮元总督四川","1","1","2"
"燮元总督四川军","1","1","2"
"元总督四川军务","1","1","2"
"礼部侍郎朱国祯","1","1","2"
"恤邹县死难博士","1","1","2"
"邹县死难博士孟","1","1","2"
"县死难博士孟承","1","1","2"
"死难博士孟承光","1","1","2"
"巡抚都御史何士","1","1","2"
"抚都御史何士晋","1","1","2"
"魏忠贤总督东厂","1","1","2"
"左副都御史杨涟","1","1","2"
"杖杀工部郎中万","1","1","2"
"内阁中书汪文言","1","1","2"
"毁天下东林讲学","1","1","2"
"天下东林讲学书","1","1","2"
"下东林讲学书院","1","1","2"
"中书舍人吴怀贤","1","1","2"
"六年春正月戊午","2","0","2"
"宁前道参政袁崇","1","1","2"
"前道参政袁崇焕","1","1","2"
"道参政袁崇焕固","1","1","2"
"参政袁崇焕固守","1","1","2"
"元等下镇抚司狱","1","1","2"
"太监刘应坤镇守","1","1","2"
"监刘应坤镇守山","1","1","2"
"刘应坤镇守山海","1","1","2"
"应坤镇守山海关","1","1","2"
"部尚书王永光等","1","1","2"
"袁崇焕巡抚辽东","1","1","2"
"南京守备内臣搜","1","1","2"
"佥都御史潘汝桢","1","1","2"
"请建魏忠贤生祠","2","0","2"
"偏沅巡抚都御史","1","1","2"
"沅巡抚都御史闵","1","1","2"
"巡抚都御史闵梦","1","1","2"
"前扬州知府刘铎","1","1","2"
"加赐庄田一千顷","1","1","2"
"七年春正月辛未","2","0","2"
"太监涂文辅总督","1","1","2"
"监涂文辅总督太","1","1","2"
"涂文辅总督太仓","1","1","2"
"文辅总督太仓银","1","1","2"
"辅总督太仓银库","1","1","2"
"李明道提督漕运","1","1","2"
"明道提督漕运河","1","1","2"
"道提督漕运河道","1","1","2"
"丰城侯李承祚请","1","1","2"
"十一年春正月丁","2","0","2"
"总兵官曹变蛟追","1","1","2"
"户部尚书程国祥","1","1","2"
"礼部侍郎方逢年","1","1","2"
"大理少卿范复粹","1","1","2"
"总督蓟辽兵部侍","1","1","2"
"督蓟辽兵部侍郎","1","1","2"
"蓟辽兵部侍郎吴","1","1","2"
"辽兵部侍郎吴阿","1","1","2"
"兵部侍郎吴阿衡","1","1","2"
"孙传庭兵部侍郎","2","0","2"
"二年春正月己未","2","0","2"
"布政使张秉文等","1","1","2"
"政使张秉文等死","1","1","2"
"孙传庭会师十八","1","1","2"
"传庭会师十八万","1","1","2"
"孙传庭总督保定","1","1","2"
"加上孝纯皇太后","1","1","2"
"上孝纯皇太后谥","1","1","2"
"礼部侍郎姚明恭","1","1","2"
"兵部侍郎魏照乘","1","1","2"
"失事巡抚都御史","1","1","2"
"事巡抚都御史颜","1","1","2"
"巡抚都御史颜继","1","1","2"
"抚都御史颜继祖","1","1","2"
"孙茂霖等三十三","1","1","2"
"茂霖等三十三人","1","1","2"
"钦定保民四事全","1","1","2"
"定保民四事全书","1","1","2"
"下兵部尚书傅宗","1","1","2"
"兵部尚书傅宗龙","1","1","2"
"赐魏藻德等进士","1","1","2"
"江西巡抚佥都御","1","1","2"
"西巡抚佥都御史","1","1","2"
"巡抚佥都御史解","1","1","2"
"抚佥都御史解学","1","1","2"
"佥都御史解学龙","1","1","2"
"总兵官贺人龙等","1","1","2"
"兵官贺人龙等分","1","1","2"
"总兵官孙应元等","1","1","2"
"孙应元等大破罗","2","0","2"
"应元等大破罗汝","2","0","2"
"元等大破罗汝才","2","0","2"
"总兵官张令战死","1","1","2"
"杨嗣昌进军重庆","1","1","2"
"参将刘士杰等战","1","1","2"
"将刘士杰等战死","1","1","2"
"前兵部尚书吕维","1","1","2"
"尚书吕维祺等死","1","1","2"
"命驸马都尉冉兴","1","1","2"
"总督三边侍郎丁","1","1","2"
"督三边侍郎丁启","1","1","2"
"三边侍郎丁启睿","1","1","2"
"总督保定侍郎杨","1","1","2"
"督保定侍郎杨文","1","1","2"
"保定侍郎杨文岳","1","1","2"
"总督陕西都御史","1","1","2"
"督陕西都御史汪","1","1","2"
"陕西都御史汪乔","1","1","2"
"西都御史汪乔年","1","1","2"
"巡抚都御史丘民","1","1","2"
"抚都御史丘民仰","1","1","2"
"孙传庭总督三边","1","1","2"
"传庭总督三边军","1","1","2"
"庭总督三边军务","1","1","2"
"下吏部尚书李日","1","1","2"
"部尚书李日宣六","1","1","2"
"尚书李日宣六人","1","1","2"
"杀都指挥徐良宪","1","1","2"
"援汴总兵官刘超","1","1","2"
"辽东督师侍郎范","1","1","2"
"东督师侍郎范志","1","1","2"
"督师侍郎范志完","1","1","2"
"师侍郎范志完入","1","1","2"
"前总督侍郎杨文","1","1","2"
"总督侍郎杨文岳","1","1","2"
"巡抚都御史宋一","1","1","2"
"抚都御史宋一鹤","1","1","2"
"留守沈寿崇等死","1","1","2"
"籍大学士贺逢圣","1","1","2"
"大学士贺逢圣等","1","1","2"
"学士贺逢圣等死","1","1","2"
"免直省残破州县","1","1","2"
"直省残破州县三","1","1","2"
"省残破州县三饷","1","1","2"
"督师尚书孙传庭","1","1","2"
"巡抚都御史冯师","1","1","2"
"抚都御史冯师孔","1","1","2"
"吏部侍郎李建泰","1","1","2"
"副都御史方岳贡","1","1","2"
"巡抚都御史林日","1","1","2"
"抚都御史林日瑞","1","1","2"
"年春正月庚寅朔","2","0","2"
"工部尚书范景文","1","1","2"
"巡抚都御史蔡懋","1","1","2"
"抚都御史蔡懋德","1","1","2"
"都御史蔡懋德等","1","1","2"
"杜勋等十人监视","1","1","2"
"真定知府丘茂华","1","1","2"
"定知府丘茂华杀","1","1","2"
"左都御史李邦华","1","1","2"
"右庶子李明睿请","1","1","2"
"巡抚都御史卫景","1","1","2"
"抚都御史卫景瑗","1","1","2"
"建文元年夏六月","1","1","2"
"燕山百户倪谅告","1","1","2"
"大将军部校张保","1","1","2"
"景隆合兵五十万","1","1","2"
"二年春正月丙寅","2","0","2"
"溺死者十余万人","1","1","2"
"三年春正月辛酉","2","0","2"
"大理少卿薛岩报","2","0","2"
"平安分兵六万人","1","1","2"
"陈晖等三十七人","1","1","2"
"都督佥事陈瑄舟","2","0","2"
"督佥事陈瑄舟师","2","0","2"
"佥事陈瑄舟师叛","2","0","2"
"方孝孺等五十余","1","1","2"
"孝孺等五十余人","1","1","2"
"迁兴宗孝康皇帝","1","1","2"
"兴宗孝康皇帝主","1","1","2"
"前北平按察使陈","1","1","2"
"北平按察使陈瑛","1","1","2"
"随母妃吕氏居懿","1","1","2"
"母妃吕氏居懿文","1","1","2"
"妃吕氏居懿文太","1","1","2"
"吕氏居懿文太子","1","1","2"
"氏居懿文太子陵","1","1","2"
"居懿文太子陵园","1","1","2"
"府尹薛正言等巡","1","1","2"
"尹薛正言等巡视","1","1","2"
"薛正言等巡视山","1","1","2"
"正言等巡视山西","1","1","2"
"封驸马都尉王宁","1","1","2"
"都督同知王佐皆","1","1","2"
"命北平州县弃官","1","1","2"
"朱宁等二百一十","1","1","2"
"宁等二百一十九","1","1","2"
"等二百一十九人","1","1","2"
"二百一十九人入","1","1","2"
"百一十九人入粟","1","1","2"
"一十九人入粟免","1","1","2"
"十九人入粟免死","1","1","2"
"周三世子分阅卫","1","1","2"
"三世子分阅卫士","1","1","2"
"拒李景隆五十万","1","1","2"
"后黄俨等谋立高","1","1","2"
"黄俨等谋立高燧","1","1","2"
"皇太孙迎丧开平","1","1","2"
"遣右都御史王彰","1","1","2"
"右都御史王彰抚","1","1","2"
"都御史王彰抚恤","1","1","2"
"都指挥同知陈忠","1","1","2"
"指挥同知陈忠战","1","1","2"
"挥同知陈忠战死","1","1","2"
"赐吏部尚书蹇义","1","1","2"
"诏天下都司卫所","1","1","2"
"天下都司卫所修","1","1","2"
"下都司卫所修治","1","1","2"
"都司卫所修治城","1","1","2"
"司卫所修治城池","1","1","2"
"四方雨泽章奏送","1","1","2"
"赐户部尚书夏原","1","1","2"
"部尚书夏原吉绳","1","1","2"
"尚书夏原吉绳愆","1","1","2"
"书夏原吉绳愆纠","1","1","2"
"夏原吉绳愆纠缪","1","1","2"
"原吉绳愆纠缪银","1","1","2"
"吉绳愆纠缪银章","1","1","2"
"都督方政同荣昌","1","1","2"
"督方政同荣昌伯","1","1","2"
"方政同荣昌伯陈","1","1","2"
"政同荣昌伯陈智","1","1","2"
"同荣昌伯陈智镇","1","1","2"
"天下三司官姓名","1","1","2"
"洪熙元年春正月","1","1","2"
"参将安平伯李安","1","1","2"
"荣昌伯陈智同镇","1","1","2"
"昌伯陈智同镇交","1","1","2"
"西角门诏大学士","1","1","2"
"角门诏大学士杨","1","1","2"
"门诏大学士杨士","1","1","2"
"诏大学士杨士奇","1","1","2"
"大学士杨士奇草","1","1","2"
"改北平行都司大","2","0","2"
"平行都司大宁都","2","0","2"
"行都司大宁都司","2","0","2"
"大宁地畀兀良哈","2","0","2"
"都督佥事宣信充","1","1","2"
"部尚书夏原吉治","1","1","2"
"封驸马都尉袁容","1","1","2"
"驸马都尉袁容等","1","1","2"
"马都尉袁容等三","1","1","2"
"都尉袁容等三人","1","1","2"
"浙江等九省富民","1","1","2"
"夺历城侯盛庸爵","1","1","2"
"封哈密安克帖木","1","1","2"
"徙山西民万户实","2","0","2"
"山西民万户实北","2","0","2"
"西民万户实北京","2","0","2"
"长兴侯耿炳文家","1","1","2"
"三年春正月庚戌","2","0","2"
"赵王高燧居守北","1","1","2"
"王高燧居守北京","1","1","2"
"三百三十八万石","1","1","2"
"球中山入贡者三","2","0","2"
"张辅大破安南兵","2","0","2"
"五年春正月丁卯","2","0","2"
"除北京永乐五年","1","1","2"
"永乐五年前逋赋","2","0","2"
"免诸色课程三年","1","1","2"
"封都督佥事柳升","1","1","2"
"晟简定战生厥江","2","0","2"
"赐百官上元节假","1","1","2"
"致仕知府刘彦才","1","1","2"
"仕知府刘彦才等","1","1","2"
"知府刘彦才等九","1","1","2"
"府刘彦才等九十","1","1","2"
"刘彦才等九十二","1","1","2"
"彦才等九十二人","1","1","2"
"才等九十二人分","1","1","2"
"察北巡郡县长吏","1","1","2"
"汶上知县史诚祖","1","1","2"
"上知县史诚祖治","1","1","2"
"知县史诚祖治行","1","1","2"
"县史诚祖治行第","1","1","2"
"史诚祖治行第一","1","1","2"
"御史洪秉等四人","1","1","2"
"召宁阳侯陈懋随","1","1","2"
"宁阳侯陈懋随征","1","1","2"
"阳侯陈懋随征漠","1","1","2"
"侯陈懋随征漠北","1","1","2"
"命户部尚书夏原","1","1","2"
"部尚书夏原吉辅","1","1","2"
"清远侯王友督中","1","1","2"
"远侯王友督中军","1","1","2"
"武安侯郑亨督左","1","1","2"
"本雅失里七骑遁","2","0","2"
"回回哈剌马牙杀","1","1","2"
"回哈剌马牙杀都","1","1","2"
"哈剌马牙杀都指","1","1","2"
"剌马牙杀都指挥","1","1","2"
"马牙杀都指挥刘","1","1","2"
"牙杀都指挥刘秉","1","1","2"
"杀都指挥刘秉谦","1","1","2"
"进封柳升安远侯","1","1","2"
"工部尚书宋礼开","1","1","2"
"赐萧时中等进士","1","1","2"
"祥符县黄河故道","1","1","2"
"封哈密兔力帖木","1","1","2"
"讨甘肃叛寇八耳","1","1","2"
"甘肃叛寇八耳思","1","1","2"
"肃叛寇八耳思朵","1","1","2"
"叛寇八耳思朵罗","1","1","2"
"寇八耳思朵罗歹","1","1","2"
"侍讲杨荣经略甘","1","1","2"
"讲杨荣经略甘肃","1","1","2"
"始设贵州布政司","1","1","2"
"尊皇太后太皇太","2","0","2"
"坊司乐工三千八","1","1","2"
"司乐工三千八百","1","1","2"
"乐工三千八百余","1","1","2"
"工三千八百余人","1","1","2"
"松荒田税粮减除","1","1","2"
"荒田税粮减除二","1","1","2"
"田税粮减除二百","1","1","2"
"税粮减除二百七","1","1","2"
"粮减除二百七十","1","1","2"
"减除二百七十七","1","1","2"
"除二百七十七万","1","1","2"
"二百七十七万余","1","1","2"
"百七十七万余石","1","1","2"
"夫四千七百余人","1","1","2"
"下兵部尚书王骥","1","1","2"
"贵州总兵官萧授","1","1","2"
"讨广西蒙顾十六","1","1","2"
"广西蒙顾十六洞","1","1","2"
"西蒙顾十六洞贼","1","1","2"
"兵部尚书王骥经","1","1","2"
"部尚书王骥经理","1","1","2"
"尚书王骥经理甘","1","1","2"
"书王骥经理甘肃","1","1","2"
"王骥经理甘肃边","1","1","2"
"刑部尚书魏源经","1","1","2"
"部尚书魏源经理","1","1","2"
"尚书魏源经理大","1","1","2"
"书魏源经理大同","1","1","2"
"魏源经理大同边","1","1","2"
"免陕西平凉六府","1","1","2"
"陕西平凉六府旱","1","1","2"
"西平凉六府旱灾","1","1","2"
"赵安袭击阿台朵","1","1","2"
"征南将军黔国公","1","1","2"
"南将军黔国公沐","1","1","2"
"将军黔国公沐晟","1","1","2"
"讨麓川叛蛮思任","1","1","2"
"麓川叛蛮思任发","1","1","2"
"右都御史陈智等","1","1","2"
"部侍郎何文渊等","1","1","2"
"侍郎何文渊等分","1","1","2"
"事中郭瑾录南京","2","0","2"
"中郭瑾录南京刑","2","0","2"
"郭瑾录南京刑狱","2","0","2"
"命王骥总督云南","1","1","2"
"王骥总督云南军","1","1","2"
"骥总督云南军务","1","1","2"
"命平蛮将军蒋贵","1","1","2"
"祭酒李时勉荷校","2","0","2"
"酒李时勉荷校国","2","0","2"
"右都御史王文巡","1","1","2"
"杀福建参议竺渊","1","1","2"
"免湖广旱灾秋粮","1","1","2"
"太监王振等弟侄","1","1","2"
"监王振等弟侄世","1","1","2"
"王振等弟侄世袭","1","1","2"
"振等弟侄世袭锦","1","1","2"
"等弟侄世袭锦衣","1","1","2"
"弟侄世袭锦衣卫","1","1","2"
"侄世袭锦衣卫官","1","1","2"
"下户部尚书王佐","1","1","2"
"右都御史陈镒等","1","1","2"
"孟养宣慰司献思","1","1","2"
"养宣慰司献思机","1","1","2"
"宣慰司献思机发","1","1","2"
"刑部侍郎丁铉抚","1","1","2"
"福建贼邓茂七作","1","1","2"
"建贼邓茂七作乱","1","1","2"
"讨处州贼叶宗留","1","1","2"
"御史十三人同中","1","1","2"
"史十三人同中官","1","1","2"
"巡按福建御史汪","1","1","2"
"按福建御史汪澄","1","1","2"
"巡按御史柴文显","1","1","2"
"都指挥高亮战死","1","1","2"
"西宁侯宋瑛总督","1","1","2"
"宁侯宋瑛总督大","1","1","2"
"侯宋瑛总督大同","1","1","2"
"宋瑛总督大同兵","1","1","2"
"瑛总督大同兵马","1","1","2"
"立皇子见深皇太","2","0","2"
"皇子见深皇太子","2","0","2"
"恭仁康定景皇帝","1","1","2"
"正统十四年秋八","1","1","2"
"统十四年秋八月","1","1","2"
"免景泰二年田租","1","1","2"
"景泰二年田租十","1","1","2"
"指挥佥事季铎奉","1","1","2"
"挥佥事季铎奉皇","1","1","2"
"佥事季铎奉皇太","1","1","2"
"事季铎奉皇太后","1","1","2"
"总兵官安乡伯张","1","1","2"
"兵官安乡伯张安","1","1","2"
"大同总兵官郭登","1","1","2"
"广东都指挥李升","1","1","2"
"都督同知刘安充","1","1","2"
"刑部右侍郎江渊","1","1","2"
"巡抚河南副都御","1","1","2"
"抚河南副都御史","1","1","2"
"河南副都御史王","1","1","2"
"游击将军石彪等","1","1","2"
"击将军石彪等巡","1","1","2"
"尚书石璞总督军","1","1","2"
"书石璞总督军务","1","1","2"
"礼部左侍郎王一","1","1","2"
"部左侍郎王一宁","1","1","2"
"部尚书金濂违诏","2","0","2"
"命都御史王文巡","1","1","2"
"御史王文巡视安","1","1","2"
"总督两广副都御","1","1","2"
"督两广副都御史","1","1","2"
"两广副都御史马","1","1","2"
"广副都御史马昂","1","1","2"
"请复沂王皇太子","2","0","2"
"命天下巡抚官赴","1","1","2"
"天下巡抚官赴京","1","1","2"
"下巡抚官赴京师","1","1","2"
"都御史刘广衡巡","1","1","2"
"御史刘广衡巡抚","1","1","2"
"史刘广衡巡抚浙","1","1","2"
"刘广衡巡抚浙江","1","1","2"
"大理少卿李茂等","1","1","2"
"南京大理少卿廖","1","1","2"
"京大理少卿廖庄","1","1","2"
"松饥民米麦一百","1","1","2"
"饥民米麦一百余","1","1","2"
"民米麦一百余万","1","1","2"
"米麦一百余万石","1","1","2"
"方瑛大破湖广苗","1","1","2"
"贞等迎上皇复位","2","0","2"
"武成中卫军二百","1","1","2"
"成中卫军二百户","1","1","2"
"中卫军二百户守","1","1","2"
"成化十一年十二","1","1","2"
"化十一年十二月","1","1","2"
"世宗钦天履道英","1","1","2"
"宗钦天履道英毅","1","1","2"
"宣文广武洪仁大","1","1","2"
"文广武洪仁大孝","1","1","2"
"广武洪仁大孝肃","1","1","2"
"武洪仁大孝肃皇","1","1","2"
"洪仁大孝肃皇帝","1","1","2"
"吏部侍郎袁宗皋","1","1","2"
"十四万八千余人","1","1","2"
"德平知县龚谅死","1","1","2"
"祖母宪宗贵妃邵","1","1","2"
"母宪宗贵妃邵氏","1","1","2"
"封王守仁新建伯","1","1","2"
"杀巡抚都御史许","1","1","2"
"巡抚都御史许铭","1","1","2"
"总督军务右都御","1","1","2"
"督军务右都御史","1","1","2"
"军务右都御史俞","1","1","2"
"务右都御史俞谏","1","1","2"
"总兵官鲁纲讨平","1","1","2"
"兵官鲁纲讨平河","1","1","2"
"官鲁纲讨平河南","1","1","2"
"免嘉靖元年天下","1","1","2"
"嘉靖元年天下税","1","1","2"
"靖元年天下税粮","1","1","2"
"都指挥王纲战死","1","1","2"
"南京刑部主事桂","1","1","2"
"京刑部主事桂萼","1","1","2"
"刑部主事桂萼请","1","1","2"
"部主事桂萼请改","1","1","2"
"主事桂萼请改称","1","1","2"
"事桂萼请改称孝","1","1","2"
"上昭圣皇太后尊","1","1","2"
"昭圣皇太后尊号","1","1","2"
"皇太后尊号曰昭","2","0","2"
"太后尊号曰昭圣","2","0","2"
"昭圣康惠慈寿皇","1","1","2"
"圣康惠慈寿皇太","1","1","2"
"康惠慈寿皇太后","1","1","2"
"上兴国太后尊号","1","1","2"
"兴献帝称考立庙","1","1","2"
"章圣皇太后尊号","1","1","2"
"下员外郎马理等","1","1","2"
"员外郎马理等一","1","1","2"
"外郎马理等一百","1","1","2"
"郎马理等一百三","1","1","2"
"马理等一百三十","1","1","2"
"理等一百三十四","1","1","2"
"杀巡抚都御史张","1","1","2"
"巡抚都御史张文","1","1","2"
"抚都御史张文锦","1","1","2"
"部尚书金献民总","1","1","2"
"都督佥事杭雄充","1","1","2"
"太监张忠提督军","1","1","2"
"监张忠提督军务","1","1","2"
"户部侍郎胡瓒提","1","1","2"
"部侍郎胡瓒提督","1","1","2"
"侍郎胡瓒提督宣","1","1","2"
"总兵官姜奭击败","2","0","2"
"赐庐州知府龙诰","1","1","2"
"南京兵部尚书王","1","1","2"
"京兵部尚书王守","1","1","2"
"兵部尚书王守仁","1","1","2"
"下刑部尚书颜颐","1","1","2"
"刑部尚书颜颐寿","1","1","2"
"大理寺卿汤沐等","1","1","2"
"考核天下巡抚官","1","1","2"
"右都御史伍文定","1","1","2"
"兵部尚书提督军","1","1","2"
"部尚书提督军务","1","1","2"
"章圣慈仁皇太后","1","1","2"
"赐罗洪先等进士","1","1","2"
"下郎中魏应召等","1","1","2"
"召张孚敬复入阁","2","0","2"
"赐林大钦等进士","1","1","2"
"川巡抚都御史宋","1","1","2"
"巡抚都御史宋沧","1","1","2"
"二年春正月丙午","2","0","2"
"南巡抚都御史吴","1","1","2"
"巡抚都御史吴山","1","1","2"
"副总兵梁震击败","1","1","2"
"总督宣大侍郎张","1","1","2"
"督宣大侍郎张瓒","1","1","2"
"宣大侍郎张瓒抚","1","1","2"
"赐韩应龙等进士","1","1","2"
"十五年春二月癸","2","0","2"
"加上两宫皇太后","1","1","2"
"昌国公张鹤龄下","1","1","2"
"国公张鹤龄下狱","1","1","2"
"部尚书毛伯温参","1","1","2"
"都指挥周冕战死","1","1","2"
"总督都御史刘天","1","1","2"
"尚书掌詹事府事","1","1","2"
"书掌詹事府事顾","1","1","2"
"掌詹事府事顾鼎","1","1","2"
"詹事府事顾鼎臣","1","1","2"
"上太宗庙号成祖","1","1","2"
"献皇帝庙号睿宗","1","1","2"
"大享上帝玄极宝","2","0","2"
"享上帝玄极宝殿","2","0","2"
"十八年春二月庚","2","0","2"
"九年春正月丙午","2","0","2"
"延绥总兵官任杰","1","1","2"
"绥总兵官任杰追","1","1","2"
"总兵官任杰追击","1","1","2"
"巡抚都御史龙大","1","1","2"
"参将张世忠战死","1","1","2"
"临清镇守内外官","1","1","2"
"诏内阁九卿考核","1","1","2"
"内阁九卿考核天","1","1","2"
"阁九卿考核天下","1","1","2"
"二年春正月戊申","2","0","2"
"礼部侍郎邹干巡","1","1","2"
"部侍郎邹干巡视","1","1","2"
"侍郎邹干巡视畿","1","1","2"
"郎邹干巡视畿内","1","1","2"
"邹干巡视畿内饥","1","1","2"
"干巡视畿内饥民","1","1","2"
"福建市舶司提举","1","1","2"
"都指挥焦政战死","1","1","2"
"翰林院侍读学士","1","1","2"
"林院侍读学士刘","1","1","2"
"院侍读学士刘定","1","1","2"
"兵部尚书程信提","1","1","2"
"部尚书程信提督","1","1","2"
"尚书程信提督军","1","1","2"
"书程信提督军务","1","1","2"
"四十五年十二月","1","1","2"
"免明年天下田赋","1","1","2"
"礼部侍郎张居正","1","1","2"
"巡抚都御史曹亨","1","1","2"
"抚都御史曹亨驻","1","1","2"
"都御史曹亨驻兵","1","1","2"
"御史曹亨驻兵通","1","1","2"
"史曹亨驻兵通州","1","1","2"
"宁夏总兵官雷龙","1","1","2"
"广西总兵官俞大","1","1","2"
"西总兵官俞大猷","1","1","2"
"赐罗万化等进士","1","1","2"
"大同总兵官赵岢","1","1","2"
"将周云翔杀参将","1","1","2"
"周云翔杀参将耿","1","1","2"
"云翔杀参将耿宗","1","1","2"
"翔杀参将耿宗元","1","1","2"
"礼部尚书赵贞吉","1","1","2"
"尚宝寺丞郑履淳","1","1","2"
"副总兵钱栋战死","1","1","2"
"总兵官王治道等","1","1","2"
"兵官王治道等战","1","1","2"
"官王治道等战死","1","1","2"
"置总督协理大臣","1","1","2"
"礼部尚书殷士儋","1","1","2"
"赐张元忭等进士","1","1","2"
"赵全余党十三人","1","1","2"
"巡抚贵州副都御","1","1","2"
"抚贵州副都御史","1","1","2"
"贵州副都御史蒋","1","1","2"
"州副都御史蒋琳","1","1","2"
"广西总兵官朱瑛","1","1","2"
"兵部尚书陈汝言","1","1","2"
"都指挥李鉴战死","1","1","2"
"巡抚两广佥都御","1","1","2"
"抚两广佥都御史","1","1","2"
"两广佥都御史叶","1","1","2"
"广佥都御史叶盛","1","1","2"
"赐王一夔等进士","1","1","2"
"阅随操武臣骑射","1","1","2"
"贵州总兵官李震","1","1","2"
"兵部尚书马昂总","1","1","2"
"部尚书马昂总督","1","1","2"
"尚书马昂总督军","1","1","2"
"书马昂总督军务","1","1","2"
"总督京营太监曹","1","1","2"
"督京营太监曹吉","1","1","2"
"京营太监曹吉祥","1","1","2"
"辽东巡按御史杨","1","1","2"
"山西巡按御史韩","1","1","2"
"西巡按御史韩祺","1","1","2"
"广东总兵官欧信","1","1","2"
"东总兵官欧信会","1","1","2"
"巡抚广西佥都御","1","1","2"
"抚广西佥都御史","1","1","2"
"广西佥都御史吴","1","1","2"
"西佥都御史吴桢","1","1","2"
"佥都御史吴桢节","1","1","2"
"都御史吴桢节制","1","1","2"
"御史吴桢节制两","1","1","2"
"史吴桢节制两广","1","1","2"
"吴桢节制两广诸","1","1","2"
"桢节制两广诸军","1","1","2"
"下右都御史李宾","1","1","2"
"成化六年七月生","1","1","2"
"吏部左侍郎翰林","2","0","2"
"部左侍郎翰林学","2","0","2"
"左侍郎翰林学士","2","0","2"
"翰林学士徐溥入","1","1","2"
"都指挥廖斌击败","1","1","2"
"土鲁番杀忠顺王","1","1","2"
"鲁番杀忠顺王罕","1","1","2"
"番杀忠顺王罕慎","1","1","2"
"五年春正月壬午","2","0","2"
"命陕巴袭封忠顺","1","1","2"
"陕巴袭封忠顺王","1","1","2"
"广西副总兵马俊","1","1","2"
"湖广总兵官镇远","1","1","2"
"广总兵官镇远侯","1","1","2"
"总兵官镇远侯顾","1","1","2"
"兵官镇远侯顾溥","1","1","2"
"贵州巡抚都御史","1","1","2"
"州巡抚都御史邓","1","1","2"
"巡抚都御史邓廷","1","1","2"
"抚都御史邓廷瓒","1","1","2"
"土鲁番速檀阿黑","1","1","2"
"鲁番速檀阿黑麻","1","1","2"
"番速檀阿黑麻袭","1","1","2"
"都督同知缑谦经","1","1","2"
"督同知缑谦经略","1","1","2"
"同知缑谦经略哈","1","1","2"
"知缑谦经略哈密","1","1","2"
"平江伯陈锐同刘","1","1","2"
"江伯陈锐同刘大","1","1","2"
"伯陈锐同刘大夏","1","1","2"
"陈锐同刘大夏治","1","1","2"
"甘肃总兵官刘宁","1","1","2"
"礼部侍郎李东阳","1","1","2"
"少詹事谢迁入阁","1","1","2"
"封宋儒杨时将乐","1","1","2"
"宋儒杨时将乐伯","1","1","2"
"广西副总兵欧磐","1","1","2"
"西副总兵欧磐击","1","1","2"
"大理少卿马中锡","1","1","2"
"赐朱希周等进士","1","1","2"
"制三边都御史王","1","1","2"
"三边都御史王越","1","1","2"
"边都御史王越袭","1","1","2"
"免陕西织造羊绒","1","1","2"
"十二年春正月辛","2","0","2"
"赐伦文叙等进士","1","1","2"
"户部左侍郎许进","1","1","2"
"部左侍郎许进提","1","1","2"
"左侍郎许进提督","1","1","2"
"侍郎许进提督军","1","1","2"
"郎许进提督军务","1","1","2"
"督军务都御史史","1","1","2"
"军务都御史史琳","1","1","2"
"监军太监苗逵分","1","1","2"
"军太监苗逵分道","1","1","2"
"太监苗逵分道进","1","1","2"
"南京户部尚书王","1","1","2"
"京户部尚书王轼","1","1","2"
"左副都御史提督","1","1","2"
"副都御史提督军","1","1","2"
"都御史提督军务","1","1","2"
"大理寺丞吴一贯","1","1","2"
"饶州督造瓷器中","1","1","2"
"州督造瓷器中官","1","1","2"
"南京工部侍郎高","1","1","2"
"京工部侍郎高铨","1","1","2"
"遣大学士李东阳","2","0","2"
"大理少卿吴一贯","1","1","2"
"丛兰分道经略边","1","1","2"
"左副都御史阎仲","1","1","2"
"副都御史阎仲宇","1","1","2"
"通政司参议熊伟","1","1","2"
"政司参议熊伟分","1","1","2"
"太常少卿孙交经","1","1","2"
"常少卿孙交经略","1","1","2"
"少卿孙交经略宣","1","1","2"
"赐顾鼎臣等进士","1","1","2"
"刑部侍郎何鉴抚","1","1","2"
"总兵官吴瑛等击","1","1","2"
"兵官吴瑛等击败","1","1","2"
"赐秦鸣雷等进士","1","1","2"
"逮总督宣大兵部","2","0","2"
"巡抚蓟镇佥都御","1","1","2"
"抚蓟镇佥都御史","1","1","2"
"蓟镇佥都御史朱","1","1","2"
"镇佥都御史朱方","1","1","2"
"佥都御史朱方下","1","1","2"
"都御史朱方下狱","1","1","2"
"兵部侍郎张汉下","1","1","2"
"部侍郎张汉下狱","1","1","2"
"代府奉国将军充","1","1","2"
"府奉国将军充灼","1","1","2"
"奉国将军充灼谋","1","1","2"
"国将军充灼谋反","1","1","2"
"赐李春芳等进士","1","1","2"
"四川都御史张时","1","1","2"
"川都御史张时彻","1","1","2"
"陕西三边侍郎曾","1","1","2"
"西三边侍郎曾铣","1","1","2"
"指挥顾相等战死","1","1","2"
"赐唐汝楫等进士","1","1","2"
"副总兵林椿战死","1","1","2"
"召大同总兵官仇","1","1","2"
"巡抚侍郎杨守谦","1","1","2"
"分遣御史选边军","1","1","2"
"遣御史选边军入","1","1","2"
"御史选边军入卫","1","1","2"
"兵部侍郎史道经","1","1","2"
"部侍郎史道经理","1","1","2"
"下经略京城副都","1","1","2"
"经略京城副都御","1","1","2"
"略京城副都御史","1","1","2"
"京城副都御史商","1","1","2"
"城副都御史商大","1","1","2"
"副都御史商大节","1","1","2"
"山东巡抚都御史","1","1","2"
"东巡抚都御史王","1","1","2"
"兵部侍郎蒋应奎","1","1","2"
"十二年春正月戊","2","0","2"
"兵部侍郎杨博巡","1","1","2"
"副总兵郭都战死","1","1","2"
"巡抚都御史赵时","1","1","2"
"抚都御史赵时春","1","1","2"
"十三年春正月壬","2","0","2"
"南京兵部尚书张","1","1","2"
"京兵部尚书张经","1","1","2"
"部侍郎赵文华祭","1","1","2"
"苏松兵备副使任","1","1","2"
"松兵备副使任环","1","1","2"
"兵部侍郎杨宜总","1","1","2"
"部侍郎杨宜总督","1","1","2"
"侍郎杨宜总督军","1","1","2"
"郎杨宜总督军务","1","1","2"
"苏松巡抚都御史","1","1","2"
"松巡抚都御史曹","1","1","2"
"巡抚都御史曹邦","1","1","2"
"抚都御史曹邦辅","1","1","2"
"巡抚浙江副都御","1","1","2"
"抚浙江副都御史","1","1","2"
"浙江副都御史李","1","1","2"
"江副都御史李天","1","1","2"
"副都御史李天宠","1","1","2"
"免畿内水灾税粮","1","1","2"
"赐诸大绶等进士","1","1","2"
"赵文华提督江南","1","1","2"
"芝一千八百六十","1","1","2"
"浙江总兵官俞大","1","1","2"
"江总兵官俞大猷","1","1","2"
"抚凤阳都御史李","1","1","2"
"凤阳都御史李遂","1","1","2"
"总督蓟辽右都御","1","1","2"
"督蓟辽右都御史","1","1","2"
"蓟辽右都御史王","1","1","2"
"杀总督粮储侍郎","1","1","2"
"总督粮储侍郎黄","1","1","2"
"督粮储侍郎黄懋","1","1","2"
"粮储侍郎黄懋官","1","1","2"
"大同总兵官刘汉","1","1","2"
"赐申时行等进士","1","1","2"
"延绥总兵官赵岢","1","1","2"
"绥总兵官赵岢分","1","1","2"
"大同总兵官姜应","1","1","2"
"同总兵官姜应熊","1","1","2"
"总兵官戚继光大","1","1","2"
"兵官戚继光大败","1","1","2"
"赐范应期等进士","1","1","2"
"礼部尚书李春芳","1","1","2"
"户部主事海瑞上","1","1","2"
"部主事海瑞上疏","1","1","2"
"太监苗逵监督军","1","1","2"
"监苗逵监督军务","1","1","2"
"右都御史史琳提","1","1","2"
"都御史史琳提督","1","1","2"
"御史史琳提督军","1","1","2"
"史史琳提督军务","1","1","2"
"乱政内臣马永成","1","1","2"
"政内臣马永成等","1","1","2"
"内臣马永成等八","1","1","2"
"臣马永成等八人","1","1","2"
"除曲阜孔氏田赋","1","1","2"
"御史薄彦徽等二","1","1","2"
"史薄彦徽等二十","1","1","2"
"薄彦徽等二十一","1","1","2"
"彦徽等二十一人","1","1","2"
"复宁王宸濠护卫","1","1","2"
"南京户部尚书杨","1","1","2"
"京户部尚书杨廷","1","1","2"
"南京工部侍郎毕","1","1","2"
"京工部侍郎毕亨","1","1","2"
"总制尚书才宽战","1","1","2"
"制尚书才宽战死","1","1","2"
"谢迁等六百七十","1","1","2"
"迁等六百七十五","1","1","2"
"等六百七十五人","1","1","2"
"右都御史王哲巡","1","1","2"
"都御史王哲巡视","1","1","2"
"御史王哲巡视南","1","1","2"
"刑部尚书洪钟总","1","1","2"
"杀巡抚都御史安","1","1","2"
"巡抚都御史安惟","1","1","2"
"抚都御史安惟学","1","1","2"
"都御史杨一清总","1","1","2"
"御史杨一清总制","1","1","2"
"史杨一清总制宁","1","1","2"
"杨一清总制宁夏","1","1","2"
"游击将军仇钺袭","1","1","2"
"吏部尚书张彩下","1","1","2"
"部尚书张彩下狱","1","1","2"
"封义子指挥同知","1","1","2"
"义子指挥同知朱","1","1","2"
"子指挥同知朱德","1","1","2"
"左都御史陈金总","1","1","2"
"右都御史马中锡","1","1","2"
"都御史马中锡提","1","1","2"
"御史马中锡提督","1","1","2"
"史马中锡提督军","1","1","2"
"马中锡提督军务","1","1","2"
"指挥佥事蔡显等","1","1","2"
"副都御史马炳然","1","1","2"
"江西贼杀副使周","1","1","2"
"西贼杀副使周宪","1","1","2"
"陆完追歼刘七等","1","1","2"
"完追歼刘七等贼","1","1","2"
"赐义子一百二十","1","1","2"
"义子一百二十七","1","1","2"
"子一百二十七人","1","1","2"
"右副都御史俞谏","1","1","2"
"副都御史俞谏代","1","1","2"
"佥都御史陈玉巡","1","1","2"
"南京刑部侍郎邓","1","1","2"
"京刑部侍郎邓璋","1","1","2"
"彭泽总督甘肃军","1","1","2"
"泽总督甘肃军务","1","1","2"
"太监张永提督军","1","1","2"
"监张永提督军务","1","1","2"
"免南畿旱灾秋粮","1","1","2"
"男子三千四百余","1","1","2"
"子三千四百余人","1","1","2"
"三千四百余人充","1","1","2"
"太监张忠监督军","1","1","2"
"监张忠监督军务","1","1","2"
"巡关御史张钦闭","1","1","2"
"关御史张钦闭关","1","1","2"
"御史张钦闭关拒","1","1","2"
"副都御史吴廷举","1","1","2"
"军总兵官朱寿亲","1","1","2"
"大将军总兵官太","1","1","2"
"将军总兵官太师","1","1","2"
"军总兵官太师镇","1","1","2"
"总兵官太师镇国","1","1","2"
"兵官太师镇国公","1","1","2"
"官太师镇国公朱","1","1","2"
"太师镇国公朱寿","1","1","2"
"师镇国公朱寿将","1","1","2"
"镇国公朱寿将巡","1","1","2"
"下兵部郎中黄巩","1","1","2"
"金吾卫都指挥佥","1","1","2"
"吾卫都指挥佥事","1","1","2"
"卫都指挥佥事张","1","1","2"
"都指挥佥事张英","1","1","2"
"行人司副余廷瓒","1","1","2"
"黄巩等三十九人","1","1","2"
"巡抚江西右副都","1","1","2"
"抚江西右副都御","1","1","2"
"江西右副都御史","1","1","2"
"西右副都御史孙","1","1","2"
"右副都御史孙燧","1","1","2"
"南昌兵备副使许","1","1","2"
"昌兵备副使许逵","1","1","2"
"兵备副使许逵死","1","1","2"
"提督南赣汀漳军","1","1","2"
"督南赣汀漳军务","1","1","2"
"南赣汀漳军务副","1","1","2"
"赣汀漳军务副都","1","1","2"
"汀漳军务副都御","1","1","2"
"漳军务副都御史","1","1","2"
"军务副都御史王","1","1","2"
"务副都御史王守","1","1","2"
"副都御史王守仁","1","1","2"
"幸大学士杨一清","1","1","2"
"巡抚云南副都御","1","1","2"
"抚云南副都御史","1","1","2"
"云南副都御史何","1","1","2"
"南副都御史何孟","1","1","2"
"副都御史何孟春","1","1","2"
"都御史何孟春讨","1","1","2"
"李震大破靖州苗","1","1","2"
"四川都御史张瓒","1","1","2"
"左通政方贤下西","1","1","2"
"通政方贤下西厂","1","1","2"
"政方贤下西厂狱","1","1","2"
"工部尚书张文质","1","1","2"
"松副都御史牟俸","1","1","2"
"总督两广军务都","1","1","2"
"督两广军务都御","1","1","2"
"两广军务都御史","1","1","2"
"广军务都御史朱","1","1","2"
"军务都御史朱英","1","1","2"
"总兵官平乡伯陈","1","1","2"
"兵官平乡伯陈政","1","1","2"
"监怀恩同法司录","2","0","2"
"怀恩同法司录囚","2","0","2"
"饶州烧造御器内","1","1","2"
"州烧造御器内臣","1","1","2"
"太监张善监督军","1","1","2"
"监张善监督军务","1","1","2"
"同总督尚书余子","1","1","2"
"总督尚书余子俊","1","1","2"
"兵部左侍郎尹直","1","1","2"
"通政司参议田景","1","1","2"
"政司参议田景贤","1","1","2"
"司参议田景贤巡","1","1","2"
"参议田景贤巡视","1","1","2"
"议田景贤巡视大","1","1","2"
"田景贤巡视大同","1","1","2"
"洪武二十五年九","1","1","2"
"武二十五年九月","1","1","2"
"云南总兵官西平","1","1","2"
"南总兵官西平侯","1","1","2"
"总兵官西平侯沐","1","1","2"
"兵官西平侯沐春","1","1","2"
"北平都指挥使司","1","1","2"
"何福破斩刀干孟","1","1","2"
"定内外大小官制","1","1","2"
"遣燕王世子高炽","1","1","2"
"北平都指挥张信","1","1","2"
"平都指挥张信叛","1","1","2"
"吴高退保山海关","1","1","2"
"指挥滕聚等皆战","1","1","2"
"挥滕聚等皆战死","1","1","2"
"年春正月辛酉朔","2","0","2"
"诏中官奉使侵暴","1","1","2"
"中官奉使侵暴吏","1","1","2"
"官奉使侵暴吏民","1","1","2"
"奉使侵暴吏民者","1","1","2"
"驸马都尉梅殷镇","1","1","2"
"礼部侍郎陈性善","1","1","2"
"指挥王礼等叛降","1","1","2"
"挥王礼等叛降燕","1","1","2"
"修撰王叔英分道","1","1","2"
"镇江守将童俊叛","1","1","2"
"江守将童俊叛降","1","1","2"
"守将童俊叛降燕","1","1","2"
"命诸王分守都城","1","1","2"
"四川提学副使冯","1","1","2"
"川提学副使冯时","1","1","2"
"顺天巡抚王致祥","1","1","2"
"延安卫柳树涧人","1","1","2"
"罗罗斯宣慰安定","1","1","2"
"八月十五日献俘","1","1","2"
"军总兵官朱寿统","1","1","2"
"总兵官朱寿统率","1","1","2"
"兵官朱寿统率六","1","1","2"
"官朱寿统率六军","1","1","2"
"两江口长官彭胜","1","1","2"
"江口长官彭胜祖","1","1","2"
"口长官彭胜祖违","1","1","2"
"左光斗同事同心","1","1","2"
"慈炎招降峒贼张","1","1","2"
"炎招降峒贼张安","1","1","2"
"公卿贤士日论治","1","1","2"
"卿贤士日论治道","1","1","2"
"中官张钦义子李","1","1","2"
"官张钦义子李贤","1","1","2"
"丞相失烈门等数","1","1","2"
"相失烈门等数十","1","1","2"
"部尚书林尧俞言","2","0","2"
"太原左卫指挥同","1","1","2"
"原左卫指挥同知","1","1","2"
"正统元年会试第","1","1","2"
"统元年会试第一","1","1","2"
"送后湖东西二库","1","1","2"
"亲军卫指挥使司","1","1","2"
"军卫指挥使司十","1","1","2"
"卫指挥使司十七","1","1","2"
"初命侍郎总督粮","1","1","2"
"命侍郎总督粮储","1","1","2"
"御史何文渊九人","1","1","2"
"金吾指挥陆龄讨","1","1","2"
"江夏侯周德兴讨","1","1","2"
"夏侯周德兴讨平","1","1","2"
"赐刘若宰等进士","1","1","2"
"太监李奇茂监视","1","1","2"
"监李奇茂监视陕","1","1","2"
"李奇茂监视陕西","1","1","2"
"奇茂监视陕西茶","1","1","2"
"茂监视陕西茶马","1","1","2"
"吴直监视登岛兵","1","1","2"
"直监视登岛兵粮","1","1","2"
"兵部尚书高第经","1","1","2"
"部尚书高第经略","1","1","2"
"尚书高第经略辽","1","1","2"
"三边侍郎郑崇俭","1","1","2"
"封总兵官吴三桂","1","1","2"
"皇太子摄享太庙","1","1","2"
"左都御史王翱总","1","1","2"
"都御史王翱总督","1","1","2"
"御史王翱总督两","1","1","2"
"史王翱总督两广","1","1","2"
"王翱总督两广军","1","1","2"
"翱总督两广军务","1","1","2"
"上慈寿皇太后尊","1","1","2"
"慈寿皇太后尊号","1","1","2"
"追尊孝惠皇太后","1","1","2"
"穆宗契天隆道渊","1","1","2"
"宗契天隆道渊懿","1","1","2"
"契天隆道渊懿宽","1","1","2"
"天隆道渊懿宽仁","1","1","2"
"隆道渊懿宽仁显","1","1","2"
"道渊懿宽仁显文","1","1","2"
"渊懿宽仁显文光","1","1","2"
"懿宽仁显文光武","1","1","2"
"宽仁显文光武纯","1","1","2"
"仁显文光武纯德","1","1","2"
"显文光武纯德弘","1","1","2"
"文光武纯德弘孝","1","1","2"
"光武纯德弘孝庄","1","1","2"
"武纯德弘孝庄皇","1","1","2"
"纯德弘孝庄皇帝","1","1","2"
"大同总兵官李文","1","1","2"
"宣府总兵官杨能","1","1","2"
"指挥刘钦等战死","1","1","2"
"免南畿水灾税粮","1","1","2"
"杖刑部员外郎林","1","1","2"
"都督府经历张黻","1","1","2"
"懿文太子第二子","1","1","2"
"大兴左卫副千户","1","1","2"
"亨佩征西前将军","1","1","2"
"佩征西前将军印","1","1","2"
"杀懿州路总管吕","1","1","2"
"懿州路总管吕震","1","1","2"
"永昌侯蓝玉北征","1","1","2"
"胡海分道进攻赤","1","1","2"
"海分道进攻赤水","1","1","2"
"分道进攻赤水河","1","1","2"
"道进攻赤水河路","1","1","2"
"太祖命大将军徐","1","1","2"
"祖命大将军徐达","1","1","2"
"命大将军徐达总","1","1","2"
"英武卫亲军指挥","1","1","2"
"武卫亲军指挥使","1","1","2"
"讨平沂州答山贼","1","1","2"
"陕西行都督府佥","1","1","2"
"西行都督府佥事","1","1","2"
"朔州卫指挥副使","1","1","2"
"元左丞田保保等","1","1","2"
"获将士五百余人","1","1","2"
"云南巡抚都御史","1","1","2"
"南巡抚都御史何","1","1","2"
"巡抚都御史何孟","1","1","2"
"抚都御史何孟春","1","1","2"
"都御史何孟春请","1","1","2"
"贺宗哲合兵力拒","1","1","2"
"翊运推诚宣德靖","1","1","2"
"运推诚宣德靖远","1","1","2"
"推诚宣德靖远功","1","1","2"
"诚宣德靖远功臣","1","1","2"
"太子爱猷识里达","1","1","2"
"子爱猷识里达腊","1","1","2"
"爱猷识里达腊新","1","1","2"
"猷识里达腊新立","1","1","2"
"败元威顺王宽彻","1","1","2"
"泰州白驹场亭人","1","1","2"
"虎贲卫千户所镇","1","1","2"
"贲卫千户所镇抚","1","1","2"
"总兵官朱谦告急","1","1","2"
"破阳山贼周公转","1","1","2"
"新兴贼邓李保等","1","1","2"
"丰城侯李彬等十","1","1","2"
"城侯李彬等十八","1","1","2"
"左副将军西平侯","1","1","2"
"将军西平侯沐晟","1","1","2"
"上书论国家大计","1","1","2"
"参赞南京守备襄","1","1","2"
"赞南京守备襄城","1","1","2"
"南京守备襄城伯","1","1","2"
"京守备襄城伯李","1","1","2"
"守备襄城伯李隆","1","1","2"
"备襄城伯李隆机","1","1","2"
"襄城伯李隆机务","1","1","2"
"永乐四年大征安","1","1","2"
"乐四年大征安南","1","1","2"
"济川卫指挥佥事","1","1","2"
"灰等部落五千人","1","1","2"
"左副将军李坚迎","1","1","2"
"生擒都指挥花英","1","1","2"
"十八年十二月定","1","1","2"
"八年十二月定都","1","1","2"
"年十二月定都北","1","1","2"
"十二月定都北京","1","1","2"
"魏国公徐达战灰","1","1","2"
"国公徐达战灰山","1","1","2"
"西平侯沐英征云","1","1","2"
"平侯沐英征云南","1","1","2"
"凉州卫千户虎保","1","1","2"
"龙州知州薛继贤","1","1","2"
"州知州薛继贤击","1","1","2"
"知州薛继贤击贼","1","1","2"
"沙州卫都督喃哥","1","1","2"
"州卫都督喃哥兄","1","1","2"
"卫都督喃哥兄弟","1","1","2"
"燕山右护卫指挥","1","1","2"
"山右护卫指挥佥","1","1","2"
"右护卫指挥佥事","1","1","2"
"事中葛绍祖巡抚","1","1","2"
"中葛绍祖巡抚四","1","1","2"
"葛绍祖巡抚四川","1","1","2"
"大臣考察天下方","1","1","2"
"臣考察天下方面","1","1","2"
"考察天下方面官","1","1","2"
"济宁南旺湖长堤","1","1","2"
"孔友谅等七人历","1","1","2"
"友谅等七人历事","1","1","2"
"谅等七人历事六","1","1","2"
"等七人历事六科","1","1","2"
"太祖孝慈高皇后","1","1","2"
"祖孝慈高皇后马","1","1","2"
"孝慈高皇后马氏","1","1","2"
"登州卫指挥佥事","1","1","2"
"肇庆恩平十三村","1","1","2"
"崇祯六年授衡阳","1","1","2"
"祯六年授衡阳知","1","1","2"
"六年授衡阳知县","1","1","2"
"成化三年封庆云","1","1","2"
"化三年封庆云伯","1","1","2"
"改称皇伯母昭圣","1","1","2"
"称皇伯母昭圣皇","1","1","2"
"皇伯母昭圣皇太","1","1","2"
"伯母昭圣皇太后","1","1","2"
"庄烈帝生母孝纯","1","1","2"
"烈帝生母孝纯皇","1","1","2"
"帝生母孝纯皇太","1","1","2"
"生母孝纯皇太后","1","1","2"
"魏忠贤尽毁天下","1","1","2"
"忠贤尽毁天下书","1","1","2"
"贤尽毁天下书院","1","1","2"
"密云卫指挥佥事","1","1","2"
"北平都指挥佥事","1","1","2"
"破兀良哈屈裂河","2","0","2"
"迤北部长四十九","1","1","2"
"北部长四十九人","1","1","2"
"济阳卫指挥佥事","1","1","2"
"永宁卫指挥佥事","1","1","2"
"强占丹阳练湖八","1","1","2"
"占丹阳练湖八十","1","1","2"
"丹阳练湖八十余","1","1","2"
"阳练湖八十余里","1","1","2"
"江阴官田七十余","1","1","2"
"阴官田七十余顷","1","1","2"
"圣子圣孙继继绳","1","1","2"
"子圣孙继继绳绳","1","1","2"
"时礼部侍郎董伦","1","1","2"
"黄淮等五人二品","1","1","2"
"淮等五人二品纱","1","1","2"
"等五人二品纱罗","1","1","2"
"五人二品纱罗衣","1","1","2"
"广西布政司参议","1","1","2"
"进右春坊大学士","2","0","2"
"杨士奇同掌内制","1","1","2"
"乘肩舆登万岁山","1","1","2"
"正统十四年六月","1","1","2"
"长沙妖人李法良","1","1","2"
"命丰城侯李彬讨","1","1","2"
"吏部追论靖难兵","1","1","2"
"礼部郎中周讷请","1","1","2"
"部郎中周讷请封","1","1","2"
"宣德六年十二月","1","1","2"
"副都御史练子宁","1","1","2"
"皇太孙留守北京","1","1","2"
"北京国子监祭酒","1","1","2"
"郎甸长官司吏目","1","1","2"
"左班文职奸臣罪","1","1","2"
"班文职奸臣罪状","1","1","2"
"妻毕氏孀居母家","1","1","2"
"杀宣慰使董搏霄","1","1","2"
"副征南将军邓愈","1","1","2"
"秦淮翼水军元帅","1","1","2"
"帐前总制亲兵左","1","1","2"
"前总制亲兵左副","1","1","2"
"总制亲兵左副指","1","1","2"
"制亲兵左副指挥","1","1","2"
"亲兵左副指挥使","1","1","2"
"约张士诚合攻应","1","1","2"
"张士诚合攻应天","1","1","2"
"帐前亲兵副都指","1","1","2"
"前亲兵副都指挥","1","1","2"
"亲兵副都指挥使","1","1","2"
"定湖南衡州诸郡","1","1","2"
"获战船三百余艘","1","1","2"
"永兴翼元帅府永","2","0","2"
"兴翼元帅府永兴","2","0","2"
"进大都督府佥事","2","0","2"
"泾阳洪渠十万余","1","1","2"
"阳洪渠十万余丈","1","1","2"
"秦王左相都督佥","1","1","2"
"王左相都督佥事","1","1","2"
"前军都督府佥事","1","1","2"
"十七年论平云南","2","0","2"
"七年论平云南功","2","0","2"
"副征西将军耿炳","1","1","2"
"征西将军耿炳文","1","1","2"
"佥都御史张春等","1","1","2"
"授锦衣卫指挥佥","2","0","2"
"北平行省参知政","1","1","2"
"平行省参知政事","1","1","2"
"攻克刘学士诸寨","1","1","2"
"江淮行省平章政","1","1","2"
"淮行省平章政事","1","1","2"
"山东行省平章政","1","1","2"
"东行省平章政事","1","1","2"
"将士收复诸山寨","1","1","2"
"同延安侯唐胜宗","1","1","2"
"镇武卫指挥同知","1","1","2"
"入土豪赤塘王总","1","1","2"
"土豪赤塘王总管","1","1","2"
"宝庆卫指挥佥事","1","1","2"
"北门八角亭先登","1","1","2"
"五开诸苗蛮先后","1","1","2"
"副将军沐英会师","1","1","2"
"王弼洱水东趋上","2","0","2"
"弼洱水东趋上关","2","0","2"
"讨平澧州九溪诸","1","1","2"
"平澧州九溪诸蛮","1","1","2"
"澧州九溪诸蛮寇","1","1","2"
"福州卫都指挥副","1","1","2"
"州卫都指挥副使","1","1","2"
"复命署都指挥使","1","1","2"
"命署都指挥使司","1","1","2"
"署都指挥使司事","1","1","2"
"缮广东边海城堡","1","1","2"
"江夏侯周德兴征","1","1","2"
"迁山西右布政使","2","0","2"
"镇南卫指挥佥事","1","1","2"
"南海官军三百余","1","1","2"
"海官军三百余人","1","1","2"
"陈猱头等二十余","1","1","2"
"猱头等二十余人","1","1","2"
"江西等处行中书","1","1","2"
"西等处行中书省","1","1","2"
"等处行中书省平","1","1","2"
"处行中书省平章","1","1","2"
"行中书省平章政","1","1","2"
"汀州府判蔡公安","1","1","2"
"福清宣慰使陈瑞","1","1","2"
"清宣慰使陈瑞孙","1","1","2"
"文忠浦城取建宁","2","0","2"
"元世祖第五子云","1","1","2"
"世祖第五子云南","1","1","2"
"祖第五子云南王","1","1","2"
"第五子云南王忽","1","1","2"
"五子云南王忽哥","1","1","2"
"子云南王忽哥赤","1","1","2"
"遣湖广参政吴云","1","1","2"
"湖广参政吴云偕","1","1","2"
"大军所获云南使","1","1","2"
"军所获云南使臣","1","1","2"
"所获云南使臣铁","1","1","2"
"获云南使臣铁知","1","1","2"
"云南使臣铁知院","1","1","2"
"南使臣铁知院等","1","1","2"
"洪武十四年十二","1","1","2"
"武十四年十二月","1","1","2"
"司徒平章达里麻","1","1","2"
"徒平章达里麻率","1","1","2"
"天策卫指挥同知","1","1","2"
"攻张士诚升山水","1","1","2"
"张士诚升山水寨","1","1","2"
"年追论胡惟庸党","1","1","2"
"进佥大都督府事","2","0","2"
"乔右丞等三十四","1","1","2"
"右丞等三十四人","1","1","2"
"降将杜旺等十一","1","1","2"
"将杜旺等十一人","1","1","2"
"天策卫亲军指挥","1","1","2"
"策卫亲军指挥使","1","1","2"
"立河南行都督府","1","1","2"
"副枢失剌罕等七","1","1","2"
"枢失剌罕等七十","1","1","2"
"同佥忻都等五十","1","1","2"
"佥忻都等五十四","1","1","2"
"忻都等五十四人","1","1","2"
"亲军卫指挥使改","1","1","2"
"山西都司卫所军","1","1","2"
"西都司卫所军务","1","1","2"
"元平章龙二弃城","1","1","2"
"元参政毛贵等三","1","1","2"
"参政毛贵等三十","1","1","2"
"政毛贵等三十人","1","1","2"
"江夏侯周德兴帅","2","0","2"
"龙骧卫指挥同知","1","1","2"
"元平章刘麟等十","1","1","2"
"平章刘麟等十八","1","1","2"
"章刘麟等十八人","1","1","2"
"省院等官二十五","1","1","2"
"院等官二十五人","1","1","2"
"龙骧卫指挥佥事","1","1","2"
"骠骑卫指挥同知","1","1","2"
"浙东山寇叶丁香","1","1","2"
"东山寇叶丁香等","1","1","2"
"元右丞兀卜台等","1","1","2"
"十五年巡视陕西","1","1","2"
"永兴亲军指挥司","1","1","2"
"置贵州都指挥使","1","1","2"
"贵州都指挥使司","1","1","2"
"年坐胡惟庸党死","2","0","2"
"六安卫指挥佥事","1","1","2"
"永新守将周安叛","2","0","2"
"江淮行省中书左","1","1","2"
"淮行省中书左丞","1","1","2"
"赣州上犹山寇叛","1","1","2"
"命同普定侯陈桓","1","1","2"
"湖广安福所千户","1","1","2"
"广安福所千户夏","1","1","2"
"安福所千户夏德","1","1","2"
"福所千户夏德忠","1","1","2"
"江浙儒学副提举","1","1","2"
"行院判石抹宜孙","1","1","2"
"中书省设御座行","1","1","2"
"书省设御座行礼","1","1","2"
"中书省都事李彬","1","1","2"
"开国翊运守正文","1","1","2"
"国翊运守正文臣","1","1","2"
"征召四方儒士张","1","1","2"
"召四方儒士张唯","1","1","2"
"四方儒士张唯等","1","1","2"
"方儒士张唯等数","1","1","2"
"儒士张唯等数十","1","1","2"
"士张唯等数十人","1","1","2"
"主事茹太素上书","1","1","2"
"事茹太素上书万","1","1","2"
"茹太素上书万余","1","1","2"
"太素上书万余言","1","1","2"
"元勋巨卿碑记刻","1","1","2"
"勋巨卿碑记刻石","1","1","2"
"浙东都元帅府佥","1","1","2"
"东都元帅府佥事","1","1","2"
"浙东设提刑按察","1","1","2"
"东设提刑按察使","1","1","2"
"浙东按察使宋思","1","1","2"
"东按察使宋思颜","1","1","2"
"旧部义兵分布要","1","1","2"
"部义兵分布要害","1","1","2"
"诸将攻破海牙水","1","1","2"
"将攻破海牙水寨","1","1","2"
"胜兄弟亲同骨肉","1","1","2"
"平章长加奴等二","1","1","2"
"章长加奴等二十","1","1","2"
"长加奴等二十七","1","1","2"
"加奴等二十七人","1","1","2"
"马驼牛羊十余万","1","1","2"
"江淮行省参知政","1","1","2"
"淮行省参知政事","1","1","2"
"连云栈合攻汉中","1","1","2"
"获平章邓孛罗帖","1","1","2"
"平章邓孛罗帖木","1","1","2"
"讨越州叛酋阿资","1","1","2"
"同佥蒋达等八十","1","1","2"
"佥蒋达等八十余","1","1","2"
"蒋达等八十余人","1","1","2"
"亲军副都指挥使","1","1","2"
"守将邓祖胜迎战","1","1","2"
"全州守将平章阿","1","1","2"
"州守将平章阿思","1","1","2"
"守将平章阿思兰","1","1","2"
"两江土官黄英岑","1","1","2"
"赵普胜骁勇善战","1","1","2"
"陈氏所授丞相印","1","1","2"
"邵武守将李宗茂","1","1","2"
"守将同佥达里麻","1","1","2"
"获将士九千七百","1","1","2"
"将士九千七百余","1","1","2"
"士九千七百余人","1","1","2"
"淮兴翼统军元帅","1","1","2"
"江东叛将陈保二","1","1","2"
"右相国李善长请","1","1","2"
"辈徒拥子女玉帛","1","1","2"
"离营二十里者死","1","1","2"
"御史中丞满川等","1","1","2"
"千八百六十余人","1","1","2"
"将士八万四千五","1","1","2"
"士八万四千五百","1","1","2"
"八万四千五百余","1","1","2"
"万四千五百余人","1","1","2"
"中书右丞相参军","1","1","2"
"书右丞相参军国","1","1","2"
"右丞相参军国事","1","1","2"
"置二百五十四屯","1","1","2"
"垦田一千三百余","1","1","2"
"行省都督马步水","1","1","2"
"省都督马步水军","1","1","2"
"都督马步水军大","1","1","2"
"督马步水军大元","1","1","2"
"马步水军大元帅","1","1","2"
"俘杀吴兵五千余","1","1","2"
"杀吴兵五千余人","1","1","2"
"中书平章军国重","1","1","2"
"书平章军国重事","1","1","2"
"居右副将军冯胜","1","1","2"
"平章鼎住等将士","1","1","2"
"章鼎住等将士万","1","1","2"
"鼎住等将士万人","1","1","2"
"帐前左副都指挥","1","1","2"
"同佥行枢密院事","1","1","2"
"浙江行省平章事","1","1","2"
"余寇金子隆等聚","1","1","2"
"寇金子隆等聚众","1","1","2"
"将相官属数百人","1","1","2"
"元玉玺金宝十五","1","1","2"
"元太师蛮子哈剌","1","1","2"
"太师蛮子哈剌章","1","1","2"
"西平侯沐英合兵","1","1","2"
"友谅抚州守将邓","1","1","2"
"谅抚州守将邓克","1","1","2"
"抚州守将邓克明","1","1","2"
"友谅丞相胡廷瑞","1","1","2"
"佐大都督朱文正","1","1","2"
"大都督朱文正镇","1","1","2"
"湖广行省平章镇","1","1","2"
"史国公等二十六","1","1","2"
"国公等二十六人","1","1","2"
"副副将军大将军","2","0","2"
"宣慰何锁南普等","1","1","2"
"甘肃西北数千里","1","1","2"
"获千户四十九人","1","1","2"
"讨平江西诸山寨","1","1","2"
"部将招降张良臣","1","1","2"
"海设卫所城五十","1","1","2"
"设卫所城五十九","1","1","2"
"击擒酋长三副使","1","1","2"
"都指挥同知汤昭","1","1","2"
"左帅见一人握刀","1","1","2"
"国公傅友德讨平","1","1","2"
"公傅友德讨平东","1","1","2"
"傅友德讨平东川","1","1","2"
"友德讨平东川蛮","1","1","2"
"降臣枢密使延安","1","1","2"
"臣枢密使延安答","1","1","2"
"枢密使延安答理","1","1","2"
"密使延安答理护","1","1","2"
"壮士李伯升等十","1","1","2"
"士李伯升等十八","1","1","2"
"李伯升等十八人","1","1","2"
"伯升等十八人杀","1","1","2"
"前锋赵德胜所擒","1","1","2"
"江浙右丞相达识","1","1","2"
"浙右丞相达识帖","1","1","2"
"右丞相达识帖睦","1","1","2"
"丞相达识帖睦迩","1","1","2"
"浙江行省左丞相","1","1","2"
"大司农达识帖睦","1","1","2"
"司农达识帖睦迩","1","1","2"
"诱杀台州路达鲁","1","1","2"
"杀台州路达鲁花","1","1","2"
"台州路达鲁花赤","1","1","2"
"州路达鲁花赤泰","1","1","2"
"江浙行省左丞相","1","1","2"
"浙行省左丞相衢","1","1","2"
"行省左丞相衢国","1","1","2"
"省左丞相衢国公","1","1","2"
"广洋卫指挥佥事","1","1","2"
"副将军廖永忠等","1","1","2"
"铁索横断瞿塘峡","1","1","2"
"索横断瞿塘峡口","1","1","2"
"明升等俯伏待罪","1","1","2"
"皇太子巡视关陕","1","1","2"
"正统十年诬奏镇","1","1","2"
"统十年诬奏镇守","1","1","2"
"十年诬奏镇守都","1","1","2"
"年诬奏镇守都御","1","1","2"
"诬奏镇守都御史","1","1","2"
"奏镇守都御史陈","1","1","2"
"镇守都御史陈镒","1","1","2"
"内使刘信等数十","1","1","2"
"使刘信等数十人","1","1","2"
"刘信等数十人告","1","1","2"
"擅取屯粮十万余","1","1","2"
"取屯粮十万余石","1","1","2"
"新〈土典〉宜嗣","2","0","2"
"嘉靖二十四年正","1","1","2"
"靖二十四年正月","1","1","2"
"十四年正月十八","1","1","2"
"四年正月十八日","1","1","2"
"卫官王守仁上告","1","1","2"
"举礼部侍郎仪智","1","1","2"
"时李陵台驿令谢","1","1","2"
"达鲁花赤等名氏","1","1","2"
"二十八人中读书","1","1","2"
"宣德元年修两朝","2","0","2"
"命吏部尚书王直","1","1","2"
"吏部尚书王直会","1","1","2"
"陕西佥事马英激","1","1","2"
"西佥事马英激肃","1","1","2"
"佥事马英激肃州","1","1","2"
"事马英激肃州番","1","1","2"
"劾御史陈孟旭受","1","1","2"
"金吾指挥李严逐","1","1","2"
"臣二十六人巡抚","1","1","2"
"二十六人巡抚天","1","1","2"
"十六人巡抚天下","1","1","2"
"松江知府黄子威","1","1","2"
"江知府黄子威诬","1","1","2"
"一千九十余万石","1","1","2"
"督佥事李谦守独","1","1","2"
"佥事李谦守独石","1","1","2"
"劾万全卫指挥杜","1","1","2"
"万全卫指挥杜衡","1","1","2"
"奏大同总兵官谭","1","1","2"
"大同总兵官谭广","1","1","2"
"巡抚佥都御史卢","1","1","2"
"设汉中镇守都指","1","1","2"
"汉中镇守都指挥","1","1","2"
"中镇守都指挥使","1","1","2"
"福建贼邓茂七等","1","1","2"
"命宁阳侯陈懋等","1","1","2"
"尚书王骥整饬甘","1","1","2"
"书王骥整饬甘肃","1","1","2"
"王骥整饬甘肃边","1","1","2"
"骥整饬甘肃边务","1","1","2"
"苟全性命保爵禄","1","1","2"
"万九千八百余人","1","1","2"
"广西贼莫文章等","1","1","2"
"理南京都察院事","1","1","2"
"兵部尚书刘俊赞","1","1","2"
"望祭安南境内山","1","1","2"
"祭安南境内山川","1","1","2"
"城栅桥舰相连九","1","1","2"
"栅桥舰相连九百","1","1","2"
"桥舰相连九百余","1","1","2"
"舰相连九百余里","1","1","2"
"代开平王常遇春","1","1","2"
"晟合军进攻多邦","1","1","2"
"合军进攻多邦城","1","1","2"
"都指挥蔡福先登","1","1","2"
"伪太子诸王将相","1","1","2"
"太子诸王将相大","1","1","2"
"子诸王将相大臣","1","1","2"
"诸王将相大臣等","1","1","2"
"辅佩征虏将军印","1","1","2"
"辅就叱览山伐木","1","1","2"
"就叱览山伐木造","1","1","2"
"克广威州孔目栅","1","1","2"
"生擒伪元帅邓宗","1","1","2"
"擒伪元帅邓宗稷","1","1","2"
"伪元帅邓宗稷等","1","1","2"
"掌中军都督府事","1","1","2"
"光禄大夫左柱国","1","1","2"
"宜令广东海运二","1","1","2"
"操备营缮军士十","1","1","2"
"备营缮军士十万","1","1","2"
"营缮军士十万人","1","1","2"
"京仓口粮六十万","1","1","2"
"仓口粮六十万石","1","1","2"
"发附近居民五万","1","1","2"
"附近居民五万人","1","1","2"
"命吏部郎中赵新","1","1","2"
"吏部郎中赵新等","1","1","2"
"后进少年高坐公","1","1","2"
"进少年高坐公堂","1","1","2"
"命成山侯王通佩","1","1","2"
"成山侯王通佩征","1","1","2"
"山侯王通佩征夷","1","1","2"
"侯王通佩征夷将","1","1","2"
"征夷副将军印授","1","1","2"
"都指挥何铭战死","1","1","2"
"命佩征夷将军印","1","1","2"
"清化府土巡检黎","1","1","2"
"化府土巡检黎利","1","1","2"
"府土巡检黎利反","1","1","2"
"累迁左军都督佥","2","0","2"
"迁左军都督佥事","2","0","2"
"获伪尚书阮希周","1","1","2"
"伪尚书阮希周等","1","1","2"
"叛将冯答兰帖木","1","1","2"
"都指挥卫青力战","1","1","2"
"指挥卫青力战解","1","1","2"
"总兵官丰城侯李","1","1","2"
"兵官丰城侯李彬","1","1","2"
"嘉兴贼倪弘三劫","1","1","2"
"广东巡抚杨信民","1","1","2"
"右布政使萧省身","1","1","2"
"布政使萧省身绳","1","1","2"
"清军御史李立勾","1","1","2"
"七百六十余万石","1","1","2"
"三万三千四百余","1","1","2"
"万三千四百余户","1","1","2"
"二千九百八十余","1","1","2"
"千九百八十余顷","1","1","2"
"应减税十四万九","1","1","2"
"减税十四万九千","1","1","2"
"税十四万九千余","1","1","2"
"十四万九千余石","1","1","2"
"秋粮二百七十七","1","1","2"
"粮二百七十七万","1","1","2"
"二百七十七万九","1","1","2"
"百七十七万九千","1","1","2"
"十五万三千余石","1","1","2"
"二百六十二万五","1","1","2"
"六十二万五千余","1","1","2"
"十二万五千余石","1","1","2"
"巡抚周忱悉心计","1","1","2"
"巡按御史张文昌","1","1","2"
"雪死囚四十余人","1","1","2"
"均徭户六十人添","1","1","2"
"徭户六十人添办","1","1","2"
"番人马力麻诡称","1","1","2"
"番禺知县高瑶没","1","1","2"
"刑部员外郎李行","1","1","2"
"部员外郎李行会","1","1","2"
"巡按御史徐同爱","1","1","2"
"劾大学士刘吉等","1","1","2"
"大学士刘吉等十","1","1","2"
"学士刘吉等十余","1","1","2"
"士刘吉等十余人","1","1","2"
"南京通政司经历","1","1","2"
"南京光禄寺署丞","1","1","2"
"府赎罪米四万二","1","1","2"
"赎罪米四万二千","1","1","2"
"罪米四万二千余","1","1","2"
"米四万二千余石","1","1","2"
"年七月赐玺书奖","1","1","2"
"七月赐玺书奖励","1","1","2"
"都督同知郑铭镇","1","1","2"
"督同知郑铭镇守","1","1","2"
"同知郑铭镇守陕","1","1","2"
"知郑铭镇守陕西","1","1","2"
"代宁远伯任礼巡","1","1","2"
"口四十三万八千","1","1","2"
"南京兵部缺尚书","1","1","2"
"湖广按察司佥事","1","1","2"
"造海运巨舰数十","1","1","2"
"海运巨舰数十艘","1","1","2"
"侍郎罗汝敬巡抚","1","1","2"
"郎罗汝敬巡抚陕","1","1","2"
"罗汝敬巡抚陕西","1","1","2"
"杨居正等二十人","1","1","2"
"教官方瑞等四十","1","1","2"
"官方瑞等四十余","1","1","2"
"方瑞等四十余人","1","1","2"
"南京右都御史熊","1","1","2"
"京右都御史熊概","1","1","2"
"右都御史熊概代","1","1","2"
"都御史熊概代理","1","1","2"
"仅二千八百余两","1","1","2"
"巡按御史欧阳澄","1","1","2"
"南京督理粮储缺","1","1","2"
"京督理粮储缺官","1","1","2"
"劾南京祭酒吴节","1","1","2"
"禄佩镇朔大将军","1","1","2"
"发军民三万六千","1","1","2"
"指挥王雄等七十","1","1","2"
"挥王雄等七十一","1","1","2"
"王雄等七十一人","1","1","2"
"新城侯张辅征交","1","1","2"
"马驼牛羊十二万","1","1","2"
"大宁都指挥佥事","1","1","2"
"立风云雷雨山川","1","1","2"
"万二千二百余户","1","1","2"
"军民二千二百余","1","1","2"
"民二千二百余人","1","1","2"
"燕山卫卒成祖兵","2","0","2"
"昌国卫指挥同知","1","1","2"
"讨平龙溪等三十","1","1","2"
"命佩平虏将军印","1","1","2"
"都指挥江源战死","1","1","2"
"分路进捣麓川上","1","1","2"
"路进捣麓川上江","1","1","2"
"进捣麓川上江寨","1","1","2"
"赤斤蒙古卫都督","1","1","2"
"巡抚曹翼屯田积","1","1","2"
"抚曹翼屯田积粟","1","1","2"
"达鲁花赤等三十","1","1","2"
"鲁花赤等三十人","1","1","2"
"广西巡按御史端","1","1","2"
"西巡按御史端宏","1","1","2"
"游击将军王玺等","1","1","2"
"纪功兵部员外郎","1","1","2"
"功兵部员外郎张","1","1","2"
"兵部员外郎张谨","1","1","2"
"哈剌等二十余人","1","1","2"
"部将都指挥保住","1","1","2"
"西宁卫指挥佥事","1","1","2"
"土官指挥康寿等","1","1","2"
"知安定指挥哈三","1","1","2"
"安定指挥哈三孙","1","1","2"
"定指挥哈三孙散","1","1","2"
"指挥哈三孙散哥","1","1","2"
"马牛杂畜十四万","1","1","2"
"右副总兵方瑛等","1","1","2"
"金齿芒市长官刀","1","1","2"
"齿芒市长官刀放","1","1","2"
"芒市长官刀放革","1","1","2"
"结麓川遗孽思卜","1","1","2"
"麓川遗孽思卜发","1","1","2"
"通州卫指挥佥事","1","1","2"
"都指挥邓铎协同","1","1","2"
"指挥邓铎协同守","1","1","2"
"挥邓铎协同守备","1","1","2"
"守宁远三十余年","1","1","2"
"总兵官任礼收捕","1","1","2"
"兵官任礼收捕沙","1","1","2"
"官任礼收捕沙洲","1","1","2"
"任礼收捕沙洲卫","1","1","2"
"礼收捕沙洲卫都","1","1","2"
"收捕沙洲卫都督","1","1","2"
"捕沙洲卫都督喃","1","1","2"
"沙洲卫都督喃哥","1","1","2"
"弟伪祁王锁南奔","1","1","2"
"木头沟直抵炮架","1","1","2"
"头沟直抵炮架山","1","1","2"
"沟直抵炮架山下","1","1","2"
"冒矢石连夺山北","1","1","2"
"广西巡抚吴祯杀","1","1","2"
"都督毛福寿南征","1","1","2"
"吏部文选司郎中","1","1","2"
"浚鱼王口黄河故","1","1","2"
"鱼王口黄河故道","1","1","2"
"田庆成率先归附","1","1","2"
"礼部侍郎蔚绶转","1","1","2"
"兵部武选司主事","1","1","2"
"山西巡按御史张","1","1","2"
"西巡按御史张勖","1","1","2"
"大理寺少卿程富","1","1","2"
"理寺少卿程富代","1","1","2"
"八百四十九万余","1","1","2"
"百四十九万余顷","1","1","2"
"饥民二十六万五","1","1","2"
"民二十六万五千","1","1","2"
"迁南京刑部尚书","2","0","2"
"山西按察司佥事","1","1","2"
"百七十里入卫河","1","1","2"
"州同知潘叔正上","1","1","2"
"汶上老人白英策","2","0","2"
"浚沙河入马常泊","1","1","2"
"工部侍郎蒋廷瓒","1","1","2"
"部侍郎蒋廷瓒会","1","1","2"
"都司都指挥同知","1","1","2"
"议造浅船二千余","1","1","2"
"造浅船二千余艘","1","1","2"
"淮安城西管家湖","1","1","2"
"置舍五百六十八","2","0","2"
"七月赴南京户部","1","1","2"
"二百七十七万石","1","1","2"
"二百六十二万石","1","1","2"
"米三万二千余石","1","1","2"
"所属朵颜三卫骑","1","1","2"
"属朵颜三卫骑兵","1","1","2"
"衣卫指挥逯杲听","1","1","2"
"典仗查武等数百","1","1","2"
"仗查武等数百人","1","1","2"
"命驸马都尉崔元","1","1","2"
"汀赣巡抚佥都御","1","1","2"
"赣巡抚佥都御史","1","1","2"
"巡抚佥都御史王","1","1","2"
"抚佥都御史王守","1","1","2"
"佥都御史王守仁","1","1","2"
"安知府伍文定等","1","1","2"
"白塔河上通邵伯","1","1","2"
"塔河上通邵伯湖","1","1","2"
"刑部主事郭循谏","1","1","2"
"士民三万人哭泣","1","1","2"
"民三万人哭泣攀","1","1","2"
"杨士奇家人犯法","1","1","2"
"南京刑部侍郎齐","1","1","2"
"京刑部侍郎齐韶","1","1","2"
"十三道掌道御史","1","1","2"
"三道掌道御史张","1","1","2"
"道掌道御史张鹏","1","1","2"
"礼部侍郎汤序本","1","1","2"
"海盐堤岸二千三","1","1","2"
"盐堤岸二千三百","1","1","2"
"堤岸二千三百丈","1","1","2"
"县田四十六万顷","1","1","2"
"令布政使年富安","1","1","2"
"世袭杭州卫副千","1","1","2"
"袭杭州卫副千户","1","1","2"
"张显宗申明学规","1","1","2"
"襄城伯李隆守备","1","1","2"
"城伯李隆守备南","1","1","2"
"伯李隆守备南京","1","1","2"
"洪武十五年八月","1","1","2"
"上尊谥曰孝慈昭","2","0","2"
"尊谥曰孝慈昭宪","2","0","2"
"谥曰孝慈昭宪仁","2","0","2"
"曰孝慈昭宪仁文","2","0","2"
"孝慈昭宪仁文德","2","0","2"
"慈昭宪仁文德承","2","0","2"
"昭宪仁文德承天","2","0","2"
"宪仁文德承天顺","2","0","2"
"曰孝慈贞化哲顺","2","0","2"
"仁徽成天育圣德","2","0","2"
"徽成天育圣德高","2","0","2"
"成天育圣德高皇","2","0","2"
"天育圣德高皇后","2","0","2"
"成祖仁孝皇后徐","1","1","2"
"祖仁孝皇后徐氏","1","1","2"
"仁孝慈懿诚明庄","1","1","2"
"孝慈懿诚明庄献","1","1","2"
"慈懿诚明庄献配","1","1","2"
"懿诚明庄献配天","1","1","2"
"诚明庄献配天齐","1","1","2"
"明庄献配天齐圣","1","1","2"
"庄献配天齐圣文","1","1","2"
"献配天齐圣文皇","1","1","2"
"配天齐圣文皇后","1","1","2"
"方孝孺诸臣遗书","1","1","2"
"孝孺诸臣遗书者","1","1","2"
"孺诸臣遗书者死","1","1","2"
"诚孝恭肃明德弘","1","1","2"
"孝恭肃明德弘仁","1","1","2"
"恭肃明德弘仁顺","1","1","2"
"肃明德弘仁顺天","1","1","2"
"明德弘仁顺天启","1","1","2"
"德弘仁顺天启圣","1","1","2"
"弘仁顺天启圣昭","1","1","2"
"仁顺天启圣昭皇","1","1","2"
"顺天启圣昭皇后","1","1","2"
"诚顺康穆静慈章","1","1","2"
"顺康穆静慈章皇","1","1","2"
"康穆静慈章皇后","1","1","2"
"柏贤妃生悼恭太","1","1","2"
"贤妃生悼恭太子","1","1","2"
"孝穆慈慧恭恪庄","1","1","2"
"穆慈慧恭恪庄僖","1","1","2"
"慈慧恭恪庄僖崇","1","1","2"
"慧恭恪庄僖崇天","1","1","2"
"恭恪庄僖崇天承","1","1","2"
"恪庄僖崇天承圣","1","1","2"
"庄僖崇天承圣纯","1","1","2"
"僖崇天承圣纯皇","1","1","2"
"崇天承圣纯皇后","1","1","2"
"推诚宣力武臣特","1","1","2"
"诚宣力武臣特进","1","1","2"
"宣力武臣特进光","1","1","2"
"力武臣特进光禄","1","1","2"
"武臣特进光禄大","1","1","2"
"臣特进光禄大夫","1","1","2"
"光禄大夫柱国庆","1","1","2"
"禄大夫柱国庆元","1","1","2"
"大夫柱国庆元伯","1","1","2"
"安南都统使莫福","1","1","2"
"南都统使莫福海","1","1","2"
"广西副将沈希仪","1","1","2"
"攻陷绍兴临山卫","1","1","2"
"三十五年三月遂","1","1","2"
"大猷先后杀倭四","1","1","2"
"猷先后杀倭四五","1","1","2"
"先后杀倭四五千","1","1","2"
"大同巡抚李文进","1","1","2"
"川湖总督黄光升","1","1","2"
"福建总兵官戚继","1","1","2"
"建总兵官戚继光","1","1","2"
"召恭顺侯吴继爵","1","1","2"
"巡抚殷正茂征兵","1","1","2"
"抚殷正茂征兵十","1","1","2"
"殷正茂征兵十四","1","1","2"
"正茂征兵十四万","1","1","2"
"参将李超等击败","1","1","2"
"保定三镇练兵事","1","1","2"
"海门卫新河所百","1","1","2"
"门卫新河所百户","1","1","2"
"屡进署都指挥佥","2","0","2"
"副将李诚立挑战","1","1","2"
"通判赵士宽率民","1","1","2"
"判赵士宽率民固","1","1","2"
"赵士宽率民固守","1","1","2"
"训导姚允恭友善","1","1","2"
"训导卢大受督民","1","1","2"
"导卢大受督民守","1","1","2"
"卢大受督民守御","1","1","2"
"志仁持长矛巷战","1","1","2"
"家属十四人皆死","1","1","2"
"同郡谕德刘若宰","1","1","2"
"监军佥事张大经","1","1","2"
"军佥事张大经奉","1","1","2"
"近两河饥民云集","1","1","2"
"奏除齐泰姻戚子","1","1","2"
"除齐泰姻戚子孙","1","1","2"
"齐泰姻戚子孙军","1","1","2"
"泰姻戚子孙军籍","1","1","2"
"姻戚子孙军籍二","1","1","2"
"戚子孙军籍二十","1","1","2"
"子孙军籍二十六","1","1","2"
"孙军籍二十六家","1","1","2"
"巡漕御史孙居相","1","1","2"
"守墓户二百一十","1","1","2"
"墓户二百一十家","1","1","2"
"授府军前卫指挥","1","1","2"
"府军前卫指挥使","1","1","2"
"加号奉天翊卫推","1","1","2"
"号奉天翊卫推诚","1","1","2"
"奉天翊卫推诚宣","1","1","2"
"天翊卫推诚宣力","1","1","2"
"翊卫推诚宣力武","1","1","2"
"卫推诚宣力武臣","1","1","2"
"子琏授锦衣卫指","1","1","2"
"琏授锦衣卫指挥","1","1","2"
"婿指挥使武忠进","1","1","2"
"命继宗提督十二","1","1","2"
"继宗提督十二团","1","1","2"
"宗提督十二团营","1","1","2"
"故使外戚亲臣参","1","1","2"
"建昌侯张延龄争","1","1","2"
"昌侯张延龄争田","1","1","2"
"二十一年封长宁","1","1","2"
"十一年封长宁伯","1","1","2"
"听巡城巡按御史","1","1","2"
"南京锦衣卫指挥","1","1","2"
"京锦衣卫指挥同","1","1","2"
"嘉靖元年授鸿胪","1","1","2"
"靖元年授鸿胪卿","1","1","2"
"国泰等拥戴福王","1","1","2"
"遣司礼监太监王","1","1","2"
"司礼监太监王裕","1","1","2"
"礼监太监王裕民","1","1","2"
"监太监王裕民同","1","1","2"
"太监王裕民同武","1","1","2"
"监王裕民同武英","1","1","2"
"王裕民同武英殿","1","1","2"
"裕民同武英殿中","1","1","2"
"民同武英殿中书","1","1","2"
"宛平太学生申湛","1","1","2"
"平太学生申湛然","1","1","2"
"驸马都尉巩永固","1","1","2"
"命文武勋戚分守","1","1","2"
"文武勋戚分守京","1","1","2"
"武勋戚分守京城","1","1","2"
"念瀛国太夫人年","1","1","2"
"同兄文炳毕命报","1","1","2"
"兄文炳毕命报国","1","1","2"
"文炳毕命报国处","1","1","2"
"文荣督所部会剿","1","1","2"
"承天巡抚王扬基","1","1","2"
"天巡抚王扬基率","1","1","2"
"巡抚王扬基率所","1","1","2"
"抚王扬基率所部","1","1","2"
"王扬基率所部千","1","1","2"
"扬基率所部千人","1","1","2"
"湖广巡抚王聚奎","1","1","2"
"广巡抚王聚奎远","1","1","2"
"巡抚王聚奎远驻","1","1","2"
"按御史刘熙祚令","1","1","2"
"御史刘熙祚令道","1","1","2"
"史刘熙祚令道宪","1","1","2"
"刘熙祚令道宪募","1","1","2"
"熙祚令道宪募兵","1","1","2"
"军中久知蔡推官","1","1","2"
"急令总兵尹先民","1","1","2"
"熙祚单骑赴永州","1","1","2"
"参政夏时亨筑垒","1","1","2"
"良筹号召远近诸","1","1","2"
"筹号召远近诸寨","1","1","2"
"迁陕西左布政使","2","0","2"
"按御史张孙振诬","1","1","2"
"御史张孙振诬劾","1","1","2"
"史张孙振诬劾提","1","1","2"
"张孙振诬劾提学","1","1","2"
"孙振诬劾提学佥","1","1","2"
"振诬劾提学佥事","1","1","2"
"诬劾提学佥事袁","1","1","2"
"劾提学佥事袁继","1","1","2"
"提学佥事袁继咸","1","1","2"
"率诸将王世钦等","1","1","2"
"诸将王世钦等数","1","1","2"
"将王世钦等数十","1","1","2"
"王世钦等数十人","1","1","2"
"世钦等数十人誓","1","1","2"
"钦等数十人誓死","1","1","2"
"等数十人誓死守","1","1","2"
"山西监司王肇生","1","1","2"
"西监司王肇生合","1","1","2"
"监司王肇生合兵","1","1","2"
"太常寺卿耀州宋","1","1","2"
"常寺卿耀州宋师","1","1","2"
"寺卿耀州宋师襄","1","1","2"
"行省参政苏天爵","1","1","2"
"提学佥事周孟中","1","1","2"
"大将军徐达征陕","1","1","2"
"将军徐达征陕西","1","1","2"
"林虑西北二十里","1","1","2"
"先圣五十八世孙","1","1","2"
"周廉使名闻天下","1","1","2"
"河东盐运判官济","1","1","2"
"东盐运判官济南","1","1","2"
"上皇君临天下十","1","1","2"
"皇君临天下十四","1","1","2"
"君临天下十四年","1","1","2"
"贡生授京山训导","1","1","2"
"郧阳巡抚袁继咸","1","1","2"
"降授锦衣卫指挥","1","1","2"
"继祖守皇城东安","1","1","2"
"祖守皇城东安门","1","1","2"
"督饷员外郎王家","1","1","2"
"饷员外郎王家录","1","1","2"
"佥都御史林俊上","1","1","2"
"孙枝秀跃马追贼","2","0","2"
"廷诸臣敢诳陛下","2","0","2"
"诸臣敢诳陛下者","2","0","2"
"俺答父子兄弟横","1","1","2"
"答父子兄弟横行","1","1","2"
"父子兄弟横行四","1","1","2"
"尚书朱衡等五人","1","1","2"
"独佥都御史李棠","1","1","2"
"佥都御史李棠极","1","1","2"
"阅视侍郎汪道昆","1","1","2"
"副总兵赵完责汝","2","0","2"
"总兵赵完责汝翼","2","0","2"
"兵赵完责汝翼启","2","0","2"
"赵完责汝翼启衅","2","0","2"
"进退边将皆敌主","2","0","2"
"退边将皆敌主矣","2","0","2"
"御史刘台劾居正","2","0","2"
"顺天府通判周弘","1","1","2"
"浙江巡抚吴善言","1","1","2"
"江巡抚吴善言奉","1","1","2"
"巡抚吴善言奉诏","1","1","2"
"抚吴善言奉诏减","1","1","2"
"河决沛县飞云桥","2","0","2"
"都御史盛应期所","1","1","2"
"御史盛应期所开","1","1","2"
"盛应期所开新河","1","1","2"
"河道都御史潘季","1","1","2"
"道都御史潘季驯","1","1","2"
"近河道都御史翁","1","1","2"
"河道都御史翁大","1","1","2"
"道都御史翁大立","1","1","2"
"都御史翁大立奏","1","1","2"
"御史翁大立奏请","1","1","2"
"史翁大立奏请裁","1","1","2"
"河漕尚书吴桂芳","1","1","2"
"大两镇六十七万","1","1","2"
"巡抚都御史梁梦","1","1","2"
"抚都御史梁梦龙","1","1","2"
"都御史梁梦龙毅","1","1","2"
"御史梁梦龙毅然","1","1","2"
"十二万石淮入海","2","0","2"
"山东巡抚傅希挚","1","1","2"
"举隆庆五年进士","2","0","2"
"顺天巡抚张国彦","1","1","2"
"户部尚书毕锵等","1","1","2"
"南京都御史赵锦","1","1","2"
"令王宗载巡抚江","1","1","2"
"王宗载巡抚江西","1","1","2"
"南京御史孙继先","1","1","2"
"翰林院侍讲赵志","1","1","2"
"林院侍讲赵志皋","1","1","2"
"南京御史朱鸿谟","1","1","2"
"张居正父丧夺情","2","0","2"
"吏部郎中赵南星","1","1","2"
"户部郎中杨应宿","1","1","2"
"崇阳知县周应中","1","1","2"
"告播州宣慰使杨","1","1","2"
"宣慰使杨应龙叛","1","1","2"
"州巡抚叶梦熊请","1","1","2"
"思孝移驻下马关","1","1","2"
"部尚书孙丕扬掌","1","1","2"
"劾文选郎蒋时馨","1","1","2"
"文选郎蒋时馨受","1","1","2"
"选郎蒋时馨受贿","1","1","2"
"左都御史葛守礼","1","1","2"
"劾吏部尚书李默","1","1","2"
"督粮郎中陈灿等","1","1","2"
"怒礼部尚书吴山","1","1","2"
"海道南淮安胶州","2","0","2"
"故大学士王家屏","2","0","2"
"常州知府欧阳东","1","1","2"
"州知府欧阳东凤","1","1","2"
"南畿督学御史德","1","1","2"
"畿督学御史德清","1","1","2"
"督学御史德清人","1","1","2"
"学御史德清人房","1","1","2"
"御史德清人房寰","1","1","2"
"令九卿约束办事","1","1","2"
"九卿约束办事进","1","1","2"
"卿约束办事进士","1","1","2"
"太仆卿沈思孝上","1","1","2"
"南京御史陈邦科","1","1","2"
"京御史陈邦科请","1","1","2"
"工部主事岳元声","1","1","2"
"部主事岳元声合","1","1","2"
"事中王坚疏先入","2","0","2"
"御史周家栋指陈","1","1","2"
"史周家栋指陈时","1","1","2"
"周家栋指陈时政","1","1","2"
"故赞画主事刘国","2","0","2"
"劾东厂太监张鲸","1","1","2"
"顾宪成等二十二","1","1","2"
"宪成等二十二人","1","1","2"
"大学士赵志皋弟","2","0","2"
"劾稽勋员外郎虞","1","1","2"
"稽勋员外郎虞淳","1","1","2"
"勋员外郎虞淳熙","1","1","2"
"左都御史李世达","1","1","2"
"考功郎中刘世亨","1","1","2"
"考功郎中孙惟清","1","1","2"
"辅臣王家屏虚怀","1","1","2"
"举嘉靖四十一年","2","0","2"
"寻左侍郎擢南京","2","0","2"
"左侍郎擢南京右","2","0","2"
"侍郎擢南京右都","2","0","2"
"郎擢南京右都御","2","0","2"
"吏部尚书温纯共","1","1","2"
"左都御史孙丕扬","1","1","2"
"江西提学佥事马","1","1","2"
"西提学佥事马犹","1","1","2"
"提学佥事马犹龙","1","1","2"
"副都御史许弘纲","1","1","2"
"考功郎中王宗贤","1","1","2"
"协理御史乔允升","1","1","2"
"刑部主事秦聚奎","1","1","2"
"礼部主事丁元荐","1","1","2"
"科道钱梦皋等十","1","1","2"
"道钱梦皋等十人","1","1","2"
"御史钱一本等十","1","1","2"
"史钱一本等十三","1","1","2"
"钱一本等十三人","1","1","2"
"事中钟羽正等十","1","1","2"
"中钟羽正等十五","1","1","2"
"钟羽正等十五人","1","1","2"
"兵部尚书萧大亨","1","1","2"
"部尚书萧大亨主","1","1","2"
"员外郎贺灿然请","1","1","2"
"邹元标等九十六","1","1","2"
"元标等九十六人","1","1","2"
"部尚书赵世卿代","1","1","2"
"副都御史邹应龙","1","1","2"
"河东巡盐郜永春","1","1","2"
"御史计坤亨等交","1","1","2"
"宣府黑龙湾石崖","1","1","2"
"府黑龙湾石崖稍","1","1","2"
"黑龙湾石崖稍险","1","1","2"
"工部尚书欧阳必","1","1","2"
"部尚书欧阳必进","1","1","2"
"总兵官戚继光合","1","1","2"
"兵官戚继光合兵","1","1","2"
"操江佥都御史吕","1","1","2"
"江佥都御史吕藿","1","1","2"
"降贼渠许恩阳江","2","0","2"
"遣游击刘天俸率","1","1","2"
"大学士申时行庇","1","1","2"
"巡按御史苏赞阝","1","1","2"
"刑部尚书李世达","1","1","2"
"大理少卿李栋等","1","1","2"
"典诏狱李登云等","1","1","2"
"大学士王锡爵等","1","1","2"
"固原州海剌都地","1","1","2"
"万二千二百余顷","1","1","2"
"辽东税使高淮诬","1","1","2"
"劾山海同知罗大","1","1","2"
"山海同知罗大器","1","1","2"
"兵部主事伍袁萃","1","1","2"
"浙江巡抚张佳胤","1","1","2"
"取黄金三千二百","1","1","2"
"黄金三千二百两","1","1","2"
"佥都御史巡抚贵","1","1","2"
"太平同知龙宗武","1","1","2"
"亭障二百六十所","1","1","2"
"右布政使移守宣","1","1","2"
"布政使移守宣府","1","1","2"
"宁远诸卫远戍广","1","1","2"
"远诸卫远戍广西","1","1","2"
"周敦颐父辅成祀","2","0","2"
"敦颐父辅成祀启","2","0","2"
"颐父辅成祀启圣","2","0","2"
"山提督中官田玉","1","1","2"
"顺天考官张一桂","1","1","2"
"天考官张一桂私","1","1","2"
"劾吏部尚书杨巍","1","1","2"
"吏部员外郎赵南","1","1","2"
"部员外郎赵南星","1","1","2"
"户部主事姜士昌","1","1","2"
"刑部主事吴正志","1","1","2"
"部主事吴正志上","1","1","2"
"主事吴正志上疏","1","1","2"
"部尚书陆光祖拟","1","1","2"
"事中杨文举奉诏","1","1","2"
"事中胡汝宁攻击","1","1","2"
"中胡汝宁攻击饶","1","1","2"
"胡汝宁攻击饶伸","1","1","2"
"文选郎顾宪成等","1","1","2"
"陕西按察司知事","1","1","2"
"旋擢礼部右侍郎","2","0","2"
"巡城御史康丕扬","1","1","2"
"巡按御史史学迁","1","1","2"
"知府王宗显聘仪","1","1","2"
"春秋经传附录纂","1","1","2"
"秋经传附录纂疏","1","1","2"
"成化十三年乡试","1","1","2"
"化十三年乡试第","1","1","2"
"十三年乡试第一","1","1","2"
"刘大夏等三十余","1","1","2"
"大夏等三十余人","1","1","2"
"迁南京太常少卿","2","0","2"
"周易乾坤二卦解","1","1","2"
"易乾坤二卦解义","1","1","2"
"江西巡抚韩雍备","1","1","2"
"西巡抚韩雍备礼","1","1","2"
"岂容先生久窃虚","1","1","2"
"容先生久窃虚名","1","1","2"
"南京宗人府经历","1","1","2"
"高陵人市者三日","2","0","2"
"迁江西提学副使","2","0","2"
"修白鹿书院学舍","1","1","2"
"漕帅平江伯陈熊","1","1","2"
"故户部郎中庄绎","1","1","2"
"六义音切贯珠图","1","1","2"
"巡按御史甘士价","1","1","2"
"孟子所谓良知良","1","1","2"
"子所谓良知良能","1","1","2"
"佐尚书孙丕扬澄","1","1","2"
"尚书孙丕扬澄清","1","1","2"
"书孙丕扬澄清吏","1","1","2"
"孙丕扬澄清吏治","1","1","2"
"年七月二十四日","1","1","2"
"正统十二年乡试","1","1","2"
"广东布政使彭韶","1","1","2"
"命调南京工部右","1","1","2"
"调南京工部右侍","1","1","2"
"考官评语失书名","1","1","2"
"逮考官谕德江汝","1","1","2"
"考官谕德江汝璧","1","1","2"
"两淮盐运司判官","1","1","2"
"汝芳门人礼部侍","1","1","2"
"芳门人礼部侍郎","1","1","2"
"门人礼部侍郎杨","1","1","2"
"尚宝司卿周汝登","1","1","2"
"巡按御史陈子贞","1","1","2"
"常遇春屯兵金华","1","1","2"
"江南儒学提举司","1","1","2"
"南儒学提举司校","1","1","2"
"儒学提举司校理","1","1","2"
"新设浙江按察司","1","1","2"
"知县刘源清所斩","1","1","2"
"江北行省儒学提","1","1","2"
"北行省儒学提举","1","1","2"
"御史台治书侍御","1","1","2"
"史台治书侍御史","1","1","2"
"授翰林侍讲学士","1","1","2"
"江西行枢密院都","1","1","2"
"西行枢密院都事","1","1","2"
"元水军副都万户","1","1","2"
"授翰林院国史编","1","1","2"
"翰林院国史编修","1","1","2"
"林院国史编修官","1","1","2"
"故欧阳修奏请宰","1","1","2"
"欧阳修奏请宰相","1","1","2"
"阳修奏请宰相监","1","1","2"
"修奏请宰相监修","1","1","2"
"授中都国子监典","1","1","2"
"中都国子监典簿","1","1","2"
"授工部织染局使","1","1","2"
"山西巡抚宋统殷","1","1","2"
"宁武守备猛忠战","1","1","2"
"武守备猛忠战死","1","1","2"
"宜川廪生韩廷宪","1","1","2"
"燕建二路兵备道","1","1","2"
"论功加太仆少卿","1","1","2"
"巡按御史宋学朱","1","1","2"
"盐运使唐世熊等","1","1","2"
"秉文等分门死守","1","1","2"
"历城知县韩承宣","1","1","2"
"秉文赠太常寺卿","1","1","2"
"命希学袭封衍圣","1","1","2"
"礼部右侍郎崔桐","1","1","2"
"左侍郎许成名竞","1","1","2"
"举嘉靖五年进士","2","0","2"
"真人张衍庆请封","1","1","2"
"慎中提学山东时","1","1","2"
"祭酒湛若水讲学","1","1","2"
"改左春坊左司直","1","1","2"
"四川巡抚刘思洁","1","1","2"
"授南京刑部主事","1","1","2"
"大河南北皆称谢","1","1","2"
"河南北皆称谢榛","1","1","2"
"南北皆称谢榛先","1","1","2"
"北皆称谢榛先生","1","1","2"
"德清胡友信齐名","1","1","2"
"崇明部将樊龙杀","1","1","2"
"重庆知府章文炳","1","1","2"
"长宁主簿徐大礼","1","1","2"
"一门死者十二人","1","1","2"
"天启二年授滕县","1","1","2"
"启二年授滕县知","1","1","2"
"二年授滕县知县","1","1","2"
"故延绥巡抚董国","1","1","2"
"延绥巡抚董国光","1","1","2"
"举隆庆二年进士","2","0","2"
"山东巡抚尹应元","1","1","2"
"招名士饮酒赋诗","1","1","2"
"礼部尚书陈经邦","1","1","2"
"督学御史耿定向","1","1","2"
"嘉靖四十三年乡","1","1","2"
"靖四十三年乡试","1","1","2"
"擢吏部验封主事","2","0","2"
"立岁终考察群吏","1","1","2"
"岁终考察群吏法","1","1","2"
"万历三十一年始","1","1","2"
"迁兵部职方主事","2","0","2"
"辽东总兵官马林","1","1","2"
"举万历二十三年","2","0","2"
"巡按御史王政新","1","1","2"
"石仓十二代诗选","1","1","2"
"太仓知州周仲连","1","1","2"
"刑部侍郎蔡奕琛","1","1","2"
"礼部精膳司员外","1","1","2"
"部精膳司员外郎","1","1","2"
"太常卿侍读学士","2","0","2"
"令东阳会同考官","1","1","2"
"成化十九年乡试","1","1","2"
"授南京考功主事","1","1","2"
"南京户部左侍郎","1","1","2"
"寿宁侯张鹤龄招","1","1","2"
"疏中陛下厚张氏","1","1","2"
"山西布政司经历","1","1","2"
"上书吏部尚书许","1","1","2"
"书吏部尚书许进","1","1","2"
"上书吏部尚书杨","1","1","2"
"书吏部尚书杨一","1","1","2"
"里狂生张灵纵酒","1","1","2"
"治十一年乡试第","1","1","2"
"十一年乡试第一","1","1","2"
"江阴富人徐经贿","1","1","2"
"天下名士正德十","1","1","2"
"下名士正德十二","1","1","2"
"名士正德十二年","1","1","2"
"同馆舒芬等七人","1","1","2"
"巡按御史喻茂坚","1","1","2"
"正德八年乡试第","1","1","2"
"德八年乡试第一","1","1","2"
"论江西税使潘相","1","1","2"
"江西税使潘相擅","1","1","2"
"辽东税使高淮激","1","1","2"
"太仆少卿刘弘谟","1","1","2"
"南京礼部侍郎赵","1","1","2"
"甥文选员外郎吕","1","1","2"
"河南布政使郭尚","1","1","2"
"南布政使郭尚友","1","1","2"
"郭尚友巡抚保定","1","1","2"
"南京户部尚书张","1","1","2"
"京户部尚书张士","1","1","2"
"户部尚书张士佩","1","1","2"
"通政参议梁子琦","1","1","2"
"元标复上时政六","2","0","2"
"标复上时政六事","2","0","2"
"李邦华等十八人","1","1","2"
"南京御史王允成","1","1","2"
"京御史王允成等","1","1","2"
"沈正宗等二十二","1","1","2"
"正宗等二十二人","1","1","2"
"时刑部尚书黄克","1","1","2"
"蕴钫等二十三人","1","1","2"
"举万历十七年进","2","0","2"
"南京御史游凤翔","1","1","2"
"总兵官黄守魁等","1","1","2"
"登莱副使杨述程","1","1","2"
"监军佥事戴君恩","1","1","2"
"令守备金富廉攻","1","1","2"
"获伪丞相何若海","1","1","2"
"顺庆推官郭象仪","1","1","2"
"庆推官郭象仪等","1","1","2"
"杨述中总督贵州","1","1","2"
"述中总督贵州军","1","1","2"
"中总督贵州军务","1","1","2"
"副总兵秦衍祚等","1","1","2"
"水西龙场客仲坝","1","1","2"
"总兵官李维新等","1","1","2"
"贵州总督蔡复一","1","1","2"
"四川总兵官侯良","1","1","2"
"川总兵官侯良柱","1","1","2"
"二年八月十七日","1","1","2"
"臣筑城三十六所","1","1","2"
"将士身经数百战","1","1","2"
"阿迷州土官普名","1","1","2"
"迷州土官普名声","1","1","2"
"陷弥勒州曲江所","1","1","2"
"四川巡按御史刘","1","1","2"
"川巡按御史刘宗","1","1","2"
"巡按御史刘宗祥","1","1","2"
"太仆少卿徐兆魁","1","1","2"
"吏部侍郎李养正","1","1","2"
"六年六月十七日","1","1","2"
"论兵部尚书崔景","1","1","2"
"西洋人利玛窦学","1","1","2"
"十月辛丑朔日食","2","0","2"
"万历三十五年成","1","1","2"
"太仆少卿徐养量","1","1","2"
"劾兵部尚书黄嘉","1","1","2"
"敬述移宫始末疏","1","1","2"
"东厂太监魏忠贤","1","1","2"
"事中魏大中遵旨","1","1","2"
"前奸细韩宗功潜","1","1","2"
"奸细韩宗功潜入","1","1","2"
"细韩宗功潜入长","1","1","2"
"韩宗功潜入长安","1","1","2"
"东厂理刑傅继教","1","1","2"
"五年七月二十六","1","1","2"
"年七月二十六日","1","1","2"
"太常少卿王绍徽","1","1","2"
"谢应祥巡抚山西","1","1","2"
"部尚书赵南星等","1","1","2"
"雄县知县王纳谏","1","1","2"
"四十三年五月初","1","1","2"
"十三年五月初四","1","1","2"
"东华门守卫指挥","1","1","2"
"华门守卫指挥朱","1","1","2"
"门守卫指挥朱雄","1","1","2"
"守卫指挥朱雄等","1","1","2"
"巡皇城御史刘廷","1","1","2"
"皇城御史刘廷元","1","1","2"
"刑部山东司郎中","1","1","2"
"部山东司郎中胡","1","1","2"
"山东司郎中胡士","1","1","2"
"东司郎中胡士相","1","1","2"
"署印侍郎张问达","1","1","2"
"九卿科道三法司","1","1","2"
"卿科道三法司会","1","1","2"
"行人司正陆大受","1","1","2"
"先帝大仇未复者","2","0","2"
"南京小教场坐营","1","1","2"
"南甸土舍刀落参","1","1","2"
"芒市土舍放正堂","1","1","2"
"邓川土官知州何","1","1","2"
"川土官知州何钰","1","1","2"
"督参将胡大宾等","1","1","2"
"纵部将谢世禄等","1","1","2"
"监军参政王士琦","1","1","2"
"四川总兵官万鏊","1","1","2"
"大清兵乘势追击","1","1","2"
"朝鲜都元帅姜弘","1","1","2"
"鲜都元帅姜弘立","1","1","2"
"副将吴子忠击破","1","1","2"
"将吴子忠击破丢","1","1","2"
"吴子忠击破丢骨","1","1","2"
"热衣气力偏手钱","1","1","2"
"令都指挥李献忠","1","1","2"
"都指挥李献忠等","1","1","2"
"斩首一千六百九","1","1","2"
"首一千六百九十","1","1","2"
"遵义知县萧鸣世","1","1","2"
"副将李成立战败","1","1","2"
"攻克大小三渡关","1","1","2"
"偏沅巡抚江铎命","1","1","2"
"大帅张元勋讨平","1","1","2"
"帅张元勋讨平巨","1","1","2"
"张元勋讨平巨盗","1","1","2"
"元勋讨平巨盗赖","1","1","2"
"勋讨平巨盗赖元","1","1","2"
"讨平巨盗赖元爵","1","1","2"
"湾甸土知州景宗","1","1","2"
"甸土知州景宗真","1","1","2"
"斩首一千二百级","1","1","2"
"招降六千六百人","1","1","2"
"朝鲜统制使李舜","1","1","2"
"鲜统制使李舜臣","1","1","2"
"奏记首辅叶向高","2","0","2"
"前哨游击左辅名","1","1","2"
"巡关御史潘云翼","1","1","2"
"朕总督京城内外","1","1","2"
"保定巡抚解经传","1","1","2"
"法等率骑兵四营","1","1","2"
"帝追叙甘肃前后","1","1","2"
"南京兵部尚书黄","1","1","2"
"京兵部尚书黄克","1","1","2"
"兵部尚书黄克缵","1","1","2"
"西平守将罗一贯","1","1","2"
"方御史保全山海","1","1","2"
"部尚书熊明遇奏","1","1","2"
"保定总兵刘国柱","1","1","2"
"兵部右侍郎刘宇","1","1","2"
"部右侍郎刘宇烈","1","1","2"
"巡按御史王道纯","1","1","2"
"义勇副将刘泽清","1","1","2"
"新兵参将刘永昌","1","1","2"
"监纪推官汪惟效","1","1","2"
"纪推官汪惟效等","1","1","2"
"天津旧将孙应龙","1","1","2"
"莱州推官屈宜阳","1","1","2"
"州推官屈宜阳请","1","1","2"
"东川土酋禄千钟","1","1","2"
"十年十月流寇大","1","1","2"
"湖广巡抚方孔","2","0","2"
"广巡抚方孔召","2","0","2"
"蓟辽总督洪承畴","1","1","2"
"辽总督洪承畴请","1","1","2"
"三边总督傅宗龙","1","1","2"
"襄城人张永祺等","1","1","2"
"陕西巡抚甘学阔","1","1","2"
"刘国能等十七部","1","1","2"
"课银十四万五千","1","1","2"
"援剿总兵贺人龙","1","1","2"
"伪果毅将军谢君","1","1","2"
"果毅将军谢君友","1","1","2"
"监军副使乔迁高","1","1","2"
"时熊文灿总理南","1","1","2"
"熊文灿总理南畿","1","1","2"
"凤阳总督朱大典","1","1","2"
"副将陈尚智扼守","1","1","2"
"将陈尚智扼守河","1","1","2"
"陈尚智扼守河津","1","1","2"
"山西巡按御史汪","1","1","2"
"西巡按御史汪宗","1","1","2"
"巡按御史汪宗友","1","1","2"
"按御史汪宗友上","1","1","2"
"太原知府孙康周","1","1","2"
"长史范志泰等官","1","1","2"
"史范志泰等官吏","1","1","2"
"范志泰等官吏军","1","1","2"
"志泰等官吏军民","1","1","2"
"召中军副总兵应","1","1","2"
"中军副总兵应时","1","1","2"
"军副总兵应时盛","1","1","2"
"守备姚进忠战死","1","1","2"
"绥德知州周士奇","1","1","2"
"蓟镇中协总兵官","1","1","2"
"参将刘士杰勇敢","1","1","2"
"分守参议艾毓初","1","1","2"
"南阳知县姚运熙","1","1","2"
"山海中部副总兵","1","1","2"
"宁远总兵官吴襄","1","1","2"
"延绥总兵李昌龄","1","1","2"
"大学士孙承宗行","2","0","2"
"学士孙承宗行边","2","0","2"
"前部赵率教相掎","1","1","2"
"部赵率教相掎角","1","1","2"
"大同总兵渠家桢","1","1","2"
"宣府总兵侯世禄","1","1","2"
"世荫本卫副千户","1","1","2"
"刑二部尚书李戴","1","1","2"
"举万历二十九年","2","0","2"
"劾郎中王守履失","1","1","2"
"郎中王守履失职","1","1","2"
"副将陈永福背城","1","1","2"
"襄阳兵备副使张","1","1","2"
"阳兵备副使张克","1","1","2"
"兵备副使张克俭","1","1","2"
"山东总兵官刘泽","1","1","2"
"东总兵官刘泽清","1","1","2"
"巡按御史严云京","1","1","2"
"容城举人孙奇逢","1","1","2"
"天启元年乡试第","1","1","2"
"启元年乡试第一","1","1","2"
"袁崇焕东巡广宁","1","1","2"
"世龙误信降人刘","1","1","2"
"龙误信降人刘伯","1","1","2"
"职方主事徐日久","1","1","2"
"副将娄光先等分","1","1","2"
"将娄光先等分五","1","1","2"
"世袭南京羽林左","1","1","2"
"袭南京羽林左卫","1","1","2"
"南京羽林左卫千","1","1","2"
"京羽林左卫千户","1","1","2"
"万历二十九年武","1","1","2"
"南川路战功第一","1","1","2"
"捷春提弱卒二万","2","0","2"
"春提弱卒二万守","2","0","2"
"提弱卒二万守重","2","0","2"
"弱卒二万守重庆","2","0","2"
"遣张令守黄泥洼","1","1","2"
"延绥东路副总兵","1","1","2"
"延绥总兵王承恩","1","1","2"
"榆林参政张福臻","1","1","2"
"甘肃总兵杨嘉谟","1","1","2"
"甘肃副将李鸿嗣","1","1","2"
"参将方茂功等追","1","1","2"
"宁夏总兵贺虎臣","1","1","2"
"巡抚御史范复粹","1","1","2"
"大清兵西征插汉","1","1","2"
"总督张宗衡先驻","1","1","2"
"荐文诏知兵善战","1","1","2"
"前锋中军刘弘烈","1","1","2"
"平阳守将陈尚智","1","1","2"
"宣府总兵王承荫","1","1","2"
"蓟辽总督王永吉","1","1","2"
"南京国子监博士","1","1","2"
"福建巡抚熊文灿","1","1","2"
"百九十二万九千","1","1","2"
"嗣昌建四正六隅","2","0","2"
"御史林兰友相继","1","1","2"
"部尚书范景文等","1","1","2"
"保定总督吴阿衡","1","1","2"
"荐四川巡抚傅宗","1","1","2"
"四川巡抚傅宗龙","1","1","2"
"川巡抚傅宗龙代","1","1","2"
"蓟镇总监邓希诏","1","1","2"
"十七万八千八百","1","1","2"
"督饷侍郎张伯鲸","1","1","2"
"饷侍郎张伯鲸请","1","1","2"
"练饷七百三十万","1","1","2"
"罗汝才等九营皆","2","0","2"
"汝才等九营皆反","2","0","2"
"御制赠行诗一章","1","1","2"
"表良玉平贼将军","2","0","2"
"监军佥事殷大白","1","1","2"
"永州推官万元吉","1","1","2"
"十三年二月七日","1","1","2"
"陕西副将贺人龙","1","1","2"
"党扫地王曹威等","1","1","2"
"十反王杨友贤率","1","1","2"
"反王杨友贤率众","1","1","2"
"郧阳抚治王鳌永","1","1","2"
"纳幕下评事元吉","1","1","2"
"郧阳抚治袁继咸","1","1","2"
"定国公徐允祯等","1","1","2"
"核察失事情形疏","1","1","2"
"疏六月初十日上","1","1","2"
"百户赵光修先送","1","1","2"
"礼部左侍郎东阁","2","0","2"
"内阁中书黄应恩","1","1","2"
"列上副将王应晖","1","1","2"
"上副将王应晖等","1","1","2"
"副将王应晖等六","1","1","2"
"将王应晖等六人","1","1","2"
"南京御史袁耀然","1","1","2"
"首辅刘宇亮督师","2","0","2"
"东厂太监王德化","1","1","2"
"发丁忧侍郎蔡奕","1","1","2"
"丁忧侍郎蔡奕琛","1","1","2"
"忧侍郎蔡奕琛行","1","1","2"
"侍郎蔡奕琛行贿","1","1","2"
"掌都督府魏国公","1","1","2"
"都督府魏国公徐","1","1","2"
"督府魏国公徐允","1","1","2"
"府魏国公徐允祯","1","1","2"
"吏部尚书傅永淳","1","1","2"
"部尚书傅永淳等","1","1","2"
"主事朱永佑等十","1","1","2"
"事朱永佑等十一","1","1","2"
"朱永佑等十一人","1","1","2"
"游击茅国器断后","1","1","2"
"辽东巡抚李维翰","1","1","2"
"副总兵颇廷相等","1","1","2"
"副将邹储贤战死","1","1","2"
"清河逃将陈大道","1","1","2"
"二月十一日誓师","1","1","2"
"文武将吏前后死","1","1","2"
"请调兵二十余万","1","1","2"
"夔州同知佟卜年","1","1","2"
"临洮推官洪敷教","1","1","2"
"蓟辽总督王象乾","1","1","2"
"辽总督王象乾移","1","1","2"
"左都御史邹元标","1","1","2"
"大理寺卿周应秋","1","1","2"
"理寺卿周应秋等","1","1","2"
"同三四百万辽民","1","1","2"
"三四百万辽民一","1","1","2"
"檄前屯守将赵率","1","1","2"
"前屯守将赵率教","1","1","2"
"蓟辽总督阎鸣泰","1","1","2"
"辽总督阎鸣泰移","1","1","2"
"兵部添注左侍郎","1","1","2"
"大学士刘鸿训等","1","1","2"
"学士刘鸿训等请","1","1","2"
"士刘鸿训等请收","1","1","2"
"黜都司左良玉等","1","1","2"
"都司左良玉等四","1","1","2"
"司左良玉等四人","1","1","2"
"都司程大乐一营","1","1","2"
"登莱巡抚孙国桢","1","1","2"
"莱巡抚孙国桢免","1","1","2"
"哈剌慎三十六家","1","1","2"
"尚宝卿董茂忠请","1","1","2"
"令参将谢尚政等","1","1","2"
"副都御史易应昌","1","1","2"
"刘宗周清正敢言","1","1","2"
"误国奸臣杨嗣昌","1","1","2"
"非毅然决策亲征","1","1","2"
"督漕路振飞坐守","1","1","2"
"漕路振飞坐守淮","1","1","2"
"路振飞坐守淮城","1","1","2"
"封疆诸臣诛者一","2","0","2"
"举朝谋国忠诛者","2","0","2"
"朝谋国忠诛者一","2","0","2"
"七月十八日入朝","1","1","2"
"五日内系两尚书","2","0","2"
"刑部尚书郑三俊","1","1","2"
"辅臣文震孟一生","1","1","2"
"江西巡抚解学龙","1","1","2"
"吏部主事陈天定","1","1","2"
"工部司务董养河","1","1","2"
"中书舍人文震亨","1","1","2"
"户部主事叶廷秀","1","1","2"
"兵部主事赵士超","1","1","2"
"部主事赵士超等","1","1","2"
"蒋允仪抚治郧阳","1","1","2"
"永宁总兵官祖大","1","1","2"
"宁总兵官祖大乐","1","1","2"
"郧阳抚治宋祖舜","1","1","2"
"顺天巡按刘呈瑞","1","1","2"
"宛平知县陈景建","1","1","2"
"新甲请分四道夹","2","0","2"
"甲请分四道夹攻","2","0","2"
"刑部侍郎徐石麒","1","1","2"
"望总督陕西三边","1","1","2"
"送合水知县蒋应","2","0","2"
"合水知县蒋应昌","2","0","2"
"上天龙等先后降","2","0","2"
"张福臻巡抚延绥","1","1","2"
"遣副将卢文善讨","1","1","2"
"参将贺人龙等追","1","1","2"
"凤翔乡官孙鹏等","1","1","2"
"总兵官俞咨皋招","1","1","2"
"均州五营惧见讨","2","0","2"
"洪承畴总督陕西","1","1","2"
"承畴总督陕西三","1","1","2"
"畴总督陕西三边","1","1","2"
"安锦副使吴麟征","1","1","2"
"锦副使吴麟征大","1","1","2"
"下马渡水浅地平","1","1","2"
"斗枢召游击刘调","1","1","2"
"枢召游击刘调元","1","1","2"
"三百二十七万八","1","1","2"
"百二十七万八千","1","1","2"
"二百九十四万八","1","1","2"
"百九十四万八千","1","1","2"
"百六十九万二千","1","1","2"
"三百二十六万五","1","1","2"
"百二十六万五千","1","1","2"
"辽东旧饷改新饷","1","1","2"
"一百十三万六千","1","1","2"
"华亭知县郑友元","1","1","2"
"光禄卿李天经先","1","1","2"
"禄卿李天经先后","1","1","2"
"元年十一月乙未","1","1","2"
"年十一月乙未冬","1","1","2"
"太史院使刘基率","1","1","2"
"元太史院使张佑","1","1","2"
"召回回司天台官","1","1","2"
"回回司天台官郑","1","1","2"
"回司天台官郑阿","1","1","2"
"司天台官郑阿里","1","1","2"
"天台官郑阿里等","1","1","2"
"台官郑阿里等十","1","1","2"
"官郑阿里等十一","1","1","2"
"四季天象占验历","1","1","2"
"洪武十七年甲子","1","1","2"
"前监正彭德清测","1","1","2"
"景泰元年正月辛","1","1","2"
"泰元年正月辛卯","1","1","2"
"十五年十一月戊","1","1","2"
"中官正周濂等所","1","1","2"
"官正周濂等所推","1","1","2"
"正周濂等所推算","1","1","2"
"辛巳二百三十五","1","1","2"
"巳二百三十五年","1","1","2"
"三度五十二分五","1","1","2"
"度五十二分五十","1","1","2"
"五十二分五十秒","1","1","2"
"二十七日四百七","1","1","2"
"十七日四百七十","1","1","2"
"七日四百七十五","1","1","2"
"日四百七十五分","1","1","2"
"赤道箕宿六度四","1","1","2"
"道箕宿六度四十","1","1","2"
"箕宿六度四十七","1","1","2"
"黄道箕宿五度九","1","1","2"
"道箕宿五度九十","1","1","2"
"箕宿五度九十六","1","1","2"
"宿五度九十六分","1","1","2"
"五度九十六分四","1","1","2"
"度九十六分四十","1","1","2"
"九十六分四十三","1","1","2"
"十六分四十三秒","1","1","2"
"正德九年八月辛","1","1","2"
"德九年八月辛卯","1","1","2"
"九年八月辛卯日","1","1","2"
"年八月辛卯日食","1","1","2"
"工部主事华湘通","1","1","2"
"十九年三月癸巳","1","1","2"
"顺天府丞周相刊","1","1","2"
"万历十二年十一","1","1","2"
"柳宿十二度左右","1","1","2"
"节气岁差一秒七","1","1","2"
"气岁差一秒七十","1","1","2"
"岁差一秒七十五","1","1","2"
"差一秒七十五忽","1","1","2"
"闰应十九日三十","1","1","2"
"应十九日三十六","1","1","2"
"十九日三十六刻","1","1","2"
"九日三十六刻十","1","1","2"
"日三十六刻十九","1","1","2"
"三十六刻十九分","1","1","2"
"周三百六十五度","1","1","2"
"三百六十五度二","1","1","2"
"百六十五度二十","1","1","2"
"六十五度二十五","1","1","2"
"十五度二十五分","1","1","2"
"三百三十六限十","1","1","2"
"百三十六限十六","1","1","2"
"三十六限十六分","1","1","2"
"十六限十六分六","1","1","2"
"六限十六分六十","1","1","2"
"限十六分六十秒","1","1","2"
"乙亥日五十刻四","1","1","2"
"亥日五十刻四十","1","1","2"
"日五十刻四十四","1","1","2"
"五十刻四十四分","1","1","2"
"三百六十五日四","1","1","2"
"百六十五日四十","1","1","2"
"六十五日四十四","1","1","2"
"十五日四十四刻","1","1","2"
"五日四十四刻四","1","1","2"
"日四十四刻四十","1","1","2"
"四十四刻四十四","1","1","2"
"十四刻四十四分","1","1","2"
"正月甲子夜半合","1","1","2"
"月甲子夜半合朔","1","1","2"
"甲子夜半合朔雨","1","1","2"
"子夜半合朔雨水","1","1","2"
"一百一十五度二","1","1","2"
"百一十五度二十","1","1","2"
"一十五度二十一","1","1","2"
"十五度二十一分","1","1","2"
"十五年戊寅岁正","1","1","2"
"五年戊寅岁正月","1","1","2"
"年戊寅岁正月甲","1","1","2"
"戊寅岁正月甲寅","1","1","2"
"寅岁正月甲寅朔","1","1","2"
"岁正月甲寅朔旦","1","1","2"
"正月甲寅朔旦冬","1","1","2"
"周天三百六十五","1","1","2"
"天三百六十五度","1","1","2"
"六十五度四分度","2","0","2"
"十五度四分度一","2","0","2"
"发钦天监参订测","1","1","2"
"钦天监参订测验","1","1","2"
"十一月壬寅朔日","1","1","2"
"洋人利玛窦进贡","1","1","2"
"人利玛窦进贡土","1","1","2"
"翰林院检讨徐光","1","1","2"
"林院检讨徐光启","1","1","2"
"京工部员外郎李","1","1","2"
"云路等参订修改","1","1","2"
"钦天监所推互异","2","0","2"
"祯二年五月乙酉","1","1","2"
"二年五月乙酉朔","1","1","2"
"年五月乙酉朔日","1","1","2"
"时五官正戈丰年","1","1","2"
"五官正戈丰年等","1","1","2"
"东西南北高下差","2","0","2"
"南京太仆少卿李","1","1","2"
"罗雅谷译书演算","1","1","2"
"荐资县诸生冷守","1","1","2"
"资县诸生冷守中","1","1","2"
"县诸生冷守中精","1","1","2"
"布政司月食初亏","1","1","2"
"政司月食初亏度","1","1","2"
"司月食初亏度分","1","1","2"
"十八分四十七秒","1","1","2"
"二十四分二十五","1","1","2"
"十四分二十五秒","1","1","2"
"宋文帝元嘉六年","1","1","2"
"文帝元嘉六年十","1","1","2"
"帝元嘉六年十一","1","1","2"
"元嘉六年十一月","1","1","2"
"嘉六年十一月己","1","1","2"
"六年十一月己丑","1","1","2"
"年十一月己丑朔","1","1","2"
"食六分九十六秒","1","1","2"
"宋仁宗天圣二年","1","1","2"
"仁宗天圣二年甲","1","1","2"
"宗天圣二年甲子","1","1","2"
"五年九月十五日","1","1","2"
"山东参政李天经","1","1","2"
"东参政李天经代","1","1","2"
"闰八月二十五日","1","1","2"
"八月二十五日夜","1","1","2"
"崇祯元年戊辰前","1","1","2"
"侵入参宿二十四","1","1","2"
"入参宿二十四分","1","1","2"
"八月二十七日寅","1","1","2"
"九年正月十五日","1","1","2"
"年正月十五日辛","1","1","2"
"正月十五日辛酉","1","1","2"
"大理评事王应遴","1","1","2"
"六十日八十七刻","1","1","2"
"三十九度五十五","1","1","2"
"十九度五十五分","1","1","2"
"时差二十一刻五","1","1","2"
"差二十一刻五分","1","1","2"
"内规分三百六十","1","1","2"
"规分三百六十五","1","1","2"
"九十一日三十一","1","1","2"
"十一日三十一刻","1","1","2"
"一日三十一刻六","1","1","2"
"日三十一刻六分","1","1","2"
"二百七十三日九","1","1","2"
"百七十三日九十","1","1","2"
"七十三日九十三","1","1","2"
"十三日九十三刻","1","1","2"
"十年正月辛丑朔","1","1","2"
"十六年三月乙丑","1","1","2"
"六年三月乙丑朔","1","1","2"
"年三月乙丑朔日","1","1","2"
"刑部尚书开济等","1","1","2"
"大理寺驳回改正","1","1","2"
"囚犯赴承天门外","1","1","2"
"内阁学士会审重","1","1","2"
"会同三法司堂上","1","1","2"
"同三法司堂上官","1","1","2"
"万历二十六年朝","1","1","2"
"历二十六年朝审","1","1","2"
"部尚书杨俊民主","1","1","2"
"万历二十九年旷","1","1","2"
"工部尚书杨守随","1","1","2"
"谨按洪武二十三","1","1","2"
"按洪武二十三年","1","1","2"
"洪武二十三年十","1","1","2"
"武二十三年十二","1","1","2"
"三年十二月癸未","1","1","2"
"谕刑部尚书杨靖","1","1","2"
"永乐四年十一月","1","1","2"
"永乐十一年十月","1","1","2"
"遣副都御史李庆","1","1","2"
"事中郭瑾审两京","1","1","2"
"南京户部侍郎陈","1","1","2"
"京户部侍郎陈翼","1","1","2"
"遣刑部郎中刘秩","1","1","2"
"刑部郎中刘秩等","1","1","2"
"部郎中刘秩等十","1","1","2"
"郎中刘秩等十四","1","1","2"
"中刘秩等十四人","1","1","2"
"遣刑部郎中郭恂","1","1","2"
"顺天巡按御史郑","1","1","2"
"天巡按御史郑存","1","1","2"
"巡按御史郑存仁","1","1","2"
"南京御史王良臣","1","1","2"
"刑部尚书孙丕扬","1","1","2"
"都御史马文升请","1","1","2"
"都御史王廷相奏","1","1","2"
"贵溪儒士夏伯启","1","1","2"
"溪儒士夏伯启叔","1","1","2"
"儒士夏伯启叔侄","1","1","2"
"疑北平二司官吏","1","1","2"
"北平二司官吏李","1","1","2"
"宁海人郑士利上","1","1","2"
"海人郑士利上书","1","1","2"
"举淫行主事吴軏","1","1","2"
"阳谷主簿马彦斌","1","1","2"
"刑部侍郎刘广衡","1","1","2"
"刑部尚书陆瑜等","1","1","2"
"部尚书陆瑜等请","1","1","2"
"山西巡抚何乔新","1","1","2"
"刑部郎中魏应召","1","1","2"
"骂父母大伤伦理","1","1","2"
"主事海瑞上书触","1","1","2"
"华亭知县徐兆麒","1","1","2"
"永嘉侯朱亮祖父","1","1","2"
"嘉侯朱亮祖父子","1","1","2"
"汪直诬陷侍郎马","1","1","2"
"直诬陷侍郎马文","1","1","2"
"诬陷侍郎马文升","1","1","2"
"戎政侍郎蒋应奎","1","1","2"
"五代唐明宗设侍","1","1","2"
"代唐明宗设侍卫","1","1","2"
"唐明宗设侍卫亲","1","1","2"
"明宗设侍卫亲军","1","1","2"
"宗设侍卫亲军马","1","1","2"
"设侍卫亲军马步","1","1","2"
"侍卫亲军马步军","1","1","2"
"卫亲军马步军都","1","1","2"
"亲军马步军都指","1","1","2"
"军马步军都指挥","1","1","2"
"马步军都指挥使","1","1","2"
"令锦衣卫副千户","1","1","2"
"事中欧阳一敬极","1","1","2"
"万历三十四年大","1","1","2"
"历三十四年大审","1","1","2"
"汉灵帝立宋美人","1","1","2"
"设正副使受制位","1","1","2"
"设承制宣制官位","1","1","2"
"设奉节奉册奉宝","1","1","2"
"奉节奉册奉宝官","1","1","2"
"节奉册奉宝官位","1","1","2"
"设正副使受册宝","1","1","2"
"正副使受册宝褥","1","1","2"
"副使受册宝褥位","1","1","2"
"皇后具九龙四凤","2","0","2"
"后具九龙四凤冠","2","0","2"
"皇帝皮弁服御华","2","0","2"
"帝皮弁服御华盖","2","0","2"
"皮弁服御华盖殿","2","0","2"
"命妇行见皇后礼","1","1","2"
"皇太子殿东门入","2","0","2"
"持节官持节复命","1","1","2"
"遇长兄皇太子荣","1","1","2"
"宣德二年十一月","1","1","2"
"册立皇太子礼成","1","1","2"
"亲王奉天东门入","2","0","2"
"内赞引御座前位","2","0","2"
"诣父皇陛下称贺","2","0","2"
"博士导皇太子降","2","0","2"
"宾赞冠者进筵前","2","0","2"
"入南门中庭道西","1","1","2"
"冬祀昊天上帝圜","2","0","2"
"司设中韶乐殿内","2","0","2"
"立三舞杂队殿下","2","0","2"
"武舞生六十二人","1","1","2"
"年定殿内侑食乐","2","0","2"
"武舞士三十二人","1","1","2"
"发扬蹈厉坐作击","1","1","2"
"扬蹈厉坐作击刺","1","1","2"
"文舞士三十二人","1","1","2"
"跪朝谒喜跃俯伏","1","1","2"
"后教坊司乐工所","1","1","2"
"教坊司乐工所奏","1","1","2"
"坊司乐工所奏中","1","1","2"
"谕内钟鼓司康能","1","1","2"
"内钟鼓司康能等","1","1","2"
"甘肃行太仆寺丞","1","1","2"
"肃行太仆寺丞张","1","1","2"
"琴中角弦第十徽","1","1","2"
"琴中宫弦第三徽","1","1","2"
"定帝社稷乐歌进","1","1","2"
"取山西长子县羊","1","1","2"
"山西长子县羊头","1","1","2"
"西长子县羊头山","1","1","2"
"辽州同知李文察","1","1","2"
"州同知李文察进","1","1","2"
"八方四海庆太平","1","1","2"
"百戏莲花盆队舞","1","1","2"
"黄童白叟鼓腹讴","2","0","2"
"童白叟鼓腹讴歌","2","0","2"
"白叟鼓腹讴歌承","2","0","2"
"叟鼓腹讴歌承应","2","0","2"
"鼓腹讴歌承应曲","2","0","2"
"敌兵战败神魂丧","1","1","2"
"野蚕成茧嘉禾生","1","1","2"
"九重天上六飞龙","1","1","2"
"五色云间双彩凤","1","1","2"
"缨鞭胜蛮夷队舞","2","0","2"
"胜蛮夷队舞承应","1","1","2"
"蛮夷队舞承应曲","1","1","2"
"贤臣良将保朝廷","1","1","2"
"宝瑟瑶笙鼓吹喧","1","1","2"
"万岁君王频进酒","1","1","2"
"高捧金波碧玉瓯","1","1","2"
"设宣读案承天门","2","0","2"
"宣读案承天门上","2","0","2"
"翰林院官捧诏书","2","0","2"
"设香案奉天殿丹","2","0","2"
"香案奉天殿丹陛","2","0","2"
"百官朝服随班行","2","0","2"
"官朝服随班行礼","2","0","2"
"叔祖母皇后殿下","1","1","2"
"金鼓仪仗鼓乐百","1","1","2"
"鼓仪仗鼓乐百官","1","1","2"
"设皇太子座御座","2","0","2"
"皇太子座御座东","2","0","2"
"殿上正中设皇太","1","1","2"
"上正中设皇太子","1","1","2"
"正中设皇太子座","1","1","2"
"备金鼓仪仗大乐","1","1","2"
"使者分宾主行礼","1","1","2"
"龙车凤辇兮驾飞","2","0","2"
"车凤辇兮驾飞扬","2","0","2"
"洪武三年夕月乐","1","1","2"
"武三年夕月乐章","1","1","2"
"祀周天星辰乐章","1","1","2"
"仰祖宗兮永慕哉","2","0","2"
"礼部尚书崔亮请","1","1","2"
"遣太常宗正卿朝","1","1","2"
"遣驸马都尉行礼","2","0","2"
"南京司礼太监陈","1","1","2"
"京司礼太监陈祖","1","1","2"
"司礼太监陈祖圭","1","1","2"
"祭告长陵等七陵","1","1","2"
"工部尚书顾璘请","1","1","2"
"承天府守备太监","1","1","2"
"天府守备太监傅","1","1","2"
"府守备太监傅霖","1","1","2"
"孝穆皇太后忌日","1","1","2"
"西华门内壬地设","2","0","2"
"华门内壬地设御","2","0","2"
"门内壬地设御幄","2","0","2"
"皇帝素服乘舆诣","2","0","2"
"帝素服乘舆诣幄","2","0","2"
"洪武二十三年定","1","1","2"
"丧主代受册命者","1","1","2"
"部尚书李承勋亲","1","1","2"
"隆庆元年十二月","1","1","2"
"讲读官五品本身","1","1","2"
"葬开平王常遇春","1","1","2"
"李文忠等十四人","1","1","2"
"魏学曾等十四人","1","1","2"
"正域所请伍文定","1","1","2"
"域所请伍文定等","1","1","2"
"开国功臣李善长","1","1","2"
"国功臣李善长等","1","1","2"
"功臣李善长等十","1","1","2"
"臣李善长等十四","1","1","2"
"李善长等十四人","1","1","2"
"臣左光斗等九人","1","1","2"
"洪武二十六年四","1","1","2"
"武二十六年四月","1","1","2"
"礼部尚书牛谅等","1","1","2"
"继父同居两大功","2","0","2"
"妇人夫亲兄弟子","2","0","2"
"同堂兄弟女室者","2","0","2"
"嘉靖十八年正月","1","1","2"
"唐高祖尊高曾祖","1","1","2"
"正统七年十二月","1","1","2"
"唱请宣宗皇帝朝","1","1","2"
"请宣宗皇帝朝见","1","1","2"
"内侍捧宣宗衣冠","1","1","2"
"吏部侍郎杨守陈","1","1","2"
"谕大学士李时等","1","1","2"
"父子兄弟同处一","1","1","2"
"子兄弟同处一堂","1","1","2"
"礼部尚书湛若水","1","1","2"
"部尚书湛若水请","1","1","2"
"学士张孚敬等言","2","0","2"
"礼部尚书徐阶等","1","1","2"
"二十九年十一月","1","1","2"
"常卿洪文衡请祧","2","0","2"
"卿洪文衡请祧宪","2","0","2"
"洪文衡请祧宪宗","2","0","2"
"礼部尚书崔亮言","2","0","2"
"捧册宝官捧前行","2","0","2"
"仁孝皇后神位前","1","1","2"
"睿宗知天守道洪","1","1","2"
"宗知天守道洪德","1","1","2"
"左相国李善长等","1","1","2"
"护卫百户二十四","1","1","2"
"卫百户二十四人","1","1","2"
"举殿上表案二人","1","1","2"
"上设殿前班指挥","1","1","2"
"设殿前班指挥司","1","1","2"
"殿前班指挥司官","1","1","2"
"前班指挥司官三","1","1","2"
"班指挥司官三人","1","1","2"
"钦天监设定时鼓","1","1","2"
"明太祖洪武元年","1","1","2"
"太祖洪武元年九","1","1","2"
"祖洪武元年九月","1","1","2"
"尚宝司设御座奉","2","0","2"
"宝司设御座奉天","2","0","2"
"司设御座奉天殿","2","0","2"
"右顺门内便殿奏","1","1","2"
"顺门内便殿奏事","1","1","2"
"明洪武元年十月","1","1","2"
"行太仆寺苑马寺","1","1","2"
"太仆寺苑马寺卿","1","1","2"
"十二月十六日朝","1","1","2"
"二月十六日朝见","1","1","2"
"班首诸命妇皆跪","2","0","2"
"东阶升入殿东门","1","1","2"
"设传令宣笺等官","1","1","2"
"传令宣笺等官位","1","1","2"
"洪武元年十二月","1","1","2"
"群臣上殿称万岁","1","1","2"
"奉天门赐百官宴","1","1","2"
"设护卫官二十四","1","1","2"
"护卫官二十四人","1","1","2"
"光禄寺开爵注酒","1","1","2"
"丞相夫人捧寿花","1","1","2"
"载皇太后上尊号","1","1","2"
"庆典推崇皇太后","1","1","2"
"恭惟皇太后陛下","2","0","2"
"皇太后陛下尊居","1","1","2"
"嘉靖元年二月上","1","1","2"
"靖元年二月上尊","1","1","2"
"元年二月上尊号","1","1","2"
"命妇进表庆贺致","1","1","2"
"妇进表庆贺致词","1","1","2"
"帝命中书省翰林","1","1","2"
"命中书省翰林院","1","1","2"
"坛北建祭殿五间","1","1","2"
"弘治十七年八月","1","1","2"
"更正社稷坛配位","1","1","2"
"周天星辰共一坛","1","1","2"
"户部尚书先祭先","1","1","2"
"部尚书先祭先农","1","1","2"
"安定门外建先蚕","1","1","2"
"定门外建先蚕坛","1","1","2"
"礼部尚书李时等","1","1","2"
"采桑台高一尺四","1","1","2"
"桑台高一尺四寸","1","1","2"
"女乐司设监备仪","1","1","2"
"乐司设监备仪仗","1","1","2"
"外命妇文武二品","1","1","2"
"礼部尚书崔亮奏","2","0","2"
"礼部尚书牛谅言","2","0","2"
"尚书方献夫等言","2","0","2"
"礼部尚书李时言","2","0","2"
"正阳门外天地坛","1","1","2"
"阳门外天地坛西","1","1","2"
"春夏秋冬四季月","1","1","2"
"夏秋冬四季月将","1","1","2"
"加上皇天上帝尊","1","1","2"
"皇上亲献大明坛","1","1","2"
"风云雷雨诸天神","1","1","2"
"云雷雨诸天神合","1","1","2"
"天下山川城隍诸","1","1","2"
"下山川城隍诸地","1","1","2"
"外国山川东西向","1","1","2"
"五月十一日神诞","2","0","2"
"礼部尚书夏言等","1","1","2"
"奉慈殿孝惠太后","1","1","2"
"追上母妃孝穆太","1","1","2"
"上母妃孝穆太后","1","1","2"
"母妃孝穆太后纪","1","1","2"
"妃孝穆太后纪氏","1","1","2"
"部尚书马文升等","1","1","2"
"礼部尚书方献夫","1","1","2"
"部尚书方献夫等","1","1","2"
"孝惠太皇太后实","1","1","2"
"礼部尚书汪俊等","1","1","2"
"礼部尚书席书等","1","1","2"
"献皇帝追称帝号","1","1","2"
"左庶子江汝璧请","1","1","2"
"太常卿裴应章言","2","0","2"
"礼部尚书陶凯等","1","1","2"
"深四丈三尺五寸","1","1","2"
"奏定诸王国祭祀","1","1","2"
"定诸王国祭祀礼","1","1","2"
"诸王国祭祀礼乐","1","1","2"
"合先王左昭右穆","1","1","2"
"遣秘书监丞陶谊","1","1","2"
"秘书监丞陶谊等","1","1","2"
"遣太常寺乐舞生","1","1","2"
"遣南京太常寺官","1","1","2"
"巡按御史冯时雄","1","1","2"
"明太祖入江淮府","1","1","2"
"慈利教谕蒋明请","1","1","2"
"孔子宜称先圣先","1","1","2"
"子宜称先圣先师","1","1","2"
"正孔子祀典申记","1","1","2"
"弓弩飞枪飞石神","1","1","2"
"奉天殿外文楼前","1","1","2"
"道林真觉普济禅","1","1","2"
"林真觉普济禅师","1","1","2"
"真觉普济禅师宝","1","1","2"
"觉普济禅师宝志","1","1","2"
"元卫国忠肃公福","1","1","2"
"卫国忠肃公福寿","1","1","2"
"汉前将军寿亭侯","1","1","2"
"故指挥千百户卫","1","1","2"
"指挥千百户卫所","1","1","2"
"挥千百户卫所镇","1","1","2"
"千百户卫所镇抚","1","1","2"
"汉寿亭侯关公庙","1","1","2"
"太常博士刘履节","1","1","2"
"三清三境九天应","1","1","2"
"清三境九天应元","1","1","2"
"三境九天应元雷","1","1","2"
"境九天应元雷声","1","1","2"
"九天应元雷声普","1","1","2"
"天应元雷声普化","1","1","2"
"应元雷声普化天","1","1","2"
"元雷声普化天尊","1","1","2"
"金玉阙真君元君","1","1","2"
"释迦牟尼文佛生","1","1","2"
"祖师三天扶教辅","1","1","2"
"师三天扶教辅玄","1","1","2"
"三天扶教辅玄大","1","1","2"
"天扶教辅玄大法","1","1","2"
"扶教辅玄大法师","1","1","2"
"教辅玄大法师真","1","1","2"
"辅玄大法师真君","1","1","2"
"玉枢火府天将王","1","1","2"
"枢火府天将王灵","1","1","2"
"火府天将王灵官","1","1","2"
"祀丁普郎等三十","1","1","2"
"丁普郎等三十五","1","1","2"
"普郎等三十五人","1","1","2"
"郡县山川龙神忠","1","1","2"
"县山川龙神忠烈","1","1","2"
"设京省城隍神位","1","1","2"
"问礼部尚书李时","1","1","2"
"奉皇考仁祖淳皇","1","1","2"
"皇考仁祖淳皇帝","1","1","2"
"考仁祖淳皇帝配","1","1","2"
"昊天上帝神位前","1","1","2"
"天上帝神位前跪","1","1","2"
"皇太子下位官皆","2","0","2"
"太常寺捧神位官","1","1","2"
"常寺捧神位官复","1","1","2"
"寺捧神位官复命","1","1","2"
"百官分列神路东","1","1","2"
"官分列神路东西","1","1","2"
"典仪唱乐舞生就","1","1","2"
"仪唱乐舞生就位","1","1","2"
"执事官先后捧昊","1","1","2"
"事官先后捧昊天","1","1","2"
"官先后捧昊天上","1","1","2"
"先后捧昊天上帝","1","1","2"
"圜丘泰神殿门外","1","1","2"
"礼部堂上官四员","1","1","2"
"命武定侯郭勋代","1","1","2"
"圜丘坛外泰元门","1","1","2"
"扬州府同知丰坊","1","1","2"
"州府同知丰坊上","1","1","2"
"府同知丰坊上疏","1","1","2"
"定献皇配帝称宗","1","1","2"
"奉睿宗献皇帝配","1","1","2"
"奉皇考睿宗配享","1","1","2"
"天殿丹陛上行礼","1","1","2"
"日月五星平立定","1","1","2"
"月五星平立定三","1","1","2"
"五星平立定三差","1","1","2"
"七丈九尺八寸五","1","1","2"
"丈九尺八寸五分","1","1","2"
"随简仪测太阳南","2","0","2"
"简仪测太阳南地","2","0","2"
"仪测太阳南地平","2","0","2"
"地平二十六度四","1","1","2"
"平二十六度四十","1","1","2"
"二十六度四十六","1","1","2"
"十六度四十六分","1","1","2"
"六度四十六分半","1","1","2"
"余五十四度九十","1","1","2"
"五十四度九十六","1","1","2"
"十四度九十六分","1","1","2"
"长一丈一尺七寸","1","1","2"
"一丈一尺七寸一","1","1","2"
"丈一尺七寸一分","1","1","2"
"四十三度七十四","1","1","2"
"十三度七十四分","1","1","2"
"十三分二十五秒","1","1","2"
"五十八度四十五","1","1","2"
"十八度四十五分","1","1","2"
"八度四十五分半","1","1","2"
"一百度七十三分","1","1","2"
"五十度三十六分","1","1","2"
"十度三十六分半","1","1","2"
"余四十度九十四","1","1","2"
"四十度九十四分","1","1","2"
"十度九十四分九","1","1","2"
"度九十四分九十","1","1","2"
"九十四分九十三","1","1","2"
"十四分九十三秒","1","1","2"
"四分九十三秒七","1","1","2"
"分九十三秒七十","1","1","2"
"九十三秒七十五","1","1","2"
"十三秒七十五微","1","1","2"
"二黄赤道内外半","2","0","2"
"黄赤道内外半弧","2","0","2"
"赤道内外半弧背","1","1","2"
"二十三度八十分","1","1","2"
"十三度八十分七","1","1","2"
"三度八十分七十","1","1","2"
"度八十分七十秒","1","1","2"
"黄赤道大股五十","2","0","2"
"五十六度零二分","1","1","2"
"十六度零二分六","1","1","2"
"六度零二分六十","1","1","2"
"度零二分六十八","1","1","2"
"零二分六十八秒","1","1","2"
"上廉乘半弧背幕","2","0","2"
"二百四十三度五","1","1","2"
"百四十三度五十","1","1","2"
"四十三度五十分","1","1","2"
"乘上廉一万四千","2","0","2"
"一百一十八度五","1","1","2"
"百一十八度五八","1","1","2"
"一十八度五八四","1","1","2"
"十八度五八四五","1","1","2"
"八十零万四千七","2","0","2"
"十零万四千七百","2","0","2"
"零万四千七百零","2","0","2"
"七百零七度八五","1","1","2"
"百零七度八五九","1","1","2"
"零七度八五九三","1","1","2"
"七度八五九三七","1","1","2"
"度八五九三七五","1","1","2"
"余一百八十零万","2","0","2"
"八十零万四千五","2","0","2"
"十零万四千五百","2","0","2"
"四千五百八十九","1","1","2"
"千五百八十九度","1","1","2"
"五百八十九度二","1","1","2"
"百八十九度二七","1","1","2"
"八十九度二七四","1","1","2"
"十九度二七四八","1","1","2"
"九度二七四八七","1","1","2"
"度二七四八七五","1","1","2"
"一度九四七九九","1","1","2"
"度九四七九九九","1","1","2"
"九四七九九九四","1","1","2"
"四七九九九四八","1","1","2"
"七九九九四八八","1","1","2"
"万四千五百九十","1","1","2"
"四千五百九十一","1","1","2"
"千五百九十一度","1","1","2"
"五百九十一度二","1","1","2"
"百九十一度二二","1","1","2"
"九十一度二二二","1","1","2"
"十一度二二二八","1","1","2"
"一度二二二八七","1","1","2"
"度二二二八七四","1","1","2"
"二二二八七四四","1","1","2"
"二二八七四四八","1","1","2"
"二八七四四八八","1","1","2"
"度一三三六一二","1","1","2"
"一三三六一二五","1","1","2"
"八十零万四千四","2","0","2"
"十零万四千四百","2","0","2"
"万四千四百六十","1","1","2"
"四千四百六十七","1","1","2"
"七二五七六二五","1","1","2"
"十三度四九九八","1","1","2"
"三度四九九八六","1","1","2"
"度四九九八六九","1","1","2"
"三度九十四分四","1","1","2"
"度九十四分四六","1","1","2"
"九十四分四六九","1","1","2"
"十四分四六九七","1","1","2"
"四分四六九七八","1","1","2"
"分四六九七八七","1","1","2"
"四六九七八七七","1","1","2"
"六九七八七七八","1","1","2"
"万四千四百七十","1","1","2"
"四千四百七十一","1","1","2"
"千四百七十一度","1","1","2"
"四百七十一度六","1","1","2"
"百七十一度六十","1","1","2"
"七十一度六十七","1","1","2"
"十一度六十七分","1","1","2"
"一度六十七分零","1","1","2"
"度六十七分零四","1","1","2"
"六十七分零四六","1","1","2"
"十七分零四六零","1","1","2"
"七分零四六零三","1","1","2"
"分零四六零三七","1","1","2"
"黄道半弧背一度","1","1","2"
"零度八十七分五","2","0","2"
"五十六度零二六","1","1","2"
"十六度零二六八","1","1","2"
"三千四百一十零","2","0","2"
"千四百一十零度","2","0","2"
"四百一十零度一","2","0","2"
"度一七二零三零","1","1","2"
"一七二零三零二","1","1","2"
"七二零三零二四","1","1","2"
"黄赤道大弦六十","2","0","2"
"十零度八七五法","2","0","2"
"五十六度零一分","1","1","2"
"十六度零一分九","1","1","2"
"六度零一分九十","1","1","2"
"度零一分九十二","1","1","2"
"零一分九十二秒","1","1","2"
"百二十一度七五","1","1","2"
"置黄道半弧弦一","2","0","2"
"减黄道半背弦差","1","1","2"
"股五十六度零一","1","1","2"
"三千一百三十八","1","1","2"
"千一百三十八度","1","1","2"
"一百三十八度一","1","1","2"
"百三十八度一五","1","1","2"
"三十八度一五零","1","1","2"
"十八度一五零七","1","1","2"
"八度一五零七六","1","1","2"
"三千一百三十九","1","1","2"
"千一百三十九度","1","1","2"
"一百三十九度一","1","1","2"
"百三十九度一五","1","1","2"
"三十九度一五零","1","1","2"
"十九度一五零七","1","1","2"
"九度一五零七六","1","1","2"
"六十零度八十六","2","0","2"
"十零度八十六分","2","0","2"
"零度八十六分五","2","0","2"
"赤道横弧矢九十","1","1","2"
"道横弧矢九十七","1","1","2"
"横弧矢九十七秒","1","1","2"
"置黄赤道小弧矢","2","0","2"
"零度八十七分半","2","0","2"
"减黄道四十四度","1","1","2"
"赤道小弦五十八","1","1","2"
"道小弦五十八度","1","1","2"
"小弦五十八度三","1","1","2"
"弦五十八度三十","1","1","2"
"五十八度三十五","1","1","2"
"十八度三十五分","1","1","2"
"八度三十五分六","1","1","2"
"度三十五分六十","1","1","2"
"三十五分六十九","1","1","2"
"余二度五十一分","1","1","2"
"赤道内外半弧弦","1","1","2"
"道内外半弧弦二","1","1","2"
"内外半弧弦二十","1","1","2"
"外半弧弦二十三","1","1","2"
"度五十一分四二","1","1","2"
"五十一分四二三","1","1","2"
"十一分四二三八","1","1","2"
"一十七度二十五","2","0","2"
"赤道小弧矢二度","1","1","2"
"道小弧矢二度五","1","1","2"
"小弧矢二度五十","1","1","2"
"弧矢二度五十一","1","1","2"
"矢二度五十一分","1","1","2"
"象限九十一度三","1","1","2"
"限九十一度三十","1","1","2"
"九十一度三十一","1","1","2"
"十一度三十一分","1","1","2"
"一度三十一分四","1","1","2"
"度三十一分四十","1","1","2"
"三十一分四十三","1","1","2"
"十一分四十三秒","1","1","2"
"一分四十三秒七","1","1","2"
"分四十三秒七五","1","1","2"
"十七度三零八九","1","1","2"
"一百零八度六十","1","1","2"
"百零八度六十二","1","1","2"
"零八度六十二分","1","1","2"
"八度六十二分三","1","1","2"
"度六十二分三十","1","1","2"
"六十二分三十二","1","1","2"
"十二分三十二秒","1","1","2"
"二分三十二秒七","1","1","2"
"分三十二秒七五","1","1","2"
"容阔五度七十分","1","1","2"
"入半弧弦二十三","1","1","2"
"除大股五十六度","1","1","2"
"股五十六度零六","1","1","2"
"五十六度零六分","1","1","2"
"十六度零六分五","1","1","2"
"六度零六分五十","1","1","2"
"度零六分五十秒","1","1","2"
"十三度四十七分","1","1","2"
"三度四十七分八","1","1","2"
"度四十七分八十","1","1","2"
"四十七分八十二","1","1","2"
"十七分八十二秒","1","1","2"
"十四度六十三分","1","1","2"
"万历十一年八月","1","1","2"
"历十一年八月庚","1","1","2"
"十一年八月庚戌","1","1","2"
"十三年四月戊午","1","1","2"
"十四年三月乙巳","1","1","2"
"十六年五月辛丑","1","1","2"
"成都东门外镇江","1","1","2"
"都东门外镇江桥","1","1","2"
"东门外镇江桥回","1","1","2"
"门外镇江桥回澜","1","1","2"
"外镇江桥回澜塔","1","1","2"
"万历四十七年七","1","1","2"
"历四十七年七月","1","1","2"
"洪武十一年正月","1","1","2"
"武十一年正月元","1","1","2"
"十一年正月元旦","1","1","2"
"一年正月元旦甲","1","1","2"
"年正月元旦甲戌","1","1","2"
"十二年十二月甲","1","1","2"
"二年十二月甲子","1","1","2"
"建文二年四月乙","1","1","2"
"文二年四月乙卯","1","1","2"
"成化十三年六月","1","1","2"
"化十三年六月壬","1","1","2"
"十三年六月壬子","1","1","2"
"正德四年三月甲","1","1","2"
"德四年三月甲寅","1","1","2"
"嘉靖六年五月甲","1","1","2"
"靖六年五月甲午","1","1","2"
"隆庆六年七月七","1","1","2"
"庆六年七月七日","1","1","2"
"直隶华亭海滨坠","1","1","2"
"万历二十一年十","1","1","2"
"历二十一年十月","1","1","2"
"二十一年十月甲","1","1","2"
"十一年十月甲申","1","1","2"
"二十六年五月庚","1","1","2"
"十六年五月庚寅","1","1","2"
"天启六年五月丁","1","1","2"
"启六年五月丁未","1","1","2"
"八年十二月辛巳","1","1","2"
"山东镇南城楼大","1","1","2"
"东镇南城楼大炮","1","1","2"
"十三年三月丙申","1","1","2"
"洪熙元年六月庚","1","1","2"
"熙元年六月庚戌","1","1","2"
"宣德元年六月癸","1","1","2"
"弘治五年十二月","1","1","2"
"治五年十二月辛","1","1","2"
"五年十二月辛亥","1","1","2"
"嘉靖七年十二月","1","1","2"
"成化十四年八月","1","1","2"
"化十四年八月丁","1","1","2"
"十五年八月辛卯","1","1","2"
"弘治三年六月壬","1","1","2"
"治三年六月壬午","1","1","2"
"二年闰正月癸亥","1","1","2"
"十二年四月丙辰","1","1","2"
"十三年三月甲寅","1","1","2"
"十六年十二月辛","1","1","2"
"六年十二月辛卯","1","1","2"
"嘉靖元年七月己","1","1","2"
"靖元年七月己巳","1","1","2"
"万历十八年三月","1","1","2"
"历十八年三月甲","1","1","2"
"十八年三月甲辰","1","1","2"
"四十一年八月乙","1","1","2"
"天启元年三月辛","1","1","2"
"启元年三月辛亥","1","1","2"
"崇祯十四年五月","1","1","2"
"十六年正月丁酉","1","1","2"
"建文元年七月癸","1","1","2"
"文元年七月癸酉","1","1","2"
"天顺八年二月壬","1","1","2"
"顺八年二月壬子","1","1","2"
"成化六年二月丁","1","1","2"
"化六年二月丁丑","1","1","2"
"二十一年三月戊","1","1","2"
"十一年三月戊子","1","1","2"
"弘治二年二月辛","1","1","2"
"治二年二月辛亥","1","1","2"
"正德五年三月甲","1","1","2"
"德五年三月甲子","1","1","2"
"六年十一月辛酉","1","1","2"
"嘉靖元年九月己","1","1","2"
"靖元年九月己巳","1","1","2"
"二十六年七月乙","1","1","2"
"十六年七月乙丑","1","1","2"
"二十八年三月丙","1","1","2"
"十八年三月丙申","1","1","2"
"三十年正月辛卯","1","1","2"
"四十年二月己酉","1","1","2"
"隆庆二年正月元","1","1","2"
"庆二年正月元旦","1","1","2"
"万历十七年正月","1","1","2"
"历十七年正月乙","1","1","2"
"十七年正月乙丑","1","1","2"
"二十五年二月戊","1","1","2"
"十五年二月戊寅","1","1","2"
"三十八年四月戊","1","1","2"
"十八年四月戊戌","1","1","2"
"天启元年四月乙","1","1","2"
"启元年四月乙亥","1","1","2"
"崇祯元年正月癸","1","1","2"
"祯元年正月癸亥","1","1","2"
"十三年闰正月丙","1","1","2"
"三年闰正月丙申","1","1","2"
"后四年三月丙申","1","1","2"
"弘治六年八月己","1","1","2"
"治六年八月己巳","1","1","2"
"山东平山卫牛犊","1","1","2"
"万历十三年九月","1","1","2"
"太原府徐沟县西","1","1","2"
"原府徐沟县西北","1","1","2"
"十一年四月乙巳","1","1","2"
"十九年六月辛丑","1","1","2"
"建文元年三月甲","1","1","2"
"文元年三月甲午","1","1","2"
"乐元年十一月甲","1","1","2"
"元年十一月甲午","1","1","2"
"二年十一月癸丑","1","1","2"
"十一年八月甲子","1","1","2"
"十三年九月壬戌","1","1","2"
"十四年九月癸卯","1","1","2"
"十八年六月丙午","1","1","2"
"洪熙元年二月戊","1","1","2"
"熙元年二月戊午","1","1","2"
"宣德元年七月癸","1","1","2"
"德元年七月癸巳","1","1","2"
"正统三年三月己","1","1","2"
"统三年三月己亥","1","1","2"
"景泰二年七月癸","1","1","2"
"泰二年七月癸丑","1","1","2"
"成化元年四月甲","1","1","2"
"化元年四月甲申","1","1","2"
"十二年正月辛亥","1","1","2"
"十六年八月丁巳","1","1","2"
"二十年正月庚寅","1","1","2"
"居庸关城垣墩堡","1","1","2"
"庸关城垣墩堡多","1","1","2"
"蓟州遵化县地震","2","0","2"
"十二年六月壬辰","1","1","2"
"弘治元年八月壬","1","1","2"
"治元年八月壬寅","1","1","2"
"黄头等寨碉房三","1","1","2"
"头等寨碉房三十","1","1","2"
"等寨碉房三十七","1","1","2"
"寨碉房三十七户","1","1","2"
"十一年六月丙子","1","1","2"
"十三年七月己巳","1","1","2"
"十四年正月庚戌","1","1","2"
"十六年二月庚申","1","1","2"
"十八年六月癸亥","1","1","2"
"德元年二月癸酉","1","1","2"
"大同府应州山阴","1","1","2"
"云南赵州永宁卫","1","1","2"
"十一年八月戊辰","1","1","2"
"十二年四月甲子","1","1","2"
"十四年二月丁丑","1","1","2"
"十二年八月丁酉","1","1","2"
"十五年十月庚寅","1","1","2"
"十六年九月癸酉","1","1","2"
"十九年四月庚午","1","1","2"
"二十二年三月乙","1","1","2"
"十二年三月乙巳","1","1","2"
"二十七年七月戊","1","1","2"
"十七年七月戊寅","1","1","2"
"三十一年二月癸","1","1","2"
"十一年二月癸亥","1","1","2"
"三十八年七月辛","1","1","2"
"十八年七月辛巳","1","1","2"
"四十年二月戊戌","1","1","2"
"四十一年正月丙","1","1","2"
"十一年正月丙申","1","1","2"
"四川顺义等县同","1","1","2"
"川顺义等县同日","1","1","2"
"三年十一月庚辰","1","1","2"
"万历元年八月戊","1","1","2"
"历元年八月戊申","1","1","2"
"十二年二月丁卯","1","1","2"
"十四年四月癸酉","1","1","2"
"十五年三月壬辰","1","1","2"
"十六年六月庚申","1","1","2"
"二十三年五月丁","1","1","2"
"十三年五月丁酉","1","1","2"
"二十五年正月壬","1","1","2"
"十五年正月壬辰","1","1","2"
"二十六年正月丁","1","1","2"
"十六年正月丁亥","1","1","2"
"二十八年二月戊","1","1","2"
"十八年二月戊寅","1","1","2"
"三十一年四月丙","1","1","2"
"十一年四月丙午","1","1","2"
"三十二年闰九月","1","1","2"
"十二年闰九月庚","1","1","2"
"二年闰九月庚辰","1","1","2"
"三十三年五月辛","1","1","2"
"十三年五月辛丑","1","1","2"
"三十五年七月乙","1","1","2"
"十五年七月乙卯","1","1","2"
"四十年二月乙亥","1","1","2"
"四十三年二月己","1","1","2"
"四十六年六月壬","1","1","2"
"十六年六月壬午","1","1","2"
"坏城垣七千九百","1","1","2"
"河南一州六县同","1","1","2"
"南一州六县同日","1","1","2"
"十三年十一月戊","1","1","2"
"三年十一月戊子","1","1","2"
"十一年九月壬戌","1","1","2"
"十二年二月癸巳","1","1","2"
"十四年三月戊寅","1","1","2"
"十五年五月丙戌","1","1","2"
"洪武六年正月壬","1","1","2"
"武六年正月壬戌","1","1","2"
"十七年十二月辛","1","1","2"
"七年十二月辛丑","1","1","2"
"弘治三年六月乙","1","1","2"
"治三年六月乙巳","1","1","2"
"十三年五月癸亥","1","1","2"
"嘉靖四年七月乙","1","1","2"
"靖四年七月乙酉","1","1","2"
"十九年十二月己","1","1","2"
"九年十二月己巳","1","1","2"
"二十一年六月乙","1","1","2"
"十一年六月乙酉","1","1","2"
"二十六年七月癸","1","1","2"
"十六年七月癸酉","1","1","2"
"澄城麻陂山界头","1","1","2"
"城麻陂山界头岭","1","1","2"
"隆庆二年五月庚","1","1","2"
"庆二年五月庚戌","1","1","2"
"二十七年八月甲","1","1","2"
"十七年八月甲午","1","1","2"
"洪武十九年九月","1","1","2"
"武十九年九月丙","1","1","2"
"十九年九月丙子","1","1","2"
"宣德元年七月甲","1","1","2"
"德元年七月甲午","1","1","2"
"治元年五月丙寅","1","1","2"
"正德十二年四月","1","1","2"
"盐城教官王明佐","1","1","2"
"正统十一年二月","1","1","2"
"统十一年二月辛","1","1","2"
"十一年二月辛酉","1","1","2"
"成化九年四月乙","1","1","2"
"化九年四月乙亥","1","1","2"
"十三年四月戊戌","1","1","2"
"弘治十年三月己","1","1","2"
"治十年三月己酉","1","1","2"
"十七年二月甲辰","1","1","2"
"隆庆元年三月甲","1","1","2"
"庆元年三月甲寅","1","1","2"
"十六年三月庚午","1","1","2"
"四十七年二月甲","1","1","2"
"十七年二月甲戌","1","1","2"
"崇祯十二年二月","1","1","2"
"祯十二年二月壬","1","1","2"
"十二年二月壬申","1","1","2"
"十四年正月壬寅","1","1","2"
"清上下河道淤塞","1","1","2"
"直下云梯关入海","1","1","2"
"五港岸筑堤束水","1","1","2"
"请复老黄河故道","2","0","2"
"黄水向老黄河故","1","1","2"
"水向老黄河故道","1","1","2"
"乘虚涌入清口故","1","1","2"
"虚涌入清口故道","1","1","2"
"筑淮安新城长堤","1","1","2"
"筑高家堰堤六十","1","1","2"
"柳浦湾堤东西七","1","1","2"
"浦湾堤东西七十","1","1","2"
"通济闸於甘罗城","2","0","2"
"济闸於甘罗城南","2","0","2"
"河南巡抚周鉴等","1","1","2"
"复专设总理大臣","1","1","2"
"右都御史总督河","1","1","2"
"都御史总督河道","1","1","2"
"工部尚书曾同亨","1","1","2"
"部尚书曾同亨上","1","1","2"
"直隶巡按彭应参","1","1","2"
"户部郎中华存礼","1","1","2"
"工部侍郎沈节甫","1","1","2"
"工部侍郎沈思孝","1","1","2"
"工部主事樊兆程","1","1","2"
"腰铺新河四十里","1","1","2"
"淮安知府马化龙","1","1","2"
"州兵备道李弘道","1","1","2"
"直隶巡按御史蒋","1","1","2"
"隶巡按御史蒋春","1","1","2"
"巡按御史蒋春芳","1","1","2"
"桃源黄河坝新河","1","1","2"
"筑山西坡归仁堤","1","1","2"
"小河口泄入运河","1","1","2"
"直隶巡按御史佴","1","1","2"
"隶巡按御史佴祺","1","1","2"
"工科事中张问达","2","0","2"
"蒙墙寺西北黄河","1","1","2"
"沛县四铺口太行","1","1","2"
"县四铺口太行堤","1","1","2"
"工部尚书姚继言","2","0","2"
"太子少保兵部尚","1","1","2"
"子少保兵部尚书","1","1","2"
"萧县郭暖楼人字","1","1","2"
"县郭暖楼人字口","1","1","2"
"缕堤二百八十丈","1","1","2"
"工部侍郎王佐督","1","1","2"
"总河侍郎陈道亨","1","1","2"
"河侍郎陈道亨役","1","1","2"
"清河决口汇成巨","1","1","2"
"徐州青田大龙口","1","1","2"
"城中水深一丈三","1","1","2"
"中水深一丈三尺","1","1","2"
"云龙山西北大安","1","1","2"
"龙山西北大安桥","1","1","2"
"总河侍郎李若星","1","1","2"
"河侍郎李若星请","1","1","2"
"塞曹家口匙头湾","1","1","2"
"督漕尚书杨一鹏","1","1","2"
"总河尚书刘荣嗣","1","1","2"
"河尚书刘荣嗣银","1","1","2"
"刑部侍郎惠世扬","1","1","2"
"山东巡抚王永吉","1","1","2"
"东巡抚王永吉上","1","1","2"
"帝令总河侍郎黄","1","1","2"
"令总河侍郎黄希","1","1","2"
"总河侍郎黄希宪","1","1","2"
"镇口三百九十里","1","1","2"
"扬州三百七十里","1","1","2"
"宝应倚湖直渠四","1","1","2"
"应倚湖直渠四十","1","1","2"
"倚湖直渠四十里","1","1","2"
"临清三百八十五","1","1","2"
"清三百八十五里","1","1","2"
"大汶河泰安仙台","2","0","2"
"汶河泰安仙台岭","2","0","2"
"河泰安仙台岭南","2","0","2"
"莱芜原山阴寨子","2","0","2"
"芜原山阴寨子村","2","0","2"
"工部侍郎杜谦勘","1","1","2"
"城西管家湖西北","1","1","2"
"舍五百六十八所","1","1","2"
"清河训导唐学成","1","1","2"
"漕运总兵官徐恭","1","1","2"
"工部尚书江渊等","1","1","2"
"部尚书江渊等请","1","1","2"
"副都御史贾谅治","1","1","2"
"命户部侍郎白昂","1","1","2"
"副都御史刘大夏","1","1","2"
"都御史刘大夏奉","1","1","2"
"御史刘大夏奉敕","1","1","2"
"马场堤外孙村地","1","1","2"
"总河都御史盛应","1","1","2"
"河都御史盛应期","1","1","2"
"督理河漕侍郎王","1","1","2"
"孙继口多开一沟","1","1","2"
"督理河漕尚书朱","1","1","2"
"理河漕尚书朱衡","1","1","2"
"坏新筑东西二堤","1","1","2"
"都御史翁大立代","1","1","2"
"督漕侍郎赵孔昭","1","1","2"
"清江一带黄河五","1","1","2"
"江一带黄河五十","1","1","2"
"一带黄河五十里","1","1","2"
"淮河高良涧一带","1","1","2"
"河高良涧一带七","1","1","2"
"高良涧一带七十","1","1","2"
"鸿沟境山疏浚工","1","1","2"
"新任总河都御史","1","1","2"
"任总河都御史潘","1","1","2"
"清河长堤五百五","1","1","2"
"河长堤五百五十","1","1","2"
"长堤五百五十里","1","1","2"
"张家湾二千八百","1","1","2"
"清江浦河六十里","1","1","2"
"留黄家闸外二十","1","1","2"
"黄家闸外二十里","1","1","2"
"都御史傅希挚请","1","1","2"
"漕侍郎吴桂芳言","2","0","2"
"元哲修筑淮安长","1","1","2"
"哲修筑淮安长堤","1","1","2"
"盐城石〈石达〉","2","0","2"
"城石〈石达〉口","2","0","2"
"高邮湖土石二堤","1","1","2"
"新开漕河南北二","1","1","2"
"开漕河南北二闸","1","1","2"
"元哲增筑山阳长","1","1","2"
"哲增筑山阳长堤","1","1","2"
"总理河漕都御史","1","1","2"
"理河漕都御史潘","1","1","2"
"河漕都御史潘季","1","1","2"
"漕都御史潘季驯","1","1","2"
"朱家口引清水灌","1","1","2"
"督漕尚书凌云翼","1","1","2"
"永济河四十五里","1","1","2"
"总漕都御史李世","1","1","2"
"漕都御史李世达","1","1","2"
"工部郎中陈毓贤","1","1","2"
"工部郎中许应逵","1","1","2"
"部郎中许应逵建","1","1","2"
"郎中许应逵建议","1","1","2"
"督漕侍郎杨一魁","1","1","2"
"漕侍郎杨一魁请","1","1","2"
"督漕都御史褚鈇","1","1","2"
"凤阳巡抚都御史","1","1","2"
"阳巡抚都御史李","1","1","2"
"巡抚都御史李三","1","1","2"
"抚都御史李三才","1","1","2"
"都御史李三才建","1","1","2"
"御史李三才建议","1","1","2"
"李家港二百六十","1","1","2"
"李化龙上开李家","1","1","2"
"化龙上开李家港","1","1","2"
"督漕侍郎陈荐开","1","1","2"
"总河侍郎王佐加","1","1","2"
"河侍郎王佐加筑","1","1","2"
"侍郎王佐加筑月","1","1","2"
"郎王佐加筑月坝","1","1","2"
"淮安知府宋统殷","1","1","2"
"山阳知县练国事","1","1","2"
"淮安正河三十年","1","1","2"
"漕储参政朱国盛","1","1","2"
"总河尚书朱光祚","1","1","2"
"命大将军徐达等","1","1","2"
"大将军徐达等备","1","1","2"
"朔州军士白荣请","1","1","2"
"黑峪口五百五十","1","1","2"
"同总兵官方政继","1","1","2"
"宣大巡抚都御史","1","1","2"
"大巡抚都御史李","1","1","2"
"巡抚都御史李仪","1","1","2"
"延绥总兵官张杰","1","1","2"
"制三边都御史杨","1","1","2"
"三边都御史杨一","1","1","2"
"修筑定边营等六","1","1","2"
"设太监参将等官","1","1","2"
"巡抚都御史陈讲","1","1","2"
"抚都御史陈讲请","1","1","2"
"巡按山西御史陈","1","1","2"
"按山西御史陈豪","1","1","2"
"军务兵部尚书杨","1","1","2"
"务兵部尚书杨博","1","1","2"
"总兵官戚继光总","1","1","2"
"兵官戚继光总理","1","1","2"
"官戚继光总理蓟","1","1","2"
"土蛮部落虎炖兔","1","1","2"
"甘肃总兵官蒋贵","1","1","2"
"山西总兵官李谦","1","1","2"
"西总兵官李谦请","1","1","2"
"巡抚延绥胡志夔","1","1","2"
"抚延绥胡志夔请","1","1","2"
"浙江行省平章李","1","1","2"
"江行省平章李文","1","1","2"
"行省平章李文忠","1","1","2"
"洪武四年十二月","1","1","2"
"江夏侯周德兴抽","1","1","2"
"置福建沿海指挥","1","1","2"
"福建沿海指挥使","1","1","2"
"建沿海指挥使司","1","1","2"
"沿海指挥使司五","1","1","2"
"造苏州太仓卫海","1","1","2"
"戚魏国公徐辉祖","1","1","2"
"魏国公徐辉祖等","1","1","2"
"国公徐辉祖等分","1","1","2"
"管福建海道提督","1","1","2"
"福建海道提督军","1","1","2"
"建海道提督军务","1","1","2"
"海道提督军务都","1","1","2"
"道提督军务都御","1","1","2"
"总督南直军务都","1","1","2"
"督南直军务都御","1","1","2"
"南直军务都御史","1","1","2"
"直军务都御史张","1","1","2"
"军务都御史张经","1","1","2"
"务都御史张经调","1","1","2"
"南京御史屠仲律","1","1","2"
"金山副总兵调度","1","1","2"
"福建巡抚都御史","1","1","2"
"建巡抚都御史游","1","1","2"
"巡抚都御史游震","1","1","2"
"广东南澳总兵官","1","1","2"
"南直巡按御史颜","1","1","2"
"直巡按御史颜思","1","1","2"
"福建巡抚丁继嗣","1","1","2"
"海澄团练营土著","1","1","2"
"澄团练营土著军","1","1","2"
"守备定西侯蒋琬","1","1","2"
"南京都御史白昂","1","1","2"
"狼山副总兵水陆","1","1","2"
"山副总兵水陆相","1","1","2"
"都御史宋仪望言","2","0","2"
"南京兵部尚书衷","1","1","2"
"京兵部尚书衷贞","1","1","2"
"兵部尚书衷贞吉","1","1","2"
"部尚书衷贞吉等","1","1","2"
"大同巡抚刘宇请","1","1","2"
"兵部议覆侍郎李","1","1","2"
"部议覆侍郎李孟","1","1","2"
"议覆侍郎李孟旸","1","1","2"
"覆侍郎李孟旸请","1","1","2"
"兵部尚书杨博请","1","1","2"
"南京职方郎中邹","1","1","2"
"京职方郎中邹维","1","1","2"
"山西参政徐九翰","1","1","2"
"西参政徐九翰尤","1","1","2"
"工部侍郎张慎言","1","1","2"
"总河都御史刘天","1","1","2"
"陵护城石堤二百","1","1","2"
"令河臣疏导堵塞","1","1","2"
"河尚书舒应龙等","1","1","2"
"尚书舒应龙等详","1","1","2"
"建武家墩经河闸","1","1","2"
"总河侍郎翁大立","1","1","2"
"河侍郎翁大立请","1","1","2"
"工部尚书朱衡请","1","1","2"
"总河都御史万恭","1","1","2"
"河都御史万恭等","1","1","2"
"巡漕御史刘光国","1","1","2"
"大河口五百三十","1","1","2"
"河口五百三十里","1","1","2"
"河尚书舒应龙开","1","1","2"
"韩庄渠上接微山","1","1","2"
"巡漕御史毛一鹭","1","1","2"
"总漕尚书杨一鹏","1","1","2"
"河南参议丰庆请","1","1","2"
"总督河漕杨一魁","1","1","2"
"泰昌元年十二月","1","1","2"
"馆陶西南五十里","1","1","2"
"西南张固村河口","1","1","2"
"冢村等堤岸二十","1","1","2"
"村等堤岸二十四","1","1","2"
"等堤岸二十四处","1","1","2"
"坏临漳杜村西南","1","1","2"
"临漳杜村西南堤","1","1","2"
"广平大留村十八","1","1","2"
"平大留村十八里","1","1","2"
"新乡知县许宣请","1","1","2"
"吏部尚书王直请","1","1","2"
"都察院都事金景","1","1","2"
"察院都事金景辉","1","1","2"
"茶陵知州范守己","1","1","2"
"巡抚都御史杨璇","1","1","2"
"白沟三河上源堤","1","1","2"
"沟三河上源堤岸","1","1","2"
"天津决口八十六","1","1","2"
"堤三千九百馀丈","2","0","2"
"巡按御史傅汉臣","1","1","2"
"都城西四十里石","1","1","2"
"城西四十里石景","1","1","2"
"西四十里石景山","1","1","2"
"霸州西支河二十","1","1","2"
"州西支河二十里","1","1","2"
"南支河三十五里","1","1","2"
"霸州桑圆里上下","1","1","2"
"卢沟桥小屯厂溃","1","1","2"
"决保定县安州堤","1","1","2"
"保定县安州堤五","1","1","2"
"定县安州堤五十","1","1","2"
"筑龙王庙南石堤","1","1","2"
"万历十五年九月","1","1","2"
"东北海险数千里","1","1","2"
"元时新河石座旧","1","1","2"
"时新河石座旧迹","1","1","2"
"南京工部尚书刘","1","1","2"
"京工部尚书刘应","1","1","2"
"工部尚书刘应节","1","1","2"
"山东巡抚李世达","1","1","2"
"东巡抚李世达上","1","1","2"
"多碙〈石句〉石","2","0","2"
"户部主事邢国玺","1","1","2"
"翰林学士陶安等","1","1","2"
"林学士陶安等二","1","1","2"
"学士陶安等二十","1","1","2"
"士陶安等二十人","1","1","2"
"令一百四十五条","1","1","2"
"律二百八十五条","1","1","2"
"大理卿周桢等取","1","1","2"
"诏刑部尚书刘惟","1","1","2"
"刑部尚书刘惟谦","1","1","2"
"部尚书刘惟谦详","1","1","2"
"洪武六年冬十一","1","1","2"
"武六年冬十一月","1","1","2"
"六年冬十一月受","1","1","2"
"年冬十一月受诏","1","1","2"
"旧律二百八十八","1","1","2"
"律二百八十八条","1","1","2"
"御史大夫汪广洋","1","1","2"
"史大夫汪广洋等","1","1","2"
"大夫汪广洋等详","1","1","2"
"南直隶巡抚王恕","1","1","2"
"刑部尚书彭韶等","1","1","2"
"行者二百九十七","1","1","2"
"者二百九十七条","1","1","2"
"保定巡抚王应鹏","1","1","2"
"部尚书胡世宁请","2","0","2"
"诏尚书顾应祥等","1","1","2"
"刑部尚书舒化等","1","1","2"
"共三百八十二条","1","1","2"
"江西按察使黄翰","1","1","2"
"老幼残疾男妇诬","2","0","2"
"幼残疾男妇诬告","2","0","2"
"俱发北方边卫充","2","0","2"
"发北方边卫充军","2","0","2"
"榜例死罪六千贯","2","0","2"
"力者发天寿山种","2","0","2"
"者发天寿山种树","2","0","2"
"应钞二千二百五","2","0","2"
"收钞千一百二十","2","0","2"
"钞千一百二十五","2","0","2"
"巡抚湖广都御史","1","1","2"
"抚湖广都御史朱","1","1","2"
"湖广都御史朱廷","1","1","2"
"广都御史朱廷声","1","1","2"
"收钱三百五十文","2","0","2"
"犯死罪免死充军","1","1","2"
"伍后所生子孙替","1","1","2"
"苏州城东鲇鱼口","1","1","2"
"德胜新河四十里","1","1","2"
"粮储河道都御史","1","1","2"
"储河道都御史李","1","1","2"
"河道都御史李秉","1","1","2"
"督漕都御史臧凤","1","1","2"
"岁贡生许汝愚上","1","1","2"
"引长山八十四溪","1","1","2"
"太常少卿姜志礼","1","1","2"
"常少卿姜志礼建","1","1","2"
"青龙华家瓮山三","1","1","2"
"流水河口一百里","1","1","2"
"漕运总兵官杨茂","1","1","2"
"张家湾浑河口六","1","1","2"
"家湾浑河口六十","1","1","2"
"改建通州西水关","1","1","2"
"留督工郎中何栋","1","1","2"
"督工郎中何栋专","1","1","2"
"大河卫百户闵恭","1","1","2"
"巩华城外安济桥","1","1","2"
"布花钞锭十二万","1","1","2"
"中间平度州东南","1","1","2"
"元时建闸直达安","1","1","2"
"辽东巡抚侯汝谅","1","1","2"
"顺天巡抚耿随朝","1","1","2"
"山东巡抚梁梦龙","1","1","2"
"东巡抚梁梦龙极","1","1","2"
"天津三千三百里","1","1","2"
"三千三百九十里","1","1","2"
"顺风扬帆一二日","1","1","2"
"山东巡抚李长庚","1","1","2"
"东巡抚李长庚奏","1","1","2"
"户部侍郎一人督","1","1","2"
"督漕侍郎朱大典","1","1","2"
"漕侍郎朱大典所","1","1","2"
"漕运总兵官万表","1","1","2"
"二十万七千八百","1","1","2"
"左右二十队勇字","1","1","2"
"右二十队勇字旗","1","1","2"
"五军红盔贴直军","1","1","2"
"命都御史马文升","1","1","2"
"时尚书刘大夏陈","1","1","2"
"户部主事李梦阳","1","1","2"
"部尚书丁汝夔核","1","1","2"
"吏部侍郎王邦瑞","1","1","2"
"左右前后参将四","1","1","2"
"五军营一百九十","1","1","2"
"军营一百九十六","1","1","2"
"神机营一百八十","1","1","2"
"机营一百八十二","1","1","2"
"大学士赵贞吉请","1","1","2"
"巡视京营科臣林","1","1","2"
"视京营科臣林景","1","1","2"
"京营科臣林景旸","1","1","2"
"营科臣林景旸请","1","1","2"
"协理侍郎朱光祚","1","1","2"
"戎政侍郎李邦华","1","1","2"
"问戎政侍郎王家","1","1","2"
"戎政侍郎王家彦","1","1","2"
"南京兵部尚书参","1","1","2"
"京兵部尚书参赞","1","1","2"
"储侍郎黄懋官抑","1","1","2"
"参赞尚书潘季驯","1","1","2"
"三千一百二十人","1","1","2"
"南北镇抚司十四","1","1","2"
"置勋卫散骑舍人","1","1","2"
"府军前卫带刀官","2","0","2"
"锦衣卫大汉将军","1","1","2"
"衣卫大汉将军一","1","1","2"
"卫大汉将军一千","1","1","2"
"大汉将军一千五","1","1","2"
"汉将军一千五百","1","1","2"
"枢营红盔将军二","1","1","2"
"营红盔将军二千","1","1","2"
"红盔将军二千五","1","1","2"
"盔将军二千五百","1","1","2"
"营叉刀围子手三","1","1","2"
"叉刀围子手三千","1","1","2"
"旗手等卫带刀官","1","1","2"
"手等卫带刀官一","1","1","2"
"等卫带刀官一百","1","1","2"
"卫带刀官一百八","1","1","2"
"带刀官一百八十","1","1","2"
"御马监家将勇士","1","1","2"
"置帐前总制亲兵","1","1","2"
"帐前总制亲兵都","1","1","2"
"前总制亲兵都指","1","1","2"
"总制亲兵都指挥","1","1","2"
"制亲兵都指挥使","1","1","2"
"内皇城卫舍四十","1","1","2"
"外皇城卫舍七十","1","1","2"
"皇城卫舍七十二","1","1","2"
"内皇城左右坐更","1","1","2"
"皇城左右坐更将","1","1","2"
"城左右坐更将军","1","1","2"
"置亲军指挥使司","1","1","2"
"万一千七百八十","1","1","2"
"一千七百八十人","1","1","2"
"五千三百三十人","1","1","2"
"三千六百四十七","1","1","2"
"提督内臣曹化淳","1","1","2"
"洪武三年十一月","1","1","2"
"四万七千九百余","1","1","2"
"事中潘庸等分行","1","1","2"
"富峪卫百户钱兴","1","1","2"
"侍郎黄宗载等清","1","1","2"
"郎黄宗载等清理","1","1","2"
"千二百三十九人","1","1","2"
"巡抚侍郎周忱清","1","1","2"
"抚侍郎周忱清理","1","1","2"
"御史十一人分道","1","1","2"
"史十一人分道清","1","1","2"
"兵部尚书胡世宁","1","1","2"
"南京兵部尚书郭","1","1","2"
"京兵部尚书郭应","1","1","2"
"兵部尚书郭应聘","1","1","2"
"上虞人李志道充","1","1","2"
"部尚书马文升申","1","1","2"
"尚书马文升申明","1","1","2"
"令提督坐营官操","1","1","2"
"提督坐营官操练","1","1","2"
"浙江参将戚继光","1","1","2"
"宣府总兵官谭广","1","1","2"
"真定藏都督平安","1","1","2"
"定藏都督平安火","1","1","2"
"藏都督平安火伞","1","1","2"
"总督军务翁万达","1","1","2"
"大学士徐光启请","1","1","2"
"夺门将军大小二","1","1","2"
"门将军大小二样","1","1","2"
"大中小佛郎机铜","1","1","2"
"军资器械名目繁","1","1","2"
"刀牌甲士共十人","1","1","2"
"车前后占地五步","1","1","2"
"甘肃总兵官王玺","1","1","2"
"辽东巡抚魏学曾","1","1","2"
"直隶巡按御史易","1","1","2"
"隶巡按御史易应","1","1","2"
"巡按御史易应昌","1","1","2"
"按御史易应昌进","1","1","2"
"户部主事曹履吉","1","1","2"
"部主事曹履吉所","1","1","2"
"主事曹履吉所制","1","1","2"
"应天等六府二州","1","1","2"
"北方人户五丁养","1","1","2"
"方人户五丁养一","1","1","2"
"定两京太仆种马","1","1","2"
"荐南京太常卿杨","1","1","2"
"南京太常卿杨一","1","1","2"
"京太常卿杨一清","1","1","2"
"十三万三千七百","1","1","2"
"三万三千七百余","1","1","2"
"万三千七百余顷","1","1","2"
"荒地十二万八千","1","1","2"
"地十二万八千余","1","1","2"
"地二千九百余顷","1","1","2"
"提督四夷馆太常","1","1","2"
"督四夷馆太常少","1","1","2"
"四夷馆太常少卿","1","1","2"
"夷馆太常少卿武","1","1","2"
"馆太常少卿武金","1","1","2"
"辽东督师袁崇焕","1","1","2"
"两京州县寄养马","1","1","2"
"京州县寄养马内","1","1","2"
"云南都指挥使司","1","1","2"
"山西行都司所属","1","1","2"
"定卫所屯守军士","1","1","2"
"内外卫四百九十","1","1","2"
"外卫四百九十三","1","1","2"
"守御屯田群牧千","1","1","2"
"御屯田群牧千户","1","1","2"
"屯田群牧千户所","1","1","2"
"田群牧千户所三","1","1","2"
"群牧千户所三百","1","1","2"
"牧千户所三百五","1","1","2"
"千户所三百五十","1","1","2"
"户所三百五十九","1","1","2"
"亲军上二十二卫","1","1","2"
"允成国公朱勇等","1","1","2"
"职方主事沈朝焕","1","1","2"
"顺天巡抚都御史","1","1","2"
"天巡抚都御史刘","1","1","2"
"巡抚都御史刘曰","1","1","2"
"抚都御史刘曰梧","1","1","2"
"临海横山岭水闸","1","1","2"
"沙子河胭脂坝四","1","1","2"
"子河胭脂坝四千","1","1","2"
"河胭脂坝四千三","1","1","2"
"胭脂坝四千三百","1","1","2"
"夫三十五万九千","1","1","2"
"夏县古河决口三","1","1","2"
"县古河决口三十","1","1","2"
"鹰扬卫乌江屯江","1","1","2"
"扬卫乌江屯江岸","1","1","2"
"山阳运盐河十八","1","1","2"
"阳运盐河十八里","1","1","2"
"石首临江万石堤","1","1","2"
"常熟福山塘三十","1","1","2"
"熟福山塘三十六","1","1","2"
"福山塘三十六里","1","1","2"
"浚浙江平阳县河","1","1","2"
"安陆京山景陵圩","1","1","2"
"监利车水堤四千","1","1","2"
"利车水堤四千四","1","1","2"
"车水堤四千四百","1","1","2"
"高安华陂屯陂堤","1","1","2"
"筑直隶新城张村","1","1","2"
"直隶新城张村等","1","1","2"
"北京行太仆卿杨","1","1","2"
"京行太仆卿杨砥","1","1","2"
"海州官河二百四","1","1","2"
"州官河二百四十","1","1","2"
"官河二百四十里","1","1","2"
"南京羽林右卫刁","1","1","2"
"京羽林右卫刁家","1","1","2"
"羽林右卫刁家圩","1","1","2"
"林右卫刁家圩屯","1","1","2"
"右卫刁家圩屯田","1","1","2"
"卫刁家圩屯田堤","1","1","2"
"长洲十八都港汊","1","1","2"
"文谷山常稔渠分","1","1","2"
"浙江归安知县华","1","1","2"
"江归安知县华嵩","1","1","2"
"灌县都江等堰四","1","1","2"
"县都江等堰四十","1","1","2"
"都江等堰四十四","1","1","2"
"巡按江西御史许","1","1","2"
"按江西御史许胜","1","1","2"
"南昌瑞河两岸低","1","1","2"
"丰城安沙绳湾圩","1","1","2"
"城安沙绳湾圩岸","1","1","2"
"安沙绳湾圩岸三","1","1","2"
"沙绳湾圩岸三千","1","1","2"
"绳湾圩岸三千六","1","1","2"
"湾圩岸三千六百","1","1","2"
"中书舍人陆伯伦","1","1","2"
"常熟七浦塘东西","1","1","2"
"献县柳林口堤岸","1","1","2"
"嵌土岸二千四百","1","1","2"
"溧水永丰圩周围","1","1","2"
"水永丰圩周围八","1","1","2"
"永丰圩周围八十","1","1","2"
"眉州新津通济堰","1","1","2"
"陕西西安灞桥河","1","1","2"
"潞州永禄等沟渠","1","1","2"
"州永禄等沟渠二","1","1","2"
"永禄等沟渠二十","1","1","2"
"禄等沟渠二十八","1","1","2"
"宁夏巡抚都御史","1","1","2"
"夏巡抚都御史金","1","1","2"
"巡抚都御史金濂","1","1","2"
"南京上中下新河","1","1","2"
"济川卫新江口防","1","1","2"
"川卫新江口防水","1","1","2"
"兰溪卸桥浦口堤","1","1","2"
"接苏州苑山湖塘","1","1","2"
"连城湖港廖家口","1","1","2"
"通州金沙场八里","1","1","2"
"州金沙场八里河","1","1","2"
"平度州大湾口河","1","1","2"
"度州大湾口河道","1","1","2"
"浙江听选官王信","1","1","2"
"灌溉降福等七十","1","1","2"
"永嘉三十六都河","1","1","2"
"浚江阴顺塘河十","1","1","2"
"云南总兵官沐璘","1","1","2"
"容城白沟河杜村","1","1","2"
"城白沟河杜村口","1","1","2"
"龙首渠引水七十","1","1","2"
"首渠引水七十里","1","1","2"
"巡抚都御史牟俸","1","1","2"
"提督水利分司一","1","1","2"
"督水利分司一员","1","1","2"
"水利分司一员随","1","1","2"
"利分司一员随时","1","1","2"
"分司一员随时修","1","1","2"
"浚云南东西二沟","1","1","2"
"隘口水门四十九","1","1","2"
"嘉兴等六府海田","1","1","2"
"兴等六府海田堤","1","1","2"
"等六府海田堤岸","1","1","2"
"南京中下二新河","1","1","2"
"巡抚都御史丘鼐","1","1","2"
"令浙江参政周季","1","1","2"
"浙江参政周季麟","1","1","2"
"江参政周季麟修","1","1","2"
"湖州长兴堤岸七","1","1","2"
"州长兴堤岸七十","1","1","2"
"浚南京新江口右","1","1","2"
"工部郎中陆时雍","1","1","2"
"巡抚都御史周金","1","1","2"
"宋转运使王纯臣","1","1","2"
"总督尚书杨博请","1","1","2"
"巡抚都御史翁大","1","1","2"
"抚都御史翁大立","1","1","2"
"七浦等处造成石","1","1","2"
"浦等处造成石闸","1","1","2"
"巡抚都御史海瑞","1","1","2"
"抚都御史海瑞疏","1","1","2"
"宋家桥长八十里","1","1","2"
"巡抚都御史宋仪","1","1","2"
"抚都御史宋仪望","1","1","2"
"巡抚都御史胡执","1","1","2"
"抚都御史胡执礼","1","1","2"
"都御史胡执礼请","1","1","2"
"前都御史海瑞力","1","1","2"
"上海江口宋家桥","1","1","2"
"昆山慢水港六十","1","1","2"
"松江大黄浦西南","1","1","2"
"筑上海李家洪老","1","1","2"
"上海李家洪老鸦","1","1","2"
"海李家洪老鸦嘴","1","1","2"
"李家洪老鸦嘴海","1","1","2"
"家洪老鸦嘴海岸","1","1","2"
"洪老鸦嘴海岸十","1","1","2"
"老鸦嘴海岸十八","1","1","2"
"鸦嘴海岸十八里","1","1","2"
"巡抚都御史李待","1","1","2"
"抚都御史李待问","1","1","2"
"都御史张国维请","1","1","2"
"尚宝少卿徐贞明","1","1","2"
"巡抚都御史梁问","1","1","2"
"抚都御史梁问孟","1","1","2"
"保定巡抚都御史","1","1","2"
"定巡抚都御史汪","1","1","2"
"巡抚都御史汪应","1","1","2"
"抚都御史汪应蛟","1","1","2"
"通判卢观象管理","1","1","2"
"判卢观象管理屯","1","1","2"
"卢观象管理屯田","1","1","2"
"观象管理屯田水","1","1","2"
"象管理屯田水利","1","1","2"
"巡按御史张慎言","1","1","2"
"太仆卿董应举管","1","1","2"
"河长一百九十四","1","1","2"
"长一百九十四里","1","1","2"
"文皇帝始置内阁","1","1","2"
"时员外郎贺灿然","1","1","2"
"京御史朱吾弼相","1","1","2"
"御史朱吾弼相继","1","1","2"
"代刘东星管理河","1","1","2"
"刘东星管理河道","1","1","2"
"副都御史巡抚山","1","1","2"
"赠南京礼部右侍","1","1","2"
"国子生授夔州通","1","1","2"
"子生授夔州通判","1","1","2"
"良世居金华九灵","1","1","2"
"世居金华九灵山","1","1","2"
"居金华九灵山下","1","1","2"
"四方文学士朱右","1","1","2"
"监军参议王维新","1","1","2"
"滋阳知县郝芳声","1","1","2"
"孟大宗子孙徭役","1","1","2"
"授四川兴文知县","1","1","2"
"知州翁登彦固守","1","1","2"
"左金王等十三部","1","1","2"
"金王等十三部西","1","1","2"
"王等十三部西窥","1","1","2"
"等十三部西窥潼","1","1","2"
"十三部西窥潼关","1","1","2"
"操江都御史熊明","1","1","2"
"江都御史熊明遇","1","1","2"
"保定巡抚张凤翔","1","1","2"
"兵部侍郎萧近高","1","1","2"
"礼部员外郎郑善","1","1","2"
"部员外郎郑善夫","1","1","2"
"应五十五日六十","1","1","2"
"五十五日六十刻","1","1","2"
"十五日六十刻八","1","1","2"
"五日六十刻八十","1","1","2"
"日六十刻八十九","1","1","2"
"六十刻八十九分","1","1","2"
"律总旬周六十日","1","1","2"
"周应二百三十八","1","1","2"
"应二百三十八度","1","1","2"
"二百三十八度二","1","1","2"
"百三十八度二十","1","1","2"
"三十八度二十二","1","1","2"
"十八度二十二分","1","1","2"
"八度二十二分三","1","1","2"
"度二十二分三十","1","1","2"
"二十二分三十九","1","1","2"
"十二分三十九秒","1","1","2"
"日食交外限六度","1","1","2"
"土星二百六十二","1","1","2"
"星二百六十二日","1","1","2"
"二百六十二日三","1","1","2"
"百六十二日三千","1","1","2"
"一千八百三十七","1","1","2"
"千八百三十七分","1","1","2"
"火星三百四十三","1","1","2"
"星三百四十三日","1","1","2"
"三百四十三日五","1","1","2"
"百四十三日五千","1","1","2"
"四十三日五千一","1","1","2"
"十三日五千一百","1","1","2"
"三日五千一百七","1","1","2"
"日五千一百七十","1","1","2"
"五千一百七十六","1","1","2"
"千一百七十六分","1","1","2"
"八千三百四十七","1","1","2"
"千三百四十七分","1","1","2"
"水星九十一日七","1","1","2"
"四日五千三百三","1","1","2"
"日五千三百三十","1","1","2"
"五千三百三十八","1","1","2"
"千三百三十八分","1","1","2"
"火星三百一十四","1","1","2"
"星三百一十四日","1","1","2"
"金星六十日一千","1","1","2"
"星六十日一千九","1","1","2"
"六十日一千九百","1","1","2"
"十日一千九百七","1","1","2"
"日一千九百七十","1","1","2"
"一千九百七十五","1","1","2"
"千九百七十五分","1","1","2"
"水星二百五十三","1","1","2"
"星二百五十三日","1","1","2"
"二百五十三日七","1","1","2"
"百五十三日七千","1","1","2"
"五十三日七千四","1","1","2"
"十三日七千四百","1","1","2"
"三日七千四百九","1","1","2"
"日七千四百九十","1","1","2"
"七千四百九十七","1","1","2"
"千四百九十七分","1","1","2"
"乙亥丙子七政行","1","1","2"
"亥丙子七政行度","1","1","2"
"丙子七政行度历","1","1","2"
"二月十四日高五","1","1","2"
"月十四日高五十","1","1","2"
"十四日高五十度","1","1","2"
"四日高五十度八","1","1","2"
"日高五十度八分","1","1","2"
"十五日高五十度","1","1","2"
"五日高五十度三","1","1","2"
"日高五十度三十","1","1","2"
"五城兵马指挥使","1","1","2"
"城兵马指挥使官","1","1","2"
"都御史萧维桢附","1","1","2"
"御史萧维桢附会","1","1","2"
"史萧维桢附会徐","1","1","2"
"皇太子同日传制","1","1","2"
"礼部尚书黄汝良","1","1","2"
"部尚书黄汝良进","1","1","2"
"都察院堂上官一","1","1","2"
"六部郎官共五十","1","1","2"
"部郎官共五十四","1","1","2"
"改称孝曾孙嗣皇","1","1","2"
"称孝曾孙嗣皇帝","1","1","2"
"加上高皇帝尊号","1","1","2"
"加上高皇后尊号","1","1","2"
"六部都察院堂上","1","1","2"
"部都察院堂上官","1","1","2"
"十三道掌印御史","1","1","2"
"后见父母行家人","1","1","2"
"见父母行家人礼","1","1","2"
"皇太子见皇后父","1","1","2"
"太子见皇后父母","1","1","2"
"天顺二年正月奉","1","1","2"
"顺二年正月奉皇","1","1","2"
"二年正月奉皇太","1","1","2"
"年正月奉皇太后","1","1","2"
"谨奉仁祖淳皇帝","1","1","2"
"奉仁祖淳皇帝配","1","1","2"
"仁祖淳皇帝配享","1","1","2"
"护坛地三十六亩","1","1","2"
"增修大祀殿诸神","1","1","2"
"基运翊圣神烈天","1","1","2"
"运翊圣神烈天寿","1","1","2"
"翊圣神烈天寿纯","1","1","2"
"圣神烈天寿纯德","1","1","2"
"神烈天寿纯德五","1","1","2"
"烈天寿纯德五陵","1","1","2"
"天寿纯德五陵山","1","1","2"
"广东附祭三佛齐","1","1","2"
"鉴察司民城隍灵","1","1","2"
"察司民城隍灵佑","1","1","2"
"司民城隍灵佑侯","1","1","2"
"鉴察司民城隍显","1","1","2"
"察司民城隍显佑","1","1","2"
"司民城隍显佑伯","1","1","2"
"祀蒙城王妃田氏","1","1","2"
"定配享功臣常遇","1","1","2"
"配享功臣常遇春","1","1","2"
"改称汉前将军汉","1","1","2"
"称汉前将军汉寿","1","1","2"
"汉前将军汉寿亭","1","1","2"
"前将军汉寿亭侯","1","1","2"
"护国庇民妙灵昭","1","1","2"
"国庇民妙灵昭应","1","1","2"
"庇民妙灵昭应弘","1","1","2"
"民妙灵昭应弘仁","1","1","2"
"妙灵昭应弘仁普","1","1","2"
"灵昭应弘仁普济","1","1","2"
"昭应弘仁普济天","1","1","2"
"应弘仁普济天妃","1","1","2"
"中山武宁王徐达","1","1","2"
"开平忠武王常遇","1","1","2"
"平忠武王常遇春","1","1","2"
"岐阳武靖王李文","1","1","2"
"阳武靖王李文忠","1","1","2"
"宁河武顺王邓愈","1","1","2"
"黔宁昭靖王沐英","1","1","2"
"越国武庄公胡大","1","1","2"
"国武庄公胡大海","1","1","2"
"巢国武壮公华高","1","1","2"
"虢国忠烈公俞通","1","1","2"
"国忠烈公俞通海","1","1","2"
"江国襄烈公吴良","1","1","2"
"安国忠烈公曹良","1","1","2"
"国忠烈公曹良臣","1","1","2"
"燕山忠愍侯孙兴","1","1","2"
"山忠愍侯孙兴祖","1","1","2"
"蔡国忠毅公张德","1","1","2"
"国忠毅公张德胜","1","1","2"
"国武义公康茂才","1","1","2"
"祀北极佑圣真君","1","1","2"
"北极中天星主紫","1","1","2"
"极中天星主紫微","1","1","2"
"中天星主紫微大","1","1","2"
"天星主紫微大帝","1","1","2"
"佑圣助顺灵应真","1","1","2"
"圣助顺灵应真君","1","1","2"
"加尊皇考献皇帝","1","1","2"
"尊皇考献皇帝庙","1","1","2"
"皇考献皇帝庙号","1","1","2"
"五度九十一分半","1","1","2"
"地平七十四度二","1","1","2"
"平七十四度二十","1","1","2"
"七十四度二十六","1","1","2"
"十四度二十六分","1","1","2"
"四度二十六分半","1","1","2"
"七百零七度八十","1","1","2"
"百零七度八十五","1","1","2"
"零七度八十五分","1","1","2"
"七度八十五分九","1","1","2"
"度八十五分九十","1","1","2"
"八十五分九十三","1","1","2"
"十五分九十三秒","1","1","2"
"五分九十三秒七","1","1","2"
"分九十三秒七五","1","1","2"
"一万四千四百三","1","1","2"
"四千四百三十六","1","1","2"
"千四百三十六度","1","1","2"
"四百三十六度七","1","1","2"
"百三十六度七十","1","1","2"
"三十六度七十二","1","1","2"
"十六度七十二分","1","1","2"
"六度七十二分九","1","1","2"
"度七十二分九七","1","1","2"
"七十二分九七八","1","1","2"
"十二分九七八二","1","1","2"
"二分九七八二九","1","1","2"
"分九七八二九九","1","1","2"
"九七八二九九五","1","1","2"
"七八二九九五九","1","1","2"
"八二九九五九零","1","1","2"
"二九九五九零四","1","1","2"
"余实三百八十六","1","1","2"
"实三百八十六度","1","1","2"
"三百八十六度三","1","1","2"
"百八十六度三十","1","1","2"
"八十六度三十三","1","1","2"
"十六度三十三分","1","1","2"
"六度三十三分二","1","1","2"
"度三十三分二七","1","1","2"
"三十三分二七一","1","1","2"
"十三分二七一七","1","1","2"
"三分二七一七零","1","1","2"
"分二七一七零零","1","1","2"
"二七一七零零四","1","1","2"
"七一七零零四零","1","1","2"
"一七零零四零九","1","1","2"
"七零零四零九六","1","1","2"
"度八九四三三四","1","1","2"
"八九四三三四零","1","1","2"
"九四三三四零九","1","1","2"
"四三三四零九二","1","1","2"
"三三四零九二零","1","1","2"
"三四零九二零七","1","1","2"
"四零九二零七五","1","1","2"
"零九二零七五五","1","1","2"
"九二零七五五六","1","1","2"
"余二十五度四三","1","1","2"
"二十五度四三八","1","1","2"
"十五度四三八三","1","1","2"
"五度四三八三八","1","1","2"
"度四三八三八二","1","1","2"
"四三八三八二九","1","1","2"
"三八三八二九一","1","1","2"
"八三八二九一二","1","1","2"
"三八二九一二零","1","1","2"
"八二九一二零二","1","1","2"
"二九一二零二零","1","1","2"
"九一二零二零四","1","1","2"
"一二零二零四四","1","1","2"
"丞相诸葛孔明记","1","1","2"
"文登秦始皇庙钟","1","1","2"
"登秦始皇庙钟鼓","1","1","2"
"正德元年六月辛","1","1","2"
"德元年六月辛酉","1","1","2"
"二十六年十月癸","1","1","2"
"十六年十月癸亥","1","1","2"
"喜峰路台西北楼","1","1","2"
"峰路台西北楼内","1","1","2"
"十三年正月庚辰","1","1","2"
"十二年六月壬申","1","1","2"
"天顺元年十月乙","1","1","2"
"顺元年十月乙巳","1","1","2"
"五年十二月丙辰","1","1","2"
"十三年正月己巳","1","1","2"
"十七年二月甲寅","1","1","2"
"直隶蓟州遵化县","1","1","2"
"二十一年二月壬","1","1","2"
"十一年二月壬申","1","1","2"
"宁夏地震十二次","1","1","2"
"八年十二月戊戌","1","1","2"
"十三年六月己巳","1","1","2"
"十五年三月丙申","1","1","2"
"凤阳一卫三州县","1","1","2"
"十八年七月庚寅","1","1","2"
"二十一年九月甲","1","1","2"
"十一年九月甲戌","1","1","2"
"三十四年十二月","1","1","2"
"十四年十二月壬","1","1","2"
"十七年正月庚申","1","1","2"
"四十五年正月癸","1","1","2"
"十五年正月癸巳","1","1","2"
"十一年二月戊子","1","1","2"
"十九年闰三月己","1","1","2"
"九年闰三月己巳","1","1","2"
"二十四年十一月","1","1","2"
"二十七年七月辛","1","1","2"
"十七年七月辛未","1","1","2"
"三十四年六月丙","1","1","2"
"四十二年九月庚","1","1","2"
"十二年九月庚午","1","1","2"
"四十五年五月甲","1","1","2"
"十五年五月甲戌","1","1","2"
"四十八年二月庚","1","1","2"
"十八年二月庚戌","1","1","2"
"天启元年四月癸","1","1","2"
"启元年四月癸丑","1","1","2"
"十六年四月壬子","1","1","2"
"巨津州金沙江北","1","1","2"
"津州金沙江北岸","1","1","2"
"州金沙江北岸白","1","1","2"
"金沙江北岸白石","1","1","2"
"沙江北岸白石雪","1","1","2"
"江北岸白石雪山","1","1","2"
"北岸白石雪山断","1","1","2"
"岸白石雪山断裂","1","1","2"
"十五年八月戊申","1","1","2"
"宣府合河口石山","1","1","2"
"府合河口石山崩","1","1","2"
"正德元年十二月","1","1","2"
"德元年十二月癸","1","1","2"
"元年十二月癸亥","1","1","2"
"万历二十五年六","1","1","2"
"历二十五年六月","1","1","2"
"三十三年八月丙","1","1","2"
"十三年八月丙午","1","1","2"
"天启三年闰十月","1","1","2"
"启三年闰十月乙","1","1","2"
"三年闰十月乙卯","1","1","2"
"崇祯九年十二月","1","1","2"
"镇江金鸡岭土山","1","1","2"
"江金鸡岭土山崩","1","1","2"
"都御史傅希挚改","1","1","2"
"御史傅希挚改筑","1","1","2"
"帝命总河侍郎章","1","1","2"
"命总河侍郎章拯","1","1","2"
"江都淳家湾石堤","1","1","2"
"延绥巡抚都御史","1","1","2"
"绥巡抚都御史余","1","1","2"
"巡抚都御史余子","1","1","2"
"抚都御史余子俊","1","1","2"
"都御史余子俊大","1","1","2"
"河南平氏胎簪山","1","1","2"
"河南辉县苏门山","1","1","2"
"南辉县苏门山百","1","1","2"
"辉县苏门山百门","1","1","2"
"县苏门山百门泉","1","1","2"
"任县新店村东北","1","1","2"
"山西沁源县绵山","1","1","2"
"西沁源县绵山东","1","1","2"
"沁源县绵山东谷","1","1","2"
"山西繁峙泰戏山","1","1","2"
"筑束鹿城西决口","1","1","2"
"胶州麻湾口入海","1","1","2"
"掖县海仓口入海","1","1","2"
"刑部尚书刘泽深","1","1","2"
"外备兵六万六千","1","1","2"
"备兵六万六千六","1","1","2"
"兵六万六千六百","1","1","2"
"六万六千六百六","1","1","2"
"万六千六百六十","1","1","2"
"六千六百六十人","1","1","2"
"行都指挥使司二","1","1","2"
"设留守行后军都","1","1","2"
"内外卫三百二十","1","1","2"
"外卫三百二十九","1","1","2"
"守御千户所六十","1","1","2"
"御千户所六十五","1","1","2"
"应天新河口北岸","1","1","2"
"新建石头冈圩岸","1","1","2"
"西溪南仪阡三处","1","1","2"
"溪南仪阡三处河","1","1","2"
"南仪阡三处河口","1","1","2"
"浚江阴青阳河道","1","1","2"
"德州良店驿东南","1","1","2"
"州良店驿东南二","1","1","2"
"良店驿东南二十","1","1","2"
"店驿东南二十五","1","1","2"
"驿东南二十五里","1","1","2"
"凤阳安丰塘水门","1","1","2"
"阳安丰塘水门十","1","1","2"
"安丰塘水门十六","1","1","2"
"丰塘水门十六座","1","1","2"
"范县曹村河堤岸","1","1","2"
"江陵枝江沿江堤","1","1","2"
"陵枝江沿江堤岸","1","1","2"
"筑蠡县王家等决","1","1","2"
"蠡县王家等决口","1","1","2"
"南海县通海泉源","1","1","2"
"广平滏阳河口堤","1","1","2"
"平滏阳河口堤岸","1","1","2"
"占地五万五千三","1","1","2"
"地五万五千三百","1","1","2"
"赠南京工部尚书","1","1","2"
"巡按御史秦大夔","1","1","2"
"请专任平章定住","1","1","2"
"专任平章定住总","1","1","2"
"九月二十四日渡","1","1","2"
"大湖等三十三人","1","1","2"
"天启四年进南京","1","1","2"
"启四年进南京吏","1","1","2"
"四年进南京吏部","1","1","2"
"年进南京吏部郎","1","1","2"
"进南京吏部郎中","1","1","2"
"调南京添注大理","1","1","2"
"晋府引礼舍人浦","1","1","2"
"府引礼舍人浦源","1","1","2"
"吏部尚书耿裕知","1","1","2"
"授广东兴宁知县","1","1","2"
"浙江巡按张素养","1","1","2"
"巡按御史李振声","1","1","2"
"分巡副使张凤翥","1","1","2"
"十五万五千七百","1","1","2"
"大清兵数十万分","1","1","2"
"罗汝才十三家贼","1","1","2"
"六十七度四十一","1","1","2"
"十七度四十一分","1","1","2"
"恭诣皇后殿下称","2","0","2"
"设神位二十八坛","1","1","2"
"大学士张璁等八","1","1","2"
"学士张璁等八十","1","1","2"
"士张璁等八十四","1","1","2"
"张璁等八十四人","1","1","2"
"登州城北新海口","1","1","2"
"州城北新海口沙","1","1","2"
"城北新海口沙门","1","1","2"
"北新海口沙门等","1","1","2"
"新海口沙门等岛","1","1","2"
"帝认为他们是边","0","2","2"
"认为他们是边远","0","2","2"
"蛮族人而宽恕了","0","2","2"
"族人而宽恕了他","0","2","2"
"人而宽恕了他们","0","2","2"
"请求将自己的名","0","2","2"
"求将自己的名字","0","2","2"
"朋党势力已经形","0","2","2"
"党势力已经形成","0","2","2"
"朝廷内外的要人","0","2","2"
"下令有关部门迅","0","2","2"
"令有关部门迅速","0","2","2"
"去的人不计其数","0","2","2"
"了一道严厉的诏","0","2","2"
"一道严厉的诏书","0","2","2"
"能让庄烈帝满意","0","2","2"
"福王都高兴地采","0","2","2"
"王都高兴地采纳","0","2","2"
"都高兴地采纳了","0","2","2"
"周围地区的人民","0","2","2"
"取意见的方式太","0","2","2"
"意见的方式太偏","0","2","2"
"见的方式太偏颇","0","2","2"
"听取了他的意见","0","2","2"
"不敢坚持自己的","0","2","2"
"敢坚持自己的意","0","2","2"
"传达皇上的指示","0","2","2"
"庄烈帝同意了他","0","2","2"
"烈帝同意了他的","0","2","2"
"帝同意了他的意","0","2","2"
"把他的奏疏交给","0","2","2"
"有关部门详细讨","0","2","2"
"关部门详细讨论","0","2","2"
"多次上奏称病回","0","2","2"
"次上奏称病回乡","0","2","2"
"没有上任就去世","0","2","2"
"有上任就去世了","0","2","2"
"接连上奏请求离","0","2","2"
"皇帝最终不同意","0","2","2"
"母亲去世而回乡","0","2","2"
"奏章下到有关部","0","2","2"
"章下到有关部门","0","2","2"
"没有受人传位的","0","2","2"
"有受人传位的根","0","2","2"
"受人传位的根据","0","2","2"
"议论的人认为不","0","2","2"
"向失道之处去核","0","2","2"
"失道之处去核查","0","2","2"
"这就是伊尹所谓","0","2","2"
"就是伊尹所谓的","0","2","2"
"在宫门外被打了","0","2","2"
"宫门外被打了一","0","2","2"
"门外被打了一顿","0","2","2"
"外被打了一顿大","0","2","2"
"被打了一顿大棍","0","2","2"
"到什么样的程度","0","2","2"
"的奏章发给有关","0","2","2"
"奏章发给有关部","0","2","2"
"章发给有关部门","0","2","2"
"孝肃周太后去世","0","2","2"
"次称病请求退休","0","2","2"
"没了他们的家产","0","2","2"
"被交给司法官员","0","2","2"
"让他乘驿车回去","0","2","2"
"廷内外的大臣都","0","2","2"
"方孝孺草拟诏书","0","2","2"
"是方孝孺的后代","0","2","2"
"祖采纳了他的建","0","2","2"
"发新勘合的金牌","0","2","2"
"将阉孩送还回去","0","2","2"
"兴兵征讨和封关","0","2","2"
"兵征讨和封关绝","0","2","2"
"征讨和封关绝贡","0","2","2"
"减少对他们的赏","0","2","2"
"少对他们的赏赐","0","2","2"
"甘州的守卫大臣","0","2","2"
"州的守卫大臣也","0","2","2"
"廷大臣商议后认","0","2","2"
"大臣商议后认为","0","2","2"
"脱古思帖木儿的","0","2","2"
"亡父太祖高皇帝","0","2","2"
"帝命令有关官员","0","2","2"
"对脱脱不花与中","0","2","2"
"脱脱不花与中国","0","2","2"
"脱不花与中国通","0","2","2"
"不花与中国通好","0","2","2"
"花与中国通好颇","0","2","2"
"审核情况后上报","0","2","2"
"核情况后上报朝","0","2","2"
"情况后上报朝廷","0","2","2"
"接受他们的贡品","0","2","2"
"将此上报给朝廷","0","2","2"
"输诚他们也是要","0","2","2"
"诚他们也是要离","0","2","2"
"他们也是要离去","0","2","2"
"答应了他们的请","0","2","2"
"应了他们的请求","0","2","2"
"严厉批评了他们","0","2","2"
"发了他们的俸禄","0","2","2"
"母守丧回家去了","0","2","2"
"他的奏疏递上后","0","2","2"
"而不是过继给人","0","2","2"
"是过继给人当儿","0","2","2"
"过继给人当儿子","0","2","2"
"尊崇亲生父母的","0","2","2"
"是图谋私利的官","0","2","2"
"图谋私利的官员","0","2","2"
"这篇奏疏递进去","0","2","2"
"他们所说的那样","0","2","2"
"他议定大礼的功","0","2","2"
"的奏章交给大臣","0","2","2"
"奏章交给大臣们","0","2","2"
"章交给大臣们讨","0","2","2"
"是做了别人的后","0","2","2"
"做了别人的后裔","0","2","2"
"和缓的口气表示","0","2","2"
"提出这种意见来","0","2","2"
"发给大臣们讨论","0","2","2"
"被看作私党给拿","0","2","2"
"看作私党给拿掉","0","2","2"
"把他的奏章交给","0","2","2"
"他的奏章递上后","0","2","2"
"他乘坐官方车马","0","2","2"
"乘坐官方车马回","0","2","2"
"坐官方车马回乡","0","2","2"
"世宗严厉批评了","0","2","2"
"按皇后的规格祭","0","2","2"
"皇后的规格祭祀","0","2","2"
"当地组织的军队","0","2","2"
"号为三天金阙无","0","2","2"
"为三天金阙无上","0","2","2"
"三天金阙无上玉","0","2","2"
"交结贴身宦官第","0","2","2"
"万历三十八年中","0","2","2"
"历三十八年中进","0","2","2"
"刑打算赎罪的有","0","2","2"
"兼任翰林院学士","0","2","2"
"隆庆二年进士及","0","2","2"
"庆二年进士及第","0","2","2"
"隆庆二年的进士","0","2","2"
"光禄少卿马从谦","0","2","2"
"执掌锦衣卫的都","0","2","2"
"掌锦衣卫的都督","0","2","2"
"南京刑科给事中","0","2","2"
"靖二十九年的进","0","2","2"
"隆庆五年的进士","0","2","2"
"嘉靖四十一年的","0","2","2"
"靖四十一年的进","0","2","2"
"四十一年的进士","0","2","2"
"万历五年的进士","0","2","2"
"召为兵部右侍郎","0","2","2"
"献王为皇叔父兴","0","2","2"
"王为皇叔父兴献","0","2","2"
"为皇叔父兴献大","0","2","2"
"徐达兼太子少傅","0","2","2"
"常遇春兼太子少","0","2","2"
"遇春兼太子少保","0","2","2"
"任左春坊大学士","0","2","2"
"建文二年中进士","0","2","2"
"达答兰纳木儿河","0","2","2"
"年升为右佥都御","0","2","2"
"拜官右佥都御史","0","2","2"
"进官兵部右侍郎","0","2","2"
"四川白草番叛乱","0","2","2"
"授官刑科给事中","0","2","2"
"跟从蓝玉征讨云","0","2","2"
"从蓝玉征讨云南","0","2","2"
"年跟从傅友德征","0","2","2"
"授予秦淮翼元帅","0","2","2"
"肖像归于功臣庙","0","2","2"
"授予世袭指挥使","0","2","2"
"改任文渊阁大学","0","2","2"
"征南将军攻下云","0","2","2"
"南将军攻下云南","0","2","2"
"兵部尚书史可法","0","2","2"
"洪武二十四年受","0","2","2"
"武二十四年受封","0","2","2"
"李自成攻陷南阳","0","2","2"
"以及六尚等女官","0","2","2"
"开平王常遇春的","0","2","2"
"品以上以及翰林","0","2","2"
"皇太子出阁讲学","0","2","2"
"华盖三殿发生火","0","2","2"
"盖三殿发生火灾","0","2","2"
"六年四月丙申日","0","2","2"
"卫雨水损坏城墙","0","2","2"
"改在京的官店为","0","2","2"
"在京的官店为宣","0","2","2"
"京的官店为宣课","0","2","2"
"的官店为宣课司","0","2","2"
"户部尚书郁新说","0","2","2"
"黄河决堤于曹县","0","2","2"
"十里以下积粮一","0","2","2"
"里以下积粮一万","0","2","2"
"以下积粮一万五","0","2","2"
"下积粮一万五千","0","2","2"
"匹折合米二十石","0","2","2"
"总共八百五十万","0","2","2"
"共八百五十万七","0","2","2"
"十五万七千余两","0","2","2"
"吉安改为流通广","0","2","2"
"盐流通于陕西的","0","2","2"
"盐井管辖盐课司","0","2","2"
"一年五月戊寅日","0","2","2"
"二年五月丁丑日","0","2","2"
"西北方有声音如","0","2","2"
"北方有声音如打","0","2","2"
"方有声音如打雷","0","2","2"
"府都遭受大水灾","0","2","2"
"镀金的铜制龙头","0","2","2"
"抹金的铜质凤头","0","2","2"
"车辕长一丈九尺","0","2","2"
"总督两广军务兼","0","2","2"
"决定派遣都御史","0","2","2"
"开始命令都御史","0","2","2"
"确定设巡抚都御","0","2","2"
"十一年恢复设置","0","2","2"
"国将军夫人礼冠","0","2","2"
"将军夫人礼冠服","0","2","2"
"军夫人礼冠服饰","0","2","2"
"宽一寸九分五厘","0","2","2"
"所领取承字以及","0","2","2"
"领取承字以及东","0","2","2"
"取承字以及东西","0","2","2"
"承字以及东西北","0","2","2"
"字以及东西北字","0","2","2"
"以及东西北字号","0","2","2"
"檐桷用青绿色绘","0","2","2"
"桷用青绿色绘饰","0","2","2"
"为圣神文武钦明","0","2","2"
"廖永忠为征南将","0","2","2"
"永忠为征南将军","0","2","2"
"李文忠为左副将","0","2","2"
"文忠为左副将军","0","2","2"
"冯胜为征西将军","0","2","2"
"江阴侯吴良为副","0","2","2"
"三佛齐入朝进贡","0","2","2"
"并兼任东阁大学","0","2","2"
"前应天巡抚周起","0","2","2"
"应天巡抚周起元","0","2","2"
"李自成攻陷陈州","0","2","2"
"何福为征虏将军","0","2","2"
"同安侯火真为副","0","2","2"
"安侯火真为副将","0","2","2"
"刘瑾掌管司礼监","0","2","2"
"认为这个地方不","0","2","2"
"张居正的儿子嗣","0","2","2"
"居正的儿子嗣修","0","2","2"
"以舜亦以命禹为","0","2","2"
"赵用贤上疏辩解","0","2","2"
"锦衣都督刘守有","0","2","2"
"到了这样的地步","0","2","2"
"是方从哲的门生","0","2","2"
"极力为自己辩解","0","2","2"
"于玉立派他到京","0","2","2"
"玉立派他到京城","0","2","2"
"万历十一年中进","0","2","2"
"历十一年中进士","0","2","2"
"最边远的地方任","0","2","2"
"边远的地方任杂","0","2","2"
"远的地方任杂职","0","2","2"
"在家居住了二十","0","2","2"
"家居住了二十年","0","2","2"
"万历二十年春天","0","2","2"
"陕西发生严重饥","0","2","2"
"副将曹文诏在河","0","2","2"
"将曹文诏在河曲","0","2","2"
"与哥哥的儿子李","0","2","2"
"以延绥巡抚陈奇","0","2","2"
"从渑池渡过黄河","0","2","2"
"自成的妻子邢氏","0","2","2"
"李公子救活了我","0","2","2"
"公子救活了我们","0","2","2"
"商丘知县梁以樟","0","2","2"
"与部下同甘共苦","0","2","2"
"兼并了他的部众","0","2","2"
"罗汝才和过天星","0","2","2"
"湖广将领张应元","0","2","2"
"杀死督师的使者","0","2","2"
"大家都非常高兴","0","2","2"
"刘良佐在潜山大","0","2","2"
"这时我大清兵已","0","2","2"
"投进镇抚司监狱","0","2","2"
"锦衣卫都督刘守","0","2","2"
"衣卫都督刘守有","0","2","2"
"冯保执掌司礼监","0","2","2"
"御史何出光弹劾","0","2","2"
"史何出光弹劾张","0","2","2"
"何出光弹劾张鲸","0","2","2"
"大学士申时行的","0","2","2"
"的不到十分之一","0","2","2"
"请求对他们进行","0","2","2"
"阉割良家子弟数","0","2","2"
"割良家子弟数十","0","2","2"
"良家子弟数十人","0","2","2"
"兵部尚书王世扬","0","2","2"
"锦衣卫都督王之","0","2","2"
"云南百姓杀死税","0","2","2"
"南百姓杀死税监","0","2","2"
"百姓杀死税监杨","0","2","2"
"姓杀死税监杨荣","0","2","2"
"谋立自己的儿子","0","2","2"
"升任司礼监秉笔","0","2","2"
"王体乾和李永贞","0","2","2"
"封魏忠贤的侄儿","0","2","2"
"客氏的儿子侯国","0","2","2"
"氏的儿子侯国兴","0","2","2"
"工部郎中万火景","0","2","2"
"依附于魏忠贤的","0","2","2"
"附于魏忠贤的人","0","2","2"
"掌南镇抚司事务","0","2","2"
"的儿子锦衣卫官","0","2","2"
"儿子锦衣卫官员","0","2","2"
"不是张国纪的女","0","2","2"
"是张国纪的女儿","0","2","2"
"孙魏鹏翼为安平","0","2","2"
"魏鹏翼为安平伯","0","2","2"
"为兵部尚书兼左","0","2","2"
"兵部尚书兼左都","0","2","2"
"部尚书兼左都御","0","2","2"
"尚书兼左都御史","0","2","2"
"大学士韩火广等","0","2","2"
"韩火广等人审定","0","2","2"
"都是魏忠贤的党","0","2","2"
"弹劾魏忠贤的奏","0","2","2"
"劾魏忠贤的奏疏","0","2","2"
"是郑贵妃宫中的","0","2","2"
"胪寺丞李可灼进","0","2","2"
"发往孝陵充净军","0","2","2"
"给事中傅朝佑说","0","2","2"
"的宦官全部撤回","0","2","2"
"皇帝派宦官带着","0","2","2"
"西南地区各部落","0","2","2"
"来向朝廷献贡物","0","2","2"
"洪武十五年设置","0","2","2"
"直捣他们的老巢","0","2","2"
"隶属于四川布政","0","2","2"
"属于四川布政使","0","2","2"
"于四川布政使司","0","2","2"
"人来京城朝觐皇","0","2","2"
"各按他们的等级","0","2","2"
"输送粮食二万石","0","2","2"
"命令景川侯曹震","0","2","2"
"朝廷进贡马匹和","0","2","2"
"朝廷献贡物一次","0","2","2"
"覺蛮人阿又磉等","0","2","2"
"免于赴京城朝觐","0","2","2"
"阿核等人的尸体","0","2","2"
"不如顺从蛮族人","0","2","2"
"如顺从蛮族人的","0","2","2"
"顺从蛮族人的情","0","2","2"
"从蛮族人的情况","0","2","2"
"斩杀了三百多人","0","2","2"
"捷报传到朝廷后","0","2","2"
"等人给皇帝上奏","0","2","2"
"罗雄州土官者浚","0","2","2"
"继承土知府的职","0","2","2"
"承土知府的职位","0","2","2"
"他的第二个儿子","0","2","2"
"争夺继承官位的","0","2","2"
"夺继承官位的权","0","2","2"
"继承官位的权利","0","2","2"
"成为边疆的祸患","0","2","2"
"指挥军队奋勇出","0","2","2"
"挥军队奋勇出击","0","2","2"
"皇帝的敕谕去见","0","2","2"
"明朝廷在此设置","0","2","2"
"给朝廷献贡马一","0","2","2"
"给他们的赏赐很","0","2","2"
"他们的赏赐很丰","0","2","2"
"们的赏赐很丰厚","0","2","2"
"一个军民千户所","0","2","2"
"的军队一万五千","0","2","2"
"军民指挥使司统","0","2","2"
"民指挥使司统领","0","2","2"
"等村寨的番族人","0","2","2"
"薛文胜为安抚使","0","2","2"
"也按惯例给予赏","0","2","2"
"按惯例给予赏赐","0","2","2"
"讨伐平定了叛乱","0","2","2"
"等村寨的蛮族人","0","2","2"
"派人前去招抚他","0","2","2"
"请求朝廷派兵征","0","2","2"
"求朝廷派兵征讨","0","2","2"
"叛乱才平定下来","0","2","2"
"朝廷命令将指挥","0","2","2"
"斩杀敌人四百多","0","2","2"
"杀敌人四百多名","0","2","2"
"朝廷命令都督佥","0","2","2"
"廷命令都督佥事","0","2","2"
"命令都督佥事何","0","2","2"
"何卿去镇守松潘","0","2","2"
"龙州升为宣抚司","0","2","2"
"他手下的部落酋","0","2","2"
"张良贤将其击败","0","2","2"
"隶属于四川都司","0","2","2"
"年向朝廷进贡一","0","2","2"
"向朝廷进贡一次","0","2","2"
"皇帝下诏同意了","0","2","2"
"按以前的惯例给","0","2","2"
"乞求允许他继承","0","2","2"
"求允许他继承其","0","2","2"
"朝时该地隶属于","0","2","2"
"小木瓜地区的番","0","2","2"
"木瓜地区的番族","0","2","2"
"瓜地区的番族人","0","2","2"
"大小木瓜的番族","0","2","2"
"大小木瓜地区的","0","2","2"
"朝廷贡献马匹和","0","2","2"
"廷贡献马匹和土","0","2","2"
"贡献马匹和土产","0","2","2"
"将他们打得大败","0","2","2"
"在那里设置郡县","0","2","2"
"的一天比一天多","0","2","2"
"宁阳侯陈懋等人","0","2","2"
"的势力更加嚣张","0","2","2"
"砍中曹钦的胳膊","0","2","2"
"过后又宽宥了他","0","2","2"
"给事中和御史纷","0","2","2"
"事中和御史纷纷","0","2","2"
"中和御史纷纷上","0","2","2"
"等人纷纷弹劾他","0","2","2"
"引导皇上微服出","0","2","2"
"导皇上微服出行","0","2","2"
"借星象有变上书","0","2","2"
"星象有变上书谏","0","2","2"
"象有变上书谏言","0","2","2"
"南京给事中戴铣","0","2","2"
"全部揭发了他们","0","2","2"
"都迎合刘瑾的心","0","2","2"
"迎合刘瑾的心意","0","2","2"
"裁减江西乡试名","0","2","2"
"减江西乡试名额","0","2","2"
"江西乡试名额五","0","2","2"
"西乡试名额五十","0","2","2"
"乡试名额五十名","0","2","2"
"于是英国公张懋","0","2","2"
"宁王朱宸濠造反","0","2","2"
"升他为都指挥佥","0","2","2"
"他为都指挥佥事","0","2","2"
"进升为指挥同知","0","2","2"
"石亨的侄子石彪","0","2","2"
"他的党羽都指挥","0","2","2"
"擅自鞭打军职人","0","2","2"
"自鞭打军职人员","0","2","2"
"请求将他们全部","0","2","2"
"兵部尚书王琼被","0","2","2"
"将他们全部投进","0","2","2"
"他们全部投进监","0","2","2"
"们全部投进监狱","0","2","2"
"被发给功臣家为","0","2","2"
"发给功臣家为奴","0","2","2"
"逮入锦衣卫监狱","0","2","2"
"的情况报告了皇","0","2","2"
"情况报告了皇上","0","2","2"
"为锦衣卫副千户","0","2","2"
"八年他随从皇上","0","2","2"
"进封为太子太保","0","2","2"
"被加封为少保兼","0","2","2"
"少保兼太子太傅","0","2","2"
"诏令允许他乘坐","0","2","2"
"拜他为礼部尚书","0","2","2"
"皇上非常宠爱他","0","2","2"
"庇荫儿子为锦衣","0","2","2"
"荫儿子为锦衣卫","0","2","2"
"二龙不相见之说","0","2","2"
"所授予的宣抚官","0","2","2"
"授予的宣抚官印","0","2","2"
"予的宣抚官印来","0","2","2"
"的宣抚官印来见","0","2","2"
"各设置长官一名","0","2","2"
"元朝皇帝所授予","0","2","2"
"朝皇帝所授予的","0","2","2"
"设置千户所镇守","0","2","2"
"元朝土官的子孙","0","2","2"
"他继承其父的职","0","2","2"
"礼部给皇帝上奏","0","2","2"
"把这些情况交给","0","2","2"
"给他们一半的奖","0","2","2"
"他们一半的奖赏","0","2","2"
"皇帝同意了这个","0","2","2"
"部大臣讨论认为","0","2","2"
"他们所经过的地","0","2","2"
"们所经过的地方","0","2","2"
"所经过的地方都","0","2","2"
"随行的人不能超","0","2","2"
"行的人不能超过","0","2","2"
"对所经过的地方","0","2","2"
"给他们颁发的印","0","2","2"
"隶属于湖广都指","0","2","2"
"属于湖广都指挥","0","2","2"
"于湖广都指挥使","0","2","2"
"人向朝廷贡献马","0","2","2"
"征调永顺的军队","0","2","2"
"平定苗人有功劳","0","2","2"
"献马匹表示谢恩","0","2","2"
"讨论后认为不可","0","2","2"
"麒向朝廷进献大","0","2","2"
"他的儿子彭明辅","0","2","2"
"的儿子彭明辅也","0","2","2"
"朝廷征调永顺土","0","2","2"
"廷征调永顺土兵","0","2","2"
"辞官在家的宣慰","0","2","2"
"保靖的军队功劳","0","2","2"
"靖的军队功劳最","0","2","2"
"的军队功劳最大","0","2","2"
"给他们赏赐银币","0","2","2"
"获敌人首级一千","0","2","2"
"得到皇帝赏赐的","0","2","2"
"皇上赏赐给他绣","0","2","2"
"上赏赐给他绣有","0","2","2"
"他们各派遣儿子","0","2","2"
"派人来朝廷献贡","0","2","2"
"调保靖的土兵去","0","2","2"
"又征调保靖的土","0","2","2"
"贵州的女贼人米","0","2","2"
"州的女贼人米鲁","0","2","2"
"理宣慰司的事务","0","2","2"
"继承其父的官职","0","2","2"
"召任太常寺少卿","0","2","2"
"出任山东按察使","0","2","2"
"大理寺少卿袁复","0","2","2"
"被关进监狱而死","0","2","2"
"南京翰林院事务","0","2","2"
"以礼部尚书兼翰","0","2","2"
"书兼翰林学士的","0","2","2"
"兼翰林学士的身","0","2","2"
"翰林学士的身份","0","2","2"
"久加封为太子太","0","2","2"
"少傅兼太子太师","0","2","2"
"微微觉察到严嵩","0","2","2"
"升任工部左侍郎","0","2","2"
"兼领尚书的俸禄","0","2","2"
"严嵩和他的孙子","0","2","2"
"由太常寺卿升任","0","2","2"
"殿试都是第一名","0","2","2"
"皇上御临文华殿","0","2","2"
"温体仁攻击钱谦","0","2","2"
"体仁攻击钱谦益","0","2","2"
"皇上在文华殿召","0","2","2"
"独自与皇上谈话","0","2","2"
"南京给事中钱允","0","2","2"
"京给事中钱允鲸","0","2","2"
"改任武英殿大学","0","2","2"
"进升为吏部尚书","0","2","2"
"二十六年中进士","0","2","2"
"吏科都给事中章","0","2","2"
"左都御史曹于汴","0","2","2"
"巡按御史禹好善","0","2","2"
"诚意伯刘孔昭弹","0","2","2"
"意伯刘孔昭弹劾","0","2","2"
"到少师兼太子太","0","2","2"
"阮大铖非常愤恨","0","2","2"
"为东阁大学士兼","0","2","2"
"东阁大学士兼兵","0","2","2"
"阁大学士兼兵部","0","2","2"
"大学士兼兵部尚","0","2","2"
"学士兼兵部尚书","0","2","2"
"加封他为少傅兼","0","2","2"
"封他为少傅兼太","0","2","2"
"他为少傅兼太子","0","2","2"
"大铖为兵部添注","0","2","2"
"铖为兵部添注右","0","2","2"
"左光斗的弟弟光","0","2","2"
"卫胤文为兵部右","0","2","2"
"胤文为兵部右侍","0","2","2"
"文为兵部右侍郎","0","2","2"
"他的儿子左梦庚","0","2","2"
"进升为侍讲学士","0","2","2"
"人都是谢迁的同","0","2","2"
"赦免他们的罪行","0","2","2"
"尚书马文升等人","0","2","2"
"一天比一天严重","0","2","2"
"升为太常寺少卿","0","2","2"
"万历四十一年中","0","2","2"
"历四十一年中进","0","2","2"
"连夜跑到魏忠贤","0","2","2"
"夜跑到魏忠贤的","0","2","2"
"跑到魏忠贤的住","0","2","2"
"到魏忠贤的住处","0","2","2"
"为工部右侍郎兼","0","2","2"
"内阁大臣顾秉谦","0","2","2"
"那些因为提建议","0","2","2"
"建议而得罪的人","0","2","2"
"升为太仆寺少卿","0","2","2"
"给事中潘士闻弹","0","2","2"
"事中潘士闻弹劾","0","2","2"
"升任户科给事中","0","2","2"
"部尚书孙丕扬因","0","2","2"
"与同僚一起上书","0","2","2"
"触忤了魏忠贤的","0","2","2"
"忤了魏忠贤的意","0","2","2"
"不久升为兵部右","0","2","2"
"久升为兵部右侍","0","2","2"
"收回先前的命令","0","2","2"
"被下狱判了死罪","0","2","2"
"赠给庇荫和祭葬","0","2","2"
"被授予户部主事","0","2","2"
"不久他进升为副","0","2","2"
"久他进升为副使","0","2","2"
"被言官弹劾罢免","0","2","2"
"尚书周嘉谟等人","0","2","2"
"升任左佥都御史","0","2","2"
"为锦衣卫都指挥","0","2","2"
"张居正的三个儿","0","2","2"
"居正的三个儿子","0","2","2"
"提拔为右副都御","0","2","2"
"拔为右副都御史","0","2","2"
"万历二十八年春","0","2","2"
"将魏允贞的奏疏","0","2","2"
"的奏疏下到部院","0","2","2"
"提升为兵部右侍","0","2","2"
"起用掌管河南道","0","2","2"
"置于考察的名册","0","2","2"
"于考察的名册上","0","2","2"
"年以兵部右侍郎","0","2","2"
"兼右佥都御史的","0","2","2"
"史的身份巡抚保","0","2","2"
"的身份巡抚保定","0","2","2"
"沈一贯担心沈鲤","0","2","2"
"李三才有雄才大","0","2","2"
"三才有雄才大略","0","2","2"
"工部侍郎林如楚","0","2","2"
"攻击李三才的人","0","2","2"
"率领他的部队一","0","2","2"
"的身份镇守宁夏","0","2","2"
"小阿卜户侵犯黑","0","2","2"
"阿卜户侵犯黑峪","0","2","2"
"卜户侵犯黑峪关","0","2","2"
"火落赤进犯洮河","0","2","2"
"骑兵侵犯一片石","0","2","2"
"董一元功劳最大","0","2","2"
"以副总兵的身份","0","2","2"
"这时是万历二十","0","2","2"
"时是万历二十二","0","2","2"
"是万历二十二年","0","2","2"
"皇帝赏赐他银币","0","2","2"
"斩首一百三十多","0","2","2"
"久改任吏部尚书","0","2","2"
"八月二十三日天","0","2","2"
"月二十三日天刚","0","2","2"
"二十三日天刚亮","0","2","2"
"郑贵妃占据乾清","0","2","2"
"贵妃占据乾清宫","0","2","2"
"皇帝想把他们一","0","2","2"
"帝想把他们一起","0","2","2"
"想把他们一起治","0","2","2"
"把他们一起治罪","0","2","2"
"上疏弹劾兵部尚","0","2","2"
"疏弹劾兵部尚书","0","2","2"
"任工科左给事中","0","2","2"
"都没有上报给皇","0","2","2"
"没有上报给皇帝","0","2","2"
"请求皇帝修身反","0","2","2"
"求皇帝修身反省","0","2","2"
"调任太常寺少卿","0","2","2"
"授官刑部右侍郎","0","2","2"
"万历四十三年五","0","2","2"
"历四十三年五月","0","2","2"
"郑贵妃宫中的太","0","2","2"
"贵妃宫中的太监","0","2","2"
"廷内外议论纷扬","0","2","2"
"贵妃的弟弟郑国","0","2","2"
"妃的弟弟郑国泰","0","2","2"
"奸邪之人闯入内","0","2","2"
"邪之人闯入内宫","0","2","2"
"李可灼进献红丸","0","2","2"
"等到御史王安舜","0","2","2"
"李选侍想垂帘听","0","2","2"
"选侍想垂帘听政","0","2","2"
"表明自己的心迹","0","2","2"
"乘着驿车回了家","0","2","2"
"任命为刑部主事","0","2","2"
"修建魏忠贤祠堂","0","2","2"
"易水可以灌溉金","0","2","2"
"水可以灌溉金台","0","2","2"
"滹水可以灌溉恒","0","2","2"
"水可以灌溉恒山","0","2","2"
"溏水可以灌溉中","0","2","2"
"水可以灌溉中山","0","2","2"
"滏水可以灌溉襄","0","2","2"
"水可以灌溉襄国","0","2","2"
"皇帝高兴地采纳","0","2","2"
"提升为光禄少卿","0","2","2"
"加重熊廷弼的罪","0","2","2"
"弹劾王纪保护熊","0","2","2"
"劾王纪保护熊廷","0","2","2"
"王纪保护熊廷弼","0","2","2"
"提升为太常寺卿","0","2","2"
"左都御史的事情","0","2","2"
"多次上疏乞求辞","0","2","2"
"万历二十年正月","0","2","2"
"冯从吾当左副都","0","2","2"
"从吾当左副都御","0","2","2"
"吾当左副都御史","0","2","2"
"请求离职更加坚","0","2","2"
"于是剥夺了他的","0","2","2"
"是剥夺了他的官","0","2","2"
"为礼部祠祭主事","0","2","2"
"因父母丧礼回家","0","2","2"
"申时行等人请求","0","2","2"
"没有采纳他的建","0","2","2"
"有采纳他的建议","0","2","2"
"崇信伯费甲金的","0","2","2"
"尚书孙丕扬等人","0","2","2"
"言官说了却不能","0","2","2"
"官说了却不能坚","0","2","2"
"说了却不能坚持","0","2","2"
"这是让陛下不能","0","2","2"
"是让陛下不能像","0","2","2"
"让陛下不能像祖","0","2","2"
"陛下不能像祖宗","0","2","2"
"下不能像祖宗那","0","2","2"
"不能像祖宗那样","0","2","2"
"被贬为泽州判官","0","2","2"
"调任南京国子监","0","2","2"
"负责司业的事务","0","2","2"
"提拔为南京礼部","0","2","2"
"改任吏部右侍郎","0","2","2"
"陈述矿税的危害","0","2","2"
"成为唯一的宰相","0","2","2"
"已有很长时间了","0","2","2"
"东宫太子停止讲","0","2","2"
"万历四十一年春","0","2","2"
"援引祖宗的制度","0","2","2"
"一天比一天败坏","0","2","2"
"老成持重的大臣","0","2","2"
"加封少保兼太子","0","2","2"
"封少傅兼太子太","0","2","2"
"加封少师兼太子","0","2","2"
"封少师兼太子太","0","2","2"
"考核官吏的大典","0","2","2"
"刑部尚书王纪被","0","2","2"
"给事中陈良训上","0","2","2"
"事中陈良训上疏","0","2","2"
"给事中傅魁弹劾","0","2","2"
"事中傅魁弹劾左","0","2","2"
"中傅魁弹劾左光","0","2","2"
"傅魁弹劾左光斗","0","2","2"
"利用职权接受贿","0","2","2"
"用职权接受贿赂","0","2","2"
"左光斗等人勾结","0","2","2"
"光斗等人勾结汪","0","2","2"
"斗等人勾结汪文","0","2","2"
"等人勾结汪文言","0","2","2"
"杨涟上疏弹劾魏","0","2","2"
"涟上疏弹劾魏忠","0","2","2"
"弹劾魏忠贤的二","0","2","2"
"劾魏忠贤的二十","0","2","2"
"魏忠贤的二十四","0","2","2"
"的二十四大罪状","0","2","2"
"叶向高被罢免后","0","2","2"
"四十五年京官考","0","2","2"
"今天是什么日子","0","2","2"
"很多廷臣都请求","0","2","2"
"御史贾继春于是","0","2","2"
"皇帝已经安慰挽","0","2","2"
"帝已经安慰挽留","0","2","2"
"有保卫国家的功","0","2","2"
"保卫国家的功劳","0","2","2"
"派遣官员慰问他","0","2","2"
"李可灼自称有仙","0","2","2"
"到杨涟弹劾魏忠","0","2","2"
"二十四条大罪状","0","2","2"
"势力更加嚣张了","0","2","2"
"皇帝处理政务的","0","2","2"
"代替他成为首辅","0","2","2"
"让他的一个儿子","0","2","2"
"不可以拿结党拉","0","2","2"
"可以拿结党拉派","0","2","2"
"以拿结党拉派来","0","2","2"
"惩处魏忠贤的党","0","2","2"
"处魏忠贤的党徒","0","2","2"
"入内阁参与机密","0","2","2"
"他又被加封为太","0","2","2"
"又被加封为太子","0","2","2"
"李成梁前往救援","0","2","2"
"荫封李成梁世代","0","2","2"
"又过了一年的十","0","2","2"
"过了一年的十月","0","2","2"
"李成梁将其击退","0","2","2"
"李成梁打退了他","0","2","2"
"成梁打退了他们","0","2","2"
"李成梁传令副将","0","2","2"
"成梁传令副将杨","0","2","2"
"梁传令副将杨腾","0","2","2"
"游击王惟屏分兵","0","2","2"
"击王惟屏分兵驻","0","2","2"
"王惟屏分兵驻守","0","2","2"
"惟屏分兵驻守军","0","2","2"
"屏分兵驻守军事","0","2","2"
"分兵驻守军事要","0","2","2"
"兵驻守军事要地","0","2","2"
"荫封为都指挥同","0","2","2"
"封为都指挥同知","0","2","2"
"加封李成梁为太","0","2","2"
"世代荫封为锦衣","0","2","2"
"俘四百七十多人","0","2","2"
"派遣各将分别驻","0","2","2"
"遣各将分别驻守","0","2","2"
"增加每年的俸禄","0","2","2"
"增加每年俸禄一","0","2","2"
"加每年俸禄一百","0","2","2"
"每年俸禄一百石","0","2","2"
"荫封锦衣卫指挥","0","2","2"
"封锦衣卫指挥使","0","2","2"
"万历十五年春天","0","2","2"
"安心于本职工作","0","2","2"
"継拜在宁夏反叛","0","2","2"
"李成梁镇守辽东","0","2","2"
"苛捐杂税剥削人","0","2","2"
"捐杂税剥削人民","0","2","2"
"李成梁再次镇守","0","2","2"
"成梁再次镇守辽","0","2","2"
"梁再次镇守辽东","0","2","2"
"他的弟弟李如柏","0","2","2"
"皇帝剥夺了他们","0","2","2"
"于是命令李如松","0","2","2"
"万历二十一年正","0","2","2"
"历二十一年正月","0","2","2"
"以为是授封的使","0","2","2"
"为是授封的使者","0","2","2"
"行长渡过大同江","0","2","2"
"第二年正月二日","0","2","2"
"麻贵于是进入岛","0","2","2"
"贵于是进入岛山","0","2","2"
"让他乘驿车回家","0","2","2"
"张献忠攻陷襄阳","0","2","2"
"保定府清苑县人","0","2","2"
"农民起义军攻陷","0","2","2"
"苏州府长洲县人","0","2","2"
"与陈友谅大战于","0","2","2"
"得到原礼的医书","0","2","2"
"我的病治不好了","0","2","2"
"崇祯十七年二月","0","2","2"
"人心更加惶惶不","0","2","2"
"心更加惶惶不安","0","2","2"
"弹劾南京兵部尚","0","2","2"
"任河南右布政使","0","2","2"
"张献忠占领四川","0","2","2"
"曹变蛟是曹文诏","0","2","2"
"变蛟是曹文诏的","0","2","2"
"蛟是曹文诏的侄","0","2","2"
"是曹文诏的侄子","0","2","2"
"尸体横七竖八地","0","2","2"
"总督洪承畴出关","0","2","2"
"取代了他的职务","0","2","2"
"太宗文皇帝亲自","0","2","2"
"为他们建立祠庙","0","2","2"
"孙为世袭锦衣指","0","2","2"
"为世袭锦衣指挥","0","2","2"
"良玉率领昌平军","0","2","2"
"向皇帝报告了这","0","2","2"
"皇帝报告了这件","0","2","2"
"帝报告了这件事","0","2","2"
"投降过来的将领","0","2","2"
"弃了成千上万的","0","2","2"
"督师杨嗣昌推荐","0","2","2"
"总督郑崇俭率领","0","2","2"
"兵力分散势力就","0","2","2"
"营相连有一百多","0","2","2"
"相连有一百多里","0","2","2"
"连有一百多里长","0","2","2"
"过了很长一段时","0","2","2"
"平贼将军的大印","0","2","2"
"后悔没有采纳元","0","2","2"
"悔没有采纳元吉","0","2","2"
"没有采纳元吉的","0","2","2"
"有采纳元吉的建","0","2","2"
"采纳元吉的建议","0","2","2"
"原尚书侯恂从狱","0","2","2"
"尚书侯恂从狱中","0","2","2"
"荫封他一个儿子","0","2","2"
"封他一个儿子为","0","2","2"
"清除皇上身边的","0","2","2"
"除皇上身边的坏","0","2","2"
"皇上身边的坏人","0","2","2"
"当时大清兵已经","0","2","2"
"时大清兵已经打","0","2","2"
"清兵已经打下了","0","2","2"
"龙因此被剥夺官","0","2","2"
"因此被剥夺官职","0","2","2"
"的部下有很多降","0","2","2"
"京师的战事平息","0","2","2"
"在玛瑙山把贼兵","0","2","2"
"玛瑙山把贼兵打","0","2","2"
"瑙山把贼兵打得","0","2","2"
"贼寇于是越过成","0","2","2"
"寇于是越过成都","0","2","2"
"汪乔年开出潼关","0","2","2"
"告诉他自己的意","0","2","2"
"诉他自己的意思","0","2","2"
"于是被打得大败","0","2","2"
"率领精锐骑兵打","0","2","2"
"为世袭锦衣佥事","0","2","2"
"廷追赠他为太子","0","2","2"
"把这事报告给朝","0","2","2"
"这事报告给朝廷","0","2","2"
"正好总督洪承畴","0","2","2"
"为吏部稽勋主事","0","2","2"
"他看到天下大乱","0","2","2"
"崇祯皇帝命令他","0","2","2"
"改任南京兵部右","0","2","2"
"奏疏递进去以后","0","2","2"
"又赐了他尚方宝","0","2","2"
"享有见机行事的","0","2","2"
"等人也不同程度","0","2","2"
"人也不同程度地","0","2","2"
"自成的妻子高氏","0","2","2"
"开诚布公地对他","0","2","2"
"诚布公地对他们","0","2","2"
"布公地对他们加","0","2","2"
"公地对他们加以","0","2","2"
"兵部左侍郎兼右","0","2","2"
"部左侍郎兼右佥","0","2","2"
"加官为东阁大学","0","2","2"
"官为东阁大学士","0","2","2"
"一定要得到批准","0","2","2"
"气婉转的诏书回","0","2","2"
"婉转的诏书回答","0","2","2"
"的诏书回答了他","0","2","2"
"党的主要人物是","0","2","2"
"一份指示批评金","0","2","2"
"份指示批评金堡","0","2","2"
"大清部队更加逼","0","2","2"
"清部队更加逼近","0","2","2"
"任吏部文选主事","0","2","2"
"升为东阁大学士","0","2","2"
"他们的同伙冷孟","0","2","2"
"们的同伙冷孟钅","0","2","2"
"的同伙冷孟钅任","0","2","2"
"上书揭发了他们","0","2","2"
"都是国家的根本","0","2","2"
"他改任吏部尚书","0","2","2"
"的权力交给阁臣","0","2","2"
"他一个儿子为官","0","2","2"
"事情给朝廷知道","0","2","2"
"情给朝廷知道后","0","2","2"
"为南京礼部主事","0","2","2"
"尚书李日宣等人","0","2","2"
"是自古以来不曾","0","2","2"
"自古以来不曾有","0","2","2"
"古以来不曾有过","0","2","2"
"以来不曾有过的","0","2","2"
"升任刑科给事中","0","2","2"
"奏议交给有关部","0","2","2"
"议交给有关部门","0","2","2"
"交给有关部门讨","0","2","2"
"给有关部门讨论","0","2","2"
"后升任太常少卿","0","2","2"
"升任南京兵部右","0","2","2"
"为兵科都给事中","0","2","2"
"能把住黄河防卫","0","2","2"
"升为山东布政使","0","2","2"
"镇守大同的宦官","0","2","2"
"招募熟习水性的","0","2","2"
"募熟习水性的人","0","2","2"
"十三年乡试中举","0","2","2"
"为南京刑部员外","0","2","2"
"晋升为浙江副使","0","2","2"
"辞官归家奉养母","0","2","2"
"官归家奉养母亲","0","2","2"
"世袭锦衣百户的","0","2","2"
"全面负责军事的","0","2","2"
"出任户部右侍郎","0","2","2"
"任户部右侍郎兼","0","2","2"
"调任南京兵部尚","0","2","2"
"朝廷推选内阁大","0","2","2"
"廷推选内阁大臣","0","2","2"
"可法担心高杰蛮","0","2","2"
"法担心高杰蛮横","0","2","2"
"事情才得以解决","0","2","2"
"是千古不曾有过","0","2","2"
"千古不曾有过的","0","2","2"
"晋升少师兼太子","0","2","2"
"升少师兼太子太","0","2","2"
"请求任用邹元标","0","2","2"
"提拔他为太仆少","0","2","2"
"拔他为太仆少卿","0","2","2"
"改任礼部尚书兼","0","2","2"
"他改任户部尚书","0","2","2"
"受贿赂的几件事","0","2","2"
"继咸得以恢复原","0","2","2"
"提升他为右佥都","0","2","2"
"升他为右佥都御","0","2","2"
"朝廷决定设置一","0","2","2"
"王在南京即位后","0","2","2"
"子的秘密指示是","0","2","2"
"的秘密指示是从","0","2","2"
"秘密指示是从哪","0","2","2"
"密指示是从哪里","0","2","2"
"指示是从哪里搞","0","2","2"
"次上书极力推辞","0","2","2"
"替他的人还没到","0","2","2"
"平定叛乱的功劳","0","2","2"
"下去会弄成什么","0","2","2"
"去会弄成什么样","0","2","2"
"会弄成什么样子","0","2","2"
"因为他们两个都","0","2","2"
"崇祯十六年冬天","0","2","2"
"让他以原先的身","0","2","2"
"他以原先的身份","0","2","2"
"腾蛟与侍郎严起","0","2","2"
"蛟与侍郎严起恒","0","2","2"
"他考中万历四十","0","2","2"
"万历四十四年榜","0","2","2"
"历四十四年榜进","0","2","2"
"四十四年榜进士","0","2","2"
"帝也采纳了他的","0","2","2"
"皇帝下诏让朝廷","0","2","2"
"听取他们的意见","0","2","2"
"大清兵打下了汀","0","2","2"
"清兵打下了汀州","0","2","2"
"他便宜行事的权","0","2","2"
"请求永明王回到","0","2","2"
"求永明王回到桂","0","2","2"
"把他们打入监狱","0","2","2"
"撰写了一篇奏疏","0","2","2"
"耽误了国家大事","0","2","2"
"提升他为兵部尚","0","2","2"
"升他为兵部尚书","0","2","2"
"给他见机行事的","0","2","2"
"他见机行事的权","0","2","2"
"改任南京兵部主","0","2","2"
"已经有人议论说","0","2","2"
"经有人议论说这","0","2","2"
"有人议论说这是","0","2","2"
"收捕了他的妻子","0","2","2"
"唐王提升他为翰","0","2","2"
"王提升他为翰林","0","2","2"
"提升为兵部尚书","0","2","2"
"因此所到之处人","0","2","2"
"此所到之处人们","0","2","2"
"所到之处人们都","0","2","2"
"关于国家大事的","0","2","2"
"正好丁魁楚等人","0","2","2"
"永明王在肇庆监","0","2","2"
"明王在肇庆监国","0","2","2"
"和他的两个儿子","0","2","2"
"任礼部右侍郎兼","0","2","2"
"把他们抓起来杀","0","2","2"
"了吏科都给事中","0","2","2"
"死的人不计其数","0","2","2"
"下令把他剥夺官","0","2","2"
"令把他剥夺官籍","0","2","2"
"改任兵部右侍郎","0","2","2"
"庄烈帝在中左门","0","2","2"
"烈帝在中左门召","0","2","2"
"他兼任右佥都御","0","2","2"
"提出招安的主张","0","2","2"
"因为提建议被贬","0","2","2"
"被加官太子少保","0","2","2"
"用一百张嘴巴保","0","2","2"
"含蓄地提到这一","0","2","2"
"蓄地提到这一点","0","2","2"
"又升为山东右布","0","2","2"
"提拔为浙江按察","0","2","2"
"皇帝认为他的话","0","2","2"
"杨继盛弹劾严嵩","0","2","2"
"王宗茂弹劾严嵩","0","2","2"
"严嵩的儿子世蕃","0","2","2"
"邹应龙为通政司","0","2","2"
"应龙为通政司参","0","2","2"
"龙为通政司参议","0","2","2"
"徐阶取代严嵩任","0","2","2"
"阶取代严嵩任首","0","2","2"
"取代严嵩任首辅","0","2","2"
"屡次奏请增添内","0","2","2"
"次奏请增添内阁","0","2","2"
"奏请增添内阁大","0","2","2"
"请增添内阁大臣","0","2","2"
"御史齐康弹劾徐","0","2","2"
"史齐康弹劾徐阶","0","2","2"
"御史齐康替高拱","0","2","2"
"史齐康替高拱弹","0","2","2"
"齐康替高拱弹劾","0","2","2"
"康替高拱弹劾徐","0","2","2"
"替高拱弹劾徐阶","0","2","2"
"俺答的孙子把汉","0","2","2"
"答的孙子把汉那","0","2","2"
"的孙子把汉那吉","0","2","2"
"孙子把汉那吉前","0","2","2"
"子把汉那吉前来","0","2","2"
"张居正极力主张","0","2","2"
"帝都听从了他的","0","2","2"
"给事中韩楫弹劾","0","2","2"
"事中韩楫弹劾贞","0","2","2"
"中韩楫弹劾贞吉","0","2","2"
"命令给事中雒遵","0","2","2"
"晋升为侍讲学士","0","2","2"
"右侍郎兼翰林院","0","2","2"
"侍郎兼翰林院学","0","2","2"
"郎兼翰林院学士","0","2","2"
"皇后为仁圣皇太","0","2","2"
"后为仁圣皇太后","0","2","2"
"赏赐他坐蟒官服","0","2","2"
"儿子编修张嗣修","0","2","2"
"张居正请求回乡","0","2","2"
"礼部尚书马自强","0","2","2"
"拜见两宫皇太后","0","2","2"
"皇帝在平台召见","0","2","2"
"被提拔为锦衣卫","0","2","2"
"提拔为锦衣卫指","0","2","2"
"拔为锦衣卫指挥","0","2","2"
"的三个儿子都在","0","2","2"
"一个儿子为尚宝","0","2","2"
"个儿子为尚宝丞","0","2","2"
"皇帝同意了他们","0","2","2"
"帝同意了他们的","0","2","2"
"封贡的议论兴起","0","2","2"
"已经晋升为左侍","0","2","2"
"经晋升为左侍郎","0","2","2"
"阁大学士入内阁","0","2","2"
"提拔为少詹事兼","0","2","2"
"为少詹事兼侍读","0","2","2"
"提升为礼部右侍","0","2","2"
"以左侍郎身份负","0","2","2"
"左侍郎身份负责","0","2","2"
"请求恢复他原来","0","2","2"
"求恢复他原来的","0","2","2"
"他被加封太子少","0","2","2"
"被加封太子少保","0","2","2"
"张居正准备回乡","0","2","2"
"居正准备回乡安","0","2","2"
"正准备回乡安葬","0","2","2"
"准备回乡安葬父","0","2","2"
"备回乡安葬父亲","0","2","2"
"因为救助吴中行","0","2","2"
"万历十一年四月","0","2","2"
"接受了他的请求","0","2","2"
"进士薛敷教弹劾","0","2","2"
"士薛敷教弹劾吴","0","2","2"
"薛敷教弹劾吴时","0","2","2"
"在暖阁召见辅佐","0","2","2"
"暖阁召见辅佐大","0","2","2"
"阁召见辅佐大臣","0","2","2"
"张居正服丧期限","0","2","2"
"居正服丧期限未","0","2","2"
"正服丧期限未满","0","2","2"
"升任吏部右侍郎","0","2","2"
"王锡爵返回朝廷","0","2","2"
"确定国家的根本","0","2","2"
"下优诏答复知道","0","2","2"
"优诏答复知道了","0","2","2"
"等到封贡的事情","0","2","2"
"历二十九年秋天","0","2","2"
"违背了张居正的","0","2","2"
"张居正死后的第","0","2","2"
"居正死后的第二","0","2","2"
"正死后的第二年","0","2","2"
"掌管司业的事务","0","2","2"
"日本封贡的事情","0","2","2"
"本封贡的事情失","0","2","2"
"遇上父亲的丧事","0","2","2"
"亲自到郊庙祭祀","0","2","2"
"补充空缺的官职","0","2","2"
"给事中刘道亨弹","0","2","2"
"事中刘道亨弹劾","0","2","2"
"画主事丁应泰弹","0","2","2"
"主事丁应泰弹劾","0","2","2"
"于是剥夺他的官","0","2","2"
"将他从官籍中除","0","2","2"
"他从官籍中除名","0","2","2"
"身份充当日讲官","0","2","2"
"并兼东阁大学士","0","2","2"
"兼东阁大学士参","0","2","2"
"南京的考核结果","0","2","2"
"万历三十八年秋","0","2","2"
"历三十八年秋天","0","2","2"
"晋升为吏部尚书","0","2","2"
"升任吏科给事中","0","2","2"
"皇帝听从了建议","0","2","2"
"上疏陈述四件事","0","2","2"
"为吏科都给事中","0","2","2"
"被提升为太仆少","0","2","2"
"被提升为太常少","0","2","2"
"高拱再度任宰相","0","2","2"
"奏疏留在宫中不","0","2","2"
"疏留在宫中不下","0","2","2"
"留在宫中不下发","0","2","2"
"任福建提学副使","0","2","2"
"大学士高拱执掌","0","2","2"
"学士高拱执掌吏","0","2","2"
"士高拱执掌吏部","0","2","2"
"皇帝虽然安慰挽","0","2","2"
"帝虽然安慰挽留","0","2","2"
"高拱以内阁大臣","0","2","2"
"拱以内阁大臣身","0","2","2"
"以内阁大臣身份","0","2","2"
"不看重奇异的东","0","2","2"
"看重奇异的东西","0","2","2"
"第二年考取进士","0","2","2"
"授职为中书舍人","0","2","2"
"升任礼科给事中","0","2","2"
"责南京翰林院的","0","2","2"
"封赠为太子太保","0","2","2"
"考取嘉靖三十八","0","2","2"
"取嘉靖三十八年","0","2","2"
"任右佥都御史辖","0","2","2"
"右佥都御史辖治","0","2","2"
"讨伐并平定了他","0","2","2"
"任命为户部右侍","0","2","2"
"命为户部右侍郎","0","2","2"
"升任右都御史兼","0","2","2"
"任右都御史兼兵","0","2","2"
"他担任右副都御","0","2","2"
"御史周之翰弹劾","0","2","2"
"晋升为南京右都","0","2","2"
"升为南京右都御","0","2","2"
"刘台弹劾张居正","0","2","2"
"张居正大为恼怒","0","2","2"
"任南京刑部右侍","0","2","2"
"升任兵科给事中","0","2","2"
"下诏停止每天的","0","2","2"
"他升任太仆少卿","0","2","2"
"考取嘉靖三十五","0","2","2"
"取嘉靖三十五年","0","2","2"
"皇帝都答复可以","0","2","2"
"被调出京城担任","0","2","2"
"为辽东苑马寺卿","0","2","2"
"的一个儿子录入","0","2","2"
"一个儿子录入官","0","2","2"
"个儿子录入官籍","0","2","2"
"万历十八年冬天","0","2","2"
"他升任兵部右侍","0","2","2"
"日本受封与朝贡","0","2","2"
"本受封与朝贡的","0","2","2"
"受封与朝贡的议","0","2","2"
"封与朝贡的议论","0","2","2"
"后起用为南京工","0","2","2"
"用为南京工部尚","0","2","2"
"担任刑部左侍郎","0","2","2"
"熟悉倭寇的情况","0","2","2"
"赵学仕是大学士","0","2","2"
"学仕是大学士赵","0","2","2"
"仕是大学士赵志","0","2","2"
"是大学士赵志皋","0","2","2"
"学士赵志皋的族","0","2","2"
"皇帝下诏挽留他","0","2","2"
"奏章都被留在宫","0","2","2"
"章都被留在宫中","0","2","2"
"压制了他的提议","0","2","2"
"右佥都御史巡视","0","2","2"
"赵用贤因为拒绝","0","2","2"
"用贤因为拒绝婚","0","2","2"
"贤因为拒绝婚事","0","2","2"
"保全大臣的体统","0","2","2"
"采纳了他们的建","0","2","2"
"纳了他们的建议","0","2","2"
"他出任南京刑部","0","2","2"
"出任南京刑部尚","0","2","2"
"大学士张居正是","0","2","2"
"为南京大理寺丞","0","2","2"
"任南京右佥都御","0","2","2"
"其余的人全部释","0","2","2"
"余的人全部释放","0","2","2"
"升任南京工部尚","0","2","2"
"任山东提学副使","0","2","2"
"打来孙十多万骑","0","2","2"
"来孙十多万骑兵","0","2","2"
"儿子为锦衣千户","0","2","2"
"以便断绝敌寇窥","0","2","2"
"便断绝敌寇窥探","0","2","2"
"嘉靖四十二年十","0","2","2"
"靖四十二年十月","0","2","2"
"劝谏而被治罪的","0","2","2"
"被治罪的大臣们","0","2","2"
"不久转任左侍郎","0","2","2"
"部队的年度给养","0","2","2"
"他乘驿车归乡的","0","2","2"
"上疏弹劾吏部尚","0","2","2"
"疏弹劾吏部尚书","0","2","2"
"弹劾吏部尚书汪","0","2","2"
"吏部尚书汪钅宏","0","2","2"
"任南京户部右侍","0","2","2"
"第二年考中进士","0","2","2"
"将他们全部释放","0","2","2"
"以年老为由请求","0","2","2"
"以廉洁平易著称","0","2","2"
"以便系縻他们的","0","2","2"
"二年晋升为礼部","0","2","2"
"年晋升为礼部右","0","2","2"
"参与机要事务的","0","2","2"
"万历二十年春季","0","2","2"
"年春季举行册立","0","2","2"
"奏请求罢免官职","0","2","2"
"万历十二年冬季","0","2","2"
"皇后的父亲永年","0","2","2"
"后的父亲永年伯","0","2","2"
"事情也就中止了","0","2","2"
"郭正域是沈鲤的","0","2","2"
"正域是沈鲤的门","0","2","2"
"御史刘台因为弹","0","2","2"
"史刘台因为弹劾","0","2","2"
"刘台因为弹劾张","0","2","2"
"台因为弹劾张居","0","2","2"
"张居正服丧未满","0","2","2"
"张居正的母亲年","0","2","2"
"见并任命他为礼","0","2","2"
"并任命他为礼部","0","2","2"
"万历三十三年夏","0","2","2"
"李廷机多次上奏","0","2","2"
"万历三十五年夏","0","2","2"
"剥夺了他们的俸","0","2","2"
"夺了他们的俸禄","0","2","2"
"行人护送他回乡","0","2","2"
"嘉靖二十年的进","0","2","2"
"靖二十年的进士","0","2","2"
"升为户部右侍郎","0","2","2"
"成国公朱希忠去","0","2","2"
"国公朱希忠去世","0","2","2"
"被提拔为右佥都","0","2","2"
"以左侍郎的身份","0","2","2"
"陕西三边的军务","0","2","2"
"他升任南京兵部","0","2","2"
"晋升为大理寺丞","0","2","2"
"将他们全部抓获","0","2","2"
"宗听从了他的建","0","2","2"
"出任南京右都御","0","2","2"
"其他的事情将他","0","2","2"
"皇帝下诏准许他","0","2","2"
"汇报了他的功绩","0","2","2"
"见并任命他为户","0","2","2"
"并任命他为户部","0","2","2"
"三百多万两白银","0","2","2"
"他改任兵部尚书","0","2","2"
"他进入朝廷担任","0","2","2"
"极力陈述它的危","0","2","2"
"力陈述它的危害","0","2","2"
"嘉靖三十四年以","0","2","2"
"靖三十四年以后","0","2","2"
"帝接纳并嘉奖了","0","2","2"
"接纳并嘉奖了他","0","2","2"
"他调任南京兵部","0","2","2"
"万历二十一年他","0","2","2"
"历二十一年他与","0","2","2"
"二十一年他与吏","0","2","2"
"十一年他与吏部","0","2","2"
"一年他与吏部尚","0","2","2"
"年他与吏部尚书","0","2","2"
"调任工部右侍郎","0","2","2"
"下诏令他乘驿车","0","2","2"
"认为他的建议很","0","2","2"
"为他的建议很好","0","2","2"
"任礼科都给事中","0","2","2"
"工部尚书何起鸣","0","2","2"
"于是削夺了他的","0","2","2"
"是削夺了他的官","0","2","2"
"担任户部左侍郎","0","2","2"
"担任南京吏部尚","0","2","2"
"的奏章留在宫中","0","2","2"
"留在宫中没有下","0","2","2"
"在宫中没有下发","0","2","2"
"杨时乔主持此事","0","2","2"
"每年增加二十万","0","2","2"
"年增加二十万两","0","2","2"
"增加二十万两金","0","2","2"
"加二十万两金花","0","2","2"
"二十万两金花银","0","2","2"
"的什么事情不是","0","2","2"
"被征召为工科给","0","2","2"
"征召为工科给事","0","2","2"
"召为工科给事中","0","2","2"
"西部边疆的事务","0","2","2"
"他为户部左侍郎","0","2","2"
"请求调拨内府的","0","2","2"
"于是成为每年的","0","2","2"
"任少傅兼太子太","0","2","2"
"将丁此吕贬出京","0","2","2"
"召见申时行等人","0","2","2"
"申时行奏请皇帝","0","2","2"
"告诫朝廷大臣不","0","2","2"
"诫朝廷大臣不要","0","2","2"
"于是皇帝赐给他","0","2","2"
"历任吏部左侍郎","0","2","2"
"在家居住十年后","0","2","2"
"家居住十年后去","0","2","2"
"居住十年后去世","0","2","2"
"大学士叶向高奏","0","2","2"
"学士叶向高奏请","0","2","2"
"用他为礼部右侍","0","2","2"
"于是将他们全部","0","2","2"
"兵科给事中赵兴","0","2","2"
"科给事中赵兴邦","0","2","2"
"奏请补充内阁大","0","2","2"
"请补充内阁大臣","0","2","2"
"方从哲单独执政","0","2","2"
"万历四十八年七","0","2","2"
"历四十八年七月","0","2","2"
"御史王安舜弹劾","0","2","2"
"令朝廷大臣商议","0","2","2"
"呈送药的前后经","0","2","2"
"送药的前后经过","0","2","2"
"有失大臣的体统","0","2","2"
"做了礼部左侍郎","0","2","2"
"吏部尚书吴鹏一","0","2","2"
"封他为礼部尚书","0","2","2"
"考取会试第一名","0","2","2"
"又升为吏部右侍","0","2","2"
"家中没有多余的","0","2","2"
"中没有多余的资","0","2","2"
"追赠他为礼部尚","0","2","2"
"赠他为礼部尚书","0","2","2"
"晋升为本部尚书","0","2","2"
"上奏极力攻击王","0","2","2"
"奏极力攻击王图","0","2","2"
"协助掌管詹事府","0","2","2"
"唐文献与同僚杨","0","2","2"
"文献与同僚杨道","0","2","2"
"赠封为礼部尚书","0","2","2"
"削夺了他的官职","0","2","2"
"的奏疏下发给九","0","2","2"
"奏疏下发给九卿","0","2","2"
"受当权宦官的祸","0","2","2"
"当权宦官的祸害","0","2","2"
"处置当权宦官的","0","2","2"
"置当权宦官的办","0","2","2"
"当权宦官的办法","0","2","2"
"任命他为国子监","0","2","2"
"提升为南京国子","0","2","2"
"交给有关部门处","0","2","2"
"给有关部门处理","0","2","2"
"在家居住两年后","0","2","2"
"家居住两年后去","0","2","2"
"居住两年后去世","0","2","2"
"原实录详细记载","0","2","2"
"升为福建按察使","0","2","2"
"为右副都御史代","0","2","2"
"右副都御史代替","0","2","2"
"功升为左副都御","0","2","2"
"倪岳任吏部尚书","0","2","2"
"一品官满了九年","0","2","2"
"大夏为右副都御","0","2","2"
"夏为右副都御史","0","2","2"
"皇帝的命令一下","0","2","2"
"提升刑部右侍郎","0","2","2"
"任南京礼部主事","0","2","2"
"为太常少卿兼侍","0","2","2"
"太常少卿兼侍读","0","2","2"
"京师发生大水灾","0","2","2"
"升任为右副都御","0","2","2"
"朝廷讨论派遣大","0","2","2"
"廷讨论派遣大臣","0","2","2"
"晋升为户部尚书","0","2","2"
"朱寿率领天子的","0","2","2"
"大臣们一起上书","0","2","2"
"臣们一起上书说","0","2","2"
"皇储还没有确定","0","2","2"
"天下的名山大川","0","2","2"
"是皇太子的亲生","0","2","2"
"陛下入宫继承了","0","2","2"
"第二个儿子崇仁","0","2","2"
"二个儿子崇仁王","0","2","2"
"过继给人做儿子","0","2","2"
"可以作为千秋万","0","2","2"
"过继给人就是人","0","2","2"
"继给人就是人家","0","2","2"
"给人就是人家的","0","2","2"
"人就是人家的儿","0","2","2"
"召集大臣们上书","0","2","2"
"大臣们上书议论","0","2","2"
"臣们上书议论说","0","2","2"
"应该以孝宗为父","0","2","2"
"以前的奏疏发下","0","2","2"
"前的奏疏发下来","0","2","2"
"推尊自己的亲生","0","2","2"
"尊自己的亲生父","0","2","2"
"改当吏部左侍郎","0","2","2"
"经有武宗这个儿","0","2","2"
"有武宗这个儿子","0","2","2"
"兴献帝为本生皇","0","2","2"
"帝为本生皇考恭","0","2","2"
"在奉先殿一侧另","0","2","2"
"于是递上奏议说","0","2","2"
"逢年过节派遣官","0","2","2"
"年过节派遣官员","0","2","2"
"朝廷追赠他为少","0","2","2"
"廷追赠他为少保","0","2","2"
"朝廷里的大臣们","0","2","2"
"管起草皇帝的命","0","2","2"
"起草皇帝的命令","0","2","2"
"外放为南京吏部","0","2","2"
"放为南京吏部尚","0","2","2"
"司马光所说当时","0","2","2"
"是我们太祖皇帝","0","2","2"
"都是先皇帝的恩","0","2","2"
"在关于大礼的争","0","2","2"
"关于大礼的争议","0","2","2"
"哭声响震皇宫的","0","2","2"
"声响震皇宫的深","0","2","2"
"响震皇宫的深宅","0","2","2"
"震皇宫的深宅大","0","2","2"
"皇宫的深宅大院","0","2","2"
"次上书称病告老","0","2","2"
"继承王位的道理","0","2","2"
"一起到左顺门跪","0","2","2"
"起到左顺门跪地","0","2","2"
"到左顺门跪地哭","0","2","2"
"抗言上书搭救他","0","2","2"
"和其他大臣们一","0","2","2"
"其他大臣们一起","0","2","2"
"在宫门外跪地哭","0","2","2"
"宫门外跪地哭谏","0","2","2"
"召集大臣们讨论","0","2","2"
"他为左佥都御史","0","2","2"
"为母丧守服期满","0","2","2"
"任御前讲席的讲","0","2","2"
"御前讲席的讲官","0","2","2"
"有疑问就询问他","0","2","2"
"以原先的官职兼","0","2","2"
"官吏受封的敕书","0","2","2"
"侍奉时为东宫太","0","2","2"
"奉时为东宫太子","0","2","2"
"时为东宫太子的","0","2","2"
"为广东左布政使","0","2","2"
"以右副都御史巡","0","2","2"
"做了少傅兼太子","0","2","2"
"用廷和一个儿子","0","2","2"
"廷和一个儿子为","0","2","2"
"和一个儿子为锦","0","2","2"
"泰为威武副将军","0","2","2"
"排行应当立为皇","0","2","2"
"行应当立为皇帝","0","2","2"
"投入京城的大牢","0","2","2"
"兴献王的大儿子","0","2","2"
"尊称孝宗为皇考","0","2","2"
"有不同意见的人","0","2","2"
"坚持原来的决议","0","2","2"
"慈寿皇太后为圣","0","2","2"
"寿皇太后为圣母","0","2","2"
"辅立新君的功绩","0","2","2"
"每年俸禄一千石","0","2","2"
"屡次上书请求退","0","2","2"
"被抓进京城的大","0","2","2"
"抓进京城的大牢","0","2","2"
"不久加官太子太","0","2","2"
"久加官太子太保","0","2","2"
"调任南京吏部尚","0","2","2"
"他以吏部尚书兼","0","2","2"
"以吏部尚书兼文","0","2","2"
"文渊阁大学士的","0","2","2"
"渊阁大学士的身","0","2","2"
"都放置一边不加","0","2","2"
"升为南京吏部右","0","2","2"
"为南京吏部右侍","0","2","2"
"份入内阁参与机","0","2","2"
"指着路旁的荆棘","0","2","2"
"当作自己的儿子","0","2","2"
"自己的儿子抚养","0","2","2"
"为兴王加上尊谥","0","2","2"
"兴王加上尊谥号","0","2","2"
"王加上尊谥号为","0","2","2"
"为恭睿渊仁宽穆","0","2","2"
"国子生的身份被","0","2","2"
"子生的身份被授","0","2","2"
"盛庸代替李景隆","0","2","2"
"事很合皇上心意","0","2","2"
"吕震的女婿主事","0","2","2"
"震的女婿主事张","0","2","2"
"的女婿主事张鹤","0","2","2"
"关进锦衣卫监狱","0","2","2"
"问他有什么话要","0","2","2"
"他有什么话要说","0","2","2"
"原吉和蹇义等人","0","2","2"
"皇上在便殿设宴","0","2","2"
"提出自己的意见","0","2","2"
"正好皇上召见方","0","2","2"
"好皇上召见方宾","0","2","2"
"给他优厚的赏赐","0","2","2"
"皇上遂下了决心","0","2","2"
"户部免除他家的","0","2","2"
"部免除他家的赋","0","2","2"
"把皇上赐给他的","0","2","2"
"他出入燕王府中","0","2","2"
"被提升为都指挥","0","2","2"
"提升为都指挥佥","0","2","2"
"十万大军将攻北","0","2","2"
"万大军将攻北平","0","2","2"
"才得以冲出重围","0","2","2"
"在成祖藩邸奉事","0","2","2"
"进升他为都指挥","0","2","2"
"授为奉天靖难推","0","2","2"
"为奉天靖难推诚","0","2","2"
"他善于安抚士卒","0","2","2"
"劝皇上立他为太","0","2","2"
"皇上立他为太子","0","2","2"
"承袭父职为燕山","0","2","2"
"累升至都指挥使","0","2","2"
"升为北平都指挥","0","2","2"
"为北平都指挥使","0","2","2"
"从刘家口抄小路","0","2","2"
"办理了他的丧事","0","2","2"
"升为浙江左布政","0","2","2"
"后被授予监察御","0","2","2"
"加封为太子太师","0","2","2"
"升为北平按察司","0","2","2"
"不久进升为太子","0","2","2"
"改换素冠和布腰","0","2","2"
"换素冠和布腰带","0","2","2"
"洪武二十一年考","0","2","2"
"武二十一年考中","0","2","2"
"进升为礼部尚书","0","2","2"
"因茹王常的推荐","0","2","2"
"第二年随从北征","0","2","2"
"忤逆了皇上旨意","0","2","2"
"升为云南按察使","0","2","2"
"大理寺少卿弋谦","0","2","2"
"等人纷纷上书弹","0","2","2"
"人纷纷上书弹劾","0","2","2"
"逮进锦衣卫监狱","0","2","2"
"进升右军都督佥","0","2","2"
"升右军都督佥事","0","2","2"
"城围才得以解除","0","2","2"
"派指挥武胜上书","0","2","2"
"大同守将房昭率","0","2","2"
"宦官一百五十余","0","2","2"
"官一百五十余人","0","2","2"
"跟随傅友德征讨","0","2","2"
"随傅友德征讨云","0","2","2"
"军中封何福为宁","0","2","2"
"中封何福为宁远","0","2","2"
"封何福为宁远侯","0","2","2"
"随颍川侯傅友德","0","2","2"
"川侯傅友德征讨","0","2","2"
"侯傅友德征讨云","0","2","2"
"皇上诏令顾成率","0","2","2"
"皇上称赞他的才","0","2","2"
"上称赞他的才华","0","2","2"
"准许当大米一石","0","2","2"
"第二年四月他去","0","2","2"
"二年四月他去世","0","2","2"
"对下属约束得很","0","2","2"
"下属约束得很严","0","2","2"
"改任左副都御史","0","2","2"
"皇太子拜谒孝陵","0","2","2"
"勉强起来告诉柳","0","2","2"
"强起来告诉柳升","0","2","2"
"结果中埋伏而死","0","2","2"
"升为陕西按察使","0","2","2"
"国子监生被授予","0","2","2"
"授予他的儿子陈","0","2","2"
"被升为礼部侍郎","0","2","2"
"他被召为大理寺","0","2","2"
"为南京大理寺卿","0","2","2"
"东宫属官全部投","0","2","2"
"宫属官全部投进","0","2","2"
"为礼部侍郎兼华","0","2","2"
"礼部侍郎兼华盖","0","2","2"
"部侍郎兼华盖殿","0","2","2"
"皇上对左右的人","0","2","2"
"上对左右的人说","0","2","2"
"得到皇上赐给的","0","2","2"
"每年向他们征收","0","2","2"
"免除拖欠的赋税","0","2","2"
"成为边防的祸患","0","2","2"
"他随从皇上出塞","0","2","2"
"老的罕逃到赤斤","0","2","2"
"的罕逃到赤斤蒙","0","2","2"
"罕逃到赤斤蒙古","0","2","2"
"第二年又随从北","0","2","2"
"二年又随从北征","0","2","2"
"进升文渊阁大学","0","2","2"
"升文渊阁大学士","0","2","2"
"汉王朱高煦造反","0","2","2"
"大臣们多认为不","0","2","2"
"他都担任总裁官","0","2","2"
"交给司法部门审","0","2","2"
"担任总兵官镇守","0","2","2"
"不要自己苦自己","0","2","2"
"揭发他们的罪状","0","2","2"
"被提拔为太仆少","0","2","2"
"提拔为太仆少卿","0","2","2"
"以右都御史的身","0","2","2"
"右都御史的身份","0","2","2"
"都御史的身份总","0","2","2"
"帝听从了他的建","0","2","2"
"又弹劾吏部尚书","0","2","2"
"正巧侍郎赵文华","0","2","2"
"掌管选拔官吏之","0","2","2"
"斩敌一百二十人","0","2","2"
"他以右副都御史","0","2","2"
"改为吏部左侍郎","0","2","2"
"允许他乘坐驿车","0","2","2"
"为南京礼部郎中","0","2","2"
"任山西提学副使","0","2","2"
"皇帝嘉奖他的忠","0","2","2"
"右副都御史的官","0","2","2"
"副都御史的官职","0","2","2"
"右佥都御史前往","0","2","2"
"升为右都御史兼","0","2","2"
"这个战役开始的","0","2","2"
"进升为副都御史","0","2","2"
"总督南京粮食储","0","2","2"
"督南京粮食储备","0","2","2"
"为广东提学副使","0","2","2"
"正德十一年正月","0","2","2"
"剥夺他的世袭荫","0","2","2"
"夺他的世袭荫庇","0","2","2"
"他的世袭荫庇的","0","2","2"
"的世袭荫庇的特","0","2","2"
"世袭荫庇的特权","0","2","2"
"官为右副都御史","0","2","2"
"给事中蔡经等人","0","2","2"
"给事中夏言等人","0","2","2"
"皇帝听从了他们","0","2","2"
"帝听从了他们的","0","2","2"
"天地合在一起祭","0","2","2"
"地合在一起祭祀","0","2","2"
"皇帝下诏书征求","0","2","2"
"尚书王时中等人","0","2","2"
"书王时中等人说","0","2","2"
"道路上饿死的人","0","2","2"
"在墓旁结草庐居","0","2","2"
"墓旁结草庐居住","0","2","2"
"不是陛下的赤子","0","2","2"
"祖宗创业的艰难","0","2","2"
"杨爵的语言行动","0","2","2"
"升为吏科给事中","0","2","2"
"然后才敢向陛下","0","2","2"
"后才敢向陛下奏","0","2","2"
"才敢向陛下奏闻","0","2","2"
"皇帝不采纳他的","0","2","2"
"提升为礼科给事","0","2","2"
"并延及他的子孙","0","2","2"
"将他禁锢在诏狱","0","2","2"
"现在大学士严嵩","0","2","2"
"任用他一个儿子","0","2","2"
"嘉靖二十六年考","0","2","2"
"将杨继盛下诏狱","0","2","2"
"弹劾严嵩的疏章","0","2","2"
"皇帝下诏令逮捕","0","2","2"
"隶属总兵官俞大","0","2","2"
"属总兵官俞大猷","0","2","2"
"皇帝深信他的话","0","2","2"
"天下的人都知道","0","2","2"
"胡宗宪与汪直同","0","2","2"
"这时严嵩已倒台","0","2","2"
"在半路上攻击他","0","2","2"
"半路上攻击他们","0","2","2"
"中嘉靖五年进士","0","2","2"
"曾任户科给事中","0","2","2"
"起用为南京兵部","0","2","2"
"总督王忄予以下","0","2","2"
"晋升为都指挥同","0","2","2"
"兵守卫这个地方","0","2","2"
"都御史王廷相说","0","2","2"
"充任甘肃游击将","0","2","2"
"任甘肃游击将军","0","2","2"
"军共斩敌人首级","0","2","2"
"和总兵官欧阳安","0","2","2"
"被贬为都督佥事","0","2","2"
"次战斗都取得了","0","2","2"
"战斗都取得了胜","0","2","2"
"斗都取得了胜利","0","2","2"
"被提升为总兵官","0","2","2"
"身经大小战斗百","0","2","2"
"经大小战斗百十","0","2","2"
"大小战斗百十次","0","2","2"
"顺义王扌奢力克","0","2","2"
"晋升为署都指挥","0","2","2"
"升为署都指挥佥","0","2","2"
"为署都指挥佥事","0","2","2"
"们的妻子儿女回","0","2","2"
"被提升为署都督","0","2","2"
"提升为署都督佥","0","2","2"
"晋升为都督同知","0","2","2"
"哈密都督写亦虎","0","2","2"
"密都督写亦虎仙","0","2","2"
"写亦虎仙和他的","0","2","2"
"俺答又大举入侵","0","2","2"
"夏秋期间分别驻","0","2","2"
"年他被提升为右","0","2","2"
"他被提升为右副","0","2","2"
"这是一劳永逸的","0","2","2"
"是一劳永逸的办","0","2","2"
"说河套不可能收","0","2","2"
"河套不可能收复","0","2","2"
"咸宁侯仇鸾镇守","0","2","2"
"妻子流放二千里","0","2","2"
"着潮河川南下到","0","2","2"
"潮河川南下到古","0","2","2"
"河川南下到古北","0","2","2"
"川南下到古北口","0","2","2"
"皇帝下令杨守谦","0","2","2"
"丁汝夔和杨守谦","0","2","2"
"于是烧毁城外的","0","2","2"
"皇帝于是下诏责","0","2","2"
"佥都御史代替他","0","2","2"
"卢镒等人贬戍边","0","2","2"
"镒等人贬戍边关","0","2","2"
"日精门发生火灾","0","2","2"
"弹劾吏部尚书廖","0","2","2"
"是小人之中的小","0","2","2"
"小人之中的小人","0","2","2"
"被加封为兵部尚","0","2","2"
"加封为兵部尚书","0","2","2"
"不知道皇帝的意","0","2","2"
"提升为南京通政","0","2","2"
"右佥都御史的官","0","2","2"
"佥都御史的官职","0","2","2"
"升为河南按察使","0","2","2"
"于谦的儿子于冕","0","2","2"
"以自己之心为心","0","2","2"
"自从逆臣刘瑾以","0","2","2"
"从逆臣刘瑾以来","0","2","2"
"一天比一天厉害","0","2","2"
"臣越来越被疏远","0","2","2"
"禁锢在高墙之内","0","2","2"
"没收他们的财产","0","2","2"
"当时是嘉靖六年","0","2","2"
"让他们进入京城","0","2","2"
"是李福达相识的","0","2","2"
"这是不用疑虑的","0","2","2"
"是不用疑虑的第","0","2","2"
"人就不是因为仇","0","2","2"
"弹劾吏部尚书杨","0","2","2"
"尚书胡世宁等人","0","2","2"
"次考试都是第一","0","2","2"
"桂萼的家人吴从","0","2","2"
"萼的家人吴从周","0","2","2"
"佥都御史李如圭","0","2","2"
"才得以幸免一死","0","2","2"
"皇后的牌位安放","0","2","2"
"皇后附祭于太庙","0","2","2"
"认为不能这么做","0","2","2"
"在太庙及奉先殿","0","2","2"
"附祭孝烈皇后于","0","2","2"
"祭孝烈皇后于太","0","2","2"
"孝烈皇后于太庙","0","2","2"
"被上尊谥号为孝","0","2","2"
"圣皇太后住在慈","0","2","2"
"太祖十分赏识他","0","2","2"
"晋升为浙江行省","0","2","2"
"周德兴讨伐平定","0","2","2"
"得到的奖赏十分","0","2","2"
"到的奖赏十分丰","0","2","2"
"的奖赏十分丰厚","0","2","2"
"跟从大军征讨中","0","2","2"
"从大军征讨中原","0","2","2"
"平侯沐英征讨西","0","2","2"
"侯沐英征讨西番","0","2","2"
"主脱古思帖木儿","0","2","2"
"副将军的身份跟","0","2","2"
"擒获元平章达里","0","2","2"
"获元平章达里麻","0","2","2"
"脱下衣服给纳哈","0","2","2"
"下衣服给纳哈出","0","2","2"
"衣服给纳哈出穿","0","2","2"
"中拜蓝玉为大将","0","2","2"
"拜蓝玉为大将军","0","2","2"
"俘获其次子地保","0","2","2"
"获其次子地保奴","0","2","2"
"被任命为指挥使","0","2","2"
"被授予都督佥事","0","2","2"
"蓝玉党案牵连而","0","2","2"
"玉党案牵连而被","0","2","2"
"党案牵连而被杀","0","2","2"
"晋升为管军千户","0","2","2"
"晋升为指挥佥事","0","2","2"
"老百姓深感十分","0","2","2"
"德庆侯廖永忠的","0","2","2"
"俞通海等人率舟","0","2","2"
"通海等人率舟师","0","2","2"
"从巢湖前来归附","0","2","2"
"被授予管军总管","0","2","2"
"降服了张士诚的","0","2","2"
"服了张士诚的守","0","2","2"
"了张士诚的守将","0","2","2"
"晋升为秦淮翼元","0","2","2"
"升为秦淮翼元帅","0","2","2"
"升为行枢密院判","0","2","2"
"为行枢密院判官","0","2","2"
"陈友谅进犯龙湾","0","2","2"
"纵火焚烧了敌船","0","2","2"
"陈友谅的骁将张","0","2","2"
"友谅的骁将张定","0","2","2"
"谅的骁将张定边","0","2","2"
"太祖刚刚起兵时","0","2","2"
"晋升为枢密院事","0","2","2"
"次打败张士诚的","0","2","2"
"升为江南行省参","0","2","2"
"和俞通海等人率","0","2","2"
"破蛮子海牙的水","0","2","2"
"张士诚占据高邮","0","2","2"
"授予左司员外郎","0","2","2"
"张士诚的部队进","0","2","2"
"在离诸全五十里","0","2","2"
"离诸全五十里处","0","2","2"
"升为天策卫指挥","0","2","2"
"升为大都督府副","0","2","2"
"北平有孙都督在","0","2","2"
"后受蓝玉党案株","0","2","2"
"晋升为行省左丞","0","2","2"
"以后因提建议而","0","2","2"
"以国子生的身份","0","2","2"
"不是件容易的事","0","2","2"
"不是一朝一夕的","0","2","2"
"任命为太常少卿","0","2","2"
"升为翰林直学士","0","2","2"
"太祖十分信任他","0","2","2"
"这是长久的策略","0","2","2"
"他们的所作所为","0","2","2"
"第二年成为进士","0","2","2"
"长兴侯耿炳文为","0","2","2"
"推荐曹国公李景","0","2","2"
"建文帝采纳齐泰","0","2","2"
"于是便命李景隆","0","2","2"
"于是渡过了长江","0","2","2"
"为什么不立成王","0","2","2"
"什么不立成王的","0","2","2"
"被下到廷臣商议","0","2","2"
"升为江西行省参","0","2","2"
"以参将身份跟从","0","2","2"
"从傅友德平定蜀","0","2","2"
"傅友德平定蜀地","0","2","2"
"升为中军都督府","0","2","2"
"当时是洪武八年","0","2","2"
"晋升为指挥同知","0","2","2"
"跟从大将军北征","0","2","2"
"凤翔进入连云栈","0","2","2"
"被提升为大都督","0","2","2"
"蜀将吴友仁率兵","0","2","2"
"晋升为都指挥使","0","2","2"
"丁玉为平羌将军","0","2","2"
"任命为大都督府","0","2","2"
"晋升为中书右丞","0","2","2"
"晋升为翰林学士","0","2","2"
"吏部尚书余火气","0","2","2"
"举荐为国子学正","0","2","2"
"晋升为济南知府","0","2","2"
"任命为吏部尚书","0","2","2"
"年九月死于官位","0","2","2"
"九月死于官位上","0","2","2"
"解释祭奠先师的","0","2","2"
"释祭奠先师的乐","0","2","2"
"祭奠先师的乐章","0","2","2"
"尊崇他们的陵墓","0","2","2"
"是以鸭绿江为界","0","2","2"
"他们每三年向朝","0","2","2"
"们每三年向朝廷","0","2","2"
"个寨子的蛮族人","0","2","2"
"没有汉化的苗族","0","2","2"
"有汉化的苗族人","0","2","2"
"嘉靖二十三年的","0","2","2"
"继承父亲的官职","0","2","2"
"将他们讨伐平定","0","2","2"
"给事中张希皋等","0","2","2"
"他的儿子杨朝栋","0","2","2"
"贵州巡抚江东之","0","2","2"
"带领三千士兵进","0","2","2"
"只有一条小路可","0","2","2"
"应龙的儿子杨朝","0","2","2"
"龙的儿子杨朝栋","0","2","2"
"帝下诏赏赐给他","0","2","2"
"令景川侯曹震前","0","2","2"
"景川侯曹震前去","0","2","2"
"禄照的儿子阿聂","0","2","2"
"阿聂继承其父的","0","2","2"
"聂继承其父的职","0","2","2"
"继承其父的职务","0","2","2"
"印有皇帝玺印的","0","2","2"
"有皇帝玺印的诏","0","2","2"
"皇帝玺印的诏书","0","2","2"
"安信的兄长安智","0","2","2"
"奢崇明的儿子奢","0","2","2"
"这时是天启二年","0","2","2"
"奢崇明的妻子安","0","2","2"
"崇明的妻子安氏","0","2","2"
"的势力又有扩张","0","2","2"
"奢崇明自称为大","0","2","2"
"崇明自称为大梁","0","2","2"
"明自称为大梁王","0","2","2"
"派遣儿子入京城","0","2","2"
"遣儿子入京城朝","0","2","2"
"儿子入京城朝觐","0","2","2"
"子入京城朝觐皇","0","2","2"
"入京城朝觐皇帝","0","2","2"
"人向朝廷贡献土","0","2","2"
"朝廷派兵进剿搜","0","2","2"
"廷派兵进剿搜捕","0","2","2"
"部尚书张鹤鸣说","0","2","2"
"不遵奉朝廷的命","0","2","2"
"遵奉朝廷的命令","0","2","2"
"年他们又来上贡","0","2","2"
"命令江夏侯周德","0","2","2"
"令江夏侯周德兴","0","2","2"
"命令信国公汤和","0","2","2"
"五万八千七百多","0","2","2"
"万八千七百多人","0","2","2"
"成祖即皇帝位时","0","2","2"
"源义持派使者前","0","2","2"
"义持派使者前来","0","2","2"
"派使者前来报告","0","2","2"
"派使者前来谢恩","0","2","2"
"国王和王妃赏赐","0","2","2"
"派使者前来朝廷","0","2","2"
"者向朝廷贡献马","0","2","2"
"朝廷贡献马匹以","0","2","2"
"廷贡献马匹以表","0","2","2"
"月日本使臣又来","0","2","2"
"日本使臣又来朝","0","2","2"
"本使臣又来朝贡","0","2","2"
"治年间勘合的金","0","2","2"
"皇帝将该奏章交","0","2","2"
"日本国王源义晴","0","2","2"
"正德年间勘合的","0","2","2"
"德年间勘合的金","0","2","2"
"与他们交通往来","0","2","2"
"前来向朝廷献贡","0","2","2"
"设置市舶提举司","0","2","2"
"请求朝廷派使者","0","2","2"
"送还从中国掳掠","0","2","2"
"还从中国掳掠去","0","2","2"
"从中国掳掠去的","0","2","2"
"中国掳掠去的人","0","2","2"
"国掳掠去的人口","0","2","2"
"求朝廷给他们颁","0","2","2"
"源义镇和源义长","0","2","2"
"击沉他们的船只","0","2","2"
"被其手下的大臣","0","2","2"
"将此情况告诉了","0","2","2"
"将此上奏给皇帝","0","2","2"
"咨文给朝鲜国王","0","2","2"
"派遣他手下的大","0","2","2"
"兵部尚书石星无","0","2","2"
"部尚书石星无计","0","2","2"
"尚书石星无计可","0","2","2"
"书石星无计可施","0","2","2"
"于是嘉兴人沈惟","0","2","2"
"是嘉兴人沈惟敬","0","2","2"
"派官员前去招谕","0","2","2"
"朝廷给他们的赏","0","2","2"
"廷给他们的赏赐","0","2","2"
"中山王和山南王","0","2","2"
"的使者一起前来","0","2","2"
"次派使者向朝廷","0","2","2"
"的使者前来献贡","0","2","2"
"中山王的献贡使","0","2","2"
"山王的献贡使者","0","2","2"
"的次子和寨官的","0","2","2"
"次子和寨官的儿","0","2","2"
"子和寨官的儿子","0","2","2"
"寨官的儿子进国","0","2","2"
"官的儿子进国子","0","2","2"
"的儿子进国子监","0","2","2"
"儿子进国子监学","0","2","2"
"子进国子监学习","0","2","2"
"又派寨官的儿子","0","2","2"
"皇帝命令礼部给","0","2","2"
"帝命令礼部给他","0","2","2"
"一起来京城朝贡","0","2","2"
"派使者来朝廷讣","0","2","2"
"使者来朝廷讣告","0","2","2"
"人进入国子监学","0","2","2"
"派使者到朝廷讣","0","2","2"
"使者到朝廷讣告","0","2","2"
"者到朝廷讣告其","0","2","2"
"到朝廷讣告其父","0","2","2"
"请求朝廷允许我","0","2","2"
"他们给朝廷献贡","0","2","2"
"中山王的使者上","0","2","2"
"山王的使者上奏","0","2","2"
"王的使者上奏说","0","2","2"
"讣告其父去世的","0","2","2"
"就是从这里开始","0","2","2"
"派来上贡的使者","0","2","2"
"焚烧了他们的房","0","2","2"
"烧了他们的房屋","0","2","2"
"允许他们一年献","0","2","2"
"他们一年献贡一","0","2","2"
"们一年献贡一次","0","2","2"
"接连上奏章请求","0","2","2"
"的使者又来献贡","0","2","2"
"陪臣的儿子五人","0","2","2"
"到南京的国子监","0","2","2"
"拒绝他们的贡品","0","2","2"
"派使者前来祝贺","0","2","2"
"超过一百五十人","0","2","2"
"并请求给予册封","0","2","2"
"命令福建的守卫","0","2","2"
"令福建的守卫大","0","2","2"
"建的守卫大臣将","0","2","2"
"的守卫大臣将情","0","2","2"
"守卫大臣将情况","0","2","2"
"被倭寇掳掠去的","0","2","2"
"倭寇掳掠去的中","0","2","2"
"寇掳掠去的中国","0","2","2"
"进献表文和土特","0","2","2"
"献表文和土特产","0","2","2"
"表文和土特产品","0","2","2"
"使臣去当面册封","0","2","2"
"并请求继承王位","0","2","2"
"任命户科给事中","0","2","2"
"向朝廷请求继承","0","2","2"
"朝廷请求继承王","0","2","2"
"廷请求继承王位","0","2","2"
"请求朝廷派官员","0","2","2"
"世子的表文到达","0","2","2"
"总兵官杨宗业将","0","2","2"
"兵官杨宗业将此","0","2","2"
"琉球派使者向朝","0","2","2"
"球派使者向朝廷","0","2","2"
"请求朝廷派官前","0","2","2"
"求朝廷派官前去","0","2","2"
"派使者向朝廷祝","0","2","2"
"使者向朝廷祝贺","0","2","2"
"者向朝廷祝贺册","0","2","2"
"朝廷派官员前去","0","2","2"
"安克帖木儿又派","0","2","2"
"克帖木儿又派人","0","2","2"
"帖木儿又派人向","0","2","2"
"木儿又派人向朝","0","2","2"
"儿又派人向朝廷","0","2","2"
"又派人向朝廷献","0","2","2"
"请求朝廷给予册","0","2","2"
"求朝廷给予册封","0","2","2"
"整天沉湎于酒色","0","2","2"
"兔力帖木儿为忠","0","2","2"
"力帖木儿为忠义","0","2","2"
"帖木儿为忠义王","0","2","2"
"又向朝廷献贡马","0","2","2"
"者向朝廷献贡三","0","2","2"
"向朝廷献贡三次","0","2","2"
"把忠顺王的母亲","0","2","2"
"顺王的母亲和妻","0","2","2"
"王的母亲和妻子","0","2","2"
"使者向明朝廷告","0","2","2"
"给他们加以赏赐","0","2","2"
"帖木儿前来朝贡","0","2","2"
"者向朝廷献贡品","0","2","2"
"各派使者向朝廷","0","2","2"
"年他们又来献贡","0","2","2"
"礼部大臣姚夔等","0","2","2"
"部大臣姚夔等人","0","2","2"
"求朝廷给他们赐","0","2","2"
"去经略哈密事务","0","2","2"
"派将士护送他们","0","2","2"
"将士护送他们回","0","2","2"
"士护送他们回去","0","2","2"
"和忠顺王的母亲","0","2","2"
"还所占领的哈密","0","2","2"
"听到这个消息后","0","2","2"
"他的儿子阿黑麻","0","2","2"
"假装与罕慎联姻","0","2","2"
"装与罕慎联姻结","0","2","2"
"与罕慎联姻结亲","0","2","2"
"回去谕告阿黑麻","0","2","2"
"并不遵奉朝廷的","0","2","2"
"又派使者前来献","0","2","2"
"愿意将哈密城的","0","2","2"
"意将哈密城的官","0","2","2"
"将哈密城的官印","0","2","2"
"接纳他们的贡品","0","2","2"
"边防大臣将此上","0","2","2"
"防大臣将此上报","0","2","2"
"使者全部释放回","0","2","2"
"反复向我们挑衅","0","2","2"
"每年从他那里征","0","2","2"
"年从他那里征调","0","2","2"
"满速儿为此很愤","0","2","2"
"速儿为此很愤怒","0","2","2"
"部下虎力纳咱儿","0","2","2"
"下虎力纳咱儿勾","0","2","2"
"虎力纳咱儿勾引","0","2","2"
"力纳咱儿勾引瓦","0","2","2"
"纳咱儿勾引瓦剌","0","2","2"
"答应他们的要求","0","2","2"
"悔改自己的罪过","0","2","2"
"也先的弟弟伯都","0","2","2"
"先的弟弟伯都王","0","2","2"
"无人可继承王位","0","2","2"
"的奏章上报朝廷","0","2","2"
"等人的奏章交给","0","2","2"
"哈密一起派使者","0","2","2"
"密一起派使者前","0","2","2"
"一起派使者前来","0","2","2"
"等人将此上报朝","0","2","2"
"人将此上报朝廷","0","2","2"
"朝廷便传檄文给","0","2","2"
"赤斤二个卫所的","0","2","2"
"斤二个卫所的军","0","2","2"
"二个卫所的军队","0","2","2"
"的军队回去守卫","0","2","2"
"军队回去守卫自","0","2","2"
"队回去守卫自己","0","2","2"
"回去守卫自己的","0","2","2"
"朝廷大臣请求皇","0","2","2"
"廷大臣请求皇帝","0","2","2"
"遣使者向朝廷献","0","2","2"
"攻破哈密城的防","0","2","2"
"破哈密城的防守","0","2","2"
"派使者叩见边关","0","2","2"
"使者叩见边关大","0","2","2"
"者叩见边关大臣","0","2","2"
"所拘留的土鲁番","0","2","2"
"拘留的土鲁番使","0","2","2"
"留的土鲁番使臣","0","2","2"
"所扣留的土鲁番","0","2","2"
"扣留的土鲁番使","0","2","2"
"没有损害或好处","0","2","2"
"修筑苦峪的城壕","0","2","2"
"治写亦虎仙的罪","0","2","2"
"符合古人所说的","0","2","2"
"二人把真帖木儿","0","2","2"
"他们归还所侵占","0","2","2"
"们归还所侵占的","0","2","2"
"忠顺王最终没有","0","2","2"
"即使让他回到哈","0","2","2"
"使让他回到哈密","0","2","2"
"他们所提的要求","0","2","2"
"不听从朝廷的命","0","2","2"
"充当米儿的儿子","0","2","2"
"当米儿的儿子马","0","2","2"
"米儿的儿子马黑","0","2","2"
"儿的儿子马黑木","0","2","2"
"失拜烟答的儿子","0","2","2"
"进了锦衣卫的监","0","2","2"
"了锦衣卫的监狱","0","2","2"
"他们每年献一次","0","2","2"
"们每年献一次贡","0","2","2"
"拜徐达为大将军","0","2","2"
"封买的里八剌为","0","2","2"
"买的里八剌为崇","0","2","2"
"的里八剌为崇礼","0","2","2"
"里八剌为崇礼侯","0","2","2"
"元朝太子爱猷识","0","2","2"
"朝太子爱猷识理","0","2","2"
"崇礼侯买的里八","0","2","2"
"礼侯买的里八剌","0","2","2"
"侯买的里八剌回","0","2","2"
"爱猷识理达腊死","0","2","2"
"子脱古思帖木儿","0","2","2"
"脱古思帖木儿继","0","2","2"
"听说纳哈出受伤","0","2","2"
"封纳哈出为海西","0","2","2"
"纳哈出为海西侯","0","2","2"
"都以厚礼还报他","0","2","2"
"他的母亲和妻子","0","2","2"
"的母亲和妻子也","0","2","2"
"军队驻扎在边关","0","2","2"
"队驻扎在边关要","0","2","2"
"瓦剌部落的脱飀","0","2","2"
"脱飀袭击并杀死","0","2","2"
"飀袭击并杀死了","0","2","2"
"的儿子阿卜只俺","0","2","2"
"他的儿子也先继","0","2","2"
"脱脱不花制止他","0","2","2"
"英宗皇帝为太上","0","2","2"
"宗皇帝为太上皇","0","2","2"
"脱脱不花的儿子","0","2","2"
"宗皇帝答应了他","0","2","2"
"与孛来互相仇杀","0","2","2"
"廷献贡的使者到","0","2","2"
"唐朝张仁愿在这","0","2","2"
"朝张仁愿在这里","0","2","2"
"皇帝认为这个建","0","2","2"
"帝认为这个建议","0","2","2"
"在威宁海子袭击","0","2","2"
"威宁海子袭击并","0","2","2"
"万骑兵入侵大同","0","2","2"
"尽全力抗击敌人","0","2","2"
"每年都不得安宁","0","2","2"
"北方部落的亦卜","0","2","2"
"方部落的亦卜剌","0","2","2"
"边疆地区的祸患","0","2","2"
"允许他们来上贡","0","2","2"
"小王子数次入侵","0","2","2"
"嘉靖十九年秋天","0","2","2"
"巡抚龙大有把他","0","2","2"
"派使者到大同要","0","2","2"
"使者到大同要塞","0","2","2"
"万骑兵入侵锦州","0","2","2"
"碰上长期下雨才","0","2","2"
"副总兵蒋承勋奋","0","2","2"
"总兵蒋承勋奋力","0","2","2"
"暗地里派人告诉","0","2","2"
"捣毁敌人的营帐","0","2","2"
"嘉靖四十二年春","0","2","2"
"靖四十二年春天","0","2","2"
"嘉靖四十四年春","0","2","2"
"靖四十四年春天","0","2","2"
"是俺答第三个儿","0","2","2"
"俺答第三个儿子","0","2","2"
"答第三个儿子铁","0","2","2"
"第三个儿子铁背","0","2","2"
"三个儿子铁背台","0","2","2"
"个儿子铁背台吉","0","2","2"
"儿子铁背台吉的","0","2","2"
"子铁背台吉的儿","0","2","2"
"铁背台吉的儿子","0","2","2"
"袄儿都司的女儿","0","2","2"
"是俺答的外孙女","0","2","2"
"把板升的各位叛","0","2","2"
"板升的各位叛徒","0","2","2"
"使者与鲍崇德一","0","2","2"
"者与鲍崇德一起","0","2","2"
"部落酋长可带马","0","2","2"
"吉能为都督同知","0","2","2"
"李成梁在卓山打","0","2","2"
"成梁在卓山打败","0","2","2"
"了大学士张居正","0","2","2"
"万历二十四年春","0","2","2"
"部落的入贡和通","0","2","2"
"落的入贡和通市","0","2","2"
"居住在漠北地区","0","2","2"
"与阿鲁台发生战","0","2","2"
"阿鲁台发生战斗","0","2","2"
"成国公朱勇上奏","0","2","2"
"图谋入侵中国边","0","2","2"
"谋入侵中国边境","0","2","2"
"王振挟持皇帝亲","0","2","2"
"振挟持皇帝亲自","0","2","2"
"皇帝为太上皇帝","0","2","2"
"见脱脱不花和也","0","2","2"
"断绝与瓦剌的往","0","2","2"
"绝与瓦剌的往来","0","2","2"
"祝贺第二年的元","0","2","2"
"贺第二年的元旦","0","2","2"
"派使者前来朝觐","0","2","2"
"授予指挥佥事的","0","2","2"
"都派使者向朝廷","0","2","2"
"鲁番占领了哈密","0","2","2"
"没答应他的请求","0","2","2"
"等人分兵攻打各","0","2","2"
"请求朝廷在此设","0","2","2"
"求朝廷在此设置","0","2","2"
"此事上报朝廷后","0","2","2"
"戴上桎梏押送到","0","2","2"
"上桎梏押送到京","0","2","2"
"桎梏押送到京城","0","2","2"
"继荣将者鞼接回","0","2","2"
"荣将者鞼接回来","0","2","2"
"派使者向朝廷入","0","2","2"
"使者向朝廷入贡","0","2","2"
"命令西平侯沐春","0","2","2"
"皇帝犒劳并赏赐","0","2","2"
"皇帝的敕谕去责","0","2","2"
"帝的敕谕去责问","0","2","2"
"年朝廷给缅甸颁","0","2","2"
"朝廷给缅甸颁发","0","2","2"
"廷给缅甸颁发了","0","2","2"
"将把麓川的土地","0","2","2"
"并向朝廷贡献土","0","2","2"
"任发的儿子思机","0","2","2"
"发的儿子思机发","0","2","2"
"等人将此事上奏","0","2","2"
"人将此事上奏朝","0","2","2"
"莽瑞体的儿子莽","0","2","2"
"瑞体的儿子莽应","0","2","2"
"体的儿子莽应里","0","2","2"
"他的儿子莽应里","0","2","2"
"岳凤的儿子曩乌","0","2","2"
"巡抚刘世曾请求","0","2","2"
"敌人首级一万多","0","2","2"
"镇巡官将此上报","0","2","2"
"巡官将此上报朝","0","2","2"
"江下等十多个寨","0","2","2"
"下等十多个寨子","0","2","2"
"向朝廷请求允许","0","2","2"
"朝廷请求允许他","0","2","2"
"派遣宦官徐亮带","0","2","2"
"遣宦官徐亮带着","0","2","2"
"宦官徐亮带着皇","0","2","2"
"官徐亮带着皇帝","0","2","2"
"徐亮带着皇帝的","0","2","2"
"亮带着皇帝的敕","0","2","2"
"攻破了缅甸二十","0","2","2"
"破了缅甸二十多","0","2","2"
"了缅甸二十多个","0","2","2"
"缅甸二十多个城","0","2","2"
"甸二十多个城寨","0","2","2"
"斩杀和俘虏了不","0","2","2"
"杀和俘虏了不少","0","2","2"
"黔国公沐琮将此","0","2","2"
"曩罕弄背叛木邦","0","2","2"
"黔国公沐琮上奏","0","2","2"
"与木邦之间的仇","0","2","2"
"木邦之间的仇杀","0","2","2"
"请求朝廷在孟密","0","2","2"
"直接隶属于布政","0","2","2"
"接隶属于布政司","0","2","2"
"诉说自己的冤屈","0","2","2"
"南的守卫大臣上","0","2","2"
"怕思陆发的军队","0","2","2"
"皇帝命令黔国公","0","2","2"
"朝廷所派的大军","0","2","2"
"孟养金沙江的思","0","2","2"
"养金沙江的思陆","0","2","2"
"金沙江的思陆发","0","2","2"
"向朝廷贡献大象","0","2","2"
"派遣大陶孟伦索","0","2","2"
"守卫自己的疆界","0","2","2"
"所占领的蛮莫等","0","2","2"
"占领的蛮莫等地","0","2","2"
"干崖和南甸三个","0","2","2"
"崖和南甸三个宣","0","2","2"
"和南甸三个宣抚","0","2","2"
"南甸三个宣抚司","0","2","2"
"派来献贡的使者","0","2","2"
"将该地区隶属于","0","2","2"
"改置为车里军民","0","2","2"
"派遣他的儿子刀","0","2","2"
"人向朝廷进献大","0","2","2"
"向朝廷进献大象","0","2","2"
"刀暹答派遣他的","0","2","2"
"年朝贡一次就行","0","2","2"
"朝贡一次就行了","0","2","2"
"请求承袭宣慰使","0","2","2"
"我们奉朝廷之命","0","2","2"
"帝同意了他的请","0","2","2"
"三宝历代承袭宣","0","2","2"
"宝历代承袭宣慰","0","2","2"
"历代承袭宣慰使","0","2","2"
"代承袭宣慰使的","0","2","2"
"云南守卫大臣上","0","2","2"
"缅甸酋长莽应里","0","2","2"
"派人来京城献贡","0","2","2"
"也按例给予赏赐","0","2","2"
"派使者带着敕谕","0","2","2"
"使者带着敕谕去","0","2","2"
"老挝向朝廷献贡","0","2","2"
"挝向朝廷献贡的","0","2","2"
"刀板雅的三儿子","0","2","2"
"板雅的三儿子怕","0","2","2"
"雅的三儿子怕雅","0","2","2"
"的三儿子怕雅赛","0","2","2"
"三儿子怕雅赛逃","0","2","2"
"儿子怕雅赛逃到","0","2","2"
"子怕雅赛逃到八","0","2","2"
"怕雅赛逃到八百","0","2","2"
"宣慰使司的官印","0","2","2"
"廷贡献大象和土","0","2","2"
"贡献大象和土产","0","2","2"
"皇帝对兵部尚书","0","2","2"
"向朝廷进献贡物","0","2","2"
"两个军民宣慰使","0","2","2"
"个军民宣慰使司","0","2","2"
"民宣慰使司的宣","0","2","2"
"宣慰使司的宣慰","0","2","2"
"慰使司的宣慰使","0","2","2"
"刀招散派人向朝","0","2","2"
"招散派人向朝廷","0","2","2"
"前来朝贡的使者","0","2","2"
"永乐年间的事例","0","2","2"
"封陈日火奎为安","0","2","2"
"陈日火奎为安南","0","2","2"
"日火奎为安南国","0","2","2"
"和四十匹织金文","0","2","2"
"四十匹织金文的","0","2","2"
"十匹织金文的丝","0","2","2"
"匹织金文的丝绸","0","2","2"
"织金文的丝绸及","0","2","2"
"金文的丝绸及纱","0","2","2"
"文的丝绸及纱罗","0","2","2"
"颁发了科举的诏","0","2","2"
"发了科举的诏令","0","2","2"
"向明朝廷贡献大","0","2","2"
"明朝廷贡献大象","0","2","2"
"者到京城向皇帝","0","2","2"
"明朝廷不知内情","0","2","2"
"命令广西的守卫","0","2","2"
"令广西的守卫大","0","2","2"
"广西的守卫大臣","0","2","2"
"派使者奉表向明","0","2","2"
"使者奉表向明朝","0","2","2"
"者奉表向明朝廷","0","2","2"
"立陈氏的后代为","0","2","2"
"命有关官员给他","0","2","2"
"使者向明朝皇帝","0","2","2"
"带着皇帝的敕令","0","2","2"
"派骠骑将军朱荣","0","2","2"
"访求陈氏的子孙","0","2","2"
"沐晟为征夷将军","0","2","2"
"同时又派使者持","0","2","2"
"跟随英国公张辅","0","2","2"
"于是派遣使者到","0","2","2"
"陈季扩逃到老挝","0","2","2"
"佩征夷将军印前","0","2","2"
"征夷将军印前往","0","2","2"
"命令丰城侯李彬","0","2","2"
"将军阮个立等人","0","2","2"
"奏章上达朝廷后","0","2","2"
"成山侯王通为征","0","2","2"
"山侯王通为征夷","0","2","2"
"侯王通为征夷将","0","2","2"
"王通为征夷将军","0","2","2"
"的那一路贼军被","0","2","2"
"王通听到消息后","0","2","2"
"知道他们是在欺","0","2","2"
"道他们是在欺骗","0","2","2"
"黎利派使者奉表","0","2","2"
"皇帝于是同意了","0","2","2"
"安南给他私封谥","0","2","2"
"南给他私封谥号","0","2","2"
"交给朝廷大臣讨","0","2","2"
"给朝廷大臣讨论","0","2","2"
"黎麟为安南国王","0","2","2"
"皇帝命令光禄少","0","2","2"
"帝命令光禄少卿","0","2","2"
"使者到京城向明","0","2","2"
"使者向明朝廷祝","0","2","2"
"者向明朝廷祝贺","0","2","2"
"派遣使者向明朝","0","2","2"
"安南使者向明朝","0","2","2"
"南使者向明朝廷","0","2","2"
"请求皇帝命令广","0","2","2"
"求皇帝命令广西","0","2","2"
"皇帝命令广西的","0","2","2"
"向明朝廷献贡物","0","2","2"
"赐予他皮弁冠服","0","2","2"
"占城国王盘罗茶","0","2","2"
"他归还所侵占的","0","2","2"
"归还所侵占的占","0","2","2"
"还所侵占的占城","0","2","2"
"两广的守卫大臣","0","2","2"
"皇帝答应了他的","0","2","2"
"帝答应了他的请","0","2","2"
"答应了他的请求","0","2","2"
"等审核事实的官","0","2","2"
"审核事实的官员","0","2","2"
"核事实的官员回","0","2","2"
"事实的官员回来","0","2","2"
"莫氏篡夺黎氏的","0","2","2"
"起用黄绾为礼部","0","2","2"
"用黄绾为礼部尚","0","2","2"
"黄绾为礼部尚书","0","2","2"
"派使者前来请求","0","2","2"
"赦免了他们的罪","0","2","2"
"为安南都统使司","0","2","2"
"授予都统使职位","0","2","2"
"服作为顺逆的标","0","2","2"
"作为顺逆的标志","0","2","2"
"宠臣辛肫的儿子","0","2","2"
"臣辛肫的儿子辛","0","2","2"
"扶立辛礻禺为王","0","2","2"
"皇帝怀疑其中有","0","2","2"
"整肃军队小心守","0","2","2"
"肃军队小心守卫","0","2","2"
"礻禺为高丽国王","0","2","2"
"让位给他的儿子","0","2","2"
"位给他的儿子辛","0","2","2"
"李芳远上表谢恩","0","2","2"
"他赐封谥号为恭","0","2","2"
"成阝王即皇帝位","0","2","2"
"派官员到朝鲜颁","0","2","2"
"皇帝敕谕李王柔","0","2","2"
"辽东的守卫大臣","0","2","2"
"请求明朝廷册封","0","2","2"
"顺从他们的请求","0","2","2"
"不是李仁人的后","0","2","2"
"是李仁人的后代","0","2","2"
"李怿的儿子李山","0","2","2"
"怿的儿子李山告","0","2","2"
"的儿子李山告为","0","2","2"
"括取珍奇异物和","0","2","2"
"取珍奇异物和童","0","2","2"
"珍奇异物和童男","0","2","2"
"奇异物和童男童","0","2","2"
"异物和童男童女","0","2","2"
"对马岛隔海相望","0","2","2"
"朝廷大臣上奏说","0","2","2"
"子临海君李王聿","0","2","2"
"止与倭人的封贡","0","2","2"
"与倭人的封贡之","0","2","2"
"倭人的封贡之事","0","2","2"
"上奏请求立李珲","0","2","2"
"立李珲为继承人","0","2","2"
"李大谏出使到行","0","2","2"
"大谏出使到行长","0","2","2"
"谏出使到行长那","0","2","2"
"出使到行长那里","0","2","2"
"皇帝听说此事后","0","2","2"
"另外派一支军队","0","2","2"
"朝鲜与他们通好","0","2","2"
"请求明朝廷封李","0","2","2"
"明朝廷封李珲为","0","2","2"
"给李日公封谥号","0","2","2"
"毛文龙镇守大臣","0","2","2"
"镇守大臣毛文龙","0","2","2"
"袁崇焕在双岛杀","0","2","2"
"让他们世袭原来","0","2","2"
"他们世袭原来的","0","2","2"
"赏赐锦绮和钞币","0","2","2"
"献马匹以表示谢","0","2","2"
"陈述自己的功劳","0","2","2"
"安国亨的儿子安","0","2","2"
"杨应龙的叛乱之","0","2","2"
"应龙的叛乱之后","0","2","2"
"朝廷大臣的议论","0","2","2"
"王国祯从陆广进","0","2","2"
"刘养鲲从遵义进","0","2","2"
"四十八人出来投","0","2","2"
"十八人出来投降","0","2","2"
"与百姓进行交易","0","2","2"
"得到满意的答复","0","2","2"
"尊奉朱由榔逃往","0","2","2"
"朱由榔逃至梧州","0","2","2"
"挟持朱由榔逃往","0","2","2"
"才稍微安定下来","0","2","2"
"给他追加谥号为","0","2","2"
"主张实际上是由","0","2","2"
"因为灾异的发生","0","2","2"
"到了第二年三月","0","2","2"
"刚刚加冠成人就","0","2","2"
"刚加冠成人就考","0","2","2"
"加冠成人就考中","0","2","2"
"参与国家机密大","0","2","2"
"与国家机密大事","0","2","2"
"他为少师兼太子","0","2","2"
"连上书请求退休","0","2","2"
"赐给他的银章上","0","2","2"
"给他的银章上刻","0","2","2"
"本人考中弘治十","0","2","2"
"考中弘治十八年","0","2","2"
"赐给他一枚银章","0","2","2"
"密封上书评论政","0","2","2"
"封上书评论政事","0","2","2"
"不合乎法律规定","0","2","2"
"任兵部尚书兼右","0","2","2"
"都御史前往上任","0","2","2"
"李时兼文渊阁大","0","2","2"
"时兼文渊阁大学","0","2","2"
"大学士入内阁参","0","2","2"
"加封他为太子宾","0","2","2"
"封他为太子宾客","0","2","2"
"户部尚书兼武英","0","2","2"
"武英殿大学士的","0","2","2"
"内阁参与机要事","0","2","2"
"年考中进士第一","0","2","2"
"当时人们把他比","0","2","2"
"时人们把他比作","0","2","2"
"更加坚决要求退","0","2","2"
"加坚决要求退休","0","2","2"
"世宗的指示精神","0","2","2"
"敌寇的骑兵到处","0","2","2"
"升为南京吏部主","0","2","2"
"为南京吏部主事","0","2","2"
"他加官为太子太","0","2","2"
"动不动就得罪人","0","2","2"
"升任南京刑部主","0","2","2"
"听从了他的请求","0","2","2"
"率领自己的部队","0","2","2"
"他的奏章被下发","0","2","2"
"重申以前的请求","0","2","2"
"考中正德十一年","0","2","2"
"右副都御史的名","0","2","2"
"副都御史的名义","0","2","2"
"乾清宫发生灾祸","0","2","2"
"回朝当了吏部尚","0","2","2"
"朝当了吏部尚书","0","2","2"
"初任南京兵部主","0","2","2"
"敌人骑兵的冲击","0","2","2"
"当时朝廷正在讨","0","2","2"
"时朝廷正在讨论","0","2","2"
"从宫廷中直接传","0","2","2"
"宫廷中直接传下","0","2","2"
"按照祖宗定下的","0","2","2"
"照祖宗定下的制","0","2","2"
"一次次上书请求","0","2","2"
"为广东右布政使","0","2","2"
"又起用他为南京","0","2","2"
"升他为右副都御","0","2","2"
"带着几十个骑兵","0","2","2"
"宗用加盖玉玺的","0","2","2"
"上书辞谢给自己","0","2","2"
"书辞谢给自己的","0","2","2"
"辞谢给自己的晋","0","2","2"
"又改为刑部尚书","0","2","2"
"年被推荐为政绩","0","2","2"
"监司以下的官吏","0","2","2"
"宁王宸濠造反时","0","2","2"
"继承武宗的王位","0","2","2"
"的情况也不相同","0","2","2"
"自然应该称为皇","0","2","2"
"现在陛下已经把","0","2","2"
"圣皇太后是您的","0","2","2"
"于是召集大臣们","0","2","2"
"廷追赠他为太傅","0","2","2"
"根据古礼考较是","0","2","2"
"据古礼考较是不","0","2","2"
"古礼考较是不适","0","2","2"
"礼考较是不适合","0","2","2"
"考较是不适合的","0","2","2"
"根据圣贤之道来","0","2","2"
"据圣贤之道来比","0","2","2"
"圣贤之道来比照","0","2","2"
"贤之道来比照是","0","2","2"
"之道来比照是说","0","2","2"
"道来比照是说不","0","2","2"
"来比照是说不通","0","2","2"
"比照是说不通的","0","2","2"
"过继给人做后裔","0","2","2"
"所以说这种观点","0","2","2"
"关进了都察院的","0","2","2"
"进了都察院的监","0","2","2"
"了都察院的监狱","0","2","2"
"布诏书通告全国","0","2","2"
"为皇考恭穆献皇","0","2","2"
"突然间显贵起来","0","2","2"
"他升任南京刑部","0","2","2"
"还是以前没有过","0","2","2"
"以前没有过的事","0","2","2"
"升为江西按察使","0","2","2"
"并采纳了他的建","0","2","2"
"文定为兵部尚书","0","2","2"
"于是命令他退休","0","2","2"
"任浙江提学副使","0","2","2"
"朝廷于是召他回","0","2","2"
"廷于是召他回朝","0","2","2"
"更加坚持自己的","0","2","2"
"加坚持自己的意","0","2","2"
"右都御史的官衔","0","2","2"
"升为南京太常寺","0","2","2"
"听说后大为恼怒","0","2","2"
"有战事的时候应","0","2","2"
"战事的时候应当","0","2","2"
"事的时候应当像","0","2","2"
"世宗赐给他两枚","0","2","2"
"宗赐给他两枚银","0","2","2"
"赐给他两枚银章","0","2","2"
"张璁已经进入内","0","2","2"
"璁已经进入内阁","0","2","2"
"为世袭锦衣千户","0","2","2"
"提督陕西三边军","0","2","2"
"为世袭锦衣百户","0","2","2"
"担任兵部尚书兼","0","2","2"
"给他恢复了官职","0","2","2"
"极力向朝廷推荐","0","2","2"
"总兵官周尚文在","0","2","2"
"被提升为右都御","0","2","2"
"俺答阿不孩又派","0","2","2"
"做兵部尚书兼右","0","2","2"
"下发给大臣讨论","0","2","2"
"给事中孙应奎弹","0","2","2"
"事中孙应奎弹劾","0","2","2"
"英殿大学士入内","0","2","2"
"殿大学士入内阁","0","2","2"
"让他以尚书的名","0","2","2"
"他以尚书的名义","0","2","2"
"以尚书的名义退","0","2","2"
"尚书的名义退休","0","2","2"
"召内阁大臣当面","0","2","2"
"方面官员的履历","0","2","2"
"分别建立两个郊","0","2","2"
"别建立两个郊祀","0","2","2"
"建立两个郊祀台","0","2","2"
"破坏世宗对夏言","0","2","2"
"坏世宗对夏言的","0","2","2"
"世宗对夏言的宠","0","2","2"
"宗对夏言的宠信","0","2","2"
"任吏科都给事中","0","2","2"
"出于夏言的指使","0","2","2"
"只知道有严嵩不","0","2","2"
"知道有严嵩不知","0","2","2"
"道有严嵩不知道","0","2","2"
"有严嵩不知道有","0","2","2"
"严嵩不知道有陛","0","2","2"
"嵩不知道有陛下","0","2","2"
"朱以海逃亡入海","0","2","2"
"朱高煦跟随成祖","0","2","2"
"大臣都知道他的","0","2","2"
"杨洪充任总兵官","0","2","2"
"佩带镇朔大将军","0","2","2"
"带镇朔大将军印","0","2","2"
"累升为都指挥佥","0","2","2"
"随即充任左参将","0","2","2"
"官府供给耕牛和","0","2","2"
"商议要革除夺门","0","2","2"
"封郭登为定襄伯","0","2","2"
"并授予世袭凭证","0","2","2"
"卫指挥同知之职","0","2","2"
"升为代理指挥使","0","2","2"
"提拔他为都督佥","0","2","2"
"拔他为都督佥事","0","2","2"
"孙镗充任总兵官","0","2","2"
"诉说自己的情况","0","2","2"
"平卫指挥使之职","0","2","2"
"被提拔为都督佥","0","2","2"
"提拔为都督佥事","0","2","2"
"在家闲居二十余","0","2","2"
"家闲居二十余年","0","2","2"
"所有的官员都可","0","2","2"
"有的官员都可以","0","2","2"
"的官员都可以把","0","2","2"
"官员都可以把自","0","2","2"
"员都可以把自己","0","2","2"
"都可以把自己的","0","2","2"
"列为条目向上陈","0","2","2"
"为条目向上陈述","0","2","2"
"革除天下的弊病","0","2","2"
"能采用他的建议","0","2","2"
"孝贞皇后的神主","0","2","2"
"董兴为左副总兵","0","2","2"
"并被授予世袭浩","0","2","2"
"他随军征讨麓川","0","2","2"
"朝廷同意了他的","0","2","2"
"无人能与他相比","0","2","2"
"随即充任右参将","0","2","2"
"增加俸禄一百石","0","2","2"
"当时没有被采纳","0","2","2"
"神英充任总兵官","0","2","2"
"左军都督府金书","0","2","2"
"为代理都督同知","0","2","2"
"领三千士兵进入","0","2","2"
"为代理都指挥同","0","2","2"
"追赠他为右都督","0","2","2"
"朱宸濠企图谋反","0","2","2"
"心这才安定下来","0","2","2"
"并命令有关部门","0","2","2"
"提升为礼部尚书","0","2","2"
"进入内阁参预机","0","2","2"
"内阁参预机要事","0","2","2"
"阁参预机要事务","0","2","2"
"很少能见到皇帝","0","2","2"
"到现在两个月了","0","2","2"
"自己也不会安心","0","2","2"
"因为南方的赋税","0","2","2"
"礼部右侍郎兼侍","0","2","2"
"刘瑾进入司礼监","0","2","2"
"子世袭锦衣千户","0","2","2"
"第二年参加会试","0","2","2"
"显贵的侍从宦官","0","2","2"
"他积功升至都指","0","2","2"
"以征西将军的身","0","2","2"
"征西将军的身份","0","2","2"
"请求在花马池修","0","2","2"
"求在花马池修筑","0","2","2"
"交给司法官吏审","0","2","2"
"给司法官吏审问","0","2","2"
"司法官吏审问治","0","2","2"
"法官吏审问治罪","0","2","2"
"并按照制度予以","0","2","2"
"发誓要以死相报","0","2","2"
"升为大宁都指挥","0","2","2"
"欧信以都督佥事","0","2","2"
"信以都督佥事的","0","2","2"
"是进升为都督同","0","2","2"
"以右副总兵的身","0","2","2"
"右副总兵的身份","0","2","2"
"又升为都督同知","0","2","2"
"不考虑自身利害","0","2","2"
"没听说有一个人","0","2","2"
"项忠为总督军务","0","2","2"
"入河套驻扎放牧","0","2","2"
"因母亲去世回家","0","2","2"
"兼任左副都御史","0","2","2"
"掌管司法刑狱的","0","2","2"
"管司法刑狱的官","0","2","2"
"司法刑狱的官署","0","2","2"
"接受朱英的意见","0","2","2"
"升为陕西右参政","0","2","2"
"皇帝下诏责备刘","0","2","2"
"召门达来告诫他","0","2","2"
"与同官一起上书","0","2","2"
"同官一起上书说","0","2","2"
"皇上安慰挽留他","0","2","2"
"兼左春坊大学士","0","2","2"
"臣请立东宫太子","0","2","2"
"人已经迎接上皇","0","2","2"
"弹劾不称职的大","0","2","2"
"劾不称职的大臣","0","2","2"
"陈述自己的见解","0","2","2"
"皇帝被他的话感","0","2","2"
"帝被他的话感动","0","2","2"
"向右旋转的度数","0","2","2"
"度来确定天下的","0","2","2"
"是北极出地的度","0","2","2"
"极出地的度数相","0","2","2"
"出地的度数相同","0","2","2"
"的最高处是一千","0","2","2"
"赤道的经度和纬","0","2","2"
"道的经度和纬度","0","2","2"
"观测出它在参宿","0","2","2"
"测出它在参宿的","0","2","2"
"出它在参宿的前","0","2","2"
"现在全部没有了","0","2","2"
"古代无而现在有","0","2","2"
"是古代所没有的","0","2","2"
"用仪器观测天象","0","2","2"
"日月星辰的运行","0","2","2"
"听从了这个请求","0","2","2"
"至正午十二时先","0","2","2"
"正午十二时先于","0","2","2"
"午十二时先于天","0","2","2"
"十二时先于天时","0","2","2"
"各节气午正的晷","0","2","2"
"节气午正的晷影","0","2","2"
"造就是郭守敬要","0","2","2"
"表测量到的是日","0","2","2"
"测量到的是日体","0","2","2"
"方的人见到太阳","0","2","2"
"布政司所属州县","0","2","2"
"东布政司所属的","0","2","2"
"西布政司所属的","0","2","2"
"都是危宿的分野","0","2","2"
"都是昴宿的分野","0","2","2"
"都是参宿的分野","0","2","2"
"布政司所属之地","0","2","2"
"都是尾宿的分野","0","2","2"
"都派遣使者持节","0","2","2"
"派遣官员祭告天","0","2","2"
"遣官员祭告天地","0","2","2"
"仪仗大乐在前引","0","2","2"
"仗大乐在前引导","0","2","2"
"主婚人穿朝服出","0","2","2"
"婚人穿朝服出来","0","2","2"
"前面所述的礼仪","0","2","2"
"承接美好的命令","0","2","2"
"送礼物到女家定","0","2","2"
"礼物到女家定婚","0","2","2"
"主婚人行四拜礼","0","2","2"
"拿着册书和宝玺","0","2","2"
"册书和宝玺放置","0","2","2"
"书和宝玺放置在","0","2","2"
"和宝玺放置在彩","0","2","2"
"宝玺放置在案上","0","2","2"
"退后站立在西南","0","2","2"
"百官穿着朝服在","0","2","2"
"官穿着朝服在承","0","2","2"
"穿着朝服在承天","0","2","2"
"着朝服在承天门","0","2","2"
"官员捧着册书和","0","2","2"
"员捧着册书和宝","0","2","2"
"册书和宝玺交给","0","2","2"
"举行拜谒太庙礼","0","2","2"
"皇后都行四拜礼","0","2","2"
"在前殿行醮酒告","0","2","2"
"前殿行醮酒告诫","0","2","2"
"殿行醮酒告诫礼","0","2","2"
"洪武元年规定制","0","2","2"
"武元年规定制度","0","2","2"
"按仪礼陈列礼物","0","2","2"
"陈列礼物献上雁","0","2","2"
"引导到皇帝座前","0","2","2"
"陈设扈从仪仗队","0","2","2"
"舆上下来登上辖","0","2","2"
"上下来登上辖车","0","2","2"
"皇太子向妃拱手","0","2","2"
"如同中宫皇后的","0","2","2"
"同中宫皇后的礼","0","2","2"
"中宫皇后的礼仪","0","2","2"
"恭敬地希望皇太","0","2","2"
"正月初一的礼仪","0","2","2"
"主掌婚礼的人致","0","2","2"
"掌婚礼的人致词","0","2","2"
"婚礼的人致词说","0","2","2"
"如同纳吉的礼仪","0","2","2"
"者出来在门外迎","0","2","2"
"出来在门外迎接","0","2","2"
"第二天拜见宗庙","0","2","2"
"新婿的父亲以下","0","2","2"
"如同前面的礼仪","0","2","2"
"如同初次的礼仪","0","2","2"
"仿照有品级官员","0","2","2"
"照有品级官员的","0","2","2"
"赞唱为皇帝讲书","0","2","2"
"在礼部赏赐宴席","0","2","2"
"鸿胪官赞唱讲官","0","2","2"
"胪官赞唱讲官行","0","2","2"
"官赞唱讲官行拜","0","2","2"
"赞唱讲官行拜礼","0","2","2"
"展书官跪下合上","0","2","2"
"移到殿的束厢房","0","2","2"
"侍卫如同平常的","0","2","2"
"在台阶上行四拜","0","2","2"
"台阶上行四拜礼","0","2","2"
"天子亲自率军出","0","2","2"
"子亲自率军出征","0","2","2"
"皇帝亲自率军征","0","2","2"
"帝亲自率军征讨","0","2","2"
"到宫殿的赤色台","0","2","2"
"宫殿的赤色台阶","0","2","2"
"官吏祭告宗庙社","0","2","2"
"执掌祭祀的官员","0","2","2"
"掌祭祀的官员撤","0","2","2"
"祭祀的官员撤除","0","2","2"
"祀的官员撤除俎","0","2","2"
"的官员撤除俎豆","0","2","2"
"赐给中原之国的","0","2","2"
"部尚书位在殿上","0","2","2"
"帝穿平常服饰在","0","2","2"
"总协戎政官率领","0","2","2"
"面向北依次站立","0","2","2"
"兵部尚书请求检","0","2","2"
"部尚书请求检阅","0","2","2"
"总协戎政官以下","0","2","2"
"如同先前的仪节","0","2","2"
"三品官到五品官","0","2","2"
"六品官到九品官","0","2","2"
"文武官员的子弟","0","2","2"
"武官员的子弟和","0","2","2"
"官员的子弟和士","0","2","2"
"员的子弟和士民","0","2","2"
"的子弟和士民中","0","2","2"
"子弟和士民中的","0","2","2"
"弟和士民中的俊","0","2","2"
"和士民中的俊秀","0","2","2"
"确定同射的对象","0","2","2"
"的年高有德的人","0","2","2"
"皇帝穿着平常服","0","2","2"
"帝穿着平常服饰","0","2","2"
"百官穿平常服饰","0","2","2"
"在京城的文武官","0","2","2"
"京城的文武官员","0","2","2"
"二十七天后除服","0","2","2"
"派官员祭祀金水","0","2","2"
"官员祭祀金水桥","0","2","2"
"受封号的妇女到","0","2","2"
"封号的妇女到灵","0","2","2"
"号的妇女到灵座","0","2","2"
"的妇女到灵座殿","0","2","2"
"皇太子以下到灵","0","2","2"
"去掉麻制环形首","0","2","2"
"掉麻制环形首绖","0","2","2"
"穿素服驾临西角","0","2","2"
"素服驾临西角门","0","2","2"
"文武官四品以上","0","2","2"
"从服丧服之日开","0","2","2"
"服丧服之日开始","0","2","2"
"鸿胪寺官员导引","0","2","2"
"西角门列班进名","0","2","2"
"百官穿浅淡色衣","0","2","2"
"官穿浅淡色衣服","0","2","2"
"派官员把安葬日","0","2","2"
"官员把安葬日期","0","2","2"
"员把安葬日期祭","0","2","2"
"把安葬日期祭告","0","2","2"
"皇太子以下穿衰","0","2","2"
"太子以下穿衰服","0","2","2"
"百官以及受封号","0","2","2"
"官以及受封号的","0","2","2"
"受封号的妇女都","0","2","2"
"定时哭临号哭哀","0","2","2"
"时哭临号哭哀悼","0","2","2"
"步行送到德胜门","0","2","2"
"行送到德胜门外","0","2","2"
"的神位牌应当送","0","2","2"
"神位牌应当送入","0","2","2"
"听从了他的提议","0","2","2"
"神位牌返回京城","0","2","2"
"仍然按礼制服丧","0","2","2"
"然按礼制服丧服","0","2","2"
"孝洁皇后的牌位","0","2","2"
"皇帝穿浅淡色衣","0","2","2"
"帝穿浅淡色衣服","0","2","2"
"告祭世宗的灵座","0","2","2"
"受封号的妇女入","0","2","2"
"子服齐衰一周年","0","2","2"
"停止大小祭祀之","0","2","2"
"止大小祭祀之事","0","2","2"
"大小祭祀之事以","0","2","2"
"小祭祀之事以及","0","2","2"
"祭祀之事以及音","0","2","2"
"祀之事以及音乐","0","2","2"
"灵柩启迁前的祭","0","2","2"
"柩启迁前的祭奠","0","2","2"
"黑角带朝见参拜","0","2","2"
"葬在金山等处的","0","2","2"
"翰林院撰写祭文","0","2","2"
"服大功九个月丧","0","2","2"
"每年一定节令派","0","2","2"
"内官举行祭祀礼","0","2","2"
"听到丧耗的第二","0","2","2"
"到丧耗的第二天","0","2","2"
"从穿上丧服之日","0","2","2"
"二十七个月后除","0","2","2"
"十七个月后除服","0","2","2"
"又早晨聚集举哀","0","2","2"
"聚集举哀号哭三","0","2","2"
"集举哀号哭三天","0","2","2"
"早晨聚集举哀号","0","2","2"
"晨聚集举哀号哭","0","2","2"
"从听到丧耗之日","0","2","2"
"听到丧耗之日开","0","2","2"
"到丧耗之日开始","0","2","2"
"太子以下都穿衰","0","2","2"
"子以下都穿衰服","0","2","2"
"皇帝以及皇太子","0","2","2"
"出殡前的祭奠礼","0","2","2"
"执事官捧着灵柩","0","2","2"
"事官捧着灵柩进","0","2","2"
"官捧着灵柩进入","0","2","2"
"如同上面的礼仪","0","2","2"
"内侍捧着牌位安","0","2","2"
"侍捧着牌位安放","0","2","2"
"捧着牌位安放在","0","2","2"
"着牌位安放在神","0","2","2"
"牌位安放在神座","0","2","2"
"位安放在神座上","0","2","2"
"偶日举行第二次","0","2","2"
"内侍请神位牌下","0","2","2"
"百官在思善门外","0","2","2"
"四时祭祀的礼仪","0","2","2"
"太常卿上奏请神","0","2","2"
"常卿上奏请神位","0","2","2"
"卿上奏请神位牌","0","2","2"
"请神位牌下辇车","0","2","2"
"内侍捧着神位牌","0","2","2"
"从殿的左门进入","0","2","2"
"供奉安放神位牌","0","2","2"
"穿素服朝拜参见","0","2","2"
"命令顺天府祈祷","0","2","2"
"五年二月壬午日","0","2","2"
"年十一月癸亥日","0","2","2"
"年十二月辛亥日","0","2","2"
"四年三月戊午日","0","2","2"
"十年正月庚寅日","0","2","2"
"卫仓库发生火灾","0","2","2"
"蔓延烧毁八百多","0","2","2"
"延烧毁八百多家","0","2","2"
"器皿厂发生火灾","0","2","2"
"朝天宫发生火灾","0","2","2"
"年十一月己亥日","0","2","2"
"烧毁二百六十多","0","2","2"
"毁二百六十多家","0","2","2"
"的房屋三百多家","0","2","2"
"三年二月己卯日","0","2","2"
"州城楼发生火灾","0","2","2"
"六年三月丁亥日","0","2","2"
"军都督府发生火","0","2","2"
"都督府发生火灾","0","2","2"
"年十一月辛亥日","0","2","2"
"万寿宫发生火灾","0","2","2"
"五年二月壬子日","0","2","2"
"军人和平民死亡","0","2","2"
"五年二月乙卯日","0","2","2"
"怡神殿发生火灾","0","2","2"
"隆德殿发生火灾","0","2","2"
"王恭厂发生火灾","0","2","2"
"火药局发生火灾","0","2","2"
"一年四月戊戌日","0","2","2"
"二年五月己亥日","0","2","2"
"互相搏斗了很久","0","2","2"
"七年五月戊辰日","0","2","2"
"便失去了它的自","0","2","2"
"失去了它的自然","0","2","2"
"燕王在苏家桥扎","0","2","2"
"王在苏家桥扎营","0","2","2"
"长久降雨损坏城","0","2","2"
"久降雨损坏城墙","0","2","2"
"州长久降雨伤害","0","2","2"
"禾苗全部被淹没","0","2","2"
"的房屋被冲走淹","0","2","2"
"房屋被冲走淹没","0","2","2"
"一万一千八百多","0","2","2"
"人民淹死不计其","0","2","2"
"五年五月至七月","0","2","2"
"年五月癸巳朔日","0","2","2"
"年十二月癸亥日","0","2","2"
"六年五月癸巳日","0","2","2"
"有的类编号称为","0","2","2"
"洪武七年开始设","0","2","2"
"官员复审死刑案","0","2","2"
"驾驭他们的办法","0","2","2"
"与其它五部相比","0","2","2"
"嘉靖三十七年革","0","2","2"
"靖三十七年革除","0","2","2"
"员没有固定人数","0","2","2"
"设置宝钞提举司","0","2","2"
"尚书夏原吉请求","0","2","2"
"进行交易的禁令","0","2","2"
"以十分作为标准","0","2","2"
"听凭人民的方便","0","2","2"
"成为人民的祸害","0","2","2"
"部尚书方钝等人","0","2","2"
"成为固定的制度","0","2","2"
"户部尚书毕自严","0","2","2"
"以一百一十户为","0","2","2"
"一百一十户为一","0","2","2"
"百一十户为一里","0","2","2"
"按人口交纳粮食","0","2","2"
"户科给事中一人","0","2","2"
"皇帝听从他的请","0","2","2"
"帝听从他的请求","0","2","2"
"地永远不计亩收","0","2","2"
"永远不计亩收税","0","2","2"
"七百零一万三千","0","2","2"
"米价一石值银五","0","2","2"
"价一石值银五两","0","2","2"
"给事中管怀理说","0","2","2"
"令给事中夏言等","0","2","2"
"都命令主管部门","0","2","2"
"工部侍郎王永和","0","2","2"
"不是用人力可以","0","2","2"
"是用人力可以治","0","2","2"
"用人力可以治理","0","2","2"
"人力可以治理的","0","2","2"
"又决堤于沙湾北","0","2","2"
"决堤于沙湾北岸","0","2","2"
"一条从新乡八柳","0","2","2"
"条从新乡八柳树","0","2","2"
"也依从他的请求","0","2","2"
"建置水闸门的办","0","2","2"
"置水闸门的办法","0","2","2"
"归德到徐州小浮","0","2","2"
"德到徐州小浮桥","0","2","2"
"到徐州小浮桥流","0","2","2"
"徐州小浮桥流出","0","2","2"
"修筑丁家口上下","0","2","2"
"筑丁家口上下堤","0","2","2"
"直达徐州小浮桥","0","2","2"
"往北改道三百里","0","2","2"
"全都下发到工部","0","2","2"
"疏通贾鲁河故道","0","2","2"
"疏浚而使其畅通","0","2","2"
"引黄河注入卫河","0","2","2"
"以减缓上游水势","0","2","2"
"出于徐州小浮桥","0","2","2"
"没有比这更大的","0","2","2"
"应当挖深挖宽河","0","2","2"
"当挖深挖宽河道","0","2","2"
"疏通山东诸泉水","0","2","2"
"今黄河已经改道","0","2","2"
"黄河已经改道向","0","2","2"
"河已经改道向南","0","2","2"
"为工部尚书兼管","0","2","2"
"恢复故道的主张","0","2","2"
"上奏请求罢免朱","0","2","2"
"奏请求罢免朱衡","0","2","2"
"这就是后来所说","0","2","2"
"就是后来所说的","0","2","2"
"从泰山庙到七里","0","2","2"
"泰山庙到七里沟","0","2","2"
"到清河县河南镇","0","2","2"
"淤塞一百八十里","0","2","2"
"应当用多种方法","0","2","2"
"设置帐前总制亲","0","2","2"
"为金吾侍卫亲军","0","2","2"
"为留守卫指挥使","0","2","2"
"一千五百零七人","0","2","2"
"南京兵部尚书兼","0","2","2"
"中军都督府掌管","0","2","2"
"成祖初年恢复旧","0","2","2"
"祖初年恢复旧制","0","2","2"
"人民交纳的粮食","0","2","2"
"十四万五千多两","0","2","2"
"有粮仓的把卫所","0","2","2"
"粮仓的把卫所的","0","2","2"
"仓的把卫所的粮","0","2","2"
"的把卫所的粮仓","0","2","2"
"遇到紧急情况便","0","2","2"
"御史分别巡行天","0","2","2"
"史分别巡行天下","0","2","2"
"礼部尚书姚夔说","0","2","2"
"给事中包见捷竭","0","2","2"
"事中包见捷竭力","0","2","2"
"受封的那一天作","0","2","2"
"十五年重新制定","0","2","2"
"的支付米十分之","0","2","2"
"军队的历年常规","0","2","2"
"目也一天天增加","0","2","2"
"官田和民田总计","0","2","2"
"其余的全部存留","0","2","2"
"银二万六千余两","0","2","2"
"银一万八千余两","0","2","2"
"折合银五万余两","0","2","2"
"货币布帛银二万","0","2","2"
"货币布帛银一千","0","2","2"
"币布帛银一千余","0","2","2"
"布帛银一千余两","0","2","2"
"地亩银一千余两","0","2","2"
"历年常规银三十","0","2","2"
"历年常规银二万","0","2","2"
"屯田和民运草料","0","2","2"
"货币布帛粮料草","0","2","2"
"二十七万九千余","0","2","2"
"运历年常规银十","0","2","2"
"年常规银二十万","0","2","2"
"每年办大引盐十","0","2","2"
"每年交纳太仓银","0","2","2"
"中等马减少五引","0","2","2"
"可以耕种的土地","0","2","2"
"还是不能满足供","0","2","2"
"是不能满足供应","0","2","2"
"洪武初年的制度","0","2","2"
"来商人交纳粮食","0","2","2"
"各边防纳粮换盐","0","2","2"
"大学士刘健等人","0","2","2"
"没有什么比这更","0","2","2"
"有什么比这更严","0","2","2"
"什么比这更严重","0","2","2"
"么比这更严重的","0","2","2"
"输纳粮食换盐贩","0","2","2"
"纳粮食换盐贩卖","0","2","2"
"令商人交纳粮食","0","2","2"
"听从了他们的请","0","2","2"
"从了他们的请求","0","2","2"
"命令副都御史鄢","0","2","2"
"令副都御史鄢懋","0","2","2"
"户部尚书趟世卿","0","2","2"
"计算人口交纳银","0","2","2"
"算人口交纳银钞","0","2","2"
"命令御史管理盐","0","2","2"
"副都御史朱与言","0","2","2"
"监察执行法纪的","0","2","2"
"可以得到马一万","0","2","2"
"使他们不能食用","0","2","2"
"纳粮换茶一百万","0","2","2"
"粮换茶一百万斤","0","2","2"
"招来商人给予茶","0","2","2"
"来商人给予茶引","0","2","2"
"府佐一人专门驻","0","2","2"
"佐一人专门驻扎","0","2","2"
"万石以下马差等","0","2","2"
"年龄十六岁称成","0","2","2"
"龄十六岁称成丁","0","2","2"
"富裕之民的田地","0","2","2"
"增加赋税五百二","0","2","2"
"加赋税五百二十","0","2","2"
"赋税五百二十万","0","2","2"
"便成为长久的制","0","2","2"
"便失去了它的本","0","2","2"
"失去了它的本性","0","2","2"
"六年四月辛亥日","0","2","2"
"咫尺之内分辨不","0","2","2"
"昏暗的浓雾遮蔽","0","2","2"
"暗的浓雾遮蔽天","0","2","2"
"的浓雾遮蔽天空","0","2","2"
"之内分不清人物","0","2","2"
"元年正月丁卯日","0","2","2"
"七年八月甲午日","0","2","2"
"五年四月丁酉日","0","2","2"
"元年六月戊辰日","0","2","2"
"元年四月甲申日","0","2","2"
"三年五月乙酉日","0","2","2"
"四年七月丙戌日","0","2","2"
"十年四月乙亥日","0","2","2"
"击奉先殿屋脊鸥","0","2","2"
"奉先殿屋脊鸥吻","0","2","2"
"年十二月壬寅日","0","2","2"
"南京发生暴风雨","0","2","2"
"氏一胎生三个男","0","2","2"
"民之妇生下一个","0","2","2"
"传染病而死的人","0","2","2"
"染病而死的人有","0","2","2"
"陕西流行传染病","0","2","2"
"四年六月辛亥日","0","2","2"
"三年五月癸亥日","0","2","2"
"冲走人民的房屋","0","2","2"
"坏官府和平民的","0","2","2"
"官府和平民的房","0","2","2"
"府和平民的房屋","0","2","2"
"个州县都遭受水","0","2","2"
"州县都遭受水灾","0","2","2"
"四府都遭受水灾","0","2","2"
"黄河在开封泛滥","0","2","2"
"官府和平民房屋","0","2","2"
"也都发生大水灾","0","2","2"
"淹死一万二千五","0","2","2"
"死一万二千五百","0","2","2"
"一万二千五百多","0","2","2"
"万二千五百多人","0","2","2"
"人口牲畜不计其","0","2","2"
"昌平发生大水灾","0","2","2"
"墩台一百零二处","0","2","2"
"州县发生大水灾","0","2","2"
"四府发生大水灾","0","2","2"
"三府发生大水灾","0","2","2"
"拔起树木一万多","0","2","2"
"起树木一万多株","0","2","2"
"人民牲畜不计其","0","2","2"
"民牲畜不计其数","0","2","2"
"京城发生大水灾","0","2","2"
"南都发生大水灾","0","2","2"
"二府发生大水灾","0","2","2"
"淹死男女不计其","0","2","2"
"死男女不计其敷","0","2","2"
"黑色氛气横豆于","0","2","2"
"色氛气横豆于天","0","2","2"
"氛气横豆于天空","0","2","2"
"北方黑色氛气朝","0","2","2"
"方黑色氛气朝东","0","2","2"
"黑色氛气朝东西","0","2","2"
"色氛气朝东西向","0","2","2"
"氛气朝东西向横","0","2","2"
"纛旗一面放在前","0","2","2"
"豹尾旗一面放在","0","2","2"
"尾旗一面放在后","0","2","2"
"设置皇上乘坐的","0","2","2"
"置皇上乘坐的五","0","2","2"
"皇上乘坐的五种","0","2","2"
"上乘坐的五种车","0","2","2"
"宫殿红色台阶左","0","2","2"
"殿红色台阶左右","0","2","2"
"用穿黑色服饰的","0","2","2"
"穿黑色服饰的甲","0","2","2"
"黑色服饰的甲士","0","2","2"
"每旗用穿红色服","0","2","2"
"穿白色服饰的甲","0","2","2"
"白色服饰的甲士","0","2","2"
"随同各方代表的","0","2","2"
"同各方代表的颜","0","2","2"
"各方代表的颜色","0","2","2"
"其甲士所穿之服","0","2","2"
"甲士所穿之服饰","0","2","2"
"天子乘坐的五种","0","2","2"
"子乘坐的五种车","0","2","2"
"制定天子出行时","0","2","2"
"定天子出行时规","0","2","2"
"天子出行时规模","0","2","2"
"子出行时规模最","0","2","2"
"出行时规模最大","0","2","2"
"行时规模最大的","0","2","2"
"时规模最大的仪","0","2","2"
"规模最大的仪仗","0","2","2"
"模最大的仪仗队","0","2","2"
"轮有辐条十八根","0","2","2"
"用抹金镶嵌铜质","0","2","2"
"上端刻有宝相花","0","2","2"
"下端是龟背纹理","0","2","2"
"端是龟背纹理的","0","2","2"
"是龟背纹理的锦","0","2","2"
"龟背纹理的锦缎","0","2","2"
"用金粉描绘装饰","0","2","2"
"金粉描绘装饰的","0","2","2"
"粉描绘装饰的黄","0","2","2"
"描绘装饰的黄黑","0","2","2"
"绘装饰的黄黑色","0","2","2"
"雕木香草板十二","0","2","2"
"木香草板十二片","0","2","2"
"门旁有桶各两个","0","2","2"
"桶各两个和露在","0","2","2"
"各两个和露在外","0","2","2"
"两个和露在外面","0","2","2"
"面是黄黑色的底","0","2","2"
"是黄黑色的底子","0","2","2"
"桶雕刻了涂有金","0","2","2"
"了涂有金粉的云","0","2","2"
"它下面绘有云形","0","2","2"
"下面绘有云形图","0","2","2"
"面绘有云形图案","0","2","2"
"案的小板跟它一","0","2","2"
"的小板跟它一样","0","2","2"
"都用抹金的嵌有","0","2","2"
"花纹的丝织品制","0","2","2"
"的丝织品制成的","0","2","2"
"刻有云形图案的","0","2","2"
"形图案的小板一","0","2","2"
"图案的小板一块","0","2","2"
"福寿板一块和褥","0","2","2"
"寿板一块和褥席","0","2","2"
"垂挂着攀顶的黄","0","2","2"
"挂着攀顶的黄线","0","2","2"
"着攀顶的黄线圆","0","2","2"
"铺设沥水的黄色","0","2","2"
"设沥水的黄色有","0","2","2"
"沥水的黄色有花","0","2","2"
"水的黄色有花纹","0","2","2"
"的黄色有花纹的","0","2","2"
"黄色有花纹的丝","0","2","2"
"有左右转角栏杆","0","2","2"
"左右有转角栏杆","0","2","2"
"共有十二根柱子","0","2","2"
"绣有腾飞的龙一","0","2","2"
"有腾飞的龙一条","0","2","2"
"旗竿顶端有镀金","0","2","2"
"竿顶端有镀金的","0","2","2"
"顶端有镀金的铜","0","2","2"
"黑青相问的花纹","0","2","2"
"用抹金的刻有花","0","2","2"
"抹金的刻有花纹","0","2","2"
"金的刻有花纹的","0","2","2"
"的刻有花纹的铜","0","2","2"
"刻有花纹的铜制","0","2","2"
"有花纹的铜制叶","0","2","2"
"花纹的铜制叶片","0","2","2"
"纹的铜制叶片装","0","2","2"
"的铜制叶片装钉","0","2","2"
"丝织品制成的雨","0","2","2"
"织品制成的雨衣","0","2","2"
"高六尺四寸有余","0","2","2"
"用丝带环绕的木","0","2","2"
"用黄线丝带编织","0","2","2"
"形制与大辖相同","0","2","2"
"用红色帘子十二","0","2","2"
"辇顶加上圆盘高","0","2","2"
"上圆盘高二尺六","0","2","2"
"盘高二尺六寸有","0","2","2"
"高二尺六寸有余","0","2","2"
"座高三尺二寸有","0","2","2"
"高三尺二寸有余","0","2","2"
"龙形图案的木板","0","2","2"
"图案的木板十二","0","2","2"
"案的木板十二片","0","2","2"
"四周是用金粉描","0","2","2"
"门旁有红漆的十","0","2","2"
"旁有红漆的十字","0","2","2"
"有红漆的十字桶","0","2","2"
"红漆的十字桶各","0","2","2"
"用金粉描画的黄","0","2","2"
"金粉描画的黄黑","0","2","2"
"粉描画的黄黑色","0","2","2"
"描画的黄黑色云","0","2","2"
"画的黄黑色云龙","0","2","2"
"用抹金嵌有花纹","0","2","2"
"抹金嵌有花纹的","0","2","2"
"金嵌有花纹的铜","0","2","2"
"一丈二尺五寸有","0","2","2"
"丈二尺五寸有余","0","2","2"
"高五尺八寸有余","0","2","2"
"的香草板十二片","0","2","2"
"四周是黄黑色的","0","2","2"
"如意装饰像云状","0","2","2"
"有五彩云龙的图","0","2","2"
"五彩云龙的图案","0","2","2"
"四角是镀金的铜","0","2","2"
"角是镀金的铜质","0","2","2"
"是镀金的铜质云","0","2","2"
"字带转角栏杆一","0","2","2"
"带转角栏杆一扇","0","2","2"
"的绘有云形图案","0","2","2"
"黄色绒线编成的","0","2","2"
"细薄光滑的丝织","0","2","2"
"薄光滑的丝织品","0","2","2"
"轴上缠绕黄色绒","0","2","2"
"上缠绕黄色绒线","0","2","2"
"缠绕黄色绒线编","0","2","2"
"驾辕的各种绳索","0","2","2"
"色的用金粉勾勒","0","2","2"
"高四尺五寸有余","0","2","2"
"带以仰覆莲花座","0","2","2"
"成的圆形丝带四","0","2","2"
"的圆形丝带四条","0","2","2"
"有五彩云的图案","0","2","2"
"用八面顶拼合而","0","2","2"
"云图案的衬板七","0","2","2"
"上面铺设沥水的","0","2","2"
"面垂下青色有花","0","2","2"
"垂下青色有花纹","0","2","2"
"下青色有花纹的","0","2","2"
"圆盘四角与辖座","0","2","2"
"莲花环绕着柱子","0","2","2"
"代皇后乘坐的安","0","2","2"
"皇后乘坐的安车","0","2","2"
"用抹金铜质嵌有","0","2","2"
"抹金铜质嵌有花","0","2","2"
"金铜质嵌有花纹","0","2","2"
"铜质嵌有花纹的","0","2","2"
"质嵌有花纹的叶","0","2","2"
"嵌有花纹的叶片","0","2","2"
"有花纹的叶片装","0","2","2"
"青色底子的雕木","0","2","2"
"金的铜宝珠装饰","0","2","2"
"攀顶红线圆形丝","0","2","2"
"顶红线圆形丝带","0","2","2"
"红线圆形丝带四","0","2","2"
"贴金边框发光的","0","2","2"
"共有十四根柱子","0","2","2"
"旗竿用抹金的铜","0","2","2"
"形制与皇妃乘坐","0","2","2"
"制与皇妃乘坐的","0","2","2"
"妃乘坐的车相同","0","2","2"
"用木红平罗做成","0","2","2"
"用由翟尾为蔽的","0","2","2"
"大臣可以乘安车","0","2","2"
"用有帷幕的轿子","0","2","2"
"下令百姓不准用","0","2","2"
"用金粉勾勒描绘","0","2","2"
"鞍上的障泥用油","0","2","2"
"上的障泥用油彩","0","2","2"
"的障泥用油彩图","0","2","2"
"障泥用油彩图饰","0","2","2"
"年龄在五十岁以","0","2","2"
"应该命令主管部","0","2","2"
"该命令主管部门","0","2","2"
"命令主管部门在","0","2","2"
"年龄在二十五岁","0","2","2"
"龄在二十五岁以","0","2","2"
"在二十五岁以上","0","2","2"
"命令主管部门考","0","2","2"
"令主管部门考察","0","2","2"
"年高饱学的儒士","0","2","2"
"令江西巡抚韩雍","0","2","2"
"其职位尤其显要","0","2","2"
"由三品以上的官","0","2","2"
"不要拘泥于资格","0","2","2"
"各自保举所了解","0","2","2"
"自保举所了解的","0","2","2"
"保举所了解的人","0","2","2"
"分成上中下三等","0","2","2"
"的只有十分之一","0","2","2"
"次考没有经过考","0","2","2"
"考没有经过考核","0","2","2"
"现在考核称职的","0","2","2"
"取决于皇上裁定","0","2","2"
"两京五品以下官","0","2","2"
"京五品以下官吏","0","2","2"
"与现在担任的职","0","2","2"
"现在担任的职务","0","2","2"
"结青色的丝织成","0","2","2"
"青色的丝织成的","0","2","2"
"色的丝织成的网","0","2","2"
"负责值勤守卫的","0","2","2"
"责值勤守卫的武","0","2","2"
"值勤守卫的武官","0","2","2"
"品级的其它官员","0","2","2"
"赤色绫罗青色衣","0","2","2"
"色绫罗青色衣边","0","2","2"
"都与从前的样式","0","2","2"
"与从前的样式一","0","2","2"
"拜谢皇帝的恩德","0","2","2"
"品官用没有嵌花","0","2","2"
"官用没有嵌花纹","0","2","2"
"用没有嵌花纹的","0","2","2"
"用黑色的角质材","0","2","2"
"色的角质材料装","0","2","2"
"的角质材料装饰","0","2","2"
"品以上官员以及","0","2","2"
"主夫婿采用嵌有","0","2","2"
"夫婿采用嵌有花","0","2","2"
"婿采用嵌有花纹","0","2","2"
"采用嵌有花纹的","0","2","2"
"用嵌有花纹的金","0","2","2"
"嵌有花纹的金带","0","2","2"
"君夫婿用不嵌花","0","2","2"
"夫婿用不嵌花纹","0","2","2"
"婿用不嵌花纹的","0","2","2"
"衣服胸前背后都","0","2","2"
"答谢皇帝的恩德","0","2","2"
"命妇的礼帽服饰","0","2","2"
"与二品命妇相同","0","2","2"
"其余与三品命妇","0","2","2"
"一品到五品命妇","0","2","2"
"用金珍珠翡翠装","0","2","2"
"金珍珠翡翠装饰","0","2","2"
"杂花的霞帔礼服","0","2","2"
"穿戴嵌金色线的","0","2","2"
"缀有突出花纹的","0","2","2"
"有突出花纹的色","0","2","2"
"突出花纹的色彩","0","2","2"
"出花纹的色彩鲜","0","2","2"
"花纹的色彩鲜艳","0","2","2"
"色彩鲜艳的昼绢","0","2","2"
"彩鲜艳的昼绢装","0","2","2"
"鲜艳的昼绢装饰","0","2","2"
"珠翡翠装饰的野","0","2","2"
"翡翠装饰的野鸡","0","2","2"
"珠翡翠装点的花","0","2","2"
"珠翡翠装饰的梳","0","2","2"
"丝绫罗纱任随选","0","2","2"
"绫罗纱任随选用","0","2","2"
"霞帔礼服上用蹙","0","2","2"
"帔礼服上用蹙金","0","2","2"
"蹙金绣云霞野鸡","0","2","2"
"金绣云霞野鸡花","0","2","2"
"绣云霞野鸡花纹","0","2","2"
"压鬓双头钗两枝","0","2","2"
"上面用蹙金绣云","0","2","2"
"面用蹙金绣云霞","0","2","2"
"绣云霞野鹦花纹","0","2","2"
"特髻上金质孔雀","0","2","2"
"或为紫色或为绿","0","2","2"
"为紫色或为绿色","0","2","2"
"绣云霞孔雀花纹","0","2","2"
"与三品命妇相同","0","2","2"
"珍珠翡翠鸳鸯装","0","2","2"
"珠翡翠鸳鸯装饰","0","2","2"
"用云霞鸳鸯花纹","0","2","2"
"其余与四品命妇","0","2","2"
"余与四品命妇相","0","2","2"
"与四品命妇相同","0","2","2"
"镯子臂钏都用银","0","2","2"
"纵横栏绣缠枝花","0","2","2"
"用云霞练鹊花纹","0","2","2"
"余与五品命妇相","0","2","2"
"与五品命妇相同","0","2","2"
"银质练鹊装饰三","0","2","2"
"质练鹊装饰三只","0","2","2"
"挑起的小珍珠牌","0","2","2"
"刺绣云霞练鹊花","0","2","2"
"绣云霞练鹊花纹","0","2","2"
"用小珍珠祥云冠","0","2","2"
"银掺杂镀金的银","0","2","2"
"掺杂镀金的银质","0","2","2"
"杂镀金的银质练","0","2","2"
"镀金的银质练鹊","0","2","2"
"金的银质练鹊装","0","2","2"
"的银质练鹊装饰","0","2","2"
"帽子采用金器物","0","2","2"
"上面带有金质宝","0","2","2"
"面带有金质宝钿","0","2","2"
"带有金质宝钿花","0","2","2"
"有金质宝钿花八","0","2","2"
"金质宝钿花八朵","0","2","2"
"金质野鸡装饰两","0","2","2"
"翡翠牡丹叶片十","0","2","2"
"翠牡丹叶片十八","0","2","2"
"牡丹叶片十八片","0","2","2"
"嵌有花纹的金质","0","2","2"
"有花纹的金质坠","0","2","2"
"花纹的金质坠子","0","2","2"
"帽子采用涂金银","0","2","2"
"子采用涂金银质","0","2","2"
"采用涂金银质器","0","2","2"
"用涂金银质器物","0","2","2"
"上面带有涂金银","0","2","2"
"面带有涂金银质","0","2","2"
"带有涂金银质宝","0","2","2"
"有涂金银质宝钿","0","2","2"
"涂金银质宝钿花","0","2","2"
"金银质宝钿花八","0","2","2"
"银质宝钿花八朵","0","2","2"
"涂金银质野鸡装","0","2","2"
"金银质野鸡装饰","0","2","2"
"银质野鸡装饰两","0","2","2"
"口里衔着珍珠结","0","2","2"
"里衔着珍珠结两","0","2","2"
"嵌有花纹的银质","0","2","2"
"有花纹的银质坠","0","2","2"
"花纹的银质坠子","0","2","2"
"材料装饰的带子","0","2","2"
"叠回来的部分离","0","2","2"
"回来的部分离肘","0","2","2"
"来的部分离肘部","0","2","2"
"的部分离肘部三","0","2","2"
"部分离肘部三寸","0","2","2"
"令有关部门禁止","0","2","2"
"紫色丝带制的系","0","2","2"
"色丝带制的系冠","0","2","2"
"青色绫罗色彩鲜","0","2","2"
"绫罗嵌金线的汗","0","2","2"
"罗嵌金线的汗裤","0","2","2"
"蓝青色绫罗嵌金","0","2","2"
"青色绫罗嵌金线","0","2","2"
"绿云头黑色高帮","0","2","2"
"红色绫罗围颈饰","0","2","2"
"色绫罗围颈饰物","0","2","2"
"色彩鲜艳的云肩","0","2","2"
"红色嵌金线绿边","0","2","2"
"红色绫罗色彩鲜","0","2","2"
"各种颜色的细褶","0","2","2"
"种颜色的细褶袄","0","2","2"
"颜色的细褶袄子","0","2","2"
"青色绫罗制的裹","0","2","2"
"色绫罗制的裹头","0","2","2"
"绫罗制的裹头用","0","2","2"
"罗制的裹头用的","0","2","2"
"制的裹头用的包","0","2","2"
"的裹头用的包巾","0","2","2"
"衣服的式样颜色","0","2","2"
"制成的绘有彩色","0","2","2"
"质材料装饰的偏","0","2","2"
"材料装饰的偏带","0","2","2"
"以漆涂遇的布制","0","2","2"
"漆涂遇的布制作","0","2","2"
"上面有用金粉描","0","2","2"
"面有用金粉描绘","0","2","2"
"有用金粉描绘的","0","2","2"
"粉描绘的蝉形图","0","2","2"
"描绘的蝉形图案","0","2","2"
"漆成黑色的唐式","0","2","2"
"成黑色的唐式巾","0","2","2"
"管理乐工的色长","0","2","2"
"抹额用绘有彩色","0","2","2"
"额用绘有彩色花","0","2","2"
"用绘有彩色花纹","0","2","2"
"有彩色花纹的红","0","2","2"
"道观与道士事务","0","2","2"
"观与道士事务的","0","2","2"
"上奏请求皇帝裁","0","2","2"
"奏请求皇帝裁定","0","2","2"
"巡按某处监察御","0","2","2"
"按某处监察御史","0","2","2"
"派遣大臣祭祀先","0","2","2"
"遣大臣祭祀先师","0","2","2"
"前面圆形后面方","0","2","2"
"面圆形后面方形","0","2","2"
"蔽膝随同下裳的","0","2","2"
"膝随同下裳的颜","0","2","2"
"随同下裳的颜色","0","2","2"
"杂安放三个玉环","0","2","2"
"玄色表面红色裹","0","2","2"
"色表面红色裹层","0","2","2"
"其余的如同旧有","0","2","2"
"色上衣浅绛色下","0","2","2"
"上衣浅绛色下裳","0","2","2"
"大带白色表面红","0","2","2"
"带白色表面红色","0","2","2"
"白色表面红色里","0","2","2"
"颜色如同大绶带","0","2","2"
"系塞耳玉的丝带","0","2","2"
"蔽膝随同下裳颜","0","2","2"
"膝随同下裳颜色","0","2","2"
"下裳的六种图纹","0","2","2"
"玄色上衣黄色下","0","2","2"
"色上衣黄色下裳","0","2","2"
"下裳相连的衣服","0","2","2"
"四方蛮夷入朝进","0","2","2"
"方蛮夷入朝进贡","0","2","2"
"蔽膝随同衣服的","0","2","2"
"膝随同衣服的颜","0","2","2"
"随同衣服的颜色","0","2","2"
"乐三年重新制定","0","2","2"
"前后以及两肩各","0","2","2"
"上衣下裳相连缀","0","2","2"
"衣下裳相连缀的","0","2","2"
"青黑相间的衣领","0","2","2"
"珍珠翡翠面花五","0","2","2"
"织上金色云龙纹","0","2","2"
"上金色云龙纹理","0","2","2"
"用青赤色作为衣","0","2","2"
"青赤色作为衣领","0","2","2"
"赤色作为衣领缘","0","2","2"
"珍珠翡翠穰花鬓","0","2","2"
"珠翡翠穰花鬓二","0","2","2"
"有的刺绣有的铺","0","2","2"
"的刺绣有的铺成","0","2","2"
"刺绣有的铺成翠","0","2","2"
"绣有的铺成翠圈","0","2","2"
"有的铺成翠圈金","0","2","2"
"织上金线的彩色","0","2","2"
"上金线的彩色云","0","2","2"
"金线的彩色云龙","0","2","2"
"线的彩色云龙图","0","2","2"
"的彩色云龙图纹","0","2","2"
"都如同中宫皇后","0","2","2"
"衣前大巾与下裳","0","2","2"
"前大巾与下裳的","0","2","2"
"大巾与下裳的颜","0","2","2"
"巾与下裳的颜色","0","2","2"
"色衣领袖口衣边","0","2","2"
"衣领袖口衣边缘","0","2","2"
"领袖口衣边缘饰","0","2","2"
"青黑相问的图纹","0","2","2"
"小绶带四种色彩","0","2","2"
"与下裳颜色相同","0","2","2"
"闲居穿戴的服饰","0","2","2"
"服饰的不同样式","0","2","2"
"王妃的礼冠服饰","0","2","2"
"平常服饰也与亲","0","2","2"
"常服饰也与亲王","0","2","2"
"靖七年制定保和","0","2","2"
"七年制定保和冠","0","2","2"
"年制定保和冠服","0","2","2"
"冠用七枝雉羽装","0","2","2"
"用七枝雉羽装饰","0","2","2"
"缀三种色彩的玉","0","2","2"
"其余与亲王世子","0","2","2"
"与亲王世子相同","0","2","2"
"用金线绣成野鸡","0","2","2"
"金线绣成野鸡图","0","2","2"
"线绣成野鸡图纹","0","2","2"
"图纹的半臂上衣","0","2","2"
"青色绫罗用金线","0","2","2"
"国将军夫人相同","0","2","2"
"只是礼冠用四枝","0","2","2"
"是礼冠用四枝雉","0","2","2"
"礼冠用四枝雉羽","0","2","2"
"冠用四枝雉羽装","0","2","2"
"用四枝雉羽装饰","0","2","2"
"平常服饰为红色","0","2","2"
"常服饰为红色上","0","2","2"
"服饰为红色上织","0","2","2"
"饰为红色上织金","0","2","2"
"为红色上织金线","0","2","2"
"红色上织金线成","0","2","2"
"祇是礼冠用三枝","0","2","2"
"是礼冠用三枝雉","0","2","2"
"礼冠用三枝雉羽","0","2","2"
"用金线刺绣鸳鸯","0","2","2"
"金线刺绣鸳鸯图","0","2","2"
"线刺绣鸳鸯图纹","0","2","2"
"只是大衫用丹红","0","2","2"
"霞帔用金线刺绣","0","2","2"
"县学诸生进入国","0","2","2"
"有品级官员的子","0","2","2"
"品级官员的子弟","0","2","2"
"每月朔日和望日","0","2","2"
"送入国子监读书","0","2","2"
"州学二年选贡三","0","2","2"
"学二年选贡三人","0","2","2"
"隔一年选贡一人","0","2","2"
"不愿意入国子监","0","2","2"
"一个儿子入国子","0","2","2"
"个儿子入国子监","0","2","2"
"在园子监读书的","0","2","2"
"抄写职官的档案","0","2","2"
"写职官的档案黄","0","2","2"
"职官的档案黄簿","0","2","2"
"不是没有道理的","0","2","2"
"兼谨身殿大学士","0","2","2"
"华盖殿为中极殿","0","2","2"
"每个属部设郎中","0","2","2"
"不久增设侍郎一","0","2","2"
"久增设侍郎一人","0","2","2"
"各番国朝见进贡","0","2","2"
"士各有一定的制","0","2","2"
"各有一定的制度","0","2","2"
"皇帝亲自制定策","0","2","2"
"帝亲自制定策问","0","2","2"
"王锡爵之子王衡","0","2","2"
"是大学士申时行","0","2","2"
"驾临西角门廷试","0","2","2"
"临西角门廷试策","0","2","2"
"西角门廷试策对","0","2","2"
"金沥粉蟠龙图案","0","2","2"
"用红色绫罗嵌以","0","2","2"
"红色绫罗嵌以金","0","2","2"
"色绫罗嵌以金线","0","2","2"
"外面用红色绫罗","0","2","2"
"匣用浑金沥粉蟠","0","2","2"
"的装饰与皇后的","0","2","2"
"罗嵌有金线的袱","0","2","2"
"嵌有金线的袱单","0","2","2"
"洪武二十八年重","0","2","2"
"武二十八年重新","0","2","2"
"二十八年重新规","0","2","2"
"十八年重新规定","0","2","2"
"长宽各减少一分","0","2","2"
"派遣官员拿着金","0","2","2"
"二十六年定下制","0","2","2"
"十六年定下制度","0","2","2"
"左右为东西角门","0","2","2"
"改奉天殿为皇极","0","2","2"
"奉天殿为皇极殿","0","2","2"
"命令中书省大臣","0","2","2"
"檐桷用彩色绘饰","0","2","2"
"二十六年规定制","0","2","2"
"十六年规定制度","0","2","2"
"正德十六年规定","0","2","2"
"郭子兴与孙德崖","0","2","2"
"子兴与孙德崖等","0","2","2"
"子郭天叙为都元","0","2","2"
"便用其年号以号","0","2","2"
"用其年号以号令","0","2","2"
"其年号以号令军","0","2","2"
"年号以号令军中","0","2","2"
"十八年春二月初","0","2","2"
"十九年春正月十","0","2","2"
"元将察罕帖木儿","0","2","2"
"陈友谅攻陷太平","0","2","2"
"元朝平章察罕帖","0","2","2"
"朝平章察罕帖木","0","2","2"
"平章察罕帖木儿","0","2","2"
"冬十一月十二日","0","2","2"
"骁将张定边直冲","0","2","2"
"将张定边直冲太","0","2","2"
"张定边直冲太祖","0","2","2"
"梅思祖以城投降","0","2","2"
"元朝扩廓帖木儿","0","2","2"
"七年春正月二十","0","2","2"
"方国珍逃入海上","0","2","2"
"郑和又出使西洋","0","2","2"
"要使天下没有遗","0","2","2"
"使天下没有遗漏","0","2","2"
"天下没有遗漏的","0","2","2"
"长兴侯耿炳文在","0","2","2"
"兴侯耿炳文在陕","0","2","2"
"侯耿炳文在陕西","0","2","2"
"六年正月十一日","0","2","2"
"被封为征南将军","0","2","2"
"免除京畿内当年","0","2","2"
"慰使思伦发反叛","0","2","2"
"设置大宁都指挥","0","2","2"
"武定侯郭英为副","0","2","2"
"定侯郭英为副将","0","2","2"
"侯郭英为副将军","0","2","2"
"二十二年正月十","0","2","2"
"将大宗正院改为","0","2","2"
"大宗正院改为宗","0","2","2"
"宗正院改为宗人","0","2","2"
"正院改为宗人府","0","2","2"
"周王朱木肃犯罪","0","2","2"
"免除山东受灾之","0","2","2"
"除山东受灾之地","0","2","2"
"山东受灾之地的","0","2","2"
"水灾之地的田租","0","2","2"
"允火文为皇太孙","0","2","2"
"十六年正月二日","0","2","2"
"耿炳文在陕西练","0","2","2"
"炳文在陕西练兵","0","2","2"
"在浙江防备倭寇","0","2","2"
"被封为平羌将军","0","2","2"
"士及第等不同的","0","2","2"
"及第等不同的出","0","2","2"
"第等不同的出身","0","2","2"
"忠等人以进士及","0","2","2"
"南京多次发生地","0","2","2"
"京多次发生地震","0","2","2"
"告诉法官谨慎用","0","2","2"
"诉法官谨慎用刑","0","2","2"
"薛禄为镇朔大将","0","2","2"
"禄为镇朔大将军","0","2","2"
"氵孛泥入朝进贡","0","2","2"
"将军充任总兵官","0","2","2"
"下诏赦免交趾之","0","2","2"
"诏赦免交趾之罪","0","2","2"
"二年正月十一日","0","2","2"
"审查记录囚犯罪","0","2","2"
"年税粮的三分之","0","2","2"
"立贵妃孙氏为皇","0","2","2"
"贵妃孙氏为皇后","0","2","2"
"北京行部及行后","0","2","2"
"京行部及行后军","0","2","2"
"行部及行后军都","0","2","2"
"部及行后军都督","0","2","2"
"及行后军都督府","0","2","2"
"亲自巡察喜峰口","0","2","2"
"告诉法官审查囚","0","2","2"
"诉法官审查囚犯","0","2","2"
"写成文以为法令","0","2","2"
"礼官请求上表祝","0","2","2"
"官请求上表祝贺","0","2","2"
"十二月二十七日","0","2","2"
"全权代理安南国","0","2","2"
"权代理安南国事","0","2","2"
"免山西欠交赋税","0","2","2"
"京官三品以上推","0","2","2"
"湖州遭水灾后税","0","2","2"
"州遭水灾后税粮","0","2","2"
"八年正月十三日","0","2","2"
"德九年正月十三","0","2","2"
"邓愈为征戍将军","0","2","2"
"常遇春攻克东昌","0","2","2"
"常遇春进取山西","0","2","2"
"常遇春死于军中","0","2","2"
"追封郭子兴为滁","0","2","2"
"封郭子兴为滁阳","0","2","2"
"郭子兴为滁阳王","0","2","2"
"将吴友仁侵犯汉","0","2","2"
"吴友仁侵犯汉中","0","2","2"
"傅友德将其击败","0","2","2"
"四年春一月二日","0","2","2"
"汪广洋为右丞相","0","2","2"
"元梁王把匝剌瓦","0","2","2"
"蓝玉在土剌河击","0","2","2"
"玉在土剌河击败","0","2","2"
"在土剌河击败扩","0","2","2"
"土剌河击败扩廓","0","2","2"
"录用故功臣子孙","0","2","2"
"秋七月二十二日","0","2","2"
"年春正月十八日","0","2","2"
"免去第二年元夕","0","2","2"
"去第二年元夕灯","0","2","2"
"第二年元夕灯火","0","2","2"
"为礼部尚书兼任","0","2","2"
"五年春正月二十","0","2","2"
"等为进士及第以","0","2","2"
"黄河又在崔镇决","0","2","2"
"奉两宫皇太后到","0","2","2"
"两宫皇太后到天","0","2","2"
"宫皇太后到天寿","0","2","2"
"任礼部尚书兼文","0","2","2"
"十一年春正月初","0","2","2"
"世袭顺义王封号","0","2","2"
"十二年春二月二","0","2","2"
"二年春二月二十","0","2","2"
"十三年春正月十","0","2","2"
"年春正月十九日","0","2","2"
"举行盛大祈雨祭","0","2","2"
"行盛大祈雨祭祀","0","2","2"
"这一年有土鲁番","0","2","2"
"朝廷分别给予减","0","2","2"
"廷分别给予减免","0","2","2"
"分别给予减免赋","0","2","2"
"别给予减免赋税","0","2","2"
"给予减免赋税和","0","2","2"
"予减免赋税和赈","0","2","2"
"大学士申时行奏","0","2","2"
"发留在宫禁中的","0","2","2"
"令从太仓取银二","0","2","2"
"免除河南受灾地","0","2","2"
"一同兼任东阁大","0","2","2"
"同兼任东阁大学","0","2","2"
"十年春正月二十","0","2","2"
"同时兼任东阁大","0","2","2"
"时兼任东阁大学","0","2","2"
"夏五月二十六日","0","2","2"
"四年春二月十一","0","2","2"
"朱翊钧命群臣修","0","2","2"
"翊钧命群臣修身","0","2","2"
"钧命群臣修身反","0","2","2"
"万历二十五年春","0","2","2"
"万历二十六年春","0","2","2"
"辽东总兵官李如","0","2","2"
"万历二十七年春","0","2","2"
"夏四月二十五日","0","2","2"
"而令群臣修身反","0","2","2"
"年春正月十三日","0","2","2"
"为由令群臣修身","0","2","2"
"由令群臣修身反","0","2","2"
"万历三十一年春","0","2","2"
"蓟州一男子张差","0","2","2"
"手持木棒闯入慈","0","2","2"
"持木棒闯入慈庆","0","2","2"
"木棒闯入慈庆宫","0","2","2"
"未得到及时答复","0","2","2"
"加派全国田租赋","0","2","2"
"派全国田租赋税","0","2","2"
"黄河水清澈三天","0","2","2"
"四十八年八月以","0","2","2"
"年八月以后为泰","0","2","2"
"八月以后为泰昌","0","2","2"
"月以后为泰昌元","0","2","2"
"以后为泰昌元年","0","2","2"
"皇长子朱慈火良","0","2","2"
"大清兵进入大安","0","2","2"
"清兵进入大安口","0","2","2"
"孙承宗为兵部尚","0","2","2"
"承宗为兵部尚书","0","2","2"
"逮捕刘宇烈下狱","0","2","2"
"帝采纳了他的建","0","2","2"
"奢崇明围攻成都","0","2","2"
"二年正月十二日","0","2","2"
"宗牌位被供于太","0","2","2"
"牌位被供于太庙","0","2","2"
"三年正月十八日","0","2","2"
"被投下镇抚司狱","0","2","2"
"闰十一月十六日","0","2","2"
"封李亻宗为朝鲜","0","2","2"
"李亻宗为朝鲜国","0","2","2"
"亻宗为朝鲜国王","0","2","2"
"并投下镇抚司狱","0","2","2"
"六年正月十四日","0","2","2"
"参将杨明辉前往","0","2","2"
"将杨明辉前往招","0","2","2"
"崇祯十一年正月","0","2","2"
"贺逢圣辞官退职","0","2","2"
"告诉廷臣修身反","0","2","2"
"诉廷臣修身反省","0","2","2"
"同兼东阁大学士","0","2","2"
"大清兵进入墙子","0","2","2"
"清兵进入墙子岭","0","2","2"
"十二年正月一日","0","2","2"
"均为礼部尚书兼","0","2","2"
"左良玉为平贼将","0","2","2"
"良玉为平贼将军","0","2","2"
"石石主女土官秦","0","2","2"
"石主女土官秦良","0","2","2"
"主女土官秦良玉","0","2","2"
"崇祯十四年正月","0","2","2"
"贬官戍边各有不","0","2","2"
"各镇兵入京救援","0","2","2"
"李自成接连攻陷","0","2","2"
"崇祯十七年正月","0","2","2"
"十七年正月初一","0","2","2"
"下诏天下救援京","0","2","2"
"诏天下救援京师","0","2","2"
"让皇太子去江南","0","2","2"
"皇太子去江南抚","0","2","2"
"太子去江南抚慰","0","2","2"
"到了不可挽救的","0","2","2"
"了不可挽救的地","0","2","2"
"不可挽救的地步","0","2","2"
"一半在滹沱河以","0","2","2"
"朱棣亲率精骑迎","0","2","2"
"建文四年春正月","0","2","2"
"恢复周王朱木肃","0","2","2"
"自己的职责而已","0","2","2"
"武安侯郑亨镇守","0","2","2"
"为礼部左侍郎兼","0","2","2"
"开封附近黄河涨","0","2","2"
"封附近黄河涨水","0","2","2"
"部尚书吕震请求","0","2","2"
"立妃张氏为皇后","0","2","2"
"告诫群臣修身反","0","2","2"
"诫群臣修身反省","0","2","2"
"在奉天殿接受朝","0","2","2"
"天殿接受朝臣庆","0","2","2"
"殿接受朝臣庆贺","0","2","2"
"送诏书给鬼力赤","0","2","2"
"丰城侯李彬镇守","0","2","2"
"王友充任总兵官","0","2","2"
"民一万户充实北","0","2","2"
"一万户充实北京","0","2","2"
"州水灾地区田租","0","2","2"
"琉球中山三次入","0","2","2"
"球中山三次入朝","0","2","2"
"中山三次入朝进","0","2","2"
"山三次入朝进贡","0","2","2"
"朱能为征夷将军","0","2","2"
"张辅大败安南军","0","2","2"
"辅大败安南军于","0","2","2"
"永乐五年以前欠","0","2","2"
"乐五年以前欠交","0","2","2"
"五年以前欠交赋","0","2","2"
"皇太子审查囚犯","0","2","2"
"派使臣进贡马匹","0","2","2"
"写成文作为法令","0","2","2"
"免陕西欠交赋税","0","2","2"
"十一年正月一日","0","2","2"
"阿台朵儿只伯侵","0","2","2"
"台朵儿只伯侵犯","0","2","2"
"听群臣讲经论史","0","2","2"
"征讨阿台朵儿只","0","2","2"
"讨阿台朵儿只伯","0","2","2"
"十一月二十四日","0","2","2"
"礼部尚书胡氵荧","0","2","2"
"杂犯死罪以下囚","0","2","2"
"告诉群臣修身反","0","2","2"
"诉群臣修身反省","0","2","2"
"刑科给事中郭瑾","0","2","2"
"科给事中郭瑾审","0","2","2"
"雷电震动奉天殿","0","2","2"
"电震动奉天殿上","0","2","2"
"震动奉天殿上鸱","0","2","2"
"动奉天殿上鸱吻","0","2","2"
"免陕西遭灾税粮","0","2","2"
"兀良哈进贡马匹","0","2","2"
"十一年正月十一","0","2","2"
"一年正月十一日","0","2","2"
"赏赐各边境将士","0","2","2"
"同法官审查囚犯","0","2","2"
"皇太后命成阝王","0","2","2"
"太后命成阝王监","0","2","2"
"后命成阝王监国","0","2","2"
"立皇子朱见深为","0","2","2"
"皇子朱见深为皇","0","2","2"
"兵部侍郎于谦为","0","2","2"
"挟持英宗到大同","0","2","2"
"征讨贵州叛乱苗","0","2","2"
"讨贵州叛乱苗民","0","2","2"
"免畿内欠交赋税","0","2","2"
"免山西遭灾税粮","0","2","2"
"诸苗民再次反叛","0","2","2"
"黄河在沙湾决堤","0","2","2"
"因请求恢复沂王","0","2","2"
"请求恢复沂王为","0","2","2"
"副都御史徐有贞","0","2","2"
"陕西同时发生地","0","2","2"
"西同时发生地震","0","2","2"
"皇太后尊号叫昭","0","2","2"
"太后尊号叫昭圣","0","2","2"
"人于锦衣卫狱中","0","2","2"
"四年正月初六日","0","2","2"
"被总兵官姜击败","0","2","2"
"亲自到南郊祈祷","0","2","2"
"免陕西受灾秋粮","0","2","2"
"年正月二十二日","0","2","2"
"免畿内受灾秋粮","0","2","2"
"免南畿受灾夏税","0","2","2"
"变化命群臣修身","0","2","2"
"化命群臣修身反","0","2","2"
"大同遭兵祸军民","0","2","2"
"南京太庙发生火","0","2","2"
"京太庙发生火灾","0","2","2"
"十四年正月十一","0","2","2"
"四年正月十一日","0","2","2"
"十九年正月十三","0","2","2"
"阿不孩派使者到","0","2","2"
"田粮食十分之三","0","2","2"
"朱永为靖虏将军","0","2","2"
"因提建议而得罪","0","2","2"
"嘉靖四十三年以","0","2","2"
"总兵官雷龙出塞","0","2","2"
"俞大猷征讨广东","0","2","2"
"京师地震发出声","0","2","2"
"师地震发出声响","0","2","2"
"夺取奉天门之功","0","2","2"
"免南畿遭灾秋粮","0","2","2"
"免陕西遭灾秋粮","0","2","2"
"太子在文华殿摄","0","2","2"
"子在文华殿摄政","0","2","2"
"在文华殿摄政处","0","2","2"
"文华殿摄政处理","0","2","2"
"华殿摄政处理政","0","2","2"
"殿摄政处理政事","0","2","2"
"吏部左侍郎兼翰","0","2","2"
"部左侍郎兼翰林","0","2","2"
"左侍郎兼翰林学","0","2","2"
"小王子侵犯兰州","0","2","2"
"宗神牌位附祭于","0","2","2"
"神牌位附祭于太","0","2","2"
"牌位附祭于太庙","0","2","2"
"十二月二十一日","0","2","2"
"治理张秋黄河决","0","2","2"
"理张秋黄河决口","0","2","2"
"免陕西受灾夏税","0","2","2"
"派使者祭告祖先","0","2","2"
"禁止势家豪族侵","0","2","2"
"工部侍郎李钅遂","0","2","2"
"京师解除戒严令","0","2","2"
"十三年正月一日","0","2","2"
"十四年正月一日","0","2","2"
"打来孙侵犯广宁","0","2","2"
"陈金征讨并平定","0","2","2"
"接着去南海子打","0","2","2"
"着去南海子打猎","0","2","2"
"奉天门接受朝贺","0","2","2"
"舒芬等一百零七","0","2","2"
"芬等一百零七人","0","2","2"
"等一百零七人于","0","2","2"
"人于宫前台阶下","0","2","2"
"年春正月初一日","0","2","2"
"自成在西安称王","0","2","2"
"玛瑙山大败张献","0","2","2"
"瑙山大败张献忠","0","2","2"
"皇上采纳了他的","0","2","2"
"上采纳了他的意","0","2","2"
"便问是什么原因","0","2","2"
"为人更加恭敬谨","0","2","2"
"人更加恭敬谨慎","0","2","2"
"嫁的人跪在那儿","0","2","2"
"遣他回到镇守之","0","2","2"
"将他的奏章出示","0","2","2"
"他的奏章出示给","0","2","2"
"跟从颍川侯傅友","0","2","2"
"从颍川侯傅友德","0","2","2"
"陈友谅进逼龙湾","0","2","2"
"永乐末年中进士","0","2","2"
"他为刑部右侍郎","0","2","2"
"进升为侍读学士","0","2","2"
"女儿嫁给他为妻","0","2","2"
"升为右春坊大学","0","2","2"
"为右春坊大学士","0","2","2"
"当时正讨伐燕王","0","2","2"
"胡广在对策中有","0","2","2"
"广在对策中有亲","0","2","2"
"在对策中有亲藩","0","2","2"
"对策中有亲藩跋","0","2","2"
"策中有亲藩跋扈","0","2","2"
"皇上亲自提他为","0","2","2"
"上亲自提他为第","0","2","2"
"亲自提他为第一","0","2","2"
"自提他为第一名","0","2","2"
"授予他为翰林修","0","2","2"
"予他为翰林修撰","0","2","2"
"同在文渊阁当值","0","2","2"
"把他推荐给朝廷","0","2","2"
"有志于圣贤之学","0","2","2"
"派使者前去招降","0","2","2"
"常遇春设下埋伏","0","2","2"
"康茂才和大将军","0","2","2"
"茂才和大将军徐","0","2","2"
"才和大将军徐达","0","2","2"
"晋升为同知大都","0","2","2"
"升为同知大都督","0","2","2"
"为同知大都督府","0","2","2"
"随太祖攻克滁州","0","2","2"
"又随大将军徐达","0","2","2"
"在旧馆打败张士","0","2","2"
"旧馆打败张士诚","0","2","2"
"馆打败张士诚的","0","2","2"
"被授予都指挥使","0","2","2"
"设立永兴翼元帅","0","2","2"
"为永兴卫亲军指","0","2","2"
"大将军徐达出塞","0","2","2"
"是郭英的亲孙子","0","2","2"
"华云龙被晋升为","0","2","2"
"从大将军徐达北","0","2","2"
"信国公汤和在临","0","2","2"
"国公汤和在临清","0","2","2"
"公汤和在临清练","0","2","2"
"左君弼占据庐州","0","2","2"
"担任征南副将军","0","2","2"
"从大将军徐达征","0","2","2"
"增加食禄五百石","0","2","2"
"又从大将军徐达","0","2","2"
"从大将军徐达讨","0","2","2"
"大将军徐达讨伐","0","2","2"
"升为佥行枢密院","0","2","2"
"为佥行枢密院事","0","2","2"
"升为行省平章政","0","2","2"
"为行省平章政事","0","2","2"
"任命为指挥佥事","0","2","2"
"散毛诸洞的首领","0","2","2"
"毛诸洞的首领作","0","2","2"
"诸洞的首领作乱","0","2","2"
"率领十八名骑兵","0","2","2"
"张思道逃往宁夏","0","2","2"
"其弟张良臣以庆","0","2","2"
"弟张良臣以庆阳","0","2","2"
"张良臣以庆阳投","0","2","2"
"良臣以庆阳投降","0","2","2"
"平章达里麻率军","0","2","2"
"从大将军徐达平","0","2","2"
"大将军徐达平定","0","2","2"
"晋升为佥大都督","0","2","2"
"升为佥大都督府","0","2","2"
"为佥大都督府事","0","2","2"
"汤和讨伐方国珍","0","2","2"
"都督朱文正镇守","0","2","2"
"晋升为江西行省","0","2","2"
"跟从徐达镇守北","0","2","2"
"从徐达镇守北平","0","2","2"
"大将军徐达征讨","0","2","2"
"追究为胡惟庸同","0","2","2"
"究为胡惟庸同党","0","2","2"
"江夏侯周德兴率","0","2","2"
"傅友德平定云南","0","2","2"
"升为龙骧卫指挥","0","2","2"
"晋升为骠骑卫指","0","2","2"
"升为骠骑卫指挥","0","2","2"
"为江南行省参政","0","2","2"
"胡惟庸党案牵连","0","2","2"
"永新守将周安反","0","2","2"
"新守将周安反叛","0","2","2"
"晋升为江淮行省","0","2","2"
"命邓愈为征南将","0","2","2"
"同胡海等人讨伐","0","2","2"
"胡海等人讨伐平","0","2","2"
"海等人讨伐平定","0","2","2"
"朱元璋攻取婺州","0","2","2"
"为江南儒学提举","0","2","2"
"在军中出谋划策","0","2","2"
"朱元璋命冯国用","0","2","2"
"随军征讨陈友谅","0","2","2"
"跟随大将军徐达","0","2","2"
"以右副将军的身","0","2","2"
"右副将军的身份","0","2","2"
"次骚扰明朝边境","0","2","2"
"傅友德应召回京","0","2","2"
"受到皇帝的赏赐","0","2","2"
"俘获马牛羊十余","0","2","2"
"随即被授为征南","0","2","2"
"加封为荣禄大夫","0","2","2"
"跟随朱元璋渡江","0","2","2"
"徐达在龙潭将其","0","2","2"
"达在龙潭将其击","0","2","2"
"在龙潭将其击败","0","2","2"
"元璋亲自率军进","0","2","2"
"璋亲自率军进攻","0","2","2"
"分散敌人的兵力","0","2","2"
"张士诚派遣将领","0","2","2"
"李文忠派遣将领","0","2","2"
"万大军前来进攻","0","2","2"
"李文忠率朱亮祖","0","2","2"
"文忠率朱亮祖等","0","2","2"
"以左副将军的身","0","2","2"
"为南京锦衣卫世","0","2","2"
"不肯居于他人之","0","2","2"
"肯居于他人之下","0","2","2"
"与副将军廖永忠","0","2","2"
"副将军廖永忠一","0","2","2"
"将军廖永忠一起","0","2","2"
"为征南右副将军","0","2","2"
"在奉天殿赐宴招","0","2","2"
"奉天殿赐宴招待","0","2","2"
"朱元璋平定武昌","0","2","2"
"这不可以说是有","0","2","2"
"朱济火黄立为晋","0","2","2"
"济火黄立为晋王","0","2","2"
"年荧惑星进入太","0","2","2"
"荧惑星进入太微","0","2","2"
"从此再也没有人","0","2","2"
"此再也没有人敢","0","2","2"
"皇上特给予祭葬","0","2","2"
"他为南京礼部尚","0","2","2"
"皇上嘉纳了他的","0","2","2"
"被授予礼科给事","0","2","2"
"授予礼科给事中","0","2","2"
"为大理寺左少卿","0","2","2"
"逆了皇上的心意","0","2","2"
"与指挥打忠坚守","0","2","2"
"他转为左布政使","0","2","2"
"以右副都御史之","0","2","2"
"右副都御史之衔","0","2","2"
"升为南京刑部侍","0","2","2"
"为南京刑部侍郎","0","2","2"
"廷臣纷纷推荐他","0","2","2"
"黎季嫠和他的儿","0","2","2"
"季嫠和他的儿子","0","2","2"
"嫠和他的儿子黎","0","2","2"
"他任为工部尚书","0","2","2"
"他因擅长书法被","0","2","2"
"经历大小二十余","0","2","2"
"历大小二十余战","0","2","2"
"累升为左军都督","0","2","2"
"升为左军都督佥","0","2","2"
"为左军都督佥事","0","2","2"
"累升为都督佥事","0","2","2"
"永乐二年中进士","0","2","2"
"报告了这一情况","0","2","2"
"当时瓦剌部的也","0","2","2"
"时瓦剌部的也先","0","2","2"
"他又出去按察山","0","2","2"
"上书弹劾吏部尚","0","2","2"
"书弹劾吏部尚书","0","2","2"
"以右佥都御史之","0","2","2"
"右佥都御史之衔","0","2","2"
"没有税额的田地","0","2","2"
"被召回任刑部左","0","2","2"
"召回任刑部左侍","0","2","2"
"回任刑部左侍郎","0","2","2"
"进升为太仆寺卿","0","2","2"
"超升为浙江按察","0","2","2"
"升为浙江按察使","0","2","2"
"佥都御史之衔巡","0","2","2"
"皇上车驾北征时","0","2","2"
"他随从皇上北征","0","2","2"
"都乐于为他所用","0","2","2"
"点战到下午五六","0","2","2"
"战到下午五六点","0","2","2"
"升为右军都督府","0","2","2"
"为右军都督府左","0","2","2"
"右军都督府左都","0","2","2"
"积功升到都指挥","0","2","2"
"他升为都督同知","0","2","2"
"一万二千二百余","0","2","2"
"以燕山卫一名士","0","2","2"
"从一名士卒升到","0","2","2"
"功升到都指挥同","0","2","2"
"升到都指挥同知","0","2","2"
"他随从皇上巡视","0","2","2"
"随从皇上巡视北","0","2","2"
"从皇上巡视北京","0","2","2"
"朝廷命郑辰前往","0","2","2"
"升为江西右参议","0","2","2"
"后被授予刑部主","0","2","2"
"升为南京刑部尚","0","2","2"
"采用汶上老人白","0","2","2"
"用汶上老人白英","0","2","2"
"汶上老人白英的","0","2","2"
"被江水淹没的田","0","2","2"
"江水淹没的田地","0","2","2"
"在皇帝面前称赞","0","2","2"
"奏事有规避的律","0","2","2"
"事有规避的律条","0","2","2"
"从此不再出来做","0","2","2"
"此不再出来做官","0","2","2"
"请如诏书中所说","0","2","2"
"他任兵部右侍郎","0","2","2"
"救援国难的军队","0","2","2"
"没有多余的东西","0","2","2"
"恢复官爵并赐予","0","2","2"
"遇了一个时辰纔","0","2","2"
"上下诏征求直言","0","2","2"
"赠予他礼部侍郎","0","2","2"
"号为孝慈昭宪至","0","2","2"
"为孝慈昭宪至仁","0","2","2"
"孝慈昭宪至仁文","0","2","2"
"慈昭宪至仁文德","0","2","2"
"昭宪至仁文德承","0","2","2"
"宪至仁文德承天","0","2","2"
"至仁文德承天顺","0","2","2"
"为孝慈贞化哲顺","0","2","2"
"仁徽成天育圣至","0","2","2"
"徽成天育圣至德","0","2","2"
"成天育圣至德高","0","2","2"
"天育圣至德高皇","0","2","2"
"育圣至德高皇后","0","2","2"
"英宗为她上尊谥","0","2","2"
"宗为她上尊谥号","0","2","2"
"为她上尊谥号为","0","2","2"
"授以锦衣卫指挥","0","2","2"
"将他的名字上报","0","2","2"
"为署理都指挥佥","0","2","2"
"俞大猷为总兵官","0","2","2"
"向朝廷推荐了俞","0","2","2"
"朝廷推荐了俞大","0","2","2"
"廷推荐了俞大猷","0","2","2"
"戚继光回到浙江","0","2","2"
"被提升为左都督","0","2","2"
"浙江山阴县知县","0","2","2"
"弱的士兵不过二","0","2","2"
"进升都指挥佥事","0","2","2"
"所在官府逮捕法","0","2","2"
"在官府逮捕法办","0","2","2"
"四十四年中进士","0","2","2"
"把他的书斋题名","0","2","2"
"他的书斋题名为","0","2","2"
"的名字报了上去","0","2","2"
"那么所为就没有","0","2","2"
"么所为就没有不","0","2","2"
"所为就没有不是","0","2","2"
"没有比这更严重","0","2","2"
"他奉诏搜集已往","0","2","2"
"奉诏搜集已往事","0","2","2"
"诏搜集已往事例","0","2","2"
"搜集已往事例作","0","2","2"
"集已往事例作为","0","2","2"
"已往事例作为惩","0","2","2"
"往事例作为惩戒","0","2","2"
"事例作为惩戒的","0","2","2"
"例作为惩戒的借","0","2","2"
"作为惩戒的借鉴","0","2","2"
"写于新宫殿壁上","0","2","2"
"但刚接任便一夕","0","2","2"
"刚接任便一夕病","0","2","2"
"接任便一夕病卒","0","2","2"
"李选侍也请求皇","0","2","2"
"选侍也请求皇帝","0","2","2"
"侍也请求皇帝封","0","2","2"
"也请求皇帝封郑","0","2","2"
"请求皇帝封郑贵","0","2","2"
"求皇帝封郑贵妃","0","2","2"
"皇帝封郑贵妃为","0","2","2"
"帝封郑贵妃为皇","0","2","2"
"封郑贵妃为皇太","0","2","2"
"郑贵妃为皇太后","0","2","2"
"败坏了祖宗二百","0","2","2"
"坏了祖宗二百多","0","2","2"
"了祖宗二百多年","0","2","2"
"宗二百多年的政","0","2","2"
"二百多年的政治","0","2","2"
"百多年的政治体","0","2","2"
"多年的政治体制","0","2","2"
"讲解经史的机会","0","2","2"
"满朝大臣都知道","0","2","2"
"有关部门讨论执","0","2","2"
"关部门讨论执行","0","2","2"
"皇上对他的大恩","0","2","2"
"然而崇焕轻视王","0","2","2"
"而崇焕轻视王在","0","2","2"
"崇焕轻视王在晋","0","2","2"
"焕轻视王在晋没","0","2","2"
"轻视王在晋没有","0","2","2"
"视王在晋没有长","0","2","2"
"王在晋没有长远","0","2","2"
"在晋没有长远的","0","2","2"
"晋没有长远的谋","0","2","2"
"没有长远的谋略","0","2","2"
"不大遵守他的军","0","2","2"
"大遵守他的军令","0","2","2"
"里的大臣们敢欺","0","2","2"
"的大臣们敢欺骗","0","2","2"
"大臣们敢欺骗陛","0","2","2"
"臣们敢欺骗陛下","0","2","2"
"们敢欺骗陛下的","0","2","2"
"寻求关系踏上仕","0","2","2"
"求关系踏上仕途","0","2","2"
"是朝臣们的意见","0","2","2"
"熹宗下令给他加","0","2","2"
"宗下令给他加官","0","2","2"
"下令给他加官太","0","2","2"
"令给他加官太子","0","2","2"
"这次日食的时刻","0","2","2"
"只是食甚分数不","0","2","2"
"是食甚分数不到","0","2","2"
"食甚分数不到二","0","2","2"
"甚分数不到二分","0","2","2"
"苦役和流放以下","0","2","2"
"但是观望东厂的","0","2","2"
"是观望东厂的脸","0","2","2"
"观望东厂的脸色","0","2","2"
"有没有隆重减损","0","2","2"
"没有隆重减损的","0","2","2"
"有隆重减损的等","0","2","2"
"隆重减损的等级","0","2","2"
"钦天监择吉祥的","0","2","2"
"天监择吉祥的巳","0","2","2"
"监择吉祥的巳日","0","2","2"
"择吉祥的巳日上","0","2","2"
"吉祥的巳日上奏","0","2","2"
"先圣先师的礼仪","0","2","2"
"至于陪祀的贤人","0","2","2"
"不可不考察得失","0","2","2"
"父母的丧事而离","0","2","2"
"母的丧事而离职","0","2","2"
"兵部右侍郎兼任","0","2","2"
"部右侍郎兼任右","0","2","2"
"右侍郎兼任右佥","0","2","2"
"任右都御史兼任","0","2","2"
"神宗下优诏挽留","0","2","2"
"被赠封为太子太","0","2","2"
"被加封为右副都","0","2","2"
"加封为右副都御","0","2","2"
"掠了西部少数民","0","2","2"
"了西部少数民族","0","2","2"
"皇帝下诏荫庇他","0","2","2"
"帝下诏荫庇他的","0","2","2"
"下诏荫庇他的一","0","2","2"
"诏荫庇他的一个","0","2","2"
"荫庇他的一个儿","0","2","2"
"庇他的一个儿子","0","2","2"
"他的一个儿子任","0","2","2"
"的一个儿子任锦","0","2","2"
"个儿子任锦衣千","0","2","2"
"儿子任锦衣千户","0","2","2"
"有司依礼问候他","0","2","2"
"贾汝翼拒绝王杲","0","2","2"
"汝翼拒绝王杲的","0","2","2"
"翼拒绝王杲的赠","0","2","2"
"拒绝王杲的赠物","0","2","2"
"责罚他违抗圣意","0","2","2"
"倘若因此罢免他","0","2","2"
"是我方进退边将","0","2","2"
"我方进退边将之","0","2","2"
"方进退边将之权","0","2","2"
"进退边将之权由","0","2","2"
"退边将之权由敌","0","2","2"
"边将之权由敌方","0","2","2"
"将之权由敌方掌","0","2","2"
"之权由敌方掌握","0","2","2"
"我认为应该告谕","0","2","2"
"认为应该告谕王","0","2","2"
"为应该告谕王杲","0","2","2"
"应该告谕王杲送","0","2","2"
"该告谕王杲送还","0","2","2"
"告谕王杲送还俘","0","2","2"
"谕王杲送还俘虏","0","2","2"
"王杲送还俘虏和","0","2","2"
"杲送还俘虏和掠","0","2","2"
"送还俘虏和掠夺","0","2","2"
"还俘虏和掠夺的","0","2","2"
"俘虏和掠夺的财","0","2","2"
"虏和掠夺的财物","0","2","2"
"否则就调兵剿灭","0","2","2"
"则就调兵剿灭他","0","2","2"
"调任南京鸿胪卿","0","2","2"
"黄河在沛县飞云","0","2","2"
"河在沛县飞云桥","0","2","2"
"在沛县飞云桥决","0","2","2"
"沛县飞云桥决堤","0","2","2"
"给事中郑钦弹劾","0","2","2"
"事中郑钦弹劾朱","0","2","2"
"中郑钦弹劾朱衡","0","2","2"
"于是启用潘季驯","0","2","2"
"是启用潘季驯任","0","2","2"
"启用潘季驯任右","0","2","2"
"用潘季驯任右都","0","2","2"
"被赠封为刑部尚","0","2","2"
"赠封为刑部尚书","0","2","2"
"东南地区的漕运","0","2","2"
"内阁大臣申时行","0","2","2"
"阁大臣申时行等","0","2","2"
"大臣申时行等人","0","2","2"
"祖宗的法度是这","0","2","2"
"宗的法度是这样","0","2","2"
"的法度是这样吗","0","2","2"
"留在禁中不下发","0","2","2"
"下诏恢复他的官","0","2","2"
"诏恢复他的官职","0","2","2"
"进士时的主考官","0","2","2"
"朱鸿谟上疏救援","0","2","2"
"升为南京礼部右","0","2","2"
"三王同时分封的","0","2","2"
"陛下之所以留下","0","2","2"
"下之所以留下张","0","2","2"
"之所以留下张居","0","2","2"
"所以留下张居正","0","2","2"
"说是为国家的缘","0","2","2"
"是为国家的缘故","0","2","2"
"而国家所重视的","0","2","2"
"国家所重视的莫","0","2","2"
"家所重视的莫过","0","2","2"
"所重视的莫过于","0","2","2"
"重视的莫过于纲","0","2","2"
"视的莫过于纲常","0","2","2"
"陛下果真眷念张","0","2","2"
"下果真眷念张居","0","2","2"
"果真眷念张居正","0","2","2"
"当用道德来爱护","0","2","2"
"用道德来爱护他","0","2","2"
"让他能奔丧尽孝","0","2","2"
"那么就纲常树立","0","2","2"
"么就纲常树立而","0","2","2"
"就纲常树立而朝","0","2","2"
"纲常树立而朝廷","0","2","2"
"常树立而朝廷端","0","2","2"
"树立而朝廷端正","0","2","2"
"朝廷端正则百官","0","2","2"
"灾变也没有不可","0","2","2"
"变也没有不可消","0","2","2"
"也没有不可消除","0","2","2"
"没有不可消除的","0","2","2"
"起用为户部员外","0","2","2"
"用为户部员外郎","0","2","2"
"坚持认为不可以","0","2","2"
"沈思孝于是请求","0","2","2"
"思孝于是请求离","0","2","2"
"孝于是请求离职","0","2","2"
"命令他立功赎罪","0","2","2"
"不久改任兵部职","0","2","2"
"升为河南右布政","0","2","2"
"为河南右布政使","0","2","2"
"年他升任右佥都","0","2","2"
"调任右副都御史","0","2","2"
"三位皇子一同封","0","2","2"
"一同封王的命令","0","2","2"
"同封王的命令下","0","2","2"
"无善无恶心之体","0","2","2"
"将他们一网打尽","0","2","2"
"参加万历十一年","0","2","2"
"加万历十一年会","0","2","2"
"十四年才赴殿试","0","2","2"
"从而得罪了清议","0","2","2"
"给事中王如坚的","0","2","2"
"事中王如坚的奏","0","2","2"
"中王如坚的奏疏","0","2","2"
"王如坚的奏疏先","0","2","2"
"如坚的奏疏先呈","0","2","2"
"坚的奏疏先呈上","0","2","2"
"让他们到边境去","0","2","2"
"他们到边境去戍","0","2","2"
"们到边境去戍守","0","2","2"
"任南京文选郎中","0","2","2"
"他担任吏部尚书","0","2","2"
"学士赵志皋的弟","0","2","2"
"士赵志皋的弟弟","0","2","2"
"是王锡爵的门生","0","2","2"
"他由左侍郎升任","0","2","2"
"由左侍郎升任南","0","2","2"
"左侍郎升任南京","0","2","2"
"侍郎升任南京右","0","2","2"
"郎升任南京右都","0","2","2"
"是他们两个人都","0","2","2"
"考核京城之外的","0","2","2"
"核京城之外的官","0","2","2"
"又以年例的名义","0","2","2"
"以年例的名义将","0","2","2"
"受业于永丰吕怀","0","2","2"
"请求开通桑干河","0","2","2"
"宋仪望坚决不允","0","2","2"
"仪望坚决不允许","0","2","2"
"张居正主持朝政","0","2","2"
"入京师为左佥都","0","2","2"
"京师为左佥都御","0","2","2"
"师为左佥都御史","0","2","2"
"提为刑部右侍郎","0","2","2"
"嘉靖末年中进士","0","2","2"
"升任工部右侍郎","0","2","2"
"建议于是被搁置","0","2","2"
"提拔为兵部右侍","0","2","2"
"拔为兵部右侍郎","0","2","2"
"为南京刑部右侍","0","2","2"
"为南京工部右侍","0","2","2"
"请求分封他的庶","0","2","2"
"太和山提督中官","0","2","2"
"上疏弹劾申时行","0","2","2"
"臣讨论战守问题","0","2","2"
"责备御史官欺骗","0","2","2"
"然而死于鞭笞之","0","2","2"
"而死于鞭笞之下","0","2","2"
"死于鞭笞之下的","0","2","2"
"于鞭笞之下的事","0","2","2"
"郭正域执笔批驳","0","2","2"
"黄光升应当授谥","0","2","2"
"光升应当授谥号","0","2","2"
"郭正域上奏辩解","0","2","2"
"楚王所揭发的事","0","2","2"
"使万物各得其所","0","2","2"
"这时已年过七十","0","2","2"
"四方前来求学的","0","2","2"
"方前来求学的人","0","2","2"
"母亲去世归家守","0","2","2"
"从此居家教授学","0","2","2"
"此居家教授学生","0","2","2"
"为江西提学副使","0","2","2"
"其中以陈琛最称","0","2","2"
"中以陈琛最称著","0","2","2"
"调任南京太常寺","0","2","2"
"任南京太常寺少","0","2","2"
"宏伟独到的学术","0","2","2"
"当地官府每月给","0","2","2"
"多次向朝廷举荐","0","2","2"
"出任江西提学副","0","2","2"
"南京户科给事中","0","2","2"
"奏疏被扣留未进","0","2","2"
"疏被扣留未进呈","0","2","2"
"被扣留未进呈皇","0","2","2"
"扣留未进呈皇帝","0","2","2"
"升南京礼部右侍","0","2","2"
"采纳他们的意见","0","2","2"
"为南京国子监祭","0","2","2"
"生父兴献王为皇","0","2","2"
"父兴献王为皇考","0","2","2"
"兴献王为皇考恭","0","2","2"
"世宗看后不高兴","0","2","2"
"任南京户部主事","0","2","2"
"若水认为守仁的","0","2","2"
"水认为守仁的格","0","2","2"
"认为守仁的格物","0","2","2"
"为守仁的格物之","0","2","2"
"守仁的格物之说","0","2","2"
"仁的格物之说有","0","2","2"
"的格物之说有四","0","2","2"
"格物之说有四点","0","2","2"
"物之说有四点不","0","2","2"
"之说有四点不可","0","2","2"
"说有四点不可信","0","2","2"
"阳明所谓的心与","0","2","2"
"明所谓的心与我","0","2","2"
"所谓的心与我所","0","2","2"
"谓的心与我所说","0","2","2"
"的心与我所说的","0","2","2"
"心与我所说的心","0","2","2"
"与我所说的心不","0","2","2"
"我所说的心不同","0","2","2"
"与学者在这里讲","0","2","2"
"学者在这里讲学","0","2","2"
"调任南京礼部郎","0","2","2"
"罗洪先等每日讲","0","2","2"
"洪先等每日讲学","0","2","2"
"部尚书孙丕扬认","0","2","2"
"尚书孙丕扬认为","0","2","2"
"即升为南京鸿胪","0","2","2"
"升为南京鸿胪卿","0","2","2"
"又进为太常寺卿","0","2","2"
"提升为陕西提学","0","2","2"
"因直言亟谏而被","0","2","2"
"十一年乡试中举","0","2","2"
"官府每月给米三","0","2","2"
"三十四年乡试中","0","2","2"
"十四年乡试中举","0","2","2"
"维桢因此自号铁","0","2","2"
"桢因此自号铁崖","0","2","2"
"求画的人日月不","0","2","2"
"画的人日月不断","0","2","2"
"左丞相李善长为","0","2","2"
"巡抚许鼎臣奏报","0","2","2"
"抚许鼎臣奏报道","0","2","2"
"许鼎臣奏报道浚","0","2","2"
"鼎臣奏报道浚一","0","2","2"
"臣奏报道浚一等","0","2","2"
"奏报道浚一等功","0","2","2"
"朝廷令他去戍守","0","2","2"
"廷令他去戍守海","0","2","2"
"令他去戍守海宁","0","2","2"
"他去戍守海宁卫","0","2","2"
"他赶到右屯去拜","0","2","2"
"赶到右屯去拜见","0","2","2"
"到右屯去拜见熊","0","2","2"
"右屯去拜见熊廷","0","2","2"
"屯去拜见熊廷弼","0","2","2"
"好在敌人还不知","0","2","2"
"在敌人还不知道","0","2","2"
"应尽快提兵入城","0","2","2"
"代为锦衣卫百户","0","2","2"
"兵部尚书王在晋","0","2","2"
"督师宦官高起潜","0","2","2"
"随后调为吏部考","0","2","2"
"后调为吏部考功","0","2","2"
"调为吏部考功员","0","2","2"
"为吏部考功员外","0","2","2"
"吏部考功员外郎","0","2","2"
"士民立祠纪念他","0","2","2"
"又与万达建议善","0","2","2"
"与万达建议善后","0","2","2"
"万达建议善后七","0","2","2"
"达建议善后七事","0","2","2"
"他说诗家中之王","0","2","2"
"说诗家中之王世","0","2","2"
"诗家中之王世贞","0","2","2"
"如同集大成之孔","0","2","2"
"同集大成之孔子","0","2","2"
"九岁就能写文章","0","2","2"
"掌管内阁制敕房","0","2","2"
"随行者打算逃往","0","2","2"
"行者打算逃往长","0","2","2"
"者打算逃往长宁","0","2","2"
"万历年间乡试中","0","2","2"
"历年间乡试中举","0","2","2"
"后解职归家乡合","0","2","2"
"解职归家乡合州","0","2","2"
"万历十七年中进","0","2","2"
"历十七年中进士","0","2","2"
"宗宪擒获海寇徐","0","2","2"
"宪擒获海寇徐海","0","2","2"
"擒获海寇徐海和","0","2","2"
"获海寇徐海和王","0","2","2"
"海寇徐海和王直","0","2","2"
"都是渭参与谋划","0","2","2"
"是渭参与谋划的","0","2","2"
"皇长子的生母王","0","2","2"
"长子的生母王恭","0","2","2"
"子的生母王恭妃","0","2","2"
"的生母王恭妃几","0","2","2"
"生母王恭妃几乎","0","2","2"
"母王恭妃几乎死","0","2","2"
"王恭妃几乎死去","0","2","2"
"给事中王德完说","0","2","2"
"其昌开始习宋米","0","2","2"
"昌开始习宋米芾","0","2","2"
"开始习宋米芾体","0","2","2"
"然其他三人远不","0","2","2"
"其他三人远不及","0","2","2"
"他三人远不及董","0","2","2"
"三人远不及董其","0","2","2"
"人远不及董其昌","0","2","2"
"升为兵部职方主","0","2","2"
"灿以刚劲飘逸胜","0","2","2"
"其文章没有浮靡","0","2","2"
"文章没有浮靡之","0","2","2"
"章没有浮靡之词","0","2","2"
"又晋升为员外郎","0","2","2"
"任太常卿兼侍读","0","2","2"
"太常卿兼侍读学","0","2","2"
"常卿兼侍读学士","0","2","2"
"晋升为南京吏部","0","2","2"
"次侮辱朝廷大臣","0","2","2"
"提升为刑科都给","0","2","2"
"升为刑科都给事","0","2","2"
"为刑科都给事中","0","2","2"
"他为浙江右参政","0","2","2"
"魏忠贤势力嚣张","0","2","2"
"担任文选员外郎","0","2","2"
"到任后又提升为","0","2","2"
"任后又提升为工","0","2","2"
"后又提升为工部","0","2","2"
"又提升为工部右","0","2","2"
"提升为工部右侍","0","2","2"
"陈九畴再次上疏","0","2","2"
"九畴再次上疏极","0","2","2"
"畴再次上疏极力","0","2","2"
"再次上疏极力诋","0","2","2"
"次上疏极力诋毁","0","2","2"
"二疏一起交给部","0","2","2"
"疏一起交给部里","0","2","2"
"一起交给部里讨","0","2","2"
"起交给部里讨论","0","2","2"
"违背魏忠贤的意","0","2","2"
"是魏忠贤的死党","0","2","2"
"臣先前进献无欲","0","2","2"
"先前进献无欲望","0","2","2"
"前进献无欲望的","0","2","2"
"进献无欲望的教","0","2","2"
"献无欲望的教诲","0","2","2"
"陛下尝试自我检","0","2","2"
"下尝试自我检查","0","2","2"
"是真没有欲望呢","0","2","2"
"还是节制了欲望","0","2","2"
"跟自己意见不一","0","2","2"
"自己意见不一致","0","2","2"
"己意见不一致的","0","2","2"
"于是假传圣旨剥","0","2","2"
"是假传圣旨剥夺","0","2","2"
"假传圣旨剥夺他","0","2","2"
"传圣旨剥夺他的","0","2","2"
"圣旨剥夺他的官","0","2","2"
"旨剥夺他的官籍","0","2","2"
"到城外等候命令","0","2","2"
"此后曲意庇护李","0","2","2"
"后曲意庇护李可","0","2","2"
"曲意庇护李可灼","0","2","2"
"罪在不声讨盗贼","0","2","2"
"下了道严厉的圣","0","2","2"
"了道严厉的圣旨","0","2","2"
"崔呈秀还不解恨","0","2","2"
"年提拔为左佥都","0","2","2"
"提拔为左佥都御","0","2","2"
"拔为左佥都御史","0","2","2"
"召集志同道合的","0","2","2"
"集志同道合的人","0","2","2"
"志同道合的人在","0","2","2"
"的粮食运到城中","0","2","2"
"敌人失败离开了","0","2","2"
"杀死推官冯凤雏","0","2","2"
"奢崇明父子逃进","0","2","2"
"荫封锦衣指挥使","0","2","2"
"极力驳斥他的荒","0","2","2"
"力驳斥他的荒谬","0","2","2"
"许显纯严刑拷问","0","2","2"
"周顺昌一定大骂","0","2","2"
"顺昌一定大骂魏","0","2","2"
"昌一定大骂魏忠","0","2","2"
"一定大骂魏忠贤","0","2","2"
"这时是天启六年","0","2","2"
"这时辽阳战事危","0","2","2"
"时辽阳战事危急","0","2","2"
"举荐熊廷弼的人","0","2","2"
"所以时间不长就","0","2","2"
"一定不肯收回他","0","2","2"
"魏忠贤得到奏疏","0","2","2"
"除皇帝身边的人","0","2","2"
"封一个儿子做官","0","2","2"
"万历二十五年考","0","2","2"
"历二十五年考中","0","2","2"
"二十五年考中乡","0","2","2"
"十五年考中乡试","0","2","2"
"五年考中乡试第","0","2","2"
"年考中乡试第一","0","2","2"
"侍郎的身份管理","0","2","2"
"提拔他为礼部尚","0","2","2"
"拔他为礼部尚书","0","2","2"
"为兵科右给事中","0","2","2"
"太子的伴读王安","0","2","2"
"憎恨左光斗奏疏","0","2","2"
"恨左光斗奏疏中","0","2","2"
"左光斗奏疏中有","0","2","2"
"光斗奏疏中有武","0","2","2"
"斗奏疏中有武氏","0","2","2"
"奏疏中有武氏的","0","2","2"
"疏中有武氏的话","0","2","2"
"议论召见皇长子","0","2","2"
"严厉谴责左光斗","0","2","2"
"提升兵科都给事","0","2","2"
"升兵科都给事中","0","2","2"
"御史冯三元等人","0","2","2"
"史冯三元等人极","0","2","2"
"冯三元等人极力","0","2","2"
"三元等人极力诋","0","2","2"
"元等人极力诋毁","0","2","2"
"等人极力诋毁熊","0","2","2"
"人极力诋毁熊廷","0","2","2"
"极力诋毁熊廷弼","0","2","2"
"的议论也就停息","0","2","2"
"议论也就停息了","0","2","2"
"为礼科都给事中","0","2","2"
"这是使陛下不能","0","2","2"
"是使陛下不能保","0","2","2"
"使陛下不能保护","0","2","2"
"陛下不能保护自","0","2","2"
"下不能保护自己","0","2","2"
"只知道有魏忠贤","0","2","2"
"生杀予夺的权力","0","2","2"
"左光斗一起削籍","0","2","2"
"光斗一起削籍为","0","2","2"
"斗一起削籍为平","0","2","2"
"一起削籍为平民","0","2","2"
"又制造汪文言案","0","2","2"
"魏忠贤刺探知道","0","2","2"
"忠贤刺探知道了","0","2","2"
"录用他的一个儿","0","2","2"
"提升为礼科左给","0","2","2"
"升为礼科左给事","0","2","2"
"为礼科左给事中","0","2","2"
"粉身碎骨的危险","0","2","2"
"在上面被孤立了","0","2","2"
"周朝瑞请求皇帝","0","2","2"
"接受熊廷弼贿赂","0","2","2"
"受熊廷弼贿赂一","0","2","2"
"熊廷弼贿赂一万","0","2","2"
"一个不知道姓名","0","2","2"
"个不知道姓名的","0","2","2"
"而给事中何士晋","0","2","2"
"给事中何士晋跟","0","2","2"
"事中何士晋跟方","0","2","2"
"中何士晋跟方从","0","2","2"
"何士晋跟方从哲","0","2","2"
"士晋跟方从哲等","0","2","2"
"晋跟方从哲等人","0","2","2"
"跟方从哲等人也","0","2","2"
"方从哲等人也都","0","2","2"
"从哲等人也都赞","0","2","2"
"哲等人也都赞成","0","2","2"
"等人也都赞成这","0","2","2"
"人也都赞成这样","0","2","2"
"也都赞成这样做","0","2","2"
"事情牵连到郑贵","0","2","2"
"情牵连到郑贵妃","0","2","2"
"刘成处以肢解分","0","2","2"
"成处以肢解分尸","0","2","2"
"处以肢解分尸的","0","2","2"
"以肢解分尸的刑","0","2","2"
"肢解分尸的刑法","0","2","2"
"其他人没有涉及","0","2","2"
"这是先皇帝大仇","0","2","2"
"是先皇帝大仇未","0","2","2"
"先皇帝大仇未报","0","2","2"
"皇帝大仇未报的","0","2","2"
"帝大仇未报的第","0","2","2"
"把他列入汪文言","0","2","2"
"汉人和当地土著","0","2","2"
"大小十多次战斗","0","2","2"
"世世代代做副千","0","2","2"
"世代代做副千户","0","2","2"
"这时军队分为八","0","2","2"
"被李化龙的父亲","0","2","2"
"世代荫封指挥使","0","2","2"
"事务一天比一天","0","2","2"
"不久代理都督佥","0","2","2"
"久代理都督佥事","0","2","2"
"进入朝廷担任五","0","2","2"
"入朝廷担任五军","0","2","2"
"朝廷担任五军营","0","2","2"
"廷担任五军营副","0","2","2"
"担任五军营副将","0","2","2"
"因为平定播州有","0","2","2"
"为平定播州有功","0","2","2"
"万历三十二年考","0","2","2"
"历三十二年考中","0","2","2"
"三十二年考中进","0","2","2"
"孙承宗于是请求","0","2","2"
"而任用阎鸣泰为","0","2","2"
"任用阎鸣泰为辽","0","2","2"
"用阎鸣泰为辽东","0","2","2"
"阎鸣泰为辽东巡","0","2","2"
"鸣泰为辽东巡抚","0","2","2"
"破坏安抚的局面","0","2","2"
"最终还是没有出","0","2","2"
"保卫京师的部队","0","2","2"
"推辞不接受太傅","0","2","2"
"孙承宗又接连上","0","2","2"
"承宗又接连上疏","0","2","2"
"宗又接连上疏称","0","2","2"
"又接连上疏称病","0","2","2"
"崇祯元年起用为","0","2","2"
"孔有德在山东造","0","2","2"
"有德在山东造反","0","2","2"
"方震孺巡按辽东","0","2","2"
"边防事务更加败","0","2","2"
"防事务更加败坏","0","2","2"
"贼人于是进入城","0","2","2"
"人于是进入城内","0","2","2"
"另外设置一名偏","0","2","2"
"外设置一名偏沅","0","2","2"
"设置一名偏沅巡","0","2","2"
"置一名偏沅巡抚","0","2","2"
"我所谓的用防守","0","2","2"
"所谓的用防守来","0","2","2"
"谓的用防守来屯","0","2","2"
"的用防守来屯田","0","2","2"
"一个骑兵跑回来","0","2","2"
"死贼兵一千多人","0","2","2"
"为母亲守丧回家","0","2","2"
"母亲守丧回家去","0","2","2"
"亲守丧回家去了","0","2","2"
"李自成已经打下","0","2","2"
"自成已经打下河","0","2","2"
"成已经打下河南","0","2","2"
"庄烈帝颁发诏书","0","2","2"
"提升他为兵部右","0","2","2"
"贼兵逃进山谷中","0","2","2"
"传庭一直追赶到","0","2","2"
"庭一直追赶到凤","0","2","2"
"一直追赶到凤翔","0","2","2"
"收降了残余的贼","0","2","2"
"降了残余的贼兵","0","2","2"
"一万三千五百多","0","2","2"
"庄烈帝非常高兴","0","2","2"
"传庭为兵部右侍","0","2","2"
"庭为兵部右侍郎","0","2","2"
"一亻隽奏称传庭","0","2","2"
"亻隽奏称传庭真","0","2","2"
"隽奏称传庭真的","0","2","2"
"奏称传庭真的聋","0","2","2"
"称传庭真的聋了","0","2","2"
"庄烈帝赐给他尚","0","2","2"
"烈帝赐给他尚方","0","2","2"
"帝赐给他尚方宝","0","2","2"
"孙应元等在丰邑","0","2","2"
"应元等在丰邑坪","0","2","2"
"杀了几十个贼兵","0","2","2"
"自成立即射死了","0","2","2"
"成立即射死了他","0","2","2"
"张应元为副总统","0","2","2"
"如虎率领自己的","0","2","2"
"又请假回乡去了","0","2","2"
"他做了都督佥事","0","2","2"
"实际上的总兵官","0","2","2"
"大清兵包围了锦","0","2","2"
"清兵包围了锦州","0","2","2"
"蒙古炒花等部落","0","2","2"
"荫封他的子孙为","0","2","2"
"封他的子孙为世","0","2","2"
"他的子孙为世袭","0","2","2"
"的子孙为世袭锦","0","2","2"
"关部门为他修建","0","2","2"
"部门为他修建祠","0","2","2"
"门为他修建祠堂","0","2","2"
"为他修建祠堂公","0","2","2"
"他修建祠堂公祭","0","2","2"
"考中万历二十九","0","2","2"
"中万历二十九年","0","2","2"
"为右佥都御史接","0","2","2"
"右佥都御史接替","0","2","2"
"开黄河淹没开封","0","2","2"
"黄河淹没开封城","0","2","2"
"凑集了几百两银","0","2","2"
"集了几百两银子","0","2","2"
"朝廷给他加官为","0","2","2"
"言官纷纷上书弹","0","2","2"
"官纷纷上书弹劾","0","2","2"
"聪明人还是愚蠢","0","2","2"
"明人还是愚蠢人","0","2","2"
"人还是愚蠢人都","0","2","2"
"还是愚蠢人都知","0","2","2"
"是愚蠢人都知道","0","2","2"
"朝廷按规定给他","0","2","2"
"巡按御史吴生生","0","2","2"
"在丰邑坪大败罗","0","2","2"
"丰邑坪大败罗汝","0","2","2"
"邑坪大败罗汝才","0","2","2"
"我蒙受国家的大","0","2","2"
"蒙受国家的大恩","0","2","2"
"而与他一同前往","0","2","2"
"与他一同前往高","0","2","2"
"他一同前往高邮","0","2","2"
"一同前往高邮的","0","2","2"
"同前往高邮的三","0","2","2"
"前往高邮的三百","0","2","2"
"往高邮的三百骑","0","2","2"
"高邮的三百骑兵","0","2","2"
"邮的三百骑兵都","0","2","2"
"的三百骑兵都战","0","2","2"
"三百骑兵都战死","0","2","2"
"百骑兵都战死了","0","2","2"
"弹劾吏部尚书田","0","2","2"
"杨嗣昌于是推荐","0","2","2"
"林兰友及少詹事","0","2","2"
"兰友及少詹事黄","0","2","2"
"友及少詹事黄道","0","2","2"
"及少詹事黄道周","0","2","2"
"少詹事黄道周上","0","2","2"
"詹事黄道周上疏","0","2","2"
"事黄道周上疏诋","0","2","2"
"黄道周上疏诋毁","0","2","2"
"道周上疏诋毁驳","0","2","2"
"周上疏诋毁驳斥","0","2","2"
"上疏诋毁驳斥他","0","2","2"
"编修赵士春跟着","0","2","2"
"修赵士春跟着上","0","2","2"
"赵士春跟着上疏","0","2","2"
"用二万兵驻守怀","0","2","2"
"二万兵驻守怀来","0","2","2"
"一万兵驻守阳和","0","2","2"
"其余的交给镇监","0","2","2"
"其余的交给巡抚","0","2","2"
"张献忠在谷城反","0","2","2"
"皇帝惦念杨嗣昌","0","2","2"
"于是受到皇帝的","0","2","2"
"被给事中冯元飙","0","2","2"
"黄汝良替他隐瞒","0","2","2"
"事情才算排解了","0","2","2"
"王应熊如何知道","0","2","2"
"微臣不理解之一","0","2","2"
"礼部左侍郎兼东","0","2","2"
"一切都按照温体","0","2","2"
"切都按照温体仁","0","2","2"
"都按照温体仁的","0","2","2"
"坚持自己的主张","0","2","2"
"杨嗣昌上疏为他","0","2","2"
"嗣昌上疏为他说","0","2","2"
"昌上疏为他说情","0","2","2"
"侵吞克扣军饷的","0","2","2"
"没有停止的时候","0","2","2"
"人心才稍稍安定","0","2","2"
"现在只有保护老","0","2","2"
"在只有保护老百","0","2","2"
"只有保护老百姓","0","2","2"
"有保护老百姓入","0","2","2"
"保护老百姓入关","0","2","2"
"护老百姓入关去","0","2","2"
"战败的消息传到","0","2","2"
"败的消息传到朝","0","2","2"
"的消息传到朝廷","0","2","2"
"廷弼的罪在哪里","0","2","2"
"弼的罪在哪里呢","0","2","2"
"宁远就成为关外","0","2","2"
"远就成为关外的","0","2","2"
"就成为关外的重","0","2","2"
"成为关外的重要","0","2","2"
"为关外的重要城","0","2","2"
"关外的重要城镇","0","2","2"
"所以将士都愿意","0","2","2"
"通判官金启亻宗","0","2","2"
"锦衣千户的封赏","0","2","2"
"并向他咨询用兵","0","2","2"
"向他咨询用兵方","0","2","2"
"他咨询用兵方略","0","2","2"
"大寿仍然驻军锦","0","2","2"
"寿仍然驻军锦州","0","2","2"
"请病假回乡去了","0","2","2"
"了庄烈帝的意思","0","2","2"
"取法上天最重要","0","2","2"
"法上天最重要的","0","2","2"
"上天最重要的事","0","2","2"
"天最重要的事情","0","2","2"
"最重要的事情莫","0","2","2"
"重要的事情莫过","0","2","2"
"要的事情莫过于","0","2","2"
"希望陛下体察上","0","2","2"
"望陛下体察上天","0","2","2"
"陛下体察上天好","0","2","2"
"下体察上天好生","0","2","2"
"体察上天好生之","0","2","2"
"察上天好生之心","0","2","2"
"庄烈帝恼火得很","0","2","2"
"原任辅臣文震孟","0","2","2"
"巡抚的去留问题","0","2","2"
"选择贤能的督师","0","2","2"
"庄烈帝十分恼火","0","2","2"
"这是封疆诸臣应","0","2","2"
"是封疆诸臣应予","0","2","2"
"封疆诸臣应予诛","0","2","2"
"疆诸臣应予诛杀","0","2","2"
"诸臣应予诛杀的","0","2","2"
"臣应予诛杀的第","0","2","2"
"这是满朝文武谋","0","2","2"
"是满朝文武谋国","0","2","2"
"满朝文武谋国不","0","2","2"
"朝文武谋国不忠","0","2","2"
"都的事变发生时","0","2","2"
"郑曼阝棍打自己","0","2","2"
"曼阝棍打自己的","0","2","2"
"阝棍打自己的母","0","2","2"
"棍打自己的母亲","0","2","2"
"所图而做出来的","0","2","2"
"老蜡鸡擅自称了","0","2","2"
"蜡鸡擅自称了王","0","2","2"
"杨鹤得知后移驻","0","2","2"
"鹤得知后移驻宁","0","2","2"
"得知后移驻宁州","0","2","2"
"其他贼首拓先龄","0","2","2"
"上天龙等也先后","0","2","2"
"天龙等也先后归","0","2","2"
"龙等也先后归降","0","2","2"
"杨鹤在城楼上摆","0","2","2"
"鹤在城楼上摆了","0","2","2"
"在城楼上摆了一","0","2","2"
"城楼上摆了一张","0","2","2"
"楼上摆了一张皇","0","2","2"
"上摆了一张皇上","0","2","2"
"摆了一张皇上的","0","2","2"
"了一张皇上的座","0","2","2"
"一张皇上的座席","0","2","2"
"让这些贼首跪拜","0","2","2"
"然后宣读皇上的","0","2","2"
"后宣读皇上的指","0","2","2"
"宣读皇上的指示","0","2","2"
"命令他们发下誓","0","2","2"
"令他们发下誓言","0","2","2"
"总兵邓王己功劳","0","2","2"
"兵邓王己功劳最","0","2","2"
"邓王己功劳最大","0","2","2"
"但既然已经任用","0","2","2"
"既然已经任用了","0","2","2"
"然已经任用了他","0","2","2"
"崇俭于是传檄要","0","2","2"
"俭于是传檄要副","0","2","2"
"于是传檄要副将","0","2","2"
"是传檄要副将贺","0","2","2"
"传檄要副将贺人","0","2","2"
"檄要副将贺人龙","0","2","2"
"李国奇等从西安","0","2","2"
"国奇等从西安出","0","2","2"
"奇等从西安出兵","0","2","2"
"良玉在玛瑙山大","0","2","2"
"玉在玛瑙山大败","0","2","2"
"捷春打开城门接","0","2","2"
"春打开城门接纳","0","2","2"
"打开城门接纳躲","0","2","2"
"开城门接纳躲避","0","2","2"
"城门接纳躲避贼","0","2","2"
"门接纳躲避贼兵","0","2","2"
"接纳躲避贼兵的","0","2","2"
"纳躲避贼兵的乡","0","2","2"
"躲避贼兵的乡民","0","2","2"
"均州又被贼兵占","0","2","2"
"州又被贼兵占领","0","2","2"
"又被贼兵占领了","0","2","2"
"是三百二十七万","0","2","2"
"总共是三百二十","0","2","2"
"于泰是辅臣周延","0","2","2"
"泰是辅臣周延儒","0","2","2"
"是辅臣周延儒的","0","2","2"
"辅臣周延儒的儿","0","2","2"
"臣周延儒的儿女","0","2","2"
"周延儒的儿女亲","0","2","2"
"延儒的儿女亲家","0","2","2"
"郑王世子朱载堉","0","2","2"
"至元辛巳年为历","0","2","2"
"元辛巳年为历元","0","2","2"
"太阳运行的度数","0","2","2"
"太阳在上而月亮","0","2","2"
"阳在上而月亮在","0","2","2"
"在上而月亮在下","0","2","2"
"管理钦天监事务","0","2","2"
"春分秋分夏至冬","0","2","2"
"分秋分夏至冬至","0","2","2"
"下发礼部集体商","0","2","2"
"发礼部集体商议","0","2","2"
"推算不发生日食","0","2","2"
"削减日长的分数","0","2","2"
"所以出现预报日","0","2","2"
"以出现预报日期","0","2","2"
"出现预报日期比","0","2","2"
"现预报日期比天","0","2","2"
"预报日期比天象","0","2","2"
"在女宿十度左右","0","2","2"
"往下距离元至元","0","2","2"
"下距离元至元辛","0","2","2"
"距离元至元辛巳","0","2","2"
"离元至元辛巳年","0","2","2"
"是这一年的天正","0","2","2"
"这一年的天正冬","0","2","2"
"一年的天正冬至","0","2","2"
"测到纽星离北极","0","2","2"
"日月五星的运行","0","2","2"
"初亏在巳时后段","0","2","2"
"礼官于是请求广","0","2","2"
"熊三拔及龙华民","0","2","2"
"月份和十二辰的","0","2","2"
"份和十二辰的对","0","2","2"
"和十二辰的对应","0","2","2"
"发生日食而没有","0","2","2"
"日月交食五星冲","0","2","2"
"月交食五星冲犯","0","2","2"
"的经纬运行度数","0","2","2"
"南北极出入地的","0","2","2"
"北极出入地的度","0","2","2"
"极出入地的度数","0","2","2"
"与原来的推算相","0","2","2"
"原来的推算相合","0","2","2"
"日食剩下的部分","0","2","2"
"食剩下的部分像","0","2","2"
"剩下的部分像钩","0","2","2"
"下的部分像钩子","0","2","2"
"的部分像钩子一","0","2","2"
"部分像钩子一样","0","2","2"
"日食而没有日食","0","2","2"
"这就是两种历法","0","2","2"
"测定时间的方法","0","2","2"
"而在晦日日食的","0","2","2"
"本宿的赤道弧就","0","2","2"
"宿的赤道弧就较","0","2","2"
"影像的直径大小","0","2","2"
"不能根据段目来","0","2","2"
"能根据段目来确","0","2","2"
"根据段目来确定","0","2","2"
"太阳的运行有快","0","2","2"
"平分为二十四份","0","2","2"
"从前一年的冬至","0","2","2"
"前一年的冬至开","0","2","2"
"一年的冬至开始","0","2","2"
"年的冬至开始算","0","2","2"
"的冬至开始算起","0","2","2"
"现在将十四日所","0","2","2"
"在将十四日所测","0","2","2"
"将十四日所测到","0","2","2"
"十四日所测到的","0","2","2"
"四日所测到的太","0","2","2"
"日所测到的太阳","0","2","2"
"所测到的太阳高","0","2","2"
"测到的太阳高度","0","2","2"
"加上地半径差二","0","2","2"
"上地半径差二分","0","2","2"
"比赤道高度已多","0","2","2"
"赤道高度已多五","0","2","2"
"道高度已多五分","0","2","2"
"是受太阳运行度","0","2","2"
"受太阳运行度数","0","2","2"
"阳运行度数的限","0","2","2"
"运行度数的限制","0","2","2"
"只要求月中没有","0","2","2"
"要求月中没有中","0","2","2"
"求月中没有中气","0","2","2"
"新历法尤其重视","0","2","2"
"历法尤其重视合","0","2","2"
"法尤其重视合朔","0","2","2"
"尤其重视合朔的","0","2","2"
"其重视合朔的先","0","2","2"
"重视合朔的先后","0","2","2"
"争强好胜的习俗","0","2","2"
"没有冤屈的犯死","0","2","2"
"有冤屈的犯死罪","0","2","2"
"冤屈的犯死罪以","0","2","2"
"屈的犯死罪以下","0","2","2"
"的犯死罪以下都","0","2","2"
"犯死罪以下都按","0","2","2"
"死罪以下都按律","0","2","2"
"罪以下都按律论","0","2","2"
"以下都按律论罪","0","2","2"
"各种杂犯准许赎","0","2","2"
"种杂犯准许赎罪","0","2","2"
"京城以外五品以","0","2","2"
"城以外五品以上","0","2","2"
"以外五品以上的","0","2","2"
"外五品以上的官","0","2","2"
"品以上的官员犯","0","2","2"
"属于八议的案子","0","2","2"
"如果不是通政司","0","2","2"
"果不是通政司转","0","2","2"
"不是通政司转达","0","2","2"
"不得擅自抓捕审","0","2","2"
"得擅自抓捕审问","0","2","2"
"天下士大夫不为","0","2","2"
"奉旨办理的案件","0","2","2"
"无不惧怕打事件","0","2","2"
"不惧怕打事件的","0","2","2"
"科给事中杨应文","0","2","2"
"同法司一起审录","0","2","2"
"法司一起审录罪","0","2","2"
"司一起审录罪囚","0","2","2"
"宣读制命的位置","0","2","2"
"承制官宣读制命","0","2","2"
"皇后戴九龙四凤","0","2","2"
"后戴九龙四凤冠","0","2","2"
"如同前边的礼仪","0","2","2"
"接受册书和宝玺","0","2","2"
"命妇班首领一人","0","2","2"
"官引导从左门进","0","2","2"
"引导从左门进入","0","2","2"
"帝穿皮弁服到华","0","2","2"
"穿皮弁服到华盖","0","2","2"
"皮弁服到华盖殿","0","2","2"
"诏书交给礼部官","0","2","2"
"穿着礼服到奉先","0","2","2"
"着礼服到奉先殿","0","2","2"
"皇后捧着高皇后","0","2","2"
"后捧着高皇后的","0","2","2"
"引礼官引导皇太","0","2","2"
"礼官引导皇太子","0","2","2"
"官引导皇太子进","0","2","2"
"引导皇太子进入","0","2","2"
"皇太子从殿东门","0","2","2"
"太子从殿东门进","0","2","2"
"子从殿东门进入","0","2","2"
"内赞官引导到御","0","2","2"
"赞官引导到御座","0","2","2"
"官引导到御座前","0","2","2"
"副使在文华门授","0","2","2"
"使在文华门授册","0","2","2"
"在文华门授册书","0","2","2"
"文华门授册书和","0","2","2"
"华门授册书和宝","0","2","2"
"门授册书和宝玺","0","2","2"
"内赞官引导到皇","0","2","2"
"赞官引导到皇帝","0","2","2"
"官引导到皇帝座","0","2","2"
"正遇到众弟某等","0","2","2"
"遇到众弟某等受","0","2","2"
"到众弟某等受封","0","2","2"
"众弟某等受封邦","0","2","2"
"弟某等受封邦建","0","2","2"
"某等受封邦建藩","0","2","2"
"等受封邦建藩国","0","2","2"
"谨向父皇陛下称","0","2","2"
"令礼部准备礼仪","0","2","2"
"学士张居正等人","0","2","2"
"降一级台阶接受","0","2","2"
"右手拿着冠的后","0","2","2"
"手拿着冠的后部","0","2","2"
"内侍跪着进献服","0","2","2"
"侍跪着进献服饰","0","2","2"
"博士引导皇太子","0","2","2"
"士引导皇太子从","0","2","2"
"皇子加冠的第二","0","2","2"
"子加冠的第二天","0","2","2"
"礼宾以及赞冠者","0","2","2"
"面向东以北为上","0","2","2"
"人穿着公服站在","0","2","2"
"宾赞冠者到席前","0","2","2"
"到加冠的人席前","0","2","2"
"宾向加冠的人拱","0","2","2"
"向加冠的人拱手","0","2","2"
"众亲人向他礼拜","0","2","2"
"预先通告约定宾","0","2","2"
"在堂下西阶的西","0","2","2"
"堂下西阶的西面","0","2","2"
"出房来到加冠席","0","2","2"
"天神来到而民心","0","2","2"
"神来到而民心协","0","2","2"
"来到而民心协和","0","2","2"
"在方丘祭祀皇地","0","2","2"
"方丘祭祀皇地只","0","2","2"
"最初附祭于夕月","0","2","2"
"洪武四年另外祭","0","2","2"
"武四年另外祭祀","0","2","2"
"和声郎持着指挥","0","2","2"
"声郎持着指挥小","0","2","2"
"郎持着指挥小旗","0","2","2"
"羽尾装饰的小旗","0","2","2"
"乐工陈列在宫廷","0","2","2"
"工陈列在宫廷台","0","2","2"
"陈列在宫廷台阶","0","2","2"
"列在宫廷台阶的","0","2","2"
"声郎举起指挥小","0","2","2"
"郎举起指挥小旗","0","2","2"
"其间举起指挥小","0","2","2"
"间举起指挥小旗","0","2","2"
"都如同前面所述","0","2","2"
"同前面所述的仪","0","2","2"
"前面所述的仪节","0","2","2"
"献酒如同前面叙","0","2","2"
"酒如同前面叙述","0","2","2"
"如同前面叙述的","0","2","2"
"献酒如同前面所","0","2","2"
"酒如同前面所述","0","2","2"
"汤如同前面所述","0","2","2"
"帝同意他的奏请","0","2","2"
"开始在南郊举行","0","2","2"
"皇帝亲自制作乐","0","2","2"
"帝亲自制作乐章","0","2","2"
"那么祭祀先蚕用","0","2","2"
"四面悬挂乐器的","0","2","2"
"制定祭享先蚕的","0","2","2"
"定祭享先蚕的乐","0","2","2"
"祭享先蚕的乐章","0","2","2"
"进献神灵的音乐","0","2","2"
"六变而天神下降","0","2","2"
"九变而人鬼享祀","0","2","2"
"没有来得及施行","0","2","2"
"一棵主干长百穗","0","2","2"
"层层霄汉天晴色","0","2","2"
"太和元气自阳回","0","2","2"
"天下酉姓尽欢愉","0","2","2"
"缨鞭得胜蛮夷队","0","2","2"
"鞭得胜蛮夷队舞","0","2","2"
"以上第二次演奏","0","2","2"
"都进献百戏表演","0","2","2"
"进献百戏表演侍","0","2","2"
"献百戏表演侍奉","0","2","2"
"和年高德厚的老","0","2","2"
"凡是常规的朝拜","0","2","2"
"皇太子在午门左","0","2","2"
"太子在午门左面","0","2","2"
"子在午门左面处","0","2","2"
"在午门左面处理","0","2","2"
"午门左面处理政","0","2","2"
"武选和官吏．百","0","2","2"
"选和官吏．百姓","0","2","2"
"和官吏．百姓有","0","2","2"
"官吏．百姓有违","0","2","2"
"吏．百姓有违犯","0","2","2"
"．百姓有违犯的","0","2","2"
"大的向皇太子报","0","2","2"
"的向皇太子报告","0","2","2"
"小的由皇长孙施","0","2","2"
"的由皇长孙施行","0","2","2"
"公侯走在前面引","0","2","2"
"侯走在前面引导","0","2","2"
"迎接到承天门上","0","2","2"
"在承天门上设置","0","2","2"
"翰林院官员捧着","0","2","2"
"林院官员捧着诏","0","2","2"
"院官员捧着诏书","0","2","2"
"诏书放置在龙亭","0","2","2"
"皇帝穿戴衮冕服","0","2","2"
"监修官捧着表放","0","2","2"
"则自称为第几个","0","2","2"
"辅佐主人举行仪","0","2","2"
"佐主人举行仪式","0","2","2"
"主人举行仪式的","0","2","2"
"人举行仪式的僎","0","2","2"
"协助举行仪式的","0","2","2"
"行仪式的僎宾以","0","2","2"
"仪式的僎宾以下","0","2","2"
"式的僎宾以下都","0","2","2"
"放地方特产的几","0","2","2"
"地方特产的几案","0","2","2"
"传宣地方特产的","0","2","2"
"宣地方特产的官","0","2","2"
"地方特产的官员","0","2","2"
"随从官都拜四拜","0","2","2"
"承制官到使者面","0","2","2"
"制官到使者面前","0","2","2"
"仪仗鼓乐在前面","0","2","2"
"恭敬地承担朕的","0","2","2"
"大街小巷挂结彩","0","2","2"
"街小巷挂结彩带","0","2","2"
"王以下都拜四拜","0","2","2"
"品官拜见一品官","0","2","2"
"牵引马在旁边站","0","2","2"
"引马在旁边站立","0","2","2"
"品官趋向右边让","0","2","2"
"官趋向右边让路","0","2","2"
"武二十年制定礼","0","2","2"
"二十年制定礼仪","0","2","2"
"洪武八年皇帝亲","0","2","2"
"武八年皇帝亲制","0","2","2"
"以卑微的内心啊","0","2","2"
"主持人庄重严肃","0","2","2"
"吉祥的日子美好","0","2","2"
"礼完成啊神帝鉴","0","2","2"
"完成啊神帝鉴察","0","2","2"
"乐词与朝日祭相","0","2","2"
"词与朝日祭相同","0","2","2"
"时节的享祭不施","0","2","2"
"节的享祭不施用","0","2","2"
"树木有根前世积","0","2","2"
"木有根前世积善","0","2","2"
"敬仰祖宗啊永远","0","2","2"
"仰祖宗啊永远慕","0","2","2"
"祖宗啊永远慕怀","0","2","2"
"小孙时时思念恩","0","2","2"
"孙时时思念恩德","0","2","2"
"时时思念恩德啊","0","2","2"
"时思念恩德啊忧","0","2","2"
"思念恩德啊忧心","0","2","2"
"念恩德啊忧心忡","0","2","2"
"恩德啊忧心忡忡","0","2","2"
"翰林院讨论皇帝","0","2","2"
"皇太子以下都拜","0","2","2"
"太子以下都拜四","0","2","2"
"子以下都拜四拜","0","2","2"
"由有功勋的故旧","0","2","2"
"有功勋的故旧大","0","2","2"
"功勋的故旧大臣","0","2","2"
"勋的故旧大臣举","0","2","2"
"的故旧大臣举行","0","2","2"
"故旧大臣举行礼","0","2","2"
"旧大臣举行礼仪","0","2","2"
"城的要拜谒陵墓","0","2","2"
"到祖宗陵墓祭祀","0","2","2"
"迁移供奉于陵殿","0","2","2"
"所以元旦陵殿祭","0","2","2"
"以元旦陵殿祭祀","0","2","2"
"元旦陵殿祭祀祇","0","2","2"
"旦陵殿祭祀祇用","0","2","2"
"陵殿祭祀祇用酒","0","2","2"
"殿祭祀祇用酒醴","0","2","2"
"祭祀祇用酒醴果","0","2","2"
"祀祇用酒醴果品","0","2","2"
"部尚书马文升说","0","2","2"
"皇帝穿素服乘舆","0","2","2"
"帝穿素服乘舆到","0","2","2"
"穿素服乘舆到帏","0","2","2"
"素服乘舆到帏幄","0","2","2"
"在报丧者位置的","0","2","2"
"报丧者位置的北","0","2","2"
"丧者位置的北面","0","2","2"
"太常卿上奏停止","0","2","2"
"常卿上奏停止哭","0","2","2"
"太常卿上奏说礼","0","2","2"
"常卿上奏说礼仪","0","2","2"
"卿上奏说礼仪结","0","2","2"
"上奏说礼仪结束","0","2","2"
"主妇以下的哭位","0","2","2"
"妇以下的哭位在","0","2","2"
"帝的乘舆出大篷","0","2","2"
"的乘舆出大篷帐","0","2","2"
"出来在大门外迎","0","2","2"
"来在大门外迎候","0","2","2"
"皇帝从乘舆上下","0","2","2"
"帝从乘舆上下来","0","2","2"
"丧主以下的人到","0","2","2"
"内受封号妇女以","0","2","2"
"受封号妇女以下","0","2","2"
"以下的哭位在停","0","2","2"
"下的哭位在停丧","0","2","2"
"的哭位在停丧屋","0","2","2"
"哭位在停丧屋子","0","2","2"
"位在停丧屋子的","0","2","2"
"涂有白色的服丧","0","2","2"
"有白色的服丧车","0","2","2"
"共经历三年以上","0","2","2"
"经历三年以上的","0","2","2"
"虽然没有考绩满","0","2","2"
"用二条引二条披","0","2","2"
"王坟设置守坟户","0","2","2"
"应该赐谧而没有","0","2","2"
"举行第二次虞祭","0","2","2"
"禅祭到吉祭之间","0","2","2"
"祭到吉祭之间的","0","2","2"
"到吉祭之间的服","0","2","2"
"吉祭之间的服丧","0","2","2"
"祭之间的服丧期","0","2","2"
"服一周年丧的人","0","2","2"
"妾所生的儿子为","0","2","2"
"粗而经过加工的","0","2","2"
"杖期一年的丧服","0","2","2"
"母为长子以及长","0","2","2"
"为长子以及长子","0","2","2"
"兄弟的儿子以及","0","2","2"
"以及兄弟没有出","0","2","2"
"及兄弟没有出嫁","0","2","2"
"兄弟没有出嫁的","0","2","2"
"弟没有出嫁的女","0","2","2"
"为姑以及姊妹没","0","2","2"
"姑以及姊妹没有","0","2","2"
"以及姊妹没有出","0","2","2"
"及姊妹没有出嫁","0","2","2"
"姊妹没有出嫁的","0","2","2"
"妹没有出嫁的服","0","2","2"
"没有出嫁的服丧","0","2","2"
"的兄弟以及兄弟","0","2","2"
"兄弟以及兄弟的","0","2","2"
"妇人为丈夫亲兄","0","2","2"
"人为丈夫亲兄弟","0","2","2"
"为丈夫亲兄弟的","0","2","2"
"的没有出嫁的女","0","2","2"
"的后嗣的人为他","0","2","2"
"后嗣的人为他的","0","2","2"
"出嫁了的兄弟的","0","2","2"
"女子出嫁为本宗","0","2","2"
"子出嫁为本宗族","0","2","2"
"为没有出嫁的同","0","2","2"
"兄弟的孙子以及","0","2","2"
"的没有出嫁的孙","0","2","2"
"没有出嫁的孙女","0","2","2"
"丈夫的兄弟的孙","0","2","2"
"及没有出嫁的同","0","2","2"
"族祖姑以及没有","0","2","2"
"孙女没有出嫁的","0","2","2"
"女没有出嫁的相","0","2","2"
"同祖兄弟的孙子","0","2","2"
"再堂兄弟的儿子","0","2","2"
"祖兄弟的儿子的","0","2","2"
"同祖兄弟的妻子","0","2","2"
"及没有出嫁的堂","0","2","2"
"派官员到太庙举","0","2","2"
"官员到太庙举行","0","2","2"
"员到太庙举行祭","0","2","2"
"到太庙举行祭告","0","2","2"
"太庙举行祭告礼","0","2","2"
"宗升入太庙拊祭","0","2","2"
"学士张孚敬等人","0","2","2"
"士张孚敬等人说","0","2","2"
"供奉安置在景神","0","2","2"
"奉安置在景神殿","0","2","2"
"请求仍在太庙拊","0","2","2"
"求仍在太庙拊祭","0","2","2"
"仍在太庙拊祭睿","0","2","2"
"在太庙拊祭睿宗","0","2","2"
"而宣宗牌位不要","0","2","2"
"宣宗牌位不要迁","0","2","2"
"宗牌位不要迁走","0","2","2"
"的太庙有十一室","0","2","2"
"太庙有十一室而","0","2","2"
"罢除年终的祭祀","0","2","2"
"中旬举行大合祭","0","2","2"
"大臣十二人分别","0","2","2"
"臣十二人分别祭","0","2","2"
"十二人分别祭献","0","2","2"
"二人分别祭献众","0","2","2"
"人分别祭献众皇","0","2","2"
"为刚去世的皇帝","0","2","2"
"太庙四时祭祀的","0","2","2"
"制定太庙四时祭","0","2","2"
"定太庙四时祭祀","0","2","2"
"皇帝皇后的牌位","0","2","2"
"皇帝由左门进入","0","2","2"
"宣册官跪着在皇","0","2","2"
"册官跪着在皇帝","0","2","2"
"官跪着在皇帝左","0","2","2"
"跪着在皇帝左边","0","2","2"
"着在皇帝左边宣","0","2","2"
"在皇帝左边宣读","0","2","2"
"皇帝左边宣读册","0","2","2"
"帝左边宣读册书","0","2","2"
"宝官拿着实玺跪","0","2","2"
"官拿着实玺跪着","0","2","2"
"拿着实玺跪着进","0","2","2"
"着实玺跪着进献","0","2","2"
"跟随到思善门外","0","2","2"
"凡是从点水加各","0","2","2"
"是从点水加各字","0","2","2"
"从点水加各字的","0","2","2"
"在文武官员拜祭","0","2","2"
"文武官员拜祭的","0","2","2"
"武官员拜祭的位","0","2","2"
"官员拜祭的位子","0","2","2"
"员拜祭的位子以","0","2","2"
"拜祭的位子以北","0","2","2"
"二人在引文武班","0","2","2"
"人在引文武班的","0","2","2"
"午门外陈列甲士","0","2","2"
"到刚刚死去的皇","0","2","2"
"刚刚死去的皇帝","0","2","2"
"刚死去的皇帝灵","0","2","2"
"死去的皇帝灵座","0","2","2"
"在奉天殿丹陛上","0","2","2"
"尚宝司在奉天殿","0","2","2"
"宝司在奉天殿设","0","2","2"
"司在奉天殿设御","0","2","2"
"在奉天殿设御座","0","2","2"
"仪礼司设同文案","0","2","2"
"玉帛案于丹陛东","0","2","2"
"导驾官在前面引","0","2","2"
"驾官在前面引导","0","2","2"
"与你们共同分享","0","2","2"
"殿接见群臣叫做","0","2","2"
"谢恩的官员和当","0","2","2"
"恩的官员和当朝","0","2","2"
"的官员和当朝辞","0","2","2"
"官员和当朝辞职","0","2","2"
"员和当朝辞职的","0","2","2"
"和当朝辞职的官","0","2","2"
"当朝辞职的官员","0","2","2"
"正月初一的节日","0","2","2"
"如同朝见皇帝的","0","2","2"
"同朝见皇帝的礼","0","2","2"
"朝见皇帝的礼仪","0","2","2"
"赞礼官导引皇太","0","2","2"
"皇后接受群臣朝","0","2","2"
"后接受群臣朝贺","0","2","2"
"皇太子答礼后拜","0","2","2"
"太子答礼后拜二","0","2","2"
"子答礼后拜二拜","0","2","2"
"皇太子穿平常衣","0","2","2"
"太子穿平常衣服","0","2","2"
"在春秋雨季的第","0","2","2"
"季的第二个月及","0","2","2"
"又赐给赏雪宴席","0","2","2"
"大小命妇各自站","0","2","2"
"小命妇各自站在","0","2","2"
"命妇各自站在座","0","2","2"
"妇各自站在座位","0","2","2"
"各自站在座位后","0","2","2"
"执事官跪着接受","0","2","2"
"某夫人妾某氏等","0","2","2"
"月的上旬的戊日","0","2","2"
"的上旬的戊日举","0","2","2"
"上旬的戊日举行","0","2","2"
"旬的戊日举行祭","0","2","2"
"弃稷也配祀先农","0","2","2"
"大报天以日为主","0","2","2"
"职大臣代为举行","0","2","2"
"大臣代为举行祭","0","2","2"
"臣代为举行祭祀","0","2","2"
"到临时休息的大","0","2","2"
"年高有德的老人","0","2","2"
"命令应天府官员","0","2","2"
"令应天府官员率","0","2","2"
"应天府官员率领","0","2","2"
"天府官员率领农","0","2","2"
"府官员率领农民","0","2","2"
"官员率领农民耆","0","2","2"
"员率领农民耆老","0","2","2"
"率领农民耆老陪","0","2","2"
"领农民耆老陪同","0","2","2"
"农民耆老陪同祭","0","2","2"
"民耆老陪同祭祀","0","2","2"
"面向北跪下进献","0","2","2"
"礼部尚书崔亮的","0","2","2"
"因为皇帝亲自祭","0","2","2"
"为皇帝亲自祭告","0","2","2"
"皇帝亲自祭告山","0","2","2"
"帝亲自祭告山川","0","2","2"
"亲自祭告山川诸","0","2","2"
"自祭告山川诸神","0","2","2"
"命令不必提前派","0","2","2"
"令不必提前派官","0","2","2"
"不必提前派官告","0","2","2"
"必提前派官告请","0","2","2"
"提前派官告请太","0","2","2"
"前派官告请太庙","0","2","2"
"书方献夫等人说","0","2","2"
"礼部尚书李时说","0","2","2"
"两天完成祭祀之","0","2","2"
"天完成祭祀之事","0","2","2"
"秋雨季的第二月","0","2","2"
"雨季的第二月上","0","2","2"
"季的第二月上旬","0","2","2"
"择吉日举行祭祀","0","2","2"
"春秋雨季专门举","0","2","2"
"秋雨季专门举行","0","2","2"
"雨季专门举行祭","0","2","2"
"季专门举行祭祀","0","2","2"
"派遣官员举行祭","0","2","2"
"遣官员举行祭祀","0","2","2"
"在方泽祭祀地只","0","2","2"
"仍在奉先殿举行","0","2","2"
"边的一个地方说","0","2","2"
"皇帝捧着神主牌","0","2","2"
"捧着神主牌从殿","0","2","2"
"皇太后以下拜四","0","2","2"
"太后以下拜四拜","0","2","2"
"只有汉哀帝为定","0","2","2"
"有汉哀帝为定陶","0","2","2"
"汉哀帝为定陶共","0","2","2"
"哀帝为定陶共王","0","2","2"
"帝为定陶共王在","0","2","2"
"为定陶共王在京","0","2","2"
"定陶共王在京城","0","2","2"
"陶共王在京城建","0","2","2"
"共王在京城建庙","0","2","2"
"王的夫人刘氏为","0","2","2"
"的夫人刘氏为一","0","2","2"
"夫人刘氏为一坛","0","2","2"
"太常卿裴应章说","0","2","2"
"在每年一定时节","0","2","2"
"增加祭祀隋高祖","0","2","2"
"太常寺官举行祭","0","2","2"
"常寺官举行祭礼","0","2","2"
"举行奠祭先圣先","0","2","2"
"行奠祭先圣先师","0","2","2"
"奠祭先圣先师的","0","2","2"
"据有天下的帝王","0","2","2"
"驾临奉天殿降香","0","2","2"
"给事中王汝梅等","0","2","2"
"事中王汝梅等人","0","2","2"
"孔子的十位贤哲","0","2","2"
"子的十位贤哲弟","0","2","2"
"的十位贤哲弟子","0","2","2"
"由南京太常寺官","0","2","2"
"南京太常寺官员","0","2","2"
"京太常寺官员祭","0","2","2"
"由应天府官员祭","0","2","2"
"应天府官员祭祀","0","2","2"
"在每季首月以及","0","2","2"
"每季首月以及年","0","2","2"
"季首月以及年终","0","2","2"
"太仆寺官员祭祀","0","2","2"
"派遣太常寺官员","0","2","2"
"派官到显灵宫祭","0","2","2"
"没有人祭祀的鬼","0","2","2"
"祭祀帝王无后嗣","0","2","2"
"祀帝王无后嗣的","0","2","2"
"帝王无后嗣的鬼","0","2","2"
"就是顺应阴阳的","0","2","2"
"在圜丘祭祀昊天","0","2","2"
"明堂宗祀文王以","0","2","2"
"堂宗祀文王以配","0","2","2"
"太祖神位前占卜","0","2","2"
"给事中夏言请求","0","2","2"
"躬亲蚕事的典礼","0","2","2"
"水泽中方丘的制","0","2","2"
"泽中方丘的制度","0","2","2"
"实是从王莽开始","0","2","2"
"是从王莽开始的","0","2","2"
"本来就是太祖的","0","2","2"
"在具服殿稍微偏","0","2","2"
"具服殿稍微偏南","0","2","2"
"服殿稍微偏南的","0","2","2"
"殿稍微偏南的地","0","2","2"
"稍微偏南的地方","0","2","2"
"微偏南的地方建","0","2","2"
"偏南的地方建造","0","2","2"
"把酒爵交给执事","0","2","2"
"皇太子以下在位","0","2","2"
"太子以下在位官","0","2","2"
"先到上帝神位前","0","2","2"
"皇帝穿日常衣冠","0","2","2"
"太常卿恭请太祖","0","2","2"
"常卿恭请太祖配","0","2","2"
"卿恭请太祖配位","0","2","2"
"供奉安放在皇祇","0","2","2"
"奉安放在皇祇室","0","2","2"
"礼部太常官一同","0","2","2"
"部太常官一同请","0","2","2"
"太常官一同请求","0","2","2"
"常官一同请求皇","0","2","2"
"官一同请求皇地","0","2","2"
"一同请求皇地祇","0","2","2"
"同请求皇地祇神","0","2","2"
"请求皇地祇神版","0","2","2"
"在奉天殿的台阶","0","2","2"
"奉天殿的台阶上","0","2","2"
"有圣人功德的人","0","2","2"
"圣人功德的人配","0","2","2"
"人功德的人配祀","0","2","2"
"宗祀文王于明堂","0","2","2"
"割圆弧矢的方法","0","2","2"
"在北京立四丈高","0","2","2"
"北京立四丈高的","0","2","2"
"京立四丈高的标","0","2","2"
"立四丈高的标尺","0","2","2"
"就是本地离头顶","0","2","2"
"是本地离头顶上","0","2","2"
"本地离头顶上太","0","2","2"
"地离头顶上太阳","0","2","2"
"离头顶上太阳的","0","2","2"
"头顶上太阳的度","0","2","2"
"顶上太阳的度数","0","2","2"
"就是太阳出地的","0","2","2"
"是太阳出地的半","0","2","2"
"太阳出地的半弧","0","2","2"
"阳出地的半弧弦","0","2","2"
"黄道赤道内外半","0","2","2"
"道赤道内外半弧","0","2","2"
"再用益从方减去","0","2","2"
"天圆直径一百二","0","2","2"
"圆直径一百二十","0","2","2"
"得一万四千八百","0","2","2"
"乘以上廉一万四","0","2","2"
"以上廉一万四千","0","2","2"
"百八十万四千七","0","2","2"
"八十万四千七百","0","2","2"
"十万四千七百零","0","2","2"
"初商八十秒自乘","0","2","2"
"将从廉和从方相","0","2","2"
"从廉和从方相加","0","2","2"
"百八十万四千四","0","2","2"
"八十万四千四百","0","2","2"
"就是黄道赤道的","0","2","2"
"是黄道赤道的小","0","2","2"
"黄道赤道的小股","0","2","2"
"矢自乘作为被除","0","2","2"
"就是黄道半背弦","0","2","2"
"是黄道半背弦差","0","2","2"
"以赤道小弦作为","0","2","2"
"赤道小弦作为除","0","2","2"
"道小弦作为除数","0","2","2"
"作为除数与之相","0","2","2"
"为除数与之相除","0","2","2"
"就是赤道横大勾","0","2","2"
"就是赤道横弧矢","0","2","2"
"十度八十七分五","0","2","2"
"是黄道赤道小弦","0","2","2"
"将黄道赤道小弦","0","2","2"
"得三千四百一十","0","2","2"
"三千四百一十度","0","2","2"
"千四百一十度一","0","2","2"
"以黄道赤道大弦","0","2","2"
"黄道赤道大弦六","0","2","2"
"道赤道大弦六十","0","2","2"
"赤道大弦六十度","0","2","2"
"道大弦六十度八","0","2","2"
"大弦六十度八七","0","2","2"
"弦六十度八七五","0","2","2"
"度八七五作为除","0","2","2"
"八七五作为除数","0","2","2"
"得三千一百三十","0","2","2"
"将天圆半径六十","0","2","2"
"六十度八十六分","0","2","2"
"十度八十六分五","0","2","2"
"黄道赤道的距离","0","2","2"
"度数及距离北极","0","2","2"
"是黄道赤道小弧","0","2","2"
"赤道内外的度数","0","2","2"
"太阳距离北极的","0","2","2"
"阳距离北极的度","0","2","2"
"冬至后黄道四十","0","2","2"
"至后黄道四十四","0","2","2"
"十度八十七分半","0","2","2"
"黄道赤道小弧矢","0","2","2"
"用背弦差加黄道","0","2","2"
"背弦差加黄道赤","0","2","2"
"弦差加黄道赤道","0","2","2"
"差加黄道赤道小","0","2","2"
"加黄道赤道小弧","0","2","2"
"道赤道小弧弦十","0","2","2"
"赤道小弧弦十七","0","2","2"
"道小弧弦十七度","0","2","2"
"小弧弦十七度二","0","2","2"
"弧弦十七度二十","0","2","2"
"弦十七度二十五","0","2","2"
"得十七度三十分","0","2","2"
"十七度三十分八","0","2","2"
"七度三十分八十","0","2","2"
"度三十分八十九","0","2","2"
"三十分八十九秒","0","2","2"
"就是冬至夏至前","0","2","2"
"是冬至夏至前后","0","2","2"
"冬至夏至前后黄","0","2","2"
"至夏至前后黄道","0","2","2"
"夏至前后黄道四","0","2","2"
"至前后黄道四十","0","2","2"
"前后黄道四十四","0","2","2"
"太阳距离赤道的","0","2","2"
"阳距离赤道的内","0","2","2"
"赤道降交点的最","0","2","2"
"道降交点的最大","0","2","2"
"半径六十度八七","0","2","2"
"径六十度八七五","0","2","2"
"是白道赤道降交","0","2","2"
"白道赤道降交点","0","2","2"
"道赤道降交点距","0","2","2"
"赤道降交点距离","0","2","2"
"道降交点距离黄","0","2","2"
"陕西发生大旱灾","0","2","2"
"百姓家中生一条","0","2","2"
"姓家中生一条狗","0","2","2"
"拔起太庙的树木","0","2","2"
"七年三月己亥日","0","2","2"
"又两次发生地震","0","2","2"
"京城又发生地震","0","2","2"
"蓟州遵化县发生","0","2","2"
"州遵化县发生地","0","2","2"
"遵化县发生地震","0","2","2"
"府同日发生地震","0","2","2"
"二县都发生地震","0","2","2"
"合阳发生十多次","0","2","2"
"阳发生十多次地","0","2","2"
"发生十多次地震","0","2","2"
"二年九月庚午日","0","2","2"
"人民有的被压死","0","2","2"
"二府都发生地震","0","2","2"
"昌平州发生地震","0","2","2"
"八年六月丙子日","0","2","2"
"七年六月辛酉日","0","2","2"
"三个府遭受饥荒","0","2","2"
"山东再次遭受饥","0","2","2"
"十四个州县发生","0","2","2"
"四个州县发生饥","0","2","2"
"个州县发生饥荒","0","2","2"
"挖掘埋葬的死尸","0","2","2"
"东遭受严重饥荒","0","2","2"
"山西遭受严重饥","0","2","2"
"人民吃野草树木","0","2","2"
"恢复老黄河故道","0","2","2"
"黄河河床一天天","0","2","2"
"一天天淤塞增高","0","2","2"
"成为一劳永逸的","0","2","2"
"堤防以杜绝溃塌","0","2","2"
"水就不再旁决而","0","2","2"
"就不再旁决而专","0","2","2"
"水而往东流入大","0","2","2"
"而往东流入大海","0","2","2"
"通济闸于甘罗城","0","2","2"
"济闸于甘罗城南","0","2","2"
"小浮桥流入运河","0","2","2"
"而河床一天天增","0","2","2"
"给事中张贞观前","0","2","2"
"汇合处碱缓水势","0","2","2"
"泥沙一天天淤积","0","2","2"
"给事中张企程前","0","2","2"
"备文上奏善后事","0","2","2"
"文上奏善后事宜","0","2","2"
"黄河在原武决堤","0","2","2"
"没有听说带给祖","0","2","2"
"有听说带给祖陵","0","2","2"
"不凭借黄河之水","0","2","2"
"皇帝依从他们的","0","2","2"
"淤塞河道三十余","0","2","2"
"皇帝赞许并采纳","0","2","2"
"工部回复李化龙","0","2","2"
"部回复李化龙的","0","2","2"
"工部尚书姚继可","0","2","2"
"部尚书姚继可说","0","2","2"
"流入张秋的水道","0","2","2"
"流入淮河的水道","0","2","2"
"下游一天天淤塞","0","2","2"
"在徐州狼矢沟决","0","2","2"
"徐州狼矢沟决堤","0","2","2"
"淮河之水一起上","0","2","2"
"河之水一起上涨","0","2","2"
"汇合白河流入大","0","2","2"
"合白河流入大海","0","2","2"
"条半月形河道以","0","2","2"
"修筑堤防护卫它","0","2","2"
"小汶河出于新泰","0","2","2"
"汶河出于新泰宫","0","2","2"
"河出于新泰宫山","0","2","2"
"出于新泰宫山下","0","2","2"
"大汶河出于泰安","0","2","2"
"汶河出于泰安仙","0","2","2"
"河出于泰安仙台","0","2","2"
"出于泰安仙台岭","0","2","2"
"于泰安仙台岭南","0","2","2"
"又出于莱芜原山","0","2","2"
"出于莱芜原山北","0","2","2"
"于莱芜原山北面","0","2","2"
"莱芜原山北面及","0","2","2"
"芜原山北面及寨","0","2","2"
"原山北面及寨子","0","2","2"
"山北面及寨子村","0","2","2"
"全都到静丰镇合","0","2","2"
"都到静丰镇合流","0","2","2"
"而小汶河流来汇","0","2","2"
"小汶河流来汇合","0","2","2"
"令工部侍郎杜谦","0","2","2"
"道淤塞一百余里","0","2","2"
"难以成功的地方","0","2","2"
"朝廷大臣会合商","0","2","2"
"廷大臣会合商议","0","2","2"
"皇上于是命令施","0","2","2"
"上于是命令施行","0","2","2"
"应当修筑堤堰来","0","2","2"
"当修筑堤堰来防","0","2","2"
"修筑堤堰来防止","0","2","2"
"大立请求开通洳","0","2","2"
"应当防备黄河决","0","2","2"
"当防备黄河决口","0","2","2"
"防备黄河决口而","0","2","2"
"备黄河决口而流","0","2","2"
"用来防备黄河水","0","2","2"
"来防备黄河水的","0","2","2"
"防备黄河水的流","0","2","2"
"的祸患就在这里","0","2","2"
"令依从他的主张","0","2","2"
"后来黄河水上涨","0","2","2"
"请求开通洳河来","0","2","2"
"求开通洳河来避","0","2","2"
"开通洳河来避开","0","2","2"
"通洳河来避开黄","0","2","2"
"河淤塞就通行于","0","2","2"
"漕侍郎昊桂芳说","0","2","2"
"分流黄河导引淮","0","2","2"
"流黄河导引淮河","0","2","2"
"粮船及官船民船","0","2","2"
"利与害各占一半","0","2","2"
"轮番戍守的军队","0","2","2"
"使敌人不能侵犯","0","2","2"
"游排列五座军营","0","2","2"
"请求淘汰年老体","0","2","2"
"求淘汰年老体弱","0","2","2"
"县可以得到一千","0","2","2"
"水发生祸害因而","0","2","2"
"议论的人多请求","0","2","2"
"避开黄河的危险","0","2","2"
"的困难就可以避","0","2","2"
"困难就可以避免","0","2","2"
"难就可以避免了","0","2","2"
"运河不凭借黄河","0","2","2"
"洳河工程没有完","0","2","2"
"河工程没有完成","0","2","2"
"舍弃洳河经由黄","0","2","2"
"弃洳河经由黄河","0","2","2"
"往东北流入大海","0","2","2"
"滏阳河一起泛滥","0","2","2"
"流入卫河的河道","0","2","2"
"入卫河的河道渐","0","2","2"
"卫河的河道渐渐","0","2","2"
"沁水流入卫河的","0","2","2"
"两次溃决两次修","0","2","2"
"次溃决两次修筑","0","2","2"
"沁水在马曲湾决","0","2","2"
"水在马曲湾决堤","0","2","2"
"二十天就可以到","0","2","2"
"十天就可以到达","0","2","2"
"主张最终没有施","0","2","2"
"张最终没有施行","0","2","2"
"疏通的占十分之","0","2","2"
"阻隔泥沙的主张","0","2","2"
"不过这祇是权宜","0","2","2"
"过这祇是权宜之","0","2","2"
"这祇是权宜之计","0","2","2"
"并非以此为法则","0","2","2"
"每十下为一等相","0","2","2"
"十下为一等相加","0","2","2"
"下为一等相加减","0","2","2"
"以三百六十日计","0","2","2"
"三百六十日计算","0","2","2"
"凡是七十岁以上","0","2","2"
"十五岁以下和残","0","2","2"
"五岁以下和残疾","0","2","2"
"北方边防卫所充","0","2","2"
"方边防卫所充军","0","2","2"
"无力交纳的发配","0","2","2"
"力交纳的发配天","0","2","2"
"交纳的发配天寿","0","2","2"
"纳的发配天寿山","0","2","2"
"的发配天寿山种","0","2","2"
"发配天寿山种树","0","2","2"
"交银钞二千二百","0","2","2"
"银钞二千二百五","0","2","2"
"其钞二百贯折合","0","2","2"
"钞二百贯折合银","0","2","2"
"二百贯折合银了","0","2","2"
"百贯折合银了一","0","2","2"
"贯折合银了一钱","0","2","2"
"收宝钞一千一百","0","2","2"
"宝钞一千一百二","0","2","2"
"收铜钱三百五十","0","2","2"
"铜钱三百五十文","0","2","2"
"其钞二千二百五","0","2","2"
"和例钞折合银子","0","2","2"
"例钞折合银子相","0","2","2"
"钞折合银子相比","0","2","2"
"条例难以如实行","0","2","2"
"例难以如实行刑","0","2","2"
"难以如实行刑的","0","2","2"
"以如实行刑的人","0","2","2"
"如因诬告罪判杖","0","2","2"
"因诬告罪判杖刑","0","2","2"
"诬告罪判杖刑六","0","2","2"
"告罪判杖刑六十","0","2","2"
"罪判杖刑六十下","0","2","2"
"这部分赎金全部","0","2","2"
"纳金赎罪剩下的","0","2","2"
"流放与杂犯死罪","0","2","2"
"就是法律上的八","0","2","2"
"是法律上的八千","0","2","2"
"法律上的八千两","0","2","2"
"白塔河的大桥闸","0","2","2"
"漕运船只全部经","0","2","2"
"运船只全部经由","0","2","2"
"三年进行一次疏","0","2","2"
"有被淹没的灾难","0","2","2"
"连接长江河港的","0","2","2"
"来灌溉百姓田地","0","2","2"
"源出于河南辉县","0","2","2"
"专门管理这件事","0","2","2"
"运送军粮三万石","0","2","2"
"送军粮三万石到","0","2","2"
"士兵与将领互相","0","2","2"
"朝廷大臣的意见","0","2","2"
"尚书李承勋请求","0","2","2"
"皇帝认为他的意","0","2","2"
"帝认为他的意见","0","2","2"
"出钱雇人顶替的","0","2","2"
"写定著录为法令","0","2","2"
"然而不能革除这","0","2","2"
"而不能革除这些","0","2","2"
"不能革除这些弊","0","2","2"
"能革除这些弊端","0","2","2"
"华门左右两边到","0","2","2"
"夜里巡逻的士兵","0","2","2"
"以垛兵法征兵的","0","2","2"
"军户没有后代的","0","2","2"
"设置军籍验对符","0","2","2"
"置军籍验对符契","0","2","2"
"用脚踏强弩要求","0","2","2"
"以下的官员带领","0","2","2"
"杀将领夺取敌旗","0","2","2"
"将领夺取敌旗的","0","2","2"
"二个人共同斩杀","0","2","2"
"与北方边境相同","0","2","2"
"总率领五百人的","0","2","2"
"部下斩杀敌人三","0","2","2"
"下斩杀敌人三十","0","2","2"
"斩杀敌人三十名","0","2","2"
"提升实授官职一","0","2","2"
"升实授官职一级","0","2","2"
"弹发射射程达到","0","2","2"
"有火攻装备的战","0","2","2"
"火攻装备的战车","0","2","2"
"调发太仆寺白银","0","2","2"
"给事中王道成则","0","2","2"
"和州铜城堰闸门","0","2","2"
"并且疏浚海盐澉","0","2","2"
"且疏浚海盐澉浦","0","2","2"
"就是原来的娄江","0","2","2"
"州民工协助修筑","0","2","2"
"灌溉田地五百多","0","2","2"
"溉田地五百多顷","0","2","2"
"抵御潮水的堤岸","0","2","2"
"河堤溃决闸门毁","0","2","2"
"堤溃决闸门毁坏","0","2","2"
"发生也用不着忧","0","2","2"
"生也用不着忧虑","0","2","2"
"也用不着忧虑了","0","2","2"
"则河渠之水逆流","0","2","2"
"河渠之水逆流于","0","2","2"
"渠之水逆流于田","0","2","2"
"之水逆流于田问","0","2","2"
"冲击侵蚀造成灾","0","2","2"
"击侵蚀造成灾难","0","2","2"
"又请求疏通昊淞","0","2","2"
"用为南京光禄寺","0","2","2"
"为鉴察司民城隍","0","2","2"
"兖州同日发生地","0","2","2"
"五总兵各练一万","0","2","2"
"大营设坐营官一","0","2","2"
"营设坐营官一名","0","2","2"
