"N-gram","原文","翻译","Total"
"部尚书东阁大学士","37","1","38"
"尚书兼东阁大学士","0","33","33"
"礼部尚书东阁大学","31","1","32"
"部尚书兼东阁大学","0","32","32"
"礼部尚书兼东阁大","0","26","26"
"侍郎兼右佥都御史","0","24","24"
"部右侍郎右佥都御","23","0","23"
"右侍郎右佥都御史","23","0","23"
"兵部右侍郎右佥都","20","0","20"
"为礼部尚书兼东阁","0","20","20"
"部右侍郎兼右佥都","0","20","20"
"右侍郎兼右佥都御","0","20","20"
"兵部右侍郎兼右佥","0","18","18"
"开国辅运推诚宣力","8","8","16"
"国辅运推诚宣力武","8","8","16"
"辅运推诚宣力武臣","8","8","16"
"尚书文渊阁大学士","16","0","16"
"部尚书文渊阁大学","15","0","15"
"尚书兼文渊阁大学","0","15","15"
"书兼文渊阁大学士","0","15","15"
"大祭天地于京城南","0","15","15"
"总督陕西三边军务","8","6","14"
"抹金铜鈒花叶片装","14","0","14"
"金铜鈒花叶片装钉","14","0","14"
"为兵部右侍郎兼右","0","14","14"
"部尚书兼文渊阁大","0","14","14"
"文渊阁参与机要事","0","14","14"
"渊阁参与机要事务","0","14","14"
"祭天地于京城南郊","0","14","14"
"万历四十一年进士","7","6","13"
"色服饰的甲士五人","0","13","13"
"进士及第以及其他","0","13","13"
"士及第以及其他不","0","13","13"
"及第以及其他不同","0","13","13"
"京城南郊大祭天地","0","12","12"
"总督军务威武大将","6","5","11"
"督军务威武大将军","6","5","11"
"提升为右佥都御史","0","11","11"
"派使者向朝廷献贡","0","11","11"
"当地组织训练的军","0","11","11"
"地组织训练的军队","0","11","11"
"在京城南郊大祭天","0","11","11"
"万历三十八年进士","5","5","10"
"礼部尚书文渊阁大","10","0","10"
"被加封为太子太保","0","10","10"
"礼部尚书兼文渊阁","0","10","10"
"黑色角质材料装饰","0","10","10"
"色角质材料装饰的","0","10","10"
"在南郊隆重祭祀天","0","10","10"
"南郊隆重祭祀天地","0","10","10"
"入值文渊阁参与机","0","10","10"
"值文渊阁参与机要","0","10","10"
"大祭天地于京师南","0","10","10"
"祭天地于京师南郊","0","10","10"
"万历四十四年进士","6","3","9"
"军务威武大将军总","5","4","9"
"务威武大将军总兵","5","4","9"
"威武大将军总兵官","5","4","9"
"升为代理都督佥事","0","9","9"
"兼任文渊阁大学士","0","9","9"
"提拔为右佥都御史","0","9","9"
"并被授予世袭凭证","0","9","9"
"进升为都指挥同知","0","9","9"
"为代理都指挥佥事","0","9","9"
"洪武二十六年规定","0","9","9"
"及其他不同的出身","0","9","9"
"为进士及第以及其","0","9","9"
"万历四十七年进士","5","3","8"
"本生皇考恭穆献皇","4","4","8"
"生皇考恭穆献皇帝","4","4","8"
"总河都御史傅希挚","4","4","8"
"一万四千八百二十","4","4","8"
"万四千八百二十三","4","4","8"
"四千八百二十三度","4","4","8"
"千八百二十三度零","4","4","8"
"八百二十三度零六","4","4","8"
"钞二千二百五十贯","4","4","8"
"为少傅兼太子太傅","0","8","8"
"撒马儿罕入朝进贡","0","8","8"
"尚书兼右副都御史","0","8","8"
"进升为都指挥佥事","0","8","8"
"被加封为太子少保","0","8","8"
"侍郎兼东阁大学士","0","8","8"
"升为代理都指挥佥","0","8","8"
"旗下四人手持弓箭","0","8","8"
"色有花纹的丝织品","0","8","8"
"衔着珍珠装饰的结","0","8","8"
"第以及其他不同的","0","8","8"
"以及其他不同的出","0","8","8"
"隆重祭奠先师孔子","0","8","8"
"嘉靖二十六年进士","6","1","7"
"俱礼部尚书东阁大","7","0","7"
"部尚书右副都御史","7","0","7"
"左侍郎东阁大学士","7","0","7"
"万历三十五年进士","4","3","7"
"为少师兼太子太师","0","7","7"
"部尚书兼右副都御","0","7","7"
"以都督佥事的身份","0","7","7"
"任南京兵部右侍郎","0","7","7"
"左侍郎兼东阁大学","0","7","7"
"入阁参与机要事务","0","7","7"
"升为大都督府佥事","0","7","7"
"嵌有花纹的铜质叶","0","7","7"
"有花纹的铜质叶片","0","7","7"
"花纹的铜质叶片装","0","7","7"
"口里衔着珍珠装饰","0","7","7"
"里衔着珍珠装饰的","0","7","7"
"衣领袖端衣边缘饰","0","7","7"
"等人为进士及第以","0","7","7"
"人为进士及第以及","0","7","7"
"为开国辅运推诚宣","0","7","7"
"右佥都御史巡抚山","3","3","6"
"特进金紫光禄大夫","3","3","6"
"十七卫亲军指挥使","3","3","6"
"七卫亲军指挥使司","3","3","6"
"开天行道肇纪立极","3","3","6"
"天行道肇纪立极大","3","3","6"
"行道肇纪立极大圣","3","3","6"
"神仁文义武俊德成","3","3","6"
"仁文义武俊德成功","3","3","6"
"文义武俊德成功高","3","3","6"
"义武俊德成功高皇","3","3","6"
"武俊德成功高皇帝","3","3","6"
"南京兵部尚书吕维","3","3","6"
"京兵部尚书吕维祺","3","3","6"
"嘉靖二十三年进士","4","2","6"
"礼部侍郎郭正域请","3","3","6"
"本生圣母章圣皇太","3","3","6"
"生圣母章圣皇太后","3","3","6"
"奉天靖难推诚宣力","3","3","6"
"天靖难推诚宣力武","3","3","6"
"靖难推诚宣力武臣","3","3","6"
"太子爱猷识理达腊","3","3","6"
"二十五年二月癸亥","3","3","6"
"金吾侍卫亲军都护","3","3","6"
"一百八十零万四千","6","0","6"
"二十三度七十一分","3","3","6"
"总河都御史刘士忠","3","3","6"
"总河都御史潘季驯","3","3","6"
"提升为右副都御史","0","6","6"
"都御史的身份巡抚","0","6","6"
"他的一个儿子做官","0","6","6"
"加封他为太子少保","0","6","6"
"他升任右佥都御史","0","6","6"
"掌管詹事府的事务","0","6","6"
"加封他为太子太保","0","6","6"
"为礼部尚书兼文渊","0","6","6"
"功升至都指挥佥事","0","6","6"
"南京刮大风降大雨","0","6","6"
"用穿青色服饰的甲","0","6","6"
"穿青色服饰的甲士","0","6","6"
"用穿红色服饰的甲","0","6","6"
"穿红色服饰的甲士","0","6","6"
"红色服饰的甲士五","0","6","6"
"有云形图案的小板","0","6","6"
"纹的铜质叶片装钉","0","6","6"
"洪武二十六年制定","0","6","6"
"野鸡羽毛图纹的衣","0","6","6"
"鸡羽毛图纹的衣服","0","6","6"
"色衣领袖端衣边缘","0","6","6"
"宗神牌附祭于太庙","0","6","6"
"这是不足以倚恃的","0","6","6"
"是不足以倚恃的第","0","6","6"
"按照一定的时间开","0","6","6"
"照一定的时间开关","0","6","6"
"施州卫军民指挥使","2","3","5"
"州卫军民指挥使司","2","3","5"
"万历二十六年进士","3","2","5"
"嘉靖三十二年进士","4","1","5"
"嘉靖三十八年进士","5","0","5"
"嘉靖四十四年进士","4","1","5"
"运圣武神功纯仁孝","5","0","5"
"圣武神功纯仁孝文","5","0","5"
"武神功纯仁孝文皇","5","0","5"
"神功纯仁孝文皇帝","5","0","5"
"启天弘道高明肇运","3","2","5"
"天弘道高明肇运圣","3","2","5"
"弘道高明肇运圣武","3","2","5"
"道高明肇运圣武神","3","2","5"
"高明肇运圣武神功","3","2","5"
"明肇运圣武神功纯","3","2","5"
"肇运圣武神功纯仁","3","2","5"
"兵部尚书东阁大学","5","0","5"
"右都御史兵部右侍","5","0","5"
"都御史兵部右侍郎","5","0","5"
"部左侍郎东阁大学","5","0","5"
"武大将军总兵官朱","3","2","5"
"大将军总兵官朱寿","3","2","5"
"老挝军民宣慰使司","3","2","5"
"兵部尚书右都御史","5","0","5"
"留守行后军都督府","3","2","5"
"祭告天地宗庙社稷","1","4","5"
"授开国辅运推诚宣","5","0","5"
"尊崇自己的亲生父","0","5","5"
"崇自己的亲生父母","0","5","5"
"从傅友德征讨云南","0","5","5"
"神功纯仁至孝文皇","0","5","5"
"功纯仁至孝文皇帝","0","5","5"
"亦力把里入朝进贡","0","5","5"
"徐达为征虏大将军","0","5","5"
"以巩固自己的地位","0","5","5"
"魏忠贤于是假传圣","0","5","5"
"忠贤于是假传圣旨","0","5","5"
"带着皇帝的敕谕去","0","5","5"
"右佥都御史的身份","0","5","5"
"荫封他的一个儿子","0","5","5"
"为南京礼部右侍郎","0","5","5"
"被提升为都督佥事","0","5","5"
"兵部尚书兼东阁大","0","5","5"
"给他加官太子太保","0","5","5"
"右都御史兼兵部右","0","5","5"
"都御史兼兵部右侍","0","5","5"
"御史兼兵部右侍郎","0","5","5"
"任南京工部右侍郎","0","5","5"
"部左侍郎兼东阁大","0","5","5"
"皇帝下优诏答复他","0","5","5"
"晋升为礼部右侍郎","0","5","5"
"朝廷推举内阁大臣","0","5","5"
"打败了张士诚的部","0","5","5"
"败了张士诚的部队","0","5","5"
"向朝廷献贡马表示","0","5","5"
"朝廷献贡马表示谢","0","5","5"
"派使者向明朝廷贡","0","5","5"
"使者向明朝廷贡献","0","5","5"
"部尚书兼右都御史","0","5","5"
"兼任武英殿大学士","0","5","5"
"积功升至都指挥佥","0","5","5"
"提升为代理都督佥","0","5","5"
"京运历年常规银二","0","5","5"
"旗用穿红色服饰的","0","5","5"
"青色服饰的甲士五","0","5","5"
"绘有云形图案的小","0","5","5"
"用抹金的嵌有花纹","0","5","5"
"抹金的嵌有花纹的","0","5","5"
"金的嵌有花纹的铜","0","5","5"
"的嵌有花纹的铜质","0","5","5"
"有野鸡羽毛图纹的","0","5","5"
"黑色高帮白色厚底","0","5","5"
"进士及第和其他不","0","5","5"
"士及第和其他不同","0","5","5"
"第以及其他不同出","0","5","5"
"以及其他不同出身","0","5","5"
"部侍郎兼翰林学士","0","5","5"
"授为开国辅运推诚","0","5","5"
"他又随从皇上北征","0","5","5"
"嘉靖二十九年进士","3","1","4"
"嘉靖三十五年进士","4","0","4"
"佥都御史巡抚山东","2","2","4"
"嘉靖四十一年进士","3","1","4"
"治书侍御史文原吉","2","2","4"
"燕山左卫指挥佥事","2","2","4"
"迁南京刑部员外郎","3","1","4"
"宣府总兵官赵国忠","2","2","4"
"体天弘道高明广运","2","2","4"
"天弘道高明广运圣","2","2","4"
"弘道高明广运圣武","2","2","4"
"道高明广运圣武神","2","2","4"
"高明广运圣武神功","2","2","4"
"明广运圣武神功纯","2","2","4"
"广运圣武神功纯仁","2","2","4"
"南京户部尚书郑三","2","2","4"
"京户部尚书郑三俊","2","2","4"
"兵部员外郎杨继盛","2","2","4"
"羽林十七卫亲军指","2","2","4"
"林十七卫亲军指挥","2","2","4"
"亲王护卫指挥使司","2","2","4"
"太祖开天行道肇纪","2","2","4"
"祖开天行道肇纪立","2","2","4"
"圣神文武钦明启运","2","2","4"
"神文武钦明启运俊","2","2","4"
"文武钦明启运俊德","2","2","4"
"武钦明启运俊德成","2","2","4"
"钦明启运俊德成功","2","2","4"
"明启运俊德成功统","2","2","4"
"启运俊德成功统天","2","2","4"
"运俊德成功统天大","2","2","4"
"俊德成功统天大孝","2","2","4"
"德成功统天大孝高","2","2","4"
"成功统天大孝高皇","2","2","4"
"功统天大孝高皇帝","2","2","4"
"巡抚都御史高名衡","2","2","4"
"巡抚保定都御史杨","2","2","4"
"抚保定都御史杨守","2","2","4"
"保定都御史杨守谦","2","2","4"
"左副都御史王志道","2","2","4"
"永宁宣抚司女土官","2","2","4"
"宁宣抚司女土官奢","2","2","4"
"都察院左副都御史","2","2","4"
"举弘治十八年进士","4","0","4"
"南京吏部尚书张治","2","2","4"
"兵部尚书吕维祺等","2","2","4"
"陕西华亭知县徐兆","2","2","4"
"擢南京礼部右侍郎","4","0","4"
"陕西总督郑崇俭率","2","2","4"
"兵部尚书陈新甲下","3","1","4"
"部尚书陈新甲下狱","3","1","4"
"吏部侍郎黄宗载等","2","2","4"
"阁大学士入参机务","4","0","4"
"进兵部右侍郎右佥","4","0","4"
"辽东总兵官李成梁","2","2","4"
"恭睿渊仁宽穆纯圣","2","2","4"
"睿渊仁宽穆纯圣献","2","2","4"
"渊仁宽穆纯圣献皇","2","2","4"
"仁宽穆纯圣献皇帝","2","2","4"
"知天守道洪德渊仁","2","2","4"
"天守道洪德渊仁宽","2","2","4"
"守道洪德渊仁宽穆","2","2","4"
"道洪德渊仁宽穆纯","2","2","4"
"洪德渊仁宽穆纯圣","2","2","4"
"德渊仁宽穆纯圣恭","2","2","4"
"渊仁宽穆纯圣恭俭","2","2","4"
"仁宽穆纯圣恭俭敬","2","2","4"
"宽穆纯圣恭俭敬文","2","2","4"
"穆纯圣恭俭敬文献","2","2","4"
"纯圣恭俭敬文献皇","2","2","4"
"圣恭俭敬文献皇帝","2","2","4"
"中军都督府左都督","2","2","4"
"足失人心致危乱者","4","0","4"
"侍郎赵文华督察军","2","2","4"
"友谅骁将张定边直","3","1","4"
"副将军李文忠北征","2","2","4"
"兵部尚书张经总督","2","2","4"
"部尚书张经总督军","2","2","4"
"尚书张经总督军务","2","2","4"
"总督三边侍郎曾铣","2","2","4"
"文渊阁大学士参预","3","1","4"
"渊阁大学士参预机","3","1","4"
"咸宁伯仇钺提督军","2","2","4"
"宁伯仇钺提督军务","2","2","4"
"兵部尚书右副都御","4","0","4"
"万历二十五年二月","2","2","4"
"二十五年二月壬午","2","2","4"
"四十三年四月壬午","2","2","4"
"二十三年十二月癸","2","2","4"
"崇祯六年五月癸巳","2","2","4"
"奉天承运大明天子","2","2","4"
"天承运大明天子宝","2","2","4"
"户部尚书夏原吉请","2","2","4"
"沙漠遗民三万二千","2","2","4"
"总河都御史翁大立","2","2","4"
"吾侍卫亲军都护府","2","2","4"
"令广东海运二十万","2","2","4"
"广东海运二十万石","2","2","4"
"副都御史鄢懋卿总","2","2","4"
"兵部尚书梁廷栋请","2","2","4"
"嘉靖元年正月丁卯","2","2","4"
"三十四年七月丙戌","2","2","4"
"描金香草板十二片","4","0","4"
"雕木贴金边耀叶板","4","0","4"
"镀金云头连三钗一","2","2","4"
"置大宁都指挥使司","2","2","4"
"上两宫皇太后徽号","2","2","4"
"播州宣慰使杨应龙","2","2","4"
"巡抚都御史张国维","2","2","4"
"山西总兵官许定国","2","2","4"
"参政叶春巡视南畿","2","2","4"
"巡抚四川都御史张","2","2","4"
"江西行省参知政事","2","2","4"
"南京锦衣卫世指挥","2","2","4"
"京锦衣卫世指挥使","2","2","4"
"江西布政司右参政","2","2","4"
"济宁州同知潘叔正","2","2","4"
"仁文德承天顺圣高","2","2","4"
"文德承天顺圣高皇","2","2","4"
"德承天顺圣高皇后","2","2","4"
"孝慈贞化哲顺仁徽","2","2","4"
"慈贞化哲顺仁徽成","2","2","4"
"贞化哲顺仁徽成天","2","2","4"
"化哲顺仁徽成天育","2","2","4"
"哲顺仁徽成天育圣","2","2","4"
"万历二十三年进士","2","2","4"
"劾吏部尚书田唯嘉","2","2","4"
"鲁献公十五年戊寅","2","2","4"
"百二十一度七十五","2","2","4"
"二十一度七十五分","2","2","4"
"百二十三度零六分","2","2","4"
"二十三度零六分二","2","2","4"
"上廉一万四千八百","2","2","4"
"廉一万四千八百二","2","2","4"
"百二十三度零六二","2","2","4"
"二十三度零六二五","2","2","4"
"万四千七百零七度","2","2","4"
"四千七百零七度八","2","2","4"
"余二百四十三度四","2","2","4"
"二百四十三度四九","2","2","4"
"百四十三度四九九","2","2","4"
"置半径六十零度八","4","0","4"
"半径六十零度八十","4","0","4"
"径六十零度八十七","4","0","4"
"六十零度八十七分","4","0","4"
"度八十七分五十秒","2","2","4"
"度一五零七六八六","2","2","4"
"一五零七六八六四","2","2","4"
"五十六度零二八一","2","2","4"
"度八十六分五十三","2","2","4"
"八十六分五十三秒","2","2","4"
"一度零八分六十五","2","2","4"
"度零八分六十五秒","2","2","4"
"二度五十一分八十","2","2","4"
"度五十一分八十一","2","2","4"
"五十一分八十一秒","2","2","4"
"半弧弦二十三度七","2","2","4"
"弧弦二十三度七十","2","2","4"
"弦二十三度七十一","2","2","4"
"十七度二十五分六","1","3","4"
"七度二十五分六十","1","3","4"
"度二十五分六十九","1","3","4"
"二十五分六十九秒","1","3","4"
"三十七年六月辛酉","2","2","4"
"山东副总兵黄荫恩","2","2","4"
"钞一千一百二十五","1","3","4"
"一千一百二十五贯","1","3","4"
"兵部尚书李承勋请","2","2","4"
"这是值得担忧的第","0","4","4"
"嘉靖三十五年的进","0","4","4"
"靖三十五年的进士","0","4","4"
"以右佥都御史身份","0","4","4"
"右佥都御史身份巡","0","4","4"
"佥都御史身份巡抚","0","4","4"
"起用为南京户部尚","0","4","4"
"用为南京户部尚书","0","4","4"
"跟从傅友德征讨云","0","4","4"
"运圣武神功纯仁至","0","4","4"
"圣武神功纯仁至孝","0","4","4"
"武神功纯仁至孝文","0","4","4"
"任司礼监秉笔太监","0","4","4"
"没有汉化的番族人","0","4","4"
"每三年向朝廷进贡","0","4","4"
"一个儿子为锦衣卫","0","4","4"
"皇帝下诏给他们赏","0","4","4"
"帝下诏给他们赏赐","0","4","4"
"佥都御史的身份巡","0","4","4"
"以右佥都御史的身","0","4","4"
"封他的一个儿子做","0","4","4"
"派遣行人护送他回","0","4","4"
"提拔为礼部右侍郎","0","4","4"
"他为礼部尚书兼东","0","4","4"
"世代荫封锦衣指挥","0","4","4"
"又把他们打得大败","0","4","4"
"升为南京户部尚书","0","4","4"
"被提升为右佥都御","0","4","4"
"任礼部尚书兼东阁","0","4","4"
"考中万历四十四年","0","4","4"
"为少保兼太子太保","0","4","4"
"多次上奏请求退休","0","4","4"
"阁大学士参与机要","0","4","4"
"大学士参与机要事","0","4","4"
"学士参与机要事务","0","4","4"
"升为陕西提学副使","0","4","4"
"被赠封为太子少保","0","4","4"
"他被加封为太子少","0","4","4"
"出任南京礼部尚书","0","4","4"
"任南京吏部右侍郎","0","4","4"
"任命为兵部右侍郎","0","4","4"
"晋升为右副都御史","0","4","4"
"任兵部右侍郎兼右","0","4","4"
"接连上奏请求退休","0","4","4"
"为本生皇考恭穆献","0","4","4"
"因为讨论大礼一事","0","4","4"
"足以失去人心而导","0","4","4"
"以失去人心而导致","0","4","4"
"失去人心而导致危","0","4","4"
"去人心而导致危乱","0","4","4"
"人心而导致危乱发","0","4","4"
"心而导致危乱发生","0","4","4"
"年食禄一千五百石","0","4","4"
"打败张士诚的部队","0","4","4"
"受蓝玉党案株连而","0","4","4"
"蓝玉党案株连而死","0","4","4"
"将此情况上报朝廷","0","4","4"
"使者向明朝廷献贡","0","4","4"
"派使者向朝廷进贡","0","4","4"
"朝廷讣告其父的丧","0","4","4"
"廷讣告其父的丧讯","0","4","4"
"贡的使者到达京城","0","4","4"
"将此事上报给朝廷","0","4","4"
"廷献贡马表示谢恩","0","4","4"
"的守卫大臣上奏说","0","4","4"
"承袭宣慰使的职务","0","4","4"
"兵部尚书兼右都御","0","4","4"
"喜欢王守仁的学说","0","4","4"
"加盖玉玺的诏书奖","0","4","4"
"盖玉玺的诏书奖励","0","4","4"
"办理都察院的事务","0","4","4"
"兵部尚书兼右副都","0","4","4"
"进升为代理都指挥","0","4","4"
"被提升为代理都督","0","4","4"
"被提升为代理都指","0","4","4"
"提升为代理都指挥","0","4","4"
"提升为左副都御史","0","4","4"
"接引宾客的人出来","0","4","4"
"接引宾客的人进入","0","4","4"
"引宾客的人进入报","0","4","4"
"宾客的人进入报告","0","4","4"
"举行列班进名奉慰","0","4","4"
"行列班进名奉慰礼","0","4","4"
"在奉天门处理政事","0","4","4"
"驾临西角门处理政","0","4","4"
"临西角门处理政事","0","4","4"
"次还祭于殡宫的虞","0","4","4"
"还祭于殡宫的虞祭","0","4","4"
"祭于殡宫的虞祭礼","0","4","4"
"每年纳入太仓余盐","0","4","4"
"年纳入太仓余盐银","0","4","4"
"咫尺之内分不清人","0","4","4"
"旗用穿青色服饰的","0","4","4"
"顶加上圆盘高二尺","0","4","4"
"翡翠云片二十四片","0","4","4"
"角质材料装饰的带","0","4","4"
"色高帮白色厚底的","0","4","4"
"等人以进士及第和","0","4","4"
"人以进士及第和其","0","4","4"
"以进士及第和其他","0","4","4"
"及第和其他不同的","0","4","4"
"第和其他不同的出","0","4","4"
"和其他不同的出身","0","4","4"
"礼部尚书兼任东阁","0","4","4"
"部尚书兼任东阁大","0","4","4"
"尚书兼任东阁大学","0","4","4"
"书兼任东阁大学士","0","4","4"
"等进士及第及不同","0","4","4"
"入文渊阁参与机要","0","4","4"
"被授为开国辅运推","0","4","4"
"食禄为一千五百石","0","4","4"
"提拔他为右佥都御","0","4","4"
"拔他为右佥都御史","0","4","4"
"皇帝认为他说得对","0","4","4"
"没有出嫁的女儿服","0","4","4"
"有出嫁的女儿服丧","0","4","4"
"兄弟的没有出嫁的","0","4","4"
"作别人的后嗣的人","0","4","4"
"兄弟以及没有出嫁","0","4","4"
"弟以及没有出嫁的","0","4","4"
"兄弟的儿子的媳妇","0","4","4"
"为丈夫的同祖兄弟","0","4","4"
"按礼仪赞唱行拜礼","0","4","4"
"秋雨季的第二个月","0","4","4"
"京城两次发生地震","0","4","4"
"汇合卫河流入大海","0","4","4"
"轮班调到京城的军","0","4","4"
"班调到京城的军队","0","4","4"
"仙法主玄元道德哲","2","1","3"
"法主玄元道德哲慧","2","1","3"
"主玄元道德哲慧圣","2","1","3"
"置施州卫军民指挥","2","1","3"
"年右佥都御史巡抚","3","0","3"
"改称兴献王皇叔父","2","1","3"
"左侍郎右佥都御史","3","0","3"
"置亲王护卫指挥使","2","1","3"
"佥都御史高明考察","2","1","3"
"等处地方提督军务","2","1","3"
"处地方提督军务一","2","1","3"
"地方提督军务一员","2","1","3"
"道肇纪立极大圣神","3","0","3"
"肇纪立极大圣神仁","3","0","3"
"纪立极大圣神仁文","3","0","3"
"立极大圣神仁文义","3","0","3"
"极大圣神仁文义武","3","0","3"
"大圣神仁文义武俊","3","0","3"
"圣神仁文义武俊德","3","0","3"
"十三年春正月癸卯","2","1","3"
"成祖启天弘道高明","2","1","3"
"祖启天弘道高明肇","2","1","3"
"大学士申时行等言","3","0","3"
"平龙溪等三十七寨","2","1","3"
"副都御史巡抚辽东","2","1","3"
"称威武大将军朱寿","2","1","3"
"提督赞画机密军务","2","1","3"
"特进光禄大夫柱国","2","1","3"
"永顺等处军民宣慰","1","2","3"
"顺等处军民宣慰使","1","2","3"
"等处军民宣慰使司","1","2","3"
"擢应龙通政司参议","3","0","3"
"世荫锦衣指挥佥事","3","0","3"
"累加少师太子太师","3","0","3"
"锦衣卫都指挥佥事","1","2","3"
"右佥都御史巡抚湖","3","0","3"
"佥都御史巡抚湖广","3","0","3"
"劾魏忠贤二十四大","2","1","3"
"魏忠贤二十四大罪","2","1","3"
"举万历四十七年进","3","0","3"
"举万历三十八年进","3","0","3"
"擢南京兵部右侍郎","3","0","3"
"遣吏部侍郎黄宗载","2","1","3"
"侍郎黄宗载等十五","1","2","3"
"郎黄宗载等十五人","1","2","3"
"兵部右侍郎右副都","3","0","3"
"部右侍郎右副都御","3","0","3"
"右侍郎右副都御史","3","0","3"
"迁南京工部右侍郎","3","0","3"
"吏部左侍郎东阁大","3","0","3"
"部尚书武英殿大学","3","0","3"
"尚书武英殿大学士","3","0","3"
"尊皇后曰仁圣皇太","3","0","3"
"皇后曰仁圣皇太后","3","0","3"
"贵妃曰慈圣皇太后","3","0","3"
"大学士高拱掌吏部","3","0","3"
"进右都御史兵部右","3","0","3"
"屯盐都御史庞尚鹏","2","1","3"
"迁南京吏部右侍郎","3","0","3"
"二年擢礼部右侍郎","3","0","3"
"右副都御史巡抚地","3","0","3"
"成化二十三年进士","2","1","3"
"化二十三年进士第","2","1","3"
"礼部尚书掌詹事府","2","1","3"
"东安门入居文华殿","2","1","3"
"吏部尚书文渊阁大","3","0","3"
"文渊阁大学士入参","3","0","3"
"渊阁大学士入参机","3","0","3"
"授奉天靖难推诚宣","3","0","3"
"颍川侯傅友德征云","3","0","3"
"川侯傅友德征云南","3","0","3"
"侍郎华盖殿大学士","3","0","3"
"劾吏部尚书廖纪引","2","1","3"
"佥都御史巡抚云南","2","1","3"
"嘉兴人沈惟敬应募","2","1","3"
"云远路军民总管府","1","2","3"
"安南国安南都统使","3","0","3"
"南国安南都统使司","3","0","3"
"天津巡抚万世德代","2","1","3"
"阁大学士参预机务","3","0","3"
"武英殿大学士入参","3","0","3"
"英殿大学士入参机","3","0","3"
"殿大学士入参机务","3","0","3"
"尚书张本镇抚乐安","1","2","3"
"成化二十一年正月","1","2","3"
"正德元年三月戊申","2","1","3"
"官庄田三百三十二","1","2","3"
"设北京留守行后军","2","1","3"
"北京留守行后军都","2","1","3"
"京留守行后军都督","2","1","3"
"嘉靖四十二年四月","1","2","3"
"北方黑气东西亘天","3","0","3"
"轴中缠黄绒驾辕诸","3","0","3"
"中缠黄绒驾辕诸索","3","0","3"
"沉香色描金香草板","3","0","3"
"香色描金香草板十","3","0","3"
"色描金香草板十二","3","0","3"
"俱抹金铜鈒花叶片","3","0","3"
"左右转角阑干二扇","3","0","3"
"上雕木贴金边耀叶","3","0","3"
"上施蹙金绣云霞翟","3","0","3"
"施蹙金绣云霞翟文","3","0","3"
"横竖襕绣缠枝花文","3","0","3"
"翠牡丹叶一十八片","3","0","3"
"绢彩画胸背方花小","2","1","3"
"彩画胸背方花小袖","2","1","3"
"画胸背方花小袖单","2","1","3"
"胸背方花小袖单袍","2","1","3"
"洪武二十六年定制","3","0","3"
"将张定边直犯太祖","3","0","3"
"张定边直犯太祖舟","3","0","3"
"皇太后天寿山谒陵","3","0","3"
"总督军务兵部尚书","2","1","3"
"礼部侍郎翰林学士","3","0","3"
"大学士李东阳祭告","2","1","3"
"总督陕西三边侍郎","2","1","3"
"称总督军务威武大","2","1","3"
"斩首三万七千余级","2","1","3"
"永兴卫亲军指挥使","1","2","3"
"二十三年坐胡惟庸","3","0","3"
"十三年坐胡惟庸党","3","0","3"
"论功授开国辅运推","3","0","3"
"功授开国辅运推诚","3","0","3"
"王通佩征夷将军印","1","2","3"
"授锦衣卫指挥同知","2","1","3"
"副将孙枝秀跃马追","2","1","3"
"南京太仆卿沈思孝","2","1","3"
"文选员外郎吕胤昌","1","2","3"
"吏部侍郎杨时乔请","2","1","3"
"景明上书吏部尚书","1","2","3"
"万历二十八年乡试","1","2","3"
"袭锦衣卫指挥佥事","1","2","3"
"万历三十二年进士","2","1","3"
"擢兵部右侍郎右佥","3","0","3"
"万历二十九年进士","1","2","3"
"献公十五年戊寅岁","2","1","3"
"三百六十五度四分","2","1","3"
"大西洋人利玛窦进","1","2","3"
"教坊司设中韶乐殿","3","0","3"
"兵部尚书参赞机务","2","1","3"
"宗祀文王明堂配上","3","0","3"
"祀文王明堂配上帝","3","0","3"
"一百二十一度七十","1","2","3"
"赤道大股五十六度","2","1","3"
"道大股五十六度零","2","1","3"
"大股五十六度零二","2","1","3"
"十三度零六分二十","1","2","3"
"三度零六分二十五","1","2","3"
"度零六分二十五秒","1","2","3"
"赤道大弦六十零度","3","0","3"
"道大弦六十零度八","3","0","3"
"大弦六十零度八七","3","0","3"
"弦六十零度八七五","3","0","3"
"径一百二十一度七","1","2","3"
"赤道小股五十六度","2","1","3"
"道小股五十六度零","2","1","3"
"特设户部侍郎一人","2","1","3"
"五军营叉刀围子手","2","1","3"
"增筑雄县横堤八里","2","1","3"
"皇帝命令有关部门","0","3","3"
"帝采纳了他的意见","0","3","3"
"诏令他乘驿车回乡","0","3","3"
"没有听从他的意见","0","3","3"
"以右佥都御史巡抚","0","3","3"
"充任宣府游击将军","0","3","3"
"嘉靖三十二年的进","0","3","3"
"靖三十二年的进士","0","3","3"
"嘉靖三十八年的进","0","3","3"
"靖三十八年的进士","0","3","3"
"嘉靖四十四年的进","0","3","3"
"靖四十四年的进士","0","3","3"
"嘉靖二十六年的进","0","3","3"
"靖二十六年的进士","0","3","3"
"少詹事兼侍读学士","0","3","3"
"万历十一年的进士","0","3","3"
"称兴献王为皇叔父","0","3","3"
"洪武十八年中进士","0","3","3"
"任南京国子监司业","0","3","3"
"左侍郎兼右佥都御","0","3","3"
"为特进金紫光禄大","0","3","3"
"十四年六月丙辰日","0","3","3"
"道肇纪立极大圣至","0","3","3"
"肇纪立极大圣至神","0","3","3"
"纪立极大圣至神仁","0","3","3"
"立极大圣至神仁文","0","3","3"
"极大圣至神仁文义","0","3","3"
"大圣至神仁文义武","0","3","3"
"圣至神仁文义武俊","0","3","3"
"至神仁文义武俊德","0","3","3"
"撒马儿罕来朝进贡","0","3","3"
"因为弹劾张居正被","0","3","3"
"为锦衣卫指挥佥事","0","3","3"
"杨涟弹劾魏忠贤的","0","3","3"
"请求朝廷允许他们","0","3","3"
"地区没有汉化的番","0","3","3"
"区没有汉化的番族","0","3","3"
"允许他继承其父的","0","3","3"
"大学士杨一清等人","0","3","3"
"儿子为锦衣卫千户","0","3","3"
"加封为少保兼太子","0","3","3"
"封为少保兼太子太","0","3","3"
"向朝廷进献马匹和","0","3","3"
"朝廷进献马匹和土","0","3","3"
"廷进献马匹和土产","0","3","3"
"彭世麒向朝廷进献","0","3","3"
"中弘治十八年进士","0","3","3"
"礼部尚书兼翰林学","0","3","3"
"部尚书兼翰林学士","0","3","3"
"加封为少师兼太子","0","3","3"
"封为少师兼太子太","0","3","3"
"为兵部添注右侍郎","0","3","3"
"不久升任礼部右侍","0","3","3"
"久升任礼部右侍郎","0","3","3"
"以总兵官的身份镇","0","3","3"
"总兵官的身份镇守","0","3","3"
"提升代理都督同知","0","3","3"
"晋升为兵部右侍郎","0","3","3"
"起用为南京吏部尚","0","3","3"
"用为南京吏部尚书","0","3","3"
"以右副都御史的身","0","3","3"
"右副都御史的身份","0","3","3"
"大学士申时行等人","0","3","3"
"封少保兼太子太保","0","3","3"
"亲自率领精锐部队","0","3","3"
"都督佥事的身份充","0","3","3"
"督佥事的身份充任","0","3","3"
"京师受到很大震动","0","3","3"
"山把贼兵打得大败","0","3","3"
"追赠他为太子太保","0","3","3"
"为兵部尚书兼东阁","0","3","3"
"有见机行事的权力","0","3","3"
"考中万历四十七年","0","3","3"
"提升为吏部右侍郎","0","3","3"
"都采纳了他的意见","0","3","3"
"不久提升为右佥都","0","3","3"
"久提升为右佥都御","0","3","3"
"随大将军徐达北征","0","3","3"
"为右都御史兼兵部","0","3","3"
"可是已经有人议论","0","3","3"
"兵部右侍郎兼右副","0","3","3"
"部右侍郎兼右副都","0","3","3"
"右侍郎兼右副都御","0","3","3"
"侍郎兼右副都御史","0","3","3"
"荫封子孙世袭锦衣","0","3","3"
"升为山东右布政使","0","3","3"
"调任南京工部右侍","0","3","3"
"都听从了他的意见","0","3","3"
"礼部右侍郎兼翰林","0","3","3"
"吏部左侍郎兼东阁","0","3","3"
"部尚书兼武英殿大","0","3","3"
"尚书兼武英殿大学","0","3","3"
"书兼武英殿大学士","0","3","3"
"贵妃为慈圣皇太后","0","3","3"
"多次上书请求退休","0","3","3"
"奏请增设内阁大臣","0","3","3"
"升为礼部尚书兼东","0","3","3"
"东阁大学士参与机","0","3","3"
"南京翰林院的事务","0","3","3"
"升他为兵部右侍郎","0","3","3"
"他升任右副都御史","0","3","3"
"被任命为南京刑部","0","3","3"
"被提升为右副都御","0","3","3"
"升为少傅兼太子太","0","3","3"
"升为南京礼部尚书","0","3","3"
"任命为礼部右侍郎","0","3","3"
"他出任南京礼部尚","0","3","3"
"部侍郎郭正域请求","0","3","3"
"诏令加封他为太子","0","3","3"
"皇帝召见并任命他","0","3","3"
"帝召见并任命他为","0","3","3"
"任命他为礼部尚书","0","3","3"
"被任命为礼部尚书","0","3","3"
"任命为礼部尚书兼","0","3","3"
"命为礼部尚书兼东","0","3","3"
"升任兵部右侍郎兼","0","3","3"
"升为兵部右侍郎兼","0","3","3"
"出任南京工部尚书","0","3","3"
"令加封他为太子太","0","3","3"
"升任南京右都御史","0","3","3"
"负责翰林院的事务","0","3","3"
"阁大学士的身份入","0","3","3"
"采纳了他们的意见","0","3","3"
"严嵩的儿子严世蕃","0","3","3"
"任南京国子监祭酒","0","3","3"
"荫封子孙为世袭锦","0","3","3"
"封子孙为世袭锦衣","0","3","3"
"大礼的争论开始后","0","3","3"
"吏部左侍郎兼学士","0","3","3"
"升为左春坊大学士","0","3","3"
"了少傅兼太子太傅","0","3","3"
"吏部尚书兼文渊阁","0","3","3"
"大学士的身份入内","0","3","3"
"学士的身份入内阁","0","3","3"
"士的身份入内阁参","0","3","3"
"的身份入内阁参与","0","3","3"
"不久加封为太子少","0","3","3"
"免除他家的赋税徭","0","3","3"
"除他家的赋税徭役","0","3","3"
"李景隆代替耿炳文","0","3","3"
"升为右军都督佥事","0","3","3"
"被投进锦衣卫监狱","0","3","3"
"侍郎兼华盖殿大学","0","3","3"
"郎兼华盖殿大学士","0","3","3"
"都御史的官职巡抚","0","3","3"
"将他下诏狱进行拷","0","3","3"
"让他的儿子严世蕃","0","3","3"
"在朝廷上用杖拷打","0","3","3"
"为右佥都御史代替","0","3","3"
"这是不必疑虑的第","0","3","3"
"就不是因为仇恨了","0","3","3"
"提升为大都督府佥","0","3","3"
"晋升为佥枢密院事","0","3","3"
"被任命为兵部尚书","0","3","3"
"请求朝廷派兵进剿","0","3","3"
"拒绝了他们的贡品","0","3","3"
"朝廷祝贺册立皇太","0","3","3"
"廷祝贺册立皇太子","0","3","3"
"派使者向朝廷贡献","0","3","3"
"大臣将此上报朝廷","0","3","3"
"派使者向明朝廷献","0","3","3"
"派使者向朝廷谢罪","0","3","3"
"告其父去世的消息","0","3","3"
"请求朝廷允许他继","0","3","3"
"求朝廷允许他继承","0","3","3"
"献贡的使者到达京","0","3","3"
"来京城向朝廷献贡","0","3","3"
"土鲁番的献贡使者","0","3","3"
"允许他们向朝廷献","0","3","3"
"许他们向朝廷献贡","0","3","3"
"向朝廷献贡的使者","0","3","3"
"归还所侵占的土地","0","3","3"
"明成祖即皇帝位后","0","3","3"
"派人向朝廷献贡物","0","3","3"
"袭击并杀死了阿鲁","0","3","3"
"击并杀死了阿鲁台","0","3","3"
"又过了一年的春天","0","3","3"
"朝廷大臣讨论后认","0","3","3"
"廷大臣讨论后认为","0","3","3"
"派使者到京城向皇","0","3","3"
"安南国王陈日火奎","0","3","3"
"辛肫的儿子辛礻禺","0","3","3"
"皇帝给他赐封谥号","0","3","3"
"帝给他赐封谥号为","0","3","3"
"用加盖玉玺的诏书","0","3","3"
"为少詹事兼侍讲学","0","3","3"
"少詹事兼侍讲学士","0","3","3"
"不喜欢王守仁的学","0","3","3"
"又升为右佥都御史","0","3","3"
"他进升为都指挥同","0","3","3"
"进升为代理都督佥","0","3","3"
"他被提升为代理都","0","3","3"
"不久加封太子太保","0","3","3"
"官员祭告天地宗庙","0","3","3"
"引宾客的人出来报","0","3","3"
"宾客的人出来报告","0","3","3"
"引进官引导皇太子","0","3","3"
"以及受封号的妇女","0","3","3"
"祭告祝文焚烧黄纸","0","3","3"
"十三年四月壬午日","0","3","3"
"十五年二月癸亥日","0","3","3"
"久降雨水伤害庄稼","0","3","3"
"长久降雨伤害庄稼","0","3","3"
"封的那一天作为开","0","3","3"
"的那一天作为开始","0","3","3"
"运历年常规银二十","0","3","3"
"京运历年常规银三","0","3","3"
"取得正式军籍的军","0","3","3"
"得正式军籍的军人","0","3","3"
"每石每年征平米一","0","3","3"
"石每年征平米一石","0","3","3"
"山束发生旱灾和蝗","0","3","3"
"束发生旱灾和蝗灾","0","3","3"
"每面旗用穿红色服","0","3","3"
"面旗用穿红色服饰","0","3","3"
"每面旗用甲士五人","0","3","3"
"每面旗用穿青色服","0","3","3"
"面旗用穿青色服饰","0","3","3"
"个和露在外面的短","0","3","3"
"和露在外面的短柱","0","3","3"
"雕刻了涂有金粉的","0","3","3"
"云形图案的小板跟","0","3","3"
"形图案的小板跟它","0","3","3"
"红色有花纹的丝织","0","3","3"
"用黄色的有花纹的","0","3","3"
"青色有花纹的丝织","0","3","3"
"色的有花纹的丝织","0","3","3"
"的有花纹的丝织品","0","3","3"
"有花纹的丝织品覆","0","3","3"
"花纹的丝织品覆盖","0","3","3"
"有花纹的丝织品三","0","3","3"
"花纹的丝织品三层","0","3","3"
"五彩云图案的木板","0","3","3"
"有红花图案的毯子","0","3","3"
"杂绘有五彩云图案","0","3","3"
"绘有五彩云图案的","0","3","3"
"有五彩云图案的衬","0","3","3"
"五彩云图案的衬板","0","3","3"
"下面系结青色的丝","0","3","3"
"面系结青色的丝织","0","3","3"
"不入品级的其它官","0","3","3"
"品官用多种色彩的","0","3","3"
"官用多种色彩的文","0","3","3"
"用多种色彩的文绮","0","3","3"
"绣有野鸡羽毛图纹","0","3","3"
"角质材料装饰的衣","0","3","3"
"质材料装饰的衣带","0","3","3"
"金云头连三钗一枝","0","3","3"
"珍珠牡丹开头两个","0","3","3"
"洪武三年规定制度","0","3","3"
"红色绫罗嵌金线的","0","3","3"
"云头黑色高帮白色","0","3","3"
"头黑色高帮白色厚","0","3","3"
"高帮白色厚底的靴","0","3","3"
"帮白色厚底的靴子","0","3","3"
"红色生绢锦领裹衣","0","3","3"
"用金粉描绘的蝉形","0","3","3"
"本色衣领袖端衣边","0","3","3"
"红色衣领袖端衣边","0","3","3"
"与下裳的颜色相同","0","3","3"
"如同礼冠服饰内制","0","3","3"
"用红色绫罗嵌有金","0","3","3"
"红色绫罗嵌有金线","0","3","3"
"色绫罗嵌有金线的","0","3","3"
"年春正月二十一日","0","3","3"
"十一年正月十三日","0","3","3"
"等人进士及第以及","0","3","3"
"人进士及第以及其","0","3","3"
"被封为征虏大将军","0","3","3"
"傅友德为征南将军","0","3","3"
"等人以进士及第等","0","3","3"
"人以进士及第等不","0","3","3"
"以进士及第等不同","0","3","3"
"下诏施行宽大政策","0","3","3"
"梁王把匝剌瓦尔密","0","3","3"
"年春正月二十六日","0","3","3"
"命令群臣修身反省","0","3","3"
"进士及第及不同的","0","3","3"
"士及第及不同的出","0","3","3"
"及第及不同的出身","0","3","3"
"在奉天殿即皇帝位","0","3","3"
"皇太后为太皇太后","0","3","3"
"子朱见深为皇太子","0","3","3"
"为礼部侍郎兼翰林","0","3","3"
"礼部侍郎兼翰林学","0","3","3"
"在京师南郊大祭天","0","3","3"
"京师南郊大祭天地","0","3","3"
"免明年上元节灯火","0","3","3"
"累升为都指挥同知","0","3","3"
"晋升为大都督府佥","0","3","3"
"与大将军徐达一起","0","3","3"
"他被加封为太子太","0","3","3"
"他在驻镇之地去世","0","3","3"
"侍郎兼任右佥都御","0","3","3"
"郎兼任右佥都御史","0","3","3"
"潘季驯任右都御史","0","3","3"
"巡抚以下分别操练","0","3","3"
"这是微臣不理解之","0","3","3"
"庄烈帝在平台召见","0","3","3"
"的元气受到了伤害","0","3","3"
"一年长度消长的办","0","3","3"
"年长度消长的办法","0","3","3"
"东西南北高下的差","0","3","3"
"西南北高下的差异","0","3","3"
"圜丘祭祀昊天上帝","0","3","3"
"如同前面所述仪节","0","3","3"
"助举行仪式的僎宾","0","3","3"
"趋向右边让路而行","0","3","3"
"文武官员陪伴祭祀","0","3","3"
"而经过加工的布制","0","3","3"
"经过加工的布制成","0","3","3"
"长子以及长子以外","0","3","3"
"子以及长子以外的","0","3","3"
"以及长子以外的儿","0","3","3"
"及长子以外的儿子","0","3","3"
"别人的后嗣的人为","0","3","3"
"没有出嫁的堂祖姑","0","3","3"
"祖姑以及没有出嫁","0","3","3"
"姑以及没有出嫁的","0","3","3"
"丈夫的同祖兄弟的","0","3","3"
"春秋雨季的第二个","0","3","3"
"早晨祭日晚上祭月","0","3","3"
"临时休息的大帐篷","0","3","3"
"听从礼部尚书崔亮","0","3","3"
"供奉安放在坛座上","0","3","3"
"冬至夏至黄道赤道","0","3","3"
"直径一百二十一度","0","3","3"
"得一百八十万四千","0","3","3"
"半径六十度八十七","0","3","3"
"径六十度八十七分","0","3","3"
"六十度八七五作为","0","3","3"
"天圆半径六十度八","0","3","3"
"距离赤道的内外度","0","3","3"
"后黄道四十四度时","0","3","3"
"降交点距离黄道赤","0","3","3"
"交点距离黄道赤道","0","3","3"
"点距离黄道赤道降","0","3","3"
"距离黄道赤道降交","0","3","3"
"离黄道赤道降交点","0","3","3"
"黄道赤道降交点的","0","3","3"
"河南遭受严重饥荒","0","3","3"
"在没有汇合之前减","0","3","3"
"没有汇合之前减缓","0","3","3"
"有汇合之前减缓水","0","3","3"
"汇合之前减缓水势","0","3","3"
"导引沁水流入卫河","0","3","3"
"部分赎金全部抵销","0","3","3"
"留守署正朱国相等","1","1","2"
"守署正朱国相等皆","1","1","2"
"署正朱国相等皆战","1","1","2"
"正朱国相等皆战死","1","1","2"
"号奉天倡义大元帅","1","1","2"
"代天抚民威德大将","1","1","2"
"天抚民威德大将军","1","1","2"
"南京兵部尚书范景","1","1","2"
"京兵部尚书范景文","1","1","2"
"操江都御史黄道直","1","1","2"
"总兵官杨御蕃分汛","1","1","2"
"设六部五军都督府","1","1","2"
"六部五军都督府等","1","1","2"
"部五军都督府等官","1","1","2"
"浙江巡抚潘汝桢奏","1","1","2"
"江巡抚潘汝桢奏请","1","1","2"
"广善普慧弘度妙应","1","1","2"
"善普慧弘度妙应掌","1","1","2"
"普慧弘度妙应掌教","1","1","2"
"慧弘度妙应掌教翊","1","1","2"
"弘度妙应掌教翊国","1","1","2"
"度妙应掌教翊国正","1","1","2"
"妙应掌教翊国正觉","1","1","2"
"应掌教翊国正觉大","1","1","2"
"掌教翊国正觉大济","1","1","2"
"教翊国正觉大济法","1","1","2"
"翊国正觉大济法王","1","1","2"
"国正觉大济法王西","1","1","2"
"正觉大济法王西天","1","1","2"
"觉大济法王西天圆","1","1","2"
"大济法王西天圆智","1","1","2"
"济法王西天圆智大","1","1","2"
"法王西天圆智大慈","1","1","2"
"王西天圆智大慈悲","1","1","2"
"西天圆智大慈悲佛","1","1","2"
"号三天金阙上玉堂","2","0","2"
"玄元道德哲慧圣尊","1","1","2"
"元道德哲慧圣尊开","1","1","2"
"道德哲慧圣尊开真","1","1","2"
"德哲慧圣尊开真仁","1","1","2"
"哲慧圣尊开真仁化","1","1","2"
"慧圣尊开真仁化大","1","1","2"
"圣尊开真仁化大帝","1","1","2"
"上玉堂总仙法主玄","1","1","2"
"玉堂总仙法主玄元","1","1","2"
"堂总仙法主玄元道","1","1","2"
"总仙法主玄元道德","1","1","2"
"玄元道德哲慧圣母","1","1","2"
"元道德哲慧圣母天","1","1","2"
"道德哲慧圣母天后","1","1","2"
"德哲慧圣母天后掌","1","1","2"
"哲慧圣母天后掌仙","1","1","2"
"慧圣母天后掌仙妙","1","1","2"
"圣母天后掌仙妙化","1","1","2"
"母天后掌仙妙化元","1","1","2"
"天后掌仙妙化元君","1","1","2"
"号灵霄上清统雷元","1","1","2"
"灵霄上清统雷元阳","1","1","2"
"霄上清统雷元阳妙","1","1","2"
"上清统雷元阳妙一","1","1","2"
"清统雷元阳妙一飞","1","1","2"
"统雷元阳妙一飞玄","1","1","2"
"加号九天弘教普济","1","1","2"
"号九天弘教普济生","1","1","2"
"九天弘教普济生灵","1","1","2"
"天弘教普济生灵掌","1","1","2"
"弘教普济生灵掌阴","1","1","2"
"教普济生灵掌阴阳","1","1","2"
"普济生灵掌阴阳功","1","1","2"
"济生灵掌阴阳功过","1","1","2"
"生灵掌阴阳功过大","1","1","2"
"灵掌阴阳功过大道","1","1","2"
"掌阴阳功过大道思","1","1","2"
"阴阳功过大道思仁","1","1","2"
"阳功过大道思仁紫","1","1","2"
"功过大道思仁紫极","1","1","2"
"过大道思仁紫极仙","1","1","2"
"大道思仁紫极仙翁","1","1","2"
"道思仁紫极仙翁一","1","1","2"
"思仁紫极仙翁一阳","1","1","2"
"仁紫极仙翁一阳真","1","1","2"
"紫极仙翁一阳真人","1","1","2"
"极仙翁一阳真人元","1","1","2"
"仙翁一阳真人元虚","1","1","2"
"翁一阳真人元虚玄","1","1","2"
"一阳真人元虚玄应","1","1","2"
"阳真人元虚玄应开","1","1","2"
"真人元虚玄应开化","1","1","2"
"人元虚玄应开化伏","1","1","2"
"元虚玄应开化伏魔","1","1","2"
"罗天仙紫极长生圣","1","1","2"
"天仙紫极长生圣智","1","1","2"
"仙紫极长生圣智昭","1","1","2"
"紫极长生圣智昭灵","1","1","2"
"极长生圣智昭灵统","1","1","2"
"长生圣智昭灵统元","1","1","2"
"生圣智昭灵统元证","1","1","2"
"圣智昭灵统元证应","1","1","2"
"智昭灵统元证应玉","1","1","2"
"昭灵统元证应玉虚","1","1","2"
"灵统元证应玉虚总","1","1","2"
"统元证应玉虚总掌","1","1","2"
"元证应玉虚总掌五","1","1","2"
"证应玉虚总掌五雷","1","1","2"
"应玉虚总掌五雷大","1","1","2"
"玉虚总掌五雷大真","1","1","2"
"虚总掌五雷大真人","1","1","2"
"总掌五雷大真人玄","1","1","2"
"掌五雷大真人玄都","1","1","2"
"五雷大真人玄都境","1","1","2"
"雷大真人玄都境万","1","1","2"
"大真人玄都境万寿","1","1","2"
"真人玄都境万寿帝","1","1","2"
"人玄都境万寿帝君","1","1","2"
"洪武十四年改置施","1","1","2"
"武十四年改置施州","1","1","2"
"十四年改置施州卫","1","1","2"
"四年改置施州卫军","1","1","2"
"年改置施州卫军民","1","1","2"
"改置施州卫军民指","1","1","2"
"前山东按察使佥事","1","1","2"
"山东按察使佥事雷","1","1","2"
"巡抚尚书李精白等","1","1","2"
"抚尚书李精白等一","1","1","2"
"尚书李精白等一百","1","1","2"
"书李精白等一百二","1","1","2"
"李精白等一百二十","1","1","2"
"精白等一百二十九","1","1","2"
"白等一百二十九人","1","1","2"
"佥都御史巡抚山西","1","1","2"
"南京兵部郎中钱策","1","1","2"
"督师杨嗣昌遣监军","1","1","2"
"师杨嗣昌遣监军佥","1","1","2"
"杨嗣昌遣监军佥事","1","1","2"
"嗣昌遣监军佥事杨","1","1","2"
"昌遣监军佥事杨卓","1","1","2"
"遣监军佥事杨卓然","1","1","2"
"督臣洪承畴孤军远","1","1","2"
"称天下兵马副元帅","1","1","2"
"吏部员外郎宋企郊","1","1","2"
"山西提学参议黎志","1","1","2"
"西提学参议黎志升","1","1","2"
"潼关道佥事杨王休","1","1","2"
"翰林院检讨刘世芳","1","1","2"
"翰林院检讨梁兆阳","1","1","2"
"吏部员外郎郭万象","1","1","2"
"通政司参议宋学显","1","1","2"
"推官署府事吴国球","1","1","2"
"浙江总兵官董一奎","1","1","2"
"四川巡抚乔璧星锐","1","1","2"
"二年右佥都御史巡","2","0","2"
"累加少傅太子太傅","2","0","2"
"王皇叔父兴献大王","2","0","2"
"中书平章录军国重","1","1","2"
"书平章录军国重事","1","1","2"
"平章录军国重事常","1","1","2"
"章录军国重事常遇","1","1","2"
"录军国重事常遇春","1","1","2"
"中书平章政事胡廷","1","1","2"
"同知大都督康茂才","1","1","2"
"大都督府副使顾时","1","1","2"
"孙兴祖同知左右率","1","1","2"
"兴祖同知左右率府","1","1","2"
"祖同知左右率府事","1","1","2"
"佥大都督府事吴桢","1","1","2"
"燕府护卫百户倪谅","1","1","2"
"府护卫百户倪谅上","1","1","2"
"推诚辅国协谋宣力","1","1","2"
"诚辅国协谋宣力文","1","1","2"
"辅国协谋宣力文臣","1","1","2"
"福佩征虏大将军印","1","1","2"
"同工部尚书严震直","1","1","2"
"工部尚书严震直等","1","1","2"
"同新昌伯唐云经理","1","1","2"
"新昌伯唐云经理北","1","1","2"
"昌伯唐云经理北平","1","1","2"
"永乐二年册立皇太","1","1","2"
"乐二年册立皇太子","1","1","2"
"兵部尚书参赞军务","1","1","2"
"工部尚书赵璜廉介","1","1","2"
"右侍郎朱廷声笃实","1","1","2"
"经征两广狼土兵听","1","1","2"
"父荫累官大同参将","1","1","2"
"原官总督陕西三边","1","1","2"
"官总督陕西三边军","1","1","2"
"诸巡抚延绥张问行","1","1","2"
"累官山西左布政使","1","1","2"
"筑张家湾大小二堡","1","1","2"
"副总兵蒋承勋战死","1","1","2"
"正德十二年成进士","2","0","2"
"十四年傅友德征云","2","0","2"
"四年傅友德征云南","2","0","2"
"若楚国公臣永安等","1","1","2"
"加赠开国辅运推诚","1","1","2"
"赠开国辅运推诚宣","1","1","2"
"知府姚善倡义勤王","1","1","2"
"大都督府都督佥事","1","1","2"
"一时郡邑良吏雷州","1","1","2"
"时郡邑良吏雷州同","1","1","2"
"郡邑良吏雷州同知","1","1","2"
"邑良吏雷州同知余","1","1","2"
"良吏雷州同知余骐","1","1","2"
"吏雷州同知余骐孙","1","1","2"
"元谋土知州吾必奎","1","1","2"
"谋土知州吾必奎叛","1","1","2"
"置云南洱海卫指挥","1","1","2"
"云南洱海卫指挥使","1","1","2"
"南洱海卫指挥使司","1","1","2"
"宣德侯金朝兴分道","1","1","2"
"曲靖宣慰司征行元","1","1","2"
"靖宣慰司征行元帅","1","1","2"
"宣慰司征行元帅张","1","1","2"
"慰司征行元帅张麟","1","1","2"
"罗雄州营长发束等","1","1","2"
"旧臣吕大器等共推","1","1","2"
"时闽旧臣苏观生撤","1","1","2"
"闽旧臣苏观生撤兵","1","1","2"
"旧臣苏观生撤兵奔","1","1","2"
"总兵官林察等谋立","1","1","2"
"大清顺治二年五月","1","1","2"
"中都留守左卫指挥","1","1","2"
"都留守左卫指挥佥","1","1","2"
"留守左卫指挥佥事","1","1","2"
"四川都指挥佥事临","1","1","2"
"川都指挥佥事临淮","1","1","2"
"都指挥佥事临淮刘","1","1","2"
"指挥佥事临淮刘雄","1","1","2"
"都指挥满都等击平","1","1","2"
"袭定辽右卫指挥使","1","1","2"
"慈寿皇太后上尊号","1","1","2"
"山西太原府偏西六","1","1","2"
"西太原府偏西六度","1","1","2"
"河南开封府偏西三","1","1","2"
"南开封府偏西三度","1","1","2"
"开封府偏西三度四","1","1","2"
"封府偏西三度四十","1","1","2"
"府偏西三度四十五","1","1","2"
"偏西三度四十五分","1","1","2"
"广西桂林府偏西八","1","1","2"
"西桂林府偏西八度","1","1","2"
"桂林府偏西八度半","1","1","2"
"江西南昌府偏西二","1","1","2"
"西南昌府偏西二度","1","1","2"
"南昌府偏西二度半","1","1","2"
"广东广州府偏西五","1","1","2"
"东广州府偏西五度","1","1","2"
"贵州贵阳府偏西九","1","1","2"
"州贵阳府偏西九度","1","1","2"
"贵阳府偏西九度半","1","1","2"
"云南云南府偏西十","1","1","2"
"南云南府偏西十七","1","1","2"
"云南府偏西十七度","1","1","2"
"戌初三刻十三分昏","2","0","2"
"酉正三刻十一分昏","2","0","2"
"进士改授翰林官充","1","1","2"
"昭公十五年六月乙","1","1","2"
"公十五年六月乙丑","1","1","2"
"内使女乐二十四人","1","1","2"
"雪柳女队子二十人","1","1","2"
"奏太宗体天弘道高","1","1","2"
"太宗体天弘道高明","1","1","2"
"宗体天弘道高明广","1","1","2"
"三十六年四月丙申","1","1","2"
"慈溪茅家浦涌血八","1","1","2"
"溪茅家浦涌血八处","1","1","2"
"三十三年五月丙申","1","1","2"
"二十二年正月甲戌","1","1","2"
"设行人三百四十五","1","1","2"
"行人三百四十五人","1","1","2"
"增设监督内臣共九","1","1","2"
"设监督内臣共九十","1","1","2"
"监督内臣共九十九","1","1","2"
"北五城兵马指挥司","1","1","2"
"置内使监奉御六十","1","1","2"
"内使监奉御六十人","1","1","2"
"尚书参赞机务一人","1","1","2"
"广东海北盐课提举","1","1","2"
"东海北盐课提举司","1","1","2"
"直隶巡按杨家相请","1","1","2"
"户部尚书郑三俊请","1","1","2"
"陕西商县凤皇山银","1","1","2"
"西商县凤皇山银坑","1","1","2"
"商县凤皇山银坑八","1","1","2"
"县凤皇山银坑八所","1","1","2"
"福建浦城县马鞍等","1","1","2"
"建浦城县马鞍等坑","1","1","2"
"浦城县马鞍等坑三","1","1","2"
"城县马鞍等坑三所","1","1","2"
"十一万三千四百四","1","1","2"
"一万三千四百四十","1","1","2"
"万三千四百四十六","1","1","2"
"五千三百二十八万","1","1","2"
"千三百二十八万一","1","1","2"
"三百二十八万一千","1","1","2"
"百二十八万一千一","1","1","2"
"二十八万一千一百","1","1","2"
"十八万一千一百五","1","1","2"
"八万一千一百五十","1","1","2"
"万一千一百五十八","1","1","2"
"六十二万一千四百","1","1","2"
"十二万一千四百三","1","1","2"
"二万一千四百三十","1","1","2"
"万一千四百三十六","1","1","2"
"六十九万二千八百","1","1","2"
"十九万二千八百五","1","1","2"
"九万二千八百五十","1","1","2"
"万二千八百五十六","1","1","2"
"统军元帅府元帅正","1","1","2"
"军元帅府元帅正三","1","1","2"
"元帅府元帅正三品","1","1","2"
"置五军十卫参军府","1","1","2"
"命中府掌府事官守","2","0","2"
"中府掌府事官守备","2","0","2"
"府掌府事官守备南","2","0","2"
"掌府事官守备南京","2","0","2"
"王府护卫指挥使司","1","1","2"
"镇守蓟州总兵官一","1","1","2"
"守蓟州总兵官一人","1","1","2"
"镇守昌平总兵官一","1","1","2"
"守昌平总兵官一人","1","1","2"
"镇守辽东总兵官一","1","1","2"
"守辽东总兵官一人","1","1","2"
"令冬月移驻河东辽","1","1","2"
"冬月移驻河东辽阳","1","1","2"
"月移驻河东辽阳适","1","1","2"
"移驻河东辽阳适中","1","1","2"
"镇守宣府总兵官一","1","1","2"
"守宣府总兵官一人","1","1","2"
"镇守大同总兵官一","1","1","2"
"守大同总兵官一人","1","1","2"
"镇守延绥总兵官一","1","1","2"
"守延绥总兵官一人","1","1","2"
"镇守宁夏总兵官一","1","1","2"
"守宁夏总兵官一人","1","1","2"
"镇守陕西总兵官一","1","1","2"
"守陕西总兵官一人","1","1","2"
"镇守四川总兵官一","1","1","2"
"守四川总兵官一人","1","1","2"
"镇守云南总兵官一","1","1","2"
"守云南总兵官一人","1","1","2"
"镇守贵州总兵官一","1","1","2"
"守贵州总兵官一人","1","1","2"
"提督麻阳等处地方","1","1","2"
"督麻阳等处地方职","1","1","2"
"麻阳等处地方职衔","1","1","2"
"镇守广西总兵官一","1","1","2"
"守广西总兵官一人","1","1","2"
"嘉靖四十五年改设","1","1","2"
"镇守广东总兵官一","1","1","2"
"守广东总兵官一人","1","1","2"
"嘉靖四十五年分设","1","1","2"
"镇守江南副总兵一","1","1","2"
"守江南副总兵一人","1","1","2"
"镇守浙江总兵官一","1","1","2"
"守浙江总兵官一人","1","1","2"
"粮七十五万五千六","1","1","2"
"七十五万五千六百","1","1","2"
"十五万五千六百石","1","1","2"
"粮三百二十四万四","1","1","2"
"三百二十四万四千","1","1","2"
"百二十四万四千四","1","1","2"
"二十四万四千四百","1","1","2"
"十四万四千四百石","1","1","2"
"十七万七千七百石","1","1","2"
"造内殿醮坛瓷器三","1","1","2"
"内殿醮坛瓷器三万","1","1","2"
"存留八十四万三千","1","1","2"
"留八十四万三千石","1","1","2"
"绢一匹抵钞二百贯","1","1","2"
"步军总旗一石五斗","1","1","2"
"总八百五十万七千","2","0","2"
"八百五十万七千余","1","1","2"
"百五十万七千余顷","1","1","2"
"钞二千九百二十八","1","1","2"
"二千九百二十八万","1","1","2"
"钱五千九百七十七","1","1","2"
"五千九百七十七万","1","1","2"
"京城九门钞六十六","1","1","2"
"城九门钞六十六万","1","1","2"
"九门钞六十六万五","1","1","2"
"门钞六十六万五千","1","1","2"
"密诸镇漕粮四百万","1","1","2"
"诸镇漕粮四百万石","1","1","2"
"京卫屯豆二万三千","1","1","2"
"大等马房子粒银二","1","1","2"
"等马房子粒银二万","1","1","2"
"马房子粒银二万三","1","1","2"
"房子粒银二万三千","1","1","2"
"官员折俸绢布银二","1","1","2"
"员折俸绢布银二十","1","1","2"
"折俸绢布银二十六","1","1","2"
"俸绢布银二十六万","1","1","2"
"绢布银二十六万八","1","1","2"
"布银二十六万八千","1","1","2"
"御马三仓象马等房","1","1","2"
"十三万一千五百斤","1","1","2"
"漳县五十一万五千","1","1","2"
"县五十一万五千六","1","1","2"
"五十一万五千六百","1","1","2"
"十一万五千六百斤","1","1","2"
"灵州二百八十六万","1","1","2"
"州二百八十六万七","1","1","2"
"二百八十六万七千","1","1","2"
"百八十六万七千四","1","1","2"
"八十六万七千四百","1","1","2"
"十六万七千四百斤","1","1","2"
"广东小引生盐三万","1","1","2"
"小引熟盐三万四千","1","1","2"
"引熟盐三万四千六","1","1","2"
"熟盐三万四千六百","1","1","2"
"海北小引正耗盐一","1","1","2"
"北小引正耗盐一万","1","1","2"
"小引正耗盐一万二","1","1","2"
"引正耗盐一万二千","1","1","2"
"正耗盐一万二千四","1","1","2"
"耗盐一万二千四百","1","1","2"
"副都御史耿九畴清","1","1","2"
"都御史耿九畴清理","1","1","2"
"御史耿九畴清理两","1","1","2"
"史耿九畴清理两淮","1","1","2"
"河州必里卫西番二","1","1","2"
"州必里卫西番二十","1","1","2"
"必里卫西番二十九","1","1","2"
"里卫西番二十九族","1","1","2"
"定四川茶引五万道","1","1","2"
"重租田八升五合五","1","1","2"
"租田八升五合五勺","1","1","2"
"万历二十四年四月","1","1","2"
"历二十四年四月己","1","1","2"
"二十四年四月己亥","1","1","2"
"二十一年五月辛丑","1","1","2"
"宣德九年六月甲子","1","1","2"
"大祀坛外西门兽吻","1","1","2"
"雷击吉王府端礼门","1","1","2"
"嘉靖二年五月丁丑","1","1","2"
"雷击南京长安左门","1","1","2"
"击南京长安左门兽","1","1","2"
"南京长安左门兽吻","1","1","2"
"雷击阜城门城楼南","1","1","2"
"击阜城门城楼南角","1","1","2"
"阜城门城楼南角兽","1","1","2"
"城门城楼南角兽吻","1","1","2"
"三十二年五月癸酉","1","1","2"
"嘉靖二十九年二月","1","1","2"
"靖二十九年二月甲","1","1","2"
"二十九年二月甲子","1","1","2"
"隆庆州张山营堡山","1","1","2"
"二十八年八月戊戌","1","1","2"
"四十二年三月癸卯","1","1","2"
"洪武十年正月丁酉","1","1","2"
"万历二十四年十二","1","1","2"
"历二十四年十二月","1","1","2"
"二十四年十二月辛","1","1","2"
"十四年十二月辛卯","1","1","2"
"亭高六尺七寸九分","1","1","2"
"辕长一丈九尺五寸","1","1","2"
"南京吏部右侍郎章","1","1","2"
"京吏部右侍郎章纶","1","1","2"
"都御史高明考察庶","2","0","2"
"御史高明考察庶官","2","0","2"
"直省都指挥使二十","1","1","2"
"省都指挥使二十一","1","1","2"
"赐徐阶教子升天蟒","1","1","2"
"十二道监察御史正","1","1","2"
"二道监察御史正七","1","1","2"
"道监察御史正七品","1","1","2"
"添设提督军务巡抚","1","1","2"
"设提督军务巡抚凤","1","1","2"
"提督军务巡抚凤阳","1","1","2"
"督军务巡抚凤阳都","1","1","2"
"军务巡抚凤阳都御","1","1","2"
"务巡抚凤阳都御史","1","1","2"
"督两广军务理粮饷","2","0","2"
"巡抚广东地方一员","1","1","2"
"事中雷填巡抚广西","1","1","2"
"巡抚顺天等府地方","1","1","2"
"巡抚保定等府提督","1","1","2"
"抚保定等府提督紫","1","1","2"
"都御史郭智镇抚宁","1","1","2"
"御史郭智镇抚宁夏","1","1","2"
"春坊大学士正五品","1","1","2"
"置资德院资德一人","1","1","2"
"大学士提调讲读官","1","1","2"
"五军都督府五十名","1","1","2"
"礼部写民情条例七","1","1","2"
"部写民情条例七十","1","1","2"
"写民情条例七十二","1","1","2"
"民情条例七十二名","1","1","2"
"兵部查马册三十名","1","1","2"
"工部大木厂二十名","1","1","2"
"置北京行部尚书二","1","1","2"
"北京行部尚书二人","1","1","2"
"内会总科主事六人","1","1","2"
"外牵照科主事二人","1","1","2"
"中都留守司经历司","1","1","2"
"顺天应天二府经历","1","1","2"
"天应天二府经历司","1","1","2"
"王府长史司典簿厅","1","1","2"
"增设武库司员外郎","1","1","2"
"设武库司员外郎一","1","1","2"
"武库司员外郎一人","1","1","2"
"中陈燧等九十五人","1","1","2"
"天启二年壬戌会试","1","1","2"
"东西北安门指挥千","1","1","2"
"西北安门指挥千户","1","1","2"
"北安门指挥千户所","1","1","2"
"所承字东西北字号","2","0","2"
"时刘福通迎立韩山","1","1","2"
"刘福通迎立韩山童","1","1","2"
"福通迎立韩山童子","1","1","2"
"太平兴国翼元帅府","1","1","2"
"福建行省参政袁天","1","1","2"
"建行省参政袁天禄","1","1","2"
"徐寿辉旧将欧普祥","1","1","2"
"友谅江西行省丞相","1","1","2"
"谅江西行省丞相胡","1","1","2"
"江西行省丞相胡廷","1","1","2"
"西行省丞相胡廷瑞","1","1","2"
"宣宗宪天崇道英明","1","1","2"
"宗宪天崇道英明神","1","1","2"
"宪天崇道英明神圣","1","1","2"
"天崇道英明神圣钦","1","1","2"
"崇道英明神圣钦文","1","1","2"
"道英明神圣钦文昭","1","1","2"
"英明神圣钦文昭武","1","1","2"
"明神圣钦文昭武宽","1","1","2"
"神圣钦文昭武宽仁","1","1","2"
"圣钦文昭武宽仁纯","1","1","2"
"钦文昭武宽仁纯孝","1","1","2"
"文昭武宽仁纯孝章","1","1","2"
"昭武宽仁纯孝章皇","1","1","2"
"武宽仁纯孝章皇帝","1","1","2"
"常遇春子茂郑国公","1","1","2"
"封中书右丞汪广洋","1","1","2"
"中书右丞汪广洋忠","1","1","2"
"书右丞汪广洋忠勤","1","1","2"
"右丞汪广洋忠勤伯","1","1","2"
"御史中丞刘基诚意","1","1","2"
"史中丞刘基诚意伯","1","1","2"
"神宗范天合道哲肃","1","1","2"
"宗范天合道哲肃敦","1","1","2"
"范天合道哲肃敦简","1","1","2"
"天合道哲肃敦简光","1","1","2"
"合道哲肃敦简光文","1","1","2"
"道哲肃敦简光文章","1","1","2"
"哲肃敦简光文章武","1","1","2"
"肃敦简光文章武安","1","1","2"
"敦简光文章武安仁","1","1","2"
"简光文章武安仁止","1","1","2"
"光文章武安仁止孝","1","1","2"
"文章武安仁止孝显","1","1","2"
"章武安仁止孝显皇","1","1","2"
"武安仁止孝显皇帝","1","1","2"
"兵部尚书郑雒经略","1","1","2"
"部尚书郑雒经略陕","1","1","2"
"尚书郑雒经略陕西","1","1","2"
"书郑雒经略陕西四","1","1","2"
"郑雒经略陕西四镇","1","1","2"
"二十三年春正月癸","1","1","2"
"遣都督佥事李宗城","1","1","2"
"指挥杨方亨封平秀","1","1","2"
"挥杨方亨封平秀吉","1","1","2"
"前南京吏部侍郎钱","1","1","2"
"南京吏部侍郎钱龙","1","1","2"
"京吏部侍郎钱龙锡","1","1","2"
"苏杭织造太监李实","1","1","2"
"仁宗敬天体道纯诚","1","1","2"
"德弘文钦武章圣达","1","1","2"
"弘文钦武章圣达孝","1","1","2"
"文钦武章圣达孝昭","1","1","2"
"钦武章圣达孝昭皇","1","1","2"
"武章圣达孝昭皇帝","1","1","2"
"事中萧奇等三十五","1","1","2"
"中萧奇等三十五人","1","1","2"
"潼关等五卫兵驻宣","1","1","2"
"关等五卫兵驻宣府","1","1","2"
"河南三都指挥使司","1","1","2"
"英宗法天立道仁明","1","1","2"
"宗法天立道仁明诚","1","1","2"
"法天立道仁明诚敬","1","1","2"
"天立道仁明诚敬昭","1","1","2"
"立道仁明诚敬昭文","1","1","2"
"道仁明诚敬昭文宪","1","1","2"
"仁明诚敬昭文宪武","1","1","2"
"兵部尚书王骥总督","1","1","2"
"部尚书王骥总督军","1","1","2"
"尚书王骥总督军务","1","1","2"
"广西总兵官安远侯","1","1","2"
"西总兵官安远侯柳","1","1","2"
"总兵官安远侯柳溥","1","1","2"
"广东贼黄萧养作乱","1","1","2"
"都指挥同知杨能充","1","1","2"
"湖漕粮二百余万石","1","1","2"
"宪宗继天凝道诚明","1","1","2"
"宗继天凝道诚明仁","1","1","2"
"继天凝道诚明仁敬","1","1","2"
"天凝道诚明仁敬崇","1","1","2"
"凝道诚明仁敬崇文","1","1","2"
"道诚明仁敬崇文肃","1","1","2"
"诚明仁敬崇文肃武","1","1","2"
"明仁敬崇文肃武宏","1","1","2"
"仁敬崇文肃武宏德","1","1","2"
"敬崇文肃武宏德圣","1","1","2"
"崇文肃武宏德圣孝","1","1","2"
"文肃武宏德圣孝纯","1","1","2"
"肃武宏德圣孝纯皇","1","1","2"
"武宏德圣孝纯皇帝","1","1","2"
"嘉靖十八年二月封","1","1","2"
"下右都御史耿九畴","1","1","2"
"巡抚副都御史何鉴","1","1","2"
"抚副都御史何鉴经","1","1","2"
"副都御史何鉴经理","1","1","2"
"都御史何鉴经理南","1","1","2"
"御史何鉴经理南畿","1","1","2"
"史何鉴经理南畿水","1","1","2"
"何鉴经理南畿水利","1","1","2"
"刑部侍郎樊莹巡视","1","1","2"
"部侍郎樊莹巡视云","1","1","2"
"守备鲁承恩等战死","1","1","2"
"定都御史杨守谦提","1","1","2"
"都御史杨守谦提督","1","1","2"
"御史杨守谦提督军","1","1","2"
"史杨守谦提督军务","1","1","2"
"参将赵倾葵等战死","1","1","2"
"巡抚侍郎胡宗宪总","1","1","2"
"抚侍郎胡宗宪总督","1","1","2"
"侍郎胡宗宪总督军","1","1","2"
"郎胡宗宪总督军务","1","1","2"
"武宗承天达道英肃","1","1","2"
"宗承天达道英肃睿","1","1","2"
"承天达道英肃睿哲","1","1","2"
"天达道英肃睿哲昭","1","1","2"
"达道英肃睿哲昭德","1","1","2"
"道英肃睿哲昭德显","1","1","2"
"英肃睿哲昭德显功","1","1","2"
"肃睿哲昭德显功弘","1","1","2"
"睿哲昭德显功弘文","1","1","2"
"哲昭德显功弘文思","1","1","2"
"昭德显功弘文思孝","1","1","2"
"德显功弘文思孝毅","1","1","2"
"显功弘文思孝毅皇","1","1","2"
"功弘文思孝毅皇帝","1","1","2"
"四川巡抚都御史林","1","1","2"
"川巡抚都御史林俊","1","1","2"
"巡抚都御史林俊擒","1","1","2"
"遗诏召兴献王长子","1","1","2"
"太医院院判蒋宗武","1","1","2"
"浙江布政使刘福下","1","1","2"
"江布政使刘福下西","1","1","2"
"布政使刘福下西厂","1","1","2"
"南京刑部侍郎金绅","1","1","2"
"京刑部侍郎金绅巡","1","1","2"
"刑部侍郎金绅巡视","1","1","2"
"部侍郎金绅巡视江","1","1","2"
"侍郎金绅巡视江西","1","1","2"
"郎金绅巡视江西水","1","1","2"
"金绅巡视江西水灾","1","1","2"
"刑部侍郎何乔新巡","1","1","2"
"部侍郎何乔新巡视","1","1","2"
"侍郎何乔新巡视边","1","1","2"
"郎何乔新巡视边关","1","1","2"
"翰林院修撰黄子澄","1","1","2"
"追尊皇考曰孝康皇","1","1","2"
"尊皇考曰孝康皇帝","1","1","2"
"妣常氏曰孝康皇后","1","1","2"
"夏原吉等二十四人","1","1","2"
"保定知府雒佥叛降","1","1","2"
"定知府雒佥叛降燕","1","1","2"
"锦衣指挥同知徐爵","1","1","2"
"衣指挥同知徐爵居","1","1","2"
"兵部员外郎嵇应科","1","1","2"
"山西提学副使陆檄","1","1","2"
"礼部侍郎何雒文代","1","1","2"
"劾刑部尚书潘季驯","1","1","2"
"劾礼部侍郎朱国祚","1","1","2"
"辱礼部侍郎敖文祯","1","1","2"
"吏部尚书赵焕调浙","1","1","2"
"部尚书赵焕调浙江","1","1","2"
"尚书赵焕调浙江巡","1","1","2"
"书赵焕调浙江巡按","1","1","2"
"赵焕调浙江巡按吕","1","1","2"
"焕调浙江巡按吕图","1","1","2"
"调浙江巡按吕图南","1","1","2"
"浙江巡按吕图南补","1","1","2"
"泰安州同知张寿朋","1","1","2"
"举万历十一年进士","2","0","2"
"参政洪承畴击破王","1","1","2"
"政洪承畴击破王左","1","1","2"
"洪承畴击破王左挂","1","1","2"
"总兵官曹文诏率陕","1","1","2"
"兵官曹文诏率陕西","1","1","2"
"官曹文诏率陕西兵","1","1","2"
"监军太监杨进朝信","1","1","2"
"献忠共十三家七十","1","1","2"
"忠共十三家七十二","1","1","2"
"共十三家七十二营","1","1","2"
"漕运都御史杨一鹏","1","1","2"
"河南巡抚陈必谦督","1","1","2"
"总兵官侯良柱战死","1","1","2"
"陕西总督郑崇俭发","1","1","2"
"西总督郑崇俭发兵","1","1","2"
"逆案中尚书李精白","1","1","2"
"抚都御史高名衡等","1","1","2"
"失兵器辎重数十万","1","1","2"
"守将王根子开东门","1","1","2"
"令弘文馆学士李化","1","1","2"
"弘文馆学士李化鳞","1","1","2"
"文馆学士李化鳞等","1","1","2"
"宁武总兵周遇吉战","1","1","2"
"武总兵周遇吉战死","1","1","2"
"藻德等共八百余人","1","1","2"
"山海关总兵吴三桂","1","1","2"
"信兵部尚书杨嗣昌","1","1","2"
"巡按刘熙祚奉吉王","1","1","2"
"南京诸臣尊立福王","1","1","2"
"隆庆元年提督东厂","1","1","2"
"十三道御史刘良弼","1","1","2"
"三道御史刘良弼等","1","1","2"
"南京兵部尚书吴文","1","1","2"
"京兵部尚书吴文华","1","1","2"
"兵部尚书吴文华率","1","1","2"
"南京吏部尚书陆光","1","1","2"
"京吏部尚书陆光祖","1","1","2"
"房山县民史锦奏请","1","1","2"
"山县民史锦奏请开","1","1","2"
"县民史锦奏请开矿","1","1","2"
"益都知县吴宗尧抗","1","1","2"
"临清税监马堂相争","1","1","2"
"万历二十七年二月","1","1","2"
"三十一年十一月甲","1","1","2"
"十一年十一月甲子","1","1","2"
"客中书舍人汪文言","1","1","2"
"刑部主事刘宗周首","1","1","2"
"劾忠贤二十四大罪","2","0","2"
"南京兵部尚书陈道","1","1","2"
"京兵部尚书陈道亨","1","1","2"
"侍郎岳元声等七十","1","1","2"
"郎岳元声等七十余","1","1","2"
"岳元声等七十余人","1","1","2"
"礼部尚书翁正春请","1","1","2"
"工部主事曹钦程等","1","1","2"
"侍郎公鼐等五十余","1","1","2"
"郎公鼐等五十余人","1","1","2"
"中书吴怀贤读杨涟","1","1","2"
"刑部尚书徐兆魁治","1","1","2"
"吏部尚书王绍徽请","1","1","2"
"世袭锦衣卫指挥使","1","1","2"
"扬州知府刘铎代李","1","1","2"
"州知府刘铎代李承","1","1","2"
"知府刘铎代李承恩","1","1","2"
"兵部尚书左都御史","2","0","2"
"吏部尚书闵洪学率","1","1","2"
"劾巡按御史胡良机","1","1","2"
"副都御史王志道言","2","0","2"
"时兵部尚书张凤翼","1","1","2"
"宣大总督卢象升孤","1","1","2"
"大总督卢象升孤军","1","1","2"
"总督卢象升孤军战","1","1","2"
"提督诸监局太监褚","1","1","2"
"督诸监局太监褚宪","1","1","2"
"诸监局太监褚宪章","1","1","2"
"遣征南将军颍川侯","1","1","2"
"副将军西平侯沐英","1","1","2"
"五千五百三十八人","1","1","2"
"乌蒙军民府知府实","1","1","2"
"蒙军民府知府实哲","1","1","2"
"督永宁宣抚司女土","1","1","2"
"宣抚司女土官奢爵","1","1","2"
"抚司女土官奢爵等","1","1","2"
"芒部护印土舍陇寿","1","1","2"
"发土兵二万五千人","1","1","2"
"生擒一百六十七人","1","1","2"
"东川土知府禄庆死","1","1","2"
"贵州巡按御史杨鹤","1","1","2"
"云南巡抚闵洪学所","1","1","2"
"四川巡抚差官李友","1","1","2"
"川巡抚差官李友芝","1","1","2"
"置建昌卫指挥使司","1","1","2"
"钞二千四百四十锭","1","1","2"
"总兵官凉国公蓝玉","1","1","2"
"四川都指挥使瞿能","1","1","2"
"指挥同知徐凯分兵","1","1","2"
"柏兴州贾哈喇境内","1","1","2"
"四川行都指挥使司","1","1","2"
"置茂州卫指挥使司","1","1","2"
"平羌将军御史大夫","1","1","2"
"羌将军御史大夫丁","1","1","2"
"将军御史大夫丁玉","1","1","2"
"置松州卫指挥使司","1","1","2"
"松潘八积族老虎等","1","1","2"
"松潘等处军民指挥","1","1","2"
"潘等处军民指挥使","1","1","2"
"等处军民指挥使司","1","1","2"
"同松潘卫指挥吴玮","1","1","2"
"松潘指挥佥事王杲","1","1","2"
"刑部左侍郎罗绮等","1","1","2"
"斩首一千一百余级","1","1","2"
"斩获夜合等三十六","1","1","2"
"思曩日安抚等十六","1","1","2"
"曩日安抚等十六族","1","1","2"
"会巡抚张时彻讨擒","2","0","2"
"巡抚张时彻讨擒渠","2","0","2"
"抚张时彻讨擒渠恶","2","0","2"
"张时彻讨擒渠恶数","2","0","2"
"时彻讨擒渠恶数人","2","0","2"
"属土番等处宣慰司","2","0","2"
"天全六番招讨使高","1","1","2"
"全六番招讨使高英","1","1","2"
"袭邛部州六番招讨","1","1","2"
"邛部州六番招讨使","1","1","2"
"大渡河守御千户所","1","1","2"
"士卒二万七千八百","1","1","2"
"卒二万七千八百余","1","1","2"
"二万七千八百余人","1","1","2"
"旧港酋长施济孙请","1","1","2"
"忽鲁谟斯等十七国","1","1","2"
"传三保太监下西洋","1","1","2"
"胜圆觉妙智慧善普","1","1","2"
"圆觉妙智慧善普应","1","1","2"
"大宝法王西天大善","1","1","2"
"时勉荷校国子监门","2","0","2"
"霸州知州张需禁饬","1","1","2"
"州知州张需禁饬牧","1","1","2"
"知州张需禁饬牧马","1","1","2"
"州张需禁饬牧马校","1","1","2"
"张需禁饬牧马校卒","1","1","2"
"分守湖广行都司地","1","1","2"
"守湖广行都司地方","1","1","2"
"云南巡按御史郭阳","1","1","2"
"寿宁侯张鹤龄兄弟","1","1","2"
"御史薄彦徽等十五","1","1","2"
"史薄彦徽等十五人","1","1","2"
"守备南京武靖伯赵","1","1","2"
"备南京武靖伯赵承","1","1","2"
"南京武靖伯赵承庆","1","1","2"
"一千五百六十余人","1","1","2"
"御史欧阳云等十余","1","1","2"
"史欧阳云等十余人","1","1","2"
"侍讲吴一鹏等十六","1","1","2"
"讲吴一鹏等十六人","1","1","2"
"外戚会昌侯孙继宗","1","1","2"
"戚会昌侯孙继宗兄","1","1","2"
"会昌侯孙继宗兄弟","1","1","2"
"都指挥朱谅等七十","1","1","2"
"指挥朱谅等七十六","1","1","2"
"挥朱谅等七十六人","1","1","2"
"外戚都指挥孙绍宗","1","1","2"
"军士六十七人冒讨","1","1","2"
"事中程万里等五人","1","1","2"
"劾南京户部侍郎马","1","1","2"
"南京户部侍郎马谅","1","1","2"
"后巡按御史吴琬等","1","1","2"
"巡按御史吴琬等四","1","1","2"
"按御史吴琬等四人","1","1","2"
"陕西督储参政娄良","1","1","2"
"布政使孙毓等八人","1","1","2"
"都指挥牛循等九人","1","1","2"
"布政司吏待选京职","1","1","2"
"南京兵部侍郎尹直","1","1","2"
"通元翊教广善国师","1","1","2"
"胜智慧圆明能仁感","1","1","2"
"智慧圆明能仁感应","1","1","2"
"慧圆明能仁感应显","1","1","2"
"圆明能仁感应显国","1","1","2"
"明能仁感应显国光","1","1","2"
"能仁感应显国光教","1","1","2"
"仁感应显国光教弘","1","1","2"
"感应显国光教弘妙","1","1","2"
"应显国光教弘妙大","1","1","2"
"显国光教弘妙大悟","1","1","2"
"国光教弘妙大悟法","1","1","2"
"光教弘妙大悟法王","1","1","2"
"教弘妙大悟法王西","1","1","2"
"弘妙大悟法王西天","1","1","2"
"善金刚普济大智慧","1","1","2"
"金刚普济大智慧佛","1","1","2"
"荐万全都指挥李琮","1","1","2"
"兵部尚书王琼赐一","2","0","2"
"帝称威武大将军朱","2","0","2"
"永平知府毛思义忤","1","1","2"
"彬提督赞画机密军","1","1","2"
"应天府丞寇天叙挺","1","1","2"
"天府丞寇天叙挺身","1","1","2"
"逆党申宗远等十五","1","1","2"
"党申宗远等十五人","1","1","2"
"清微妙济守静修真","1","1","2"
"微妙济守静修真凝","1","1","2"
"妙济守静修真凝玄","1","1","2"
"济守静修真凝玄衍","1","1","2"
"守静修真凝玄衍范","1","1","2"
"静修真凝玄衍范志","1","1","2"
"修真凝玄衍范志默","1","1","2"
"真凝玄衍范志默秉","1","1","2"
"凝玄衍范志默秉诚","1","1","2"
"玄衍范志默秉诚致","1","1","2"
"衍范志默秉诚致一","1","1","2"
"范志默秉诚致一真","1","1","2"
"志默秉诚致一真人","1","1","2"
"清微阐教崇真卫道","1","1","2"
"微阐教崇真卫道高","1","1","2"
"阐教崇真卫道高士","1","1","2"
"神霄保国宣教高士","1","1","2"
"神霄保国弘烈宣教","1","1","2"
"霄保国弘烈宣教振","1","1","2"
"保国弘烈宣教振法","1","1","2"
"国弘烈宣教振法通","1","1","2"
"弘烈宣教振法通真","1","1","2"
"烈宣教振法通真忠","1","1","2"
"宣教振法通真忠孝","1","1","2"
"教振法通真忠孝秉","1","1","2"
"振法通真忠孝秉一","1","1","2"
"法通真忠孝秉一真","1","1","2"
"通真忠孝秉一真人","1","1","2"
"黄州同知郭显文监","1","1","2"
"烧炼符咒荧惑天子","1","1","2"
"湖广安定宣抚使向","1","1","2"
"广安定宣抚使向思","1","1","2"
"安定宣抚使向思明","1","1","2"
"元所授宣抚敕印上","2","0","2"
"散毛宣慰司都元帅","1","1","2"
"毛宣慰司都元帅覃","1","1","2"
"宣慰司都元帅覃野","1","1","2"
"慰司都元帅覃野旺","1","1","2"
"沿边安抚司安抚覃","1","1","2"
"边安抚司安抚覃野","1","1","2"
"安抚司安抚覃野旺","1","1","2"
"施南宣抚覃大胜招","1","1","2"
"命忠建宣抚田思进","1","1","2"
"散毛宣抚司副使黄","1","1","2"
"毛宣抚司副使黄缙","1","1","2"
"椒山玛瑙长官司所","1","1","2"
"水尽源通塔平长官","1","1","2"
"尽源通塔平长官司","1","1","2"
"容美宣抚司同知田","1","1","2"
"美宣抚司同知田世","1","1","2"
"宣抚司同知田世瑛","1","1","2"
"忠路安抚覃大宁一","1","1","2"
"赂巴东知县蔡文升","1","1","2"
"溪州刺史彭仕羲叛","1","1","2"
"永顺等处军民安抚","1","1","2"
"顺等处军民安抚司","1","1","2"
"置永顺等处军民宣","1","1","2"
"隶湖广都指挥使司","2","0","2"
"王金珠等二十八人","1","1","2"
"永顺宣慰格外加赏","1","1","2"
"保靖安抚使彭万里","1","1","2"
"辰州卫指挥龚能等","1","1","2"
"保靖宣慰彭显宗征","1","1","2"
"永顺宣慰使彭世麒","1","1","2"
"行部尚书雒佥言事","2","0","2"
"劾驸马都尉胡观强","1","1","2"
"通政司参议贺银等","1","1","2"
"受皂隶叶转等四人","1","1","2"
"皇太子命六部大臣","1","1","2"
"礼部尚书翰林学士","2","0","2"
"兵部尚书丁汝夔受","1","1","2"
"十八年葬章圣太后","1","1","2"
"南京御史沈希诏相","1","1","2"
"京御史沈希诏相继","1","1","2"
"母舅大学士吴宗达","1","1","2"
"西华亭知县徐兆麟","1","1","2"
"御史魏景琦等三家","1","1","2"
"河南总兵官陈永福","1","1","2"
"南总兵官陈永福进","1","1","2"
"潞王常淓俱避贼淮","2","0","2"
"王常淓俱避贼淮安","2","0","2"
"废籍礼部侍郎钱谦","1","1","2"
"籍礼部侍郎钱谦益","1","1","2"
"操江诚意伯刘孔昭","1","1","2"
"参赞机务兵部尚书","1","1","2"
"赞机务兵部尚书史","1","1","2"
"东阁大学士兵部尚","2","0","2"
"阁大学士兵部尚书","2","0","2"
"都察院右副都御史","1","1","2"
"荫锦衣卫指挥佥事","1","1","2"
"先帝钦定逆案一书","1","1","2"
"受张献忠伪兵部尚","1","1","2"
"张献忠伪兵部尚书","1","1","2"
"献忠伪兵部尚书周","1","1","2"
"忠伪兵部尚书周文","1","1","2"
"伪兵部尚书周文江","1","1","2"
"严州总兵方国安军","1","1","2"
"编修顾清等二十余","1","1","2"
"修顾清等二十余人","1","1","2"
"上虞人徐文彪四人","1","1","2"
"平阳知府张恕妾美","1","1","2"
"御史胡节巡按山东","1","1","2"
"霍丘知县郑延祚贪","1","1","2"
"副都御史杨所修首","1","1","2"
"黄立极等四十四人","1","1","2"
"尚书张捷重述三朝","1","1","2"
"书张捷重述三朝旧","1","1","2"
"张捷重述三朝旧事","1","1","2"
"户部员外郎李三才","1","1","2"
"死太平典史武三杰","1","1","2"
"成国公朱允祯等所","1","1","2"
"国公朱允祯等所侵","1","1","2"
"侍郎右佥都御史巡","2","0","2"
"郎右佥都御史巡抚","2","0","2"
"右佥都御史巡抚保","2","0","2"
"佥都御史巡抚保定","2","0","2"
"督储侍郎赵世卿力","1","1","2"
"储侍郎赵世卿力争","1","1","2"
"淮扬巡按御史崔邦","1","1","2"
"扬巡按御史崔邦亮","1","1","2"
"延绥入卫游击将军","1","1","2"
"小阿卜户犯黑峪关","2","0","2"
"蓟镇总兵官杨四畏","1","1","2"
"参将熊国臣等弃城","1","1","2"
"都督佥事宁夏总兵","2","0","2"
"督佥事宁夏总兵官","2","0","2"
"二十三年九月九日","1","1","2"
"永昌王铁块等分道","1","1","2"
"昌王铁块等分道袭","1","1","2"
"乘官军撤防时潜兵","1","1","2"
"陇川宣抚多安民叛","1","1","2"
"督两广军务巡抚广","2","0","2"
"劾兵部尚书张鹤鸣","1","1","2"
"兵部尚书张鹤鸣主","1","1","2"
"部尚书张鹤鸣主战","1","1","2"
"尚书张鹤鸣主战误","1","1","2"
"书张鹤鸣主战误国","1","1","2"
"劾晋江李贽邪说惑","1","1","2"
"晋江李贽邪说惑众","1","1","2"
"梦龙率游击贺奇勋","1","1","2"
"佐知府吉孔嘉守城","1","1","2"
"吏部侍郎陆光祖御","2","0","2"
"部侍郎陆光祖御史","2","0","2"
"熊廷弼建三方布置","2","0","2"
"廷弼建三方布置策","2","0","2"
"少卿擢右佥都御史","2","0","2"
"总督漕运巡抚凤阳","2","0","2"
"督漕运巡抚凤阳诸","2","0","2"
"漕运巡抚凤阳诸府","2","0","2"
"刑部侍郎同安洪朝","1","1","2"
"部侍郎同安洪朝选","1","1","2"
"副都御史巡抚保定","2","0","2"
"部尚书掌左都御史","2","0","2"
"尚书掌左都御史事","2","0","2"
"劾礼部侍郎韩世能","1","1","2"
"二十六日传旨免朝","1","1","2"
"诸曹建言止所司职","2","0","2"
"曹建言止所司职掌","2","0","2"
"时东厂太监张诚失","1","1","2"
"家奴锦衣副千户霍","1","1","2"
"奴锦衣副千户霍文","1","1","2"
"锦衣副千户霍文炳","1","1","2"
"事中海阳林熙春等","1","1","2"
"南京御史东莞林培","1","1","2"
"向高礼部尚书东阁","2","0","2"
"高礼部尚书东阁大","2","0","2"
"都御史邹元标先后","1","1","2"
"擢礼部尚书东阁大","2","0","2"
"杨涟劾魏忠贤二十","2","0","2"
"涟劾魏忠贤二十四","2","0","2"
"列上二百六十二人","1","1","2"
"击吏部尚书王永光","1","1","2"
"南京礼部主事王永","1","1","2"
"京礼部主事王永吉","1","1","2"
"万历十一年进士第","2","0","2"
"时皇长子储位未定","1","1","2"
"总兵官王治道战死","1","1","2"
"斩首五百八十余级","1","1","2"
"提督陕西讨逆军务","1","1","2"
"督陕西讨逆军务总","1","1","2"
"陕西讨逆军务总兵","1","1","2"
"西讨逆军务总兵官","1","1","2"
"撦力克袭封顺义王","2","0","2"
"宁夏总兵董一奎攻","1","1","2"
"遣副将解生守稷山","1","1","2"
"令都体察使李元翼","1","1","2"
"请固镇五道兵合剿","1","1","2"
"举人王受爵等率士","1","1","2"
"人王受爵等率士民","1","1","2"
"王受爵等率士民分","1","1","2"
"陈友谅围南昌三月","1","1","2"
"洪武二十四年遣使","1","1","2"
"南台大夫普化帖木","1","1","2"
"宋内侍钱塘罗知悌","1","1","2"
"一千五百五十八种","1","1","2"
"大统万年二历通议","1","1","2"
"真定游击谢嘉福杀","1","1","2"
"定游击谢嘉福杀巡","1","1","2"
"游击谢嘉福杀巡抚","1","1","2"
"击谢嘉福杀巡抚徐","1","1","2"
"谢嘉福杀巡抚徐标","1","1","2"
"督师大学士李建泰","1","1","2"
"师大学士李建泰率","1","1","2"
"兵部尚书陈新甲庸","1","1","2"
"部尚书陈新甲庸才","1","1","2"
"尚书陈新甲庸才误","1","1","2"
"书陈新甲庸才误国","1","1","2"
"劾南京兵部尚书胡","1","1","2"
"南京兵部尚书胡应","1","1","2"
"京兵部尚书胡应台","1","1","2"
"总督樊一蘅等联络","1","1","2"
"督樊一蘅等联络诸","1","1","2"
"樊一蘅等联络诸将","1","1","2"
"时兵部尚书杨嗣昌","1","1","2"
"兵部尚书杨嗣昌创","1","1","2"
"昌平督治侍郎侯恂","1","1","2"
"贺双全等三十六家","1","1","2"
"李重镇随陕西总督","1","1","2"
"重镇随陕西总督洪","1","1","2"
"镇随陕西总督洪承","1","1","2"
"随陕西总督洪承畴","1","1","2"
"应天巡抚张国维三","1","1","2"
"驿传道王扬基夺门","1","1","2"
"十二月二十四日抵","1","1","2"
"延绥巡抚洪承畴麾","1","1","2"
"绥巡抚洪承畴麾下","1","1","2"
"南京太仆卿李觉斯","1","1","2"
"将军李占春深相结","1","1","2"
"刘文秀大败武大定","1","1","2"
"朱容藩伪称监国天","1","1","2"
"容藩伪称监国天下","1","1","2"
"藩伪称监国天下兵","1","1","2"
"伪称监国天下兵马","1","1","2"
"称监国天下兵马副","1","1","2"
"监国天下兵马副元","1","1","2"
"国天下兵马副元帅","1","1","2"
"龙虎关守将曹志建","1","1","2"
"卫国公胡一青殿后","1","1","2"
"国公胡一青殿后军","1","1","2"
"说主事胡士瑞拥戴","1","1","2"
"主事胡士瑞拥戴秦","1","1","2"
"事胡士瑞拥戴秦王","1","1","2"
"吏部侍郎邓士廉等","1","1","2"
"吏部尚书李日宣等","1","1","2"
"天津兵备副使原毓","1","1","2"
"津兵备副使原毓宗","1","1","2"
"工部员外郎潘同春","1","1","2"
"吴江同知金刚奴奉","1","1","2"
"江同知金刚奴奉行","1","1","2"
"同知金刚奴奉行省","1","1","2"
"知金刚奴奉行省命","1","1","2"
"潮州知府王源除怪","1","1","2"
"州知府王源除怪石","1","1","2"
"部侍郎黄宗载等十","1","1","2"
"宣德五年巡视仓场","1","1","2"
"闸外筑石堤四百余","1","1","2"
"外筑石堤四百余丈","1","1","2"
"时监军佥事汤开远","1","1","2"
"监军佥事汤开远善","1","1","2"
"监军副使高岐凤拔","1","1","2"
"军副使高岐凤拔营","1","1","2"
"五年迁工部右侍郎","2","0","2"
"工二部中官张彝宪","2","0","2"
"湖广巡按御史黄澍","1","1","2"
"兵部主事何刚训练","1","1","2"
"长沙知府周二南请","1","1","2"
"腾蛟侍郎严恒走白","2","0","2"
"蛟侍郎严恒走白牙","2","0","2"
"侍郎严恒走白牙市","2","0","2"
"举万历四十四年进","2","0","2"
"贵宁参政胡平表杀","1","1","2"
"宁参政胡平表杀贼","1","1","2"
"中军官焦琏召邦传","1","1","2"
"魁楚等议立永明王","2","0","2"
"观生立唐王聿广州","2","0","2"
"劾兵部尚书杨嗣昌","1","1","2"
"登万历四十四年进","2","0","2"
"中书舍人张同敞调","1","1","2"
"廷麟调广西狼兵八","1","1","2"
"麟调广西狼兵八千","1","1","2"
"调广西狼兵八千人","1","1","2"
"翰林院庶吉士张先","1","1","2"
"林院庶吉士张先生","1","1","2"
"右佥都御史巡抚广","2","0","2"
"监纪主事陈邦彦劝","1","1","2"
"工部右侍郎右佥都","2","0","2"
"荐苏州同知晏日曙","1","1","2"
"发咸宁侯仇鸾罪状","1","1","2"
"令操江都御史唐继","1","1","2"
"礼部右侍郎翰林院","2","0","2"
"部右侍郎翰林院学","2","0","2"
"右侍郎翰林院学士","2","0","2"
"居正吏部左侍郎东","2","0","2"
"正吏部左侍郎东阁","2","0","2"
"吏部左侍郎张四维","1","1","2"
"进士邹元标相继争","1","1","2"
"锦衣指挥史继书护","1","1","2"
"吏部右侍郎申时行","1","1","2"
"遣锦衣指挥翟汝敬","1","1","2"
"抚按大吏越界迎送","1","1","2"
"礼部侍郎罗喻义等","1","1","2"
"尚书东阁大学士入","2","0","2"
"劾吏部尚书王国光","1","1","2"
"工部郎中岳元声极","1","1","2"
"辽总督都御史刘焘","1","1","2"
"南京督储都御史曾","1","1","2"
"劾太常少卿晋应槐","1","1","2"
"南京右都御史耿定","1","1","2"
"京右都御史耿定向","1","1","2"
"兵部侍郎沈子木相","1","1","2"
"部侍郎沈子木相继","1","1","2"
"南京御史王麟趾等","1","1","2"
"举嘉靖三十八年进","2","0","2"
"举嘉靖二十六年进","2","0","2"
"举嘉靖三十五年进","2","0","2"
"右副都御史巡抚福","2","0","2"
"副都御史巡抚福建","2","0","2"
"南京工部主事赵学","1","1","2"
"京工部主事赵学仕","1","1","2"
"吏部尚书孙丕扬等","1","1","2"
"南京尚书赵参鲁等","1","1","2"
"迁南京右佥都御史","2","0","2"
"右佥都御史督操江","2","0","2"
"暇修筑肃州榆树泉","1","1","2"
"甘州平川境外大芦","1","1","2"
"州平川境外大芦泉","1","1","2"
"侍郎江东等大军进","1","1","2"
"右都御史总督漕运","2","0","2"
"凤阳园陵九卫官军","1","1","2"
"阳园陵九卫官军四","1","1","2"
"园陵九卫官军四万","1","1","2"
"浙江巡按御史谢廷","1","1","2"
"江巡按御史谢廷杰","1","1","2"
"部侍郎郭正域请行","2","0","2"
"侍郎郭正域请行勘","2","0","2"
"乳母翊圣夫人金氏","1","1","2"
"命礼部尚书东阁大","2","0","2"
"山西副总兵田世威","1","1","2"
"西副总兵田世威等","1","1","2"
"陕西巡抚戴才坐免","2","0","2"
"辑嘉靖三十四年后","2","0","2"
"迁南京兵部右侍郎","2","0","2"
"右副都御史巡抚贵","2","0","2"
"副都御史巡抚贵州","2","0","2"
"诏加太子太保致仕","2","0","2"
"劾典营务镇远侯顾","1","1","2"
"典营务镇远侯顾寰","1","1","2"
"协理佥都御史李燧","1","1","2"
"吏部侍郎杨时乔主","1","1","2"
"岁增金花银二十万","2","0","2"
"辽东巡抚周永春请","1","1","2"
"礼部尚书罗万化等","1","1","2"
"户部尚书杨俊民等","1","1","2"
"礼部尚书孙慎行追","1","1","2"
"迁南京刑部右侍郎","2","0","2"
"嘉靖十四年进士第","2","0","2"
"礼部左侍郎韩世能","1","1","2"
"尚书余继登奏请约","1","1","2"
"受权珰害处权珰法","2","0","2"
"令司礼太监怀恩等","1","1","2"
"司礼太监怀恩等七","1","1","2"
"礼太监怀恩等七人","1","1","2"
"左副都御史巡抚辽","1","1","2"
"谤书射入东长安门","1","1","2"
"书射入东长安门内","1","1","2"
"汰传奉官七百六十","1","1","2"
"传奉官七百六十三","1","1","2"
"奉官七百六十三人","1","1","2"
"留太仆卿李纶等十","1","1","2"
"太仆卿李纶等十七","1","1","2"
"仆卿李纶等十七人","1","1","2"
"大汉将军薛福敬等","1","1","2"
"汉将军薛福敬等四","1","1","2"
"将军薛福敬等四十","1","1","2"
"军薛福敬等四十八","1","1","2"
"薛福敬等四十八人","1","1","2"
"十六年擢右副都御","2","0","2"
"六年擢右副都御史","2","0","2"
"夺嫡弟播州宣慰使","1","1","2"
"巡按江西御史陈诠","1","1","2"
"奉御赵瑄献雄县地","2","0","2"
"祖宗朝织染诸局供","1","1","2"
"河南退滩地二十余","1","1","2"
"南退滩地二十余里","1","1","2"
"基乡里子孙世世颂","1","1","2"
"地三万三千一百余","1","1","2"
"三万三千一百余顷","1","1","2"
"户部侍郎总督仓场","1","1","2"
"澄复会廷臣上议曰","2","0","2"
"代彭思永议濮王礼","1","1","2"
"彭思永议濮王礼疏","1","1","2"
"清宁宫后三小宫灾","2","0","2"
"弘治六年会试第一","1","1","2"
"兴献帝本生皇考恭","2","0","2"
"献帝本生皇考恭穆","2","0","2"
"帝本生皇考恭穆献","2","0","2"
"本生母章圣皇太后","1","1","2"
"欲奉先殿侧建一室","2","0","2"
"皇叔母兴献大王妃","1","1","2"
"称本生皇考恭穆献","2","0","2"
"吏部左侍郎学士入","2","0","2"
"广东布政使罗荣等","1","1","2"
"会推南京吏部尚书","2","0","2"
"南京吏部尚书刘春","1","1","2"
"百五十三万二千余","1","1","2"
"五十三万二千余石","1","1","2"
"成化十四年会试第","1","1","2"
"化十四年会试第一","1","1","2"
"书文渊阁大学士入","2","0","2"
"带刀舍人周宗上书","1","1","2"
"刀舍人周宗上书乞","1","1","2"
"殿中侍御史郭渊友","1","1","2"
"中侍御史郭渊友等","1","1","2"
"加称本生父兴献帝","1","1","2"
"议封益王次子崇仁","1","1","2"
"封益王次子崇仁王","1","1","2"
"益王次子崇仁王厚","1","1","2"
"命辽东总兵官杨文","1","1","2"
"钦天监副刘伯完等","1","1","2"
"事中马俊分巡应天","1","1","2"
"震婿主事张鹤朝参","2","0","2"
"婿主事张鹤朝参失","2","0","2"
"主事张鹤朝参失仪","2","0","2"
"江阴侯吴高辽东兵","2","0","2"
"阴侯吴高辽东兵围","2","0","2"
"侯吴高辽东兵围永","2","0","2"
"吴高辽东兵围永平","2","0","2"
"累迁右军都督佥事","2","0","2"
"左军都督府左都督","1","1","2"
"金忠等辅导皇长孙","1","1","2"
"燕山右护卫副千户","1","1","2"
"秦府长安郡主仪宾","1","1","2"
"修广西兴安县灵渠","1","1","2"
"运盐八十五万余引","1","1","2"
"三十万八千余引贮","1","1","2"
"洪熙元年赠太子少","2","0","2"
"熙元年赠太子少保","2","0","2"
"山东按察司试佥事","1","1","2"
"贵州布政使蒋廷瓒","1","1","2"
"时左都御史陈瑛残","1","1","2"
"金吾后卫指挥同知","1","1","2"
"讨麓川叛蛮刀干孟","1","1","2"
"思南宣慰使田宗鼎","1","1","2"
"台罗苗普亮等作乱","1","1","2"
"二都司三卫兵讨平","1","1","2"
"陈州颍溪口跌坡下","1","1","2"
"时勋贵武臣多令子","1","1","2"
"勋贵武臣多令子弟","1","1","2"
"事中许能巡抚浙江","1","1","2"
"礼部侍郎华盖殿大","2","0","2"
"部侍郎华盖殿大学","2","0","2"
"设南京参赞机务大","1","1","2"
"南京参赞机务大臣","1","1","2"
"前军都督佥事谭深","1","1","2"
"纪等列上四十七人","1","1","2"
"劾镇守武定侯郭勋","1","1","2"
"两淮余盐银七十万","1","1","2"
"巡仓御史艾朴受贿","1","1","2"
"劾吏部尚书方献夫","1","1","2"
"诸边年例二百八十","1","1","2"
"边年例二百八十万","1","1","2"
"三十一年召翁万达","1","1","2"
"总兵官王继祖击败","1","1","2"
"花马池闲田二万顷","1","1","2"
"浙江参政刘应箕先","1","1","2"
"劾前后督抚樊继祖","1","1","2"
"指挥冯世彪等一百","1","1","2"
"挥冯世彪等一百七","1","1","2"
"冯世彪等一百七十","1","1","2"
"世彪等一百七十七","1","1","2"
"彪等一百七十七人","1","1","2"
"福建总督胡宗宪下","1","1","2"
"建总督胡宗宪下狱","1","1","2"
"巡按御史江万实相","1","1","2"
"巡按御史余光相继","1","1","2"
"武定土知府凤诏母","1","1","2"
"定土知府凤诏母子","1","1","2"
"巡按御史牛天麟极","1","1","2"
"年白圭修筑高邮康","1","1","2"
"白圭修筑高邮康济","1","1","2"
"圭修筑高邮康济湖","1","1","2"
"劳两广总督王守仁","1","1","2"
"大学士李时小心谦","1","1","2"
"学士李时小心谦抑","1","1","2"
"户部尚书许赞谨厚","1","1","2"
"吏部尚书左侍郎周","1","1","2"
"右侍郎许诰讲论便","1","1","2"
"侍郎许诰讲论便捷","1","1","2"
"右侍郎顾鼎臣警悟","1","1","2"
"侍郎顾鼎臣警悟疏","1","1","2"
"郎顾鼎臣警悟疏通","1","1","2"
"刑部左侍郎闻渊存","1","1","2"
"部左侍郎闻渊存心","1","1","2"
"左侍郎闻渊存心正","1","1","2"
"吴氏击登闻鼓讼冤","1","1","2"
"祖母吴氏守节教育","1","1","2"
"御史鄞人周相抗疏","1","1","2"
"大同总兵官周尚文","1","1","2"
"光禄丞胡膏伪增物","1","1","2"
"李光头等九十六人","1","1","2"
"指挥王良辅等六将","1","1","2"
"挥王良辅等六将分","1","1","2"
"王良辅等六将分六","1","1","2"
"良辅等六将分六道","1","1","2"
"辅等六将分六道会","1","1","2"
"指挥马文杰等四将","1","1","2"
"挥马文杰等四将分","1","1","2"
"马文杰等四将分四","1","1","2"
"文杰等四将分四道","1","1","2"
"杰等四将分四道会","1","1","2"
"遣参将卢镗督保靖","1","1","2"
"参将卢镗督保靖兵","1","1","2"
"命侍郎赵文华督察","1","1","2"
"郎赵文华督察军务","1","1","2"
"检校董纶率民兵巷","1","1","2"
"校董纶率民兵巷战","1","1","2"
"邦辅督副使王崇古","1","1","2"
"浙江巡按御史胡宗","1","1","2"
"江巡按御史胡宗宪","1","1","2"
"巡按御史胡宗宪会","1","1","2"
"奏督仓主事张振选","1","1","2"
"迁右佥都御史提督","1","1","2"
"右佥都御史提督操","1","1","2"
"佥都御史提督操江","1","1","2"
"遂督参将曹克新等","1","1","2"
"东官厅听征总兵官","1","1","2"
"叛人充灼召小王子","1","1","2"
"尚文急督副总兵林","1","1","2"
"文急督副总兵林椿","1","1","2"
"土蛮十万骑薄界岭","2","0","2"
"蛮十万骑薄界岭口","2","0","2"
"获骁骑猛克兔等六","1","1","2"
"骁骑猛克兔等六人","1","1","2"
"佥事潘宗颜等一军","1","1","2"
"督三协副将王世宠","1","1","2"
"副使朱纨筑茂州外","1","1","2"
"使朱纨筑茂州外城","1","1","2"
"龙安夹道筑墙数百","1","1","2"
"安夹道筑墙数百里","1","1","2"
"总督张经大破断藤","1","1","2"
"督张经大破断藤峡","1","1","2"
"总督张岳大破贺县","1","1","2"
"乌朗土官田兴邦等","1","1","2"
"播州宣慰杨烈杀长","1","1","2"
"州宣慰杨烈杀长官","1","1","2"
"宣慰杨烈杀长官王","1","1","2"
"慰杨烈杀长官王黼","1","1","2"
"破地隆阡叛苗四砦","1","1","2"
"招降冷水溪诸洞苗","1","1","2"
"降冷水溪诸洞苗二","1","1","2"
"冷水溪诸洞苗二十","1","1","2"
"水溪诸洞苗二十八","1","1","2"
"溪诸洞苗二十八砦","1","1","2"
"巡抚吴维岳招降平","1","1","2"
"抚吴维岳招降平州","1","1","2"
"吴维岳招降平州叛","1","1","2"
"维岳招降平州叛酋","1","1","2"
"岳招降平州叛酋杨","1","1","2"
"招降平州叛酋杨珂","1","1","2"
"水西宣慰安国亨恃","1","1","2"
"西宣慰安国亨恃众","1","1","2"
"宣慰安国亨恃众跋","1","1","2"
"慰安国亨恃众跋扈","1","1","2"
"遣哈密都督写虎仙","2","0","2"
"野鸡台二十余墩孤","1","1","2"
"鸡台二十余墩孤悬","1","1","2"
"台二十余墩孤悬塞","1","1","2"
"二十余墩孤悬塞外","1","1","2"
"劾总兵官赵瑛失事","1","1","2"
"令总督武臣张凤随","1","1","2"
"总督武臣张凤随机","1","1","2"
"督武臣张凤随机策","1","1","2"
"武臣张凤随机策应","1","1","2"
"遣千户火力赤率兵","1","1","2"
"千户火力赤率兵三","1","1","2"
"户火力赤率兵三百","1","1","2"
"兵部左侍郎张汉代","1","1","2"
"代杨守谦巡抚山西","1","1","2"
"总督都御史翁万达","1","1","2"
"黄甫川一千五百里","1","1","2"
"令诸镇文武将吏协","1","1","2"
"诸镇文武将吏协议","1","1","2"
"大同总兵官仇鸾知","1","1","2"
"顺天巡抚王汝孝驻","1","1","2"
"循潮河川南下古北","2","0","2"
"潮河川南下古北口","2","0","2"
"大臣二人经略通州","1","1","2"
"遣尚书张经总督诸","1","1","2"
"尚书张经总督诸军","1","1","2"
"总兵官殷尚质等战","2","0","2"
"仇鸾选边兵十八支","1","1","2"
"鸾选边兵十八支护","1","1","2"
"中军游击张伦下诏","1","1","2"
"军游击张伦下诏狱","1","1","2"
"提督三千营广宁伯","1","1","2"
"督三千营广宁伯刘","1","1","2"
"三千营广宁伯刘佶","1","1","2"
"锦衣百户王邦奇借","1","1","2"
"衣百户王邦奇借哈","1","1","2"
"百户王邦奇借哈密","1","1","2"
"年右副都御史巡抚","2","0","2"
"镇守云南黔国公沐","1","1","2"
"守云南黔国公沐朝","1","1","2"
"云南黔国公沐朝弼","1","1","2"
"南黔国公沐朝弼骄","1","1","2"
"右佥都御史巡抚云","1","1","2"
"东厂太监冯保传呼","1","1","2"
"劾副都御史鄢懋卿","1","1","2"
"副都御史鄢懋卿五","1","1","2"
"右佥都御史巡抚应","2","0","2"
"佥都御史巡抚应天","2","0","2"
"时倭人争贡误伤居","1","1","2"
"倭人争贡误伤居民","1","1","2"
"亲临战阵勘定祸乱","1","1","2"
"宗庙社稷百官万姓","1","1","2"
"庙社稷百官万姓寄","1","1","2"
"大兴知县高世儒奉","1","1","2"
"兴知县高世儒奉诏","1","1","2"
"知县高世儒奉诏核","1","1","2"
"方献夫分署三法司","1","1","2"
"献夫分署三法司事","1","1","2"
"前山西副使迁大理","1","1","2"
"山西副使迁大理少","1","1","2"
"西副使迁大理少卿","1","1","2"
"迁佥都御史毛伯温","1","1","2"
"子弟家人滥冒军功","1","1","2"
"伏望陛下仰畏天明","1","1","2"
"遣中官督南京织造","1","1","2"
"东厂理刑千户陶淳","1","1","2"
"厂理刑千户陶淳曲","1","1","2"
"见五台县张子真户","1","1","2"
"五台县张子真户内","1","1","2"
"台县张子真户内实","1","1","2"
"劾吏部尚书杨旦等","1","1","2"
"刑部尚书胡世宁等","1","1","2"
"使奴隶小人滥袭伯","1","1","2"
"奴隶小人滥袭伯爵","1","1","2"
"医官李梦鹤假托进","1","1","2"
"官李梦鹤假托进书","1","1","2"
"按察使一转径入内","1","1","2"
"察使一转径入内台","1","1","2"
"南京太仆少卿夏尚","1","1","2"
"京太仆少卿夏尚朴","1","1","2"
"南京礼部尚书黄绾","1","1","2"
"京礼部尚书黄绾曲","1","1","2"
"礼部尚书黄绾曲学","1","1","2"
"部尚书黄绾曲学阿","1","1","2"
"尚书黄绾曲学阿世","1","1","2"
"孝烈端顺敏惠恭诚","1","1","2"
"烈端顺敏惠恭诚祗","1","1","2"
"端顺敏惠恭诚祗天","1","1","2"
"顺敏惠恭诚祗天卫","1","1","2"
"敏惠恭诚祗天卫圣","1","1","2"
"惠恭诚祗天卫圣皇","1","1","2"
"恭诚祗天卫圣皇后","1","1","2"
"孝定贞纯钦仁端肃","1","1","2"
"定贞纯钦仁端肃弼","1","1","2"
"贞纯钦仁端肃弼天","1","1","2"
"纯钦仁端肃弼天祚","1","1","2"
"钦仁端肃弼天祚圣","1","1","2"
"仁端肃弼天祚圣皇","1","1","2"
"端肃弼天祚圣皇太","1","1","2"
"肃弼天祚圣皇太后","1","1","2"
"同佥元帅等六百余","1","1","2"
"佥元帅等六百余人","1","1","2"
"太子帅百官迎劳龙","2","0","2"
"平章阿思兰周文贵","2","0","2"
"增官租四千三百石","1","1","2"
"骁骑右卫亲军指挥","1","1","2"
"骑右卫亲军指挥使","1","1","2"
"元嗣主脱古思帖木","1","1","2"
"国公帖里密赤等五","1","1","2"
"公帖里密赤等五十","1","1","2"
"帖里密赤等五十九","1","1","2"
"里密赤等五十九人","1","1","2"
"男女七万七千余人","1","1","2"
"建昌指挥使月鲁帖","1","1","2"
"昌指挥使月鲁帖木","1","1","2"
"户部侍郎傅友文等","1","1","2"
"二十年同靖宁侯叶","1","1","2"
"十年同靖宁侯叶升","1","1","2"
"年同靖宁侯叶升征","1","1","2"
"同佥江南行枢密院","1","1","2"
"佥江南行枢密院事","1","1","2"
"遥授行省平章政事","1","1","2"
"江南行省参知政事","1","1","2"
"常州人陈保二聚众","1","1","2"
"省都督同知汪兴祖","1","1","2"
"随大将军冯胜北征","1","1","2"
"特授山西右布政使","1","1","2"
"事中陈汶辉相继争","1","1","2"
"任行中书省左右司","1","1","2"
"行中书省左右司郎","1","1","2"
"中书省左右司郎中","1","1","2"
"行省左右司员外郎","1","1","2"
"更番掌行机宜文字","1","1","2"
"荐曹国公李景隆代","1","1","2"
"护卫胡骑指挥关童","1","1","2"
"卫胡骑指挥关童等","1","1","2"
"右卫官军分驻彰德","1","1","2"
"辽阳行省参政刘益","1","1","2"
"阳行省参政刘益屯","1","1","2"
"断事吴立镇抚军民","1","1","2"
"都指挥使司统辖诸","1","1","2"
"指挥使司统辖诸卫","1","1","2"
"送高丽使者周谊入","1","1","2"
"高丽使者周谊入京","1","1","2"
"元镇南王孛罗普化","1","1","2"
"镇南王孛罗普化招","1","1","2"
"南王孛罗普化招降","1","1","2"
"常遇春讨平邓克明","1","1","2"
"遇春讨平邓克明余","1","1","2"
"春讨平邓克明余党","1","1","2"
"招降元将士八千余","1","1","2"
"降元将士八千余人","1","1","2"
"令傅友德夜袭木槽","1","1","2"
"傅友德夜袭木槽关","1","1","2"
"神电等二十四卫所","1","1","2"
"四川威茂土酋董贴","1","1","2"
"川威茂土酋董贴里","1","1","2"
"威茂土酋董贴里叛","1","1","2"
"湖广行省平章政事","1","1","2"
"飞熊卫亲军指挥使","1","1","2"
"熊卫亲军指挥使司","1","1","2"
"卫亲军指挥使司佥","1","1","2"
"亲军指挥使司佥事","1","1","2"
"子孙世袭指挥同知","1","1","2"
"坐考祀孔子礼时奏","2","0","2"
"四川行省参知政事","1","1","2"
"元枢密同佥宁安庆","1","1","2"
"佐省台裁定铨除考","1","1","2"
"省台裁定铨除考课","1","1","2"
"台裁定铨除考课诸","1","1","2"
"裁定铨除考课诸法","1","1","2"
"定铨除考课诸法略","1","1","2"
"铨除考课诸法略具","1","1","2"
"奏郑国公常茂死事","1","1","2"
"孝弟力田诸科所取","1","1","2"
"使趋事者朝寅暮戌","1","1","2"
"洪武元年分建六部","1","1","2"
"武元年分建六部官","1","1","2"
"汉光武加先陵曰昌","2","0","2"
"宋祥符九年南郊遇","1","1","2"
"祥符九年南郊遇雨","1","1","2"
"力牧等三十六人侑","1","1","2"
"牧等三十六人侑享","1","1","2"
"增设重安守御千户","1","1","2"
"设重安守御千户所","1","1","2"
"命成都卫指挥袁洪","1","1","2"
"永宁等处军民安抚","1","1","2"
"宁等处军民安抚司","1","1","2"
"江门大滩八十二处","1","1","2"
"令永宁宣抚奢贵赴","1","1","2"
"永宁宣抚奢贵赴大","1","1","2"
"宁宣抚奢贵赴大坝","1","1","2"
"宣抚奢贵赴大坝招","1","1","2"
"抚奢贵赴大坝招抚","1","1","2"
"永宁宣抚奢贵开通","1","1","2"
"宣抚司女土官奢禄","1","1","2"
"结永宁宣抚奢效忠","1","1","2"
"永宁宣抚奢效忠报","1","1","2"
"宁宣抚奢效忠报仇","1","1","2"
"邦彦号四裔大长老","2","0","2"
"副长官杨胜刚父子","1","1","2"
"兵部尚书张鹤鸣言","2","0","2"
"大明天子神圣文武","1","1","2"
"征夷将军源义满奉","1","1","2"
"五万八千七百余人","2","0","2"
"结宁波卫指挥林贤","1","1","2"
"鸿胪寺少卿潘赐偕","1","1","2"
"贼数千人分乘二十","1","1","2"
"巡按御史督同三司","1","1","2"
"命副都御史朱纨巡","1","1","2"
"副都御史朱纨巡抚","1","1","2"
"都御史朱纨巡抚浙","1","1","2"
"御史朱纨巡抚浙江","1","1","2"
"工部侍郎赵文华督","1","1","2"
"部侍郎赵文华督察","1","1","2"
"郎赵文华督察军情","1","1","2"
"谒巡按御史王本固","1","1","2"
"兵部尚书石星计所","2","0","2"
"遣官生蔡进等五人","1","1","2"
"浙江总兵官杨宗业","1","1","2"
"嘉峪关一千六百里","1","1","2"
"都指挥同知哈剌哈","1","1","2"
"指挥同知哈剌哈纳","1","1","2"
"灌顶慈慧圆智普通","1","1","2"
"顶慈慧圆智普通国","1","1","2"
"慈慧圆智普通国师","1","1","2"
"使臣一百七十二人","1","1","2"
"部下虎力纳引瓦剌","2","0","2"
"授伯都王都督佥事","2","0","2"
"锦衣千户马俊奉敕","1","1","2"
"都督同知奄克孛剌","1","1","2"
"都督同知缑谦二人","1","1","2"
"令都督奄克孛剌总","1","1","2"
"都督奄克孛剌总理","1","1","2"
"督奄克孛剌总理哈","1","1","2"
"奄克孛剌总理哈密","1","1","2"
"王越总制三边军务","1","1","2"
"游击芮宁参将蒋存","2","0","2"
"击芮宁参将蒋存礼","2","0","2"
"封买里八剌崇礼侯","2","0","2"
"唐张仁愿筑三受降","2","0","2"
"张仁愿筑三受降城","2","0","2"
"子狼台吉等散处河","1","1","2"
"狼台吉等散处河西","1","1","2"
"大同总兵咸宁侯仇","1","1","2"
"同总兵咸宁侯仇鸾","1","1","2"
"定都御史杨守谦等","1","1","2"
"副总兵蒋承勋力战","2","0","2"
"总兵蒋承勋力战死","2","0","2"
"时兵部侍郎王崇古","1","1","2"
"兵部侍郎王崇古镇","1","1","2"
"俺答第三子铁背台","2","0","2"
"答第三子铁背台吉","2","0","2"
"第三子铁背台吉子","2","0","2"
"将周国柱等击莽剌","2","0","2"
"周国柱等击莽剌川","2","0","2"
"国柱等击莽剌川脑","2","0","2"
"宰赛诱杀庆云堡守","1","1","2"
"赛诱杀庆云堡守御","1","1","2"
"诱杀庆云堡守御熊","1","1","2"
"延绥总兵官秉忠等","1","1","2"
"联络朵颜三十六家","1","1","2"
"王弄山长官司沙源","1","1","2"
"时宁州土司禄永命","1","1","2"
"金沧副使杨畏知奉","1","1","2"
"沧副使杨畏知奉调","1","1","2"
"副使杨畏知奉调驻","1","1","2"
"选精兵二万五千人","1","1","2"
"置临安卫指挥使司","1","1","2"
"溪处甸长官司副长","1","1","2"
"处甸长官司副长官","1","1","2"
"临安阿迷州土官普","1","1","2"
"安阿迷州土官普柱","1","1","2"
"王弄山副长官沙源","1","1","2"
"都指挥同知王俊奉","1","1","2"
"指挥同知王俊奉命","1","1","2"
"挥同知王俊奉命率","1","1","2"
"总兵官沐昂等招抚","1","1","2"
"曲靖军民指挥使司","1","1","2"
"西平侯沐英发兵讨","1","1","2"
"留神策卫千户刘成","1","1","2"
"洱海卫指挥佥事滕","1","1","2"
"海卫指挥佥事滕聚","1","1","2"
"右军都督佥事王成","1","1","2"
"诏行人张洪等赍敕","2","0","2"
"行人张洪等赍敕谕","2","0","2"
"人张洪等赍敕谕责","2","0","2"
"缅甸宣慰使新加斯","1","1","2"
"兵部尚书余子俊等","1","1","2"
"西南金楼白象主莽","1","1","2"
"南金楼白象主莽哒","1","1","2"
"金楼白象主莽哒喇","1","1","2"
"楼白象主莽哒喇弄","1","1","2"
"白象主莽哒喇弄王","1","1","2"
"象主莽哒喇弄王书","1","1","2"
"主莽哒喇弄王书报","1","1","2"
"莽哒喇弄王书报天","1","1","2"
"哒喇弄王书报天皇","1","1","2"
"喇弄王书报天皇帝","1","1","2"
"立木邦路军民总管","1","1","2"
"木邦路军民总管府","1","1","2"
"遣内官杨瑄赍敕谕","2","0","2"
"破缅甸城寨二十余","2","0","2"
"故木邦宣慰罕揲法","1","1","2"
"南京工部尚书程宗","1","1","2"
"置云远路军民总管","1","1","2"
"木邦宣慰使罕宾法","1","1","2"
"麓川宣慰思任发所","1","1","2"
"缅甸宣慰马哈省管","1","1","2"
"甸宣慰马哈省管治","1","1","2"
"孟养金沙江思陆发","2","0","2"
"思陆遣大陶孟伦索","2","0","2"
"置撒里路军民总管","1","1","2"
"撒里路军民总管府","1","1","2"
"麓川宣慰思伦发叛","1","1","2"
"铸老挝军民宣慰使","2","0","2"
"挝军民宣慰使司印","2","0","2"
"季子怕雅赛走八百","2","0","2"
"宣慰舍人招揽章应","1","1","2"
"织金文绮纱罗四十","2","0","2"
"金文绮纱罗四十匹","2","0","2"
"兵部主事张福谕令","1","1","2"
"遣吏部主事林唐臣","1","1","2"
"平侯沐晟佩征夷副","1","1","2"
"侯沐晟佩征夷副将","1","1","2"
"沐晟佩征夷副将军","1","1","2"
"晟佩征夷副将军印","1","1","2"
"前工部侍郎张显宗","1","1","2"
"福建布政司左参政","1","1","2"
"建布政司左参政王","1","1","2"
"布政司左参政王平","1","1","2"
"前河南按察使阮友","1","1","2"
"河南按察使阮友彰","1","1","2"
"牛二十三万五千九","1","1","2"
"二十三万五千九百","1","1","2"
"米粟一千三百六十","1","1","2"
"粟一千三百六十万","1","1","2"
"一千三百六十万石","1","1","2"
"船八千六百七十余","1","1","2"
"八千六百七十余艘","1","1","2"
"军器二百五十三万","1","1","2"
"器二百五十三万九","1","1","2"
"二百五十三万九千","1","1","2"
"百五十三万九千八","1","1","2"
"五十三万九千八百","1","1","2"
"伪金吾上将军杜元","1","1","2"
"金吾上将军杜元措","1","1","2"
"吾上将军杜元措等","1","1","2"
"伪龙虎将军黎蕊等","1","1","2"
"成山侯王通征夷将","2","0","2"
"山侯王通征夷将军","2","0","2"
"工部右侍郎罗汝敬","1","1","2"
"事中薛谦持节册封","1","1","2"
"遣使贺册立皇太子","2","0","2"
"兵部尚书马文升召","1","1","2"
"朝廷一旦赫然震怒","1","1","2"
"户部侍郎唐胄上疏","1","1","2"
"咸宁侯仇鸾总督军","1","1","2"
"宁侯仇鸾总督军务","1","1","2"
"宣抚同知阮典敬等","1","1","2"
"子仪收残卒遁海东","2","0","2"
"广西巡抚陈大科等","1","1","2"
"千牛卫大将军金甲","1","1","2"
"牛卫大将军金甲两","1","1","2"
"卫大将军金甲两上","1","1","2"
"大将军金甲两上表","1","1","2"
"将军金甲两上表谢","1","1","2"
"郑梦周等一百五十","1","1","2"
"高丽知密直司事赵","1","1","2"
"丽知密直司事赵胖","1","1","2"
"知密直司事赵胖等","1","1","2"
"门下评理郑道传所","1","1","2"
"下评理郑道传所撰","1","1","2"
"朝鲜妇女金黑等五","1","1","2"
"鲜妇女金黑等五十","1","1","2"
"妇女金黑等五十三","1","1","2"
"女金黑等五十三人","1","1","2"
"遣中枢府知事康纯","1","1","2"
"中枢府知事康纯统","1","1","2"
"国祖李旦系本国全","1","1","2"
"祖李旦系本国全州","1","1","2"
"李旦系本国全州人","1","1","2"
"弃王京退守鸭绿江","1","1","2"
"福建都御史金学曾","1","1","2"
"宋氏洪边十二马头","1","1","2"
"太平沿江荻洲杂税","1","1","2"
"凤阳总督马士英等","1","1","2"
"遣兵部侍郎林佳鼎","1","1","2"
"武冈总兵官刘承胤","1","1","2"
"湖南十三镇将郝永","1","1","2"
"南十三镇将郝永忠","1","1","2"
"随行者六百四十余","1","1","2"
"行者六百四十余人","1","1","2"
"八十余人流入暹罗","1","1","2"
"正德六年殿试第一","1","1","2"
"二十三年进士第一","1","1","2"
"内阁掌参机务辅导","1","1","2"
"阁掌参机务辅导首","1","1","2"
"掌参机务辅导首臣","1","1","2"
"户部尚书武英殿大","2","0","2"
"武英殿大学士入阁","2","0","2"
"命文渊阁大学士参","2","0","2"
"登弘治十二年进士","2","0","2"
"中御史戴铣等二十","1","1","2"
"年八月擢右佥都御","2","0","2"
"八月擢右佥都御史","2","0","2"
"遣奉新知县刘守绪","1","1","2"
"奉新知县刘守绪袭","1","1","2"
"平贼将军左都督刘","1","1","2"
"贼将军左都督刘晖","1","1","2"
"手诏问阁臣杨一清","1","1","2"
"诏问阁臣杨一清等","1","1","2"
"工部尚书赵璜等斥","1","1","2"
"光禄寺丞何渊请建","1","1","2"
"禄寺丞何渊请建世","1","1","2"
"寺丞何渊请建世室","1","1","2"
"左都御史李承勋极","1","1","2"
"四川巡按御史戴金","1","1","2"
"总督两广军务巡抚","2","0","2"
"延绥安边营石涝池","1","1","2"
"一清武英殿大学士","2","0","2"
"总制陕西三边军务","2","0","2"
"勘粮都御史许廷光","1","1","2"
"应天巡抚李充嗣镇","1","1","2"
"泽咸宁伯仇钺提督","1","1","2"
"泽总制东西两边军","1","1","2"
"总制东西两边军务","1","1","2"
"云南巡抚汪文盛奏","1","1","2"
"改安南国安南都统","2","0","2"
"兵部尚书李承勋下","1","1","2"
"官武英殿大学士入","2","0","2"
"镇江总兵官郑鸿逵","1","1","2"
"巡抚都御史张肯堂","1","1","2"
"礼部尚书黄道周等","1","1","2"
"降湖广总督何腾蛟","1","1","2"
"山东都指挥靳荣等","1","1","2"
"都督佥事李谦守赤","1","1","2"
"督佥事李谦守赤城","1","1","2"
"宣大总兵官谭广等","1","1","2"
"洪建议加筑开平城","1","1","2"
"获阿归等四十八人","1","1","2"
"遣大同指挥卢昭追","1","1","2"
"大同指挥卢昭追捕","1","1","2"
"佐总兵官广宁伯刘","1","1","2"
"总兵官广宁伯刘安","1","1","2"
"兵官广宁伯刘安镇","1","1","2"
"官广宁伯刘安镇守","1","1","2"
"袭济阳卫指挥同知","1","1","2"
"都御史罗通督兵巡","1","1","2"
"御史罗通督兵巡哨","1","1","2"
"吏部员外郎夏良胜","1","1","2"
"总兵官安远侯柳升","1","1","2"
"侍郎孟鉴赞理军务","1","1","2"
"宁夏前卫指挥同知","1","1","2"
"永顺宣慰彭明辅等","1","1","2"
"延绥总兵官吴江所","1","1","2"
"绥总兵官吴江所佩","1","1","2"
"后哨参将姚信所部","1","1","2"
"哨参将姚信所部京","1","1","2"
"参将姚信所部京军","1","1","2"
"南京羽林前卫指挥","1","1","2"
"京羽林前卫指挥使","1","1","2"
"遂安伯陈韶等三人","1","1","2"
"命灌顶国师设坛庆","1","1","2"
"健等三人同心辅政","1","1","2"
"四方守备内臣增置","1","1","2"
"内府诸监局佥书多","1","1","2"
"屡加少傅太子太傅","2","0","2"
"提督右都御史史琳","1","1","2"
"督右都御史史琳坐","1","1","2"
"右都御史史琳坐镇","1","1","2"
"都御史史琳坐镇京","1","1","2"
"御史史琳坐镇京营","1","1","2"
"曲先卫都指挥使散","1","1","2"
"获男女三百四十人","1","1","2"
"马驼牛羊三十余万","1","1","2"
"请花马池筑哨马营","2","0","2"
"命广西总兵官陈泾","1","1","2"
"时都督颜彪佩征夷","1","1","2"
"都督颜彪佩征夷将","1","1","2"
"督颜彪佩征夷将军","1","1","2"
"颜彪佩征夷将军印","1","1","2"
"外番人阿吉等二十","1","1","2"
"番人阿吉等二十九","1","1","2"
"人阿吉等二十九族","1","1","2"
"都督罕慎寄居苦峪","1","1","2"
"督罕慎寄居苦峪口","1","1","2"
"大同总兵官许宁分","1","1","2"
"下壮士击杀数十人","1","1","2"
"大同西路参将庄鉴","1","1","2"
"巡抚王继恢复哈密","1","1","2"
"都御史彭泽经略哈","1","1","2"
"御史彭泽经略哈密","1","1","2"
"劾礼部尚书周洪谟","1","1","2"
"南京兵部尚书马文","1","1","2"
"京兵部尚书马文升","1","1","2"
"监督军务太监刘祥","1","1","2"
"臣等调兵三万三千","1","1","2"
"等调兵三万三千余","1","1","2"
"调兵三万三千余人","1","1","2"
"巡抚都御史马文升","1","1","2"
"抚都御史马文升分","1","1","2"
"固原西北西安废城","1","1","2"
"湖广总兵官李震讨","2","0","2"
"臣先后招抚流民复","1","1","2"
"先后招抚流民复业","1","1","2"
"福建巡按御史汪澄","1","1","2"
"米豆需银九十四万","1","1","2"
"镇国将军奇涧等罪","1","1","2"
"劾总兵官安远侯柳","1","1","2"
"总兵官安远侯柳景","1","1","2"
"兵官安远侯柳景贪","1","1","2"
"修筑诸边城堡一万","1","1","2"
"筑诸边城堡一万四","1","1","2"
"诸边城堡一万四千","1","1","2"
"边城堡一万四千余","1","1","2"
"城堡一万四千余所","1","1","2"
"宋仁宗追尊生母李","1","1","2"
"行二百五十里北极","2","0","2"
"二万八千六百四十","1","1","2"
"万八千六百四十七","1","1","2"
"八千六百四十七里","1","1","2"
"一万二千九百三十","1","1","2"
"万二千九百三十二","1","1","2"
"半径一万二千三百","1","1","2"
"径一万二千三百二","1","1","2"
"一万二千三百二十","1","1","2"
"万二千三百二十四","1","1","2"
"二千三百二十四里","1","1","2"
"晨昏阴晦仪晷表臬","1","1","2"
"督修历法右参政李","1","1","2"
"修历法右参政李天","1","1","2"
"历法右参政李天经","1","1","2"
"天启三年九月十五","1","1","2"
"相差三时二刻八分","1","1","2"
"亥初初刻十二分昏","2","0","2"
"亥初一刻十二分昏","2","0","2"
"戌初初刻十四分昏","2","0","2"
"酉正二刻一十分昏","2","0","2"
"卯初二刻一十分旦","2","0","2"
"大明清类天文分野","1","1","2"
"明清类天文分野书","1","1","2"
"直隶十三布政司府","1","1","2"
"湖广布政司所属德","1","1","2"
"广布政司所属德安","1","1","2"
"布政司所属德安府","1","1","2"
"鸿胪官请皇太子升","1","1","2"
"胪官请皇太子升殿","1","1","2"
"设皇太子座文华殿","2","0","2"
"署礼部事学士顾锡","1","1","2"
"礼部事学士顾锡畴","1","1","2"
"尚书马文升等七人","1","1","2"
"叩头伏地上表请罪","1","1","2"
"头伏地上表请罪礼","1","1","2"
"左副将军李文忠北","1","1","2"
"文武官子弟士民俊","2","0","2"
"武官子弟士民俊秀","2","0","2"
"百官素服行奉慰礼","2","0","2"
"永乐五年十月十四","1","1","2"
"乐五年十月十四日","1","1","2"
"定大行太皇太后丧","1","1","2"
"大行太皇太后丧礼","1","1","2"
"孝肃太皇太后丧礼","1","1","2"
"思善门逼近仁智殿","1","1","2"
"成化八年悼恭太子","1","1","2"
"万历四十七年二月","1","1","2"
"凤阳府西北二十五","1","1","2"
"阳府西北二十五里","1","1","2"
"户三千三百四十二","1","1","2"
"奏请太宗文皇帝神","1","1","2"
"请太宗文皇帝神灵","1","1","2"
"内侍请神主降座升","2","0","2"
"吏部尚书蹇义等请","1","1","2"
"二十年十二月癸卯","1","1","2"
"二十四年十二月甲","1","1","2"
"十四年十二月甲午","1","1","2"
"三十三年十二月壬","1","1","2"
"十三年十二月壬申","1","1","2"
"万历四年十二月己","1","1","2"
"历四年十二月己丑","1","1","2"
"崇祯五年十二月癸","1","1","2"
"祯五年十二月癸酉","1","1","2"
"乐十六年正月乙丑","1","1","2"
"成化六年二月戊寅","1","1","2"
"万历四十三年四月","1","1","2"
"历四十三年四月戊","1","1","2"
"四十三年四月戊寅","1","1","2"
"历二十五年二月壬","1","1","2"
"万历三十八年四月","1","1","2"
"洪武元年七月丁酉","1","1","2"
"二十一年二月戊辰","1","1","2"
"二十九年二月辛丑","1","1","2"
"建文二年八月癸巳","1","1","2"
"永乐四年十二月辛","1","1","2"
"乐四年十二月辛亥","1","1","2"
"二十年闰十二月戊","1","1","2"
"十年闰十二月戊寅","1","1","2"
"景泰二年六月丙子","1","1","2"
"天顺元年七月丙寅","1","1","2"
"十三年十一月壬辰","1","1","2"
"正德元年二月庚寅","1","1","2"
"二十五年五月壬申","1","1","2"
"二十六年十一月壬","1","1","2"
"十六年十一月壬午","1","1","2"
"三十一年八月乙丑","1","1","2"
"三十五年九月戊辰","1","1","2"
"四十年十一月辛亥","1","1","2"
"四十四年三月己亥","1","1","2"
"大明门内西千步廊","1","1","2"
"万历元年十一月己","1","1","2"
"历元年十一月己亥","1","1","2"
"十一年十二月庚午","1","1","2"
"十九年十二月甲辰","1","1","2"
"二十二年五月壬寅","1","1","2"
"二十四年二月甲寅","1","1","2"
"二十七年十一月壬","1","1","2"
"十七年十一月壬申","1","1","2"
"二十九年正月己巳","1","1","2"
"三十一年九月戊寅","1","1","2"
"三十五年二月乙卯","1","1","2"
"三十七年正月庚子","1","1","2"
"三十八年四月丁丑","1","1","2"
"三十九年四月戊子","1","1","2"
"四十一年五月壬戌","1","1","2"
"四十四年十一月己","1","1","2"
"十四年十一月己巳","1","1","2"
"四十六年闰四月丁","1","1","2"
"十六年闰四月丁丑","1","1","2"
"开原殷家庄堡台杆","1","1","2"
"原殷家庄堡台杆八","1","1","2"
"四十七年四月癸酉","1","1","2"
"泰昌元年十月丁卯","1","1","2"
"天启元年闰二月丙","1","1","2"
"启元年闰二月丙戌","1","1","2"
"化二十一年正月甲","1","1","2"
"二十一年正月甲申","1","1","2"
"十一年正月甲申朔","1","1","2"
"弘治三年三月庚午","1","1","2"
"德元年三月戊申夜","2","0","2"
"嘉靖五年七月甲申","1","1","2"
"隆庆二年三月戊午","1","1","2"
"二十一年二月庚辰","1","1","2"
"二十三年九月癸巳","1","1","2"
"二十四年二月戊申","1","1","2"
"天启六年五月壬寅","1","1","2"
"启六年五月壬寅朔","1","1","2"
"成化十三年二月甲","1","1","2"
"化十三年二月甲午","1","1","2"
"嘉靖三十三年四月","1","1","2"
"靖三十三年四月戊","1","1","2"
"三十三年四月戊子","1","1","2"
"三十七年五月戊辰","1","1","2"
"隆庆六年闰二月癸","1","1","2"
"庆六年闰二月癸酉","1","1","2"
"万历六年七月丁丑","1","1","2"
"二十六年九月甲辰","1","1","2"
"天启元年六月庚寅","1","1","2"
"崇祯七年二月戊午","1","1","2"
"建文元年三月乙卯","1","1","2"
"淹死一万一千八百","1","1","2"
"坏山海关内外城垣","1","1","2"
"景泰三年五月癸巳","1","1","2"
"泰三年五月癸巳朔","1","1","2"
"万历二十二年六月","1","1","2"
"太仓卫指挥姜周辅","1","1","2"
"仓卫指挥姜周辅家","1","1","2"
"万历四十四年七月","1","1","2"
"洪武四年正月戊申","1","1","2"
"正统三年十月丁丑","1","1","2"
"天顺七年十月甲辰","1","1","2"
"成化十六年正月辛","1","1","2"
"化十六年正月辛卯","1","1","2"
"二十三年十二月戊","1","1","2"
"十三年十二月戊辰","1","1","2"
"隆庆三年十一月癸","1","1","2"
"庆三年十一月癸巳","1","1","2"
"嘉靖三十七年十月","1","1","2"
"靖三十七年十月戊","1","1","2"
"三十七年十月戊辰","1","1","2"
"万历十八年五月丁","1","1","2"
"历十八年五月丁卯","1","1","2"
"十三年十二月癸亥","1","1","2"
"天启六年四月癸巳","1","1","2"
"宣德元年八月辛巳","1","1","2"
"武英殿西房中书舍","1","1","2"
"英殿西房中书舍人","1","1","2"
"内阁诰敕房中书舍","1","1","2"
"阁诰敕房中书舍人","1","1","2"
"定设中书舍人二十","1","1","2"
"设中书舍人二十人","1","1","2"
"定设五城兵马指挥","1","1","2"
"设五城兵马指挥司","1","1","2"
"龙虎山正一真人一","1","1","2"
"虎山正一真人一人","1","1","2"
"下番官军守备南京","1","1","2"
"本部尚书参赞机务","1","1","2"
"同内外守备官操练","1","1","2"
"内外守备官操练军","1","1","2"
"外守备官操练军马","1","1","2"
"十三司郎中十三人","1","1","2"
"瓦屑坝抽分竹木局","1","1","2"
"置四川永宁茶马司","1","1","2"
"置雅州碉门茶马司","1","1","2"
"北方府州县官三百","1","1","2"
"天下学官改授旁郡","1","1","2"
"下学官改授旁郡州","1","1","2"
"学官改授旁郡州县","1","1","2"
"中书省造大明宝钞","1","1","2"
"中书省奏准印造大","1","1","2"
"书省奏准印造大明","1","1","2"
"省奏准印造大明宝","1","1","2"
"奏准印造大明宝钞","1","1","2"
"告捕者赏银二十五","1","1","2"
"捕者赏银二十五两","1","1","2"
"发南京抽分场积薪","1","1","2"
"发内库新旧钱八千","1","1","2"
"内库新旧钱八千一","1","1","2"
"库新旧钱八千一百","1","1","2"
"新旧钱八千一百万","1","1","2"
"旧钱八千一百万文","1","1","2"
"钱八千一百万文折","1","1","2"
"费工本银三十九万","1","1","2"
"一文重一钱二分五","1","1","2"
"文重一钱二分五厘","1","1","2"
"州抽分主事朱大受","1","1","2"
"福建尤溪县银屏山","1","1","2"
"建尤溪县银屏山银","1","1","2"
"尤溪县银屏山银场","1","1","2"
"溪县银屏山银场局","1","1","2"
"兵部尚书孙原贞请","1","1","2"
"山西巡抚魏允贞上","1","1","2"
"贵州大万山长官司","1","1","2"
"封闭云南路南州铜","1","1","2"
"南京上新河船料钞","1","1","2"
"始收泰山碧霞元君","1","1","2"
"收泰山碧霞元君祠","1","1","2"
"泰山碧霞元君祠香","1","1","2"
"山碧霞元君祠香钱","1","1","2"
"广宁八里铺前屯卫","1","1","2"
"钞关主事关防敕书","1","1","2"
"二十六年千户赵承","1","1","2"
"十六年千户赵承勋","1","1","2"
"六年千户赵承勋奏","1","1","2"
"年千户赵承勋奏请","1","1","2"
"提举市舶太监毕真","1","1","2"
"漠遗民三万二千八","1","1","2"
"遗民三万二千八百","1","1","2"
"六十五万二千八百","1","1","2"
"十五万二千八百七","1","1","2"
"五万二千八百七十","1","1","2"
"五十四万五千八百","1","1","2"
"四百二十二万八千","1","1","2"
"一万三千九百七十","1","1","2"
"万三千九百七十六","1","1","2"
"三千九百七十六顷","1","1","2"
"太原左卫千户陈淮","1","1","2"
"原左卫千户陈淮所","1","1","2"
"左卫千户陈淮所种","1","1","2"
"宣府巡抚叶盛买官","1","1","2"
"时山东巡抚郑汝璧","1","1","2"
"山东巡抚郑汝璧请","1","1","2"
"登州海北长山诸岛","1","1","2"
"管河通判卢观象大","1","1","2"
"河通判卢观象大兴","1","1","2"
"通判卢观象大兴水","1","1","2"
"判卢观象大兴水田","1","1","2"
"御马太监刘顺家人","1","1","2"
"马太监刘顺家人进","1","1","2"
"中官庄田三百三十","1","1","2"
"户部尚书孙交造皇","1","1","2"
"部尚书孙交造皇庄","1","1","2"
"尚书孙交造皇庄新","1","1","2"
"归德州东南凤池口","1","1","2"
"东经开封城北五里","1","1","2"
"祥符鱼王口中滦下","2","0","2"
"太黄寺巴河分水处","1","1","2"
"河南巡抚都御史洪","1","1","2"
"南巡抚都御史洪英","1","1","2"
"巡抚河南御史张澜","1","1","2"
"河南布政司照磨金","1","1","2"
"南布政司照磨金景","1","1","2"
"布政司照磨金景辉","1","1","2"
"政司照磨金景辉考","1","1","2"
"巡抚河南都御史李","1","1","2"
"抚河南都御史李衍","1","1","2"
"梁家浅旧河口七里","1","1","2"
"遣工部侍郎陈政督","1","1","2"
"巡按河南御史涂升","1","1","2"
"管河工部员外郎谢","1","1","2"
"河工部员外郎谢缉","1","1","2"
"归德州小坝子等处","1","1","2"
"宿迁小河口流入漕","1","1","2"
"迁小河口流入漕河","1","1","2"
"河南管河副使张鼐","1","1","2"
"隆口分沁水入贾鲁","1","1","2"
"口分沁水入贾鲁河","1","1","2"
"归德西王牌口上下","1","1","2"
"德西王牌口上下分","1","1","2"
"河南巡抚都御史郑","1","1","2"
"南巡抚都御史郑龄","1","1","2"
"修丁家口上下堤岸","2","0","2"
"工部侍郎崔岩奉命","1","1","2"
"命管河副都御史刘","1","1","2"
"管河副都御史刘恺","1","1","2"
"总河副都御史龚弘","1","1","2"
"濮奔赴沛县飞云桥","1","1","2"
"总督河道右都御史","1","1","2"
"侯家林二河分流入","1","1","2"
"家林二河分流入运","1","1","2"
"总河副都御史郭持","1","1","2"
"河副都御史郭持平","1","1","2"
"入野鸡冈新开河道","1","1","2"
"总河都御史詹瀚请","1","1","2"
"总河副都御史曾钧","1","1","2"
"小浮桥故道二百五","1","1","2"
"浮桥故道二百五十","1","1","2"
"筑马家桥堤三万五","1","1","2"
"马家桥堤三万五千","1","1","2"
"家桥堤三万五千二","1","1","2"
"桥堤三万五千二百","1","1","2"
"堤三万五千二百八","1","1","2"
"三万五千二百八十","1","1","2"
"万五千二百八十丈","1","1","2"
"清河县河南镇合於","2","0","2"
"河县河南镇合於黄","2","0","2"
"县河南镇合於黄河","2","0","2"
"兵部侍郎万恭总理","1","1","2"
"部侍郎万恭总理河","1","1","2"
"侍郎万恭总理河道","1","1","2"
"宿迁小河口三百七","1","1","2"
"迁小河口三百七十","1","1","2"
"小河口三百七十里","1","1","2"
"总理河道都御史万","1","1","2"
"理河道都御史万恭","1","1","2"
"河道都御史万恭等","1","1","2"
"督理河道署郎中事","1","1","2"
"理河道署郎中事陈","1","1","2"
"河道署郎中事陈应","1","1","2"
"道署郎中事陈应荐","1","1","2"
"中军都督府断事官","1","1","2"
"上直卫亲军指挥使","1","1","2"
"直卫亲军指挥使司","1","1","2"
"置帐前总制亲军都","1","1","2"
"帐前总制亲军都指","1","1","2"
"前总制亲军都指挥","1","1","2"
"总制亲军都指挥使","1","1","2"
"制亲军都指挥使司","1","1","2"
"管理水利屯田都司","1","1","2"
"理水利屯田都司一","1","1","2"
"水利屯田都司一人","1","1","2"
"镇守甘肃总兵官一","1","1","2"
"守甘肃总兵官一人","1","1","2"
"巡抚中军坐营官一","1","1","2"
"抚中军坐营官一人","1","1","2"
"镇守湖广总兵官一","1","1","2"
"守湖广总兵官一人","1","1","2"
"练兵游击将军一人","1","1","2"
"提督狼山副总兵一","1","1","2"
"督狼山副总兵一人","1","1","2"
"凤阳军门中军官一","1","1","2"
"阳军门中军官一人","1","1","2"
"民运粮二百七十四","1","1","2"
"运粮二百七十四万","1","1","2"
"粮二百七十四万石","1","1","2"
"民运粮二百二十万","1","1","2"
"运粮二百二十万石","1","1","2"
"十八万九千七百石","1","1","2"
"仓支运七十万石米","1","1","2"
"山东改兑粮九万石","1","1","2"
"南直隶七月初一日","1","1","2"
"正耗米四百七十二","1","1","2"
"耗米四百七十二石","1","1","2"
"内府白熟粳糯米十","1","1","2"
"府白熟粳糯米十七","1","1","2"
"白熟粳糯米十七万","1","1","2"
"府部糙粳米四万四","1","1","2"
"部糙粳米四万四千","1","1","2"
"太仓中库积银八百","1","1","2"
"加内操马刍料银七","1","1","2"
"内操马刍料银七万","1","1","2"
"南户部库银八十万","1","1","2"
"户部库银八十万两","1","1","2"
"买乳牛造上供酥油","1","1","2"
"膳食器皿三十万七","1","1","2"
"食器皿三十万七千","1","1","2"
"列上内外官役酒饭","1","1","2"
"泰安州税课局大使","1","1","2"
"安州税课局大使郝","1","1","2"
"州税课局大使郝智","1","1","2"
"土鲁番西南二千里","1","1","2"
"宣府十七卫所军士","1","1","2"
"府十七卫所军士采","1","1","2"
"计柴价银三十万两","1","1","2"
"南京天地山川坛殿","1","1","2"
"京天地山川坛殿宇","1","1","2"
"遣工部侍郎刘伯跃","1","1","2"
"工部侍郎翁世资请","1","1","2"
"陕西织造羊绒七万","1","1","2"
"西织造羊绒七万四","1","1","2"
"织造羊绒七万四千","1","1","2"
"郡王嫡长子袭封郡","1","1","2"
"王嫡长子袭封郡王","1","1","2"
"附近州县秋粮内拨","1","1","2"
"正五品二百二十石","1","1","2"
"江阴横海水军稍班","1","1","2"
"米麦四百七十一万","1","1","2"
"麦四百七十一万七","1","1","2"
"四百七十一万七千","1","1","2"
"米二千四百七十二","1","1","2"
"二千四百七十二万","1","1","2"
"千四百七十二万九","1","1","2"
"四百七十二万九千","1","1","2"
"六百二十二万八千","1","1","2"
"百二十二万八千馀","2","0","2"
"米麦四百六十二万","1","1","2"
"麦四百六十二万五","1","1","2"
"四百六十二万五千","1","1","2"
"千三百三十六万二","1","1","2"
"三百三十六万二千","1","1","2"
"屯田六十三万五千","1","1","2"
"粮四百五十八万四","1","1","2"
"四百五十八万四千","1","1","2"
"运司提举大小引盐","1","1","2"
"司提举大小引盐二","1","1","2"
"提举大小引盐二百","1","1","2"
"举大小引盐二百二","1","1","2"
"大小引盐二百二十","1","1","2"
"清三宫子粒银四万","1","1","2"
"三宫子粒银四万九","1","1","2"
"宫子粒银四万九千","1","1","2"
"改折月粮银十四万","1","1","2"
"折月粮银十四万四","1","1","2"
"月粮银十四万四千","1","1","2"
"锦衣等七十八卫所","1","1","2"
"衣等七十八卫所官","1","1","2"
"等七十八卫所官吏","1","1","2"
"银二十万六千馀两","2","0","2"
"五草场商价一万六","1","1","2"
"草场商价一万六千","1","1","2"
"河东盐引银十三万","1","1","2"
"东盐引银十三万五","1","1","2"
"盐引银十三万五千","1","1","2"
"京运年例银十二万","2","0","2"
"芦盐引银二万六千","1","1","2"
"山东盐引银五万七","1","1","2"
"东盐引银五万七千","1","1","2"
"京运银七万三千两","1","1","2"
"浙盐引银六万七千","1","1","2"
"浙盐引银二万九千","1","1","2"
"屯粮料十四万八千","1","1","2"
"屯粮料二十三万二","1","1","2"
"粮料二十三万二千","1","1","2"
"浙盐引银十万二千","1","1","2"
"屯粮料三十一万九","1","1","2"
"粮料三十一万九千","1","1","2"
"粮料草银四万一千","1","1","2"
"粮料草布花银二十","1","1","2"
"料草布花银二十七","1","1","2"
"草布花银二十七万","1","1","2"
"布花银二十七万九","1","1","2"
"花银二十七万九千","1","1","2"
"浙盐引银二万五千","1","1","2"
"屯粮二十七万九千","1","1","2"
"山东盐引银三万九","1","1","2"
"东盐引银三万九千","1","1","2"
"京运年例银二十万","2","0","2"
"民运粮料二万七千","1","1","2"
"民运草三十一万一","1","1","2"
"运草三十一万一千","1","1","2"
"京运银二十三万三","1","1","2"
"运银二十三万三千","1","1","2"
"民运银三十万六千","1","1","2"
"京运银五万九千两","1","1","2"
"办大引盐三十五万","1","1","2"
"大引盐三十五万二","1","1","2"
"引盐三十五万二千","1","1","2"
"办大引盐二十二万","1","1","2"
"岁入太仓馀盐银十","2","0","2"
"上供郊庙百神祭祀","1","1","2"
"办大引盐十四万三","1","1","2"
"大引盐十四万三千","1","1","2"
"引盐十四万三千三","1","1","2"
"盐十四万三千三百","1","1","2"
"办大引盐十万四千","1","1","2"
"大引盐十万四千五","1","1","2"
"引盐十万四千五百","1","1","2"
"办小引盐三十万四","1","1","2"
"小引盐三十万四千","1","1","2"
"引盐三十万四千引","1","1","2"
"千二百五十三万七","1","1","2"
"二百五十三万七千","1","1","2"
"百五十三万七千六","1","1","2"
"五十三万七千六百","1","1","2"
"固原饷银三万六千","1","1","2"
"广东四万六千八百","1","1","2"
"九百八十六万一千","1","1","2"
"陕西镇盐课银七万","1","1","2"
"西镇盐课银七万一","1","1","2"
"镇盐课银七万一千","1","1","2"
"盐课银七万一千余","1","1","2"
"课银七万一千余两","1","1","2"
"入太仓盐课银三万","1","1","2"
"太仓盐课银三万五","1","1","2"
"仓盐课银三万五千","1","1","2"
"命副都御史鄢懋卿","2","0","2"
"都御史鄢懋卿总理","2","0","2"
"巡抚都御史殷正茂","1","1","2"
"抚都御史殷正茂请","1","1","2"
"都御史殷正茂请官","1","1","2"
"鸿胪寺主簿田应璧","1","1","2"
"副都御史庞尚鹏总","1","1","2"
"四川茶盐都转运使","1","1","2"
"陕西汉中茶三百万","1","1","2"
"西汉中茶三百万斤","1","1","2"
"督理马政都御史杨","1","1","2"
"理马政都御史杨一","1","1","2"
"马政都御史杨一清","1","1","2"
"巡茶御史王汝舟酌","1","1","2"
"陕西巡按御史毕三","1","1","2"
"西巡按御史毕三才","1","1","2"
"粮四石收银一两解","1","1","2"
"秋粮二百七十四万","1","1","2"
"粮二百七十四万六","1","1","2"
"二百七十四万六千","1","1","2"
"令镇守浙江尚书孙","1","1","2"
"镇守浙江尚书孙原","1","1","2"
"守浙江尚书孙原贞","1","1","2"
"浙江尚书孙原贞等","1","1","2"
"应天巡抚欧阳铎检","1","1","2"
"部尚书梁廷栋请增","2","0","2"
"南京礼部尚书童轩","1","1","2"
"庄园祠墓香火寺观","1","1","2"
"景泰四年冬十一月","1","1","2"
"泰四年冬十一月戊","1","1","2"
"四年冬十一月戊辰","1","1","2"
"成化十三年四月壬","1","1","2"
"化十三年四月壬戌","1","1","2"
"四十六年四月辛亥","1","1","2"
"正统五年七月戊午","1","1","2"
"景泰六年正月癸酉","1","1","2"
"二十三年十二月辛","1","1","2"
"十三年十二月辛卯","1","1","2"
"弘治十五年十一月","1","1","2"
"天启六年六月丙戌","1","1","2"
"洪武十四年五月丁","1","1","2"
"二十六年四月丙申","1","1","2"
"天顺四年三月乙酉","1","1","2"
"成化二年四月乙巳","1","1","2"
"正德八年四月乙巳","1","1","2"
"嘉靖二年三月甲子","1","1","2"
"二十二年四月己亥","1","1","2"
"隆庆六年三月丁亥","1","1","2"
"二十六年十一月辛","1","1","2"
"十六年十一月辛亥","1","1","2"
"三十八年四月壬寅","1","1","2"
"崇祯六年正月辛亥","1","1","2"
"洪武二年六月庚寅","1","1","2"
"景泰五年六月庚寅","1","1","2"
"天顺元年六月己亥","1","1","2"
"成化元年四月庚寅","1","1","2"
"二十一年三月己丑","1","1","2"
"二十二年三月甲寅","1","1","2"
"弘治元年三月壬申","1","1","2"
"正德元年六月戊辰","1","1","2"
"嘉靖元年四月甲申","1","1","2"
"二十八年三月庚寅","1","1","2"
"三十四年五月庚子","1","1","2"
"四十三年闰二月甲","1","1","2"
"十三年闰二月甲申","1","1","2"
"隆庆元年七月辛巳","1","1","2"
"万历元年五月辛巳","1","1","2"
"十一年闰二月丁卯","1","1","2"
"二十一年二月庚寅","1","1","2"
"二十三年五月乙酉","1","1","2"
"二十五年八月壬戌","1","1","2"
"三十一年五月戊寅","1","1","2"
"三十六年五月戊子","1","1","2"
"四十一年七月丁卯","1","1","2"
"四十六年三月庚辰","1","1","2"
"天启二年四月壬辰","1","1","2"
"洪武六年十一月戊","1","1","2"
"武六年十一月戊申","1","1","2"
"正统八年五月戊寅","1","1","2"
"十一年十二月壬寅","1","1","2"
"景泰三年六月庚寅","1","1","2"
"天顺二年六月己卯","1","1","2"
"成化三年六月戊申","1","1","2"
"十二年十一月癸亥","1","1","2"
"弘治元年五月丙子","1","1","2"
"十四年闰七月庚辰","1","1","2"
"正德元年五月壬辰","1","1","2"
"雷击南京西上门兽","1","1","2"
"击南京西上门兽吻","1","1","2"
"二十八年六月丁酉","1","1","2"
"十八年六月丁酉朔","1","1","2"
"三十三年四月乙亥","1","1","2"
"三十八年六月丙寅","1","1","2"
"万历三年六月己卯","1","1","2"
"二十一年四月戊戌","1","1","2"
"二十二年六月己酉","1","1","2"
"二十四年二月己酉","1","1","2"
"二十五年七月庚寅","1","1","2"
"十五年七月庚寅朔","1","1","2"
"三十三年五月庚子","1","1","2"
"三十七年八月甲寅","1","1","2"
"崇祯六年十二月丁","1","1","2"
"祯六年十二月丁亥","1","1","2"
"十六年五月癸巳朔","1","1","2"
"嘉靖四十一年二月","1","1","2"
"靖四十一年二月乙","1","1","2"
"四十一年二月乙亥","1","1","2"
"弘治九年六月庚辰","1","1","2"
"正德七年六月丁卯","1","1","2"
"嘉靖四十年五月癸","1","1","2"
"靖四十年五月癸酉","1","1","2"
"万历十四年七月戊","1","1","2"
"历十四年七月戊申","1","1","2"
"三十一年五月戊戌","1","1","2"
"洪武二十四年八月","1","1","2"
"大同右卫参将马继","1","1","2"
"同右卫参将马继舍","1","1","2"
"右卫参将马继舍人","1","1","2"
"卫参将马继舍人马","1","1","2"
"参将马继舍人马录","1","1","2"
"四千一百二十八人","1","1","2"
"洪武五年八月己酉","1","1","2"
"天顺六年九月乙巳","1","1","2"
"成化十三年正月甲","1","1","2"
"化十三年正月甲子","1","1","2"
"弘治六年六月丁卯","1","1","2"
"历十二年十二月己","1","1","2"
"十二年十二月己未","1","1","2"
"天启七年八月丁巳","1","1","2"
"崇祯十二年十二月","1","1","2"
"祯十二年十二月乙","1","1","2"
"二十三年五月壬寅","1","1","2"
"正德元年八月壬戌","1","1","2"
"嘉靖十二年五月丁","1","1","2"
"万历三年五月癸亥","1","1","2"
"四十四年正月丁丑","1","1","2"
"洪武元年六月戊辰","1","1","2"
"二十三年正月庚寅","1","1","2"
"直亭等河口八十九","1","1","2"
"亭等河口八十九处","1","1","2"
"开封护城堤五十丈","1","1","2"
"居庸关水门四十九","1","1","2"
"二十六年七月丙辰","1","1","2"
"崇祯元年七月壬午","1","1","2"
"天顺二年十二月癸","1","1","2"
"顺二年十二月癸未","1","1","2"
"弘治十四年八月丙","1","1","2"
"治十四年八月丙辰","1","1","2"
"万历二十二年四月","1","1","2"
"二十五年八月甲申","1","1","2"
"二十一年二月乙卯","1","1","2"
"宣德元年二月戊子","1","1","2"
"正统元年九月辛亥","1","1","2"
"十四年十一月己丑","1","1","2"
"景泰元年二月壬寅","1","1","2"
"天顺五年七月己亥","1","1","2"
"顺五年七月己亥朔","1","1","2"
"成化七年四月丙辰","1","1","2"
"弘治五年二月己巳","1","1","2"
"正德七年六月壬戌","1","1","2"
"十二年闰十二月丁","1","1","2"
"二年闰十二月丁丑","1","1","2"
"中书左相国李善长","1","1","2"
"书左相国李善长率","1","1","2"
"丹墀左右布黄麾仗","2","0","2"
"殿上左右内使监陈","1","1","2"
"上左右内使监陈设","1","1","2"
"丹墀仪仗五十八人","1","1","2"
"红罗绣四季花团扇","1","1","2"
"辕长二丈二尺九寸","1","1","2"
"抹金铜鈒莲花瓣轮","2","0","2"
"金铜鈒莲花瓣轮盘","2","0","2"
"铜鈒莲花瓣轮盘装","2","0","2"
"鈒莲花瓣轮盘装钉","2","0","2"
"雕木沉香色描金香","2","0","2"
"木沉香色描金香草","2","0","2"
"地雕木贴金云龙文","2","0","2"
"雕木贴金云龙文三","2","0","2"
"木贴金云龙文三层","2","0","2"
"亭前左右转角阑干","2","0","2"
"前左右转角阑干二","2","0","2"
"左旗腰绣日月北斗","2","0","2"
"高一丈二尺五寸九","1","1","2"
"一丈二尺五寸九分","1","1","2"
"辇顶圆盘高二尺六","2","0","2"
"顶圆盘高二尺六寸","2","0","2"
"圆盘高二尺六寸奇","2","0","2"
"辕长三丈五尺九寸","1","1","2"
"辕长二丈九尺五寸","1","1","2"
"门旁红髹十字槅二","2","0","2"
"沉香色描金云龙板","2","0","2"
"雕沉香色描金云龙","2","0","2"
"辕长三丈六尺五寸","1","1","2"
"垂攀顶黄线圆条四","2","0","2"
"后一字带转角阑干","2","0","2"
"一字带转角阑干一","2","0","2"
"字带转角阑干一扇","2","0","2"
"耒耜穜稑种置彩舆","2","0","2"
"辕长一丈九尺六寸","1","1","2"
"木贴金边耀叶板七","2","0","2"
"贴金边耀叶板七十","2","0","2"
"金边耀叶板七十二","2","0","2"
"边耀叶板七十二片","2","0","2"
"内饰青地雕木五彩","2","0","2"
"饰青地雕木五彩云","2","0","2"
"间绘五彩云衬板七","2","0","2"
"绘五彩云衬板七十","2","0","2"
"五彩云衬板七十二","2","0","2"
"彩云衬板七十二片","2","0","2"
"圆盘四角连辂座板","2","0","2"
"线金青绿装莲花抱","2","0","2"
"金青绿装莲花抱柱","2","0","2"
"上施红绮沥水三层","2","0","2"
"定皇太孙婚礼仪仗","1","1","2"
"劾应城伯孙文栋等","1","1","2"
"应城伯孙文栋等乘","1","1","2"
"城伯孙文栋等乘轿","1","1","2"
"令京城内一品二品","1","1","2"
"江南等处儒学提举","1","1","2"
"经明行修练达时务","2","0","2"
"明行修练达时务士","2","0","2"
"翰林院堂上官考试","1","1","2"
"南直隶生员文征明","1","1","2"
"江西举人刘元卿授","1","1","2"
"四川举人杨思心等","1","1","2"
"文选员外郎倪斯蕙","1","1","2"
"选员外郎倪斯蕙条","1","1","2"
"吏部尚书闵洪学请","1","1","2"
"四千一百一十七人","1","1","2"
"谕吏部尚书蹇义严","1","1","2"
"南京吏部尚书林瀚","1","1","2"
"朝列大夫澧州知州","1","1","2"
"褙子上施金绣云霞","2","0","2"
"上带抹金银宝钿花","2","0","2"
"带抹金银宝钿花八","2","0","2"
"罗生色画花大袖衫","2","0","2"
"伍鲁速回回舞四人","1","1","2"
"红绢彩画胸背方花","1","1","2"
"十三道监察御史一","1","1","2"
"三道监察御史一百","1","1","2"
"都察院衙门分属河","1","1","2"
"察院衙门分属河南","1","1","2"
"院衙门分属河南道","1","1","2"
"遣监察御史巡按州","1","1","2"
"监察御史巡按州县","1","1","2"
"设监察都御史八人","1","1","2"
"曰巡按处监察御史","2","0","2"
"置提督誊黄右通政","1","1","2"
"典籍同左春坊左司","1","1","2"
"籍同左春坊左司直","1","1","2"
"同左春坊左司直郎","1","1","2"
"缝冠武贯簪系缨处","2","0","2"
"玉圭长九寸二分五","1","1","2"
"圭长九寸二分五厘","1","1","2"
"嘉靖七年定保冠服","2","0","2"
"国子生林伯云等三","1","1","2"
"子生林伯云等三百","1","1","2"
"生林伯云等三百六","1","1","2"
"林伯云等三百六十","1","1","2"
"伯云等三百六十六","1","1","2"
"云等三百六十六人","1","1","2"
"等三百六十六人分","1","1","2"
"副榜举人龙文等二","1","1","2"
"榜举人龙文等二十","1","1","2"
"举人龙文等二十四","1","1","2"
"人龙文等二十四人","1","1","2"
"六科办事监生二十","1","1","2"
"科办事监生二十人","1","1","2"
"礼部尚书倪岳覆奏","1","1","2"
"随御史刷卷一百七","1","1","2"
"御史刷卷一百七十","1","1","2"
"史刷卷一百七十八","1","1","2"
"刷卷一百七十八名","1","1","2"
"骁勇都指挥等官五","1","1","2"
"勇都指挥等官五十","1","1","2"
"都指挥等官五十一","1","1","2"
"大学士杨士奇等参","1","1","2"
"华盖殿大学士杨士","1","1","2"
"盖殿大学士杨士奇","1","1","2"
"赐衍圣公三台银印","1","1","2"
"增设职方司员外郎","1","1","2"
"设职方司员外郎一","1","1","2"
"职方司员外郎一人","1","1","2"
"令入禁中文华堂肄","2","0","2"
"入禁中文华堂肄业","2","0","2"
"太子赞善大夫宋濂","1","1","2"
"子赞善大夫宋濂等","1","1","2"
"信蹈所取宋琮等五","1","1","2"
"蹈所取宋琮等五十","1","1","2"
"所取宋琮等五十二","1","1","2"
"取宋琮等五十二人","1","1","2"
"侍读张信等十二人","1","1","2"
"取任伯安等六十一","1","1","2"
"任伯安等六十一人","1","1","2"
"嘉靖二十三年廷试","1","1","2"
"劾会试考官少詹事","1","1","2"
"会试考官少詹事江","1","1","2"
"试考官少詹事江汝","1","1","2"
"考官少詹事江汝璧","1","1","2"
"事中华昶劾敏政鬻","2","0","2"
"中华昶劾敏政鬻题","2","0","2"
"四十四年乙丑廷试","1","1","2"
"知贡举礼部侍郎林","1","1","2"
"贡举礼部侍郎林钎","1","1","2"
"直隶巡按御史考试","1","1","2"
"册盝饰浑金沥粉蟠","2","0","2"
"洪武二十八年更定","2","0","2"
"铸凡守卫官军悬带","1","1","2"
"奉天殿后曰华盖殿","2","0","2"
"东安门外东南建十","1","1","2"
"安门外东南建十王","1","1","2"
"门外东南建十王街","1","1","2"
"刘福通奉韩山童假","1","1","2"
"道遇定远人李善长","1","1","2"
"子兴子天叙都元帅","2","0","2"
"元中丞蛮子海牙扼","1","1","2"
"子兴部将尽归太祖","1","1","2"
"骁健者五百人入卫","1","1","2"
"石抹宜孙遣将率车","1","1","2"
"抹宜孙遣将率车师","1","1","2"
"授太祖江西行省平","1","1","2"
"太祖江西行省平章","1","1","2"
"祖江西行省平章政","1","1","2"
"江西行省平章政事","1","1","2"
"二十三年春正月丙","2","0","2"
"十三年春正月丙寅","2","0","2"
"谅骁将张定边直犯","2","0","2"
"骁将张定边直犯太","2","0","2"
"友谅乘虚直捣应天","1","1","2"
"李善长等率群臣劝","1","1","2"
"善长等率群臣劝进","1","1","2"
"福建行省平章陈友","1","1","2"
"建行省平章陈友定","1","1","2"
"行省平章陈友定侵","1","1","2"
"宗室神保大王等北","1","1","2"
"十一年春正月乙未","2","0","2"
"参将荣昌伯陈智追","1","1","2"
"常山护卫指挥孟贤","1","1","2"
"皇太子迎入仁智殿","1","1","2"
"遣驸马都尉李祺等","1","1","2"
"户部侍郎郭桓坐盗","1","1","2"
"部侍郎郭桓坐盗官","1","1","2"
"侍郎郭桓坐盗官粮","1","1","2"
"麓川平缅宣慰使思","1","1","2"
"川平缅宣慰使思伦","1","1","2"
"平缅宣慰使思伦发","1","1","2"
"缅宣慰使思伦发反","1","1","2"
"获次子地保奴妃主","2","0","2"
"二十二年春正月丙","2","0","2"
"征虏前将军颍国公","1","1","2"
"虏前将军颍国公傅","1","1","2"
"前将军颍国公傅友","1","1","2"
"将军颍国公傅友德","1","1","2"
"军颍国公傅友德等","1","1","2"
"颍国公傅友德等皆","1","1","2"
"国公傅友德等皆听","1","1","2"
"太师韩国公李善长","1","1","2"
"天下郡县赋役黄册","1","1","2"
"六十八万四千四百","1","1","2"
"十八万四千四百三","1","1","2"
"八万四千四百三十","1","1","2"
"万四千四百三十五","1","1","2"
"五千六百七十七万","1","1","2"
"千六百七十七万四","1","1","2"
"六百七十七万四千","1","1","2"
"百七十七万四千五","1","1","2"
"七十七万四千五百","1","1","2"
"十七万四千五百六","1","1","2"
"七万四千五百六十","1","1","2"
"万四千五百六十一","1","1","2"
"召曹国公李景隆等","1","1","2"
"建昌卫指挥月鲁帖","1","1","2"
"昌卫指挥月鲁帖木","1","1","2"
"开国公常升等分行","1","1","2"
"国公常升等分行山","1","1","2"
"公常升等分行山西","1","1","2"
"国子监生六十四人","1","1","2"
"徐辉祖节制陕西沿","1","1","2"
"辉祖节制陕西沿边","1","1","2"
"西平侯沐春擒斩阿","1","1","2"
"平侯沐春擒斩阿资","1","1","2"
"二十九年春正月壬","2","0","2"
"征虏前将军胡冕讨","1","1","2"
"赐礼部覆试贡士韩","1","1","2"
"礼部覆试贡士韩克","1","1","2"
"部覆试贡士韩克忠","1","1","2"
"覆试贡士韩克忠等","1","1","2"
"李景隆征虏大将军","2","0","2"
"麓川平缅土酋刀干","1","1","2"
"川平缅土酋刀干孟","1","1","2"
"重建国子监先师庙","1","1","2"
"三十一年春正月壬","2","0","2"
"十一年春正月壬戌","2","0","2"
"参政叶春巡抚南畿","1","1","2"
"十五人清理天下军","1","1","2"
"征南将军总兵官黔","1","1","2"
"南将军总兵官黔国","1","1","2"
"将军总兵官黔国公","1","1","2"
"军总兵官黔国公沐","1","1","2"
"总兵官黔国公沐晟","1","1","2"
"征虏副将军安远侯","1","1","2"
"虏副将军安远侯柳","1","1","2"
"副将军安远侯柳升","1","1","2"
"镇远侯顾兴祖拥兵","1","1","2"
"都御史刘观巡视河","1","1","2"
"御史刘观巡视河道","1","1","2"
"北京行部行后军都","2","0","2"
"京行部行后军都督","2","0","2"
"行部行后军都督府","2","0","2"
"广西总兵官山云讨","1","1","2"
"辽海卫指挥同知皇","1","1","2"
"海卫指挥同知皇甫","1","1","2"
"卫指挥同知皇甫斌","1","1","2"
"侍郎柴车经理山西","1","1","2"
"郎柴车经理山西屯","1","1","2"
"柴车经理山西屯田","1","1","2"
"御史巡视宁夏甘州","1","1","2"
"史巡视宁夏甘州屯","1","1","2"
"巡视宁夏甘州屯田","1","1","2"
"视宁夏甘州屯田水","1","1","2"
"宁夏甘州屯田水利","1","1","2"
"瓦剌脱欢攻杀阿鲁","1","1","2"
"剌脱欢攻杀阿鲁台","1","1","2"
"徙山后民三万五千","1","1","2"
"山后民三万五千户","1","1","2"
"漠遗民三万二千户","1","1","2"
"遗民三万二千户屯","1","1","2"
"民三万二千户屯田","1","1","2"
"三万二千户屯田北","1","1","2"
"万二千户屯田北平","1","1","2"
"靖海侯吴祯督海运","1","1","2"
"故功臣子孙未嗣者","1","1","2"
"功臣子孙未嗣者二","1","1","2"
"臣子孙未嗣者二百","1","1","2"
"苏州饥民三十万户","1","1","2"
"增祀鸡笼山功臣庙","1","1","2"
"祀鸡笼山功臣庙一","1","1","2"
"鸡笼山功臣庙一百","1","1","2"
"国子生修岳镇海渎","1","1","2"
"子生修岳镇海渎祠","1","1","2"
"遣都督同知沐英乘","1","1","2"
"都督同知沐英乘传","1","1","2"
"十一年春正月甲戌","2","0","2"
"元嗣君爱猷识理达","1","1","2"
"嗣君爱猷识理达腊","1","1","2"
"征西将军西平侯沐","1","1","2"
"西将军西平侯沐英","1","1","2"
"将军西平侯沐英率","1","1","2"
"军西平侯沐英率都","1","1","2"
"西平侯沐英率都督","1","1","2"
"平侯沐英率都督蓝","1","1","2"
"侯沐英率都督蓝玉","1","1","2"
"左丞相胡惟庸谋反","1","1","2"
"都督濮英进兵赤斤","1","1","2"
"督濮英进兵赤斤站","1","1","2"
"祀建文朝尽节诸臣","1","1","2"
"辽东巡按御史刘台","1","1","2"
"苏州诸府开垦荒田","1","1","2"
"奉两宫皇太后天寿","2","0","2"
"两宫皇太后天寿山","2","0","2"
"宫皇太后天寿山谒","2","0","2"
"兵部侍郎张佳胤巡","1","1","2"
"部侍郎张佳胤巡抚","1","1","2"
"侍郎张佳胤巡抚浙","1","1","2"
"郎张佳胤巡抚浙江","1","1","2"
"巡抚都御史晋应槐","1","1","2"
"前礼部侍郎王锡爵","1","1","2"
"汰惜薪司内官冗员","1","1","2"
"广东琼山等十二县","1","1","2"
"东琼山等十二县饥","1","1","2"
"巡抚都御史曹子登","1","1","2"
"始兴妖僧李圆朗作","1","1","2"
"兴妖僧李圆朗作乱","1","1","2"
"召见大学士申时行","1","1","2"
"见大学士申时行等","1","1","2"
"巡抚都御史李尚思","1","1","2"
"抚都御史李尚思讨","1","1","2"
"松提督陕西讨贼军","1","1","2"
"提督陕西讨贼军务","1","1","2"
"甘肃巡抚都御史叶","1","1","2"
"肃巡抚都御史叶梦","1","1","2"
"巡抚都御史叶梦熊","1","1","2"
"兵部右侍郎宋应昌","1","1","2"
"部右侍郎宋应昌经","1","1","2"
"右侍郎宋应昌经略","1","1","2"
"二十一年春正月甲","2","0","2"
"内外诸臣修举实政","1","1","2"
"二十二年春正月己","2","0","2"
"南京礼部尚书沈一","1","1","2"
"京礼部尚书沈一贯","1","1","2"
"南京兵部右侍郎邢","1","1","2"
"二十四年春二月戊","2","0","2"
"十四年春二月戊申","2","0","2"
"命都督佥事杨方亨","1","1","2"
"吏部尚书孙丕扬请","1","1","2"
"文华门疏请皇长子","1","1","2"
"佥都御史万世德经","1","1","2"
"都御史万世德经略","1","1","2"
"御史万世德经略朝","1","1","2"
"史万世德经略朝鲜","1","1","2"
"兵部侍郎李化龙总","1","1","2"
"部侍郎李化龙总督","1","1","2"
"侍郎李化龙总督川","1","1","2"
"贵州宣慰使安疆臣","1","1","2"
"云南税监杨荣开采","1","1","2"
"南税监杨荣开采阿","1","1","2"
"税监杨荣开采阿瓦","1","1","2"
"加上慈圣皇太后尊","1","1","2"
"上慈圣皇太后尊号","1","1","2"
"睢州贼杨思敬作乱","1","1","2"
"雷击圜丘望灯高杆","1","1","2"
"南京妖贼刘天绪谋","1","1","2"
"京妖贼刘天绪谋反","1","1","2"
"南京吏部侍郎叶向","1","1","2"
"京吏部侍郎叶向高","1","1","2"
"四川巡抚都御史乔","1","1","2"
"川巡抚都御史乔璧","1","1","2"
"巡抚都御史乔璧星","1","1","2"
"左都御史詹沂封印","1","1","2"
"三十九年春二月庚","1","1","2"
"十九年春二月庚子","1","1","2"
"兵部尚书掌都察院","2","0","2"
"部尚书掌都察院事","2","0","2"
"吏部左侍郎吴道南","1","1","2"
"礼部右侍郎孙慎行","1","1","2"
"十三年春正月乙丑","2","0","2"
"蓟州男子张差持梃","2","0","2"
"州男子张差持梃入","2","0","2"
"男子张差持梃入慈","2","0","2"
"子张差持梃入慈庆","2","0","2"
"张差持梃入慈庆宫","2","0","2"
"兵备佥事潘宗颜战","1","1","2"
"备佥事潘宗颜战死","1","1","2"
"光宗崇天契道英睿","1","1","2"
"宗崇天契道英睿恭","1","1","2"
"崇天契道英睿恭纯","1","1","2"
"天契道英睿恭纯宪","1","1","2"
"契道英睿恭纯宪文","1","1","2"
"道英睿恭纯宪文景","1","1","2"
"英睿恭纯宪文景武","1","1","2"
"睿恭纯宪文景武渊","1","1","2"
"恭纯宪文景武渊仁","1","1","2"
"纯宪文景武渊仁懿","1","1","2"
"宪文景武渊仁懿孝","1","1","2"
"文景武渊仁懿孝贞","1","1","2"
"景武渊仁懿孝贞皇","1","1","2"
"武渊仁懿孝贞皇帝","1","1","2"
"改万历四十八年八","1","1","2"
"万历四十八年八月","1","1","2"
"万历三十八年十二","1","1","2"
"历三十八年十二月","1","1","2"
"山海关总兵官赵率","1","1","2"
"海关总兵官赵率教","1","1","2"
"巡抚都御史王元雅","1","1","2"
"召前大学士孙承宗","1","1","2"
"兵部尚书中极殿大","1","1","2"
"部尚书中极殿大学","1","1","2"
"尚书中极殿大学士","1","1","2"
"总督蓟辽都御史刘","1","1","2"
"督蓟辽都御史刘策","1","1","2"
"蓟辽都御史刘策下","1","1","2"
"辽都御史刘策下狱","1","1","2"
"巡抚延绥副都御史","1","1","2"
"抚延绥副都御史洪","1","1","2"
"延绥副都御史洪承","1","1","2"
"绥副都御史洪承畴","1","1","2"
"山西总兵官王国梁","1","1","2"
"西总兵官王国梁追","1","1","2"
"副将张应昌等击败","1","1","2"
"督陕西三边军务侍","1","1","2"
"陕西三边军务侍郎","1","1","2"
"西三边军务侍郎杨","1","1","2"
"三边军务侍郎杨鹤","1","1","2"
"太监张彝宪总理户","1","1","2"
"山海总兵官宋伟等","1","1","2"
"监军太仆少卿张春","1","1","2"
"巡抚都御史孙元化","1","1","2"
"登莱巡抚都御史谢","1","1","2"
"莱巡抚都御史谢琏","1","1","2"
"莱州知府朱万年死","1","1","2"
"山西巡抚都御史许","1","1","2"
"西巡抚都御史许鼎","1","1","2"
"巡抚都御史许鼎臣","1","1","2"
"抚都御史许鼎臣请","1","1","2"
"南京礼部侍郎钱士","1","1","2"
"京礼部侍郎钱士升","1","1","2"
"郧阳抚治都御史卢","1","1","2"
"阳抚治都御史卢象","1","1","2"
"抚治都御史卢象升","1","1","2"
"巡抚保定都御史丁","1","1","2"
"抚保定都御史丁魁","1","1","2"
"保定都御史丁魁楚","1","1","2"
"定都御史丁魁楚等","1","1","2"
"遣总兵官尤世威等","1","1","2"
"宣大总督侍郎张宗","1","1","2"
"大总督侍郎张宗衡","1","1","2"
"总督侍郎张宗衡节","1","1","2"
"督侍郎张宗衡节制","1","1","2"
"应天巡抚都御史张","1","1","2"
"天巡抚都御史张国","1","1","2"
"总督漕运尚书杨一","1","1","2"
"督漕运尚书杨一鹏","1","1","2"
"漕运尚书杨一鹏下","1","1","2"
"运尚书杨一鹏下狱","1","1","2"
"熹宗达天阐道敦孝","1","1","2"
"宗达天阐道敦孝笃","1","1","2"
"达天阐道敦孝笃友","1","1","2"
"天阐道敦孝笃友章","1","1","2"
"阐道敦孝笃友章文","1","1","2"
"道敦孝笃友章文襄","1","1","2"
"敦孝笃友章文襄武","1","1","2"
"孝笃友章文襄武靖","1","1","2"
"笃友章文襄武靖穆","1","1","2"
"友章文襄武靖穆庄","1","1","2"
"章文襄武靖穆庄勤","1","1","2"
"万历三十三年十一","1","1","2"
"历三十三年十一月","1","1","2"
"吏部尚书周嘉谟等","1","1","2"
"辽东巡抚都御史袁","1","1","2"
"东巡抚都御史袁应","1","1","2"
"巡抚都御史袁应泰","1","1","2"
"伍文定等七十三人","1","1","2"
"辽东巡抚佥都御史","1","1","2"
"东巡抚佥都御史薛","1","1","2"
"巡抚佥都御史薛国","1","1","2"
"陕西都指挥陈愚直","1","1","2"
"兵部尚书王象乾总","1","1","2"
"部尚书王象乾总督","1","1","2"
"尚书王象乾总督蓟","1","1","2"
"永宁宣抚使奢崇明","1","1","2"
"宁宣抚使奢崇明反","1","1","2"
"御史周宗建请客氏","1","1","2"
"布政使朱燮元固守","1","1","2"
"延绥总兵官杜文焕","1","1","2"
"四川总兵官杨愈懋","1","1","2"
"川总兵官杨愈懋讨","1","1","2"
"镇武营总兵官刘渠","1","1","2"
"永宁贼将罗乾象约","1","1","2"
"水西土同知安邦彦","1","1","2"
"西土同知安邦彦反","1","1","2"
"巡按御史史永安固","1","1","2"
"按御史史永安固守","1","1","2"
"礼部右侍郎孙承宗","1","1","2"
"承宗兵部尚书东阁","2","0","2"
"宗兵部尚书东阁大","2","0","2"
"阳武侯薛濂管理募","1","1","2"
"武侯薛濂管理募兵","1","1","2"
"山东白莲贼徐鸿儒","1","1","2"
"东白莲贼徐鸿儒反","1","1","2"
"贵州总兵官张彦芳","1","1","2"
"巡抚都御史王三善","1","1","2"
"抚都御史王三善讨","1","1","2"
"松潘副使李忠臣约","1","1","2"
"潘副使李忠臣约总","1","1","2"
"副使李忠臣约总兵","1","1","2"
"使李忠臣约总兵官","1","1","2"
"李忠臣约总兵官杨","1","1","2"
"忠臣约总兵官杨愈","1","1","2"
"臣约总兵官杨愈懋","1","1","2"
"约总兵官杨愈懋谋","1","1","2"
"总兵官鲁钦代杜文","1","1","2"
"兵官鲁钦代杜文焕","1","1","2"
"朱燮元总督四川军","1","1","2"
"燮元总督四川军务","1","1","2"
"恤邹县死难博士孟","1","1","2"
"邹县死难博士孟承","1","1","2"
"县死难博士孟承光","1","1","2"
"巡抚都御史何士晋","1","1","2"
"毁天下东林讲学书","1","1","2"
"天下东林讲学书院","1","1","2"
"宁前道参政袁崇焕","1","1","2"
"前道参政袁崇焕固","1","1","2"
"道参政袁崇焕固守","1","1","2"
"太监刘应坤镇守山","1","1","2"
"监刘应坤镇守山海","1","1","2"
"刘应坤镇守山海关","1","1","2"
"兵部尚书王永光等","1","1","2"
"偏沅巡抚都御史闵","1","1","2"
"沅巡抚都御史闵梦","1","1","2"
"太监涂文辅总督太","1","1","2"
"监涂文辅总督太仓","1","1","2"
"涂文辅总督太仓银","1","1","2"
"文辅总督太仓银库","1","1","2"
"李明道提督漕运河","1","1","2"
"明道提督漕运河道","1","1","2"
"总督蓟辽兵部侍郎","1","1","2"
"督蓟辽兵部侍郎吴","1","1","2"
"蓟辽兵部侍郎吴阿","1","1","2"
"辽兵部侍郎吴阿衡","1","1","2"
"十二年春正月己未","2","0","2"
"布政使张秉文等死","1","1","2"
"孙传庭会师十八万","1","1","2"
"加上孝纯皇太后谥","1","1","2"
"失事巡抚都御史颜","1","1","2"
"事巡抚都御史颜继","1","1","2"
"巡抚都御史颜继祖","1","1","2"
"孙茂霖等三十三人","1","1","2"
"钦定保民四事全书","1","1","2"
"下兵部尚书傅宗龙","1","1","2"
"江西巡抚佥都御史","1","1","2"
"西巡抚佥都御史解","1","1","2"
"巡抚佥都御史解学","1","1","2"
"抚佥都御史解学龙","1","1","2"
"总兵官贺人龙等分","1","1","2"
"孙应元等大破罗汝","2","0","2"
"应元等大破罗汝才","2","0","2"
"参将刘士杰等战死","1","1","2"
"前兵部尚书吕维祺","1","1","2"
"部尚书吕维祺等死","1","1","2"
"总督三边侍郎丁启","1","1","2"
"督三边侍郎丁启睿","1","1","2"
"总督保定侍郎杨文","1","1","2"
"督保定侍郎杨文岳","1","1","2"
"总督陕西都御史汪","1","1","2"
"督陕西都御史汪乔","1","1","2"
"陕西都御史汪乔年","1","1","2"
"巡抚都御史丘民仰","1","1","2"
"孙传庭总督三边军","1","1","2"
"传庭总督三边军务","1","1","2"
"下吏部尚书李日宣","1","1","2"
"吏部尚书李日宣六","1","1","2"
"部尚书李日宣六人","1","1","2"
"辽东督师侍郎范志","1","1","2"
"东督师侍郎范志完","1","1","2"
"督师侍郎范志完入","1","1","2"
"前总督侍郎杨文岳","1","1","2"
"巡抚都御史宋一鹤","1","1","2"
"籍大学士贺逢圣等","1","1","2"
"大学士贺逢圣等死","1","1","2"
"免直省残破州县三","1","1","2"
"直省残破州县三饷","1","1","2"
"巡抚都御史冯师孔","1","1","2"
"巡抚都御史林日瑞","1","1","2"
"巡抚都御史蔡懋德","1","1","2"
"抚都御史蔡懋德等","1","1","2"
"真定知府丘茂华杀","1","1","2"
"巡抚都御史卫景瑗","1","1","2"
"都督佥事陈瑄舟师","2","0","2"
"督佥事陈瑄舟师叛","2","0","2"
"方孝孺等五十余人","1","1","2"
"迁兴宗孝康皇帝主","1","1","2"
"前北平按察使陈瑛","1","1","2"
"随母妃吕氏居懿文","1","1","2"
"母妃吕氏居懿文太","1","1","2"
"妃吕氏居懿文太子","1","1","2"
"吕氏居懿文太子陵","1","1","2"
"氏居懿文太子陵园","1","1","2"
"府尹薛正言等巡视","1","1","2"
"尹薛正言等巡视山","1","1","2"
"薛正言等巡视山西","1","1","2"
"朱宁等二百一十九","1","1","2"
"宁等二百一十九人","1","1","2"
"等二百一十九人入","1","1","2"
"二百一十九人入粟","1","1","2"
"百一十九人入粟免","1","1","2"
"一十九人入粟免死","1","1","2"
"周三世子分阅卫士","1","1","2"
"后黄俨等谋立高燧","1","1","2"
"遣右都御史王彰抚","1","1","2"
"右都御史王彰抚恤","1","1","2"
"都指挥同知陈忠战","1","1","2"
"指挥同知陈忠战死","1","1","2"
"诏天下都司卫所修","1","1","2"
"天下都司卫所修治","1","1","2"
"下都司卫所修治城","1","1","2"
"都司卫所修治城池","1","1","2"
"赐户部尚书夏原吉","1","1","2"
"户部尚书夏原吉绳","1","1","2"
"部尚书夏原吉绳愆","1","1","2"
"尚书夏原吉绳愆纠","1","1","2"
"书夏原吉绳愆纠缪","1","1","2"
"夏原吉绳愆纠缪银","1","1","2"
"原吉绳愆纠缪银章","1","1","2"
"都督方政同荣昌伯","1","1","2"
"督方政同荣昌伯陈","1","1","2"
"方政同荣昌伯陈智","1","1","2"
"政同荣昌伯陈智镇","1","1","2"
"荣昌伯陈智同镇交","1","1","2"
"西角门诏大学士杨","1","1","2"
"角门诏大学士杨士","1","1","2"
"门诏大学士杨士奇","1","1","2"
"诏大学士杨士奇草","1","1","2"
"改北平行都司大宁","2","0","2"
"北平行都司大宁都","2","0","2"
"平行都司大宁都司","2","0","2"
"户部尚书夏原吉治","1","1","2"
"封驸马都尉袁容等","1","1","2"
"驸马都尉袁容等三","1","1","2"
"马都尉袁容等三人","1","1","2"
"徙山西民万户实北","2","0","2"
"山西民万户实北京","2","0","2"
"赵王高燧居守北京","1","1","2"
"琉球中山入贡者三","2","0","2"
"致仕知府刘彦才等","1","1","2"
"仕知府刘彦才等九","1","1","2"
"知府刘彦才等九十","1","1","2"
"府刘彦才等九十二","1","1","2"
"刘彦才等九十二人","1","1","2"
"彦才等九十二人分","1","1","2"
"汶上知县史诚祖治","1","1","2"
"上知县史诚祖治行","1","1","2"
"知县史诚祖治行第","1","1","2"
"县史诚祖治行第一","1","1","2"
"召宁阳侯陈懋随征","1","1","2"
"宁阳侯陈懋随征漠","1","1","2"
"阳侯陈懋随征漠北","1","1","2"
"命户部尚书夏原吉","1","1","2"
"户部尚书夏原吉辅","1","1","2"
"清远侯王友督中军","1","1","2"
"回回哈剌马牙杀都","1","1","2"
"回哈剌马牙杀都指","1","1","2"
"哈剌马牙杀都指挥","1","1","2"
"剌马牙杀都指挥刘","1","1","2"
"马牙杀都指挥刘秉","1","1","2"
"牙杀都指挥刘秉谦","1","1","2"
"讨甘肃叛寇八耳思","1","1","2"
"甘肃叛寇八耳思朵","1","1","2"
"肃叛寇八耳思朵罗","1","1","2"
"叛寇八耳思朵罗歹","1","1","2"
"侍讲杨荣经略甘肃","1","1","2"
"尊皇太后太皇太后","2","0","2"
"坊司乐工三千八百","1","1","2"
"司乐工三千八百余","1","1","2"
"乐工三千八百余人","1","1","2"
"松荒田税粮减除二","1","1","2"
"荒田税粮减除二百","1","1","2"
"田税粮减除二百七","1","1","2"
"税粮减除二百七十","1","1","2"
"粮减除二百七十七","1","1","2"
"减除二百七十七万","1","1","2"
"除二百七十七万余","1","1","2"
"二百七十七万余石","1","1","2"
"讨广西蒙顾十六洞","1","1","2"
"广西蒙顾十六洞贼","1","1","2"
"兵部尚书王骥经理","1","1","2"
"部尚书王骥经理甘","1","1","2"
"尚书王骥经理甘肃","1","1","2"
"书王骥经理甘肃边","1","1","2"
"刑部尚书魏源经理","1","1","2"
"部尚书魏源经理大","1","1","2"
"尚书魏源经理大同","1","1","2"
"书魏源经理大同边","1","1","2"
"免陕西平凉六府旱","1","1","2"
"陕西平凉六府旱灾","1","1","2"
"征南将军黔国公沐","1","1","2"
"南将军黔国公沐晟","1","1","2"
"讨麓川叛蛮思任发","1","1","2"
"刑部侍郎何文渊等","1","1","2"
"部侍郎何文渊等分","1","1","2"
"事中郭瑾录南京刑","2","0","2"
"中郭瑾录南京刑狱","2","0","2"
"命王骥总督云南军","1","1","2"
"王骥总督云南军务","1","1","2"
"祭酒李时勉荷校国","2","0","2"
"太监王振等弟侄世","1","1","2"
"监王振等弟侄世袭","1","1","2"
"王振等弟侄世袭锦","1","1","2"
"振等弟侄世袭锦衣","1","1","2"
"等弟侄世袭锦衣卫","1","1","2"
"弟侄世袭锦衣卫官","1","1","2"
"孟养宣慰司献思机","1","1","2"
"养宣慰司献思机发","1","1","2"
"福建贼邓茂七作乱","1","1","2"
"御史十三人同中官","1","1","2"
"巡按福建御史汪澄","1","1","2"
"西宁侯宋瑛总督大","1","1","2"
"宁侯宋瑛总督大同","1","1","2"
"侯宋瑛总督大同兵","1","1","2"
"宋瑛总督大同兵马","1","1","2"
"立皇子见深皇太子","2","0","2"
"正统十四年秋八月","1","1","2"
"免景泰二年田租十","1","1","2"
"指挥佥事季铎奉皇","1","1","2"
"挥佥事季铎奉皇太","1","1","2"
"佥事季铎奉皇太后","1","1","2"
"总兵官安乡伯张安","1","1","2"
"巡抚河南副都御史","1","1","2"
"抚河南副都御史王","1","1","2"
"游击将军石彪等巡","1","1","2"
"尚书石璞总督军务","1","1","2"
"礼部左侍郎王一宁","1","1","2"
"户部尚书金濂违诏","2","0","2"
"命都御史王文巡视","1","1","2"
"都御史王文巡视安","1","1","2"
"总督两广副都御史","1","1","2"
"督两广副都御史马","1","1","2"
"两广副都御史马昂","1","1","2"
"命天下巡抚官赴京","1","1","2"
"天下巡抚官赴京师","1","1","2"
"副都御史刘广衡巡","1","1","2"
"都御史刘广衡巡抚","1","1","2"
"御史刘广衡巡抚浙","1","1","2"
"史刘广衡巡抚浙江","1","1","2"
"南京大理少卿廖庄","1","1","2"
"松饥民米麦一百余","1","1","2"
"饥民米麦一百余万","1","1","2"
"民米麦一百余万石","1","1","2"
"武成中卫军二百户","1","1","2"
"成中卫军二百户守","1","1","2"
"成化十一年十二月","1","1","2"
"世宗钦天履道英毅","1","1","2"
"宣文广武洪仁大孝","1","1","2"
"文广武洪仁大孝肃","1","1","2"
"广武洪仁大孝肃皇","1","1","2"
"武洪仁大孝肃皇帝","1","1","2"
"祖母宪宗贵妃邵氏","1","1","2"
"杀巡抚都御史许铭","1","1","2"
"总督军务右都御史","1","1","2"
"督军务右都御史俞","1","1","2"
"军务右都御史俞谏","1","1","2"
"总兵官鲁纲讨平河","1","1","2"
"兵官鲁纲讨平河南","1","1","2"
"免嘉靖元年天下税","1","1","2"
"嘉靖元年天下税粮","1","1","2"
"南京刑部主事桂萼","1","1","2"
"京刑部主事桂萼请","1","1","2"
"刑部主事桂萼请改","1","1","2"
"部主事桂萼请改称","1","1","2"
"主事桂萼请改称孝","1","1","2"
"上昭圣皇太后尊号","1","1","2"
"皇太后尊号曰昭圣","2","0","2"
"昭圣康惠慈寿皇太","1","1","2"
"圣康惠慈寿皇太后","1","1","2"
"下员外郎马理等一","1","1","2"
"员外郎马理等一百","1","1","2"
"外郎马理等一百三","1","1","2"
"郎马理等一百三十","1","1","2"
"马理等一百三十四","1","1","2"
"理等一百三十四人","1","1","2"
"杀巡抚都御史张文","1","1","2"
"巡抚都御史张文锦","1","1","2"
"兵部尚书金献民总","1","1","2"
"太监张忠提督军务","1","1","2"
"户部侍郎胡瓒提督","1","1","2"
"部侍郎胡瓒提督宣","1","1","2"
"南京兵部尚书王守","1","1","2"
"京兵部尚书王守仁","1","1","2"
"下刑部尚书颜颐寿","1","1","2"
"兵部尚书提督军务","1","1","2"
"四川巡抚都御史宋","1","1","2"
"川巡抚都御史宋沧","1","1","2"
"十二年春正月丙午","2","0","2"
"南巡抚都御史吴山","1","1","2"
"总督宣大侍郎张瓒","1","1","2"
"督宣大侍郎张瓒抚","1","1","2"
"加上两宫皇太后徽","1","1","2"
"昌国公张鹤龄下狱","1","1","2"
"兵部尚书毛伯温参","1","1","2"
"部尚书掌詹事府事","1","1","2"
"尚书掌詹事府事顾","1","1","2"
"书掌詹事府事顾鼎","1","1","2"
"掌詹事府事顾鼎臣","1","1","2"
"大享上帝玄极宝殿","2","0","2"
"十九年春正月丙午","2","0","2"
"延绥总兵官任杰追","1","1","2"
"绥总兵官任杰追击","1","1","2"
"诏内阁九卿考核天","1","1","2"
"内阁九卿考核天下","1","1","2"
"礼部侍郎邹干巡视","1","1","2"
"部侍郎邹干巡视畿","1","1","2"
"侍郎邹干巡视畿内","1","1","2"
"郎邹干巡视畿内饥","1","1","2"
"邹干巡视畿内饥民","1","1","2"
"翰林院侍读学士刘","1","1","2"
"林院侍读学士刘定","1","1","2"
"兵部尚书程信提督","1","1","2"
"部尚书程信提督军","1","1","2"
"尚书程信提督军务","1","1","2"
"巡抚都御史曹亨驻","1","1","2"
"抚都御史曹亨驻兵","1","1","2"
"都御史曹亨驻兵通","1","1","2"
"御史曹亨驻兵通州","1","1","2"
"广西总兵官俞大猷","1","1","2"
"将周云翔杀参将耿","1","1","2"
"周云翔杀参将耿宗","1","1","2"
"云翔杀参将耿宗元","1","1","2"
"总兵官王治道等战","1","1","2"
"兵官王治道等战死","1","1","2"
"巡抚贵州副都御史","1","1","2"
"抚贵州副都御史蒋","1","1","2"
"贵州副都御史蒋琳","1","1","2"
"巡抚两广佥都御史","1","1","2"
"抚两广佥都御史叶","1","1","2"
"两广佥都御史叶盛","1","1","2"
"兵部尚书马昂总督","1","1","2"
"部尚书马昂总督军","1","1","2"
"尚书马昂总督军务","1","1","2"
"总督京营太监曹吉","1","1","2"
"督京营太监曹吉祥","1","1","2"
"山西巡按御史韩祺","1","1","2"
"广东总兵官欧信会","1","1","2"
"巡抚广西佥都御史","1","1","2"
"抚广西佥都御史吴","1","1","2"
"广西佥都御史吴桢","1","1","2"
"西佥都御史吴桢节","1","1","2"
"佥都御史吴桢节制","1","1","2"
"都御史吴桢节制两","1","1","2"
"御史吴桢节制两广","1","1","2"
"史吴桢节制两广诸","1","1","2"
"吴桢节制两广诸军","1","1","2"
"吏部左侍郎翰林学","2","0","2"
"部左侍郎翰林学士","2","0","2"
"土鲁番杀忠顺王罕","1","1","2"
"鲁番杀忠顺王罕慎","1","1","2"
"命陕巴袭封忠顺王","1","1","2"
"湖广总兵官镇远侯","1","1","2"
"广总兵官镇远侯顾","1","1","2"
"总兵官镇远侯顾溥","1","1","2"
"贵州巡抚都御史邓","1","1","2"
"州巡抚都御史邓廷","1","1","2"
"巡抚都御史邓廷瓒","1","1","2"
"土鲁番速檀阿黑麻","1","1","2"
"鲁番速檀阿黑麻袭","1","1","2"
"都督同知缑谦经略","1","1","2"
"督同知缑谦经略哈","1","1","2"
"同知缑谦经略哈密","1","1","2"
"平江伯陈锐同刘大","1","1","2"
"江伯陈锐同刘大夏","1","1","2"
"伯陈锐同刘大夏治","1","1","2"
"封宋儒杨时将乐伯","1","1","2"
"广西副总兵欧磐击","1","1","2"
"总制三边都御史王","1","1","2"
"制三边都御史王越","1","1","2"
"三边都御史王越袭","1","1","2"
"户部左侍郎许进提","1","1","2"
"部左侍郎许进提督","1","1","2"
"左侍郎许进提督军","1","1","2"
"侍郎许进提督军务","1","1","2"
"提督军务都御史史","1","1","2"
"督军务都御史史琳","1","1","2"
"监军太监苗逵分道","1","1","2"
"军太监苗逵分道进","1","1","2"
"南京户部尚书王轼","1","1","2"
"左副都御史提督军","1","1","2"
"副都御史提督军务","1","1","2"
"饶州督造瓷器中官","1","1","2"
"南京工部侍郎高铨","1","1","2"
"遣大学士李东阳祭","2","0","2"
"左副都御史阎仲宇","1","1","2"
"通政司参议熊伟分","1","1","2"
"太常少卿孙交经略","1","1","2"
"常少卿孙交经略宣","1","1","2"
"总兵官吴瑛等击败","1","1","2"
"巡抚蓟镇佥都御史","1","1","2"
"抚蓟镇佥都御史朱","1","1","2"
"蓟镇佥都御史朱方","1","1","2"
"镇佥都御史朱方下","1","1","2"
"佥都御史朱方下狱","1","1","2"
"兵部侍郎张汉下狱","1","1","2"
"代府奉国将军充灼","1","1","2"
"府奉国将军充灼谋","1","1","2"
"奉国将军充灼谋反","1","1","2"
"抚四川都御史张时","1","1","2"
"四川都御史张时彻","1","1","2"
"督陕西三边侍郎曾","1","1","2"
"陕西三边侍郎曾铣","1","1","2"
"分遣御史选边军入","1","1","2"
"遣御史选边军入卫","1","1","2"
"兵部侍郎史道经理","1","1","2"
"下经略京城副都御","1","1","2"
"经略京城副都御史","1","1","2"
"略京城副都御史商","1","1","2"
"京城副都御史商大","1","1","2"
"城副都御史商大节","1","1","2"
"山东巡抚都御史王","1","1","2"
"巡抚都御史赵时春","1","1","2"
"南京兵部尚书张经","1","1","2"
"京兵部尚书张经总","1","1","2"
"工部侍郎赵文华祭","1","1","2"
"苏松兵备副使任环","1","1","2"
"兵部侍郎杨宜总督","1","1","2"
"部侍郎杨宜总督军","1","1","2"
"侍郎杨宜总督军务","1","1","2"
"苏松巡抚都御史曹","1","1","2"
"松巡抚都御史曹邦","1","1","2"
"巡抚都御史曹邦辅","1","1","2"
"巡抚浙江副都御史","1","1","2"
"抚浙江副都御史李","1","1","2"
"浙江副都御史李天","1","1","2"
"江副都御史李天宠","1","1","2"
"浙江总兵官俞大猷","1","1","2"
"巡抚凤阳都御史李","1","1","2"
"抚凤阳都御史李遂","1","1","2"
"总督蓟辽右都御史","1","1","2"
"督蓟辽右都御史王","1","1","2"
"杀总督粮储侍郎黄","1","1","2"
"总督粮储侍郎黄懋","1","1","2"
"督粮储侍郎黄懋官","1","1","2"
"延绥总兵官赵岢分","1","1","2"
"大同总兵官姜应熊","1","1","2"
"总兵官戚继光大败","1","1","2"
"户部主事海瑞上疏","1","1","2"
"太监苗逵监督军务","1","1","2"
"右都御史史琳提督","1","1","2"
"都御史史琳提督军","1","1","2"
"御史史琳提督军务","1","1","2"
"乱政内臣马永成等","1","1","2"
"政内臣马永成等八","1","1","2"
"内臣马永成等八人","1","1","2"
"御史薄彦徽等二十","1","1","2"
"史薄彦徽等二十一","1","1","2"
"薄彦徽等二十一人","1","1","2"
"南京户部尚书杨廷","1","1","2"
"南京工部侍郎毕亨","1","1","2"
"总制尚书才宽战死","1","1","2"
"谢迁等六百七十五","1","1","2"
"迁等六百七十五人","1","1","2"
"右都御史王哲巡视","1","1","2"
"都御史王哲巡视南","1","1","2"
"杀巡抚都御史安惟","1","1","2"
"巡抚都御史安惟学","1","1","2"
"右都御史杨一清总","1","1","2"
"都御史杨一清总制","1","1","2"
"御史杨一清总制宁","1","1","2"
"史杨一清总制宁夏","1","1","2"
"吏部尚书张彩下狱","1","1","2"
"封义子指挥同知朱","1","1","2"
"义子指挥同知朱德","1","1","2"
"右都御史马中锡提","1","1","2"
"都御史马中锡提督","1","1","2"
"御史马中锡提督军","1","1","2"
"史马中锡提督军务","1","1","2"
"江西贼杀副使周宪","1","1","2"
"陆完追歼刘七等贼","1","1","2"
"赐义子一百二十七","1","1","2"
"义子一百二十七人","1","1","2"
"右副都御史俞谏代","1","1","2"
"南京刑部侍郎邓璋","1","1","2"
"彭泽总督甘肃军务","1","1","2"
"太监张永提督军务","1","1","2"
"男子三千四百余人","1","1","2"
"子三千四百余人充","1","1","2"
"太监张忠监督军务","1","1","2"
"巡关御史张钦闭关","1","1","2"
"关御史张钦闭关拒","1","1","2"
"将军总兵官朱寿亲","1","1","2"
"武大将军总兵官太","1","1","2"
"大将军总兵官太师","1","1","2"
"将军总兵官太师镇","1","1","2"
"军总兵官太师镇国","1","1","2"
"总兵官太师镇国公","1","1","2"
"兵官太师镇国公朱","1","1","2"
"官太师镇国公朱寿","1","1","2"
"太师镇国公朱寿将","1","1","2"
"师镇国公朱寿将巡","1","1","2"
"金吾卫都指挥佥事","1","1","2"
"吾卫都指挥佥事张","1","1","2"
"卫都指挥佥事张英","1","1","2"
"巡抚江西右副都御","1","1","2"
"抚江西右副都御史","1","1","2"
"江西右副都御史孙","1","1","2"
"西右副都御史孙燧","1","1","2"
"南昌兵备副使许逵","1","1","2"
"昌兵备副使许逵死","1","1","2"
"提督南赣汀漳军务","1","1","2"
"督南赣汀漳军务副","1","1","2"
"南赣汀漳军务副都","1","1","2"
"赣汀漳军务副都御","1","1","2"
"汀漳军务副都御史","1","1","2"
"漳军务副都御史王","1","1","2"
"军务副都御史王守","1","1","2"
"务副都御史王守仁","1","1","2"
"巡抚云南副都御史","1","1","2"
"抚云南副都御史何","1","1","2"
"云南副都御史何孟","1","1","2"
"南副都御史何孟春","1","1","2"
"副都御史何孟春讨","1","1","2"
"抚四川都御史张瓒","1","1","2"
"左通政方贤下西厂","1","1","2"
"通政方贤下西厂狱","1","1","2"
"总督两广军务都御","1","1","2"
"督两广军务都御史","1","1","2"
"两广军务都御史朱","1","1","2"
"广军务都御史朱英","1","1","2"
"总兵官平乡伯陈政","1","1","2"
"太监怀恩同法司录","2","0","2"
"监怀恩同法司录囚","2","0","2"
"饶州烧造御器内臣","1","1","2"
"太监张善监督军务","1","1","2"
"同总督尚书余子俊","1","1","2"
"通政司参议田景贤","1","1","2"
"政司参议田景贤巡","1","1","2"
"司参议田景贤巡视","1","1","2"
"参议田景贤巡视大","1","1","2"
"议田景贤巡视大同","1","1","2"
"洪武二十五年九月","1","1","2"
"云南总兵官西平侯","1","1","2"
"南总兵官西平侯沐","1","1","2"
"总兵官西平侯沐春","1","1","2"
"北平都指挥张信叛","1","1","2"
"指挥滕聚等皆战死","1","1","2"
"诏中官奉使侵暴吏","1","1","2"
"中官奉使侵暴吏民","1","1","2"
"官奉使侵暴吏民者","1","1","2"
"指挥王礼等叛降燕","1","1","2"
"镇江守将童俊叛降","1","1","2"
"江守将童俊叛降燕","1","1","2"
"四川提学副使冯时","1","1","2"
"将军总兵官朱寿统","1","1","2"
"军总兵官朱寿统率","1","1","2"
"总兵官朱寿统率六","1","1","2"
"兵官朱寿统率六军","1","1","2"
"两江口长官彭胜祖","1","1","2"
"江口长官彭胜祖违","1","1","2"
"慈炎招降峒贼张安","1","1","2"
"公卿贤士日论治道","1","1","2"
"中官张钦义子李贤","1","1","2"
"丞相失烈门等数十","1","1","2"
"礼部尚书林尧俞言","2","0","2"
"太原左卫指挥同知","1","1","2"
"正统元年会试第一","1","1","2"
"亲军卫指挥使司十","1","1","2"
"军卫指挥使司十七","1","1","2"
"初命侍郎总督粮储","1","1","2"
"江夏侯周德兴讨平","1","1","2"
"太监李奇茂监视陕","1","1","2"
"监李奇茂监视陕西","1","1","2"
"李奇茂监视陕西茶","1","1","2"
"奇茂监视陕西茶马","1","1","2"
"吴直监视登岛兵粮","1","1","2"
"兵部尚书高第经略","1","1","2"
"部尚书高第经略辽","1","1","2"
"左都御史王翱总督","1","1","2"
"都御史王翱总督两","1","1","2"
"御史王翱总督两广","1","1","2"
"史王翱总督两广军","1","1","2"
"王翱总督两广军务","1","1","2"
"上慈寿皇太后尊号","1","1","2"
"穆宗契天隆道渊懿","1","1","2"
"宗契天隆道渊懿宽","1","1","2"
"契天隆道渊懿宽仁","1","1","2"
"天隆道渊懿宽仁显","1","1","2"
"隆道渊懿宽仁显文","1","1","2"
"道渊懿宽仁显文光","1","1","2"
"渊懿宽仁显文光武","1","1","2"
"懿宽仁显文光武纯","1","1","2"
"宽仁显文光武纯德","1","1","2"
"仁显文光武纯德弘","1","1","2"
"显文光武纯德弘孝","1","1","2"
"文光武纯德弘孝庄","1","1","2"
"光武纯德弘孝庄皇","1","1","2"
"武纯德弘孝庄皇帝","1","1","2"
"杖刑部员外郎林俊","1","1","2"
"亨佩征西前将军印","1","1","2"
"杀懿州路总管吕震","1","1","2"
"胡海分道进攻赤水","1","1","2"
"海分道进攻赤水河","1","1","2"
"分道进攻赤水河路","1","1","2"
"太祖命大将军徐达","1","1","2"
"祖命大将军徐达总","1","1","2"
"英武卫亲军指挥使","1","1","2"
"陕西行都督府佥事","1","1","2"
"云南巡抚都御史何","1","1","2"
"南巡抚都御史何孟","1","1","2"
"巡抚都御史何孟春","1","1","2"
"抚都御史何孟春请","1","1","2"
"翊运推诚宣德靖远","1","1","2"
"运推诚宣德靖远功","1","1","2"
"推诚宣德靖远功臣","1","1","2"
"太子爱猷识里达腊","1","1","2"
"子爱猷识里达腊新","1","1","2"
"爱猷识里达腊新立","1","1","2"
"虎贲卫千户所镇抚","1","1","2"
"丰城侯李彬等十八","1","1","2"
"左副将军西平侯沐","1","1","2"
"副将军西平侯沐晟","1","1","2"
"参赞南京守备襄城","1","1","2"
"赞南京守备襄城伯","1","1","2"
"南京守备襄城伯李","1","1","2"
"京守备襄城伯李隆","1","1","2"
"守备襄城伯李隆机","1","1","2"
"备襄城伯李隆机务","1","1","2"
"永乐四年大征安南","1","1","2"
"十八年十二月定都","1","1","2"
"八年十二月定都北","1","1","2"
"年十二月定都北京","1","1","2"
"魏国公徐达战灰山","1","1","2"
"西平侯沐英征云南","1","1","2"
"龙州知州薛继贤击","1","1","2"
"州知州薛继贤击贼","1","1","2"
"沙州卫都督喃哥兄","1","1","2"
"州卫都督喃哥兄弟","1","1","2"
"燕山右护卫指挥佥","1","1","2"
"山右护卫指挥佥事","1","1","2"
"事中葛绍祖巡抚四","1","1","2"
"中葛绍祖巡抚四川","1","1","2"
"大臣考察天下方面","1","1","2"
"臣考察天下方面官","1","1","2"
"孔友谅等七人历事","1","1","2"
"友谅等七人历事六","1","1","2"
"谅等七人历事六科","1","1","2"
"太祖孝慈高皇后马","1","1","2"
"祖孝慈高皇后马氏","1","1","2"
"崇祯六年授衡阳知","1","1","2"
"祯六年授衡阳知县","1","1","2"
"成化三年封庆云伯","1","1","2"
"改称皇伯母昭圣皇","1","1","2"
"称皇伯母昭圣皇太","1","1","2"
"皇伯母昭圣皇太后","1","1","2"
"庄烈帝生母孝纯皇","1","1","2"
"烈帝生母孝纯皇太","1","1","2"
"帝生母孝纯皇太后","1","1","2"
"魏忠贤尽毁天下书","1","1","2"
"忠贤尽毁天下书院","1","1","2"
"迤北部长四十九人","1","1","2"
"强占丹阳练湖八十","1","1","2"
"占丹阳练湖八十余","1","1","2"
"丹阳练湖八十余里","1","1","2"
"江阴官田七十余顷","1","1","2"
"圣子圣孙继继绳绳","1","1","2"
"黄淮等五人二品纱","1","1","2"
"淮等五人二品纱罗","1","1","2"
"等五人二品纱罗衣","1","1","2"
"礼部郎中周讷请封","1","1","2"
"部郎中周讷请封禅","1","1","2"
"左班文职奸臣罪状","1","1","2"
"帐前总制亲兵左副","1","1","2"
"前总制亲兵左副指","1","1","2"
"总制亲兵左副指挥","1","1","2"
"制亲兵左副指挥使","1","1","2"
"约张士诚合攻应天","1","1","2"
"帐前亲兵副都指挥","1","1","2"
"前亲兵副都指挥使","1","1","2"
"改永兴翼元帅府永","2","0","2"
"永兴翼元帅府永兴","2","0","2"
"兴卫亲军指挥使司","1","1","2"
"泾阳洪渠十万余丈","1","1","2"
"秦王左相都督佥事","1","1","2"
"十七年论平云南功","2","0","2"
"副征西将军耿炳文","1","1","2"
"授锦衣卫指挥佥事","2","0","2"
"北平行省参知政事","1","1","2"
"江淮行省平章政事","1","1","2"
"山东行省平章政事","1","1","2"
"入土豪赤塘王总管","1","1","2"
"王弼洱水东趋上关","2","0","2"
"讨平澧州九溪诸蛮","1","1","2"
"平澧州九溪诸蛮寇","1","1","2"
"福州卫都指挥副使","1","1","2"
"复命署都指挥使司","1","1","2"
"命署都指挥使司事","1","1","2"
"南海官军三百余人","1","1","2"
"陈猱头等二十余人","1","1","2"
"江西等处行中书省","1","1","2"
"西等处行中书省平","1","1","2"
"等处行中书省平章","1","1","2"
"处行中书省平章政","1","1","2"
"行中书省平章政事","1","1","2"
"福清宣慰使陈瑞孙","1","1","2"
"元世祖第五子云南","1","1","2"
"世祖第五子云南王","1","1","2"
"祖第五子云南王忽","1","1","2"
"第五子云南王忽哥","1","1","2"
"五子云南王忽哥赤","1","1","2"
"遣湖广参政吴云偕","1","1","2"
"大军所获云南使臣","1","1","2"
"军所获云南使臣铁","1","1","2"
"所获云南使臣铁知","1","1","2"
"获云南使臣铁知院","1","1","2"
"云南使臣铁知院等","1","1","2"
"洪武十四年十二月","1","1","2"
"司徒平章达里麻率","1","1","2"
"攻张士诚升山水寨","1","1","2"
"乔右丞等三十四人","1","1","2"
"降将杜旺等十一人","1","1","2"
"天策卫亲军指挥使","1","1","2"
"副枢失剌罕等七十","1","1","2"
"同佥忻都等五十四","1","1","2"
"佥忻都等五十四人","1","1","2"
"山西都司卫所军务","1","1","2"
"元参政毛贵等三十","1","1","2"
"参政毛贵等三十人","1","1","2"
"元平章刘麟等十八","1","1","2"
"平章刘麟等十八人","1","1","2"
"省院等官二十五人","1","1","2"
"浙东山寇叶丁香等","1","1","2"
"置贵州都指挥使司","1","1","2"
"三年坐胡惟庸党死","2","0","2"
"江淮行省中书左丞","1","1","2"
"湖广安福所千户夏","1","1","2"
"广安福所千户夏德","1","1","2"
"安福所千户夏德忠","1","1","2"
"中书省设御座行礼","1","1","2"
"开国翊运守正文臣","1","1","2"
"征召四方儒士张唯","1","1","2"
"召四方儒士张唯等","1","1","2"
"四方儒士张唯等数","1","1","2"
"方儒士张唯等数十","1","1","2"
"儒士张唯等数十人","1","1","2"
"主事茹太素上书万","1","1","2"
"事茹太素上书万余","1","1","2"
"茹太素上书万余言","1","1","2"
"元勋巨卿碑记刻石","1","1","2"
"浙东都元帅府佥事","1","1","2"
"浙东设提刑按察使","1","1","2"
"浙东按察使宋思颜","1","1","2"
"旧部义兵分布要害","1","1","2"
"诸将攻破海牙水寨","1","1","2"
"平章长加奴等二十","1","1","2"
"章长加奴等二十七","1","1","2"
"长加奴等二十七人","1","1","2"
"江淮行省参知政事","1","1","2"
"获平章邓孛罗帖木","1","1","2"
"同佥蒋达等八十余","1","1","2"
"佥蒋达等八十余人","1","1","2"
"全州守将平章阿思","1","1","2"
"州守将平章阿思兰","1","1","2"
"获将士九千七百余","1","1","2"
"将士九千七百余人","1","1","2"
"将士八万四千五百","1","1","2"
"士八万四千五百余","1","1","2"
"八万四千五百余人","1","1","2"
"中书右丞相参军国","1","1","2"
"书右丞相参军国事","1","1","2"
"垦田一千三百余顷","1","1","2"
"行省都督马步水军","1","1","2"
"省都督马步水军大","1","1","2"
"都督马步水军大元","1","1","2"
"督马步水军大元帅","1","1","2"
"俘杀吴兵五千余人","1","1","2"
"中书平章军国重事","1","1","2"
"平章鼎住等将士万","1","1","2"
"章鼎住等将士万人","1","1","2"
"余寇金子隆等聚众","1","1","2"
"元太师蛮子哈剌章","1","1","2"
"友谅抚州守将邓克","1","1","2"
"谅抚州守将邓克明","1","1","2"
"佐大都督朱文正镇","1","1","2"
"史国公等二十六人","1","1","2"
"海设卫所城五十九","1","1","2"
"国公傅友德讨平东","1","1","2"
"公傅友德讨平东川","1","1","2"
"傅友德讨平东川蛮","1","1","2"
"降臣枢密使延安答","1","1","2"
"臣枢密使延安答理","1","1","2"
"枢密使延安答理护","1","1","2"
"壮士李伯升等十八","1","1","2"
"士李伯升等十八人","1","1","2"
"李伯升等十八人杀","1","1","2"
"江浙右丞相达识帖","1","1","2"
"浙右丞相达识帖睦","1","1","2"
"右丞相达识帖睦迩","1","1","2"
"大司农达识帖睦迩","1","1","2"
"诱杀台州路达鲁花","1","1","2"
"杀台州路达鲁花赤","1","1","2"
"台州路达鲁花赤泰","1","1","2"
"江浙行省左丞相衢","1","1","2"
"浙行省左丞相衢国","1","1","2"
"行省左丞相衢国公","1","1","2"
"铁索横断瞿塘峡口","1","1","2"
"正统十年诬奏镇守","1","1","2"
"统十年诬奏镇守都","1","1","2"
"十年诬奏镇守都御","1","1","2"
"年诬奏镇守都御史","1","1","2"
"诬奏镇守都御史陈","1","1","2"
"奏镇守都御史陈镒","1","1","2"
"内使刘信等数十人","1","1","2"
"使刘信等数十人告","1","1","2"
"擅取屯粮十万余石","1","1","2"
"嘉靖二十四年正月","1","1","2"
"靖二十四年正月十","1","1","2"
"二十四年正月十八","1","1","2"
"十四年正月十八日","1","1","2"
"命吏部尚书王直会","1","1","2"
"陕西佥事马英激肃","1","1","2"
"西佥事马英激肃州","1","1","2"
"佥事马英激肃州番","1","1","2"
"廷臣二十六人巡抚","1","1","2"
"臣二十六人巡抚天","1","1","2"
"二十六人巡抚天下","1","1","2"
"松江知府黄子威诬","1","1","2"
"都督佥事李谦守独","1","1","2"
"督佥事李谦守独石","1","1","2"
"劾万全卫指挥杜衡","1","1","2"
"奏大同总兵官谭广","1","1","2"
"设汉中镇守都指挥","1","1","2"
"汉中镇守都指挥使","1","1","2"
"尚书王骥整饬甘肃","1","1","2"
"书王骥整饬甘肃边","1","1","2"
"王骥整饬甘肃边务","1","1","2"
"望祭安南境内山川","1","1","2"
"城栅桥舰相连九百","1","1","2"
"栅桥舰相连九百余","1","1","2"
"桥舰相连九百余里","1","1","2"
"晟合军进攻多邦城","1","1","2"
"伪太子诸王将相大","1","1","2"
"太子诸王将相大臣","1","1","2"
"子诸王将相大臣等","1","1","2"
"辅就叱览山伐木造","1","1","2"
"生擒伪元帅邓宗稷","1","1","2"
"擒伪元帅邓宗稷等","1","1","2"
"宜令广东海运二十","1","1","2"
"操备营缮军士十万","1","1","2"
"备营缮军士十万人","1","1","2"
"京仓口粮六十万石","1","1","2"
"发附近居民五万人","1","1","2"
"命吏部郎中赵新等","1","1","2"
"后进少年高坐公堂","1","1","2"
"命成山侯王通佩征","1","1","2"
"成山侯王通佩征夷","1","1","2"
"山侯王通佩征夷将","1","1","2"
"侯王通佩征夷将军","1","1","2"
"清化府土巡检黎利","1","1","2"
"化府土巡检黎利反","1","1","2"
"累迁左军都督佥事","2","0","2"
"获伪尚书阮希周等","1","1","2"
"都指挥卫青力战解","1","1","2"
"总兵官丰城侯李彬","1","1","2"
"右布政使萧省身绳","1","1","2"
"三万三千四百余户","1","1","2"
"二千九百八十余顷","1","1","2"
"应减税十四万九千","1","1","2"
"减税十四万九千余","1","1","2"
"税十四万九千余石","1","1","2"
"秋粮二百七十七万","1","1","2"
"粮二百七十七万九","1","1","2"
"二百七十七万九千","1","1","2"
"二百六十二万五千","1","1","2"
"百六十二万五千余","1","1","2"
"六十二万五千余石","1","1","2"
"均徭户六十人添办","1","1","2"
"刑部员外郎李行会","1","1","2"
"劾大学士刘吉等十","1","1","2"
"大学士刘吉等十余","1","1","2"
"学士刘吉等十余人","1","1","2"
"府赎罪米四万二千","1","1","2"
"赎罪米四万二千余","1","1","2"
"罪米四万二千余石","1","1","2"
"年七月赐玺书奖励","1","1","2"
"都督同知郑铭镇守","1","1","2"
"督同知郑铭镇守陕","1","1","2"
"同知郑铭镇守陕西","1","1","2"
"造海运巨舰数十艘","1","1","2"
"侍郎罗汝敬巡抚陕","1","1","2"
"郎罗汝敬巡抚陕西","1","1","2"
"教官方瑞等四十余","1","1","2"
"官方瑞等四十余人","1","1","2"
"南京右都御史熊概","1","1","2"
"京右都御史熊概代","1","1","2"
"右都御史熊概代理","1","1","2"
"南京督理粮储缺官","1","1","2"
"禄佩镇朔大将军印","1","1","2"
"指挥王雄等七十一","1","1","2"
"挥王雄等七十一人","1","1","2"
"军民二千二百余人","1","1","2"
"讨平龙溪等三十七","1","1","2"
"分路进捣麓川上江","1","1","2"
"路进捣麓川上江寨","1","1","2"
"巡抚曹翼屯田积粟","1","1","2"
"达鲁花赤等三十人","1","1","2"
"广西巡按御史端宏","1","1","2"
"纪功兵部员外郎张","1","1","2"
"功兵部员外郎张谨","1","1","2"
"知安定指挥哈三孙","1","1","2"
"安定指挥哈三孙散","1","1","2"
"定指挥哈三孙散哥","1","1","2"
"金齿芒市长官刀放","1","1","2"
"齿芒市长官刀放革","1","1","2"
"结麓川遗孽思卜发","1","1","2"
"都指挥邓铎协同守","1","1","2"
"指挥邓铎协同守备","1","1","2"
"总兵官任礼收捕沙","1","1","2"
"兵官任礼收捕沙洲","1","1","2"
"官任礼收捕沙洲卫","1","1","2"
"任礼收捕沙洲卫都","1","1","2"
"礼收捕沙洲卫都督","1","1","2"
"收捕沙洲卫都督喃","1","1","2"
"捕沙洲卫都督喃哥","1","1","2"
"木头沟直抵炮架山","1","1","2"
"头沟直抵炮架山下","1","1","2"
"浚鱼王口黄河故道","1","1","2"
"山西巡按御史张勖","1","1","2"
"大理寺少卿程富代","1","1","2"
"八百四十九万余顷","1","1","2"
"饥民二十六万五千","1","1","2"
"宁州同知潘叔正上","1","1","2"
"工部侍郎蒋廷瓒会","1","1","2"
"议造浅船二千余艘","1","1","2"
"所属朵颜三卫骑兵","1","1","2"
"锦衣卫指挥逯杲听","1","1","2"
"典仗查武等数百人","1","1","2"
"汀赣巡抚佥都御史","1","1","2"
"赣巡抚佥都御史王","1","1","2"
"巡抚佥都御史王守","1","1","2"
"抚佥都御史王守仁","1","1","2"
"吉安知府伍文定等","1","1","2"
"白塔河上通邵伯湖","1","1","2"
"士民三万人哭泣攀","1","1","2"
"南京刑部侍郎齐韶","1","1","2"
"十三道掌道御史张","1","1","2"
"三道掌道御史张鹏","1","1","2"
"海盐堤岸二千三百","1","1","2"
"盐堤岸二千三百丈","1","1","2"
"世袭杭州卫副千户","1","1","2"
"襄城伯李隆守备南","1","1","2"
"城伯李隆守备南京","1","1","2"
"上尊谥曰孝慈昭宪","2","0","2"
"尊谥曰孝慈昭宪仁","2","0","2"
"谥曰孝慈昭宪仁文","2","0","2"
"曰孝慈昭宪仁文德","2","0","2"
"孝慈昭宪仁文德承","2","0","2"
"慈昭宪仁文德承天","2","0","2"
"昭宪仁文德承天顺","2","0","2"
"宪仁文德承天顺圣","2","0","2"
"曰孝慈贞化哲顺仁","2","0","2"
"顺仁徽成天育圣德","2","0","2"
"仁徽成天育圣德高","2","0","2"
"徽成天育圣德高皇","2","0","2"
"成天育圣德高皇后","2","0","2"
"成祖仁孝皇后徐氏","1","1","2"
"仁孝慈懿诚明庄献","1","1","2"
"孝慈懿诚明庄献配","1","1","2"
"慈懿诚明庄献配天","1","1","2"
"懿诚明庄献配天齐","1","1","2"
"诚明庄献配天齐圣","1","1","2"
"明庄献配天齐圣文","1","1","2"
"庄献配天齐圣文皇","1","1","2"
"献配天齐圣文皇后","1","1","2"
"方孝孺诸臣遗书者","1","1","2"
"孝孺诸臣遗书者死","1","1","2"
"诚孝恭肃明德弘仁","1","1","2"
"孝恭肃明德弘仁顺","1","1","2"
"恭肃明德弘仁顺天","1","1","2"
"肃明德弘仁顺天启","1","1","2"
"明德弘仁顺天启圣","1","1","2"
"德弘仁顺天启圣昭","1","1","2"
"弘仁顺天启圣昭皇","1","1","2"
"仁顺天启圣昭皇后","1","1","2"
"诚顺康穆静慈章皇","1","1","2"
"顺康穆静慈章皇后","1","1","2"
"柏贤妃生悼恭太子","1","1","2"
"孝穆慈慧恭恪庄僖","1","1","2"
"穆慈慧恭恪庄僖崇","1","1","2"
"慈慧恭恪庄僖崇天","1","1","2"
"慧恭恪庄僖崇天承","1","1","2"
"恭恪庄僖崇天承圣","1","1","2"
"恪庄僖崇天承圣纯","1","1","2"
"庄僖崇天承圣纯皇","1","1","2"
"僖崇天承圣纯皇后","1","1","2"
"推诚宣力武臣特进","1","1","2"
"诚宣力武臣特进光","1","1","2"
"宣力武臣特进光禄","1","1","2"
"力武臣特进光禄大","1","1","2"
"武臣特进光禄大夫","1","1","2"
"臣特进光禄大夫柱","1","1","2"
"进光禄大夫柱国庆","1","1","2"
"光禄大夫柱国庆元","1","1","2"
"禄大夫柱国庆元伯","1","1","2"
"安南都统使莫福海","1","1","2"
"大猷先后杀倭四五","1","1","2"
"猷先后杀倭四五千","1","1","2"
"福建总兵官戚继光","1","1","2"
"巡抚殷正茂征兵十","1","1","2"
"抚殷正茂征兵十四","1","1","2"
"殷正茂征兵十四万","1","1","2"
"海门卫新河所百户","1","1","2"
"屡进署都指挥佥事","2","0","2"
"通判赵士宽率民固","1","1","2"
"判赵士宽率民固守","1","1","2"
"训导卢大受督民守","1","1","2"
"导卢大受督民守御","1","1","2"
"监军佥事张大经奉","1","1","2"
"奏除齐泰姻戚子孙","1","1","2"
"除齐泰姻戚子孙军","1","1","2"
"齐泰姻戚子孙军籍","1","1","2"
"泰姻戚子孙军籍二","1","1","2"
"姻戚子孙军籍二十","1","1","2"
"戚子孙军籍二十六","1","1","2"
"子孙军籍二十六家","1","1","2"
"守墓户二百一十家","1","1","2"
"授府军前卫指挥使","1","1","2"
"加号奉天翊卫推诚","1","1","2"
"号奉天翊卫推诚宣","1","1","2"
"奉天翊卫推诚宣力","1","1","2"
"天翊卫推诚宣力武","1","1","2"
"翊卫推诚宣力武臣","1","1","2"
"子琏授锦衣卫指挥","1","1","2"
"琏授锦衣卫指挥使","1","1","2"
"命继宗提督十二团","1","1","2"
"继宗提督十二团营","1","1","2"
"建昌侯张延龄争田","1","1","2"
"二十一年封长宁伯","1","1","2"
"南京锦衣卫指挥同","1","1","2"
"京锦衣卫指挥同知","1","1","2"
"嘉靖元年授鸿胪卿","1","1","2"
"遣司礼监太监王裕","1","1","2"
"司礼监太监王裕民","1","1","2"
"礼监太监王裕民同","1","1","2"
"监太监王裕民同武","1","1","2"
"太监王裕民同武英","1","1","2"
"监王裕民同武英殿","1","1","2"
"王裕民同武英殿中","1","1","2"
"裕民同武英殿中书","1","1","2"
"宛平太学生申湛然","1","1","2"
"命文武勋戚分守京","1","1","2"
"文武勋戚分守京城","1","1","2"
"同兄文炳毕命报国","1","1","2"
"兄文炳毕命报国处","1","1","2"
"承天巡抚王扬基率","1","1","2"
"天巡抚王扬基率所","1","1","2"
"巡抚王扬基率所部","1","1","2"
"抚王扬基率所部千","1","1","2"
"王扬基率所部千人","1","1","2"
"湖广巡抚王聚奎远","1","1","2"
"广巡抚王聚奎远驻","1","1","2"
"巡按御史刘熙祚令","1","1","2"
"按御史刘熙祚令道","1","1","2"
"御史刘熙祚令道宪","1","1","2"
"史刘熙祚令道宪募","1","1","2"
"刘熙祚令道宪募兵","1","1","2"
"良筹号召远近诸寨","1","1","2"
"巡按御史张孙振诬","1","1","2"
"按御史张孙振诬劾","1","1","2"
"御史张孙振诬劾提","1","1","2"
"史张孙振诬劾提学","1","1","2"
"张孙振诬劾提学佥","1","1","2"
"孙振诬劾提学佥事","1","1","2"
"振诬劾提学佥事袁","1","1","2"
"诬劾提学佥事袁继","1","1","2"
"劾提学佥事袁继咸","1","1","2"
"率诸将王世钦等数","1","1","2"
"诸将王世钦等数十","1","1","2"
"将王世钦等数十人","1","1","2"
"王世钦等数十人誓","1","1","2"
"世钦等数十人誓死","1","1","2"
"钦等数十人誓死守","1","1","2"
"山西监司王肇生合","1","1","2"
"西监司王肇生合兵","1","1","2"
"太常寺卿耀州宋师","1","1","2"
"常寺卿耀州宋师襄","1","1","2"
"大将军徐达征陕西","1","1","2"
"河东盐运判官济南","1","1","2"
"上皇君临天下十四","1","1","2"
"皇君临天下十四年","1","1","2"
"降授锦衣卫指挥同","1","1","2"
"继祖守皇城东安门","1","1","2"
"督饷员外郎王家录","1","1","2"
"将孙枝秀跃马追贼","2","0","2"
"廷诸臣敢诳陛下者","2","0","2"
"俺答父子兄弟横行","1","1","2"
"答父子兄弟横行四","1","1","2"
"独佥都御史李棠极","1","1","2"
"副总兵赵完责汝翼","2","0","2"
"总兵赵完责汝翼启","2","0","2"
"兵赵完责汝翼启衅","2","0","2"
"进退边将皆敌主矣","2","0","2"
"浙江巡抚吴善言奉","1","1","2"
"江巡抚吴善言奉诏","1","1","2"
"巡抚吴善言奉诏减","1","1","2"
"河道都御史潘季驯","1","1","2"
"近河道都御史翁大","1","1","2"
"河道都御史翁大立","1","1","2"
"道都御史翁大立奏","1","1","2"
"都御史翁大立奏请","1","1","2"
"御史翁大立奏请裁","1","1","2"
"巡抚都御史梁梦龙","1","1","2"
"抚都御史梁梦龙毅","1","1","2"
"都御史梁梦龙毅然","1","1","2"
"令王宗载巡抚江西","1","1","2"
"翰林院侍讲赵志皋","1","1","2"
"告播州宣慰使杨应","1","1","2"
"州宣慰使杨应龙叛","1","1","2"
"贵州巡抚叶梦熊请","1","1","2"
"吏部尚书孙丕扬掌","1","1","2"
"劾文选郎蒋时馨受","1","1","2"
"文选郎蒋时馨受贿","1","1","2"
"常州知府欧阳东凤","1","1","2"
"南畿督学御史德清","1","1","2"
"畿督学御史德清人","1","1","2"
"督学御史德清人房","1","1","2"
"学御史德清人房寰","1","1","2"
"令九卿约束办事进","1","1","2"
"九卿约束办事进士","1","1","2"
"京太仆卿沈思孝上","1","1","2"
"南京御史陈邦科请","1","1","2"
"工部主事岳元声合","1","1","2"
"御史周家栋指陈时","1","1","2"
"史周家栋指陈时政","1","1","2"
"故赞画主事刘国缙","2","0","2"
"顾宪成等二十二人","1","1","2"
"劾稽勋员外郎虞淳","1","1","2"
"稽勋员外郎虞淳熙","1","1","2"
"举嘉靖四十一年进","2","0","2"
"寻左侍郎擢南京右","2","0","2"
"左侍郎擢南京右都","2","0","2"
"侍郎擢南京右都御","2","0","2"
"郎擢南京右都御史","2","0","2"
"江西提学佥事马犹","1","1","2"
"西提学佥事马犹龙","1","1","2"
"科道钱梦皋等十人","1","1","2"
"御史钱一本等十三","1","1","2"
"史钱一本等十三人","1","1","2"
"事中钟羽正等十五","1","1","2"
"中钟羽正等十五人","1","1","2"
"兵部尚书萧大亨主","1","1","2"
"邹元标等九十六人","1","1","2"
"户部尚书赵世卿代","1","1","2"
"宣府黑龙湾石崖稍","1","1","2"
"府黑龙湾石崖稍险","1","1","2"
"工部尚书欧阳必进","1","1","2"
"总兵官戚继光合兵","1","1","2"
"操江佥都御史吕藿","1","1","2"
"劾山海同知罗大器","1","1","2"
"取黄金三千二百两","1","1","2"
"右佥都御史巡抚贵","1","1","2"
"佥都御史巡抚贵州","1","1","2"
"右布政使移守宣府","1","1","2"
"宁远诸卫远戍广西","1","1","2"
"周敦颐父辅成祀启","2","0","2"
"敦颐父辅成祀启圣","2","0","2"
"顺天考官张一桂私","1","1","2"
"吏部员外郎赵南星","1","1","2"
"刑部主事吴正志上","1","1","2"
"部主事吴正志上疏","1","1","2"
"吏部尚书陆光祖拟","1","1","2"
"事中胡汝宁攻击饶","1","1","2"
"中胡汝宁攻击饶伸","1","1","2"
"春秋经传附录纂疏","1","1","2"
"成化十三年乡试第","1","1","2"
"化十三年乡试第一","1","1","2"
"刘大夏等三十余人","1","1","2"
"周易乾坤二卦解义","1","1","2"
"江西巡抚韩雍备礼","1","1","2"
"岂容先生久窃虚名","1","1","2"
"孟子所谓良知良能","1","1","2"
"佐尚书孙丕扬澄清","1","1","2"
"尚书孙丕扬澄清吏","1","1","2"
"书孙丕扬澄清吏治","1","1","2"
"命调南京工部右侍","1","1","2"
"调南京工部右侍郎","1","1","2"
"逮考官谕德江汝璧","1","1","2"
"汝芳门人礼部侍郎","1","1","2"
"芳门人礼部侍郎杨","1","1","2"
"江南儒学提举司校","1","1","2"
"南儒学提举司校理","1","1","2"
"江北行省儒学提举","1","1","2"
"御史台治书侍御史","1","1","2"
"江西行枢密院都事","1","1","2"
"授翰林院国史编修","1","1","2"
"翰林院国史编修官","1","1","2"
"故欧阳修奏请宰相","1","1","2"
"欧阳修奏请宰相监","1","1","2"
"阳修奏请宰相监修","1","1","2"
"授中都国子监典簿","1","1","2"
"宁武守备猛忠战死","1","1","2"
"命希学袭封衍圣公","1","1","2"
"大河南北皆称谢榛","1","1","2"
"河南北皆称谢榛先","1","1","2"
"南北皆称谢榛先生","1","1","2"
"天启二年授滕县知","1","1","2"
"启二年授滕县知县","1","1","2"
"故延绥巡抚董国光","1","1","2"
"嘉靖四十三年乡试","1","1","2"
"立岁终考察群吏法","1","1","2"
"举万历二十三年进","2","0","2"
"礼部精膳司员外郎","1","1","2"
"上书吏部尚书许进","1","1","2"
"明上书吏部尚书杨","1","1","2"
"上书吏部尚书杨一","1","1","2"
"书吏部尚书杨一清","1","1","2"
"弘治十一年乡试第","1","1","2"
"治十一年乡试第一","1","1","2"
"天下名士正德十二","1","1","2"
"下名士正德十二年","1","1","2"
"正德八年乡试第一","1","1","2"
"论江西税使潘相擅","1","1","2"
"河南布政使郭尚友","1","1","2"
"南京户部尚书张士","1","1","2"
"京户部尚书张士佩","1","1","2"
"元标复上时政六事","2","0","2"
"南京御史王允成等","1","1","2"
"沈正宗等二十二人","1","1","2"
"时刑部尚书黄克缵","1","1","2"
"举万历十七年进士","2","0","2"
"顺庆推官郭象仪等","1","1","2"
"杨述中总督贵州军","1","1","2"
"述中总督贵州军务","1","1","2"
"四川总兵官侯良柱","1","1","2"
"阿迷州土官普名声","1","1","2"
"四川巡按御史刘宗","1","1","2"
"川巡按御史刘宗祥","1","1","2"
"论兵部尚书崔景荣","1","1","2"
"冬十月辛丑朔日食","2","0","2"
"劾兵部尚书黄嘉善","1","1","2"
"前奸细韩宗功潜入","1","1","2"
"奸细韩宗功潜入长","1","1","2"
"细韩宗功潜入长安","1","1","2"
"五年七月二十六日","1","1","2"
"吏部尚书赵南星等","1","1","2"
"四十三年五月初四","1","1","2"
"东华门守卫指挥朱","1","1","2"
"华门守卫指挥朱雄","1","1","2"
"门守卫指挥朱雄等","1","1","2"
"巡皇城御史刘廷元","1","1","2"
"刑部山东司郎中胡","1","1","2"
"部山东司郎中胡士","1","1","2"
"山东司郎中胡士相","1","1","2"
"九卿科道三法司会","1","1","2"
"邓川土官知州何钰","1","1","2"
"朝鲜都元帅姜弘立","1","1","2"
"副将吴子忠击破丢","1","1","2"
"将吴子忠击破丢骨","1","1","2"
"令都指挥李献忠等","1","1","2"
"斩首一千六百九十","1","1","2"
"大帅张元勋讨平巨","1","1","2"
"帅张元勋讨平巨盗","1","1","2"
"张元勋讨平巨盗赖","1","1","2"
"元勋讨平巨盗赖元","1","1","2"
"勋讨平巨盗赖元爵","1","1","2"
"湾甸土知州景宗真","1","1","2"
"朝鲜统制使李舜臣","1","1","2"
"世袭锦衣卫指挥佥","1","1","2"
"劾南京兵部尚书黄","1","1","2"
"南京兵部尚书黄克","1","1","2"
"京兵部尚书黄克缵","1","1","2"
"兵部尚书熊明遇奏","1","1","2"
"兵部右侍郎刘宇烈","1","1","2"
"监纪推官汪惟效等","1","1","2"
"莱州推官屈宜阳请","1","1","2"
"湖广巡抚方孔召","2","0","2"
"蓟辽总督洪承畴请","1","1","2"
"伪果毅将军谢君友","1","1","2"
"时熊文灿总理南畿","1","1","2"
"副将陈尚智扼守河","1","1","2"
"将陈尚智扼守河津","1","1","2"
"山西巡按御史汪宗","1","1","2"
"西巡按御史汪宗友","1","1","2"
"巡按御史汪宗友上","1","1","2"
"长史范志泰等官吏","1","1","2"
"史范志泰等官吏军","1","1","2"
"范志泰等官吏军民","1","1","2"
"召中军副总兵应时","1","1","2"
"中军副总兵应时盛","1","1","2"
"大学士孙承宗行边","2","0","2"
"前部赵率教相掎角","1","1","2"
"劾郎中王守履失职","1","1","2"
"襄阳兵备副使张克","1","1","2"
"阳兵备副使张克俭","1","1","2"
"山东总兵官刘泽清","1","1","2"
"天启元年乡试第一","1","1","2"
"世龙误信降人刘伯","1","1","2"
"副将娄光先等分五","1","1","2"
"世袭南京羽林左卫","1","1","2"
"袭南京羽林左卫千","1","1","2"
"南京羽林左卫千户","1","1","2"
"捷春提弱卒二万守","2","0","2"
"春提弱卒二万守重","2","0","2"
"提弱卒二万守重庆","2","0","2"
"兵部尚书范景文等","1","1","2"
"荐四川巡抚傅宗龙","1","1","2"
"四川巡抚傅宗龙代","1","1","2"
"督饷侍郎张伯鲸请","1","1","2"
"罗汝才等九营皆反","2","0","2"
"十反王杨友贤率众","1","1","2"
"礼部左侍郎东阁大","2","0","2"
"列上副将王应晖等","1","1","2"
"上副将王应晖等六","1","1","2"
"副将王应晖等六人","1","1","2"
"发丁忧侍郎蔡奕琛","1","1","2"
"丁忧侍郎蔡奕琛行","1","1","2"
"忧侍郎蔡奕琛行贿","1","1","2"
"掌都督府魏国公徐","1","1","2"
"都督府魏国公徐允","1","1","2"
"督府魏国公徐允祯","1","1","2"
"吏部尚书傅永淳等","1","1","2"
"主事朱永佑等十一","1","1","2"
"事朱永佑等十一人","1","1","2"
"蓟辽总督王象乾移","1","1","2"
"大理寺卿周应秋等","1","1","2"
"同三四百万辽民一","1","1","2"
"檄前屯守将赵率教","1","1","2"
"蓟辽总督阎鸣泰移","1","1","2"
"大学士刘鸿训等请","1","1","2"
"学士刘鸿训等请收","1","1","2"
"黜都司左良玉等四","1","1","2"
"都司左良玉等四人","1","1","2"
"登莱巡抚孙国桢免","1","1","2"
"督漕路振飞坐守淮","1","1","2"
"漕路振飞坐守淮城","1","1","2"
"举朝谋国忠诛者一","2","0","2"
"兵部主事赵士超等","1","1","2"
"永宁总兵官祖大乐","1","1","2"
"新甲请分四道夹攻","2","0","2"
"望总督陕西三边军","1","1","2"
"送合水知县蒋应昌","2","0","2"
"洪承畴总督陕西三","1","1","2"
"承畴总督陕西三边","1","1","2"
"畴总督陕西三边军","1","1","2"
"安锦副使吴麟征大","1","1","2"
"斗枢召游击刘调元","1","1","2"
"三百二十七万八千","1","1","2"
"二百九十四万八千","1","1","2"
"三百二十六万五千","1","1","2"
"光禄卿李天经先后","1","1","2"
"元年十一月乙未冬","1","1","2"
"召回回司天台官郑","1","1","2"
"回回司天台官郑阿","1","1","2"
"回司天台官郑阿里","1","1","2"
"司天台官郑阿里等","1","1","2"
"天台官郑阿里等十","1","1","2"
"台官郑阿里等十一","1","1","2"
"景泰元年正月辛卯","1","1","2"
"中官正周濂等所推","1","1","2"
"官正周濂等所推算","1","1","2"
"元辛巳二百三十五","1","1","2"
"辛巳二百三十五年","1","1","2"
"三度五十二分五十","1","1","2"
"度五十二分五十秒","1","1","2"
"二十七日四百七十","1","1","2"
"十七日四百七十五","1","1","2"
"七日四百七十五分","1","1","2"
"赤道箕宿六度四十","1","1","2"
"道箕宿六度四十七","1","1","2"
"黄道箕宿五度九十","1","1","2"
"道箕宿五度九十六","1","1","2"
"箕宿五度九十六分","1","1","2"
"宿五度九十六分四","1","1","2"
"五度九十六分四十","1","1","2"
"度九十六分四十三","1","1","2"
"九十六分四十三秒","1","1","2"
"正德九年八月辛卯","1","1","2"
"德九年八月辛卯日","1","1","2"
"九年八月辛卯日食","1","1","2"
"节气岁差一秒七十","1","1","2"
"气岁差一秒七十五","1","1","2"
"岁差一秒七十五忽","1","1","2"
"闰应十九日三十六","1","1","2"
"应十九日三十六刻","1","1","2"
"十九日三十六刻十","1","1","2"
"九日三十六刻十九","1","1","2"
"日三十六刻十九分","1","1","2"
"周三百六十五度二","1","1","2"
"三百六十五度二十","1","1","2"
"百六十五度二十五","1","1","2"
"六十五度二十五分","1","1","2"
"三百三十六限十六","1","1","2"
"百三十六限十六分","1","1","2"
"三十六限十六分六","1","1","2"
"十六限十六分六十","1","1","2"
"六限十六分六十秒","1","1","2"
"乙亥日五十刻四十","1","1","2"
"亥日五十刻四十四","1","1","2"
"日五十刻四十四分","1","1","2"
"三百六十五日四十","1","1","2"
"百六十五日四十四","1","1","2"
"六十五日四十四刻","1","1","2"
"十五日四十四刻四","1","1","2"
"五日四十四刻四十","1","1","2"
"日四十四刻四十四","1","1","2"
"四十四刻四十四分","1","1","2"
"正月甲子夜半合朔","1","1","2"
"月甲子夜半合朔雨","1","1","2"
"甲子夜半合朔雨水","1","1","2"
"一百一十五度二十","1","1","2"
"百一十五度二十一","1","1","2"
"一十五度二十一分","1","1","2"
"公十五年戊寅岁正","1","1","2"
"十五年戊寅岁正月","1","1","2"
"五年戊寅岁正月甲","1","1","2"
"年戊寅岁正月甲寅","1","1","2"
"戊寅岁正月甲寅朔","1","1","2"
"寅岁正月甲寅朔旦","1","1","2"
"岁正月甲寅朔旦冬","1","1","2"
"周天三百六十五度","1","1","2"
"天三百六十五度四","1","1","2"
"百六十五度四分度","2","0","2"
"六十五度四分度一","2","0","2"
"发钦天监参订测验","1","1","2"
"西洋人利玛窦进贡","1","1","2"
"洋人利玛窦进贡土","1","1","2"
"翰林院检讨徐光启","1","1","2"
"南京工部员外郎李","1","1","2"
"祯二年五月乙酉朔","1","1","2"
"二年五月乙酉朔日","1","1","2"
"时五官正戈丰年等","1","1","2"
"荐资县诸生冷守中","1","1","2"
"资县诸生冷守中精","1","1","2"
"布政司月食初亏度","1","1","2"
"政司月食初亏度分","1","1","2"
"二十四分二十五秒","1","1","2"
"宋文帝元嘉六年十","1","1","2"
"文帝元嘉六年十一","1","1","2"
"帝元嘉六年十一月","1","1","2"
"元嘉六年十一月己","1","1","2"
"嘉六年十一月己丑","1","1","2"
"六年十一月己丑朔","1","1","2"
"宋仁宗天圣二年甲","1","1","2"
"仁宗天圣二年甲子","1","1","2"
"山东参政李天经代","1","1","2"
"闰八月二十五日夜","1","1","2"
"侵入参宿二十四分","1","1","2"
"九年正月十五日辛","1","1","2"
"年正月十五日辛酉","1","1","2"
"三十九度五十五分","1","1","2"
"时差二十一刻五分","1","1","2"
"内规分三百六十五","1","1","2"
"九十一日三十一刻","1","1","2"
"十一日三十一刻六","1","1","2"
"一日三十一刻六分","1","1","2"
"二百七十三日九十","1","1","2"
"百七十三日九十三","1","1","2"
"七十三日九十三刻","1","1","2"
"十六年三月乙丑朔","1","1","2"
"六年三月乙丑朔日","1","1","2"
"会同三法司堂上官","1","1","2"
"万历二十六年朝审","1","1","2"
"户部尚书杨俊民主","1","1","2"
"谨按洪武二十三年","1","1","2"
"按洪武二十三年十","1","1","2"
"洪武二十三年十二","1","1","2"
"武二十三年十二月","1","1","2"
"十三年十二月癸未","1","1","2"
"南京户部侍郎陈翼","1","1","2"
"遣刑部郎中刘秩等","1","1","2"
"刑部郎中刘秩等十","1","1","2"
"部郎中刘秩等十四","1","1","2"
"郎中刘秩等十四人","1","1","2"
"顺天巡按御史郑存","1","1","2"
"天巡按御史郑存仁","1","1","2"
"贵溪儒士夏伯启叔","1","1","2"
"溪儒士夏伯启叔侄","1","1","2"
"疑北平二司官吏李","1","1","2"
"宁海人郑士利上书","1","1","2"
"刑部尚书陆瑜等请","1","1","2"
"西华亭知县徐兆麒","1","1","2"
"永嘉侯朱亮祖父子","1","1","2"
"汪直诬陷侍郎马文","1","1","2"
"直诬陷侍郎马文升","1","1","2"
"五代唐明宗设侍卫","1","1","2"
"代唐明宗设侍卫亲","1","1","2"
"唐明宗设侍卫亲军","1","1","2"
"明宗设侍卫亲军马","1","1","2"
"宗设侍卫亲军马步","1","1","2"
"设侍卫亲军马步军","1","1","2"
"侍卫亲军马步军都","1","1","2"
"卫亲军马步军都指","1","1","2"
"亲军马步军都指挥","1","1","2"
"军马步军都指挥使","1","1","2"
"万历三十四年大审","1","1","2"
"设奉节奉册奉宝官","1","1","2"
"奉节奉册奉宝官位","1","1","2"
"设正副使受册宝褥","1","1","2"
"正副使受册宝褥位","1","1","2"
"皇后具九龙四凤冠","2","0","2"
"皇帝皮弁服御华盖","2","0","2"
"帝皮弁服御华盖殿","2","0","2"
"冬祀昊天上帝圜丘","2","0","2"
"坊司设中韶乐殿内","2","0","2"
"发扬蹈厉坐作击刺","1","1","2"
"后教坊司乐工所奏","1","1","2"
"教坊司乐工所奏中","1","1","2"
"谕内钟鼓司康能等","1","1","2"
"甘肃行太仆寺丞张","1","1","2"
"取山西长子县羊头","1","1","2"
"山西长子县羊头山","1","1","2"
"辽州同知李文察进","1","1","2"
"黄童白叟鼓腹讴歌","2","0","2"
"童白叟鼓腹讴歌承","2","0","2"
"白叟鼓腹讴歌承应","2","0","2"
"叟鼓腹讴歌承应曲","2","0","2"
"胜蛮夷队舞承应曲","1","1","2"
"设宣读案承天门上","2","0","2"
"设香案奉天殿丹陛","2","0","2"
"百官朝服随班行礼","2","0","2"
"金鼓仪仗鼓乐百官","1","1","2"
"设皇太子座御座东","2","0","2"
"殿上正中设皇太子","1","1","2"
"上正中设皇太子座","1","1","2"
"龙车凤辇兮驾飞扬","2","0","2"
"洪武三年夕月乐章","1","1","2"
"南京司礼太监陈祖","1","1","2"
"京司礼太监陈祖圭","1","1","2"
"承天府守备太监傅","1","1","2"
"天府守备太监傅霖","1","1","2"
"吏部尚书马文升言","2","0","2"
"西华门内壬地设御","2","0","2"
"华门内壬地设御幄","2","0","2"
"皇帝素服乘舆诣幄","2","0","2"
"兵部尚书李承勋亲","1","1","2"
"正域所请伍文定等","1","1","2"
"开国功臣李善长等","1","1","2"
"国功臣李善长等十","1","1","2"
"功臣李善长等十四","1","1","2"
"臣李善长等十四人","1","1","2"
"洪武二十六年四月","1","1","2"
"唱请宣宗皇帝朝见","1","1","2"
"父子兄弟同处一堂","1","1","2"
"礼部尚书湛若水请","1","1","2"
"大学士张孚敬等言","2","0","2"
"太常卿洪文衡请祧","2","0","2"
"常卿洪文衡请祧宪","2","0","2"
"卿洪文衡请祧宪宗","2","0","2"
"睿宗知天守道洪德","1","1","2"
"宗知天守道洪德渊","1","1","2"
"护卫百户二十四人","1","1","2"
"上设殿前班指挥司","1","1","2"
"设殿前班指挥司官","1","1","2"
"殿前班指挥司官三","1","1","2"
"前班指挥司官三人","1","1","2"
"明太祖洪武元年九","1","1","2"
"太祖洪武元年九月","1","1","2"
"尚宝司设御座奉天","2","0","2"
"宝司设御座奉天殿","2","0","2"
"右顺门内便殿奏事","1","1","2"
"行太仆寺苑马寺卿","1","1","2"
"十二月十六日朝见","1","1","2"
"设传令宣笺等官位","1","1","2"
"设护卫官二十四人","1","1","2"
"嘉靖元年二月上尊","1","1","2"
"靖元年二月上尊号","1","1","2"
"命妇进表庆贺致词","1","1","2"
"帝命中书省翰林院","1","1","2"
"户部尚书先祭先农","1","1","2"
"安定门外建先蚕坛","1","1","2"
"采桑台高一尺四寸","1","1","2"
"女乐司设监备仪仗","1","1","2"
"正阳门外天地坛西","1","1","2"
"春夏秋冬四季月将","1","1","2"
"风云雷雨诸天神合","1","1","2"
"天下山川城隍诸地","1","1","2"
"追上母妃孝穆太后","1","1","2"
"上母妃孝穆太后纪","1","1","2"
"母妃孝穆太后纪氏","1","1","2"
"吏部尚书马文升等","1","1","2"
"礼部尚书方献夫等","1","1","2"
"奏定诸王国祭祀礼","1","1","2"
"定诸王国祭祀礼乐","1","1","2"
"遣秘书监丞陶谊等","1","1","2"
"孔子宜称先圣先师","1","1","2"
"道林真觉普济禅师","1","1","2"
"林真觉普济禅师宝","1","1","2"
"真觉普济禅师宝志","1","1","2"
"元卫国忠肃公福寿","1","1","2"
"故指挥千百户卫所","1","1","2"
"指挥千百户卫所镇","1","1","2"
"挥千百户卫所镇抚","1","1","2"
"三清三境九天应元","1","1","2"
"清三境九天应元雷","1","1","2"
"三境九天应元雷声","1","1","2"
"境九天应元雷声普","1","1","2"
"九天应元雷声普化","1","1","2"
"天应元雷声普化天","1","1","2"
"应元雷声普化天尊","1","1","2"
"祖师三天扶教辅玄","1","1","2"
"师三天扶教辅玄大","1","1","2"
"三天扶教辅玄大法","1","1","2"
"天扶教辅玄大法师","1","1","2"
"扶教辅玄大法师真","1","1","2"
"教辅玄大法师真君","1","1","2"
"玉枢火府天将王灵","1","1","2"
"枢火府天将王灵官","1","1","2"
"祀丁普郎等三十五","1","1","2"
"丁普郎等三十五人","1","1","2"
"郡县山川龙神忠烈","1","1","2"
"奉皇考仁祖淳皇帝","1","1","2"
"皇考仁祖淳皇帝配","1","1","2"
"昊天上帝神位前跪","1","1","2"
"太常寺捧神位官复","1","1","2"
"常寺捧神位官复命","1","1","2"
"百官分列神路东西","1","1","2"
"典仪唱乐舞生就位","1","1","2"
"执事官先后捧昊天","1","1","2"
"事官先后捧昊天上","1","1","2"
"官先后捧昊天上帝","1","1","2"
"扬州府同知丰坊上","1","1","2"
"州府同知丰坊上疏","1","1","2"
"奉天殿丹陛上行礼","1","1","2"
"日月五星平立定三","1","1","2"
"月五星平立定三差","1","1","2"
"七丈九尺八寸五分","1","1","2"
"随简仪测太阳南地","2","0","2"
"简仪测太阳南地平","2","0","2"
"地平二十六度四十","1","1","2"
"平二十六度四十六","1","1","2"
"二十六度四十六分","1","1","2"
"十六度四十六分半","1","1","2"
"余五十四度九十六","1","1","2"
"五十四度九十六分","1","1","2"
"长一丈一尺七寸一","1","1","2"
"一丈一尺七寸一分","1","1","2"
"四十三度七十四分","1","1","2"
"五十八度四十五分","1","1","2"
"十八度四十五分半","1","1","2"
"五十度三十六分半","1","1","2"
"余四十度九十四分","1","1","2"
"四十度九十四分九","1","1","2"
"十度九十四分九十","1","1","2"
"度九十四分九十三","1","1","2"
"九十四分九十三秒","1","1","2"
"十四分九十三秒七","1","1","2"
"四分九十三秒七十","1","1","2"
"分九十三秒七十五","1","1","2"
"九十三秒七十五微","1","1","2"
"二黄赤道内外半弧","2","0","2"
"二十三度八十分七","1","1","2"
"十三度八十分七十","1","1","2"
"三度八十分七十秒","1","1","2"
"黄赤道大股五十六","2","0","2"
"五十六度零二分六","1","1","2"
"十六度零二分六十","1","1","2"
"六度零二分六十八","1","1","2"
"度零二分六十八秒","1","1","2"
"二百四十三度五十","1","1","2"
"百四十三度五十分","1","1","2"
"乘上廉一万四千八","2","0","2"
"一百一十八度五八","1","1","2"
"百一十八度五八四","1","1","2"
"一十八度五八四五","1","1","2"
"百八十零万四千七","2","0","2"
"八十零万四千七百","2","0","2"
"十零万四千七百零","2","0","2"
"零万四千七百零七","2","0","2"
"千七百零七度八五","1","1","2"
"七百零七度八五九","1","1","2"
"百零七度八五九三","1","1","2"
"零七度八五九三七","1","1","2"
"七度八五九三七五","1","1","2"
"余一百八十零万四","2","0","2"
"百八十零万四千五","2","0","2"
"八十零万四千五百","2","0","2"
"四千五百八十九度","1","1","2"
"千五百八十九度二","1","1","2"
"五百八十九度二七","1","1","2"
"百八十九度二七四","1","1","2"
"八十九度二七四八","1","1","2"
"十九度二七四八七","1","1","2"
"九度二七四八七五","1","1","2"
"一度九四七九九九","1","1","2"
"度九四七九九九四","1","1","2"
"九四七九九九四八","1","1","2"
"四七九九九四八八","1","1","2"
"万四千五百九十一","1","1","2"
"四千五百九十一度","1","1","2"
"千五百九十一度二","1","1","2"
"五百九十一度二二","1","1","2"
"百九十一度二二二","1","1","2"
"九十一度二二二八","1","1","2"
"十一度二二二八七","1","1","2"
"一度二二二八七四","1","1","2"
"度二二二八七四四","1","1","2"
"二二二八七四四八","1","1","2"
"二二八七四四八八","1","1","2"
"度一三三六一二五","1","1","2"
"百八十零万四千四","2","0","2"
"八十零万四千四百","2","0","2"
"万四千四百六十七","1","1","2"
"四十三度四九九八","1","1","2"
"十三度四九九八六","1","1","2"
"三度四九九八六九","1","1","2"
"三度九十四分四六","1","1","2"
"度九十四分四六九","1","1","2"
"九十四分四六九七","1","1","2"
"十四分四六九七八","1","1","2"
"四分四六九七八七","1","1","2"
"分四六九七八七七","1","1","2"
"四六九七八七七八","1","1","2"
"万四千四百七十一","1","1","2"
"四千四百七十一度","1","1","2"
"千四百七十一度六","1","1","2"
"四百七十一度六十","1","1","2"
"百七十一度六十七","1","1","2"
"七十一度六十七分","1","1","2"
"十一度六十七分零","1","1","2"
"一度六十七分零四","1","1","2"
"度六十七分零四六","1","1","2"
"六十七分零四六零","1","1","2"
"十七分零四六零三","1","1","2"
"七分零四六零三七","1","1","2"
"十零度八十七分五","2","0","2"
"零度八十七分五十","2","0","2"
"股五十六度零二六","1","1","2"
"五十六度零二六八","1","1","2"
"三千四百一十零度","2","0","2"
"千四百一十零度一","2","0","2"
"度一七二零三零二","1","1","2"
"一七二零三零二四","1","1","2"
"黄赤道大弦六十零","2","0","2"
"六十零度八七五法","2","0","2"
"五十六度零一分九","1","1","2"
"十六度零一分九十","1","1","2"
"六度零一分九十二","1","1","2"
"度零一分九十二秒","1","1","2"
"一百二十一度七五","1","1","2"
"置黄道半弧弦一度","2","0","2"
"小股五十六度零一","1","1","2"
"三千一百三十八度","1","1","2"
"千一百三十八度一","1","1","2"
"一百三十八度一五","1","1","2"
"百三十八度一五零","1","1","2"
"三十八度一五零七","1","1","2"
"十八度一五零七六","1","1","2"
"八度一五零七六八","1","1","2"
"三千一百三十九度","1","1","2"
"千一百三十九度一","1","1","2"
"一百三十九度一五","1","1","2"
"百三十九度一五零","1","1","2"
"三十九度一五零七","1","1","2"
"十九度一五零七六","1","1","2"
"九度一五零七六八","1","1","2"
"六十零度八十六分","2","0","2"
"十零度八十六分五","2","0","2"
"零度八十六分五十","2","0","2"
"赤道横弧矢九十七","1","1","2"
"道横弧矢九十七秒","1","1","2"
"十零度八十七分半","2","0","2"
"赤道小弦五十八度","1","1","2"
"道小弦五十八度三","1","1","2"
"小弦五十八度三十","1","1","2"
"弦五十八度三十五","1","1","2"
"五十八度三十五分","1","1","2"
"十八度三十五分六","1","1","2"
"八度三十五分六十","1","1","2"
"度三十五分六十九","1","1","2"
"三十五分六十九秒","1","1","2"
"余二度五十一分八","1","1","2"
"赤道内外半弧弦二","1","1","2"
"道内外半弧弦二十","1","1","2"
"内外半弧弦二十三","1","1","2"
"外半弧弦二十三度","1","1","2"
"度五十一分四二三","1","1","2"
"五十一分四二三八","1","1","2"
"一十七度二十五分","2","0","2"
"赤道小弧矢二度五","1","1","2"
"道小弧矢二度五十","1","1","2"
"小弧矢二度五十一","1","1","2"
"弧矢二度五十一分","1","1","2"
"矢二度五十一分八","1","1","2"
"象限九十一度三十","1","1","2"
"限九十一度三十一","1","1","2"
"九十一度三十一分","1","1","2"
"十一度三十一分四","1","1","2"
"一度三十一分四十","1","1","2"
"度三十一分四十三","1","1","2"
"三十一分四十三秒","1","1","2"
"十一分四十三秒七","1","1","2"
"一分四十三秒七五","1","1","2"
"一百零八度六十二","1","1","2"
"百零八度六十二分","1","1","2"
"零八度六十二分三","1","1","2"
"八度六十二分三十","1","1","2"
"度六十二分三十二","1","1","2"
"六十二分三十二秒","1","1","2"
"十二分三十二秒七","1","1","2"
"二分三十二秒七五","1","1","2"
"入半弧弦二十三度","1","1","2"
"除大股五十六度零","1","1","2"
"大股五十六度零六","1","1","2"
"股五十六度零六分","1","1","2"
"五十六度零六分五","1","1","2"
"十六度零六分五十","1","1","2"
"六度零六分五十秒","1","1","2"
"十三度四十七分八","1","1","2"
"三度四十七分八十","1","1","2"
"度四十七分八十二","1","1","2"
"四十七分八十二秒","1","1","2"
"万历十一年八月庚","1","1","2"
"历十一年八月庚戌","1","1","2"
"成都东门外镇江桥","1","1","2"
"都东门外镇江桥回","1","1","2"
"东门外镇江桥回澜","1","1","2"
"门外镇江桥回澜塔","1","1","2"
"万历四十七年七月","1","1","2"
"洪武十一年正月元","1","1","2"
"武十一年正月元旦","1","1","2"
"十一年正月元旦甲","1","1","2"
"一年正月元旦甲戌","1","1","2"
"十二年十二月甲子","1","1","2"
"建文二年四月乙卯","1","1","2"
"成化十三年六月壬","1","1","2"
"化十三年六月壬子","1","1","2"
"正德四年三月甲寅","1","1","2"
"嘉靖六年五月甲午","1","1","2"
"隆庆六年七月七日","1","1","2"
"万历二十一年十月","1","1","2"
"历二十一年十月甲","1","1","2"
"二十一年十月甲申","1","1","2"
"二十六年五月庚寅","1","1","2"
"天启六年五月丁未","1","1","2"
"山东镇南城楼大炮","1","1","2"
"洪熙元年六月庚戌","1","1","2"
"弘治五年十二月辛","1","1","2"
"治五年十二月辛亥","1","1","2"
"成化十四年八月丁","1","1","2"
"弘治三年六月壬午","1","1","2"
"十六年十二月辛卯","1","1","2"
"嘉靖元年七月己巳","1","1","2"
"万历十八年三月甲","1","1","2"
"历十八年三月甲辰","1","1","2"
"天启元年三月辛亥","1","1","2"
"建文元年七月癸酉","1","1","2"
"天顺八年二月壬子","1","1","2"
"成化六年二月丁丑","1","1","2"
"二十一年三月戊子","1","1","2"
"弘治二年二月辛亥","1","1","2"
"正德五年三月甲子","1","1","2"
"十六年十一月辛酉","1","1","2"
"嘉靖元年九月己巳","1","1","2"
"二十六年七月乙丑","1","1","2"
"二十八年三月丙申","1","1","2"
"隆庆二年正月元旦","1","1","2"
"万历十七年正月乙","1","1","2"
"历十七年正月乙丑","1","1","2"
"二十五年二月戊寅","1","1","2"
"三十八年四月戊戌","1","1","2"
"天启元年四月乙亥","1","1","2"
"崇祯元年正月癸亥","1","1","2"
"十三年闰正月丙申","1","1","2"
"弘治六年八月己巳","1","1","2"
"太原府徐沟县西北","1","1","2"
"建文元年三月甲午","1","1","2"
"乐元年十一月甲午","1","1","2"
"洪熙元年二月戊午","1","1","2"
"宣德元年七月癸巳","1","1","2"
"正统三年三月己亥","1","1","2"
"景泰二年七月癸丑","1","1","2"
"成化元年四月甲申","1","1","2"
"居庸关城垣墩堡多","1","1","2"
"二十二年六月壬辰","1","1","2"
"弘治元年八月壬寅","1","1","2"
"黄头等寨碉房三十","1","1","2"
"头等寨碉房三十七","1","1","2"
"等寨碉房三十七户","1","1","2"
"二十二年三月乙巳","1","1","2"
"二十七年七月戊寅","1","1","2"
"三十一年二月癸亥","1","1","2"
"三十八年七月辛巳","1","1","2"
"四十一年正月丙申","1","1","2"
"四川顺义等县同日","1","1","2"
"万历元年八月戊申","1","1","2"
"二十三年五月丁酉","1","1","2"
"二十五年正月壬辰","1","1","2"
"二十六年正月丁亥","1","1","2"
"二十八年二月戊寅","1","1","2"
"三十一年四月丙午","1","1","2"
"三十二年闰九月庚","1","1","2"
"十二年闰九月庚辰","1","1","2"
"三十三年五月辛丑","1","1","2"
"三十五年七月乙卯","1","1","2"
"四十三年二月己卯","1","1","2"
"四十六年六月壬午","1","1","2"
"河南一州六县同日","1","1","2"
"十三年十一月戊子","1","1","2"
"洪武六年正月壬戌","1","1","2"
"十七年十二月辛丑","1","1","2"
"弘治三年六月乙巳","1","1","2"
"嘉靖四年七月乙酉","1","1","2"
"十九年十二月己巳","1","1","2"
"二十一年六月乙酉","1","1","2"
"二十六年七月癸酉","1","1","2"
"澄城麻陂山界头岭","1","1","2"
"隆庆二年五月庚戌","1","1","2"
"二十七年八月甲午","1","1","2"
"洪武十九年九月丙","1","1","2"
"武十九年九月丙子","1","1","2"
"宣德元年七月甲午","1","1","2"
"弘治元年五月丙寅","1","1","2"
"正统十一年二月辛","1","1","2"
"统十一年二月辛酉","1","1","2"
"成化九年四月乙亥","1","1","2"
"弘治十年三月己酉","1","1","2"
"隆庆元年三月甲寅","1","1","2"
"四十六年三月庚午","1","1","2"
"四十七年二月甲戌","1","1","2"
"崇祯十二年二月壬","1","1","2"
"祯十二年二月壬申","1","1","2"
"黄水向老黄河故道","1","1","2"
"乘虚涌入清口故道","1","1","2"
"柳浦湾堤东西七十","1","1","2"
"通济闸於甘罗城南","2","0","2"
"右都御史总督河道","1","1","2"
"工部尚书曾同亨上","1","1","2"
"直隶巡按御史蒋春","1","1","2"
"隶巡按御史蒋春芳","1","1","2"
"直隶巡按御史佴祺","1","1","2"
"沛县四铺口太行堤","1","1","2"
"太子少保兵部尚书","1","1","2"
"萧县郭暖楼人字口","1","1","2"
"总河侍郎陈道亨役","1","1","2"
"城中水深一丈三尺","1","1","2"
"云龙山西北大安桥","1","1","2"
"总河侍郎李若星请","1","1","2"
"总河尚书刘荣嗣银","1","1","2"
"山东巡抚王永吉上","1","1","2"
"帝令总河侍郎黄希","1","1","2"
"令总河侍郎黄希宪","1","1","2"
"宝应倚湖直渠四十","1","1","2"
"应倚湖直渠四十里","1","1","2"
"临清三百八十五里","1","1","2"
"大汶河泰安仙台岭","2","0","2"
"汶河泰安仙台岭南","2","0","2"
"莱芜原山阴寨子村","2","0","2"
"工部尚书江渊等请","1","1","2"
"副都御史刘大夏奉","1","1","2"
"都御史刘大夏奉敕","1","1","2"
"总河都御史盛应期","1","1","2"
"督理河漕尚书朱衡","1","1","2"
"清江一带黄河五十","1","1","2"
"江一带黄河五十里","1","1","2"
"淮河高良涧一带七","1","1","2"
"河高良涧一带七十","1","1","2"
"新任总河都御史潘","1","1","2"
"任总河都御史潘季","1","1","2"
"清河长堤五百五十","1","1","2"
"河长堤五百五十里","1","1","2"
"留黄家闸外二十里","1","1","2"
"河都御史傅希挚请","1","1","2"
"元哲修筑淮安长堤","1","1","2"
"盐城石〈石达〉口","2","0","2"
"新开漕河南北二闸","1","1","2"
"元哲增筑山阳长堤","1","1","2"
"总理河漕都御史潘","1","1","2"
"理河漕都御史潘季","1","1","2"
"河漕都御史潘季驯","1","1","2"
"总漕都御史李世达","1","1","2"
"工部郎中许应逵建","1","1","2"
"部郎中许应逵建议","1","1","2"
"督漕侍郎杨一魁请","1","1","2"
"凤阳巡抚都御史李","1","1","2"
"阳巡抚都御史李三","1","1","2"
"巡抚都御史李三才","1","1","2"
"抚都御史李三才建","1","1","2"
"都御史李三才建议","1","1","2"
"李化龙上开李家港","1","1","2"
"总河侍郎王佐加筑","1","1","2"
"河侍郎王佐加筑月","1","1","2"
"侍郎王佐加筑月坝","1","1","2"
"命大将军徐达等备","1","1","2"
"大同总兵官方政继","1","1","2"
"宣大巡抚都御史李","1","1","2"
"大巡抚都御史李仪","1","1","2"
"总制三边都御史杨","1","1","2"
"制三边都御史杨一","1","1","2"
"巡抚都御史陈讲请","1","1","2"
"巡按山西御史陈豪","1","1","2"
"督军务兵部尚书杨","1","1","2"
"军务兵部尚书杨博","1","1","2"
"总兵官戚继光总理","1","1","2"
"兵官戚继光总理蓟","1","1","2"
"山西总兵官李谦请","1","1","2"
"巡抚延绥胡志夔请","1","1","2"
"浙江行省平章李文","1","1","2"
"江行省平章李文忠","1","1","2"
"置福建沿海指挥使","1","1","2"
"福建沿海指挥使司","1","1","2"
"建沿海指挥使司五","1","1","2"
"戚魏国公徐辉祖等","1","1","2"
"魏国公徐辉祖等分","1","1","2"
"管福建海道提督军","1","1","2"
"福建海道提督军务","1","1","2"
"建海道提督军务都","1","1","2"
"海道提督军务都御","1","1","2"
"道提督军务都御史","1","1","2"
"总督南直军务都御","1","1","2"
"督南直军务都御史","1","1","2"
"南直军务都御史张","1","1","2"
"直军务都御史张经","1","1","2"
"军务都御史张经调","1","1","2"
"福建巡抚都御史游","1","1","2"
"建巡抚都御史游震","1","1","2"
"南直巡按御史颜思","1","1","2"
"直巡按御史颜思忠","1","1","2"
"海澄团练营土著军","1","1","2"
"狼山副总兵水陆相","1","1","2"
"南京兵部尚书衷贞","1","1","2"
"京兵部尚书衷贞吉","1","1","2"
"兵部尚书衷贞吉等","1","1","2"
"兵部议覆侍郎李孟","1","1","2"
"部议覆侍郎李孟旸","1","1","2"
"议覆侍郎李孟旸请","1","1","2"
"南京职方郎中邹维","1","1","2"
"山西参政徐九翰尤","1","1","2"
"总河尚书舒应龙等","1","1","2"
"河尚书舒应龙等详","1","1","2"
"总河侍郎翁大立请","1","1","2"
"总河都御史万恭等","1","1","2"
"大河口五百三十里","1","1","2"
"总河尚书舒应龙开","1","1","2"
"冢村等堤岸二十四","1","1","2"
"村等堤岸二十四处","1","1","2"
"坏临漳杜村西南堤","1","1","2"
"广平大留村十八里","1","1","2"
"都察院都事金景辉","1","1","2"
"白沟三河上源堤岸","1","1","2"
"都城西四十里石景","1","1","2"
"城西四十里石景山","1","1","2"
"霸州西支河二十里","1","1","2"
"决保定县安州堤五","1","1","2"
"保定县安州堤五十","1","1","2"
"元时新河石座旧迹","1","1","2"
"南京工部尚书刘应","1","1","2"
"京工部尚书刘应节","1","1","2"
"山东巡抚李世达上","1","1","2"
"翰林学士陶安等二","1","1","2"
"林学士陶安等二十","1","1","2"
"学士陶安等二十人","1","1","2"
"诏刑部尚书刘惟谦","1","1","2"
"刑部尚书刘惟谦详","1","1","2"
"洪武六年冬十一月","1","1","2"
"武六年冬十一月受","1","1","2"
"六年冬十一月受诏","1","1","2"
"旧律二百八十八条","1","1","2"
"御史大夫汪广洋等","1","1","2"
"史大夫汪广洋等详","1","1","2"
"行者二百九十七条","1","1","2"
"老幼残疾男妇诬告","2","0","2"
"俱发北方边卫充军","2","0","2"
"力者发天寿山种树","2","0","2"
"应钞二千二百五十","2","0","2"
"收钞千一百二十五","2","0","2"
"钞千一百二十五贯","2","0","2"
"巡抚湖广都御史朱","1","1","2"
"抚湖广都御史朱廷","1","1","2"
"湖广都御史朱廷声","1","1","2"
"粮储河道都御史李","1","1","2"
"储河道都御史李秉","1","1","2"
"太常少卿姜志礼建","1","1","2"
"张家湾浑河口六十","1","1","2"
"留督工郎中何栋专","1","1","2"
"山东巡抚梁梦龙极","1","1","2"
"山东巡抚李长庚奏","1","1","2"
"督漕侍郎朱大典所","1","1","2"
"左右二十队勇字旗","1","1","2"
"兵部尚书丁汝夔核","1","1","2"
"五军营一百九十六","1","1","2"
"神机营一百八十二","1","1","2"
"巡视京营科臣林景","1","1","2"
"视京营科臣林景旸","1","1","2"
"京营科臣林景旸请","1","1","2"
"问戎政侍郎王家彦","1","1","2"
"南京兵部尚书参赞","1","1","2"
"京兵部尚书参赞机","1","1","2"
"督储侍郎黄懋官抑","1","1","2"
"锦衣卫大汉将军一","1","1","2"
"衣卫大汉将军一千","1","1","2"
"卫大汉将军一千五","1","1","2"
"大汉将军一千五百","1","1","2"
"神枢营红盔将军二","1","1","2"
"枢营红盔将军二千","1","1","2"
"营红盔将军二千五","1","1","2"
"红盔将军二千五百","1","1","2"
"军营叉刀围子手三","1","1","2"
"营叉刀围子手三千","1","1","2"
"旗手等卫带刀官一","1","1","2"
"手等卫带刀官一百","1","1","2"
"等卫带刀官一百八","1","1","2"
"卫带刀官一百八十","1","1","2"
"置帐前总制亲兵都","1","1","2"
"帐前总制亲兵都指","1","1","2"
"前总制亲兵都指挥","1","1","2"
"总制亲兵都指挥使","1","1","2"
"外皇城卫舍七十二","1","1","2"
"内皇城左右坐更将","1","1","2"
"皇城左右坐更将军","1","1","2"
"万一千七百八十人","1","1","2"
"部侍郎黄宗载等清","1","1","2"
"侍郎黄宗载等清理","1","1","2"
"巡抚侍郎周忱清理","1","1","2"
"御史十一人分道清","1","1","2"
"南京兵部尚书郭应","1","1","2"
"京兵部尚书郭应聘","1","1","2"
"兵部尚书马文升申","1","1","2"
"部尚书马文升申明","1","1","2"
"令提督坐营官操练","1","1","2"
"真定藏都督平安火","1","1","2"
"定藏都督平安火伞","1","1","2"
"夺门将军大小二样","1","1","2"
"直隶巡按御史易应","1","1","2"
"隶巡按御史易应昌","1","1","2"
"巡按御史易应昌进","1","1","2"
"户部主事曹履吉所","1","1","2"
"部主事曹履吉所制","1","1","2"
"北方人户五丁养一","1","1","2"
"荐南京太常卿杨一","1","1","2"
"南京太常卿杨一清","1","1","2"
"十三万三千七百余","1","1","2"
"三万三千七百余顷","1","1","2"
"荒地十二万八千余","1","1","2"
"地十二万八千余顷","1","1","2"
"提督四夷馆太常少","1","1","2"
"督四夷馆太常少卿","1","1","2"
"四夷馆太常少卿武","1","1","2"
"夷馆太常少卿武金","1","1","2"
"两京州县寄养马内","1","1","2"
"内外卫四百九十三","1","1","2"
"守御屯田群牧千户","1","1","2"
"御屯田群牧千户所","1","1","2"
"屯田群牧千户所三","1","1","2"
"田群牧千户所三百","1","1","2"
"群牧千户所三百五","1","1","2"
"牧千户所三百五十","1","1","2"
"千户所三百五十九","1","1","2"
"顺天巡抚都御史刘","1","1","2"
"天巡抚都御史刘曰","1","1","2"
"巡抚都御史刘曰梧","1","1","2"
"沙子河胭脂坝四千","1","1","2"
"子河胭脂坝四千三","1","1","2"
"河胭脂坝四千三百","1","1","2"
"夏县古河决口三十","1","1","2"
"鹰扬卫乌江屯江岸","1","1","2"
"山阳运盐河十八里","1","1","2"
"常熟福山塘三十六","1","1","2"
"熟福山塘三十六里","1","1","2"
"监利车水堤四千四","1","1","2"
"利车水堤四千四百","1","1","2"
"筑直隶新城张村等","1","1","2"
"北京行太仆卿杨砥","1","1","2"
"海州官河二百四十","1","1","2"
"州官河二百四十里","1","1","2"
"南京羽林右卫刁家","1","1","2"
"京羽林右卫刁家圩","1","1","2"
"羽林右卫刁家圩屯","1","1","2"
"林右卫刁家圩屯田","1","1","2"
"右卫刁家圩屯田堤","1","1","2"
"浙江归安知县华嵩","1","1","2"
"灌县都江等堰四十","1","1","2"
"县都江等堰四十四","1","1","2"
"巡按江西御史许胜","1","1","2"
"丰城安沙绳湾圩岸","1","1","2"
"城安沙绳湾圩岸三","1","1","2"
"安沙绳湾圩岸三千","1","1","2"
"沙绳湾圩岸三千六","1","1","2"
"绳湾圩岸三千六百","1","1","2"
"溧水永丰圩周围八","1","1","2"
"水永丰圩周围八十","1","1","2"
"潞州永禄等沟渠二","1","1","2"
"州永禄等沟渠二十","1","1","2"
"永禄等沟渠二十八","1","1","2"
"宁夏巡抚都御史金","1","1","2"
"夏巡抚都御史金濂","1","1","2"
"济川卫新江口防水","1","1","2"
"通州金沙场八里河","1","1","2"
"平度州大湾口河道","1","1","2"
"容城白沟河杜村口","1","1","2"
"龙首渠引水七十里","1","1","2"
"提督水利分司一员","1","1","2"
"督水利分司一员随","1","1","2"
"水利分司一员随时","1","1","2"
"利分司一员随时修","1","1","2"
"嘉兴等六府海田堤","1","1","2"
"兴等六府海田堤岸","1","1","2"
"令浙江参政周季麟","1","1","2"
"浙江参政周季麟修","1","1","2"
"湖州长兴堤岸七十","1","1","2"
"巡抚都御史翁大立","1","1","2"
"七浦等处造成石闸","1","1","2"
"巡抚都御史海瑞疏","1","1","2"
"巡抚都御史宋仪望","1","1","2"
"巡抚都御史胡执礼","1","1","2"
"抚都御史胡执礼请","1","1","2"
"筑上海李家洪老鸦","1","1","2"
"上海李家洪老鸦嘴","1","1","2"
"海李家洪老鸦嘴海","1","1","2"
"李家洪老鸦嘴海岸","1","1","2"
"家洪老鸦嘴海岸十","1","1","2"
"洪老鸦嘴海岸十八","1","1","2"
"老鸦嘴海岸十八里","1","1","2"
"巡抚都御史李待问","1","1","2"
"抚都御史张国维请","1","1","2"
"巡抚都御史梁问孟","1","1","2"
"保定巡抚都御史汪","1","1","2"
"定巡抚都御史汪应","1","1","2"
"巡抚都御史汪应蛟","1","1","2"
"通判卢观象管理屯","1","1","2"
"判卢观象管理屯田","1","1","2"
"卢观象管理屯田水","1","1","2"
"观象管理屯田水利","1","1","2"
"河长一百九十四里","1","1","2"
"南京御史朱吾弼相","1","1","2"
"京御史朱吾弼相继","1","1","2"
"代刘东星管理河道","1","1","2"
"右副都御史巡抚山","1","1","2"
"副都御史巡抚山东","1","1","2"
"赠南京礼部右侍郎","1","1","2"
"国子生授夔州通判","1","1","2"
"良世居金华九灵山","1","1","2"
"世居金华九灵山下","1","1","2"
"左金王等十三部西","1","1","2"
"金王等十三部西窥","1","1","2"
"王等十三部西窥潼","1","1","2"
"等十三部西窥潼关","1","1","2"
"操江都御史熊明遇","1","1","2"
"礼部员外郎郑善夫","1","1","2"
"应五十五日六十刻","1","1","2"
"五十五日六十刻八","1","1","2"
"十五日六十刻八十","1","1","2"
"五日六十刻八十九","1","1","2"
"日六十刻八十九分","1","1","2"
"周应二百三十八度","1","1","2"
"应二百三十八度二","1","1","2"
"二百三十八度二十","1","1","2"
"百三十八度二十二","1","1","2"
"三十八度二十二分","1","1","2"
"十八度二十二分三","1","1","2"
"八度二十二分三十","1","1","2"
"度二十二分三十九","1","1","2"
"二十二分三十九秒","1","1","2"
"土星二百六十二日","1","1","2"
"星二百六十二日三","1","1","2"
"二百六十二日三千","1","1","2"
"一千八百三十七分","1","1","2"
"火星三百四十三日","1","1","2"
"星三百四十三日五","1","1","2"
"三百四十三日五千","1","1","2"
"百四十三日五千一","1","1","2"
"四十三日五千一百","1","1","2"
"十三日五千一百七","1","1","2"
"三日五千一百七十","1","1","2"
"日五千一百七十六","1","1","2"
"五千一百七十六分","1","1","2"
"八千三百四十七分","1","1","2"
"四日五千三百三十","1","1","2"
"日五千三百三十八","1","1","2"
"五千三百三十八分","1","1","2"
"火星三百一十四日","1","1","2"
"金星六十日一千九","1","1","2"
"星六十日一千九百","1","1","2"
"六十日一千九百七","1","1","2"
"十日一千九百七十","1","1","2"
"日一千九百七十五","1","1","2"
"一千九百七十五分","1","1","2"
"水星二百五十三日","1","1","2"
"星二百五十三日七","1","1","2"
"二百五十三日七千","1","1","2"
"百五十三日七千四","1","1","2"
"五十三日七千四百","1","1","2"
"十三日七千四百九","1","1","2"
"三日七千四百九十","1","1","2"
"日七千四百九十七","1","1","2"
"七千四百九十七分","1","1","2"
"乙亥丙子七政行度","1","1","2"
"亥丙子七政行度历","1","1","2"
"二月十四日高五十","1","1","2"
"月十四日高五十度","1","1","2"
"十四日高五十度八","1","1","2"
"四日高五十度八分","1","1","2"
"十五日高五十度三","1","1","2"
"五日高五十度三十","1","1","2"
"五城兵马指挥使官","1","1","2"
"都御史萧维桢附会","1","1","2"
"御史萧维桢附会徐","1","1","2"
"礼部尚书黄汝良进","1","1","2"
"六部郎官共五十四","1","1","2"
"改称孝曾孙嗣皇帝","1","1","2"
"六部都察院堂上官","1","1","2"
"后见父母行家人礼","1","1","2"
"皇太子见皇后父母","1","1","2"
"天顺二年正月奉皇","1","1","2"
"顺二年正月奉皇太","1","1","2"
"二年正月奉皇太后","1","1","2"
"谨奉仁祖淳皇帝配","1","1","2"
"奉仁祖淳皇帝配享","1","1","2"
"基运翊圣神烈天寿","1","1","2"
"运翊圣神烈天寿纯","1","1","2"
"翊圣神烈天寿纯德","1","1","2"
"圣神烈天寿纯德五","1","1","2"
"神烈天寿纯德五陵","1","1","2"
"烈天寿纯德五陵山","1","1","2"
"鉴察司民城隍灵佑","1","1","2"
"察司民城隍灵佑侯","1","1","2"
"鉴察司民城隍显佑","1","1","2"
"察司民城隍显佑伯","1","1","2"
"定配享功臣常遇春","1","1","2"
"改称汉前将军汉寿","1","1","2"
"称汉前将军汉寿亭","1","1","2"
"汉前将军汉寿亭侯","1","1","2"
"护国庇民妙灵昭应","1","1","2"
"国庇民妙灵昭应弘","1","1","2"
"庇民妙灵昭应弘仁","1","1","2"
"民妙灵昭应弘仁普","1","1","2"
"妙灵昭应弘仁普济","1","1","2"
"灵昭应弘仁普济天","1","1","2"
"昭应弘仁普济天妃","1","1","2"
"开平忠武王常遇春","1","1","2"
"岐阳武靖王李文忠","1","1","2"
"越国武庄公胡大海","1","1","2"
"虢国忠烈公俞通海","1","1","2"
"安国忠烈公曹良臣","1","1","2"
"燕山忠愍侯孙兴祖","1","1","2"
"蔡国忠毅公张德胜","1","1","2"
"北极中天星主紫微","1","1","2"
"极中天星主紫微大","1","1","2"
"中天星主紫微大帝","1","1","2"
"佑圣助顺灵应真君","1","1","2"
"加尊皇考献皇帝庙","1","1","2"
"尊皇考献皇帝庙号","1","1","2"
"地平七十四度二十","1","1","2"
"平七十四度二十六","1","1","2"
"七十四度二十六分","1","1","2"
"十四度二十六分半","1","1","2"
"千七百零七度八十","1","1","2"
"七百零七度八十五","1","1","2"
"百零七度八十五分","1","1","2"
"零七度八十五分九","1","1","2"
"七度八十五分九十","1","1","2"
"度八十五分九十三","1","1","2"
"八十五分九十三秒","1","1","2"
"十五分九十三秒七","1","1","2"
"五分九十三秒七五","1","1","2"
"一万四千四百三十","1","1","2"
"万四千四百三十六","1","1","2"
"四千四百三十六度","1","1","2"
"千四百三十六度七","1","1","2"
"四百三十六度七十","1","1","2"
"百三十六度七十二","1","1","2"
"三十六度七十二分","1","1","2"
"十六度七十二分九","1","1","2"
"六度七十二分九七","1","1","2"
"度七十二分九七八","1","1","2"
"七十二分九七八二","1","1","2"
"十二分九七八二九","1","1","2"
"二分九七八二九九","1","1","2"
"分九七八二九九五","1","1","2"
"九七八二九九五九","1","1","2"
"七八二九九五九零","1","1","2"
"八二九九五九零四","1","1","2"
"余实三百八十六度","1","1","2"
"实三百八十六度三","1","1","2"
"三百八十六度三十","1","1","2"
"百八十六度三十三","1","1","2"
"八十六度三十三分","1","1","2"
"十六度三十三分二","1","1","2"
"六度三十三分二七","1","1","2"
"度三十三分二七一","1","1","2"
"三十三分二七一七","1","1","2"
"十三分二七一七零","1","1","2"
"三分二七一七零零","1","1","2"
"分二七一七零零四","1","1","2"
"二七一七零零四零","1","1","2"
"七一七零零四零九","1","1","2"
"一七零零四零九六","1","1","2"
"度八九四三三四零","1","1","2"
"八九四三三四零九","1","1","2"
"九四三三四零九二","1","1","2"
"四三三四零九二零","1","1","2"
"三三四零九二零七","1","1","2"
"三四零九二零七五","1","1","2"
"四零九二零七五五","1","1","2"
"零九二零七五五六","1","1","2"
"余二十五度四三八","1","1","2"
"二十五度四三八三","1","1","2"
"十五度四三八三八","1","1","2"
"五度四三八三八二","1","1","2"
"度四三八三八二九","1","1","2"
"四三八三八二九一","1","1","2"
"三八三八二九一二","1","1","2"
"八三八二九一二零","1","1","2"
"三八二九一二零二","1","1","2"
"八二九一二零二零","1","1","2"
"二九一二零二零四","1","1","2"
"九一二零二零四四","1","1","2"
"文登秦始皇庙钟鼓","1","1","2"
"正德元年六月辛酉","1","1","2"
"二十六年十月癸亥","1","1","2"
"喜峰路台西北楼内","1","1","2"
"二十三年正月庚辰","1","1","2"
"二十二年六月壬申","1","1","2"
"天顺元年十月乙巳","1","1","2"
"二十一年二月壬申","1","1","2"
"二十一年九月甲戌","1","1","2"
"三十四年十二月壬","1","1","2"
"十四年十二月壬寅","1","1","2"
"三十七年正月庚申","1","1","2"
"四十五年正月癸巳","1","1","2"
"十九年闰三月己巳","1","1","2"
"二十七年七月辛未","1","1","2"
"三十四年六月丙辰","1","1","2"
"四十二年九月庚午","1","1","2"
"四十五年五月甲戌","1","1","2"
"四十八年二月庚戌","1","1","2"
"天启元年四月癸丑","1","1","2"
"巨津州金沙江北岸","1","1","2"
"津州金沙江北岸白","1","1","2"
"州金沙江北岸白石","1","1","2"
"金沙江北岸白石雪","1","1","2"
"沙江北岸白石雪山","1","1","2"
"江北岸白石雪山断","1","1","2"
"北岸白石雪山断裂","1","1","2"
"宣府合河口石山崩","1","1","2"
"正德元年十二月癸","1","1","2"
"德元年十二月癸亥","1","1","2"
"万历二十五年六月","1","1","2"
"三十三年八月丙午","1","1","2"
"天启三年闰十月乙","1","1","2"
"启三年闰十月乙卯","1","1","2"
"镇江金鸡岭土山崩","1","1","2"
"历二十五年二月癸","1","1","2"
"河都御史傅希挚改","1","1","2"
"都御史傅希挚改筑","1","1","2"
"帝命总河侍郎章拯","1","1","2"
"延绥巡抚都御史余","1","1","2"
"绥巡抚都御史余子","1","1","2"
"巡抚都御史余子俊","1","1","2"
"抚都御史余子俊大","1","1","2"
"河南辉县苏门山百","1","1","2"
"南辉县苏门山百门","1","1","2"
"辉县苏门山百门泉","1","1","2"
"山西沁源县绵山东","1","1","2"
"西沁源县绵山东谷","1","1","2"
"外备兵六万六千六","1","1","2"
"备兵六万六千六百","1","1","2"
"兵六万六千六百六","1","1","2"
"六万六千六百六十","1","1","2"
"万六千六百六十人","1","1","2"
"设留守行后军都督","1","1","2"
"内外卫三百二十九","1","1","2"
"守御千户所六十五","1","1","2"
"西溪南仪阡三处河","1","1","2"
"溪南仪阡三处河口","1","1","2"
"德州良店驿东南二","1","1","2"
"州良店驿东南二十","1","1","2"
"良店驿东南二十五","1","1","2"
"店驿东南二十五里","1","1","2"
"凤阳安丰塘水门十","1","1","2"
"阳安丰塘水门十六","1","1","2"
"安丰塘水门十六座","1","1","2"
"江陵枝江沿江堤岸","1","1","2"
"筑蠡县王家等决口","1","1","2"
"广平滏阳河口堤岸","1","1","2"
"占地五万五千三百","1","1","2"
"请专任平章定住总","1","1","2"
"天启四年进南京吏","1","1","2"
"启四年进南京吏部","1","1","2"
"四年进南京吏部郎","1","1","2"
"年进南京吏部郎中","1","1","2"
"晋府引礼舍人浦源","1","1","2"
"六十七度四十一分","1","1","2"
"恭诣皇后殿下称贺","2","0","2"
"大学士张璁等八十","1","1","2"
"学士张璁等八十四","1","1","2"
"士张璁等八十四人","1","1","2"
"登州城北新海口沙","1","1","2"
"州城北新海口沙门","1","1","2"
"城北新海口沙门等","1","1","2"
"北新海口沙门等岛","1","1","2"
"皇帝认为他们是边","0","2","2"
"帝认为他们是边远","0","2","2"
"蛮族人而宽恕了他","0","2","2"
"族人而宽恕了他们","0","2","2"
"请求将自己的名字","0","2","2"
"朋党势力已经形成","0","2","2"
"下令有关部门迅速","0","2","2"
"了一道严厉的诏书","0","2","2"
"福王都高兴地采纳","0","2","2"
"王都高兴地采纳了","0","2","2"
"听取意见的方式太","0","2","2"
"取意见的方式太偏","0","2","2"
"意见的方式太偏颇","0","2","2"
"不敢坚持自己的意","0","2","2"
"敢坚持自己的意见","0","2","2"
"庄烈帝同意了他的","0","2","2"
"烈帝同意了他的意","0","2","2"
"帝同意了他的意见","0","2","2"
"有关部门详细讨论","0","2","2"
"多次上奏称病回乡","0","2","2"
"没有上任就去世了","0","2","2"
"因母亲去世而回乡","0","2","2"
"奏章下到有关部门","0","2","2"
"没有受人传位的根","0","2","2"
"有受人传位的根据","0","2","2"
"向失道之处去核查","0","2","2"
"这就是伊尹所谓的","0","2","2"
"在宫门外被打了一","0","2","2"
"宫门外被打了一顿","0","2","2"
"门外被打了一顿大","0","2","2"
"外被打了一顿大棍","0","2","2"
"的奏章发给有关部","0","2","2"
"奏章发给有关部门","0","2","2"
"朝廷内外的大臣都","0","2","2"
"太祖采纳了他的建","0","2","2"
"祖采纳了他的建议","0","2","2"
"兴兵征讨和封关绝","0","2","2"
"兵征讨和封关绝贡","0","2","2"
"减少对他们的赏赐","0","2","2"
"朝廷大臣商议后认","0","2","2"
"廷大臣商议后认为","0","2","2"
"皇帝命令有关官员","0","2","2"
"对脱脱不花与中国","0","2","2"
"脱脱不花与中国通","0","2","2"
"脱不花与中国通好","0","2","2"
"不花与中国通好颇","0","2","2"
"审核情况后上报朝","0","2","2"
"核情况后上报朝廷","0","2","2"
"输诚他们也是要离","0","2","2"
"诚他们也是要离去","0","2","2"
"答应了他们的请求","0","2","2"
"而不是过继给人当","0","2","2"
"不是过继给人当儿","0","2","2"
"是过继给人当儿子","0","2","2"
"是图谋私利的官员","0","2","2"
"他议定大礼的功劳","0","2","2"
"的奏章交给大臣们","0","2","2"
"奏章交给大臣们讨","0","2","2"
"章交给大臣们讨论","0","2","2"
"是做了别人的后裔","0","2","2"
"被看作私党给拿掉","0","2","2"
"世宗认为他说得对","0","2","2"
"他乘坐官方车马回","0","2","2"
"乘坐官方车马回乡","0","2","2"
"按皇后的规格祭祀","0","2","2"
"号为三天金阙无上","0","2","2"
"为三天金阙无上玉","0","2","2"
"万历三十八年中进","0","2","2"
"历三十八年中进士","0","2","2"
"隆庆二年进士及第","0","2","2"
"执掌锦衣卫的都督","0","2","2"
"嘉靖二十九年的进","0","2","2"
"靖二十九年的进士","0","2","2"
"任右佥都御史巡抚","0","2","2"
"嘉靖四十一年的进","0","2","2"
"靖四十一年的进士","0","2","2"
"兴献王为皇叔父兴","0","2","2"
"王为皇叔父兴献大","0","2","2"
"为皇叔父兴献大王","0","2","2"
"常遇春兼太子少保","0","2","2"
"年以右佥都御史身","0","2","2"
"年升为右佥都御史","0","2","2"
"跟从蓝玉征讨云南","0","2","2"
"年跟从傅友德征讨","0","2","2"
"改任文渊阁大学士","0","2","2"
"征南将军攻下云南","0","2","2"
"洪武二十四年受封","0","2","2"
"华盖三殿发生火灾","0","2","2"
"十六年四月丙申日","0","2","2"
"改在京的官店为宣","0","2","2"
"在京的官店为宣课","0","2","2"
"京的官店为宣课司","0","2","2"
"十里以下积粮一万","0","2","2"
"里以下积粮一万五","0","2","2"
"以下积粮一万五千","0","2","2"
"下积粮一万五千石","0","2","2"
"总共八百五十万七","0","2","2"
"十一年五月戊寅日","0","2","2"
"西北方有声音如打","0","2","2"
"北方有声音如打雷","0","2","2"
"确定设巡抚都御史","0","2","2"
"国将军夫人礼冠服","0","2","2"
"将军夫人礼冠服饰","0","2","2"
"所领取承字以及东","0","2","2"
"领取承字以及东西","0","2","2"
"取承字以及东西北","0","2","2"
"承字以及东西北字","0","2","2"
"字以及东西北字号","0","2","2"
"檐桷用青绿色绘饰","0","2","2"
"为圣神文武钦明启","0","2","2"
"廖永忠为征南将军","0","2","2"
"李文忠为左副将军","0","2","2"
"并兼任东阁大学士","0","2","2"
"前应天巡抚周起元","0","2","2"
"同安侯火真为副将","0","2","2"
"张居正的儿子嗣修","0","2","2"
"于玉立派他到京城","0","2","2"
"万历十一年中进士","0","2","2"
"到最边远的地方任","0","2","2"
"最边远的地方任杂","0","2","2"
"边远的地方任杂职","0","2","2"
"在家居住了二十年","0","2","2"
"陕西发生严重饥荒","0","2","2"
"副将曹文诏在河曲","0","2","2"
"与哥哥的儿子李过","0","2","2"
"以延绥巡抚陈奇瑜","0","2","2"
"李公子救活了我们","0","2","2"
"锦衣卫都督刘守有","0","2","2"
"御史何出光弹劾张","0","2","2"
"史何出光弹劾张鲸","0","2","2"
"阉割良家子弟数十","0","2","2"
"割良家子弟数十人","0","2","2"
"云南百姓杀死税监","0","2","2"
"南百姓杀死税监杨","0","2","2"
"百姓杀死税监杨荣","0","2","2"
"升任司礼监秉笔太","0","2","2"
"客氏的儿子侯国兴","0","2","2"
"依附于魏忠贤的人","0","2","2"
"的儿子锦衣卫官员","0","2","2"
"不是张国纪的女儿","0","2","2"
"庇荫锦衣卫指挥使","0","2","2"
"孙魏鹏翼为安平伯","0","2","2"
"为兵部尚书兼左都","0","2","2"
"兵部尚书兼左都御","0","2","2"
"部尚书兼左都御史","0","2","2"
"都是魏忠贤的党羽","0","2","2"
"涟弹劾魏忠贤的奏","0","2","2"
"弹劾魏忠贤的奏疏","0","2","2"
"鸿胪寺丞李可灼进","0","2","2"
"隶属于四川布政使","0","2","2"
"属于四川布政使司","0","2","2"
"向朝廷进贡马匹和","0","2","2"
"不如顺从蛮族人的","0","2","2"
"如顺从蛮族人的情","0","2","2"
"顺从蛮族人的情况","0","2","2"
"继承土知府的职位","0","2","2"
"争夺继承官位的权","0","2","2"
"夺继承官位的权利","0","2","2"
"指挥军队奋勇出击","0","2","2"
"给他们的赏赐很丰","0","2","2"
"他们的赏赐很丰厚","0","2","2"
"卫军民指挥使司统","0","2","2"
"军民指挥使司统领","0","2","2"
"也按惯例给予赏赐","0","2","2"
"请求朝廷派兵征讨","0","2","2"
"斩杀敌人四百多名","0","2","2"
"朝廷命令都督佥事","0","2","2"
"廷命令都督佥事何","0","2","2"
"他手下的部落酋长","0","2","2"
"三年向朝廷进贡一","0","2","2"
"年向朝廷进贡一次","0","2","2"
"乞求允许他继承其","0","2","2"
"求允许他继承其父","0","2","2"
"小木瓜地区的番族","0","2","2"
"木瓜地区的番族人","0","2","2"
"向朝廷贡献马匹和","0","2","2"
"朝廷贡献马匹和土","0","2","2"
"廷贡献马匹和土产","0","2","2"
"给事中和御史纷纷","0","2","2"
"事中和御史纷纷上","0","2","2"
"引导皇上微服出行","0","2","2"
"借星象有变上书谏","0","2","2"
"星象有变上书谏言","0","2","2"
"都迎合刘瑾的心意","0","2","2"
"裁减江西乡试名额","0","2","2"
"减江西乡试名额五","0","2","2"
"江西乡试名额五十","0","2","2"
"西乡试名额五十名","0","2","2"
"升他为都指挥佥事","0","2","2"
"擅自鞭打军职人员","0","2","2"
"将他们全部投进监","0","2","2"
"他们全部投进监狱","0","2","2"
"个儿子为锦衣卫千","0","2","2"
"被发给功臣家为奴","0","2","2"
"的情况报告了皇上","0","2","2"
"被加封为少保兼太","0","2","2"
"庇荫儿子为锦衣卫","0","2","2"
"所授予的宣抚官印","0","2","2"
"授予的宣抚官印来","0","2","2"
"予的宣抚官印来见","0","2","2"
"元朝皇帝所授予的","0","2","2"
"他继承其父的职位","0","2","2"
"礼部给皇帝上奏说","0","2","2"
"给他们一半的奖赏","0","2","2"
"他们所经过的地方","0","2","2"
"随行的人不能超过","0","2","2"
"隶属于湖广都指挥","0","2","2"
"属于湖广都指挥使","0","2","2"
"于湖广都指挥使司","0","2","2"
"世麒向朝廷进献大","0","2","2"
"他的儿子彭明辅也","0","2","2"
"朝廷征调永顺土兵","0","2","2"
"保靖的军队功劳最","0","2","2"
"靖的军队功劳最大","0","2","2"
"斩获敌人首级一千","0","2","2"
"皇上赏赐给他绣有","0","2","2"
"征调保靖的土兵去","0","2","2"
"又征调保靖的土兵","0","2","2"
"贵州的女贼人米鲁","0","2","2"
"以礼部尚书兼翰林","0","2","2"
"尚书兼翰林学士的","0","2","2"
"书兼翰林学士的身","0","2","2"
"兼翰林学士的身份","0","2","2"
"不久加封为太子太","0","2","2"
"温体仁攻击钱谦益","0","2","2"
"南京给事中钱允鲸","0","2","2"
"改任武英殿大学士","0","2","2"
"诚意伯刘孔昭弹劾","0","2","2"
"到少师兼太子太师","0","2","2"
"为东阁大学士兼兵","0","2","2"
"东阁大学士兼兵部","0","2","2"
"阁大学士兼兵部尚","0","2","2"
"大学士兼兵部尚书","0","2","2"
"加封他为少傅兼太","0","2","2"
"封他为少傅兼太子","0","2","2"
"他为少傅兼太子太","0","2","2"
"大铖为兵部添注右","0","2","2"
"铖为兵部添注右侍","0","2","2"
"卫胤文为兵部右侍","0","2","2"
"胤文为兵部右侍郎","0","2","2"
"人都是谢迁的同乡","0","2","2"
"万历四十一年中进","0","2","2"
"历四十一年中进士","0","2","2"
"连夜跑到魏忠贤的","0","2","2"
"夜跑到魏忠贤的住","0","2","2"
"跑到魏忠贤的住处","0","2","2"
"提建议而得罪的人","0","2","2"
"给事中潘士闻弹劾","0","2","2"
"吏部尚书孙丕扬因","0","2","2"
"触忤了魏忠贤的意","0","2","2"
"不久升为兵部右侍","0","2","2"
"久升为兵部右侍郎","0","2","2"
"不久他进升为副使","0","2","2"
"为锦衣卫都指挥佥","0","2","2"
"张居正的三个儿子","0","2","2"
"提拔为右副都御史","0","2","2"
"提升为兵部右侍郎","0","2","2"
"置于考察的名册上","0","2","2"
"年以兵部右侍郎兼","0","2","2"
"以兵部右侍郎兼右","0","2","2"
"郎兼右佥都御史的","0","2","2"
"御史的身份巡抚保","0","2","2"
"史的身份巡抚保定","0","2","2"
"李三才有雄才大略","0","2","2"
"小阿卜户侵犯黑峪","0","2","2"
"阿卜户侵犯黑峪关","0","2","2"
"这时是万历二十二","0","2","2"
"时是万历二十二年","0","2","2"
"八月二十三日天刚","0","2","2"
"月二十三日天刚亮","0","2","2"
"郑贵妃占据乾清宫","0","2","2"
"皇帝想把他们一起","0","2","2"
"帝想把他们一起治","0","2","2"
"想把他们一起治罪","0","2","2"
"上疏弹劾兵部尚书","0","2","2"
"都没有上报给皇帝","0","2","2"
"请求皇帝修身反省","0","2","2"
"万历四十三年五月","0","2","2"
"郑贵妃宫中的太监","0","2","2"
"朝廷内外议论纷扬","0","2","2"
"贵妃的弟弟郑国泰","0","2","2"
"奸邪之人闯入内宫","0","2","2"
"李选侍想垂帘听政","0","2","2"
"易水可以灌溉金台","0","2","2"
"滹水可以灌溉恒山","0","2","2"
"溏水可以灌溉中山","0","2","2"
"滏水可以灌溉襄国","0","2","2"
"皇帝高兴地采纳了","0","2","2"
"弹劾王纪保护熊廷","0","2","2"
"劾王纪保护熊廷弼","0","2","2"
"年以右副都御史的","0","2","2"
"副都御史的身份巡","0","2","2"
"多次上疏乞求辞职","0","2","2"
"冯从吾当左副都御","0","2","2"
"从吾当左副都御史","0","2","2"
"于是剥夺了他的官","0","2","2"
"没有采纳他的建议","0","2","2"
"言官说了却不能坚","0","2","2"
"官说了却不能坚持","0","2","2"
"这是让陛下不能像","0","2","2"
"是让陛下不能像祖","0","2","2"
"让陛下不能像祖宗","0","2","2"
"陛下不能像祖宗那","0","2","2"
"下不能像祖宗那样","0","2","2"
"加封少保兼太子太","0","2","2"
"封少傅兼太子太傅","0","2","2"
"加封少师兼太子太","0","2","2"
"封少师兼太子太师","0","2","2"
"遣行人护送他回家","0","2","2"
"给事中陈良训上疏","0","2","2"
"给事中傅魁弹劾左","0","2","2"
"事中傅魁弹劾左光","0","2","2"
"中傅魁弹劾左光斗","0","2","2"
"利用职权接受贿赂","0","2","2"
"左光斗等人勾结汪","0","2","2"
"光斗等人勾结汪文","0","2","2"
"斗等人勾结汪文言","0","2","2"
"杨涟上疏弹劾魏忠","0","2","2"
"涟上疏弹劾魏忠贤","0","2","2"
"弹劾魏忠贤的二十","0","2","2"
"劾魏忠贤的二十四","0","2","2"
"皇帝已经安慰挽留","0","2","2"
"有保卫国家的功劳","0","2","2"
"到杨涟弹劾魏忠贤","0","2","2"
"让他的一个儿子做","0","2","2"
"不可以拿结党拉派","0","2","2"
"可以拿结党拉派来","0","2","2"
"惩处魏忠贤的党徒","0","2","2"
"他又被加封为太子","0","2","2"
"又被加封为太子太","0","2","2"
"又过了一年的十月","0","2","2"
"李成梁打退了他们","0","2","2"
"李成梁传令副将杨","0","2","2"
"成梁传令副将杨腾","0","2","2"
"游击王惟屏分兵驻","0","2","2"
"击王惟屏分兵驻守","0","2","2"
"王惟屏分兵驻守军","0","2","2"
"惟屏分兵驻守军事","0","2","2"
"屏分兵驻守军事要","0","2","2"
"分兵驻守军事要地","0","2","2"
"荫封为都指挥同知","0","2","2"
"派遣各将分别驻守","0","2","2"
"增加每年俸禄一百","0","2","2"
"加每年俸禄一百石","0","2","2"
"荫封锦衣卫指挥使","0","2","2"
"用苛捐杂税剥削人","0","2","2"
"苛捐杂税剥削人民","0","2","2"
"李成梁再次镇守辽","0","2","2"
"成梁再次镇守辽东","0","2","2"
"万历二十一年正月","0","2","2"
"以为是授封的使者","0","2","2"
"麻贵于是进入岛山","0","2","2"
"人心更加惶惶不安","0","2","2"
"弹劾南京兵部尚书","0","2","2"
"曹变蛟是曹文诏的","0","2","2"
"变蛟是曹文诏的侄","0","2","2"
"蛟是曹文诏的侄子","0","2","2"
"子孙为世袭锦衣指","0","2","2"
"孙为世袭锦衣指挥","0","2","2"
"向皇帝报告了这件","0","2","2"
"皇帝报告了这件事","0","2","2"
"西总督郑崇俭率领","0","2","2"
"营相连有一百多里","0","2","2"
"相连有一百多里长","0","2","2"
"过了很长一段时间","0","2","2"
"后悔没有采纳元吉","0","2","2"
"悔没有采纳元吉的","0","2","2"
"没有采纳元吉的建","0","2","2"
"有采纳元吉的建议","0","2","2"
"原尚书侯恂从狱中","0","2","2"
"荫封他一个儿子为","0","2","2"
"清除皇上身边的坏","0","2","2"
"除皇上身边的坏人","0","2","2"
"当时大清兵已经打","0","2","2"
"时大清兵已经打下","0","2","2"
"大清兵已经打下了","0","2","2"
"龙因此被剥夺官职","0","2","2"
"在玛瑙山把贼兵打","0","2","2"
"玛瑙山把贼兵打得","0","2","2"
"瑙山把贼兵打得大","0","2","2"
"贼寇于是越过成都","0","2","2"
"告诉他自己的意思","0","2","2"
"朝廷追赠他为太子","0","2","2"
"廷追赠他为太子太","0","2","2"
"把这事报告给朝廷","0","2","2"
"改任南京兵部右侍","0","2","2"
"又赐了他尚方宝剑","0","2","2"
"享有见机行事的权","0","2","2"
"中万历四十七年进","0","2","2"
"等人也不同程度地","0","2","2"
"开诚布公地对他们","0","2","2"
"诚布公地对他们加","0","2","2"
"布公地对他们加以","0","2","2"
"兵部左侍郎兼右佥","0","2","2"
"部左侍郎兼右佥都","0","2","2"
"加官为东阁大学士","0","2","2"
"气婉转的诏书回答","0","2","2"
"一份指示批评金堡","0","2","2"
"大清部队更加逼近","0","2","2"
"他们的同伙冷孟钅","0","2","2"
"们的同伙冷孟钅任","0","2","2"
"事情给朝廷知道后","0","2","2"
"是自古以来不曾有","0","2","2"
"自古以来不曾有过","0","2","2"
"古以来不曾有过的","0","2","2"
"奏议交给有关部门","0","2","2"
"议交给有关部门讨","0","2","2"
"交给有关部门讨论","0","2","2"
"升任南京兵部右侍","0","2","2"
"招募熟习水性的人","0","2","2"
"为南京刑部员外郎","0","2","2"
"辞官归家奉养母亲","0","2","2"
"调任南京兵部尚书","0","2","2"
"朝廷推选内阁大臣","0","2","2"
"可法担心高杰蛮横","0","2","2"
"是千古不曾有过的","0","2","2"
"晋升少师兼太子太","0","2","2"
"升少师兼太子太师","0","2","2"
"提拔他为太仆少卿","0","2","2"
"改任礼部尚书兼东","0","2","2"
"提升他为右佥都御","0","2","2"
"升他为右佥都御史","0","2","2"
"福王在南京即位后","0","2","2"
"太子的秘密指示是","0","2","2"
"子的秘密指示是从","0","2","2"
"的秘密指示是从哪","0","2","2"
"秘密指示是从哪里","0","2","2"
"密指示是从哪里搞","0","2","2"
"下去会弄成什么样","0","2","2"
"去会弄成什么样子","0","2","2"
"让他以原先的身份","0","2","2"
"腾蛟与侍郎严起恒","0","2","2"
"他考中万历四十四","0","2","2"
"中万历四十四年榜","0","2","2"
"万历四十四年榜进","0","2","2"
"历四十四年榜进士","0","2","2"
"大清兵打下了汀州","0","2","2"
"他便宜行事的权力","0","2","2"
"请求永明王回到桂","0","2","2"
"求永明王回到桂林","0","2","2"
"提升他为兵部尚书","0","2","2"
"给他见机行事的权","0","2","2"
"他见机行事的权力","0","2","2"
"中万历四十四年进","0","2","2"
"改任南京兵部主事","0","2","2"
"是已经有人议论说","0","2","2"
"已经有人议论说这","0","2","2"
"经有人议论说这是","0","2","2"
"唐王提升他为翰林","0","2","2"
"他以右佥都御史的","0","2","2"
"因此所到之处人们","0","2","2"
"此所到之处人们都","0","2","2"
"永明王在肇庆监国","0","2","2"
"下令把他剥夺官籍","0","2","2"
"改任兵部右侍郎兼","0","2","2"
"庄烈帝在中左门召","0","2","2"
"他兼任右佥都御史","0","2","2"
"含蓄地提到这一点","0","2","2"
"又升为山东右布政","0","2","2"
"邹应龙为通政司参","0","2","2"
"应龙为通政司参议","0","2","2"
"徐阶取代严嵩任首","0","2","2"
"阶取代严嵩任首辅","0","2","2"
"屡次奏请增添内阁","0","2","2"
"次奏请增添内阁大","0","2","2"
"奏请增添内阁大臣","0","2","2"
"御史齐康弹劾徐阶","0","2","2"
"御史齐康替高拱弹","0","2","2"
"史齐康替高拱弹劾","0","2","2"
"齐康替高拱弹劾徐","0","2","2"
"康替高拱弹劾徐阶","0","2","2"
"俺答的孙子把汉那","0","2","2"
"答的孙子把汉那吉","0","2","2"
"孙子把汉那吉前来","0","2","2"
"皇帝都听从了他的","0","2","2"
"帝都听从了他的意","0","2","2"
"给事中韩楫弹劾贞","0","2","2"
"事中韩楫弹劾贞吉","0","2","2"
"部右侍郎兼翰林院","0","2","2"
"右侍郎兼翰林院学","0","2","2"
"侍郎兼翰林院学士","0","2","2"
"任吏部左侍郎兼东","0","2","2"
"皇后为仁圣皇太后","0","2","2"
"皇帝在平台召见他","0","2","2"
"被提拔为锦衣卫指","0","2","2"
"提拔为锦衣卫指挥","0","2","2"
"一个儿子为尚宝丞","0","2","2"
"皇帝同意了他们的","0","2","2"
"已经晋升为左侍郎","0","2","2"
"为少詹事兼侍读学","0","2","2"
"提升为礼部右侍郎","0","2","2"
"以左侍郎身份负责","0","2","2"
"请求恢复他原来的","0","2","2"
"他被加封太子少保","0","2","2"
"张居正准备回乡安","0","2","2"
"居正准备回乡安葬","0","2","2"
"正准备回乡安葬父","0","2","2"
"准备回乡安葬父亲","0","2","2"
"进士薛敷教弹劾吴","0","2","2"
"士薛敷教弹劾吴时","0","2","2"
"在暖阁召见辅佐大","0","2","2"
"暖阁召见辅佐大臣","0","2","2"
"张居正服丧期限未","0","2","2"
"居正服丧期限未满","0","2","2"
"晋升为礼部尚书兼","0","2","2"
"下优诏答复知道了","0","2","2"
"万历二十九年秋天","0","2","2"
"张居正死后的第二","0","2","2"
"居正死后的第二年","0","2","2"
"日本封贡的事情失","0","2","2"
"本封贡的事情失败","0","2","2"
"给事中刘道亨弹劾","0","2","2"
"赞画主事丁应泰弹","0","2","2"
"画主事丁应泰弹劾","0","2","2"
"将他从官籍中除名","0","2","2"
"兼东阁大学士参与","0","2","2"
"万历三十八年秋天","0","2","2"
"被提升为太仆少卿","0","2","2"
"被提升为太常少卿","0","2","2"
"的奏疏留在宫中不","0","2","2"
"奏疏留在宫中不下","0","2","2"
"疏留在宫中不下发","0","2","2"
"大学士高拱执掌吏","0","2","2"
"学士高拱执掌吏部","0","2","2"
"皇帝虽然安慰挽留","0","2","2"
"高拱以内阁大臣身","0","2","2"
"拱以内阁大臣身份","0","2","2"
"不看重奇异的东西","0","2","2"
"负责南京翰林院的","0","2","2"
"责南京翰林院的事","0","2","2"
"考取嘉靖三十八年","0","2","2"
"取嘉靖三十八年的","0","2","2"
"担任右佥都御史辖","0","2","2"
"任右佥都御史辖治","0","2","2"
"任命为户部右侍郎","0","2","2"
"他升任右都御史兼","0","2","2"
"升任右都御史兼兵","0","2","2"
"任右都御史兼兵部","0","2","2"
"他担任右副都御史","0","2","2"
"晋升为南京右都御","0","2","2"
"升为南京右都御史","0","2","2"
"任南京刑部右侍郎","0","2","2"
"考取嘉靖三十五年","0","2","2"
"取嘉靖三十五年的","0","2","2"
"的一个儿子录入官","0","2","2"
"一个儿子录入官籍","0","2","2"
"他升任兵部右侍郎","0","2","2"
"日本受封与朝贡的","0","2","2"
"本受封与朝贡的议","0","2","2"
"受封与朝贡的议论","0","2","2"
"后起用为南京工部","0","2","2"
"起用为南京工部尚","0","2","2"
"用为南京工部尚书","0","2","2"
"赵学仕是大学士赵","0","2","2"
"学仕是大学士赵志","0","2","2"
"仕是大学士赵志皋","0","2","2"
"是大学士赵志皋的","0","2","2"
"大学士赵志皋的族","0","2","2"
"奏章都被留在宫中","0","2","2"
"担任右佥都御史巡","0","2","2"
"任右佥都御史巡视","0","2","2"
"赵用贤因为拒绝婚","0","2","2"
"用贤因为拒绝婚事","0","2","2"
"采纳了他们的建议","0","2","2"
"他出任南京刑部尚","0","2","2"
"出任南京刑部尚书","0","2","2"
"任南京右佥都御史","0","2","2"
"其余的人全部释放","0","2","2"
"升任南京工部尚书","0","2","2"
"打来孙十多万骑兵","0","2","2"
"以便断绝敌寇窥探","0","2","2"
"嘉靖四十二年十月","0","2","2"
"上疏弹劾吏部尚书","0","2","2"
"任南京户部右侍郎","0","2","2"
"晋升为南京礼部尚","0","2","2"
"年晋升为礼部右侍","0","2","2"
"皇后的父亲永年伯","0","2","2"
"郭正域是沈鲤的门","0","2","2"
"御史刘台因为弹劾","0","2","2"
"史刘台因为弹劾张","0","2","2"
"刘台因为弹劾张居","0","2","2"
"台因为弹劾张居正","0","2","2"
"召见并任命他为礼","0","2","2"
"见并任命他为礼部","0","2","2"
"命他为礼部尚书兼","0","2","2"
"剥夺了他们的俸禄","0","2","2"
"遣行人护送他回乡","0","2","2"
"嘉靖二十年的进士","0","2","2"
"成国公朱希忠去世","0","2","2"
"被提拔为右佥都御","0","2","2"
"宗听从了他的建议","0","2","2"
"出任南京右都御史","0","2","2"
"召见并任命他为户","0","2","2"
"见并任命他为户部","0","2","2"
"极力陈述它的危害","0","2","2"
"嘉靖三十四年以后","0","2","2"
"帝接纳并嘉奖了他","0","2","2"
"万历二十一年他与","0","2","2"
"历二十一年他与吏","0","2","2"
"二十一年他与吏部","0","2","2"
"十一年他与吏部尚","0","2","2"
"一年他与吏部尚书","0","2","2"
"认为他的建议很好","0","2","2"
"于是削夺了他的官","0","2","2"
"担任南京吏部尚书","0","2","2"
"留在宫中没有下发","0","2","2"
"每年增加二十万两","0","2","2"
"年增加二十万两金","0","2","2"
"增加二十万两金花","0","2","2"
"加二十万两金花银","0","2","2"
"被征召为工科给事","0","2","2"
"征召为工科给事中","0","2","2"
"任少傅兼太子太傅","0","2","2"
"告诫朝廷大臣不要","0","2","2"
"在家居住十年后去","0","2","2"
"家居住十年后去世","0","2","2"
"大学士叶向高奏请","0","2","2"
"用他为礼部右侍郎","0","2","2"
"兵科给事中赵兴邦","0","2","2"
"奏请补充内阁大臣","0","2","2"
"万历四十八年七月","0","2","2"
"呈送药的前后经过","0","2","2"
"又升为吏部右侍郎","0","2","2"
"家中没有多余的资","0","2","2"
"追赠他为礼部尚书","0","2","2"
"上奏极力攻击王图","0","2","2"
"唐文献与同僚杨道","0","2","2"
"的奏疏下发给九卿","0","2","2"
"受当权宦官的祸害","0","2","2"
"处置当权宦官的办","0","2","2"
"置当权宦官的办法","0","2","2"
"交给有关部门处理","0","2","2"
"在家居住两年后去","0","2","2"
"家居住两年后去世","0","2","2"
"为右副都御史代替","0","2","2"
"功升为左副都御史","0","2","2"
"大夏为右副都御史","0","2","2"
"为太常少卿兼侍读","0","2","2"
"升任为右副都御史","0","2","2"
"朝廷讨论派遣大臣","0","2","2"
"大臣们一起上书说","0","2","2"
"第二个儿子崇仁王","0","2","2"
"过继给人就是人家","0","2","2"
"继给人就是人家的","0","2","2"
"给人就是人家的儿","0","2","2"
"人就是人家的儿子","0","2","2"
"大臣们上书议论说","0","2","2"
"以前的奏疏发下来","0","2","2"
"推尊自己的亲生父","0","2","2"
"经有武宗这个儿子","0","2","2"
"兴献帝为本生皇考","0","2","2"
"献帝为本生皇考恭","0","2","2"
"帝为本生皇考恭穆","0","2","2"
"逢年过节派遣官员","0","2","2"
"朝廷追赠他为少保","0","2","2"
"管起草皇帝的命令","0","2","2"
"外放为南京吏部尚","0","2","2"
"放为南京吏部尚书","0","2","2"
"在关于大礼的争议","0","2","2"
"哭声响震皇宫的深","0","2","2"
"声响震皇宫的深宅","0","2","2"
"响震皇宫的深宅大","0","2","2"
"震皇宫的深宅大院","0","2","2"
"一起到左顺门跪地","0","2","2"
"和其他大臣们一起","0","2","2"
"在宫门外跪地哭谏","0","2","2"
"任御前讲席的讲官","0","2","2"
"侍奉时为东宫太子","0","2","2"
"奉时为东宫太子的","0","2","2"
"以右副都御史巡抚","0","2","2"
"做了少傅兼太子太","0","2","2"
"用廷和一个儿子为","0","2","2"
"廷和一个儿子为锦","0","2","2"
"和一个儿子为锦衣","0","2","2"
"排行应当立为皇帝","0","2","2"
"慈寿皇太后为圣母","0","2","2"
"屡次上书请求退休","0","2","2"
"被抓进京城的大牢","0","2","2"
"不久加官太子太保","0","2","2"
"调任南京吏部尚书","0","2","2"
"他以吏部尚书兼文","0","2","2"
"以吏部尚书兼文渊","0","2","2"
"兼文渊阁大学士的","0","2","2"
"文渊阁大学士的身","0","2","2"
"渊阁大学士的身份","0","2","2"
"升为南京吏部右侍","0","2","2"
"为南京吏部右侍郎","0","2","2"
"身份入内阁参与机","0","2","2"
"份入内阁参与机要","0","2","2"
"为兴王加上尊谥号","0","2","2"
"兴王加上尊谥号为","0","2","2"
"为恭睿渊仁宽穆纯","0","2","2"
"国子生的身份被授","0","2","2"
"吕震的女婿主事张","0","2","2"
"震的女婿主事张鹤","0","2","2"
"问他有什么话要说","0","2","2"
"正好皇上召见方宾","0","2","2"
"户部免除他家的赋","0","2","2"
"部免除他家的赋税","0","2","2"
"被提升为都指挥佥","0","2","2"
"提升为都指挥佥事","0","2","2"
"十万大军将攻北平","0","2","2"
"授为奉天靖难推诚","0","2","2"
"为奉天靖难推诚宣","0","2","2"
"劝皇上立他为太子","0","2","2"
"升为浙江左布政使","0","2","2"
"后被授予监察御史","0","2","2"
"改换素冠和布腰带","0","2","2"
"洪武二十一年考中","0","2","2"
"久加封为太子少保","0","2","2"
"等人纷纷上书弹劾","0","2","2"
"进升右军都督佥事","0","2","2"
"宦官一百五十余人","0","2","2"
"跟随傅友德征讨云","0","2","2"
"随傅友德征讨云南","0","2","2"
"军中封何福为宁远","0","2","2"
"中封何福为宁远侯","0","2","2"
"随颍川侯傅友德征","0","2","2"
"颍川侯傅友德征讨","0","2","2"
"川侯傅友德征讨云","0","2","2"
"侯傅友德征讨云南","0","2","2"
"皇上称赞他的才华","0","2","2"
"第二年四月他去世","0","2","2"
"对下属约束得很严","0","2","2"
"勉强起来告诉柳升","0","2","2"
"东宫属官全部投进","0","2","2"
"为礼部侍郎兼华盖","0","2","2"
"礼部侍郎兼华盖殿","0","2","2"
"部侍郎兼华盖殿大","0","2","2"
"皇上对左右的人说","0","2","2"
"老的罕逃到赤斤蒙","0","2","2"
"的罕逃到赤斤蒙古","0","2","2"
"第二年又随从北征","0","2","2"
"进升文渊阁大学士","0","2","2"
"被提拔为太仆少卿","0","2","2"
"以右都御史的身份","0","2","2"
"皇帝听从了他的建","0","2","2"
"帝听从了他的建议","0","2","2"
"以右副都御史的官","0","2","2"
"右副都御史的官职","0","2","2"
"副都御史的官职巡","0","2","2"
"总督南京粮食储备","0","2","2"
"剥夺他的世袭荫庇","0","2","2"
"夺他的世袭荫庇的","0","2","2"
"他的世袭荫庇的特","0","2","2"
"的世袭荫庇的特权","0","2","2"
"皇帝听从了他们的","0","2","2"
"天地合在一起祭祀","0","2","2"
"尚书王时中等人说","0","2","2"
"在墓旁结草庐居住","0","2","2"
"他下诏狱进行拷打","0","2","2"
"然后才敢向陛下奏","0","2","2"
"后才敢向陛下奏闻","0","2","2"
"提升为礼科给事中","0","2","2"
"隶属总兵官俞大猷","0","2","2"
"在半路上攻击他们","0","2","2"
"晋升为都指挥同知","0","2","2"
"充任甘肃游击将军","0","2","2"
"次战斗都取得了胜","0","2","2"
"战斗都取得了胜利","0","2","2"
"身经大小战斗百十","0","2","2"
"经大小战斗百十次","0","2","2"
"晋升为署都指挥佥","0","2","2"
"升为署都指挥佥事","0","2","2"
"被提升为署都督佥","0","2","2"
"提升为署都督佥事","0","2","2"
"哈密都督写亦虎仙","0","2","2"
"年他被提升为右副","0","2","2"
"他被提升为右副都","0","2","2"
"这是一劳永逸的办","0","2","2"
"是一劳永逸的办法","0","2","2"
"说河套不可能收复","0","2","2"
"着潮河川南下到古","0","2","2"
"潮河川南下到古北","0","2","2"
"河川南下到古北口","0","2","2"
"右佥都御史代替他","0","2","2"
"卢镒等人贬戍边关","0","2","2"
"弹劾吏部尚书廖纪","0","2","2"
"是小人之中的小人","0","2","2"
"被加封为兵部尚书","0","2","2"
"右佥都御史的官职","0","2","2"
"自从逆臣刘瑾以来","0","2","2"
"这是不用疑虑的第","0","2","2"
"人就不是因为仇恨","0","2","2"
"桂萼的家人吴从周","0","2","2"
"附祭孝烈皇后于太","0","2","2"
"祭孝烈皇后于太庙","0","2","2"
"得到的奖赏十分丰","0","2","2"
"到的奖赏十分丰厚","0","2","2"
"跟从大军征讨中原","0","2","2"
"西平侯沐英征讨西","0","2","2"
"平侯沐英征讨西番","0","2","2"
"副将军的身份跟随","0","2","2"
"擒获元平章达里麻","0","2","2"
"脱下衣服给纳哈出","0","2","2"
"下衣服给纳哈出穿","0","2","2"
"中拜蓝玉为大将军","0","2","2"
"俘获其次子地保奴","0","2","2"
"受蓝玉党案牵连而","0","2","2"
"蓝玉党案牵连而被","0","2","2"
"玉党案牵连而被杀","0","2","2"
"俞通海等人率舟师","0","2","2"
"降服了张士诚的守","0","2","2"
"服了张士诚的守将","0","2","2"
"晋升为秦淮翼元帅","0","2","2"
"升为行枢密院判官","0","2","2"
"陈友谅的骁将张定","0","2","2"
"友谅的骁将张定边","0","2","2"
"破蛮子海牙的水寨","0","2","2"
"在离诸全五十里处","0","2","2"
"晋升为大都督府副","0","2","2"
"升为大都督府副使","0","2","2"
"后受蓝玉党案株连","0","2","2"
"推荐曹国公李景隆","0","2","2"
"为什么不立成王的","0","2","2"
"升为江西行省参政","0","2","2"
"从傅友德平定蜀地","0","2","2"
"被提升为大都督府","0","2","2"
"命令有关部门为他","0","2","2"
"年九月死于官位上","0","2","2"
"解释祭奠先师的乐","0","2","2"
"释祭奠先师的乐章","0","2","2"
"他们每三年向朝廷","0","2","2"
"没有汉化的苗族人","0","2","2"
"杨应龙的儿子杨朝","0","2","2"
"应龙的儿子杨朝栋","0","2","2"
"皇帝下诏赏赐给他","0","2","2"
"令景川侯曹震前去","0","2","2"
"阿聂继承其父的职","0","2","2"
"聂继承其父的职务","0","2","2"
"印有皇帝玺印的诏","0","2","2"
"有皇帝玺印的诏书","0","2","2"
"奢崇明的妻子安氏","0","2","2"
"奢崇明自称为大梁","0","2","2"
"崇明自称为大梁王","0","2","2"
"派遣儿子入京城朝","0","2","2"
"遣儿子入京城朝觐","0","2","2"
"儿子入京城朝觐皇","0","2","2"
"子入京城朝觐皇帝","0","2","2"
"人向朝廷贡献土产","0","2","2"
"求朝廷派兵进剿搜","0","2","2"
"朝廷派兵进剿搜捕","0","2","2"
"兵部尚书张鹤鸣说","0","2","2"
"不遵奉朝廷的命令","0","2","2"
"命令江夏侯周德兴","0","2","2"
"五万八千七百多人","0","2","2"
"向朝廷祝贺册立皇","0","2","2"
"源义持派使者前来","0","2","2"
"使者向朝廷贡献马","0","2","2"
"向朝廷贡献马匹以","0","2","2"
"朝廷贡献马匹以表","0","2","2"
"月日本使臣又来朝","0","2","2"
"日本使臣又来朝贡","0","2","2"
"弘治年间勘合的金","0","2","2"
"治年间勘合的金牌","0","2","2"
"正德年间勘合的金","0","2","2"
"德年间勘合的金牌","0","2","2"
"送还从中国掳掠去","0","2","2"
"还从中国掳掠去的","0","2","2"
"从中国掳掠去的人","0","2","2"
"中国掳掠去的人口","0","2","2"
"请求朝廷给他们颁","0","2","2"
"求朝廷给他们颁发","0","2","2"
"兵部尚书石星无计","0","2","2"
"部尚书石星无计可","0","2","2"
"尚书石星无计可施","0","2","2"
"于是嘉兴人沈惟敬","0","2","2"
"朝廷给他们的赏赐","0","2","2"
"中山王的献贡使者","0","2","2"
"的次子和寨官的儿","0","2","2"
"次子和寨官的儿子","0","2","2"
"寨官的儿子进国子","0","2","2"
"官的儿子进国子监","0","2","2"
"的儿子进国子监学","0","2","2"
"儿子进国子监学习","0","2","2"
"皇帝命令礼部给他","0","2","2"
"派使者来朝廷讣告","0","2","2"
"人进入国子监学习","0","2","2"
"派使者到朝廷讣告","0","2","2"
"使者到朝廷讣告其","0","2","2"
"者到朝廷讣告其父","0","2","2"
"到朝廷讣告其父的","0","2","2"
"中山王的使者上奏","0","2","2"
"山王的使者上奏说","0","2","2"
"讣告其父去世的消","0","2","2"
"来朝廷讣告其父的","0","2","2"
"焚烧了他们的房屋","0","2","2"
"他们一年献贡一次","0","2","2"
"命令福建的守卫大","0","2","2"
"令福建的守卫大臣","0","2","2"
"福建的守卫大臣将","0","2","2"
"建的守卫大臣将情","0","2","2"
"的守卫大臣将情况","0","2","2"
"被倭寇掳掠去的中","0","2","2"
"倭寇掳掠去的中国","0","2","2"
"寇掳掠去的中国人","0","2","2"
"进献表文和土特产","0","2","2"
"献表文和土特产品","0","2","2"
"向朝廷请求继承王","0","2","2"
"朝廷请求继承王位","0","2","2"
"总兵官杨宗业将此","0","2","2"
"琉球派使者向朝廷","0","2","2"
"请求朝廷派官前去","0","2","2"
"派使者向朝廷祝贺","0","2","2"
"使者向朝廷祝贺册","0","2","2"
"者向朝廷祝贺册立","0","2","2"
"安克帖木儿又派人","0","2","2"
"克帖木儿又派人向","0","2","2"
"帖木儿又派人向朝","0","2","2"
"木儿又派人向朝廷","0","2","2"
"儿又派人向朝廷献","0","2","2"
"又派人向朝廷献贡","0","2","2"
"请求朝廷给予册封","0","2","2"
"人向朝廷献贡马表","0","2","2"
"兔力帖木儿为忠义","0","2","2"
"力帖木儿为忠义王","0","2","2"
"又向朝廷献贡马表","0","2","2"
"使者向朝廷献贡三","0","2","2"
"者向朝廷献贡三次","0","2","2"
"忠顺王的母亲和妻","0","2","2"
"顺王的母亲和妻子","0","2","2"
"派使者向明朝廷告","0","2","2"
"使者向朝廷献贡品","0","2","2"
"各派使者向朝廷献","0","2","2"
"礼部大臣姚夔等人","0","2","2"
"派将士护送他们回","0","2","2"
"将士护送他们回去","0","2","2"
"假装与罕慎联姻结","0","2","2"
"又派使者前来献贡","0","2","2"
"愿意将哈密城的官","0","2","2"
"意将哈密城的官印","0","2","2"
"边防大臣将此上报","0","2","2"
"防大臣将此上报朝","0","2","2"
"每年从他那里征调","0","2","2"
"满速儿为此很愤怒","0","2","2"
"部下虎力纳咱儿勾","0","2","2"
"下虎力纳咱儿勾引","0","2","2"
"虎力纳咱儿勾引瓦","0","2","2"
"力纳咱儿勾引瓦剌","0","2","2"
"皇帝采纳了他的意","0","2","2"
"也先的弟弟伯都王","0","2","2"
"哈密一起派使者前","0","2","2"
"密一起派使者前来","0","2","2"
"等人将此上报朝廷","0","2","2"
"赤斤二个卫所的军","0","2","2"
"斤二个卫所的军队","0","2","2"
"的军队回去守卫自","0","2","2"
"军队回去守卫自己","0","2","2"
"队回去守卫自己的","0","2","2"
"朝廷大臣请求皇帝","0","2","2"
"派遣使者向朝廷献","0","2","2"
"遣使者向朝廷献贡","0","2","2"
"攻破哈密城的防守","0","2","2"
"派使者叩见边关大","0","2","2"
"使者叩见边关大臣","0","2","2"
"所拘留的土鲁番使","0","2","2"
"拘留的土鲁番使臣","0","2","2"
"所扣留的土鲁番使","0","2","2"
"扣留的土鲁番使者","0","2","2"
"他们归还所侵占的","0","2","2"
"即使让他回到哈密","0","2","2"
"不听从朝廷的命令","0","2","2"
"充当米儿的儿子马","0","2","2"
"当米儿的儿子马黑","0","2","2"
"米儿的儿子马黑木","0","2","2"
"进了锦衣卫的监狱","0","2","2"
"了锦衣卫的监狱里","0","2","2"
"他们每年献一次贡","0","2","2"
"封买的里八剌为崇","0","2","2"
"买的里八剌为崇礼","0","2","2"
"的里八剌为崇礼侯","0","2","2"
"元朝太子爱猷识理","0","2","2"
"朝太子爱猷识理达","0","2","2"
"崇礼侯买的里八剌","0","2","2"
"礼侯买的里八剌回","0","2","2"
"子脱古思帖木儿继","0","2","2"
"封纳哈出为海西侯","0","2","2"
"军队驻扎在边关要","0","2","2"
"脱飀袭击并杀死了","0","2","2"
"飀袭击并杀死了阿","0","2","2"
"英宗皇帝为太上皇","0","2","2"
"宗皇帝答应了他们","0","2","2"
"朝廷献贡的使者到","0","2","2"
"唐朝张仁愿在这里","0","2","2"
"皇帝认为这个建议","0","2","2"
"在威宁海子袭击并","0","2","2"
"北方部落的亦卜剌","0","2","2"
"派使者到大同要塞","0","2","2"
"副总兵蒋承勋奋力","0","2","2"
"嘉靖四十二年春天","0","2","2"
"嘉靖四十四年春天","0","2","2"
"是俺答第三个儿子","0","2","2"
"俺答第三个儿子铁","0","2","2"
"答第三个儿子铁背","0","2","2"
"第三个儿子铁背台","0","2","2"
"三个儿子铁背台吉","0","2","2"
"个儿子铁背台吉的","0","2","2"
"儿子铁背台吉的儿","0","2","2"
"子铁背台吉的儿子","0","2","2"
"把板升的各位叛徒","0","2","2"
"使者与鲍崇德一起","0","2","2"
"李成梁在卓山打败","0","2","2"
"部落的入贡和通市","0","2","2"
"等人向朝廷献贡马","0","2","2"
"与阿鲁台发生战斗","0","2","2"
"图谋入侵中国边境","0","2","2"
"王振挟持皇帝亲自","0","2","2"
"见脱脱不花和也先","0","2","2"
"断绝与瓦剌的往来","0","2","2"
"祝贺第二年的元旦","0","2","2"
"请求朝廷在此设置","0","2","2"
"戴上桎梏押送到京","0","2","2"
"上桎梏押送到京城","0","2","2"
"继荣将者鞼接回来","0","2","2"
"派使者向朝廷入贡","0","2","2"
"着皇帝的敕谕去责","0","2","2"
"皇帝的敕谕去责问","0","2","2"
"年朝廷给缅甸颁发","0","2","2"
"朝廷给缅甸颁发了","0","2","2"
"并向朝廷贡献土产","0","2","2"
"思任发的儿子思机","0","2","2"
"任发的儿子思机发","0","2","2"
"等人将此事上奏朝","0","2","2"
"人将此事上奏朝廷","0","2","2"
"莽瑞体的儿子莽应","0","2","2"
"瑞体的儿子莽应里","0","2","2"
"镇巡官将此上报朝","0","2","2"
"巡官将此上报朝廷","0","2","2"
"江下等十多个寨子","0","2","2"
"向朝廷请求允许他","0","2","2"
"派遣宦官徐亮带着","0","2","2"
"遣宦官徐亮带着皇","0","2","2"
"宦官徐亮带着皇帝","0","2","2"
"官徐亮带着皇帝的","0","2","2"
"徐亮带着皇帝的敕","0","2","2"
"亮带着皇帝的敕谕","0","2","2"
"攻破了缅甸二十多","0","2","2"
"破了缅甸二十多个","0","2","2"
"了缅甸二十多个城","0","2","2"
"缅甸二十多个城寨","0","2","2"
"斩杀和俘虏了不少","0","2","2"
"与木邦之间的仇杀","0","2","2"
"直接隶属于布政司","0","2","2"
"云南的守卫大臣上","0","2","2"
"南的守卫大臣上奏","0","2","2"
"孟养金沙江的思陆","0","2","2"
"养金沙江的思陆发","0","2","2"
"向朝廷贡献大象和","0","2","2"
"所占领的蛮莫等地","0","2","2"
"干崖和南甸三个宣","0","2","2"
"崖和南甸三个宣抚","0","2","2"
"和南甸三个宣抚司","0","2","2"
"派人向朝廷进献大","0","2","2"
"人向朝廷进献大象","0","2","2"
"年朝贡一次就行了","0","2","2"
"皇帝同意了他的请","0","2","2"
"帝同意了他的请求","0","2","2"
"三宝历代承袭宣慰","0","2","2"
"宝历代承袭宣慰使","0","2","2"
"历代承袭宣慰使的","0","2","2"
"代承袭宣慰使的职","0","2","2"
"派使者带着敕谕去","0","2","2"
"老挝向朝廷献贡的","0","2","2"
"挝向朝廷献贡的使","0","2","2"
"刀板雅的三儿子怕","0","2","2"
"板雅的三儿子怕雅","0","2","2"
"雅的三儿子怕雅赛","0","2","2"
"的三儿子怕雅赛逃","0","2","2"
"三儿子怕雅赛逃到","0","2","2"
"儿子怕雅赛逃到八","0","2","2"
"子怕雅赛逃到八百","0","2","2"
"朝廷贡献大象和土","0","2","2"
"廷贡献大象和土产","0","2","2"
"两个军民宣慰使司","0","2","2"
"军民宣慰使司的宣","0","2","2"
"民宣慰使司的宣慰","0","2","2"
"宣慰使司的宣慰使","0","2","2"
"刀招散派人向朝廷","0","2","2"
"封陈日火奎为安南","0","2","2"
"陈日火奎为安南国","0","2","2"
"和四十匹织金文的","0","2","2"
"四十匹织金文的丝","0","2","2"
"十匹织金文的丝绸","0","2","2"
"匹织金文的丝绸及","0","2","2"
"织金文的丝绸及纱","0","2","2"
"金文的丝绸及纱罗","0","2","2"
"颁发了科举的诏令","0","2","2"
"向明朝廷贡献大象","0","2","2"
"使者到京城向皇帝","0","2","2"
"命令广西的守卫大","0","2","2"
"令广西的守卫大臣","0","2","2"
"派使者奉表向明朝","0","2","2"
"使者奉表向明朝廷","0","2","2"
"佩征夷将军印前往","0","2","2"
"成山侯王通为征夷","0","2","2"
"山侯王通为征夷将","0","2","2"
"侯王通为征夷将军","0","2","2"
"知道他们是在欺骗","0","2","2"
"安南给他私封谥号","0","2","2"
"南给他私封谥号为","0","2","2"
"交给朝廷大臣讨论","0","2","2"
"皇帝命令光禄少卿","0","2","2"
"派使者到京城向明","0","2","2"
"派使者向明朝廷祝","0","2","2"
"使者向明朝廷祝贺","0","2","2"
"安南使者向明朝廷","0","2","2"
"请求皇帝命令广西","0","2","2"
"求皇帝命令广西的","0","2","2"
"归还所侵占的占城","0","2","2"
"皇帝答应了他的请","0","2","2"
"帝答应了他的请求","0","2","2"
"等审核事实的官员","0","2","2"
"审核事实的官员回","0","2","2"
"核事实的官员回来","0","2","2"
"起用黄绾为礼部尚","0","2","2"
"用黄绾为礼部尚书","0","2","2"
"服作为顺逆的标志","0","2","2"
"宠臣辛肫的儿子辛","0","2","2"
"臣辛肫的儿子辛礻","0","2","2"
"整肃军队小心守卫","0","2","2"
"让位给他的儿子辛","0","2","2"
"位给他的儿子辛昌","0","2","2"
"给他赐封谥号为恭","0","2","2"
"不是李仁人的后代","0","2","2"
"李怿的儿子李山告","0","2","2"
"怿的儿子李山告为","0","2","2"
"括取珍奇异物和童","0","2","2"
"取珍奇异物和童男","0","2","2"
"珍奇异物和童男童","0","2","2"
"奇异物和童男童女","0","2","2"
"止与倭人的封贡之","0","2","2"
"与倭人的封贡之事","0","2","2"
"李大谏出使到行长","0","2","2"
"大谏出使到行长那","0","2","2"
"谏出使到行长那里","0","2","2"
"让他们世袭原来的","0","2","2"
"杨应龙的叛乱之后","0","2","2"
"四十八人出来投降","0","2","2"
"刚刚加冠成人就考","0","2","2"
"刚加冠成人就考中","0","2","2"
"参与国家机密大事","0","2","2"
"他为少师兼太子太","0","2","2"
"赐给他的银章上刻","0","2","2"
"考中弘治十八年进","0","2","2"
"密封上书评论政事","0","2","2"
"任兵部尚书兼右都","0","2","2"
"李时兼文渊阁大学","0","2","2"
"时兼文渊阁大学士","0","2","2"
"加封他为太子宾客","0","2","2"
"户部尚书兼武英殿","0","2","2"
"入内阁参与机要事","0","2","2"
"年考中进士第一名","0","2","2"
"当时人们把他比作","0","2","2"
"更加坚决要求退休","0","2","2"
"升为南京吏部主事","0","2","2"
"任文渊阁大学士参","0","2","2"
"他加官为太子太保","0","2","2"
"升任南京刑部主事","0","2","2"
"以右副都御史的名","0","2","2"
"右副都御史的名义","0","2","2"
"回朝当了吏部尚书","0","2","2"
"初任南京兵部主事","0","2","2"
"当时朝廷正在讨论","0","2","2"
"从宫廷中直接传下","0","2","2"
"照祖宗定下的制度","0","2","2"
"升他为右副都御史","0","2","2"
"宗用加盖玉玺的诏","0","2","2"
"上书辞谢给自己的","0","2","2"
"书辞谢给自己的晋","0","2","2"
"朝廷追赠他为太傅","0","2","2"
"根据古礼考较是不","0","2","2"
"据古礼考较是不适","0","2","2"
"古礼考较是不适合","0","2","2"
"礼考较是不适合的","0","2","2"
"根据圣贤之道来比","0","2","2"
"据圣贤之道来比照","0","2","2"
"圣贤之道来比照是","0","2","2"
"贤之道来比照是说","0","2","2"
"之道来比照是说不","0","2","2"
"道来比照是说不通","0","2","2"
"来比照是说不通的","0","2","2"
"关进了都察院的监","0","2","2"
"进了都察院的监狱","0","2","2"
"为皇考恭穆献皇帝","0","2","2"
"还是以前没有过的","0","2","2"
"是以前没有过的事","0","2","2"
"并采纳了他的建议","0","2","2"
"朝廷于是召他回朝","0","2","2"
"更加坚持自己的意","0","2","2"
"加坚持自己的意见","0","2","2"
"有战事的时候应当","0","2","2"
"战事的时候应当像","0","2","2"
"世宗赐给他两枚银","0","2","2"
"宗赐给他两枚银章","0","2","2"
"张璁已经进入内阁","0","2","2"
"提督陕西三边军务","0","2","2"
"被提升为右都御史","0","2","2"
"做兵部尚书兼右副","0","2","2"
"给事中孙应奎弹劾","0","2","2"
"兼武英殿大学士入","0","2","2"
"武英殿大学士入内","0","2","2"
"英殿大学士入内阁","0","2","2"
"让他以尚书的名义","0","2","2"
"他以尚书的名义退","0","2","2"
"以尚书的名义退休","0","2","2"
"分别建立两个郊祀","0","2","2"
"别建立两个郊祀台","0","2","2"
"破坏世宗对夏言的","0","2","2"
"坏世宗对夏言的宠","0","2","2"
"世宗对夏言的宠信","0","2","2"
"玉玺的诏书奖励他","0","2","2"
"只知道有严嵩不知","0","2","2"
"知道有严嵩不知道","0","2","2"
"道有严嵩不知道有","0","2","2"
"有严嵩不知道有陛","0","2","2"
"严嵩不知道有陛下","0","2","2"
"佩带镇朔大将军印","0","2","2"
"累升为都指挥佥事","0","2","2"
"提拔他为都督佥事","0","2","2"
"被提拔为都督佥事","0","2","2"
"在家闲居二十余年","0","2","2"
"所有的官员都可以","0","2","2"
"有的官员都可以把","0","2","2"
"的官员都可以把自","0","2","2"
"官员都可以把自己","0","2","2"
"员都可以把自己的","0","2","2"
"列为条目向上陈述","0","2","2"
"并被授予世袭浩券","0","2","2"
"为代理都指挥同知","0","2","2"
"为礼部右侍郎兼翰","0","2","2"
"进入内阁参预机要","0","2","2"
"入内阁参预机要事","0","2","2"
"内阁参预机要事务","0","2","2"
"为礼部右侍郎兼侍","0","2","2"
"他积功升至都指挥","0","2","2"
"以征西将军的身份","0","2","2"
"请求在花马池修筑","0","2","2"
"交给司法官吏审问","0","2","2"
"给司法官吏审问治","0","2","2"
"司法官吏审问治罪","0","2","2"
"欧信以都督佥事的","0","2","2"
"信以都督佥事的身","0","2","2"
"于是进升为都督同","0","2","2"
"是进升为都督同知","0","2","2"
"以右副总兵的身份","0","2","2"
"掌管司法刑狱的官","0","2","2"
"管司法刑狱的官署","0","2","2"
"与同官一起上书说","0","2","2"
"弹劾不称职的大臣","0","2","2"
"皇帝被他的话感动","0","2","2"
"是北极出地的度数","0","2","2"
"北极出地的度数相","0","2","2"
"极出地的度数相同","0","2","2"
"星的最高处是一千","0","2","2"
"赤道的经度和纬度","0","2","2"
"观测出它在参宿的","0","2","2"
"测出它在参宿的前","0","2","2"
"至正午十二时先于","0","2","2"
"正午十二时先于天","0","2","2"
"午十二时先于天时","0","2","2"
"各节气午正的晷影","0","2","2"
"表测量到的是日体","0","2","2"
"派遣官员祭告天地","0","2","2"
"仪仗大乐在前引导","0","2","2"
"主婚人穿朝服出来","0","2","2"
"送礼物到女家定婚","0","2","2"
"册书和宝玺放置在","0","2","2"
"书和宝玺放置在彩","0","2","2"
"百官穿着朝服在承","0","2","2"
"官穿着朝服在承天","0","2","2"
"穿着朝服在承天门","0","2","2"
"着朝服在承天门外","0","2","2"
"官员捧着册书和宝","0","2","2"
"员捧着册书和宝玺","0","2","2"
"在前殿行醮酒告诫","0","2","2"
"前殿行醮酒告诫礼","0","2","2"
"洪武元年规定制度","0","2","2"
"舆上下来登上辖车","0","2","2"
"如同中宫皇后的礼","0","2","2"
"同中宫皇后的礼仪","0","2","2"
"主掌婚礼的人致词","0","2","2"
"掌婚礼的人致词说","0","2","2"
"者出来在门外迎接","0","2","2"
"仿照有品级官员的","0","2","2"
"鸿胪官赞唱讲官行","0","2","2"
"胪官赞唱讲官行拜","0","2","2"
"官赞唱讲官行拜礼","0","2","2"
"在台阶上行四拜礼","0","2","2"
"天子亲自率军出征","0","2","2"
"皇帝亲自率军征讨","0","2","2"
"到宫殿的赤色台阶","0","2","2"
"执掌祭祀的官员撤","0","2","2"
"掌祭祀的官员撤除","0","2","2"
"祭祀的官员撤除俎","0","2","2"
"祀的官员撤除俎豆","0","2","2"
"皇帝穿平常服饰在","0","2","2"
"兵部尚书请求检阅","0","2","2"
"文武官员的子弟和","0","2","2"
"武官员的子弟和士","0","2","2"
"官员的子弟和士民","0","2","2"
"员的子弟和士民中","0","2","2"
"的子弟和士民中的","0","2","2"
"子弟和士民中的俊","0","2","2"
"弟和士民中的俊秀","0","2","2"
"皇帝穿着平常服饰","0","2","2"
"在京城的文武官员","0","2","2"
"派官员祭祀金水桥","0","2","2"
"受封号的妇女到灵","0","2","2"
"封号的妇女到灵座","0","2","2"
"号的妇女到灵座殿","0","2","2"
"去掉麻制环形首绖","0","2","2"
"穿素服驾临西角门","0","2","2"
"从服丧服之日开始","0","2","2"
"派官员把安葬日期","0","2","2"
"官员把安葬日期祭","0","2","2"
"员把安葬日期祭告","0","2","2"
"皇太子以下穿衰服","0","2","2"
"百官以及受封号的","0","2","2"
"官以及受封号的妇","0","2","2"
"定时哭临号哭哀悼","0","2","2"
"步行送到德胜门外","0","2","2"
"的神位牌应当送入","0","2","2"
"仍然按礼制服丧服","0","2","2"
"皇帝穿浅淡色衣服","0","2","2"
"停止大小祭祀之事","0","2","2"
"止大小祭祀之事以","0","2","2"
"大小祭祀之事以及","0","2","2"
"小祭祀之事以及音","0","2","2"
"祭祀之事以及音乐","0","2","2"
"灵柩启迁前的祭奠","0","2","2"
"都服小功五个月丧","0","2","2"
"听到丧耗的第二天","0","2","2"
"二十七个月后除服","0","2","2"
"聚集举哀号哭三天","0","2","2"
"早晨聚集举哀号哭","0","2","2"
"从听到丧耗之日开","0","2","2"
"听到丧耗之日开始","0","2","2"
"太子以下都穿衰服","0","2","2"
"执事官捧着灵柩进","0","2","2"
"事官捧着灵柩进入","0","2","2"
"内侍捧着牌位安放","0","2","2"
"侍捧着牌位安放在","0","2","2"
"捧着牌位安放在神","0","2","2"
"着牌位安放在神座","0","2","2"
"牌位安放在神座上","0","2","2"
"太常卿上奏请神位","0","2","2"
"常卿上奏请神位牌","0","2","2"
"十五年二月壬午日","0","2","2"
"蔓延烧毁八百多家","0","2","2"
"烧毁二百六十多家","0","2","2"
"十三年二月己卯日","0","2","2"
"军都督府发生火灾","0","2","2"
"十一年四月戊戌日","0","2","2"
"十二年五月己亥日","0","2","2"
"便失去了它的自然","0","2","2"
"燕王在苏家桥扎营","0","2","2"
"长久降雨损坏城墙","0","2","2"
"的房屋被冲走淹没","0","2","2"
"祯六年五月癸巳日","0","2","2"
"嘉靖三十七年革除","0","2","2"
"部尚书夏原吉请求","0","2","2"
"户部尚书方钝等人","0","2","2"
"以一百一十户为一","0","2","2"
"一百一十户为一里","0","2","2"
"皇帝听从他的请求","0","2","2"
"地永远不计亩收税","0","2","2"
"米价一石值银五两","0","2","2"
"不是用人力可以治","0","2","2"
"是用人力可以治理","0","2","2"
"用人力可以治理的","0","2","2"
"又决堤于沙湾北岸","0","2","2"
"一条从新乡八柳树","0","2","2"
"建置水闸门的办法","0","2","2"
"归德到徐州小浮桥","0","2","2"
"德到徐州小浮桥流","0","2","2"
"到徐州小浮桥流出","0","2","2"
"修筑丁家口上下堤","0","2","2"
"筑丁家口上下堤岸","0","2","2"
"应当挖深挖宽河道","0","2","2"
"黄河已经改道向南","0","2","2"
"上奏请求罢免朱衡","0","2","2"
"这就是后来所说的","0","2","2"
"从泰山庙到七里沟","0","2","2"
"为金吾侍卫亲军都","0","2","2"
"为留守卫指挥使司","0","2","2"
"成祖初年恢复旧制","0","2","2"
"有粮仓的把卫所的","0","2","2"
"粮仓的把卫所的粮","0","2","2"
"仓的把卫所的粮仓","0","2","2"
"御史分别巡行天下","0","2","2"
"给事中包见捷竭力","0","2","2"
"受封的那一天作为","0","2","2"
"货币布帛银一千余","0","2","2"
"币布帛银一千余两","0","2","2"
"运历年常规银三十","0","2","2"
"运历年常规银二万","0","2","2"
"京运历年常规银十","0","2","2"
"历年常规银二十万","0","2","2"
"未取得正式军籍的","0","2","2"
"还是不能满足供应","0","2","2"
"招来商人交纳粮食","0","2","2"
"没有什么比这更严","0","2","2"
"有什么比这更严重","0","2","2"
"什么比这更严重的","0","2","2"
"输纳粮食换盐贩卖","0","2","2"
"令商人交纳粮食换","0","2","2"
"听从了他们的请求","0","2","2"
"命令副都御史鄢懋","0","2","2"
"令副都御史鄢懋卿","0","2","2"
"计算人口交纳银钞","0","2","2"
"纳粮换茶一百万斤","0","2","2"
"招来商人给予茶引","0","2","2"
"府佐一人专门驻扎","0","2","2"
"年龄十六岁称成丁","0","2","2"
"增加赋税五百二十","0","2","2"
"加赋税五百二十万","0","2","2"
"便成为长久的制度","0","2","2"
"便失去了它的本性","0","2","2"
"十六年四月辛亥日","0","2","2"
"昏暗的浓雾遮蔽天","0","2","2"
"暗的浓雾遮蔽天空","0","2","2"
"尺之内分不清人物","0","2","2"
"靖元年正月丁卯日","0","2","2"
"十三年五月乙酉日","0","2","2"
"十四年七月丙戌日","0","2","2"
"雷击奉先殿屋脊鸥","0","2","2"
"击奉先殿屋脊鸥吻","0","2","2"
"十三年二月甲戌日","0","2","2"
"氏一胎生三个男婴","0","2","2"
"平民之妇生下一个","0","2","2"
"因传染病而死的人","0","2","2"
"传染病而死的人有","0","2","2"
"毁坏官府和平民的","0","2","2"
"坏官府和平民的房","0","2","2"
"官府和平民的房屋","0","2","2"
"个州县都遭受水灾","0","2","2"
"淹死一万二千五百","0","2","2"
"死一万二千五百多","0","2","2"
"一万二千五百多人","0","2","2"
"拔起树木一万多株","0","2","2"
"人民牲畜不计其数","0","2","2"
"淹死男女不计其敷","0","2","2"
"黑色氛气横豆于天","0","2","2"
"色氛气横豆于天空","0","2","2"
"北方黑色氛气朝东","0","2","2"
"方黑色氛气朝东西","0","2","2"
"黑色氛气朝东西向","0","2","2"
"色氛气朝东西向横","0","2","2"
"豹尾旗一面放在后","0","2","2"
"设置皇上乘坐的五","0","2","2"
"置皇上乘坐的五种","0","2","2"
"皇上乘坐的五种车","0","2","2"
"宫殿红色台阶左右","0","2","2"
"用穿黑色服饰的甲","0","2","2"
"穿黑色服饰的甲士","0","2","2"
"每旗用穿红色服饰","0","2","2"
"穿白色服饰的甲士","0","2","2"
"白色服饰的甲士五","0","2","2"
"随同各方代表的颜","0","2","2"
"同各方代表的颜色","0","2","2"
"其甲士所穿之服饰","0","2","2"
"天子乘坐的五种车","0","2","2"
"制定天子出行时规","0","2","2"
"定天子出行时规模","0","2","2"
"天子出行时规模最","0","2","2"
"子出行时规模最大","0","2","2"
"出行时规模最大的","0","2","2"
"行时规模最大的仪","0","2","2"
"时规模最大的仪仗","0","2","2"
"规模最大的仪仗队","0","2","2"
"下端是龟背纹理的","0","2","2"
"端是龟背纹理的锦","0","2","2"
"是龟背纹理的锦缎","0","2","2"
"用金粉描绘装饰的","0","2","2"
"金粉描绘装饰的黄","0","2","2"
"粉描绘装饰的黄黑","0","2","2"
"描绘装饰的黄黑色","0","2","2"
"雕木香草板十二片","0","2","2"
"桶各两个和露在外","0","2","2"
"各两个和露在外面","0","2","2"
"两个和露在外面的","0","2","2"
"面是黄黑色的底子","0","2","2"
"桶雕刻了涂有金粉","0","2","2"
"刻了涂有金粉的云","0","2","2"
"了涂有金粉的云龙","0","2","2"
"它下面绘有云形图","0","2","2"
"下面绘有云形图案","0","2","2"
"面绘有云形图案的","0","2","2"
"图案的小板跟它一","0","2","2"
"案的小板跟它一样","0","2","2"
"都用抹金的嵌有花","0","2","2"
"有花纹的丝织品制","0","2","2"
"云形图案的小板一","0","2","2"
"形图案的小板一块","0","2","2"
"福寿板一块和褥席","0","2","2"
"垂挂着攀顶的黄线","0","2","2"
"挂着攀顶的黄线圆","0","2","2"
"黄色的有花纹的丝","0","2","2"
"铺设沥水的黄色有","0","2","2"
"设沥水的黄色有花","0","2","2"
"沥水的黄色有花纹","0","2","2"
"水的黄色有花纹的","0","2","2"
"的黄色有花纹的丝","0","2","2"
"黄色有花纹的丝织","0","2","2"
"绣有腾飞的龙一条","0","2","2"
"旗竿顶端有镀金的","0","2","2"
"竿顶端有镀金的铜","0","2","2"
"用抹金的刻有花纹","0","2","2"
"抹金的刻有花纹的","0","2","2"
"金的刻有花纹的铜","0","2","2"
"的刻有花纹的铜制","0","2","2"
"刻有花纹的铜制叶","0","2","2"
"有花纹的铜制叶片","0","2","2"
"花纹的铜制叶片装","0","2","2"
"纹的铜制叶片装钉","0","2","2"
"丝织品制成的雨衣","0","2","2"
"用丝带环绕的木板","0","2","2"
"用红色帘子十二扇","0","2","2"
"辇顶加上圆盘高二","0","2","2"
"加上圆盘高二尺六","0","2","2"
"上圆盘高二尺六寸","0","2","2"
"圆盘高二尺六寸有","0","2","2"
"盘高二尺六寸有余","0","2","2"
"座高三尺二寸有余","0","2","2"
"图案的木板十二片","0","2","2"
"门旁有红漆的十字","0","2","2"
"旁有红漆的十字桶","0","2","2"
"有红漆的十字桶各","0","2","2"
"用金粉描画的黄黑","0","2","2"
"金粉描画的黄黑色","0","2","2"
"粉描画的黄黑色云","0","2","2"
"描画的黄黑色云龙","0","2","2"
"用抹金嵌有花纹的","0","2","2"
"抹金嵌有花纹的铜","0","2","2"
"金嵌有花纹的铜质","0","2","2"
"一丈二尺五寸有余","0","2","2"
"有五彩云龙的图案","0","2","2"
"四角是镀金的铜质","0","2","2"
"角是镀金的铜质云","0","2","2"
"字带转角栏杆一扇","0","2","2"
"的绘有云形图案的","0","2","2"
"细薄光滑的丝织品","0","2","2"
"轴上缠绕黄色绒线","0","2","2"
"上缠绕黄色绒线编","0","2","2"
"辖顶加上圆盘高二","0","2","2"
"成的圆形丝带四条","0","2","2"
"用八面顶拼合而成","0","2","2"
"彩云图案的衬板七","0","2","2"
"面垂下青色有花纹","0","2","2"
"垂下青色有花纹的","0","2","2"
"下青色有花纹的丝","0","2","2"
"代皇后乘坐的安车","0","2","2"
"用抹金铜质嵌有花","0","2","2"
"抹金铜质嵌有花纹","0","2","2"
"金铜质嵌有花纹的","0","2","2"
"铜质嵌有花纹的叶","0","2","2"
"质嵌有花纹的叶片","0","2","2"
"嵌有花纹的叶片装","0","2","2"
"有花纹的叶片装钉","0","2","2"
"攀顶红线圆形丝带","0","2","2"
"顶红线圆形丝带四","0","2","2"
"形制与皇妃乘坐的","0","2","2"
"马鞍上的障泥用油","0","2","2"
"鞍上的障泥用油彩","0","2","2"
"上的障泥用油彩图","0","2","2"
"的障泥用油彩图饰","0","2","2"
"应该命令主管部门","0","2","2"
"年龄在二十五岁以","0","2","2"
"龄在二十五岁以上","0","2","2"
"命令主管部门考察","0","2","2"
"由三品以上的官员","0","2","2"
"各自保举所了解的","0","2","2"
"自保举所了解的人","0","2","2"
"次考没有经过考核","0","2","2"
"两京五品以下官吏","0","2","2"
"与现在担任的职务","0","2","2"
"系结青色的丝织成","0","2","2"
"结青色的丝织成的","0","2","2"
"青色的丝织成的网","0","2","2"
"负责值勤守卫的武","0","2","2"
"责值勤守卫的武官","0","2","2"
"入品级的其它官员","0","2","2"
"赤色绫罗青色衣边","0","2","2"
"都与从前的样式一","0","2","2"
"入品级的其它官吏","0","2","2"
"品官用没有嵌花纹","0","2","2"
"官用没有嵌花纹的","0","2","2"
"用黑色的角质材料","0","2","2"
"黑色的角质材料装","0","2","2"
"色的角质材料装饰","0","2","2"
"主夫婿采用嵌有花","0","2","2"
"夫婿采用嵌有花纹","0","2","2"
"婿采用嵌有花纹的","0","2","2"
"采用嵌有花纹的金","0","2","2"
"用嵌有花纹的金带","0","2","2"
"君夫婿用不嵌花纹","0","2","2"
"夫婿用不嵌花纹的","0","2","2"
"用金珍珠翡翠装饰","0","2","2"
"缀有突出花纹的色","0","2","2"
"有突出花纹的色彩","0","2","2"
"突出花纹的色彩鲜","0","2","2"
"出花纹的色彩鲜艳","0","2","2"
"色彩鲜艳的昼绢装","0","2","2"
"彩鲜艳的昼绢装饰","0","2","2"
"珍珠翡翠装饰的野","0","2","2"
"珠翡翠装饰的野鸡","0","2","2"
"珍珠翡翠装点的花","0","2","2"
"珍珠翡翠装饰的梳","0","2","2"
"丝绫罗纱任随选用","0","2","2"
"霞帔礼服上用蹙金","0","2","2"
"用蹙金绣云霞野鸡","0","2","2"
"蹙金绣云霞野鸡花","0","2","2"
"金绣云霞野鸡花纹","0","2","2"
"上面用蹙金绣云霞","0","2","2"
"面用蹙金绣云霞野","0","2","2"
"或为紫色或为绿色","0","2","2"
"珍珠翡翠鸳鸯装饰","0","2","2"
"其余与四品命妇相","0","2","2"
"余与四品命妇相同","0","2","2"
"其余与五品命妇相","0","2","2"
"余与五品命妇相同","0","2","2"
"银质练鹊装饰三只","0","2","2"
"刺绣云霞练鹊花纹","0","2","2"
"银掺杂镀金的银质","0","2","2"
"掺杂镀金的银质练","0","2","2"
"杂镀金的银质练鹊","0","2","2"
"镀金的银质练鹊装","0","2","2"
"金的银质练鹊装饰","0","2","2"
"上面带有金质宝钿","0","2","2"
"面带有金质宝钿花","0","2","2"
"带有金质宝钿花八","0","2","2"
"有金质宝钿花八朵","0","2","2"
"金质野鸡装饰两只","0","2","2"
"翡翠牡丹叶片十八","0","2","2"
"翠牡丹叶片十八片","0","2","2"
"嵌有花纹的金质坠","0","2","2"
"有花纹的金质坠子","0","2","2"
"帽子采用涂金银质","0","2","2"
"子采用涂金银质器","0","2","2"
"采用涂金银质器物","0","2","2"
"上面带有涂金银质","0","2","2"
"面带有涂金银质宝","0","2","2"
"带有涂金银质宝钿","0","2","2"
"有涂金银质宝钿花","0","2","2"
"涂金银质宝钿花八","0","2","2"
"金银质宝钿花八朵","0","2","2"
"涂金银质野鸡装饰","0","2","2"
"金银质野鸡装饰两","0","2","2"
"银质野鸡装饰两只","0","2","2"
"口里衔着珍珠结两","0","2","2"
"里衔着珍珠结两个","0","2","2"
"嵌有花纹的银质坠","0","2","2"
"有花纹的银质坠子","0","2","2"
"质材料装饰的带子","0","2","2"
"折叠回来的部分离","0","2","2"
"叠回来的部分离肘","0","2","2"
"回来的部分离肘部","0","2","2"
"来的部分离肘部三","0","2","2"
"的部分离肘部三寸","0","2","2"
"紫色丝带制的系冠","0","2","2"
"色绫罗嵌金线的汗","0","2","2"
"绫罗嵌金线的汗裤","0","2","2"
"蓝青色绫罗嵌金线","0","2","2"
"青色绫罗嵌金线的","0","2","2"
"绿云头黑色高帮白","0","2","2"
"红色绫罗围颈饰物","0","2","2"
"红色绫罗色彩鲜艳","0","2","2"
"色绫罗色彩鲜艳的","0","2","2"
"各种颜色的细褶袄","0","2","2"
"种颜色的细褶袄子","0","2","2"
"青色绫罗制的裹头","0","2","2"
"色绫罗制的裹头用","0","2","2"
"绫罗制的裹头用的","0","2","2"
"罗制的裹头用的包","0","2","2"
"制的裹头用的包巾","0","2","2"
"角质材料装饰的偏","0","2","2"
"质材料装饰的偏带","0","2","2"
"以漆涂遇的布制作","0","2","2"
"上面有用金粉描绘","0","2","2"
"面有用金粉描绘的","0","2","2"
"有用金粉描绘的蝉","0","2","2"
"金粉描绘的蝉形图","0","2","2"
"粉描绘的蝉形图案","0","2","2"
"漆成黑色的唐式巾","0","2","2"
"抹额用绘有彩色花","0","2","2"
"额用绘有彩色花纹","0","2","2"
"用绘有彩色花纹的","0","2","2"
"绘有彩色花纹的红","0","2","2"
"道观与道士事务的","0","2","2"
"上奏请求皇帝裁定","0","2","2"
"巡按某处监察御史","0","2","2"
"派遣大臣祭祀先师","0","2","2"
"前面圆形后面方形","0","2","2"
"蔽膝随同下裳的颜","0","2","2"
"膝随同下裳的颜色","0","2","2"
"玄色表面红色裹层","0","2","2"
"色上衣浅绛色下裳","0","2","2"
"大带白色表面红色","0","2","2"
"白色表面红色里层","0","2","2"
"蔽膝随同下裳颜色","0","2","2"
"玄色上衣黄色下裳","0","2","2"
"四方蛮夷入朝进贡","0","2","2"
"蔽膝随同衣服的颜","0","2","2"
"膝随同衣服的颜色","0","2","2"
"上衣下裳相连缀的","0","2","2"
"织上金色云龙纹理","0","2","2"
"用青赤色作为衣领","0","2","2"
"青赤色作为衣领缘","0","2","2"
"珍珠翡翠穰花鬓二","0","2","2"
"有的刺绣有的铺成","0","2","2"
"的刺绣有的铺成翠","0","2","2"
"刺绣有的铺成翠圈","0","2","2"
"绣有的铺成翠圈金","0","2","2"
"织上金线的彩色云","0","2","2"
"上金线的彩色云龙","0","2","2"
"金线的彩色云龙图","0","2","2"
"线的彩色云龙图纹","0","2","2"
"衣前大巾与下裳的","0","2","2"
"前大巾与下裳的颜","0","2","2"
"大巾与下裳的颜色","0","2","2"
"巾与下裳的颜色相","0","2","2"
"色衣领袖口衣边缘","0","2","2"
"衣领袖口衣边缘饰","0","2","2"
"平常服饰也与亲王","0","2","2"
"靖七年制定保和冠","0","2","2"
"七年制定保和冠服","0","2","2"
"冠用七枝雉羽装饰","0","2","2"
"用金线绣成野鸡图","0","2","2"
"金线绣成野鸡图纹","0","2","2"
"只是礼冠用四枝雉","0","2","2"
"是礼冠用四枝雉羽","0","2","2"
"礼冠用四枝雉羽装","0","2","2"
"冠用四枝雉羽装饰","0","2","2"
"平常服饰为红色上","0","2","2"
"常服饰为红色上织","0","2","2"
"服饰为红色上织金","0","2","2"
"饰为红色上织金线","0","2","2"
"为红色上织金线成","0","2","2"
"祇是礼冠用三枝雉","0","2","2"
"是礼冠用三枝雉羽","0","2","2"
"用金线刺绣鸳鸯图","0","2","2"
"金线刺绣鸳鸯图纹","0","2","2"
"有品级官员的子弟","0","2","2"
"州学二年选贡三人","0","2","2"
"一个儿子入国子监","0","2","2"
"抄写职官的档案黄","0","2","2"
"写职官的档案黄簿","0","2","2"
"不久增设侍郎一人","0","2","2"
"士各有一定的制度","0","2","2"
"皇帝亲自制定策问","0","2","2"
"驾临西角门廷试策","0","2","2"
"临西角门廷试策对","0","2","2"
"面用红色绫罗嵌以","0","2","2"
"用红色绫罗嵌以金","0","2","2"
"红色绫罗嵌以金线","0","2","2"
"外面用红色绫罗嵌","0","2","2"
"绫罗嵌有金线的袱","0","2","2"
"罗嵌有金线的袱单","0","2","2"
"洪武二十八年重新","0","2","2"
"武二十八年重新规","0","2","2"
"二十八年重新规定","0","2","2"
"二十六年定下制度","0","2","2"
"改奉天殿为皇极殿","0","2","2"
"武二十六年规定制","0","2","2"
"二十六年规定制度","0","2","2"
"郭子兴与孙德崖等","0","2","2"
"子郭天叙为都元帅","0","2","2"
"便用其年号以号令","0","2","2"
"用其年号以号令军","0","2","2"
"其年号以号令军中","0","2","2"
"元朝平章察罕帖木","0","2","2"
"朝平章察罕帖木儿","0","2","2"
"将张定边直冲太祖","0","2","2"
"要使天下没有遗漏","0","2","2"
"使天下没有遗漏的","0","2","2"
"长兴侯耿炳文在陕","0","2","2"
"兴侯耿炳文在陕西","0","2","2"
"宣慰使思伦发反叛","0","2","2"
"设置大宁都指挥使","0","2","2"
"武定侯郭英为副将","0","2","2"
"定侯郭英为副将军","0","2","2"
"将大宗正院改为宗","0","2","2"
"大宗正院改为宗人","0","2","2"
"宗正院改为宗人府","0","2","2"
"免除山东受灾之地","0","2","2"
"除山东受灾之地的","0","2","2"
"耿炳文在陕西练兵","0","2","2"
"进士及第等不同的","0","2","2"
"士及第等不同的出","0","2","2"
"及第等不同的出身","0","2","2"
"忠等人以进士及第","0","2","2"
"南京多次发生地震","0","2","2"
"告诉法官谨慎用刑","0","2","2"
"薛禄为镇朔大将军","0","2","2"
"下诏赦免交趾之罪","0","2","2"
"立贵妃孙氏为皇后","0","2","2"
"北京行部及行后军","0","2","2"
"京行部及行后军都","0","2","2"
"行部及行后军都督","0","2","2"
"部及行后军都督府","0","2","2"
"告诉法官审查囚犯","0","2","2"
"礼官请求上表祝贺","0","2","2"
"全权代理安南国事","0","2","2"
"湖州遭水灾后税粮","0","2","2"
"德九年正月十三日","0","2","2"
"追封郭子兴为滁阳","0","2","2"
"封郭子兴为滁阳王","0","2","2"
"将吴友仁侵犯汉中","0","2","2"
"元梁王把匝剌瓦尔","0","2","2"
"蓝玉在土剌河击败","0","2","2"
"玉在土剌河击败扩","0","2","2"
"在土剌河击败扩廓","0","2","2"
"免去第二年元夕灯","0","2","2"
"去第二年元夕灯火","0","2","2"
"为礼部尚书兼任东","0","2","2"
"等为进士及第以及","0","2","2"
"奉两宫皇太后到天","0","2","2"
"两宫皇太后到天寿","0","2","2"
"宫皇太后到天寿山","0","2","2"
"担任礼部尚书兼文","0","2","2"
"任礼部尚书兼文渊","0","2","2"
"十二年春二月二十","0","2","2"
"举行盛大祈雨祭祀","0","2","2"
"朝廷分别给予减免","0","2","2"
"廷分别给予减免赋","0","2","2"
"分别给予减免赋税","0","2","2"
"别给予减免赋税和","0","2","2"
"给予减免赋税和赈","0","2","2"
"予减免赋税和赈济","0","2","2"
"一同兼任东阁大学","0","2","2"
"同兼任东阁大学士","0","2","2"
"十年春正月二十六","0","2","2"
"同时兼任东阁大学","0","2","2"
"时兼任东阁大学士","0","2","2"
"十四年春二月十一","0","2","2"
"四年春二月十一日","0","2","2"
"朱翊钧命群臣修身","0","2","2"
"翊钧命群臣修身反","0","2","2"
"钧命群臣修身反省","0","2","2"
"而令群臣修身反省","0","2","2"
"为由令群臣修身反","0","2","2"
"由令群臣修身反省","0","2","2"
"手持木棒闯入慈庆","0","2","2"
"持木棒闯入慈庆宫","0","2","2"
"加派全国田租赋税","0","2","2"
"年八月以后为泰昌","0","2","2"
"八月以后为泰昌元","0","2","2"
"月以后为泰昌元年","0","2","2"
"大清兵进入大安口","0","2","2"
"孙承宗为兵部尚书","0","2","2"
"皇帝采纳了他的建","0","2","2"
"帝采纳了他的建议","0","2","2"
"为兵部尚书兼右副","0","2","2"
"宗牌位被供于太庙","0","2","2"
"封李亻宗为朝鲜国","0","2","2"
"李亻宗为朝鲜国王","0","2","2"
"参将杨明辉前往招","0","2","2"
"告诉廷臣修身反省","0","2","2"
"大清兵进入墙子岭","0","2","2"
"左良玉为平贼将军","0","2","2"
"石石主女土官秦良","0","2","2"
"石主女土官秦良玉","0","2","2"
"下诏天下救援京师","0","2","2"
"让皇太子去江南抚","0","2","2"
"皇太子去江南抚慰","0","2","2"
"到了不可挽救的地","0","2","2"
"了不可挽救的地步","0","2","2"
"开封附近黄河涨水","0","2","2"
"礼部尚书吕震请求","0","2","2"
"告诫群臣修身反省","0","2","2"
"在奉天殿接受朝臣","0","2","2"
"奉天殿接受朝臣庆","0","2","2"
"天殿接受朝臣庆贺","0","2","2"
"民一万户充实北京","0","2","2"
"琉球中山三次入朝","0","2","2"
"球中山三次入朝进","0","2","2"
"中山三次入朝进贡","0","2","2"
"张辅大败安南军于","0","2","2"
"永乐五年以前欠交","0","2","2"
"乐五年以前欠交赋","0","2","2"
"五年以前欠交赋税","0","2","2"
"阿台朵儿只伯侵犯","0","2","2"
"征讨阿台朵儿只伯","0","2","2"
"告诉群臣修身反省","0","2","2"
"刑科给事中郭瑾审","0","2","2"
"雷电震动奉天殿上","0","2","2"
"电震动奉天殿上鸱","0","2","2"
"震动奉天殿上鸱吻","0","2","2"
"十一年正月十一日","0","2","2"
"皇太后命成阝王监","0","2","2"
"太后命成阝王监国","0","2","2"
"立皇子朱见深为皇","0","2","2"
"皇子朱见深为皇太","0","2","2"
"征讨贵州叛乱苗民","0","2","2"
"因请求恢复沂王为","0","2","2"
"陕西同时发生地震","0","2","2"
"皇太后尊号叫昭圣","0","2","2"
"变化命群臣修身反","0","2","2"
"化命群臣修身反省","0","2","2"
"南京太庙发生火灾","0","2","2"
"十四年正月十一日","0","2","2"
"十九年正月十三日","0","2","2"
"屯田粮食十分之三","0","2","2"
"因提建议而得罪的","0","2","2"
"京师地震发出声响","0","2","2"
"皇太子在文华殿摄","0","2","2"
"太子在文华殿摄政","0","2","2"
"子在文华殿摄政处","0","2","2"
"在文华殿摄政处理","0","2","2"
"文华殿摄政处理政","0","2","2"
"华殿摄政处理政事","0","2","2"
"吏部左侍郎兼翰林","0","2","2"
"部左侍郎兼翰林学","0","2","2"
"左侍郎兼翰林学士","0","2","2"
"宗神牌位附祭于太","0","2","2"
"神牌位附祭于太庙","0","2","2"
"治理张秋黄河决口","0","2","2"
"接着去南海子打猎","0","2","2"
"舒芬等一百零七人","0","2","2"
"芬等一百零七人于","0","2","2"
"玛瑙山大败张献忠","0","2","2"
"皇上采纳了他的意","0","2","2"
"上采纳了他的意见","0","2","2"
"为人更加恭敬谨慎","0","2","2"
"遣他回到镇守之地","0","2","2"
"将他的奏章出示给","0","2","2"
"跟从颍川侯傅友德","0","2","2"
"升为右春坊大学士","0","2","2"
"胡广在对策中有亲","0","2","2"
"广在对策中有亲藩","0","2","2"
"在对策中有亲藩跋","0","2","2"
"对策中有亲藩跋扈","0","2","2"
"皇上亲自提他为第","0","2","2"
"上亲自提他为第一","0","2","2"
"亲自提他为第一名","0","2","2"
"授予他为翰林修撰","0","2","2"
"康茂才和大将军徐","0","2","2"
"茂才和大将军徐达","0","2","2"
"晋升为同知大都督","0","2","2"
"升为同知大都督府","0","2","2"
"为同知大都督府事","0","2","2"
"在旧馆打败张士诚","0","2","2"
"旧馆打败张士诚的","0","2","2"
"馆打败张士诚的部","0","2","2"
"设立永兴翼元帅府","0","2","2"
"为永兴卫亲军指挥","0","2","2"
"跟从大将军徐达北","0","2","2"
"信国公汤和在临清","0","2","2"
"国公汤和在临清练","0","2","2"
"公汤和在临清练兵","0","2","2"
"从大将军徐达讨伐","0","2","2"
"升为佥行枢密院事","0","2","2"
"升为行省平章政事","0","2","2"
"散毛诸洞的首领作","0","2","2"
"毛诸洞的首领作乱","0","2","2"
"其弟张良臣以庆阳","0","2","2"
"弟张良臣以庆阳投","0","2","2"
"张良臣以庆阳投降","0","2","2"
"跟从大将军徐达平","0","2","2"
"从大将军徐达平定","0","2","2"
"晋升为佥大都督府","0","2","2"
"升为佥大都督府事","0","2","2"
"跟从徐达镇守北平","0","2","2"
"追究为胡惟庸同党","0","2","2"
"晋升为骠骑卫指挥","0","2","2"
"永新守将周安反叛","0","2","2"
"命邓愈为征南将军","0","2","2"
"同胡海等人讨伐平","0","2","2"
"胡海等人讨伐平定","0","2","2"
"以右副将军的身份","0","2","2"
"俘获马牛羊十余万","0","2","2"
"徐达在龙潭将其击","0","2","2"
"达在龙潭将其击败","0","2","2"
"朱元璋亲自率军进","0","2","2"
"元璋亲自率军进攻","0","2","2"
"李文忠率朱亮祖等","0","2","2"
"以左副将军的身份","0","2","2"
"为南京锦衣卫世指","0","2","2"
"不肯居于他人之下","0","2","2"
"与副将军廖永忠一","0","2","2"
"副将军廖永忠一起","0","2","2"
"在奉天殿赐宴招待","0","2","2"
"朱济火黄立为晋王","0","2","2"
"年荧惑星进入太微","0","2","2"
"从此再也没有人敢","0","2","2"
"他为南京礼部尚书","0","2","2"
"被授予礼科给事中","0","2","2"
"以右副都御史之衔","0","2","2"
"升为南京刑部侍郎","0","2","2"
"黎季嫠和他的儿子","0","2","2"
"季嫠和他的儿子黎","0","2","2"
"经历大小二十余战","0","2","2"
"累升为左军都督佥","0","2","2"
"升为左军都督佥事","0","2","2"
"当时瓦剌部的也先","0","2","2"
"上书弹劾吏部尚书","0","2","2"
"以右佥都御史之衔","0","2","2"
"他被召回任刑部左","0","2","2"
"被召回任刑部左侍","0","2","2"
"召回任刑部左侍郎","0","2","2"
"超升为浙江按察使","0","2","2"
"佥都御史之衔巡抚","0","2","2"
"点战到下午五六点","0","2","2"
"升为右军都督府左","0","2","2"
"为右军都督府左都","0","2","2"
"右军都督府左都督","0","2","2"
"功升到都指挥同知","0","2","2"
"他随从皇上巡视北","0","2","2"
"随从皇上巡视北京","0","2","2"
"后被授予刑部主事","0","2","2"
"升为南京刑部尚书","0","2","2"
"采用汶上老人白英","0","2","2"
"用汶上老人白英的","0","2","2"
"被江水淹没的田地","0","2","2"
"奏事有规避的律条","0","2","2"
"从此不再出来做官","0","2","2"
"号为孝慈昭宪至仁","0","2","2"
"为孝慈昭宪至仁文","0","2","2"
"孝慈昭宪至仁文德","0","2","2"
"慈昭宪至仁文德承","0","2","2"
"昭宪至仁文德承天","0","2","2"
"宪至仁文德承天顺","0","2","2"
"至仁文德承天顺圣","0","2","2"
"为孝慈贞化哲顺仁","0","2","2"
"顺仁徽成天育圣至","0","2","2"
"仁徽成天育圣至德","0","2","2"
"徽成天育圣至德高","0","2","2"
"成天育圣至德高皇","0","2","2"
"天育圣至德高皇后","0","2","2"
"英宗为她上尊谥号","0","2","2"
"宗为她上尊谥号为","0","2","2"
"为署理都指挥佥事","0","2","2"
"向朝廷推荐了俞大","0","2","2"
"朝廷推荐了俞大猷","0","2","2"
"所在官府逮捕法办","0","2","2"
"把他的书斋题名为","0","2","2"
"那么所为就没有不","0","2","2"
"么所为就没有不是","0","2","2"
"他奉诏搜集已往事","0","2","2"
"奉诏搜集已往事例","0","2","2"
"诏搜集已往事例作","0","2","2"
"搜集已往事例作为","0","2","2"
"集已往事例作为惩","0","2","2"
"已往事例作为惩戒","0","2","2"
"往事例作为惩戒的","0","2","2"
"事例作为惩戒的借","0","2","2"
"例作为惩戒的借鉴","0","2","2"
"但刚接任便一夕病","0","2","2"
"刚接任便一夕病卒","0","2","2"
"李选侍也请求皇帝","0","2","2"
"选侍也请求皇帝封","0","2","2"
"侍也请求皇帝封郑","0","2","2"
"也请求皇帝封郑贵","0","2","2"
"请求皇帝封郑贵妃","0","2","2"
"求皇帝封郑贵妃为","0","2","2"
"皇帝封郑贵妃为皇","0","2","2"
"帝封郑贵妃为皇太","0","2","2"
"封郑贵妃为皇太后","0","2","2"
"败坏了祖宗二百多","0","2","2"
"坏了祖宗二百多年","0","2","2"
"了祖宗二百多年的","0","2","2"
"祖宗二百多年的政","0","2","2"
"宗二百多年的政治","0","2","2"
"二百多年的政治体","0","2","2"
"百多年的政治体制","0","2","2"
"有关部门讨论执行","0","2","2"
"然而崇焕轻视王在","0","2","2"
"而崇焕轻视王在晋","0","2","2"
"崇焕轻视王在晋没","0","2","2"
"焕轻视王在晋没有","0","2","2"
"轻视王在晋没有长","0","2","2"
"视王在晋没有长远","0","2","2"
"王在晋没有长远的","0","2","2"
"在晋没有长远的谋","0","2","2"
"晋没有长远的谋略","0","2","2"
"不大遵守他的军令","0","2","2"
"里的大臣们敢欺骗","0","2","2"
"的大臣们敢欺骗陛","0","2","2"
"大臣们敢欺骗陛下","0","2","2"
"臣们敢欺骗陛下的","0","2","2"
"寻求关系踏上仕途","0","2","2"
"熹宗下令给他加官","0","2","2"
"宗下令给他加官太","0","2","2"
"下令给他加官太子","0","2","2"
"令给他加官太子太","0","2","2"
"只是食甚分数不到","0","2","2"
"是食甚分数不到二","0","2","2"
"食甚分数不到二分","0","2","2"
"但是观望东厂的脸","0","2","2"
"是观望东厂的脸色","0","2","2"
"有没有隆重减损的","0","2","2"
"没有隆重减损的等","0","2","2"
"有隆重减损的等级","0","2","2"
"钦天监择吉祥的巳","0","2","2"
"天监择吉祥的巳日","0","2","2"
"监择吉祥的巳日上","0","2","2"
"择吉祥的巳日上奏","0","2","2"
"父母的丧事而离职","0","2","2"
"兵部右侍郎兼任右","0","2","2"
"部右侍郎兼任右佥","0","2","2"
"右侍郎兼任右佥都","0","2","2"
"被赠封为太子太保","0","2","2"
"被加封为右副都御","0","2","2"
"加封为右副都御史","0","2","2"
"掠了西部少数民族","0","2","2"
"皇帝下诏荫庇他的","0","2","2"
"帝下诏荫庇他的一","0","2","2"
"下诏荫庇他的一个","0","2","2"
"诏荫庇他的一个儿","0","2","2"
"荫庇他的一个儿子","0","2","2"
"庇他的一个儿子任","0","2","2"
"他的一个儿子任锦","0","2","2"
"的一个儿子任锦衣","0","2","2"
"一个儿子任锦衣千","0","2","2"
"个儿子任锦衣千户","0","2","2"
"贾汝翼拒绝王杲的","0","2","2"
"汝翼拒绝王杲的赠","0","2","2"
"翼拒绝王杲的赠物","0","2","2"
"是我方进退边将之","0","2","2"
"我方进退边将之权","0","2","2"
"方进退边将之权由","0","2","2"
"进退边将之权由敌","0","2","2"
"退边将之权由敌方","0","2","2"
"边将之权由敌方掌","0","2","2"
"将之权由敌方掌握","0","2","2"
"我认为应该告谕王","0","2","2"
"认为应该告谕王杲","0","2","2"
"为应该告谕王杲送","0","2","2"
"应该告谕王杲送还","0","2","2"
"该告谕王杲送还俘","0","2","2"
"告谕王杲送还俘虏","0","2","2"
"谕王杲送还俘虏和","0","2","2"
"王杲送还俘虏和掠","0","2","2"
"杲送还俘虏和掠夺","0","2","2"
"送还俘虏和掠夺的","0","2","2"
"还俘虏和掠夺的财","0","2","2"
"俘虏和掠夺的财物","0","2","2"
"否则就调兵剿灭他","0","2","2"
"黄河在沛县飞云桥","0","2","2"
"河在沛县飞云桥决","0","2","2"
"在沛县飞云桥决堤","0","2","2"
"给事中郑钦弹劾朱","0","2","2"
"事中郑钦弹劾朱衡","0","2","2"
"于是启用潘季驯任","0","2","2"
"是启用潘季驯任右","0","2","2"
"启用潘季驯任右都","0","2","2"
"用潘季驯任右都御","0","2","2"
"被赠封为刑部尚书","0","2","2"
"内阁大臣申时行等","0","2","2"
"阁大臣申时行等人","0","2","2"
"祖宗的法度是这样","0","2","2"
"宗的法度是这样吗","0","2","2"
"下诏恢复他的官职","0","2","2"
"升为南京礼部右侍","0","2","2"
"陛下之所以留下张","0","2","2"
"下之所以留下张居","0","2","2"
"之所以留下张居正","0","2","2"
"说是为国家的缘故","0","2","2"
"而国家所重视的莫","0","2","2"
"国家所重视的莫过","0","2","2"
"家所重视的莫过于","0","2","2"
"所重视的莫过于纲","0","2","2"
"重视的莫过于纲常","0","2","2"
"陛下果真眷念张居","0","2","2"
"下果真眷念张居正","0","2","2"
"当用道德来爱护他","0","2","2"
"那么就纲常树立而","0","2","2"
"么就纲常树立而朝","0","2","2"
"就纲常树立而朝廷","0","2","2"
"纲常树立而朝廷端","0","2","2"
"常树立而朝廷端正","0","2","2"
"灾变也没有不可消","0","2","2"
"变也没有不可消除","0","2","2"
"也没有不可消除的","0","2","2"
"起用为户部员外郎","0","2","2"
"沈思孝于是请求离","0","2","2"
"思孝于是请求离职","0","2","2"
"升为河南右布政使","0","2","2"
"年他升任右佥都御","0","2","2"
"一同封王的命令下","0","2","2"
"参加万历十一年会","0","2","2"
"加万历十一年会试","0","2","2"
"给事中王如坚的奏","0","2","2"
"事中王如坚的奏疏","0","2","2"
"中王如坚的奏疏先","0","2","2"
"王如坚的奏疏先呈","0","2","2"
"如坚的奏疏先呈上","0","2","2"
"让他们到边境去戍","0","2","2"
"他们到边境去戍守","0","2","2"
"大学士赵志皋的弟","0","2","2"
"学士赵志皋的弟弟","0","2","2"
"他由左侍郎升任南","0","2","2"
"由左侍郎升任南京","0","2","2"
"左侍郎升任南京右","0","2","2"
"侍郎升任南京右都","0","2","2"
"郎升任南京右都御","0","2","2"
"考核京城之外的官","0","2","2"
"核京城之外的官吏","0","2","2"
"又以年例的名义将","0","2","2"
"宋仪望坚决不允许","0","2","2"
"入京师为左佥都御","0","2","2"
"京师为左佥都御史","0","2","2"
"提拔为兵部右侍郎","0","2","2"
"为南京刑部右侍郎","0","2","2"
"为南京工部右侍郎","0","2","2"
"然而死于鞭笞之下","0","2","2"
"而死于鞭笞之下的","0","2","2"
"死于鞭笞之下的事","0","2","2"
"黄光升应当授谥号","0","2","2"
"四方前来求学的人","0","2","2"
"因母亲去世归家守","0","2","2"
"从此居家教授学生","0","2","2"
"其中以陈琛最称著","0","2","2"
"任南京太常寺少卿","0","2","2"
"出任江西提学副使","0","2","2"
"奏疏被扣留未进呈","0","2","2"
"疏被扣留未进呈皇","0","2","2"
"被扣留未进呈皇帝","0","2","2"
"升南京礼部右侍郎","0","2","2"
"为南京国子监祭酒","0","2","2"
"生父兴献王为皇考","0","2","2"
"父兴献王为皇考恭","0","2","2"
"若水认为守仁的格","0","2","2"
"水认为守仁的格物","0","2","2"
"认为守仁的格物之","0","2","2"
"为守仁的格物之说","0","2","2"
"守仁的格物之说有","0","2","2"
"仁的格物之说有四","0","2","2"
"的格物之说有四点","0","2","2"
"格物之说有四点不","0","2","2"
"物之说有四点不可","0","2","2"
"之说有四点不可信","0","2","2"
"阳明所谓的心与我","0","2","2"
"明所谓的心与我所","0","2","2"
"所谓的心与我所说","0","2","2"
"谓的心与我所说的","0","2","2"
"的心与我所说的心","0","2","2"
"心与我所说的心不","0","2","2"
"与我所说的心不同","0","2","2"
"与学者在这里讲学","0","2","2"
"罗洪先等每日讲学","0","2","2"
"吏部尚书孙丕扬认","0","2","2"
"部尚书孙丕扬认为","0","2","2"
"即升为南京鸿胪卿","0","2","2"
"提升为陕西提学副","0","2","2"
"三十四年乡试中举","0","2","2"
"维桢因此自号铁崖","0","2","2"
"求画的人日月不断","0","2","2"
"命左丞相李善长为","0","2","2"
"巡抚许鼎臣奏报道","0","2","2"
"抚许鼎臣奏报道浚","0","2","2"
"许鼎臣奏报道浚一","0","2","2"
"鼎臣奏报道浚一等","0","2","2"
"臣奏报道浚一等功","0","2","2"
"朝廷令他去戍守海","0","2","2"
"廷令他去戍守海宁","0","2","2"
"令他去戍守海宁卫","0","2","2"
"他赶到右屯去拜见","0","2","2"
"赶到右屯去拜见熊","0","2","2"
"到右屯去拜见熊廷","0","2","2"
"右屯去拜见熊廷弼","0","2","2"
"好在敌人还不知道","0","2","2"
"随后调为吏部考功","0","2","2"
"后调为吏部考功员","0","2","2"
"调为吏部考功员外","0","2","2"
"为吏部考功员外郎","0","2","2"
"又与万达建议善后","0","2","2"
"与万达建议善后七","0","2","2"
"万达建议善后七事","0","2","2"
"他说诗家中之王世","0","2","2"
"说诗家中之王世贞","0","2","2"
"如同集大成之孔子","0","2","2"
"随行者打算逃往长","0","2","2"
"行者打算逃往长宁","0","2","2"
"万历年间乡试中举","0","2","2"
"后解职归家乡合州","0","2","2"
"万历十七年中进士","0","2","2"
"宗宪擒获海寇徐海","0","2","2"
"宪擒获海寇徐海和","0","2","2"
"擒获海寇徐海和王","0","2","2"
"获海寇徐海和王直","0","2","2"
"都是渭参与谋划的","0","2","2"
"皇长子的生母王恭","0","2","2"
"长子的生母王恭妃","0","2","2"
"子的生母王恭妃几","0","2","2"
"的生母王恭妃几乎","0","2","2"
"生母王恭妃几乎死","0","2","2"
"母王恭妃几乎死去","0","2","2"
"其昌开始习宋米芾","0","2","2"
"昌开始习宋米芾体","0","2","2"
"然其他三人远不及","0","2","2"
"其他三人远不及董","0","2","2"
"他三人远不及董其","0","2","2"
"三人远不及董其昌","0","2","2"
"升为兵部职方主事","0","2","2"
"其文章没有浮靡之","0","2","2"
"文章没有浮靡之词","0","2","2"
"任太常卿兼侍读学","0","2","2"
"太常卿兼侍读学士","0","2","2"
"提升为刑科都给事","0","2","2"
"升为刑科都给事中","0","2","2"
"到任后又提升为工","0","2","2"
"任后又提升为工部","0","2","2"
"后又提升为工部右","0","2","2"
"又提升为工部右侍","0","2","2"
"提升为工部右侍郎","0","2","2"
"陈九畴再次上疏极","0","2","2"
"九畴再次上疏极力","0","2","2"
"畴再次上疏极力诋","0","2","2"
"再次上疏极力诋毁","0","2","2"
"二疏一起交给部里","0","2","2"
"疏一起交给部里讨","0","2","2"
"一起交给部里讨论","0","2","2"
"臣先前进献无欲望","0","2","2"
"先前进献无欲望的","0","2","2"
"前进献无欲望的教","0","2","2"
"进献无欲望的教诲","0","2","2"
"陛下尝试自我检查","0","2","2"
"跟自己意见不一致","0","2","2"
"自己意见不一致的","0","2","2"
"己意见不一致的人","0","2","2"
"贤于是假传圣旨剥","0","2","2"
"于是假传圣旨剥夺","0","2","2"
"假传圣旨剥夺他的","0","2","2"
"传圣旨剥夺他的官","0","2","2"
"圣旨剥夺他的官籍","0","2","2"
"此后曲意庇护李可","0","2","2"
"后曲意庇护李可灼","0","2","2"
"下了道严厉的圣旨","0","2","2"
"年提拔为左佥都御","0","2","2"
"提拔为左佥都御史","0","2","2"
"召集志同道合的人","0","2","2"
"集志同道合的人在","0","2","2"
"代荫封锦衣指挥使","0","2","2"
"极力驳斥他的荒谬","0","2","2"
"周顺昌一定大骂魏","0","2","2"
"顺昌一定大骂魏忠","0","2","2"
"昌一定大骂魏忠贤","0","2","2"
"这时辽阳战事危急","0","2","2"
"清除皇帝身边的人","0","2","2"
"万历二十五年考中","0","2","2"
"历二十五年考中乡","0","2","2"
"二十五年考中乡试","0","2","2"
"十五年考中乡试第","0","2","2"
"五年考中乡试第一","0","2","2"
"年考中乡试第一名","0","2","2"
"提拔他为礼部尚书","0","2","2"
"憎恨左光斗奏疏中","0","2","2"
"恨左光斗奏疏中有","0","2","2"
"左光斗奏疏中有武","0","2","2"
"光斗奏疏中有武氏","0","2","2"
"斗奏疏中有武氏的","0","2","2"
"奏疏中有武氏的话","0","2","2"
"提升兵科都给事中","0","2","2"
"御史冯三元等人极","0","2","2"
"史冯三元等人极力","0","2","2"
"冯三元等人极力诋","0","2","2"
"三元等人极力诋毁","0","2","2"
"元等人极力诋毁熊","0","2","2"
"等人极力诋毁熊廷","0","2","2"
"人极力诋毁熊廷弼","0","2","2"
"的议论也就停息了","0","2","2"
"这是使陛下不能保","0","2","2"
"是使陛下不能保护","0","2","2"
"使陛下不能保护自","0","2","2"
"陛下不能保护自己","0","2","2"
"左光斗一起削籍为","0","2","2"
"光斗一起削籍为平","0","2","2"
"斗一起削籍为平民","0","2","2"
"魏忠贤刺探知道了","0","2","2"
"录用他的一个儿子","0","2","2"
"提升为礼科左给事","0","2","2"
"升为礼科左给事中","0","2","2"
"接受熊廷弼贿赂一","0","2","2"
"受熊廷弼贿赂一万","0","2","2"
"一个不知道姓名的","0","2","2"
"而给事中何士晋跟","0","2","2"
"给事中何士晋跟方","0","2","2"
"事中何士晋跟方从","0","2","2"
"中何士晋跟方从哲","0","2","2"
"何士晋跟方从哲等","0","2","2"
"士晋跟方从哲等人","0","2","2"
"晋跟方从哲等人也","0","2","2"
"跟方从哲等人也都","0","2","2"
"方从哲等人也都赞","0","2","2"
"从哲等人也都赞成","0","2","2"
"哲等人也都赞成这","0","2","2"
"等人也都赞成这样","0","2","2"
"人也都赞成这样做","0","2","2"
"事情牵连到郑贵妃","0","2","2"
"刘成处以肢解分尸","0","2","2"
"成处以肢解分尸的","0","2","2"
"处以肢解分尸的刑","0","2","2"
"以肢解分尸的刑法","0","2","2"
"这是先皇帝大仇未","0","2","2"
"是先皇帝大仇未报","0","2","2"
"先皇帝大仇未报的","0","2","2"
"皇帝大仇未报的第","0","2","2"
"世世代代做副千户","0","2","2"
"不久代理都督佥事","0","2","2"
"进入朝廷担任五军","0","2","2"
"入朝廷担任五军营","0","2","2"
"朝廷担任五军营副","0","2","2"
"廷担任五军营副将","0","2","2"
"因为平定播州有功","0","2","2"
"万历三十二年考中","0","2","2"
"历三十二年考中进","0","2","2"
"三十二年考中进士","0","2","2"
"而任用阎鸣泰为辽","0","2","2"
"任用阎鸣泰为辽东","0","2","2"
"用阎鸣泰为辽东巡","0","2","2"
"阎鸣泰为辽东巡抚","0","2","2"
"孙承宗又接连上疏","0","2","2"
"承宗又接连上疏称","0","2","2"
"宗又接连上疏称病","0","2","2"
"孔有德在山东造反","0","2","2"
"边防事务更加败坏","0","2","2"
"贼人于是进入城内","0","2","2"
"另外设置一名偏沅","0","2","2"
"外设置一名偏沅巡","0","2","2"
"设置一名偏沅巡抚","0","2","2"
"我所谓的用防守来","0","2","2"
"所谓的用防守来屯","0","2","2"
"谓的用防守来屯田","0","2","2"
"为母亲守丧回家去","0","2","2"
"母亲守丧回家去了","0","2","2"
"李自成已经打下河","0","2","2"
"自成已经打下河南","0","2","2"
"提升他为兵部右侍","0","2","2"
"传庭一直追赶到凤","0","2","2"
"庭一直追赶到凤翔","0","2","2"
"收降了残余的贼兵","0","2","2"
"传庭为兵部右侍郎","0","2","2"
"一亻隽奏称传庭真","0","2","2"
"亻隽奏称传庭真的","0","2","2"
"隽奏称传庭真的聋","0","2","2"
"奏称传庭真的聋了","0","2","2"
"庄烈帝赐给他尚方","0","2","2"
"烈帝赐给他尚方宝","0","2","2"
"帝赐给他尚方宝剑","0","2","2"
"孙应元等在丰邑坪","0","2","2"
"自成立即射死了他","0","2","2"
"大清兵包围了锦州","0","2","2"
"荫封他的子孙为世","0","2","2"
"封他的子孙为世袭","0","2","2"
"他的子孙为世袭锦","0","2","2"
"的子孙为世袭锦衣","0","2","2"
"让有关部门为他修","0","2","2"
"有关部门为他修建","0","2","2"
"关部门为他修建祠","0","2","2"
"部门为他修建祠堂","0","2","2"
"门为他修建祠堂公","0","2","2"
"为他修建祠堂公祭","0","2","2"
"考中万历二十九年","0","2","2"
"为右佥都御史接替","0","2","2"
"开黄河淹没开封城","0","2","2"
"凑集了几百两银子","0","2","2"
"言官纷纷上书弹劾","0","2","2"
"聪明人还是愚蠢人","0","2","2"
"明人还是愚蠢人都","0","2","2"
"人还是愚蠢人都知","0","2","2"
"还是愚蠢人都知道","0","2","2"
"在丰邑坪大败罗汝","0","2","2"
"丰邑坪大败罗汝才","0","2","2"
"我蒙受国家的大恩","0","2","2"
"而与他一同前往高","0","2","2"
"与他一同前往高邮","0","2","2"
"他一同前往高邮的","0","2","2"
"一同前往高邮的三","0","2","2"
"同前往高邮的三百","0","2","2"
"前往高邮的三百骑","0","2","2"
"往高邮的三百骑兵","0","2","2"
"高邮的三百骑兵都","0","2","2"
"邮的三百骑兵都战","0","2","2"
"的三百骑兵都战死","0","2","2"
"三百骑兵都战死了","0","2","2"
"弹劾吏部尚书田唯","0","2","2"
"林兰友及少詹事黄","0","2","2"
"兰友及少詹事黄道","0","2","2"
"友及少詹事黄道周","0","2","2"
"及少詹事黄道周上","0","2","2"
"少詹事黄道周上疏","0","2","2"
"詹事黄道周上疏诋","0","2","2"
"事黄道周上疏诋毁","0","2","2"
"黄道周上疏诋毁驳","0","2","2"
"道周上疏诋毁驳斥","0","2","2"
"周上疏诋毁驳斥他","0","2","2"
"编修赵士春跟着上","0","2","2"
"修赵士春跟着上疏","0","2","2"
"用二万兵驻守怀来","0","2","2"
"张献忠在谷城反叛","0","2","2"
"是微臣不理解之一","0","2","2"
"礼部左侍郎兼东阁","0","2","2"
"一切都按照温体仁","0","2","2"
"切都按照温体仁的","0","2","2"
"杨嗣昌上疏为他说","0","2","2"
"嗣昌上疏为他说情","0","2","2"
"现在只有保护老百","0","2","2"
"在只有保护老百姓","0","2","2"
"只有保护老百姓入","0","2","2"
"有保护老百姓入关","0","2","2"
"保护老百姓入关去","0","2","2"
"战败的消息传到朝","0","2","2"
"败的消息传到朝廷","0","2","2"
"廷弼的罪在哪里呢","0","2","2"
"宁远就成为关外的","0","2","2"
"远就成为关外的重","0","2","2"
"就成为关外的重要","0","2","2"
"成为关外的重要城","0","2","2"
"为关外的重要城镇","0","2","2"
"烈帝在平台召见他","0","2","2"
"并向他咨询用兵方","0","2","2"
"向他咨询用兵方略","0","2","2"
"大寿仍然驻军锦州","0","2","2"
"取法上天最重要的","0","2","2"
"法上天最重要的事","0","2","2"
"上天最重要的事情","0","2","2"
"天最重要的事情莫","0","2","2"
"最重要的事情莫过","0","2","2"
"重要的事情莫过于","0","2","2"
"希望陛下体察上天","0","2","2"
"望陛下体察上天好","0","2","2"
"陛下体察上天好生","0","2","2"
"下体察上天好生之","0","2","2"
"体察上天好生之心","0","2","2"
"这是封疆诸臣应予","0","2","2"
"是封疆诸臣应予诛","0","2","2"
"封疆诸臣应予诛杀","0","2","2"
"疆诸臣应予诛杀的","0","2","2"
"诸臣应予诛杀的第","0","2","2"
"这是满朝文武谋国","0","2","2"
"是满朝文武谋国不","0","2","2"
"满朝文武谋国不忠","0","2","2"
"郑曼阝棍打自己的","0","2","2"
"曼阝棍打自己的母","0","2","2"
"阝棍打自己的母亲","0","2","2"
"老蜡鸡擅自称了王","0","2","2"
"杨鹤得知后移驻宁","0","2","2"
"鹤得知后移驻宁州","0","2","2"
"上天龙等也先后归","0","2","2"
"天龙等也先后归降","0","2","2"
"杨鹤在城楼上摆了","0","2","2"
"鹤在城楼上摆了一","0","2","2"
"在城楼上摆了一张","0","2","2"
"城楼上摆了一张皇","0","2","2"
"楼上摆了一张皇上","0","2","2"
"上摆了一张皇上的","0","2","2"
"摆了一张皇上的座","0","2","2"
"了一张皇上的座席","0","2","2"
"然后宣读皇上的指","0","2","2"
"后宣读皇上的指示","0","2","2"
"命令他们发下誓言","0","2","2"
"总兵邓王己功劳最","0","2","2"
"兵邓王己功劳最大","0","2","2"
"但既然已经任用了","0","2","2"
"既然已经任用了他","0","2","2"
"崇俭于是传檄要副","0","2","2"
"俭于是传檄要副将","0","2","2"
"于是传檄要副将贺","0","2","2"
"是传檄要副将贺人","0","2","2"
"传檄要副将贺人龙","0","2","2"
"李国奇等从西安出","0","2","2"
"国奇等从西安出兵","0","2","2"
"左良玉在玛瑙山大","0","2","2"
"良玉在玛瑙山大败","0","2","2"
"捷春打开城门接纳","0","2","2"
"春打开城门接纳躲","0","2","2"
"打开城门接纳躲避","0","2","2"
"开城门接纳躲避贼","0","2","2"
"城门接纳躲避贼兵","0","2","2"
"门接纳躲避贼兵的","0","2","2"
"接纳躲避贼兵的乡","0","2","2"
"纳躲避贼兵的乡民","0","2","2"
"均州又被贼兵占领","0","2","2"
"州又被贼兵占领了","0","2","2"
"于泰是辅臣周延儒","0","2","2"
"泰是辅臣周延儒的","0","2","2"
"是辅臣周延儒的儿","0","2","2"
"辅臣周延儒的儿女","0","2","2"
"臣周延儒的儿女亲","0","2","2"
"周延儒的儿女亲家","0","2","2"
"至元辛巳年为历元","0","2","2"
"太阳在上而月亮在","0","2","2"
"阳在上而月亮在下","0","2","2"
"春分秋分夏至冬至","0","2","2"
"下发礼部集体商议","0","2","2"
"所以出现预报日期","0","2","2"
"以出现预报日期比","0","2","2"
"出现预报日期比天","0","2","2"
"现预报日期比天象","0","2","2"
"往下距离元至元辛","0","2","2"
"下距离元至元辛巳","0","2","2"
"距离元至元辛巳年","0","2","2"
"是这一年的天正冬","0","2","2"
"这一年的天正冬至","0","2","2"
"月份和十二辰的对","0","2","2"
"份和十二辰的对应","0","2","2"
"日月交食五星冲犯","0","2","2"
"南北极出入地的度","0","2","2"
"北极出入地的度数","0","2","2"
"与原来的推算相合","0","2","2"
"日食剩下的部分像","0","2","2"
"食剩下的部分像钩","0","2","2"
"剩下的部分像钩子","0","2","2"
"下的部分像钩子一","0","2","2"
"的部分像钩子一样","0","2","2"
"本宿的赤道弧就较","0","2","2"
"不能根据段目来确","0","2","2"
"能根据段目来确定","0","2","2"
"从前一年的冬至开","0","2","2"
"前一年的冬至开始","0","2","2"
"一年的冬至开始算","0","2","2"
"年的冬至开始算起","0","2","2"
"现在将十四日所测","0","2","2"
"在将十四日所测到","0","2","2"
"将十四日所测到的","0","2","2"
"十四日所测到的太","0","2","2"
"四日所测到的太阳","0","2","2"
"日所测到的太阳高","0","2","2"
"所测到的太阳高度","0","2","2"
"加上地半径差二分","0","2","2"
"比赤道高度已多五","0","2","2"
"赤道高度已多五分","0","2","2"
"是受太阳运行度数","0","2","2"
"受太阳运行度数的","0","2","2"
"太阳运行度数的限","0","2","2"
"阳运行度数的限制","0","2","2"
"只要求月中没有中","0","2","2"
"要求月中没有中气","0","2","2"
"新历法尤其重视合","0","2","2"
"历法尤其重视合朔","0","2","2"
"法尤其重视合朔的","0","2","2"
"尤其重视合朔的先","0","2","2"
"其重视合朔的先后","0","2","2"
"没有冤屈的犯死罪","0","2","2"
"有冤屈的犯死罪以","0","2","2"
"冤屈的犯死罪以下","0","2","2"
"屈的犯死罪以下都","0","2","2"
"的犯死罪以下都按","0","2","2"
"犯死罪以下都按律","0","2","2"
"死罪以下都按律论","0","2","2"
"罪以下都按律论罪","0","2","2"
"各种杂犯准许赎罪","0","2","2"
"京城以外五品以上","0","2","2"
"城以外五品以上的","0","2","2"
"以外五品以上的官","0","2","2"
"外五品以上的官员","0","2","2"
"五品以上的官员犯","0","2","2"
"如果不是通政司转","0","2","2"
"果不是通政司转达","0","2","2"
"不得擅自抓捕审问","0","2","2"
"无不惧怕打事件的","0","2","2"
"同法司一起审录罪","0","2","2"
"法司一起审录罪囚","0","2","2"
"承制官宣读制命说","0","2","2"
"皇后戴九龙四凤冠","0","2","2"
"官引导从左门进入","0","2","2"
"皇帝穿皮弁服到华","0","2","2"
"帝穿皮弁服到华盖","0","2","2"
"穿皮弁服到华盖殿","0","2","2"
"穿着礼服到奉先殿","0","2","2"
"皇后捧着高皇后的","0","2","2"
"引礼官引导皇太子","0","2","2"
"官引导皇太子进入","0","2","2"
"皇太子从殿东门进","0","2","2"
"太子从殿东门进入","0","2","2"
"内赞官引导到御座","0","2","2"
"赞官引导到御座前","0","2","2"
"副使在文华门授册","0","2","2"
"使在文华门授册书","0","2","2"
"在文华门授册书和","0","2","2"
"文华门授册书和宝","0","2","2"
"华门授册书和宝玺","0","2","2"
"内赞官引导到皇帝","0","2","2"
"赞官引导到皇帝座","0","2","2"
"正遇到众弟某等受","0","2","2"
"遇到众弟某等受封","0","2","2"
"到众弟某等受封邦","0","2","2"
"众弟某等受封邦建","0","2","2"
"弟某等受封邦建藩","0","2","2"
"某等受封邦建藩国","0","2","2"
"谨向父皇陛下称贺","0","2","2"
"大学士张居正等人","0","2","2"
"右手拿着冠的后部","0","2","2"
"内侍跪着进献服饰","0","2","2"
"博士引导皇太子从","0","2","2"
"皇子加冠的第二天","0","2","2"
"宾向加冠的人拱手","0","2","2"
"在堂下西阶的西面","0","2","2"
"天神来到而民心协","0","2","2"
"神来到而民心协和","0","2","2"
"在方丘祭祀皇地只","0","2","2"
"洪武四年另外祭祀","0","2","2"
"和声郎持着指挥小","0","2","2"
"声郎持着指挥小旗","0","2","2"
"乐工陈列在宫廷台","0","2","2"
"工陈列在宫廷台阶","0","2","2"
"陈列在宫廷台阶的","0","2","2"
"和声郎举起指挥小","0","2","2"
"声郎举起指挥小旗","0","2","2"
"其间举起指挥小旗","0","2","2"
"都如同前面所述的","0","2","2"
"如同前面所述的仪","0","2","2"
"同前面所述的仪节","0","2","2"
"进献酒如同前面叙","0","2","2"
"献酒如同前面叙述","0","2","2"
"酒如同前面叙述的","0","2","2"
"进献酒如同前面所","0","2","2"
"献酒如同前面所述","0","2","2"
"汤如同前面所述仪","0","2","2"
"皇帝同意他的奏请","0","2","2"
"皇帝亲自制作乐章","0","2","2"
"制定祭享先蚕的乐","0","2","2"
"定祭享先蚕的乐章","0","2","2"
"缨鞭得胜蛮夷队舞","0","2","2"
"都进献百戏表演侍","0","2","2"
"进献百戏表演侍奉","0","2","2"
"和年高德厚的老人","0","2","2"
"皇太子在午门左面","0","2","2"
"太子在午门左面处","0","2","2"
"子在午门左面处理","0","2","2"
"在午门左面处理政","0","2","2"
"午门左面处理政事","0","2","2"
"武选和官吏．百姓","0","2","2"
"选和官吏．百姓有","0","2","2"
"和官吏．百姓有违","0","2","2"
"官吏．百姓有违犯","0","2","2"
"吏．百姓有违犯的","0","2","2"
"大的向皇太子报告","0","2","2"
"小的由皇长孙施行","0","2","2"
"公侯走在前面引导","0","2","2"
"翰林院官员捧着诏","0","2","2"
"林院官员捧着诏书","0","2","2"
"辅佐主人举行仪式","0","2","2"
"主人举行仪式的僎","0","2","2"
"人举行仪式的僎宾","0","2","2"
"协助举行仪式的僎","0","2","2"
"举行仪式的僎宾以","0","2","2"
"行仪式的僎宾以下","0","2","2"
"仪式的僎宾以下都","0","2","2"
"放地方特产的几案","0","2","2"
"传宣地方特产的官","0","2","2"
"宣地方特产的官员","0","2","2"
"承制官到使者面前","0","2","2"
"大街小巷挂结彩带","0","2","2"
"牵引马在旁边站立","0","2","2"
"品官趋向右边让路","0","2","2"
"官趋向右边让路而","0","2","2"
"洪武二十年制定礼","0","2","2"
"武二十年制定礼仪","0","2","2"
"洪武八年皇帝亲制","0","2","2"
"礼完成啊神帝鉴察","0","2","2"
"乐词与朝日祭相同","0","2","2"
"时节的享祭不施用","0","2","2"
"树木有根前世积善","0","2","2"
"敬仰祖宗啊永远慕","0","2","2"
"仰祖宗啊永远慕怀","0","2","2"
"小孙时时思念恩德","0","2","2"
"孙时时思念恩德啊","0","2","2"
"时时思念恩德啊忧","0","2","2"
"时思念恩德啊忧心","0","2","2"
"思念恩德啊忧心忡","0","2","2"
"念恩德啊忧心忡忡","0","2","2"
"皇太子以下都拜四","0","2","2"
"太子以下都拜四拜","0","2","2"
"由有功勋的故旧大","0","2","2"
"有功勋的故旧大臣","0","2","2"
"功勋的故旧大臣举","0","2","2"
"勋的故旧大臣举行","0","2","2"
"的故旧大臣举行礼","0","2","2"
"故旧大臣举行礼仪","0","2","2"
"所以元旦陵殿祭祀","0","2","2"
"以元旦陵殿祭祀祇","0","2","2"
"元旦陵殿祭祀祇用","0","2","2"
"旦陵殿祭祀祇用酒","0","2","2"
"陵殿祭祀祇用酒醴","0","2","2"
"殿祭祀祇用酒醴果","0","2","2"
"祭祀祇用酒醴果品","0","2","2"
"吏部尚书马文升说","0","2","2"
"皇帝穿素服乘舆到","0","2","2"
"帝穿素服乘舆到帏","0","2","2"
"穿素服乘舆到帏幄","0","2","2"
"在报丧者位置的北","0","2","2"
"报丧者位置的北面","0","2","2"
"太常卿上奏停止哭","0","2","2"
"太常卿上奏说礼仪","0","2","2"
"常卿上奏说礼仪结","0","2","2"
"卿上奏说礼仪结束","0","2","2"
"主妇以下的哭位在","0","2","2"
"帝的乘舆出大篷帐","0","2","2"
"出来在大门外迎候","0","2","2"
"皇帝从乘舆上下来","0","2","2"
"内受封号妇女以下","0","2","2"
"以下的哭位在停丧","0","2","2"
"下的哭位在停丧屋","0","2","2"
"的哭位在停丧屋子","0","2","2"
"哭位在停丧屋子的","0","2","2"
"涂有白色的服丧车","0","2","2"
"共经历三年以上的","0","2","2"
"禅祭到吉祭之间的","0","2","2"
"祭到吉祭之间的服","0","2","2"
"到吉祭之间的服丧","0","2","2"
"吉祭之间的服丧期","0","2","2"
"粗而经过加工的布","0","2","2"
"母为长子以及长子","0","2","2"
"为长子以及长子以","0","2","2"
"以及兄弟没有出嫁","0","2","2"
"及兄弟没有出嫁的","0","2","2"
"兄弟没有出嫁的女","0","2","2"
"弟没有出嫁的女儿","0","2","2"
"为姑以及姊妹没有","0","2","2"
"姑以及姊妹没有出","0","2","2"
"以及姊妹没有出嫁","0","2","2"
"及姊妹没有出嫁的","0","2","2"
"姊妹没有出嫁的服","0","2","2"
"妹没有出嫁的服丧","0","2","2"
"的兄弟以及兄弟的","0","2","2"
"妇人为丈夫亲兄弟","0","2","2"
"人为丈夫亲兄弟的","0","2","2"
"弟的没有出嫁的女","0","2","2"
"的没有出嫁的女儿","0","2","2"
"人的后嗣的人为他","0","2","2"
"的后嗣的人为他的","0","2","2"
"女子出嫁为本宗族","0","2","2"
"弟的没有出嫁的孙","0","2","2"
"的没有出嫁的孙女","0","2","2"
"为丈夫的兄弟的孙","0","2","2"
"以及没有出嫁的同","0","2","2"
"及没有出嫁的同族","0","2","2"
"族祖姑以及没有出","0","2","2"
"孙女没有出嫁的相","0","2","2"
"女没有出嫁的相同","0","2","2"
"同祖兄弟的儿子的","0","2","2"
"祖兄弟的儿子的媳","0","2","2"
"以及没有出嫁的堂","0","2","2"
"及没有出嫁的堂祖","0","2","2"
"派官员到太庙举行","0","2","2"
"官员到太庙举行祭","0","2","2"
"员到太庙举行祭告","0","2","2"
"到太庙举行祭告礼","0","2","2"
"大学士张孚敬等人","0","2","2"
"学士张孚敬等人说","0","2","2"
"供奉安置在景神殿","0","2","2"
"请求仍在太庙拊祭","0","2","2"
"求仍在太庙拊祭睿","0","2","2"
"仍在太庙拊祭睿宗","0","2","2"
"而宣宗牌位不要迁","0","2","2"
"宣宗牌位不要迁走","0","2","2"
"的太庙有十一室而","0","2","2"
"大臣十二人分别祭","0","2","2"
"臣十二人分别祭献","0","2","2"
"十二人分别祭献众","0","2","2"
"二人分别祭献众皇","0","2","2"
"制定太庙四时祭祀","0","2","2"
"宣册官跪着在皇帝","0","2","2"
"册官跪着在皇帝左","0","2","2"
"官跪着在皇帝左边","0","2","2"
"跪着在皇帝左边宣","0","2","2"
"着在皇帝左边宣读","0","2","2"
"在皇帝左边宣读册","0","2","2"
"皇帝左边宣读册书","0","2","2"
"宝官拿着实玺跪着","0","2","2"
"官拿着实玺跪着进","0","2","2"
"拿着实玺跪着进献","0","2","2"
"凡是从点水加各字","0","2","2"
"是从点水加各字的","0","2","2"
"在文武官员拜祭的","0","2","2"
"文武官员拜祭的位","0","2","2"
"武官员拜祭的位子","0","2","2"
"官员拜祭的位子以","0","2","2"
"员拜祭的位子以北","0","2","2"
"二人在引文武班的","0","2","2"
"派官员祭告天地宗","0","2","2"
"员祭告天地宗庙社","0","2","2"
"到刚刚死去的皇帝","0","2","2"
"刚刚死去的皇帝灵","0","2","2"
"刚死去的皇帝灵座","0","2","2"
"尚宝司在奉天殿设","0","2","2"
"宝司在奉天殿设御","0","2","2"
"司在奉天殿设御座","0","2","2"
"导驾官在前面引导","0","2","2"
"谢恩的官员和当朝","0","2","2"
"恩的官员和当朝辞","0","2","2"
"的官员和当朝辞职","0","2","2"
"官员和当朝辞职的","0","2","2"
"员和当朝辞职的官","0","2","2"
"和当朝辞职的官员","0","2","2"
"如同朝见皇帝的礼","0","2","2"
"同朝见皇帝的礼仪","0","2","2"
"赞礼官导引皇太子","0","2","2"
"皇后接受群臣朝贺","0","2","2"
"皇太子答礼后拜二","0","2","2"
"太子答礼后拜二拜","0","2","2"
"皇太子穿平常衣服","0","2","2"
"在春秋雨季的第二","0","2","2"
"雨季的第二个月及","0","2","2"
"大小命妇各自站在","0","2","2"
"小命妇各自站在座","0","2","2"
"命妇各自站在座位","0","2","2"
"妇各自站在座位后","0","2","2"
"月的上旬的戊日举","0","2","2"
"的上旬的戊日举行","0","2","2"
"上旬的戊日举行祭","0","2","2"
"旬的戊日举行祭祀","0","2","2"
"职大臣代为举行祭","0","2","2"
"大臣代为举行祭祀","0","2","2"
"到临时休息的大帐","0","2","2"
"命令应天府官员率","0","2","2"
"令应天府官员率领","0","2","2"
"应天府官员率领农","0","2","2"
"天府官员率领农民","0","2","2"
"府官员率领农民耆","0","2","2"
"官员率领农民耆老","0","2","2"
"员率领农民耆老陪","0","2","2"
"率领农民耆老陪同","0","2","2"
"领农民耆老陪同祭","0","2","2"
"农民耆老陪同祭祀","0","2","2"
"从礼部尚书崔亮的","0","2","2"
"因为皇帝亲自祭告","0","2","2"
"为皇帝亲自祭告山","0","2","2"
"皇帝亲自祭告山川","0","2","2"
"帝亲自祭告山川诸","0","2","2"
"亲自祭告山川诸神","0","2","2"
"命令不必提前派官","0","2","2"
"令不必提前派官告","0","2","2"
"不必提前派官告请","0","2","2"
"必提前派官告请太","0","2","2"
"提前派官告请太庙","0","2","2"
"尚书方献夫等人说","0","2","2"
"两天完成祭祀之事","0","2","2"
"秋雨季的第二月上","0","2","2"
"雨季的第二月上旬","0","2","2"
"春秋雨季专门举行","0","2","2"
"秋雨季专门举行祭","0","2","2"
"雨季专门举行祭祀","0","2","2"
"派遣官员举行祭祀","0","2","2"
"皇太后以下拜四拜","0","2","2"
"只有汉哀帝为定陶","0","2","2"
"有汉哀帝为定陶共","0","2","2"
"汉哀帝为定陶共王","0","2","2"
"哀帝为定陶共王在","0","2","2"
"帝为定陶共王在京","0","2","2"
"为定陶共王在京城","0","2","2"
"定陶共王在京城建","0","2","2"
"陶共王在京城建庙","0","2","2"
"王的夫人刘氏为一","0","2","2"
"的夫人刘氏为一坛","0","2","2"
"太常寺官举行祭礼","0","2","2"
"举行奠祭先圣先师","0","2","2"
"给事中王汝梅等人","0","2","2"
"孔子的十位贤哲弟","0","2","2"
"子的十位贤哲弟子","0","2","2"
"由南京太常寺官员","0","2","2"
"南京太常寺官员祭","0","2","2"
"京太常寺官员祭祀","0","2","2"
"由应天府官员祭祀","0","2","2"
"在每季首月以及年","0","2","2"
"每季首月以及年终","0","2","2"
"祭祀帝王无后嗣的","0","2","2"
"祀帝王无后嗣的鬼","0","2","2"
"在圜丘祭祀昊天上","0","2","2"
"在明堂宗祀文王以","0","2","2"
"明堂宗祀文王以配","0","2","2"
"水泽中方丘的制度","0","2","2"
"实是从王莽开始的","0","2","2"
"在具服殿稍微偏南","0","2","2"
"具服殿稍微偏南的","0","2","2"
"服殿稍微偏南的地","0","2","2"
"殿稍微偏南的地方","0","2","2"
"稍微偏南的地方建","0","2","2"
"微偏南的地方建造","0","2","2"
"皇太子以下在位官","0","2","2"
"太常卿恭请太祖配","0","2","2"
"常卿恭请太祖配位","0","2","2"
"供奉安放在皇祇室","0","2","2"
"礼部太常官一同请","0","2","2"
"部太常官一同请求","0","2","2"
"太常官一同请求皇","0","2","2"
"常官一同请求皇地","0","2","2"
"官一同请求皇地祇","0","2","2"
"一同请求皇地祇神","0","2","2"
"同请求皇地祇神版","0","2","2"
"在奉天殿的台阶上","0","2","2"
"有圣人功德的人配","0","2","2"
"圣人功德的人配祀","0","2","2"
"在北京立四丈高的","0","2","2"
"北京立四丈高的标","0","2","2"
"京立四丈高的标尺","0","2","2"
"就是本地离头顶上","0","2","2"
"是本地离头顶上太","0","2","2"
"本地离头顶上太阳","0","2","2"
"地离头顶上太阳的","0","2","2"
"离头顶上太阳的度","0","2","2"
"头顶上太阳的度数","0","2","2"
"就是太阳出地的半","0","2","2"
"是太阳出地的半弧","0","2","2"
"太阳出地的半弧弦","0","2","2"
"黄道赤道内外半弧","0","2","2"
"天圆直径一百二十","0","2","2"
"圆直径一百二十一","0","2","2"
"得一万四千八百二","0","2","2"
"乘以上廉一万四千","0","2","2"
"以上廉一万四千八","0","2","2"
"一百八十万四千七","0","2","2"
"百八十万四千七百","0","2","2"
"八十万四千七百零","0","2","2"
"十万四千七百零七","0","2","2"
"将从廉和从方相加","0","2","2"
"一百八十万四千四","0","2","2"
"百八十万四千四百","0","2","2"
"就是黄道赤道的小","0","2","2"
"是黄道赤道的小股","0","2","2"
"矢自乘作为被除数","0","2","2"
"就是黄道半背弦差","0","2","2"
"以赤道小弦作为除","0","2","2"
"赤道小弦作为除数","0","2","2"
"作为除数与之相除","0","2","2"
"六十度八十七分五","0","2","2"
"十度八十七分五十","0","2","2"
"就是黄道赤道小弦","0","2","2"
"得三千四百一十度","0","2","2"
"三千四百一十度一","0","2","2"
"以黄道赤道大弦六","0","2","2"
"黄道赤道大弦六十","0","2","2"
"道赤道大弦六十度","0","2","2"
"赤道大弦六十度八","0","2","2"
"道大弦六十度八七","0","2","2"
"大弦六十度八七五","0","2","2"
"弦六十度八七五作","0","2","2"
"十度八七五作为除","0","2","2"
"度八七五作为除数","0","2","2"
"将天圆半径六十度","0","2","2"
"圆半径六十度八十","0","2","2"
"六十度八十六分五","0","2","2"
"十度八十六分五十","0","2","2"
"太阳距离北极的度","0","2","2"
"阳距离北极的度数","0","2","2"
"冬至后黄道四十四","0","2","2"
"至后黄道四十四度","0","2","2"
"六十度八十七分半","0","2","2"
"用背弦差加黄道赤","0","2","2"
"背弦差加黄道赤道","0","2","2"
"弦差加黄道赤道小","0","2","2"
"差加黄道赤道小弧","0","2","2"
"加黄道赤道小弧弦","0","2","2"
"黄道赤道小弧弦十","0","2","2"
"道赤道小弧弦十七","0","2","2"
"赤道小弧弦十七度","0","2","2"
"道小弧弦十七度二","0","2","2"
"小弧弦十七度二十","0","2","2"
"弧弦十七度二十五","0","2","2"
"弦十七度二十五分","0","2","2"
"得十七度三十分八","0","2","2"
"十七度三十分八十","0","2","2"
"七度三十分八十九","0","2","2"
"度三十分八十九秒","0","2","2"
"就是冬至夏至前后","0","2","2"
"是冬至夏至前后黄","0","2","2"
"冬至夏至前后黄道","0","2","2"
"至夏至前后黄道四","0","2","2"
"夏至前后黄道四十","0","2","2"
"至前后黄道四十四","0","2","2"
"前后黄道四十四度","0","2","2"
"太阳距离赤道的内","0","2","2"
"阳距离赤道的内外","0","2","2"
"道赤道降交点的最","0","2","2"
"赤道降交点的最大","0","2","2"
"半径六十度八七五","0","2","2"
"是白道赤道降交点","0","2","2"
"白道赤道降交点距","0","2","2"
"道赤道降交点距离","0","2","2"
"赤道降交点距离黄","0","2","2"
"道降交点距离黄道","0","2","2"
"百姓家中生一条狗","0","2","2"
"蓟州遵化县发生地","0","2","2"
"州遵化县发生地震","0","2","2"
"合阳发生十多次地","0","2","2"
"阳发生十多次地震","0","2","2"
"十八年六月丙子日","0","2","2"
"十七年六月辛酉日","0","2","2"
"山东再次遭受饥荒","0","2","2"
"十四个州县发生饥","0","2","2"
"四个州县发生饥荒","0","2","2"
"山西遭受严重饥荒","0","2","2"
"水就不再旁决而专","0","2","2"
"水而往东流入大海","0","2","2"
"通济闸于甘罗城南","0","2","2"
"而河床一天天增高","0","2","2"
"备文上奏善后事宜","0","2","2"
"没有听说带给祖陵","0","2","2"
"工部回复李化龙的","0","2","2"
"工部尚书姚继可说","0","2","2"
"在徐州狼矢沟决堤","0","2","2"
"淮河之水一起上涨","0","2","2"
"汇合白河流入大海","0","2","2"
"小汶河出于新泰宫","0","2","2"
"汶河出于新泰宫山","0","2","2"
"河出于新泰宫山下","0","2","2"
"大汶河出于泰安仙","0","2","2"
"汶河出于泰安仙台","0","2","2"
"河出于泰安仙台岭","0","2","2"
"出于泰安仙台岭南","0","2","2"
"又出于莱芜原山北","0","2","2"
"出于莱芜原山北面","0","2","2"
"于莱芜原山北面及","0","2","2"
"莱芜原山北面及寨","0","2","2"
"芜原山北面及寨子","0","2","2"
"原山北面及寨子村","0","2","2"
"全都到静丰镇合流","0","2","2"
"而小汶河流来汇合","0","2","2"
"朝廷大臣会合商议","0","2","2"
"皇上于是命令施行","0","2","2"
"应当修筑堤堰来防","0","2","2"
"当修筑堤堰来防止","0","2","2"
"翁大立请求开通洳","0","2","2"
"应当防备黄河决口","0","2","2"
"当防备黄河决口而","0","2","2"
"防备黄河决口而流","0","2","2"
"用来防备黄河水的","0","2","2"
"来防备黄河水的流","0","2","2"
"请求开通洳河来避","0","2","2"
"求开通洳河来避开","0","2","2"
"开通洳河来避开黄","0","2","2"
"分流黄河导引淮河","0","2","2"
"请求淘汰年老体弱","0","2","2"
"的困难就可以避免","0","2","2"
"困难就可以避免了","0","2","2"
"洳河工程没有完成","0","2","2"
"舍弃洳河经由黄河","0","2","2"
"流入卫河的河道渐","0","2","2"
"入卫河的河道渐渐","0","2","2"
"两次溃决两次修筑","0","2","2"
"沁水在马曲湾决堤","0","2","2"
"二十天就可以到达","0","2","2"
"主张最终没有施行","0","2","2"
"不过这祇是权宜之","0","2","2"
"过这祇是权宜之计","0","2","2"
"每十下为一等相加","0","2","2"
"十下为一等相加减","0","2","2"
"以三百六十日计算","0","2","2"
"十五岁以下和残疾","0","2","2"
"北方边防卫所充军","0","2","2"
"无力交纳的发配天","0","2","2"
"力交纳的发配天寿","0","2","2"
"交纳的发配天寿山","0","2","2"
"纳的发配天寿山种","0","2","2"
"的发配天寿山种树","0","2","2"
"交银钞二千二百五","0","2","2"
"银钞二千二百五十","0","2","2"
"其钞二百贯折合银","0","2","2"
"钞二百贯折合银了","0","2","2"
"二百贯折合银了一","0","2","2"
"百贯折合银了一钱","0","2","2"
"收宝钞一千一百二","0","2","2"
"宝钞一千一百二十","0","2","2"
"收铜钱三百五十文","0","2","2"
"其钞二千二百五十","0","2","2"
"和例钞折合银子相","0","2","2"
"例钞折合银子相比","0","2","2"
"按条例难以如实行","0","2","2"
"条例难以如实行刑","0","2","2"
"例难以如实行刑的","0","2","2"
"难以如实行刑的人","0","2","2"
"如因诬告罪判杖刑","0","2","2"
"因诬告罪判杖刑六","0","2","2"
"诬告罪判杖刑六十","0","2","2"
"告罪判杖刑六十下","0","2","2"
"这部分赎金全部抵","0","2","2"
"就是法律上的八千","0","2","2"
"是法律上的八千两","0","2","2"
"漕运船只全部经由","0","2","2"
"三年进行一次疏浚","0","2","2"
"运送军粮三万石到","0","2","2"
"部尚书李承勋请求","0","2","2"
"皇帝认为他的意见","0","2","2"
"然而不能革除这些","0","2","2"
"而不能革除这些弊","0","2","2"
"不能革除这些弊端","0","2","2"
"设置军籍验对符契","0","2","2"
"杀将领夺取敌旗的","0","2","2"
"部下斩杀敌人三十","0","2","2"
"下斩杀敌人三十名","0","2","2"
"提升实授官职一级","0","2","2"
"有火攻装备的战车","0","2","2"
"并且疏浚海盐澉浦","0","2","2"
"灌溉田地五百多顷","0","2","2"
"河堤溃决闸门毁坏","0","2","2"
"发生也用不着忧虑","0","2","2"
"生也用不着忧虑了","0","2","2"
"则河渠之水逆流于","0","2","2"
"河渠之水逆流于田","0","2","2"
"渠之水逆流于田问","0","2","2"
"冲击侵蚀造成灾难","0","2","2"
"起用为南京光禄寺","0","2","2"
"兖州同日发生地震","0","2","2"
"五总兵各练一万兵","0","2","2"
"大营设坐营官一名","0","2","2"
