"N-gram","原文","翻译","Total"
"开府仪同三","101","100","201"
"府仪同三司","101","100","201"
"通直散骑常","74","74","148"
"直散骑常侍","74","74","148"
"南徐州刺史","50","43","93"
"员外散骑常","36","36","72"
"外散骑常侍","36","36","72"
"事黄门侍郎","31","31","62"
"尚书右仆射","30","30","60"
"太子中庶子","29","29","58"
"南豫州刺史","29","24","53"
"金紫光禄大","22","22","44"
"紫光禄大夫","22","22","44"
"左光禄大夫","21","21","42"
"王谘议参军","17","22","39"
"征南大将军","17","17","34"
"为散骑常侍","0","33","33"
"尚书左仆射","16","16","32"
"二州诸军事","16","16","32"
"食邑五百户","1","31","32"
"任散骑常侍","0","32","32"
"给事黄门侍","0","31","31"
"始兴王叔陵","17","13","30"
"中军大将军","14","14","28"
"四州诸军事","14","14","28"
"东扬州刺史","19","7","26"
"三州诸军事","13","13","26"
"通直散骑侍","13","13","26"
"直散骑侍郎","13","13","26"
"右光禄大夫","12","12","24"
"车骑大将军","12","12","24"
"府谘议参军","12","12","24"
"司徒左长史","12","12","24"
"府记室参军","12","12","24"
"州刺史黄法","12","11","23"
"加散骑常侍","18","5","23"
"皇帝舆驾亲","0","23","23"
"调出朝廷任","0","23","23"
"隋大业年中","0","23","23"
"职务依旧担","0","22","22"
"务依旧担任","0","22","22"
"授散骑常侍","16","5","21"
"都督吴明彻","11","10","21"
"祯明三年入","11","10","21"
"徐州诸军事","10","10","20"
"征北大将军","10","10","20"
"太子左卫率","10","10","20"
"左骁骑将军","10","10","20"
"高宗第二十","10","10","20"
"明三年入关","9","10","19"
"侯景叛乱时","0","19","19"
"大业年中为","0","19","19"
"都督南徐州","9","9","18"
"督南徐州诸","9","9","18"
"南徐州诸军","9","9","18"
"骠骑大将军","9","9","18"
"征西大将军","9","9","18"
"任通直散骑","0","18","18"
"鄱阳王伯山","11","6","17"
"都督南豫州","9","8","17"
"一千五百户","8","9","17"
"府中兵参军","8","8","16"
"王法曹参军","8","8","16"
"宫通事舍人","8","8","16"
"承皇帝旨意","0","16","16"
"帝舆驾亲临","0","16","16"
"任给事黄门","0","16","16"
"侯景被平定","0","16","16"
"州刺史欧阳","8","7","15"
"号镇南将军","11","4","15"
"国遣使献方","15","0","15"
"遣使献方物","15","0","15"
"秉承皇帝旨","0","15","15"
"为贞威将军","0","15","15"
"进号镇南将","11","3","14"
"新安王伯固","8","6","14"
"长沙王叔坚","9","5","14"
"水陆诸军事","7","7","14"
"平越中郎将","7","7","14"
"都督章昭达","8","6","14"
"东宫通事舍","8","6","14"
"帝秉承皇帝","0","14","14"
"任命为散骑","0","14","14"
"命为散骑常","0","14","14"
"朝廷任命为","0","14","14"
"南兗州刺史","13","0","13"
"州刺史吴明","7","6","13"
"刺史吴明彻","7","6","13"
"广州刺史欧","7","6","13"
"刺史黄法抃","11","2","13"
"州刺史始兴","8","5","13"
"刺史始兴王","8","5","13"
"掌东宫管记","10","3","13"
"迁散骑常侍","13","0","13"
"督南豫州诸","7","6","13"
"南豫州诸军","7","6","13"
"豫州诸军事","7","6","13"
"食邑一千户","0","13","13"
"又被任命为","0","13","13"
"鼓吹乐一部","0","13","13"
"为中书侍郎","0","13","13"
"的职务依旧","0","13","13"
"镇卫大将军","6","6","12"
"舆驾亲祠太","12","0","12"
"驾亲祠太庙","12","0","12"
"司空侯安都","7","5","12"
"始兴王伯茂","8","4","12"
"晋安王伯恭","7","5","12"
"舍人蔡景历","7","5","12"
"吴兴武康人","7","5","12"
"中录事参军","6","6","12"
"加通直散骑","9","3","12"
"梁元帝承制","9","3","12"
"增邑前一千","12","0","12"
"中权大将军","6","6","12"
"太子右卫率","6","6","12"
"南徐州大中","6","6","12"
"徐州大中正","6","6","12"
"始兴王长史","6","6","12"
"王府谘议参","6","6","12"
"王府记室参","6","6","12"
"为安南将军","0","12","12"
"为镇南将军","0","12","12"
"亲临太庙祭","0","12","12"
"任员外散骑","0","12","12"
"增赐食邑合","0","12","12"
"以前赐予的","0","12","12"
"前赐予的共","0","12","12"
"为明威将军","0","12","12"
"北徐州刺史","6","5","11"
"都督中外诸","6","5","11"
"督中外诸军","6","5","11"
"中外诸军事","6","5","11"
"号安南将军","8","3","11"
"北江州刺史","6","5","11"
"豫章王叔英","6","5","11"
"进号平北将","7","4","11"
"号平北将军","7","4","11"
"衡阳王伯信","7","4","11"
"迁通直散骑","10","1","11"
"授通直散骑","7","4","11"
"配享高祖庙","8","3","11"
"增邑五百户","11","0","11"
"豫州大中正","6","5","11"
"太建十一年","1","10","11"
"食邑三百户","1","10","11"
"任吏部尚书","0","11","11"
"赐食邑合计","0","11","11"
"食邑合计以","0","11","11"
"邑合计以前","0","11","11"
"合计以前赐","0","11","11"
"计以前赐予","0","11","11"
"调出京城担","0","11","11"
"出京城担任","0","11","11"
"提升官号为","0","11","11"
"为通直散骑","0","11","11"
"皇帝的旨意","0","11","11"
"任御史中丞","0","11","11"
"中记室参军","5","5","10"
"加金章紫绶","6","4","10"
"食邑二千户","1","9","10"
"进号安南将","8","2","10"
"江州刺史周","5","5","10"
"州刺史周迪","5","5","10"
"州刺史章昭","5","5","10"
"刺史章昭达","5","5","10"
"光禄大夫王","4","6","10"
"中抚大将军","5","5","10"
"征讨诸军事","5","5","10"
"中卫大将军","5","5","10"
"员外散骑侍","5","5","10"
"外散骑侍郎","5","5","10"
"六州诸军事","5","5","10"
"衡州诸军事","5","5","10"
"太子中舍人","5","5","10"
"吴明彻北伐","4","6","10"
"中书通事舍","5","5","10"
"书通事舍人","5","5","10"
"鄱阳王谘议","4","6","10"
"阳王谘议参","4","6","10"
"尚书金部郎","5","5","10"
"尚书殿中郎","5","5","10"
"尚书吏部郎","5","5","10"
"尚书令江总","5","5","10"
"太建十四年","4","6","10"
"高宗第三十","5","5","10"
"侯景作乱时","0","10","10"
"安成王陈顼","0","10","10"
"为仁威将军","0","10","10"
"元帝秉承皇","0","10","10"
"战功被任命","0","10","10"
"功被任命为","0","10","10"
"担任使持节","0","10","10"
"承皇帝的旨","0","10","10"
"二年春正月","5","4","9"
"州刺史华皎","5","4","9"
"进号平南将","6","3","9"
"号平南将军","6","3","9"
"五州诸军事","5","4","9"
"庐陵王伯仁","5","4","9"
"史始兴王叔","5","4","9"
"除员外散骑","9","0","9"
"东衡州刺史","7","2","9"
"汝南周弘正","5","4","9"
"号云麾将军","6","3","9"
"除散骑常侍","9","0","9"
"时年五十九","7","2","9"
"官散骑常侍","2","7","9"
"迁事黄门侍","9","0","9"
"中军宣城王","5","4","9"
"始兴王谘议","4","5","9"
"兴王谘议参","4","5","9"
"太建十三年","3","6","9"
"南兖州刺史","0","9","9"
"为护军将军","0","9","9"
"为领军将军","0","9","9"
"为尚书右仆","0","9","9"
"为开府仪同","0","9","9"
"赏给鼓吹乐","0","9","9"
"给鼓吹乐一","0","9","9"
"天子征召他","0","9","9"
"增赐食邑五","0","9","9"
"赐食邑五百","0","9","9"
"任命为假节","0","9","9"
"任太子舍人","0","9","9"
"侯景叛乱的","0","9","9"
"当时年纪五","0","9","9"
"时年纪五十","0","9","9"
"任中书侍郎","0","9","9"
"领步兵校尉","0","9","9"
"始兴昭烈王","4","4","8"
"高州刺史黄","5","3","8"
"年春正月庚","4","4","8"
"湘州刺史华","4","4","8"
"长胡公拓跋","4","4","8"
"胡公拓跋定","4","4","8"
"督征讨诸军","4","4","8"
"州刺史鄱阳","6","2","8"
"刺史鄱阳王","6","2","8"
"扬州大中正","5","3","8"
"舍人刘师知","5","3","8"
"赠散骑常侍","8","0","8"
"享高祖庙庭","7","1","8"
"武三州诸军","5","3","8"
"增邑前二千","8","0","8"
"进号云麾将","6","2","8"
"镇南大将军","4","4","8"
"督吴州诸军","4","4","8"
"吴州诸军事","4","4","8"
"中书舍人刘","4","4","8"
"隋将韩擒虎","6","2","8"
"晋熙王叔文","4","4","8"
"府外兵参军","4","4","8"
"迁吏部尚书","8","0","8"
"中卫始兴王","4","4","8"
"尚书吏部侍","4","4","8"
"书吏部侍郎","4","4","8"
"王府行参军","4","4","8"
"江夏王伯义","4","4","8"
"武陵王伯礼","4","4","8"
"加招远将军","4","4","8"
"州刺史沈恪","4","4","8"
"河东王叔献","4","4","8"
"陈郡阳夏人","4","4","8"
"将军的职务","0","8","8"
"舆驾亲临太","0","8","8"
"驾亲临太庙","0","8","8"
"临太庙祭祀","0","8","8"
"为平北将军","0","8","8"
"升任散骑常","0","8","8"
"有战功被任","0","8","8"
"任命为持节","0","8","8"
"因为有战功","0","8","8"
"秉承皇帝的","0","8","8"
"任命为侍中","0","8","8"
"为员外散骑","0","8","8"
"任命为太子","0","8","8"
"景叛乱的时","0","8","8"
"叛乱的时候","0","8","8"
"十二个儿子","0","8","8"
"为太子中庶","0","8","8"
"任太子中庶","0","8","8"
"领左骁骑将","0","8","8"
"班剑二十人","5","2","7"
"州刺史侯安","4","3","7"
"州刺史余孝","4","3","7"
"刺史余孝顷","4","3","7"
"都督周文育","4","3","7"
"舆驾亲祠南","7","0","7"
"驾亲祠南郊","7","0","7"
"三年春正月","4","3","7"
"号征南将军","4","3","7"
"年春正月癸","4","3","7"
"扬州刺史始","5","2","7"
"将军章昭达","4","3","7"
"仪同三司吴","4","3","7"
"左卫将军樊","4","3","7"
"卫将军樊毅","4","3","7"
"刺史长沙王","4","3","7"
"仪同三司淳","4","3","7"
"中书舍人蔡","4","3","7"
"书舍人蔡景","4","3","7"
"号开府仪同","4","3","7"
"邑前一千户","7","0","7"
"迁员外散骑","7","0","7"
"书舍人刘师","4","3","7"
"时年五十八","4","3","7"
"安王谘议参","3","4","7"
"王记室参军","4","3","7"
"加明威将军","5","2","7"
"王国左常侍","4","3","7"
"丁所生母忧","7","0","7"
"吏部尚书蔡","4","3","7"
"宜都王叔明","4","3","7"
"因此赐给陈","0","7","7"
"此赐给陈公","0","7","7"
"不明白的第","0","7","7"
"号为镇南将","0","7","7"
"刺史黄法毡","0","7","7"
"为宣惠将军","0","7","7"
"束扬州刺史","0","7","7"
"为吏部尚书","0","7","7"
"任尚书右仆","0","7","7"
"任太子洗马","0","7","7"
"哥哥的儿子","0","7","7"
"给鼓吹一部","0","7","7"
"任命为使持","0","7","7"
"命为使持节","0","7","7"
"因有战功被","0","7","7"
"赐予的共一","0","7","7"
"予的共一千","0","7","7"
"被任命为散","0","7","7"
"调入朝廷任","0","7","7"
"为给事黄门","0","7","7"
"任命为中书","0","7","7"
"加官散骑常","0","7","7"
"任左民尚书","0","7","7"
"光禄大夫的","0","7","7"
"中正的职务","0","7","7"
"景被平定后","0","7","7"
"高祖武皇帝","3","3","6"
"刺史欧阳頠","6","0","6"
"永嘉王萧庄","3","3","6"
"年春正月己","4","2","6"
"时年五十七","4","2","6"
"世祖文皇帝","3","3","6"
"中抚军将军","3","3","6"
"冬十一月乙","3","3","6"
"元年春正月","3","3","6"
"将军吴明彻","3","3","6"
"尚书中兵郎","3","3","6"
"四年春正月","3","3","6"
"镇北大将军","3","3","6"
"号征南大将","5","1","6"
"仪同三司徐","3","3","6"
"同三司徐度","3","3","6"
"禄大夫王通","2","4","6"
"号车骑将军","4","2","6"
"军新安王伯","4","2","6"
"封始兴郡王","4","2","6"
"寻授使持节","6","0","6"
"仪同三司章","3","3","6"
"同三司吴明","4","2","6"
"三司吴明彻","4","2","6"
"都督征讨诸","3","3","6"
"史鄱阳王伯","5","1","6"
"州刺史淳量","6","0","6"
"建安王叔卿","4","2","6"
"左卫将军任","3","3","6"
"卫将军任忠","3","3","6"
"九郡诸军事","3","3","6"
"秩中二千石","6","0","6"
"时年六十七","4","2","6"
"除贞威将军","6","0","6"
"除事黄门侍","6","0","6"
"始兴内史萧","3","3","6"
"吴二州诸军","3","3","6"
"都督王僧辩","4","2","6"
"王中兵参军","3","3","6"
"中兵参军事","3","3","6"
"都督衡州诸","3","3","6"
"督衡州诸军","3","3","6"
"本号开府仪","4","2","6"
"邑一千五百","3","3","6"
"二千五百户","3","3","6"
"阳县开国侯","3","3","6"
"梁元帝荆州","6","0","6"
"宣惠始兴王","4","2","6"
"督吴明彻北","4","2","6"
"贞阳侯僭位","5","1","6"
"都督吴州诸","3","3","6"
"随都督吴明","4","2","6"
"寻加散骑常","6","0","6"
"广州刺史马","3","3","6"
"州刺史马靖","3","3","6"
"府中记室参","3","3","6"
"王府外兵参","3","3","6"
"骠骑庐陵王","3","3","6"
"轻车河东王","3","3","6"
"王府法曹参","3","3","6"
"府法曹参军","3","3","6"
"迁御史中丞","6","0","6"
"江州刺史章","3","3","6"
"司徒王僧辩","3","3","6"
"司徒右长史","3","3","6"
"吏部尚书袁","3","3","6"
"济阳考城人","4","2","6"
"舍人司马申","3","3","6"
"度支尚书王","3","3","6"
"新蔡王叔齐","3","3","6"
"司徒左西掾","3","3","6"
"府中录事参","3","3","6"
"宣城太守钱","3","3","6"
"吴郡钱塘人","3","3","6"
"第三个儿子","0","6","6"
"太白星白天","0","6","6"
"白星白天出","0","6","6"
"星白天出现","0","6","6"
"成王陈顼为","0","6","6"
"史黄法毡为","0","6","6"
"为征南大将","0","6","6"
"领右军将军","0","6","6"
"将军淳于量","0","6","6"
"第二个儿子","0","6","6"
"使者献上地","0","6","6"
"者献上地方","0","6","6"
"献上地方特","0","6","6"
"上地方特产","0","6","6"
"为宣毅将军","0","6","6"
"为云麾将军","0","6","6"
"任太子詹事","0","6","6"
"率领步兵骑","0","6","6"
"领步兵骑兵","0","6","6"
"任扬州刺史","0","6","6"
"为太子詹事","0","6","6"
"为戎昭将军","0","6","6"
"久又被任命","0","6","6"
"随从王僧辩","0","6","6"
"为左卫将军","0","6","6"
"京城担任使","0","6","6"
"城担任使持","0","6","6"
"有才干谋略","0","6","6"
"天子征召为","0","6","6"
"还没有赴任","0","6","6"
"以布衣身份","0","6","6"
"身份直接出","0","6","6"
"份直接出任","0","6","6"
"第六个儿子","0","6","6"
"提升他的官","0","6","6"
"征召他入朝","0","6","6"
"任黄门侍郎","0","6","6"
"任明威将军","0","6","6"
"秘书郎起家","0","6","6"
"当时年纪七","0","6","6"
"时年纪七十","0","6","6"
"任都官尚书","0","6","6"
"禄大夫的官","0","6","6"
"掌管选拔人","0","6","6"
"管选拔人才","0","6","6"
"广泛地涉猎","0","6","6"
"又使事情十","0","6","6"
"使事情十分","0","6","6"
"事情十分明","0","6","6"
"情十分明显","0","6","6"
"增加食邑和","0","6","6"
"为智武将军","0","6","6"
"当时年纪四","0","6","6"
"时年纪四十","0","6","6"
"太建十二年","0","6","6"
"其余都照旧","0","6","6"
"兼中书舍人","0","6","6"
"擅长写文章","0","6","6"
"兼通直散骑","0","6","6"
"高祖命周文","5","0","5"
"祖命周文育","5","0","5"
"刺史侯安都","3","2","5"
"高祖遣侯安","5","0","5"
"祖遣侯安都","5","0","5"
"舆驾亲祠北","5","0","5"
"驾亲祠北郊","5","0","5"
"仪同三司侯","2","3","5"
"进号征南将","4","1","5"
"州刺史程灵","3","2","5"
"刺史程灵洗","3","2","5"
"周将贺若敦","3","2","5"
"配食高祖庙","4","1","5"
"食高祖庙庭","4","1","5"
"高丽国遣使","4","1","5"
"父后者赐爵","5","0","5"
"进号征南大","5","0","5"
"者赐爵一级","4","1","5"
"临川太守骆","3","2","5"
"夏四月乙卯","3","2","5"
"将军新安王","3","2","5"
"扬州刺史安","3","2","5"
"州刺史安成","3","2","5"
"刺史安成王","3","2","5"
"太傅安成王","2","3","5"
"同三司章昭","3","2","5"
"三司章昭达","3","2","5"
"仪同黄法抃","3","2","5"
"仪同三司黄","3","2","5"
"同三司黄法","3","2","5"
"号镇北将军","3","2","5"
"州刺史长沙","4","1","5"
"军庐陵王伯","3","2","5"
"周将梁士彦","4","1","5"
"刺史鲁广达","3","2","5"
"新渝侯萧映","3","2","5"
"高祖诛王僧","5","0","5"
"引齐寇渡江","2","3","5"
"加开府仪同","3","2","5"
"第二子忠臣","3","2","5"
"都督江吴二","2","3","5"
"督江吴二州","2","3","5"
"江吴二州诸","2","3","5"
"随都督王僧","3","2","5"
"时年五十二","4","1","5"
"邑前一千五","5","0","5"
"前一千五百","5","0","5"
"州缘江诸军","3","2","5"
"缘江诸军事","3","2","5"
"邑前二千户","5","0","5"
"除明威将军","5","0","5"
"号宣毅将军","3","2","5"
"时年七十二","4","1","5"
"进号车骑大","4","1","5"
"号车骑大将","4","1","5"
"时年五十四","4","1","5"
"除通直散骑","5","0","5"
"刺史欧阳纥","3","2","5"
"赠通直散骑","3","2","5"
"部羽葆鼓吹","2","3","5"
"除中书侍郎","5","0","5"
"巴州刺史毕","3","2","5"
"镇东鄱阳王","4","1","5"
"晋安王谘议","2","3","5"
"家梁秘书郎","5","0","5"
"迁太子洗马","5","0","5"
"宣惠武陵王","3","2","5"
"迁太子舍人","5","0","5"
"寻通直散骑","5","0","5"
"陵王法曹参","3","2","5"
"迁太子中庶","5","0","5"
"时年六十三","4","1","5"
"加员外散骑","4","1","5"
"开皇十四年","2","3","5"
"录尚书辅政","3","2","5"
"信二州诸军","3","2","5"
"都督吴兴诸","3","2","5"
"督吴兴诸军","3","2","5"
"吴兴诸军事","3","2","5"
"岳阳王叔慎","3","2","5"
"安东临川王","3","2","5"
"北讨前军事","3","2","5"
"侯景的部将","0","5","5"
"徐嗣徽等人","0","5","5"
"方少数民族","0","5","5"
"任吴兴太守","0","5","5"
"皇后为皇太","0","5","5"
"后为皇太后","0","5","5"
"为安左将军","0","5","5"
"为骠骑将军","0","5","5"
"任安南将军","0","5","5"
"为安西将军","0","5","5"
"为镇前将军","0","5","5"
"帝舆驾亲往","0","5","5"
"使者来聘问","0","5","5"
"为平西将军","0","5","5"
"继承帝位后","0","5","5"
"世祖继承帝","0","5","5"
"祖继承帝位","0","5","5"
"任命散骑常","0","5","5"
"命散骑常侍","0","5","5"
"派使者献上","0","5","5"
"为尚书仆射","0","5","5"
"为平南将军","0","5","5"
"侯景之乱时","0","5","5"
"皇后的父亲","0","5","5"
"尊崇皇后为","0","5","5"
"任云麾将军","0","5","5"
"食邑四百户","0","5","5"
"的妻子儿女","0","5","5"
"被任命为使","0","5","5"
"梁元帝秉承","0","5","5"
"他为使持节","0","5","5"
"元帝在荆州","0","5","5"
"他为散骑常","0","5","5"
"彻底打垮了","0","5","5"
"在家中以布","0","5","5"
"家中以布衣","0","5","5"
"中以布衣身","0","5","5"
"布衣身份直","0","5","5"
"衣身份直接","0","5","5"
"出朝廷任命","0","5","5"
"任左光禄大","0","5","5"
"侯景被消灭","0","5","5"
"景被消灭后","0","5","5"
"升他的官号","0","5","5"
"他的官号为","0","5","5"
"为车骑大将","0","5","5"
"因父亲去世","0","5","5"
"亲去世服丧","0","5","5"
"为壮武将军","0","5","5"
"任命为员外","0","5","5"
"命为员外散","0","5","5"
"登上帝位后","0","5","5"
"子征召他入","0","5","5"
"任护军将军","0","5","5"
"为翊左将军","0","5","5"
"任著作佐郎","0","5","5"
"王琳被平定","0","5","5"
"增邑到一千","0","5","5"
"任梁朝秘书","0","5","5"
"梁朝秘书郎","0","5","5"
"任太子庶子","0","5","5"
"高祖接受禅","0","5","5"
"祖接受禅让","0","5","5"
"入朝廷任命","0","5","5"
"任命为给事","0","5","5"
"命为给事黄","0","5","5"
"职务都依旧","0","5","5"
"大夫的官衔","0","5","5"
"选拔人才之","0","5","5"
"拔人才之事","0","5","5"
"的典章制度","0","5","5"
"都依旧担任","0","5","5"
"参与掌管选","0","5","5"
"与掌管选拔","0","5","5"
"任尚书左仆","0","5","5"
"升任太子中","0","5","5"
"为御史中丞","0","5","5"
"升任中书令","0","5","5"
"正的职务依","0","5","5"
"命为中书侍","0","5","5"
"任度支尚书","0","5","5"
"梁朝邵陵王","0","5","5"
"升任通直散","0","5","5"
"任中书舍人","0","5","5"
"帝继承帝位","0","5","5"
"加食邑和以","0","5","5"
"食邑和以前","0","5","5"
"为左民尚书","0","5","5"
"十一个儿子","0","5","5"
"十三个儿子","0","5","5"
"今以若干卷","0","5","5"
"以若干卷为","0","5","5"
"为镇西将军","0","5","5"
"高祖遣周文","4","0","4"
"祖遣周文育","4","0","4"
"中直兵参军","2","2","4"
"承制授高祖","4","0","4"
"高州刺史李","2","2","4"
"州刺史李迁","2","2","4"
"刺史李迁仕","2","2","4"
"寻授散骑常","4","0","4"
"南江州刺史","2","2","4"
"高祖使持节","2","2","4"
"五郡诸军事","2","2","4"
"高祖镇京口","4","0","4"
"豫州刺史任","2","2","4"
"州刺史徐度","3","1","4"
"侯安都率众","4","0","4"
"太傅义兴公","1","3","4"
"鳏寡孤独能","4","0","4"
"寡孤独能存","4","0","4"
"都督会稽等","2","2","4"
"督会稽等十","2","2","4"
"会稽等十郡","2","2","4"
"稽等十郡诸","2","2","4"
"等十郡诸军","2","2","4"
"十郡诸军事","2","2","4"
"吴明彻进号","3","1","4"
"豫州刺史周","2","2","4"
"州刺史周文","2","2","4"
"中书舍人江","2","2","4"
"书舍人江德","2","2","4"
"舍人江德藻","2","2","4"
"江州刺史熊","2","2","4"
"州刺史熊昙","2","2","4"
"刺史熊昙朗","2","2","4"
"书左仆射王","2","2","4"
"吏部尚书姚","2","2","4"
"部尚书姚察","2","2","4"
"尚书姚察曰","2","2","4"
"仪同三司王","2","2","4"
"同三司王冲","2","2","4"
"封始兴嗣王","2","2","4"
"十一月乙卯","2","2","4"
"春正月癸丑","2","2","4"
"将士死王事","4","0","4"
"士死王事者","4","0","4"
"丽国遣使献","4","0","4"
"十二月辛巳","2","2","4"
"春正月庚戌","2","2","4"
"夏四月癸卯","2","2","4"
"孝悌力田父","4","0","4"
"悌力田父后","4","0","4"
"力田父后者","4","0","4"
"年春正月丙","2","2","4"
"章昭达率众","4","0","4"
"昭达率众讨","4","0","4"
"十一月辛酉","2","2","4"
"护军将军章","2","2","4"
"军将军章昭","2","2","4"
"江州刺史吴","2","2","4"
"五年春正月","2","2","4"
"春正月庚辰","2","2","4"
"夏四月庚子","2","2","4"
"六年春正月","2","2","4"
"年春正月甲","2","2","4"
"春正月甲午","2","2","4"
"后者赐爵一","4","0","4"
"号安右将军","3","1","4"
"大将军淳量","4","0","4"
"将长胡公拓","3","1","4"
"公拓跋定率","2","2","4"
"护军将军沈","2","2","4"
"军将军沈恪","2","2","4"
"新罗国遣使","3","1","4"
"高祖平侯景","4","0","4"
"废帝临海王","4","0","4"
"奉昭烈王祀","3","1","4"
"秋七月辛卯","2","2","4"
"仪同章昭达","2","2","4"
"江阴王萧季","2","2","4"
"阴王萧季卿","2","2","4"
"授东中郎将","4","0","4"
"书右仆射王","2","2","4"
"驸马都尉沈","3","1","4"
"马都尉沈君","3","1","4"
"都尉沈君理","3","1","4"
"豫州刺史黄","2","2","4"
"二月壬辰朔","2","2","4"
"年春正月壬","2","2","4"
"年春正月辛","2","2","4"
"冬十月戊午","2","2","4"
"进号镇北将","3","1","4"
"史长沙王叔","4","0","4"
"司空吴明彻","3","1","4"
"太子詹事徐","2","2","4"
"子詹事徐陵","2","2","4"
"同三司淳量","4","0","4"
"将军任忠都","2","2","4"
"军任忠都督","2","2","4"
"忠都督寿阳","2","2","4"
"书左仆射陆","2","2","4"
"左仆射陆缮","2","2","4"
"将军鲁广达","2","2","4"
"鲁广达率众","1","3","4"
"将军萧摩诃","2","2","4"
"镇西将军樊","2","2","4"
"西将军樊毅","2","2","4"
"都督水陆诸","2","2","4"
"督水陆诸军","2","2","4"
"尊后皇太后","4","0","4"
"太建元年卒","4","0","4"
"后主沈皇后","2","2","4"
"广州刺史新","2","2","4"
"元帝承制授","4","0","4"
"高祖讨侯景","4","0","4"
"祖诛王僧辩","4","0","4"
"徐嗣徽引齐","3","1","4"
"长史陆山才","2","2","4"
"征左卫将军","4","0","4"
"衡阳献王昌","4","0","4"
"鄱阳王萧范","2","2","4"
"高祖诛僧辩","4","0","4"
"平西邵陵王","2","2","4"
"时年六十六","3","1","4"
"授戎昭将军","3","1","4"
"南大将军淳","2","2","4"
"授开府仪同","4","0","4"
"大将军王轨","2","2","4"
"河东王萧誉","2","2","4"
"文育西征王","3","1","4"
"育西征王琳","3","1","4"
"沌阳县开国","2","2","4"
"冀二州刺史","2","2","4"
"鄱阳嗣王萧","2","2","4"
"阳嗣王萧范","2","2","4"
"南丹阳太守","2","2","4"
"督南豫州缘","2","2","4"
"号安西将军","3","1","4"
"督章昭达率","2","2","4"
"吴明彻北讨","4","0","4"
"进号宣毅将","3","1","4"
"霍二州诸军","2","2","4"
"都督巴州诸","3","1","4"
"督巴州诸军","3","1","4"
"巴州诸军事","3","1","4"
"高祖东征杜","2","2","4"
"迁护军将军","4","0","4"
"司空章昭达","2","2","4"
"电威将军裴","2","2","4"
"威将军裴子","2","2","4"
"将军裴子烈","2","2","4"
"嗣王中兵参","2","2","4"
"王僧辩讨侯","4","0","4"
"僧辩讨侯景","4","0","4"
"都督湘州诸","2","2","4"
"督湘州诸军","2","2","4"
"湘州诸军事","2","2","4"
"前后部羽葆","2","2","4"
"后部羽葆鼓","2","2","4"
"南康王昙朗","2","2","4"
"御史中丞宗","2","2","4"
"史中丞宗元","2","2","4"
"中丞宗元饶","2","2","4"
"御史中丞徐","2","2","4"
"史中丞徐君","2","2","4"
"中丞徐君敷","2","2","4"
"衡州刺史王","2","2","4"
"州刺史王勇","2","2","4"
"刺史郑万顷","2","2","4"
"寻散骑常侍","4","0","4"
"宜黄县开国","2","2","4"
"黄县开国侯","2","2","4"
"元帅清河公","2","2","4"
"帅清河公杨","2","2","4"
"清河公杨素","2","2","4"
"刺史晋熙王","2","2","4"
"史晋熙王叔","2","2","4"
"州刺史毕宝","3","1","4"
"时年四十七","4","0","4"
"尚书左民侍","2","2","4"
"书左民侍郎","2","2","4"
"明将军使君","2","2","4"
"御史中丞沈","2","2","4"
"史中丞沈炯","2","2","4"
"东鄱阳王谘","3","1","4"
"宣惠豫章王","2","2","4"
"长沙王长史","2","2","4"
"文集三十卷","2","2","4"
"昭明太子薨","2","2","4"
"梁事黄门侍","4","0","4"
"新安穆公主","2","2","4"
"太尉临川王","2","2","4"
"限外记室参","2","2","4"
"外记室参军","2","2","4"
"十州诸军事","2","2","4"
"迁尚书右仆","4","0","4"
"迁左民尚书","4","0","4"
"安前邵陵王","2","2","4"
"光大元年卒","4","0","4"
"陵王谘议参","2","2","4"
"始兴王府法","2","2","4"
"兴王府法曹","2","2","4"
"王府限外记","2","2","4"
"府限外记室","2","2","4"
"邵陵王法曹","2","2","4"
"尚书三公郎","2","2","4"
"三郡诸军事","2","2","4"
"法曹外兵参","2","2","4"
"曹外兵参军","2","2","4"
"封建昌县侯","2","2","4"
"食邑一千五","1","3","4"
"抚军大将军","2","2","4"
"郢州刺史程","2","2","4"
"湘东王法曹","3","1","4"
"东王法曹参","3","1","4"
"迁中书侍郎","4","0","4"
"书金部郎中","2","2","4"
"寻贞威将军","4","0","4"
"王外兵参军","2","2","4"
"尚书仓部郎","2","2","4"
"书仓部郎中","2","2","4"
"部尚书袁枢","2","2","4"
"云麾始兴王","2","2","4"
"麾始兴王长","2","2","4"
"左仆射徐陵","2","2","4"
"右仆射陆缮","2","2","4"
"都督武州诸","2","2","4"
"督武州诸军","2","2","4"
"武州诸军事","2","2","4"
"王田曹参军","2","2","4"
"书吏部郎中","2","2","4"
"重汝南周弘","2","2","4"
"外兵记室参","2","2","4"
"兵记室参军","2","2","4"
"庐陵王长史","2","2","4"
"部尚书蔡徵","4","0","4"
"义安太守张","2","2","4"
"安太守张绍","2","2","4"
"太守张绍宾","2","2","4"
"尚书度支郎","2","2","4"
"晋安王功曹","2","2","4"
"安王功曹史","2","2","4"
"尚书仆射范","2","2","4"
"书仆射范阳","2","2","4"
"尚书驾部郎","2","2","4"
"嘉德殿学士","2","2","4"
"吏部尚书徐","2","2","4"
"部尚书徐陵","2","2","4"
"仁威淮南王","2","2","4"
"授度支尚书","2","2","4"
"都督南琅邪","2","2","4"
"吴兴太守武","2","2","4"
"兴太守武陵","2","2","4"
"太守武陵王","2","2","4"
"守武陵王伯","2","2","4"
"永阳王伯智","2","2","4"
"桂阳王伯谋","2","2","4"
"总管刘仁恩","2","2","4"
"尚书左民郎","2","2","4"
"故散骑常侍","3","1","4"
"外兵参军事","2","2","4"
"尚书主客郎","2","2","4"
"镇右新安王","2","2","4"
"新安王文学","2","2","4"
"骠骑安成王","2","2","4"
"弼进军钟山","2","2","4"
"王琳立萧庄","2","2","4"
"左卫将军蒋","2","2","4"
"卫将军蒋元","2","2","4"
"将军蒋元逊","2","2","4"
"王国右常侍","2","2","4"
"豫州刺史樊","2","2","4"
"西府记室参","2","2","4"
"谘议参军事","2","2","4"
"迁太中大夫","4","0","4"
"中郎武陵王","2","2","4"
"安西武陵王","2","2","4"
"本官掌东宫","2","2","4"
"官掌东宫管","2","2","4"
"太学限内博","2","2","4"
"学限内博士","2","2","4"
"云麾新安王","2","2","4"
"新安王主簿","2","2","4"
"南台治书侍","2","2","4"
"台治书侍御","2","2","4"
"治书侍御史","2","2","4"
"湘州刺史始","2","2","4"
"安王府记室","2","2","4"
"鄱阳王中卫","2","2","4"
"阳王中卫府","2","2","4"
"王府中录事","2","2","4"
"王中卫府记","2","2","4"
"中卫府记室","2","2","4"
"豫章太守周","2","2","4"
"章太守周敷","2","2","4"
"州刺史新建","2","2","4"
"前宣城太守","2","2","4"
"太守陆子隆","2","2","4"
"陈留太守张","2","2","4"
"留太守张遂","2","2","4"
"川太守骆牙","2","2","4"
"州刺史鲁广","2","2","4"
"十二月庚辰","2","2","4"
"桂州刺史淳","2","2","4"
"徐州刺史黄","2","2","4"
"章昭达进号","3","1","4"
"湘州刺史吴","2","2","4"
"进号骠骑大","2","2","4"
"号骠骑大将","2","2","4"
"大著作徐陵","2","2","4"
"广州刺史沈","2","2","4"
"十二月癸巳","2","2","4"
"国子祭酒周","2","2","4"
"子祭酒周弘","2","2","4"
"祭酒周弘正","2","2","4"
"武四州水陆","2","2","4"
"四州水陆诸","2","2","4"
"州水陆诸军","2","2","4"
"仆射晋安王","2","2","4"
"射晋安王伯","2","2","4"
"宣明殿学士","2","2","4"
"生始兴王叔","2","2","4"
"扬州诸军事","2","2","4"
"北新蔡太守","2","2","4"
"琅邪临沂人","3","1","4"
"会稽山阴人","2","2","4"
"南豫四州诸","2","2","4"
"豫四州诸军","2","2","4"
"被有关官员","0","4","4"
"这是不明白","0","4","4"
"是不明白的","0","4","4"
"高祖命令周","0","4","4"
"祖命令周文","0","4","4"
"高祖镇守京","0","4","4"
"祖镇守京口","0","4","4"
"安都率领水","0","4","4"
"都率领水军","0","4","4"
"打败了他们","0","4","4"
"为镇右将军","0","4","4"
"进号为镇南","0","4","4"
"任起部尚书","0","4","4"
"任开府仪同","0","4","4"
"吴明彻为安","0","4","4"
"在职的文武","0","4","4"
"的文武官员","0","4","4"
"任镇南将军","0","4","4"
"号为征南大","0","4","4"
"周派使者来","0","4","4"
"派使者来聘","0","4","4"
"月二十二日","0","4","4"
"皇上亲临太","0","4","4"
"上亲临太庙","0","4","4"
"临太庙祭祖","0","4","4"
"大将军淳于","0","4","4"
"高祖平定侯","0","4","4"
"祖平定侯景","0","4","4"
"其余职务如","0","4","4"
"余职务如故","0","4","4"
"国派使者献","0","4","4"
"为征北大将","0","4","4"
"为镇北将军","0","4","4"
"任中卫将军","0","4","4"
"将军樊毅为","0","4","4"
"州刺史淳于","0","4","4"
"刺史淳于量","0","4","4"
"任仁威将军","0","4","4"
"崇皇后为皇","0","4","4"
"为光禄大夫","0","4","4"
"为皇太子妃","0","4","4"
"为驸马都尉","0","4","4"
"在任上去世","0","4","4"
"高祖陈霸先","0","4","4"
"任晋陵太守","0","4","4"
"赠给散骑常","0","4","4"
"给散骑常侍","0","4","4"
"散骑常侍的","0","4","4"
"骑常侍的官","0","4","4"
"常侍的官衔","0","4","4"
"赐给鼓吹一","0","4","4"
"派他的弟弟","0","4","4"
"任贞威将军","0","4","4"
"任左卫将军","0","4","4"
"帝任命他为","0","4","4"
"增赐食邑一","0","4","4"
"赐食邑一千","0","4","4"
"了他的全部","0","4","4"
"梁元帝任命","0","4","4"
"王僧辩讨伐","0","4","4"
"高祖杀王僧","0","4","4"
"祖杀王僧辩","0","4","4"
"杀王僧辩时","0","4","4"
"其他职衔不","0","4","4"
"他职衔不变","0","4","4"
"非常赞赏他","0","4","4"
"任命他为使","0","4","4"
"命他为使持","0","4","4"
"任右卫将军","0","4","4"
"诏令吴明彻","0","4","4"
"华皎被平定","0","4","4"
"征召为侍中","0","4","4"
"萧摩诃率领","0","4","4"
"皇帝旨意任","0","4","4"
"配享在高祖","0","4","4"
"享在高祖祭","0","4","4"
"在高祖祭庙","0","4","4"
"被任命为持","0","4","4"
"的共一千户","0","4","4"
"共一千五百","0","4","4"
"子征召他为","0","4","4"
"其余封赏仍","0","4","4"
"余封赏仍旧","0","4","4"
"都督郢巴武","0","4","4"
"派他哥哥的","0","4","4"
"他哥哥的儿","0","4","4"
"任命为明威","0","4","4"
"命为明威将","0","4","4"
"为征西大将","0","4","4"
"年五十九岁","0","4","4"
"直接出任为","0","4","4"
"征召他为中","0","4","4"
"到侯景作乱","0","4","4"
"京城失陷后","0","4","4"
"又调出京城","0","4","4"
"派遣使者招","0","4","4"
"号为车骑大","0","4","4"
"被任命为假","0","4","4"
"为信威将军","0","4","4"
"调入朝廷担","0","4","4"
"入朝廷担任","0","4","4"
"被任命为太","0","4","4"
"任命为贞威","0","4","4"
"命为贞威将","0","4","4"
"帝的旨意任","0","4","4"
"任命为通直","0","4","4"
"命为通直散","0","4","4"
"任领军将军","0","4","4"
"赏赐鼓吹乐","0","4","4"
"赐鼓吹乐一","0","4","4"
"被任命为中","0","4","4"
"战功被封为","0","4","4"
"讨伐欧阳纥","0","4","4"
"侯景的军队","0","4","4"
"天子下诏书","0","4","4"
"赏赐的鼓吹","0","4","4"
"赐的鼓吹乐","0","4","4"
"为和戎将军","0","4","4"
"束衡州刺史","0","4","4"
"任尚书金部","0","4","4"
"朝秘书郎起","0","4","4"
"进入朝廷任","0","4","4"
"升任太子洗","0","4","4"
"升任给事黄","0","4","4"
"升任左仆射","0","4","4"
"第十二个儿","0","4","4"
"任司徒左长","0","4","4"
"敬帝秉承皇","0","4","4"
"的风度仪表","0","4","4"
"任五兵尚书","0","4","4"
"升任尚书右","0","4","4"
"当时年纪六","0","4","4"
"时年纪六十","0","4","4"
"升任太子舍","0","4","4"
"归顺的道理","0","4","4"
"选拔人才的","0","4","4"
"务都依旧担","0","4","4"
"仆射到仲举","0","4","4"
"不久任命为","0","4","4"
"兼任散骑常","0","4","4"
"治中从事史","0","4","4"
"任外兵参军","0","4","4"
"理江州政事","0","4","4"
"理束扬州政","0","4","4"
"束扬州政事","0","4","4"
"接着任命为","0","4","4"
"军的职务依","0","4","4"
"法曹参军起","0","4","4"
"曹参军起家","0","4","4"
"元帝征召他","0","4","4"
"件事十分明","0","4","4"
"事十分明显","0","4","4"
"邑和以前的","0","4","4"
"镇守南徐州","0","4","4"
"任命为中卫","0","4","4"
"侍中职务依","0","4","4"
"中职务依旧","0","4","4"
"兼国子祭酒","0","4","4"
"任国子博士","0","4","4"
"改任吏部尚","0","4","4"
"为南徐州刺","0","4","4"
"兼束宫管记","0","4","4"
"改任使持节","0","4","4"
"任太中大夫","0","4","4"
"武林侯萧谘","2","1","3"
"子雄弟子略","3","0","3"
"侯景寇京师","3","0","3"
"高祖遣杜僧","3","0","3"
"祖遣杜僧明","3","0","3"
"李迁仕大皋","3","0","3"
"授高祖使持","2","1","3"
"齐送贞阳侯","2","1","3"
"侯安都水军","3","0","3"
"新州刺史华","2","1","3"
"封义兴郡公","2","1","3"
"安都率众讨","3","0","3"
"临太极前殿","2","1","3"
"孤独能存者","3","0","3"
"昙朗袭封南","2","1","3"
"朗袭封南康","2","1","3"
"年春正月乙","2","1","3"
"将军徐世谱","2","1","3"
"史吴明彻进","2","1","3"
"史欧阳頠进","3","0","3"
"欧阳頠进号","3","0","3"
"舆驾亲祠明","3","0","3"
"驾亲祠明堂","3","0","3"
"州刺史沈泰","1","2","3"
"总督水步众","2","1","3"
"督水步众军","2","1","3"
"梁永嘉王萧","3","0","3"
"将军徐度率","2","1","3"
"秋七月戊戌","2","1","3"
"刺史周文育","2","1","3"
"同三司侯安","1","2","3"
"三司侯安都","1","2","3"
"长女永世公","2","1","3"
"女永世公主","2","1","3"
"仪同三司周","2","1","3"
"遣中书舍人","2","1","3"
"仪同侯安都","2","1","3"
"群臣上谥曰","3","0","3"
"陈吏部尚书","2","1","3"
"扬州刺史张","2","1","3"
"州刺史张彪","2","1","3"
"永定三年六","2","1","3"
"定三年六月","2","1","3"
"皇帝位太极","3","0","3"
"帝位太极前","3","0","3"
"位太极前殿","3","0","3"
"州刺史留异","2","1","3"
"刺史鲁悉达","1","2","3"
"奉昭烈王后","2","1","3"
"王公下赐帛","3","0","3"
"公下赐帛差","3","0","3"
"郢州刺史孙","2","1","3"
"分衡州始兴","3","0","3"
"秋七月丙午","2","1","3"
"赐民爵一级","2","1","3"
"明彻安南将","3","0","3"
"彻安南将军","3","0","3"
"史始兴王伯","3","0","3"
"文武赐帛差","3","0","3"
"田父后者赐","3","0","3"
"益州刺史余","2","1","3"
"将军周铁虎","2","1","3"
"十一月乙亥","2","1","3"
"十二月甲子","2","1","3"
"春正月癸酉","2","1","3"
"进号车骑将","3","0","3"
"父后者爵一","2","1","3"
"后者爵一级","2","1","3"
"周将长胡公","2","1","3"
"史安成王顼","3","0","3"
"罗国遣使献","3","0","3"
"高宗迁关右","3","0","3"
"徐东扬南豫","1","2","3"
"进号骠骑将","2","1","3"
"号骠骑将军","2","1","3"
"州刺史康乐","2","1","3"
"改封豫章王","2","1","3"
"舆驾亲耕藉","3","0","3"
"驾亲耕藉田","3","0","3"
"克东西二城","2","1","3"
"高栅等六城","2","1","3"
"三司黄法抃","3","0","3"
"徐州刺史鄱","3","0","3"
"刺史淳量中","3","0","3"
"将军庐陵王","2","1","3"
"任忠都督寿","1","2","3"
"进号宁远将","2","1","3"
"号宁远将军","2","1","3"
"对清口筑城","2","1","3"
"仆射陆缮尚","3","0","3"
"射陆缮尚书","3","0","3"
"军萧摩诃率","1","2","3"
"王延贵率众","2","1","3"
"新除中护军","3","0","3"
"吴兴乌程人","2","1","3"
"人刘师知等","2","1","3"
"乐安君吴氏","2","1","3"
"迁度支尚书","3","0","3"
"州刺史新渝","2","1","3"
"刺史新渝侯","2","1","3"
"史新渝侯萧","2","1","3"
"高祖入援京","3","0","3"
"文育杜僧明","3","0","3"
"新吴洞主余","2","1","3"
"吴洞主余孝","2","1","3"
"洞主余孝顷","2","1","3"
"时年五十一","3","0","3"
"文育熊昙朗","3","0","3"
"育熊昙朗所","3","0","3"
"熊昙朗所害","3","0","3"
"号仁威将军","2","1","3"
"天康元年卒","3","0","3"
"周文育西讨","2","1","3"
"文育西讨王","2","1","3"
"育西讨王琳","2","1","3"
"官员外散骑","2","1","3"
"天嘉元年二","2","1","3"
"嘉元年二月","2","1","3"
"昭达乘平虏","2","1","3"
"达乘平虏大","2","1","3"
"乘平虏大舰","2","1","3"
"功授使持节","2","1","3"
"庐陵王萧续","1","2","3"
"十九州诸军","2","1","3"
"九州诸军事","2","1","3"
"大将尉破胡","2","1","3"
"邑前二千五","3","0","3"
"前二千五百","3","0","3"
"时年四十九","3","0","3"
"迁太子左卫","3","0","3"
"南豫州缘江","2","1","3"
"豫州缘江诸","2","1","3"
"进号安西将","3","0","3"
"时年五十五","3","0","3"
"惠始兴王府","2","1","3"
"东府中兵参","2","1","3"
"信义太守余","2","1","3"
"义太守余孝","2","1","3"
"太守余孝顷","2","1","3"
"余孝顷海道","3","0","3"
"海道袭晋安","3","0","3"
"转府谘议参","2","1","3"
"随都督章昭","2","1","3"
"都督谯州诸","2","1","3"
"督谯州诸军","2","1","3"
"谯州诸军事","2","1","3"
"授平南将军","2","1","3"
"北徐六州诸","2","1","3"
"徐六州诸军","2","1","3"
"元帝荆州刺","3","0","3"
"帝荆州刺史","3","0","3"
"等四州诸军","2","1","3"
"定四州诸军","2","1","3"
"加左光禄大","2","1","3"
"扬州议曹事","3","0","3"
"世祖吴兴太","3","0","3"
"祖吴兴太守","3","0","3"
"进号平西将","2","1","3"
"号平西将军","2","1","3"
"高祖镇硃方","3","0","3"
"迁镇右将军","3","0","3"
"迁太子中舍","3","0","3"
"侯安都等共","2","1","3"
"安九郡诸军","2","1","3"
"改授散骑常","3","0","3"
"义阳二郡太","2","1","3"
"阳二郡太守","2","1","3"
"元帝授持节","3","0","3"
"世祖遣都督","3","0","3"
"督章昭达征","2","1","3"
"陵王行参军","2","1","3"
"随吴明彻北","2","1","3"
"武昌二郡太","2","1","3"
"昌二郡太守","2","1","3"
"授员外散骑","2","1","3"
"历阳王高景","2","1","3"
"阳王高景安","2","1","3"
"豫章文献王","2","1","3"
"梁简文东宫","3","0","3"
"封南康郡王","3","0","3"
"丞徐君敷奏","2","1","3"
"封临汝县侯","2","1","3"
"州刺史郑万","2","1","3"
"西衡州刺史","2","1","3"
"钟陵县开国","2","1","3"
"陵县开国侯","2","1","3"
"除轻车将军","2","1","3"
"本官监南徐","2","1","3"
"官监南徐州","2","1","3"
"授散骑侍郎","1","2","3"
"时年四十二","3","0","3"
"授中书侍郎","3","0","3"
"梁尚书左民","2","1","3"
"豫章王长史","2","1","3"
"征南鄱阳王","1","2","3"
"南鄱阳王谘","1","2","3"
"梁昭明太子","3","0","3"
"梓宫祔山陵","3","0","3"
"迁左光禄大","3","0","3"
"授尚书右仆","3","0","3"
"征事黄门侍","3","0","3"
"迁都官尚书","3","0","3"
"迁尚书左仆","3","0","3"
"时年五十六","2","1","3"
"御史中丞刘","2","1","3"
"宁远始兴王","2","1","3"
"远始兴王府","2","1","3"
"豫章二郡太","2","1","3"
"章二郡太守","2","1","3"
"行东扬州事","3","0","3"
"镇东始兴王","2","1","3"
"东始兴王长","2","1","3"
"赠右卫将军","2","1","3"
"除晋安太守","2","1","3"
"太建二年卒","3","0","3"
"高祖南徐州","3","0","3"
"祖南徐州刺","3","0","3"
"吴郡太守袁","1","2","3"
"郡太守袁君","1","2","3"
"太守袁君正","1","2","3"
"征中书侍郎","3","0","3"
"二州大中正","3","0","3"
"加贞威将军","2","1","3"
"王录事参军","2","1","3"
"建十三年卒","3","0","3"
"褐著作佐郎","3","0","3"
"桃支岭岩下","1","2","3"
"前上虞县令","1","2","3"
"上虞县令陆","1","2","3"
"新州刺史资","1","2","3"
"功授散骑常","2","1","3"
"巴山太守黄","2","1","3"
"山太守黄法","2","1","3"
"中郎湘东王","2","1","3"
"录事谘议参","1","2","3"
"事谘议参军","1","2","3"
"高祖镇南徐","3","0","3"
"祖镇南徐州","3","0","3"
"军宣城王府","2","1","3"
"中卫西昌侯","2","1","3"
"女皇太子妃","3","0","3"
"东王行参军","2","1","3"
"镇西湘东王","2","1","3"
"湘东王外兵","2","1","3"
"丹阳尹何敬","2","1","3"
"阳尹何敬容","2","1","3"
"都官尚书王","1","2","3"
"迁黄门侍郎","3","0","3"
"中卫豫章王","2","1","3"
"王咨议参军","3","0","3"
"授左民尚书","2","1","3"
"汝南安城人","2","1","3"
"梁太学博士","3","0","3"
"迁国子博士","3","0","3"
"黄门侍郎王","1","2","3"
"时年七十三","3","0","3"
"湘五州诸军","2","1","3"
"州刺史湘东","2","1","3"
"太尉王僧辩","2","1","3"
"迁贞威将军","2","1","3"
"转太子舍人","2","1","3"
"仆射范阳张","2","1","3"
"师受菩萨戒","3","0","3"
"钟山明庆寺","2","1","3"
"山明庆寺尚","2","1","3"
"明庆寺尚禅","2","1","3"
"庆寺尚禅师","2","1","3"
"尚书八座奏","3","0","3"
"书八座奏曰","3","0","3"
"南琅邪彭城","1","2","3"
"琅邪彭城二","1","2","3"
"邪彭城二郡","1","2","3"
"进号中卫将","2","1","3"
"号中卫将军","2","1","3"
"荆州刺史陈","2","1","3"
"州刺史陈纪","2","1","3"
"淮南王叔彪","2","1","3"
"始兴王叔重","2","1","3"
"寻阳王叔俨","2","1","3"
"左右数十人","2","1","3"
"义阳王叔达","2","1","3"
"寻仁武将军","3","0","3"
"巴山王叔雄","2","1","3"
"武昌王叔虞","2","1","3"
"湘东王叔平","2","1","3"
"临贺王叔敖","2","1","3"
"阳山王叔宣","2","1","3"
"西阳王叔穆","2","1","3"
"南安王叔俭","2","1","3"
"南郡王叔澄","2","1","3"
"沅陵王叔兴","2","1","3"
"岳山王叔韶","2","1","3"
"新兴王叔纯","2","1","3"
"临江王叔显","2","1","3"
"新会王叔坦","2","1","3"
"太原王叔匡","2","1","3"
"奠先圣先师","1","2","3"
"彭城二郡太","2","1","3"
"城二郡太守","2","1","3"
"合州刺史陈","1","2","3"
"除散骑侍郎","3","0","3"
"东临川王府","2","1","3"
"护军将军樊","2","1","3"
"军将军樊毅","2","1","3"
"广陵楚子城","2","1","3"
"都督北讨前","2","1","3"
"督北讨前军","2","1","3"
"都督荆信二","1","2","3"
"督荆信二州","1","2","3"
"荆信二州诸","1","2","3"
"贺若弼进军","1","2","3"
"若弼进军钟","1","2","3"
"陵王记室参","2","1","3"
"开皇十三年","1","2","3"
"甘露降乐游","2","1","3"
"露降乐游苑","2","1","3"
"限外谘议参","1","2","3"
"外谘议参军","1","2","3"
"刺史新建县","2","1","3"
"前安成内史","2","1","3"
"庐陵太守陆","2","1","3"
"陵太守陆子","2","1","3"
"安成内史阙","2","1","3"
"成内史阙慎","2","1","3"
"城太守钱肃","2","1","3"
"陈宝应父子","1","2","3"
"吴州刺史鲁","1","2","3"
"禄大夫王冲","2","1","3"
"夏四月甲寅","1","2","3"
"沈恪护军将","3","0","3"
"恪护军将军","3","0","3"
"徐州刺史淳","2","1","3"
"郢州刺史黄","2","1","3"
"都督荆郢巴","1","2","3"
"督荆郢巴武","1","2","3"
"荆郢巴武四","1","2","3"
"郢巴武四州","1","2","3"
"巴武四州水","1","2","3"
"十八州诸军","1","2","3"
"八州诸军事","1","2","3"
"武四州诸军","2","1","3"
"的辅佐大臣","0","3","3"
"已经很久了","0","3","3"
"他登上帝位","0","3","3"
"天赐的福禄","0","3","3"
"有办事的才","0","3","3"
"办事的才能","0","3","3"
"到如此地步","0","3","3"
"不是好办法","0","3","3"
"这是我不明","0","3","3"
"是我不明白","0","3","3"
"我不明白的","0","3","3"
"高祖派杜僧","0","3","3"
"祖派杜僧明","0","3","3"
"秉承皇上旨","0","3","3"
"承皇上旨意","0","3","3"
"命令周文育","0","3","3"
"班剑仪仗二","0","3","3"
"剑仪仗二十","0","3","3"
"仪仗二十人","0","3","3"
"九月壬寅日","0","3","3"
"命令周文言","0","3","3"
"周铁虎率领","0","3","3"
"祖派侯安都","0","3","3"
"侯安都率领","0","3","3"
"上表请求解","0","3","3"
"表请求解除","0","3","3"
"令追赠高祖","0","3","3"
"率领军队讨","0","3","3"
"领军队讨伐","0","3","3"
"讨伐平定了","0","3","3"
"伐平定了他","0","3","3"
"救动荡的局","0","3","3"
"动荡的局势","0","3","3"
"也没有什么","0","3","3"
"勤王的军队","0","3","3"
"鳏寡孤独不","0","3","3"
"寡孤独不能","0","3","3"
"被王琳拘囚","0","3","3"
"进号为安南","0","3","3"
"号为安南将","0","3","3"
"梁朝的永嘉","0","3","3"
"朝的永嘉王","0","3","3"
"的永嘉王萧","0","3","3"
"平定侯景时","0","3","3"
"兼任起部尚","0","3","3"
"原来的官职","0","3","3"
"出现了日食","0","3","3"
"部将常众爱","0","3","3"
"朝吏部尚书","0","3","3"
"青年时期就","0","3","3"
"梁太清初年","0","3","3"
"讨伐王僧辩","0","3","3"
"可大赦天下","0","3","3"
"内外文武百","0","3","3"
"外文武百官","0","3","3"
"进号为征南","0","3","3"
"为征南将军","0","3","3"
"给平南将军","0","3","3"
"孤独不能自","0","3","3"
"老人星出现","0","3","3"
"军吴明彻为","0","3","3"
"为车骑将军","0","3","3"
"派使者来通","0","3","3"
"职的文武官","0","3","3"
"亲往北郊祭","0","3","3"
"往北郊祭祀","0","3","3"
"齐派使者来","0","3","3"
"立为皇太子","0","3","3"
"朝廷内外文","0","3","3"
"廷内外文武","0","3","3"
"使臣敬献土","0","3","3"
"臣敬献土产","0","3","3"
"军淳于量为","0","3","3"
"淳于量为使","0","3","3"
"于量为使持","0","3","3"
"量为使持节","0","3","3"
"并先前所封","0","3","3"
"先前所封共","0","3","3"
"贡献地方特","0","3","3"
"献地方特产","0","3","3"
"听任他们回","0","3","3"
"舆驾亲往南","0","3","3"
"驾亲往南郊","0","3","3"
"亲往南郊祭","0","3","3"
"往南郊祭祀","0","3","3"
"为束中郎将","0","3","3"
"吴明彻攻克","0","3","3"
"任命尚书右","0","3","3"
"命尚书右仆","0","3","3"
"吴明彻在吕","0","3","3"
"明彻在吕梁","0","3","3"
"为尚书左仆","0","3","3"
"号为平北将","0","3","3"
"为湘州刺史","0","3","3"
"进号为平南","0","3","3"
"号为平南将","0","3","3"
"同三司淳于","0","3","3"
"三司淳于量","0","3","3"
"司淳于量为","0","3","3"
"为宁远将军","0","3","3"
"望天下大治","0","3","3"
"任镇右将军","0","3","3"
"为军师将军","0","3","3"
"史淳于量为","0","3","3"
"新任中护军","0","3","3"
"皇后的母亲","0","3","3"
"的容貌仪表","0","3","3"
"高祖登上帝","0","3","3"
"祖登上帝位","0","3","3"
"被立为皇后","0","3","3"
"追赠皇后的","0","3","3"
"事情记载在","0","3","3"
"任命为驸马","0","3","3"
"命为驸马都","0","3","3"
"为度支尚书","0","3","3"
"后主在束宫","0","3","3"
"爵位晋升为","0","3","3"
"事情被发觉","0","3","3"
"率领军队来","0","3","3"
"推心置腹地","0","3","3"
"天康元年去","0","3","3"
"康元年去世","0","3","3"
"元帝任命他","0","3","3"
"率领自己的","0","3","3"
"领自己的部","0","3","3"
"衡阳献王陈","0","3","3"
"阳献王陈昌","0","3","3"
"缴获了他的","0","3","3"
"获了他的全","0","3","3"
"任南徐州刺","0","3","3"
"为超武将军","0","3","3"
"侯景围攻台","0","3","3"
"他的妻子儿","0","3","3"
"任命侯瑱为","0","3","3"
"僧辩讨伐侯","0","3","3"
"辩讨伐侯景","0","3","3"
"王僧辩派侯","0","3","3"
"僧辩派侯瑱","0","3","3"
"率领所部人","0","3","3"
"侯瑱为都督","0","3","3"
"王琳的军队","0","3","3"
"京城陷落后","0","3","3"
"又任命他为","0","3","3"
"不久又任命","0","3","3"
"为前军都督","0","3","3"
"的儿子欧阳","0","3","3"
"儿子欧阳纥","0","3","3"
"任衡州刺史","0","3","3"
"北周派大将","0","3","3"
"不久又被任","0","3","3"
"他为开府仪","0","3","3"
"都督南兖州","0","3","3"
"吴明彻进军","0","3","3"
"担任散骑常","0","3","3"
"勾引齐寇渡","0","3","3"
"随从周文育","0","3","3"
"梁元帝在荆","0","3","3"
"诛杀王僧辩","0","3","3"
"的共一千五","0","3","3"
"与侯安都等","0","3","3"
"任太子左卫","0","3","3"
"督郢巴武三","0","3","3"
"郢巴武三州","0","3","3"
"巴武三州诸","0","3","3"
"号为云麾将","0","3","3"
"程文季率领","0","3","3"
"封为重安县","0","3","3"
"赐予的共二","0","3","3"
"予的共二千","0","3","3"
"的共二千户","0","3","3"
"世担继承帝","0","3","3"
"担继承帝位","0","3","3"
"为贞毅将军","0","3","3"
"有战功加任","0","3","3"
"加任通直散","0","3","3"
"为武毅将军","0","3","3"
"他还没有赴","0","3","3"
"子征召为中","0","3","3"
"为中卫大将","0","3","3"
"升官号为征","0","3","3"
"提升爵位为","0","3","3"
"这些封赏仍","0","3","3"
"些封赏仍旧","0","3","3"
"追赠为侍中","0","3","3"
"任荆州刺史","0","3","3"
"为有战功被","0","3","3"
"任命他为持","0","3","3"
"命他为持节","0","3","3"
"被任命为侍","0","3","3"
"的封赏仍旧","0","3","3"
"年七十二岁","0","3","3"
"州议曹从事","0","3","3"
"梁朝大同年","0","3","3"
"多次派遣使","0","3","3"
"次派遣使者","0","3","3"
"官号为车骑","0","3","3"
"侯安都征讨","0","3","3"
"升任员外散","0","3","3"
"为信武将军","0","3","3"
"廷担任侍中","0","3","3"
"被任命为贞","0","3","3"
"随从吴明彻","0","3","3"
"父亲去世服","0","3","3"
"为太子右卫","0","3","3"
"不久又恢复","0","3","3"
"侯景之乱平","0","3","3"
"景之乱平定","0","3","3"
"平定侯景后","0","3","3"
"为吴兴太守","0","3","3"
"越过东兴岭","0","3","3"
"召他入朝担","0","3","3"
"他入朝担任","0","3","3"
"升任护军将","0","3","3"
"侯景的将领","0","3","3"
"童任命他为","0","3","3"
"为安右将军","0","3","3"
"弟弟周方兴","0","3","3"
"子下诏书任","0","3","3"
"下诏书任命","0","3","3"
"的鼓吹乐仍","0","3","3"
"鼓吹乐仍旧","0","3","3"
"世祖派都督","0","3","3"
"的第六个儿","0","3","3"
"元帝封他为","0","3","3"
"被御史中丞","0","3","3"
"以王的身份","0","3","3"
"领始兴内史","0","3","3"
"增邑到二千","0","3","3"
"邑到二千户","0","3","3"
"派他的将领","0","3","3"
"改任给事黄","0","3","3"
"改任右卫将","0","3","3"
"领前军将军","0","3","3"
"北周将领梁","0","3","3"
"周将领梁士","0","3","3"
"将领梁士彦","0","3","3"
"改任员外散","0","3","3"
"死于官任上","0","3","3"
"家庭世代为","0","3","3"
"朝廷大臣们","0","3","3"
"棺材拊于山","0","3","3"
"材拊于山陵","0","3","3"
"灵位筵席拊","0","3","3"
"位筵席拊于","0","3","3"
"筵席拊于宗","0","3","3"
"席拊于宗庙","0","3","3"
"兼尚书右丞","0","3","3"
"连续升任太","0","3","3"
"职依然担任","0","3","3"
"帝外甥的资","0","3","3"
"外甥的资格","0","3","3"
"监理吴郡政","0","3","3"
"理吴郡政事","0","3","3"
"的职务依然","0","3","3"
"职务依然担","0","3","3"
"务依然担任","0","3","3"
"第四个儿子","0","3","3"
"升任左光禄","0","3","3"
"职依旧担任","0","3","3"
"的第十二个","0","3","3"
"本来的官衔","0","3","3"
"王通的弟弟","0","3","3"
"为太子洗马","0","3","3"
"廷任命为给","0","3","3"
"任命他为太","0","3","3"
"的职务都依","0","3","3"
"为仁武将军","0","3","3"
"上书朝廷请","0","3","3"
"书朝廷请求","0","3","3"
"升任太常卿","0","3","3"
"出任梁朝秘","0","3","3"
"拔人才的事","0","3","3"
"人才的事务","0","3","3"
"升任都官尚","0","3","3"
"娶帝王之女","0","3","3"
"请求解除职","0","3","3"
"求解除职务","0","3","3"
"理郡中政事","0","3","3"
"光大元年去","0","3","3"
"大元年去世","0","3","3"
"任太子中舍","0","3","3"
"乱被平定后","0","3","3"
"年五十八岁","0","3","3"
"泛地涉猎文","0","3","3"
"地涉猎文史","0","3","3"
"涉猎文史知","0","3","3"
"猎文史知识","0","3","3"
"将军的官衔","0","3","3"
"监理江州政","0","3","3"
"管理束扬州","0","3","3"
"侯安都讨伐","0","3","3"
"安都讨伐留","0","3","3"
"都讨伐留异","0","3","3"
"留异被平定","0","3","3"
"任用王质为","0","3","3"
"建二年去世","0","3","3"
"有才识和度","0","3","3"
"才识和度量","0","3","3"
"任梁朝邵陵","0","3","3"
"他为中书侍","0","3","3"
"为轻车将军","0","3","3"
"有志向操守","0","3","3"
"因为母亲年","0","3","3"
"为母亲年老","0","3","3"
"升任御史中","0","3","3"
"谧号叫做恭","0","3","3"
"脱去平民布","0","3","3"
"去平民布衣","0","3","3"
"接着领大著","0","3","3"
"着领大著作","0","3","3"
"都没有就任","0","3","3"
"文帝继承帝","0","3","3"
"当时人认为","0","3","3"
"年纪几岁时","0","3","3"
"会稽太守时","0","3","3"
"张彪的部将","0","3","3"
"现在的君主","0","3","3"
"这件事十分","0","3","3"
"下诏令任用","0","3","3"
"于是任命为","0","3","3"
"任用到仲举","0","3","3"
"用到仲举为","0","3","3"
"地位低微的","0","3","3"
"任巴陵内史","0","3","3"
"知道他没有","0","3","3"
"举止宽容含","0","3","3"
"止宽容含蓄","0","3","3"
"贞阳侯僭越","0","3","3"
"阳侯僭越登","0","3","3"
"任中军宣城","0","3","3"
"用为贞威将","0","3","3"
"陈实应被平","0","3","3"
"实应被平定","0","3","3"
"为五兵尚书","0","3","3"
"任命为智武","0","3","3"
"命为智武将","0","3","3"
"公事被免职","0","3","3"
"个州的大中","0","3","3"
"州的大中正","0","3","3"
"为金紫光禄","0","3","3"
"为当时的人","0","3","3"
"年纪七十岁","0","3","3"
"因母亲去世","0","3","3"
"年纪六十三","0","3","3"
"纪六十三岁","0","3","3"
"领扬州大中","0","3","3"
"重新任命为","0","3","3"
"为中卫始兴","0","3","3"
"为世人所知","0","3","3"
"和以前的一","0","3","3"
"以前的一共","0","3","3"
"梁朝太清末","0","3","3"
"朝太清末年","0","3","3"
"任信威将军","0","3","3"
"任命为尚书","0","3","3"
"坚决辞谢不","0","3","3"
"决辞谢不肯","0","3","3"
"辞谢不肯就","0","3","3"
"父亲的风度","0","3","3"
"梁朝的太学","0","3","3"
"朝的太学博","0","3","3"
"的太学博士","0","3","3"
"服丧期满后","0","3","3"
"多久又被任","0","3","3"
"兼散骑常侍","0","3","3"
"部尚书蔡征","0","3","3"
"因公事免职","0","3","3"
"不久起用为","0","3","3"
"兼东宫学士","0","3","3"
"第七个儿子","0","3","3"
"的第二个儿","0","3","3"
"尚书八座上","0","3","3"
"书八座上奏","0","3","3"
"风度仪表很","0","3","3"
"度仪表很美","0","3","3"
"为中卫将军","0","3","3"
"第九个儿子","0","3","3"
"世祖的第十","0","3","3"
"为江州刺史","0","3","3"
"任国子祭酒","0","3","3"
"少年时聪敏","0","3","3"
"十四个儿子","0","3","3"
"第五个儿子","0","3","3"
"少年时好学","0","3","3"
"改任御史中","0","3","3"
"朝散骑侍郎","0","3","3"
"不久兼通直","0","3","3"
"久兼通直散","0","3","3"
"对萧摩诃说","0","3","3"
"邑到一千户","0","3","3"
"中领军樊毅","0","3","3"
"汤水不入口","0","3","3"
"父亲司马子","0","3","3"
"亲司马子产","0","3","3"
"改任鄱阳王","0","3","3"
"为记室参军","0","3","3"
"改任太中大","0","3","3"
"听闻他的名","0","3","3"
"闻他的名声","0","3","3"
"朝散骑常侍","0","3","3"
"刺史沈恪为","0","3","3"
"鄱阳王陈伯","0","3","3"
"阳王陈伯山","0","3","3"
"沈恪为护军","0","3","3"
"恪为护军将","0","3","3"
"进号为车骑","0","3","3"
"周文育率兵","1","1","2"
"者赐爵二级","2","0","2"
"吴兴长城下","1","1","2"
"兴长城下若","1","1","2"
"长城下若里","1","1","2"
"城下若里人","1","1","2"
"康生盱眙太","1","1","2"
"生盱眙太守","1","1","2"
"英生尚书郎","1","1","2"
"公弼生步兵","1","1","2"
"弼生步兵校","1","1","2"
"生步兵校尉","1","1","2"
"鼎生散骑侍","1","1","2"
"生散骑侍郎","1","1","2"
"咏生安成太","1","1","2"
"生安成太守","1","1","2"
"猛生太常卿","1","1","2"
"道巨生皇考","1","1","2"
"梁天监二年","1","1","2"
"天监二年癸","1","1","2"
"监二年癸未","1","1","2"
"二年癸未岁","1","1","2"
"少倜傥大志","2","0","2"
"新喻侯萧映","1","1","2"
"遣高州刺史","2","0","2"
"高州刺史孙","2","0","2"
"州刺史孙冏","2","0","2"
"主帅杜天合","1","1","2"
"率精兵三千","1","1","2"
"授直阁将军","2","0","2"
"十一年六月","1","1","2"
"德州刺史陈","1","1","2"
"州刺史陈文","1","1","2"
"刺史陈文戒","1","1","2"
"广州刺史元","1","1","2"
"州刺史元景","1","1","2"
"刺史元景仲","1","1","2"
"成州刺史王","1","1","2"
"州刺史王怀","1","1","2"
"刺史王怀明","1","1","2"
"行台选郎殷","1","1","2"
"台选郎殷外","1","1","2"
"选郎殷外臣","1","1","2"
"郎殷外臣等","1","1","2"
"时临贺内史","1","1","2"
"临贺内史欧","1","1","2"
"贺内史欧阳","1","1","2"
"高祖员外散","1","1","2"
"祖员外散骑","1","1","2"
"改封南野县","1","1","2"
"封南野县伯","1","1","2"
"史李迁仕大","2","0","2"
"主帅杜平虏","1","1","2"
"帅杜平虏率","1","1","2"
"周文育将兵","2","0","2"
"改封长城县","1","1","2"
"封长城县侯","1","1","2"
"都督六郡诸","1","1","2"
"督六郡诸军","1","1","2"
"六郡诸军事","1","1","2"
"时宁都人刘","1","1","2"
"宁都人刘蔼","1","1","2"
"都人刘蔼等","1","1","2"
"人刘蔼等资","1","1","2"
"承制命高祖","2","0","2"
"命高祖进兵","1","1","2"
"授江州刺史","1","1","2"
"高祖发南康","2","0","2"
"进军顿西昌","2","0","2"
"将军王僧辩","1","1","2"
"军粮五十万","1","1","2"
"粮五十万石","1","1","2"
"长史沈衮奉","1","1","2"
"史沈衮奉表","1","1","2"
"表江陵劝进","2","0","2"
"制授高祖使","2","0","2"
"都督会稽东","1","1","2"
"督会稽东阳","1","1","2"
"会稽东阳新","1","1","2"
"稽东阳新安","1","1","2"
"东阳新安临","1","1","2"
"阳新安临海","1","1","2"
"新安临海永","1","1","2"
"安临海永嘉","1","1","2"
"临海永嘉五","1","1","2"
"海永嘉五郡","1","1","2"
"永嘉五郡诸","1","1","2"
"嘉五郡诸军","1","1","2"
"遣中记室参","1","1","2"
"记室参军江","1","1","2"
"室参军江元","1","1","2"
"参军江元礼","1","1","2"
"城主张黑弃","1","1","2"
"主张黑弃城","1","1","2"
"石头城西横","1","1","2"
"仪同卢辉略","1","1","2"
"同卢辉略开","1","1","2"
"记室参军刘","1","1","2"
"室参军刘本","1","1","2"
"参军刘本仁","1","1","2"
"刺史温仲邕","1","1","2"
"奉晋安王上","1","1","2"
"晋安王上表","1","1","2"
"安王上表劝","1","1","2"
"义兴太守韦","1","1","2"
"兴太守韦载","1","1","2"
"高州刺史侯","1","1","2"
"石州刺史杜","1","1","2"
"州刺史杜棱","1","1","2"
"秦州刺史徐","1","1","2"
"州刺史徐嗣","1","1","2"
"刺史徐嗣徽","1","1","2"
"州刺史任约","1","1","2"
"十一月己卯","1","1","2"
"合州刺史徐","1","1","2"
"安州刺史翟","1","1","2"
"州刺史翟子","1","1","2"
"刺史翟子崇","1","1","2"
"楚州刺史刘","1","1","2"
"州刺史刘仕","1","1","2"
"刺史刘仕荣","1","1","2"
"淮州刺史柳","1","1","2"
"州刺史柳达","1","1","2"
"刺史柳达摩","1","1","2"
"遣侯安都水","2","0","2"
"水军夜袭胡","1","1","2"
"军夜袭胡墅","1","1","2"
"西明门袭击","1","1","2"
"十二月癸丑","1","1","2"
"十一月丙戌","1","1","2"
"州长史乌丸","1","1","2"
"长史乌丸远","1","1","2"
"黄门侍郎曹","1","1","2"
"门侍郎曹朗","1","1","2"
"二年正月癸","1","1","2"
"年正月癸未","1","1","2"
"司马沈孝敦","1","1","2"
"宁远石城公","1","1","2"
"远石城公外","1","1","2"
"石城公外兵","1","1","2"
"城公外兵参","1","1","2"
"公外兵参军","1","1","2"
"外兵参军王","1","1","2"
"兵参军王位","1","1","2"
"高祖表送台","2","0","2"
"水军仪同萧","1","1","2"
"军仪同萧轨","1","1","2"
"东广州刺史","1","1","2"
"广州刺史独","1","1","2"
"州刺史独孤","1","1","2"
"刺史独孤辟","1","1","2"
"史独孤辟恶","1","1","2"
"洛州刺史李","1","1","2"
"州刺史李希","1","1","2"
"刺史李希光","1","1","2"
"帐内荡主黄","1","1","2"
"内荡主黄丛","1","1","2"
"吴郡太守裴","1","1","2"
"郡太守裴忌","1","1","2"
"大司马门外","1","1","2"
"司马门外白","1","1","2"
"马门外白虎","1","1","2"
"门外白虎阙","1","1","2"
"外白虎阙下","1","1","2"
"行台赵彦深","1","1","2"
"授高祖中书","1","1","2"
"高祖中书监","1","1","2"
"增邑前五千","2","0","2"
"邑前五千户","2","0","2"
"油幢皁轮车","2","0","2"
"州刺史华志","1","1","2"
"中散大夫王","1","1","2"
"散大夫王彭","1","1","2"
"二年正月壬","1","1","2"
"年正月壬寅","1","1","2"
"高祖班剑十","1","1","2"
"祖班剑十人","1","1","2"
"吴郡嘉兴县","1","1","2"
"郡嘉兴县君","1","1","2"
"义兴国太夫","1","1","2"
"兴国太夫人","1","1","2"
"江州刺史余","1","1","2"
"竹使符第一","1","1","2"
"假节侍中貂","1","1","2"
"节侍中貂蝉","1","1","2"
"中书监印章","1","1","2"
"中外都督太","1","1","2"
"外都督太傅","1","1","2"
"都督太傅印","1","1","2"
"督太傅印绶","1","1","2"
"义兴公印策","1","1","2"
"永定元年冬","1","1","2"
"皇帝臣霸先","1","1","2"
"舆驾幸钟山","2","0","2"
"驾幸钟山祠","2","0","2"
"前夫人钱氏","1","1","2"
"夫人钱氏号","1","1","2"
"西讨都督周","1","1","2"
"讨都督周文","1","1","2"
"十一月丙申","1","1","2"
"会稽太守长","1","1","2"
"稽太守长城","1","1","2"
"太守长城县","1","1","2"
"守长城县侯","1","1","2"
"子梁中书侍","2","0","2"
"梁中书侍郎","2","0","2"
"顼袭封始兴","1","1","2"
"袭封始兴王","1","1","2"
"中书侍郎昙","1","1","2"
"书侍郎昙朗","1","1","2"
"侍郎昙朗袭","1","1","2"
"郎昙朗袭封","1","1","2"
"袭封南康王","1","1","2"
"徐州刺史昌","1","1","2"
"州刺史昌义","1","1","2"
"左卫将军徐","1","1","2"
"卫将军徐世","1","1","2"
"州郡县军戍","1","1","2"
"梁州刺史张","1","1","2"
"州刺史张立","1","1","2"
"豫州刺史沈","1","1","2"
"诏车骑将军","1","1","2"
"王琳立梁永","2","0","2"
"琳立梁永嘉","2","0","2"
"立梁永嘉王","2","0","2"
"嘉王萧庄郢","2","0","2"
"王萧庄郢州","2","0","2"
"司空监护丧","1","1","2"
"空监护丧事","1","1","2"
"舆驾幸石头","2","0","2"
"舆驾幸大庄","2","0","2"
"长四丈五尺","1","1","2"
"监军邹子度","1","1","2"
"中书令沈众","1","1","2"
"少府卿蔡俦","1","1","2"
"诏临川王蒨","2","0","2"
"前开府仪同","1","1","2"
"前镇北将军","1","1","2"
"司侯安都等","1","1","2"
"改南徐州所","1","1","2"
"冬十月庚午","2","0","2"
"遣镇南将军","1","1","2"
"同三司周文","1","1","2"
"十二月庚申","1","1","2"
"将军临川王","1","1","2"
"幸大庄严寺","2","0","2"
"闰四月庚寅","1","1","2"
"置西省学士","1","1","2"
"遣镇北将军","1","1","2"
"镇北将军徐","1","1","2"
"北将军徐度","1","1","2"
"曹庆率兵援","1","1","2"
"左仆射王通","1","1","2"
"中书令谢哲","1","1","2"
"太极殿西阶","1","1","2"
"景遣使收世","2","0","2"
"遣使收世祖","2","0","2"
"高祖北征广","1","1","2"
"祖北征广陵","1","1","2"
"高祖将讨王","2","0","2"
"祖将讨王僧","2","0","2"
"将讨王僧辩","2","0","2"
"时僧辩女婿","2","0","2"
"僧辩女婿杜","2","0","2"
"辩女婿杜龛","2","0","2"
"高祖密令世","1","1","2"
"祖密令世祖","1","1","2"
"令世祖长城","2","0","2"
"龛遣将杜泰","2","0","2"
"临海太守王","1","1","2"
"海太守王怀","1","1","2"
"太守王怀振","1","1","2"
"周文育轻兵","2","0","2"
"三年六月丙","1","1","2"
"年六月丙午","1","1","2"
"入居中书省","1","1","2"
"大行皇帝奄","2","0","2"
"阳頠进号征","2","0","2"
"頠进号征南","2","0","2"
"史黄法抃进","2","0","2"
"黄法抃进号","2","0","2"
"护军将军徐","1","1","2"
"军将军徐世","1","1","2"
"州刺史鲁悉","1","1","2"
"史鲁悉达进","1","1","2"
"鲁悉达进号","1","1","2"
"进号安左将","2","0","2"
"号安左将军","2","0","2"
"遣太尉侯瑱","2","0","2"
"仪同徐度率","2","0","2"
"同徐度率众","2","0","2"
"齐将刘伯球","2","0","2"
"侯瑱镇湓城","2","0","2"
"高祖第六子","2","0","2"
"州刺史孙瑒","2","0","2"
"刺史周迪平","1","1","2"
"军守鲁山城","1","1","2"
"右卫将军吴","1","1","2"
"卫将军吴明","1","1","2"
"军吴明彻安","2","0","2"
"夏四月丁亥","1","1","2"
"伯信衡阳王","2","0","2"
"兴昭烈王妃","1","1","2"
"秋七月甲寅","1","1","2"
"新安太守陆","1","1","2"
"安太守陆山","1","1","2"
"太守陆山才","1","1","2"
"书中兵郎王","1","1","2"
"贺若敦率马","2","0","2"
"若敦率马步","2","0","2"
"武州刺史吴","1","1","2"
"周将独孤盛","1","1","2"
"诏司空侯安","2","0","2"
"空侯安都率","2","0","2"
"十二月乙未","1","1","2"
"周巴陵城主","1","1","2"
"巴陵城主尉","1","1","2"
"陵城主尉迟","1","1","2"
"城主尉迟宪","1","1","2"
"巴州刺史侯","1","1","2"
"刺史侯安鼎","1","1","2"
"合州刺史裴","1","1","2"
"州刺史裴景","1","1","2"
"刺史裴景徽","1","1","2"
"死者十七八","2","0","2"
"仪同三司僧","1","1","2"
"同三司僧明","1","1","2"
"冬十月乙巳","1","1","2"
"吴郡太守孙","1","1","2"
"子中庶子虞","1","1","2"
"中庶子虞荔","1","1","2"
"御史中丞孔","1","1","2"
"史中丞孔奂","1","1","2"
"缙州刺史留","1","1","2"
"闰二月己酉","1","1","2"
"句骊王高汤","1","1","2"
"吴明彻安南","2","0","2"
"脱身奔晋安","2","0","2"
"中卫将军安","1","1","2"
"卫将军安成","1","1","2"
"将军安成王","1","1","2"
"安成王顼骠","2","0","2"
"成王顼骠骑","2","0","2"
"兴王伯茂镇","2","0","2"
"王伯茂镇东","2","0","2"
"徐州刺史侯","1","1","2"
"秋七月己丑","1","1","2"
"皇太子纳妃","2","0","2"
"春正月丙子","1","1","2"
"郢州刺史章","1","1","2"
"刺史华皎进","2","0","2"
"史华皎进号","2","0","2"
"史黄法抃镇","2","0","2"
"黄法抃镇北","2","0","2"
"夏四月辛丑","1","1","2"
"护军章昭达","1","1","2"
"军章昭达进","2","0","2"
"永嘉诸军东","2","0","2"
"嘉诸军东道","2","0","2"
"诸军东道会","2","0","2"
"护军将军周","1","1","2"
"军将军周铁","1","1","2"
"秋七月丁丑","1","1","2"
"疮痍未瘳者","2","0","2"
"太子加元服","2","0","2"
"秋七月癸未","1","1","2"
"冬十月辛亥","1","1","2"
"元年春二月","1","1","2"
"年春二月丙","1","1","2"
"春二月丙子","1","1","2"
"群臣三日一","1","1","2"
"梁承圣三年","1","1","2"
"承圣三年五","1","1","2"
"圣三年五月","1","1","2"
"永定二年二","1","1","2"
"定二年二月","1","1","2"
"天康元年四","1","1","2"
"康元年四月","1","1","2"
"进号安右将","2","0","2"
"光大元年春","1","1","2"
"大元年春正","1","1","2"
"书左仆射袁","1","1","2"
"左仆射袁枢","1","1","2"
"改天康二年","1","1","2"
"军将军吴明","1","1","2"
"豫州刺史余","1","1","2"
"史余孝顷谋","1","1","2"
"余孝顷谋反","1","1","2"
"书右仆射沈","1","1","2"
"右仆射沈钦","1","1","2"
"丹阳尹吴明","1","1","2"
"阳尹吴明彻","1","1","2"
"镇右将军杜","1","1","2"
"右将军杜棱","1","1","2"
"将军杜棱军","2","0","2"
"军杜棱军将","2","0","2"
"杜棱军将军","2","0","2"
"刺史华皎谋","1","1","2"
"史华皎谋反","1","1","2"
"抚大将军淳","1","1","2"
"百济国遣使","2","0","2"
"济国遣使献","2","0","2"
"拓跋定率步","2","0","2"
"跋定率步骑","2","0","2"
"定率步骑二","2","0","2"
"率步骑二万","2","0","2"
"俘获万馀人","2","0","2"
"马四千馀匹","2","0","2"
"事中郎孔英","1","1","2"
"中郎孔英哲","1","1","2"
"割东扬州晋","1","1","2"
"东扬州晋安","1","1","2"
"扬州晋安郡","1","1","2"
"祖武皇帝拨","1","1","2"
"武皇帝拨乱","1","1","2"
"皇帝拨乱反","1","1","2"
"帝拨乱反正","1","1","2"
"后宣太后依","1","1","2"
"宣太后依诏","1","1","2"
"太后依诏废","1","1","2"
"高宗孝宣皇","1","1","2"
"宗孝宣皇帝","1","1","2"
"兴昭烈王第","1","1","2"
"昭烈王第二","1","1","2"
"梁中大通二","1","1","2"
"中大通二年","1","1","2"
"大通二年七","1","1","2"
"通二年七月","1","1","2"
"二年七月辛","1","1","2"
"年七月辛酉","1","1","2"
"身长八尺三","1","1","2"
"长八尺三寸","1","1","2"
"高宗赴江陵","2","0","2"
"遥袭封始兴","1","1","2"
"袭封始兴郡","1","1","2"
"都督扬南徐","1","1","2"
"督扬南徐东","1","1","2"
"扬南徐东扬","1","1","2"
"南徐东扬南","1","1","2"
"增邑前三千","2","0","2"
"邑前三千户","2","0","2"
"太建元年春","1","1","2"
"建元年春正","1","1","2"
"人赐谷五斛","1","1","2"
"复太皇太后","1","1","2"
"皇子南中郎","1","1","2"
"子南中郎将","1","1","2"
"江州刺史康","1","1","2"
"刺史康乐侯","1","1","2"
"史康乐侯叔","1","1","2"
"康乐侯叔陵","1","1","2"
"舆驾谒太庙","2","0","2"
"皇子建安侯","1","1","2"
"明威将军周","1","1","2"
"威将军周弘","1","1","2"
"将军周弘正","1","1","2"
"夏五月甲午","1","1","2"
"吴郡太守晋","1","1","2"
"郡太守晋安","1","1","2"
"太守晋安王","1","1","2"
"安王伯恭中","2","0","2"
"遣车骑将军","1","1","2"
"同章昭达擒","1","1","2"
"临海王伯宗","1","1","2"
"祔葬万安陵","2","0","2"
"秋八月甲申","1","1","2"
"吴兴太守杜","1","1","2"
"兴太守杜棱","1","1","2"
"冬十月乙酉","1","1","2"
"夏四月壬辰","1","1","2"
"秋八月辛丑","1","1","2"
"冬十月甲申","1","1","2"
"丹丹国遣使","2","0","2"
"丹国遣使献","2","0","2"
"散骑常侍孙","1","1","2"
"锡等十五县","1","1","2"
"九月庚子朔","1","1","2"
"舆驾幸乐游","2","0","2"
"驾幸乐游苑","2","0","2"
"吴明彻都督","2","0","2"
"内外文武赐","2","0","2"
"外文武赐帛","2","0","2"
"北讨大都督","1","1","2"
"讨大都督吴","1","1","2"
"大都督吴明","1","1","2"
"督吴明彻统","1","1","2"
"北伐众军所","1","1","2"
"伐众军所杀","1","1","2"
"南谯太守徐","1","1","2"
"克庐江郡城","1","1","2"
"庐陵内史任","1","1","2"
"陵内史任忠","1","1","2"
"郢州刺史李","1","1","2"
"州刺史李综","1","1","2"
"内史程文季","1","1","2"
"宣毅司马湛","1","1","2"
"秋七月乙丑","1","1","2"
"司吴明彻进","2","0","2"
"进号征北大","2","0","2"
"号征北大将","2","0","2"
"城谷阳士民","2","0","2"
"吴明彻克寿","2","0","2"
"明彻克寿阳","2","0","2"
"戎昭将军徐","1","1","2"
"前鄱阳内史","1","1","2"
"鄱阳内史鲁","1","1","2"
"阳内史鲁天","1","1","2"
"内史鲁天念","1","1","2"
"十一月甲戌","1","1","2"
"威虏将军刘","1","1","2"
"虏将军刘桃","1","1","2"
"将军刘桃根","1","1","2"
"十二月壬辰","1","1","2"
"春正月壬戌","1","1","2"
"正月壬戌朔","1","1","2"
"扬州刺史鄱","1","1","2"
"阳王伯山征","2","0","2"
"七年春正月","1","1","2"
"春正月辛未","1","1","2"
"将军樊毅克","2","0","2"
"郡隶南兗州","2","0","2"
"夏四月丙戌","1","1","2"
"云龙门外焚","1","1","2"
"仆射王瑒尚","2","0","2"
"射王瑒尚书","2","0","2"
"秋八月壬寅","1","1","2"
"闰九月壬辰","1","1","2"
"十一月庚戌","1","1","2"
"尚书仆射王","1","1","2"
"徐陵军将军","2","0","2"
"八年春正月","1","1","2"
"广州刺史长","1","1","2"
"秋八月丁卯","1","1","2"
"十一月乙酉","1","1","2"
"沙王叔坚平","2","0","2"
"冠军将军庐","1","1","2"
"十二月丁卯","1","1","2"
"除太子詹事","2","0","2"
"九年春正月","1","1","2"
"春正月辛卯","1","1","2"
"兴王叔陵扬","2","0","2"
"王叔陵扬州","2","0","2"
"叔陵扬州刺","2","0","2"
"陵扬州刺史","2","0","2"
"夏五月丙子","1","1","2"
"绵绢丝布麦","1","1","2"
"瓦官寺重门","1","1","2"
"十二月戊申","1","1","2"
"武毅将军任","1","1","2"
"毅将军任忠","1","1","2"
"夏四月庚戌","1","1","2"
"礼乐仪服军","1","1","2"
"乐仪服军器","1","1","2"
"镇右将军新","1","1","2"
"右将军新安","1","1","2"
"八月乙丑朔","1","1","2"
"平北将军樊","1","1","2"
"北将军樊毅","1","1","2"
"将军樊毅中","2","0","2"
"冬十月戊寅","1","1","2"
"十一月辛丑","1","1","2"
"镇西将军孙","1","1","2"
"十二月乙亥","1","1","2"
"十一年春正","1","1","2"
"一年春正月","1","1","2"
"年春正月丁","1","1","2"
"春正月丁酉","1","1","2"
"夏五月乙巳","1","1","2"
"冬十月甲戌","1","1","2"
"祠部尚书晋","1","1","2"
"陆缮尚书左","2","0","2"
"缮尚书左仆","2","0","2"
"十一月辛卯","1","1","2"
"柱国梁士彦","1","1","2"
"国梁士彦率","1","1","2"
"梁士彦率众","2","0","2"
"州刺史皋文","1","1","2"
"刺史皋文奏","1","1","2"
"史皋文奏率","1","1","2"
"除仁威将军","2","0","2"
"右卫将军鲁","1","1","2"
"卫将军鲁广","1","1","2"
"军鲁广达率","1","1","2"
"广达率众入","2","0","2"
"达率众入淮","2","0","2"
"武毅将军萧","1","1","2"
"毅将军萧摩","1","1","2"
"萧摩诃率步","1","1","2"
"率步骑趣历","2","0","2"
"步骑趣历阳","2","0","2"
"十二月乙丑","1","1","2"
"十二年春正","1","1","2"
"年春正月戊","1","1","2"
"春正月戊戌","1","1","2"
"夏四月癸亥","1","1","2"
"秋八月己未","1","1","2"
"阳郡公司马","1","1","2"
"郡公司马消","1","1","2"
"公司马消难","1","1","2"
"州刺史任忠","1","1","2"
"刺史任忠率","1","1","2"
"司空司马消","1","1","2"
"空司马消难","1","1","2"
"大都督水陆","1","1","2"
"临江太守刘","1","1","2"
"江太守刘显","1","1","2"
"太守刘显光","1","1","2"
"守刘显光率","1","1","2"
"周将王延贵","1","1","2"
"将王延贵率","1","1","2"
"延贵率众援","2","0","2"
"冬十月癸丑","1","1","2"
"十一月己丑","1","1","2"
"江陵等十郡","1","1","2"
"十三年春正","1","1","2"
"春正月壬午","1","1","2"
"大将军田广","1","1","2"
"将军田广等","1","1","2"
"夏四月乙巳","1","1","2"
"始兴郡东衡","2","0","2"
"兴郡东衡州","2","0","2"
"前镇西将军","1","1","2"
"中护军樊毅","1","1","2"
"秋九月癸亥","1","1","2"
"十四年春正","1","1","2"
"春正月己酉","1","1","2"
"时年五十三","2","0","2"
"皇太子叔宝","1","1","2"
"高宗器度弘","1","1","2"
"世祖天嘉初","1","1","2"
"高祖宣皇后","1","1","2"
"祖宣皇后章","1","1","2"
"宣皇后章氏","1","1","2"
"先娶同郡钱","1","1","2"
"娶同郡钱仲","1","1","2"
"同郡钱仲方","1","1","2"
"令黜废帝临","2","0","2"
"黜废帝临海","2","0","2"
"二年三月丙","1","1","2"
"年三月丙申","1","1","2"
"时年六十五","1","1","2"
"安前中录事","1","1","2"
"前中录事参","1","1","2"
"封建城县侯","1","1","2"
"高宗扬州刺","2","0","2"
"宗扬州刺史","2","0","2"
"左右三百人","1","1","2"
"师知见高宗","1","1","2"
"知见高宗权","1","1","2"
"付廷尉治罪","1","1","2"
"诱建安人张","1","1","2"
"建安人张安","1","1","2"
"安人张安国","1","1","2"
"随世祖征伐","1","1","2"
"等九郡诸军","1","1","2"
"寻迁左仆射","2","0","2"
"寻宣惠将军","2","0","2"
"陈亡入长安","2","0","2"
"高宗柳皇后","1","1","2"
"贞阳忠武公","1","1","2"
"先娶吴兴钱","1","1","2"
"娶吴兴钱氏","1","1","2"
"兴王叔陵乱","2","0","2"
"大业十一年","1","1","2"
"仪同三司望","1","1","2"
"同三司望蔡","1","1","2"
"三司望蔡贞","1","1","2"
"司望蔡贞宪","1","1","2"
"望蔡贞宪侯","1","1","2"
"蔡贞宪侯君","1","1","2"
"贞宪侯君理","1","1","2"
"会稽穆公主","1","1","2"
"后主张贵妃","1","1","2"
"史臣侍中郑","1","1","2"
"臣侍中郑国","1","1","2"
"侍中郑国公","1","1","2"
"中郑国公魏","1","1","2"
"玉树后庭花","1","1","2"
"琼树朝朝新","1","1","2"
"交州土豪李","1","1","2"
"州土豪李贲","1","1","2"
"逐刺史萧谘","1","1","2"
"死者十六七","2","0","2"
"周文育等率","1","1","2"
"文育等率众","1","1","2"
"攻刺史萧映","1","1","2"
"僧明文育等","2","0","2"
"宁都人刘孝","1","1","2"
"都人刘孝尚","1","1","2"
"庐陵二郡军","1","1","2"
"陵二郡军事","1","1","2"
"增邑前五百","2","0","2"
"邑前五百户","2","0","2"
"高祖北围广","1","1","2"
"祖北围广陵","1","1","2"
"见太子詹事","1","1","2"
"太子詹事周","1","1","2"
"子詹事周舍","1","1","2"
"司州刺史陈","1","1","2"
"州刺史陈庆","1","1","2"
"高祖遣文育","2","0","2"
"文育侯安都","2","0","2"
"除游骑将军","2","0","2"
"封东迁县侯","1","1","2"
"景将侯子鉴","2","0","2"
"文育督众军","2","0","2"
"会稽太守张","1","1","2"
"稽太守张彪","1","1","2"
"嗣徽引齐寇","2","0","2"
"徽引齐寇渡","2","0","2"
"加平西将军","1","1","2"
"主余孝顷举","2","0","2"
"余孝顷举兵","2","0","2"
"孝顷举兵应","2","0","2"
"遣军主焦僧","1","1","2"
"军主焦僧度","1","1","2"
"严威将军周","1","1","2"
"威将军周铁","1","1","2"
"史陆山才袭","1","1","2"
"军主夏侯明","1","1","2"
"主夏侯明彻","1","1","2"
"授镇南将军","2","0","2"
"交等州诸军","1","1","2"
"等州诸军事","1","1","2"
"王琳拥上流","2","0","2"
"豫章内史熊","1","1","2"
"章内史熊昙","1","1","2"
"王琳遣将曹","2","0","2"
"琳遣将曹庆","2","0","2"
"监军孙白象","1","1","2"
"军孙白象颇","1","1","2"
"孙白象颇知","1","1","2"
"诏配享高祖","2","0","2"
"加信武将军","1","1","2"
"进号仁威将","2","0","2"
"封江安县伯","1","1","2"
"赠电威将军","1","1","2"
"梁始兴内史","2","0","2"
"兴内史萧子","1","1","2"
"内史萧子范","1","1","2"
"祖入援京邑","2","0","2"
"随高祖镇京","2","0","2"
"高祖东讨杜","2","0","2"
"祖东讨杜龛","2","0","2"
"任约等引齐","2","0","2"
"开东西掖门","1","1","2"
"齐将东方老","1","1","2"
"军主张纂前","1","1","2"
"助豫州刺史","1","1","2"
"周文育讨萧","2","0","2"
"文育讨萧勃","2","0","2"
"功进号镇北","1","1","2"
"安都跃马渡","1","1","2"
"都跃马渡桥","1","1","2"
"将樊猛弃城","1","1","2"
"周文育攻余","2","0","2"
"文育攻余孝","2","0","2"
"育攻余孝劢","2","0","2"
"部下四千家","1","1","2"
"王琳下栅口","2","0","2"
"安都进军湓","1","1","2"
"都进军湓城","1","1","2"
"清远国太夫","1","1","2"
"远国太夫人","1","1","2"
"改桂阳汝城","2","0","2"
"桂阳汝城县","2","0","2"
"安都第三子","1","1","2"
"留异拥东阳","2","0","2"
"军钱塘江上","2","0","2"
"天嘉三年夏","1","1","2"
"异第二子忠","2","0","2"
"子忠臣脱身","1","1","2"
"遣驾周弘实","2","0","2"
"年十二月十","1","1","2"
"十二月十一","1","1","2"
"人蔡景历启","1","1","2"
"时年四十四","2","0","2"
"桂阳国愍世","1","1","2"
"阳国愍世子","1","1","2"
"高宗追封安","1","1","2"
"宗追封安都","1","1","2"
"阳王萧范命","1","1","2"
"轻车府中兵","1","1","2"
"车府中兵参","1","1","2"
"侯景围台城","2","0","2"
"豫章太守庄","1","1","2"
"章太守庄铁","1","1","2"
"景将宋子仙","2","0","2"
"齐遣郭元建","2","0","2"
"西魏寇荆州","2","0","2"
"都督西讨诸","1","1","2"
"督西讨诸军","1","1","2"
"西讨诸军事","1","1","2"
"大将军史宁","1","1","2"
"仪同刘伯球","1","1","2"
"同刘伯球率","1","1","2"
"定州刺史章","1","1","2"
"史章昭达乘","1","1","2"
"章昭达乘平","1","1","2"
"发拍中贼舰","2","0","2"
"牛皮冒蒙冲","1","1","2"
"皮冒蒙冲小","1","1","2"
"冒蒙冲小船","1","1","2"
"妻妾左右十","1","1","2"
"信武府中兵","1","1","2"
"武府中兵参","1","1","2"
"迁平西邵陵","2","0","2"
"西邵陵王中","1","1","2"
"邵陵王中兵","1","1","2"
"陵王中兵参","1","1","2"
"梁左卫将军","2","0","2"
"左卫将军兰","1","1","2"
"卫将军兰钦","1","1","2"
"除天门太守","2","0","2"
"刺史庐陵王","1","1","2"
"史庐陵王萧","1","1","2"
"令衡州刺史","1","1","2"
"衡州刺史韦","1","1","2"
"州刺史韦粲","1","1","2"
"刺史韦粲讨","1","1","2"
"岭南互相吞","1","1","2"
"兴内史萧绍","1","1","2"
"内史萧绍基","1","1","2"
"都督东衡州","1","1","2"
"督东衡州诸","1","1","2"
"东衡州诸军","1","1","2"
"元帝遍问朝","1","1","2"
"侍中王褒进","1","1","2"
"交州刺史袁","1","1","2"
"州刺史袁昙","1","1","2"
"刺史袁昙缓","1","1","2"
"合浦太守龚","1","1","2"
"周遣大将军","2","0","2"
"大将军贺若","1","1","2"
"将军贺若敦","1","1","2"
"军贺若敦率","1","1","2"
"授镇前将军","2","0","2"
"十人入殿省","2","0","2"
"赐女乐一部","2","0","2"
"齐遣大将尉","2","0","2"
"遣大将尉破","2","0","2"
"刺史王贵显","1","1","2"
"史王贵显保","1","1","2"
"大将军皮景","1","1","2"
"寿春三十里","1","1","2"
"谒者萧淳风","1","1","2"
"郡属南兗州","2","0","2"
"都督南北兗","2","0","2"
"明彻进军北","1","1","2"
"彻进军北伐","1","1","2"
"子戎昭将军","1","1","2"
"徐州总管梁","1","1","2"
"州总管梁士","1","1","2"
"总管梁士彦","1","1","2"
"管梁士彦率","1","1","2"
"上大将军王","1","1","2"
"马主裴子烈","1","1","2"
"封沌阳县子","1","1","2"
"随文育西征","2","0","2"
"信义太守沌","1","1","2"
"义太守沌阳","1","1","2"
"太守沌阳县","1","1","2"
"守沌阳县开","1","1","2"
"县开国侯铁","2","0","2"
"开国侯铁虎","2","0","2"
"二州刺史沌","1","1","2"
"州刺史沌阳","1","1","2"
"刺史沌阳县","1","1","2"
"史沌阳县开","1","1","2"
"北兗州刺史","2","0","2"
"封西华县侯","1","1","2"
"新安太守湘","1","1","2"
"安太守湘西","1","1","2"
"太守湘西乡","1","1","2"
"守湘西乡侯","1","1","2"
"湘西乡侯萧","1","1","2"
"西乡侯萧隐","1","1","2"
"乡侯萧隐奔","1","1","2"
"元帝荆州承","2","0","2"
"帝荆州承制","2","0","2"
"灵洗攻下新","1","1","2"
"洗攻下新安","1","1","2"
"帅吕子荣进","1","1","2"
"吕子荣进攻","1","1","2"
"子荣进攻新","1","1","2"
"荣进攻新安","1","1","2"
"冀二州诸军","1","1","2"
"助王僧辩镇","1","1","2"
"侯安都等逃","1","1","2"
"太原二郡太","1","1","2"
"原二郡太守","1","1","2"
"改封重安县","2","0","2"
"封重安县公","2","0","2"
"累迁通直散","2","0","2"
"始兴王府限","2","0","2"
"王府限内中","1","1","2"
"府限内中直","1","1","2"
"限内中直兵","1","1","2"
"内中直兵参","1","1","2"
"王扬州刺史","2","0","2"
"镇东府中兵","1","1","2"
"孝顷海道袭","2","0","2"
"顷海道袭晋","2","0","2"
"章昭达率军","1","1","2"
"巴陵内史雷","1","1","2"
"陵内史雷道","1","1","2"
"内史雷道勤","1","1","2"
"功加通直散","2","0","2"
"仁州诸军事","1","1","2"
"封重安县侯","2","0","2"
"程灵洗父子","1","1","2"
"文育进军讨","1","1","2"
"交州刺史资","1","1","2"
"封巴山县子","1","1","2"
"都督高州诸","1","1","2"
"督高州诸军","1","1","2"
"高州诸军事","1","1","2"
"王琳遣李孝","2","0","2"
"琳遣李孝钦","2","0","2"
"进号征西大","2","0","2"
"号征西大将","2","0","2"
"齐遣历阳王","2","0","2"
"遣左卫将军","2","0","2"
"将军樊毅分","1","1","2"
"军樊毅分兵","1","1","2"
"湘东王国常","1","1","2"
"东王国常侍","1","1","2"
"西中郎府中","1","1","2"
"中郎府中兵","1","1","2"
"郎府中兵参","1","1","2"
"中兵王僧辩","1","1","2"
"兵王僧辩征","1","1","2"
"武宁二郡太","1","1","2"
"宁二郡太守","1","1","2"
"侯景西上攻","1","1","2"
"封谢沐县侯","1","1","2"
"平西大将军","1","1","2"
"寻进号镇南","2","0","2"
"镇西大将军","1","1","2"
"征中抚大将","2","0","2"
"刺史华皎征","1","1","2"
"西讨大都督","1","1","2"
"公拓跋定等","1","1","2"
"王萧季卿买","1","1","2"
"萧季卿买梁","1","1","2"
"中护大将军","1","1","2"
"公事免侍中","2","0","2"
"吴明彻陷没","1","1","2"
"谯三州诸军","1","1","2"
"十四年四月","1","1","2"
"长城招聚兵","1","1","2"
"寻随侯安都","2","0","2"
"拒王琳栅口","2","0","2"
"武沅四州诸","1","1","2"
"沅四州诸军","1","1","2"
"周迪临川反","2","0","2"
"命军士伐木","2","0","2"
"封邵陵郡公","2","0","2"
"昭达都督众","2","0","2"
"达都督众军","2","0","2"
"征萧岿江陵","2","0","2"
"太仆卿李晕","1","1","2"
"仆卿李晕代","1","1","2"
"德三年四月","1","1","2"
"台军主陈景","1","1","2"
"军主陈景详","1","1","2"
"主陈景详率","1","1","2"
"陈景详率兵","1","1","2"
"景详率兵追","1","1","2"
"值梁末丧乱","1","1","2"
"武陵国侍郎","1","1","2"
"广州西江督","1","1","2"
"州西江督护","1","1","2"
"僧辩会白茅","2","0","2"
"辩会白茅湾","2","0","2"
"封汉阳县侯","1","1","2"
"齐人东方光","1","1","2"
"侯安都征王","2","0","2"
"安都征王琳","2","0","2"
"除雄信将军","2","0","2"
"兴内史萧介","1","1","2"
"封广德县侯","1","1","2"
"除信武将军","2","0","2"
"引齐寇济江","2","0","2"
"徐州缘江诸","1","1","2"
"桂六州诸军","1","1","2"
"华皎湘州反","2","0","2"
"湘东郡公世","1","1","2"
"东郡公世子","1","1","2"
"随章昭达征","1","1","2"
"年随都督吴","2","0","2"
"潼三州诸军","1","1","2"
"祖东征杜龛","2","0","2"
"任约引齐寇","2","0","2"
"功除通直散","2","0","2"
"赠开府仪同","2","0","2"
"兵讨伐俚洞","1","1","2"
"加右军将军","2","0","2"
"封东兴县侯","2","0","2"
"临川攻周迪","2","0","2"
"巴定四州诸","1","1","2"
"寻迁护军将","2","0","2"
"史欧阳纥举","2","0","2"
"欧阳纥举兵","2","0","2"
"遣司空章昭","1","1","2"
"遣电威将军","1","1","2"
"时年七十四","1","1","2"
"赠翊左将军","2","0","2"
"贼将宋子仙","1","1","2"
"封鱼复县侯","1","1","2"
"都督江南诸","1","1","2"
"督江南诸军","1","1","2"
"江南诸军事","1","1","2"
"都督宣城郡","1","1","2"
"督宣城郡诸","1","1","2"
"宣城郡诸军","1","1","2"
"城郡诸军事","1","1","2"
"南平嗣王中","1","1","2"
"平嗣王中兵","1","1","2"
"时兵荒饥馑","2","0","2"
"饿死者十八","2","0","2"
"死者十八九","2","0","2"
"晋熙等五郡","1","1","2"
"随王僧辩讨","1","1","2"
"安西将军沈","1","1","2"
"西将军沈泰","1","1","2"
"遣行台慕容","1","1","2"
"行台慕容绍","1","1","2"
"台慕容绍宗","1","1","2"
"频遣使招诱","2","0","2"
"遣清河王高","1","1","2"
"清河王高岳","1","1","2"
"将梅天养等","1","1","2"
"时观宁侯萧","1","1","2"
"观宁侯萧永","1","1","2"
"长乐侯萧基","1","1","2"
"督吴明彻攻","1","1","2"
"北江二州诸","1","1","2"
"江二州诸军","1","1","2"
"祖遣都督章","2","0","2"
"遣都督章昭","2","0","2"
"章昭达征迪","2","0","2"
"豊县开国侯","2","0","2"
"王僧辩东讨","2","0","2"
"齐将郭元建","1","1","2"
"都督南兗州","2","0","2"
"督南兗州诸","2","0","2"
"南兗州诸军","2","0","2"
"兗州诸军事","2","0","2"
"爵兴宁县侯","2","0","2"
"世祖拒王琳","2","0","2"
"祖拒王琳南","2","0","2"
"拒王琳南皖","2","0","2"
"合三州诸军","1","1","2"
"煌二郡太守","1","1","2"
"宁州长史徐","1","1","2"
"州长史徐文","1","1","2"
"长史徐文盛","1","1","2"
"部将叱罗子","1","1","2"
"将叱罗子通","1","1","2"
"定二州诸军","1","1","2"
"进授使持节","2","0","2"
"西道都督安","1","1","2"
"定六州诸军","1","1","2"
"遣尚书左丞","1","1","2"
"尚书左丞陆","1","1","2"
"书左丞陆骞","1","1","2"
"定州刺史田","1","1","2"
"州刺史田龙","1","1","2"
"刺史田龙升","1","1","2"
"阳太守田龙","1","1","2"
"太守田龙琰","1","1","2"
"守田龙琰率","1","1","2"
"长城国世子","1","1","2"
"济阳蔡景历","1","1","2"
"阳蔡景历辅","1","1","2"
"高宗俱迁关","2","0","2"
"宗俱迁关右","2","0","2"
"后部鼓吹一","1","1","2"
"部鼓吹一部","1","1","2"
"令主书舍人","1","1","2"
"湘州牧衡阳","1","1","2"
"州牧衡阳王","1","1","2"
"园温明秘器","1","1","2"
"司空持节迎","1","1","2"
"空持节迎护","1","1","2"
"持节迎护丧","1","1","2"
"南康愍王昙","1","1","2"
"康愍王昙朗","1","1","2"
"母弟忠壮王","1","1","2"
"弟忠壮王休","1","1","2"
"忠壮王休先","1","1","2"
"宿预人东方","1","1","2"
"预人东方光","1","1","2"
"宿预义军三","1","1","2"
"预义军三万","1","1","2"
"义军三万家","1","1","2"
"时四方州郡","1","1","2"
"四方州郡多","1","1","2"
"方州郡多未","1","1","2"
"州郡多未宾","1","1","2"
"时年二十八","2","0","2"
"奉忠壮王祀","1","1","2"
"郎中令随聘","1","1","2"
"中令随聘使","1","1","2"
"寻仁威将军","2","0","2"
"丞宗元饶所","1","1","2"
"命都督任忠","1","1","2"
"杨钟期等二","1","1","2"
"钟期等二十","1","1","2"
"期等二十人","1","1","2"
"徐君敷奏曰","2","0","2"
"南康王陈方","1","1","2"
"康王陈方泰","1","1","2"
"王陈方泰宗","1","1","2"
"陈方泰宗属","1","1","2"
"谨白简奏闻","2","0","2"
"刺史马靖久","1","1","2"
"史马靖久居","1","1","2"
"马靖久居岭","1","1","2"
"靖久居岭表","1","1","2"
"高州刺史戴","1","1","2"
"州刺史戴智","1","1","2"
"刺史戴智烈","1","1","2"
"承制总督征","1","1","2"
"制总督征讨","1","1","2"
"总督征讨诸","1","1","2"
"时隋行军总","1","1","2"
"隋行军总管","1","1","2"
"行军总管韦","1","1","2"
"军总管韦洸","1","1","2"
"豊州刺史郑","2","0","2"
"功封龙阳县","1","1","2"
"封龙阳县子","1","1","2"
"武等二十四","1","1","2"
"等二十四州","1","1","2"
"二十四州诸","1","1","2"
"十四州诸军","1","1","2"
"衡州刺史衡","1","1","2"
"州刺史衡阳","1","1","2"
"刺史衡阳王","1","1","2"
"王勇杀方庆","1","1","2"
"高祖南征交","1","1","2"
"祖南征交趾","1","1","2"
"徐州刺史吉","1","1","2"
"州刺史吉阳","1","1","2"
"刺史吉阳县","1","1","2"
"史吉阳县开","1","1","2"
"吉阳县开国","1","1","2"
"遂兴县开国","2","0","2"
"兴县开国侯","2","0","2"
"宁都县开国","1","1","2"
"都县开国侯","1","1","2"
"平固县开国","1","1","2"
"固县开国侯","1","1","2"
"功授散骑侍","1","1","2"
"青州刺史资","1","1","2"
"广德置广梁","1","1","2"
"德置广梁郡","1","1","2"
"琳将常众爱","2","0","2"
"将常众爱宫","2","0","2"
"常众爱宫亭","2","0","2"
"众爱宫亭湖","2","0","2"
"详随吴明彻","1","1","2"
"随吴明彻袭","1","1","2"
"明威将军军","1","1","2"
"威将军军副","1","1","2"
"空章昭达征","1","1","2"
"荆州烧青泥","1","1","2"
"州烧青泥船","1","1","2"
"寻除使持节","2","0","2"
"巴二州诸军","1","1","2"
"萧琮尚书左","1","1","2"
"琮尚书左仆","1","1","2"
"书左仆射安","1","1","2"
"左仆射安平","1","1","2"
"仆射安平王","1","1","2"
"射安平王萧","1","1","2"
"安平王萧岩","1","1","2"
"部众男女二","1","1","2"
"众男女二万","1","1","2"
"长史陈文盛","1","1","2"
"史陈文盛等","1","1","2"
"陈文盛等居","1","1","2"
"文盛等居守","1","1","2"
"将士三万人","1","1","2"
"湘州刺史晋","1","1","2"
"州刺史晋熙","1","1","2"
"刺史毕宝等","2","0","2"
"史毕宝等请","2","0","2"
"毕宝等请降","2","0","2"
"王僧辩论述","1","1","2"
"僧辩论述军","1","1","2"
"辩论述军事","1","1","2"
"封始平县子","1","1","2"
"迁右卫将军","2","0","2"
"南康嗣王萧","1","1","2"
"康嗣王萧会","1","1","2"
"嗣王萧会理","1","1","2"
"王萧会理谋","1","1","2"
"贼党王伟保","1","1","2"
"党王伟保护","1","1","2"
"将军使君侯","1","1","2"
"军使君侯节","1","1","2"
"使君侯节下","1","1","2"
"征北府中记","1","1","2"
"北府中记室","1","1","2"
"掌相府记室","1","1","2"
"世祖镇南皖","2","0","2"
"累迁散骑常","2","0","2"
"妻兄刘洽依","1","1","2"
"受欧阳武威","1","1","2"
"欧阳武威饷","1","1","2"
"阳武威饷绢","1","1","2"
"武威饷绢百","1","1","2"
"威饷绢百匹","1","1","2"
"安成内史杨","1","1","2"
"成内史杨文","1","1","2"
"内史杨文通","1","1","2"
"惠豫章王长","1","1","2"
"行东扬州府","1","1","2"
"东扬州府事","1","1","2"
"宣毅长沙王","1","1","2"
"毅长沙王长","1","1","2"
"行江州府事","1","1","2"
"时高宗锐意","1","1","2"
"豫章内史新","1","1","2"
"守度支尚书","1","1","2"
"齐晋安王谘","1","1","2"
"议大行皇帝","1","1","2"
"大行皇帝灵","1","1","2"
"大行侠御官","1","1","2"
"灵舆梓宫进","1","1","2"
"舆梓宫进止","1","1","2"
"梓宫进止仪","1","1","2"
"吉凶两侠御","1","1","2"
"左丞徐陵决","1","1","2"
"丞徐陵决断","1","1","2"
"灵延祔宗庙","2","0","2"
"内丧女侍数","1","1","2"
"中庶诸通袁","1","1","2"
"庶诸通袁枢","1","1","2"
"丧成服仪注","1","1","2"
"仆射仲举等","2","0","2"
"等入侍医药","2","0","2"
"岐参预机密","1","1","2"
"天嘉二年卒","2","0","2"
"妹新安穆公","1","1","2"
"尉临川王府","1","1","2"
"临川王府外","1","1","2"
"川王府外兵","1","1","2"
"安成嗣王长","1","1","2"
"成嗣王长史","1","1","2"
"邑一百五十","1","1","2"
"一百五十户","1","1","2"
"阳公府长史","1","1","2"
"西邵陵王长","1","1","2"
"邵陵王长史","1","1","2"
"献女妓十人","1","1","2"
"时年七十六","2","0","2"
"妹义兴长公","1","1","2"
"义兴长公主","1","1","2"
"骑庐陵王府","1","1","2"
"中权何敬容","1","1","2"
"权何敬容府","1","1","2"
"何敬容府长","1","1","2"
"敬容府长史","1","1","2"
"惠武陵王主","1","1","2"
"武陵王主簿","1","1","2"
"车河东王功","1","1","2"
"河东王功曹","1","1","2"
"东王功曹史","1","1","2"
"司徒左西属","1","1","2"
"冠军河东王","1","1","2"
"军河东王长","1","1","2"
"河东王长史","1","1","2"
"掌相府管记","2","0","2"
"迁五兵尚书","2","0","2"
"湘州刺史宜","1","1","2"
"宜豊侯萧循","2","0","2"
"帝承制中书","2","0","2"
"都督广州等","1","1","2"
"督广州等二","1","1","2"
"广州等二十","1","1","2"
"州等二十州","1","1","2"
"等二十州诸","1","1","2"
"二十州诸军","1","1","2"
"释褐秘书郎","2","0","2"
"遣章昭达率","1","1","2"
"达率众讨纥","2","0","2"
"转都官尚书","2","0","2"
"时年七十九","2","0","2"
"历太子舍人","2","0","2"
"车河东王主","1","1","2"
"河东王主簿","1","1","2"
"永世公主先","1","1","2"
"晋宣帝第二","1","1","2"
"高陵宣公主","1","1","2"
"中追赠公主","1","1","2"
"安穆公主早","1","1","2"
"穆公主早薨","1","1","2"
"绢布五十匹","1","1","2"
"南平王法曹","1","1","2"
"平王法曹参","1","1","2"
"限内记室参","1","1","2"
"内记室参军","1","1","2"
"除镇南湘东","2","0","2"
"镇南湘东王","2","0","2"
"骑庐陵王谘","1","1","2"
"庐陵王谘议","1","1","2"
"本州大中正","1","1","2"
"迁司徒左长","2","0","2"
"干鱼蔬菜饭","1","1","2"
"赠金紫光禄","2","0","2"
"州治中事史","2","0","2"
"安西湘东王","2","0","2"
"湘州府司马","1","1","2"
"时年四十三","1","1","2"
"梁尚书水部","2","0","2"
"尚书水部郎","1","1","2"
"迁外兵参军","2","0","2"
"仪同府西曹","1","1","2"
"同府西曹掾","1","1","2"
"乐安岭东道","1","1","2"
"安岭东道送","1","1","2"
"抚南川诸郡","1","1","2"
"复贞威将军","2","0","2"
"入员外散骑","2","0","2"
"惠始兴王长","1","1","2"
"侯安都讨留","2","0","2"
"安都讨留异","2","0","2"
"带会稽郡丞","2","0","2"
"光禄大夫通","2","0","2"
"禄大夫通弟","2","0","2"
"除太子洗马","2","0","2"
"柳仲礼等会","1","1","2"
"遣偏将羊亮","1","1","2"
"偏将羊亮代","1","1","2"
"守五兵尚书","2","0","2"
"骠骑府长史","1","1","2"
"新蔡三郡诸","1","1","2"
"蔡三郡诸军","1","1","2"
"授信武将军","2","0","2"
"罗三州刺史","1","1","2"
"永嘉王府谘","1","1","2"
"嘉王府谘议","1","1","2"
"守袁君正入","1","1","2"
"陛下睿哲聪","1","1","2"
"下睿哲聪明","1","1","2"
"集二十卷行","1","1","2"
"二十卷行世","2","0","2"
"时太守衡阳","1","1","2"
"太守衡阳王","1","1","2"
"西中郎行参","1","1","2"
"中郎行参军","1","1","2"
"镇西谘议参","1","1","2"
"西谘议参军","1","1","2"
"除太子中庶","2","0","2"
"宣城王国左","1","1","2"
"城王国左常","1","1","2"
"迁记室参军","2","0","2"
"将军使君节","1","1","2"
"军使君节下","1","1","2"
"时天下沸腾","1","1","2"
"能同忧共患","1","1","2"
"作五言诗送","1","1","2"
"送马犹临水","1","1","2"
"离旗稍引风","1","1","2"
"除国子博士","2","0","2"
"东中郎建安","1","1","2"
"中郎建安王","1","1","2"
"郎建安王谘","1","1","2"
"建安王谘议","1","1","2"
"加戎昭将军","2","0","2"
"危殆者数矣","2","0","2"
"征度支尚书","2","0","2"
"王南徐州刺","2","0","2"
"齐中书侍郎","2","0","2"
"释褐著作佐","2","0","2"
"除都官尚书","2","0","2"
"改封建昌县","1","1","2"
"遣高宗东府","2","0","2"
"妹信义长公","1","1","2"
"信义长公主","1","1","2"
"子高军主告","2","0","2"
"军将军明彻","1","1","2"
"子高兵权过","1","1","2"
"高兵权过重","1","1","2"
"光大元年八","1","1","2"
"大元年八月","1","1","2"
"南北新蔡五","1","1","2"
"北新蔡五郡","1","1","2"
"新蔡五郡诸","1","1","2"
"蔡五郡诸军","1","1","2"
"皎随都督吴","1","1","2"
"督吴明彻征","1","1","2"
"巴等四州诸","1","1","2"
"大舰金翅等","2","0","2"
"金翅等二百","1","1","2"
"军大将军淳","1","1","2"
"冠武将军杨","1","1","2"
"武将军杨文","1","1","2"
"将军杨文通","1","1","2"
"令巴山太守","1","1","2"
"太守黄法慧","1","1","2"
"史程灵洗等","1","1","2"
"弟卫国公宇","1","1","2"
"卫国公宇文","1","1","2"
"国公宇文直","1","1","2"
"公宇文直率","1","1","2"
"柱国长胡公","1","1","2"
"国长胡公拓","1","1","2"
"长沙太守曹","1","1","2"
"沙太守曹庆","1","1","2"
"太守曹庆等","1","1","2"
"吴明彻等募","1","1","2"
"席慧略等四","1","1","2"
"慧略等四十","1","1","2"
"高宗录尚书","2","0","2"
"丞相豫章文","1","1","2"
"相豫章文献","1","1","2"
"梁司空袁昂","2","0","2"
"建安侯萧正","1","1","2"
"安侯萧正立","1","1","2"
"军宣城王中","1","1","2"
"宣城王中录","1","1","2"
"城王中录事","1","1","2"
"王中录事谘","1","1","2"
"中录事谘议","1","1","2"
"率部众开壁","1","1","2"
"资周迪兵粮","2","0","2"
"御史中丞江","1","1","2"
"史中丞江德","1","1","2"
"中丞江德藻","1","1","2"
"祯明二年卒","2","0","2"
"司空右长史","1","1","2"
"武陵王益州","2","0","2"
"陵王益州刺","2","0","2"
"王益州刺史","2","0","2"
"白衣太常卿","2","0","2"
"弘善宫卫尉","1","1","2"
"东扬二州大","2","0","2"
"扬二州大中","2","0","2"
"授金紫光禄","2","0","2"
"太建五年卒","2","0","2"
"除丹阳尹丞","2","0","2"
"相国户曹属","1","1","2"
"惠豫章王谘","1","1","2"
"豫章王谘议","1","1","2"
"章王谘议参","1","1","2"
"德二年改葬","1","1","2"
"宁远枝江公","1","1","2"
"远枝江公主","1","1","2"
"枝江公主簿","1","1","2"
"宣惠湘东王","1","1","2"
"惠湘东王行","1","1","2"
"湘东王行参","1","1","2"
"时左民郎沈","1","1","2"
"左民郎沈炯","1","1","2"
"徒王僧辩先","1","1","2"
"王僧辩先下","1","1","2"
"元帝荆州位","2","0","2"
"太尉事中郎","2","0","2"
"除司徒右长","2","0","2"
"除晋陵太守","2","0","2"
"刘师知等入","1","1","2"
"尚书五条事","1","1","2"
"兴王叔陵湘","2","0","2"
"王叔陵湘州","2","0","2"
"皇太子文华","1","1","2"
"官尚书王廓","1","1","2"
"弘范宫卫尉","1","1","2"
"绍忠字孝扬","1","1","2"
"仪同鄱阳王","1","1","2"
"同鄱阳王东","1","1","2"
"鄱阳王东曹","1","1","2"
"阳王东曹掾","1","1","2"
"湘东王主簿","1","1","2"
"侯景攻陷台","1","1","2"
"景攻陷台城","1","1","2"
"时寇贼纵横","1","1","2"
"安前晋安王","1","1","2"
"前晋安王长","1","1","2"
"晋安王长史","1","1","2"
"镇卫鄱阳王","1","1","2"
"尚书仆射谢","1","1","2"
"西昌侯仪同","1","1","2"
"昌侯仪同府","1","1","2"
"侯仪同府主","1","1","2"
"仪同府主簿","1","1","2"
"时始兴人欧","1","1","2"
"始兴人欧阳","1","1","2"
"字笔势翩翩","1","1","2"
"除中卫始兴","2","0","2"
"卫始兴王咨","2","0","2"
"始兴王咨议","2","0","2"
"兴王咨议参","2","0","2"
"时广州刺史","1","1","2"
"年深入俚洞","1","1","2"
"引奉密旨南","1","1","2"
"奉密旨南行","1","1","2"
"宦官李善度","1","1","2"
"南康王长史","1","1","2"
"高唐郡太守","1","1","2"
"督章昭达讨","1","1","2"
"宝应建安湖","2","0","2"
"应建安湖际","2","0","2"
"改封朝阳县","1","1","2"
"封朝阳县伯","1","1","2"
"进号智武将","2","0","2"
"号智武将军","2","0","2"
"增邑前七百","2","0","2"
"邑前七百户","2","0","2"
"子隆修建城","1","1","2"
"隆修建城郭","1","1","2"
"时年二十二","2","0","2"
"封始兴县子","1","1","2"
"道戢随世祖","1","1","2"
"戢随世祖平","1","1","2"
"东徐州刺史","1","1","2"
"封永安县侯","1","1","2"
"随侯安都镇","1","1","2"
"都督东西二","1","1","2"
"督东西二衡","1","1","2"
"东西二衡州","1","1","2"
"西二衡州诸","1","1","2"
"二衡州诸军","1","1","2"
"欧阳纥入朝","1","1","2"
"除左卫将军","2","0","2"
"迁仁威将军","2","0","2"
"改授使持节","2","0","2"
"同黄法抃围","1","1","2"
"安成王田曹","1","1","2"
"成王田曹参","1","1","2"
"鄱阳嗣王中","1","1","2"
"阳嗣王中兵","1","1","2"
"封常安县侯","1","1","2"
"常安国太夫","1","1","2"
"安国太夫人","1","1","2"
"迁冠军将军","2","0","2"
"徙桂阳太守","2","0","2"
"会稽长公主","1","1","2"
"封永安亭侯","1","1","2"
"高宗司空府","1","1","2"
"平南长沙王","1","1","2"
"南长沙王长","1","1","2"
"梁御史中丞","2","0","2"
"新安人向文","1","1","2"
"安人向文政","1","1","2"
"除尚书吏部","2","0","2"
"徐陵等七人","1","1","2"
"陵等七人参","1","1","2"
"带寻阳太守","2","0","2"
"晋光禄大夫","1","1","2"
"伯父侍中护","1","1","2"
"父侍中护军","1","1","2"
"河东裴子野","1","1","2"
"置司文义郎","1","1","2"
"明大王殿下","1","1","2"
"累迁国子博","2","0","2"
"张讥等三百","1","1","2"
"讥等三百一","1","1","2"
"等三百一十","1","1","2"
"三百一十二","1","1","2"
"百一十二人","1","1","2"
"重招提琰法","1","1","2"
"招提琰法师","1","1","2"
"重华阳陶贞","1","1","2"
"华阳陶贞白","1","1","2"
"大司马王僧","1","1","2"
"司马王僧辩","1","1","2"
"弘直字思方","1","1","2"
"解褐梁太学","2","0","2"
"褐梁太学博","2","0","2"
"西中郎湘东","1","1","2"
"郎湘东王外","1","1","2"
"东王外兵记","1","1","2"
"王外兵记室","1","1","2"
"尚书仪曹郎","1","1","2"
"寻除智武将","2","0","2"
"除智武将军","2","0","2"
"晋安王主簿","1","1","2"
"安成王限内","1","1","2"
"成王限内记","1","1","2"
"王限内记室","1","1","2"
"信州南平王","1","1","2"
"州南平王府","1","1","2"
"南平王府长","1","1","2"
"平王府长史","1","1","2"
"诏赠散骑常","2","0","2"
"孔子正言章","1","1","2"
"子正言章句","1","1","2"
"国子博士周","1","1","2"
"子博士周弘","1","1","2"
"博士周弘正","1","1","2"
"门侍郎王瑜","1","1","2"
"时豫章王叔","1","1","2"
"授明威将军","1","1","2"
"宪吏部尚书","2","0","2"
"吏部尚书毛","1","1","2"
"部尚书毛喜","1","1","2"
"立宠姬张贵","1","1","2"
"宠姬张贵妃","1","1","2"
"隋将贺若弼","1","1","2"
"梁中散大夫","2","0","2"
"平随都督夏","1","1","2"
"随都督夏侯","1","1","2"
"都督衡州五","1","1","2"
"督衡州五郡","1","1","2"
"衡州五郡征","1","1","2"
"州五郡征讨","1","1","2"
"五郡征讨诸","1","1","2"
"郡征讨诸军","1","1","2"
"慈训宫卫尉","1","1","2"
"时义安太守","1","1","2"
"都督岭北诸","1","1","2"
"督岭北诸军","1","1","2"
"岭北诸军事","1","1","2"
"华皎称兵上","2","0","2"
"皎称兵上流","2","0","2"
"外城防诸军","1","1","2"
"城防诸军事","1","1","2"
"轻车临川嗣","1","1","2"
"车临川嗣王","1","1","2"
"安西邵陵王","1","1","2"
"西邵陵王水","1","1","2"
"邵陵王水曹","1","1","2"
"陵王水曹中","1","1","2"
"王水曹中兵","1","1","2"
"水曹中兵参","1","1","2"
"曹中兵参军","1","1","2"
"衡州平南府","1","1","2"
"州平南府司","1","1","2"
"平南府司马","1","1","2"
"破黄洞蛮贼","1","1","2"
"大将史宁率","1","1","2"
"失军民男女","1","1","2"
"军民男女三","1","1","2"
"民男女三千","1","1","2"
"征散骑常侍","2","0","2"
"时兴皇寺朗","1","1","2"
"兴皇寺朗法","1","1","2"
"皇寺朗法师","1","1","2"
"左民尚书蔡","1","1","2"
"梁普通二年","1","1","2"
"宁蛮府军事","1","1","2"
"中大通三年","1","1","2"
"迁尚书度支","2","0","2"
"长春殿义记","1","1","2"
"西湘东王中","1","1","2"
"湘东王中记","1","1","2"
"东王中记室","1","1","2"
"王中记室参","1","1","2"
"荆州刺史湘","1","1","2"
"送贞阳侯萧","1","1","2"
"贞阳侯萧渊","1","1","2"
"阳侯萧渊明","1","1","2"
"徐嗣徽乘虚","1","1","2"
"嗣徽乘虚袭","1","1","2"
"安成王顼司","2","0","2"
"成王顼司空","2","0","2"
"古吏部尚书","1","1","2"
"车府令赵高","1","1","2"
"府令赵高直","1","1","2"
"高庙令田千","1","1","2"
"庙令田千秋","1","1","2"
"太平相府长","1","1","2"
"平相府长史","1","1","2"
"都官尚书裴","1","1","2"
"官尚书裴忌","1","1","2"
"时年七十七","2","0","2"
"州大中正建","1","1","2"
"大中正建昌","1","1","2"
"中正建昌县","1","1","2"
"正建昌县开","1","1","2"
"建昌县开国","1","1","2"
"昌县开国侯","1","1","2"
"赠镇右将军","1","1","2"
"豫章王府行","1","1","2"
"章王府行参","1","1","2"
"俭监昭达军","1","1","2"
"赐奴婢十人","1","1","2"
"镇北鄱阳王","1","1","2"
"转太子中庶","1","1","2"
"卫始兴王限","1","1","2"
"始兴王限外","1","1","2"
"宣惠晋熙王","1","1","2"
"惠晋熙王长","1","1","2"
"晋熙王长史","1","1","2"
"入御史中丞","2","0","2"
"豫章王主簿","1","1","2"
"迁尚书殿中","2","0","2"
"军将军臧盾","1","1","2"
"问中书舍人","1","1","2"
"尚书都堂讲","1","1","2"
"金刚般若经","1","1","2"
"晋散骑常侍","1","1","2"
"梁光禄大夫","1","1","2"
"本州迎主簿","1","1","2"
"梁书孝行传","1","1","2"
"舅吴平光侯","1","1","2"
"吴平光侯萧","1","1","2"
"惠武陵王府","1","1","2"
"武陵王府法","1","1","2"
"陵王府法曹","1","1","2"
"尹何敬容开","1","1","2"
"敬容府主簿","1","1","2"
"射范阳张缵","2","0","2"
"度支尚书琅","1","1","2"
"支尚书琅邪","1","1","2"
"都官尚书南","1","1","2"
"官尚书南阳","1","1","2"
"上位居崇礼","1","1","2"
"寺署邻栖息","1","1","2"
"宣城王府限","1","1","2"
"城王府限内","1","1","2"
"王府限内录","1","1","2"
"府限内录事","1","1","2"
"限内录事参","1","1","2"
"内录事参军","1","1","2"
"太清四年秋","1","1","2"
"清四年秋七","1","1","2"
"四年秋七月","1","1","2"
"会稽龙华寺","1","1","2"
"书右仆射州","1","1","2"
"右仆射州陵","1","1","2"
"仆射州陵侯","1","1","2"
"元嘉二十四","1","1","2"
"嘉二十四年","1","1","2"
"晋护军将军","1","1","2"
"山阴都阳里","1","1","2"
"第九舅萧勃","1","1","2"
"太子长夜饮","1","1","2"
"养良娣陈氏","1","1","2"
"号中权将军","1","1","2"
"摄山布上人","1","1","2"
"直秘书省学","1","1","2"
"秘书省学士","1","1","2"
"上开府僧垣","1","1","2"
"宣猷堂听讲","1","1","2"
"南郡王行参","1","1","2"
"郡王行参军","1","1","2"
"始兴王府功","1","1","2"
"兴王府功曹","1","1","2"
"王府功曹参","1","1","2"
"府功曹参军","1","1","2"
"仪同始兴王","1","1","2"
"同始兴王府","1","1","2"
"始兴王府记","1","1","2"
"兴王府记室","1","1","2"
"官致仕等表","1","1","2"
"西聘道里记","1","1","2"
"补东宫学士","2","0","2"
"吴国顾野王","1","1","2"
"迁尚书祠部","2","0","2"
"尚书祠部侍","1","1","2"
"书祠部侍郎","1","1","2"
"平南建安王","1","1","2"
"中书舍人司","1","1","2"
"书舍人司马","1","1","2"
"支尚书王瑗","1","1","2"
"尚书王瑗宣","1","1","2"
"书王瑗宣旨","1","1","2"
"寻授度支尚","2","0","2"
"书令江总等","1","1","2"
"就钟山明庆","2","0","2"
"寺尚禅师受","2","0","2"
"尚禅师受菩","2","0","2"
"禅师受菩萨","2","0","2"
"国子祭酒萧","1","1","2"
"子祭酒萧子","1","1","2"
"祭酒萧子云","1","1","2"
"前秘书丞北","1","1","2"
"秘书丞北绛","1","1","2"
"书丞北绛郡","1","1","2"
"丞北绛郡开","1","1","2"
"北绛郡开国","1","1","2"
"绛郡开国公","1","1","2"
"太子内舍人","1","1","2"
"登宫城五百","1","1","2"
"宫城五百字","1","1","2"
"隋文帝开皇","1","1","2"
"内史舍人虞","1","1","2"
"史舍人虞世","1","1","2"
"舍人虞世基","1","1","2"
"补驻王府行","1","1","2"
"驻王府行参","1","1","2"
"兴昭烈王道","1","1","2"
"昭烈王道谈","1","1","2"
"封长城县公","1","1","2"
"高宗袭封始","1","1","2"
"宗袭封始兴","1","1","2"
"袭封始兴嗣","1","1","2"
"年十月下诏","1","1","2"
"督南琅邪彭","1","1","2"
"彭城二郡诸","1","1","2"
"城二郡诸军","1","1","2"
"二郡诸军事","1","1","2"
"晋右将军王","1","1","2"
"右将军王羲","1","1","2"
"建安人蒋裕","1","1","2"
"韩子高等谋","1","1","2"
"子高等谋反","1","1","2"
"二年十一月","1","1","2"
"天嘉元年七","1","1","2"
"嘉元年七月","1","1","2"
"元年七月丙","1","1","2"
"年七月丙辰","1","1","2"
"能协宣五运","1","1","2"
"豊二州诸军","2","0","2"
"三年正月薨","1","1","2"
"鄱阳国世子","1","1","2"
"时宗室王侯","1","1","2"
"章王叔英总","1","1","2"
"王叔英总督","1","1","2"
"尚书仆射江","1","1","2"
"书仆射江总","1","1","2"
"仆射江总友","1","1","2"
"后主第六女","1","1","2"
"主第六女女","1","1","2"
"召陈氏子弟","1","1","2"
"便留心政事","1","1","2"
"年世祖立伯","1","1","2"
"世祖立伯信","1","1","2"
"进号镇前将","1","1","2"
"号镇前将军","1","1","2"
"刺史王勇所","1","1","2"
"史王勇所害","1","1","2"
"寻平北将军","2","0","2"
"令入屯朝堂","1","1","2"
"豫章国世子","1","1","2"
"后主乳母乐","1","1","2"
"主乳母乐安","1","1","2"
"乳母乐安君","1","1","2"
"母乐安君吴","1","1","2"
"太子舍人司","1","1","2"
"子舍人司马","1","1","2"
"行军吏部柳","1","1","2"
"军吏部柳庄","1","1","2"
"元帅府僚属","1","1","2"
"帅府僚属等","1","1","2"
"隋开皇九年","1","1","2"
"开皇九年三","1","1","2"
"皇九年三月","1","1","2"
"天文图籍等","1","1","2"
"内史令李德","1","1","2"
"史令李德林","1","1","2"
"令李德林宣","1","1","2"
"高宗第十三","1","1","2"
"高宗第十四","1","1","2"
"高宗第十五","1","1","2"
"高宗第十六","1","1","2"
"蔡王叔齐等","1","1","2"
"前刺史晋熙","1","1","2"
"隋行军元帅","1","1","2"
"行军元帅清","1","1","2"
"军元帅清河","1","1","2"
"河公杨素兵","1","1","2"
"公杨素兵下","1","1","2"
"杨素兵下荆","1","1","2"
"素兵下荆门","1","1","2"
"长史谢基伏","1","1","2"
"湘州助防遂","1","1","2"
"州助防遂兴","1","1","2"
"助防遂兴侯","1","1","2"
"防遂兴侯正","1","1","2"
"遂兴侯正理","1","1","2"
"中牟公薛胄","1","1","2"
"行军总管刘","1","1","2"
"军总管刘仁","1","1","2"
"胄乘胜入城","1","1","2"
"隋总管刘仁","1","1","2"
"高宗第十七","1","1","2"
"高宗第十八","1","1","2"
"高宗第十九","1","1","2"
"宗第二十一","1","1","2"
"宗第二十二","1","1","2"
"宗第二十三","1","1","2"
"宗第二十四","1","1","2"
"宗第二十五","1","1","2"
"宗第二十六","1","1","2"
"宗第二十七","1","1","2"
"宗第二十八","1","1","2"
"巴东王叔谟","2","0","2"
"宗第二十九","1","1","2"
"宗第三十一","1","1","2"
"新宁王叔隆","2","0","2"
"宗第三十二","1","1","2"
"新昌王叔荣","2","0","2"
"宗第三十三","1","1","2"
"宗第三十四","1","1","2"
"舍人孔伯鱼","1","1","2"
"人孔伯鱼侍","1","1","2"
"太建五年二","1","1","2"
"建五年二月","1","1","2"
"五年二月乙","1","1","2"
"年二月乙丑","1","1","2"
"近侍左右数","1","1","2"
"寻壮武将军","2","0","2"
"后主第十一","1","1","2"
"征南府行参","1","1","2"
"南府行参军","1","1","2"
"时合州刺史","1","1","2"
"豫章内史南","1","1","2"
"章内史南康","1","1","2"
"内史南康嗣","1","1","2"
"史南康嗣王","1","1","2"
"南康嗣王方","1","1","2"
"康嗣王方泰","1","1","2"
"武五州大中","1","1","2"
"五州大中正","1","1","2"
"梁都水使者","1","1","2"
"时梁州刺史","1","1","2"
"梁州刺史阴","1","1","2"
"州刺史阴子","1","1","2"
"刺史阴子春","1","1","2"
"镇西外兵记","1","1","2"
"西外兵记室","1","1","2"
"申随都督王","1","1","2"
"东临川王谘","1","1","2"
"临川王谘议","1","1","2"
"川王谘议参","1","1","2"
"预东宫宾客","1","1","2"
"召右卫萧摩","1","1","2"
"右卫萧摩诃","1","1","2"
"就加散骑常","1","1","2"
"文招县开国","1","1","2"
"招县开国伯","1","1","2"
"后主制志铭","2","0","2"
"梁散骑侍郎","2","0","2"
"卫西昌侯行","1","1","2"
"西昌侯行参","1","1","2"
"昌侯行参军","1","1","2"
"尚书功论侍","1","1","2"
"书功论侍郎","1","1","2"
"周弘正等通","1","1","2"
"弘正等通聘","1","1","2"
"周冢宰宇文","1","1","2"
"冢宰宇文护","1","1","2"
"宰宇文护执","1","1","2"
"虞叔卿等二","1","1","2"
"叔卿等二十","1","1","2"
"右卫将军韩","1","1","2"
"宜简选人马","1","1","2"
"散骑常侍杜","1","1","2"
"骑常侍杜缅","1","1","2"
"常侍杜缅图","1","1","2"
"后吴明彻陷","1","1","2"
"中庶子陆琼","1","1","2"
"庶子陆琼宣","1","1","2"
"令南北诸军","1","1","2"
"始兴王所伤","1","1","2"
"仪同事中郎","2","0","2"
"梁吏部尚书","2","0","2"
"吏部尚书河","1","1","2"
"部尚书河南","1","1","2"
"尚书河南褚","1","1","2"
"书河南褚翔","1","1","2"
"继母刘氏性","1","1","2"
"授太学博士","1","1","2"
"王府法曹行","1","1","2"
"府法曹行参","1","1","2"
"法曹行参军","1","1","2"
"右新安王谘","1","1","2"
"新安王谘议","1","1","2"
"加宁远将军","2","0","2"
"守宫城西北","1","1","2"
"宫城西北大","1","1","2"
"城西北大营","1","1","2"
"督众军战事","1","1","2"
"尚书民部仪","1","1","2"
"书民部仪曹","1","1","2"
"民部仪曹郎","1","1","2"
"太常卿南阳","1","1","2"
"常卿南阳刘","1","1","2"
"封松阳县侯","1","1","2"
"特进周弘正","1","1","2"
"散骑常侍袁","1","1","2"
"骑常侍袁宪","1","1","2"
"取扬州曹事","1","1","2"
"彭城二郡丞","1","1","2"
"云公受梁武","1","1","2"
"公受梁武帝","1","1","2"
"尚书外兵郎","1","1","2"
"安王文学陆","1","1","2"
"王文学陆琼","1","1","2"
"王江州刺史","2","0","2"
"云公奉梁武","1","1","2"
"公奉梁武帝","1","1","2"
"吏部尚书宗","1","1","2"
"部尚书宗元","1","1","2"
"尚书宗元饶","1","1","2"
"右仆射袁宪","1","1","2"
"谒者黄长贵","1","1","2"
"者黄长贵持","1","1","2"
"黄长贵持册","1","1","2"
"长贵持册奠","1","1","2"
"贵持册奠祭","1","1","2"
"武昌王文学","1","1","2"
"时后主赐仆","1","1","2"
"后主赐仆射","1","1","2"
"主赐仆射江","1","1","2"
"赐仆射江总","1","1","2"
"授信义王文","1","1","2"
"信义王文学","1","1","2"
"转太子洗马","1","1","2"
"右仆射杨素","1","1","2"
"仆射杨素奏","1","1","2"
"寓居南阳郡","1","1","2"
"贺王府记室","1","1","2"
"乡党数百人","2","0","2"
"尉王僧辩深","1","1","2"
"临川王府记","1","1","2"
"川王府记室","1","1","2"
"补撰史学士","1","1","2"
"太子率更令","1","1","2"
"依湘州刺史","1","1","2"
"湘州刺史萧","1","1","2"
"州刺史萧循","1","1","2"
"司空府记室","1","1","2"
"空府记室参","1","1","2"
"骑安成王中","1","1","2"
"安成王中记","1","1","2"
"成王中记室","1","1","2"
"縡笃信佛教","1","1","2"
"兴皇惠朗法","1","1","2"
"皇惠朗法师","1","1","2"
"吾愿息诤通","2","0","2"
"愿息诤通道","2","0","2"
"官通直散骑","1","1","2"
"镇南始兴王","1","1","2"
"南始兴王谘","1","1","2"
"历太子庶子","2","0","2"
"吏部侍郎萧","1","1","2"
"部侍郎萧引","1","1","2"
"高祖赴援京","1","1","2"
"嗣徽引齐兵","1","1","2"
"摩诃独骑大","1","1","2"
"诃独骑大呼","1","1","2"
"摩诃随都督","1","1","2"
"诃随都督吴","1","1","2"
"击走齐将王","1","1","2"
"走齐将王康","1","1","2"
"齐将王康德","1","1","2"
"周武帝灭齐","1","1","2"
"结长围连锁","1","1","2"
"能战胜攻取","1","1","2"
"摩诃率马军","1","1","2"
"选精骑八十","1","1","2"
"授右卫将军","1","1","2"
"樊毅等众军","1","1","2"
"叔陵奔东府","2","0","2"
"宫舍人司马","1","1","2"
"人司马申启","1","1","2"
"府城西门屯","1","1","2"
"城西门屯军","1","1","2"
"封绥建郡公","1","1","2"
"总管贺若弼","1","1","2"
"管贺若弼镇","1","1","2"
"祯明三年正","1","1","2"
"明三年正月","1","1","2"
"三年正月元","1","1","2"
"年正月元会","1","1","2"
"贺若弼乘虚","1","1","2"
"镇东大将军","1","1","2"
"东大将军任","1","1","2"
"登山观望形","1","1","2"
"山观望形势","1","1","2"
"摩诃入见后","1","1","2"
"诃入见后主","1","1","2"
"旧厨取食进","1","1","2"
"随晋熙太守","1","1","2"
"晋熙太守梅","1","1","2"
"熙太守梅伯","1","1","2"
"太守梅伯龙","1","1","2"
"守梅伯龙讨","1","1","2"
"土人胡通聚","1","1","2"
"人胡通聚众","1","1","2"
"主帅梅思立","1","1","2"
"嗣率众入援","1","1","2"
"随章昭达讨","1","1","2"
"欧阳纥广州","2","0","2"
"迁武毅将军","2","0","2"
"击走齐历阳","1","1","2"
"走齐历阳王","1","1","2"
"齐历阳王高","1","1","2"
"后主召萧摩","1","1","2"
"主召萧摩诃","1","1","2"
"兵家称客主","1","1","2"
"家称客主异","1","1","2"
"称客主异势","1","1","2"
"兵坚守宫城","1","1","2"
"水军分向南","1","1","2"
"军分向南豫","1","1","2"
"分向南豫州","1","1","2"
"入台见后主","1","1","2"
"擒虎军共入","1","1","2"
"虎军共入南","1","1","2"
"军共入南掖","1","1","2"
"共入南掖门","1","1","2"
"西魏围江陵","1","1","2"
"毅率兵赴援","1","1","2"
"将梁士彦将","2","0","2"
"梁士彦将兵","2","0","2"
"士彦将兵围","2","0","2"
"彦将兵围寿","2","0","2"
"毅都督北讨","2","0","2"
"水军入焦湖","1","1","2"
"进号征西将","1","1","2"
"号征西将军","1","1","2"
"改封逍遥郡","1","1","2"
"封逍遥郡公","1","1","2"
"南安侯萧方","1","1","2"
"安侯萧方矩","1","1","2"
"随都督陆法","1","1","2"
"纪父子三人","1","1","2"
"安成王府司","1","1","2"
"成王府司马","1","1","2"
"始兴平南府","1","1","2"
"兴平南府长","1","1","2"
"平南府长史","1","1","2"
"将韩擒虎济","2","0","2"
"韩擒虎济江","2","0","2"
"擒虎进军攻","1","1","2"
"虎进军攻陷","1","1","2"
"青龙八十艘","1","1","2"
"明三年入隋","2","0","2"
"时江表将帅","1","1","2"
"褐梁邵陵王","2","0","2"
"邵陵王国右","1","1","2"
"陵王国右常","1","1","2"
"阳公府中兵","1","1","2"
"公府中兵参","1","1","2"
"悉达聚众保","1","1","2"
"达聚众保新","1","1","2"
"聚众保新蔡","1","1","2"
"广达愤怒大","1","1","2"
"达愤怒大呼","1","1","2"
"同章昭达入","1","1","2"
"章昭达入峡","1","1","2"
"昭达入峡口","1","1","2"
"敷城王张元","1","1","2"
"城王张元范","1","1","2"
"授都督北徐","1","1","2"
"都督北徐州","1","1","2"
"督北徐州诸","1","1","2"
"北徐州诸军","1","1","2"
"将军任忠等","1","1","2"
"军任忠等分","1","1","2"
"任忠等分部","1","1","2"
"周军攻陷豫","1","1","2"
"州刺史樊毅","1","1","2"
"刺史樊毅率","1","1","2"
"史樊毅率众","1","1","2"
"樊毅率众北","1","1","2"
"上十州诸军","1","1","2"
"周安州总管","1","1","2"
"安州总管元","1","1","2"
"州总管元景","1","1","2"
"弼旗鼓相对","1","1","2"
"弼攻败诸将","1","1","2"
"获数十百人","1","1","2"
"书令江总抚","1","1","2"
"悲君感义死","1","1","2"
"队主杨孝辩","1","1","2"
"萧摩诃气冠","1","1","2"
"摩诃气冠三","1","1","2"
"诃气冠三军","1","1","2"
"齐豫章王行","1","1","2"
"豫章王行参","1","1","2"
"章王行参军","1","1","2"
"居父忧过礼","2","0","2"
"镇西府记室","1","1","2"
"时朝廷政事","1","1","2"
"朝廷政事多","1","1","2"
"廷政事多委","1","1","2"
"舍人庾肩吾","1","1","2"
"蔡氏锦裙襦","1","1","2"
"宫步兵校尉","1","1","2"
"平北府谘议","1","1","2"
"北府谘议参","1","1","2"
"光禄大夫征","1","1","2"
"佞巡抚招集","1","1","2"
"尚书右丞王","1","1","2"
"军师始兴王","1","1","2"
"师始兴王谘","1","1","2"
"祖母阮氏先","1","1","2"
"舅尚书王筠","1","1","2"
"风定花犹落","1","1","2"
"蔺居母阮氏","1","1","2"
"智武府外兵","1","1","2"
"武府外兵参","1","1","2"
"书驾部郎中","1","1","2"
"引祠部侍郎","1","1","2"
"祠部侍郎阮","1","1","2"
"部侍郎阮卓","1","1","2"
"府录事参军","1","1","2"
"掌中宫管记","1","1","2"
"舍人施文庆","1","1","2"
"时尚书右丞","1","1","2"
"尚书右丞徐","1","1","2"
"书右丞徐祚","1","1","2"
"尚书左丞沈","1","1","2"
"书左丞沈客","1","1","2"
"左丞沈客卿","1","1","2"
"谢公家传孝","1","1","2"
"吏部尚书吴","1","1","2"
"部尚书吴兴","1","1","2"
"尚书吴兴姚","1","1","2"
"书吴兴姚察","1","1","2"
"随聘使杜子","1","1","2"
"聘使杜子晖","1","1","2"
"尚书水部侍","1","1","2"
"书水部侍郎","1","1","2"
"薄麦粥一升","1","1","2"
"除太子庶子","2","0","2"
"高宗特降殊","1","1","2"
"宗特降殊礼","1","1","2"
"宜都王谘议","1","1","2"
"都王谘议参","1","1","2"
"安德宫长秋","1","1","2"
"德宫长秋卿","1","1","2"
"司州大中正","1","1","2"
"鄱阳王录事","1","1","2"
"阳王录事参","1","1","2"
"一升麦屑粥","1","1","2"
"时衡阳王伯","1","1","2"
"中大通元年","1","1","2"
"勉撰定仪注","1","1","2"
"学士刘陟等","1","1","2"
"颜子登歌词","1","1","2"
"尚书参议令","1","1","2"
"尚书左丞徐","1","1","2"
"书左丞徐陵","1","1","2"
"大著作虞荔","1","1","2"
"前黄门侍郎","1","1","2"
"时东宫学士","1","1","2"
"诏赠司农卿","1","1","2"
"身长七尺四","1","1","2"
"长七尺四寸","1","1","2"
"南中郎武陵","1","1","2"
"郎武陵王行","1","1","2"
"武陵王行参","1","1","2"
"西武陵王记","1","1","2"
"武陵王记室","1","1","2"
"授庐陵王记","1","1","2"
"庐陵王记室","1","1","2"
"转中书侍郎","2","0","2"
"云麾临海王","1","1","2"
"麾临海王长","1","1","2"
"临海王长史","1","1","2"
"南平王国左","1","1","2"
"平王国左常","1","1","2"
"车河东王府","1","1","2"
"河东王府行","1","1","2"
"东王府行参","1","1","2"
"始兴王府谘","1","1","2"
"兴王府谘议","1","1","2"
"亨少传家业","1","1","2"
"平西府记室","1","1","2"
"吴兴沈炯对","1","1","2"
"兴沈炯对掌","1","1","2"
"沈炯对掌书","1","1","2"
"炯对掌书记","1","1","2"
"晋安王承制","1","1","2"
"尚书度支侍","1","1","2"
"书度支侍郎","1","1","2"
"刘俣入侍殿","1","1","2"
"俣入侍殿中","1","1","2"
"吏贿赂通奸","1","1","2"
"时舍人曹义","1","1","2"
"舍人曹义达","1","1","2"
"县民陈信家","1","1","2"
"赐粟米二百","1","1","2"
"粟米二百斛","1","1","2"
"威淮南王长","1","1","2"
"淮南王长史","1","1","2"
"尚书殿中侍","1","1","2"
"童子奉车郎","1","1","2"
"预重云殿法","1","1","2"
"重云殿法会","1","1","2"
"授东宫义省","1","1","2"
"东宫义省学","1","1","2"
"宫义省学士","1","1","2"
"中军吴兴王","1","1","2"
"军吴兴王记","1","1","2"
"吴兴王记室","1","1","2"
"直嘉德殿学","1","1","2"
"麾新安王主","1","1","2"
"安成王长史","1","1","2"
"宁远府记室","1","1","2"
"远府记室参","1","1","2"
"骑安成王行","1","1","2"
"安成王行参","1","1","2"
"成王行参军","1","1","2"
"军师晋安王","1","1","2"
"师晋安王外","1","1","2"
"晋安王外兵","1","1","2"
"安王外兵参","1","1","2"
"才学娱侍左","1","1","2"
"学娱侍左右","1","1","2"
"尚书祠部郎","1","1","2"
"书祠部郎中","1","1","2"
"桂阳王明威","1","1","2"
"阳王明威将","1","1","2"
"王明威将军","1","1","2"
"明威将军功","1","1","2"
"威将军功曹","1","1","2"
"将军功曹史","1","1","2"
"永阳王文学","1","1","2"
"衡阳王文学","1","1","2"
"直天保殿学","1","1","2"
"天保殿学士","1","1","2"
"宣毅临川王","1","1","2"
"毅临川王长","1","1","2"
"临川王长史","1","1","2"
"世祖会稽太","2","0","2"
"祖会稽太守","2","0","2"
"尚书三公侍","1","1","2"
"书三公侍郎","1","1","2"
"司空袁昂所","1","1","2"
"州议曹事史","2","0","2"
"丹阳五官掾","1","1","2"
"安西刑狱参","1","1","2"
"西刑狱参军","1","1","2"
"都举兵东下","1","1","2"
"邵陵太守刘","1","1","2"
"陵太守刘恭","1","1","2"
"司空府谘议","1","1","2"
"空府谘议参","1","1","2"
"齐文宣帝薨","1","1","2"
"功曹史柳咸","1","1","2"
"齐永元元年","1","1","2"
"七十五年行","1","1","2"
"十五年行事","1","1","2"
"臧荣绪称史","1","1","2"
"伯阳浮海南","1","1","2"
"空侯安都府","1","1","2"
"侯安都府记","1","1","2"
"安都府记室","1","1","2"
"都府记室参","1","1","2"
"记室参军事","1","1","2"
"中记室李爽","1","1","2"
"记室张正见","1","1","2"
"左民郎贺彻","1","1","2"
"黄门郎萧诠","1","1","2"
"记室祖孙登","1","1","2"
"长史刘删等","1","1","2"
"镇北新安王","1","1","2"
"北新安王府","1","1","2"
"新安王府中","1","1","2"
"安王府中记","1","1","2"
"王府中记室","1","1","2"
"带东海郡丞","1","1","2"
"赋剧韵二十","1","1","2"
"临海嗣王府","1","1","2"
"海嗣王府限","1","1","2"
"嗣王府限外","1","1","2"
"王府限外谘","1","1","2"
"府限外谘议","1","1","2"
"右新安王府","1","1","2"
"新安王府谘","1","1","2"
"安王府谘议","1","1","2"
"勃海长乐二","1","1","2"
"海长乐二郡","1","1","2"
"长乐二郡太","1","1","2"
"乐二郡太守","1","1","2"
"邵陵王国左","1","1","2"
"陵王国左常","1","1","2"
"时焦僧度拥","1","1","2"
"焦僧度拥众","1","1","2"
"除镇东鄱阳","2","0","2"
"鄱阳王府墨","1","1","2"
"阳王府墨曹","1","1","2"
"王府墨曹行","1","1","2"
"府墨曹行参","1","1","2"
"墨曹行参军","1","1","2"
"衡阳王府长","1","1","2"
"阳王府长史","1","1","2"
"庐陵王文学","1","1","2"
"信威晋熙王","1","1","2"
"威晋熙王府","1","1","2"
"晋熙王府长","1","1","2"
"熙王府长史","1","1","2"
"轻车鄱阳王","1","1","2"
"车鄱阳王府","1","1","2"
"鄱阳王府外","1","1","2"
"阳王府外兵","1","1","2"
"麾新安王府","1","1","2"
"新安王府记","1","1","2"
"迁鄱阳王中","2","0","2"
"王中卫府录","1","1","2"
"中卫府录事","1","1","2"
"晋安王府记","1","1","2"
"多金翠珠贝","1","1","2"
"金翠珠贝珍","1","1","2"
"翠珠贝珍怪","1","1","2"
"衡阳王府中","1","1","2"
"阳王府中录","1","1","2"
"始兴王中卫","1","1","2"
"兴王中卫府","1","1","2"
"卫府记室参","1","1","2"
"河东薛道衡","1","1","2"
"宴群臣赋诗","1","1","2"
"昙朗兵力稍","1","1","2"
"朗兵力稍强","1","1","2"
"须分留奇兵","1","1","2"
"时巴山陈定","1","1","2"
"土豪二十人","1","1","2"
"桂州刺史资","1","1","2"
"遣李孝钦等","1","1","2"
"李孝钦等随","1","1","2"
"封永化县侯","1","1","2"
"授平西将军","1","1","2"
"世祖征南川","1","1","2"
"祖征南川兵","1","1","2"
"南中兵筑城","1","1","2"
"中兵筑城围","1","1","2"
"梁始兴王萧","1","1","2"
"始兴王萧毅","1","1","2"
"余孝顷相合","1","1","2"
"黄法抃等率","1","1","2"
"法抃等率兵","1","1","2"
"抃等率兵共","1","1","2"
"等率兵共围","1","1","2"
"太守周敷本","1","1","2"
"方兴率兵袭","1","1","2"
"天嘉三年春","1","1","2"
"故司空愍公","1","1","2"
"安西周敷效","1","1","2"
"西周敷效力","1","1","2"
"太守怀仁县","1","1","2"
"守怀仁县伯","1","1","2"
"太守益阳县","1","1","2"
"守益阳县子","1","1","2"
"益阳县子陆","1","1","2"
"阳县子陆子","1","1","2"
"县子陆子隆","1","1","2"
"高州刺史新","1","1","2"
"前吴兴太守","1","1","2"
"城太守钱法","1","1","2"
"太守钱法成","1","1","2"
"刺史南固县","1","1","2"
"史南固县侯","1","1","2"
"南固县侯焦","1","1","2"
"固县侯焦僧","1","1","2"
"县侯焦僧度","1","1","2"
"建州刺史辰","1","1","2"
"州刺史辰县","1","1","2"
"刺史辰县子","1","1","2"
"史辰县子张","1","1","2"
"辰县子张智","1","1","2"
"县子张智达","1","1","2"
"江州刺史安","1","1","2"
"州刺史安吴","1","1","2"
"刺史安吴县","1","1","2"
"史安吴县侯","1","1","2"
"安吴县侯吴","1","1","2"
"安成内史刘","1","1","2"
"寻阳太守华","1","1","2"
"阳太守华皎","1","1","2"
"巴州刺史潘","1","1","2"
"州刺史潘纯","1","1","2"
"郢州刺史欣","1","1","2"
"州刺史欣乐","1","1","2"
"刺史欣乐县","1","1","2"
"史欣乐县侯","1","1","2"
"欣乐县侯章","1","1","2"
"乐县侯章昭","1","1","2"
"县侯章昭达","1","1","2"
"湘州刺史湘","1","1","2"
"刺史湘东郡","1","1","2"
"史湘东郡公","1","1","2"
"湘东郡公度","1","1","2"
"仪同三司欧","1","1","2"
"同三司欧阳","1","1","2"
"子弟交州刺","1","1","2"
"弟交州刺史","1","1","2"
"新除太子右","1","1","2"
"除太子右率","1","1","2"
"衡州刺史侯","1","1","2"
"州刺史侯晓","1","1","2"
"刺史侯晓等","1","1","2"
"大都督安都","1","1","2"
"都督安都平","1","1","2"
"令众军作连","1","1","2"
"众军作连城","1","1","2"
"军作连城攻","1","1","2"
"高宗总督讨","1","1","2"
"时宣城太守","1","1","2"
"太守钱肃镇","1","1","2"
"吴州刺史陈","1","1","2"
"州刺史陈详","1","1","2"
"都督程灵洗","1","1","2"
"督程灵洗击","1","1","2"
"超监知郡事","1","1","2"
"随临城公萧","1","1","2"
"临城公萧大","1","1","2"
"城公萧大连","1","1","2"
"左右私树威","1","1","2"
"右私树威福","1","1","2"
"将军宋子仙","1","1","2"
"异东阳太守","2","0","2"
"景行台刘神","1","1","2"
"行台刘神茂","1","1","2"
"世祖平定会","1","1","2"
"祖平定会稽","1","1","2"
"增邑三百户","1","1","2"
"第三子贞臣","2","0","2"
"鄱阳信安岭","1","1","2"
"左卫将军沈","1","1","2"
"卫将军沈恪","1","1","2"
"将军沈恪代","1","1","2"
"引南川岭路","1","1","2"
"徐州刺史桂","1","1","2"
"州刺史桂阳","1","1","2"
"刺史桂阳郡","1","1","2"
"史桂阳郡开","1","1","2"
"桂阳郡开国","1","1","2"
"阳郡开国公","1","1","2"
"郡开国公安","1","1","2"
"开国公安都","1","1","2"
"男女数千人","1","1","2"
"梁代晋安数","1","1","2"
"宾化侯萧云","1","1","2"
"时东西岭路","1","1","2"
"闽寇陈宝应","1","1","2"
"寇陈宝应父","1","1","2"
"南康内史裴","1","1","2"
"康内史裴忌","1","1","2"
"新除轻车将","1","1","2"
"轻车将军刘","1","1","2"
"车将军刘峰","1","1","2"
"衡州刺史钱","1","1","2"
"州刺史钱道","1","1","2"
"刺史钱道戢","1","1","2"
"故司空欧阳","1","1","2"
"司空欧阳公","1","1","2"
"明州刺史戴","1","1","2"
"州刺史戴晃","1","1","2"
"新州刺史区","1","1","2"
"州刺史区白","1","1","2"
"刺史区白兽","1","1","2"
"公世子徐敬","1","1","2"
"世子徐敬成","1","1","2"
"护军将军昭","1","1","2"
"军将军昭达","1","1","2"
"子左卫率孙","1","1","2"
"左卫率孙诩","1","1","2"
"寻阳太守莫","1","1","2"
"阳太守莫景","1","1","2"
"太守莫景隆","1","1","2"
"豫章太守刘","1","1","2"
"章太守刘广","1","1","2"
"太守刘广德","1","1","2"
"江州刺史新","1","1","2"
"史新建县开","1","1","2"
"新建县开国","1","1","2"
"建县开国侯","1","1","2"
"县开国侯法","1","1","2"
"昙朗奸慝翻","1","1","2"
"朗奸慝翻覆","1","1","2"
"豫章内史钱","1","1","2"
"章内史钱法","1","1","2"
"内史钱法成","1","1","2"
"谴责御史中","1","1","2"
"责御史中丞","1","1","2"
"御史中丞王","1","1","2"
"史中丞王政","1","1","2"
"右卫将军萧","1","1","2"
"卫将军萧摩","1","1","2"
"遣记室韦谅","1","1","2"
"记室韦谅送","1","1","2"
"叔陵部下兵","1","1","2"
"赖长沙王叔","1","1","2"
"前衡阳内史","1","1","2"
"衡阳内史彭","1","1","2"
"阳内史彭暠","1","1","2"
"封游安县子","1","1","2"
"东海三郡诸","1","1","2"
"海三郡诸军","1","1","2"
"琅邪二郡太","1","1","2"
"邪二郡太守","1","1","2"
"助叔陵指挥","1","1","2"
"改承圣四年","1","1","2"
"授高祖侍中","1","1","2"
"大都督中外","1","1","2"
"扬南徐二州","1","1","2"
"南徐二州刺","1","1","2"
"徐二州刺史","1","1","2"
"进封义兴郡","1","1","2"
"侍中谒者仆","1","1","2"
"中谒者仆射","1","1","2"
"谒者仆射陆","1","1","2"
"者仆射陆缮","1","1","2"
"仆射陆缮策","1","1","2"
"长城县夫人","1","1","2"
"城县夫人章","1","1","2"
"县夫人章氏","1","1","2"
"义兴国夫人","1","1","2"
"加高祖前后","1","1","2"
"高祖前后部","1","1","2"
"祖前后部羽","1","1","2"
"改梁太平二","1","1","2"
"梁太平二年","1","1","2"
"诏梁皇太后","1","1","2"
"江阴国太妃","1","1","2"
"丹阳尹王冲","1","1","2"
"追赠皇兄梁","1","1","2"
"州刺史长城","1","1","2"
"刺史长城县","1","1","2"
"史长城县公","1","1","2"
"长城县公道","1","1","2"
"城县公道谭","1","1","2"
"徐州刺史武","1","1","2"
"州刺史武康","1","1","2"
"刺史武康县","1","1","2"
"史武康县侯","1","1","2"
"武康县侯休","1","1","2"
"康县侯休先","1","1","2"
"皇后谒太庙","2","0","2"
"遣吏部尚书","1","1","2"
"吏部尚书谢","1","1","2"
"部尚书谢哲","1","1","2"
"忠武将军杜","1","1","2"
"三司徐度侍","2","0","2"
"司徐度侍中","2","0","2"
"立皇子伯山","1","1","2"
"晋陵太守杜","1","1","2"
"陵太守杜棱","1","1","2"
"周湘州城主","1","1","2"
"湘州城主殷","1","1","2"
"州城主殷亮","1","1","2"
"丹阳尹沈君","1","1","2"
"阳尹沈君理","1","1","2"
"理左民尚书","1","1","2"
"南荆州刺史","1","1","2"
"荆州刺史吴","1","1","2"
"光禄大夫徐","1","1","2"
"禄大夫徐世","1","1","2"
"大夫徐世谱","1","1","2"
"十二月丙申","1","1","2"
"中抚军大将","1","1","2"
"冬十一月丁","1","1","2"
"十一月丁亥","1","1","2"
"左卫将军程","1","1","2"
"卫将军程灵","1","1","2"
"将军程灵洗","1","1","2"
"军将军杜棱","1","1","2"
"丹阳尹袁枢","1","1","2"
"卫尉卿沈钦","1","1","2"
"立皇子伯固","1","1","2"
"十二月乙卯","1","1","2"
"立皇子伯礼","1","1","2"
"江州刺史黄","1","1","2"
"史黄法抃中","2","0","2"
"中护军程灵","1","1","2"
"护军程灵洗","1","1","2"
"郢州刺史沈","1","1","2"
"吴兴太守吴","1","1","2"
"兴太守吴明","1","1","2"
"太守吴明彻","1","1","2"
"吴郡太守鄱","1","1","2"
"郡太守鄱阳","1","1","2"
"太守鄱阳王","1","1","2"
"守鄱阳王伯","1","1","2"
"司空安成王","1","1","2"
"尊皇太后曰","1","1","2"
"皇太后曰太","1","1","2"
"太后曰太皇","1","1","2"
"后曰太皇太","1","1","2"
"曰太皇太后","1","1","2"
"皇后曰皇太","1","1","2"
"后曰皇太后","1","1","2"
"尚书令安成","1","1","2"
"书令安成王","1","1","2"
"号征东将军","1","1","2"
"阳王伯山进","2","0","2"
"王伯山进号","2","0","2"
"中护军沈恪","1","1","2"
"大夫王冲薨","1","1","2"
"前平西将军","1","1","2"
"荆州刺史沈","1","1","2"
"新除中军大","2","0","2"
"除中军大将","2","0","2"
"太建二年四","1","1","2"
"建二年四月","1","1","2"
"二年四月薨","1","1","2"
"班剑三十人","1","1","2"
"抚大将军章","1","1","2"
"昭达进号车","2","0","2"
"达进号车骑","2","0","2"
"尚书仆射沈","1","1","2"
"书仆射沈钦","1","1","2"
"王劢尚书右","2","0","2"
"劢尚书右仆","2","0","2"
"著作徐陵尚","2","0","2"
"作徐陵尚书","2","0","2"
"理吏部尚书","1","1","2"
"中护军晋安","1","1","2"
"护军晋安王","1","1","2"
"军晋安王伯","1","1","2"
"左卫将军欧","1","1","2"
"卫将军欧阳","1","1","2"
"将军欧阳纥","1","1","2"
"春正月乙酉","1","1","2"
"司章昭达进","1","1","2"
"刺史沈恪进","1","1","2"
"史沈恪进号","1","1","2"
"二月癸巳夜","1","1","2"
"中郎将长沙","1","1","2"
"郎将长沙王","1","1","2"
"将长沙王府","1","1","2"
"长沙王府谘","1","1","2"
"沙王府谘议","1","1","2"
"谘议参军萧","1","1","2"
"议参军萧彝","1","1","2"
"春正月丙午","1","1","2"
"江州刺史始","1","1","2"
"吴郡太守长","1","1","2"
"郡太守长沙","1","1","2"
"太守长沙王","1","1","2"
"守长沙王叔","1","1","2"
"丹阳尹衡阳","1","1","2"
"阳尹衡阳王","1","1","2"
"尹衡阳王伯","1","1","2"
"夏四月戊子","1","1","2"
"故太尉徐度","1","1","2"
"仪同程灵洗","1","1","2"
"同程灵洗配","1","1","2"
"程灵洗配食","1","1","2"
"灵洗配食高","1","1","2"
"洗配食高祖","1","1","2"
"故车骑将军","1","1","2"
"车骑将军章","1","1","2"
"骑将军章昭","1","1","2"
"军章昭达配","1","1","2"
"章昭达配食","1","1","2"
"昭达配食世","1","1","2"
"达配食世祖","1","1","2"
"配食世祖庙","1","1","2"
"食世祖庙庭","1","1","2"
"十二月壬寅","1","1","2"
"前巴州刺史","1","1","2"
"巴州刺史鲁","1","1","2"
"北高唐郡城","1","1","2"
"南齐昌太守","1","1","2"
"齐昌太守黄","1","1","2"
"昌太守黄咏","1","1","2"
"克合州外城","1","1","2"
"高唐太守沈","1","1","2"
"唐太守沈善","1","1","2"
"太守沈善度","1","1","2"
"翊前将军新","1","1","2"
"前将军新安","1","1","2"
"大夫王通加","1","1","2"
"夫王通加特","1","1","2"
"王通加特进","1","1","2"
"书右仆射陆","1","1","2"
"晋陵太守王","1","1","2"
"陵太守王克","1","1","2"
"秋七月乙亥","1","1","2"
"丹阳尹江夏","1","1","2"
"阳尹江夏王","1","1","2"
"尹江夏王伯","1","1","2"
"十年春正月","1","1","2"
"春正月己巳","1","1","2"
"正月己巳朔","1","1","2"
"明威将军孙","1","1","2"
"郢水陆诸军","1","1","2"
"护军将军淳","1","1","2"
"部尚书袁宪","1","1","2"
"宣惠将军江","1","1","2"
"惠将军江夏","1","1","2"
"将军江夏王","1","1","2"
"军江夏王伯","1","1","2"
"镇前将军豫","1","1","2"
"前将军豫章","1","1","2"
"将军豫章王","1","1","2"
"军豫章王叔","1","1","2"
"江州刺史鄱","1","1","2"
"军樊毅都督","1","1","2"
"樊毅都督北","1","1","2"
"加安北将军","1","1","2"
"任忠都督北","1","1","2"
"加平北将军","1","1","2"
"平北将军沈","1","1","2"
"北将军沈恪","1","1","2"
"军裴子烈镇","1","1","2"
"开远将军徐","1","1","2"
"远将军徐道","1","1","2"
"将军徐道奴","1","1","2"
"军徐道奴镇","1","1","2"
"前信州刺史","1","1","2"
"信州刺史杨","1","1","2"
"州刺史杨宝","1","1","2"
"刺史杨宝安","1","1","2"
"史杨宝安镇","1","1","2"
"军樊毅镇西","2","0","2"
"樊毅镇西将","2","0","2"
"毅镇西将军","2","0","2"
"平北将军庐","1","1","2"
"北将军庐陵","1","1","2"
"宣毅将军河","1","1","2"
"毅将军河东","1","1","2"
"将军河东王","1","1","2"
"军河东王叔","1","1","2"
"书右仆射晋","1","1","2"
"右仆射晋安","1","1","2"
"安王伯恭尚","2","0","2"
"王伯恭尚书","2","0","2"
"安随等九州","1","1","2"
"随等九州八","1","1","2"
"等九州八镇","1","1","2"
"九州八镇诸","1","1","2"
"州八镇诸军","1","1","2"
"八镇诸军事","1","1","2"
"超武将军陈","1","1","2"
"武将军陈慧","1","1","2"
"将军陈慧纪","1","1","2"
"散骑常侍淳","1","1","2"
"智武将军鲁","1","1","2"
"武将军鲁广","1","1","2"
"徐州刺史河","1","1","2"
"州刺史河东","1","1","2"
"刺史河东王","1","1","2"
"史河东王叔","1","1","2"
"护军将军鄱","1","1","2"
"军将军鄱阳","1","1","2"
"将军鄱阳王","1","1","2"
"军鄱阳王伯","1","1","2"
"国子祭酒新","1","1","2"
"子祭酒新安","1","1","2"
"祭酒新安王","1","1","2"
"酒新安王伯","1","1","2"
"尚书仆射晋","1","1","2"
"书仆射晋安","1","1","2"
"丹阳尹徐陵","1","1","2"
"卫尉卿宜都","1","1","2"
"尉卿宜都王","1","1","2"
"卿宜都王叔","1","1","2"
"丹阳尹毛喜","1","1","2"
"卫尉卿沈恪","1","1","2"
"雍州大中正","1","1","2"
"袭封寿昌县","1","1","2"
"封寿昌县公","1","1","2"
"改封西江县","1","1","2"
"封西江县公","1","1","2"
"随周文育讨","1","1","2"
"都督新安郡","1","1","2"
"督新安郡诸","1","1","2"
"新安郡诸军","1","1","2"
"安郡诸军事","1","1","2"
"谯州刺史资","1","1","2"
"文季字少卿","1","1","2"
"高祖南征李","1","1","2"
"祖南征李贲","1","1","2"
"宣后随沈恪","1","1","2"
"都督豫章郡","1","1","2"
"督豫章郡诸","1","1","2"
"豫章郡诸军","1","1","2"
"章郡诸军事","1","1","2"
"忠武将军南","1","1","2"
"武将军南豫","1","1","2"
"将军南豫州","1","1","2"
"军南豫州刺","1","1","2"
"州刺史樊猛","1","1","2"
"入知卫尉事","1","1","2"
"雍州刺史资","1","1","2"
"享高祖庙廷","1","1","2"
"侍灵人二十","1","1","2"
"骑庐陵王长","1","1","2"
"绍泰元年加","1","1","2"
"加金紫光禄","2","0","2"
"巴州刺史戴","1","1","2"
"州刺史戴僧","1","1","2"
"刺史戴僧朔","1","1","2"
"衡阳内史任","1","1","2"
"阳内史任蛮","1","1","2"
"内史任蛮奴","1","1","2"
"巴陵内史潘","1","1","2"
"陵内史潘智","1","1","2"
"内史潘智虔","1","1","2"
"岳阳太守章","1","1","2"
"阳太守章昭","1","1","2"
"太守章昭裕","1","1","2"
"桂阳太守曹","1","1","2"
"阳太守曹宣","1","1","2"
"湘东太守钱","1","1","2"
"东太守钱明","1","1","2"
"卫始兴王长","1","1","2"
"衡二州诸军","1","1","2"
"都督广等十","1","1","2"
"督广等十八","1","1","2"
"广等十八州","1","1","2"
"等十八州诸","1","1","2"
"加翊右将军","1","1","2"
"宋左光禄大","1","1","2"
"下上数千载","1","1","2"
"中书黄门侍","1","1","2"
"书黄门侍郎","1","1","2"
"宣惠宜都王","1","1","2"
"惠宜都王中","1","1","2"
"宜都王中录","1","1","2"
"都王中录事","1","1","2"
"王中录事参","1","1","2"
"带东宫学士","1","1","2"
"衡阳王府法","1","1","2"
"阳王府法曹","1","1","2"
"会稽王主簿","1","1","2"
"赠骠骑大将","1","1","2"
"改封始兴郡","1","1","2"
"遣散骑常侍","1","1","2"
"度支尚书萧","1","1","2"
"支尚书萧睿","1","1","2"
"尚书萧睿持","1","1","2"
"书萧睿持节","1","1","2"
"持节太宰告","2","0","2"
"节太宰告太","2","0","2"
"遣五兵尚书","1","1","2"
"五兵尚书王","1","1","2"
"兵尚书王质","1","1","2"
"尚书王质持","1","1","2"
"书王质持节","1","1","2"
"柳皇后生后","1","1","2"
"皇后生后主","1","1","2"
"彭贵人生始","1","1","2"
"贵人生始兴","1","1","2"
"人生始兴王","1","1","2"
"曹淑华生豫","1","1","2"
"淑华生豫章","1","1","2"
"华生豫章王","1","1","2"
"生豫章王叔","1","1","2"
"何淑仪生长","1","1","2"
"淑仪生长沙","1","1","2"
"仪生长沙王","1","1","2"
"生长沙王叔","1","1","2"
"魏昭容生建","1","1","2"
"昭容生建安","1","1","2"
"容生建安王","1","1","2"
"生建安王叔","1","1","2"
"钱贵妃生河","1","1","2"
"贵妃生河东","1","1","2"
"妃生河东王","1","1","2"
"生河东王叔","1","1","2"
"刘昭仪生新","1","1","2"
"昭仪生新蔡","1","1","2"
"仪生新蔡王","1","1","2"
"生新蔡王叔","1","1","2"
"袁昭容生晋","1","1","2"
"昭容生晋熙","1","1","2"
"容生晋熙王","1","1","2"
"生晋熙王叔","1","1","2"
"王姬生淮南","1","1","2"
"姬生淮南王","1","1","2"
"生淮南王叔","1","1","2"
"吴姬生始兴","1","1","2"
"姬生始兴王","1","1","2"
"徐姬生寻阳","1","1","2"
"姬生寻阳王","1","1","2"
"生寻阳王叔","1","1","2"
"姬生岳阳王","1","1","2"
"生岳阳王叔","1","1","2"
"华生武昌王","1","1","2"
"生武昌王叔","1","1","2"
"容生湘东王","1","1","2"
"生湘东王叔","1","1","2"
"施姬生临贺","1","1","2"
"姬生临贺王","1","1","2"
"生临贺王叔","1","1","2"
"曾姬生阳山","1","1","2"
"姬生阳山王","1","1","2"
"生阳山王叔","1","1","2"
"杨姬生西阳","1","1","2"
"姬生西阳王","1","1","2"
"生西阳王叔","1","1","2"
"申婕妤生南","1","1","2"
"婕妤生南安","1","1","2"
"妤生南安王","1","1","2"
"生南安王叔","1","1","2"
"袁姬生新兴","1","1","2"
"姬生新兴王","1","1","2"
"生新兴王叔","1","1","2"
"刘姬生临江","1","1","2"
"姬生临江王","1","1","2"
"生临江王叔","1","1","2"
"秦姬生新宁","1","1","2"
"姬生新宁王","1","1","2"
"隋大业中涪","2","0","2"
"功进号骠骑","1","1","2"
"高宗第十一","1","1","2"
"寻智武将军","2","0","2"
"高宗第十二","1","1","2"
"衡阳太守樊","1","1","2"
"阳太守樊通","1","1","2"
"武州刺史邬","1","1","2"
"州刺史邬居","1","1","2"
"刺史邬居业","1","1","2"
"隋大业中内","2","0","2"
"进号军师将","1","1","2"
"号军师将军","1","1","2"
"都督扬州诸","1","1","2"
"督扬州诸军","1","1","2"
"徒王僧辩幕","1","1","2"
"王僧辩幕府","1","1","2"
"僧辩幕府初","1","1","2"
"辩幕府初建","1","1","2"
"沛国刘师知","1","1","2"
"国刘师知同","1","1","2"
"本邑大中正","1","1","2"
"征北谘议参","1","1","2"
"北谘议参军","1","1","2"
"镇东谘议参","1","1","2"
"东谘议参军","1","1","2"
"荥阳阳武人","1","1","2"
"桂阳三王府","1","1","2"
"阳三王府国","1","1","2"
"三王府国事","1","1","2"
"庾氏东昌国","1","1","2"
"氏东昌国太","1","1","2"
"东昌国太夫","1","1","2"
"昌国太夫人","1","1","2"
"赐布五百匹","1","1","2"
"抚军将军景","1","1","2"
"军将军景历","1","1","2"
"太子少傅丞","1","1","2"
"仆射江总知","1","1","2"
"射江总知撰","1","1","2"
"江总知撰五","1","1","2"
"总知撰五礼","1","1","2"
"知撰五礼事","1","1","2"
"宣毅府长史","1","1","2"
"安德宫卫尉","1","1","2"
"东中郎武陵","1","1","2"
"郎武陵王府","1","1","2"
"武陵王府参","1","1","2"
"陵王府参军","1","1","2"
"王府参军事","1","1","2"
"信威临贺王","1","1","2"
"威临贺王记","1","1","2"
"临贺王记室","1","1","2"
"本郡五官掾","1","1","2"
"齐军大力十","1","1","2"
"授明毅将军","1","1","2"
"封廉平县伯","1","1","2"
"封安复县侯","1","1","2"
"改封梁信郡","1","1","2"
"封梁信郡公","1","1","2"
"梁散骑常侍","2","0","2"
"封夷道县伯","1","1","2"
"周文育等败","1","1","2"
"武陵王谘议","1","1","2"
"太傅安九世","1","1","2"
"傅安九世孙","1","1","2"
"光禄大夫济","1","1","2"
"禄大夫济阳","1","1","2"
"大夫济阳江","1","1","2"
"夫济阳江革","1","1","2"
"都官尚书会","1","1","2"
"官尚书会稽","1","1","2"
"尚书会稽孔","1","1","2"
"书会稽孔休","1","1","2"
"会稽孔休源","1","1","2"
"稽孔休源友","1","1","2"
"湘阴侯萧昂","1","1","2"
"南康嗣王墨","1","1","2"
"康嗣王墨曹","1","1","2"
"嗣王墨曹参","1","1","2"
"王墨曹参军","1","1","2"
"中书郎刘师","1","1","2"
"书郎刘师知","1","1","2"
"北征道理记","1","1","2"
"镇东邵陵王","1","1","2"
"东邵陵王府","1","1","2"
"邵陵王府限","1","1","2"
"陵王府限外","1","1","2"
"始平天门二","1","1","2"
"平天门二郡","1","1","2"
"天门二郡守","1","1","2"
"征西中记室","1","1","2"
"武陵王安西","1","1","2"
"陵王安西府","1","1","2"
"王安西府刑","1","1","2"
"安西府刑狱","1","1","2"
"西府刑狱参","1","1","2"
"府刑狱参军","1","1","2"
"刑狱参军事","1","1","2"
"晋安王宣惠","1","1","2"
"安王宣惠府","1","1","2"
"王宣惠府中","1","1","2"
"宣惠府中记","1","1","2"
"惠府中记室","1","1","2"
"镇北府中录","1","1","2"
"北府中录事","1","1","2"
"征南府谘议","1","1","2"
"南府谘议参","1","1","2"
"武陵王明威","1","1","2"
"陵王明威府","1","1","2"
"王明威府功","1","1","2"
"明威府功曹","1","1","2"
"威府功曹史","1","1","2"
"豫章王文学","1","1","2"
"直宣明殿学","1","1","2"
"南梁州刺史","1","1","2"
"北巴西太守","1","1","2"
"南徐州议曹","1","1","2"
"所读者近三","1","1","2"
"读者近三千","1","1","2"
"梁河东王国","1","1","2"
"河东王国右","1","1","2"
"东王国右常","1","1","2"
"临川嗣王府","1","1","2"
"川嗣王府墨","1","1","2"
"嗣王府墨曹","1","1","2"
"王府墨曹参","1","1","2"
"府墨曹参军","1","1","2"
"宜都王限外","1","1","2"
"都王限外记","1","1","2"
"王限外记室","1","1","2"
"带寻阳郡丞","1","1","2"
"选尚信义公","1","1","2"
"尚信义公主","1","1","2"
"宁远岳阳王","1","1","2"
"远岳阳王府","1","1","2"
"岳阳王府记","1","1","2"
"阳王府记室","1","1","2"
"德教殿学士","1","1","2"
"南海王府谘","1","1","2"
"海王府谘议","1","1","2"
"始兴王府中","1","1","2"
"兴王府中录","1","1","2"
"封永兴县侯","1","1","2"
"都督缙州诸","1","1","2"
"督缙州诸军","1","1","2"
"缙州诸军事","1","1","2"
"封候官县侯","1","1","2"
"遣沙州刺史","1","1","2"
"沙州刺史俞","1","1","2"
"州刺史俞文","1","1","2"
"明威将军程","1","1","2"
"威将军程文","1","1","2"
"将军程文季","1","1","2"
"成州刺史甘","1","1","2"
"云旗将军谭","1","1","2"
"前监临海郡","1","1","2"
"监临海郡陈","1","1","2"
"临海郡陈思","1","1","2"
"海郡陈思庆","1","1","2"
"前军将军徐","1","1","2"
"军将军徐智","1","1","2"
"将军徐智远","1","1","2"
"明毅将军宜","1","1","2"
"毅将军宜黄","1","1","2"
"将军宜黄县","1","1","2"
"军宜黄县开","1","1","2"
"县开国侯慧","1","1","2"
"开国侯慧纪","1","1","2"
"新除晋安太","1","1","2"
"康乐县开国","1","1","2"
"乐县开国侯","1","1","2"
"县开国侯林","1","1","2"
"开国侯林冯","1","1","2"
"都督江州诸","1","1","2"
"督江州诸军","1","1","2"
"江州诸军事","1","1","2"
"封新夷县子","1","1","2"
"十二月丙辰","1","1","2"
"宣惠将军宜","1","1","2"
"惠将军宜都","1","1","2"
"将军宜都王","1","1","2"
"广陵临泽人","1","1","2"
"义兴阳羡人","1","1","2"
"始兴曲江人","1","1","2"
"巴西充国人","1","1","2"
"长沙临湘人","1","1","2"
"三千五百户","1","1","2"
"新安海宁人","1","1","2"
"前重安县开","1","1","2"
"重安县开国","1","1","2"
"安县开国公","1","1","2"
"巴山新建人","1","1","2"
"吴兴东迁人","1","1","2"
"建安九郡诸","1","1","2"
"巴东鱼复人","1","1","2"
"赐女伎一部","1","1","2"
"知礼涉猎文","1","1","2"
"礼涉猎文史","1","1","2"
"京兆杜陵人","1","1","2"
"彭城武原人","1","1","2"
"吴兴长城人","1","1","2"
"吴兴临安人","1","1","2"
"河东闻喜人","1","1","2"
"桂四州诸军","1","1","2"
"道行军元帅","1","1","2"
"湘三州诸军","1","1","2"
"南郡江陵人","1","1","2"
"北地灵州人","1","1","2"
"摄山大师诱","1","1","2"
"授镇西将军","1","1","2"
"陈郡长平人","1","1","2"
"转补安前邵","1","1","2"
"补安前邵陵","1","1","2"
"前邵陵王田","1","1","2"
"邵陵王田曹","1","1","2"
"陵王田曹参","1","1","2"
"颍川鄢陵人","1","1","2"
"河南阳翟人","1","1","2"
"南阳棘阳人","1","1","2"
"衡阳王主簿","1","1","2"
"遣镇南仪同","1","1","2"
"镇南仪同司","1","1","2"
"南仪同司马","1","1","2"
"刺史彭泽县","1","1","2"
"史彭泽县侯","1","1","2"
"晋三州诸军","1","1","2"
"也比不上太","0","2","2"
"比不上太傅","0","2","2"
"傅义兴公的","0","2","2"
"自己的利益","0","2","2"
"怎么能因为","0","2","2"
"皇室的命运","0","2","2"
"礼乐制度得","0","2","2"
"乐制度得到","0","2","2"
"制度得到恢","0","2","2"
"度得到恢复","0","2","2"
"感动了上天","0","2","2"
"是永久不变","0","2","2"
"本来就不是","0","2","2"
"业发扬光大","0","2","2"
"使天下大治","0","2","2"
"按照等次予","0","2","2"
"照等次予以","0","2","2"
"事的才能气","0","2","2"
"的才能气度","0","2","2"
"有关官员奏","0","2","2"
"关官员奏劾","0","2","2"
"离开故乡前","0","2","2"
"开故乡前往","0","2","2"
"故乡前往都","0","2","2"
"乡前往都城","0","2","2"
"劝他登上帝","0","2","2"
"担任这个职","0","2","2"
"任这个职务","0","2","2"
"参加对策考","0","2","2"
"加对策考试","0","2","2"
"主管学校的","0","2","2"
"管学校的官","0","2","2"
"学校的官员","0","2","2"
"就像脱掉鞋","0","2","2"
"像脱掉鞋子","0","2","2"
"岁寒然后知","0","2","2"
"寒然后知松","0","2","2"
"然后知松柏","0","2","2"
"后知松柏之","0","2","2"
"知松柏之后","0","2","2"
"松柏之后凋","0","2","2"
"天子下韶书","0","2","2"
"亲自吊唁致","0","2","2"
"自吊唁致哀","0","2","2"
"来周济别人","0","2","2"
"不同的学派","0","2","2"
"亲信的人说","0","2","2"
"散骑侍郎陈","0","2","2"
"任广州刺史","0","2","2"
"的豪杰之士","0","2","2"
"子雄的弟弟","0","2","2"
"雄的弟弟子","0","2","2"
"的弟弟子略","0","2","2"
"被流箭射死","0","2","2"
"口竖起栅栏","0","2","2"
"恐怕不是好","0","2","2"
"怕不是好办","0","2","2"
"水突然涨起","0","2","2"
"兵攻打欧阳","0","2","2"
"调度军队的","0","2","2"
"蔡路养起兵","0","2","2"
"出兵驻扎在","0","2","2"
"皇上旨意授","0","2","2"
"上旨意授予","0","2","2"
"旨意授予高","0","2","2"
"意授予高祖","0","2","2"
"李迁仕占据","0","2","2"
"皇帝旨意授","0","2","2"
"不久授散骑","0","2","2"
"久授散骑常","0","2","2"
"杜僧明等人","0","2","2"
"皇帝旨意命","0","2","2"
"驻扎在西昌","0","2","2"
"王僧辩驻军","0","2","2"
"从豫章出发","0","2","2"
"率领一万多","0","2","2"
"领一万多人","0","2","2"
"率领一万人","0","2","2"
"队渡过长江","0","2","2"
"报告给高祖","0","2","2"
"的第三个儿","0","2","2"
"了叛军的水","0","2","2"
"侯安都带领","0","2","2"
"释放了他们","0","2","2"
"的心腹将士","0","2","2"
"敌军的船只","0","2","2"
"兵一万多人","0","2","2"
"高祖派侯安","0","2","2"
"高祖上表送","0","2","2"
"高祖派周文","0","2","2"
"祖派周文育","0","2","2"
"等人各自率","0","2","2"
"侯安都驻兵","0","2","2"
"中人都十分","0","2","2"
"率领水军从","0","2","2"
"莫府山南侧","0","2","2"
"各部军队从","0","2","2"
"俘虏了萧轨","0","2","2"
"韶令授高祖","0","2","2"
"油幢皂轮车","0","2","2"
"侯安都镇守","0","2","2"
"韶令追赠高","0","2","2"
"追赠高祖先","0","2","2"
"休先为侍中","0","2","2"
"氏为义兴国","0","2","2"
"他的儿子萧","0","2","2"
"余孝顷起兵","0","2","2"
"孝顷起兵响","0","2","2"
"顷起兵响应","0","2","2"
"都率领军队","0","2","2"
"平定了他们","0","2","2"
"皂轮车均如","0","2","2"
"轮车均如故","0","2","2"
"的镇卫大将","0","2","2"
"扬州牧的职","0","2","2"
"南方少数民","0","2","2"
"朝廷的军队","0","2","2"
"他们的盟约","0","2","2"
"都成为天子","0","2","2"
"成为天子的","0","2","2"
"德运已经晦","0","2","2"
"运已经晦暗","0","2","2"
"足以效法的","0","2","2"
"自己的德行","0","2","2"
"卦所说的那","0","2","2"
"所说的那样","0","2","2"
"选拔贤能之","0","2","2"
"拔贤能之士","0","2","2"
"北方少数民","0","2","2"
"拯救动荡的","0","2","2"
"日常的纷繁","0","2","2"
"常的纷繁政","0","2","2"
"的纷繁政务","0","2","2"
"使黎民百姓","0","2","2"
"梁朝因为天","0","2","2"
"朝因为天赐","0","2","2"
"因为天赐的","0","2","2"
"为天赐的福","0","2","2"
"钟山祭祀蒋","0","2","2"
"山祭祀蒋帝","0","2","2"
"祭祀蒋帝庙","0","2","2"
"适逢时运昌","0","2","2"
"逢时运昌隆","0","2","2"
"怎么能说是","0","2","2"
"为临川郡王","0","2","2"
"兄长的儿子","0","2","2"
"的儿子梁朝","0","2","2"
"儿子梁朝中","0","2","2"
"子梁朝中书","0","2","2"
"梁朝中书侍","0","2","2"
"朝中书侍郎","0","2","2"
"京师发生了","0","2","2"
"年春季正月","0","2","2"
"领朱衣直合","0","2","2"
"亲临南郊祭","0","2","2"
"战争没有停","0","2","2"
"西方的寇敌","0","2","2"
"高祖亲自祭","0","2","2"
"祖亲自祭祀","0","2","2"
"皇帝亲自祭","0","2","2"
"是自古以来","0","2","2"
"自古以来的","0","2","2"
"王琳在郢州","0","2","2"
"立梁朝的永","0","2","2"
"的儿子季卿","0","2","2"
"率领他们的","0","2","2"
"领他们的部","0","2","2"
"皇帝到大庄","0","2","2"
"帝到大庄严","0","2","2"
"到大庄严寺","0","2","2"
"作先头部队","0","2","2"
"了王琳部将","0","2","2"
"初平定侯景","0","2","2"
"建造太极殿","0","2","2"
"临川王陈蓓","0","2","2"
"从京师出发","0","2","2"
"都督众军从","0","2","2"
"设无遮大会","0","2","2"
"用隆重的礼","0","2","2"
"隆重的礼节","0","2","2"
"国派遣使者","0","2","2"
"已故的司空","0","2","2"
"年五十七岁","0","2","2"
"高祖将要讨","0","2","2"
"祖将要讨伐","0","2","2"
"将要讨伐王","0","2","2"
"要讨伐王僧","0","2","2"
"伐王僧辩时","0","2","2"
"僧辩的女婿","0","2","2"
"辩的女婿杜","0","2","2"
"的女婿杜宠","0","2","2"
"任镇西将军","0","2","2"
"三司王冲为","0","2","2"
"重云殿发生","0","2","2"
"云殿发生火","0","2","2"
"殿发生火灾","0","2","2"
"号为安左将","0","2","2"
"该大赦天下","0","2","2"
"独不能自养","0","2","2"
"不能自养的","0","2","2"
"人赐五斛谷","0","2","2"
"到四方慰劳","0","2","2"
"太尉侯填在","0","2","2"
"王琳和他的","0","2","2"
"一成不变的","0","2","2"
"发生战事以","0","2","2"
"生战事以来","0","2","2"
"高祖的第六","0","2","2"
"幸存的百姓","0","2","2"
"把首级送到","0","2","2"
"首级送到京","0","2","2"
"级送到京城","0","2","2"
"军弃城逃跑","0","2","2"
"衡阳王陈昌","0","2","2"
"六月辛巳日","0","2","2"
"有重要地位","0","2","2"
"军水陆并进","0","2","2"
"令司空侯安","0","2","2"
"空侯安都领","0","2","2"
"侯安都领兵","0","2","2"
"任镇束将军","0","2","2"
"死了十分之","0","2","2"
"十分之七八","0","2","2"
"四月癸卯日","0","2","2"
"王陈顼为骠","0","2","2"
"陈顼为骠骑","0","2","2"
"为镇束将军","0","2","2"
"文武官员各","0","2","2"
"武官员各有","0","2","2"
"为父后的人","0","2","2"
"父后的人赐","0","2","2"
"后的人赐爵","0","2","2"
"国派使者来","0","2","2"
"史章昭达为","0","2","2"
"章昭达为护","0","2","2"
"昭达为护军","0","2","2"
"达为护军将","0","2","2"
"黄法毡为镇","0","2","2"
"讨伐陈宝应","0","2","2"
"余孝顷统领","0","2","2"
"孝顷统领会","0","2","2"
"顷统领会稽","0","2","2"
"史吴明彻为","0","2","2"
"正月庚辰日","0","2","2"
"舆驾亲往北","0","2","2"
"驾亲往北郊","0","2","2"
"派使者来修","0","2","2"
"使者来修好","0","2","2"
"都派使者来","0","2","2"
"可特赦京城","0","2","2"
"特赦京城的","0","2","2"
"赦京城的罪","0","2","2"
"京城的罪犯","0","2","2"
"征讨陈实应","0","2","2"
"使者来通好","0","2","2"
"孝悌力田继","0","2","2"
"悌力田继承","0","2","2"
"力田继承父","0","2","2"
"继承父业的","0","2","2"
"的人赐爵一","0","2","2"
"人赐爵一级","0","2","2"
"有彗星出现","0","2","2"
"四月乙卯日","0","2","2"
"令朝廷内外","0","2","2"
"十二月二十","0","2","2"
"国遣使臣敬","0","2","2"
"遣使臣敬献","0","2","2"
"年春正月初","0","2","2"
"以领军将军","0","2","2"
"月二十三日","0","2","2"
"太白星昼现","0","2","2"
"明彻为安南","0","2","2"
"彻为安南将","0","2","2"
"将军杜棱为","0","2","2"
"晋号车骑将","0","2","2"
"月二十四日","0","2","2"
"赐帛各有等","0","2","2"
"百济国派使","0","2","2"
"将领长胡公","0","2","2"
"领长胡公拓","0","2","2"
"都督淳于量","0","2","2"
"吴明彻等人","0","2","2"
"特殊的礼遇","0","2","2"
"佩剑穿履上","0","2","2"
"剑穿履上殿","0","2","2"
"少年时性格","0","2","2"
"善于骑马射","0","2","2"
"于骑马射箭","0","2","2"
"梁元帝征召","0","2","2"
"高祖的子侄","0","2","2"
"高宗被迁徙","0","2","2"
"增加封邑合","0","2","2"
"加封邑合并","0","2","2"
"封邑合并先","0","2","2"
"邑合并先前","0","2","2"
"合并先前所","0","2","2"
"分派各路大","0","2","2"
"派各路大使","0","2","2"
"各路大使巡","0","2","2"
"路大使巡视","0","2","2"
"帝舆驾亲自","0","2","2"
"舆驾亲自耕","0","2","2"
"驾亲自耕种","0","2","2"
"亲自耕种藉","0","2","2"
"自耕种藉田","0","2","2"
"派遣使者来","0","2","2"
"七月辛卯日","0","2","2"
"之乱被平定","0","2","2"
"仪同黄法毡","0","2","2"
"新罗国派使","0","2","2"
"罗国派使者","0","2","2"
"国派使者贡","0","2","2"
"派使者贡献","0","2","2"
"使者贡献地","0","2","2"
"者贡献地方","0","2","2"
"被侵占的土","0","2","2"
"侵占的土地","0","2","2"
"任他们回归","0","2","2"
"他们回归故","0","2","2"
"们回归故乡","0","2","2"
"任职的官员","0","2","2"
"太守杜棱为","0","2","2"
"高丽国派使","0","2","2"
"丽国派使者","0","2","2"
"舆驾亲临明","0","2","2"
"驾亲临明堂","0","2","2"
"亲临明堂祭","0","2","2"
"临明堂祭祀","0","2","2"
"国都派使者","0","2","2"
"萧季卿因罪","0","2","2"
"祭奠先圣先","0","2","2"
"遣使者来聘","0","2","2"
"来使军队整","0","2","2"
"将近二十年","0","2","2"
"兼任吏部尚","0","2","2"
"任命镇前将","0","2","2"
"命镇前将军","0","2","2"
"内外文武官","0","2","2"
"外文武官员","0","2","2"
"吴明彻统率","0","2","2"
"明彻统率十","0","2","2"
"号为征北大","0","2","2"
"二万人援助","0","2","2"
"明彻攻克寿","0","2","2"
"彻攻克寿阳","0","2","2"
"月壬辰朔日","0","2","2"
"他们的首级","0","2","2"
"沦陷区百姓","0","2","2"
"可以延期至","0","2","2"
"以延期至今","0","2","2"
"延期至今秋","0","2","2"
"出现了彗星","0","2","2"
"任命中卫将","0","2","2"
"命中卫将军","0","2","2"
"二月戊申日","0","2","2"
"三月辛末日","0","2","2"
"十月戊午日","0","2","2"
"史长沙王查","0","2","2"
"长沙王查哩","0","2","2"
"沙王查哩为","0","2","2"
"任命征西大","0","2","2"
"命征西大将","0","2","2"
"为中军大将","0","2","2"
"晋升为司空","0","2","2"
"夏季征调的","0","2","2"
"设丝竹音乐","0","2","2"
"任命云麾将","0","2","2"
"命云麾将军","0","2","2"
"进号为平北","0","2","2"
"詹事徐陵为","0","2","2"
"舆驾亲临藉","0","2","2"
"驾亲临藉田","0","2","2"
"亲临藉田耕","0","2","2"
"临藉田耕种","0","2","2"
"的叛军兵丁","0","2","2"
"在吕梁战败","0","2","2"
"樊毅为大都","0","2","2"
"毅为大都督","0","2","2"
"朕统治天下","0","2","2"
"安王伯固为","0","2","2"
"任命平北将","0","2","2"
"命平北将军","0","2","2"
"军樊毅为中","0","2","2"
"仆射陆缮为","0","2","2"
"射陆缮为尚","0","2","2"
"陆缮为尚书","0","2","2"
"为郢州刺史","0","2","2"
"希望天下大","0","2","2"
"军队国家的","0","2","2"
"法接受贿赂","0","2","2"
"接受贿赂的","0","2","2"
"而接受贿赂","0","2","2"
"接受贿赂者","0","2","2"
"梁士彦率军","0","2","2"
"任命车骑将","0","2","2"
"命车骑将军","0","2","2"
"任忠率领步","0","2","2"
"忠率领步兵","0","2","2"
"州又被攻陷","0","2","2"
"任命新任中","0","2","2"
"兴王叔陵为","0","2","2"
"奢侈豪华的","0","2","2"
"司马消难为","0","2","2"
"淳于陵攻克","0","2","2"
"分割衡州的","0","2","2"
"割衡州的始","0","2","2"
"衡州的始兴","0","2","2"
"郡为束衡州","0","2","2"
"时五十三岁","0","2","2"
"又有什么可","0","2","2"
"淮南一带的","0","2","2"
"了大量兵员","0","2","2"
"防御敌人的","0","2","2"
"后的母亲苏","0","2","2"
"的母亲苏氏","0","2","2"
"聪明有智慧","0","2","2"
"有美丽的容","0","2","2"
"美丽的容貌","0","2","2"
"丽的容貌仪","0","2","2"
"被侯景囚禁","0","2","2"
"被封为长城","0","2","2"
"元年被立为","0","2","2"
"年被立为皇","0","2","2"
"赠皇后的父","0","2","2"
"加授金色印","0","2","2"
"授金色印章","0","2","2"
"金色印章紫","0","2","2"
"色印章紫色","0","2","2"
"印章紫色丝","0","2","2"
"章紫色丝带","0","2","2"
"世祖入宫继","0","2","2"
"丧事所需物","0","2","2"
"事所需物品","0","2","2"
"葬在万安陵","0","2","2"
"食邑五百产","0","2","2"
"担任扬州刺","0","2","2"
"进入尚书省","0","2","2"
"理州中事务","0","2","2"
"在狱中被赐","0","2","2"
"被赐令自杀","0","2","2"
"事情被察觉","0","2","2"
"加授通直散","0","2","2"
"为中二千石","0","2","2"
"年六十七岁","0","2","2"
"被立为皇太","0","2","2"
"被任命为驸","0","2","2"
"任命她为贵","0","2","2"
"命她为贵妃","0","2","2"
"而得以免死","0","2","2"
"后主的命令","0","2","2"
"加授散骑常","0","2","2"
"有关官员弹","0","2","2"
"关官员弹劾","0","2","2"
"至散骑常侍","0","2","2"
"君理的女儿","0","2","2"
"在另外的房","0","2","2"
"张贵妃受宠","0","2","2"
"超过后宫所","0","2","2"
"过后宫所有","0","2","2"
"和后主一起","0","2","2"
"后主一起进","0","2","2"
"主一起进入","0","2","2"
"为自己的儿","0","2","2"
"自己的儿子","0","2","2"
"他为太子詹","0","2","2"
"不遵循法度","0","2","2"
"擅长骑马射","0","2","2"
"长骑马射箭","0","2","2"
"于是与周文","0","2","2"
"高祖征讨交","0","2","2"
"讨伐元景仲","0","2","2"
"伐元景仲时","0","2","2"
"僧明为前锋","0","2","2"
"位晋升为侯","0","2","2"
"晋升为侯爵","0","2","2"
"前所封共五","0","2","2"
"都比不上他","0","2","2"
"带领五百人","0","2","2"
"前冲锋陷阵","0","2","2"
"所到之处都","0","2","2"
"事情经过记","0","2","2"
"情经过记载","0","2","2"
"进攻蔡路养","0","2","2"
"双方相持不","0","2","2"
"銮五童任命","0","2","2"
"任游骑将军","0","2","2"
"塞直率领众","0","2","2"
"直率领众军","0","2","2"
"心置腹地安","0","2","2"
"追赠他为侍","0","2","2"
"赠他为侍中","0","2","2"
"被王琳拘禁","0","2","2"
"人君子交游","0","2","2"
"文育被熊昙","0","2","2"
"育被熊昙朗","0","2","2"
"被熊昙朗杀","0","2","2"
"熊昙朗杀害","0","2","2"
"为猛烈将军","0","2","2"
"在平定王琳","0","2","2"
"世代是郡的","0","2","2"
"代是郡的望","0","2","2"
"是郡的望族","0","2","2"
"乡里的豪杰","0","2","2"
"随从高祖镇","0","2","2"
"从高祖镇守","0","2","2"
"袭击王僧辩","0","2","2"
"贼军的骑兵","0","2","2"
"第二年春天","0","2","2"
"令安都率军","0","2","2"
"安都带领步","0","2","2"
"封邑五百户","0","2","2"
"抓获了他的","0","2","2"
"获了他的将","0","2","2"
"了他的将领","0","2","2"
"朝廷官员都","0","2","2"
"他们的船舰","0","2","2"
"给予扶侍之","0","2","2"
"予扶侍之人","0","2","2"
"到王琳失败","0","2","2"
"食邑四千户","0","2","2"
"任始兴内史","0","2","2"
"的汝城县改","0","2","2"
"汝城县改为","0","2","2"
"城县改为卢","0","2","2"
"王琳失败后","0","2","2"
"拥兵占据束","0","2","2"
"被流箭射中","0","2","2"
"安都俘虏了","0","2","2"
"全部人马军","0","2","2"
"部人马军械","0","2","2"
"性格严厉苛","0","2","2"
"迎合皇上的","0","2","2"
"他部下将帅","0","2","2"
"任江州刺史","0","2","2"
"还有什么不","0","2","2"
"有什么不可","0","2","2"
"什么不可以","0","2","2"
"么不可以容","0","2","2"
"不可以容忍","0","2","2"
"可以容忍?","0","2","2"
"时四十四岁","0","2","2"
"自己的功绩","0","2","2"
"官至员外散","0","2","2"
"至员外散骑","0","2","2"
"委任他为将","0","2","2"
"任他为将帅","0","2","2"
"侯瑱被任命","0","2","2"
"瑱被任命为","0","2","2"
"于是派侯瑱","0","2","2"
"他的大儿子","0","2","2"
"去援救京都","0","2","2"
"把他的妻子","0","2","2"
"妻子儿女和","0","2","2"
"子儿女和弟","0","2","2"
"儿女和弟弟","0","2","2"
"辩派侯瑱带","0","2","2"
"为南豫州刺","0","2","2"
"送给一部鼓","0","2","2"
"给一部鼓吹","0","2","2"
"皇帝旨意以","0","2","2"
"侯瑱为侍中","0","2","2"
"还没有到达","0","2","2"
"领所部人马","0","2","2"
"虽然表面上","0","2","2"
"任豫章太守","0","2","2"
"部人马攻打","0","2","2"
"以侯瑱为都","0","2","2"
"王琳到达栅","0","2","2"
"琳到达栅口","0","2","2"
"人数以万计","0","2","2"
"授职为使持","0","2","2"
"职为使持节","0","2","2"
"上表请求回","0","2","2"
"追任为侍中","0","2","2"
"任平西邵陵","0","2","2"
"梁朝左卫将","0","2","2"
"朝左卫将军","0","2","2"
"帝于是下诏","0","2","2"
"任命欧阳頠","0","2","2"
"命欧阳頠为","0","2","2"
"久又任命为","0","2","2"
"久又任命他","0","2","2"
"封为始兴县","0","2","2"
"为始兴县侯","0","2","2"
"被任命为都","0","2","2"
"任命为都督","0","2","2"
"晋号征南将","0","2","2"
"他的儿子袁","0","2","2"
"当时的人都","0","2","2"
"没有什么可","0","2","2"
"最小的儿子","0","2","2"
"镇守京口时","0","2","2"
"被授职为都","0","2","2"
"授职为都督","0","2","2"
"周派大将军","0","2","2"
"周迪在临川","0","2","2"
"被任命为镇","0","2","2"
"任命为镇前","0","2","2"
"命为镇前将","0","2","2"
"任镇东将军","0","2","2"
"令吴明彻为","0","2","2"
"给他一部鼓","0","2","2"
"他一部鼓吹","0","2","2"
"升任他为侍","0","2","2"
"任他为侍中","0","2","2"
"北齐派大将","0","2","2"
"都以此为荣","0","2","2"
"死者达十分","0","2","2"
"者达十分之","0","2","2"
"达十分之七","0","2","2"
"皇帝下诏说","0","2","2"
"赐给他一部","0","2","2"
"劈开拦河坝","0","2","2"
"知道事情不","0","2","2"
"用周铁虎为","0","2","2"
"打败了任约","0","2","2"
"每次战斗都","0","2","2"
"次战斗都有","0","2","2"
"战斗都有功","0","2","2"
"帝旨意任命","0","2","2"
"旨意任命他","0","2","2"
"意任命他为","0","2","2"
"任命他为仁","0","2","2"
"命他为仁威","0","2","2"
"他为仁威将","0","2","2"
"湘州平定了","0","2","2"
"的共五百户","0","2","2"
"领信义太守","0","2","2"
"平定徐嗣徽","0","2","2"
"从周文育西","0","2","2"
"县开国侯周","0","2","2"
"开国侯周铁","0","2","2"
"国侯周铁虎","0","2","2"
"任命他为散","0","2","2"
"命他为散骑","0","2","2"
"北兖州刺史","0","2","2"
"侯景的叛军","0","2","2"
"帝在荆州秉","0","2","2"
"在荆州秉承","0","2","2"
"使者从偏僻","0","2","2"
"者从偏僻小","0","2","2"
"从偏僻小路","0","2","2"
"偏僻小路到","0","2","2"
"太守二职仍","0","2","2"
"守二职仍旧","0","2","2"
"命令程灵洗","0","2","2"
"程灵洗率领","0","2","2"
"灵洗率领部","0","2","2"
"洗率领部属","0","2","2"
"王僧辩命令","0","2","2"
"程灵洗随从","0","2","2"
"高祖诛杀王","0","2","2"
"祖诛杀王僧","0","2","2"
"常侍一职仍","0","2","2"
"侍一职仍旧","0","2","2"
"在沌口大败","0","2","2"
"兼任丹阳尹","0","2","2"
"后来调出京","0","2","2"
"来调出京城","0","2","2"
"升官号为云","0","2","2"
"官号为云麾","0","2","2"
"十分赞赏他","0","2","2"
"年五十五岁","0","2","2"
"侯安都等在","0","2","2"
"连续升任为","0","2","2"
"全部委托给","0","2","2"
"任命为贞毅","0","2","2"
"命为贞毅将","0","2","2"
"底打垮了他","0","2","2"
"调出京城任","0","2","2"
"在青泥水中","0","2","2"
"战功加任通","0","2","2"
"功加任通直","0","2","2"
"督吴明彻向","0","2","2"
"为重安县侯","0","2","2"
"州刺史资格","0","2","2"
"提升爵级为","0","2","2"
"黄法抃率兵","0","2","2"
"御王琳有功","0","2","2"
"任命他为平","0","2","2"
"命他为平南","0","2","2"
"他为平南将","0","2","2"
"赏给扶护人","0","2","2"
"给扶护人员","0","2","2"
"号为征西大","0","2","2"
"派左卫将军","0","2","2"
"打垮了齐军","0","2","2"
"把他们全部","0","2","2"
"因有战功加","0","2","2"
"都督合霍二","0","2","2"
"督合霍二州","0","2","2"
"合霍二州诸","0","2","2"
"遣年五十九","0","2","2"
"世世代代居","0","2","2"
"世代代居住","0","2","2"
"代代居住在","0","2","2"
"居住在京都","0","2","2"
"梁元帝任荆","0","2","2"
"元帝任荆州","0","2","2"
"帝任荆州刺","0","2","2"
"帝派淳于量","0","2","2"
"为涪陵太守","0","2","2"
"台城失陷后","0","2","2"
"旦丛诸军事","0","2","2"
"打垮了他的","0","2","2"
"的将领任约","0","2","2"
"仍然随从王","0","2","2"
"然随从王僧","0","2","2"
"王僧辩平定","0","2","2"
"僧辩平定侯","0","2","2"
"辩平定侯景","0","2","2"
"被任命为左","0","2","2"
"任命为左卫","0","2","2"
"命为左卫将","0","2","2"
"不久调出朝","0","2","2"
"久调出朝廷","0","2","2"
"调出朝廷担","0","2","2"
"出朝廷担任","0","2","2"
"高祖受禅为","0","2","2"
"祖受禅为帝","0","2","2"
"官号为征南","0","2","2"
"王琳被消灭","0","2","2"
"琳被消灭后","0","2","2"
"为中抚大将","0","2","2"
"封赏都依旧","0","2","2"
"部下的将领","0","2","2"
"鼓吹乐这些","0","2","2"
"吹乐这些封","0","2","2"
"乐这些封赏","0","2","2"
"扶护人员的","0","2","2"
"护人员的封","0","2","2"
"人员的封赏","0","2","2"
"员的封赏仍","0","2","2"
"率领所部随","0","2","2"
"淮南平定后","0","2","2"
"吴明彻失败","0","2","2"
"这年七十二","0","2","2"
"扬州议曹从","0","2","2"
"朝大同年间","0","2","2"
"担任束宫直","0","2","2"
"任束宫直后","0","2","2"
"瞎了一只眼","0","2","2"
"王僧辩受诛","0","2","2"
"累计战功被","0","2","2"
"他为员外散","0","2","2"
"随从侯安都","0","2","2"
"平定王琳后","0","2","2"
"又提升官号","0","2","2"
"从近便的小","0","2","2"
"近便的小路","0","2","2"
"章昭达于是","0","2","2"
"臣子的礼节","0","2","2"
"不久又调出","0","2","2"
"久又调出京","0","2","2"
"鼓吹乐的封","0","2","2"
"吹乐的封赏","0","2","2"
"押送到京师","0","2","2"
"号为车骑将","0","2","2"
"欧阳纥占据","0","2","2"
"马前往讨伐","0","2","2"
"率领军队到","0","2","2"
"分别派遣偏","0","2","2"
"年五十四岁","0","2","2"
"追赠为大将","0","2","2"
"赠为大将军","0","2","2"
"任丰州刺史","0","2","2"
"战必胜攻必","0","2","2"
"是那个时代","0","2","2"
"那个时代的","0","2","2"
"主持留守府","0","2","2"
"梁朝承圣初","0","2","2"
"朝承圣初年","0","2","2"
"人东方光据","0","2","2"
"其他官职仍","0","2","2"
"他官职仍旧","0","2","2"
"安都征讨王","0","2","2"
"都征讨王琳","0","2","2"
"任命他为侍","0","2","2"
"命他为侍中","0","2","2"
"将军称号仍","0","2","2"
"军称号仍旧","0","2","2"
"年时期就卓","0","2","2"
"时期就卓越","0","2","2"
"期就卓越不","0","2","2"
"任为散骑常","0","2","2"
"没能攻下来","0","2","2"
"被任命为信","0","2","2"
"升任镇右将","0","2","2"
"朝廷担任侍","0","2","2"
"而为顾命大","0","2","2"
"为顾命大臣","0","2","2"
"华皎占据湘","0","2","2"
"皎占据湘州","0","2","2"
"在家中以平","0","2","2"
"家中以平民","0","2","2"
"以平民身份","0","2","2"
"为太子舍人","0","2","2"
"任吴郡太守","0","2","2"
"晋安平定后","0","2","2"
"去世服丧而","0","2","2"
"世服丧而离","0","2","2"
"服丧而离职","0","2","2"
"年随从都督","0","2","2"
"在军中擅自","0","2","2"
"恢复官职担","0","2","2"
"复官职担任","0","2","2"
"追赠为散骑","0","2","2"
"赠为散骑常","0","2","2"
"世世代代都","0","2","2"
"世代代都是","0","2","2"
"的旨意任命","0","2","2"
"食邑八百户","0","2","2"
"之乱平定后","0","2","2"
"高祖定计诛","0","2","2"
"被任命为通","0","2","2"
"将军二职仍","0","2","2"
"军二职仍旧","0","2","2"
"世祖即位后","0","2","2"
"子征召为侍","0","2","2"
"安排僚吏的","0","2","2"
"排僚吏的权","0","2","2"
"僚吏的权力","0","2","2"
"给予扶护人","0","2","2"
"予扶护人员","0","2","2"
"这年七十岁","0","2","2"
"丧事所需财","0","2","2"
"事所需财物","0","2","2"
"全部由国库","0","2","2"
"部由国库资","0","2","2"
"由国库资助","0","2","2"
"国库资助供","0","2","2"
"为中兵参军","0","2","2"
"功劳任命为","0","2","2"
"高祖讨伐侯","0","2","2"
"祖讨伐侯景","0","2","2"
"讨伐侯景时","0","2","2"
"军队也到了","0","2","2"
"到平定杜宠","0","2","2"
"平定杜宠后","0","2","2"
"监理吴兴郡","0","2","2"
"派中书舍人","0","2","2"
"任命他为吴","0","2","2"
"任为使持节","0","2","2"
"继承了帝位","0","2","2"
"召他入朝为","0","2","2"
"他入朝为左","0","2","2"
"入朝为左卫","0","2","2"
"朝为左卫将","0","2","2"
"佑三州诸军","0","2","2"
"改任护军将","0","2","2"
"欧阳纥被平","0","2","2"
"阳纥被平定","0","2","2"
"被平定之后","0","2","2"
"调任散骑常","0","2","2"
"了侯景的军","0","2","2"
"了侯景的将","0","2","2"
"授予通直散","0","2","2"
"予通直散骑","0","2","2"
"妙的构思超","0","2","2"
"的构思超越","0","2","2"
"构思超越常","0","2","2"
"思超越常人","0","2","2"
"任安前将军","0","2","2"
"以平民的身","0","2","2"
"平民的身份","0","2","2"
"出任为梁朝","0","2","2"
"又派他的弟","0","2","2"
"他的弟弟鲁","0","2","2"
"弟弟鲁广达","0","2","2"
"王琳控制了","0","2","2"
"控制了长江","0","2","2"
"为征西将军","0","2","2"
"的官号为安","0","2","2"
"母亲去世而","0","2","2"
"亲去世而服","0","2","2"
"去世而服丧","0","2","2"
"周续部下的","0","2","2"
"占据了临川","0","2","2"
"任命周敷为","0","2","2"
"朝廷提升他","0","2","2"
"廷提升他的","0","2","2"
"随从都督吴","0","2","2"
"从都督吴明","0","2","2"
"丰县开国侯","0","2","2"
"王代理参军","0","2","2"
"任命荀朗为","0","2","2"
"成为自己的","0","2","2"
"督南兖州诸","0","2","2"
"南兖州诸军","0","2","2"
"兖州诸军事","0","2","2"
"县侯的爵位","0","2","2"
"从吴明彻北","0","2","2"
"久被任命为","0","2","2"
"担任通直散","0","2","2"
"升任使持节","0","2","2"
"成掎角之势","0","2","2"
"被任命为员","0","2","2"
"为振远将军","0","2","2"
"率领另一支","0","2","2"
"祖的第六个","0","2","2"
"东讨伐侯景","0","2","2"
"蔡景历辅助","0","2","2"
"与高宗同往","0","2","2"
"梁元帝封他","0","2","2"
"多次派人请","0","2","2"
"于是下韶书","0","2","2"
"初任著作佐","0","2","2"
"封为南康郡","0","2","2"
"为南康郡王","0","2","2"
"世祖下诏说","0","2","2"
"不久又起用","0","2","2"
"久又起用为","0","2","2"
"王的身份回","0","2","2"
"兼御史中丞","0","2","2"
"门早晨开启","0","2","2"
"到台城陷落","0","2","2"
"高祖镇守朱","0","2","2"
"祖镇守朱方","0","2","2"
"任步兵校尉","0","2","2"
"族子弟连城","0","2","2"
"子弟连城守","0","2","2"
"弟连城守卫","0","2","2"
"赠领军将军","0","2","2"
"由官府供给","0","2","2"
"随侯安都在","0","2","2"
"侯安都在宫","0","2","2"
"安都在宫亭","0","2","2"
"都在宫亭湖","0","2","2"
"王琳部将常","0","2","2"
"琳部将常众","0","2","2"
"为宣城太守","0","2","2"
"邑到一千五","0","2","2"
"到一千五百","0","2","2"
"周迪占据临","0","2","2"
"以才气自负","0","2","2"
"章昭达征伐","0","2","2"
"留下他的长","0","2","2"
"等请求投降","0","2","2"
"能符合旨意","0","2","2"
"为从事中郎","0","2","2"
"赵知礼改任","0","2","2"
"改任通直散","0","2","2"
"改任散骑常","0","2","2"
"其时四十七","0","2","2"
"时四十七岁","0","2","2"
"我私下以为","0","2","2"
"的封疆大吏","0","2","2"
"吴兴郡太守","0","2","2"
"王僧辩被杀","0","2","2"
"改任秘书监","0","2","2"
"改任太子左","0","2","2"
"被免去官职","0","2","2"
"为镇束鄱阳","0","2","2"
"镇束鄱阳王","0","2","2"
"束鄱阳王谘","0","2","2"
"是朝廷旧臣","0","2","2"
"而不能赦免","0","2","2"
"以所见事免","0","2","2"
"所见事免去","0","2","2"
"有文集三十","0","2","2"
"为中书舍人","0","2","2"
"高祖为丞相","0","2","2"
"伐昭明太子","0","2","2"
"必须穿丧服","0","2","2"
"刘师知的提","0","2","2"
"师知的提议","0","2","2"
"不缝衣旁和","0","2","2"
"缝衣旁和下","0","2","2"
"衣旁和下边","0","2","2"
"事牵连被免","0","2","2"
"牵连被免职","0","2","2"
"与尚书仆射","0","2","2"
"天嘉二年去","0","2","2"
"嘉二年去世","0","2","2"
"在梁朝任给","0","2","2"
"梁朝任给事","0","2","2"
"朝任给事黄","0","2","2"
"是梁武帝的","0","2","2"
"梁武帝的妹","0","2","2"
"武帝的妹妹","0","2","2"
"入朝廷任太","0","2","2"
"朝廷任太子","0","2","2"
"父亲去世而","0","2","2"
"去世而离职","0","2","2"
"任命为太尉","0","2","2"
"续升任太子","0","2","2"
"任招远将军","0","2","2"
"将军一职依","0","2","2"
"一职依然担","0","2","2"
"监理湘州政","0","2","2"
"理湘州政事","0","2","2"
"以皇帝外甥","0","2","2"
"皇帝外甥的","0","2","2"
"亭侯的爵位","0","2","2"
"调出朝廷监","0","2","2"
"出朝廷监理","0","2","2"
"满一年后授","0","2","2"
"出朝廷任明","0","2","2"
"朝廷任明威","0","2","2"
"廷任明威将","0","2","2"
"管理州府政","0","2","2"
"理州府政事","0","2","2"
"秉承武帝旨","0","2","2"
"承武帝旨意","0","2","2"
"请求解除自","0","2","2"
"求解除自己","0","2","2"
"任命王迚为","0","2","2"
"叛乱被子定","0","2","2"
"乱被子定后","0","2","2"
"允许他酌情","0","2","2"
"许他酌情设","0","2","2"
"他酌情设置","0","2","2"
"酌情设置属","0","2","2"
"情设置属吏","0","2","2"
"又领丹阳尹","0","2","2"
"直担接受惮","0","2","2"
"担接受惮让","0","2","2"
"以原来的官","0","2","2"
"来的官职领","0","2","2"
"改为领太子","0","2","2"
"领太子少傅","0","2","2"
"长幼之间的","0","2","2"
"幼之间的尊","0","2","2"
"之间的尊敬","0","2","2"
"文帝登位后","0","2","2"
"因通晓经术","0","2","2"
"通晓经术被","0","2","2"
"晓经术被推","0","2","2"
"经术被推荐","0","2","2"
"甥的资格封","0","2","2"
"的资格封为","0","2","2"
"元帝任用他","0","2","2"
"帝任用他为","0","2","2"
"侯景叛乱后","0","2","2"
"帝旨意任用","0","2","2"
"旨意任用王","0","2","2"
"领南徐州大","0","2","2"
"有美好的风","0","2","2"
"美好的风度","0","2","2"
"好的风度仪","0","2","2"
"考试取得优","0","2","2"
"试取得优秀","0","2","2"
"命为太子洗","0","2","2"
"升任中舍人","0","2","2"
"南徐州别驾","0","2","2"
"州别驾从事","0","2","2"
"别驾从事史","0","2","2"
"没有不向他","0","2","2"
"为广州刺史","0","2","2"
"命他为太子","0","2","2"
"他为太子中","0","2","2"
"征调入朝廷","0","2","2"
"朝廷任侍中","0","2","2"
"升任五兵尚","0","2","2"
"任用王勘为","0","2","2"
"王琳占据着","0","2","2"
"征调进朝廷","0","2","2"
"调进朝廷任","0","2","2"
"进朝廷任命","0","2","2"
"管理束宫事","0","2","2"
"理束宫事务","0","2","2"
"同意这样做","0","2","2"
"赠给他侍中","0","2","2"
"中书监的官","0","2","2"
"书监的官衔","0","2","2"
"梁朝任侍中","0","2","2"
"叛逆和归顺","0","2","2"
"逆和归顺的","0","2","2"
"和归顺的道","0","2","2"
"命为太子中","0","2","2"
"接着升任左","0","2","2"
"升任左民尚","0","2","2"
"转任都官尚","0","2","2"
"领豫州大中","0","2","2"
"以出任梁朝","0","2","2"
"在服丧期间","0","2","2"
"服丧期间以","0","2","2"
"人才之事依","0","2","2"
"见闻广博强","0","2","2"
"闻广博强于","0","2","2"
"广博强于记","0","2","2"
"博强于记忆","0","2","2"
"钱蒇驸马都","0","2","2"
"蒇驸马都尉","0","2","2"
"帝王之女下","0","2","2"
"王之女下嫁","0","2","2"
"给予驸马的","0","2","2"
"自己请求解","0","2","2"
"己请求解除","0","2","2"
"解除丹阳尹","0","2","2"
"年纪五十一","0","2","2"
"纪五十一岁","0","2","2"
"谧号叫做简","0","2","2"
"有文集十卷","0","2","2"
"十卷行于世","0","2","2"
"梁武帝命令","0","2","2"
"亲手写诏书","0","2","2"
"手写诏书回","0","2","2"
"任命为镇南","0","2","2"
"命为镇南湘","0","2","2"
"为镇南湘束","0","2","2"
"镇南湘束王","0","2","2"
"任骠骑庐陵","0","2","2"
"舍人的职务","0","2","2"
"人的职务依","0","2","2"
"到侯景围攻","0","2","2"
"江陵失陷时","0","2","2"
"被西魏所俘","0","2","2"
"西魏所俘虏","0","2","2"
"非常敬重他","0","2","2"
"正直有办事","0","2","2"
"直有办事的","0","2","2"
"叛乱被平定","0","2","2"
"上书朝廷任","0","2","2"
"任用袁泌为","0","2","2"
"帝非常赞赏","0","2","2"
"高宗入朝辅","0","2","2"
"为云旗将军","0","2","2"
"时就有志气","0","2","2"
"原有的军队","0","2","2"
"两个郡的太","0","2","2"
"个郡的太守","0","2","2"
"太建元年死","0","2","2"
"任王国常侍","0","2","2"
"升任外兵参","0","2","2"
"杀王僧辩后","0","2","2"
"任用陆山才","0","2","2"
"用陆山才为","0","2","2"
"打败了王琳","0","2","2"
"任宣惠始兴","0","2","2"
"异被平定后","0","2","2"
"周迪被平定","0","2","2"
"迪被平定后","0","2","2"
"以本身官职","0","2","2"
"大夫王通的","0","2","2"
"夫王通的弟","0","2","2"
"少年时意气","0","2","2"
"年时意气风","0","2","2"
"时意气风发","0","2","2"
"取得优秀成","0","2","2"
"得优秀成绩","0","2","2"
"遭遇母亲去","0","2","2"
"遇母亲去世","0","2","2"
"连续升任中","0","2","2"
"的军队渡江","0","2","2"
"王质率领自","0","2","2"
"质率领自己","0","2","2"
"自己的部队","0","2","2"
"越过信安岭","0","2","2"
"镇守会稽时","0","2","2"
"理五兵尚书","0","2","2"
"为晋安太守","0","2","2"
"辅佐朝政时","0","2","2"
"为司徒左长","0","2","2"
"时年六十岁","0","2","2"
"聪明有才智","0","2","2"
"沛国人刘显","0","2","2"
"中的十件事","0","2","2"
"的旨意任用","0","2","2"
"旨意任用他","0","2","2"
"意任用他为","0","2","2"
"的士兵都是","0","2","2"
"周文育的军","0","2","2"
"韦载同宗族","0","2","2"
"载同宗族的","0","2","2"
"同宗族的弟","0","2","2"
"宗族的弟弟","0","2","2"
"族的弟弟韦","0","2","2"
"的弟弟韦翩","0","2","2"
"在自己身边","0","2","2"
"齐朝的军队","0","2","2"
"接着加官散","0","2","2"
"着加官散骑","0","2","2"
"太建年中在","0","2","2"
"少年时就有","0","2","2"
"年时就有志","0","2","2"
"二十岁时父","0","2","2"
"十岁时父亲","0","2","2"
"岁时父亲去","0","2","2"
"时父亲去世","0","2","2"
"做南徐州刺","0","2","2"
"徐州刺史时","0","2","2"
"骁骑将军的","0","2","2"
"在宫中值宿","0","2","2"
"州刺史的官","0","2","2"
"刺史的官衔","0","2","2"
"任寻阳太守","0","2","2"
"有出众的才","0","2","2"
"出众的才智","0","2","2"
"遇侯景叛乱","0","2","2"
"监理郡中政","0","2","2"
"侯景叛乱被","0","2","2"
"领尚书左丞","0","2","2"
"爱惜自己的","0","2","2"
"中丞的职务","0","2","2"
"德才兼备的","0","2","2"
"才兼备的明","0","2","2"
"兼备的明智","0","2","2"
"备的明智之","0","2","2"
"的明智之士","0","2","2"
"加官明威将","0","2","2"
"官明威将军","0","2","2"
"号叫做恭子","0","2","2"
"到侯景叛乱","0","2","2"
"任命为镇西","0","2","2"
"帝征召他为","0","2","2"
"召他为中书","0","2","2"
"命他为扬州","0","2","2"
"他为扬州别","0","2","2"
"为扬州别驾","0","2","2"
"到文帝平定","0","2","2"
"一职依旧担","0","2","2"
"虞荔进入台","0","2","2"
"荔进入台城","0","2","2"
"有谁能比得","0","2","2"
"谁能比得上","0","2","2"
"很会写文章","0","2","2"
"荐举为秀才","0","2","2"
"任会稽太守","0","2","2"
"任用虞寄为","0","2","2"
"任记室参军","0","2","2"
"叛逆归顺的","0","2","2"
"逆归顺的道","0","2","2"
"在的君主继","0","2","2"
"的君主继承","0","2","2"
"背叛的计划","0","2","2"
"这又使事情","0","2","2"
"怎么比得上","0","2","2"
"遣又使事情","0","2","2"
"以年老有病","0","2","2"
"年老有病推","0","2","2"
"老有病推辞","0","2","2"
"任命为国子","0","2","2"
"为国子博士","0","2","2"
"又上表请求","0","2","2"
"加官戎昭将","0","2","2"
"官戎昭将军","0","2","2"
"又以有病推","0","2","2"
"以有病推辞","0","2","2"
"将军职务依","0","2","2"
"军职务依旧","0","2","2"
"建十一年去","0","2","2"
"十一年去世","0","2","2"
"危险的情况","0","2","2"
"泛地涉猎经","0","2","2"
"非常赏识他","0","2","2"
"侯景的叛乱","0","2","2"
"的言论视作","0","2","2"
"他所居住的","0","2","2"
"建十三年去","0","2","2"
"十三年去世","0","2","2"
"为都官尚书","0","2","2"
"的期望都归","0","2","2"
"出朝廷任宣","0","2","2"
"当时韩子高","0","2","2"
"韩子高军中","0","2","2"
"到仲举和到","0","2","2"
"仲举和到郁","0","2","2"
"举和到郁一","0","2","2"
"和到郁一起","0","2","2"
"虞县令陆防","0","2","2"
"朝廷和民间","0","2","2"
"年纪十六岁","0","2","2"
"讨伐张彪时","0","2","2"
"所在的地方","0","2","2"
"配给韩子高","0","2","2"
"的人非常多","0","2","2"
"为右军将军","0","2","2"
"征讨留异时","0","2","2"
"为右卫将军","0","2","2"
"提拔任命为","0","2","2"
"为开远将军","0","2","2"
"琳被平定后","0","2","2"
"朝廷的典章","0","2","2"
"廷的典章制","0","2","2"
"在湓城袭击","0","2","2"
"湓城袭击华","0","2","2"
"城袭击华皎","0","2","2"
"缴获了他们","0","2","2"
"获了他们的","0","2","2"
"因为功劳任","0","2","2"
"为功劳任命","0","2","2"
"任命华皎为","0","2","2"
"大型舰船金","0","2","2"
"型舰船金翅","0","2","2"
"舰船金翅等","0","2","2"
"隶属于华皎","0","2","2"
"位低微的人","0","2","2"
"逼迫士人和","0","2","2"
"贼舰投掷武","0","2","2"
"舰投掷武器","0","2","2"
"被朝廷军队","0","2","2"
"非常喜爱他","0","2","2"
"配属给华皎","0","2","2"
"文帝把他们","0","2","2"
"任右光禄大","0","2","2"
"禀承皇帝的","0","2","2"
"他为给事黄","0","2","2"
"升任长兼侍","0","2","2"
"任长兼侍中","0","2","2"
"用为明威将","0","2","2"
"回到朝廷任","0","2","2"
"到朝廷任命","0","2","2"
"召补为国子","0","2","2"
"补为国子学","0","2","2"
"上官服出任","0","2","2"
"湘束王法曹","0","2","2"
"束王法曹参","0","2","2"
"高祖镇守南","0","2","2"
"祖镇守南徐","0","2","2"
"升任中书侍","0","2","2"
"的军事首领","0","2","2"
"到陈实应被","0","2","2"
"应被平定后","0","2","2"
"把他的情况","0","2","2"
"任命为五兵","0","2","2"
"命为五兵尚","0","2","2"
"任金紫光禄","0","2","2"
"管理文牍的","0","2","2"
"因为公事被","0","2","2"
"为公事被免","0","2","2"
"恢复本来官","0","2","2"
"复本来官职","0","2","2"
"张种当时年","0","2","2"
"种当时年纪","0","2","2"
"廷任命为中","0","2","2"
"自己的母亲","0","2","2"
"年纪五十岁","0","2","2"
"哀伤过度而","0","2","2"
"到侯景被平","0","2","2"
"接受禅让后","0","2","2"
"任命为左民","0","2","2"
"命为左民尚","0","2","2"
"征召回朝廷","0","2","2"
"束扬两个州","0","2","2"
"扬两个州的","0","2","2"
"两个州的大","0","2","2"
"人们都认为","0","2","2"
"当时的人所","0","2","2"
"时的人所推","0","2","2"
"的人所推重","0","2","2"
"重就像这样","0","2","2"
"有文集十四","0","2","2"
"文集十四卷","0","2","2"
"基建十一年","0","2","2"
"文牍的工作","0","2","2"
"母亲去世服","0","2","2"
"任命为丹阳","0","2","2"
"命为丹阳尹","0","2","2"
"为丹阳尹丞","0","2","2"
"出使于西魏","0","2","2"
"西魏的人因","0","2","2"
"魏的人因为","0","2","2"
"待非常优厚","0","2","2"
"女儿为皇太","0","2","2"
"儿为皇太子","0","2","2"
"礼相待非常","0","2","2"
"于宫廷之中","0","2","2"
"免去他所任","0","2","2"
"随所用供给","0","2","2"
"古代典籍都","0","2","2"
"太尉从事中","0","2","2"
"尉从事中郎","0","2","2"
"任命孔奂为","0","2","2"
"为司徒右长","0","2","2"
"任用孔奂为","0","2","2"
"出朝廷任信","0","2","2"
"其余职务都","0","2","2"
"余职务都依","0","2","2"
"领太子中庶","0","2","2"
"升任吏部尚","0","2","2"
"改为加官侍","0","2","2"
"为加官侍中","0","2","2"
"任用江总为","0","2","2"
"用江总为太","0","2","2"
"江总为太子","0","2","2"
"总为太子詹","0","2","2"
"担任太子詹","0","2","2"
"官衔依旧保","0","2","2"
"官做到太子","0","2","2"
"升任黄门侍","0","2","2"
"时朝廷官员","0","2","2"
"命为中卫始","0","2","2"
"卫始兴王谘","0","2","2"
"同宗族的子","0","2","2"
"宗族的子弟","0","2","2"
"年时就聪明","0","2","2"
"出使于齐朝","0","2","2"
"陆子隆跟随","0","2","2"
"抗拒王琳于","0","2","2"
"章昭达讨伐","0","2","2"
"跟从前一样","0","2","2"
"前的一共七","0","2","2"
"的一共七百","0","2","2"
"一共七百户","0","2","2"
"很能与民和","0","2","2"
"能与民和睦","0","2","2"
"与民和睦相","0","2","2"
"民和睦相处","0","2","2"
"太建二年去","0","2","2"
"年纪四十七","0","2","2"
"纪四十七岁","0","2","2"
"到都督章昭","0","2","2"
"赠给本身官","0","2","2"
"给本身官衔","0","2","2"
"授直合将军","0","2","2"
"亲逝世去职","0","2","2"
"任冠军将军","0","2","2"
"宫殿中的官","0","2","2"
"殿中的官署","0","2","2"
"中的官署办","0","2","2"
"的官署办公","0","2","2"
"新任命为左","0","2","2"
"军将军的官","0","2","2"
"谧号叫做贞","0","2","2"
"的儿子沈遵","0","2","2"
"弟弟沈君高","0","2","2"
"升任度支尚","0","2","2"
"性情宽厚和","0","2","2"
"命为尚书右","0","2","2"
"齐文宣帝每","0","2","2"
"谢不肯就任","0","2","2"
"为尚书吏部","0","2","2"
"任贞毅将军","0","2","2"
"任尚书仆射","0","2","2"
"直接出任梁","0","2","2"
"接出任梁朝","0","2","2"
"任梁朝的太","0","2","2"
"表达自己的","0","2","2"
"写信给周弘","0","2","2"
"在侍中省值","0","2","2"
"侍中省值勤","0","2","2"
"加任散骑常","0","2","2"
"在士大夫中","0","2","2"
"他们都是当","0","2","2"
"代理扬州政","0","2","2"
"理扬州政事","0","2","2"
"从北周回来","0","2","2"
"高宗即帝位","0","2","2"
"由国库优厚","0","2","2"
"国库优厚供","0","2","2"
"库优厚供给","0","2","2"
"幼年即聪明","0","2","2"
"年即聪明机","0","2","2"
"即聪明机敏","0","2","2"
"皇帝旨意时","0","2","2"
"被任命为智","0","2","2"
"我气绝之后","0","2","2"
"阅读了大量","0","2","2"
"读了大量的","0","2","2"
"了大量的经","0","2","2"
"大量的经书","0","2","2"
"量的经书史","0","2","2"
"任命他为尚","0","2","2"
"命他为尚书","0","2","2"
"为尚书殿中","0","2","2"
"经多次升迁","0","2","2"
"为东宫通事","0","2","2"
"起用为贞威","0","2","2"
"为太子左卫","0","2","2"
"官府供给丧","0","2","2"
"府供给丧事","0","2","2"
"梁武帝撰写","0","2","2"
"周弘正对他","0","2","2"
"对他的父亲","0","2","2"
"中书侍郎的","0","2","2"
"任尚书吏部","0","2","2"
"为吴郡太守","0","2","2"
"于是改任他","0","2","2"
"是改任他为","0","2","2"
"兼吏部尚书","0","2","2"
"被封为建安","0","2","2"
"没多久又被","0","2","2"
"废为吴兴王","0","2","2"
"下旨任命他","0","2","2"
"旨任命他为","0","2","2"
"天子下旨任","0","2","2"
"子下旨任命","0","2","2"
"是梁朝的中","0","2","2"
"梁朝的中散","0","2","2"
"朝的中散大","0","2","2"
"的中散大夫","0","2","2"
"路大军北伐","0","2","2"
"因战功被封","0","2","2"
"贼们互相煽","0","2","2"
"们互相煽动","0","2","2"
"高祖受惮为","0","2","2"
"祖受惮为帝","0","2","2"
"任命裴忌为","0","2","2"
"为束阳太守","0","2","2"
"吴明彻统领","0","2","2"
"天子下旨命","0","2","2"
"子下旨命令","0","2","2"
"隋朝开皇十","0","2","2"
"多次升迁任","0","2","2"
"墨被任命为","0","2","2"
"对他非常信","0","2","2"
"他非常信任","0","2","2"
"调任通直散","0","2","2"
"母以孝顺闻","0","2","2"
"以孝顺闻名","0","2","2"
"二十一个儿","0","2","2"
"当时有个叫","0","2","2"
"岁能写文章","0","2","2"
"任尚书度支","0","2","2"
"人开颜欢笑","0","2","2"
"当时安成王","0","2","2"
"时安成王陈","0","2","2"
"王陈顼为司","0","2","2"
"陈顼为司空","0","2","2"
"调任吏部尚","0","2","2"
"为中权将军","0","2","2"
"熟悉那裹的","0","2","2"
"其余官职照","0","2","2"
"余官职照旧","0","2","2"
"为什么这样","0","2","2"
"都认为这是","0","2","2"
"帝听说他的","0","2","2"
"听说他的名","0","2","2"
"说他的名声","0","2","2"
"兼尚书左丞","0","2","2"
"起用为中卫","0","2","2"
"亲近的人说","0","2","2"
"任尚书殿中","0","2","2"
"任太学博士","0","2","2"
"隋文帝听说","0","2","2"
"时七十三岁","0","2","2"
"有卓绝的品","0","2","2"
"卓绝的品性","0","2","2"
"加赐扶掖之","0","2","2"
"赐扶掖之人","0","2","2"
"其他职位照","0","2","2"
"他职位照旧","0","2","2"
"受了菩萨戒","0","2","2"
"的第七个儿","0","2","2"
"为始兴王府","0","2","2"
"为东宫学士","0","2","2"
"任尚书祠部","0","2","2"
"起用为戎昭","0","2","2"
"用为戎昭将","0","2","2"
"兼束宫通事","0","2","2"
"束宫通事舍","0","2","2"
"授予他秘书","0","2","2"
"尽心侍奉皇","0","2","2"
"心侍奉皇上","0","2","2"
"姚察的文章","0","2","2"
"都流行于世","0","2","2"
"以奉昭烈王","0","2","2"
"八座上奏道","0","2","2"
"不久任使持","0","2","2"
"久任使持节","0","2","2"
"伯山为鄱阳","0","2","2"
"扬丰二州诸","0","2","2"
"丰二州诸军","0","2","2"
"到六军败北","0","2","2"
"第八个儿子","0","2","2"
"不久为平北","0","2","2"
"久为平北将","0","2","2"
"先被封为湘","0","2","2"
"迁居于瓜州","0","2","2"
"第十个儿子","0","2","2"
"建十一年春","0","2","2"
"早晚不懈怠","0","2","2"
"出为使持节","0","2","2"
"第十三个儿","0","2","2"
"施文庆等人","0","2","2"
"接着起用为","0","2","2"
"年方十三岁","0","2","2"
"被征为侍中","0","2","2"
"上没有两个","0","2","2"
"年时聪敏和","0","2","2"
"时聪敏和顺","0","2","2"
"十五个儿子","0","2","2"
"十六个儿子","0","2","2"
"十七个儿子","0","2","2"
"十八个儿子","0","2","2"
"十九个儿子","0","2","2"
"二十二个儿","0","2","2"
"皇太子陈深","0","2","2"
"会稽王陈庄","0","2","2"
"吴兴王陈胤","0","2","2"
"南平王陈嶷","0","2","2"
"南海王陈虔","0","2","2"
"钱塘王陈恬","0","2","2"
"吴郡王陈蕃","0","2","2"
"合成这些事","0","2","2"
"而隋军渡江","0","2","2"
"接着为壮武","0","2","2"
"着为壮武将","0","2","2"
"第十一个儿","0","2","2"
"州刺史陈衰","0","2","2"
"擅自征收赋","0","2","2"
"接着以本官","0","2","2"
"建十三年死","0","2","2"
"封散骑侍郎","0","2","2"
"兼东宫通事","0","2","2"
"封为文招县","0","2","2"
"兼中书通事","0","2","2"
"至德四年去","0","2","2"
"德四年去世","0","2","2"
"限日举行哀","0","2","2"
"亲自撰写墓","0","2","2"
"自撰写墓志","0","2","2"
"撰写墓志铭","0","2","2"
"梁朝散骑侍","0","2","2"
"毛喜与高宗","0","2","2"
"不久改任太","0","2","2"
"到众军北伐","0","2","2"
"你的意见如","0","2","2"
"的意见如何","0","2","2"
"意见如何?","0","2","2"
"贼人被平定","0","2","2"
"仪同从事中","0","2","2"
"同从事中郎","0","2","2"
"梁朝吏部尚","0","2","2"
"改任始兴王","0","2","2"
"改任太子中","0","2","2"
"南阳刘之遴","0","2","2"
"官府出资办","0","2","2"
"府出资办理","0","2","2"
"出资办理丧","0","2","2"
"资办理丧事","0","2","2"
"父亲陆云公","0","2","2"
"梁朝给事黄","0","2","2"
"朝给事黄门","0","2","2"
"因悲哀过度","0","2","2"
"悲哀过度而","0","2","2"
"为司徒左西","0","2","2"
"改任司徒左","0","2","2"
"他坚决辞谢","0","2","2"
"年龄稍大后","0","2","2"
"改任中领军","0","2","2"
"都以才学显","0","2","2"
"以才学显著","0","2","2"
"完成便死了","0","2","2"
"封为司空府","0","2","2"
"任骠骑安成","0","2","2"
"一位大师的","0","2","2"
"则不是这样","0","2","2"
"息争论来疏","0","2","2"
"争论来疏通","0","2","2"
"论来疏通道","0","2","2"
"谴责竞胜来","0","2","2"
"责竞胜来忘","0","2","2"
"竞胜来忘机","0","2","2"
"胜来忘机于","0","2","2"
"来忘机于德","0","2","2"
"偏执在此一","0","2","2"
"执在此一法","0","2","2"
"如果他人道","0","2","2"
"心裹知道是","0","2","2"
"裹说的就是","0","2","2"
"是圣人的教","0","2","2"
"圣人的教导","0","2","2"
"那么圣人的","0","2","2"
"么圣人的也","0","2","2"
"不久以本官","0","2","2"
"久以本官兼","0","2","2"
"历任太子庶","0","2","2"
"正值施文庆","0","2","2"
"萧摩诃又请","0","2","2"
"萧摩诃以功","0","2","2"
"到贺若弼进","0","2","2"
"达首先率领","0","2","2"
"到京城陷落","0","2","2"
"有父亲遣风","0","2","2"
"为合州刺史","0","2","2"
"将他引置于","0","2","2"
"仍随侯填进","0","2","2"
"随侯填进军","0","2","2"
"侯填进军讨","0","2","2"
"填进军讨伐","0","2","2"
"进军讨伐巴","0","2","2"
"进而又攻克","0","2","2"
"吕梁一战丧","0","2","2"
"梁一战丧失","0","2","2"
"一战丧失军","0","2","2"
"战丧失军队","0","2","2"
"步兵骑军趋","0","2","2"
"兵骑军趋向","0","2","2"
"到隋兵过江","0","2","2"
"为渔业刺史","0","2","2"
"兵响应王琳","0","2","2"
"领梁士彦率","0","2","2"
"梁士彦率兵","0","2","2"
"士彦率兵包","0","2","2"
"彦率兵包围","0","2","2"
"率兵包围寿","0","2","2"
"各位将领都","0","2","2"
"改任安成王","0","2","2"
"军蒋元逊率","0","2","2"
"蒋元逊率领","0","2","2"
"初任梁朝邵","0","2","2"
"广达率众兵","0","2","2"
"攻克郭默城","0","2","2"
"不久授使持","0","2","2"
"久授使持节","0","2","2"
"其时五十九","0","2","2"
"时五十九岁","0","2","2"
"梁朝尚书中","0","2","2"
"朝尚书中兵","0","2","2"
"丧超过礼节","0","2","2"
"是文学之士","0","2","2"
"他的长子殷","0","2","2"
"值江陵陷落","0","2","2"
"让高宗出朝","0","2","2"
"有纯厚的性","0","2","2"
"纯厚的性情","0","2","2"
"不久改任尚","0","2","2"
"久改任尚书","0","2","2"
"其时五十二","0","2","2"
"时五十二岁","0","2","2"
"兼记室参军","0","2","2"
"初任梁朝南","0","2","2"
"转任中书侍","0","2","2"
"有不寻常的","0","2","2"
"文章笔记共","0","2","2"
"年成为孤儿","0","2","2"
"不久为宣惠","0","2","2"
"封给事黄门","0","2","2"
"所撰文章笔","0","2","2"
"撰文章笔记","0","2","2"
"不守法度的","0","2","2"
"以本官掌东","0","2","2"
"亲令举行哀","0","2","2"
"令举行哀礼","0","2","2"
"被举为秀才","0","2","2"
"策考试入高","0","2","2"
"考试入高品","0","2","2"
"试入高品第","0","2","2"
"而才智出众","0","2","2"
"议曹从事史","0","2","2"
"封徐伯阳为","0","2","2"
"徐伯阳为镇","0","2","2"
"任鄱阳王中","0","2","2"
"任衡阳王府","0","2","2"
"外表上表示","0","2","2"
"诈约欧阳憔","0","2","2"
"首级传送到","0","2","2"
"级传送到京","0","2","2"
"传送到京城","0","2","2"
"任临川内史","0","2","2"
"周文育讨伐","0","2","2"
"押送到京城","0","2","2"
"到朝廷军队","0","2","2"
"郡市民百姓","0","2","2"
"命镇南将军","0","2","2"
"安顿于建安","0","2","2"
"在建康斩首","0","2","2"
"建康斩首示","0","2","2"
"康斩首示众","0","2","2"
"陈宝应从海","0","2","2"
"宝应从海道","0","2","2"
"封员外散骑","0","2","2"
"封为始兴郡","0","2","2"
"为始兴郡王","0","2","2"
"不久升军号","0","2","2"
"久升军号为","0","2","2"
"又担任侍中","0","2","2"
"参军兼记室","0","2","2"
"为新安郡王","0","2","2"
"进升军号为","0","2","2"
"又下诏书说","0","2","2"
"后为江阴国","0","2","2"
"已故的散骑","0","2","2"
"故的散骑常","0","2","2"
"的散骑常侍","0","2","2"
"为骠骑大将","0","2","2"
"皇后拜谒太","0","2","2"
"后拜谒太庙","0","2","2"
"即本号开府","0","2","2"
"三司徐度为","0","2","2"
"司徐度为侍","0","2","2"
"徐度为侍中","0","2","2"
"史安成王陈","0","2","2"
"任征南大将","0","2","2"
"军程灵洗为","0","2","2"
"章昭达为镇","0","2","2"
"黄法毡为中","0","2","2"
"阳王伯山为","0","2","2"
"始兴王陈伯","0","2","2"
"兴王陈伯茂","0","2","2"
"新任中军大","0","2","2"
"任中军大将","0","2","2"
"淳于量为征","0","2","2"
"领大著作徐","0","2","2"
"著作徐陵为","0","2","2"
"作徐陵为尚","0","2","2"
"徐陵为尚书","0","2","2"
"安王伯恭为","0","2","2"
"为中权大将","0","2","2"
"任命中权大","0","2","2"
"命中权大将","0","2","2"
"黄法毡为征","0","2","2"
"鲁广达攻克","0","2","2"
"领国子祭酒","0","2","2"
"任命征北大","0","2","2"
"命征北大将","0","2","2"
"为安前将军","0","2","2"
"任命轻车将","0","2","2"
"命轻车将军","0","2","2"
"夏王伯义为","0","2","2"
"任命中领军","0","2","2"
"陵王伯仁为","0","2","2"
"兼太子詹事","0","2","2"
"军樊毅为镇","0","2","2"
"樊毅为镇西","0","2","2"
"毅为镇西将","0","2","2"
"持节兼太宰","0","2","2"
"节兼太宰告","0","2","2"
"兼太宰告于","0","2","2"
"太宰告于太","0","2","2"
"出为安南将","0","2","2"
"不久为侍中","0","2","2"
"业年中为涪","0","2","2"
"为平越中郎","0","2","2"
"接着为智武","0","2","2"
"着为智武将","0","2","2"
"梁朝散骑常","0","2","2"
"济阳郡考城","0","2","2"
"阳郡考城人","0","2","2"
"兼束阳太守","0","2","2"
"授任使持节","0","2","2"
"吴郡吴人人","0","2","2"
"都督湘衡桂","0","2","2"
"东扬南豫四","0","2","2"
"扬南豫四州","0","2","2"
