"N-gram","原文","翻译","Total"
"开府仪同三司","101","100","201"
"通直散骑常侍","74","74","148"
"员外散骑常侍","36","36","72"
"金紫光禄大夫","22","22","44"
"给事黄门侍郎","0","31","31"
"通直散骑侍郎","13","13","26"
"职务依旧担任","0","22","22"
"都督南徐州诸","9","9","18"
"督南徐州诸军","9","9","18"
"南徐州诸军事","9","9","18"
"祯明三年入关","9","9","18"
"隋大业年中为","0","18","18"
"皇帝舆驾亲临","0","16","16"
"任给事黄门侍","0","16","16"
"国遣使献方物","15","0","15"
"秉承皇帝旨意","0","15","15"
"任通直散骑常","0","15","15"
"进号镇南将军","11","3","14"
"东宫通事舍人","8","6","14"
"任命为散骑常","0","14","14"
"命为散骑常侍","0","14","14"
"州刺史吴明彻","7","6","13"
"广州刺史欧阳","7","6","13"
"州刺史黄法抃","11","2","13"
"州刺史始兴王","8","5","13"
"都督南豫州诸","7","6","13"
"督南豫州诸军","7","6","13"
"南豫州诸军事","7","6","13"
"的职务依旧担","0","13","13"
"舆驾亲祠太庙","12","0","12"
"加通直散骑常","9","3","12"
"南徐州大中正","6","6","12"
"王府谘议参军","6","6","12"
"王府记室参军","6","6","12"
"以前赐予的共","0","12","12"
"都督中外诸军","6","5","11"
"督中外诸军事","6","5","11"
"进号平北将军","7","4","11"
"增赐食邑合计","0","11","11"
"赐食邑合计以","0","11","11"
"食邑合计以前","0","11","11"
"邑合计以前赐","0","11","11"
"合计以前赐予","0","11","11"
"计以前赐予的","0","11","11"
"调出京城担任","0","11","11"
"进号安南将军","8","2","10"
"江州刺史周迪","5","5","10"
"州刺史章昭达","5","5","10"
"员外散骑侍郎","5","5","10"
"中书通事舍人","5","5","10"
"鄱阳王谘议参","4","6","10"
"阳王谘议参军","4","6","10"
"元帝秉承皇帝","0","10","10"
"战功被任命为","0","10","10"
"承皇帝的旨意","0","10","10"
"进号平南将军","6","3","9"
"刺史始兴王叔","5","4","9"
"史始兴王叔陵","5","4","9"
"授通直散骑常","5","4","9"
"迁事黄门侍郎","9","0","9"
"始兴王谘议参","4","5","9"
"兴王谘议参军","4","5","9"
"为尚书右仆射","0","9","9"
"任员外散骑常","0","9","9"
"为开府仪同三","0","9","9"
"赏给鼓吹乐一","0","9","9"
"给鼓吹乐一部","0","9","9"
"增赐食邑五百","0","9","9"
"赐食邑五百户","0","9","9"
"为通直散骑常","0","9","9"
"当时年纪五十","0","9","9"
"高州刺史黄法","5","3","8"
"湘州刺史华皎","4","4","8"
"长胡公拓跋定","4","4","8"
"督征讨诸军事","4","4","8"
"州刺史鄱阳王","6","2","8"
"迁通直散骑常","7","1","8"
"配享高祖庙庭","7","1","8"
"武三州诸军事","5","3","8"
"进号云麾将军","6","2","8"
"督吴州诸军事","4","4","8"
"尚书吏部侍郎","4","4","8"
"帝舆驾亲临太","0","8","8"
"舆驾亲临太庙","0","8","8"
"驾亲临太庙祭","0","8","8"
"亲临太庙祭祀","0","8","8"
"升任散骑常侍","0","8","8"
"有战功被任命","0","8","8"
"秉承皇帝的旨","0","8","8"
"侯景叛乱的时","0","8","8"
"景叛乱的时候","0","8","8"
"为太子中庶子","0","8","8"
"任太子中庶子","0","8","8"
"领左骁骑将军","0","8","8"
"州刺史余孝顷","4","3","7"
"舆驾亲祠南郊","7","0","7"
"扬州刺史始兴","5","2","7"
"府仪同三司吴","4","3","7"
"左卫将军樊毅","4","3","7"
"府仪同三司淳","4","3","7"
"中书舍人蔡景","4","3","7"
"书舍人蔡景历","4","3","7"
"除员外散骑常","7","0","7"
"号开府仪同三","4","3","7"
"增邑前一千户","7","0","7"
"迁员外散骑常","7","0","7"
"中书舍人刘师","4","3","7"
"书舍人刘师知","4","3","7"
"安王谘议参军","3","4","7"
"因此赐给陈公","0","7","7"
"号为镇南将军","0","7","7"
"州刺史黄法毡","0","7","7"
"任尚书右仆射","0","7","7"
"任命为使持节","0","7","7"
"帝秉承皇帝旨","0","7","7"
"前赐予的共一","0","7","7"
"赐予的共一千","0","7","7"
"被任命为散骑","0","7","7"
"帝秉承皇帝的","0","7","7"
"为员外散骑常","0","7","7"
"为给事黄门侍","0","7","7"
"加官散骑常侍","0","7","7"
"侯景被平定后","0","7","7"
"州刺史欧阳頠","6","0","6"
"号征南大将军","5","1","6"
"府仪同三司徐","3","3","6"
"仪同三司徐度","3","3","6"
"光禄大夫王通","2","4","6"
"军新安王伯固","4","2","6"
"府仪同三司章","3","3","6"
"仪同三司吴明","4","2","6"
"同三司吴明彻","4","2","6"
"都督征讨诸军","3","3","6"
"刺史鄱阳王伯","5","1","6"
"史鄱阳王伯山","5","1","6"
"左卫将军任忠","3","3","6"
"除事黄门侍郎","6","0","6"
"吴二州诸军事","3","3","6"
"都督衡州诸军","3","3","6"
"督衡州诸军事","3","3","6"
"本号开府仪同","4","2","6"
"邑一千五百户","3","3","6"
"都督吴明彻北","4","2","6"
"都督吴州诸军","3","3","6"
"随都督吴明彻","4","2","6"
"寻加散骑常侍","6","0","6"
"广州刺史马靖","3","3","6"
"府中记室参军","3","3","6"
"王府外兵参军","3","3","6"
"王府法曹参军","3","3","6"
"江州刺史章昭","3","3","6"
"府中录事参军","3","3","6"
"左光禄大夫王","3","3","6"
"太白星白天出","0","6","6"
"白星白天出现","0","6","6"
"安成王陈顼为","0","6","6"
"刺史黄法毡为","0","6","6"
"为征南大将军","0","6","6"
"使者献上地方","0","6","6"
"者献上地方特","0","6","6"
"献上地方特产","0","6","6"
"久又被任命为","0","6","6"
"出京城担任使","0","6","6"
"京城担任使持","0","6","6"
"城担任使持节","0","6","6"
"身份直接出任","0","6","6"
"当时年纪七十","0","6","6"
"光禄大夫的官","0","6","6"
"掌管选拔人才","0","6","6"
"又使事情十分","0","6","6"
"使事情十分明","0","6","6"
"事情十分明显","0","6","6"
"当时年纪四十","0","6","6"
"高祖命周文育","5","0","5"
"州刺史侯安都","3","2","5"
"高祖遣侯安都","5","0","5"
"舆驾亲祠北郊","5","0","5"
"进号征南将军","4","1","5"
"州刺史程灵洗","3","2","5"
"配食高祖庙庭","4","1","5"
"进号征南大将","5","0","5"
"将军新安王伯","3","2","5"
"扬州刺史安成","3","2","5"
"州刺史安成王","3","2","5"
"仪同三司章昭","3","2","5"
"同三司章昭达","3","2","5"
"府仪同三司黄","3","2","5"
"仪同三司黄法","3","2","5"
"州刺史长沙王","4","1","5"
"军庐陵王伯仁","3","2","5"
"加开府仪同三","3","2","5"
"都督江吴二州","2","3","5"
"督江吴二州诸","2","3","5"
"江吴二州诸军","2","3","5"
"随都督王僧辩","3","2","5"
"增邑前一千五","5","0","5"
"邑前一千五百","5","0","5"
"前一千五百户","5","0","5"
"州缘江诸军事","3","2","5"
"增邑前二千户","5","0","5"
"进号车骑大将","4","1","5"
"号车骑大将军","4","1","5"
"除通直散骑常","5","0","5"
"赠通直散骑常","3","2","5"
"晋安王谘议参","2","3","5"
"寻通直散骑常","5","0","5"
"陵王法曹参军","3","2","5"
"迁太子中庶子","5","0","5"
"加员外散骑常","4","1","5"
"信二州诸军事","3","2","5"
"都督吴兴诸军","3","2","5"
"督吴兴诸军事","3","2","5"
"皇后为皇太后","0","5","5"
"皇帝舆驾亲往","0","5","5"
"世祖继承帝位","0","5","5"
"任命散骑常侍","0","5","5"
"派使者献上地","0","5","5"
"率领步兵骑兵","0","5","5"
"被任命为使持","0","5","5"
"梁元帝秉承皇","0","5","5"
"他为散骑常侍","0","5","5"
"因有战功被任","0","5","5"
"在家中以布衣","0","5","5"
"家中以布衣身","0","5","5"
"中以布衣身份","0","5","5"
"以布衣身份直","0","5","5"
"布衣身份直接","0","5","5"
"衣身份直接出","0","5","5"
"调出朝廷任命","0","5","5"
"出朝廷任命为","0","5","5"
"任左光禄大夫","0","5","5"
"侯景被消灭后","0","5","5"
"提升他的官号","0","5","5"
"升他的官号为","0","5","5"
"为车骑大将军","0","5","5"
"任命为员外散","0","5","5"
"命为员外散骑","0","5","5"
"天子征召他入","0","5","5"
"子征召他入朝","0","5","5"
"任梁朝秘书郎","0","5","5"
"高祖接受禅让","0","5","5"
"入朝廷任命为","0","5","5"
"任命为给事黄","0","5","5"
"命为给事黄门","0","5","5"
"禄大夫的官衔","0","5","5"
"选拔人才之事","0","5","5"
"参与掌管选拔","0","5","5"
"与掌管选拔人","0","5","5"
"任尚书左仆射","0","5","5"
"中正的职务依","0","5","5"
"正的职务依旧","0","5","5"
"任命为中书侍","0","5","5"
"命为中书侍郎","0","5","5"
"升任通直散骑","0","5","5"
"增加食邑和以","0","5","5"
"加食邑和以前","0","5","5"
"兼通直散骑常","0","5","5"
"今以若干卷为","0","5","5"
"高祖遣周文育","4","0","4"
"高州刺史李迁","2","2","4"
"州刺史李迁仕","2","2","4"
"寻授散骑常侍","4","0","4"
"南豫州刺史任","2","2","4"
"鳏寡孤独能存","4","0","4"
"都督会稽等十","2","2","4"
"督会稽等十郡","2","2","4"
"会稽等十郡诸","2","2","4"
"稽等十郡诸军","2","2","4"
"等十郡诸军事","2","2","4"
"豫州刺史周文","2","2","4"
"府仪同三司侯","2","2","4"
"中书舍人江德","2","2","4"
"书舍人江德藻","2","2","4"
"北江州刺史熊","2","2","4"
"江州刺史熊昙","2","2","4"
"州刺史熊昙朗","2","2","4"
"尚书左仆射王","2","2","4"
"吏部尚书姚察","2","2","4"
"部尚书姚察曰","2","2","4"
"府仪同三司王","2","2","4"
"仪同三司王冲","2","2","4"
"年春正月癸丑","2","2","4"
"将士死王事者","4","0","4"
"高丽国遣使献","4","0","4"
"丽国遣使献方","4","0","4"
"年春正月庚戌","2","2","4"
"孝悌力田父后","4","0","4"
"悌力田父后者","4","0","4"
"四年春正月丙","2","2","4"
"章昭达率众讨","4","0","4"
"护军将军章昭","2","2","4"
"军将军章昭达","2","2","4"
"江州刺史吴明","2","2","4"
"年春正月庚辰","2","2","4"
"年春正月甲午","2","2","4"
"父后者赐爵一","4","0","4"
"后者赐爵一级","4","0","4"
"将长胡公拓跋","3","1","4"
"胡公拓跋定率","2","2","4"
"护军将军沈恪","2","2","4"
"江阴王萧季卿","2","2","4"
"尚书右仆射王","2","2","4"
"驸马都尉沈君","3","1","4"
"马都尉沈君理","3","1","4"
"南豫州刺史黄","2","2","4"
"豫州刺史黄法","2","2","4"
"进号镇北将军","3","1","4"
"刺史长沙王叔","4","0","4"
"史长沙王叔坚","4","0","4"
"太子詹事徐陵","2","2","4"
"仪同三司淳量","4","0","4"
"将军任忠都督","2","2","4"
"尚书左仆射陆","2","2","4"
"书左仆射陆缮","2","2","4"
"镇西将军樊毅","2","2","4"
"都督水陆诸军","2","2","4"
"督水陆诸军事","2","2","4"
"高祖诛王僧辩","4","0","4"
"王中兵参军事","2","2","4"
"征南大将军淳","2","2","4"
"授开府仪同三","4","0","4"
"文育西征王琳","3","1","4"
"沌阳县开国侯","2","2","4"
"鄱阳嗣王萧范","2","2","4"
"都督南豫州缘","2","2","4"
"都督章昭达率","2","2","4"
"进号宣毅将军","3","1","4"
"霍二州诸军事","2","2","4"
"都督巴州诸军","3","1","4"
"督巴州诸军事","3","1","4"
"电威将军裴子","2","2","4"
"威将军裴子烈","2","2","4"
"嗣王中兵参军","2","2","4"
"王僧辩讨侯景","4","0","4"
"都督湘州诸军","2","2","4"
"督湘州诸军事","2","2","4"
"前后部羽葆鼓","2","2","4"
"后部羽葆鼓吹","2","2","4"
"御史中丞宗元","2","2","4"
"史中丞宗元饶","2","2","4"
"御史中丞徐君","2","2","4"
"史中丞徐君敷","2","2","4"
"衡州刺史王勇","2","2","4"
"宜黄县开国侯","2","2","4"
"元帅清河公杨","2","2","4"
"帅清河公杨素","2","2","4"
"刺史晋熙王叔","2","2","4"
"史晋熙王叔文","2","2","4"
"巴州刺史毕宝","3","1","4"
"尚书左民侍郎","2","2","4"
"御史中丞沈炯","2","2","4"
"镇东鄱阳王谘","3","1","4"
"东鄱阳王谘议","3","1","4"
"梁事黄门侍郎","4","0","4"
"限外记室参军","2","2","4"
"迁尚书右仆射","4","0","4"
"陵王谘议参军","2","2","4"
"始兴王府法曹","2","2","4"
"王府限外记室","2","2","4"
"邵陵王法曹参","2","2","4"
"法曹外兵参军","2","2","4"
"食邑一千五百","1","3","4"
"郢州刺史程灵","2","2","4"
"湘东王法曹参","3","1","4"
"东王法曹参军","3","1","4"
"尚书金部郎中","2","2","4"
"尚书仓部郎中","2","2","4"
"吏部尚书袁枢","2","2","4"
"云麾始兴王长","2","2","4"
"麾始兴王长史","2","2","4"
"都督武州诸军","2","2","4"
"督武州诸军事","2","2","4"
"尚书吏部郎中","2","2","4"
"重汝南周弘正","2","2","4"
"外兵记室参军","2","2","4"
"吏部尚书蔡徵","4","0","4"
"义安太守张绍","2","2","4"
"安太守张绍宾","2","2","4"
"州刺史欧阳纥","2","2","4"
"晋安王功曹史","2","2","4"
"尚书仆射范阳","2","2","4"
"吏部尚书徐陵","2","2","4"
"吴兴太守武陵","2","2","4"
"兴太守武陵王","2","2","4"
"太守武陵王伯","2","2","4"
"守武陵王伯礼","2","2","4"
"左卫将军蒋元","2","2","4"
"卫将军蒋元逊","2","2","4"
"西府记室参军","2","2","4"
"本官掌东宫管","2","2","4"
"官掌东宫管记","2","2","4"
"太学限内博士","2","2","4"
"南台治书侍御","2","2","4"
"台治书侍御史","2","2","4"
"湘州刺史始兴","2","2","4"
"鄱阳王中卫府","2","2","4"
"王府中录事参","2","2","4"
"王中卫府记室","2","2","4"
"豫章太守周敷","2","2","4"
"前宣城太守钱","2","2","4"
"陈留太守张遂","2","2","4"
"临川太守骆牙","2","2","4"
"州刺史鲁广达","2","2","4"
"南徐州刺史黄","2","2","4"
"徐州刺史黄法","2","2","4"
"湘州刺史吴明","2","2","4"
"进号骠骑大将","2","2","4"
"号骠骑大将军","2","2","4"
"广州刺史沈恪","2","2","4"
"国子祭酒周弘","2","2","4"
"子祭酒周弘正","2","2","4"
"武四州水陆诸","2","2","4"
"四州水陆诸军","2","2","4"
"州水陆诸军事","2","2","4"
"仆射晋安王伯","2","2","4"
"射晋安王伯恭","2","2","4"
"南豫四州诸军","2","2","4"
"豫四州诸军事","2","2","4"
"这是不明白的","0","4","4"
"是不明白的第","0","4","4"
"高祖命令周文","0","4","4"
"高祖镇守京口","0","4","4"
"安都率领水军","0","4","4"
"进号为镇南将","0","4","4"
"任开府仪同三","0","4","4"
"号为征南大将","0","4","4"
"派使者来聘问","0","4","4"
"皇上亲临太庙","0","4","4"
"上亲临太庙祭","0","4","4"
"亲临太庙祭祖","0","4","4"
"大将军淳于量","0","4","4"
"高祖平定侯景","0","4","4"
"其余职务如故","0","4","4"
"国派使者献上","0","4","4"
"为征北大将军","0","4","4"
"州刺史淳于量","0","4","4"
"尊崇皇后为皇","0","4","4"
"崇皇后为皇太","0","4","4"
"赠给散骑常侍","0","4","4"
"给散骑常侍的","0","4","4"
"散骑常侍的官","0","4","4"
"骑常侍的官衔","0","4","4"
"赐给鼓吹一部","0","4","4"
"增赐食邑一千","0","4","4"
"高祖杀王僧辩","0","4","4"
"其他职衔不变","0","4","4"
"任命他为使持","0","4","4"
"命他为使持节","0","4","4"
"承皇帝旨意任","0","4","4"
"配享在高祖祭","0","4","4"
"享在高祖祭庙","0","4","4"
"被任命为持节","0","4","4"
"予的共一千户","0","4","4"
"共一千五百户","0","4","4"
"天子征召他为","0","4","4"
"其余封赏仍旧","0","4","4"
"派他哥哥的儿","0","4","4"
"他哥哥的儿子","0","4","4"
"任命为明威将","0","4","4"
"命为明威将军","0","4","4"
"为征西大将军","0","4","4"
"份直接出任为","0","4","4"
"又调出京城担","0","4","4"
"号为车骑大将","0","4","4"
"被任命为假节","0","4","4"
"调入朝廷担任","0","4","4"
"任命为贞威将","0","4","4"
"命为贞威将军","0","4","4"
"皇帝的旨意任","0","4","4"
"任命为通直散","0","4","4"
"命为通直散骑","0","4","4"
"赏赐鼓吹乐一","0","4","4"
"赐鼓吹乐一部","0","4","4"
"赏赐的鼓吹乐","0","4","4"
"任尚书金部郎","0","4","4"
"梁朝秘书郎起","0","4","4"
"朝秘书郎起家","0","4","4"
"升任太子洗马","0","4","4"
"升任给事黄门","0","4","4"
"第十二个儿子","0","4","4"
"任司徒左长史","0","4","4"
"敬帝秉承皇帝","0","4","4"
"升任尚书右仆","0","4","4"
"当时年纪六十","0","4","4"
"升任太子舍人","0","4","4"
"管选拔人才之","0","4","4"
"职务都依旧担","0","4","4"
"务都依旧担任","0","4","4"
"兼任散骑常侍","0","4","4"
"理束扬州政事","0","4","4"
"将军的职务依","0","4","4"
"王法曹参军起","0","4","4"
"法曹参军起家","0","4","4"
"件事十分明显","0","4","4"
"食邑和以前的","0","4","4"
"升任太子中庶","0","4","4"
"侍中职务依旧","0","4","4"
"中职务依旧担","0","4","4"
"改任吏部尚书","0","4","4"
"为南徐州刺史","0","4","4"
"高祖遣杜僧明","3","0","3"
"授高祖使持节","2","1","3"
"侯安都率众讨","3","0","3"
"寡孤独能存者","3","0","3"
"昙朗袭封南康","2","1","3"
"二年春正月乙","2","1","3"
"刺史吴明彻进","2","1","3"
"史吴明彻进号","2","1","3"
"刺史欧阳頠进","3","0","3"
"史欧阳頠进号","3","0","3"
"舆驾亲祠明堂","3","0","3"
"总督水步众军","2","1","3"
"梁永嘉王萧庄","3","0","3"
"州刺史周文育","2","1","3"
"仪同三司侯安","1","2","3"
"同三司侯安都","1","2","3"
"长女永世公主","2","1","3"
"府仪同三司周","2","1","3"
"陈吏部尚书姚","2","1","3"
"扬州刺史张彪","2","1","3"
"永定三年六月","2","1","3"
"皇帝位太极前","3","0","3"
"帝位太极前殿","3","0","3"
"王公下赐帛差","3","0","3"
"元年春正月癸","2","1","3"
"明彻安南将军","3","0","3"
"刺史始兴王伯","3","0","3"
"史始兴王伯茂","3","0","3"
"力田父后者赐","3","0","3"
"田父后者赐爵","3","0","3"
"益州刺史余孝","2","1","3"
"右光禄大夫王","1","2","3"
"年春正月癸酉","2","1","3"
"进号车骑将军","3","0","3"
"父后者爵一级","2","1","3"
"周将长胡公拓","2","1","3"
"刺史安成王顼","3","0","3"
"新罗国遣使献","3","0","3"
"罗国遣使献方","3","0","3"
"进号骠骑将军","2","1","3"
"舆驾亲耕藉田","3","0","3"
"同三司黄法抃","3","0","3"
"南徐州刺史鄱","3","0","3"
"徐州刺史鄱阳","3","0","3"
"州刺史淳量中","3","0","3"
"将军庐陵王伯","2","1","3"
"任忠都督寿阳","1","2","3"
"进号宁远将军","2","1","3"
"仆射陆缮尚书","3","0","3"
"将军萧摩诃率","1","2","3"
"舍人刘师知等","2","1","3"
"广州刺史新渝","2","1","3"
"州刺史新渝侯","2","1","3"
"刺史新渝侯萧","2","1","3"
"史新渝侯萧映","2","1","3"
"新吴洞主余孝","2","1","3"
"吴洞主余孝顷","2","1","3"
"文育熊昙朗所","3","0","3"
"育熊昙朗所害","3","0","3"
"周文育西讨王","2","1","3"
"文育西讨王琳","2","1","3"
"官员外散骑常","2","1","3"
"天嘉元年二月","2","1","3"
"昭达乘平虏大","2","1","3"
"达乘平虏大舰","2","1","3"
"十九州诸军事","2","1","3"
"增邑前二千五","3","0","3"
"邑前二千五百","3","0","3"
"前二千五百户","3","0","3"
"迁太子左卫率","3","0","3"
"督南豫州缘江","2","1","3"
"南豫州缘江诸","2","1","3"
"豫州缘江诸军","2","1","3"
"进号安西将军","3","0","3"
"迁通直散骑侍","3","0","3"
"宣惠始兴王府","2","1","3"
"东府中兵参军","2","1","3"
"信义太守余孝","2","1","3"
"义太守余孝顷","2","1","3"
"转府谘议参军","2","1","3"
"随都督章昭达","2","1","3"
"督吴明彻北讨","3","0","3"
"都督谯州诸军","2","1","3"
"督谯州诸军事","2","1","3"
"北徐六州诸军","2","1","3"
"徐六州诸军事","2","1","3"
"梁元帝荆州刺","3","0","3"
"元帝荆州刺史","3","0","3"
"等四州诸军事","2","1","3"
"定四州诸军事","2","1","3"
"加左光禄大夫","2","1","3"
"世祖吴兴太守","3","0","3"
"进号平西将军","2","1","3"
"迁太子中舍人","3","0","3"
"安九郡诸军事","2","1","3"
"改授散骑常侍","3","0","3"
"义阳二郡太守","2","1","3"
"都督章昭达征","2","1","3"
"随吴明彻北伐","2","1","3"
"武昌二郡太守","2","1","3"
"授员外散骑常","2","1","3"
"历阳王高景安","2","1","3"
"中丞徐君敷奏","2","1","3"
"州刺史郑万顷","2","1","3"
"钟陵县开国侯","2","1","3"
"本官监南徐州","2","1","3"
"督吴明彻北伐","1","2","3"
"征南鄱阳王谘","1","2","3"
"南鄱阳王谘议","1","2","3"
"迁左光禄大夫","3","0","3"
"授尚书右仆射","3","0","3"
"征事黄门侍郎","3","0","3"
"迁尚书左仆射","3","0","3"
"宁远始兴王府","2","1","3"
"豫章二郡太守","2","1","3"
"镇东始兴王长","2","1","3"
"东始兴王长史","2","1","3"
"高祖南徐州刺","3","0","3"
"祖南徐州刺史","3","0","3"
"吴郡太守袁君","1","2","3"
"郡太守袁君正","1","2","3"
"太建十三年卒","3","0","3"
"前上虞县令陆","1","2","3"
"功授散骑常侍","2","1","3"
"巴山太守黄法","2","1","3"
"录事谘议参军","1","2","3"
"高祖镇南徐州","3","0","3"
"中军宣城王府","2","1","3"
"丹阳尹何敬容","2","1","3"
"湘五州诸军事","2","1","3"
"书仆射范阳张","2","1","3"
"钟山明庆寺尚","2","1","3"
"山明庆寺尚禅","2","1","3"
"明庆寺尚禅师","2","1","3"
"尚书八座奏曰","3","0","3"
"南琅邪彭城二","1","2","3"
"琅邪彭城二郡","1","2","3"
"进号中卫将军","2","1","3"
"荆州刺史陈纪","2","1","3"
"彭城二郡太守","2","1","3"
"安东临川王府","2","1","3"
"护军将军樊毅","2","1","3"
"都督北讨前军","2","1","3"
"督北讨前军事","2","1","3"
"都督荆信二州","1","2","3"
"督荆信二州诸","1","2","3"
"荆信二州诸军","1","2","3"
"贺若弼进军钟","1","2","3"
"若弼进军钟山","1","2","3"
"陵王记室参军","2","1","3"
"甘露降乐游苑","2","1","3"
"限外谘议参军","1","2","3"
"州刺史新建县","2","1","3"
"庐陵太守陆子","2","1","3"
"陵太守陆子隆","2","1","3"
"安成内史阙慎","2","1","3"
"宣城太守钱肃","2","1","3"
"光禄大夫王冲","2","1","3"
"沈恪护军将军","3","0","3"
"南徐州刺史淳","2","1","3"
"郢州刺史黄法","2","1","3"
"都督荆郢巴武","1","2","3"
"督荆郢巴武四","1","2","3"
"荆郢巴武四州","1","2","3"
"郢巴武四州水","1","2","3"
"巴武四州水陆","1","2","3"
"十八州诸军事","1","2","3"
"武四州诸军事","2","1","3"
"有办事的才能","0","3","3"
"这是我不明白","0","3","3"
"是我不明白的","0","3","3"
"我不明白的第","0","3","3"
"高祖派杜僧明","0","3","3"
"秉承皇上旨意","0","3","3"
"祖命令周文育","0","3","3"
"班剑仪仗二十","0","3","3"
"剑仪仗二十人","0","3","3"
"上表请求解除","0","3","3"
"率领军队讨伐","0","3","3"
"讨伐平定了他","0","3","3"
"救动荡的局势","0","3","3"
"鳏寡孤独不能","0","3","3"
"进号为安南将","0","3","3"
"号为安南将军","0","3","3"
"梁朝的永嘉王","0","3","3"
"朝的永嘉王萧","0","3","3"
"的永嘉王萧庄","0","3","3"
"兼任起部尚书","0","3","3"
"内外文武百官","0","3","3"
"在职的文武官","0","3","3"
"职的文武官员","0","3","3"
"亲往北郊祭祀","0","3","3"
"周派使者来聘","0","3","3"
"朝廷内外文武","0","3","3"
"使臣敬献土产","0","3","3"
"将军淳于量为","0","3","3"
"淳于量为使持","0","3","3"
"于量为使持节","0","3","3"
"并先前所封共","0","3","3"
"贡献地方特产","0","3","3"
"帝舆驾亲往南","0","3","3"
"舆驾亲往南郊","0","3","3"
"驾亲往南郊祭","0","3","3"
"亲往南郊祭祀","0","3","3"
"任命尚书右仆","0","3","3"
"命尚书右仆射","0","3","3"
"吴明彻在吕梁","0","3","3"
"为尚书左仆射","0","3","3"
"号为平北将军","0","3","3"
"进号为平南将","0","3","3"
"号为平南将军","0","3","3"
"仪同三司淳于","0","3","3"
"同三司淳于量","0","3","3"
"三司淳于量为","0","3","3"
"刺史淳于量为","0","3","3"
"高祖登上帝位","0","3","3"
"任命为驸马都","0","3","3"
"命为驸马都尉","0","3","3"
"任员外散骑侍","0","3","3"
"天康元年去世","0","3","3"
"元帝任命他为","0","3","3"
"率领自己的部","0","3","3"
"赐食邑一千户","0","3","3"
"衡阳献王陈昌","0","3","3"
"缴获了他的全","0","3","3"
"获了他的全部","0","3","3"
"任南徐州刺史","0","3","3"
"他的妻子儿女","0","3","3"
"王僧辩讨伐侯","0","3","3"
"僧辩讨伐侯景","0","3","3"
"王僧辩派侯瑱","0","3","3"
"的儿子欧阳纥","0","3","3"
"不久又被任命","0","3","3"
"他为开府仪同","0","3","3"
"担任散骑常侍","0","3","3"
"勾引齐寇渡江","0","3","3"
"梁元帝在荆州","0","3","3"
"诛杀王僧辩时","0","3","3"
"予的共一千五","0","3","3"
"的共一千五百","0","3","3"
"任太子左卫率","0","3","3"
"都督郢巴武三","0","3","3"
"督郢巴武三州","0","3","3"
"郢巴武三州诸","0","3","3"
"巴武三州诸军","0","3","3"
"号为云麾将军","0","3","3"
"前赐予的共二","0","3","3"
"赐予的共二千","0","3","3"
"予的共二千户","0","3","3"
"世担继承帝位","0","3","3"
"加任通直散骑","0","3","3"
"他还没有赴任","0","3","3"
"天子征召为中","0","3","3"
"为中卫大将军","0","3","3"
"提升官号为征","0","3","3"
"这些封赏仍旧","0","3","3"
"因为有战功被","0","3","3"
"为有战功被任","0","3","3"
"任命他为持节","0","3","3"
"祖继承帝位后","0","3","3"
"被任命为侍中","0","3","3"
"多次派遣使者","0","3","3"
"升任员外散骑","0","3","3"
"被任命为太子","0","3","3"
"被任命为贞威","0","3","3"
"因父亲去世服","0","3","3"
"父亲去世服丧","0","3","3"
"为太子右卫率","0","3","3"
"侯景之乱平定","0","3","3"
"征召他入朝担","0","3","3"
"召他入朝担任","0","3","3"
"升任护军将军","0","3","3"
"天子下诏书任","0","3","3"
"子下诏书任命","0","3","3"
"赐的鼓吹乐仍","0","3","3"
"的鼓吹乐仍旧","0","3","3"
"任通直散骑侍","0","3","3"
"的第六个儿子","0","3","3"
"改任给事黄门","0","3","3"
"改任右卫将军","0","3","3"
"北周将领梁士","0","3","3"
"周将领梁士彦","0","3","3"
"改任员外散骑","0","3","3"
"棺材拊于山陵","0","3","3"
"灵位筵席拊于","0","3","3"
"位筵席拊于宗","0","3","3"
"筵席拊于宗庙","0","3","3"
"帝外甥的资格","0","3","3"
"监理吴郡政事","0","3","3"
"的职务依然担","0","3","3"
"职务依然担任","0","3","3"
"升任左光禄大","0","3","3"
"的第十二个儿","0","3","3"
"调入朝廷任命","0","3","3"
"朝廷任命为给","0","3","3"
"廷任命为给事","0","3","3"
"的职务都依旧","0","3","3"
"上书朝廷请求","0","3","3"
"左光禄大夫的","0","3","3"
"出任梁朝秘书","0","3","3"
"选拔人才的事","0","3","3"
"拔人才的事务","0","3","3"
"升任都官尚书","0","3","3"
"请求解除职务","0","3","3"
"光大元年去世","0","3","3"
"任太子中舍人","0","3","3"
"时年五十八岁","0","3","3"
"紫光禄大夫的","0","3","3"
"广泛地涉猎文","0","3","3"
"泛地涉猎文史","0","3","3"
"地涉猎文史知","0","3","3"
"涉猎文史知识","0","3","3"
"监理江州政事","0","3","3"
"被任命为中书","0","3","3"
"管理束扬州政","0","3","3"
"侯安都讨伐留","0","3","3"
"安都讨伐留异","0","3","3"
"有才识和度量","0","3","3"
"任梁朝邵陵王","0","3","3"
"他为中书侍郎","0","3","3"
"军的职务依旧","0","3","3"
"因为母亲年老","0","3","3"
"升任御史中丞","0","3","3"
"脱去平民布衣","0","3","3"
"接着领大著作","0","3","3"
"文帝继承帝位","0","3","3"
"这件事十分明","0","3","3"
"任用到仲举为","0","3","3"
"举止宽容含蓄","0","3","3"
"贞阳侯僭越登","0","3","3"
"任中军宣城王","0","3","3"
"用为贞威将军","0","3","3"
"陈实应被平定","0","3","3"
"任命为智武将","0","3","3"
"命为智武将军","0","3","3"
"个州的大中正","0","3","3"
"为金紫光禄大","0","3","3"
"时年纪七十岁","0","3","3"
"时年纪六十三","0","3","3"
"年纪六十三岁","0","3","3"
"领扬州大中正","0","3","3"
"为中卫始兴王","0","3","3"
"邑和以前的一","0","3","3"
"和以前的一共","0","3","3"
"梁朝太清末年","0","3","3"
"坚决辞谢不肯","0","3","3"
"决辞谢不肯就","0","3","3"
"梁朝的太学博","0","3","3"
"朝的太学博士","0","3","3"
"多久又被任命","0","3","3"
"吏部尚书蔡征","0","3","3"
"的第二个儿子","0","3","3"
"尚书八座上奏","0","3","3"
"风度仪表很美","0","3","3"
"改任御史中丞","0","3","3"
"不久兼通直散","0","3","3"
"久兼通直散骑","0","3","3"
"增邑到一千户","0","3","3"
"父亲司马子产","0","3","3"
"改任太中大夫","0","3","3"
"听闻他的名声","0","3","3"
"州刺史沈恪为","0","3","3"
"鄱阳王陈伯山","0","3","3"
"沈恪为护军将","0","3","3"
"恪为护军将军","0","3","3"
"吴兴长城下若","1","1","2"
"兴长城下若里","1","1","2"
"长城下若里人","1","1","2"
"康生盱眙太守","1","1","2"
"公弼生步兵校","1","1","2"
"弼生步兵校尉","1","1","2"
"鼎生散骑侍郎","1","1","2"
"咏生安成太守","1","1","2"
"梁天监二年癸","1","1","2"
"天监二年癸未","1","1","2"
"监二年癸未岁","1","1","2"
"高州刺史孙冏","2","0","2"
"德州刺史陈文","1","1","2"
"州刺史陈文戒","1","1","2"
"广州刺史元景","1","1","2"
"州刺史元景仲","1","1","2"
"成州刺史王怀","1","1","2"
"州刺史王怀明","1","1","2"
"行台选郎殷外","1","1","2"
"台选郎殷外臣","1","1","2"
"选郎殷外臣等","1","1","2"
"时临贺内史欧","1","1","2"
"临贺内史欧阳","1","1","2"
"高祖员外散骑","1","1","2"
"祖员外散骑常","1","1","2"
"改封南野县伯","1","1","2"
"刺史李迁仕大","2","0","2"
"史李迁仕大皋","2","0","2"
"主帅杜平虏率","1","1","2"
"改封长城县侯","1","1","2"
"都督六郡诸军","1","1","2"
"督六郡诸军事","1","1","2"
"时宁都人刘蔼","1","1","2"
"宁都人刘蔼等","1","1","2"
"都人刘蔼等资","1","1","2"
"军粮五十万石","1","1","2"
"长史沈衮奉表","1","1","2"
"承制授高祖使","2","0","2"
"制授高祖使持","2","0","2"
"都督会稽东阳","1","1","2"
"督会稽东阳新","1","1","2"
"会稽东阳新安","1","1","2"
"稽东阳新安临","1","1","2"
"东阳新安临海","1","1","2"
"阳新安临海永","1","1","2"
"新安临海永嘉","1","1","2"
"安临海永嘉五","1","1","2"
"临海永嘉五郡","1","1","2"
"海永嘉五郡诸","1","1","2"
"永嘉五郡诸军","1","1","2"
"嘉五郡诸军事","1","1","2"
"遣中记室参军","1","1","2"
"中记室参军江","1","1","2"
"记室参军江元","1","1","2"
"室参军江元礼","1","1","2"
"城主张黑弃城","1","1","2"
"仪同卢辉略开","1","1","2"
"记室参军刘本","1","1","2"
"室参军刘本仁","1","1","2"
"奉晋安王上表","1","1","2"
"晋安王上表劝","1","1","2"
"义兴太守韦载","1","1","2"
"高州刺史侯安","1","1","2"
"石州刺史杜棱","1","1","2"
"秦州刺史徐嗣","1","1","2"
"州刺史徐嗣徽","1","1","2"
"豫州刺史任约","1","1","2"
"合州刺史徐度","1","1","2"
"安州刺史翟子","1","1","2"
"州刺史翟子崇","1","1","2"
"楚州刺史刘仕","1","1","2"
"州刺史刘仕荣","1","1","2"
"淮州刺史柳达","1","1","2"
"州刺史柳达摩","1","1","2"
"祖遣侯安都水","2","0","2"
"遣侯安都水军","2","0","2"
"水军夜袭胡墅","1","1","2"
"州长史乌丸远","1","1","2"
"黄门侍郎曹朗","1","1","2"
"二年正月癸未","1","1","2"
"宁远石城公外","1","1","2"
"远石城公外兵","1","1","2"
"石城公外兵参","1","1","2"
"城公外兵参军","1","1","2"
"公外兵参军王","1","1","2"
"外兵参军王位","1","1","2"
"水军仪同萧轨","1","1","2"
"东广州刺史独","1","1","2"
"广州刺史独孤","1","1","2"
"州刺史独孤辟","1","1","2"
"刺史独孤辟恶","1","1","2"
"洛州刺史李希","1","1","2"
"州刺史李希光","1","1","2"
"帐内荡主黄丛","1","1","2"
"吴郡太守裴忌","1","1","2"
"大司马门外白","1","1","2"
"司马门外白虎","1","1","2"
"马门外白虎阙","1","1","2"
"门外白虎阙下","1","1","2"
"授高祖中书监","1","1","2"
"增邑前五千户","2","0","2"
"新州刺史华志","1","1","2"
"中散大夫王彭","1","1","2"
"二年正月壬寅","1","1","2"
"高祖班剑十人","1","1","2"
"吴郡嘉兴县君","1","1","2"
"义兴国太夫人","1","1","2"
"南江州刺史余","1","1","2"
"江州刺史余孝","1","1","2"
"假节侍中貂蝉","1","1","2"
"中外都督太傅","1","1","2"
"外都督太傅印","1","1","2"
"都督太傅印绶","1","1","2"
"舆驾幸钟山祠","2","0","2"
"前夫人钱氏号","1","1","2"
"西讨都督周文","1","1","2"
"会稽太守长城","1","1","2"
"稽太守长城县","1","1","2"
"太守长城县侯","1","1","2"
"子梁中书侍郎","2","0","2"
"顼袭封始兴王","1","1","2"
"中书侍郎昙朗","1","1","2"
"书侍郎昙朗袭","1","1","2"
"侍郎昙朗袭封","1","1","2"
"郎昙朗袭封南","1","1","2"
"朗袭封南康王","1","1","2"
"北徐州刺史昌","1","1","2"
"徐州刺史昌义","1","1","2"
"左卫将军徐世","1","1","2"
"卫将军徐世谱","1","1","2"
"梁州刺史张立","1","1","2"
"南豫州刺史沈","1","1","2"
"豫州刺史沈泰","1","1","2"
"王琳立梁永嘉","2","0","2"
"琳立梁永嘉王","2","0","2"
"立梁永嘉王萧","2","0","2"
"永嘉王萧庄郢","2","0","2"
"嘉王萧庄郢州","2","0","2"
"司空监护丧事","1","1","2"
"前开府仪同三","1","1","2"
"南豫州刺史周","1","1","2"
"三司侯安都等","1","1","2"
"仪同三司周文","1","1","2"
"遣中书舍人江","1","1","2"
"遣镇北将军徐","1","1","2"
"镇北将军徐度","1","1","2"
"北将军徐度率","1","1","2"
"书左仆射王通","1","1","2"
"景遣使收世祖","2","0","2"
"高祖北征广陵","1","1","2"
"高祖将讨王僧","2","0","2"
"祖将讨王僧辩","2","0","2"
"时僧辩女婿杜","2","0","2"
"僧辩女婿杜龛","2","0","2"
"高祖密令世祖","1","1","2"
"东扬州刺史张","2","0","2"
"临海太守王怀","1","1","2"
"海太守王怀振","1","1","2"
"三年六月丙午","1","1","2"
"欧阳頠进号征","2","0","2"
"阳頠进号征南","2","0","2"
"刺史黄法抃进","2","0","2"
"史黄法抃进号","2","0","2"
"护军将军徐世","1","1","2"
"州刺史鲁悉达","1","1","2"
"刺史鲁悉达进","1","1","2"
"史鲁悉达进号","1","1","2"
"进号安左将军","2","0","2"
"冬十一月乙卯","1","1","2"
"仪同徐度率众","2","0","2"
"郢州刺史孙瑒","2","0","2"
"州刺史周迪平","1","1","2"
"右卫将军吴明","1","1","2"
"卫将军吴明彻","1","1","2"
"将军吴明彻安","2","0","2"
"始兴昭烈王妃","1","1","2"
"新安太守陆山","1","1","2"
"安太守陆山才","1","1","2"
"尚书中兵郎王","1","1","2"
"贺若敦率马步","2","0","2"
"武州刺史吴明","1","1","2"
"诏司空侯安都","2","0","2"
"司空侯安都率","2","0","2"
"空侯安都率众","2","0","2"
"周巴陵城主尉","1","1","2"
"巴陵城主尉迟","1","1","2"
"陵城主尉迟宪","1","1","2"
"巴州刺史侯安","1","1","2"
"州刺史侯安鼎","1","1","2"
"合州刺史裴景","1","1","2"
"州刺史裴景徽","1","1","2"
"府仪同三司僧","1","1","2"
"仪同三司僧明","1","1","2"
"太子中庶子虞","1","1","2"
"子中庶子虞荔","1","1","2"
"御史中丞孔奂","1","1","2"
"缙州刺史留异","1","1","2"
"三年春正月庚","1","1","2"
"吴明彻安南将","2","0","2"
"中卫将军安成","1","1","2"
"卫将军安成王","1","1","2"
"安成王顼骠骑","2","0","2"
"始兴王伯茂镇","2","0","2"
"兴王伯茂镇东","2","0","2"
"南徐州刺史侯","1","1","2"
"徐州刺史侯安","1","1","2"
"年春正月丙子","1","1","2"
"郢州刺史章昭","1","1","2"
"州刺史华皎进","2","0","2"
"刺史华皎进号","2","0","2"
"刺史黄法抃镇","2","0","2"
"将军章昭达进","2","0","2"
"永嘉诸军东道","2","0","2"
"嘉诸军东道会","2","0","2"
"五年春正月庚","1","1","2"
"护军将军周铁","1","1","2"
"军将军周铁虎","1","1","2"
"六年春正月甲","1","1","2"
"元年春二月丙","1","1","2"
"年春二月丙子","1","1","2"
"梁承圣三年五","1","1","2"
"承圣三年五月","1","1","2"
"永定二年二月","1","1","2"
"天康元年四月","1","1","2"
"进号安右将军","2","0","2"
"光大元年春正","1","1","2"
"大元年春正月","1","1","2"
"尚书左仆射袁","1","1","2"
"书左仆射袁枢","1","1","2"
"军将军吴明彻","1","1","2"
"南豫州刺史余","1","1","2"
"豫州刺史余孝","1","1","2"
"刺史余孝顷谋","1","1","2"
"史余孝顷谋反","1","1","2"
"尚书右仆射沈","1","1","2"
"书右仆射沈钦","1","1","2"
"丹阳尹吴明彻","1","1","2"
"镇右将军杜棱","1","1","2"
"将军杜棱军将","2","0","2"
"军杜棱军将军","2","0","2"
"州刺史华皎谋","1","1","2"
"刺史华皎谋反","1","1","2"
"中抚大将军淳","1","1","2"
"百济国遣使献","2","0","2"
"济国遣使献方","2","0","2"
"公拓跋定率步","2","0","2"
"拓跋定率步骑","2","0","2"
"跋定率步骑二","2","0","2"
"定率步骑二万","2","0","2"
"事中郎孔英哲","1","1","2"
"割东扬州晋安","1","1","2"
"东扬州晋安郡","1","1","2"
"高祖武皇帝拨","1","1","2"
"祖武皇帝拨乱","1","1","2"
"武皇帝拨乱反","1","1","2"
"皇帝拨乱反正","1","1","2"
"后宣太后依诏","1","1","2"
"宣太后依诏废","1","1","2"
"高宗孝宣皇帝","1","1","2"
"始兴昭烈王第","1","1","2"
"兴昭烈王第二","1","1","2"
"梁中大通二年","1","1","2"
"中大通二年七","1","1","2"
"大通二年七月","1","1","2"
"通二年七月辛","1","1","2"
"二年七月辛酉","1","1","2"
"身长八尺三寸","1","1","2"
"遥袭封始兴郡","1","1","2"
"袭封始兴郡王","1","1","2"
"都督扬南徐东","1","1","2"
"督扬南徐东扬","1","1","2"
"扬南徐东扬南","1","1","2"
"南徐东扬南豫","1","1","2"
"增邑前三千户","2","0","2"
"太建元年春正","1","1","2"
"建元年春正月","1","1","2"
"元年春正月甲","1","1","2"
"皇子南中郎将","1","1","2"
"江州刺史康乐","1","1","2"
"州刺史康乐侯","1","1","2"
"刺史康乐侯叔","1","1","2"
"史康乐侯叔陵","1","1","2"
"明威将军周弘","1","1","2"
"威将军周弘正","1","1","2"
"吴郡太守晋安","1","1","2"
"郡太守晋安王","1","1","2"
"晋安王伯恭中","2","0","2"
"仪同章昭达擒","1","1","2"
"吴兴太守杜棱","1","1","2"
"丹丹国遣使献","2","0","2"
"丹国遣使献方","2","0","2"
"舆驾幸乐游苑","2","0","2"
"内外文武赐帛","2","0","2"
"外文武赐帛差","2","0","2"
"北讨大都督吴","1","1","2"
"讨大都督吴明","1","1","2"
"大都督吴明彻","1","1","2"
"都督吴明彻统","1","1","2"
"北伐众军所杀","1","1","2"
"庐陵内史任忠","1","1","2"
"郢州刺史李综","1","1","2"
"三司吴明彻进","2","0","2"
"进号征北大将","2","0","2"
"号征北大将军","2","0","2"
"吴明彻克寿阳","2","0","2"
"前鄱阳内史鲁","1","1","2"
"鄱阳内史鲁天","1","1","2"
"阳内史鲁天念","1","1","2"
"威虏将军刘桃","1","1","2"
"虏将军刘桃根","1","1","2"
"十二月壬辰朔","1","1","2"
"六年春正月壬","1","1","2"
"年春正月壬戌","1","1","2"
"春正月壬戌朔","1","1","2"
"扬州刺史鄱阳","1","1","2"
"鄱阳王伯山征","2","0","2"
"冬十一月乙亥","1","1","2"
"七年春正月辛","1","1","2"
"年春正月辛未","1","1","2"
"卫将军樊毅克","2","0","2"
"仆射王瑒尚书","2","0","2"
"八年春正月庚","1","1","2"
"广州刺史长沙","1","1","2"
"冬十一月乙酉","1","1","2"
"长沙王叔坚平","2","0","2"
"九年春正月辛","1","1","2"
"年春正月辛卯","1","1","2"
"始兴王叔陵扬","2","0","2"
"兴王叔陵扬州","2","0","2"
"王叔陵扬州刺","2","0","2"
"叔陵扬州刺史","2","0","2"
"武毅将军任忠","1","1","2"
"毅将军任忠都","1","1","2"
"军任忠都督寿","1","1","2"
"礼乐仪服军器","1","1","2"
"镇右将军新安","1","1","2"
"右将军新安王","1","1","2"
"平北将军樊毅","1","1","2"
"十一年春正月","1","1","2"
"一年春正月丁","1","1","2"
"年春正月丁酉","1","1","2"
"射陆缮尚书左","2","0","2"
"陆缮尚书左仆","2","0","2"
"缮尚书左仆射","2","0","2"
"柱国梁士彦率","1","1","2"
"州刺史皋文奏","1","1","2"
"刺史皋文奏率","1","1","2"
"右卫将军鲁广","1","1","2"
"卫将军鲁广达","1","1","2"
"将军鲁广达率","1","1","2"
"广达率众入淮","2","0","2"
"武毅将军萧摩","1","1","2"
"毅将军萧摩诃","1","1","2"
"军萧摩诃率步","1","1","2"
"率步骑趣历阳","2","0","2"
"十二年春正月","1","1","2"
"二年春正月戊","1","1","2"
"年春正月戊戌","1","1","2"
"阳郡公司马消","1","1","2"
"郡公司马消难","1","1","2"
"豫州刺史任忠","1","1","2"
"州刺史任忠率","1","1","2"
"司空司马消难","1","1","2"
"大都督水陆诸","1","1","2"
"临江太守刘显","1","1","2"
"江太守刘显光","1","1","2"
"太守刘显光率","1","1","2"
"周将王延贵率","1","1","2"
"王延贵率众援","2","0","2"
"十三年春正月","1","1","2"
"三年春正月壬","1","1","2"
"年春正月壬午","1","1","2"
"大将军田广等","1","1","2"
"始兴郡东衡州","2","0","2"
"前镇西将军樊","1","1","2"
"十四年春正月","1","1","2"
"四年春正月己","1","1","2"
"年春正月己酉","1","1","2"
"高祖宣皇后章","1","1","2"
"祖宣皇后章氏","1","1","2"
"先娶同郡钱仲","1","1","2"
"娶同郡钱仲方","1","1","2"
"令黜废帝临海","2","0","2"
"黜废帝临海王","2","0","2"
"二年三月丙申","1","1","2"
"安前中录事参","1","1","2"
"前中录事参军","1","1","2"
"高宗扬州刺史","2","0","2"
"师知见高宗权","1","1","2"
"诱建安人张安","1","1","2"
"建安人张安国","1","1","2"
"等九郡诸军事","1","1","2"
"先娶吴兴钱氏","1","1","2"
"始兴王叔陵乱","2","0","2"
"仪同三司望蔡","1","1","2"
"同三司望蔡贞","1","1","2"
"三司望蔡贞宪","1","1","2"
"司望蔡贞宪侯","1","1","2"
"望蔡贞宪侯君","1","1","2"
"蔡贞宪侯君理","1","1","2"
"史臣侍中郑国","1","1","2"
"臣侍中郑国公","1","1","2"
"侍中郑国公魏","1","1","2"
"交州土豪李贲","1","1","2"
"周文育等率众","1","1","2"
"宁都人刘孝尚","1","1","2"
"庐陵二郡军事","1","1","2"
"增邑前五百户","2","0","2"
"高祖北围广陵","1","1","2"
"见太子詹事周","1","1","2"
"太子詹事周舍","1","1","2"
"司州刺史陈庆","1","1","2"
"会稽太守张彪","1","1","2"
"徐嗣徽引齐寇","2","0","2"
"嗣徽引齐寇渡","2","0","2"
"徽引齐寇渡江","2","0","2"
"洞主余孝顷举","2","0","2"
"主余孝顷举兵","2","0","2"
"余孝顷举兵应","2","0","2"
"遣军主焦僧度","1","1","2"
"严威将军周铁","1","1","2"
"长史陆山才袭","1","1","2"
"军主夏侯明彻","1","1","2"
"交等州诸军事","1","1","2"
"豫章内史熊昙","1","1","2"
"王琳遣将曹庆","2","0","2"
"监军孙白象颇","1","1","2"
"军孙白象颇知","1","1","2"
"诏配享高祖庙","2","0","2"
"除员外散骑侍","2","0","2"
"进号仁威将军","2","0","2"
"梁始兴内史萧","2","0","2"
"始兴内史萧子","1","1","2"
"兴内史萧子范","1","1","2"
"高祖入援京邑","2","0","2"
"随高祖镇京口","2","0","2"
"高祖东讨杜龛","2","0","2"
"助豫州刺史周","1","1","2"
"周文育讨萧勃","2","0","2"
"功进号镇北将","1","1","2"
"安都跃马渡桥","1","1","2"
"周文育攻余孝","2","0","2"
"文育攻余孝劢","2","0","2"
"安都进军湓城","1","1","2"
"清远国太夫人","1","1","2"
"改桂阳汝城县","2","0","2"
"异第二子忠臣","2","0","2"
"年十二月十一","1","1","2"
"舍人蔡景历启","1","1","2"
"桂阳国愍世子","1","1","2"
"高宗追封安都","1","1","2"
"鄱阳王萧范命","1","1","2"
"轻车府中兵参","1","1","2"
"车府中兵参军","1","1","2"
"豫章太守庄铁","1","1","2"
"都督西讨诸军","1","1","2"
"督西讨诸军事","1","1","2"
"仪同刘伯球率","1","1","2"
"定州刺史章昭","1","1","2"
"刺史章昭达乘","1","1","2"
"章昭达乘平虏","1","1","2"
"牛皮冒蒙冲小","1","1","2"
"皮冒蒙冲小船","1","1","2"
"信武府中兵参","1","1","2"
"武府中兵参军","1","1","2"
"迁平西邵陵王","2","0","2"
"平西邵陵王中","1","1","2"
"西邵陵王中兵","1","1","2"
"邵陵王中兵参","1","1","2"
"陵王中兵参军","1","1","2"
"左卫将军兰钦","1","1","2"
"刺史庐陵王萧","1","1","2"
"史庐陵王萧续","1","1","2"
"令衡州刺史韦","1","1","2"
"衡州刺史韦粲","1","1","2"
"州刺史韦粲讨","1","1","2"
"始兴内史萧绍","1","1","2"
"兴内史萧绍基","1","1","2"
"都督东衡州诸","1","1","2"
"督东衡州诸军","1","1","2"
"东衡州诸军事","1","1","2"
"交州刺史袁昙","1","1","2"
"州刺史袁昙缓","1","1","2"
"大将军贺若敦","1","1","2"
"将军贺若敦率","1","1","2"
"南大将军淳量","2","0","2"
"齐遣大将尉破","2","0","2"
"遣大将尉破胡","2","0","2"
"刺史王贵显保","1","1","2"
"明彻进军北伐","1","1","2"
"徐州总管梁士","1","1","2"
"州总管梁士彦","1","1","2"
"总管梁士彦率","1","1","2"
"上大将军王轨","1","1","2"
"随文育西征王","2","0","2"
"信义太守沌阳","1","1","2"
"义太守沌阳县","1","1","2"
"太守沌阳县开","1","1","2"
"守沌阳县开国","1","1","2"
"阳县开国侯铁","2","0","2"
"县开国侯铁虎","2","0","2"
"冀二州刺史沌","1","1","2"
"二州刺史沌阳","1","1","2"
"州刺史沌阳县","1","1","2"
"刺史沌阳县开","1","1","2"
"史沌阳县开国","1","1","2"
"新安太守湘西","1","1","2"
"安太守湘西乡","1","1","2"
"太守湘西乡侯","1","1","2"
"守湘西乡侯萧","1","1","2"
"湘西乡侯萧隐","1","1","2"
"西乡侯萧隐奔","1","1","2"
"梁元帝荆州承","2","0","2"
"元帝荆州承制","2","0","2"
"灵洗攻下新安","1","1","2"
"帅吕子荣进攻","1","1","2"
"吕子荣进攻新","1","1","2"
"子荣进攻新安","1","1","2"
"冀二州诸军事","1","1","2"
"太原二郡太守","1","1","2"
"累迁通直散骑","2","0","2"
"王府限内中直","1","1","2"
"府限内中直兵","1","1","2"
"限内中直兵参","1","1","2"
"内中直兵参军","1","1","2"
"镇东府中兵参","1","1","2"
"余孝顷海道袭","2","0","2"
"孝顷海道袭晋","2","0","2"
"顷海道袭晋安","2","0","2"
"督章昭达率军","1","1","2"
"巴陵内史雷道","1","1","2"
"陵内史雷道勤","1","1","2"
"功加通直散骑","2","0","2"
"梁元帝承制授","2","0","2"
"都督高州诸军","1","1","2"
"督高州诸军事","1","1","2"
"王琳遣李孝钦","2","0","2"
"进号征西大将","2","0","2"
"号征西大将军","2","0","2"
"卫将军樊毅分","1","1","2"
"将军樊毅分兵","1","1","2"
"湘东王国常侍","1","1","2"
"西中郎府中兵","1","1","2"
"中郎府中兵参","1","1","2"
"郎府中兵参军","1","1","2"
"中兵王僧辩征","1","1","2"
"武宁二郡太守","1","1","2"
"寻进号镇南将","2","0","2"
"征中抚大将军","2","0","2"
"州刺史华皎征","1","1","2"
"胡公拓跋定等","1","1","2"
"阴王萧季卿买","1","1","2"
"王萧季卿买梁","1","1","2"
"谯三州诸军事","1","1","2"
"武沅四州诸军","1","1","2"
"沅四州诸军事","1","1","2"
"昭达都督众军","2","0","2"
"太仆卿李晕代","1","1","2"
"台军主陈景详","1","1","2"
"军主陈景详率","1","1","2"
"主陈景详率兵","1","1","2"
"陈景详率兵追","1","1","2"
"广州西江督护","1","1","2"
"僧辩会白茅湾","2","0","2"
"侯安都征王琳","2","0","2"
"始兴内史萧介","1","1","2"
"徐州缘江诸军","1","1","2"
"桂六州诸军事","1","1","2"
"湘东郡公世子","1","1","2"
"年随都督吴明","2","0","2"
"潼三州诸军事","1","1","2"
"高祖东征杜龛","2","0","2"
"功除通直散骑","2","0","2"
"赠开府仪同三","2","0","2"
"巴定四州诸军","1","1","2"
"寻迁护军将军","2","0","2"
"刺史欧阳纥举","2","0","2"
"史欧阳纥举兵","2","0","2"
"遣司空章昭达","1","1","2"
"遣电威将军裴","1","1","2"
"都督江南诸军","1","1","2"
"督江南诸军事","1","1","2"
"都督宣城郡诸","1","1","2"
"督宣城郡诸军","1","1","2"
"宣城郡诸军事","1","1","2"
"南平嗣王中兵","1","1","2"
"平嗣王中兵参","1","1","2"
"饿死者十八九","2","0","2"
"安西将军沈泰","1","1","2"
"遣行台慕容绍","1","1","2"
"行台慕容绍宗","1","1","2"
"遣清河王高岳","1","1","2"
"时观宁侯萧永","1","1","2"
"都督吴明彻攻","1","1","2"
"北江二州诸军","1","1","2"
"江二州诸军事","1","1","2"
"世祖遣都督章","2","0","2"
"祖遣都督章昭","2","0","2"
"遣都督章昭达","2","0","2"
"督章昭达征迪","2","0","2"
"都督南兗州诸","2","0","2"
"督南兗州诸军","2","0","2"
"南兗州诸军事","2","0","2"
"世祖拒王琳南","2","0","2"
"祖拒王琳南皖","2","0","2"
"合三州诸军事","1","1","2"
"授通直散骑侍","2","0","2"
"宁州长史徐文","1","1","2"
"州长史徐文盛","1","1","2"
"部将叱罗子通","1","1","2"
"定二州诸军事","1","1","2"
"定六州诸军事","1","1","2"
"遣尚书左丞陆","1","1","2"
"尚书左丞陆骞","1","1","2"
"定州刺史田龙","1","1","2"
"州刺史田龙升","1","1","2"
"阳太守田龙琰","1","1","2"
"太守田龙琰率","1","1","2"
"济阳蔡景历辅","1","1","2"
"高宗俱迁关右","2","0","2"
"后部鼓吹一部","1","1","2"
"湘州牧衡阳王","1","1","2"
"司空持节迎护","1","1","2"
"空持节迎护丧","1","1","2"
"南康愍王昙朗","1","1","2"
"母弟忠壮王休","1","1","2"
"弟忠壮王休先","1","1","2"
"宿预人东方光","1","1","2"
"宿预义军三万","1","1","2"
"预义军三万家","1","1","2"
"时四方州郡多","1","1","2"
"四方州郡多未","1","1","2"
"方州郡多未宾","1","1","2"
"郎中令随聘使","1","1","2"
"中丞宗元饶所","1","1","2"
"杨钟期等二十","1","1","2"
"钟期等二十人","1","1","2"
"丞徐君敷奏曰","2","0","2"
"南康王陈方泰","1","1","2"
"康王陈方泰宗","1","1","2"
"王陈方泰宗属","1","1","2"
"州刺史马靖久","1","1","2"
"刺史马靖久居","1","1","2"
"史马靖久居岭","1","1","2"
"马靖久居岭表","1","1","2"
"东衡州刺史王","2","0","2"
"高州刺史戴智","1","1","2"
"州刺史戴智烈","1","1","2"
"承制总督征讨","1","1","2"
"制总督征讨诸","1","1","2"
"总督征讨诸军","1","1","2"
"时隋行军总管","1","1","2"
"隋行军总管韦","1","1","2"
"行军总管韦洸","1","1","2"
"豊州刺史郑万","2","0","2"
"功封龙阳县子","1","1","2"
"武等二十四州","1","1","2"
"等二十四州诸","1","1","2"
"二十四州诸军","1","1","2"
"十四州诸军事","1","1","2"
"西衡州刺史衡","1","1","2"
"衡州刺史衡阳","1","1","2"
"州刺史衡阳王","1","1","2"
"高祖南征交趾","1","1","2"
"北徐州刺史吉","1","1","2"
"徐州刺史吉阳","1","1","2"
"州刺史吉阳县","1","1","2"
"刺史吉阳县开","1","1","2"
"史吉阳县开国","1","1","2"
"吉阳县开国侯","1","1","2"
"遂兴县开国侯","2","0","2"
"宁都县开国侯","1","1","2"
"平固县开国侯","1","1","2"
"功授散骑侍郎","1","1","2"
"广德置广梁郡","1","1","2"
"琳将常众爱宫","2","0","2"
"将常众爱宫亭","2","0","2"
"常众爱宫亭湖","2","0","2"
"详随吴明彻袭","1","1","2"
"明威将军军副","1","1","2"
"司空章昭达征","1","1","2"
"荆州烧青泥船","1","1","2"
"巴二州诸军事","1","1","2"
"萧琮尚书左仆","1","1","2"
"琮尚书左仆射","1","1","2"
"尚书左仆射安","1","1","2"
"书左仆射安平","1","1","2"
"左仆射安平王","1","1","2"
"仆射安平王萧","1","1","2"
"射安平王萧岩","1","1","2"
"部众男女二万","1","1","2"
"长史陈文盛等","1","1","2"
"史陈文盛等居","1","1","2"
"陈文盛等居守","1","1","2"
"湘州刺史晋熙","1","1","2"
"州刺史晋熙王","1","1","2"
"州刺史毕宝等","2","0","2"
"刺史毕宝等请","2","0","2"
"史毕宝等请降","2","0","2"
"王僧辩论述军","1","1","2"
"僧辩论述军事","1","1","2"
"梁尚书左民侍","1","1","2"
"南康嗣王萧会","1","1","2"
"康嗣王萧会理","1","1","2"
"嗣王萧会理谋","1","1","2"
"贼党王伟保护","1","1","2"
"明将军使君侯","1","1","2"
"将军使君侯节","1","1","2"
"军使君侯节下","1","1","2"
"征北府中记室","1","1","2"
"北府中记室参","1","1","2"
"累迁散骑常侍","2","0","2"
"受欧阳武威饷","1","1","2"
"欧阳武威饷绢","1","1","2"
"阳武威饷绢百","1","1","2"
"武威饷绢百匹","1","1","2"
"安成内史杨文","1","1","2"
"成内史杨文通","1","1","2"
"宣惠豫章王长","1","1","2"
"惠豫章王长史","1","1","2"
"行东扬州府事","1","1","2"
"宣毅长沙王长","1","1","2"
"毅长沙王长史","1","1","2"
"齐晋安王谘议","1","1","2"
"议大行皇帝灵","1","1","2"
"梁昭明太子薨","2","0","2"
"灵舆梓宫进止","1","1","2"
"舆梓宫进止仪","1","1","2"
"左丞徐陵决断","1","1","2"
"中庶诸通袁枢","1","1","2"
"妹新安穆公主","1","1","2"
"太尉临川王府","1","1","2"
"尉临川王府外","1","1","2"
"临川王府外兵","1","1","2"
"川王府外兵参","1","1","2"
"安成嗣王长史","1","1","2"
"邑一百五十户","1","1","2"
"平西邵陵王长","1","1","2"
"西邵陵王长史","1","1","2"
"妹义兴长公主","1","1","2"
"骠骑庐陵王府","1","1","2"
"中权何敬容府","1","1","2"
"权何敬容府长","1","1","2"
"何敬容府长史","1","1","2"
"宣惠武陵王主","1","1","2"
"惠武陵王主簿","1","1","2"
"轻车河东王功","1","1","2"
"车河东王功曹","1","1","2"
"河东王功曹史","1","1","2"
"冠军河东王长","1","1","2"
"军河东王长史","1","1","2"
"都督广州等二","1","1","2"
"督广州等二十","1","1","2"
"广州等二十州","1","1","2"
"州等二十州诸","1","1","2"
"等二十州诸军","1","1","2"
"二十州诸军事","1","1","2"
"昭达率众讨纥","2","0","2"
"轻车河东王主","1","1","2"
"车河东王主簿","1","1","2"
"女永世公主先","1","1","2"
"新安穆公主早","1","1","2"
"安穆公主早薨","1","1","2"
"南平王法曹参","1","1","2"
"平王法曹参军","1","1","2"
"限内记室参军","1","1","2"
"除镇南湘东王","2","0","2"
"骠骑庐陵王谘","1","1","2"
"骑庐陵王谘议","1","1","2"
"庐陵王谘议参","1","1","2"
"迁司徒左长史","2","0","2"
"远始兴王府法","1","1","2"
"兴王府法曹参","1","1","2"
"赠金紫光禄大","2","0","2"
"府限外记室参","1","1","2"
"仪同府西曹掾","1","1","2"
"乐安岭东道送","1","1","2"
"入员外散骑常","2","0","2"
"宣惠始兴王长","1","1","2"
"惠始兴王长史","1","1","2"
"侯安都讨留异","2","0","2"
"光禄大夫通弟","2","0","2"
"遣偏将羊亮代","1","1","2"
"新蔡三郡诸军","1","1","2"
"蔡三郡诸军事","1","1","2"
"永嘉王府谘议","1","1","2"
"嘉王府谘议参","1","1","2"
"太守袁君正入","1","1","2"
"陛下睿哲聪明","1","1","2"
"时太守衡阳王","1","1","2"
"西中郎行参军","1","1","2"
"镇西谘议参军","1","1","2"
"除太子中庶子","2","0","2"
"宣城王国左常","1","1","2"
"城王国左常侍","1","1","2"
"明将军使君节","1","1","2"
"将军使君节下","1","1","2"
"东中郎建安王","1","1","2"
"中郎建安王谘","1","1","2"
"郎建安王谘议","1","1","2"
"王南徐州刺史","2","0","2"
"释褐著作佐郎","2","0","2"
"改封建昌县侯","1","1","2"
"妹信义长公主","1","1","2"
"子高兵权过重","1","1","2"
"光大元年八月","1","1","2"
"南北新蔡五郡","1","1","2"
"北新蔡五郡诸","1","1","2"
"新蔡五郡诸军","1","1","2"
"蔡五郡诸军事","1","1","2"
"皎随都督吴明","1","1","2"
"都督吴明彻征","1","1","2"
"巴等四州诸军","1","1","2"
"抚军大将军淳","1","1","2"
"冠武将军杨文","1","1","2"
"武将军杨文通","1","1","2"
"令巴山太守黄","1","1","2"
"山太守黄法慧","1","1","2"
"刺史程灵洗等","1","1","2"
"弟卫国公宇文","1","1","2"
"卫国公宇文直","1","1","2"
"国公宇文直率","1","1","2"
"柱国长胡公拓","1","1","2"
"国长胡公拓跋","1","1","2"
"长沙太守曹庆","1","1","2"
"沙太守曹庆等","1","1","2"
"席慧略等四十","1","1","2"
"丞相豫章文献","1","1","2"
"相豫章文献王","1","1","2"
"建安侯萧正立","1","1","2"
"中军宣城王中","1","1","2"
"军宣城王中录","1","1","2"
"宣城王中录事","1","1","2"
"城王中录事谘","1","1","2"
"王中录事谘议","1","1","2"
"中录事谘议参","1","1","2"
"御史中丞江德","1","1","2"
"史中丞江德藻","1","1","2"
"武陵王益州刺","2","0","2"
"陵王益州刺史","2","0","2"
"东扬二州大中","2","0","2"
"扬二州大中正","2","0","2"
"授金紫光禄大","2","0","2"
"宣惠豫章王谘","1","1","2"
"惠豫章王谘议","1","1","2"
"豫章王谘议参","1","1","2"
"章王谘议参军","1","1","2"
"宁远枝江公主","1","1","2"
"远枝江公主簿","1","1","2"
"宣惠湘东王行","1","1","2"
"惠湘东王行参","1","1","2"
"湘东王行参军","1","1","2"
"时左民郎沈炯","1","1","2"
"司徒王僧辩先","1","1","2"
"徒王僧辩先下","1","1","2"
"除司徒右长史","2","0","2"
"人刘师知等入","1","1","2"
"始兴王叔陵湘","2","0","2"
"兴王叔陵湘州","2","0","2"
"都官尚书王廓","1","1","2"
"仪同鄱阳王东","1","1","2"
"同鄱阳王东曹","1","1","2"
"鄱阳王东曹掾","1","1","2"
"侯景攻陷台城","1","1","2"
"安前晋安王长","1","1","2"
"前晋安王长史","1","1","2"
"西昌侯仪同府","1","1","2"
"昌侯仪同府主","1","1","2"
"侯仪同府主簿","1","1","2"
"时始兴人欧阳","1","1","2"
"除中卫始兴王","2","0","2"
"中卫始兴王咨","2","0","2"
"卫始兴王咨议","2","0","2"
"始兴王咨议参","2","0","2"
"兴王咨议参军","2","0","2"
"时广州刺史马","1","1","2"
"引奉密旨南行","1","1","2"
"都督章昭达讨","1","1","2"
"宝应建安湖际","2","0","2"
"改封朝阳县伯","1","1","2"
"进号智武将军","2","0","2"
"增邑前七百户","2","0","2"
"子隆修建城郭","1","1","2"
"道戢随世祖平","1","1","2"
"都督东西二衡","1","1","2"
"督东西二衡州","1","1","2"
"东西二衡州诸","1","1","2"
"西二衡州诸军","1","1","2"
"二衡州诸军事","1","1","2"
"仪同黄法抃围","1","1","2"
"安成王田曹参","1","1","2"
"成王田曹参军","1","1","2"
"鄱阳嗣王中兵","1","1","2"
"阳嗣王中兵参","1","1","2"
"常安国太夫人","1","1","2"
"平南长沙王长","1","1","2"
"南长沙王长史","1","1","2"
"新安人向文政","1","1","2"
"除尚书吏部郎","2","0","2"
"徐陵等七人参","1","1","2"
"伯父侍中护军","1","1","2"
"累迁国子博士","2","0","2"
"张讥等三百一","1","1","2"
"讥等三百一十","1","1","2"
"等三百一十二","1","1","2"
"三百一十二人","1","1","2"
"重招提琰法师","1","1","2"
"重华阳陶贞白","1","1","2"
"大司马王僧辩","1","1","2"
"解褐梁太学博","2","0","2"
"褐梁太学博士","2","0","2"
"西中郎湘东王","1","1","2"
"中郎湘东王外","1","1","2"
"郎湘东王外兵","1","1","2"
"湘东王外兵记","1","1","2"
"东王外兵记室","1","1","2"
"王外兵记室参","1","1","2"
"寻除智武将军","2","0","2"
"安成王限内记","1","1","2"
"成王限内记室","1","1","2"
"信州南平王府","1","1","2"
"州南平王府长","1","1","2"
"南平王府长史","1","1","2"
"诏赠散骑常侍","2","0","2"
"孔子正言章句","1","1","2"
"国子博士周弘","1","1","2"
"子博士周弘正","1","1","2"
"黄门侍郎王瑜","1","1","2"
"时豫章王叔英","1","1","2"
"吏部尚书毛喜","1","1","2"
"立宠姬张贵妃","1","1","2"
"平随都督夏侯","1","1","2"
"都督衡州五郡","1","1","2"
"督衡州五郡征","1","1","2"
"衡州五郡征讨","1","1","2"
"州五郡征讨诸","1","1","2"
"五郡征讨诸军","1","1","2"
"郡征讨诸军事","1","1","2"
"时义安太守张","1","1","2"
"都督岭北诸军","1","1","2"
"督岭北诸军事","1","1","2"
"华皎称兵上流","2","0","2"
"外城防诸军事","1","1","2"
"轻车临川嗣王","1","1","2"
"安西邵陵王水","1","1","2"
"西邵陵王水曹","1","1","2"
"邵陵王水曹中","1","1","2"
"陵王水曹中兵","1","1","2"
"王水曹中兵参","1","1","2"
"水曹中兵参军","1","1","2"
"曹中兵参军事","1","1","2"
"衡州平南府司","1","1","2"
"州平南府司马","1","1","2"
"失军民男女三","1","1","2"
"军民男女三千","1","1","2"
"时兴皇寺朗法","1","1","2"
"兴皇寺朗法师","1","1","2"
"迁尚书度支郎","2","0","2"
"镇西湘东王中","1","1","2"
"西湘东王中记","1","1","2"
"湘东王中记室","1","1","2"
"东王中记室参","1","1","2"
"王中记室参军","1","1","2"
"齐送贞阳侯萧","1","1","2"
"送贞阳侯萧渊","1","1","2"
"贞阳侯萧渊明","1","1","2"
"徐嗣徽乘虚袭","1","1","2"
"安成王顼司空","2","0","2"
"车府令赵高直","1","1","2"
"高庙令田千秋","1","1","2"
"太平相府长史","1","1","2"
"都官尚书裴忌","1","1","2"
"徐州大中正建","1","1","2"
"州大中正建昌","1","1","2"
"大中正建昌县","1","1","2"
"中正建昌县开","1","1","2"
"正建昌县开国","1","1","2"
"建昌县开国侯","1","1","2"
"豫章王府行参","1","1","2"
"章王府行参军","1","1","2"
"转太子中庶子","1","1","2"
"中卫始兴王限","1","1","2"
"卫始兴王限外","1","1","2"
"宣惠晋熙王长","1","1","2"
"惠晋熙王长史","1","1","2"
"迁尚书殿中郎","2","0","2"
"舅吴平光侯萧","1","1","2"
"宣惠武陵王府","1","1","2"
"惠武陵王府法","1","1","2"
"武陵王府法曹","1","1","2"
"陵王府法曹参","1","1","2"
"阳尹何敬容开","1","1","2"
"仆射范阳张缵","2","0","2"
"度支尚书琅邪","1","1","2"
"都官尚书南阳","1","1","2"
"军宣城王府限","1","1","2"
"宣城王府限内","1","1","2"
"城王府限内录","1","1","2"
"王府限内录事","1","1","2"
"府限内录事参","1","1","2"
"限内录事参军","1","1","2"
"太清四年秋七","1","1","2"
"清四年秋七月","1","1","2"
"尚书右仆射州","1","1","2"
"书右仆射州陵","1","1","2"
"右仆射州陵侯","1","1","2"
"元嘉二十四年","1","1","2"
"直秘书省学士","1","1","2"
"南郡王行参军","1","1","2"
"始兴王府功曹","1","1","2"
"兴王府功曹参","1","1","2"
"王府功曹参军","1","1","2"
"仪同始兴王府","1","1","2"
"同始兴王府记","1","1","2"
"始兴王府记室","1","1","2"
"兴王府记室参","1","1","2"
"尚书祠部侍郎","1","1","2"
"中书舍人司马","1","1","2"
"书舍人司马申","1","1","2"
"度支尚书王瑗","1","1","2"
"支尚书王瑗宣","1","1","2"
"尚书王瑗宣旨","1","1","2"
"寻授度支尚书","2","0","2"
"尚书令江总等","1","1","2"
"就钟山明庆寺","2","0","2"
"庆寺尚禅师受","2","0","2"
"寺尚禅师受菩","2","0","2"
"尚禅师受菩萨","2","0","2"
"禅师受菩萨戒","2","0","2"
"国子祭酒萧子","1","1","2"
"子祭酒萧子云","1","1","2"
"前秘书丞北绛","1","1","2"
"秘书丞北绛郡","1","1","2"
"书丞北绛郡开","1","1","2"
"丞北绛郡开国","1","1","2"
"北绛郡开国公","1","1","2"
"登宫城五百字","1","1","2"
"内史舍人虞世","1","1","2"
"史舍人虞世基","1","1","2"
"补驻王府行参","1","1","2"
"驻王府行参军","1","1","2"
"始兴昭烈王道","1","1","2"
"兴昭烈王道谈","1","1","2"
"高宗袭封始兴","1","1","2"
"宗袭封始兴嗣","1","1","2"
"袭封始兴嗣王","1","1","2"
"都督南琅邪彭","1","1","2"
"督南琅邪彭城","1","1","2"
"邪彭城二郡诸","1","1","2"
"彭城二郡诸军","1","1","2"
"城二郡诸军事","1","1","2"
"晋右将军王羲","1","1","2"
"韩子高等谋反","1","1","2"
"天嘉元年七月","1","1","2"
"嘉元年七月丙","1","1","2"
"元年七月丙辰","1","1","2"
"豊二州诸军事","2","0","2"
"豫章王叔英总","1","1","2"
"章王叔英总督","1","1","2"
"尚书仆射江总","1","1","2"
"书仆射江总友","1","1","2"
"后主第六女女","1","1","2"
"年世祖立伯信","1","1","2"
"进号镇前将军","1","1","2"
"州刺史王勇所","1","1","2"
"刺史王勇所害","1","1","2"
"后主乳母乐安","1","1","2"
"主乳母乐安君","1","1","2"
"乳母乐安君吴","1","1","2"
"母乐安君吴氏","1","1","2"
"太子舍人司马","1","1","2"
"子舍人司马申","1","1","2"
"行军吏部柳庄","1","1","2"
"元帅府僚属等","1","1","2"
"隋开皇九年三","1","1","2"
"开皇九年三月","1","1","2"
"内史令李德林","1","1","2"
"史令李德林宣","1","1","2"
"新蔡王叔齐等","1","1","2"
"前刺史晋熙王","1","1","2"
"隋行军元帅清","1","1","2"
"行军元帅清河","1","1","2"
"军元帅清河公","1","1","2"
"清河公杨素兵","1","1","2"
"河公杨素兵下","1","1","2"
"公杨素兵下荆","1","1","2"
"杨素兵下荆门","1","1","2"
"湘州助防遂兴","1","1","2"
"州助防遂兴侯","1","1","2"
"助防遂兴侯正","1","1","2"
"防遂兴侯正理","1","1","2"
"行军总管刘仁","1","1","2"
"军总管刘仁恩","1","1","2"
"隋总管刘仁恩","1","1","2"
"高宗第二十一","1","1","2"
"高宗第二十二","1","1","2"
"高宗第二十三","1","1","2"
"高宗第二十四","1","1","2"
"高宗第二十五","1","1","2"
"高宗第二十六","1","1","2"
"高宗第二十七","1","1","2"
"高宗第二十八","1","1","2"
"高宗第二十九","1","1","2"
"高宗第三十一","1","1","2"
"高宗第三十二","1","1","2"
"高宗第三十三","1","1","2"
"高宗第三十四","1","1","2"
"舍人孔伯鱼侍","1","1","2"
"太建五年二月","1","1","2"
"建五年二月乙","1","1","2"
"五年二月乙丑","1","1","2"
"征南府行参军","1","1","2"
"时合州刺史陈","1","1","2"
"豫章内史南康","1","1","2"
"章内史南康嗣","1","1","2"
"内史南康嗣王","1","1","2"
"史南康嗣王方","1","1","2"
"南康嗣王方泰","1","1","2"
"武五州大中正","1","1","2"
"时梁州刺史阴","1","1","2"
"梁州刺史阴子","1","1","2"
"州刺史阴子春","1","1","2"
"镇西外兵记室","1","1","2"
"西外兵记室参","1","1","2"
"申随都督王僧","1","1","2"
"安东临川王谘","1","1","2"
"东临川王谘议","1","1","2"
"临川王谘议参","1","1","2"
"川王谘议参军","1","1","2"
"召右卫萧摩诃","1","1","2"
"就加散骑常侍","1","1","2"
"文招县开国伯","1","1","2"
"中卫西昌侯行","1","1","2"
"卫西昌侯行参","1","1","2"
"西昌侯行参军","1","1","2"
"尚书功论侍郎","1","1","2"
"周弘正等通聘","1","1","2"
"周冢宰宇文护","1","1","2"
"冢宰宇文护执","1","1","2"
"虞叔卿等二十","1","1","2"
"外散骑常侍杜","1","1","2"
"散骑常侍杜缅","1","1","2"
"骑常侍杜缅图","1","1","2"
"中庶子陆琼宣","1","1","2"
"吏部尚书河南","1","1","2"
"部尚书河南褚","1","1","2"
"尚书河南褚翔","1","1","2"
"兴王府法曹行","1","1","2"
"王府法曹行参","1","1","2"
"府法曹行参军","1","1","2"
"镇右新安王谘","1","1","2"
"右新安王谘议","1","1","2"
"新安王谘议参","1","1","2"
"守宫城西北大","1","1","2"
"宫城西北大营","1","1","2"
"尚书民部仪曹","1","1","2"
"书民部仪曹郎","1","1","2"
"太常卿南阳刘","1","1","2"
"散骑常侍袁宪","1","1","2"
"云公受梁武帝","1","1","2"
"新安王文学陆","1","1","2"
"安王文学陆琼","1","1","2"
"云公奉梁武帝","1","1","2"
"吏部尚书宗元","1","1","2"
"部尚书宗元饶","1","1","2"
"谒者黄长贵持","1","1","2"
"者黄长贵持册","1","1","2"
"黄长贵持册奠","1","1","2"
"长贵持册奠祭","1","1","2"
"时后主赐仆射","1","1","2"
"后主赐仆射江","1","1","2"
"主赐仆射江总","1","1","2"
"授信义王文学","1","1","2"
"右仆射杨素奏","1","1","2"
"贺王府记室参","1","1","2"
"太尉王僧辩深","1","1","2"
"东临川王府记","1","1","2"
"临川王府记室","1","1","2"
"川王府记室参","1","1","2"
"依湘州刺史萧","1","1","2"
"湘州刺史萧循","1","1","2"
"司空府记室参","1","1","2"
"空府记室参军","1","1","2"
"骠骑安成王中","1","1","2"
"骑安成王中记","1","1","2"
"安成王中记室","1","1","2"
"兴皇惠朗法师","1","1","2"
"吾愿息诤通道","2","0","2"
"镇南始兴王谘","1","1","2"
"南始兴王谘议","1","1","2"
"吏部侍郎萧引","1","1","2"
"徐嗣徽引齐兵","1","1","2"
"摩诃独骑大呼","1","1","2"
"摩诃随都督吴","1","1","2"
"诃随都督吴明","1","1","2"
"击走齐将王康","1","1","2"
"走齐将王康德","1","1","2"
"宫舍人司马申","1","1","2"
"舍人司马申启","1","1","2"
"府城西门屯军","1","1","2"
"总管贺若弼镇","1","1","2"
"祯明三年正月","1","1","2"
"三年正月元会","1","1","2"
"镇东大将军任","1","1","2"
"登山观望形势","1","1","2"
"摩诃入见后主","1","1","2"
"随晋熙太守梅","1","1","2"
"晋熙太守梅伯","1","1","2"
"熙太守梅伯龙","1","1","2"
"太守梅伯龙讨","1","1","2"
"土人胡通聚众","1","1","2"
"击走齐历阳王","1","1","2"
"走齐历阳王高","1","1","2"
"齐历阳王高景","1","1","2"
"后主召萧摩诃","1","1","2"
"兵家称客主异","1","1","2"
"家称客主异势","1","1","2"
"水军分向南豫","1","1","2"
"军分向南豫州","1","1","2"
"擒虎军共入南","1","1","2"
"虎军共入南掖","1","1","2"
"军共入南掖门","1","1","2"
"周将梁士彦将","2","0","2"
"将梁士彦将兵","2","0","2"
"梁士彦将兵围","2","0","2"
"士彦将兵围寿","2","0","2"
"进号征西将军","1","1","2"
"改封逍遥郡公","1","1","2"
"南安侯萧方矩","1","1","2"
"安成王府司马","1","1","2"
"始兴平南府长","1","1","2"
"兴平南府长史","1","1","2"
"隋将韩擒虎济","2","0","2"
"将韩擒虎济江","2","0","2"
"擒虎进军攻陷","1","1","2"
"祯明三年入隋","2","0","2"
"邵陵王国右常","1","1","2"
"陵王国右常侍","1","1","2"
"阳公府中兵参","1","1","2"
"公府中兵参军","1","1","2"
"悉达聚众保新","1","1","2"
"达聚众保新蔡","1","1","2"
"广达愤怒大呼","1","1","2"
"仪同章昭达入","1","1","2"
"同章昭达入峡","1","1","2"
"章昭达入峡口","1","1","2"
"敷城王张元范","1","1","2"
"授都督北徐州","1","1","2"
"都督北徐州诸","1","1","2"
"督北徐州诸军","1","1","2"
"北徐州诸军事","1","1","2"
"卫将军任忠等","1","1","2"
"将军任忠等分","1","1","2"
"军任忠等分部","1","1","2"
"豫州刺史樊毅","1","1","2"
"州刺史樊毅率","1","1","2"
"刺史樊毅率众","1","1","2"
"史樊毅率众北","1","1","2"
"上十州诸军事","1","1","2"
"周安州总管元","1","1","2"
"安州总管元景","1","1","2"
"尚书令江总抚","1","1","2"
"萧摩诃气冠三","1","1","2"
"摩诃气冠三军","1","1","2"
"齐豫章王行参","1","1","2"
"豫章王行参军","1","1","2"
"镇西府记室参","1","1","2"
"时朝廷政事多","1","1","2"
"朝廷政事多委","1","1","2"
"平北府谘议参","1","1","2"
"北府谘议参军","1","1","2"
"军师始兴王谘","1","1","2"
"师始兴王谘议","1","1","2"
"智武府外兵参","1","1","2"
"武府外兵参军","1","1","2"
"府外兵参军事","1","1","2"
"尚书驾部郎中","1","1","2"
"引祠部侍郎阮","1","1","2"
"祠部侍郎阮卓","1","1","2"
"时尚书右丞徐","1","1","2"
"尚书右丞徐祚","1","1","2"
"尚书左丞沈客","1","1","2"
"书左丞沈客卿","1","1","2"
"吏部尚书吴兴","1","1","2"
"部尚书吴兴姚","1","1","2"
"尚书吴兴姚察","1","1","2"
"随聘使杜子晖","1","1","2"
"尚书水部侍郎","1","1","2"
"高宗特降殊礼","1","1","2"
"宜都王谘议参","1","1","2"
"都王谘议参军","1","1","2"
"王谘议参军事","1","1","2"
"安德宫长秋卿","1","1","2"
"鄱阳王录事参","1","1","2"
"阳王录事参军","1","1","2"
"尚书左丞徐陵","1","1","2"
"身长七尺四寸","1","1","2"
"南中郎武陵王","1","1","2"
"中郎武陵王行","1","1","2"
"郎武陵王行参","1","1","2"
"武陵王行参军","1","1","2"
"安西武陵王记","1","1","2"
"西武陵王记室","1","1","2"
"授庐陵王记室","1","1","2"
"庐陵王记室参","1","1","2"
"云麾临海王长","1","1","2"
"麾临海王长史","1","1","2"
"南平王国左常","1","1","2"
"平王国左常侍","1","1","2"
"轻车河东王府","1","1","2"
"车河东王府行","1","1","2"
"河东王府行参","1","1","2"
"东王府行参军","1","1","2"
"惠始兴王府谘","1","1","2"
"始兴王府谘议","1","1","2"
"兴王府谘议参","1","1","2"
"平西府记室参","1","1","2"
"吴兴沈炯对掌","1","1","2"
"兴沈炯对掌书","1","1","2"
"沈炯对掌书记","1","1","2"
"尚书度支侍郎","1","1","2"
"刘俣入侍殿中","1","1","2"
"时舍人曹义达","1","1","2"
"赐粟米二百斛","1","1","2"
"仁威淮南王长","1","1","2"
"威淮南王长史","1","1","2"
"预重云殿法会","1","1","2"
"授东宫义省学","1","1","2"
"东宫义省学士","1","1","2"
"中军吴兴王记","1","1","2"
"军吴兴王记室","1","1","2"
"直嘉德殿学士","1","1","2"
"云麾新安王主","1","1","2"
"麾新安王主簿","1","1","2"
"宁远府记室参","1","1","2"
"远府记室参军","1","1","2"
"骠骑安成王行","1","1","2"
"骑安成王行参","1","1","2"
"安成王行参军","1","1","2"
"军师晋安王外","1","1","2"
"师晋安王外兵","1","1","2"
"晋安王外兵参","1","1","2"
"安王外兵参军","1","1","2"
"才学娱侍左右","1","1","2"
"尚书祠部郎中","1","1","2"
"桂阳王明威将","1","1","2"
"阳王明威将军","1","1","2"
"王明威将军功","1","1","2"
"明威将军功曹","1","1","2"
"威将军功曹史","1","1","2"
"直天保殿学士","1","1","2"
"宣毅临川王长","1","1","2"
"毅临川王长史","1","1","2"
"世祖会稽太守","2","0","2"
"尚书三公侍郎","1","1","2"
"安西刑狱参军","1","1","2"
"邵陵太守刘恭","1","1","2"
"司空府谘议参","1","1","2"
"空府谘议参军","1","1","2"
"七十五年行事","1","1","2"
"司空侯安都府","1","1","2"
"空侯安都府记","1","1","2"
"侯安都府记室","1","1","2"
"安都府记室参","1","1","2"
"都府记室参军","1","1","2"
"府记室参军事","1","1","2"
"镇北新安王府","1","1","2"
"北新安王府中","1","1","2"
"新安王府中记","1","1","2"
"安王府中记室","1","1","2"
"王府中记室参","1","1","2"
"临海嗣王府限","1","1","2"
"海嗣王府限外","1","1","2"
"嗣王府限外谘","1","1","2"
"王府限外谘议","1","1","2"
"府限外谘议参","1","1","2"
"镇右新安王府","1","1","2"
"右新安王府谘","1","1","2"
"新安王府谘议","1","1","2"
"安王府谘议参","1","1","2"
"府谘议参军事","1","1","2"
"勃海长乐二郡","1","1","2"
"海长乐二郡太","1","1","2"
"长乐二郡太守","1","1","2"
"邵陵王国左常","1","1","2"
"陵王国左常侍","1","1","2"
"时焦僧度拥众","1","1","2"
"除镇东鄱阳王","2","0","2"
"鄱阳王府墨曹","1","1","2"
"阳王府墨曹行","1","1","2"
"王府墨曹行参","1","1","2"
"府墨曹行参军","1","1","2"
"衡阳王府长史","1","1","2"
"信威晋熙王府","1","1","2"
"威晋熙王府长","1","1","2"
"晋熙王府长史","1","1","2"
"轻车鄱阳王府","1","1","2"
"车鄱阳王府外","1","1","2"
"鄱阳王府外兵","1","1","2"
"阳王府外兵参","1","1","2"
"云麾新安王府","1","1","2"
"麾新安王府记","1","1","2"
"新安王府记室","1","1","2"
"安王府记室参","1","1","2"
"迁鄱阳王中卫","2","0","2"
"阳王中卫府录","1","1","2"
"王中卫府录事","1","1","2"
"晋安王府记室","1","1","2"
"多金翠珠贝珍","1","1","2"
"金翠珠贝珍怪","1","1","2"
"衡阳王府中录","1","1","2"
"阳王府中录事","1","1","2"
"始兴王中卫府","1","1","2"
"兴王中卫府记","1","1","2"
"中卫府记室参","1","1","2"
"卫府记室参军","1","1","2"
"昙朗兵力稍强","1","1","2"
"遣李孝钦等随","1","1","2"
"世祖征南川兵","1","1","2"
"南中兵筑城围","1","1","2"
"梁始兴王萧毅","1","1","2"
"黄法抃等率兵","1","1","2"
"法抃等率兵共","1","1","2"
"抃等率兵共围","1","1","2"
"章太守周敷本","1","1","2"
"安西周敷效力","1","1","2"
"太守怀仁县伯","1","1","2"
"太守益阳县子","1","1","2"
"守益阳县子陆","1","1","2"
"益阳县子陆子","1","1","2"
"阳县子陆子隆","1","1","2"
"高州刺史新建","1","1","2"
"宣城太守钱法","1","1","2"
"城太守钱法成","1","1","2"
"刺史南固县侯","1","1","2"
"史南固县侯焦","1","1","2"
"南固县侯焦僧","1","1","2"
"固县侯焦僧度","1","1","2"
"建州刺史辰县","1","1","2"
"州刺史辰县子","1","1","2"
"刺史辰县子张","1","1","2"
"史辰县子张智","1","1","2"
"辰县子张智达","1","1","2"
"江州刺史安吴","1","1","2"
"州刺史安吴县","1","1","2"
"刺史安吴县侯","1","1","2"
"史安吴县侯吴","1","1","2"
"前安成内史刘","1","1","2"
"寻阳太守华皎","1","1","2"
"巴州刺史潘纯","1","1","2"
"郢州刺史欣乐","1","1","2"
"州刺史欣乐县","1","1","2"
"刺史欣乐县侯","1","1","2"
"史欣乐县侯章","1","1","2"
"欣乐县侯章昭","1","1","2"
"乐县侯章昭达","1","1","2"
"湘州刺史湘东","1","1","2"
"州刺史湘东郡","1","1","2"
"刺史湘东郡公","1","1","2"
"史湘东郡公度","1","1","2"
"府仪同三司欧","1","1","2"
"仪同三司欧阳","1","1","2"
"子弟交州刺史","1","1","2"
"新除太子右率","1","1","2"
"衡州刺史侯晓","1","1","2"
"州刺史侯晓等","1","1","2"
"大都督安都平","1","1","2"
"令众军作连城","1","1","2"
"众军作连城攻","1","1","2"
"时宣城太守钱","1","1","2"
"城太守钱肃镇","1","1","2"
"吴州刺史陈详","1","1","2"
"都督程灵洗击","1","1","2"
"随临城公萧大","1","1","2"
"临城公萧大连","1","1","2"
"左右私树威福","1","1","2"
"景行台刘神茂","1","1","2"
"世祖平定会稽","1","1","2"
"左卫将军沈恪","1","1","2"
"卫将军沈恪代","1","1","2"
"南徐州刺史桂","1","1","2"
"徐州刺史桂阳","1","1","2"
"州刺史桂阳郡","1","1","2"
"刺史桂阳郡开","1","1","2"
"史桂阳郡开国","1","1","2"
"桂阳郡开国公","1","1","2"
"阳郡开国公安","1","1","2"
"郡开国公安都","1","1","2"
"闽寇陈宝应父","1","1","2"
"寇陈宝应父子","1","1","2"
"南康内史裴忌","1","1","2"
"新除轻车将军","1","1","2"
"除轻车将军刘","1","1","2"
"轻车将军刘峰","1","1","2"
"东衡州刺史钱","1","1","2"
"衡州刺史钱道","1","1","2"
"州刺史钱道戢","1","1","2"
"故司空欧阳公","1","1","2"
"明州刺史戴晃","1","1","2"
"新州刺史区白","1","1","2"
"州刺史区白兽","1","1","2"
"公世子徐敬成","1","1","2"
"吴州刺史鲁广","1","1","2"
"护军将军昭达","1","1","2"
"太子左卫率孙","1","1","2"
"子左卫率孙诩","1","1","2"
"寻阳太守莫景","1","1","2"
"阳太守莫景隆","1","1","2"
"豫章太守刘广","1","1","2"
"章太守刘广德","1","1","2"
"江州刺史新建","1","1","2"
"刺史新建县开","1","1","2"
"史新建县开国","1","1","2"
"新建县开国侯","1","1","2"
"建县开国侯法","1","1","2"
"昙朗奸慝翻覆","1","1","2"
"豫章内史钱法","1","1","2"
"章内史钱法成","1","1","2"
"谴责御史中丞","1","1","2"
"责御史中丞王","1","1","2"
"御史中丞王政","1","1","2"
"右卫将军萧摩","1","1","2"
"卫将军萧摩诃","1","1","2"
"遣记室韦谅送","1","1","2"
"赖长沙王叔坚","1","1","2"
"前衡阳内史彭","1","1","2"
"衡阳内史彭暠","1","1","2"
"东海三郡诸军","1","1","2"
"海三郡诸军事","1","1","2"
"琅邪二郡太守","1","1","2"
"大都督中外诸","1","1","2"
"扬南徐二州刺","1","1","2"
"南徐二州刺史","1","1","2"
"进封义兴郡公","1","1","2"
"侍中谒者仆射","1","1","2"
"中谒者仆射陆","1","1","2"
"谒者仆射陆缮","1","1","2"
"者仆射陆缮策","1","1","2"
"长城县夫人章","1","1","2"
"城县夫人章氏","1","1","2"
"加高祖前后部","1","1","2"
"高祖前后部羽","1","1","2"
"祖前后部羽葆","1","1","2"
"改梁太平二年","1","1","2"
"州刺史长城县","1","1","2"
"刺史长城县公","1","1","2"
"史长城县公道","1","1","2"
"长城县公道谭","1","1","2"
"南徐州刺史武","1","1","2"
"徐州刺史武康","1","1","2"
"州刺史武康县","1","1","2"
"刺史武康县侯","1","1","2"
"史武康县侯休","1","1","2"
"武康县侯休先","1","1","2"
"遣吏部尚书谢","1","1","2"
"吏部尚书谢哲","1","1","2"
"桂州刺史淳量","2","0","2"
"同三司徐度侍","2","0","2"
"三司徐度侍中","2","0","2"
"二年春正月庚","1","1","2"
"晋陵太守杜棱","1","1","2"
"周湘州城主殷","1","1","2"
"湘州城主殷亮","1","1","2"
"丹阳尹沈君理","1","1","2"
"南荆州刺史吴","1","1","2"
"荆州刺史吴明","1","1","2"
"右光禄大夫徐","1","1","2"
"光禄大夫徐世","1","1","2"
"禄大夫徐世谱","1","1","2"
"中抚军大将军","1","1","2"
"冬十一月丁亥","1","1","2"
"左卫将军程灵","1","1","2"
"卫将军程灵洗","1","1","2"
"江州刺史黄法","1","1","2"
"刺史黄法抃中","2","0","2"
"中护军程灵洗","1","1","2"
"郢州刺史沈恪","1","1","2"
"吴兴太守吴明","1","1","2"
"兴太守吴明彻","1","1","2"
"吴郡太守鄱阳","1","1","2"
"郡太守鄱阳王","1","1","2"
"太守鄱阳王伯","1","1","2"
"守鄱阳王伯山","1","1","2"
"尊皇太后曰太","1","1","2"
"皇太后曰太皇","1","1","2"
"太后曰太皇太","1","1","2"
"后曰太皇太后","1","1","2"
"皇后曰皇太后","1","1","2"
"尚书令安成王","1","1","2"
"东扬州刺史始","2","0","2"
"鄱阳王伯山进","2","0","2"
"阳王伯山进号","2","0","2"
"禄大夫王冲薨","1","1","2"
"荆州刺史沈恪","1","1","2"
"新除中军大将","2","0","2"
"除中军大将军","2","0","2"
"太建二年四月","1","1","2"
"建二年四月薨","1","1","2"
"中抚大将军章","1","1","2"
"章昭达进号车","2","0","2"
"昭达进号车骑","2","0","2"
"达进号车骑大","2","0","2"
"徐州刺史淳量","2","0","2"
"尚书仆射沈钦","1","1","2"
"王劢尚书右仆","2","0","2"
"劢尚书右仆射","2","0","2"
"大著作徐陵尚","2","0","2"
"著作徐陵尚书","2","0","2"
"中护军晋安王","1","1","2"
"护军晋安王伯","1","1","2"
"军晋安王伯恭","1","1","2"
"左卫将军欧阳","1","1","2"
"卫将军欧阳纥","1","1","2"
"年春正月乙酉","1","1","2"
"三司章昭达进","1","1","2"
"司章昭达进号","1","1","2"
"州刺史沈恪进","1","1","2"
"刺史沈恪进号","1","1","2"
"十二月癸巳夜","1","1","2"
"三年春正月癸","1","1","2"
"中郎将长沙王","1","1","2"
"郎将长沙王府","1","1","2"
"将长沙王府谘","1","1","2"
"长沙王府谘议","1","1","2"
"沙王府谘议参","1","1","2"
"府谘议参军萧","1","1","2"
"谘议参军萧彝","1","1","2"
"年春正月丙午","1","1","2"
"江州刺史始兴","1","1","2"
"吴郡太守长沙","1","1","2"
"郡太守长沙王","1","1","2"
"太守长沙王叔","1","1","2"
"守长沙王叔坚","1","1","2"
"丹阳尹衡阳王","1","1","2"
"阳尹衡阳王伯","1","1","2"
"尹衡阳王伯信","1","1","2"
"仪同程灵洗配","1","1","2"
"同程灵洗配食","1","1","2"
"程灵洗配食高","1","1","2"
"灵洗配食高祖","1","1","2"
"洗配食高祖庙","1","1","2"
"故车骑将军章","1","1","2"
"车骑将军章昭","1","1","2"
"骑将军章昭达","1","1","2"
"将军章昭达配","1","1","2"
"军章昭达配食","1","1","2"
"章昭达配食世","1","1","2"
"昭达配食世祖","1","1","2"
"达配食世祖庙","1","1","2"
"配食世祖庙庭","1","1","2"
"前巴州刺史鲁","1","1","2"
"巴州刺史鲁广","1","1","2"
"南齐昌太守黄","1","1","2"
"齐昌太守黄咏","1","1","2"
"高唐太守沈善","1","1","2"
"唐太守沈善度","1","1","2"
"翊前将军新安","1","1","2"
"前将军新安王","1","1","2"
"禄大夫王通加","1","1","2"
"大夫王通加特","1","1","2"
"夫王通加特进","1","1","2"
"尚书右仆射陆","1","1","2"
"书右仆射陆缮","1","1","2"
"晋陵太守王克","1","1","2"
"丹阳尹江夏王","1","1","2"
"阳尹江夏王伯","1","1","2"
"尹江夏王伯义","1","1","2"
"十年春正月己","1","1","2"
"年春正月己巳","1","1","2"
"春正月己巳朔","1","1","2"
"郢水陆诸军事","1","1","2"
"吏部尚书袁宪","1","1","2"
"宣惠将军江夏","1","1","2"
"惠将军江夏王","1","1","2"
"将军江夏王伯","1","1","2"
"军江夏王伯义","1","1","2"
"镇前将军豫章","1","1","2"
"前将军豫章王","1","1","2"
"将军豫章王叔","1","1","2"
"军豫章王叔英","1","1","2"
"江州刺史鄱阳","1","1","2"
"军樊毅都督北","1","1","2"
"卫将军任忠都","1","1","2"
"军任忠都督北","1","1","2"
"平北将军沈恪","1","1","2"
"将军裴子烈镇","1","1","2"
"开远将军徐道","1","1","2"
"远将军徐道奴","1","1","2"
"将军徐道奴镇","1","1","2"
"前信州刺史杨","1","1","2"
"信州刺史杨宝","1","1","2"
"州刺史杨宝安","1","1","2"
"刺史杨宝安镇","1","1","2"
"军樊毅镇西将","2","0","2"
"樊毅镇西将军","2","0","2"
"平北将军庐陵","1","1","2"
"北将军庐陵王","1","1","2"
"宣毅将军河东","1","1","2"
"毅将军河东王","1","1","2"
"将军河东王叔","1","1","2"
"军河东王叔献","1","1","2"
"尚书右仆射晋","1","1","2"
"书右仆射晋安","1","1","2"
"右仆射晋安王","1","1","2"
"晋安王伯恭尚","2","0","2"
"安王伯恭尚书","2","0","2"
"安随等九州八","1","1","2"
"随等九州八镇","1","1","2"
"等九州八镇诸","1","1","2"
"九州八镇诸军","1","1","2"
"州八镇诸军事","1","1","2"
"超武将军陈慧","1","1","2"
"武将军陈慧纪","1","1","2"
"直散骑常侍淳","1","1","2"
"智武将军鲁广","1","1","2"
"武将军鲁广达","1","1","2"
"南徐州刺史河","1","1","2"
"徐州刺史河东","1","1","2"
"州刺史河东王","1","1","2"
"刺史河东王叔","1","1","2"
"史河东王叔献","1","1","2"
"护军将军鄱阳","1","1","2"
"军将军鄱阳王","1","1","2"
"将军鄱阳王伯","1","1","2"
"军鄱阳王伯山","1","1","2"
"国子祭酒新安","1","1","2"
"子祭酒新安王","1","1","2"
"祭酒新安王伯","1","1","2"
"酒新安王伯固","1","1","2"
"尚书仆射晋安","1","1","2"
"书仆射晋安王","1","1","2"
"卫尉卿宜都王","1","1","2"
"尉卿宜都王叔","1","1","2"
"卿宜都王叔明","1","1","2"
"袭封寿昌县公","1","1","2"
"改封西江县公","1","1","2"
"都督新安郡诸","1","1","2"
"督新安郡诸军","1","1","2"
"新安郡诸军事","1","1","2"
"高祖南征李贲","1","1","2"
"都督豫章郡诸","1","1","2"
"督豫章郡诸军","1","1","2"
"豫章郡诸军事","1","1","2"
"忠武将军南豫","1","1","2"
"武将军南豫州","1","1","2"
"将军南豫州刺","1","1","2"
"军南豫州刺史","1","1","2"
"南豫州刺史樊","1","1","2"
"豫州刺史樊猛","1","1","2"
"配享高祖庙廷","1","1","2"
"骠骑庐陵王长","1","1","2"
"骑庐陵王长史","1","1","2"
"加金紫光禄大","2","0","2"
"巴州刺史戴僧","1","1","2"
"州刺史戴僧朔","1","1","2"
"衡阳内史任蛮","1","1","2"
"阳内史任蛮奴","1","1","2"
"巴陵内史潘智","1","1","2"
"陵内史潘智虔","1","1","2"
"岳阳太守章昭","1","1","2"
"阳太守章昭裕","1","1","2"
"桂阳太守曹宣","1","1","2"
"湘东太守钱明","1","1","2"
"中卫始兴王长","1","1","2"
"卫始兴王长史","1","1","2"
"衡二州诸军事","1","1","2"
"都督广等十八","1","1","2"
"督广等十八州","1","1","2"
"广等十八州诸","1","1","2"
"等十八州诸军","1","1","2"
"宋左光禄大夫","1","1","2"
"中书黄门侍郎","1","1","2"
"宣惠宜都王中","1","1","2"
"惠宜都王中录","1","1","2"
"宜都王中录事","1","1","2"
"都王中录事参","1","1","2"
"王中录事参军","1","1","2"
"衡阳王府法曹","1","1","2"
"阳王府法曹参","1","1","2"
"赠骠骑大将军","1","1","2"
"改封始兴郡王","1","1","2"
"度支尚书萧睿","1","1","2"
"支尚书萧睿持","1","1","2"
"尚书萧睿持节","1","1","2"
"持节太宰告太","2","0","2"
"遣五兵尚书王","1","1","2"
"五兵尚书王质","1","1","2"
"兵尚书王质持","1","1","2"
"尚书王质持节","1","1","2"
"柳皇后生后主","1","1","2"
"彭贵人生始兴","1","1","2"
"贵人生始兴王","1","1","2"
"人生始兴王叔","1","1","2"
"生始兴王叔陵","1","1","2"
"曹淑华生豫章","1","1","2"
"淑华生豫章王","1","1","2"
"华生豫章王叔","1","1","2"
"生豫章王叔英","1","1","2"
"何淑仪生长沙","1","1","2"
"淑仪生长沙王","1","1","2"
"仪生长沙王叔","1","1","2"
"生长沙王叔坚","1","1","2"
"魏昭容生建安","1","1","2"
"昭容生建安王","1","1","2"
"容生建安王叔","1","1","2"
"生建安王叔卿","1","1","2"
"钱贵妃生河东","1","1","2"
"贵妃生河东王","1","1","2"
"妃生河东王叔","1","1","2"
"生河东王叔献","1","1","2"
"刘昭仪生新蔡","1","1","2"
"昭仪生新蔡王","1","1","2"
"仪生新蔡王叔","1","1","2"
"生新蔡王叔齐","1","1","2"
"袁昭容生晋熙","1","1","2"
"昭容生晋熙王","1","1","2"
"容生晋熙王叔","1","1","2"
"生晋熙王叔文","1","1","2"
"王姬生淮南王","1","1","2"
"姬生淮南王叔","1","1","2"
"生淮南王叔彪","1","1","2"
"吴姬生始兴王","1","1","2"
"姬生始兴王叔","1","1","2"
"生始兴王叔重","1","1","2"
"徐姬生寻阳王","1","1","2"
"姬生寻阳王叔","1","1","2"
"生寻阳王叔俨","1","1","2"
"姬生岳阳王叔","1","1","2"
"生岳阳王叔慎","1","1","2"
"华生武昌王叔","1","1","2"
"生武昌王叔虞","1","1","2"
"容生湘东王叔","1","1","2"
"生湘东王叔平","1","1","2"
"施姬生临贺王","1","1","2"
"姬生临贺王叔","1","1","2"
"生临贺王叔敖","1","1","2"
"曾姬生阳山王","1","1","2"
"姬生阳山王叔","1","1","2"
"生阳山王叔宣","1","1","2"
"杨姬生西阳王","1","1","2"
"姬生西阳王叔","1","1","2"
"生西阳王叔穆","1","1","2"
"申婕妤生南安","1","1","2"
"婕妤生南安王","1","1","2"
"妤生南安王叔","1","1","2"
"生南安王叔俭","1","1","2"
"袁姬生新兴王","1","1","2"
"姬生新兴王叔","1","1","2"
"生新兴王叔纯","1","1","2"
"刘姬生临江王","1","1","2"
"姬生临江王叔","1","1","2"
"生临江王叔显","1","1","2"
"秦姬生新宁王","1","1","2"
"功进号骠骑将","1","1","2"
"衡阳太守樊通","1","1","2"
"武州刺史邬居","1","1","2"
"州刺史邬居业","1","1","2"
"进号军师将军","1","1","2"
"都督扬州诸军","1","1","2"
"督扬州诸军事","1","1","2"
"司徒王僧辩幕","1","1","2"
"徒王僧辩幕府","1","1","2"
"王僧辩幕府初","1","1","2"
"僧辩幕府初建","1","1","2"
"沛国刘师知同","1","1","2"
"征北谘议参军","1","1","2"
"镇东谘议参军","1","1","2"
"桂阳三王府国","1","1","2"
"阳三王府国事","1","1","2"
"庾氏东昌国太","1","1","2"
"氏东昌国太夫","1","1","2"
"东昌国太夫人","1","1","2"
"中抚军将军景","1","1","2"
"抚军将军景历","1","1","2"
"仆射江总知撰","1","1","2"
"射江总知撰五","1","1","2"
"江总知撰五礼","1","1","2"
"总知撰五礼事","1","1","2"
"东中郎武陵王","1","1","2"
"中郎武陵王府","1","1","2"
"郎武陵王府参","1","1","2"
"武陵王府参军","1","1","2"
"陵王府参军事","1","1","2"
"信威临贺王记","1","1","2"
"威临贺王记室","1","1","2"
"改封梁信郡公","1","1","2"
"武陵王谘议参","1","1","2"
"太傅安九世孙","1","1","2"
"光禄大夫济阳","1","1","2"
"禄大夫济阳江","1","1","2"
"大夫济阳江革","1","1","2"
"都官尚书会稽","1","1","2"
"官尚书会稽孔","1","1","2"
"尚书会稽孔休","1","1","2"
"书会稽孔休源","1","1","2"
"会稽孔休源友","1","1","2"
"南康嗣王墨曹","1","1","2"
"康嗣王墨曹参","1","1","2"
"嗣王墨曹参军","1","1","2"
"中书郎刘师知","1","1","2"
"镇东邵陵王府","1","1","2"
"东邵陵王府限","1","1","2"
"邵陵王府限外","1","1","2"
"陵王府限外记","1","1","2"
"始平天门二郡","1","1","2"
"平天门二郡守","1","1","2"
"武陵王安西府","1","1","2"
"陵王安西府刑","1","1","2"
"王安西府刑狱","1","1","2"
"安西府刑狱参","1","1","2"
"西府刑狱参军","1","1","2"
"府刑狱参军事","1","1","2"
"晋安王宣惠府","1","1","2"
"安王宣惠府中","1","1","2"
"王宣惠府中记","1","1","2"
"宣惠府中记室","1","1","2"
"惠府中记室参","1","1","2"
"阳王中卫府记","1","1","2"
"镇北府中录事","1","1","2"
"北府中录事参","1","1","2"
"征南府谘议参","1","1","2"
"南府谘议参军","1","1","2"
"武陵王明威府","1","1","2"
"陵王明威府功","1","1","2"
"王明威府功曹","1","1","2"
"明威府功曹史","1","1","2"
"直宣明殿学士","1","1","2"
"所读者近三千","1","1","2"
"梁河东王国右","1","1","2"
"河东王国右常","1","1","2"
"东王国右常侍","1","1","2"
"临川嗣王府墨","1","1","2"
"川嗣王府墨曹","1","1","2"
"嗣王府墨曹参","1","1","2"
"王府墨曹参军","1","1","2"
"宜都王限外记","1","1","2"
"都王限外记室","1","1","2"
"选尚信义公主","1","1","2"
"宁远岳阳王府","1","1","2"
"远岳阳王府记","1","1","2"
"岳阳王府记室","1","1","2"
"阳王府记室参","1","1","2"
"南海王府谘议","1","1","2"
"海王府谘议参","1","1","2"
"始兴王府中录","1","1","2"
"兴王府中录事","1","1","2"
"都督缙州诸军","1","1","2"
"督缙州诸军事","1","1","2"
"遣沙州刺史俞","1","1","2"
"沙州刺史俞文","1","1","2"
"明威将军程文","1","1","2"
"威将军程文季","1","1","2"
"前监临海郡陈","1","1","2"
"监临海郡陈思","1","1","2"
"临海郡陈思庆","1","1","2"
"前军将军徐智","1","1","2"
"军将军徐智远","1","1","2"
"明毅将军宜黄","1","1","2"
"毅将军宜黄县","1","1","2"
"将军宜黄县开","1","1","2"
"军宜黄县开国","1","1","2"
"黄县开国侯慧","1","1","2"
"县开国侯慧纪","1","1","2"
"新除晋安太守","1","1","2"
"康乐县开国侯","1","1","2"
"乐县开国侯林","1","1","2"
"县开国侯林冯","1","1","2"
"都督江州诸军","1","1","2"
"督江州诸军事","1","1","2"
"五年春正月癸","1","1","2"
"宣惠将军宜都","1","1","2"
"惠将军宜都王","1","1","2"
"前重安县开国","1","1","2"
"重安县开国公","1","1","2"
"建安九郡诸军","1","1","2"
"知礼涉猎文史","1","1","2"
"桂四州诸军事","1","1","2"
"湘三州诸军事","1","1","2"
"转补安前邵陵","1","1","2"
"补安前邵陵王","1","1","2"
"安前邵陵王田","1","1","2"
"前邵陵王田曹","1","1","2"
"邵陵王田曹参","1","1","2"
"陵王田曹参军","1","1","2"
"遣镇南仪同司","1","1","2"
"镇南仪同司马","1","1","2"
"刺史彭泽县侯","1","1","2"
"晋三州诸军事","1","1","2"
"也比不上太傅","0","2","2"
"太傅义兴公的","0","2","2"
"礼乐制度得到","0","2","2"
"乐制度得到恢","0","2","2"
"制度得到恢复","0","2","2"
"按照等次予以","0","2","2"
"办事的才能气","0","2","2"
"事的才能气度","0","2","2"
"被有关官员奏","0","2","2"
"有关官员奏劾","0","2","2"
"离开故乡前往","0","2","2"
"开故乡前往都","0","2","2"
"故乡前往都城","0","2","2"
"劝他登上帝位","0","2","2"
"担任这个职务","0","2","2"
"参加对策考试","0","2","2"
"主管学校的官","0","2","2"
"管学校的官员","0","2","2"
"就像脱掉鞋子","0","2","2"
"岁寒然后知松","0","2","2"
"寒然后知松柏","0","2","2"
"然后知松柏之","0","2","2"
"后知松柏之后","0","2","2"
"知松柏之后凋","0","2","2"
"亲自吊唁致哀","0","2","2"
"子雄的弟弟子","0","2","2"
"雄的弟弟子略","0","2","2"
"恐怕不是好办","0","2","2"
"怕不是好办法","0","2","2"
"承皇上旨意授","0","2","2"
"皇上旨意授予","0","2","2"
"上旨意授予高","0","2","2"
"旨意授予高祖","0","2","2"
"承皇帝旨意授","0","2","2"
"不久授散骑常","0","2","2"
"久授散骑常侍","0","2","2"
"承皇帝旨意命","0","2","2"
"率领一万多人","0","2","2"
"的第三个儿子","0","2","2"
"高祖派侯安都","0","2","2"
"侯安都率领水","0","2","2"
"高祖派周文育","0","2","2"
"韶令追赠高祖","0","2","2"
"令追赠高祖先","0","2","2"
"余孝顷起兵响","0","2","2"
"孝顷起兵响应","0","2","2"
"都率领军队讨","0","2","2"
"伐平定了他们","0","2","2"
"皂轮车均如故","0","2","2"
"的镇卫大将军","0","2","2"
"南方少数民族","0","2","2"
"都成为天子的","0","2","2"
"德运已经晦暗","0","2","2"
"卦所说的那样","0","2","2"
"选拔贤能之士","0","2","2"
"北方少数民族","0","2","2"
"拯救动荡的局","0","2","2"
"日常的纷繁政","0","2","2"
"常的纷繁政务","0","2","2"
"梁朝因为天赐","0","2","2"
"朝因为天赐的","0","2","2"
"因为天赐的福","0","2","2"
"为天赐的福禄","0","2","2"
"钟山祭祀蒋帝","0","2","2"
"山祭祀蒋帝庙","0","2","2"
"适逢时运昌隆","0","2","2"
"的儿子梁朝中","0","2","2"
"儿子梁朝中书","0","2","2"
"子梁朝中书侍","0","2","2"
"梁朝中书侍郎","0","2","2"
"高祖亲自祭祀","0","2","2"
"立梁朝的永嘉","0","2","2"
"率领他们的部","0","2","2"
"皇帝到大庄严","0","2","2"
"帝到大庄严寺","0","2","2"
"用隆重的礼节","0","2","2"
"时年五十七岁","0","2","2"
"高祖将要讨伐","0","2","2"
"祖将要讨伐王","0","2","2"
"将要讨伐王僧","0","2","2"
"要讨伐王僧辩","0","2","2"
"讨伐王僧辩时","0","2","2"
"僧辩的女婿杜","0","2","2"
"辩的女婿杜宠","0","2","2"
"同三司王冲为","0","2","2"
"重云殿发生火","0","2","2"
"云殿发生火灾","0","2","2"
"号为安左将军","0","2","2"
"寡孤独不能自","0","2","2"
"孤独不能自养","0","2","2"
"独不能自养的","0","2","2"
"发生战事以来","0","2","2"
"把首级送到京","0","2","2"
"首级送到京城","0","2","2"
"将军吴明彻为","0","2","2"
"令司空侯安都","0","2","2"
"司空侯安都领","0","2","2"
"空侯安都领兵","0","2","2"
"夏四月癸卯日","0","2","2"
"成王陈顼为骠","0","2","2"
"王陈顼为骠骑","0","2","2"
"的文武官员各","0","2","2"
"文武官员各有","0","2","2"
"为父后的人赐","0","2","2"
"父后的人赐爵","0","2","2"
"刺史章昭达为","0","2","2"
"章昭达为护军","0","2","2"
"昭达为护军将","0","2","2"
"达为护军将军","0","2","2"
"史黄法毡为镇","0","2","2"
"进号为征南大","0","2","2"
"余孝顷统领会","0","2","2"
"孝顷统领会稽","0","2","2"
"刺史吴明彻为","0","2","2"
"春正月庚辰日","0","2","2"
"帝舆驾亲往北","0","2","2"
"舆驾亲往北郊","0","2","2"
"驾亲往北郊祭","0","2","2"
"派使者来修好","0","2","2"
"可特赦京城的","0","2","2"
"特赦京城的罪","0","2","2"
"赦京城的罪犯","0","2","2"
"派使者来通好","0","2","2"
"孝悌力田继承","0","2","2"
"悌力田继承父","0","2","2"
"的人赐爵一级","0","2","2"
"夏四月乙卯日","0","2","2"
"国遣使臣敬献","0","2","2"
"遣使臣敬献土","0","2","2"
"吴明彻为安南","0","2","2"
"明彻为安南将","0","2","2"
"彻为安南将军","0","2","2"
"晋号车骑将军","0","2","2"
"将领长胡公拓","0","2","2"
"领长胡公拓跋","0","2","2"
"佩剑穿履上殿","0","2","2"
"善于骑马射箭","0","2","2"
"增加封邑合并","0","2","2"
"加封邑合并先","0","2","2"
"封邑合并先前","0","2","2"
"邑合并先前所","0","2","2"
"合并先前所封","0","2","2"
"分派各路大使","0","2","2"
"派各路大使巡","0","2","2"
"各路大使巡视","0","2","2"
"皇帝舆驾亲自","0","2","2"
"帝舆驾亲自耕","0","2","2"
"舆驾亲自耕种","0","2","2"
"驾亲自耕种藉","0","2","2"
"亲自耕种藉田","0","2","2"
"秋七月辛卯日","0","2","2"
"新罗国派使者","0","2","2"
"国派使者贡献","0","2","2"
"派使者贡献地","0","2","2"
"使者贡献地方","0","2","2"
"者贡献地方特","0","2","2"
"被侵占的土地","0","2","2"
"听任他们回归","0","2","2"
"任他们回归故","0","2","2"
"他们回归故乡","0","2","2"
"高丽国派使者","0","2","2"
"帝舆驾亲临明","0","2","2"
"舆驾亲临明堂","0","2","2"
"驾亲临明堂祭","0","2","2"
"亲临明堂祭祀","0","2","2"
"祭奠先圣先师","0","2","2"
"兼任吏部尚书","0","2","2"
"任命镇前将军","0","2","2"
"廷内外文武官","0","2","2"
"内外文武官员","0","2","2"
"吴明彻统率十","0","2","2"
"号为征北大将","0","2","2"
"吴明彻攻克寿","0","2","2"
"明彻攻克寿阳","0","2","2"
"二月壬辰朔日","0","2","2"
"可以延期至今","0","2","2"
"以延期至今秋","0","2","2"
"任命中卫将军","0","2","2"
"冬十月戊午日","0","2","2"
"刺史长沙王查","0","2","2"
"史长沙王查哩","0","2","2"
"长沙王查哩为","0","2","2"
"任命征西大将","0","2","2"
"命征西大将军","0","2","2"
"为中军大将军","0","2","2"
"任命云麾将军","0","2","2"
"进号为平北将","0","2","2"
"子詹事徐陵为","0","2","2"
"帝舆驾亲临藉","0","2","2"
"舆驾亲临藉田","0","2","2"
"驾亲临藉田耕","0","2","2"
"亲临藉田耕种","0","2","2"
"樊毅为大都督","0","2","2"
"新安王伯固为","0","2","2"
"任命平北将军","0","2","2"
"将军樊毅为中","0","2","2"
"仆射陆缮为尚","0","2","2"
"射陆缮为尚书","0","2","2"
"希望天下大治","0","2","2"
"任命车骑将军","0","2","2"
"任忠率领步兵","0","2","2"
"忠率领步兵骑","0","2","2"
"始兴王叔陵为","0","2","2"
"分割衡州的始","0","2","2"
"割衡州的始兴","0","2","2"
"皇后的母亲苏","0","2","2"
"后的母亲苏氏","0","2","2"
"有美丽的容貌","0","2","2"
"美丽的容貌仪","0","2","2"
"丽的容貌仪表","0","2","2"
"元年被立为皇","0","2","2"
"追赠皇后的父","0","2","2"
"赠皇后的父亲","0","2","2"
"加授金色印章","0","2","2"
"授金色印章紫","0","2","2"
"金色印章紫色","0","2","2"
"色印章紫色丝","0","2","2"
"印章紫色丝带","0","2","2"
"丧事所需物品","0","2","2"
"担任扬州刺史","0","2","2"
"加授通直散骑","0","2","2"
"时年六十七岁","0","2","2"
"被立为皇太子","0","2","2"
"被任命为驸马","0","2","2"
"任命她为贵妃","0","2","2"
"加授散骑常侍","0","2","2"
"被有关官员弹","0","2","2"
"有关官员弹劾","0","2","2"
"超过后宫所有","0","2","2"
"和后主一起进","0","2","2"
"后主一起进入","0","2","2"
"为自己的儿子","0","2","2"
"他为太子詹事","0","2","2"
"擅长骑马射箭","0","2","2"
"讨伐元景仲时","0","2","2"
"爵位晋升为侯","0","2","2"
"位晋升为侯爵","0","2","2"
"先前所封共五","0","2","2"
"事情经过记载","0","2","2"
"塞直率领众军","0","2","2"
"推心置腹地安","0","2","2"
"追赠他为侍中","0","2","2"
"文育被熊昙朗","0","2","2"
"被熊昙朗杀害","0","2","2"
"世代是郡的望","0","2","2"
"代是郡的望族","0","2","2"
"随从高祖镇守","0","2","2"
"从高祖镇守京","0","2","2"
"抓获了他的将","0","2","2"
"获了他的将领","0","2","2"
"给予扶侍之人","0","2","2"
"的汝城县改为","0","2","2"
"汝城县改为卢","0","2","2"
"全部人马军械","0","2","2"
"还有什么不可","0","2","2"
"有什么不可以","0","2","2"
"什么不可以容","0","2","2"
"么不可以容忍","0","2","2"
"不可以容忍?","0","2","2"
"官至员外散骑","0","2","2"
"至员外散骑常","0","2","2"
"委任他为将帅","0","2","2"
"侯瑱被任命为","0","2","2"
"把他的妻子儿","0","2","2"
"的妻子儿女和","0","2","2"
"妻子儿女和弟","0","2","2"
"子儿女和弟弟","0","2","2"
"僧辩派侯瑱带","0","2","2"
"为南豫州刺史","0","2","2"
"送给一部鼓吹","0","2","2"
"承皇帝旨意以","0","2","2"
"率领所部人马","0","2","2"
"以侯瑱为都督","0","2","2"
"王琳到达栅口","0","2","2"
"授职为使持节","0","2","2"
"任平西邵陵王","0","2","2"
"梁朝左卫将军","0","2","2"
"任命欧阳頠为","0","2","2"
"不久又任命为","0","2","2"
"久又任命他为","0","2","2"
"封为始兴县侯","0","2","2"
"晋号征南将军","0","2","2"
"被授职为都督","0","2","2"
"北周派大将军","0","2","2"
"被任命为镇前","0","2","2"
"任命为镇前将","0","2","2"
"命为镇前将军","0","2","2"
"诏令吴明彻为","0","2","2"
"给他一部鼓吹","0","2","2"
"南大将军淳于","0","2","2"
"升任他为侍中","0","2","2"
"死者达十分之","0","2","2"
"者达十分之七","0","2","2"
"每次战斗都有","0","2","2"
"次战斗都有功","0","2","2"
"皇帝旨意任命","0","2","2"
"旨意任命他为","0","2","2"
"任命他为仁威","0","2","2"
"命他为仁威将","0","2","2"
"他为仁威将军","0","2","2"
"随从周文育西","0","2","2"
"阳县开国侯周","0","2","2"
"县开国侯周铁","0","2","2"
"开国侯周铁虎","0","2","2"
"任命他为散骑","0","2","2"
"命他为散骑常","0","2","2"
"元帝在荆州秉","0","2","2"
"帝在荆州秉承","0","2","2"
"使者从偏僻小","0","2","2"
"者从偏僻小路","0","2","2"
"从偏僻小路到","0","2","2"
"功被任命为持","0","2","2"
"太守二职仍旧","0","2","2"
"程灵洗率领部","0","2","2"
"灵洗率领部属","0","2","2"
"高祖诛杀王僧","0","2","2"
"祖诛杀王僧辩","0","2","2"
"常侍一职仍旧","0","2","2"
"后来调出京城","0","2","2"
"升官号为云麾","0","2","2"
"官号为云麾将","0","2","2"
"为通直散骑侍","0","2","2"
"任命为贞毅将","0","2","2"
"命为贞毅将军","0","2","2"
"彻底打垮了他","0","2","2"
"有战功加任通","0","2","2"
"战功加任通直","0","2","2"
"功加任通直散","0","2","2"
"都督吴明彻向","0","2","2"
"封为重安县侯","0","2","2"
"任命他为平南","0","2","2"
"命他为平南将","0","2","2"
"他为平南将军","0","2","2"
"赏给扶护人员","0","2","2"
"号为征西大将","0","2","2"
"因有战功加任","0","2","2"
"都督合霍二州","0","2","2"
"督合霍二州诸","0","2","2"
"合霍二州诸军","0","2","2"
"遣年五十九岁","0","2","2"
"世世代代居住","0","2","2"
"世代代居住在","0","2","2"
"梁元帝任荆州","0","2","2"
"元帝任荆州刺","0","2","2"
"帝任荆州刺史","0","2","2"
"仍然随从王僧","0","2","2"
"然随从王僧辩","0","2","2"
"王僧辩平定侯","0","2","2"
"僧辩平定侯景","0","2","2"
"被任命为左卫","0","2","2"
"任命为左卫将","0","2","2"
"命为左卫将军","0","2","2"
"不久调出朝廷","0","2","2"
"调出朝廷担任","0","2","2"
"高祖受禅为帝","0","2","2"
"官号为征南大","0","2","2"
"王琳被消灭后","0","2","2"
"子征召他为中","0","2","2"
"为中抚大将军","0","2","2"
"鼓吹乐这些封","0","2","2"
"吹乐这些封赏","0","2","2"
"乐这些封赏仍","0","2","2"
"扶护人员的封","0","2","2"
"护人员的封赏","0","2","2"
"人员的封赏仍","0","2","2"
"员的封赏仍旧","0","2","2"
"这年七十二岁","0","2","2"
"扬州议曹从事","0","2","2"
"梁朝大同年间","0","2","2"
"担任束宫直后","0","2","2"
"他为员外散骑","0","2","2"
"又提升官号为","0","2","2"
"从近便的小路","0","2","2"
"不久又调出京","0","2","2"
"久又调出京城","0","2","2"
"鼓吹乐的封赏","0","2","2"
"次派遣使者招","0","2","2"
"官号为车骑大","0","2","2"
"号为车骑将军","0","2","2"
"追赠为大将军","0","2","2"
"是那个时代的","0","2","2"
"梁朝承圣初年","0","2","2"
"其他官职仍旧","0","2","2"
"侯安都征讨王","0","2","2"
"安都征讨王琳","0","2","2"
"任命他为侍中","0","2","2"
"将军称号仍旧","0","2","2"
"青年时期就卓","0","2","2"
"年时期就卓越","0","2","2"
"时期就卓越不","0","2","2"
"任为散骑常侍","0","2","2"
"升任镇右将军","0","2","2"
"入朝廷担任侍","0","2","2"
"朝廷担任侍中","0","2","2"
"而为顾命大臣","0","2","2"
"华皎占据湘州","0","2","2"
"在家中以平民","0","2","2"
"亲去世服丧而","0","2","2"
"去世服丧而离","0","2","2"
"世服丧而离职","0","2","2"
"恢复官职担任","0","2","2"
"追赠为散骑常","0","2","2"
"赠为散骑常侍","0","2","2"
"世世代代都是","0","2","2"
"帝的旨意任命","0","2","2"
"景之乱平定后","0","2","2"
"被任命为通直","0","2","2"
"将军二职仍旧","0","2","2"
"天子征召为侍","0","2","2"
"子征召为侍中","0","2","2"
"安排僚吏的权","0","2","2"
"排僚吏的权力","0","2","2"
"给予扶护人员","0","2","2"
"丧事所需财物","0","2","2"
"全部由国库资","0","2","2"
"部由国库资助","0","2","2"
"由国库资助供","0","2","2"
"高祖讨伐侯景","0","2","2"
"到平定杜宠后","0","2","2"
"征召他入朝为","0","2","2"
"召他入朝为左","0","2","2"
"他入朝为左卫","0","2","2"
"入朝为左卫将","0","2","2"
"朝为左卫将军","0","2","2"
"佑三州诸军事","0","2","2"
"改任护军将军","0","2","2"
"欧阳纥被平定","0","2","2"
"调任散骑常侍","0","2","2"
"了侯景的军队","0","2","2"
"了侯景的将领","0","2","2"
"授予通直散骑","0","2","2"
"予通直散骑常","0","2","2"
"妙的构思超越","0","2","2"
"的构思超越常","0","2","2"
"构思超越常人","0","2","2"
"以平民的身份","0","2","2"
"又派他的弟弟","0","2","2"
"他的官号为安","0","2","2"
"母亲去世而服","0","2","2"
"亲去世而服丧","0","2","2"
"朝廷提升他的","0","2","2"
"廷提升他的官","0","2","2"
"随从都督吴明","0","2","2"
"从都督吴明彻","0","2","2"
"都督南兖州诸","0","2","2"
"督南兖州诸军","0","2","2"
"南兖州诸军事","0","2","2"
"随从吴明彻北","0","2","2"
"从吴明彻北伐","0","2","2"
"担任通直散骑","0","2","2"
"被任命为员外","0","2","2"
"祖的第六个儿","0","2","2"
"梁元帝封他为","0","2","2"
"初任著作佐郎","0","2","2"
"封为南康郡王","0","2","2"
"不久又起用为","0","2","2"
"以王的身份回","0","2","2"
"束衡州刺史王","0","2","2"
"高祖镇守朱方","0","2","2"
"族子弟连城守","0","2","2"
"子弟连城守卫","0","2","2"
"侯安都在宫亭","0","2","2"
"安都在宫亭湖","0","2","2"
"王琳部将常众","0","2","2"
"琳部将常众爱","0","2","2"
"增邑到一千五","0","2","2"
"邑到一千五百","0","2","2"
"到一千五百户","0","2","2"
"增邑到二千户","0","2","2"
"改任通直散骑","0","2","2"
"改任散骑常侍","0","2","2"
"其时四十七岁","0","2","2"
"改任太子左卫","0","2","2"
"为镇束鄱阳王","0","2","2"
"镇束鄱阳王谘","0","2","2"
"束鄱阳王谘议","0","2","2"
"以所见事免去","0","2","2"
"有文集三十卷","0","2","2"
"刘师知的提议","0","2","2"
"不缝衣旁和下","0","2","2"
"缝衣旁和下边","0","2","2"
"事牵连被免职","0","2","2"
"天嘉二年去世","0","2","2"
"在梁朝任给事","0","2","2"
"梁朝任给事黄","0","2","2"
"朝任给事黄门","0","2","2"
"梁武帝的妹妹","0","2","2"
"进入朝廷任太","0","2","2"
"入朝廷任太子","0","2","2"
"连续升任太子","0","2","2"
"一职依然担任","0","2","2"
"监理湘州政事","0","2","2"
"以皇帝外甥的","0","2","2"
"皇帝外甥的资","0","2","2"
"调出朝廷监理","0","2","2"
"调出朝廷任明","0","2","2"
"出朝廷任明威","0","2","2"
"朝廷任明威将","0","2","2"
"廷任明威将军","0","2","2"
"管理州府政事","0","2","2"
"秉承武帝旨意","0","2","2"
"请求解除自己","0","2","2"
"叛乱被子定后","0","2","2"
"允许他酌情设","0","2","2"
"许他酌情设置","0","2","2"
"他酌情设置属","0","2","2"
"酌情设置属吏","0","2","2"
"直担接受惮让","0","2","2"
"以原来的官职","0","2","2"
"原来的官职领","0","2","2"
"长幼之间的尊","0","2","2"
"幼之间的尊敬","0","2","2"
"因通晓经术被","0","2","2"
"通晓经术被推","0","2","2"
"晓经术被推荐","0","2","2"
"外甥的资格封","0","2","2"
"甥的资格封为","0","2","2"
"元帝任用他为","0","2","2"
"皇帝旨意任用","0","2","2"
"帝旨意任用王","0","2","2"
"领南徐州大中","0","2","2"
"有美好的风度","0","2","2"
"美好的风度仪","0","2","2"
"好的风度仪表","0","2","2"
"考试取得优秀","0","2","2"
"任命为太子洗","0","2","2"
"命为太子洗马","0","2","2"
"州别驾从事史","0","2","2"
"任命他为太子","0","2","2"
"他为太子中庶","0","2","2"
"升任五兵尚书","0","2","2"
"征调进朝廷任","0","2","2"
"调进朝廷任命","0","2","2"
"进朝廷任命为","0","2","2"
"管理束宫事务","0","2","2"
"中书监的官衔","0","2","2"
"叛逆和归顺的","0","2","2"
"逆和归顺的道","0","2","2"
"和归顺的道理","0","2","2"
"任命为太子中","0","2","2"
"命为太子中庶","0","2","2"
"升任左民尚书","0","2","2"
"转任都官尚书","0","2","2"
"领豫州大中正","0","2","2"
"以出任梁朝秘","0","2","2"
"拔人才之事依","0","2","2"
"见闻广博强于","0","2","2"
"闻广博强于记","0","2","2"
"广博强于记忆","0","2","2"
"钱蒇驸马都尉","0","2","2"
"帝王之女下嫁","0","2","2"
"自己请求解除","0","2","2"
"己请求解除职","0","2","2"
"时年纪五十一","0","2","2"
"年纪五十一岁","0","2","2"
"亲手写诏书回","0","2","2"
"任命为镇南湘","0","2","2"
"命为镇南湘束","0","2","2"
"为镇南湘束王","0","2","2"
"任骠骑庐陵王","0","2","2"
"舍人的职务依","0","2","2"
"人的职务依旧","0","2","2"
"到侯景围攻台","0","2","2"
"被西魏所俘虏","0","2","2"
"正直有办事的","0","2","2"
"直有办事的才","0","2","2"
"帝非常赞赏他","0","2","2"
"两个郡的太守","0","2","2"
"升任外兵参军","0","2","2"
"祖杀王僧辩后","0","2","2"
"任用陆山才为","0","2","2"
"留异被平定后","0","2","2"
"周迪被平定后","0","2","2"
"禄大夫王通的","0","2","2"
"大夫王通的弟","0","2","2"
"夫王通的弟弟","0","2","2"
"少年时意气风","0","2","2"
"年时意气风发","0","2","2"
"取得优秀成绩","0","2","2"
"遭遇母亲去世","0","2","2"
"王质率领自己","0","2","2"
"质率领自己的","0","2","2"
"领自己的部队","0","2","2"
"为司徒左长史","0","2","2"
"帝的旨意任用","0","2","2"
"的旨意任用他","0","2","2"
"旨意任用他为","0","2","2"
"韦载同宗族的","0","2","2"
"载同宗族的弟","0","2","2"
"同宗族的弟弟","0","2","2"
"宗族的弟弟韦","0","2","2"
"族的弟弟韦翩","0","2","2"
"接着加官散骑","0","2","2"
"着加官散骑常","0","2","2"
"少年时就有志","0","2","2"
"二十岁时父亲","0","2","2"
"十岁时父亲去","0","2","2"
"岁时父亲去世","0","2","2"
"做南徐州刺史","0","2","2"
"南徐州刺史时","0","2","2"
"州刺史的官衔","0","2","2"
"有出众的才智","0","2","2"
"监理郡中政事","0","2","2"
"德才兼备的明","0","2","2"
"才兼备的明智","0","2","2"
"兼备的明智之","0","2","2"
"备的明智之士","0","2","2"
"加官明威将军","0","2","2"
"时年五十九岁","0","2","2"
"谧号叫做恭子","0","2","2"
"元帝征召他为","0","2","2"
"征召他为中书","0","2","2"
"召他为中书侍","0","2","2"
"命他为扬州别","0","2","2"
"他为扬州别驾","0","2","2"
"一职依旧担任","0","2","2"
"虞荔进入台城","0","2","2"
"有谁能比得上","0","2","2"
"任会稽太守时","0","2","2"
"叛逆归顺的道","0","2","2"
"逆归顺的道理","0","2","2"
"现在的君主继","0","2","2"
"在的君主继承","0","2","2"
"这又使事情十","0","2","2"
"遣又使事情十","0","2","2"
"以年老有病推","0","2","2"
"年老有病推辞","0","2","2"
"又上表请求解","0","2","2"
"加官戎昭将军","0","2","2"
"又以有病推辞","0","2","2"
"将军职务依旧","0","2","2"
"军职务依旧担","0","2","2"
"建十一年去世","0","2","2"
"广泛地涉猎经","0","2","2"
"太建十三年去","0","2","2"
"建十三年去世","0","2","2"
"调出朝廷任宣","0","2","2"
"到仲举和到郁","0","2","2"
"仲举和到郁一","0","2","2"
"举和到郁一起","0","2","2"
"上虞县令陆防","0","2","2"
"王琳被平定后","0","2","2"
"朝廷的典章制","0","2","2"
"廷的典章制度","0","2","2"
"在湓城袭击华","0","2","2"
"湓城袭击华皎","0","2","2"
"缴获了他们的","0","2","2"
"因为功劳任命","0","2","2"
"大型舰船金翅","0","2","2"
"型舰船金翅等","0","2","2"
"地位低微的人","0","2","2"
"贼舰投掷武器","0","2","2"
"任右光禄大夫","0","2","2"
"禀承皇帝的旨","0","2","2"
"他为给事黄门","0","2","2"
"升任长兼侍中","0","2","2"
"用为明威将军","0","2","2"
"回到朝廷任命","0","2","2"
"到朝廷任命为","0","2","2"
"召补为国子学","0","2","2"
"湘束王法曹参","0","2","2"
"束王法曹参军","0","2","2"
"高祖镇守南徐","0","2","2"
"祖镇守南徐州","0","2","2"
"升任中书侍郎","0","2","2"
"到陈实应被平","0","2","2"
"实应被平定后","0","2","2"
"任命为五兵尚","0","2","2"
"命为五兵尚书","0","2","2"
"任金紫光禄大","0","2","2"
"因为公事被免","0","2","2"
"为公事被免职","0","2","2"
"恢复本来官职","0","2","2"
"张种当时年纪","0","2","2"
"朝廷任命为中","0","2","2"
"时年纪五十岁","0","2","2"
"到侯景被平定","0","2","2"
"祖接受禅让后","0","2","2"
"任命为左民尚","0","2","2"
"命为左民尚书","0","2","2"
"束扬两个州的","0","2","2"
"扬两个州的大","0","2","2"
"两个州的大中","0","2","2"
"为当时的人所","0","2","2"
"当时的人所推","0","2","2"
"时的人所推重","0","2","2"
"有文集十四卷","0","2","2"
"因母亲去世服","0","2","2"
"母亲去世服丧","0","2","2"
"任命为丹阳尹","0","2","2"
"命为丹阳尹丞","0","2","2"
"西魏的人因为","0","2","2"
"女儿为皇太子","0","2","2"
"儿为皇太子妃","0","2","2"
"太尉从事中郎","0","2","2"
"为司徒右长史","0","2","2"
"调出朝廷任信","0","2","2"
"其余职务都依","0","2","2"
"余职务都依旧","0","2","2"
"领太子中庶子","0","2","2"
"升任吏部尚书","0","2","2"
"改为加官侍中","0","2","2"
"任用江总为太","0","2","2"
"用江总为太子","0","2","2"
"江总为太子詹","0","2","2"
"总为太子詹事","0","2","2"
"担任太子詹事","0","2","2"
"升任黄门侍郎","0","2","2"
"任命为中卫始","0","2","2"
"命为中卫始兴","0","2","2"
"中卫始兴王谘","0","2","2"
"卫始兴王谘议","0","2","2"
"同宗族的子弟","0","2","2"
"前的一共七百","0","2","2"
"的一共七百户","0","2","2"
"很能与民和睦","0","2","2"
"能与民和睦相","0","2","2"
"与民和睦相处","0","2","2"
"太建二年去世","0","2","2"
"时年纪四十七","0","2","2"
"年纪四十七岁","0","2","2"
"到都督章昭达","0","2","2"
"赠给本身官衔","0","2","2"
"宫殿中的官署","0","2","2"
"殿中的官署办","0","2","2"
"中的官署办公","0","2","2"
"重新任命为左","0","2","2"
"军将军的官衔","0","2","2"
"升任度支尚书","0","2","2"
"任命为尚书右","0","2","2"
"命为尚书右仆","0","2","2"
"管选拔人才的","0","2","2"
"辞谢不肯就任","0","2","2"
"份直接出任梁","0","2","2"
"直接出任梁朝","0","2","2"
"任梁朝的太学","0","2","2"
"在侍中省值勤","0","2","2"
"加任散骑常侍","0","2","2"
"代理扬州政事","0","2","2"
"由国库优厚供","0","2","2"
"国库优厚供给","0","2","2"
"幼年即聪明机","0","2","2"
"年即聪明机敏","0","2","2"
"承皇帝旨意时","0","2","2"
"又被任命为假","0","2","2"
"又被任命为智","0","2","2"
"被任命为智武","0","2","2"
"阅读了大量的","0","2","2"
"读了大量的经","0","2","2"
"了大量的经书","0","2","2"
"大量的经书史","0","2","2"
"任命他为尚书","0","2","2"
"为尚书殿中郎","0","2","2"
"为东宫通事舍","0","2","2"
"起用为贞威将","0","2","2"
"为太子左卫率","0","2","2"
"官府供给丧事","0","2","2"
"于是改任他为","0","2","2"
"没多久又被任","0","2","2"
"下旨任命他为","0","2","2"
"天子下旨任命","0","2","2"
"是梁朝的中散","0","2","2"
"梁朝的中散大","0","2","2"
"朝的中散大夫","0","2","2"
"因战功被封为","0","2","2"
"贼们互相煽动","0","2","2"
"高祖受惮为帝","0","2","2"
"天子下旨命令","0","2","2"
"对他非常信任","0","2","2"
"调任通直散骑","0","2","2"
"母以孝顺闻名","0","2","2"
"二十一个儿子","0","2","2"
"任尚书度支郎","0","2","2"
"当时安成王陈","0","2","2"
"时安成王陈顼","0","2","2"
"成王陈顼为司","0","2","2"
"王陈顼为司空","0","2","2"
"调任吏部尚书","0","2","2"
"其余官职照旧","0","2","2"
"帝听说他的名","0","2","2"
"听说他的名声","0","2","2"
"任尚书殿中郎","0","2","2"
"有卓绝的品性","0","2","2"
"加赐扶掖之人","0","2","2"
"其他职位照旧","0","2","2"
"的第七个儿子","0","2","2"
"起用为戎昭将","0","2","2"
"用为戎昭将军","0","2","2"
"兼束宫通事舍","0","2","2"
"束宫通事舍人","0","2","2"
"尽心侍奉皇上","0","2","2"
"书八座上奏道","0","2","2"
"不久任使持节","0","2","2"
"扬丰二州诸军","0","2","2"
"丰二州诸军事","0","2","2"
"不久为平北将","0","2","2"
"久为平北将军","0","2","2"
"第十三个儿子","0","2","2"
"少年时聪敏和","0","2","2"
"年时聪敏和顺","0","2","2"
"二十二个儿子","0","2","2"
"接着为壮武将","0","2","2"
"着为壮武将军","0","2","2"
"第十一个儿子","0","2","2"
"合州刺史陈衰","0","2","2"
"太建十三年死","0","2","2"
"兼东宫通事舍","0","2","2"
"兼中书通事舍","0","2","2"
"至德四年去世","0","2","2"
"亲自撰写墓志","0","2","2"
"自撰写墓志铭","0","2","2"
"梁朝散骑侍郎","0","2","2"
"你的意见如何","0","2","2"
"的意见如何?","0","2","2"
"仪同从事中郎","0","2","2"
"梁朝吏部尚书","0","2","2"
"官府出资办理","0","2","2"
"府出资办理丧","0","2","2"
"出资办理丧事","0","2","2"
"梁朝给事黄门","0","2","2"
"朝给事黄门侍","0","2","2"
"因悲哀过度而","0","2","2"
"为司徒左西掾","0","2","2"
"他坚决辞谢不","0","2","2"
"都以才学显著","0","2","2"
"任骠骑安成王","0","2","2"
"息争论来疏通","0","2","2"
"争论来疏通道","0","2","2"
"谴责竞胜来忘","0","2","2"
"责竞胜来忘机","0","2","2"
"竞胜来忘机于","0","2","2"
"胜来忘机于德","0","2","2"
"偏执在此一法","0","2","2"
"是圣人的教导","0","2","2"
"那么圣人的也","0","2","2"
"不久以本官兼","0","2","2"
"历任太子庶子","0","2","2"
"到贺若弼进军","0","2","2"
"仍随侯填进军","0","2","2"
"随侯填进军讨","0","2","2"
"侯填进军讨伐","0","2","2"
"填进军讨伐巴","0","2","2"
"吕梁一战丧失","0","2","2"
"梁一战丧失军","0","2","2"
"一战丧失军队","0","2","2"
"步兵骑军趋向","0","2","2"
"将领梁士彦率","0","2","2"
"领梁士彦率兵","0","2","2"
"梁士彦率兵包","0","2","2"
"士彦率兵包围","0","2","2"
"彦率兵包围寿","0","2","2"
"将军蒋元逊率","0","2","2"
"军蒋元逊率领","0","2","2"
"初任梁朝邵陵","0","2","2"
"鲁广达率众兵","0","2","2"
"不久授使持节","0","2","2"
"其时五十九岁","0","2","2"
"梁朝尚书中兵","0","2","2"
"朝尚书中兵郎","0","2","2"
"有纯厚的性情","0","2","2"
"不久改任尚书","0","2","2"
"其时五十二岁","0","2","2"
"转任中书侍郎","0","2","2"
"封给事黄门侍","0","2","2"
"所撰文章笔记","0","2","2"
"以本官掌东宫","0","2","2"
"亲令举行哀礼","0","2","2"
"策考试入高品","0","2","2"
"考试入高品第","0","2","2"
"封徐伯阳为镇","0","2","2"
"改任鄱阳王中","0","2","2"
"任鄱阳王中卫","0","2","2"
"首级传送到京","0","2","2"
"级传送到京城","0","2","2"
"在建康斩首示","0","2","2"
"建康斩首示众","0","2","2"
"陈宝应从海道","0","2","2"
"封员外散骑常","0","2","2"
"封为始兴郡王","0","2","2"
"不久升军号为","0","2","2"
"已故的散骑常","0","2","2"
"故的散骑常侍","0","2","2"
"为骠骑大将军","0","2","2"
"皇后拜谒太庙","0","2","2"
"即本号开府仪","0","2","2"
"桂州刺史淳于","0","2","2"
"同三司徐度为","0","2","2"
"三司徐度为侍","0","2","2"
"司徐度为侍中","0","2","2"
"刺史安成王陈","0","2","2"
"史安成王陈顼","0","2","2"
"任征南大将军","0","2","2"
"史黄法毡为中","0","2","2"
"鄱阳王伯山为","0","2","2"
"始兴王陈伯茂","0","2","2"
"新任中军大将","0","2","2"
"任中军大将军","0","2","2"
"进号为车骑大","0","2","2"
"领大著作徐陵","0","2","2"
"大著作徐陵为","0","2","2"
"著作徐陵为尚","0","2","2"
"作徐陵为尚书","0","2","2"
"晋安王伯恭为","0","2","2"
"为中权大将军","0","2","2"
"任命中权大将","0","2","2"
"命中权大将军","0","2","2"
"领国子祭酒周","0","2","2"
"任命征北大将","0","2","2"
"命征北大将军","0","2","2"
"任命轻车将军","0","2","2"
"江夏王伯义为","0","2","2"
"庐陵王伯仁为","0","2","2"
"军樊毅为镇西","0","2","2"
"樊毅为镇西将","0","2","2"
"毅为镇西将军","0","2","2"
"持节兼太宰告","0","2","2"
"节兼太宰告于","0","2","2"
"兼太宰告于太","0","2","2"
"出为安南将军","0","2","2"
"大业年中为涪","0","2","2"
"为平越中郎将","0","2","2"
"接着为智武将","0","2","2"
"着为智武将军","0","2","2"
"梁朝散骑常侍","0","2","2"
"济阳郡考城人","0","2","2"
"徐东扬南豫四","0","2","2"
"东扬南豫四州","0","2","2"
"扬南豫四州诸","0","2","2"
