"N-gram","原文","翻译","Total"
"都督南徐州诸军","9","9","18"
"督南徐州诸军事","9","9","18"
"任给事黄门侍郎","0","16","16"
"任通直散骑常侍","0","15","15"
"任命为散骑常侍","0","14","14"
"都督南豫州诸军","7","6","13"
"督南豫州诸军事","7","6","13"
"的职务依旧担任","0","13","13"
"加通直散骑常侍","9","3","12"
"都督中外诸军事","6","5","11"
"增赐食邑合计以","0","11","11"
"赐食邑合计以前","0","11","11"
"食邑合计以前赐","0","11","11"
"邑合计以前赐予","0","11","11"
"合计以前赐予的","0","11","11"
"计以前赐予的共","0","11","11"
"鄱阳王谘议参军","4","6","10"
"州刺史始兴王叔","5","4","9"
"刺史始兴王叔陵","5","4","9"
"授通直散骑常侍","5","4","9"
"始兴王谘议参军","4","5","9"
"任员外散骑常侍","0","9","9"
"为开府仪同三司","0","9","9"
"赏给鼓吹乐一部","0","9","9"
"增赐食邑五百户","0","9","9"
"为通直散骑常侍","0","9","9"
"迁通直散骑常侍","7","1","8"
"皇帝舆驾亲临太","0","8","8"
"帝舆驾亲临太庙","0","8","8"
"舆驾亲临太庙祭","0","8","8"
"驾亲临太庙祭祀","0","8","8"
"有战功被任命为","0","8","8"
"秉承皇帝的旨意","0","8","8"
"侯景叛乱的时候","0","8","8"
"高州刺史黄法抃","5","2","7"
"扬州刺史始兴王","5","2","7"
"开府仪同三司吴","4","3","7"
"开府仪同三司淳","4","3","7"
"中书舍人蔡景历","4","3","7"
"除员外散骑常侍","7","0","7"
"号开府仪同三司","4","3","7"
"迁员外散骑常侍","7","0","7"
"中书舍人刘师知","4","3","7"
"帝秉承皇帝旨意","0","7","7"
"以前赐予的共一","0","7","7"
"前赐予的共一千","0","7","7"
"被任命为散骑常","0","7","7"
"帝秉承皇帝的旨","0","7","7"
"为员外散骑常侍","0","7","7"
"为给事黄门侍郎","0","7","7"
"开府仪同三司徐","3","3","6"
"府仪同三司徐度","3","3","6"
"开府仪同三司章","3","3","6"
"府仪同三司吴明","4","2","6"
"仪同三司吴明彻","4","2","6"
"都督征讨诸军事","3","3","6"
"州刺史鄱阳王伯","5","1","6"
"刺史鄱阳王伯山","5","1","6"
"都督衡州诸军事","3","3","6"
"本号开府仪同三","4","2","6"
"都督吴州诸军事","3","3","6"
"江州刺史章昭达","3","3","6"
"太白星白天出现","0","6","6"
"州刺史黄法毡为","0","6","6"
"使者献上地方特","0","6","6"
"者献上地方特产","0","6","6"
"调出京城担任使","0","6","6"
"出京城担任使持","0","6","6"
"京城担任使持节","0","6","6"
"元帝秉承皇帝的","0","6","6"
"又使事情十分明","0","6","6"
"使事情十分明显","0","6","6"
"广州刺史欧阳頠","5","0","5"
"进号征南大将军","5","0","5"
"将军新安王伯固","3","2","5"
"扬州刺史安成王","3","2","5"
"府仪同三司章昭","3","2","5"
"仪同三司章昭达","3","2","5"
"开府仪同三司黄","3","2","5"
"府仪同三司黄法","3","2","5"
"加开府仪同三司","3","2","5"
"都督江吴二州诸","2","3","5"
"督江吴二州诸军","2","3","5"
"江吴二州诸军事","2","3","5"
"增邑前一千五百","5","0","5"
"邑前一千五百户","5","0","5"
"进号车骑大将军","4","1","5"
"除通直散骑常侍","5","0","5"
"赠通直散骑常侍","3","2","5"
"晋安王谘议参军","2","3","5"
"寻通直散骑常侍","5","0","5"
"加员外散骑常侍","4","1","5"
"都督吴兴诸军事","3","2","5"
"派使者献上地方","0","5","5"
"被任命为使持节","0","5","5"
"梁元帝秉承皇帝","0","5","5"
"因有战功被任命","0","5","5"
"在家中以布衣身","0","5","5"
"家中以布衣身份","0","5","5"
"中以布衣身份直","0","5","5"
"以布衣身份直接","0","5","5"
"布衣身份直接出","0","5","5"
"衣身份直接出任","0","5","5"
"调出朝廷任命为","0","5","5"
"提升他的官号为","0","5","5"
"任命为员外散骑","0","5","5"
"天子征召他入朝","0","5","5"
"任命为给事黄门","0","5","5"
"命为给事黄门侍","0","5","5"
"光禄大夫的官衔","0","5","5"
"参与掌管选拔人","0","5","5"
"与掌管选拔人才","0","5","5"
"中正的职务依旧","0","5","5"
"正的职务依旧担","0","5","5"
"任命为中书侍郎","0","5","5"
"增加食邑和以前","0","5","5"
"兼通直散骑常侍","0","5","5"
"高州刺史李迁仕","2","2","4"
"都督会稽等十郡","2","2","4"
"督会稽等十郡诸","2","2","4"
"会稽等十郡诸军","2","2","4"
"稽等十郡诸军事","2","2","4"
"开府仪同三司侯","2","2","4"
"中书舍人江德藻","2","2","4"
"北江州刺史熊昙","2","2","4"
"江州刺史熊昙朗","2","2","4"
"吏部尚书姚察曰","2","2","4"
"开府仪同三司王","2","2","4"
"府仪同三司王冲","2","2","4"
"高丽国遣使献方","4","0","4"
"丽国遣使献方物","4","0","4"
"孝悌力田父后者","4","0","4"
"护军将军章昭达","2","2","4"
"江州刺史吴明彻","2","2","4"
"父后者赐爵一级","4","0","4"
"将长胡公拓跋定","3","1","4"
"长胡公拓跋定率","2","2","4"
"驸马都尉沈君理","3","1","4"
"南豫州刺史黄法","2","2","4"
"州刺史长沙王叔","4","0","4"
"刺史长沙王叔坚","4","0","4"
"府仪同三司淳量","4","0","4"
"尚书左仆射陆缮","2","2","4"
"都督水陆诸军事","2","2","4"
"授开府仪同三司","4","0","4"
"都督巴州诸军事","3","1","4"
"电威将军裴子烈","2","2","4"
"都督湘州诸军事","2","2","4"
"前后部羽葆鼓吹","2","2","4"
"御史中丞宗元饶","2","2","4"
"御史中丞徐君敷","2","2","4"
"元帅清河公杨素","2","2","4"
"刺史晋熙王叔文","2","2","4"
"镇东鄱阳王谘议","3","1","4"
"东鄱阳王谘议参","3","1","4"
"邵陵王法曹参军","2","2","4"
"食邑一千五百户","1","3","4"
"郢州刺史程灵洗","2","2","4"
"湘东王法曹参军","3","1","4"
"云麾始兴王长史","2","2","4"
"都督武州诸军事","2","2","4"
"义安太守张绍宾","2","2","4"
"广州刺史欧阳纥","2","2","4"
"吴兴太守武陵王","2","2","4"
"兴太守武陵王伯","2","2","4"
"太守武陵王伯礼","2","2","4"
"左卫将军蒋元逊","2","2","4"
"本官掌东宫管记","2","2","4"
"南台治书侍御史","2","2","4"
"湘州刺史始兴王","2","2","4"
"王府中录事参军","2","2","4"
"南徐州刺史黄法","2","2","4"
"湘州刺史吴明彻","2","2","4"
"进号骠骑大将军","2","2","4"
"国子祭酒周弘正","2","2","4"
"武四州水陆诸军","2","2","4"
"四州水陆诸军事","2","2","4"
"仆射晋安王伯恭","2","2","4"
"南豫四州诸军事","2","2","4"
"这是不明白的第","0","4","4"
"进号为镇南将军","0","4","4"
"任开府仪同三司","0","4","4"
"号为征南大将军","0","4","4"
"皇上亲临太庙祭","0","4","4"
"上亲临太庙祭祖","0","4","4"
"国派使者献上地","0","4","4"
"尊崇皇后为皇太","0","4","4"
"崇皇后为皇太后","0","4","4"
"赠给散骑常侍的","0","4","4"
"给散骑常侍的官","0","4","4"
"散骑常侍的官衔","0","4","4"
"元帝秉承皇帝旨","0","4","4"
"任命他为使持节","0","4","4"
"秉承皇帝旨意任","0","4","4"
"配享在高祖祭庙","0","4","4"
"赐予的共一千户","0","4","4"
"派他哥哥的儿子","0","4","4"
"任命为明威将军","0","4","4"
"身份直接出任为","0","4","4"
"又调出京城担任","0","4","4"
"号为车骑大将军","0","4","4"
"任命为贞威将军","0","4","4"
"承皇帝的旨意任","0","4","4"
"任命为通直散骑","0","4","4"
"赏赐鼓吹乐一部","0","4","4"
"命为员外散骑常","0","4","4"
"任梁朝秘书郎起","0","4","4"
"梁朝秘书郎起家","0","4","4"
"升任给事黄门侍","0","4","4"
"升任尚书右仆射","0","4","4"
"掌管选拔人才之","0","4","4"
"管选拔人才之事","0","4","4"
"职务都依旧担任","0","4","4"
"王法曹参军起家","0","4","4"
"升任通直散骑常","0","4","4"
"加食邑和以前的","0","4","4"
"升任太子中庶子","0","4","4"
"侍中职务依旧担","0","4","4"
"中职务依旧担任","0","4","4"
"鳏寡孤独能存者","3","0","3"
"州刺史吴明彻进","2","1","3"
"刺史吴明彻进号","2","1","3"
"州刺史欧阳頠进","3","0","3"
"刺史欧阳頠进号","3","0","3"
"豫州刺史周文育","2","1","3"
"仪同三司侯安都","1","2","3"
"开府仪同三司周","2","1","3"
"陈吏部尚书姚察","2","1","3"
"皇帝位太极前殿","3","0","3"
"州刺史始兴王伯","3","0","3"
"刺史始兴王伯茂","3","0","3"
"悌力田父后者赐","3","0","3"
"力田父后者赐爵","3","0","3"
"益州刺史余孝顷","2","1","3"
"右光禄大夫王通","1","2","3"
"周将长胡公拓跋","2","1","3"
"州刺史安成王顼","3","0","3"
"新罗国遣使献方","3","0","3"
"罗国遣使献方物","3","0","3"
"仪同三司黄法抃","3","0","3"
"南徐州刺史鄱阳","3","0","3"
"徐州刺史鄱阳王","3","0","3"
"将军庐陵王伯仁","2","1","3"
"广州刺史新渝侯","2","1","3"
"州刺史新渝侯萧","2","1","3"
"刺史新渝侯萧映","2","1","3"
"新吴洞主余孝顷","2","1","3"
"文育熊昙朗所害","3","0","3"
"周文育西讨王琳","2","1","3"
"官员外散骑常侍","2","1","3"
"昭达乘平虏大舰","2","1","3"
"增邑前二千五百","3","0","3"
"邑前二千五百户","3","0","3"
"都督南豫州缘江","2","1","3"
"督南豫州缘江诸","2","1","3"
"南豫州缘江诸军","2","1","3"
"豫州缘江诸军事","2","1","3"
"迁通直散骑侍郎","3","0","3"
"信义太守余孝顷","2","1","3"
"都督吴明彻北讨","3","0","3"
"都督谯州诸军事","2","1","3"
"北徐六州诸军事","2","1","3"
"梁元帝荆州刺史","3","0","3"
"授员外散骑常侍","2","1","3"
"史中丞徐君敷奏","2","1","3"
"都督吴明彻北伐","1","2","3"
"征南鄱阳王谘议","1","2","3"
"南鄱阳王谘议参","1","2","3"
"镇东始兴王长史","2","1","3"
"高祖南徐州刺史","3","0","3"
"吴郡太守袁君正","1","2","3"
"尚书仆射范阳张","2","1","3"
"钟山明庆寺尚禅","2","1","3"
"山明庆寺尚禅师","2","1","3"
"南琅邪彭城二郡","1","2","3"
"都督北讨前军事","2","1","3"
"都督荆信二州诸","1","2","3"
"督荆信二州诸军","1","2","3"
"荆信二州诸军事","1","2","3"
"贺若弼进军钟山","1","2","3"
"庐陵太守陆子隆","2","1","3"
"左光禄大夫王冲","2","1","3"
"左光禄大夫王通","1","2","3"
"都督荆郢巴武四","1","2","3"
"督荆郢巴武四州","1","2","3"
"荆郢巴武四州水","1","2","3"
"郢巴武四州水陆","1","2","3"
"巴武四州水陆诸","1","2","3"
"这是我不明白的","0","3","3"
"是我不明白的第","0","3","3"
"高祖命令周文育","0","3","3"
"班剑仪仗二十人","0","3","3"
"进号为安南将军","0","3","3"
"梁朝的永嘉王萧","0","3","3"
"朝的永嘉王萧庄","0","3","3"
"在职的文武官员","0","3","3"
"周派使者来聘问","0","3","3"
"淳于量为使持节","0","3","3"
"皇帝舆驾亲往南","0","3","3"
"帝舆驾亲往南郊","0","3","3"
"舆驾亲往南郊祭","0","3","3"
"驾亲往南郊祭祀","0","3","3"
"任命尚书右仆射","0","3","3"
"进号为平南将军","0","3","3"
"府仪同三司淳于","0","3","3"
"仪同三司淳于量","0","3","3"
"同三司淳于量为","0","3","3"
"州刺史淳于量为","0","3","3"
"任命为驸马都尉","0","3","3"
"任员外散骑侍郎","0","3","3"
"增赐食邑一千户","0","3","3"
"缴获了他的全部","0","3","3"
"王僧辩讨伐侯景","0","3","3"
"不久又被任命为","0","3","3"
"他为开府仪同三","0","3","3"
"赐予的共一千五","0","3","3"
"予的共一千五百","0","3","3"
"的共一千五百户","0","3","3"
"都督郢巴武三州","0","3","3"
"督郢巴武三州诸","0","3","3"
"郢巴武三州诸军","0","3","3"
"巴武三州诸军事","0","3","3"
"以前赐予的共二","0","3","3"
"前赐予的共二千","0","3","3"
"赐予的共二千户","0","3","3"
"加任通直散骑常","0","3","3"
"因为有战功被任","0","3","3"
"为有战功被任命","0","3","3"
"世祖继承帝位后","0","3","3"
"升任员外散骑常","0","3","3"
"被任命为贞威将","0","3","3"
"因父亲去世服丧","0","3","3"
"命为通直散骑常","0","3","3"
"子征召他入朝担","0","3","3"
"征召他入朝担任","0","3","3"
"天子下诏书任命","0","3","3"
"赏赐的鼓吹乐仍","0","3","3"
"赐的鼓吹乐仍旧","0","3","3"
"任通直散骑侍郎","0","3","3"
"改任给事黄门侍","0","3","3"
"北周将领梁士彦","0","3","3"
"改任员外散骑常","0","3","3"
"灵位筵席拊于宗","0","3","3"
"位筵席拊于宗庙","0","3","3"
"的职务依然担任","0","3","3"
"升任左光禄大夫","0","3","3"
"的第十二个儿子","0","3","3"
"敬帝秉承皇帝旨","0","3","3"
"调入朝廷任命为","0","3","3"
"朝廷任命为给事","0","3","3"
"廷任命为给事黄","0","3","3"
"出任梁朝秘书郎","0","3","3"
"选拔人才的事务","0","3","3"
"金紫光禄大夫的","0","3","3"
"紫光禄大夫的官","0","3","3"
"广泛地涉猎文史","0","3","3"
"泛地涉猎文史知","0","3","3"
"地涉猎文史知识","0","3","3"
"被任命为中书侍","0","3","3"
"管理束扬州政事","0","3","3"
"侯安都讨伐留异","0","3","3"
"将军的职务依旧","0","3","3"
"军的职务依旧担","0","3","3"
"这件事十分明显","0","3","3"
"任命为智武将军","0","3","3"
"为金紫光禄大夫","0","3","3"
"当时年纪七十岁","0","3","3"
"当时年纪六十三","0","3","3"
"时年纪六十三岁","0","3","3"
"食邑和以前的一","0","3","3"
"邑和以前的一共","0","3","3"
"坚决辞谢不肯就","0","3","3"
"梁朝的太学博士","0","3","3"
"多久又被任命为","0","3","3"
"不久兼通直散骑","0","3","3"
"久兼通直散骑常","0","3","3"
"沈恪为护军将军","0","3","3"
"吴兴长城下若里","1","1","2"
"兴长城下若里人","1","1","2"
"公弼生步兵校尉","1","1","2"
"梁天监二年癸未","1","1","2"
"天监二年癸未岁","1","1","2"
"德州刺史陈文戒","1","1","2"
"广州刺史元景仲","1","1","2"
"成州刺史王怀明","1","1","2"
"行台选郎殷外臣","1","1","2"
"台选郎殷外臣等","1","1","2"
"时临贺内史欧阳","1","1","2"
"高祖员外散骑常","1","1","2"
"祖员外散骑常侍","1","1","2"
"州刺史李迁仕大","2","0","2"
"刺史李迁仕大皋","2","0","2"
"都督六郡诸军事","1","1","2"
"时宁都人刘蔼等","1","1","2"
"宁都人刘蔼等资","1","1","2"
"承制授高祖使持","2","0","2"
"制授高祖使持节","2","0","2"
"都督会稽东阳新","1","1","2"
"督会稽东阳新安","1","1","2"
"会稽东阳新安临","1","1","2"
"稽东阳新安临海","1","1","2"
"东阳新安临海永","1","1","2"
"阳新安临海永嘉","1","1","2"
"新安临海永嘉五","1","1","2"
"安临海永嘉五郡","1","1","2"
"临海永嘉五郡诸","1","1","2"
"海永嘉五郡诸军","1","1","2"
"永嘉五郡诸军事","1","1","2"
"遣中记室参军江","1","1","2"
"中记室参军江元","1","1","2"
"记室参军江元礼","1","1","2"
"记室参军刘本仁","1","1","2"
"奉晋安王上表劝","1","1","2"
"高州刺史侯安都","1","1","2"
"秦州刺史徐嗣徽","1","1","2"
"南豫州刺史任约","1","1","2"
"安州刺史翟子崇","1","1","2"
"楚州刺史刘仕荣","1","1","2"
"淮州刺史柳达摩","1","1","2"
"高祖遣侯安都水","2","0","2"
"祖遣侯安都水军","2","0","2"
"宁远石城公外兵","1","1","2"
"远石城公外兵参","1","1","2"
"石城公外兵参军","1","1","2"
"城公外兵参军王","1","1","2"
"公外兵参军王位","1","1","2"
"东广州刺史独孤","1","1","2"
"广州刺史独孤辟","1","1","2"
"州刺史独孤辟恶","1","1","2"
"洛州刺史李希光","1","1","2"
"大司马门外白虎","1","1","2"
"司马门外白虎阙","1","1","2"
"马门外白虎阙下","1","1","2"
"南江州刺史余孝","1","1","2"
"江州刺史余孝顷","1","1","2"
"中外都督太傅印","1","1","2"
"外都督太傅印绶","1","1","2"
"会稽太守长城县","1","1","2"
"稽太守长城县侯","1","1","2"
"中书侍郎昙朗袭","1","1","2"
"书侍郎昙朗袭封","1","1","2"
"侍郎昙朗袭封南","1","1","2"
"郎昙朗袭封南康","1","1","2"
"昙朗袭封南康王","1","1","2"
"北徐州刺史昌义","1","1","2"
"左卫将军徐世谱","1","1","2"
"南豫州刺史沈泰","1","1","2"
"王琳立梁永嘉王","2","0","2"
"琳立梁永嘉王萧","2","0","2"
"立梁永嘉王萧庄","2","0","2"
"梁永嘉王萧庄郢","2","0","2"
"永嘉王萧庄郢州","2","0","2"
"前开府仪同三司","1","1","2"
"南豫州刺史周文","1","1","2"
"府仪同三司侯安","1","1","2"
"同三司侯安都等","1","1","2"
"府仪同三司周文","1","1","2"
"遣中书舍人江德","1","1","2"
"遣镇北将军徐度","1","1","2"
"镇北将军徐度率","1","1","2"
"尚书左仆射王通","1","1","2"
"高祖将讨王僧辩","2","0","2"
"时僧辩女婿杜龛","2","0","2"
"东扬州刺史张彪","2","0","2"
"临海太守王怀振","1","1","2"
"史欧阳頠进号征","2","0","2"
"欧阳頠进号征南","2","0","2"
"州刺史黄法抃进","2","0","2"
"刺史黄法抃进号","2","0","2"
"刺史鲁悉达进号","1","1","2"
"元年春正月癸丑","1","1","2"
"江州刺史周迪平","1","1","2"
"右卫将军吴明彻","1","1","2"
"新安太守陆山才","1","1","2"
"武州刺史吴明彻","1","1","2"
"诏司空侯安都率","2","0","2"
"司空侯安都率众","2","0","2"
"周巴陵城主尉迟","1","1","2"
"巴陵城主尉迟宪","1","1","2"
"巴州刺史侯安鼎","1","1","2"
"合州刺史裴景徽","1","1","2"
"开府仪同三司僧","1","1","2"
"府仪同三司僧明","1","1","2"
"太子中庶子虞荔","1","1","2"
"三年春正月庚戌","1","1","2"
"吴明彻安南将军","2","0","2"
"中卫将军安成王","1","1","2"
"始兴王伯茂镇东","2","0","2"
"南徐州刺史侯安","1","1","2"
"徐州刺史侯安都","1","1","2"
"四年春正月丙子","1","1","2"
"郢州刺史章昭达","1","1","2"
"州刺史华皎进号","2","0","2"
"州刺史黄法抃镇","2","0","2"
"永嘉诸军东道会","2","0","2"
"五年春正月庚辰","1","1","2"
"护军将军周铁虎","1","1","2"
"六年春正月甲午","1","1","2"
"田父后者赐爵一","2","0","2"
"元年春二月丙子","1","1","2"
"梁承圣三年五月","1","1","2"
"光大元年春正月","1","1","2"
"尚书左仆射袁枢","1","1","2"
"南豫州刺史余孝","1","1","2"
"豫州刺史余孝顷","1","1","2"
"州刺史余孝顷谋","1","1","2"
"刺史余孝顷谋反","1","1","2"
"尚书右仆射沈钦","1","1","2"
"将军杜棱军将军","2","0","2"
"湘州刺史华皎谋","1","1","2"
"州刺史华皎谋反","1","1","2"
"百济国遣使献方","2","0","2"
"济国遣使献方物","2","0","2"
"胡公拓跋定率步","2","0","2"
"公拓跋定率步骑","2","0","2"
"拓跋定率步骑二","2","0","2"
"跋定率步骑二万","2","0","2"
"割东扬州晋安郡","1","1","2"
"高祖武皇帝拨乱","1","1","2"
"祖武皇帝拨乱反","1","1","2"
"武皇帝拨乱反正","1","1","2"
"后宣太后依诏废","1","1","2"
"始兴昭烈王第二","1","1","2"
"梁中大通二年七","1","1","2"
"中大通二年七月","1","1","2"
"大通二年七月辛","1","1","2"
"通二年七月辛酉","1","1","2"
"遥袭封始兴郡王","1","1","2"
"都督扬南徐东扬","1","1","2"
"督扬南徐东扬南","1","1","2"
"扬南徐东扬南豫","1","1","2"
"太建元年春正月","1","1","2"
"建元年春正月甲","1","1","2"
"元年春正月甲午","1","1","2"
"江州刺史康乐侯","1","1","2"
"州刺史康乐侯叔","1","1","2"
"刺史康乐侯叔陵","1","1","2"
"明威将军周弘正","1","1","2"
"吴郡太守晋安王","1","1","2"
"丹丹国遣使献方","2","0","2"
"丹国遣使献方物","2","0","2"
"内外文武赐帛差","2","0","2"
"北讨大都督吴明","1","1","2"
"讨大都督吴明彻","1","1","2"
"大都督吴明彻统","1","1","2"
"豫州刺史黄法抃","2","0","2"
"同三司吴明彻进","2","0","2"
"进号征北大将军","2","0","2"
"前鄱阳内史鲁天","1","1","2"
"鄱阳内史鲁天念","1","1","2"
"威虏将军刘桃根","1","1","2"
"六年春正月壬戌","1","1","2"
"年春正月壬戌朔","1","1","2"
"扬州刺史鄱阳王","1","1","2"
"史鄱阳王伯山征","2","0","2"
"七年春正月辛未","1","1","2"
"左卫将军樊毅克","2","0","2"
"八年春正月庚辰","1","1","2"
"广州刺史长沙王","1","1","2"
"史长沙王叔坚平","2","0","2"
"九年春正月辛卯","1","1","2"
"始兴王叔陵扬州","2","0","2"
"兴王叔陵扬州刺","2","0","2"
"王叔陵扬州刺史","2","0","2"
"武毅将军任忠都","1","1","2"
"毅将军任忠都督","1","1","2"
"将军任忠都督寿","1","1","2"
"军任忠都督寿阳","1","1","2"
"镇右将军新安王","1","1","2"
"右将军新安王伯","1","1","2"
"十一年春正月丁","1","1","2"
"一年春正月丁酉","1","1","2"
"仆射陆缮尚书左","2","0","2"
"射陆缮尚书左仆","2","0","2"
"陆缮尚书左仆射","2","0","2"
"州刺史皋文奏率","1","1","2"
"右卫将军鲁广达","1","1","2"
"卫将军鲁广达率","1","1","2"
"武毅将军萧摩诃","1","1","2"
"毅将军萧摩诃率","1","1","2"
"将军萧摩诃率步","1","1","2"
"十二年春正月戊","1","1","2"
"二年春正月戊戌","1","1","2"
"阳郡公司马消难","1","1","2"
"南豫州刺史任忠","1","1","2"
"豫州刺史任忠率","1","1","2"
"大都督水陆诸军","1","1","2"
"临江太守刘显光","1","1","2"
"江太守刘显光率","1","1","2"
"十三年春正月壬","1","1","2"
"三年春正月壬午","1","1","2"
"前镇西将军樊毅","1","1","2"
"十四年春正月己","1","1","2"
"四年春正月己酉","1","1","2"
"高祖宣皇后章氏","1","1","2"
"先娶同郡钱仲方","1","1","2"
"令黜废帝临海王","2","0","2"
"安前中录事参军","1","1","2"
"诱建安人张安国","1","1","2"
"仪同三司望蔡贞","1","1","2"
"同三司望蔡贞宪","1","1","2"
"三司望蔡贞宪侯","1","1","2"
"司望蔡贞宪侯君","1","1","2"
"望蔡贞宪侯君理","1","1","2"
"史臣侍中郑国公","1","1","2"
"臣侍中郑国公魏","1","1","2"
"见太子詹事周舍","1","1","2"
"徐嗣徽引齐寇渡","2","0","2"
"嗣徽引齐寇渡江","2","0","2"
"吴洞主余孝顷举","2","0","2"
"洞主余孝顷举兵","2","0","2"
"主余孝顷举兵应","2","0","2"
"监军孙白象颇知","1","1","2"
"诏配享高祖庙庭","2","0","2"
"除员外散骑侍郎","2","0","2"
"始兴内史萧子范","1","1","2"
"助豫州刺史周文","1","1","2"
"功进号镇北将军","1","1","2"
"周文育攻余孝劢","2","0","2"
"书舍人蔡景历启","1","1","2"
"轻车府中兵参军","1","1","2"
"都督西讨诸军事","1","1","2"
"定州刺史章昭达","1","1","2"
"州刺史章昭达乘","1","1","2"
"章昭达乘平虏大","1","1","2"
"牛皮冒蒙冲小船","1","1","2"
"信武府中兵参军","1","1","2"
"平西邵陵王中兵","1","1","2"
"西邵陵王中兵参","1","1","2"
"邵陵王中兵参军","1","1","2"
"陵王中兵参军事","1","1","2"
"刺史庐陵王萧续","1","1","2"
"令衡州刺史韦粲","1","1","2"
"衡州刺史韦粲讨","1","1","2"
"始兴内史萧绍基","1","1","2"
"都督东衡州诸军","1","1","2"
"督东衡州诸军事","1","1","2"
"交州刺史袁昙缓","1","1","2"
"大将军贺若敦率","1","1","2"
"征南大将军淳量","2","0","2"
"齐遣大将尉破胡","2","0","2"
"徐州总管梁士彦","1","1","2"
"州总管梁士彦率","1","1","2"
"随文育西征王琳","2","0","2"
"信义太守沌阳县","1","1","2"
"义太守沌阳县开","1","1","2"
"太守沌阳县开国","1","1","2"
"守沌阳县开国侯","1","1","2"
"沌阳县开国侯铁","2","0","2"
"阳县开国侯铁虎","2","0","2"
"冀二州刺史沌阳","1","1","2"
"二州刺史沌阳县","1","1","2"
"州刺史沌阳县开","1","1","2"
"刺史沌阳县开国","1","1","2"
"史沌阳县开国侯","1","1","2"
"新安太守湘西乡","1","1","2"
"安太守湘西乡侯","1","1","2"
"太守湘西乡侯萧","1","1","2"
"守湘西乡侯萧隐","1","1","2"
"湘西乡侯萧隐奔","1","1","2"
"梁元帝荆州承制","2","0","2"
"帅吕子荣进攻新","1","1","2"
"吕子荣进攻新安","1","1","2"
"王府限内中直兵","1","1","2"
"府限内中直兵参","1","1","2"
"限内中直兵参军","1","1","2"
"镇东府中兵参军","1","1","2"
"余孝顷海道袭晋","2","0","2"
"孝顷海道袭晋安","2","0","2"
"都督章昭达率军","1","1","2"
"巴陵内史雷道勤","1","1","2"
"功加通直散骑常","2","0","2"
"都督高州诸军事","1","1","2"
"进号征西大将军","2","0","2"
"左卫将军樊毅分","1","1","2"
"卫将军樊毅分兵","1","1","2"
"西中郎府中兵参","1","1","2"
"中郎府中兵参军","1","1","2"
"寻进号镇南将军","2","0","2"
"湘州刺史华皎征","1","1","2"
"长胡公拓跋定等","1","1","2"
"江阴王萧季卿买","1","1","2"
"阴王萧季卿买梁","1","1","2"
"武沅四州诸军事","1","1","2"
"台军主陈景详率","1","1","2"
"军主陈景详率兵","1","1","2"
"主陈景详率兵追","1","1","2"
"徐州缘江诸军事","1","1","2"
"年随都督吴明彻","2","0","2"
"随都督吴明彻北","2","0","2"
"功除通直散骑常","2","0","2"
"赠开府仪同三司","2","0","2"
"巴定四州诸军事","1","1","2"
"刺史欧阳纥举兵","2","0","2"
"遣电威将军裴子","1","1","2"
"都督江南诸军事","1","1","2"
"都督宣城郡诸军","1","1","2"
"督宣城郡诸军事","1","1","2"
"南平嗣王中兵参","1","1","2"
"平嗣王中兵参军","1","1","2"
"遣行台慕容绍宗","1","1","2"
"北江二州诸军事","1","1","2"
"世祖遣都督章昭","2","0","2"
"祖遣都督章昭达","2","0","2"
"遣都督章昭达征","2","0","2"
"都督章昭达征迪","2","0","2"
"都督南兗州诸军","2","0","2"
"督南兗州诸军事","2","0","2"
"世祖拒王琳南皖","2","0","2"
"授通直散骑侍郎","2","0","2"
"宁州长史徐文盛","1","1","2"
"遣尚书左丞陆骞","1","1","2"
"定州刺史田龙升","1","1","2"
"阳太守田龙琰率","1","1","2"
"司空持节迎护丧","1","1","2"
"母弟忠壮王休先","1","1","2"
"宿预义军三万家","1","1","2"
"时四方州郡多未","1","1","2"
"四方州郡多未宾","1","1","2"
"史中丞宗元饶所","1","1","2"
"杨钟期等二十人","1","1","2"
"中丞徐君敷奏曰","2","0","2"
"南康王陈方泰宗","1","1","2"
"康王陈方泰宗属","1","1","2"
"广州刺史马靖久","1","1","2"
"州刺史马靖久居","1","1","2"
"刺史马靖久居岭","1","1","2"
"史马靖久居岭表","1","1","2"
"东衡州刺史王勇","2","0","2"
"高州刺史戴智烈","1","1","2"
"承制总督征讨诸","1","1","2"
"制总督征讨诸军","1","1","2"
"总督征讨诸军事","1","1","2"
"时隋行军总管韦","1","1","2"
"隋行军总管韦洸","1","1","2"
"豊州刺史郑万顷","2","0","2"
"武等二十四州诸","1","1","2"
"等二十四州诸军","1","1","2"
"二十四州诸军事","1","1","2"
"西衡州刺史衡阳","1","1","2"
"衡州刺史衡阳王","1","1","2"
"北徐州刺史吉阳","1","1","2"
"徐州刺史吉阳县","1","1","2"
"州刺史吉阳县开","1","1","2"
"刺史吉阳县开国","1","1","2"
"史吉阳县开国侯","1","1","2"
"琳将常众爱宫亭","2","0","2"
"将常众爱宫亭湖","2","0","2"
"萧琮尚书左仆射","1","1","2"
"琮尚书左仆射安","1","1","2"
"尚书左仆射安平","1","1","2"
"书左仆射安平王","1","1","2"
"左仆射安平王萧","1","1","2"
"仆射安平王萧岩","1","1","2"
"长史陈文盛等居","1","1","2"
"史陈文盛等居守","1","1","2"
"湘州刺史晋熙王","1","1","2"
"州刺史晋熙王叔","1","1","2"
"巴州刺史毕宝等","2","0","2"
"州刺史毕宝等请","2","0","2"
"刺史毕宝等请降","2","0","2"
"王僧辩论述军事","1","1","2"
"梁尚书左民侍郎","1","1","2"
"南康嗣王萧会理","1","1","2"
"康嗣王萧会理谋","1","1","2"
"明将军使君侯节","1","1","2"
"将军使君侯节下","1","1","2"
"征北府中记室参","1","1","2"
"北府中记室参军","1","1","2"
"受欧阳武威饷绢","1","1","2"
"欧阳武威饷绢百","1","1","2"
"阳武威饷绢百匹","1","1","2"
"安成内史杨文通","1","1","2"
"宣惠豫章王长史","1","1","2"
"宣毅长沙王长史","1","1","2"
"齐晋安王谘议参","1","1","2"
"灵舆梓宫进止仪","1","1","2"
"太尉临川王府外","1","1","2"
"尉临川王府外兵","1","1","2"
"临川王府外兵参","1","1","2"
"川王府外兵参军","1","1","2"
"平西邵陵王长史","1","1","2"
"中权何敬容府长","1","1","2"
"权何敬容府长史","1","1","2"
"宣惠武陵王主簿","1","1","2"
"轻车河东王功曹","1","1","2"
"车河东王功曹史","1","1","2"
"冠军河东王长史","1","1","2"
"都督广州等二十","1","1","2"
"督广州等二十州","1","1","2"
"广州等二十州诸","1","1","2"
"州等二十州诸军","1","1","2"
"等二十州诸军事","1","1","2"
"章昭达率众讨纥","2","0","2"
"轻车河东王主簿","1","1","2"
"长女永世公主先","1","1","2"
"新安穆公主早薨","1","1","2"
"南平王法曹参军","1","1","2"
"骠骑庐陵王谘议","1","1","2"
"骑庐陵王谘议参","1","1","2"
"庐陵王谘议参军","1","1","2"
"宁远始兴王府法","1","1","2"
"远始兴王府法曹","1","1","2"
"始兴王府法曹参","1","1","2"
"兴王府法曹参军","1","1","2"
"赠金紫光禄大夫","2","0","2"
"王府限外记室参","1","1","2"
"府限外记室参军","1","1","2"
"入员外散骑常侍","2","0","2"
"宣惠始兴王长史","1","1","2"
"新蔡三郡诸军事","1","1","2"
"永嘉王府谘议参","1","1","2"
"嘉王府谘议参军","1","1","2"
"郡太守袁君正入","1","1","2"
"宣城王国左常侍","1","1","2"
"明将军使君节下","1","1","2"
"东中郎建安王谘","1","1","2"
"中郎建安王谘议","1","1","2"
"南北新蔡五郡诸","1","1","2"
"北新蔡五郡诸军","1","1","2"
"新蔡五郡诸军事","1","1","2"
"皎随都督吴明彻","1","1","2"
"随都督吴明彻征","1","1","2"
"巴等四州诸军事","1","1","2"
"冠武将军杨文通","1","1","2"
"令巴山太守黄法","1","1","2"
"巴山太守黄法慧","1","1","2"
"州刺史程灵洗等","1","1","2"
"弟卫国公宇文直","1","1","2"
"卫国公宇文直率","1","1","2"
"柱国长胡公拓跋","1","1","2"
"国长胡公拓跋定","1","1","2"
"长沙太守曹庆等","1","1","2"
"丞相豫章文献王","1","1","2"
"中军宣城王中录","1","1","2"
"军宣城王中录事","1","1","2"
"宣城王中录事谘","1","1","2"
"城王中录事谘议","1","1","2"
"王中录事谘议参","1","1","2"
"中录事谘议参军","1","1","2"
"御史中丞江德藻","1","1","2"
"武陵王益州刺史","2","0","2"
"东扬二州大中正","2","0","2"
"授金紫光禄大夫","2","0","2"
"宣惠豫章王谘议","1","1","2"
"惠豫章王谘议参","1","1","2"
"豫章王谘议参军","1","1","2"
"宁远枝江公主簿","1","1","2"
"宣惠湘东王行参","1","1","2"
"惠湘东王行参军","1","1","2"
"司徒王僧辩先下","1","1","2"
"书舍人刘师知等","1","1","2"
"舍人刘师知等入","1","1","2"
"始兴王叔陵湘州","2","0","2"
"仪同鄱阳王东曹","1","1","2"
"同鄱阳王东曹掾","1","1","2"
"安前晋安王长史","1","1","2"
"西昌侯仪同府主","1","1","2"
"昌侯仪同府主簿","1","1","2"
"除中卫始兴王咨","2","0","2"
"中卫始兴王咨议","2","0","2"
"卫始兴王咨议参","2","0","2"
"始兴王咨议参军","2","0","2"
"时广州刺史马靖","1","1","2"
"随都督章昭达讨","1","1","2"
"都督东西二衡州","1","1","2"
"督东西二衡州诸","1","1","2"
"东西二衡州诸军","1","1","2"
"西二衡州诸军事","1","1","2"
"安成王田曹参军","1","1","2"
"鄱阳嗣王中兵参","1","1","2"
"阳嗣王中兵参军","1","1","2"
"嗣王中兵参军事","1","1","2"
"平南长沙王长史","1","1","2"
"张讥等三百一十","1","1","2"
"讥等三百一十二","1","1","2"
"等三百一十二人","1","1","2"
"解褐梁太学博士","2","0","2"
"西中郎湘东王外","1","1","2"
"中郎湘东王外兵","1","1","2"
"郎湘东王外兵记","1","1","2"
"湘东王外兵记室","1","1","2"
"东王外兵记室参","1","1","2"
"王外兵记室参军","1","1","2"
"安成王限内记室","1","1","2"
"信州南平王府长","1","1","2"
"州南平王府长史","1","1","2"
"国子博士周弘正","1","1","2"
"都督衡州五郡征","1","1","2"
"督衡州五郡征讨","1","1","2"
"衡州五郡征讨诸","1","1","2"
"州五郡征讨诸军","1","1","2"
"五郡征讨诸军事","1","1","2"
"时义安太守张绍","1","1","2"
"都督岭北诸军事","1","1","2"
"安西邵陵王水曹","1","1","2"
"西邵陵王水曹中","1","1","2"
"邵陵王水曹中兵","1","1","2"
"陵王水曹中兵参","1","1","2"
"王水曹中兵参军","1","1","2"
"水曹中兵参军事","1","1","2"
"衡州平南府司马","1","1","2"
"失军民男女三千","1","1","2"
"时兴皇寺朗法师","1","1","2"
"镇西湘东王中记","1","1","2"
"西湘东王中记室","1","1","2"
"湘东王中记室参","1","1","2"
"东王中记室参军","1","1","2"
"齐送贞阳侯萧渊","1","1","2"
"送贞阳侯萧渊明","1","1","2"
"南徐州大中正建","1","1","2"
"徐州大中正建昌","1","1","2"
"州大中正建昌县","1","1","2"
"大中正建昌县开","1","1","2"
"中正建昌县开国","1","1","2"
"正建昌县开国侯","1","1","2"
"豫章王府行参军","1","1","2"
"中卫始兴王限外","1","1","2"
"宣惠晋熙王长史","1","1","2"
"宣惠武陵王府法","1","1","2"
"惠武陵王府法曹","1","1","2"
"武陵王府法曹参","1","1","2"
"陵王府法曹参军","1","1","2"
"丹阳尹何敬容开","1","1","2"
"书仆射范阳张缵","2","0","2"
"中军宣城王府限","1","1","2"
"军宣城王府限内","1","1","2"
"宣城王府限内录","1","1","2"
"城王府限内录事","1","1","2"
"王府限内录事参","1","1","2"
"府限内录事参军","1","1","2"
"太清四年秋七月","1","1","2"
"尚书右仆射州陵","1","1","2"
"书右仆射州陵侯","1","1","2"
"始兴王府功曹参","1","1","2"
"兴王府功曹参军","1","1","2"
"仪同始兴王府记","1","1","2"
"同始兴王府记室","1","1","2"
"始兴王府记室参","1","1","2"
"兴王府记室参军","1","1","2"
"中书舍人司马申","1","1","2"
"度支尚书王瑗宣","1","1","2"
"支尚书王瑗宣旨","1","1","2"
"就钟山明庆寺尚","2","0","2"
"明庆寺尚禅师受","2","0","2"
"庆寺尚禅师受菩","2","0","2"
"寺尚禅师受菩萨","2","0","2"
"尚禅师受菩萨戒","2","0","2"
"国子祭酒萧子云","1","1","2"
"前秘书丞北绛郡","1","1","2"
"秘书丞北绛郡开","1","1","2"
"书丞北绛郡开国","1","1","2"
"丞北绛郡开国公","1","1","2"
"内史舍人虞世基","1","1","2"
"补驻王府行参军","1","1","2"
"始兴昭烈王道谈","1","1","2"
"高宗袭封始兴嗣","1","1","2"
"宗袭封始兴嗣王","1","1","2"
"都督南琅邪彭城","1","1","2"
"督南琅邪彭城二","1","1","2"
"琅邪彭城二郡诸","1","1","2"
"邪彭城二郡诸军","1","1","2"
"彭城二郡诸军事","1","1","2"
"天嘉元年七月丙","1","1","2"
"嘉元年七月丙辰","1","1","2"
"豫章王叔英总督","1","1","2"
"尚书仆射江总友","1","1","2"
"衡州刺史王勇所","1","1","2"
"州刺史王勇所害","1","1","2"
"后主乳母乐安君","1","1","2"
"主乳母乐安君吴","1","1","2"
"乳母乐安君吴氏","1","1","2"
"太子舍人司马申","1","1","2"
"隋开皇九年三月","1","1","2"
"内史令李德林宣","1","1","2"
"前刺史晋熙王叔","1","1","2"
"隋行军元帅清河","1","1","2"
"行军元帅清河公","1","1","2"
"军元帅清河公杨","1","1","2"
"帅清河公杨素兵","1","1","2"
"清河公杨素兵下","1","1","2"
"河公杨素兵下荆","1","1","2"
"公杨素兵下荆门","1","1","2"
"湘州助防遂兴侯","1","1","2"
"州助防遂兴侯正","1","1","2"
"助防遂兴侯正理","1","1","2"
"行军总管刘仁恩","1","1","2"
"太建五年二月乙","1","1","2"
"建五年二月乙丑","1","1","2"
"豫章内史南康嗣","1","1","2"
"章内史南康嗣王","1","1","2"
"内史南康嗣王方","1","1","2"
"史南康嗣王方泰","1","1","2"
"时梁州刺史阴子","1","1","2"
"梁州刺史阴子春","1","1","2"
"镇西外兵记室参","1","1","2"
"西外兵记室参军","1","1","2"
"申随都督王僧辩","1","1","2"
"安东临川王谘议","1","1","2"
"东临川王谘议参","1","1","2"
"临川王谘议参军","1","1","2"
"中卫西昌侯行参","1","1","2"
"卫西昌侯行参军","1","1","2"
"周冢宰宇文护执","1","1","2"
"员外散骑常侍杜","1","1","2"
"外散骑常侍杜缅","1","1","2"
"散骑常侍杜缅图","1","1","2"
"吏部尚书河南褚","1","1","2"
"部尚书河南褚翔","1","1","2"
"始兴王府法曹行","1","1","2"
"兴王府法曹行参","1","1","2"
"王府法曹行参军","1","1","2"
"镇右新安王谘议","1","1","2"
"右新安王谘议参","1","1","2"
"新安王谘议参军","1","1","2"
"守宫城西北大营","1","1","2"
"尚书民部仪曹郎","1","1","2"
"新安王文学陆琼","1","1","2"
"吏部尚书宗元饶","1","1","2"
"谒者黄长贵持册","1","1","2"
"者黄长贵持册奠","1","1","2"
"黄长贵持册奠祭","1","1","2"
"时后主赐仆射江","1","1","2"
"后主赐仆射江总","1","1","2"
"贺王府记室参军","1","1","2"
"安东临川王府记","1","1","2"
"东临川王府记室","1","1","2"
"临川王府记室参","1","1","2"
"川王府记室参军","1","1","2"
"依湘州刺史萧循","1","1","2"
"司空府记室参军","1","1","2"
"骠骑安成王中记","1","1","2"
"骑安成王中记室","1","1","2"
"镇南始兴王谘议","1","1","2"
"南始兴王谘议参","1","1","2"
"摩诃随都督吴明","1","1","2"
"诃随都督吴明彻","1","1","2"
"击走齐将王康德","1","1","2"
"宫舍人司马申启","1","1","2"
"随晋熙太守梅伯","1","1","2"
"晋熙太守梅伯龙","1","1","2"
"熙太守梅伯龙讨","1","1","2"
"击走齐历阳王高","1","1","2"
"走齐历阳王高景","1","1","2"
"齐历阳王高景安","1","1","2"
"兵家称客主异势","1","1","2"
"水军分向南豫州","1","1","2"
"擒虎军共入南掖","1","1","2"
"虎军共入南掖门","1","1","2"
"周将梁士彦将兵","2","0","2"
"将梁士彦将兵围","2","0","2"
"梁士彦将兵围寿","2","0","2"
"始兴平南府长史","1","1","2"
"隋将韩擒虎济江","2","0","2"
"邵陵王国右常侍","1","1","2"
"阳公府中兵参军","1","1","2"
"悉达聚众保新蔡","1","1","2"
"仪同章昭达入峡","1","1","2"
"同章昭达入峡口","1","1","2"
"授都督北徐州诸","1","1","2"
"都督北徐州诸军","1","1","2"
"督北徐州诸军事","1","1","2"
"左卫将军任忠等","1","1","2"
"卫将军任忠等分","1","1","2"
"将军任忠等分部","1","1","2"
"豫州刺史樊毅率","1","1","2"
"州刺史樊毅率众","1","1","2"
"刺史樊毅率众北","1","1","2"
"周安州总管元景","1","1","2"
"萧摩诃气冠三军","1","1","2"
"齐豫章王行参军","1","1","2"
"镇西府记室参军","1","1","2"
"时朝廷政事多委","1","1","2"
"平北府谘议参军","1","1","2"
"军师始兴王谘议","1","1","2"
"师始兴王谘议参","1","1","2"
"智武府外兵参军","1","1","2"
"武府外兵参军事","1","1","2"
"引祠部侍郎阮卓","1","1","2"
"时尚书右丞徐祚","1","1","2"
"尚书左丞沈客卿","1","1","2"
"吏部尚书吴兴姚","1","1","2"
"部尚书吴兴姚察","1","1","2"
"宜都王谘议参军","1","1","2"
"都王谘议参军事","1","1","2"
"鄱阳王录事参军","1","1","2"
"南中郎武陵王行","1","1","2"
"中郎武陵王行参","1","1","2"
"郎武陵王行参军","1","1","2"
"安西武陵王记室","1","1","2"
"授庐陵王记室参","1","1","2"
"庐陵王记室参军","1","1","2"
"云麾临海王长史","1","1","2"
"南平王国左常侍","1","1","2"
"轻车河东王府行","1","1","2"
"车河东王府行参","1","1","2"
"河东王府行参军","1","1","2"
"宣惠始兴王府谘","1","1","2"
"惠始兴王府谘议","1","1","2"
"始兴王府谘议参","1","1","2"
"兴王府谘议参军","1","1","2"
"平西府记室参军","1","1","2"
"吴兴沈炯对掌书","1","1","2"
"兴沈炯对掌书记","1","1","2"
"仁威淮南王长史","1","1","2"
"授东宫义省学士","1","1","2"
"中军吴兴王记室","1","1","2"
"云麾新安王主簿","1","1","2"
"宁远府记室参军","1","1","2"
"骠骑安成王行参","1","1","2"
"骑安成王行参军","1","1","2"
"军师晋安王外兵","1","1","2"
"师晋安王外兵参","1","1","2"
"晋安王外兵参军","1","1","2"
"桂阳王明威将军","1","1","2"
"阳王明威将军功","1","1","2"
"王明威将军功曹","1","1","2"
"明威将军功曹史","1","1","2"
"宣毅临川王长史","1","1","2"
"司空府谘议参军","1","1","2"
"司空侯安都府记","1","1","2"
"空侯安都府记室","1","1","2"
"侯安都府记室参","1","1","2"
"安都府记室参军","1","1","2"
"都府记室参军事","1","1","2"
"镇北新安王府中","1","1","2"
"北新安王府中记","1","1","2"
"新安王府中记室","1","1","2"
"安王府中记室参","1","1","2"
"王府中记室参军","1","1","2"
"临海嗣王府限外","1","1","2"
"海嗣王府限外谘","1","1","2"
"嗣王府限外谘议","1","1","2"
"王府限外谘议参","1","1","2"
"府限外谘议参军","1","1","2"
"镇右新安王府谘","1","1","2"
"右新安王府谘议","1","1","2"
"新安王府谘议参","1","1","2"
"安王府谘议参军","1","1","2"
"王府谘议参军事","1","1","2"
"勃海长乐二郡太","1","1","2"
"海长乐二郡太守","1","1","2"
"邵陵王国左常侍","1","1","2"
"鄱阳王府墨曹行","1","1","2"
"阳王府墨曹行参","1","1","2"
"王府墨曹行参军","1","1","2"
"信威晋熙王府长","1","1","2"
"威晋熙王府长史","1","1","2"
"轻车鄱阳王府外","1","1","2"
"车鄱阳王府外兵","1","1","2"
"鄱阳王府外兵参","1","1","2"
"阳王府外兵参军","1","1","2"
"云麾新安王府记","1","1","2"
"麾新安王府记室","1","1","2"
"新安王府记室参","1","1","2"
"安王府记室参军","1","1","2"
"迁鄱阳王中卫府","2","0","2"
"鄱阳王中卫府录","1","1","2"
"阳王中卫府录事","1","1","2"
"多金翠珠贝珍怪","1","1","2"
"衡阳王府中录事","1","1","2"
"阳王府中录事参","1","1","2"
"始兴王中卫府记","1","1","2"
"兴王中卫府记室","1","1","2"
"王中卫府记室参","1","1","2"
"中卫府记室参军","1","1","2"
"黄法抃等率兵共","1","1","2"
"法抃等率兵共围","1","1","2"
"豫章太守周敷本","1","1","2"
"太守益阳县子陆","1","1","2"
"守益阳县子陆子","1","1","2"
"益阳县子陆子隆","1","1","2"
"前宣城太守钱法","1","1","2"
"宣城太守钱法成","1","1","2"
"刺史南固县侯焦","1","1","2"
"史南固县侯焦僧","1","1","2"
"南固县侯焦僧度","1","1","2"
"建州刺史辰县子","1","1","2"
"州刺史辰县子张","1","1","2"
"刺史辰县子张智","1","1","2"
"史辰县子张智达","1","1","2"
"江州刺史安吴县","1","1","2"
"州刺史安吴县侯","1","1","2"
"刺史安吴县侯吴","1","1","2"
"郢州刺史欣乐县","1","1","2"
"州刺史欣乐县侯","1","1","2"
"刺史欣乐县侯章","1","1","2"
"史欣乐县侯章昭","1","1","2"
"欣乐县侯章昭达","1","1","2"
"湘州刺史湘东郡","1","1","2"
"州刺史湘东郡公","1","1","2"
"刺史湘东郡公度","1","1","2"
"开府仪同三司欧","1","1","2"
"府仪同三司欧阳","1","1","2"
"衡州刺史侯晓等","1","1","2"
"令众军作连城攻","1","1","2"
"时宣城太守钱肃","1","1","2"
"宣城太守钱肃镇","1","1","2"
"随临城公萧大连","1","1","2"
"左卫将军沈恪代","1","1","2"
"南徐州刺史桂阳","1","1","2"
"徐州刺史桂阳郡","1","1","2"
"州刺史桂阳郡开","1","1","2"
"刺史桂阳郡开国","1","1","2"
"史桂阳郡开国公","1","1","2"
"桂阳郡开国公安","1","1","2"
"阳郡开国公安都","1","1","2"
"闽寇陈宝应父子","1","1","2"
"新除轻车将军刘","1","1","2"
"除轻车将军刘峰","1","1","2"
"东衡州刺史钱道","1","1","2"
"衡州刺史钱道戢","1","1","2"
"新州刺史区白兽","1","1","2"
"吴州刺史鲁广达","1","1","2"
"太子左卫率孙诩","1","1","2"
"寻阳太守莫景隆","1","1","2"
"豫章太守刘广德","1","1","2"
"江州刺史新建县","1","1","2"
"州刺史新建县开","1","1","2"
"刺史新建县开国","1","1","2"
"史新建县开国侯","1","1","2"
"新建县开国侯法","1","1","2"
"豫章内史钱法成","1","1","2"
"谴责御史中丞王","1","1","2"
"责御史中丞王政","1","1","2"
"右卫将军萧摩诃","1","1","2"
"前衡阳内史彭暠","1","1","2"
"东海三郡诸军事","1","1","2"
"大都督中外诸军","1","1","2"
"扬南徐二州刺史","1","1","2"
"侍中谒者仆射陆","1","1","2"
"中谒者仆射陆缮","1","1","2"
"谒者仆射陆缮策","1","1","2"
"长城县夫人章氏","1","1","2"
"加高祖前后部羽","1","1","2"
"高祖前后部羽葆","1","1","2"
"祖前后部羽葆鼓","1","1","2"
"州刺史长城县公","1","1","2"
"刺史长城县公道","1","1","2"
"史长城县公道谭","1","1","2"
"南徐州刺史武康","1","1","2"
"徐州刺史武康县","1","1","2"
"州刺史武康县侯","1","1","2"
"刺史武康县侯休","1","1","2"
"史武康县侯休先","1","1","2"
"遣吏部尚书谢哲","1","1","2"
"仪同三司徐度侍","2","0","2"
"同三司徐度侍中","2","0","2"
"二年春正月庚戌","1","1","2"
"周湘州城主殷亮","1","1","2"
"南荆州刺史吴明","1","1","2"
"荆州刺史吴明彻","1","1","2"
"右光禄大夫徐世","1","1","2"
"光禄大夫徐世谱","1","1","2"
"左卫将军程灵洗","1","1","2"
"州刺史黄法抃中","2","0","2"
"吴兴太守吴明彻","1","1","2"
"吴郡太守鄱阳王","1","1","2"
"郡太守鄱阳王伯","1","1","2"
"太守鄱阳王伯山","1","1","2"
"尊皇太后曰太皇","1","1","2"
"皇太后曰太皇太","1","1","2"
"太后曰太皇太后","1","1","2"
"东扬州刺史始兴","2","0","2"
"鄱阳王伯山进号","2","0","2"
"光禄大夫王冲薨","1","1","2"
"新除中军大将军","2","0","2"
"太建二年四月薨","1","1","2"
"章昭达进号车骑","2","0","2"
"昭达进号车骑大","2","0","2"
"达进号车骑大将","2","0","2"
"南徐州刺史淳量","2","0","2"
"郢州刺史黄法抃","2","0","2"
"王劢尚书右仆射","2","0","2"
"大著作徐陵尚书","2","0","2"
"中护军晋安王伯","1","1","2"
"护军晋安王伯恭","1","1","2"
"左卫将军欧阳纥","1","1","2"
"二年春正月乙酉","1","1","2"
"同三司章昭达进","1","1","2"
"三司章昭达进号","1","1","2"
"广州刺史沈恪进","1","1","2"
"州刺史沈恪进号","1","1","2"
"三年春正月癸丑","1","1","2"
"中郎将长沙王府","1","1","2"
"郎将长沙王府谘","1","1","2"
"将长沙王府谘议","1","1","2"
"长沙王府谘议参","1","1","2"
"沙王府谘议参军","1","1","2"
"王府谘议参军萧","1","1","2"
"府谘议参军萧彝","1","1","2"
"四年春正月丙午","1","1","2"
"江州刺史始兴王","1","1","2"
"吴郡太守长沙王","1","1","2"
"郡太守长沙王叔","1","1","2"
"太守长沙王叔坚","1","1","2"
"丹阳尹衡阳王伯","1","1","2"
"阳尹衡阳王伯信","1","1","2"
"仪同程灵洗配食","1","1","2"
"同程灵洗配食高","1","1","2"
"程灵洗配食高祖","1","1","2"
"灵洗配食高祖庙","1","1","2"
"洗配食高祖庙庭","1","1","2"
"故车骑将军章昭","1","1","2"
"车骑将军章昭达","1","1","2"
"骑将军章昭达配","1","1","2"
"将军章昭达配食","1","1","2"
"军章昭达配食世","1","1","2"
"章昭达配食世祖","1","1","2"
"昭达配食世祖庙","1","1","2"
"达配食世祖庙庭","1","1","2"
"前巴州刺史鲁广","1","1","2"
"巴州刺史鲁广达","1","1","2"
"南齐昌太守黄咏","1","1","2"
"高唐太守沈善度","1","1","2"
"翊前将军新安王","1","1","2"
"前将军新安王伯","1","1","2"
"光禄大夫王通加","1","1","2"
"禄大夫王通加特","1","1","2"
"大夫王通加特进","1","1","2"
"尚书右仆射陆缮","1","1","2"
"丹阳尹江夏王伯","1","1","2"
"阳尹江夏王伯义","1","1","2"
"十年春正月己巳","1","1","2"
"年春正月己巳朔","1","1","2"
"宣惠将军江夏王","1","1","2"
"惠将军江夏王伯","1","1","2"
"将军江夏王伯义","1","1","2"
"镇前将军豫章王","1","1","2"
"前将军豫章王叔","1","1","2"
"将军豫章王叔英","1","1","2"
"江州刺史鄱阳王","1","1","2"
"左卫将军任忠都","1","1","2"
"卫将军任忠都督","1","1","2"
"将军任忠都督北","1","1","2"
"威将军裴子烈镇","1","1","2"
"开远将军徐道奴","1","1","2"
"远将军徐道奴镇","1","1","2"
"前信州刺史杨宝","1","1","2"
"信州刺史杨宝安","1","1","2"
"州刺史杨宝安镇","1","1","2"
"军樊毅镇西将军","2","0","2"
"平北将军庐陵王","1","1","2"
"北将军庐陵王伯","1","1","2"
"宣毅将军河东王","1","1","2"
"毅将军河东王叔","1","1","2"
"将军河东王叔献","1","1","2"
"尚书右仆射晋安","1","1","2"
"书右仆射晋安王","1","1","2"
"右仆射晋安王伯","1","1","2"
"射晋安王伯恭尚","2","0","2"
"晋安王伯恭尚书","2","0","2"
"安随等九州八镇","1","1","2"
"随等九州八镇诸","1","1","2"
"等九州八镇诸军","1","1","2"
"九州八镇诸军事","1","1","2"
"超武将军陈慧纪","1","1","2"
"通直散骑常侍淳","1","1","2"
"智武将军鲁广达","1","1","2"
"南徐州刺史河东","1","1","2"
"徐州刺史河东王","1","1","2"
"州刺史河东王叔","1","1","2"
"刺史河东王叔献","1","1","2"
"护军将军鄱阳王","1","1","2"
"军将军鄱阳王伯","1","1","2"
"将军鄱阳王伯山","1","1","2"
"国子祭酒新安王","1","1","2"
"子祭酒新安王伯","1","1","2"
"祭酒新安王伯固","1","1","2"
"尚书仆射晋安王","1","1","2"
"书仆射晋安王伯","1","1","2"
"卫尉卿宜都王叔","1","1","2"
"尉卿宜都王叔明","1","1","2"
"都督新安郡诸军","1","1","2"
"督新安郡诸军事","1","1","2"
"都督豫章郡诸军","1","1","2"
"督豫章郡诸军事","1","1","2"
"忠武将军南豫州","1","1","2"
"武将军南豫州刺","1","1","2"
"将军南豫州刺史","1","1","2"
"军南豫州刺史樊","1","1","2"
"南豫州刺史樊猛","1","1","2"
"骠骑庐陵王长史","1","1","2"
"加金紫光禄大夫","2","0","2"
"巴州刺史戴僧朔","1","1","2"
"衡阳内史任蛮奴","1","1","2"
"巴陵内史潘智虔","1","1","2"
"岳阳太守章昭裕","1","1","2"
"中卫始兴王长史","1","1","2"
"都督广等十八州","1","1","2"
"督广等十八州诸","1","1","2"
"广等十八州诸军","1","1","2"
"等十八州诸军事","1","1","2"
"宣惠宜都王中录","1","1","2"
"惠宜都王中录事","1","1","2"
"宜都王中录事参","1","1","2"
"都王中录事参军","1","1","2"
"衡阳王府法曹参","1","1","2"
"阳王府法曹参军","1","1","2"
"度支尚书萧睿持","1","1","2"
"支尚书萧睿持节","1","1","2"
"遣五兵尚书王质","1","1","2"
"五兵尚书王质持","1","1","2"
"兵尚书王质持节","1","1","2"
"彭贵人生始兴王","1","1","2"
"贵人生始兴王叔","1","1","2"
"人生始兴王叔陵","1","1","2"
"曹淑华生豫章王","1","1","2"
"淑华生豫章王叔","1","1","2"
"华生豫章王叔英","1","1","2"
"何淑仪生长沙王","1","1","2"
"淑仪生长沙王叔","1","1","2"
"仪生长沙王叔坚","1","1","2"
"魏昭容生建安王","1","1","2"
"昭容生建安王叔","1","1","2"
"容生建安王叔卿","1","1","2"
"钱贵妃生河东王","1","1","2"
"贵妃生河东王叔","1","1","2"
"妃生河东王叔献","1","1","2"
"刘昭仪生新蔡王","1","1","2"
"昭仪生新蔡王叔","1","1","2"
"仪生新蔡王叔齐","1","1","2"
"袁昭容生晋熙王","1","1","2"
"昭容生晋熙王叔","1","1","2"
"容生晋熙王叔文","1","1","2"
"王姬生淮南王叔","1","1","2"
"姬生淮南王叔彪","1","1","2"
"吴姬生始兴王叔","1","1","2"
"姬生始兴王叔重","1","1","2"
"徐姬生寻阳王叔","1","1","2"
"姬生寻阳王叔俨","1","1","2"
"姬生岳阳王叔慎","1","1","2"
"华生武昌王叔虞","1","1","2"
"容生湘东王叔平","1","1","2"
"施姬生临贺王叔","1","1","2"
"姬生临贺王叔敖","1","1","2"
"曾姬生阳山王叔","1","1","2"
"姬生阳山王叔宣","1","1","2"
"杨姬生西阳王叔","1","1","2"
"姬生西阳王叔穆","1","1","2"
"申婕妤生南安王","1","1","2"
"婕妤生南安王叔","1","1","2"
"妤生南安王叔俭","1","1","2"
"袁姬生新兴王叔","1","1","2"
"姬生新兴王叔纯","1","1","2"
"刘姬生临江王叔","1","1","2"
"姬生临江王叔显","1","1","2"
"功进号骠骑将军","1","1","2"
"武州刺史邬居业","1","1","2"
"都督扬州诸军事","1","1","2"
"司徒王僧辩幕府","1","1","2"
"徒王僧辩幕府初","1","1","2"
"王僧辩幕府初建","1","1","2"
"桂阳三王府国事","1","1","2"
"庾氏东昌国太夫","1","1","2"
"氏东昌国太夫人","1","1","2"
"中抚军将军景历","1","1","2"
"仆射江总知撰五","1","1","2"
"射江总知撰五礼","1","1","2"
"江总知撰五礼事","1","1","2"
"东中郎武陵王府","1","1","2"
"中郎武陵王府参","1","1","2"
"郎武陵王府参军","1","1","2"
"武陵王府参军事","1","1","2"
"信威临贺王记室","1","1","2"
"武陵王谘议参军","1","1","2"
"光禄大夫济阳江","1","1","2"
"禄大夫济阳江革","1","1","2"
"都官尚书会稽孔","1","1","2"
"官尚书会稽孔休","1","1","2"
"尚书会稽孔休源","1","1","2"
"书会稽孔休源友","1","1","2"
"南康嗣王墨曹参","1","1","2"
"康嗣王墨曹参军","1","1","2"
"镇东邵陵王府限","1","1","2"
"东邵陵王府限外","1","1","2"
"邵陵王府限外记","1","1","2"
"陵王府限外记室","1","1","2"
"始平天门二郡守","1","1","2"
"武陵王安西府刑","1","1","2"
"陵王安西府刑狱","1","1","2"
"王安西府刑狱参","1","1","2"
"安西府刑狱参军","1","1","2"
"西府刑狱参军事","1","1","2"
"晋安王宣惠府中","1","1","2"
"安王宣惠府中记","1","1","2"
"王宣惠府中记室","1","1","2"
"宣惠府中记室参","1","1","2"
"惠府中记室参军","1","1","2"
"鄱阳王中卫府记","1","1","2"
"阳王中卫府记室","1","1","2"
"镇北府中录事参","1","1","2"
"北府中录事参军","1","1","2"
"征南府谘议参军","1","1","2"
"武陵王明威府功","1","1","2"
"陵王明威府功曹","1","1","2"
"王明威府功曹史","1","1","2"
"梁河东王国右常","1","1","2"
"河东王国右常侍","1","1","2"
"临川嗣王府墨曹","1","1","2"
"川嗣王府墨曹参","1","1","2"
"嗣王府墨曹参军","1","1","2"
"宜都王限外记室","1","1","2"
"宁远岳阳王府记","1","1","2"
"远岳阳王府记室","1","1","2"
"岳阳王府记室参","1","1","2"
"阳王府记室参军","1","1","2"
"南海王府谘议参","1","1","2"
"海王府谘议参军","1","1","2"
"始兴王府中录事","1","1","2"
"兴王府中录事参","1","1","2"
"都督缙州诸军事","1","1","2"
"遣沙州刺史俞文","1","1","2"
"明威将军程文季","1","1","2"
"前监临海郡陈思","1","1","2"
"监临海郡陈思庆","1","1","2"
"前军将军徐智远","1","1","2"
"明毅将军宜黄县","1","1","2"
"毅将军宜黄县开","1","1","2"
"将军宜黄县开国","1","1","2"
"军宜黄县开国侯","1","1","2"
"宜黄县开国侯慧","1","1","2"
"黄县开国侯慧纪","1","1","2"
"康乐县开国侯林","1","1","2"
"乐县开国侯林冯","1","1","2"
"都督江州诸军事","1","1","2"
"五年春正月癸酉","1","1","2"
"宣惠将军宜都王","1","1","2"
"前重安县开国公","1","1","2"
"建安九郡诸军事","1","1","2"
"转补安前邵陵王","1","1","2"
"补安前邵陵王田","1","1","2"
"安前邵陵王田曹","1","1","2"
"前邵陵王田曹参","1","1","2"
"邵陵王田曹参军","1","1","2"
"遣镇南仪同司马","1","1","2"
"礼乐制度得到恢","0","2","2"
"乐制度得到恢复","0","2","2"
"有办事的才能气","0","2","2"
"办事的才能气度","0","2","2"
"被有关官员奏劾","0","2","2"
"离开故乡前往都","0","2","2"
"开故乡前往都城","0","2","2"
"主管学校的官员","0","2","2"
"岁寒然后知松柏","0","2","2"
"寒然后知松柏之","0","2","2"
"然后知松柏之后","0","2","2"
"后知松柏之后凋","0","2","2"
"子雄的弟弟子略","0","2","2"
"恐怕不是好办法","0","2","2"
"秉承皇上旨意授","0","2","2"
"承皇上旨意授予","0","2","2"
"皇上旨意授予高","0","2","2"
"上旨意授予高祖","0","2","2"
"秉承皇帝旨意授","0","2","2"
"不久授散骑常侍","0","2","2"
"秉承皇帝旨意命","0","2","2"
"侯安都率领水军","0","2","2"
"余孝顷起兵响应","0","2","2"
"都率领军队讨伐","0","2","2"
"讨伐平定了他们","0","2","2"
"拯救动荡的局势","0","2","2"
"日常的纷繁政务","0","2","2"
"梁朝因为天赐的","0","2","2"
"朝因为天赐的福","0","2","2"
"因为天赐的福禄","0","2","2"
"钟山祭祀蒋帝庙","0","2","2"
"的儿子梁朝中书","0","2","2"
"儿子梁朝中书侍","0","2","2"
"子梁朝中书侍郎","0","2","2"
"立梁朝的永嘉王","0","2","2"
"皇帝到大庄严寺","0","2","2"
"高祖将要讨伐王","0","2","2"
"祖将要讨伐王僧","0","2","2"
"将要讨伐王僧辩","0","2","2"
"僧辩的女婿杜宠","0","2","2"
"仪同三司王冲为","0","2","2"
"重云殿发生火灾","0","2","2"
"鳏寡孤独不能自","0","2","2"
"寡孤独不能自养","0","2","2"
"孤独不能自养的","0","2","2"
"把首级送到京城","0","2","2"
"令司空侯安都领","0","2","2"
"司空侯安都领兵","0","2","2"
"安成王陈顼为骠","0","2","2"
"成王陈顼为骠骑","0","2","2"
"职的文武官员各","0","2","2"
"的文武官员各有","0","2","2"
"为父后的人赐爵","0","2","2"
"州刺史章昭达为","0","2","2"
"章昭达为护军将","0","2","2"
"昭达为护军将军","0","2","2"
"刺史黄法毡为镇","0","2","2"
"进号为征南大将","0","2","2"
"余孝顷统领会稽","0","2","2"
"州刺史吴明彻为","0","2","2"
"年春正月庚辰日","0","2","2"
"皇帝舆驾亲往北","0","2","2"
"帝舆驾亲往北郊","0","2","2"
"舆驾亲往北郊祭","0","2","2"
"驾亲往北郊祭祀","0","2","2"
"可特赦京城的罪","0","2","2"
"特赦京城的罪犯","0","2","2"
"孝悌力田继承父","0","2","2"
"国遣使臣敬献土","0","2","2"
"遣使臣敬献土产","0","2","2"
"吴明彻为安南将","0","2","2"
"明彻为安南将军","0","2","2"
"大将军淳于量为","0","2","2"
"将领长胡公拓跋","0","2","2"
"领长胡公拓跋定","0","2","2"
"增加封邑合并先","0","2","2"
"加封邑合并先前","0","2","2"
"封邑合并先前所","0","2","2"
"邑合并先前所封","0","2","2"
"合并先前所封共","0","2","2"
"分派各路大使巡","0","2","2"
"派各路大使巡视","0","2","2"
"皇帝舆驾亲自耕","0","2","2"
"帝舆驾亲自耕种","0","2","2"
"舆驾亲自耕种藉","0","2","2"
"驾亲自耕种藉田","0","2","2"
"国派使者贡献地","0","2","2"
"派使者贡献地方","0","2","2"
"使者贡献地方特","0","2","2"
"者贡献地方特产","0","2","2"
"听任他们回归故","0","2","2"
"任他们回归故乡","0","2","2"
"皇帝舆驾亲临明","0","2","2"
"帝舆驾亲临明堂","0","2","2"
"舆驾亲临明堂祭","0","2","2"
"驾亲临明堂祭祀","0","2","2"
"朝廷内外文武官","0","2","2"
"廷内外文武官员","0","2","2"
"豫州刺史黄法毡","0","2","2"
"号为征北大将军","0","2","2"
"吴明彻攻克寿阳","0","2","2"
"可以延期至今秋","0","2","2"
"刺史长沙王查哩","0","2","2"
"史长沙王查哩为","0","2","2"
"任命征西大将军","0","2","2"
"进号为平北将军","0","2","2"
"太子詹事徐陵为","0","2","2"
"皇帝舆驾亲临藉","0","2","2"
"帝舆驾亲临藉田","0","2","2"
"舆驾亲临藉田耕","0","2","2"
"驾亲临藉田耕种","0","2","2"
"军新安王伯固为","0","2","2"
"仆射陆缮为尚书","0","2","2"
"任忠率领步兵骑","0","2","2"
"忠率领步兵骑兵","0","2","2"
"史始兴王叔陵为","0","2","2"
"分割衡州的始兴","0","2","2"
"皇后的母亲苏氏","0","2","2"
"有美丽的容貌仪","0","2","2"
"美丽的容貌仪表","0","2","2"
"追赠皇后的父亲","0","2","2"
"加授金色印章紫","0","2","2"
"授金色印章紫色","0","2","2"
"金色印章紫色丝","0","2","2"
"色印章紫色丝带","0","2","2"
"加授通直散骑常","0","2","2"
"被任命为驸马都","0","2","2"
"被有关官员弹劾","0","2","2"
"和后主一起进入","0","2","2"
"爵位晋升为侯爵","0","2","2"
"并先前所封共五","0","2","2"
"世代是郡的望族","0","2","2"
"随从高祖镇守京","0","2","2"
"从高祖镇守京口","0","2","2"
"抓获了他的将领","0","2","2"
"的汝城县改为卢","0","2","2"
"还有什么不可以","0","2","2"
"有什么不可以容","0","2","2"
"什么不可以容忍","0","2","2"
"么不可以容忍?","0","2","2"
"官至员外散骑常","0","2","2"
"至员外散骑常侍","0","2","2"
"把他的妻子儿女","0","2","2"
"他的妻子儿女和","0","2","2"
"的妻子儿女和弟","0","2","2"
"妻子儿女和弟弟","0","2","2"
"王僧辩派侯瑱带","0","2","2"
"被任命为镇前将","0","2","2"
"任命为镇前将军","0","2","2"
"征南大将军淳于","0","2","2"
"南大将军淳于量","0","2","2"
"死者达十分之七","0","2","2"
"每次战斗都有功","0","2","2"
"承皇帝旨意任命","0","2","2"
"任命他为仁威将","0","2","2"
"命他为仁威将军","0","2","2"
"沌阳县开国侯周","0","2","2"
"阳县开国侯周铁","0","2","2"
"县开国侯周铁虎","0","2","2"
"任命他为散骑常","0","2","2"
"命他为散骑常侍","0","2","2"
"梁元帝在荆州秉","0","2","2"
"元帝在荆州秉承","0","2","2"
"使者从偏僻小路","0","2","2"
"者从偏僻小路到","0","2","2"
"战功被任命为持","0","2","2"
"功被任命为持节","0","2","2"
"程灵洗率领部属","0","2","2"
"高祖诛杀王僧辩","0","2","2"
"祖诛杀王僧辩时","0","2","2"
"升官号为云麾将","0","2","2"
"官号为云麾将军","0","2","2"
"为通直散骑侍郎","0","2","2"
"任命为贞毅将军","0","2","2"
"有战功加任通直","0","2","2"
"战功加任通直散","0","2","2"
"功加任通直散骑","0","2","2"
"任命他为平南将","0","2","2"
"命他为平南将军","0","2","2"
"号为征西大将军","0","2","2"
"都督合霍二州诸","0","2","2"
"督合霍二州诸军","0","2","2"
"合霍二州诸军事","0","2","2"
"世世代代居住在","0","2","2"
"梁元帝任荆州刺","0","2","2"
"元帝任荆州刺史","0","2","2"
"仍然随从王僧辩","0","2","2"
"王僧辩平定侯景","0","2","2"
"被任命为左卫将","0","2","2"
"任命为左卫将军","0","2","2"
"官号为征南大将","0","2","2"
"天子征召他为中","0","2","2"
"鼓吹乐这些封赏","0","2","2"
"吹乐这些封赏仍","0","2","2"
"乐这些封赏仍旧","0","2","2"
"扶护人员的封赏","0","2","2"
"护人员的封赏仍","0","2","2"
"人员的封赏仍旧","0","2","2"
"他为员外散骑常","0","2","2"
"不久又调出京城","0","2","2"
"久又调出京城担","0","2","2"
"多次派遣使者招","0","2","2"
"官号为车骑大将","0","2","2"
"侯安都征讨王琳","0","2","2"
"青年时期就卓越","0","2","2"
"年时期就卓越不","0","2","2"
"调入朝廷担任侍","0","2","2"
"入朝廷担任侍中","0","2","2"
"亲去世服丧而离","0","2","2"
"去世服丧而离职","0","2","2"
"追赠为散骑常侍","0","2","2"
"皇帝的旨意任命","0","2","2"
"侯景之乱平定后","0","2","2"
"被任命为通直散","0","2","2"
"天子征召为侍中","0","2","2"
"安排僚吏的权力","0","2","2"
"全部由国库资助","0","2","2"
"部由国库资助供","0","2","2"
"征召他入朝为左","0","2","2"
"召他入朝为左卫","0","2","2"
"他入朝为左卫将","0","2","2"
"入朝为左卫将军","0","2","2"
"授予通直散骑常","0","2","2"
"予通直散骑常侍","0","2","2"
"妙的构思超越常","0","2","2"
"的构思超越常人","0","2","2"
"升他的官号为安","0","2","2"
"母亲去世而服丧","0","2","2"
"朝廷提升他的官","0","2","2"
"廷提升他的官号","0","2","2"
"随从都督吴明彻","0","2","2"
"都督南兖州诸军","0","2","2"
"督南兖州诸军事","0","2","2"
"随从吴明彻北伐","0","2","2"
"被任命为员外散","0","2","2"
"祖的第六个儿子","0","2","2"
"束衡州刺史王勇","0","2","2"
"族子弟连城守卫","0","2","2"
"侯安都在宫亭湖","0","2","2"
"王琳部将常众爱","0","2","2"
"增邑到一千五百","0","2","2"
"邑到一千五百户","0","2","2"
"改任通直散骑常","0","2","2"
"改任太子左卫率","0","2","2"
"为镇束鄱阳王谘","0","2","2"
"镇束鄱阳王谘议","0","2","2"
"束鄱阳王谘议参","0","2","2"
"不缝衣旁和下边","0","2","2"
"在梁朝任给事黄","0","2","2"
"梁朝任给事黄门","0","2","2"
"朝任给事黄门侍","0","2","2"
"进入朝廷任太子","0","2","2"
"以皇帝外甥的资","0","2","2"
"皇帝外甥的资格","0","2","2"
"调出朝廷任明威","0","2","2"
"出朝廷任明威将","0","2","2"
"朝廷任明威将军","0","2","2"
"允许他酌情设置","0","2","2"
"许他酌情设置属","0","2","2"
"他酌情设置属吏","0","2","2"
"以原来的官职领","0","2","2"
"长幼之间的尊敬","0","2","2"
"因通晓经术被推","0","2","2"
"通晓经术被推荐","0","2","2"
"帝外甥的资格封","0","2","2"
"外甥的资格封为","0","2","2"
"承皇帝旨意任用","0","2","2"
"皇帝旨意任用王","0","2","2"
"领南徐州大中正","0","2","2"
"有美好的风度仪","0","2","2"
"美好的风度仪表","0","2","2"
"任命为太子洗马","0","2","2"
"入朝廷任命为给","0","2","2"
"他为太子中庶子","0","2","2"
"征调进朝廷任命","0","2","2"
"调进朝廷任命为","0","2","2"
"叛逆和归顺的道","0","2","2"
"逆和归顺的道理","0","2","2"
"任命为太子中庶","0","2","2"
"命为太子中庶子","0","2","2"
"左光禄大夫的官","0","2","2"
"以出任梁朝秘书","0","2","2"
"选拔人才之事依","0","2","2"
"见闻广博强于记","0","2","2"
"闻广博强于记忆","0","2","2"
"自己请求解除职","0","2","2"
"己请求解除职务","0","2","2"
"的职务都依旧担","0","2","2"
"当时年纪五十一","0","2","2"
"时年纪五十一岁","0","2","2"
"任命为镇南湘束","0","2","2"
"命为镇南湘束王","0","2","2"
"舍人的职务依旧","0","2","2"
"人的职务依旧担","0","2","2"
"正直有办事的才","0","2","2"
"直有办事的才能","0","2","2"
"高祖杀王僧辩后","0","2","2"
"光禄大夫王通的","0","2","2"
"禄大夫王通的弟","0","2","2"
"大夫王通的弟弟","0","2","2"
"少年时意气风发","0","2","2"
"王质率领自己的","0","2","2"
"质率领自己的部","0","2","2"
"率领自己的部队","0","2","2"
"陵王法曹参军起","0","2","2"
"皇帝的旨意任用","0","2","2"
"帝的旨意任用他","0","2","2"
"的旨意任用他为","0","2","2"
"韦载同宗族的弟","0","2","2"
"载同宗族的弟弟","0","2","2"
"同宗族的弟弟韦","0","2","2"
"宗族的弟弟韦翩","0","2","2"
"接着加官散骑常","0","2","2"
"着加官散骑常侍","0","2","2"
"二十岁时父亲去","0","2","2"
"十岁时父亲去世","0","2","2"
"做南徐州刺史时","0","2","2"
"德才兼备的明智","0","2","2"
"才兼备的明智之","0","2","2"
"兼备的明智之士","0","2","2"
"征召他为中书侍","0","2","2"
"召他为中书侍郎","0","2","2"
"命他为扬州别驾","0","2","2"
"叛逆归顺的道理","0","2","2"
"现在的君主继承","0","2","2"
"这又使事情十分","0","2","2"
"遣又使事情十分","0","2","2"
"以年老有病推辞","0","2","2"
"又上表请求解除","0","2","2"
"将军职务依旧担","0","2","2"
"军职务依旧担任","0","2","2"
"太建十三年去世","0","2","2"
"到仲举和到郁一","0","2","2"
"仲举和到郁一起","0","2","2"
"前上虞县令陆防","0","2","2"
"朝廷的典章制度","0","2","2"
"在湓城袭击华皎","0","2","2"
"大型舰船金翅等","0","2","2"
"禀承皇帝的旨意","0","2","2"
"他为给事黄门侍","0","2","2"
"回到朝廷任命为","0","2","2"
"湘束王法曹参军","0","2","2"
"高祖镇守南徐州","0","2","2"
"到陈实应被平定","0","2","2"
"陈实应被平定后","0","2","2"
"任命为五兵尚书","0","2","2"
"任金紫光禄大夫","0","2","2"
"因为公事被免职","0","2","2"
"当时年纪五十岁","0","2","2"
"高祖接受禅让后","0","2","2"
"任命为左民尚书","0","2","2"
"束扬两个州的大","0","2","2"
"扬两个州的大中","0","2","2"
"两个州的大中正","0","2","2"
"为当时的人所推","0","2","2"
"当时的人所推重","0","2","2"
"任尚书金部郎中","0","2","2"
"因母亲去世服丧","0","2","2"
"任命为丹阳尹丞","0","2","2"
"女儿为皇太子妃","0","2","2"
"其余职务都依旧","0","2","2"
"余职务都依旧担","0","2","2"
"任用江总为太子","0","2","2"
"用江总为太子詹","0","2","2"
"江总为太子詹事","0","2","2"
"任命为中卫始兴","0","2","2"
"命为中卫始兴王","0","2","2"
"为中卫始兴王谘","0","2","2"
"中卫始兴王谘议","0","2","2"
"卫始兴王谘议参","0","2","2"
"前的一共七百户","0","2","2"
"很能与民和睦相","0","2","2"
"能与民和睦相处","0","2","2"
"当时年纪四十七","0","2","2"
"时年纪四十七岁","0","2","2"
"宫殿中的官署办","0","2","2"
"殿中的官署办公","0","2","2"
"任命为尚书右仆","0","2","2"
"命为尚书右仆射","0","2","2"
"掌管选拔人才的","0","2","2"
"管选拔人才的事","0","2","2"
"决辞谢不肯就任","0","2","2"
"身份直接出任梁","0","2","2"
"份直接出任梁朝","0","2","2"
"任梁朝的太学博","0","2","2"
"由国库优厚供给","0","2","2"
"幼年即聪明机敏","0","2","2"
"秉承皇帝旨意时","0","2","2"
"又被任命为假节","0","2","2"
"久又被任命为智","0","2","2"
"又被任命为智武","0","2","2"
"被任命为智武将","0","2","2"
"阅读了大量的经","0","2","2"
"读了大量的经书","0","2","2"
"了大量的经书史","0","2","2"
"为东宫通事舍人","0","2","2"
"起用为贞威将军","0","2","2"
"没多久又被任命","0","2","2"
"是梁朝的中散大","0","2","2"
"梁朝的中散大夫","0","2","2"
"当时安成王陈顼","0","2","2"
"安成王陈顼为司","0","2","2"
"成王陈顼为司空","0","2","2"
"帝听说他的名声","0","2","2"
"起用为戎昭将军","0","2","2"
"兼束宫通事舍人","0","2","2"
"尚书八座上奏道","0","2","2"
"扬丰二州诸军事","0","2","2"
"不久为平北将军","0","2","2"
"少年时聪敏和顺","0","2","2"
"接着为壮武将军","0","2","2"
"兼东宫通事舍人","0","2","2"
"兼中书通事舍人","0","2","2"
"亲自撰写墓志铭","0","2","2"
"你的意见如何?","0","2","2"
"官府出资办理丧","0","2","2"
"府出资办理丧事","0","2","2"
"梁朝给事黄门侍","0","2","2"
"朝给事黄门侍郎","0","2","2"
"他坚决辞谢不肯","0","2","2"
"息争论来疏通道","0","2","2"
"谴责竞胜来忘机","0","2","2"
"责竞胜来忘机于","0","2","2"
"竞胜来忘机于德","0","2","2"
"到贺若弼进军钟","0","2","2"
"仍随侯填进军讨","0","2","2"
"随侯填进军讨伐","0","2","2"
"侯填进军讨伐巴","0","2","2"
"吕梁一战丧失军","0","2","2"
"梁一战丧失军队","0","2","2"
"周将领梁士彦率","0","2","2"
"将领梁士彦率兵","0","2","2"
"领梁士彦率兵包","0","2","2"
"梁士彦率兵包围","0","2","2"
"士彦率兵包围寿","0","2","2"
"卫将军蒋元逊率","0","2","2"
"将军蒋元逊率领","0","2","2"
"初任梁朝邵陵王","0","2","2"
"梁朝尚书中兵郎","0","2","2"
"封给事黄门侍郎","0","2","2"
"以本官掌东宫管","0","2","2"
"策考试入高品第","0","2","2"
"改任鄱阳王中卫","0","2","2"
"任鄱阳王中卫府","0","2","2"
"首级传送到京城","0","2","2"
"在建康斩首示众","0","2","2"
"封员外散骑常侍","0","2","2"
"已故的散骑常侍","0","2","2"
"即本号开府仪同","0","2","2"
"桂州刺史淳于量","0","2","2"
"仪同三司徐度为","0","2","2"
"同三司徐度为侍","0","2","2"
"三司徐度为侍中","0","2","2"
"州刺史安成王陈","0","2","2"
"刺史安成王陈顼","0","2","2"
"史安成王陈顼为","0","2","2"
"刺史黄法毡为中","0","2","2"
"新任中军大将军","0","2","2"
"进号为车骑大将","0","2","2"
"领大著作徐陵为","0","2","2"
"大著作徐陵为尚","0","2","2"
"著作徐陵为尚书","0","2","2"
"任命中权大将军","0","2","2"
"领国子祭酒周弘","0","2","2"
"任命征北大将军","0","2","2"
"军庐陵王伯仁为","0","2","2"
"军樊毅为镇西将","0","2","2"
"樊毅为镇西将军","0","2","2"
"持节兼太宰告于","0","2","2"
"节兼太宰告于太","0","2","2"
"隋大业年中为涪","0","2","2"
"接着为智武将军","0","2","2"
"徐东扬南豫四州","0","2","2"
"东扬南豫四州诸","0","2","2"
"扬南豫四州诸军","0","2","2"
