"N-gram","原文","翻译","Total"
"三十四万四千二百六十","7","7","14"
"十四万四千二百六十一","7","6","13"
"晋武帝泰始元年十二月","6","6","12"
"四万四千二百六十一分","5","5","10"
"高丽国派使者来进献特","0","9","9"
"丽国派使者来进献特产","0","9","9"
"十九万四千九百九十分","5","3","8"
"晋安帝隆安五年十一月","4","4","8"
"元嘉二十四年七月乙卯","4","4","8"
"南徐州刺史彭城王义康","4","3","7"
"二千三十四万四千二百","7","0","7"
"千三十四万四千二百六","7","0","7"
"零三十四万四千二百六","0","7","7"
"南徐州刺史桂阳王休范","4","2","6"
"南徐州刺史建平王景素","4","2","6"
"元嘉二十四年十月甲午","3","3","6"
"南兗州刺史临川王义庆","6","0","6"
"余三万八千一百二十六","3","3","6"
"宋孝武帝大明元年五月","3","3","6"
"满纪法则减去纪法并在","0","6","6"
"二千零三十四万四千二","0","6","6"
"千零三十四万四千二百","0","6","6"
"刺史始兴王刘浚上报朝","0","6","6"
"史始兴王刘浚上报朝廷","0","6","6"
"督西秦河沙三州诸军事","3","2","5"
"南兗州刺史江夏王义恭","5","0","5"
"南徐州刺史南谯王义宣","3","2","5"
"南徐州刺史新安王子鸾","3","2","5"
"余四万九千六百八十四","3","2","5"
"四万九千六百八十四半","3","2","5"
"余七万一千二百一十半","3","2","5"
"余三万七千一百一十五","2","3","5"
"荆州刺史南谯王义宣闻","5","0","5"
"扬州刺史始兴王刘浚上","0","5","5"
"州刺史始兴王刘浚上报","0","5","5"
"州刺史刘道隆献上朝廷","0","5","5"
"西秦河二州刺史吐谷浑","2","2","4"
"秦河二州刺史吐谷浑拾","2","2","4"
"河二州刺史吐谷浑拾寅","2","2","4"
"五百九十六万二千二百","2","2","4"
"百九十六万二千二百五","2","2","4"
"九十六万二千二百五十","2","2","4"
"十六万二千二百五十六","2","2","4"
"汉光武建武中元元年五","3","1","4"
"光武建武中元元年五月","3","1","4"
"晋武帝咸宁元年四月丙","2","2","4"
"武帝咸宁元年四月丙戌","2","2","4"
"后废帝元徽四年十一月","2","2","4"
"废帝元徽四年十一月乙","2","2","4"
"帝元徽四年十一月乙巳","2","2","4"
"晋元帝永昌二年正月癸","2","2","4"
"元帝永昌二年正月癸巳","2","2","4"
"晋惠帝元康元年十二月","2","2","4"
"百九十九万五千六百六","2","2","4"
"九十九万五千六百六十","2","2","4"
"十九万五千六百六十四","2","2","4"
"六十七万五千三百六十","2","2","4"
"十七万五千三百六十四","2","2","4"
"百七十九万五千二百三","2","2","4"
"七十九万五千二百三十","2","2","4"
"十九万五千二百三十八","2","2","4"
"九万五千二百三十八分","2","2","4"
"百七十九万二千六百一","2","2","4"
"七十九万二千六百一十","2","2","4"
"十九万二千六百一十五","2","2","4"
"九万二千六百一十五分","2","2","4"
"百二十四万九千三百四","2","2","4"
"二十四万九千三百四十","2","2","4"
"十四万九千三百四十五","2","2","4"
"四万九千三百四十五分","2","2","4"
"三百五十八万五千二百","2","2","4"
"百五十八万五千二百三","2","2","4"
"五十八万五千二百三十","2","2","4"
"三百八十四万七千六百","2","2","4"
"百八十四万七千六百七","2","2","4"
"八十四万七千六百七十","2","2","4"
"十四万七千六百七十五","2","2","4"
"四万七千六百七十五分","2","2","4"
"万七千六百七十五分半","2","2","4"
"五十二度十九万四千九","2","2","4"
"十二度十九万四千九百","2","2","4"
"宋文帝元嘉二十五年四","2","2","4"
"文帝元嘉二十五年四月","2","2","4"
"元嘉二十五年五月丁丑","2","2","4"
"明帝泰豫元年十月壬戌","2","2","4"
"豫州刺史长沙王义欣献","4","0","4"
"元嘉二十七年二月壬辰","2","2","4"
"孝武帝大明元年四月甲","2","2","4"
"武帝大明元年四月甲申","2","2","4"
"汉献帝延康元年四月丁","2","2","4"
"献帝延康元年四月丁巳","2","2","4"
"孝武帝孝建元年五月己","2","2","4"
"武帝孝建元年五月己亥","2","2","4"
"元嘉二十四年二月己亥","2","2","4"
"元嘉二十七年五月甲戌","2","2","4"
"元嘉二十四年八月乙巳","2","2","4"
"元嘉二十六年五月癸酉","2","2","4"
"孝武帝大明元年五月戊","2","2","4"
"元嘉二十五年四月戊辰","2","2","4"
"太元二十一年五月癸卯","2","2","4"
"宋文帝元嘉二十四年二","2","2","4"
"文帝元嘉二十四年二月","2","2","4"
"晋孝武帝太元十年四月","2","2","4"
"吴孙亮建兴元年十二月","2","2","4"
"晋孝武帝宁康元年三月","2","2","4"
"晋安帝义熙四年十一月","2","2","4"
"晋孝怀帝永嘉四年五月","2","2","4"
"晋孝怀帝永嘉元年十一","2","2","4"
"孝怀帝永嘉元年十一月","2","2","4"
"佩挂武猛都尉以上官印","0","4","4"
"挂武猛都尉以上官印者","0","4","4"
"王派遣使者来进献特产","0","4","4"
"河南王派使者来进献特","0","4","4"
"南王派使者来进献特产","0","4","4"
"年份在相应纪中的年数","0","4","4"
"余满纪法则减去纪法并","0","4","4"
"纪法则减去纪法并在度","0","4","4"
"月距黄白交点的度分数","0","4","4"
"在迟疾历中相应日期的","0","4","4"
"黄昏时在西方观察不到","0","4","4"
"在明堂举行宗庙祭祀祭","0","4","4"
"州刺史武陵王刘骏上报","0","4","4"
"刺史武陵王刘骏上报朝","0","4","4"
"史武陵王刘骏上报朝廷","0","4","4"
"刺史始兴王刘浚献上朝","0","4","4"
"史始兴王刘浚献上朝廷","0","4","4"
"江夏王刘义恭献上朝廷","0","4","4"
"江夏王刘义恭上报朝廷","0","4","4"
"临川王刘义庆上报朝廷","0","4","4"
"豫州刺史长沙王刘义欣","0","4","4"
"十九个郡国说出现了白","0","4","4"
"晋武帝太康元年恢复设","0","4","4"
"武帝太康元年恢复设置","0","4","4"
"徐州刺史彭城王义康改","2","1","3"
"南豫州刺史寻阳王子房","2","1","3"
"十二万二千七百九十五","2","1","3"
"都督西秦河沙三州诸军","2","1","3"
"汝阳颍川二郡太守郭道","1","2","3"
"阳颍川二郡太守郭道隐","1","2","3"
"太宰江夏王义恭录尚书","2","1","3"
"宰江夏王义恭录尚书事","2","1","3"
"十七万七千一百四十七","2","1","3"
"度六百四十九万一千一","2","1","3"
"六百四十九万一千一百","2","1","3"
"百四十九万一千一百二","2","1","3"
"四十九万一千一百二十","2","1","3"
"十九万一千一百二十一","2","1","3"
"九万一千一百二十一分","2","1","3"
"万一千一百二十一分半","2","1","3"
"十二日十九万四千九百","3","0","3"
"二日十九万四千九百九","3","0","3"
"日十九万四千九百九十","3","0","3"
"二度十九万四千九百九","2","1","3"
"度十九万四千九百九十","2","1","3"
"日二千三十四万四千二","3","0","3"
"日余三万七千一百一十","1","2","3"
"魏明帝青龙元年正月甲","2","1","3"
"明帝青龙元年正月甲申","2","1","3"
"晋武帝咸宁二年六月丙","2","1","3"
"武帝咸宁二年六月丙申","2","1","3"
"晋怀帝永嘉六年二月壬","2","1","3"
"怀帝永嘉六年二月壬子","2","1","3"
"南豫州刺史武陵王骏闻","3","0","3"
"兗州刺史临川王义庆献","3","0","3"
"元嘉二十三年八月己酉","2","1","3"
"南徐州刺史广陵王诞闻","3","0","3"
"元嘉二十五年六月壬子","2","1","3"
"元嘉二十五年八月壬子","2","1","3"
"晋孝武帝太元十四年十","1","2","3"
"太元十三年十二月乙未","2","1","3"
"安帝义熙四年十一月辛","2","1","3"
"帝义熙四年十一月辛卯","2","1","3"
"将军抚军中兵参军事军","2","1","3"
"军抚军中兵参军事军主","2","1","3"
"承受这天象预示的灾祸","0","3","3"
"州刺史萧思话献上朝廷","0","3","3"
"扬州刺史始兴王刘浚献","0","3","3"
"州刺史始兴王刘浚献上","0","3","3"
"林邑国派使者来进献特","0","3","3"
"邑国派使者来进献特产","0","3","3"
"芮芮国派使者来进献特","0","3","3"
"芮国派使者来进献特产","0","3","3"
"婆皇国派使者来进献特","0","3","3"
"皇国派使者来进献特产","0","3","3"
"百济国派使者来进献特","0","3","3"
"济国派使者来进献特产","0","3","3"
"州刺史巴陵王休若为征","0","3","3"
"州刺史晋熙王燮晋升为","0","3","3"
"满曰法则减去曰法并在","0","3","3"
"法则减去曰法并在大余","0","3","3"
"则减去曰法并在大余上","0","3","3"
"法则减去纪法并在度数","0","3","3"
"则减去纪法并在度数上","0","3","3"
"小分满通法则减去通法","0","3","3"
"对应并向外推一天就是","0","3","3"
"用与其相对的位置计算","0","3","3"
"母亲因儿子的显贵而显","0","3","3"
"亲因儿子的显贵而显贵","0","3","3"
"冒昧地以黑色公牛献祭","0","3","3"
"聚成百家以上就立一社","0","3","3"
"派遣使者致送祭品祭奠","0","3","3"
"把车马衣服奖给有功的","0","3","3"
"车马衣服奖给有功的诸","0","3","3"
"马衣服奖给有功的诸侯","0","3","3"
"及在皇帝出行仪仗队之","0","3","3"
"在皇帝出行仪仗队之中","0","3","3"
"表请求解除自己的职务","0","3","3"
"汉章帝元和二年至章和","0","3","3"
"章帝元和二年至章和元","0","3","3"
"帝元和二年至章和元年","0","3","3"
"荆州刺史临海王刘子顼","0","3","3"
"兖州刺史江夏王刘义恭","0","3","3"
"刺史临川王刘义庆上报","0","3","3"
"史临川王刘义庆上报朝","0","3","3"
"扬州刺史建安王刘休仁","0","3","3"
"建安王刘休仁上报朝廷","0","3","3"
"州刺史长沙王刘义欣献","0","3","3"
"刺史长沙王刘义欣献上","0","3","3"
"史长沙王刘义欣献上朝","0","3","3"
"长沙王刘义欣献上朝廷","0","3","3"
"荆州刺史南谯王刘义宣","0","3","3"
"州刺史南谯王刘义宣上","0","3","3"
"刺史南谯王刘义宣上报","0","3","3"
"史南谯王刘义宣上报朝","0","3","3"
"南谯王刘义宣上报朝廷","0","3","3"
"州刺史南谯王刘义宣献","0","3","3"
"后池的芙蓉二花同一蒂","0","3","3"
"青州刺史刘道隆献上朝","0","3","3"
"州刺史垣护之上报朝廷","0","3","3"
"废弃祭祀上天和祖宗的","0","3","3"
"当时继位君主年纪幼小","0","3","3"
"伴有如同雷鸣那样的响","0","3","3"
"有如同雷鸣那样的响声","0","3","3"
"况共父人哉颍川韩元长","2","0","2"
"南豫州刺史江夏王义恭","1","1","2"
"豫州刺史江夏王义恭改","1","1","2"
"车骑将军江州刺史臧质","1","1","2"
"丞相荆州刺史南郡王义","1","1","2"
"相荆州刺史南郡王义宣","1","1","2"
"扬州刺史豫章王子尚加","1","1","2"
"卫将军巴陵王休若降号","2","0","2"
"二州刺史吐谷浑拾寅进","2","0","2"
"州刺史吐谷浑拾寅进号","2","0","2"
"征北大将军巴陵王休若","1","1","2"
"七十二万二千七百九十","1","1","2"
"十二万五千六百二十一","1","1","2"
"二十二万三千九百九十","1","1","2"
"十二万三千九百九十一","1","1","2"
"五百三十六万三千九百","1","1","2"
"百三十六万三千九百九","1","1","2"
"三十六万三千九百九十","1","1","2"
"十六万三千九百九十五","1","1","2"
"二十年十一月十六日冬","1","1","2"
"五万五千五百一十七半","1","1","2"
"五十九万二千三百六十","1","1","2"
"十九万二千三百六十五","1","1","2"
"三百六十万五千九百五","1","1","2"
"百六十万五千九百五十","1","1","2"
"六十万五千九百五十一","1","1","2"
"一千四百四十二万四千","1","1","2"
"千四百四十二万四千六","1","1","2"
"四百四十二万四千六百","1","1","2"
"百四十二万四千六百六","1","1","2"
"四十二万四千六百六十","1","1","2"
"十二万四千六百六十四","1","1","2"
"七十二万六千八百一十","1","1","2"
"七十一万七千七百七十","1","1","2"
"十一万七千七百七十七","1","1","2"
"八十万四千一百九十六","1","1","2"
"汉献帝建安十八年五月","1","1","2"
"护羌夷戎蛮越乌丸西域","1","1","2"
"羌夷戎蛮越乌丸西域戊","1","1","2"
"夷戎蛮越乌丸西域戊己","1","1","2"
"戎蛮越乌丸西域戊己校","1","1","2"
"蛮越乌丸西域戊己校尉","1","1","2"
"诸军城门五营校尉司马","1","1","2"
"护匈奴中郎将护羌戎夷","1","1","2"
"匈奴中郎将护羌戎夷蛮","1","1","2"
"奴中郎将护羌戎夷蛮越","1","1","2"
"中郎将护羌戎夷蛮越乌","1","1","2"
"郎将护羌戎夷蛮越乌丸","1","1","2"
"将护羌戎夷蛮越乌丸戊","1","1","2"
"护羌戎夷蛮越乌丸戊己","1","1","2"
"羌戎夷蛮越乌丸戊己校","1","1","2"
"戎夷蛮越乌丸戊己校尉","1","1","2"
"夷蛮越乌丸戊己校尉长","1","1","2"
"蛮越乌丸戊己校尉长史","1","1","2"
"虎贲常直殿黄云龙门者","1","1","2"
"二千九百三十二里七十","1","1","2"
"千九百三十二里七十一","1","1","2"
"九百三十二里七十一步","1","1","2"
"百三十二里七十一步二","1","1","2"
"三十二里七十一步二尺","1","1","2"
"十二里七十一步二尺七","1","1","2"
"二里七十一步二尺七寸","1","1","2"
"里七十一步二尺七寸四","1","1","2"
"七十一步二尺七寸四分","1","1","2"
"百二十四步六寸四分十","1","1","2"
"二十四步六寸四分十万","1","1","2"
"十四步六寸四分十万七","1","1","2"
"四步六寸四分十万七千","1","1","2"
"步六寸四分十万七千五","1","1","2"
"六寸四分十万七千五百","1","1","2"
"寸四分十万七千五百六","1","1","2"
"二十五里二百五十六步","1","1","2"
"三尺三寸二十一万五千","1","1","2"
"尺三寸二十一万五千一","1","1","2"
"三寸二十一万五千一百","1","1","2"
"寸二十一万五千一百三","1","1","2"
"二十一万五千一百三十","1","1","2"
"十一万五千一百三十分","1","1","2"
"一万五千一百三十分分","1","1","2"
"魏文帝黄初三年九月甲","1","1","2"
"文帝黄初三年九月甲辰","1","1","2"
"魏明帝景初元年二月乙","1","1","2"
"明帝景初元年二月乙酉","1","1","2"
"魏齐王正始元年四月戊","1","1","2"
"齐王正始元年四月戊午","1","1","2"
"魏齐王嘉平二年十月丙","1","1","2"
"齐王嘉平二年十月丙申","1","1","2"
"车骑将军江州刺史庾冰","1","1","2"
"太元十六年十一月癸巳","1","1","2"
"晋武帝泰始十年四月乙","1","1","2"
"武帝泰始十年四月乙亥","1","1","2"
"晋武帝太康五年三月乙","1","1","2"
"武帝太康五年三月乙卯","1","1","2"
"晋愍帝建武元年六月丁","1","1","2"
"愍帝建武元年六月丁丑","1","1","2"
"晋成帝咸康元年四月癸","1","1","2"
"成帝咸康元年四月癸卯","1","1","2"
"太元十六年十一月庚午","1","1","2"
"宋武帝永初元年九月庚","1","1","2"
"武帝永初元年九月庚辰","1","1","2"
"元嘉二十五年十一月乙","1","1","2"
"孝武帝孝建元年三月丙","1","1","2"
"武帝孝建元年三月丙辰","1","1","2"
"晋愍帝建兴元年八月癸","1","1","2"
"愍帝建兴元年八月癸亥","1","1","2"
"华林天渊池芙蓉异花同","1","1","2"
"晋穆帝升平三年十二月","1","1","2"
"穆帝升平三年十二月庚","1","1","2"
"帝升平三年十二月庚申","1","1","2"
"汉光武建武十三年九月","1","1","2"
"明帝泰始四年二月丙申","1","1","2"
"孝武帝大明三年正月丙","1","1","2"
"武帝大明三年正月丙申","1","1","2"
"宋文帝元嘉二十四年十","1","1","2"
"文帝元嘉二十四年十月","1","1","2"
"帝元嘉二十四年十月甲","1","1","2"
"孝武帝大明五年正月丙","1","1","2"
"武帝大明五年正月丙子","1","1","2"
"晋孝武帝宁康元年二月","1","1","2"
"吴孙亮太平元年二月朔","1","1","2"
"晋惠帝元康五年闰月庚","1","1","2"
"惠帝元康五年闰月庚寅","1","1","2"
"晋孝武帝太元十年正月","1","1","2"
"晋安帝义熙四年七月丁","1","1","2"
"安帝义熙四年七月丁酉","1","1","2"
"宋文帝元嘉五年正月戊","1","1","2"
"文帝元嘉五年正月戊子","1","1","2"
"后废帝元徽三年正月己","1","1","2"
"废帝元徽三年正月己巳","1","1","2"
"晋惠帝永康元年四月丁","1","1","2"
"惠帝永康元年四月丁巳","1","1","2"
"晋孝怀帝永嘉四年四月","1","1","2"
"晋简文帝咸安元年十二","1","1","2"
"简文帝咸安元年十二月","1","1","2"
"文帝咸安元年十二月壬","1","1","2"
"帝咸安元年十二月壬午","1","1","2"
"晋孝武帝太元三年六月","1","1","2"
"晋元帝永昌二年十二月","1","1","2"
"晋明帝太宁元年十二月","1","1","2"
"晋安帝义熙元年四月壬","1","1","2"
"安帝义熙元年四月壬申","1","1","2"
"晋穆帝升平元年十一月","1","1","2"
"穆帝升平元年十一月庚","1","1","2"
"帝升平元年十一月庚戌","1","1","2"
"宋文帝元嘉四年十一月","1","1","2"
"文帝元嘉四年十一月癸","1","1","2"
"帝元嘉四年十一月癸丑","1","1","2"
"明帝泰始二年九月辛巳","1","1","2"
"后废帝元徽三年九月戊","1","1","2"
"废帝元徽三年九月戊戌","1","1","2"
"宋文帝元嘉二十六年三","1","1","2"
"文帝元嘉二十六年三月","1","1","2"
"晋穆帝升平元年八月丁","1","1","2"
"后废帝元徽二年七月甲","1","1","2"
"废帝元徽二年七月甲子","1","1","2"
"魏明帝景初元年六月戊","1","1","2"
"明帝景初元年六月戊申","1","1","2"
"晋武帝泰始五年四月辛","1","1","2"
"武帝泰始五年四月辛酉","1","1","2"
"晋武帝咸宁二年八月庚","1","1","2"
"武帝咸宁二年八月庚辰","1","1","2"
"晋武帝太康二年二月庚","1","1","2"
"武帝太康二年二月庚申","1","1","2"
"惠帝元康元年十二月辛","1","1","2"
"帝元康元年十二月辛酉","1","1","2"
"晋愍帝建兴二年四月甲","1","1","2"
"愍帝建兴二年四月甲辰","1","1","2"
"晋孝武帝太元二年闰月","1","1","2"
"孝武帝太元二年闰月壬","1","1","2"
"武帝太元二年闰月壬午","1","1","2"
"孝武帝大明二年四月辛","1","1","2"
"武帝大明二年四月辛丑","1","1","2"
"晋孝怀帝永嘉元年三月","1","1","2"
"十四万三千二百九十六","1","1","2"
"口一百四十五万五千六","1","1","2"
"一百四十五万五千六百","1","1","2"
"百四十五万五千六百八","1","1","2"
"四十五万五千六百八十","1","1","2"
"十五万五千六百八十五","1","1","2"
"户二万三千四百八十五","1","1","2"
"口十七万五千九百六十","1","1","2"
"十七万五千九百六十七","1","1","2"
"使持节征南大将军勃海","1","1","2"
"持节征南大将军勃海王","1","1","2"
"节征南大将军勃海王直","1","1","2"
"征南大将军勃海王直勤","1","1","2"
"侍中尚书令安东大将军","1","1","2"
"中尚书令安东大将军始","1","1","2"
"尚书令安东大将军始平","1","1","2"
"书令安东大将军始平王","1","1","2"
"令安东大将军始平王直","1","1","2"
"安东大将军始平王直勤","1","1","2"
"散骑常侍殿中尚书令安","1","1","2"
"骑常侍殿中尚书令安西","1","1","2"
"常侍殿中尚书令安西将","1","1","2"
"侍殿中尚书令安西将军","1","1","2"
"殿中尚书令安西将军西","1","1","2"
"中尚书令安西将军西阳","1","1","2"
"尚书令安西将军西阳王","1","1","2"
"书令安西将军西阳王直","1","1","2"
"令安西将军西阳王直勤","1","1","2"
"太尉留府司马陆仲元讨","1","1","2"
"废南豫州刺史庐陵王义","1","1","2"
"南豫州刺史庐陵王义真","1","1","2"
"平东将军吐谷浑慕容延","1","1","2"
"征北将军南徐州刺史南","1","1","2"
"北将军南徐州刺史南谯","1","1","2"
"将军南徐州刺史南谯王","1","1","2"
"军南徐州刺史南谯王义","1","1","2"
"梁南秦二州刺史裴方明","1","1","2"
"徐州刺史南谯王义宣车","2","0","2"
"州刺史南谯王义宣车骑","2","0","2"
"刺史南谯王义宣车骑将","2","0","2"
"史南谯王义宣车骑将军","2","0","2"
"都督南豫豫司雍五州诸","2","0","2"
"督南豫豫司雍五州诸军","2","0","2"
"南豫豫司雍五州诸军事","2","0","2"
"徙都督雍梁南北秦四州","2","0","2"
"都督雍梁南北秦四州荆","1","1","2"
"督雍梁南北秦四州荆州","1","1","2"
"襄阳竟陵南阳顺阳新野","1","1","2"
"阳竟陵南阳顺阳新野随","1","1","2"
"竟陵南阳顺阳新野随六","1","1","2"
"陵南阳顺阳新野随六郡","1","1","2"
"尚书左仆射建平王宏加","1","1","2"
"太傅江夏王义恭扬州刺","1","1","2"
"傅江夏王义恭扬州刺史","1","1","2"
"南兗州刺史竟陵王诞罪","2","0","2"
"雍州刺史海陵王休茂杀","1","1","2"
"湘州刺史建安王休仁加","1","1","2"
"南兗州刺史晋安王子勋","2","0","2"
"征东大将军高丽王高琏","1","1","2"
"丹阳秣陵县岩山景宁陵","1","1","2"
"都督雍梁南北秦四州郢","1","1","2"
"督雍梁南北秦四州郢州","1","1","2"
"南北秦四州郢州竟陵诸","2","0","2"
"北秦四州郢州竟陵诸军","2","0","2"
"秦四州郢州竟陵诸军事","2","0","2"
"骠骑大将军建安王休仁","1","1","2"
"历阳南谯二郡太守建平","1","1","2"
"阳南谯二郡太守建平王","1","1","2"
"南谯二郡太守建平王景","1","1","2"
"谯二郡太守建平王景素","1","1","2"
"豫州刺史山阳王休祐改","2","0","2"
"义阳内史庞孟虬司州刺","2","0","2"
"阳内史庞孟虬司州刺史","2","0","2"
"镇东将军巴陵王休若统","1","1","2"
"巴陵王休若进号卫将军","2","0","2"
"州刺史王玄谟左光禄大","2","0","2"
"刺史王玄谟左光禄大夫","2","0","2"
"太子左卫率建平王景素","1","1","2"
"州刺史巴陵王休若进号","2","0","2"
"行湘州刺史巴陵王休若","1","1","2"
"湘州刺史巴陵王休若征","2","0","2"
"徐州刺史建平王景素进","2","0","2"
"州刺史建平王景素进号","2","0","2"
"郢州刺史晋熙王燮进号","2","0","2"
"征西大将军河南王吐谷","1","1","2"
"西大将军河南王吐谷浑","1","1","2"
"大将军河南王吐谷浑拾","1","1","2"
"将军河南王吐谷浑拾夤","1","1","2"
"行湘州事任侯伯杀前湘","1","1","2"
"湘州事任侯伯杀前湘州","1","1","2"
"州事任侯伯杀前湘州行","1","1","2"
"事任侯伯杀前湘州行事","1","1","2"
"任侯伯杀前湘州行事庾","1","1","2"
"侯伯杀前湘州行事庾佩","1","1","2"
"伯杀前湘州行事庾佩玉","1","1","2"
"淮南宣城二郡太守萧映","1","1","2"
"淮南宣城二郡太守萧晃","1","1","2"
"典律者太子舍人张光等","1","1","2"
"治历大司农中丞麻光等","1","1","2"
"历大司农中丞麻光等二","1","1","2"
"大司农中丞麻光等二十","1","1","2"
"天正十一月朔夜半日所","2","0","2"
"正十一月朔夜半日所度","2","0","2"
"所求年天正十一月合朔","2","0","2"
"二百一十一万七千六百","1","1","2"
"小余满二千四百一十九","1","1","2"
"十六日九十九万七千八","2","0","2"
"六日九十九万七千八百","2","0","2"
"日九十九万七千八百三","2","0","2"
"九十九万七千八百三十","2","0","2"
"十九万七千八百三十二","2","0","2"
"九万七千八百三十二分","2","0","2"
"行星二度百七十九万五","2","0","2"
"星二度百七十九万五千","2","0","2"
"二度百七十九万五千二","2","0","2"
"度百七十九万五千二百","2","0","2"
"九万五千六百六十四分","1","1","2"
"百四十七万二千八百六","1","1","2"
"四十七万二千八百六十","1","1","2"
"十七万二千八百六十九","1","1","2"
"七十二日百七十九万二","2","0","2"
"十二日百七十九万二千","2","0","2"
"二日百七十九万二千六","2","0","2"
"日百七十九万二千六百","2","0","2"
"行星五十六度百二十四","2","0","2"
"星五十六度百二十四万","2","0","2"
"五十六度百二十四万九","2","0","2"
"十六度百二十四万九千","2","0","2"
"六度百二十四万九千三","2","0","2"
"度百二十四万九千三百","2","0","2"
"十八万五千二百三十分","1","1","2"
"四百一十五度二百四十","1","1","2"
"百一十五度二百四十九","1","1","2"
"一十五度二百四十九万","1","1","2"
"十五度二百四十九万八","1","1","2"
"五度二百四十九万八千","1","1","2"
"度二百四十九万八千六","1","1","2"
"二百四十九万八千六百","1","1","2"
"百四十九万八千六百九","1","1","2"
"四十九万八千六百九十","1","1","2"
"十九万八千六百九十分","1","1","2"
"十九日三百八十四万七","2","0","2"
"九日三百八十四万七千","2","0","2"
"日三百八十四万七千六","2","0","2"
"行星二度六百四十九万","2","0","2"
"星二度六百四十九万一","2","0","2"
"二度六百四十九万一千","2","0","2"
"七万五千三百六十四分","1","1","2"
"十二度五百九十六万二","1","1","2"
"二度五百九十六万二千","1","1","2"
"度五百九十六万二千二","1","1","2"
"六万二千二百五十六分","1","1","2"
"四十二日十九万四千九","2","0","2"
"行星五十二度十九万四","2","0","2"
"星五十二度十九万四千","2","0","2"
"三十八万九千九百八十","1","1","2"
"十八万九千九百八十分","1","1","2"
"十八日二千三十四万四","2","0","2"
"八日二千三十四万四千","2","0","2"
"行星三十六度二千三十","2","0","2"
"星三十六度二千三十四","2","0","2"
"三十六度二千三十四万","2","0","2"
"十六度二千三十四万四","2","0","2"
"六度二千三十四万四千","2","0","2"
"度二千三十四万四千二","2","0","2"
"千八百九十六万一千三","1","1","2"
"八百九十六万一千三百","1","1","2"
"百九十六万一千三百九","1","1","2"
"九十六万一千三百九十","1","1","2"
"十六万一千三百九十五","1","1","2"
"六万一千三百九十五分","1","1","2"
"十三年十二月十六日望","1","1","2"
"年十二月十六日望月蚀","2","0","2"
"十二年十一月十八日冬","1","1","2"
"一百一十五日行二十度","2","0","2"
"日余二万四千八百一十","1","1","2"
"余二万四千八百一十二","1","1","2"
"二万四千八百一十二半","1","1","2"
"度余四万九千四百三十","1","1","2"
"日余四万九千六百二十","1","1","2"
"余四万九千六百二十五","1","1","2"
"度余一万七千三百七十","1","1","2"
"余一万七千三百七十五","1","1","2"
"度余四万六千八百四十","1","1","2"
"余四万六千八百四十七","1","1","2"
"四万六千八百四十七半","1","1","2"
"度余九万三千六百九十","1","1","2"
"余九万三千六百九十五","1","1","2"
"度余四万九千六百八十","1","1","2"
"日余七万一千二百一十","2","0","2"
"度余七万一千二百一十","1","1","2"
"小余满三千六百四十八","1","1","2"
"日余万五千九百八十七","2","0","2"
"余万五千九百八十七半","2","0","2"
"五万一千九百三十九年","1","1","2"
"交数三十五万八千八百","1","1","2"
"数三十五万八千八百八","1","1","2"
"三十五万八千八百八十","1","1","2"
"十五万八千八百八十八","1","1","2"
"五万八千八百八十八半","1","1","2"
"余三万五千六百六十四","1","1","2"
"度余二万五千二百一十","1","1","2"
"余二万五千二百一十五","1","1","2"
"度余二万八千八百六十","1","1","2"
"余二万八千八百六十五","1","1","2"
"度余三万八千一百二十","1","1","2"
"余三万六千七百六十一","1","1","2"
"度余三万七千一百一十","1","1","2"
"余三万四千七百三十九","1","1","2"
"后杂觇知南斗二十二度","2","0","2"
"宋文帝元嘉十七年七月","1","1","2"
"文帝元嘉十七年七月壬","1","1","2"
"帝元嘉十七年七月壬子","1","1","2"
"前博士迁员外散骑侍郎","1","1","2"
"博士迁员外散骑侍郎庾","1","1","2"
"士迁员外散骑侍郎庾邃","1","1","2"
"三十年闰六月二十八日","1","1","2"
"宋孝武帝孝建三年八月","1","1","2"
"孝武帝孝建三年八月戊","1","1","2"
"武帝孝建三年八月戊子","1","1","2"
"宋文帝元嘉十三年七月","1","1","2"
"汉献帝延康元年十一月","1","1","2"
"献帝延康元年十一月己","1","1","2"
"帝延康元年十一月己丑","1","1","2"
"魏元帝咸熙二年十二月","1","1","2"
"元帝咸熙二年十二月甲","1","1","2"
"帝咸熙二年十二月甲子","1","1","2"
"孝武帝孝建元年六月癸","1","1","2"
"武帝孝建元年六月癸巳","1","1","2"
"明帝泰始二年十一月辛","1","1","2"
"帝泰始二年十一月辛酉","1","1","2"
"明帝泰始七年十月庚子","1","1","2"
"世祖大明元年十一月戊","1","1","2"
"祖大明元年十一月戊申","1","1","2"
"武帝泰始元年十二月丙","1","1","2"
"帝泰始元年十二月丙寅","1","1","2"
"抚军将军会稽王司马昱","1","1","2"
"大司马琅邪王司马德文","1","1","2"
"司马琅邪王司马德文议","1","1","2"
"晋孝武帝太元十二年五","1","1","2"
"孝武帝太元十二年五月","1","1","2"
"武帝太元十二年五月壬","1","1","2"
"帝太元十二年五月壬戌","1","1","2"
"骠骑将军会稽王司马道","1","1","2"
"骑将军会稽王司马道子","1","1","2"
"孝武皇帝宁康二年十月","1","1","2"
"宋孝武帝孝建元年十二","1","1","2"
"孝武帝孝建元年十二月","1","1","2"
"武帝孝建元年十二月戊","1","1","2"
"帝孝建元年十二月戊子","1","1","2"
"宋文帝元嘉三年五月庚","1","1","2"
"文帝元嘉三年五月庚午","1","1","2"
"太学博士徐道娱上议曰","2","0","2"
"孝武帝孝建三年五月丁","1","1","2"
"武帝孝建三年五月丁巳","1","1","2"
"明帝泰豫元年七月庚申","1","1","2"
"后废帝元徽二年十月丙","1","1","2"
"废帝元徽二年十月丙寅","1","1","2"
"宋孝武帝孝建元年十月","1","1","2"
"孝武帝孝建元年十月戊","1","1","2"
"武帝孝建元年十月戊辰","1","1","2"
"散骑侍郎王法施等二十","1","1","2"
"骑侍郎王法施等二十七","1","1","2"
"侍郎王法施等二十七人","1","1","2"
"后废帝元徽二年十月壬","1","1","2"
"废帝元徽二年十月壬寅","1","1","2"
"宋孝武帝孝建元年七月","1","1","2"
"孝武帝孝建元年七月辛","1","1","2"
"武帝孝建元年七月辛酉","1","1","2"
"魏文帝黄初二年六月庚","1","1","2"
"文帝黄初二年六月庚子","1","1","2"
"宋孝武帝大明七年六月","1","1","2"
"孝武帝大明七年六月丙","1","1","2"
"武帝大明七年六月丙辰","1","1","2"
"宋文帝元嘉二十二年四","1","1","2"
"文帝元嘉二十二年四月","1","1","2"
"帝元嘉二十五年四月丙","1","1","2"
"元嘉二十五年四月丙辰","1","1","2"
"孝武帝大明三年二月戊","1","1","2"
"武帝大明三年二月戊申","1","1","2"
"皇后法驾乘重翟羽盖金","1","1","2"
"后法驾乘重翟羽盖金根","1","1","2"
"法驾乘重翟羽盖金根车","1","1","2"
"总章监鼓吹监司律司马","1","1","2"
"陛下甲仆射主事吏将骑","1","1","2"
"举辇迹禽前驱基强弩司","2","0","2"
"辇迹禽前驱基强弩司马","2","0","2"
"兰台五曹节藏射廊下守","1","1","2"
"非护乌丸羌夷戎蛮诸校","1","1","2"
"护乌丸羌夷戎蛮诸校尉","1","1","2"
"丹阳尹建城县开国侯颜","1","1","2"
"阳尹建城县开国侯颜竣","1","1","2"
"祠天地五郊夕牲歌一篇","1","1","2"
"祠天地五郊迎送神歌一","1","1","2"
"天地五郊迎送神歌一篇","1","1","2"
"食举东西厢乐诗十一章","1","1","2"
"右雅乐正旦大会行礼诗","2","0","2"
"雅乐正旦大会行礼诗四","1","1","2"
"乐正旦大会行礼诗四章","1","1","2"
"雅乐正旦大会行礼诗十","1","1","2"
"乐正旦大会行礼诗十五","1","1","2"
"正旦大会行礼诗十五章","1","1","2"
"三百六十五度五百八十","1","1","2"
"百六十五度五百八十九","1","1","2"
"六十五度五百八十九分","1","1","2"
"十五度五百八十九分度","1","1","2"
"天东西南北径三十五万","2","0","2"
"东西南北径三十五万七","2","0","2"
"西南北径三十五万七千","2","0","2"
"南北径三十五万七千里","2","0","2"
"一里一百二十二步三尺","1","1","2"
"里一百二十二步三尺二","1","1","2"
"一百二十二步三尺二寸","1","1","2"
"百二十二步三尺二寸一","1","1","2"
"二十二步三尺二寸一分","1","1","2"
"十二步三尺二寸一分七","1","1","2"
"二步三尺二寸一分七十","1","1","2"
"步三尺二寸一分七十一","1","1","2"
"三尺二寸一分七十一分","1","1","2"
"尺二寸一分七十一分分","1","1","2"
"八万一千三百九十四里","1","1","2"
"万一千三百九十四里三","1","1","2"
"一千三百九十四里三十","1","1","2"
"千三百九十四里三十步","1","1","2"
"三百九十四里三十步五","1","1","2"
"百九十四里三十步五尺","1","1","2"
"九十四里三十步五尺三","1","1","2"
"十四里三十步五尺三寸","1","1","2"
"四里三十步五尺三寸六","1","1","2"
"里三十步五尺三寸六分","1","1","2"
"七百八十八里六十一步","1","1","2"
"百八十八里六十一步四","1","1","2"
"八十八里六十一步四尺","1","1","2"
"黄初六年五月十六日壬","1","1","2"
"初六年五月十六日壬戌","1","1","2"
"魏明帝青龙三年六月丁","1","1","2"
"明帝青龙三年六月丁未","1","1","2"
"魏齐王嘉平元年六月壬","1","1","2"
"齐王嘉平元年六月壬戌","1","1","2"
"吴主孙权赤乌十三年五","1","1","2"
"主孙权赤乌十三年五月","1","1","2"
"齐王嘉平三年十月癸未","1","1","2"
"吴孙亮太平元年九月壬","1","1","2"
"孙亮太平元年九月壬辰","1","1","2"
"晋武帝泰始四年正月丙","1","1","2"
"武帝泰始四年正月丙戌","1","1","2"
"孝怀帝永嘉元年九月辛","1","1","2"
"怀帝永嘉元年九月辛亥","1","1","2"
"愍帝建武元年五月癸未","1","1","2"
"晋成帝咸康元年二月己","1","1","2"
"成帝咸康元年二月己亥","1","1","2"
"西阳太守樊峻皆弃城投","1","1","2"
"阳太守樊峻皆弃城投江","1","1","2"
"康帝建元元年正月壬午","1","1","2"
"晋穆帝升平元年四月壬","1","1","2"
"穆帝升平元年四月壬子","1","1","2"
"晋安帝隆安元年正月癸","1","1","2"
"安帝隆安元年正月癸亥","1","1","2"
"晋安帝元兴元年三月戊","1","1","2"
"安帝元兴元年三月戊子","1","1","2"
"巴西人谯纵杀益州刺史","1","1","2"
"西人谯纵杀益州刺史毛","1","1","2"
"人谯纵杀益州刺史毛璩","1","1","2"
"晋安帝义熙元年三月壬","1","1","2"
"安帝义熙元年三月壬辰","1","1","2"
"循等大破豫州刺史刘毅","1","1","2"
"恭帝元熙元年三月五日","1","1","2"
"少帝景平元年正月乙卯","1","1","2"
"遣征南大将军檀道济讨","1","1","2"
"征南大将军檀道济讨伐","1","1","2"
"征北大将军衡阳王义季","2","0","2"
"前废帝永光元年正月丁","1","1","2"
"废帝永光元年正月丁酉","1","1","2"
"后废帝元徽三年七月丙","1","1","2"
"废帝元徽三年七月丙申","1","1","2"
"哀帝建平元年十二月甲","1","1","2"
"帝建平元年十二月甲子","1","1","2"
"建平元年十二月甲子夜","1","1","2"
"上上三天王述大会讨大","1","1","2"
"上三天王述大会讨大曹","1","1","2"
"三天王述大会讨大曹金","1","1","2"
"义熙七年七月二十五日","1","1","2"
"元熙元年十二月二十四","1","1","2"
"晋武帝咸宁五年二月甲","1","1","2"
"武帝咸宁五年二月甲午","1","1","2"
"晋愍帝建兴二年九月丙","1","1","2"
"愍帝建兴二年九月丙戌","1","1","2"
"晋元帝太兴元年正月戊","1","1","2"
"元帝太兴元年正月戊子","1","1","2"
"晋成帝咸八年五月己巳","2","0","2"
"晋穆帝升平四年二月辛","1","1","2"
"穆帝升平四年二月辛亥","1","1","2"
"宋武帝永初元年七月戊","1","1","2"
"武帝永初元年七月戊戌","1","1","2"
"文帝元嘉十四年三月丙","1","1","2"
"帝元嘉十四年三月丙申","1","1","2"
"扬州刺史彭城王义康闻","2","0","2"
"孝武帝孝建元年正月庚","1","1","2"
"武帝孝建元年正月庚申","1","1","2"
"汉宣帝五凤三年三月辛","1","1","2"
"宣帝五凤三年三月辛丑","1","1","2"
"汉成帝永始二年二月癸","1","1","2"
"汉安帝延光元年八月辛","1","1","2"
"安帝延光元年八月辛卯","1","1","2"
"魏明帝景初元年二月壬","1","1","2"
"明帝景初元年二月壬辰","1","1","2"
"魏少帝正元元年十月戊","1","1","2"
"少帝正元元年十月戊戌","1","1","2"
"魏少帝甘露元年正月辛","1","1","2"
"少帝甘露元年正月辛丑","1","1","2"
"魏元帝景元元年十二月","1","1","2"
"元帝景元元年十二月甲","1","1","2"
"帝景元元年十二月甲申","1","1","2"
"晋惠帝元康七年三月己","1","1","2"
"惠帝元康七年三月己酉","1","1","2"
"文帝元嘉十三年九月己","1","1","2"
"帝元嘉十三年九月己酉","1","1","2"
"元嘉二十一年十月己丑","1","1","2"
"元嘉二十五年五月戊戌","1","1","2"
"元嘉二十五年八月辛亥","1","1","2"
"孝武帝孝建二年七月癸","1","1","2"
"武帝孝建二年七月癸丑","1","1","2"
"孝武大明元年五月癸亥","1","1","2"
"魏元帝咸熙二年二月甲","1","1","2"
"元帝咸熙二年二月甲辰","1","1","2"
"宋文帝元嘉十九年四月","1","1","2"
"文帝元嘉十九年四月戊","1","1","2"
"帝元嘉十九年四月戊申","1","1","2"
"孝武帝大明三年三月戊","1","1","2"
"武帝大明三年三月戊子","1","1","2"
"明帝泰始二年八月丙辰","1","1","2"
"会稽太守巴陵王休若献","1","1","2"
"晋孝武帝太元十四年六","1","1","2"
"孝武帝太元十四年六月","1","1","2"
"武帝太元十四年六月甲","1","1","2"
"帝太元十四年六月甲申","1","1","2"
"宋文帝元嘉元年十二月","1","1","2"
"文帝元嘉元年十二月丙","1","1","2"
"帝元嘉元年十二月丙辰","1","1","2"
"宋文帝元嘉二十年十二","1","1","2"
"文帝元嘉二十年十二月","1","1","2"
"汉安帝延光三年六月辛","1","1","2"
"晋惠帝元康元年九月乙","1","1","2"
"惠帝元康元年九月乙酉","1","1","2"
"晋愍帝建武元年五月戊","1","1","2"
"晋孝武太元十六年三月","1","1","2"
"孝武太元十六年三月癸","1","1","2"
"武太元十六年三月癸酉","1","1","2"
"宋文帝元嘉五年七月丙","1","1","2"
"文帝元嘉五年七月丙戌","1","1","2"
"元嘉二十三年二月戊戌","1","1","2"
"元嘉二十三年六月丙辰","1","1","2"
"元嘉二十九年八月癸酉","1","1","2"
"元嘉三十年十一月壬午","1","1","2"
"元嘉三十年十一月癸亥","1","1","2"
"孝武帝孝建三年三月庚","1","1","2"
"武帝孝建三年三月庚子","1","1","2"
"明帝泰始二年二月乙亥","1","1","2"
"后废帝元徽三年二月甲","1","1","2"
"废帝元徽三年二月甲子","1","1","2"
"汉安帝延光三年八月戊","1","1","2"
"安帝延光三年八月戊子","1","1","2"
"晋武帝咸宁三年二月乙","1","1","2"
"武帝咸宁三年二月乙丑","1","1","2"
"晋简文帝咸安二年三月","1","1","2"
"太元十四年十一月辛亥","1","1","2"
"宋武帝永初元年八月癸","1","1","2"
"武帝永初元年八月癸巳","1","1","2"
"元嘉二十五年二月己亥","1","1","2"
"元嘉二十五年十一月丁","1","1","2"
"嘉二十五年十一月丁丑","1","1","2"
"元嘉二十六年四月戊戌","1","1","2"
"孝武孝建三年三月壬子","1","1","2"
"晋成帝咸九年五月癸酉","2","0","2"
"宋少帝景平元年五月癸","1","1","2"
"文帝元嘉五年四月乙巳","1","1","2"
"元嘉二十五年二月己丑","1","1","2"
"元嘉二十五年四月戊午","1","1","2"
"元嘉二十五年五月辛未","1","1","2"
"元嘉二十六年五月丙戌","1","1","2"
"元嘉二十七年正月己丑","1","1","2"
"元嘉二十七年四月癸丑","1","1","2"
"元嘉二十九年六月壬戌","1","1","2"
"孝武帝孝建三年六月癸","1","1","2"
"武帝孝建三年六月癸巳","1","1","2"
"孝武帝大明元年七月丁","1","1","2"
"武帝大明元年七月丁丑","1","1","2"
"荆州刺史临海王子顼献","2","0","2"
"明帝泰始三年五月癸酉","1","1","2"
"后废帝元徽元年正月甲","1","1","2"
"废帝元徽元年正月甲午","1","1","2"
"文帝元嘉二十三年五月","1","1","2"
"帝元嘉二十三年五月甲","1","1","2"
"元嘉二十三年五月甲寅","1","1","2"
"元嘉二十三年十月辛巳","1","1","2"
"孝武帝大明元年二月己","1","1","2"
"武帝大明元年二月己亥","1","1","2"
"晋愍帝建兴三年四月癸","1","1","2"
"愍帝建兴三年四月癸酉","1","1","2"
"宋文帝元嘉二十年五月","1","1","2"
"太傅假黄钺江夏王义恭","2","0","2"
"傅假黄钺江夏王义恭献","2","0","2"
"孝武帝大明元年五月丁","1","1","2"
"武帝大明元年五月丁丑","1","1","2"
"汉明帝永平十七年正月","1","1","2"
"明帝永平十七年正月戊","1","1","2"
"帝永平十七年正月戊子","1","1","2"
"汉安帝延光三年四月丙","1","1","2"
"安帝延光三年四月丙戌","1","1","2"
"晋简文帝咸安二年正月","1","1","2"
"晋孝武帝太元十二年八","1","1","2"
"孝武帝太元十二年八月","1","1","2"
"文帝元嘉三年闰正月己","1","1","2"
"帝元嘉三年闰正月己丑","1","1","2"
"兗州刺史江夏王义恭闻","2","0","2"
"丹阳秣陵卫将军临川王","1","1","2"
"兗州刺史临川王义庆闻","2","0","2"
"建康司徒参军督护顾俊","1","1","2"
"元嘉二十二年十二月丁","1","1","2"
"嘉二十二年十二月丁酉","1","1","2"
"元嘉二十三年九月丙子","1","1","2"
"元嘉二十三年十二月庚","1","1","2"
"嘉二十三年十二月庚子","1","1","2"
"元嘉二十四年三月甲寅","1","1","2"
"元嘉二十五年十一月庚","1","1","2"
"嘉二十五年十一月庚辰","1","1","2"
"元嘉二十六年三月壬午","1","1","2"
"元嘉二十六年三月庚寅","1","1","2"
"元嘉二十六年四月甲辰","1","1","2"
"元嘉二十七年四月乙卯","1","1","2"
"南徐州刺史始兴王浚闻","2","0","2"
"元嘉二十八年二月戊辰","1","1","2"
"晋武帝太康四年十二月","1","1","2"
"元嘉二十二年七月癸酉","1","1","2"
"元嘉二十三年七月乙丑","1","1","2"
"元嘉二十三年七月庚午","1","1","2"
"元嘉二十三年九月庚申","1","1","2"
"元嘉二十五年六月壬寅","1","1","2"
"元嘉二十五年八月丙午","1","1","2"
"元嘉二十五年八月癸丑","1","1","2"
"元嘉二十六年六月甲寅","1","1","2"
"荆州刺史南谯王义宣献","2","0","2"
"元嘉二十七年十月己丑","1","1","2"
"元嘉二十八年七月戊戌","1","1","2"
"孝武帝孝建二年六月癸","1","1","2"
"武帝孝建二年六月癸巳","1","1","2"
"武帝大明元年五月戊午","1","1","2"
"明帝泰始二年七月己酉","1","1","2"
"元嘉二十八年七月癸卯","1","1","2"
"晋武帝太康元年十二月","1","1","2"
"武帝太康元年十二月戊","1","1","2"
"帝元嘉二十五年四月戊","1","1","2"
"文帝元嘉七年七月乙酉","1","1","2"
"华林天渊池芙蓉二花一","2","0","2"
"林天渊池芙蓉二花一蒂","2","0","2"
"元嘉二十三年六月壬寅","1","1","2"
"元嘉二十三年六月辛丑","1","1","2"
"晋武帝太始二年六月壬","1","1","2"
"武帝太始二年六月壬申","1","1","2"
"孝武帝大明元年五月壬","1","1","2"
"武帝大明元年五月壬子","1","1","2"
"明帝泰始二年三月丙午","1","1","2"
"晋武泰始五年七月己亥","1","1","2"
"晋武帝咸宁二年十月癸","1","1","2"
"武帝咸宁二年十月癸亥","1","1","2"
"晋武帝太康二年八月壬","1","1","2"
"武帝太康二年八月壬子","1","1","2"
"晋孝武帝太元十五年三","1","1","2"
"孝武帝太元十五年三月","1","1","2"
"元嘉二十四年七月丁巳","1","1","2"
"元嘉二十七年六月丙午","1","1","2"
"孝武帝孝建二年正月庚","1","1","2"
"武帝孝建二年正月庚戌","1","1","2"
"孝武大明元年六月庚子","1","1","2"
"孝武帝大明五年六月戊","1","1","2"
"武帝大明五年六月戊子","1","1","2"
"宋文帝元嘉元年七月壬","1","1","2"
"文帝元嘉元年七月壬戌","1","1","2"
"徐州刺史南谯王义宣闻","2","0","2"
"元嘉二十六年五月戊寅","1","1","2"
"元嘉二十七年六月壬辰","1","1","2"
"孝武帝大明二年五月乙","1","1","2"
"武帝大明二年五月乙巳","1","1","2"
"南兗州刺史竟陵王诞献","2","0","2"
"晋武帝咸宁五年七月戊","1","1","2"
"武帝咸宁五年七月戊辰","1","1","2"
"晋武帝太康元年五月庚","1","1","2"
"武帝太康元年五月庚午","1","1","2"
"晋明帝泰宁二年十一月","1","1","2"
"晋孝武帝太元十一年八","1","1","2"
"孝武帝太元十一年八月","1","1","2"
"武帝太元十一年八月乙","1","1","2"
"帝太元十一年八月乙酉","1","1","2"
"宋武帝永初二年六月丁","1","1","2"
"武帝永初二年六月丁酉","1","1","2"
"文帝元嘉二年十一月丙","1","1","2"
"帝元嘉二年十一月丙辰","1","1","2"
"明帝泰始二年六月丁巳","1","1","2"
"晋武帝太康二年六月丁","1","1","2"
"武帝太康二年六月丁卯","1","1","2"
"晋孝武帝太元十六年十","1","1","2"
"孝武帝太元十六年十二","1","1","2"
"武帝太元十六年十二月","1","1","2"
"晋安帝元兴三年六月丙","1","1","2"
"安帝元兴三年六月丙申","1","1","2"
"宋文帝元嘉元年七月己","1","1","2"
"文帝元嘉元年七月己巳","1","1","2"
"江州刺史南谯王义宣献","2","0","2"
"元嘉二十二年四月丙子","1","1","2"
"元嘉二十二年闰五月丙","1","1","2"
"嘉二十二年闰五月丙午","1","1","2"
"元嘉二十二年六月庚申","1","1","2"
"元嘉二十四年六月己亥","1","1","2"
"元嘉二十七年六月乙卯","1","1","2"
"元嘉二十九年四月癸丑","1","1","2"
"孝武帝大明元年四月戊","1","1","2"
"武帝大明元年四月戊申","1","1","2"
"前废帝永光元年四月乙","1","1","2"
"废帝永光元年四月乙亥","1","1","2"
"明帝泰始二年七月戊子","1","1","2"
"明帝泰豫元年六月辛丑","1","1","2"
"后废帝元徽五年四月己","1","1","2"
"废帝元徽五年四月己巳","1","1","2"
"晋武帝泰始八年五月甲","1","1","2"
"武帝泰始八年五月甲辰","1","1","2"
"晋愍帝建武元年三月己","1","1","2"
"愍帝建武元年三月己酉","1","1","2"
"晋安帝义熙十二年六月","1","1","2"
"武帝大明元年五月戊寅","1","1","2"
"明帝泰始五年十月庚辰","1","1","2"
"宋明帝太始二年十月己","1","1","2"
"明帝太始二年十月己巳","1","1","2"
"晋愍帝建兴二年三月庚","1","1","2"
"愍帝建兴二年三月庚辰","1","1","2"
"晋愍帝建武元年闰月乙","1","1","2"
"愍帝建武元年闰月乙丑","1","1","2"
"晋元帝太兴元年七月戊","1","1","2"
"元帝太兴元年七月戊辰","1","1","2"
"晋孝武帝宁康三年六月","1","1","2"
"孝武帝宁康三年六月辛","1","1","2"
"武帝宁康三年六月辛卯","1","1","2"
"帝太元十一年四月壬申","1","1","2"
"晋安帝隆安三年十一月","1","1","2"
"宋文帝元嘉八年四月乙","1","1","2"
"文帝元嘉八年四月乙亥","1","1","2"
"元嘉二十二年七月辛巳","1","1","2"
"元嘉二十三年二月辛亥","1","1","2"
"元嘉二十四年二月壬午","1","1","2"
"元嘉二十四年七月壬子","1","1","2"
"元嘉二十九年十月丁未","1","1","2"
"孝武帝孝建二年三月己","1","1","2"
"武帝孝建二年三月己酉","1","1","2"
"孝武帝大明元年正月乙","1","1","2"
"武帝大明元年正月乙亥","1","1","2"
"汉桓帝永康元年十一月","1","1","2"
"晋武帝咸宁元年四月丁","1","1","2"
"武帝咸宁元年四月丁巳","1","1","2"
"晋愍帝建兴三年十二月","1","1","2"
"愍帝建兴三年十二月戊","1","1","2"
"帝建兴三年十二月戊午","1","1","2"
"宋文帝元嘉五年五月庚","1","1","2"
"文帝元嘉五年五月庚辰","1","1","2"
"元嘉二十六年三月戊寅","1","1","2"
"孝武帝大明二年三月己","1","1","2"
"武帝大明二年三月己巳","1","1","2"
"前废帝永光元年正月丙","1","1","2"
"废帝永光元年正月丙午","1","1","2"
"孝武帝孝建三年九月甲","1","1","2"
"武帝孝建三年九月甲戌","1","1","2"
"孝武帝大明二年三月壬","1","1","2"
"武帝大明二年三月壬子","1","1","2"
"明帝泰豫元年四月乙酉","1","1","2"
"吴孙权赤乌十二年六月","1","1","2"
"孙权赤乌十二年六月戊","1","1","2"
"权赤乌十二年六月戊戌","1","1","2"
"晋愍帝建兴二年十二月","1","1","2"
"晋穆帝升平五年二月乙","1","1","2"
"宋文帝元嘉十三年四月","1","1","2"
"文帝元嘉十三年四月辛","1","1","2"
"孝武帝孝建三年四月丁","1","1","2"
"武帝孝建三年四月丁亥","1","1","2"
"孝武帝大明七年三月辛","1","1","2"
"武帝大明七年三月辛巳","1","1","2"
"宋明帝泰始三年二月壬","1","1","2"
"明帝泰始三年二月壬寅","1","1","2"
"汉武帝太初三年二月五","1","1","2"
"武帝太初三年二月五日","1","1","2"
"晋武帝泰始二年六月壬","1","1","2"
"武帝泰始二年六月壬申","1","1","2"
"明帝泰始三年五月乙亥","1","1","2"
"帝元嘉二十四年二月戊","1","1","2"
"元嘉二十四年二月戊戌","1","1","2"
"文帝元嘉二十五年五月","1","1","2"
"孝武帝大明五年九月庚","1","1","2"
"武帝大明五年九月庚戌","1","1","2"
"明帝泰始元年二月丙寅","1","1","2"
"孝武帝大明三年五月癸","1","1","2"
"武帝大明三年五月癸巳","1","1","2"
"孝武帝大明三年十一月","1","1","2"
"武帝大明三年十一月己","1","1","2"
"帝大明三年十一月己巳","1","1","2"
"晋元帝太兴三年二月辛","1","1","2"
"元帝太兴三年二月辛未","1","1","2"
"孝武帝太元十四年十二","1","1","2"
"武帝太元十四年十二月","1","1","2"
"帝太元十四年十二月乙","1","1","2"
"太元十四年十二月乙巳","1","1","2"
"宋明帝泰始二年五月丙","1","1","2"
"明帝泰始二年五月丙午","1","1","2"
"黄城山道士盛道度堂屋","1","1","2"
"孙亮太平二年二月甲寅","1","1","2"
"晋成帝咸康元年八月乙","1","1","2"
"成帝咸康元年八月乙丑","1","1","2"
"宋文帝元嘉二十一年六","1","1","2"
"文帝元嘉二十一年六月","1","1","2"
"顺帝升明三年四月乙亥","1","1","2"
"晋孝武太元十三年四月","2","0","2"
"晋武帝咸宁元年八月丁","1","1","2"
"武帝咸宁元年八月丁酉","1","1","2"
"晋安帝元兴元年正月丙","1","1","2"
"安帝元兴元年正月丙子","1","1","2"
"晋安帝义熙九年五月乙","1","1","2"
"安帝义熙九年五月乙酉","1","1","2"
"晋简文帝咸安二年十月","1","1","2"
"晋成帝咸康二年十二月","1","1","2"
"晋安帝隆安四年四月乙","1","1","2"
"魏明帝青龙三年正月乙","1","1","2"
"明帝青龙三年正月乙亥","1","1","2"
"晋武帝太康五年五月丁","1","1","2"
"武帝太康五年五月丁巳","1","1","2"
"晋惠帝元康五年十二月","1","1","2"
"晋武帝太康八年三月乙","1","1","2"
"武帝太康八年三月乙丑","1","1","2"
"晋惠帝永兴二年七月甲","1","1","2"
"惠帝永兴二年七月甲午","1","1","2"
"晋孝怀帝永嘉四年十一","1","1","2"
"孝怀帝永嘉四年十一月","1","1","2"
"晋安帝元兴元年八月庚","1","1","2"
"安帝元兴元年八月庚子","1","1","2"
"元嘉二十九年三月壬午","1","1","2"
"汉献帝建安二十五年春","1","1","2"
"献帝建安二十五年春正","1","1","2"
"帝建安二十五年春正月","1","1","2"
"晋哀帝兴宁三年五月癸","1","1","2"
"哀帝兴宁三年五月癸卯","1","1","2"
"吴孙权赤乌十二年四月","1","1","2"
"晋孝怀帝永嘉元年二月","1","1","2"
"晋明帝太宁三年八月庚","1","1","2"
"明帝太宁三年八月庚戌","1","1","2"
"晋孝武帝太元十六年正","1","1","2"
"孝武帝太元十六年正月","1","1","2"
"晋武帝太康七年十一月","1","1","2"
"晋愍帝建兴四年十二月","1","1","2"
"愍帝建兴四年十二月丙","1","1","2"
"帝建兴四年十二月丙寅","1","1","2"
"吴孙休永安五年八月壬","1","1","2"
"孙休永安五年八月壬午","1","1","2"
"晋安帝义熙元年十二月","1","1","2"
"安帝义熙元年十二月己","1","1","2"
"晋惠帝光熙元年闰八月","1","1","2"
"惠帝光熙元年闰八月甲","1","1","2"
"帝光熙元年闰八月甲申","1","1","2"
"晋孝怀帝永嘉元年十二","1","1","2"
"孝怀帝永嘉元年十二月","1","1","2"
"晋愍帝建兴元年十一月","1","1","2"
"愍帝建兴元年十一月戊","1","1","2"
"帝建兴元年十一月戊午","1","1","2"
"晋成帝咸康二年正月丁","1","1","2"
"成帝咸康二年正月丁巳","1","1","2"
"晋孝武帝太元二年四月","1","1","2"
"孝武帝太元二年四月己","1","1","2"
"武帝太元二年四月己酉","1","1","2"
"太元二十一年四月丁亥","1","1","2"
"晋安帝隆安二年三月乙","1","1","2"
"安帝隆安二年三月乙卯","1","1","2"
"晋安帝元兴二年十二月","1","1","2"
"孝武帝大明元年十二月","1","1","2"
"武帝大明元年十二月庚","1","1","2"
"帝大明元年十二月庚寅","1","1","2"
"明帝泰始五年四月壬辰","1","1","2"
"后废帝元徽三年五月乙","1","1","2"
"废帝元徽三年五月乙卯","1","1","2"
"帝太康六年十二月甲申","1","1","2"
"晋惠帝永康元年六月癸","1","1","2"
"惠帝永康元年六月癸卯","1","1","2"
"晋元帝永昌二年七月丙","1","1","2"
"元帝永昌二年七月丙子","1","1","2"
"晋明帝太宁元年七月丙","1","1","2"
"明帝太宁元年七月丙子","1","1","2"
"晋孝武帝太元五年六月","1","1","2"
"孝武帝太元五年六月甲","1","1","2"
"武帝太元五年六月甲寅","1","1","2"
"晋安帝隆安二年九月壬","1","1","2"
"安帝隆安二年九月壬辰","1","1","2"
"义熙四年十一月辛卯朔","2","0","2"
"帝升明三年二月二十四","1","1","2"
"升明三年二月二十四日","1","1","2"
"晋孝武帝太元十五年八","1","1","2"
"孝武帝太元十五年八月","1","1","2"
"晋孝怀帝永嘉五年十二","1","1","2"
"孝怀帝永嘉五年十二月","1","1","2"
"魏齐王正始九年十一月","1","1","2"
"魏齐王嘉平元年正月壬","1","1","2"
"齐王嘉平元年正月壬辰","1","1","2"
"孙亮建兴元年十二月丙","1","1","2"
"亮建兴元年十二月丙申","1","1","2"
"晋武帝泰始五年五月辛","1","1","2"
"武帝泰始五年五月辛卯","1","1","2"
"晋惠帝永兴元年正月癸","1","1","2"
"惠帝永兴元年正月癸酉","1","1","2"
"晋元帝永昌元年七月丙","1","1","2"
"元帝永昌元年七月丙寅","1","1","2"
"晋成帝咸康四年三月壬","1","1","2"
"成帝咸康四年三月壬辰","1","1","2"
"孝武帝宁康元年三月戊","1","1","2"
"武帝宁康元年三月戊申","1","1","2"
"晋孝武帝太元元年二月","1","1","2"
"孝武帝太元元年二月乙","1","1","2"
"武帝太元元年二月乙丑","1","1","2"
"晋安帝元兴二年二月甲","1","1","2"
"安帝元兴二年二月甲辰","1","1","2"
"宋少帝景平二年正月癸","1","1","2"
"少帝景平二年正月癸亥","1","1","2"
"文帝元嘉二十六年二月","1","1","2"
"帝元嘉二十六年二月庚","1","1","2"
"元嘉二十六年二月庚申","1","1","2"
"前废帝永光元年正月乙","1","1","2"
"明帝泰始二年三月丙申","1","1","2"
"魏高贵乡公正元二年闰","1","1","2"
"高贵乡公正元二年闰正","1","1","2"
"贵乡公正元二年闰正月","1","1","2"
"乡公正元二年闰正月戊","1","1","2"
"公正元二年闰正月戊戌","1","1","2"
"晋孝武帝太元十三年十","1","1","2"
"孝武帝太元十三年十二","1","1","2"
"武帝太元十三年十二月","1","1","2"
"帝太元十三年十二月乙","1","1","2"
"晋元帝太兴四年十二月","1","1","2"
"晋安帝元兴元年十月丙","1","1","2"
"安帝元兴元年十月丙申","1","1","2"
"宋文帝元嘉十八年秋七","1","1","2"
"文帝元嘉十八年秋七月","1","1","2"
"魏明帝青龙二年十一月","1","1","2"
"吴孙权赤乌十一年二月","1","1","2"
"明帝泰豫元年闰七月甲","1","1","2"
"帝泰豫元年闰七月甲申","1","1","2"
"吴孙权赤乌十三年八月","1","1","2"
"晋惠帝元康四年五月壬","1","1","2"
"惠帝元康四年五月壬子","1","1","2"
"晋惠帝元康九年六月夜","1","1","2"
"晋安帝义熙八年三月壬","1","1","2"
"安帝义熙八年三月壬寅","1","1","2"
"吴孙皓宝鼎元年十二月","1","1","2"
"宋后废帝元徽三年四月","1","1","2"
"魏高贵乡公正元元年冬","1","1","2"
"高贵乡公正元元年冬十","1","1","2"
"贵乡公正元元年冬十月","1","1","2"
"乡公正元元年冬十月戊","1","1","2"
"公正元元年冬十月戊戌","1","1","2"
"魏高贵乡公甘露元年正","1","1","2"
"高贵乡公甘露元年正月","1","1","2"
"贵乡公甘露元年正月辛","1","1","2"
"乡公甘露元年正月辛丑","1","1","2"
"晋武帝太康五年正月癸","1","1","2"
"武帝太康五年正月癸卯","1","1","2"
"晋愍帝建兴二年十一月","1","1","2"
"晋惠帝元康五年三月癸","1","1","2"
"惠帝元康五年三月癸巳","1","1","2"
"晋孝怀帝永嘉六年二月","1","1","2"
"晋成帝咸康八年五月甲","1","1","2"
"成帝咸康八年五月甲戌","1","1","2"
"晋惠帝太安元年四月癸","1","1","2"
"惠帝太安元年四月癸酉","1","1","2"
"晋元帝太兴三年十二月","1","1","2"
"晋成帝咸康四年十一月","1","1","2"
"成帝咸康四年十一月辛","1","1","2"
"帝咸康四年十一月辛丑","1","1","2"
"晋武帝咸宁元年十一月","1","1","2"
"晋惠帝元康二年十一月","1","1","2"
"晋元帝永昌元年十一月","1","1","2"
"晋孝武帝太元五年五月","1","1","2"
"魏文帝黄初二年六月戊","1","1","2"
"文帝黄初二年六月戊辰","1","1","2"
"魏高贵乡公甘露四年七","1","1","2"
"高贵乡公甘露四年七月","1","1","2"
"贵乡公甘露四年七月戊","1","1","2"
"乡公甘露四年七月戊子","1","1","2"
"魏元帝景元二年五月丁","1","1","2"
"元帝景元二年五月丁未","1","1","2"
"晋武帝泰始二年七月丙","1","1","2"
"武帝泰始二年七月丙午","1","1","2"
"晋武帝咸宁元年七月甲","1","1","2"
"武帝咸宁元年七月甲申","1","1","2"
"晋惠帝永康元年四月辛","1","1","2"
"惠帝永康元年四月辛卯","1","1","2"
"晋惠帝永宁元年闰三月","1","1","2"
"惠帝永宁元年闰三月丙","1","1","2"
"帝永宁元年闰三月丙戌","1","1","2"
"晋惠帝光熙元年正月戊","1","1","2"
"惠帝光熙元年正月戊子","1","1","2"
"帝光熙元年正月戊子朔","1","1","2"
"晋愍帝建兴四年六月丁","1","1","2"
"愍帝建兴四年六月丁巳","1","1","2"
"晋元帝太兴元年四月丁","1","1","2"
"元帝太兴元年四月丁丑","1","1","2"
"晋明帝太宁三年十一月","1","1","2"
"明帝太宁三年十一月癸","1","1","2"
"帝太宁三年十一月癸巳","1","1","2"
"晋成帝咸康元年十月乙","1","1","2"
"晋穆帝升平四年八月辛","1","1","2"
"穆帝升平四年八月辛丑","1","1","2"
"晋孝武帝宁康三年十月","1","1","2"
"孝武帝宁康三年十月癸","1","1","2"
"武帝宁康三年十月癸酉","1","1","2"
"晋孝武帝太元四年闰月","1","1","2"
"孝武帝太元四年闰月己","1","1","2"
"武帝太元四年闰月己酉","1","1","2"
"晋惠帝永兴元年十一月","1","1","2"
"晋惠帝光熙元年五月癸","1","1","2"
"怀帝永嘉元年十一月乙","1","1","2"
"帝永嘉元年十一月乙亥","1","1","2"
"晋愍帝建武元年正月庚","1","1","2"
"愍帝建武元年正月庚子","1","1","2"
"晋元帝太兴四年三月癸","1","1","2"
"元帝太兴四年三月癸亥","1","1","2"
"晋元帝永昌元年十月辛","1","1","2"
"元帝永昌元年十月辛卯","1","1","2"
"晋明帝太宁元年正月己","1","1","2"
"明帝太宁元年正月己丑","1","1","2"
"晋安帝元兴元年二月甲","1","1","2"
"晋安帝义熙元年五月庚","1","1","2"
"安帝义熙元年五月庚午","1","1","2"
"晋恭帝元熙二年正月壬","1","1","2"
"恭帝元熙二年正月壬辰","1","1","2"
"晋孝怀帝永嘉五年三月","1","1","2"
"孝怀帝永嘉五年三月丙","1","1","2"
"怀帝永嘉五年三月丙申","1","1","2"
"安帝义熙九年十二月辛","1","1","2"
"帝义熙九年十二月辛卯","1","1","2"
"孝武帝大明七年十一月","1","1","2"
"后废帝元徽三年三月乙","1","1","2"
"废帝元徽三年三月乙亥","1","1","2"
"后废帝元徽二年八月壬","1","1","2"
"废帝元徽二年八月壬子","1","1","2"
"时浚征北府行参军吴郡","1","1","2"
"永修县开国公檀道济统","1","1","2"
"统参军事建武将军建平","1","1","2"
"参军事建武将军建平太","1","1","2"
"军事建武将军建平太守","1","1","2"
"事建武将军建平太守安","1","1","2"
"建武将军建平太守安泰","1","1","2"
"督江州豫州西阳新蔡汝","2","0","2"
"江州豫州西阳新蔡汝南","2","0","2"
"州豫州西阳新蔡汝南颍","2","0","2"
"豫州西阳新蔡汝南颍川","2","0","2"
"州西阳新蔡汝南颍川司","2","0","2"
"西阳新蔡汝南颍川司州","2","0","2"
"阳新蔡汝南颍川司州恆","2","0","2"
"新蔡汝南颍川司州恆农","2","0","2"
"蔡汝南颍川司州恆农扬","2","0","2"
"汝南颍川司州恆农扬州","2","0","2"
"南颍川司州恆农扬州松","2","0","2"
"颍川司州恆农扬州松滋","2","0","2"
"川司州恆农扬州松滋六","2","0","2"
"司州恆农扬州松滋六郡","2","0","2"
"州恆农扬州松滋六郡诸","2","0","2"
"恆农扬州松滋六郡诸军","2","0","2"
"农扬州松滋六郡诸军事","2","0","2"
"振武将军沈田子等讨平","1","1","2"
"武将军沈田子等讨平始","1","1","2"
"将军沈田子等讨平始兴","1","1","2"
"南兗州刺史长沙王义欣","2","0","2"
"员外散骑侍郎徐爰乘驿","1","1","2"
"近员外散骑侍郎孔熙先","1","1","2"
"太祖第十五女南阳公主","1","1","2"
"豫州刺史王玄谟等水军","1","1","2"
"辅国将军中兵参军沈韶","1","1","2"
"宁朔将军中兵参军皇甫","1","1","2"
"宁朔将军中兵参军胡钦","1","1","2"
"龙骧将军中兵参军东门","1","1","2"
"骧将军中兵参军东门道","1","1","2"
"将军中兵参军东门道顺","1","1","2"
"游击将军湘南县开国男","1","1","2"
"击将军湘南县开国男新","1","1","2"
"督湘州诸军事征虏将军","1","1","2"
"湘州诸军事征虏将军湘","1","1","2"
"州诸军事征虏将军湘州","1","1","2"
"诸军事征虏将军湘州刺","1","1","2"
"军事征虏将军湘州刺史","1","1","2"
"事征虏将军湘州刺史军","1","1","2"
"征虏将军湘州刺史军主","1","1","2"
"虏将军湘州刺史军主吕","1","1","2"
"将军湘州刺史军主吕安","1","1","2"
"军湘州刺史军主吕安国","1","1","2"
"辅国将军游击将军军主","1","1","2"
"国将军游击将军军主垣","1","1","2"
"将军游击将军军主垣崇","1","1","2"
"军游击将军军主垣崇祖","1","1","2"
"屯骑校尉南城令曹虎头","1","1","2"
"升明二年正月十九日夜","1","1","2"
"彭城王义康右军骠骑参","1","1","2"
"城王义康右军骠骑参军","1","1","2"
"江夏王义恭大司马行参","1","1","2"
"夏王义恭大司马行参军","1","1","2"
"新安王子鸾抚军中兵参","2","0","2"
"安王子鸾抚军中兵参军","2","0","2"
"建威将军中直兵沈怀宝","1","1","2"
"冠军将军豫章内史刘衍","1","1","2"
"宁朔将军武昌太守刘弼","1","1","2"
"宁朔将军西阳太守谢稚","1","1","2"
"江州刺史曲江县开国侯","1","1","2"
"州刺史曲江县开国侯王","1","1","2"
"刺史曲江县开国侯王玄","1","1","2"
"史曲江县开国侯王玄谟","1","1","2"
"辅国将军步兵校尉杜幼","1","1","2"
"国将军步兵校尉杜幼文","1","1","2"
"宁朔将军屯骑校尉垣恭","1","1","2"
"朔将军屯骑校尉垣恭祖","1","1","2"
"辅国将军吴喜平定三吴","1","1","2"
"伪宁朔将军南阳太守沈","1","1","2"
"宁朔将军南阳太守沈怀","1","1","2"
"朔将军南阳太守沈怀宝","1","1","2"
"前镇军参军督护范道兴","1","1","2"
"南梁郡太守竟陵张兴世","1","1","2"
"辅国将军骠骑司马刘灵","1","1","2"
"国将军骠骑司马刘灵遗","1","1","2"
"外甥司徒参军颍川葛僧","1","1","2"
"甥司徒参军颍川葛僧韶","1","1","2"
"江夏王义恭征北行参军","2","0","2"
"南顿二郡太守皇甫道烈","1","1","2"
"汝南新蔡二郡太守周矜","1","1","2"
"淮西人前奉朝请郑墨率","1","1","2"
"前部贼曹参军甄澹等五","1","1","2"
"部贼曹参军甄澹等五人","1","1","2"
"辅国将军薛道标渡江煽","1","1","2"
"国将军薛道标渡江煽动","1","1","2"
"时太宰江夏王义恭录尚","1","1","2"
"故越骑校尉吴昌县开国","1","1","2"
"越骑校尉吴昌县开国男","1","1","2"
"骑校尉吴昌县开国男戴","1","1","2"
"校尉吴昌县开国男戴法","1","1","2"
"尉吴昌县开国男戴法兴","1","1","2"
"郑兵将军扬州刺史山阳","1","1","2"
"兵将军扬州刺史山阳公","1","1","2"
"将军扬州刺史山阳公达","1","1","2"
"军扬州刺史山阳公达奚","1","1","2"
"扬州刺史山阳公达奚斤","1","1","2"
"吴兵将军广州刺史苍梧","1","1","2"
"兵将军广州刺史苍梧公","1","1","2"
"将军广州刺史苍梧公公","1","1","2"
"军广州刺史苍梧公公孙","1","1","2"
"广州刺史苍梧公公孙表","1","1","2"
"楚兵将军徐州刺史安平","1","1","2"
"兵将军徐州刺史安平公","1","1","2"
"将军徐州刺史安平公涉","1","1","2"
"军徐州刺史安平公涉归","1","1","2"
"徐州刺史安平公涉归幡","1","1","2"
"州刺史安平公涉归幡能","1","1","2"
"刺史安平公涉归幡能健","1","1","2"
"陈兵将军淮州刺史寿张","1","1","2"
"兵将军淮州刺史寿张子","1","1","2"
"将军淮州刺史寿张子张","1","1","2"
"军淮州刺史寿张子张模","1","1","2"
"淮州刺史寿张子张模东","1","1","2"
"督司雍三州豫州颍川兗","2","0","2"
"司雍三州豫州颍川兗州","2","0","2"
"雍三州豫州颍川兗州陈","2","0","2"
"三州豫州颍川兗州陈留","2","0","2"
"都督梁益宁三州诸军事","1","1","2"
"宣威将军陈南顿二郡太","1","1","2"
"威将军陈南顿二郡太守","1","1","2"
"将军陈南顿二郡太守郑","1","1","2"
"颍川二郡太守郭道隐弃","1","1","2"
"川二郡太守郭道隐弃城","1","1","2"
"武陵国左常侍杜幼文五","1","1","2"
"陵国左常侍杜幼文五人","1","1","2"
"汝南新蔡二郡军事陈宪","1","1","2"
"宁朔将军王玄谟率太子","1","1","2"
"朔将军王玄谟率太子步","1","1","2"
"将军王玄谟率太子步兵","1","1","2"
"骁骑将军安复县开国侯","1","1","2"
"骑将军安复县开国侯王","1","1","2"
"将军安复县开国侯王方","1","1","2"
"军安复县开国侯王方回","1","1","2"
"建武将军安蛮司马新康","1","1","2"
"武将军安蛮司马新康县","1","1","2"
"将军安蛮司马新康县开","1","1","2"
"军安蛮司马新康县开国","1","1","2"
"安蛮司马新康县开国男","1","1","2"
"蛮司马新康县开国男刘","1","1","2"
"司马新康县开国男刘康","1","1","2"
"马新康县开国男刘康祖","1","1","2"
"都督扬南徐二州诸军事","1","1","2"
"督梁南北秦三州诸军事","1","1","2"
"宣威将军巴西梓潼二郡","1","1","2"
"威将军巴西梓潼二郡太","1","1","2"
"将军巴西梓潼二郡太守","1","1","2"
"军巴西梓潼二郡太守刘","1","1","2"
"巴西梓潼二郡太守刘弘","1","1","2"
"西梓潼二郡太守刘弘宗","1","1","2"
"宁远将军竟陵太守南城","1","1","2"
"远将军竟陵太守南城县","1","1","2"
"将军竟陵太守南城县开","1","1","2"
"军竟陵太守南城县开国","1","1","2"
"竟陵太守南城县开国侯","1","1","2"
"陵太守南城县开国侯刘","1","1","2"
"太守南城县开国侯刘德","1","1","2"
"守南城县开国侯刘德愿","1","1","2"
"员外散骑侍郎王老寿乘","1","1","2"
"征北中兵参军事向柳守","1","1","2"
"冀州刺史历城镇主崔道","2","0","2"
"州刺史历城镇主崔道固","2","0","2"
"刺史历城镇主崔道固等","2","0","2"
"荆郢二州刺史安陆临海","1","1","2"
"郢二州刺史安陆临海王","1","1","2"
"二州刺史安陆临海王刘","1","1","2"
"州刺史安陆临海王刘子","1","1","2"
"刺史安陆临海王刘子绥","1","1","2"
"使持节征东大将军安定","1","1","2"
"持节征东大将军安定王","1","1","2"
"侍中尚书左仆射安西大","1","1","2"
"中尚书左仆射安西大将","1","1","2"
"尚书左仆射安西大将军","1","1","2"
"书左仆射安西大将军平","1","1","2"
"左仆射安西大将军平北","1","1","2"
"仆射安西大将军平北公","1","1","2"
"散骑常侍殿中尚书平北","1","1","2"
"骑常侍殿中尚书平北将","1","1","2"
"常侍殿中尚书平北将军","1","1","2"
"侍殿中尚书平北将军山","1","1","2"
"殿中尚书平北将军山阳","1","1","2"
"中尚书平北将军山阳公","1","1","2"
"尚书平北将军山阳公吕","1","1","2"
"书平北将军山阳公吕罗","1","1","2"
"平北将军山阳公吕罗汉","1","1","2"
"使持节征南将军京兆王","1","1","2"
"持节征南将军京兆王直","1","1","2"
"节征南将军京兆王直勤","1","1","2"
"侍中司徒安南大将军新","1","1","2"
"中司徒安南大将军新建","1","1","2"
"司徒安南大将军新建王","1","1","2"
"徒安南大将军新建王独","1","1","2"
"安南大将军新建王独孤","1","1","2"
"南大将军新建王独孤侯","1","1","2"
"大将军新建王独孤侯尼","1","1","2"
"将军新建王独孤侯尼须","1","1","2"
"散骑常侍西平公韩道人","1","1","2"
"侍中太尉征东大将军直","1","1","2"
"中太尉征东大将军直勤","1","1","2"
"羽直征东将军北平公拔","1","1","2"
"直征东将军北平公拔敦","1","1","2"
"天安二年正月三十日壬","1","1","2"
"安二年正月三十日壬寅","1","1","2"
"东允街县胡人乞伏乾归","1","1","2"
"都督南徐会二州诸军事","1","1","2"
"中书侍郎蔡兴宗问建平","1","1","2"
"书侍郎蔡兴宗问建平王","1","1","2"
"义熙十四年正月十五日","1","1","2"
"平远将军河东太守唐小","1","1","2"
"远将军河东太守唐小方","1","1","2"
"将军河东太守唐小方率","1","1","2"
"陈留王虔嗣等二百七十","1","1","2"
"留王虔嗣等二百七十人","1","1","2"
"雍州刺史晋安王子勋改","1","1","2"
"南徐州刺史永嘉王子仁","1","1","2"
"四百三十九万五千五百","1","1","2"
"百三十九万五千五百五","1","1","2"
"三十九万五千五百五十","1","1","2"
"十九万五千五百五十五","1","1","2"
"五十一万三千六百八十","1","1","2"
"十一万三千六百八十七","1","1","2"
"一万三千六百八十七里","1","1","2"
"万三千六百八十七里六","1","1","2"
"三千六百八十七里六十","1","1","2"
"千六百八十七里六十八","1","1","2"
"六百八十七里六十八步","1","1","2"
"百八十七里六十八步一","1","1","2"
"八十七里六十八步一尺","1","1","2"
"十七里六十八步一尺八","1","1","2"
"七里六十八步一尺八寸","1","1","2"
"里六十八步一尺八寸二","1","1","2"
"六十八步一尺八寸二分","1","1","2"
"太元二十一年正月丙子","1","1","2"
"吴孙休永安元年十一月","1","1","2"
"孙休永安元年十一月甲","1","1","2"
"休永安元年十一月甲午","1","1","2"
"魏齐王正始二年十一月","1","1","2"
"魏齐王嘉平元年二月己","1","1","2"
"怀帝永嘉元年十一月戊","1","1","2"
"帝永嘉元年十一月戊申","1","1","2"
"口二十三万七千三百四","1","1","2"
"二十三万七千三百四十","1","1","2"
"十三万七千三百四十一","1","1","2"
"户五万二千二百二十八","1","1","2"
"四十二万四千八百一十","1","1","2"
"十二万四千八百一十二","1","1","2"
"口三十一万六千一百七","1","1","2"
"三十一万六千一百七十","1","1","2"
"十一万六千一百七十三","1","1","2"
"口四万七千九百九十二","1","1","2"
"口三万六千六百五十一","1","1","2"
"户七万二千四百七十二","1","1","2"
"口三万三千六百五十八","1","1","2"
"口一万八千六百九十七","1","1","2"
"户一万五千三百八十二","1","1","2"
"口八万九千五百二十五","1","1","2"
"口二万二千八百八十六","1","1","2"
"户一万一千七百五十八","1","1","2"
"口六万八千一百六十三","1","1","2"
"口一万一千七百四十一","1","1","2"
"口四万一千二百三十一","1","1","2"
"口一万四千五百九十七","1","1","2"
"口一万三千九百四十一","1","1","2"
"口一万五千三百六十三","1","1","2"
"口一万一千九百二十八","1","1","2"
"口一万七千八百三十二","1","1","2"
"口一万五千二百九十六","1","1","2"
"户三万一千一百一十五","1","1","2"
"口十五万九千三百六十","1","1","2"
"十五万九千三百六十二","1","1","2"
"口四万五千六百一十三","1","1","2"
"口一万七千二百九十五","1","1","2"
"口四万五千五百八十一","1","1","2"
"口一万一千二百七十一","1","1","2"
"口二万一千一百一十二","1","1","2"
"十四万五千五百八十一","1","1","2"
"都督荆梁南雍三州诸军","1","1","2"
"督荆梁南雍三州诸军事","1","1","2"
"荆州刺史故晋谯王司马","1","1","2"
"州刺史故晋谯王司马文","1","1","2"
"刺史故晋谯王司马文思","1","1","2"
"义阳诸军事平西将军郢","1","1","2"
"阳诸军事平西将军郢州","1","1","2"
"诸军事平西将军郢州刺","1","1","2"
"军事平西将军郢州刺史","1","1","2"
"事平西将军郢州刺史闻","1","1","2"
"平西将军郢州刺史闻喜","1","1","2"
"西将军郢州刺史闻喜县","1","1","2"
"将军郢州刺史闻喜县开","1","1","2"
"军郢州刺史闻喜县开国","1","1","2"
"郢州刺史闻喜县开国侯","1","1","2"
"州刺史闻喜县开国侯黄","1","1","2"
"刺史闻喜县开国侯黄回","1","1","2"
"员外散骑常侍冠军骁骑","1","1","2"
"外散骑常侍冠军骁骑将","1","1","2"
"散骑常侍冠军骁骑将军","1","1","2"
"骑常侍冠军骁骑将军南","1","1","2"
"常侍冠军骁骑将军南临","1","1","2"
"侍冠军骁骑将军南临淮","1","1","2"
"冠军骁骑将军南临淮太","1","1","2"
"军骁骑将军南临淮太守","1","1","2"
"骁骑将军南临淮太守重","1","1","2"
"骑将军南临淮太守重安","1","1","2"
"将军南临淮太守重安县","1","1","2"
"军南临淮太守重安县开","1","1","2"
"南临淮太守重安县开国","1","1","2"
"临淮太守重安县开国子","1","1","2"
"淮太守重安县开国子军","1","1","2"
"太守重安县开国子军主","1","1","2"
"守重安县开国子军主王","1","1","2"
"重安县开国子军主王敬","1","1","2"
"将军南濮阳太守葛阳县","1","1","2"
"军南濮阳太守葛阳县开","1","1","2"
"南濮阳太守葛阳县开国","1","1","2"
"濮阳太守葛阳县开国男","1","1","2"
"阳太守葛阳县开国男军","1","1","2"
"太守葛阳县开国男军主","1","1","2"
"守葛阳县开国男军主彭","1","1","2"
"葛阳县开国男军主彭文","1","1","2"
"龙骧将军骠骑行参军军","1","1","2"
"骧将军骠骑行参军军主","1","1","2"
"将军骠骑行参军军主召","1","1","2"
"军骠骑行参军军主召宰","1","1","2"
"龙骧将军抚军中兵参军","1","1","2"
"骧将军抚军中兵参军事","1","1","2"
"抚军中兵参军事军主程","1","1","2"
"军中兵参军事军主程隐","1","1","2"
"中兵参军事军主程隐隽","1","1","2"
"定居在晋陵郡丹徒县的","0","2","2"
"居在晋陵郡丹徒县的京","0","2","2"
"在晋陵郡丹徒县的京口","0","2","2"
"晋陵郡丹徒县的京口里","0","2","2"
"衹有与桓玄同祖者例外","0","2","2"
"时下贤能之士已被消灭","0","2","2"
"下贤能之士已被消灭殆","0","2","2"
"贤能之士已被消灭殆尽","0","2","2"
"对应的月份为历的开始","0","2","2"
"余满曰度法则减去日度","0","2","2"
"满曰度法则减去日度法","0","2","2"
"曰度法则减去日度法并","0","2","2"
"度法则减去日度法并在","0","2","2"
"法则减去日度法并在度","0","2","2"
"则减去日度法并在度数","0","2","2"
"减去日度法并在度数上","0","2","2"
"去日度法并在度数上加","0","2","2"
"日度法并在度数上加一","0","2","2"
"用前述的方法对应就可","0","2","2"
"前述的方法对应就可得","0","2","2"
"述的方法对应就可得到","0","2","2"
"的方法对应就可得到行","0","2","2"
"方法对应就可得到行星","0","2","2"
"法对应就可得到行星出","0","2","2"
"对应就可得到行星出现","0","2","2"
"应就可得到行星出现时","0","2","2"
"就可得到行星出现时位","0","2","2"
"可得到行星出现时位置","0","2","2"
"得到行星出现时位置的","0","2","2"
"到行星出现时位置的度","0","2","2"
"行星出现时位置的度数","0","2","2"
"请求命令漏郎将考校实","0","2","2"
"求命令漏郎将考校实行","0","2","2"
"这比古时的历法确实优","0","2","2"
"比古时的历法确实优越","0","2","2"
"现在的寿星星次就是周","0","2","2"
"在的寿星星次就是周代","0","2","2"
"的寿星星次就是周代的","0","2","2"
"寿星星次就是周代的鹑","0","2","2"
"星星次就是周代的鹑尾","0","2","2"
"现时的壁宿已经不属于","0","2","2"
"时的壁宿已经不属于玄","0","2","2"
"的壁宿已经不属于玄武","0","2","2"
"与天象不合又背离了经","0","2","2"
"天象不合又背离了经典","0","2","2"
"五星位置常有前后的变","0","2","2"
"星位置常有前后的变化","0","2","2"
"陛下这一处置安排不当","0","2","2"
"臣下不敢遵奉陛下的韶","0","2","2"
"下不敢遵奉陛下的韶令","0","2","2"
"这之后便废止了谒拜陵","0","2","2"
"之后便废止了谒拜陵墓","0","2","2"
"汉朝因循秦朝没有改变","0","2","2"
"领曹郎范义参与议论说","0","2","2"
"需要两周年之后才举行","0","2","2"
"要两周年之后才举行殷","0","2","2"
"两周年之后才举行殷祭","0","2","2"
"车轮转动运行可以载重","0","2","2"
"便又制造可以坐人的车","0","2","2"
"又制造可以坐人的车舆","0","2","2"
"其所由来有其本来的系","0","2","2"
"所由来有其本来的系统","0","2","2"
"如果犯执法星的是金星","0","2","2"
"大臣当承受这天象预示","0","2","2"
"臣当承受这天象预示的","0","2","2"
"当承受这天象预示的灾","0","2","2"
"太元二十年九月丁丑曰","0","2","2"
"白鹿出现于巴陵的清水","0","2","2"
"鹿出现于巴陵的清水山","0","2","2"
"荆业刺史殷仲堪献上朝","0","2","2"
"业刺史殷仲堪献上朝廷","0","2","2"
"自然不是轻易能整治的","0","2","2"
"高祖叫道怜把府中杂事","0","2","2"
"祖叫道怜把府中杂事都","0","2","2"
"叫道怜把府中杂事都交","0","2","2"
"道怜把府中杂事都交谢","0","2","2"
"怜把府中杂事都交谢方","0","2","2"
"把府中杂事都交谢方明","0","2","2"
"府中杂事都交谢方明决","0","2","2"
"中杂事都交谢方明决定","0","2","2"
"义恭既担忧又害怕束手","0","2","2"
"恭既担忧又害怕束手无","0","2","2"
"既担忧又害怕束手无策","0","2","2"
"当时王献之任吴兴太守","0","2","2"
"让我形单影只茕然独坐","0","2","2"
"后任义真的军骑行参军","0","2","2"
"江夏王刘义恭抚军刑狱","0","2","2"
"夏王刘义恭抚军刑狱参","0","2","2"
"王刘义恭抚军刑狱参军","0","2","2"
"长沙王刘义欣的后军录","0","2","2"
"沙王刘义欣的后军录事","0","2","2"
"王刘义欣的后军录事参","0","2","2"
"刘义欣的后军录事参军","0","2","2"
"朝廷只把他看成有些文","0","2","2"
"廷只把他看成有些文才","0","2","2"
"只把他看成有些文才的","0","2","2"
"把他看成有些文才的人","0","2","2"
"而不是有学识才干的政","0","2","2"
"不是有学识才干的政治","0","2","2"
"是有学识才干的政治家","0","2","2"
"没有一本完整的历史书","0","2","2"
"当时的人们称他们为四","0","2","2"
"时的人们称他们为四友","0","2","2"
"也不许有我立脚的地方","0","2","2"
"有什么必要非吃饭不可","0","2","2"
"只是因为除去蔓草要迅","0","2","2"
"是因为除去蔓草要迅速","0","2","2"
"国人因此对他失去信任","0","2","2"
"突然有人传呼停止行刑","0","2","2"
"每人都不辜负他的职务","0","2","2"
"当今大小官职与实际不","0","2","2"
"今大小官职与实际不符","0","2","2"
"扬州境内而有兖州的名","0","2","2"
"州境内而有兖州的名称","0","2","2"
"袁岂页又派刘胡率领步","0","2","2"
"岂页又派刘胡率领步兵","0","2","2"
"页又派刘胡率领步兵二","0","2","2"
"又派刘胡率领步兵二万","0","2","2"
"薛安都和本家薛永宗起","0","2","2"
"安都和本家薛永宗起义","0","2","2"
"都和本家薛永宗起义造","0","2","2"
"和本家薛永宗起义造反","0","2","2"
"门客常有几百内外人士","0","2","2"
"我非常害怕这个宝座不","0","2","2"
"非常害怕这个宝座不是","0","2","2"
"常害怕这个宝座不是皇","0","2","2"
"害怕这个宝座不是皇帝","0","2","2"
"怕这个宝座不是皇帝的","0","2","2"
"刽子手先杀刘邵的四个","0","2","2"
"子手先杀刘邵的四个儿","0","2","2"
"手先杀刘邵的四个儿子","0","2","2"
"骠骑大将军柳元景加封","0","2","2"
"骑大将军柳元景加封为","0","2","2"
"护军将军建安王休仁为","0","2","2"
"开府仪同三司王玄谟为","0","2","2"
"二州刺史吐谷浑拾寅晋","0","2","2"
"州刺史吐谷浑拾寅晋升","0","2","2"
"刺史吐谷浑拾寅晋升为","0","2","2"
"仆射王僧虔为尚书左仆","0","2","2"
"射王僧虔为尚书左仆射","0","2","2"
"元徽四年十一月乙巳曰","0","2","2"
"州刺史南平王刘铄献上","0","2","2"
"置压四方的刺史郡守和","0","2","2"
"压四方的刺史郡守和在","0","2","2"
"四方的刺史郡守和在朝","0","2","2"
"方的刺史郡守和在朝的","0","2","2"
"的刺史郡守和在朝的大","0","2","2"
"刺史郡守和在朝的大臣","0","2","2"
"君臣的名分确定了．产","0","2","2"
"臣的名分确定了．产担","0","2","2"
"的名分确定了．产担在","0","2","2"
"名分确定了．产担在朝","0","2","2"
"分确定了．产担在朝中","0","2","2"
"确定了．产担在朝中地","0","2","2"
"定了．产担在朝中地位","0","2","2"
"了．产担在朝中地位低","0","2","2"
"议论的人以为贼寇听说","0","2","2"
"论的人以为贼寇听说大","0","2","2"
"的人以为贼寇听说大军","0","2","2"
"人以为贼寇听说大军速","0","2","2"
"以为贼寇听说大军速出","0","2","2"
"岸上的车队预先准备火","0","2","2"
"上的车队预先准备火器","0","2","2"
"南兖州刺史檀道济为征","0","2","2"
"州刺史彭城王义康晋升","0","2","2"
"刺史彭城王义康晋升为","0","2","2"
"河西王派遣使者来进献","0","2","2"
"西王派遣使者来进献特","0","2","2"
"诃罗单国派使者来进献","0","2","2"
"罗单国派使者来进献特","0","2","2"
"单国派使者来进献特产","0","2","2"
"狮子国派使者来进献特","0","2","2"
"子国派使者来进献特产","0","2","2"
"国派遣使者来进献特产","0","2","2"
"南国派使者来进献特产","0","2","2"
"国都派使者来进献特产","0","2","2"
"南兖州刺史临川王义庆","0","2","2"
"徐兖二州刺史武陵王骏","0","2","2"
"兖二州刺史武陵王骏降","0","2","2"
"二州刺史武陵王骏降为","0","2","2"
"荆州刺史南谯王义宣为","0","2","2"
"委任领军将军刘遵考为","0","2","2"
"东海王礻韦为抚军将军","0","2","2"
"建平王宏加封为中书监","0","2","2"
"领军将军柳元景加封为","0","2","2"
"利国派使者来进献特产","0","2","2"
"太宰江夏王义恭加封为","0","2","2"
"大明三年以前的旧租旧","0","2","2"
"左军司马崔道固任冀州","0","2","2"
"军司马崔道固任冀州刺","0","2","2"
"司马崔道固任冀州刺史","0","2","2"
"雍梁南北秦四州郢州的","0","2","2"
"梁南北秦四州郢州的竟","0","2","2"
"南北秦四州郢州的竟陵","0","2","2"
"豫州刺史山阳王休改任","0","2","2"
"巴陵王休若晋升为卫将","0","2","2"
"陵王休若晋升为卫将军","0","2","2"
"辅国将军刘面力为西伐","0","2","2"
"国将军刘面力为西伐前","0","2","2"
"将军刘面力为西伐前锋","0","2","2"
"州刺史桂阳王休范晋升","0","2","2"
"刺史桂阳王休范晋升为","0","2","2"
"州分出一部设立南豫州","0","2","2"
"州刺史王玄谟为左光禄","0","2","2"
"刺史王玄谟为左光禄大","0","2","2"
"史王玄谟为左光禄大夫","0","2","2"
"州刺史巴陵王休若晋升","0","2","2"
"刺史巴陵王休若晋升为","0","2","2"
"任命越骑校尉周宁民为","0","2","2"
"湘州刺史巴陵王休若为","0","2","2"
"索虏派使者来进献特产","0","2","2"
"右光禄大夫刘遵考改任","0","2","2"
"光禄大夫刘遵考改任左","0","2","2"
"禄大夫刘遵考改任左光","0","2","2"
"大夫刘遵考改任左光禄","0","2","2"
"夫刘遵考改任左光禄大","0","2","2"
"刘遵考改任左光禄大夫","0","2","2"
"州刺史建平王景素晋升","0","2","2"
"刺史建平王景素晋升为","0","2","2"
"荆州刺史沈攸之晋升为","0","2","2"
"南豫州刺史建平王景素","0","2","2"
"郢州刺史晋熙王燮晋升","0","2","2"
"扬州刺史安成王晋升为","0","2","2"
"交州刺史沈景德为广州","0","2","2"
"州刺史沈景德为广州刺","0","2","2"
"刺史沈景德为广州刺史","0","2","2"
"雍州刺史张敬儿晋升为","0","2","2"
"为十七万七千一百四十","0","2","2"
"十二律管轮转后又重新","0","2","2"
"轮转一周后又回到宫音","0","2","2"
"与以建寅之月为正月的","0","2","2"
"斗宿宿度奇零部分太大","0","2","2"
"该数的求得是取一纪的","0","2","2"
"数的求得是取一纪的积","0","2","2"
"的求得是取一纪的积月","0","2","2"
"求得是取一纪的积月数","0","2","2"
"得是取一纪的积月数乘","0","2","2"
"是取一纪的积月数乘以","0","2","2"
"取一纪的积月数乘以通","0","2","2"
"一纪的积月数乘以通数","0","2","2"
"纪的迟疾差率减去迟疾","0","2","2"
"的迟疾差率减去迟疾纪","0","2","2"
"迟疾差率减去迟疾纪差","0","2","2"
"余数就是该年份在相应","0","2","2"
"曰法则减去曰法并在大","0","2","2"
"减去曰法并在大余上加","0","2","2"
"去曰法并在大余上加一","0","2","2"
"法则减去曰法在大余上","0","2","2"
"的年份在相应纪中的年","0","2","2"
"就是与周正相对应的十","0","2","2"
"是与周正相对应的十一","0","2","2"
"与周正相对应的十一月","0","2","2"
"小分满气法则减去气法","0","2","2"
"分满气法则减去气法并","0","2","2"
"满气法则减去气法并在","0","2","2"
"气法则减去气法并在小","0","2","2"
"法则减去气法并在小余","0","2","2"
"则减去气法并在小余上","0","2","2"
"减去气法并在小余上加","0","2","2"
"去气法并在小余上加一","0","2","2"
"小余满纪法则减去纪法","0","2","2"
"纪法则减去纪法并在大","0","2","2"
"法则减去纪法并在大余","0","2","2"
"则减去纪法并在大余上","0","2","2"
"小余满没法则减去没法","0","2","2"
"对应的十一月朔日夜半","0","2","2"
"应的十一月朔日夜半时","0","2","2"
"的方法就可得到与周正","0","2","2"
"方法就可得到与周正对","0","2","2"
"法就可得到与周正对应","0","2","2"
"就可得到与周正对应的","0","2","2"
"可得到与周正对应的十","0","2","2"
"得到与周正对应的十一","0","2","2"
"到与周正对应的十一月","0","2","2"
"与周正对应的十一月朔","0","2","2"
"周正对应的十一月朔日","0","2","2"
"与周正对应的十一月合","0","2","2"
"周正对应的十一月合朔","0","2","2"
"月合朔时太阳月亮所共","0","2","2"
"合朔时太阳月亮所共有","0","2","2"
"朔时太阳月亮所共有的","0","2","2"
"时太阳月亮所共有的位","0","2","2"
"太阳月亮所共有的位置","0","2","2"
"大分满纪法则减去纪法","0","2","2"
"最接近的节气的夜漏刻","0","2","2"
"所得满会通则减去会通","0","2","2"
"黄白交点在前月会合在","0","2","2"
"白交点在前月会合在后","0","2","2"
"月会合在前黄白交点在","0","2","2"
"会合在前黄白交点在后","0","2","2"
"一天就是所求年与周正","0","2","2"
"天就是所求年与周正对","0","2","2"
"就是所求年与周正对应","0","2","2"
"是所求年与周正对应的","0","2","2"
"所求年与周正对应的十","0","2","2"
"求年与周正对应的十一","0","2","2"
"年与周正对应的十一月","0","2","2"
"余满法则减去曰法并在","0","2","2"
"数满二十七则减去二十","0","2","2"
"满二十七则减去二十七","0","2","2"
"二十七则减去二十七并","0","2","2"
"十七则减去二十七并在","0","2","2"
"还有余数则将其乘以三","0","2","2"
"一百九十九万五千六百","0","2","2"
"十六天九十九万七干八","0","2","2"
"六天九十九万七干八百","0","2","2"
"天九十九万七干八百三","0","2","2"
"九十九万七干八百三十","0","2","2"
"十九万七干八百三十二","0","2","2"
"九万七干八百三十二分","0","2","2"
"运行两度一百七十九万","0","2","2"
"行两度一百七十九万五","0","2","2"
"两度一百七十九万五千","0","2","2"
"度一百七十九万五千二","0","2","2"
"一百七十九万五千二百","0","2","2"
"七十二天一百七十九万","0","2","2"
"十二天一百七十九万二","0","2","2"
"二天一百七十九万二千","0","2","2"
"天一百七十九万二千六","0","2","2"
"一百七十九万二千六百","0","2","2"
"五十六度一百二十四万","0","2","2"
"十六度一百二十四万九","0","2","2"
"六度一百二十四万九千","0","2","2"
"度一百二十四万九千三","0","2","2"
"一百二十四万九千三百","0","2","2"
"十九天三百八十四万七","0","2","2"
"九天三百八十四万七千","0","2","2"
"天三百八十四万七千六","0","2","2"
"运行了两度六百四十九","0","2","2"
"行了两度六百四十九万","0","2","2"
"每天运行十七分之一度","0","2","2"
"每天运行四十五分之三","0","2","2"
"天运行四十五分之三十","0","2","2"
"运行四十五分之三十三","0","2","2"
"行四十五分之三十三度","0","2","2"
"每天运行一又九十一分","0","2","2"
"天运行一又九十一分之","0","2","2"
"运行一又九十一分之二","0","2","2"
"行一又九十一分之二十","0","2","2"
"一又九十一分之二十一","0","2","2"
"又九十一分之二十一度","0","2","2"
"四十二天十九万四千九","0","2","2"
"十二天十九万四千九百","0","2","2"
"二天十九万四千九百九","0","2","2"
"天十九万四千九百九十","0","2","2"
"运行了五十二度十九万","0","2","2"
"行了五十二度十九万四","0","2","2"
"了五十二度十九万四千","0","2","2"
"四十五天中运行三十三","0","2","2"
"十五天中运行三十三度","0","2","2"
"又经过一合而完成一终","0","2","2"
"每天运行一又十八分之","0","2","2"
"天运行一又十八分之四","0","2","2"
"运行一又十八分之四度","0","2","2"
"八天二千零三十四万四","0","2","2"
"天二千零三十四万四千","0","2","2"
"三十六度二千零三十四","0","2","2"
"十六度二千零三十四万","0","2","2"
"六度二千零三十四万四","0","2","2"
"度二千零三十四万四千","0","2","2"
"万四千二百六十一分后","0","2","2"
"黄昏时大火星在正南方","0","2","2"
"昏时大火星在正南方的","0","2","2"
"时大火星在正南方的天","0","2","2"
"大火星在正南方的天空","0","2","2"
"火星在正南方的天空中","0","2","2"
"冬至时太阳在斗宿十七","0","2","2"
"至时太阳在斗宿十七度","0","2","2"
"与何承天所上表中相同","0","2","2"
"用月食来检测太阳位置","0","2","2"
"小余满曰法则减去曰法","0","2","2"
"与干支名称对应并向外","0","2","2"
"干支名称对应并向外推","0","2","2"
"支名称对应并向外推一","0","2","2"
"名称对应并向外推一天","0","2","2"
"称对应并向外推一天就","0","2","2"
"应并向外推一天就是所","0","2","2"
"并向外推一天就是所求","0","2","2"
"向外推一天就是所求年","0","2","2"
"满度法则减去度法并在","0","2","2"
"和前面所述同样处理就","0","2","2"
"前面所述同样处理就得","0","2","2"
"面所述同样处理就得到","0","2","2"
"所述同样处理就得到雨","0","2","2"
"述同样处理就得到雨水","0","2","2"
"余不够减时可在大余上","0","2","2"
"每经过一宿则减去其宿","0","2","2"
"经过一宿则减去其宿度","0","2","2"
"最后得到不满一宿的值","0","2","2"
"就是正月朔夜半时太阳","0","2","2"
"是正月朔夜半时太阳所","0","2","2"
"正月朔夜半时太阳所在","0","2","2"
"月朔夜半时太阳所在位","0","2","2"
"朔夜半时太阳所在位置","0","2","2"
"夜半时太阳所在位置的","0","2","2"
"半时太阳所在位置的度","0","2","2"
"时太阳所在位置的度分","0","2","2"
"太阳所在位置的度分数","0","2","2"
"阳所在位置的度分数了","0","2","2"
"经过室宿时需减去度分","0","2","2"
"与黄白交点相距的分数","0","2","2"
"一天就是需求年份正月","0","2","2"
"余满曰法则减去曰法并","0","2","2"
"到元嘉二十年癸未岁包","0","2","2"
"元嘉二十年癸未岁包括","0","2","2"
"嘉二十年癸未岁包括该","0","2","2"
"二十年癸未岁包括该年","0","2","2"
"十年癸未岁包括该年有","0","2","2"
"用前述的方法对应就得","0","2","2"
"前述的方法对应就得到","0","2","2"
"述的方法对应就得到行","0","2","2"
"的方法对应就得到行星","0","2","2"
"方法对应就得到行星出","0","2","2"
"法对应就得到行星出现","0","2","2"
"对应就得到行星出现的","0","2","2"
"运行了三十三度和度余","0","2","2"
"运行了四百一十四度和","0","2","2"
"行了四百一十四度和度","0","2","2"
"了四百一十四度和度余","0","2","2"
"四百一十四度和度余三","0","2","2"
"百一十四度和度余三万","0","2","2"
"了四十九度和度余一万","0","2","2"
"一终有三百七十八天和","0","2","2"
"每天运行一又十三分之","0","2","2"
"一终有五百八十三天和","0","2","2"
"终有五百八十三天和曰","0","2","2"
"有五百八十三天和曰余","0","2","2"
"了二百一十八度和度余","0","2","2"
"十七天和余七万一千二","0","2","2"
"七天和余七万一千二百","0","2","2"
"十八天中运行了二十四","0","2","2"
"八天中运行了二十四度","0","2","2"
"在十一天中后退了六度","0","2","2"
"一终有一百一十五天和","0","2","2"
"运行度数也与该数值相","0","2","2"
"行度数也与该数值相同","0","2","2"
"求月亮与黄道的角距离","0","2","2"
"用前述方法对应就得到","0","2","2"
"减去纪法并在度数上进","0","2","2"
"夜半在迟疾历中相应日","0","2","2"
"半在迟疾历中相应日期","0","2","2"
"迟疾历中相应日期的余","0","2","2"
"百零六则减去六百零六","0","2","2"
"度数及余都与开始时相","0","2","2"
"数及余都与开始时相同","0","2","2"
"天和曰余三万八千一百","0","2","2"
"和曰余三万八千一百二","0","2","2"
"曰余三万八千一百二十","0","2","2"
"天和日余三万七千一百","0","2","2"
"和日余三万七千一百一","0","2","2"
"到汉初仍然对观察天象","0","2","2"
"汉初仍然对观察天象不","0","2","2"
"初仍然对观察天象不很","0","2","2"
"仍然对观察天象不很了","0","2","2"
"然对观察天象不很了解","0","2","2"
"的冬至点位置就与古历","0","2","2"
"冬至点位置就与古历是","0","2","2"
"至点位置就与古历是相","0","2","2"
"点位置就与古历是相符","0","2","2"
"位置就与古历是相符的","0","2","2"
"黄昏时昴星在正南方天","0","2","2"
"昏时昴星在正南方天空","0","2","2"
"时昴星在正南方天空中","0","2","2"
"取的方法所得位置几乎","0","2","2"
"的方法所得位置几乎相","0","2","2"
"方法所得位置几乎相差","0","2","2"
"经过四十五年九个月就","0","2","2"
"过四十五年九个月就要","0","2","2"
"四十五年九个月就要移","0","2","2"
"十五年九个月就要移动","0","2","2"
"五年九个月就要移动一","0","2","2"
"年九个月就要移动一度","0","2","2"
"如果像祖冲之的错误那","0","2","2"
"果像祖冲之的错误那样","0","2","2"
"像祖冲之的错误那样就","0","2","2"
"祖冲之的错误那样就会","0","2","2"
"冲之的错误那样就会出","0","2","2"
"之的错误那样就会出现","0","2","2"
"的错误那样就会出现星","0","2","2"
"错误那样就会出现星所","0","2","2"
"误那样就会出现星所在","0","2","2"
"说虚宿位于北方各宿的","0","2","2"
"虚宿位于北方各宿的中","0","2","2"
"宿位于北方各宿的中心","0","2","2"
"黑夜也没有偏差而出现","0","2","2"
"夜也没有偏差而出现光","0","2","2"
"也没有偏差而出现光亮","0","2","2"
"朔日并未出现不同的天","0","2","2"
"日并未出现不同的天象","0","2","2"
"祖冲之草率地选取甲子","0","2","2"
"冲之草率地选取甲子年","0","2","2"
"之草率地选取甲子年可","0","2","2"
"除此以外又设置了后设","0","2","2"
"此以外又设置了后设历","0","2","2"
"以外又设置了后设历元","0","2","2"
"这都是为了在实际运用","0","2","2"
"都是为了在实际运用中","0","2","2"
"是为了在实际运用中节","0","2","2"
"为了在实际运用中节省","0","2","2"
"了在实际运用中节省精","0","2","2"
"在实际运用中节省精力","0","2","2"
"不进行麻烦的虚浮推算","0","2","2"
"祖冲之既违背天象作了","0","2","2"
"冲之既违背天象作了改","0","2","2"
"之既违背天象作了改变","0","2","2"
"又随心所欲地建立规定","0","2","2"
"这是古历可疑的第一个","0","2","2"
"是古历可疑的第一个证","0","2","2"
"古历可疑的第一个证据","0","2","2"
"黄昏时位于正南方天空","0","2","2"
"昏时位于正南方天空中","0","2","2"
"皇帝便赏赐给一卮酒．","0","2","2"
"帝便赏赐给一卮酒．官","0","2","2"
"便赏赐给一卮酒．官员","0","2","2"
"赏赐给一卮酒．官员有","0","2","2"
"赐给一卮酒．官员有月","0","2","2"
"给一卮酒．官员有月令","0","2","2"
"一卮酒．官员有月令注","0","2","2"
"民间以为这是最大的忌","0","2","2"
"间以为这是最大的忌讳","0","2","2"
"刺史俸禄二千石的官员","0","2","2"
"晋武帝便依据礼制守丧","0","2","2"
"武帝便依据礼制守丧三","0","2","2"
"帝便依据礼制守丧三年","0","2","2"
"太后依丧制行服丧三年","0","2","2"
"后依丧制行服丧三年的","0","2","2"
"依丧制行服丧三年的丧","0","2","2"
"丧制行服丧三年的丧礼","0","2","2"
"返穿没有公除时的丧服","0","2","2"
"就不能为自己的私亲服","0","2","2"
"不能为自己的私亲服丧","0","2","2"
"宋孝武帝大明五年的闰","0","2","2"
"孝武帝大明五年的闰月","0","2","2"
"悬挂钟磬乐器而不演奏","0","2","2"
"如果用闰月的后一个月","0","2","2"
"没有举行以先祖配祭的","0","2","2"
"有举行以先祖配祭的祭","0","2","2"
"举行以先祖配祭的祭祀","0","2","2"
"由太尉第二次献酒告祭","0","2","2"
"是由太尉掌管第二次献","0","2","2"
"由太尉掌管第二次献酒","0","2","2"
"太尉掌管第二次献酒告","0","2","2"
"尉掌管第二次献酒告祭","0","2","2"
"光禄掌管第三次献酒告","0","2","2"
"禄掌管第三次献酒告祭","0","2","2"
"的神主牌位从庙中迁出","0","2","2"
"府君的神主牌位又被迁","0","2","2"
"君的神主牌位又被迁出","0","2","2"
"摆设干肉及肉酱以祭奠","0","2","2"
"就为此三个月不举行祭","0","2","2"
"为此三个月不举行祭祀","0","2","2"
"也不应派三公九卿代理","0","2","2"
"不应派三公九卿代理主","0","2","2"
"应派三公九卿代理主祭","0","2","2"
"孝武皇帝对于皇上来说","0","2","2"
"昭皇太后对于皇上来说","0","2","2"
"国臣按照临时制订的办","0","2","2"
"臣按照临时制订的办法","0","2","2"
"太学博士虞稣发表意见","0","2","2"
"毂头与轭之末都用玉饰","0","2","2"
"用黄金涂饰车辕及衡端","0","2","2"
"古时候诸侯有贰车九乘","0","2","2"
"亲自祭祀蚕神时的服装","0","2","2"
"侍卫及在皇帝出行仪仗","0","2","2"
"卫及在皇帝出行仪仗队","0","2","2"
"御前侍卫及在皇帝出行","0","2","2"
"穿单衣戴白蛤用于吉庆","0","2","2"
"尊生母陈贵妃为皇太妃","0","2","2"
"作为殿中皇上用膳时进","0","2","2"
"为殿中皇上用膳时进食","0","2","2"
"殿中皇上用膳时进食之","0","2","2"
"中皇上用膳时进食之乐","0","2","2"
"用黏土烧制的器皿作礼","0","2","2"
"黏土烧制的器皿作礼器","0","2","2"
"不知道哪一种是正确的","0","2","2"
"有三十六个簧片称为竽","0","2","2"
"上为雅乐正旦大会行礼","0","2","2"
"为雅乐正旦大会行礼诗","0","2","2"
"有什么地方不受它照耀","0","2","2"
"天赐的福禄由此刚起始","0","2","2"
"一百八十二度又十二分","0","2","2"
"百八十二度又十二分之","0","2","2"
"八十二度又十二分之七","0","2","2"
"九十一度又十二分之四","0","2","2"
"点与赤道相去二十四度","0","2","2"
"运行一百四十六度又十","0","2","2"
"行一百四十六度又十二","0","2","2"
"一百四十六度又十二分","0","2","2"
"百四十六度又十二分之","0","2","2"
"四十六度又十二分之一","0","2","2"
"运行二百一十九度又十","0","2","2"
"行二百一十九度又十二","0","2","2"
"二百一十九度又十二分","0","2","2"
"百一十九度又十二分之","0","2","2"
"一十九度又十二分之二","0","2","2"
"太阳白天在地上运行的","0","2","2"
"阳白天在地上运行的度","0","2","2"
"白天在地上运行的度数","0","2","2"
"凡是月或五大行星犯井","0","2","2"
"是月或五大行星犯井铁","0","2","2"
"有长三尺的彗星出现于","0","2","2"
"持续一百五十六天后消","0","2","2"
"续一百五十六天后消失","0","2","2"
"预示将有大的军事行动","0","2","2"
"有军队陷没将领死亡之","0","2","2"
"军队陷没将领死亡之事","0","2","2"
"队陷没将领死亡之事发","0","2","2"
"陷没将领死亡之事发生","0","2","2"
"占辞各自与前面相应天","0","2","2"
"辞各自与前面相应天象","0","2","2"
"各自与前面相应天象一","0","2","2"
"自与前面相应天象一样","0","2","2"
"火星入太微垣犯右执法","0","2","2"
"星入太微垣犯右执法星","0","2","2"
"金星白天在东井之宿出","0","2","2"
"星白天在东井之宿出现","0","2","2"
"火星入太微垣犯西蕃上","0","2","2"
"星入太微垣犯西蕃上将","0","2","2"
"入太微垣犯西蕃上将星","0","2","2"
"占辞与前面相应天象相","0","2","2"
"辞与前面相应天象相同","0","2","2"
"发兵上表请朝廷诛杀王","0","2","2"
"兵上表请朝廷诛杀王国","0","2","2"
"上表请朝廷诛杀王国宣","0","2","2"
"司马道子从此失去权势","0","2","2"
"退走交州而被交州刺史","0","2","2"
"走交州而被交州刺史杜","0","2","2"
"交州而被交州刺史杜慧","0","2","2"
"州而被交州刺史杜慧度","0","2","2"
"而被交州刺史杜慧度斩","0","2","2"
"被交州刺史杜慧度斩杀","0","2","2"
"刺史庐陵王刘义真被废","0","2","2"
"史庐陵王刘义真被废黜","0","2","2"
"当时司徒彭城王刘义康","0","2","2"
"征北大将军衡阳王刘义","0","2","2"
"北大将军衡阳王刘义季","0","2","2"
"上表请求解除自己的职","0","2","2"
"建平王刘景素占据京口","0","2","2"
"晋成帝咸和八年五月己","0","2","2"
"成帝咸和八年五月己巳","0","2","2"
"嘉二十五年五月丁丑曰","0","2","2"
"白龟出现于吴兴的余杭","0","2","2"
"嘉二十四年十月甲午曰","0","2","2"
"州刺史南谯王刘盏宣上","0","2","2"
"刺史南谯王刘盏宣上报","0","2","2"
"史南谯王刘盏宣上报朝","0","2","2"
"南谯王刘盏宣上报朝廷","0","2","2"
"白鹿出现于豫章的望蔡","0","2","2"
"荆州刺史桓玄上报朝廷","0","2","2"
"征北将军衡阳王刘义季","0","2","2"
"州刺史朱脩之献上朝廷","0","2","2"
"帝大明元年四月甲申日","0","2","2"
"南徐州刺史刘延孙献上","0","2","2"
"徐州刺史刘延孙献上朝","0","2","2"
"州刺史刘延孙献上朝廷","0","2","2"
"帝延康元年四月丁巳曰","0","2","2"
"南豫州刺史武陵王刘骏","0","2","2"
"豫州刺史武陵王刘骏上","0","2","2"
"晋成帝咸和九年五月癸","0","2","2"
"成帝咸和九年五月癸酉","0","2","2"
"永嘉王刘子仁献上朝廷","0","2","2"
"州刺史建安王刘休仁献","0","2","2"
"刺史建安王刘休仁献上","0","2","2"
"史建安王刘休仁献上朝","0","2","2"
"建安王刘休仁献上朝廷","0","2","2"
"州刺史临海王刘子顼献","0","2","2"
"刺史临海王刘子顼献上","0","2","2"
"史临海王刘子顼献上朝","0","2","2"
"临海王刘子顼献上朝廷","0","2","2"
"太傅假黄铁江夏王刘义","0","2","2"
"傅假黄铁江夏王刘义恭","0","2","2"
"假黄铁江夏王刘义恭献","0","2","2"
"黄铁江夏王刘义恭献上","0","2","2"
"铁江夏王刘义恭献上朝","0","2","2"
"州刺史王玄谟献上朝廷","0","2","2"
"甘露降临于降琅的邪费","0","2","2"
"南兖州刺史江夏王刘义","0","2","2"
"州刺史江夏王刘义恭上","0","2","2"
"刺史江夏王刘义恭上报","0","2","2"
"史江夏王刘义恭上报朝","0","2","2"
"州刺史赵伯符上报朝廷","0","2","2"
"南兖州刺史临川王刘义","0","2","2"
"兖州刺史临川王刘义庆","0","2","2"
"州刺史临川王刘义庆上","0","2","2"
"江州刺史庐陵王刘绍上","0","2","2"
"州刺史庐陵王刘绍上报","0","2","2"
"刺史庐陵王刘绍上报朝","0","2","2"
"史庐陵王刘绍上报朝廷","0","2","2"
"嘉二十四年七月乙卯曰","0","2","2"
"太守历阳王刘子顼上报","0","2","2"
"守历阳王刘子顼上报朝","0","2","2"
"历阳王刘子顼上报朝廷","0","2","2"
"刺史建安王刘休仁上报","0","2","2"
"史建安王刘休仁上报朝","0","2","2"
"雍州刺史萧思话献上朝","0","2","2"
"徐州刺史臧质献上朝廷","0","2","2"
"太尉江夏王刘义恭上报","0","2","2"
"尉江夏王刘义恭上报朝","0","2","2"
"籍田令褚熙伯献上朝廷","0","2","2"
"刺史南谯王刘义宣献上","0","2","2"
"史南谯王刘义宣献上朝","0","2","2"
"南谯王刘义宣献上朝廷","0","2","2"
"巴陵王刘休若献上朝廷","0","2","2"
"江州刺史建平王刘宏上","0","2","2"
"州刺史建平王刘宏上报","0","2","2"
"刺史建平王刘宏上报朝","0","2","2"
"史建平王刘宏上报朝廷","0","2","2"
"永嘉郡后池的芙蓉二花","0","2","2"
"嘉郡后池的芙蓉二花同","0","2","2"
"郡后池的芙蓉二花同一","0","2","2"
"冀二州刺史刘道隆献上","0","2","2"
"二州刺史刘道隆献上朝","0","2","2"
"州刺史广陵王刘诞献上","0","2","2"
"刺史广陵王刘诞献上朝","0","2","2"
"史广陵王刘诞献上朝廷","0","2","2"
"南兖州刺史竟陵王刘诞","0","2","2"
"江州刺史南谯王刘义宣","0","2","2"
"荆州刺史朱脩之上报朝","0","2","2"
"州刺史朱脩之上报朝廷","0","2","2"
"豫州刺史寻阳王刘子房","0","2","2"
"荆州刺史临川王刘义庆","0","2","2"
"州刺史临川王刘义庆献","0","2","2"
"刺史临川王刘义庆献上","0","2","2"
"史临川王刘义庆献上朝","0","2","2"
"临川王刘义庆献上朝廷","0","2","2"
"州刺史临川王刘盏庆上","0","2","2"
"刺史临川王刘盏庆上报","0","2","2"
"史临川王刘盏庆上报朝","0","2","2"
"临川王刘盏庆上报朝廷","0","2","2"
"嘉二十四年七月乙卯日","0","2","2"
"冀州刺史垣护之上报朝","0","2","2"
"光武帝建武中元元年五","0","2","2"
"武帝建武中元元年五月","0","2","2"
"雍州刺史巴陵王刘休若","0","2","2"
"晋孝武帝太元十三年四","0","2","2"
"孝武帝太元十三年四月","0","2","2"
"元凶篡位不久就被诛除","0","2","2"
"后来司马晞果然因为逆","0","2","2"
"来司马晞果然因为逆谋","0","2","2"
"司马晞果然因为逆谋败","0","2","2"
"马晞果然因为逆谋败露","0","2","2"
"晞果然因为逆谋败露而","0","2","2"
"果然因为逆谋败露而被","0","2","2"
"然因为逆谋败露而被黜","0","2","2"
"想要明德之人却不任用","0","2","2"
"要明德之人却不任用的","0","2","2"
"军队出征超过用兵的季","0","2","2"
"队出征超过用兵的季节","0","2","2"
"朝廷军队西进征讨司马","0","2","2"
"廷军队西进征讨司马休","0","2","2"
"军队西进征讨司马休之","0","2","2"
"弃祭祀上天和祖宗的礼","0","2","2"
"祭祀上天和祖宗的礼仪","0","2","2"
"等州所属郡国二十处发","0","2","2"
"州所属郡国二十处发生","0","2","2"
"所属郡国二十处发生大","0","2","2"
"属郡国二十处发生大水","0","2","2"
"郡国二十处发生大水灾","0","2","2"
"是预示着任用的人中有","0","2","2"
"预示着任用的人中有奸","0","2","2"
"示着任用的人中有奸邪","0","2","2"
"元康九年十一月甲子日","0","2","2"
"东北方向发出雷鸣般的","0","2","2"
"北方向发出雷鸣般的响","0","2","2"
"方向发出雷鸣般的响声","0","2","2"
"东吴分割富春县而设立","0","2","2"
"设置义兴郡时分出独立","0","2","2"
"置义兴郡时分出独立成","0","2","2"
"义兴郡时分出独立成县","0","2","2"
"文帝元嘉十二年并入僮","0","2","2"
"帝元嘉十二年并入僮县","0","2","2"
"的士民并入当地时设立","0","2","2"
"后废帝元徽元年改属新","0","2","2"
"废帝元徽元年改属新昌","0","2","2"
"宋丢失淮北桥后设立的","0","2","2"
"丢失淮北桥后设立的侨","0","2","2"
"失淮北桥后设立的侨郡","0","2","2"
"傅亮等人同时被委于重","0","2","2"
"亮等人同时被委于重任","0","2","2"
"衡阳王刘义季的右军参","0","2","2"
"阳王刘义季的右军参军","0","2","2"
"其余应该向北请示然后","0","2","2"
"余应该向北请示然后再","0","2","2"
"应该向北请示然后再定","0","2","2"
"该向北请示然后再定夺","0","2","2"
"扬州的松滋六郡诸军事","0","2","2"
"西阳王刘子尚抚军司马","0","2","2"
"又进围在彭城的宁朔将","0","2","2"
"进围在彭城的宁朔将军","0","2","2"
"围在彭城的宁朔将军羊","0","2","2"
"在彭城的宁朔将军羊穆","0","2","2"
"彭城的宁朔将军羊穆之","0","2","2"
"会稽王的世子司马元显","0","2","2"
"王诞反复地陈说桓修和","0","2","2"
"诞反复地陈说桓修和桓","0","2","2"
"反复地陈说桓修和桓玄","0","2","2"
"复地陈说桓修和桓玄志","0","2","2"
"地陈说桓修和桓玄志趣","0","2","2"
"陈说桓修和桓玄志趣不","0","2","2"
"说桓修和桓玄志趣不同","0","2","2"
"不久又转任太尉谘议参","0","2","2"
"久又转任太尉谘议参军","0","2","2"
"抚军将军刘毅镇守姑孰","0","2","2"
"皇上又赏赐他用银装饰","0","2","2"
"上又赏赐他用银装饰的","0","2","2"
"又赏赐他用银装饰的筝","0","2","2"
"赏赐他用银装饰的筝一","0","2","2"
"赐他用银装饰的筝一面","0","2","2"
"何承天与尚书左丞谢元","0","2","2"
"承天与尚书左丞谢元一","0","2","2"
"天与尚书左丞谢元一向","0","2","2"
"与尚书左丞谢元一向关","0","2","2"
"尚书左丞谢元一向关系","0","2","2"
"书左丞谢元一向关系不","0","2","2"
"左丞谢元一向关系不好","0","2","2"
"二人互相窥伺对方辖台","0","2","2"
"人互相窥伺对方辖台的","0","2","2"
"互相窥伺对方辖台的过","0","2","2"
"相窥伺对方辖台的过失","0","2","2"
"书中说的被千人所指点","0","2","2"
"升任南谯王刘义宣司空","0","2","2"
"同时兼任他的卫军参军","0","2","2"
"元凶刘邵杀文帝自称皇","0","2","2"
"凶刘邵杀文帝自称皇帝","0","2","2"
"刘诞的檄文接着又到了","0","2","2"
"当今应该每家减轻劳役","0","2","2"
"叫敌人只调轻快骑兵三","0","2","2"
"敌人只调轻快骑兵三千","0","2","2"
"人只调轻快骑兵三千人","0","2","2"
"只调轻快骑兵三千人交","0","2","2"
"调轻快骑兵三千人交替","0","2","2"
"轻快骑兵三千人交替出","0","2","2"
"快骑兵三千人交替出入","0","2","2"
"但我们的边防已很困难","0","2","2"
"竟陵王刘诞占据广陵造","0","2","2"
"陵王刘诞占据广陵造反","0","2","2"
"新安王刘子鸾抚军中兵","0","2","2"
"安王刘子鸾抚军中兵参","0","2","2"
"王刘子鸾抚军中兵参军","0","2","2"
"太宗因此得以除掉废帝","0","2","2"
"晋安王刘子勋镇军长史","0","2","2"
"朱辅之的副将正员将军","0","2","2"
"辅之的副将正员将军皇","0","2","2"
"之的副将正员将军皇甫","0","2","2"
"的副将正员将军皇甫仲","0","2","2"
"副将正员将军皇甫仲远","0","2","2"
"申谦之副将虎贲中郎将","0","2","2"
"谦之副将虎贲中郎将徐","0","2","2"
"之副将虎贲中郎将徐稚","0","2","2"
"副将虎贲中郎将徐稚宾","0","2","2"
"将虎贲中郎将徐稚宾都","0","2","2"
"虎贲中郎将徐稚宾都战","0","2","2"
"贲中郎将徐稚宾都战死","0","2","2"
"中郎将徐稚宾都战死了","0","2","2"
"殷孝祖的支军将领范潜","0","2","2"
"孝祖的支军将领范潜带","0","2","2"
"祖的支军将领范潜带领","0","2","2"
"的支军将领范潜带领手","0","2","2"
"支军将领范潜带领手下","0","2","2"
"军将领范潜带领手下五","0","2","2"
"将领范潜带领手下五百","0","2","2"
"领范潜带领手下五百人","0","2","2"
"范潜带领手下五百人向","0","2","2"
"潜带领手下五百人向陶","0","2","2"
"带领手下五百人向陶亮","0","2","2"
"领手下五百人向陶亮投","0","2","2"
"手下五百人向陶亮投降","0","2","2"
"杜幼文用这机会请求做","0","2","2"
"幼文用这机会请求做黄","0","2","2"
"文用这机会请求做黄门","0","2","2"
"用这机会请求做黄门郎","0","2","2"
"建安王刘休仁叫褚渊接","0","2","2"
"安王刘休仁叫褚渊接受","0","2","2"
"王刘休仁叫褚渊接受将","0","2","2"
"刘休仁叫褚渊接受将帅","0","2","2"
"休仁叫褚渊接受将帅的","0","2","2"
"仁叫褚渊接受将帅的要","0","2","2"
"叫褚渊接受将帅的要求","0","2","2"
"寻阳王刘子房冠军司马","0","2","2"
"安都被任命为右军将军","0","2","2"
"薛安都再次率领骑兵作","0","2","2"
"安都再次率领骑兵作为","0","2","2"
"都再次率领骑兵作为王","0","2","2"
"再次率领骑兵作为王玄","0","2","2"
"次率领骑兵作为王玄谟","0","2","2"
"率领骑兵作为王玄谟的","0","2","2"
"领骑兵作为王玄谟的支","0","2","2"
"骑兵作为王玄谟的支队","0","2","2"
"他的伯父袁洵便是袁顗","0","2","2"
"的伯父袁洵便是袁顗的","0","2","2"
"伯父袁洵便是袁顗的父","0","2","2"
"父袁洵便是袁顗的父亲","0","2","2"
"西阳王刘子尚北中郎长","0","2","2"
"阳王刘子尚北中郎长史","0","2","2"
"则对于琅笽王不应加以","0","2","2"
"对于琅笽王不应加以敬","0","2","2"
"于琅笽王不应加以敬礼","0","2","2"
"如今如果允许按丁收米","0","2","2"
"今如果允许按丁收米税","0","2","2"
"同时兼任中书通事舍人","0","2","2"
"三州豫州的颍川兖州的","0","2","2"
"州豫州的颍川兖州的陈","0","2","2"
"豫州的颍川兖州的陈留","0","2","2"
"吐伐斤乘胜以骑兵三万","0","2","2"
"伐斤乘胜以骑兵三万讨","0","2","2"
"斤乘胜以骑兵三万讨伐","0","2","2"
"乘胜以骑兵三万讨伐赫","0","2","2"
"胜以骑兵三万讨伐赫连","0","2","2"
"以骑兵三万讨伐赫连定","0","2","2"
"赫连定在陇山弹筝谷设","0","2","2"
"连定在陇山弹筝谷设伏","0","2","2"
"定在陇山弹筝谷设伏袭","0","2","2"
"在陇山弹筝谷设伏袭击","0","2","2"
"陇山弹筝谷设伏袭击魏","0","2","2"
"山弹筝谷设伏袭击魏兵","0","2","2"
"南大将军开府仪同三司","0","2","2"
"江州刺史晋安王刘子勋","0","2","2"
"南淮王刘义宣的儿子们","0","2","2"
"左军王正见为太子左卫","0","2","2"
"军王正见为太子左卫帅","0","2","2"
"刺史彭城王刘义康叫部","0","2","2"
"史彭城王刘义康叫部属","0","2","2"
"彭城王刘义康叫部属献","0","2","2"
"城王刘义康叫部属献计","0","2","2"
"王刘义康叫部属献计解","0","2","2"
"刘义康叫部属献计解决","0","2","2"
"义康叫部属献计解决人","0","2","2"
"康叫部属献计解决人民","0","2","2"
"叫部属献计解决人民的","0","2","2"
"部属献计解决人民的疾","0","2","2"
"属献计解决人民的疾苦","0","2","2"
"朝廷应该命令自己的下","0","2","2"
"廷应该命令自己的下属","0","2","2"
"允许他们留下一年的储","0","2","2"
"许他们留下一年的储蓄","0","2","2"
"这是可行于千百年的好","0","2","2"
"是可行于千百年的好法","0","2","2"
"可行于千百年的好法子","0","2","2"
