"N-gram","原文","翻译","Total"
"开府仪同三","78","83","161"
"府仪同三司","78","83","161"
"晋武帝太康","80","77","157"
"南徐州刺史","56","54","110"
"江夏王义恭","77","31","108"
"宋文帝元嘉","52","51","103"
"南豫州刺史","48","54","102"
"孝武帝大明","40","56","96"
"南兖州刺史","0","86","86"
"尚书左仆射","42","43","85"
"外散骑侍郎","43","41","84"
"员外散骑侍","43","40","83"
"元年十二月","42","41","83"
"南兗州刺史","81","1","82"
"左光禄大夫","40","41","81"
"尚书右仆射","37","40","77"
"后废帝元徽","35","33","68"
"骠骑大将军","29","33","62"
"晋武帝泰始","32","30","62"
"晋惠帝元康","31","31","62"
"发生大水灾","0","61","61"
"秦二州刺史","30","30","60"
"冀二州刺史","31","29","60"
"文帝元嘉十","30","30","60"
"元嘉二十五","29","30","59"
"嘉二十五年","29","30","59"
"建安王休仁","38","20","58"
"晋安帝义熙","28","29","57"
"遣使献方物","56","0","56"
"武帝太康元","28","27","55"
"帝太康元年","28","27","55"
"来进献特产","0","55","55"
"使者来进献","0","54","54"
"者来进献特","0","54","54"
"元嘉二十四","26","27","53"
"嘉二十四年","26","27","53"
"甘露降临于","0","52","52"
"元嘉二十二","24","27","51"
"嘉二十二年","24","27","51"
"晋太康地志","24","27","51"
"彭城王义康","40","10","50"
"江夏王刘义","0","50","50"
"夏王刘义恭","0","50","50"
"彗星出现于","0","50","50"
"南秦二州刺","25","24","49"
"文帝元嘉二","24","25","49"
"派使者来进","0","49","49"
"晋孝武帝太","21","26","47"
"孝武帝太元","22","25","47"
"晋元帝太兴","24","23","47"
"晋武帝咸宁","25","21","46"
"元嘉二十年","22","24","46"
"元嘉二十三","22","24","46"
"嘉二十三年","22","24","46"
"魏文帝黄初","24","21","45"
"刺史始兴王","24","21","45"
"孝武帝孝建","22","22","44"
"元年十一月","22","21","43"
"官员上奏说","0","43","43"
"白鹿出现于","0","43","43"
"右光禄大夫","20","22","42"
"帝泰始二年","22","20","42"
"二年十一月","22","20","42"
"晋成帝咸康","21","21","42"
"这天象预示","0","42","42"
"五年十一月","21","20","41"
"帝元嘉二十","20","21","41"
"元嘉二十六","19","22","41"
"嘉二十六年","19","22","41"
"豫州刺史刘","19","21","40"
"南谯王义宣","30","10","40"
"三年十一月","20","19","39"
"国遣使献方","39","0","39"
"金紫光禄大","20","18","38"
"紫光禄大夫","20","18","38"
"四年十一月","19","19","38"
"晋安帝隆安","20","18","38"
"州刺史始兴","21","17","38"
"刺史武陵王","20","18","38"
"巴陵王休若","20","17","37"
"征西大将军","18","19","37"
"州刺史武陵","19","18","37"
"桂阳王休范","21","15","36"
"三年十二月","18","18","36"
"四年十二月","17","19","36"
"武帝太康二","19","17","36"
"帝太康二年","19","17","36"
"明帝泰始二","18","17","35"
"车骑大将军","16","18","34"
"元嘉十三年","16","18","34"
"孝怀帝永嘉","17","17","34"
"元嘉十九年","16","18","34"
"元嘉二十七","14","20","34"
"嘉二十七年","14","20","34"
"国派使者来","0","34","34"
"汉代的旧县","0","34","34"
"晋愍帝建兴","17","16","33"
"州刺史南谯","18","15","33"
"刺史南谯王","18","15","33"
"主事官员上","0","33","33"
"事官员上奏","0","33","33"
"白獐出现于","0","33","33"
"白雀出现于","0","33","33"
"晋孝怀帝永","16","16","32"
"武帝大明元","15","17","32"
"元嘉十八年","15","17","32"
"临川王义庆","23","8","31"
"帝大明元年","15","16","31"
"始兴王刘浚","0","31","31"
"将军柳元景","15","15","30"
"年十一月癸","15","15","30"
"宋武帝永初","15","15","30"
"晋安帝元兴","15","15","30"
"武帝太元十","14","16","30"
"太宰江夏王","15","15","30"
"元嘉二十九","13","17","30"
"嘉二十九年","13","17","30"
"晋明帝太宁","14","15","29"
"衡阳王义季","20","9","29"
"始元年十二","14","14","28"
"元嘉二十一","14","14","28"
"嘉二十一年","14","14","28"
"太子中庶子","13","14","27"
"元嘉十二年","13","14","27"
"扬州刺史始","14","13","27"
"史始兴王浚","23","4","27"
"晋安王子勋","20","7","27"
"泰始元年十","14","13","27"
"军中兵参军","13","14","27"
"为广州刺史","0","27","27"
"征南大将军","13","13","26"
"晋穆帝升平","13","13","26"
"加散骑常侍","20","6","26"
"吴孙权赤乌","13","13","26"
"星白天出现","0","26","26"
"元嘉十四年","10","15","25"
"晋成帝咸和","0","25","25"
"彭城王刘义","0","25","25"
"城王刘义康","0","25","25"
"汉章帝元和","0","25","25"
"此天象预示","0","25","25"
"建平王景素","14","10","24"
"康元年三月","12","12","24"
"元嘉二十八","10","14","24"
"史南谯王义","18","6","24"
"州刺史刘道","12","12","24"
"元嘉十七年","9","15","24"
"刺史桂阳王","12","11","23"
"帝永康元年","12","11","23"
"嘉二十八年","9","14","23"
"二年十二月","11","12","23"
"宰江夏王义","14","9","23"
"帝泰始元年","12","11","23"
"元嘉十一年","11","12","23"
"为豫州刺史","0","23","23"
"将军檀道济","9","13","22"
"光禄大夫王","11","11","22"
"年十二月戊","11","11","22"
"康元年四月","11","11","22"
"晋元帝永昌","11","11","22"
"将军王玄谟","11","11","22"
"太尉江夏王","11","11","22"
"二州诸军事","12","10","22"
"永初郡国志","1","21","22"
"为领军将军","0","22","22"
"太祖文皇帝","11","10","21"
"刺史彭城王","12","9","21"
"州刺史桂阳","12","9","21"
"魏明帝景初","12","9","21"
"武帝咸宁元","10","11","21"
"帝咸宁元年","10","11","21"
"帝建武元年","10","11","21"
"年十一月乙","10","11","21"
"刺史刘道隆","11","10","21"
"月二十四日","4","17","21"
"金星白天出","0","21","21"
"为雍州刺史","0","21","21"
"有彗星出现","0","21","21"
"在大余上加","0","21","21"
"建安王刘休","0","21","21"
"安王刘休仁","0","21","21"
"州刺史王玄","10","10","20"
"史桂阳王休","12","8","20"
"进贤一梁冠","10","10","20"
"帝元康元年","10","10","20"
"武帝永初元","10","10","20"
"帝永初元年","10","10","20"
"武帝孝建元","10","10","20"
"帝孝建元年","10","10","20"
"废帝元徽元","10","10","20"
"帝元徽元年","10","10","20"
"年十一月辛","11","9","20"
"前废帝永光","10","10","20"
"帝永光元年","10","10","20"
"兗二州刺史","20","0","20"
"刺史庐陵王","11","9","20"
"刺史临川王","10","10","20"
"武帝泰始元","10","10","20"
"进贤两梁冠","9","11","20"
"十四年七月","10","10","20"
"尚书吏部郎","10","10","20"
"为徐州刺史","0","20","20"
"为湘州刺史","0","20","20"
"为平西将军","0","20","20"
"犯右执法星","0","20","20"
"为南兖州刺","0","20","20"
"有关部门上","0","20","20"
"关部门上奏","0","20","20"
"金星白天在","0","20","20"
"查占书可知","0","20","20"
"食邑五百户","11","8","19"
"州刺史彭城","12","7","19"
"荆州刺史南","10","9","19"
"山阳王休祐","17","2","19"
"北秦州刺史","10","9","19"
"千九百九十","10","9","19"
"晋惠帝永兴","10","9","19"
"愍帝建武元","10","9","19"
"晋惠帝太安","10","9","19"
"三州诸军事","11","8","19"
"州刺史庐陵","11","8","19"
"长沙王义欣","15","4","19"
"州刺史竟陵","10","9","19"
"刺史竟陵王","10","9","19"
"州刺史山阳","9","10","19"
"元嘉十六年","8","11","19"
"刺史巴陵王","9","10","19"
"元嘉十五年","9","10","19"
"文帝元嘉八","10","9","19"
"帝元嘉八年","10","9","19"
"汉章帝元中","19","0","19"
"为尚书右仆","0","19","19"
"为交州刺史","0","19","19"
"兖二州刺史","0","19","19"
"句每句四字","0","19","19"
"考查占书可","0","19","19"
"二次出现于","0","19","19"
"黄龙出现于","0","19","19"
"白兔出现于","0","19","19"
"距京都水路","0","19","19"
"江州刺史王","9","9","18"
"刺史王玄谟","9","9","18"
"征北大将军","9","9","18"
"州刺史沈攸","9","9","18"
"年十一月庚","9","9","18"
"帝永兴元年","9","9","18"
"扬州刺史王","10","8","18"
"康元年八月","9","9","18"
"成帝咸康元","9","9","18"
"帝咸康元年","9","9","18"
"州刺史萧思","8","10","18"
"刺史萧思话","8","10","18"
"废帝元徽三","9","9","18"
"帝元徽三年","9","9","18"
"宋孝武帝大","6","12","18"
"晋惠帝永宁","9","9","18"
"惠帝永宁元","9","9","18"
"帝永宁元年","9","9","18"
"帝永嘉元年","9","9","18"
"元帝太兴元","9","9","18"
"帝太兴元年","9","9","18"
"废帝永光元","9","9","18"
"华林园听讼","15","3","18"
"员外散骑常","8","10","18"
"外散骑常侍","8","10","18"
"州刺史临川","9","9","18"
"月二十一日","4","14","18"
"七年十一月","8","10","18"
"史武陵王骏","8","10","18"
"在迟疾历中","0","18","18"
"皇帝下诏令","0","18","18"
"为镇军将军","0","18","18"
"为益州刺史","0","18","18"
"为抚军将军","0","18","18"
"部门上奏说","0","18","18"
"章帝元和年","0","18","18"
"捕获献上朝","0","18","18"
"获献上朝廷","0","18","18"
"白虎出现于","0","18","18"
"白乌出现于","0","18","18"
"史彭城王义","12","5","17"
"三年春正月","10","7","17"
"西阳王子尚","13","4","17"
"州刺史建平","8","9","17"
"司徒左长史","8","9","17"
"泰始二年正","7","10","17"
"始二年正月","7","10","17"
"犯轩辕大星","9","8","17"
"晋愍帝建武","9","8","17"
"魏明帝青龙","10","7","17"
"晋惠帝永康","9","8","17"
"惠帝永康元","9","8","17"
"州刺史长沙","9","8","17"
"刺史长沙王","9","8","17"
"大将军彭城","9","8","17"
"将军彭城王","9","8","17"
"元嘉三十年","6","11","17"
"刺史山阳王","8","9","17"
"史巴陵王休","9","8","17"
"州刺史巴陵","8","9","17"
"太元二十一","9","8","17"
"元二十一年","9","8","17"
"魏高贵乡公","8","9","17"
"武帝太康三","9","8","17"
"帝太康三年","9","8","17"
"晋穆帝永和","0","17","17"
"南平王刘铄","0","17","17"
"为兖州刺史","0","17","17"
"出现了白雉","0","17","17"
"京都水路有","0","17","17"
"州刺史江夏","9","7","16"
"刺史江夏王","9","7","16"
"二州刺史刘","8","8","16"
"州刺史臧质","7","9","16"
"将军湘东王","8","8","16"
"将军巴陵王","8","8","16"
"军巴陵王休","8","8","16"
"刺史建平王","8","8","16"
"雍州刺史张","8","8","16"
"明帝景初元","9","7","16"
"帝景初元年","9","7","16"
"惠帝永兴元","8","8","16"
"州刺史司马","8","8","16"
"太元十七年","7","9","16"
"晋海西公太","6","10","16"
"汉安帝延光","8","8","16"
"明帝太宁元","8","8","16"
"帝太宁元年","8","8","16"
"大明元年五","8","8","16"
"明元年五月","8","8","16"
"帝咸宁二年","9","7","16"
"年十二月己","8","8","16"
"惠帝元康元","8","8","16"
"怀帝永嘉元","8","8","16"
"帝元嘉十二","8","8","16"
"梁郡诸军事","9","7","16"
"班剑二十人","10","6","16"
"尉江夏王义","11","5","16"
"军将军柳元","8","8","16"
"太子左卫率","11","5","16"
"州刺史薛安","8","8","16"
"刺史薛安都","8","8","16"
"事黄门侍郎","8","8","16"
"万四千二百","8","8","16"
"月二十五日","5","11","16"
"晋孝武太元","13","3","16"
"年十一月戊","8","8","16"
"明帝泰豫元","8","8","16"
"帝泰豫元年","8","8","16"
"十一年五月","8","8","16"
"义熙十一年","6","10","16"
"十一年四月","8","8","16"
"二十四年七","8","8","16"
"帝下诏令说","0","16","16"
"为尚书左仆","0","16","16"
"为南豫州刺","0","16","16"
"赐给五时朝","0","16","16"
"给五时朝服","0","16","16"
"犯左执法星","0","16","16"
"句每句三字","0","16","16"
"寻阳王子房","11","4","15"
"秦河二州刺","8","7","15"
"河二州刺史","8","7","15"
"徐州刺史刘","8","7","15"
"州刺史晋熙","7","8","15"
"刺史晋熙王","7","8","15"
"千三百六十","8","7","15"
"万一千七百","7","8","15"
"帝泰始四年","7","8","15"
"武帝大明五","5","10","15"
"帝大明五年","5","10","15"
"武帝大明七","7","8","15"
"帝大明七年","7","8","15"
"五年十二月","7","8","15"
"武帝咸宁二","8","7","15"
"高祖武皇帝","7","8","15"
"辅国将军刘","7","8","15"
"史山阳王休","8","7","15"
"千二百六十","8","7","15"
"二百六十一","8","7","15"
"一百一十五","6","9","15"
"抚军中兵参","8","7","15"
"为车骑将军","0","15","15"
"史始兴王刘","0","15","15"
"在东方出现","0","15","15"
"每天运行一","0","15","15"
"又十二分之","0","15","15"
"星入太微垣","0","15","15"
"被连根拔起","0","15","15"
"刺史晋安王","7","7","14"
"州刺史王弘","7","7","14"
"永嘉王子仁","9","5","14"
"军将军褚渊","7","7","14"
"史晋熙王燮","7","7","14"
"万四千九百","7","7","14"
"年十二月甲","7","7","14"
"魏齐王嘉平","7","7","14"
"六年十一月","7","7","14"
"太元十五年","8","6","14"
"兴三年四月","7","7","14"
"安帝延光三","7","7","14"
"帝延光三年","7","7","14"
"州刺史南平","8","6","14"
"刺史南平王","8","6","14"
"康三年六月","7","7","14"
"孝武帝宁康","7","7","14"
"吴孙休永安","7","7","14"
"宁元年七月","7","7","14"
"九年十一月","7","7","14"
"年十一月甲","7","7","14"
"五年五月丁","7","7","14"
"年五月丁丑","7","7","14"
"年十二月丙","7","7","14"
"青州刺史刘","7","7","14"
"将军刘遵考","7","7","14"
"军谘议参军","6","8","14"
"豫州刺史长","7","7","14"
"平二郡太守","8","6","14"
"新安王子鸾","12","2","14"
"徐州刺史薛","7","7","14"
"司徒建安王","7","7","14"
"州刺史张敬","7","7","14"
"三十四万四","7","7","14"
"十四万四千","7","7","14"
"四万四千二","7","7","14"
"四千二百六","7","7","14"
"千二百三十","7","7","14"
"十五年五月","7","7","14"
"年二月己亥","7","7","14"
"十二月二十","3","11","14"
"安帝元兴元","7","7","14"
"帝元兴元年","7","7","14"
"武帝孝建三","7","7","14"
"帝孝建三年","7","7","14"
"太元十二年","7","7","14"
"章皇太后庙","5","9","14"
"始二年六月","7","7","14"
"六年十二月","7","7","14"
"年十二月乙","7","7","14"
"十二年六月","7","7","14"
"十四年二月","7","7","14"
"十五年八月","7","7","14"
"孙皓宝鼎元","7","7","14"
"皓宝鼎元年","7","7","14"
"太尉行参军","6","8","14"
"陈郡阳夏人","7","7","14"
"食邑三百户","8","6","14"
"为司州刺史","0","14","14"
"年春正月初","0","14","14"
"有关官员上","0","14","14"
"关官员上奏","0","14","14"
"星犯舆鬼宿","0","14","14"
"之上报朝廷","0","14","14"
"帝元和年间","0","14","14"
"南谯王刘义","0","14","14"
"州刺史晋安","7","6","13"
"州刺史王仲","6","7","13"
"刺史王仲德","6","7","13"
"庐陵王义真","11","2","13"
"豫章王子尚","8","5","13"
"州刺史王景","7","6","13"
"刺史王景文","7","6","13"
"十九万四千","7","6","13"
"九万四千九","7","6","13"
"四千九百九","7","6","13"
"千八百一十","6","7","13"
"汉献帝建安","7","6","13"
"魏齐王正始","7","6","13"
"太元十六年","7","6","13"
"武帝太康五","6","7","13"
"帝太康五年","6","7","13"
"晋孝武帝宁","7","6","13"
"帝泰始五年","6","7","13"
"十年十二月","7","6","13"
"前汉属临淮","13","0","13"
"中书通事舍","7","6","13"
"书通事舍人","7","6","13"
"千八百四十","7","6","13"
"徐兗二州刺","13","0","13"
"二年春正月","9","4","13"
"史长沙王义","9","4","13"
"刺史建安王","7","6","13"
"月二十九日","6","7","13"
"万五千二百","6","7","13"
"太学博士徐","6","7","13"
"月二十八日","4","9","13"
"宋明帝泰始","6","7","13"
"帝元嘉十三","6","7","13"
"汉献帝延康","7","6","13"
"献帝延康元","7","6","13"
"帝延康元年","7","6","13"
"元帝太兴三","8","5","13"
"帝太兴三年","8","5","13"
"帝光熙元年","6","7","13"
"太元十四年","7","6","13"
"州刺史广陵","6","7","13"
"刺史广陵王","6","7","13"
"吴孙皓宝鼎","7","6","13"
"太元十三年","6","7","13"
"月亮在黄道","0","13","13"
"为宁州刺史","0","13","13"
"京城刮大风","0","13","13"
"哥哥的儿子","0","13","13"
"建平王刘宏","0","13","13"
"府君的神主","0","13","13"
"武陵王刘骏","0","13","13"
"谯王刘义宣","0","13","13"
"晋安王刘子","0","13","13"
"安王刘子勋","0","13","13"
"州刺史刘粹","6","6","12"
"青冀二州刺","5","7","12"
"食邑二千户","6","6","12"
"护军将军褚","6","6","12"
"万五千六百","6","6","12"
"千六百二十","6","6","12"
"千六百六十","6","6","12"
"万五千三百","6","6","12"
"元元年五月","6","6","12"
"魏元帝咸熙","6","6","12"
"史南平王铄","8","4","12"
"武帝大明三","6","6","12"
"帝大明三年","6","6","12"
"帝升明元年","6","6","12"
"元年四月丁","6","6","12"
"七年十二月","6","6","12"
"安帝义熙元","6","6","12"
"帝义熙元年","6","6","12"
"十六年三月","6","6","12"
"愍帝建兴二","6","6","12"
"帝建兴二年","6","6","12"
"十七年六月","6","6","12"
"十二年四月","6","6","12"
"吴孙亮建兴","6","6","12"
"康元年七月","7","5","12"
"孝武大明元","7","5","12"
"武大明元年","7","5","12"
"南东海太守","7","5","12"
"书右仆射刘","6","6","12"
"年春正月辛","11","1","12"
"高丽国遣使","11","1","12"
"王遣使献方","12","0","12"
"史临川王义","10","2","12"
"军彭城王义","9","3","12"
"南北秦四州","7","5","12"
"州刺史建安","7","5","12"
"史竟陵王诞","9","3","12"
"宁朔将军刘","6","6","12"
"临海王子顼","8","4","12"
"豫州刺史山","6","6","12"
"十一月二十","5","7","12"
"十三年十二","6","6","12"
"始二年八月","6","6","12"
"尚书祠部郎","6","6","12"
"太常丞庾蔚","7","5","12"
"明帝太宁三","6","6","12"
"帝太宁三年","6","6","12"
"年六月庚子","6","6","12"
"十五年四月","6","6","12"
"始二年五月","6","6","12"
"康元年五月","6","6","12"
"星犯左执法","2","10","12"
"晋惠帝光熙","6","6","12"
"惠帝光熙元","6","6","12"
"三年六月辛","6","6","12"
"年六月甲寅","6","6","12"
"晋怀帝永嘉","6","6","12"
"少帝景平元","6","6","12"
"帝景平元年","6","6","12"
"二十四年二","6","6","12"
"十九年五月","6","6","12"
"年四月戊辰","6","6","12"
"史刘道隆献","6","6","12"
"元帝太兴四","6","6","12"
"帝太兴四年","6","6","12"
"帝元嘉十八","6","6","12"
"太子中舍人","6","6","12"
"二郡诸军事","6","6","12"
"新蔡二郡太","6","6","12"
"蔡二郡太守","6","6","12"
"为冀州刺史","0","12","12"
"衡阳王刘义","0","12","12"
"阳王刘义季","0","12","12"
"出一部分设","0","12","12"
"每天运行十","0","12","12"
"运行的度数","0","12","12"
"第二次献酒","0","12","12"
"这篇相当于","0","12","12"
"度又十二分","0","12","12"
"竟陵王刘诞","0","12","12"
"凤凰停留在","0","12","12"
"出现于郡国","0","12","12"
"临川王刘义","0","12","12"
"川王刘义庆","0","12","12"
"树木被连根","0","12","12"
"木被连根拔","0","12","12"
"前汉时隶属","0","12","12"
"冠军将军刘","5","6","11"
"军将军刘毅","4","7","11"
"史江夏王义","8","3","11"
"将军建安王","5","6","11"
"州刺史沈文","6","5","11"
"刺史沈文秀","6","5","11"
"西秦河二州","6","5","11"
"史建平王景","6","5","11"
"帝泰始三年","6","5","11"
"文帝黄初三","7","4","11"
"帝黄初三年","7","4","11"
"星犯轩辕大","3","8","11"
"十一年三月","5","6","11"
"十四年正月","5","6","11"
"十三年二月","5","6","11"
"十八年二月","5","6","11"
"康八年九月","5","6","11"
"元元年二月","6","5","11"
"康六年三月","6","5","11"
"元帝永昌二","5","6","11"
"帝永昌二年","5","6","11"
"太元二十年","5","6","11"
"废帝元徽二","6","5","11"
"帝元徽二年","6","5","11"
"千六百八十","6","5","11"
"尚书都官郎","6","5","11"
"兴元年正月","6","5","11"
"抚军将军刘","5","6","11"
"尚书令傅亮","5","6","11"
"徐州刺史王","5","6","11"
"镇北大将军","6","5","11"
"雍州刺史刘","5","6","11"
"雍州刺史武","6","5","11"
"史庐陵王绍","8","3","11"
"左仆射建平","6","5","11"
"仆射建平王","6","5","11"
"尚书令何尚","5","6","11"
"徒建安王休","6","5","11"
"万七千一百","6","5","11"
"千三百四十","5","6","11"
"十四年十二","5","6","11"
"千二百一十","6","5","11"
"十三年七月","5","6","11"
"年十一月己","5","6","11"
"初二年六月","6","5","11"
"太白犯岁星","11","0","11"
"年八月壬子","6","5","11"
"十五年七月","6","5","11"
"太元十九年","6","5","11"
"司空竟陵王","6","5","11"
"愍帝建兴四","6","5","11"
"帝建兴四年","6","5","11"
"元帝永昌元","6","5","11"
"帝永昌元年","6","5","11"
"荆州刺史临","5","6","11"
"南台侍御史","5","6","11"
"军录事参军","5","6","11"
"食邑四百户","6","5","11"
"冬至时太阳","0","11","11"
"未成年而死","0","11","11"
"长沙王刘义","0","11","11"
"沙王刘义欣","0","11","11"
"为尚书仆射","0","11","11"
"任命左卫将","0","11","11"
"任护军将军","0","11","11"
"为镇西将军","0","11","11"
"水涌入石头","0","11","11"
"为征西将军","0","11","11"
"徐兖二州刺","0","11","11"
"任南兖州刺","0","11","11"
"到华林园听","0","11","11"
"华林园听诉","0","11","11"
"林园听诉讼","0","11","11"
"应的十一月","0","11","11"
"晨在东方出","0","11","11"
"黄昏时在西","0","11","11"
"昏时在西方","0","11","11"
"时与太阳合","0","11","11"
"不举行祭祀","0","11","11"
"年举行一次","0","11","11"
"的神主牌位","0","11","11"
"句每句五字","0","11","11"
"有军事行动","0","11","11"
"地将有战争","0","11","11"
"君主有忧患","0","11","11"
"示将有战争","0","11","11"
"这预示将有","0","11","11"
"徐羡之等人","0","11","11"
"后献上朝廷","0","11","11"
"之献上朝廷","0","11","11"
"书左仆射王","5","5","10"
"东扬州刺史","5","5","10"
"二州刺史王","5","5","10"
"州刺史义阳","5","5","10"
"刺史义阳王","5","5","10"
"扬州刺史豫","5","5","10"
"州刺史豫章","5","5","10"
"刺史豫章王","5","5","10"
"史豫章王子","5","5","10"
"大将军柳元","5","5","10"
"军建安王休","5","5","10"
"青州刺史沈","6","4","10"
"军将军齐王","5","5","10"
"镇西大将军","4","6","10"
"荆州刺史沈","5","5","10"
"万七千三百","5","5","10"
"千三百一十","6","4","10"
"千五百二十","6","4","10"
"千三百七十","5","5","10"
"万八千一百","5","5","10"
"万二千二百","5","5","10"
"千四百一十","5","5","10"
"年十一月十","5","5","10"
"万五千五百","5","5","10"
"千八百三十","6","4","10"
"十八年五月","5","5","10"
"泰始三年十","5","5","10"
"四年三月癸","5","5","10"
"年正月乙卯","5","5","10"
"十一月癸巳","5","5","10"
"荆州刺史司","5","5","10"
"刺史司马休","5","5","10"
"月二十七日","2","8","10"
"十二年七月","5","5","10"
"十一月癸亥","5","5","10"
"汉宣帝元康","5","5","10"
"帝元康四年","5","5","10"
"汉光武建武","7","3","10"
"十五年十一","5","5","10"
"孝建二年三","5","5","10"
"建二年三月","5","5","10"
"年三月己酉","5","5","10"
"帝升明二年","5","5","10"
"年十二月庚","5","5","10"
"延光三年七","5","5","10"
"光三年七月","5","5","10"
"吴孙权黄武","5","5","10"
"三年正月丙","5","5","10"
"年正月丙子","5","5","10"
"康三年四月","5","5","10"
"安帝元兴三","5","5","10"
"帝元兴三年","5","5","10"
"文帝元嘉五","5","5","10"
"帝元嘉五年","5","5","10"
"九年十二月","5","5","10"
"武帝泰始四","5","5","10"
"太康二年六","5","5","10"
"康二年六月","5","5","10"
"怀帝永嘉四","5","5","10"
"帝永嘉四年","5","5","10"
"年十二月壬","5","5","10"
"涛水入石头","10","0","10"
"帝元康二年","5","5","10"
"年十月庚午","5","5","10"
"兴元年七月","5","5","10"
"安帝元兴二","5","5","10"
"帝元兴二年","5","5","10"
"太康十年十","5","5","10"
"太元十一年","5","5","10"
"三年三月戊","5","5","10"
"武帝太康四","6","4","10"
"帝太康四年","6","4","10"
"千九百六十","6","4","10"
"号征虏将军","4","6","10"
"御史中丞王","5","5","10"
"命辅国将军","1","9","10"
"州刺史檀道","5","5","10"
"刺史檀道济","5","5","10"
"南大将军檀","5","5","10"
"大将军檀道","5","5","10"
"太子詹事刘","5","5","10"
"州刺史衡阳","6","4","10"
"刺史衡阳王","6","4","10"
"史衡阳王义","6","4","10"
"州刺史赵伯","5","5","10"
"刺史赵伯符","5","5","10"
"将军萧思话","5","5","10"
"十二月戊午","6","4","10"
"太子率更令","5","5","10"
"元年春正月","5","5","10"
"安陆王子绥","6","4","10"
"刺史临海王","4","6","10"
"史晋安王子","6","4","10"
"军将军王玄","5","5","10"
"官散骑常侍","1","9","10"
"大明七年正","5","5","10"
"明七年正月","5","5","10"
"天正十一月","10","0","10"
"十九万五千","5","5","10"
"千一百七十","5","5","10"
"万九千三百","5","5","10"
"千一百二十","6","4","10"
"百六十一分","5","5","10"
"万一千二百","5","5","10"
"大明五年十","5","5","10"
"明二年正月","4","6","10"
"博士司马兴","6","4","10"
"年正月乙亥","5","5","10"
"康七年五月","5","5","10"
"孝建三年五","5","5","10"
"建三年五月","5","5","10"
"泰始二年六","5","5","10"
"二年六月丁","5","5","10"
"大明七年十","5","5","10"
"二十五年四","5","5","10"
"武帝永初二","5","5","10"
"帝永初二年","5","5","10"
"虎贲中郎将","5","5","10"
"大明六年八","5","5","10"
"明六年八月","5","5","10"
"年五月甲戌","5","5","10"
"三句句四字","10","0","10"
"二年五月丁","5","5","10"
"孙权赤乌十","5","5","10"
"年七月乙卯","5","5","10"
"十二年二月","5","5","10"
"太元十八年","5","5","10"
"年六月壬寅","5","5","10"
"泰始二年七","5","5","10"
"始二年七月","5","5","10"
"二十五年五","5","5","10"
"二十五年八","5","5","10"
"武帝孝建二","5","5","10"
"帝孝建二年","5","5","10"
"始兴王浚闻","10","0","10"
"元年五月戊","5","5","10"
"年五月癸酉","5","5","10"
"园丞梅道念","6","4","10"
"十六年五月","5","5","10"
"年五月甲申","5","5","10"
"园丞陈袭祖","6","4","10"
"四年七月乙","5","5","10"
"吴孙亮五凤","5","5","10"
"康九年六月","5","5","10"
"龙骧将军陈","5","5","10"
"有关官员代","0","10","10"
"成年而死者","0","10","10"
"有见识的人","0","10","10"
"赵王司马伦","0","10","10"
"为护军将军","0","10","10"
"为青州刺史","0","10","10"
"命左卫将军","0","10","10"
"为开府仪同","0","10","10"
"第二个儿子","0","10","10"
"戴进贤一梁","0","10","10"
"海西公太和","0","10","10"
"州发生大水","0","10","10"
"江水涌入石","0","10","10"
"涌入石头城","0","10","10"
"为中军将军","0","10","10"
"为左光禄大","0","10","10"
"为安西将军","0","10","10"
"高丽国派使","0","10","10"
"夏四月二十","0","10","10"
"为江州刺史","0","10","10"
"东海王礻韦","0","10","10"
"二十四节气","0","10","10"
"小余上加一","0","10","10"
"起作用的日","0","10","10"
"开始时与太","0","10","10"
"始时与太阳","0","10","10"
"在阴阳历中","0","10","10"
"出现于西方","0","10","10"
"三句每句四","0","10","10"
"将有军事行","0","10","10"
"将有战争及","0","10","10"
"有战争及丧","0","10","10"
"天象预示将","0","10","10"
"预示将有战","0","10","10"
"讨司马休之","0","10","10"
"龙二次出现","0","10","10"
"出现的妖异","0","10","10"
"的部分地区","0","10","10"
"初三年九月","5","4","9"
"军将军谢晦","4","5","9"
"徐州刺史彭","5","4","9"
"吐谷浑慕容","5","4","9"
"州刺史刘真","4","5","9"
"刺史刘真道","4","5","9"
"号镇军将军","8","1","9"
"州刺史鲁爽","5","4","9"
"南郡王义宣","8","1","9"
"军柳元景加","5","4","9"
"军湘东王讳","9","0","9"
"江州刺史桂","5","4","9"
"郢州刺史晋","4","5","9"
"二千四百一","4","5","9"
"千一百四十","5","4","9"
"始三年十一","4","5","9"
"始二年九月","5","4","9"
"康二年正月","5","4","9"
"刺史殷仲堪","4","5","9"
"帝太始二年","4","5","9"
"始二年三月","4","5","9"
"废帝元徽四","5","4","9"
"帝元徽四年","5","4","9"
"十四年十月","4","5","9"
"安帝隆安四","5","4","9"
"帝隆安四年","5","4","9"
"帝元嘉二年","5","4","9"
"年正月戊子","4","5","9"
"康帝建元元","5","4","9"
"帝建元元年","5","4","9"
"武帝大明二","4","5","9"
"帝大明二年","4","5","9"
"前汉属东海","9","0","9"
"孝武大明五","7","2","9"
"武大明五年","7","2","9"
"豫州梁郡诸","9","0","9"
"州梁郡诸军","9","0","9"
"号辅国将军","5","4","9"
"桂阳公义真","8","1","9"
"龙骧将军刘","4","5","9"
"熙元年正月","5","4","9"
"三年五月癸","5","4","9"
"四年春正月","5","4","9"
"六年春正月","5","4","9"
"十一月癸未","6","3","9"
"太子右卫率","6","3","9"
"丽国遣使献","9","0","9"
"徐州刺史南","5","4","9"
"豫州刺史武","5","4","9"
"豫州刺史南","5","4","9"
"十二月乙未","6","3","9"
"军建平王宏","5","4","9"
"夏王义恭太","9","0","9"
"州刺史宗悫","6","3","9"
"州刺史临海","4","5","9"
"辅国将军沈","4","5","9"
"十一月戊午","5","4","9"
"州刺史刘怀","4","5","9"
"九百九十分","5","4","9"
"余四万九千","5","4","9"
"千一百一十","4","5","9"
"泰始二年八","5","4","9"
"宋孝武帝孝","4","5","9"
"文帝元嘉三","4","5","9"
"帝元嘉三年","4","5","9"
"康元年九月","4","5","9"
"安帝义熙九","5","4","9"
"帝义熙九年","5","4","9"
"元年七月辛","5","4","9"
"年正月壬辰","5","4","9"
"初元年七月","5","4","9"
"荧惑入太微","9","0","9"
"太白犯东井","9","0","9"
"十八年正月","4","5","9"
"年二月壬辰","4","5","9"
"将军衡阳王","4","5","9"
"隆安五年十","4","5","9"
"十七年五月","4","5","9"
"大明元年四","5","4","9"
"明元年四月","5","4","9"
"汉明帝永平","4","5","9"
"泰始二年五","5","4","9"
"大将军王敦","4","5","9"
"太康元年更","9","0","9"
"康元年更名","9","0","9"
"本州大中正","5","4","9"
"将军中兵参","4","5","9"
"号宁朔将军","1","8","9"
"食邑一千户","1","8","9"
"征北行参军","5","4","9"
"临海王刘子","1","8","9"
"义阳王刘昶","1","8","9"
"迟疾历中相","0","9","9"
"疾历中相应","0","9","9"
"便除去丧服","0","9","9"
"刘邵杀文帝","0","9","9"
"加官散骑常","0","9","9"
"任命辅国将","0","9","9"
"为征西大将","0","9","9"
"为骠骑大将","0","9","9"
"刺史沈攸之","0","9","9"
"前汉时属临","0","9","9"
"汉时属临淮","0","9","9"
"丽国派使者","0","9","9"
"向外推后一","0","9","9"
"法并在大余","0","9","9"
"并在大余上","0","9","9"
"大余上加一","0","9","9"
"满纪法则减","0","9","9"
"纪法则减去","0","9","9"
"法则减去纪","0","9","9"
"则减去纪法","0","9","9"
"作用的日子","0","9","9"
"迟疾历中的","0","9","9"
"在斗宿二十","0","9","9"
"宿二十一度","0","9","9"
"太阳在斗宿","0","9","9"
"出现于东方","0","9","9"
"我认为应该","0","9","9"
"祭祀的礼仪","0","9","9"
"次献酒告祭","0","9","9"
"篇相当于汉","0","9","9"
"火星入太微","0","9","9"
"大臣有忧患","0","9","9"
"金星犯轩辕","0","9","9"
"天下将有战","0","9","9"
"金星犯舆鬼","0","9","9"
"象预示将有","0","9","9"
"战争及丧乱","0","9","9"
"星犯太微垣","0","9","9"
"火星入舆鬼","0","9","9"
"说出现了白","0","9","9"
"史南谯王刘","0","9","9"
"王刘义恭的","0","9","9"
"治中从事史","0","9","9"
"是羽虫之孽","0","9","9"
"州的部分地","0","9","9"
"晋安帝时设","0","9","9"
"将军还照旧","0","9","9"
"御史中丞刘","5","3","8"
"江州刺史晋","4","4","8"
"将军刘道规","2","6","8"
"旅贲中郎将","4","4","8"
"左卫将军王","4","4","8"
"将军王仲德","4","4","8"
"军将军檀道","3","5","8"
"食邑三千户","4","4","8"
"将军裴方明","4","4","8"
"交州刺史檀","4","4","8"
"书右仆射王","4","4","8"
"州刺史西阳","5","3","8"
"刺史西阳王","5","3","8"
"骑大将军柳","4","4","8"
"军将军湘东","4","4","8"
"冀州刺史崔","4","4","8"
"州刺史崔道","4","4","8"
"刺史崔道固","4","4","8"
"卫将军巴陵","4","4","8"
"吐谷浑拾寅","4","4","8"
"尚书令袁粲","4","4","8"
"刺史蔡兴宗","4","4","8"
"丹阳秣陵县","4","4","8"
"万四千六百","4","4","8"
"千七百四十","4","4","8"
"万八千六百","4","4","8"
"千一百五十","5","3","8"
"四百一十九","4","4","8"
"十年十一月","4","4","8"
"六百六十四","4","4","8"
"年五月甲寅","4","4","8"
"年十一月丁","4","4","8"
"二年二月辛","4","4","8"
"年二月己丑","4","4","8"
"初三年正月","3","5","8"
"年五月壬戌","4","4","8"
"元帝咸熙二","4","4","8"
"帝咸熙二年","4","4","8"
"年四月乙亥","4","4","8"
"年四月丙戌","4","4","8"
"兴三年三月","4","4","8"
"嘉四年五月","4","4","8"
"十三年三月","4","4","8"
"二年三月己","4","4","8"
"文帝元嘉六","4","4","8"
"帝元嘉六年","4","4","8"
"十一月乙巳","4","4","8"
"太康四年十","4","4","8"
"十三年九月","4","4","8"
"二十四年十","4","4","8"
"四年十月甲","4","4","8"
"年十月甲午","4","4","8"
"太康六年三","4","4","8"
"晋康帝建元","5","3","8"
"兴三年五月","4","4","8"
"明帝青龙元","5","3","8"
"帝青龙元年","5","3","8"
"惠帝元康五","4","4","8"
"帝元康五年","4","4","8"
"二年正月癸","4","4","8"
"安帝义熙四","4","4","8"
"帝义熙四年","4","4","8"
"五年正月戊","4","4","8"
"宋顺帝升明","4","4","8"
"顺帝升明元","4","4","8"
"永康元年四","4","4","8"
"年四月丁巳","4","4","8"
"康五年五月","4","4","8"
"宁元年五月","4","4","8"
"晋简文帝咸","4","4","8"
"简文帝咸安","4","4","8"
"惠帝元康二","4","4","8"
"宁元年十二","4","4","8"
"二十年五月","4","4","8"
"年五月癸卯","4","4","8"
"熙元年四月","4","4","8"
"穆帝升平元","4","4","8"
"帝升平元年","4","4","8"
"十一月庚戌","5","3","8"
"嘉四年十一","4","4","8"
"八年十二月","4","4","8"
"年九月甲午","4","4","8"
"二十六年三","4","4","8"
"二年七月甲","4","4","8"
"十一月辛卯","4","4","8"
"初元年六月","4","4","8"
"年十二月辛","4","4","8"
"康八年正月","4","4","8"
"兴二年四月","4","4","8"
"大明二年四","4","4","8"
"明二年四月","4","4","8"
"年三月戊子","4","4","8"
"吴孙权黄龙","4","4","8"
"后汉属下邳","8","0","8"
"九百六十七","4","4","8"
"骑中兵参军","4","4","8"
"中外诸军事","3","5","8"
"谘议参军刘","5","3","8"
"辅国将军王","4","4","8"
"十二月丙寅","5","3","8"
"四州诸军事","4","4","8"
"车驾亲祠南","8","0","8"
"驾亲祠南郊","8","0","8"
"人赐谷五斛","4","4","8"
"南顿二郡太","4","4","8"
"顿二郡太守","4","4","8"
"尚书仆射王","4","4","8"
"青州刺史杜","4","4","8"
"州刺史杜坦","4","4","8"
"江州刺史庐","5","3","8"
"二州刺史武","4","4","8"
"宁朔将军王","4","4","8"
"朔将军王玄","4","4","8"
"将军江夏王","5","3","8"
"军江夏王义","5","3","8"
"军将军刘遵","4","4","8"
"湘州刺史建","5","3","8"
"史建安王休","7","1","8"
"州刺史硃修","8","0","8"
"州刺史刘遵","4","4","8"
"州刺史刘秀","3","5","8"
"州刺史刘延","4","4","8"
"刺史刘延孙","4","4","8"
"豫州刺史王","4","4","8"
"太傅江夏王","4","4","8"
"将军建平王","4","4","8"
"仆射刘遵考","4","4","8"
"卫将军湘东","4","4","8"
"军将军义阳","4","4","8"
"将军义阳王","4","4","8"
"军义阳王昶","4","4","8"
"尚书令柳元","4","4","8"
"书令柳元景","4","4","8"
"仆射颜师伯","4","4","8"
"徐州刺史义","4","4","8"
"军将军张永","4","4","8"
"西将军蔡兴","4","4","8"
"将军蔡兴宗","4","4","8"
"黄门侍郎刘","4","4","8"
"黄门侍郎王","4","4","8"
"州刺史邵陵","4","4","8"
"刺史邵陵王","4","4","8"
"千二百七十","4","4","8"
"五千三百六","4","4","8"
"八百三十二","4","4","8"
"百七十九万","4","4","8"
"五千二百三","4","4","8"
"三百七十八","4","4","8"
"嘉二十年癸","4","4","8"
"二十年癸未","4","4","8"
"千七百八十","4","4","8"
"一百二十六","4","4","8"
"四万九千六","5","3","8"
"万九千六百","5","3","8"
"万三千六百","4","4","8"
"一千二百一","4","4","8"
"余三万七千","4","4","8"
"千三百三十","5","3","8"
"十四年五月","4","4","8"
"使持节侍中","2","6","8"
"十六年二月","4","4","8"
"武帝永初三","4","4","8"
"帝永初三年","4","4","8"
"元元年正月","4","4","8"
"太学博士虞","4","4","8"
"高贵乡公甘","5","3","8"
"贵乡公甘露","5","3","8"
"文帝黄初二","5","3","8"
"帝黄初二年","5","3","8"
"初元年十月","4","4","8"
"元年十月乙","4","4","8"
"太祖武皇帝","4","4","8"
"十二月甲子","4","4","8"
"年正月丙午","4","4","8"
"大明五年四","4","4","8"
"明五年四月","4","4","8"
"大明五年九","4","4","8"
"明五年九月","4","4","8"
"将军会稽王","4","4","8"
"二十一年十","4","4","8"
"十二月戊子","4","4","8"
"博士徐道娱","4","4","8"
"十五年二月","4","4","8"
"七年四月乙","4","4","8"
"年正月庚子","4","4","8"
"二年六月庚","4","4","8"
"大明七年六","4","4","8"
"明七年六月","4","4","8"
"武帝泰始二","4","4","8"
"文帝元嘉九","4","4","8"
"帝元嘉九年","4","4","8"
"年十一月壬","4","4","8"
"年十一月丙","4","4","8"
"年五月丁亥","4","4","8"
"太白犯轩辕","8","0","8"
"太白犯舆鬼","8","0","8"
"三年四月戊","4","4","8"
"高贵乡公正","4","4","8"
"太白犯南斗","8","0","8"
"年四月甲申","4","4","8"
"年十月丁丑","4","4","8"
"咸宁二年六","4","4","8"
"宁二年六月","4","4","8"
"康五年四月","4","4","8"
"兴元年十二","4","4","8"
"熙元年五月","4","4","8"
"熙元年十二","4","4","8"
"十二月甲申","4","4","8"
"永嘉元年十","4","4","8"
"元年五月癸","4","4","8"
"二年二月甲","4","4","8"
"年七月己酉","4","4","8"
"年四月己丑","4","4","8"
"年正月丁巳","4","4","8"
"十九年十月","4","4","8"
"二十年六月","4","4","8"
"怀帝永嘉六","4","4","8"
"帝永嘉六年","4","4","8"
"文帝元嘉元","4","4","8"
"帝元嘉元年","4","4","8"
"十九年正月","4","4","8"
"月入南斗魁","5","3","8"
"年五月丁卯","4","4","8"
"年三月丙申","4","4","8"
"魏元帝景元","4","4","8"
"赤乌十一年","4","4","8"
"永嘉六年二","4","4","8"
"嘉六年二月","4","4","8"
"谯王义宣闻","8","0","8"
"成帝咸康八","4","4","8"
"帝咸康八年","4","4","8"
"文帝黄初元","4","4","8"
"元年五月甲","4","4","8"
"安帝隆安五","4","4","8"
"帝隆安五年","4","4","8"
"安五年十一","4","4","8"
"十三年六月","4","4","8"
"二年四月己","4","4","8"
"大明五年五","4","4","8"
"明五年五月","4","4","8"
"嘉十九年五","4","4","8"
"二十六年五","4","4","8"
"十七年四月","3","5","8"
"明帝永平十","4","4","8"
"永平十七年","4","4","8"
"八年五月甲","4","4","8"
"二十一年四","4","4","8"
"徐州刺史臧","4","4","8"
"兴二年六月","4","4","8"
"十二年九月","4","4","8"
"徐州刺史广","4","4","8"
"二年五月甲","4","4","8"
"州刺史垣护","4","4","8"
"建兴二年十","4","4","8"
"孙皓天玺元","4","4","8"
"皓天玺元年","4","4","8"
"安帝义熙七","4","4","8"
"帝义熙七年","4","4","8"
"永宁元年十","4","4","8"
"怀帝永嘉五","4","4","8"
"帝永嘉五年","4","4","8"
"孙亮建兴元","4","4","8"
"亮建兴元年","4","4","8"
"建兴元年十","4","4","8"
"宁三年八月","4","4","8"
"京都水一千","8","0","8"
"护南蛮校尉","4","4","8"
"军咨议参军","5","3","8"
"加宁朔将军","8","0","8"
"命冠军将军","1","7","8"
"加建武将军","8","0","8"
"加辅国将军","6","2","8"
"兴县五等侯","4","4","8"
"琅邪临沂人","8","0","8"
"尚书库部郎","4","4","8"
"食邑六百户","4","4","8"
"夜半时太阳","0","8","8"
"度法则减去","0","8","8"
"在度数上加","0","8","8"
"方法对应就","0","8","8"
"圭表的表影","0","8","8"
"的表影长度","0","8","8"
"派有关官员","0","8","8"
"任荆州刺史","0","8","8"
"为平北将军","0","8","8"
"陵王休若为","0","8","8"
"为车骑大将","0","8","8"
"说有甘露降","0","8","8"
"有甘露降临","0","8","8"
"魏明帝太和","0","8","8"
"前汉时属于","0","8","8"
"豫州的梁郡","0","8","8"
"春正月初一","0","8","8"
"司徒徐羡之","0","8","8"
"驾临南郊祭","0","8","8"
"月二十二日","0","8","8"
"划出一部分","0","8","8"
"任右卫将军","0","8","8"
"为郢州刺史","0","8","8"
"晋升为车骑","0","8","8"
"给事黄门侍","0","8","8"
"的表影最长","0","8","8"
"法则减去曰","0","8","8"
"相应纪中的","0","8","8"
"对应的十一","0","8","8"
"位置的方法","0","8","8"
"时太阳位置","0","8","8"
"将朔小余乘","0","8","8"
"黄白交点在","0","8","8"
"再除以曰法","0","8","8"
"运行了三十","0","8","8"
"后退了六度","0","8","8"
"天运行一又","0","8","8"
"天中后退了","0","8","8"
"并向外推一","0","8","8"
"阴阳历中的","0","8","8"
"守丧三年的","0","8","8"
"自己的儿子","0","8","8"
"的议论相同","0","8","8"
"行宗庙祭祀","0","8","8"
"举行宗庙大","0","8","8"
"行宗庙大祭","0","8","8"
"执觞爵奉祀","0","8","8"
"戴进贤两梁","0","8","8"
"的彗星出现","0","8","8"
"天象预示天","0","8","8"
"齐王司马同","0","8","8"
"星入舆鬼宿","0","8","8"
"星犯右执法","0","8","8"
"星．占辞说","0","8","8"
"庐陵王刘义","0","8","8"
"陵王刘义真","0","8","8"
"说出现了黄","0","8","8"
"出现了黄龙","0","8","8"
"出现于豫章","0","8","8"
"新安王刘子","0","8","8"
"安王刘子鸾","0","8","8"
"阳王刘子尚","0","8","8"
"造就叫做不","0","8","8"
"这是羽虫之","0","8","8"
"太康元年改","0","8","8"
"后汉时隶属","0","8","8"
"安帝时设置","0","8","8"
"别驾从事史","0","8","8"
"加号宁朔将","0","8","8"
"太子左卫帅","0","8","8"
"皇帝的儿子","0","8","8"
"他的儿子沈","0","8","8"
"永初三年九","4","3","7"
"安帝义熙十","3","4","7"
"义熙十四年","3","4","7"
"三年七月壬","4","3","7"
"年七月壬子","4","3","7"
"州治中事史","7","0","7"
"时年四十六","4","3","7"
"号车骑将军","7","0","7"
"加开府仪同","7","0","7"
"梓潼二郡太","4","3","7"
"潼二郡太守","4","3","7"
"扬州刺史西","4","3","7"
"史西阳王子","5","2","7"
"史义阳王昶","5","2","7"
"军将军建安","3","4","7"
"州刺史寻阳","4","3","7"
"刺史寻阳王","4","3","7"
"邵陵王子元","5","2","7"
"益州刺史萧","4","3","7"
"号征西大将","6","1","7"
"徐州刺史桂","5","2","7"
"州刺史蔡兴","4","3","7"
"右卫将军刘","4","3","7"
"扬州刺史晋","4","3","7"
"四千六百三","4","3","7"
"千六百三十","4","3","7"
"千四百九十","4","3","7"
"万五千九百","4","3","7"
"一百九十六","3","4","7"
"月犯心大星","7","0","7"
"王正始元年","4","3","7"
"十一月癸酉","4","3","7"
"年二月壬子","4","3","7"
"熙二年四月","3","4","7"
"年四月癸卯","4","3","7"
"甘露降吴兴","7","0","7"
"二十五年十","4","3","7"
"甘露降丹阳","7","0","7"
"安帝隆安三","4","3","7"
"帝隆安三年","4","3","7"
"晋武帝太熙","3","4","7"
"武帝太熙元","3","4","7"
"帝太熙元年","3","4","7"
"武帝宁康元","4","3","7"
"帝宁康元年","4","3","7"
"惠帝元康中","7","0","7"
"惠帝太安元","4","3","7"
"帝太安元年","4","3","7"
"年正月甲申","4","3","7"
"泰始二年九","4","3","7"
"兴二年十月","4","3","7"
"年二月丁卯","4","3","7"
"武帝泰始五","3","4","7"
"始七年六月","3","4","7"
"年六月丙申","4","3","7"
"二年二月庚","3","4","7"
"十一年六月","4","3","7"
"年四月辛丑","4","3","7"
"千二百九十","4","3","7"
"元兴元年正","4","3","7"
"州刺史段宏","4","3","7"
"遣辅国将军","6","1","7"
"交州刺史杜","3","4","7"
"州刺史杜慧","3","4","7"
"刺史杜慧度","3","4","7"
"尚书仆射谢","3","4","7"
"年二月乙丑","4","3","7"
"大司马琅邪","6","1","7"
"司马琅邪王","6","1","7"
"北徐州刺史","3","4","7"
"征东大将军","4","3","7"
"延贤堂听讼","5","2","7"
"扬州刺史庐","4","3","7"
"年春正月甲","6","1","7"
"年春正月己","7","0","7"
"七年春正月","4","3","7"
"将军临川王","4","3","7"
"军临川王义","5","2","7"
"二州刺史萧","3","4","7"
"扬州刺史彭","5","2","7"
"江州刺史南","4","3","7"
"史武陵王讳","7","0","7"
"兗州刺史临","6","1","7"
"遣宁朔将军","5","2","7"
"太子步兵校","4","3","7"
"子步兵校尉","4","3","7"
"徐州刺史新","4","3","7"
"州刺史新安","4","3","7"
"刺史新安王","4","3","7"
"射建平王宏","6","1","7"
"二年正月壬","4","3","7"
"刺史刘遵考","4","3","7"
"禄大夫王偃","3","4","7"
"傅江夏王义","4","3","7"
"军将军刘延","3","4","7"
"将军刘延孙","3","4","7"
"号开府仪同","6","1","7"
"刺史颜师伯","3","4","7"
"十二月己未","6","1","7"
"雍州刺史巴","3","4","7"
"年正月辛丑","4","3","7"
"光禄大夫刘","3","4","7"
"禄大夫刘遵","3","4","7"
"大夫刘遵考","3","4","7"
"刺史张敬兒","7","0","7"
"一百四十七","2","5","7"
"小余满日法","6","1","7"
"余满日法大","7","0","7"
"满日法大余","7","0","7"
"满通法大分","7","0","7"
"千九百八十","4","3","7"
"二千三十四","7","0","7"
"千三十四万","7","0","7"
"万七千八百","5","2","7"
"九千三百四","3","4","7"
"万一千一百","4","3","7"
"一百二十一","4","3","7"
"十二月十六","3","4","7"
"十二年十一","4","3","7"
"十九年二月","4","3","7"
"景初元年十","4","3","7"
"帝永兴二年","4","3","7"
"太学博士王","4","3","7"
"孝武太元十","6","1","7"
"宋孝武大明","7","0","7"
"左丞荀万秋","4","3","7"
"帝升明三年","4","3","7"
"初二年正月","3","4","7"
"仆射孔安国","3","4","7"
"明七年十一","3","4","7"
"司徒彭城王","4","3","7"
"孙亮五凤元","4","3","7"
"亮五凤元年","4","3","7"
"年十二月丁","4","3","7"
"太白入太微","7","0","7"
"荧惑入舆鬼","7","0","7"
"年正月壬午","4","3","7"
"年五月丁未","4","3","7"
"恭帝元熙元","4","3","7"
"帝元熙元年","4","3","7"
"元年十月辛","4","3","7"
"大明二年三","3","4","7"
"大明三年三","3","4","7"
"明三年三月","3","4","7"
"帝黄初元年","4","3","7"
"始八年十月","4","3","7"
"二十三年二","4","3","7"
"武陵王骏闻","7","0","7"
"安二年三月","3","4","7"
"明帝泰始三","4","3","7"
"十一年八月","3","4","7"
"田令褚熙伯","4","3","7"
"十五年六月","4","3","7"
"池芙蓉二花","7","0","7"
"芙蓉二花一","7","0","7"
"蓉二花一蒂","7","0","7"
"芙蓉二花同","1","6","7"
"元康元年七","4","3","7"
"始八年五月","4","3","7"
"成帝咸康四","3","4","7"
"帝咸康四年","3","4","7"
"南济阴太守","3","4","7"
"阳王义季右","6","1","7"
"王义季右军","6","1","7"
"时年四十三","4","3","7"
"太宗泰始初","4","3","7"
"汝南新蔡二","3","4","7"
"南新蔡二郡","3","4","7"
"一万一千七","2","5","7"
"一百一十二","1","6","7"
"历中相应日","0","7","7"
"中相应日期","0","7","7"
"前述的方法","0","7","7"
"太阳位置的","0","7","7"
"比实际天象","0","7","7"
"帝下诏书说","0","7","7"
"圣明的君主","0","7","7"
"桂阳王刘休","0","7","7"
"阳王刘休范","0","7","7"
"世世代代都","0","7","7"
"为扬州刺史","0","7","7"
"安王休仁为","0","7","7"
"晋升为征西","0","7","7"
"前废帝景和","0","7","7"
"为散骑常侍","0","7","7"
"为冠军将军","0","7","7"
"任吏部尚书","0","7","7"
"州的梁郡诸","0","7","7"
"的梁郡诸军","0","7","7"
"弟弟的儿子","0","7","7"
"加封刘裕为","0","7","7"
"任尚书右仆","0","7","7"
"已经很久了","0","7","7"
"为安北将军","0","7","7"
"为安南将军","0","7","7"
"武帝大明年","0","7","7"
"冬十月二十","0","7","7"
"为征北将军","0","7","7"
"临南郊祭祀","0","7","7"
"王派使者来","0","7","7"
"任命冠军将","0","7","7"
"一部分设置","0","7","7"
"任辅国将军","0","7","7"
"刺史照旧担","0","7","7"
"史照旧担任","0","7","7"
"领军将军刘","0","7","7"
"十一月十日","0","7","7"
"百姓愁苦怨","0","7","7"
"州刺史职务","0","7","7"
"皇上到华林","0","7","7"
"上到华林园","0","7","7"
"为征虏将军","0","7","7"
"刺史张敬儿","0","7","7"
"二千零三十","0","7","7"
"则减去曰法","0","7","7"
"在相应纪中","0","7","7"
"向外推算一","0","7","7"
"土起作用的","0","7","7"
"黄白交点的","0","7","7"
"零三十四万","0","7","7"
"向外推一天","0","7","7"
"清晨在东方","0","7","7"
"方观察不到","0","7","7"
"天中运行了","0","7","7"
"斗宿二十一","0","7","7"
"至时太阳在","0","7","7"
"损益率乘以","0","7","7"
"度和度余三","0","7","7"
"和度余三万","0","7","7"
"南方天空中","0","7","7"
"共九十二天","0","7","7"
"以下的官员","0","7","7"
"孝武帝逝世","0","7","7"
"服丧三年的","0","7","7"
"举行宗庙祭","0","7","7"
"一直延续到","0","7","7"
"二次献酒告","0","7","7"
"宗庙祭祀的","0","7","7"
"祭祀的时候","0","7","7"
"圣明的皇上","0","7","7"
"继承父亲的","0","7","7"
"月举行殷祭","0","7","7"
"亲执觞爵奉","0","7","7"
"车辕及衡端","0","7","7"
"头与轭之末","0","7","7"
"郡王刘义宣","0","7","7"
"天象预示君","0","7","7"
"象预示君主","0","7","7"
"下将有战争","0","7","7"
"金星犯南斗","0","7","7"
"预示将有大","0","7","7"
"彗星出现在","0","7","7"
"金星入太微","0","7","7"
"白天出现在","0","7","7"
"卢循进逼京","0","7","7"
"征讨司马休","0","7","7"
"是命中注定","0","7","7"
"出现于河南","0","7","7"
"出现于会稽","0","7","7"
"青龙出现于","0","7","7"
"宣上报朝廷","0","7","7"
"鹿出现于南","0","7","7"
"史临川王刘","0","7","7"
"池的芙蓉二","0","7","7"
"的芙蓉二花","0","7","7"
"西阳王刘子","0","7","7"
"州治中从事","0","7","7"
"的事情相同","0","7","7"
"上天儆戒说","0","7","7"
"司马伦篡位","0","7","7"
"部分地区设","0","7","7"
"水路有一千","0","7","7"
"陆路有一千","0","7","7"
"距州治水路","0","7","7"
"州治水路有","0","7","7"
"当辅国将军","0","7","7"
"后被追认为","0","7","7"
"为中书侍郎","0","7","7"
"为员外散骑","0","7","7"
"桓玄辅佐晋","0","7","7"
"玄辅佐晋朝","0","7","7"
"进号车骑将","6","0","6"
"尚书仆射徐","3","3","6"
"进号卫将军","6","0","6"
"竟陵王义宣","2","4","6"
"谷浑慕容延","3","3","6"
"禄大夫王敬","3","3","6"
"大夫王敬弘","3","3","6"
"龙骧将军裴","3","3","6"
"骧将军裴方","3","3","6"
"右仆射王僧","3","3","6"
"军桂阳王休","3","3","6"
"护军将军建","3","3","6"
"豫州刺史寻","3","3","6"
"州刺史萧惠","3","3","6"
"刺史萧惠开","3","3","6"
"仪同三司王","3","3","6"
"号镇西将军","5","1","6"
"州刺史吐谷","3","3","6"
"刺史吐谷浑","3","3","6"
"进号征西大","5","1","6"
"太守建平王","4","2","6"
"守建平王景","4","2","6"
"郢州刺史沈","3","3","6"
"徐州刺史建","4","2","6"
"湘州刺史王","3","3","6"
"仆射王僧虔","3","3","6"
"将军吕安国","3","3","6"
"三百一十五","3","3","6"
"七百九十五","3","3","6"
"一百三十九","2","4","6"
"万二千三百","3","3","6"
"百九十六万","3","3","6"
"千二百五十","3","3","6"
"二百五十六","3","3","6"
"万三千九百","3","3","6"
"千六百四十","3","3","6"
"千五百九十","3","3","6"
"十九万二千","3","3","6"
"三百六十五","3","3","6"
"万九千四百","3","3","6"
"千五百八十","3","3","6"
"五百八十九","3","3","6"
"千七百一十","3","3","6"
"千一百九十","3","3","6"
"献帝建安十","3","3","6"
"建安十八年","3","3","6"
"中郎将校尉","3","3","6"
"千九百三十","4","2","6"
"三百六十二","3","3","6"
"万五千一百","3","3","6"
"三年九月甲","3","3","6"
"大将军司马","3","3","6"
"十二月戊辰","3","3","6"
"二年二月癸","3","3","6"
"齐王正始元","4","2","6"
"年四月戊午","3","3","6"
"二年十月丙","3","3","6"
"三年五月甲","3","3","6"
"五年七月丙","3","3","6"
"太安二年十","3","3","6"
"六年正月丙","3","3","6"
"年正月丙辰","3","3","6"
"咸康二年正","3","3","6"
"二年正月辛","3","3","6"
"康七年三月","3","3","6"
"年三月壬午","3","3","6"
"江州刺史庾","3","3","6"
"晋穆帝永元","6","0","6"
"穆帝永元年","6","0","6"
"元年正月丁","3","3","6"
"年二月乙巳","3","3","6"
"豫州刺史谢","3","3","6"
"元十六年十","3","3","6"
"十六年十一","3","3","6"
"荆州刺史殷","3","3","6"
"州刺史殷仲","3","3","6"
"永初三年十","3","3","6"
"十二年五月","3","3","6"
"月犯右执法","3","3","6"
"汉武帝元狩","3","3","6"
"甘露降京师","6","0","6"
"汉宣帝五凤","3","3","6"
"建武中元元","3","3","6"
"武中元元年","3","3","6"
"中元元年五","3","3","6"
"汉桓帝永康","3","3","6"
"桓帝永康元","3","3","6"
"永康元年八","3","3","6"
"吴孙权嘉禾","3","3","6"
"武帝泰始十","3","3","6"
"帝泰始十年","3","3","6"
"咸宁元年四","3","3","6"
"宁元年四月","3","3","6"
"元年四月丙","3","3","6"
"宁元年九月","3","3","6"
"康五年三月","3","3","6"
"康七年四月","3","3","6"
"元年六月丁","3","3","6"
"十一月庚午","3","3","6"
"十七年二月","3","3","6"
"元兴三年三","3","3","6"
"元兴三年四","3","3","6"
"年四月己酉","3","3","6"
"四年五月辛","3","3","6"
"年五月辛巳","3","3","6"
"元嘉八年五","3","3","6"
"嘉八年五月","3","3","6"
"露降丹阳秣","6","0","6"
"降丹阳秣陵","6","0","6"
"二十八年二","3","3","6"
"顺帝升明二","3","3","6"
"太康五年七","3","3","6"
"康五年七月","3","3","6"
"太康八年九","3","3","6"
"愍帝建兴元","3","3","6"
"帝建兴元年","3","3","6"
"兴元年八月","3","3","6"
"年七月庚午","3","3","6"
"年七月己丑","3","3","6"
"安帝义熙二","3","3","6"
"帝义熙二年","3","3","6"
"史萧思话献","3","3","6"
"元徽四年十","3","3","6"
"徽四年十一","3","3","6"
"孙权黄武四","3","3","6"
"权黄武四年","3","3","6"
"康四年十二","3","3","6"
"大明元年二","3","3","6"
"明元年二月","3","3","6"
"明元年九月","3","3","6"
"元年九月乙","3","3","6"
"始兴王浚献","6","0","6"
"大明五年正","3","3","6"
"明五年正月","3","3","6"
"太康三年四","3","3","6"
"康五年六月","3","3","6"
"咸康三年六","3","3","6"
"建元年五月","3","3","6"
"康元年二月","3","3","6"
"元兴三年五","3","3","6"
"吴孙亮太平","3","3","6"
"吴孙皓建衡","3","3","6"
"永昌二年正","3","3","6"
"昌二年正月","3","3","6"
"年正月癸巳","3","3","6"
"帝太元十年","3","3","6"
"康八年五月","3","3","6"
"永宁元年七","3","3","6"
"永嘉四年四","3","3","6"
"嘉四年四月","3","3","6"
"咸康元年八","3","3","6"
"十二月壬午","3","3","6"
"太康元年三","3","3","6"
"年三月戊辰","3","3","6"
"康六年六月","3","3","6"
"康二年八月","3","3","6"
"兴三年正月","4","2","6"
"年四月壬申","3","3","6"
"年正月丙寅","3","3","6"
"文帝元嘉四","3","3","6"
"帝元嘉四年","3","3","6"
"元嘉四年十","3","3","6"
"泰始四年十","3","3","6"
"年十月辛卯","3","3","6"
"泰始六年十","3","3","6"
"元徽三年九","3","3","6"
"徽三年九月","3","3","6"
"太兴元年七","3","3","6"
"元兴二年十","3","3","6"
"武帝太康九","3","3","6"
"帝太康九年","3","3","6"
"景初元年六","3","3","6"
"年七月甲申","3","3","6"
"五年四月辛","3","3","6"
"七年六月丙","3","3","6"
"康二年二月","3","3","6"
"年五月壬子","3","3","6"
"康元年十二","3","3","6"
"十二月丙辰","3","3","6"
"二年四月甲","3","3","6"
"年四月甲辰","3","3","6"
"元年六月癸","3","3","6"
"年正月庚寅","3","3","6"
"年四月丁丑","3","3","6"
"年六月己卯","3","3","6"
"元十七年六","3","3","6"
"二年四月丙","3","3","6"
"康八年七月","3","3","6"
"孙亮建兴二","3","3","6"
"亮建兴二年","3","3","6"
"太康元年复","6","0","6"
"康元年复立","6","0","6"
"千四百八十","3","3","6"
"十七万五千","3","3","6"
"孝武孝建元","4","2","6"
"武孝建元年","4","2","6"
"帝太康六年","3","3","6"
"帝泰始七年","3","3","6"
"骠骑中兵参","3","3","6"
"始兴王浚后","6","0","6"
"兴王浚后军","6","0","6"
"州豫州梁郡","6","0","6"
"海二郡太守","3","3","6"
"进号征虏将","4","2","6"
"使持节征南","3","3","6"
"安东大将军","3","3","6"
"督西秦河沙","3","3","6"
"沙三州诸军","4","2","6"
"晋哀帝兴宁","3","3","6"
"督中外诸军","2","4","6"
"一千八百四","2","4","6"
"将军孟龙符","3","3","6"
"军将军刘敬","3","3","6"
"将军刘敬宣","3","3","6"
"州刺史刘毅","3","3","6"
"书仆射谢混","3","3","6"
"十一年正月","3","3","6"
"十三年正月","3","3","6"
"龙骧将军王","2","4","6"
"骧将军王镇","2","4","6"
"将军王镇恶","2","4","6"
"扶风太守沈","3","3","6"
"风太守沈田","3","3","6"
"太守沈田子","3","3","6"
"中兵参军沈","4","2","6"
"号征西将军","6","0","6"
"安西大将军","3","3","6"
"驾临延贤堂","2","4","6"
"临延贤堂听","2","4","6"
"扬州刺史徐","3","3","6"
"州刺史徐羡","3","3","6"
"孝武大明中","6","0","6"
"荆州刺史谢","3","3","6"
"州刺史谢晦","3","3","6"
"号安北将军","5","1","6"
"军将军赵伦","3","3","6"
"湘州刺史张","3","3","6"
"州刺史张邵","3","3","6"
"光禄大夫范","3","3","6"
"禄大夫范泰","3","3","6"
"将军殷景仁","3","3","6"
"青州刺史段","3","3","6"
"将军吐谷浑","3","3","6"
"将军赵伯符","3","3","6"
"兗州刺史江","6","0","6"
"十一月戊子","5","1","6"
"遣龙骧将军","6","0","6"
"豫州刺史赵","3","3","6"
"五年春正月","4","2","6"
"吴兴太守刘","3","3","6"
"颍川二郡太","3","3","6"
"川二郡太守","3","3","6"
"徐州刺史武","3","3","6"
"军将军萧思","3","3","6"
"徐州刺史始","4","2","6"
"世祖孝武皇","3","3","6"
"祖孝武皇帝","3","3","6"
"五州诸军事","3","3","6"
"梁南北秦四","2","4","6"
"史新安王子","4","2","6"
"书左仆射建","3","3","6"
"护军将军刘","3","3","6"
"将军东海王","3","3","6"
"抚军将军柳","3","3","6"
"州刺史沈庆","3","3","6"
"游击将军垣","3","3","6"
"湘州刺史刘","3","3","6"
"益州刺史刘","3","3","6"
"中护军湘东","3","3","6"
"护军湘东王","3","3","6"
"右仆射刘遵","3","3","6"
"上华林园听","6","0","6"
"十二月丙午","4","2","6"
"本号开府仪","6","0","6"
"海陵王休茂","4","2","6"
"光禄大夫羊","3","3","6"
"禄大夫羊玄","3","3","6"
"大夫羊玄保","3","3","6"
"中军将军义","3","3","6"
"荆州刺史硃","6","0","6"
"史临海王子","4","2","6"
"始安王子真","3","3","6"
"州刺史永嘉","3","3","6"
"刺史永嘉王","3","3","6"
"秦四州郢州","2","4","6"
"吴兴太守王","3","3","6"
"州刺史张永","3","3","6"
"北豫州刺史","3","3","6"
"仆射蔡兴宗","3","3","6"
"宁朔将军崔","3","3","6"
"吏部尚书褚","3","3","6"
"部尚书褚渊","3","3","6"
"辅国将军张","3","3","6"
"将军刘怀珍","3","3","6"
"光禄大夫张","3","3","6"
"卫将军齐王","3","3","6"
"镇军将军齐","3","3","6"
"州刺史齐王","3","3","6"
"骁骑将军王","3","3","6"
"刺史刘怀珍","4","2","6"
"辅国将军杨","3","3","6"
"国将军杨文","3","3","6"
"三百八十四","3","3","6"
"五声十二律","3","3","6"
"千八百八十","3","3","6"
"十一月合朔","3","3","6"
"小分满通法","3","3","6"
"万七千六百","3","3","6"
"五千六百六","3","3","6"
"千六百七十","3","3","6"
"七千八百三","4","2","6"
"三百九十八","3","3","6"
"千八百六十","3","3","6"
"千六百一十","3","3","6"
"百一十二度","2","4","6"
"三百五十八","3","3","6"
"百四十九万","3","3","6"
"千六百九十","3","3","6"
"行三十三度","4","2","6"
"年十二月十","3","3","6"
"十七年九月","3","3","6"
"百八十二度","3","3","6"
"年十一月二","4","2","6"
"十一月二日","1","5","6"
"六百八十四","3","3","6"
"百八十四半","3","3","6"
"余七万一千","3","3","6"
"七万一千二","3","3","6"
"余三万八千","3","3","6"
"三万八千一","3","3","6"
"八千一百二","3","3","6"
"三万七千一","3","3","6"
"明五年十月","3","3","6"
"刺史二千石","6","0","6"
"建元元年正","3","3","6"
"帝元嘉十七","3","3","6"
"建三年三月","3","3","6"
"皇后王氏崩","6","0","6"
"士司马兴议","6","0","6"
"右丞徐爰议","5","1","6"
"临川烈武王","3","3","6"
"建元年六月","3","3","6"
"常丞庾蔚议","6","0","6"
"军长史周景","3","3","6"
"长史周景远","3","3","6"
"成帝咸康七","3","3","6"
"帝咸康七年","3","3","6"
"顺帝升明三","3","3","6"
"年四月壬辰","3","3","6"
"三年八月戊","3","3","6"
"年八月戊子","3","3","6"
"大明二年六","3","3","6"
"明二年六月","3","3","6"
"康元年十一","3","3","6"
"宁三年七月","3","3","6"
"晋恭帝元熙","4","2","6"
"年六月癸巳","3","3","6"
"二年正月庚","3","3","6"
"始二年十一","3","3","6"
"二年十月丁","3","3","6"
"五年四月庚","3","3","6"
"大明元年十","3","3","6"
"十一月戊申","3","3","6"
"武元年四月","3","3","6"
"三年正月乙","3","3","6"
"琅邪王司马","3","3","6"
"太尉谘议参","1","5","6"
"尉谘议参军","1","5","6"
"康二年十月","3","3","6"
"孝建元年十","3","3","6"
"大明七年二","3","3","6"
"明七年二月","3","3","6"
"年二月辛亥","3","3","6"
"年五月庚午","3","3","6"
"嘉六年七月","3","3","6"
"年十二月癸","3","3","6"
"年五月丁巳","3","3","6"
"大明元年六","3","3","6"
"明元年六月","3","3","6"
"十一月乙丑","3","3","6"
"年十月丙寅","3","3","6"
"散骑侍郎王","3","3","6"
"明二年二月","3","3","6"
"元帝太兴二","3","3","6"
"帝太兴二年","3","3","6"
"二十二年四","3","3","6"
"黄初五年十","3","3","6"
"义熙十三年","1","5","6"
"文帝元嘉中","6","0","6"
"治书侍御史","3","3","6"
"司徒右长史","3","3","6"
"元年九月丁","3","3","6"
"大明四年正","3","3","6"
"明四年正月","3","3","6"
"年正月戊辰","3","3","6"
"四年五月甲","3","3","6"
"章帝元二年","6","0","6"
"永初元年七","3","3","6"
"十五万七千","3","3","6"
"年六月甲申","3","3","6"
"青龙二年十","3","3","6"
"明帝青龙二","3","3","6"
"帝青龙二年","3","3","6"
"明帝青龙三","3","3","6"
"帝青龙三年","3","3","6"
"年三月己巳","3","3","6"
"初二年十月","3","3","6"
"二年十月癸","3","3","6"
"齐王嘉平元","3","3","6"
"王嘉平元年","3","3","6"
"正元元年二","3","3","6"
"贵乡公正元","4","2","6"
"二年八月壬","3","3","6"
"三年三月庚","3","3","6"
"景元三年十","3","3","6"
"始四年七月","3","3","6"
"年三月戊申","3","3","6"
"康八年三月","3","3","6"
"年四月癸酉","3","3","6"
"年四月丙子","3","3","6"
"光熙元年五","3","3","6"
"嘉元年十二","3","3","6"
"年正月庚午","3","3","6"
"年五月癸未","4","2","6"
"宁三年正月","3","3","6"
"年三月己亥","3","3","6"
"元年二月己","3","3","6"
"三年八月甲","3","3","6"
"年四月己巳","3","3","6"
"康四年五月","3","3","6"
"年五月戊午","3","3","6"
"年四月辛未","4","2","6"
"年二月庚午","3","3","6"
"年四月丙午","3","3","6"
"十一月乙卯","3","3","6"
"西蕃上将星","1","5","6"
"十一月丁丑","3","3","6"
"年四月壬子","3","3","6"
"五年正月乙","3","3","6"
"宁元年十月","3","3","6"
"三年六月甲","3","3","6"
"安二年正月","3","3","6"
"元年正月戊","3","3","6"
"年六月辛卯","3","3","6"
"年七月丙子","3","3","6"
"元十四年十","3","3","6"
"五年七月壬","3","3","6"
"年七月壬申","3","3","6"
"十九年四月","3","3","6"
"年正月癸亥","3","3","6"
"二年六月戊","3","3","6"
"汉献帝初平","3","3","6"
"十四年三月","3","3","6"
"元年正月丙","3","3","6"
"永初二年六","3","3","6"
"平元年正月","3","3","6"
"元年正月乙","3","3","6"
"五年四月己","3","3","6"
"二十二年二","3","3","6"
"孝建三年四","3","3","6"
"建三年四月","3","3","6"
"年四月戊戌","3","3","6"
"年三月癸亥","3","3","6"
"空竟陵王诞","6","0","6"
"明二年三月","3","3","6"
"轩辕第二星","3","3","6"
"入南斗魁中","4","2","6"
"永光元年正","3","3","6"
"光元年正月","3","3","6"
"二十一年五","3","3","6"
"建安二十三","3","3","6"
"安二十三年","3","3","6"
"十四年八月","3","3","6"
"二月二十四","2","4","6"
"太康元年四","3","3","6"
"八年五月己","3","3","6"
"元三年十月","3","3","6"
"十七年十月","3","3","6"
"元年七月戊","3","3","6"
"元年正月甲","3","3","6"
"孙休永安四","3","3","6"
"休永安四年","3","3","6"
"咸宁二年十","3","3","6"
"五年正月癸","3","3","6"
"年正月癸卯","3","3","6"
"二年七月癸","3","3","6"
"年四月戊申","3","3","6"
"年四月辛卯","3","3","6"
"大明四年六","3","3","6"
"明四年六月","3","3","6"
"十四年六月","3","3","6"
"泰始八年十","4","2","6"
"太康元年五","3","3","6"
"年五月甲辰","3","3","6"
"太兴三年四","3","3","6"
"年五月甲子","3","3","6"
"成帝咸康二","3","3","6"
"帝咸康二年","3","3","6"
"七年五月甲","3","3","6"
"嘉二十年八","3","3","6"
"二十年八月","3","3","6"
"二十三年六","3","3","6"
"五年二月己","3","3","6"
"文帝咸安二","3","3","6"
"帝咸安二年","3","3","6"
"六年四月戊","3","3","6"
"年七月壬辰","3","3","6"
"五年九月己","3","3","6"
"五年四月戊","3","3","6"
"五年五月辛","3","3","6"
"年五月辛未","4","2","6"
"丞梅道念闻","6","0","6"
"年四月癸丑","3","3","6"
"明元年七月","3","3","6"
"泰始三年五","3","3","6"
"始三年五月","3","3","6"
"三年五月乙","3","3","6"
"嘉二十年五","3","3","6"
"帝永平十七","3","3","6"
"平十七年春","3","3","6"
"惠帝元康四","3","3","6"
"川王义庆闻","6","0","6"
"丞陈袭祖闻","6","0","6"
"十四年四月","3","3","6"
"年三月庚寅","3","3","6"
"十六年七月","3","3","6"
"大明七年三","3","3","6"
"明七年三月","3","3","6"
"泰始二年四","3","3","6"
"始二年四月","3","3","6"
"扬州刺史建","3","3","6"
"嘉二十年六","3","3","6"
"雍州刺史萧","3","3","6"
"二十二年七","3","3","6"
"刺史臧质献","3","3","6"
"二十二年九","3","3","6"
"十三年八月","3","3","6"
"四年八月乙","3","3","6"
"史广陵王诞","5","1","6"
"五年六月壬","3","3","6"
"年六月壬子","3","3","6"
"六年五月癸","3","3","6"
"十八年七月","3","3","6"
"建二年六月","3","3","6"
"六年八月辛","3","3","6"
"嘉二十年七","3","3","6"
"二十年七月","3","3","6"
"五年六月甲","3","3","6"
"泰始二年三","3","3","6"
"二十七年六","3","3","6"
"年五月戊寅","3","3","6"
"大明二年五","3","3","6"
"明二年五月","3","3","6"
"大明三年五","3","3","6"
"明三年五月","3","3","6"
"年七月戊辰","3","3","6"
"十年五月丁","3","3","6"
"五年五月癸","3","3","6"
"文帝黄初初","3","3","6"
"泰始八年五","4","2","6"
"兴二年十二","3","3","6"
"义熙十二年","2","4","6"
"明帝泰始五","3","3","6"
"宁元年正月","3","3","6"
"木连理生汝","6","0","6"
"太康八年四","3","3","6"
"康八年四月","3","3","6"
"兴三年十二","3","3","6"
"十三年四月","3","3","6"
"康四年三月","3","3","6"
"太康七年十","3","3","6"
"西讨司马休","4","2","6"
"时益州刺史","3","3","6"
"元十三年十","3","3","6"
"安帝隆安二","3","3","6"
"帝隆安二年","3","3","6"
"元徽三年三","3","3","6"
"徽三年三月","3","3","6"
"献帝建安二","3","3","6"
"帝建安二十","3","3","6"
"元康九年六","3","3","6"
"文帝黄初四","3","3","6"
"帝黄初四年","3","3","6"
"年七月甲辰","3","3","6"
"义熙四年十","3","3","6"
"义熙六年五","3","3","6"
"熙六年五月","3","3","6"
"三年三月丁","3","3","6"
"惠帝元康九","3","3","6"
"帝元康九年","3","3","6"
"元康九年十","3","3","6"
"五年三月庚","3","3","6"
"咸宁元年七","3","3","6"
"顺帝永建四","3","3","6"
"帝永建四年","3","3","6"
"千一百六十","3","3","6"
"千七百五十","3","3","6"
"七州诸军事","3","3","6"
"时荆州刺史","3","3","6"
"徐州大中正","3","3","6"
"司徒左西属","3","3","6"
"南濮阳太守","2","4","6"
"中郎行参军","3","3","6"
"军将军臧质","3","3","6"
"殿中将军沈","3","3","6"
"太子旅贲中","3","3","6"
"子旅贲中郎","3","3","6"
"南北秦三州","3","3","6"
"晋熙太守阎","3","3","6"
"熙太守阎湛","3","3","6"
"将军屯骑校","3","3","6"
"军屯骑校尉","3","3","6"
"时徐州刺史","3","3","6"
"南汝阴太守","3","3","6"
"月二十三日","1","5","6"
"参征虏军事","3","3","6"
"口一万一千","3","3","6"
"户一千二百","3","3","6"
"口一万三千","3","3","6"
"陈郡长平人","3","3","6"
"则减去会通","0","6","6"
"亮在黄道南","0","6","6"
"用前述的方","0","6","6"
"位置的度数","0","6","6"
"表的表影长","0","6","6"
"参与议论说","0","6","6"
"天象预示的","0","6","6"
"它带来的灾","0","6","6"
"当荆州刺史","0","6","6"
"升为车骑将","0","6","6"
"领军将军谢","0","6","6"
"谯王义宣为","0","6","6"
"之为尚书右","0","6","6"
"任江州刺史","0","6","6"
"任左光禄大","0","6","6"
"赐给四时朝","0","6","6"
"给四时朝服","0","6","6"
"犯心宿大星","0","6","6"
"月犯舆鬼宿","0","6","6"
"穆帝永和元","0","6","6"
"帝永和元年","0","6","6"
"月入太微垣","0","6","6"
"甘露降临吴","0","6","6"
"露降临吴兴","0","6","6"
"兴王刘浚献","0","6","6"
"惠帝元康年","0","6","6"
"地上生出毛","0","6","6"
"京城起大火","0","6","6"
"城发生大水","0","6","6"
"五月丁丑曰","0","6","6"
"后汉时属下","0","6","6"
"汉时属下邳","0","6","6"
"任尚书仆射","0","6","6"
"兴王刘浚后","0","6","6"
"王刘浚后军","0","6","6"
"任豫州刺史","0","6","6"
"兖州刺史刘","0","6","6"
"皇上加封刘","0","6","6"
"上加封刘裕","0","6","6"
"委任尚书右","0","6","6"
"为著作佐郎","0","6","6"
"帝大明年间","0","6","6"
"月二十六日","0","6","6"
"年春正月十","0","6","6"
"之为交州刺","0","6","6"
"任雍州刺史","0","6","6"
"派遣使者来","0","6","6"
"遣使者来进","0","6","6"
"夏王义恭为","0","6","6"
"为南徐州刺","0","6","6"
"任命右卫将","0","6","6"
"命右卫将军","0","6","6"
"派龙骧将军","0","6","6"
"任太子詹事","0","6","6"
"任南豫州刺","0","6","6"
"任徐州刺史","0","6","6"
"任命尚书左","0","6","6"
"命尚书左仆","0","6","6"
"任散骑常侍","0","6","6"
"书令何尚之","0","6","6"
"任太子左卫","0","6","6"
"分出一部分","0","6","6"
"荆州刺史朱","0","6","6"
"将军刘面力","0","6","6"
"为辅国将军","0","6","6"
"相应的数是","0","6","6"
"十四节气的","0","6","6"
"纪的迟疾差","0","6","6"
"的迟疾差率","0","6","6"
"其余数就是","0","6","6"
"六十就减去","0","6","6"
"十就减去六","0","6","6"
"就减去六十","0","6","6"
"并向外推后","0","6","6"
"外推后一天","0","6","6"
"就是所求年","0","6","6"
"并在小余上","0","6","6"
"余数为小余","0","6","6"
"在小余上加","0","6","6"
"减去纪法并","0","6","6"
"去纪法并在","0","6","6"
"对应并向外","0","6","6"
"应并向外推","0","6","6"
"与周正对应","0","6","6"
"周正对应的","0","6","6"
"朔小余乘以","0","6","6"
"则减去通法","0","6","6"
"相应日期的","0","6","6"
"用前述方法","0","6","6"
"除以曰度法","0","6","6"
"千零三十四","0","6","6"
"在相应月中","0","6","6"
"相应月中的","0","6","6"
"每天运行七","0","6","6"
"天运行七分","0","6","6"
"运行七分之","0","6","6"
"又与太阳合","0","6","6"
"早晨在东方","0","6","6"
"运行了五十","0","6","6"
"冬至太阳在","0","6","6"
"其商就是积","0","6","6"
"外推一天就","0","6","6"
"推一天就是","0","6","6"
"正南方天空","0","6","6"
"人民的疾苦","0","6","6"
"丧三年的制","0","6","6"
"三年的制度","0","6","6"
"古代的礼制","0","6","6"
"又下诏令说","0","6","6"
"主事官员又","0","6","6"
"母亲因儿子","0","6","6"
"显贵而显贵","0","6","6"
"废止音乐歌","0","6","6"
"止音乐歌舞","0","6","6"
"没有这样的","0","6","6"
"管第二次献","0","6","6"
"宰江夏王刘","0","6","6"
"位府君的神","0","6","6"
"发表意见认","0","6","6"
"表意见认为","0","6","6"
"毂头与轭之","0","6","6"
"车上竖立大","0","6","6"
"用两匹马驾","0","6","6"
"两匹马驾车","0","6","6"
"文帝元嘉年","0","6","6"
"南郡王刘义","0","6","6"
"章帝元和二","0","6","6"
"帝元和二年","0","6","6"
"为什么这样","0","6","6"
"吉祥的征兆","0","6","6"
"来表达情志","0","6","6"
"十二分之四","0","6","6"
"五大行星犯","0","6","6"
"火星守心宿","0","6","6"
"金星犯木星","0","6","6"
"火星犯房宿","0","6","6"
"将相有忧患","0","6","6"
"星出现于西","0","6","6"
"金星犯束井","0","6","6"
"天象预示国","0","6","6"
"与前面相应","0","6","6"
"这天象表示","0","6","6"
"入太微垣犯","0","6","6"
"无缘无故自","0","6","6"
"命中注定的","0","6","6"
"吉祥的符瑞","0","6","6"
"捕获献给朝","0","6","6"
"获献给朝廷","0","6","6"
"出现于零陵","0","6","6"
"捕获后献上","0","6","6"
"获后献上朝","0","6","6"
"出现于建康","0","6","6"
"兴王刘浚上","0","6","6"
"王刘浚上报","0","6","6"
"刘浚上报朝","0","6","6"
"浚上报朝廷","0","6","6"
"史武陵王刘","0","6","6"
"獐出现于南","0","6","6"
"海王刘子顼","0","6","6"
"庆上报朝廷","0","6","6"
"甘露屡次降","0","6","6"
"露屡次降临","0","6","6"
"尉江夏王刘","0","6","6"
"蓉二花同一","0","6","6"
"二花同一蒂","0","6","6"
"刘道隆献上","0","6","6"
"道隆献上朝","0","6","6"
"隆献上朝廷","0","6","6"
"白燕出现于","0","6","6"
"白雀二次出","0","6","6"
"雀二次出现","0","6","6"
"阳有木连理","0","6","6"
"昌有木连理","0","6","6"
"而出现的妖","0","6","6"
"姓愁苦怨恨","0","6","6"
"州所属郡国","0","6","6"
"处发生大水","0","6","6"
"元年恢复设","0","6","6"
"都水路有一","0","6","6"
"汉时隶属东","0","6","6"
"距州治陆路","0","6","6"
"州治陆路有","0","6","6"
"当龙骧将军","0","6","6"
"当扬州刺史","0","6","6"
"当吴郡太守","0","6","6"
"步兵和骑兵","0","6","6"
"元凶刘邵杀","0","6","6"
"加号建武将","0","6","6"
"号建武将军","0","6","6"
"当徐州刺史","0","6","6"
"为谘议参军","0","6","6"
"下了一道诏","0","6","6"
"了一道诏书","0","6","6"
"一道诏书说","0","6","6"
"派中兵参军","0","6","6"
"满日度法一","5","0","5"
"郎中周景远","3","2","5"
"康三年七月","3","2","5"
"中军将军道","3","2","5"
"军将军道怜","3","2","5"
"将军竟陵王","3","2","5"
"右军行参军","2","3","5"
"十年春正月","2","3","5"
"豫州刺史鲁","3","2","5"
"兗州刺史徐","5","0","5"
"史寻阳王子","4","1","5"
"吴兴太守张","2","3","5"
"七千三百一","3","2","5"
"十二万二千","3","2","5"
"二万二千七","4","1","5"
"万二千七百","4","1","5"
"千七百九十","4","1","5"
"十六万二千","3","2","5"
"千五百一十","3","2","5"
"万六千三百","3","2","5"
"佩武猛都尉","5","0","5"
"年七月癸丑","3","2","5"
"死者十余万","3","2","5"
"者十余万人","3","2","5"
"房南第二星","5","0","5"
"平五年六月","3","2","5"
"州刺史王谧","2","3","5"
"四月二十七","2","3","5"
"光武建武中","4","1","5"
"元年四月癸","3","2","5"
"三年三月己","2","3","5"
"年三月己卯","2","3","5"
"元年九月庚","2","3","5"
"升明二年十","3","2","5"
"华林天渊池","4","1","5"
"晋成帝咸六","5","0","5"
"成帝咸六年","5","0","5"
"北中郎将郗","3","2","5"
"中郎将郗昙","3","2","5"
"明帝泰始四","2","3","5"
"明三年正月","2","3","5"
"安帝义熙初","3","2","5"
"安帝义熙三","2","3","5"
"帝义熙三年","2","3","5"
"元康五年十","2","3","5"
"康五年十二","2","3","5"
"永昌二年十","2","3","5"
"前废帝景元","5","0","5"
"废帝景元年","5","0","5"
"南安郡地震","2","3","5"
"泰始七年六","2","3","5"
"十二月己亥","3","2","5"
"成帝咸四年","5","0","5"
"万三千四百","3","2","5"
"武帝太康六","3","2","5"
"阳王义季征","4","1","5"
"转吏部尚书","4","1","5"
"尚书殿中郎","2","3","5"
"西秦河沙三","3","2","5"
"秦河沙三州","3","2","5"
"河沙三州诸","3","2","5"
"内史袁山松","3","2","5"
"荆州刺史桓","3","2","5"
"州刺史桓玄","3","2","5"
"益州刺史毛","3","2","5"
"州刺史毛璩","3","2","5"
"将军诸葛长","3","2","5"
"军诸葛长民","3","2","5"
"子荆州刺史","3","2","5"
"丹阳尹孟昶","3","2","5"
"兗州刺史刘","5","0","5"
"荆州刺史道","3","2","5"
"十二年正月","3","2","5"
"冠军将军檀","2","3","5"
"十二月庚子","3","2","5"
"备五时副车","2","3","5"
"进号车骑大","4","1","5"
"号车骑大将","4","1","5"
"进号征西将","5","0","5"
"进号镇西将","4","1","5"
"年五月癸亥","3","2","5"
"司州刺史毛","3","2","5"
"州刺史毛德","3","2","5"
"刺史毛德祖","3","2","5"
"豫州刺史庐","2","3","5"
"江州刺史檀","3","2","5"
"号骠骑将军","3","2","5"
"始兴太守徐","2","3","5"
"十二月丁亥","4","1","5"
"年春正月癸","5","0","5"
"八年春正月","3","2","5"
"徐州刺史竟","3","2","5"
"夏王义恭征","5","0","5"
"十一月壬子","4","1","5"
"进号镇军将","5","0","5"
"立第二皇子","2","3","5"
"左卫将军刘","3","2","5"
"十二月乙亥","3","2","5"
"卫将军临川","3","2","5"
"建平二郡太","3","2","5"
"荆州刺史衡","3","2","5"
"十一月甲寅","3","2","5"
"阳平二郡太","3","2","5"
"二十八年春","3","2","5"
"将军随王诞","2","3","5"
"雍梁南北秦","2","3","5"
"六郡诸军事","3","2","5"
"大将军江夏","3","2","5"
"州刺史申恬","2","3","5"
"中郎谘议参","3","2","5"
"郎谘议参军","3","2","5"
"尚书令建平","3","2","5"
"书令建平王","3","2","5"
"河南王遣使","5","0","5"
"南王遣使献","5","0","5"
"兗州刺史竟","5","0","5"
"北中郎司马","3","2","5"
"丹阳尹王僧","3","2","5"
"十一月己卯","3","2","5"
"史永嘉王子","3","2","5"
"加班剑二十","3","2","5"
"北秦四州郢","2","3","5"
"仆射王景文","2","3","5"
"崇宪皇太后","3","2","5"
"太守王昙生","3","2","5"
"遣殿中将军","5","0","5"
"将军刘灵遗","2","3","5"
"号安西将军","3","2","5"
"东徐州刺史","2","3","5"
"行湘州刺史","2","3","5"
"晋平王休祐","5","0","5"
"司州刺史王","2","3","5"
"十二月丁巳","3","2","5"
"湘州行事庾","3","2","5"
"州行事庾佩","3","2","5"
"行事庾佩玉","3","2","5"
"史邵陵王友","3","2","5"
"元年五月己","3","2","5"
"十一月朔日","1","4","5"
"大余满六十","3","2","5"
"七千六百七","3","2","5"
"万二千八百","3","2","5"
"万九千九百","3","2","5"
"九百八十七","3","2","5"
"九十一日行","5","0","5"
"日行一度十","5","0","5"
"百一十五日","5","0","5"
"一千三百九","2","3","5"
"千三百九十","2","3","5"
"黄初元年十","3","2","5"
"初元年十一","3","2","5"
"月十六日望","4","1","5"
"二月十六日","3","2","5"
"一百八十二","2","3","5"
"斗二十一度","5","0","5"
"员外散骑郎","3","2","5"
"一千七百八","2","3","5"
"九千六百八","3","2","5"
"二百一十半","3","2","5"
"七百八十九","2","3","5"
"余乘损益率","5","0","5"
"千七百三十","3","2","5"
"一千七百四","2","3","5"
"日余满通法","3","2","5"
"七千一百一","2","3","5"
"大明三年九","2","3","5"
"明三年九月","2","3","5"
"四年二月己","3","2","5"
"年十二月二","3","2","5"
"二月二十一","2","3","5"
"孝武太元二","3","2","5"
"孝建三年三","3","2","5"
"大明二年正","3","2","5"
"大明五年闰","4","1","5"
"太傅长沙景","3","2","5"
"傅长沙景王","3","2","5"
"孝建元年六","3","2","5"
"明三年四月","3","2","5"
"太常丞虞愿","3","2","5"
"尚书令建安","3","2","5"
"书令建安王","3","2","5"
"太学博士司","3","2","5"
"学博士司马","3","2","5"
"十一月己丑","3","2","5"
"黄初二年正","2","3","5"
"告皇皇后帝","3","2","5"
"成帝咸八年","5","0","5"
"学博士徐宏","2","3","5"
"孝建二年正","2","3","5"
"建二年正月","2","3","5"
"博士王燮议","5","0","5"
"元徽二年十","3","2","5"
"徽二年十月","3","2","5"
"黄初二年六","3","2","5"
"帝太元十六","3","2","5"
"左仆射孔安","2","3","5"
"元元年十月","2","3","5"
"武帝咸宁五","3","2","5"
"帝咸宁五年","3","2","5"
"元嘉十年十","3","2","5"
"昭皇太后正","3","2","5"
"大明八年正","3","2","5"
"明八年正月","2","3","5"
"顺帝升明末","3","2","5"
"索虏拓跋焘","3","2","5"
"属车八十一","2","3","5"
"车八十一乘","2","3","5"
"进贤三梁冠","2","3","5"
"宋后废帝元","3","2","5"
"年九月丁未","3","2","5"
"王公上寿酒","3","2","5"
"年十月辛未","4","1","5"
"日昼行地上","5","0","5"
"白犯轩辕大","5","0","5"
"荆州刺史胡","3","2","5"
"三年二月丁","3","2","5"
"赤乌十三年","2","3","5"
"岁星犯舆鬼","5","0","5"
"泰始四年七","2","3","5"
"年六月丙午","3","2","5"
"荧惑入东井","5","0","5"
"太白犯填星","5","0","5"
"嘉三年正月","2","3","5"
"荧惑犯右执","5","0","5"
"惑犯右执法","5","0","5"
"太白犯左执","5","0","5"
"白犯左执法","5","0","5"
"太白犯哭星","5","0","5"
"元十五年七","3","2","5"
"年九月丁丑","2","3","5"
"八年正月乙","3","2","5"
"州刺史徐琰","3","2","5"
"军衡阳王义","4","1","5"
"明二年十一","3","2","5"
"豫州刺史宗","3","2","5"
"年正月丁酉","3","2","5"
"元熙元年十","3","2","5"
"八月十一日","1","4","5"
"建安二十五","2","3","5"
"安二十五年","2","3","5"
"一百五十六","1","4","5"
"汉章帝元二","5","0","5"
"四年正月壬","3","2","5"
"年五月己巳","2","3","5"
"帝甘露元年","3","2","5"
"二年六月丙","3","2","5"
"太康五年正","3","2","5"
"康五年正月","3","2","5"
"太守文道恩","3","2","5"
"守文道恩献","3","2","5"
"二年八月丙","2","3","5"
"年十月壬戌","3","2","5"
"六年二月壬","3","2","5"
"帝太元十四","2","3","5"
"郡国十九言","5","0","5"
"国十九言白","5","0","5"
"武帝泰始八","4","1","5"
"帝泰始八年","4","1","5"
"年五月戊子","3","2","5"
"康二年七月","3","2","5"
"年二月甲子","3","2","5"
"太守蔡兴宗","3","2","5"
"川王义庆献","4","1","5"
"年五月己亥","2","3","5"
"兴元年六月","2","3","5"
"三年八月己","3","2","5"
"宣城宛陵县","3","2","5"
"庐陵王绍闻","5","0","5"
"二十三年七","2","3","5"
"二十五年六","3","2","5"
"令褚熙伯献","3","2","5"
"五年八月壬","3","2","5"
"孝建二年六","3","2","5"
"年六月乙卯","2","3","5"
"太守刘祯献","3","2","5"
"白雀见建康","5","0","5"
"大明七年四","2","3","5"
"明七年四月","2","3","5"
"年七月戊子","3","2","5"
"都督征讨诸","2","3","5"
"督征讨诸军","2","3","5"
"明帝太始二","2","3","5"
"兴二年三月","3","2","5"
"武帝宁康三","2","3","5"
"帝宁康三年","2","3","5"
"州刺史刘德","2","3","5"
"十一年十二","2","3","5"
"一年十二月","2","3","5"
"州刺史安陆","3","2","5"
"年五月癸巳","2","3","5"
"时嗣主幼冲","5","0","5"
"永嘉四年十","2","3","5"
"康九年十一","2","3","5"
"三十年正月","2","3","5"
"废帝元徽中","3","2","5"
"汉顺帝永建","2","3","5"
"口一万七千","3","2","5"
"高祖克京城","5","0","5"
"除员外散骑","5","0","5"
"南义阳太守","3","2","5"
"军参军督护","3","2","5"
"高祖平定京","1","4","5"
"阳王子尚抚","5","0","5"
"王子尚抚军","5","0","5"
"赠散骑常侍","5","0","5"
"加冠军将军","4","1","5"
"沛二郡太守","3","2","5"
"二十八年正","2","3","5"
"加征虏将军","5","0","5"
"郢州诸军事","2","3","5"
"十二月四日","1","4","5"
"遣中兵参军","5","0","5"
"随二郡诸军","3","2","5"
"司徒左西掾","2","3","5"
"北中郎长史","2","3","5"
"会稽山阴人","2","3","5"
"二郡太守刘","3","2","5"
"中兵参军事","3","2","5"
"千六百五十","2","3","5"
"千八百五十","3","2","5"
"户二千八百","3","2","5"
"越来越严重","0","5","5"
"亮在黄道北","0","5","5"
"在天空中运","0","5","5"
"法并在度数","0","5","5"
"并在度数上","0","5","5"
"度数上加一","0","5","5"
"圭表表影长","0","5","5"
"表表影长度","0","5","5"
"附属于祖父","0","5","5"
"的典章制度","0","5","5"
"多么显赫的","0","5","5"
"象预示的灾","0","5","5"
"是同样的征","0","5","5"
"的惩罚是恒","0","5","5"
"了很长时间","0","5","5"
"是自古以来","0","5","5"
"显而易见的","0","5","5"
"荆州刺史时","0","5","5"
"将军何无忌","0","5","5"
"为荆州刺史","0","5","5"
"司空徐羡之","0","5","5"
"兖州刺史徐","0","5","5"
"义阳王昶为","0","5","5"
"史王玄谟为","0","5","5"
"加封为开府","0","5","5"
"封为开府仪","0","5","5"
"嘉王子仁为","0","5","5"
"任命领军将","0","5","5"
"命领军将军","0","5","5"
"阳王休范为","0","5","5"
"任冠军将军","0","5","5"
"为镇北将军","0","5","5"
"秋七月九日","0","5","5"
"平王景素为","0","5","5"
"任命宁朔将","0","5","5"
"命宁朔将军","0","5","5"
"为右光禄大","0","5","5"
"佩挂武猛都","0","5","5"
"挂武猛都尉","0","5","5"
"武猛都尉以","0","5","5"
"月犯心宿大","0","5","5"
"月犯束井宿","0","5","5"
"房宿南第二","0","5","5"
"宿南第二星","0","5","5"
"史司马休之","0","5","5"
"月犯太微垣","0","5","5"
"甘露降临京","0","5","5"
"甘露降临丹","0","5","5"
"露降临丹阳","0","5","5"
"降临丹阳秣","0","5","5"
"临丹阳秣陵","0","5","5"
"成帝咸和六","0","5","5"
"帝咸和六年","0","5","5"
"县有木连理","0","5","5"
"陵有木连理","0","5","5"
"汉桓帝建和","0","5","5"
"王刘浚献上","0","5","5"
"和五年五月","0","5","5"
"帝元康年间","0","5","5"
"废帝景和元","0","5","5"
"帝景和元年","0","5","5"
"成帝咸和四","0","5","5"
"帝咸和四年","0","5","5"
"太康元年恢","0","5","5"
"康元年恢复","0","5","5"
"庐陵王刘绍","0","5","5"
"任征虏将军","0","5","5"
"的中兵参军","0","5","5"
"任扬州刺史","0","5","5"
"任兖州刺史","0","5","5"
"论的人以为","0","5","5"
"派宁朔将军","0","5","5"
"渡过秦淮河","0","5","5"
"为建威将军","0","5","5"
"阳公刘义真","0","5","5"
"没有比这更","0","5","5"
"在南郊祭祀","0","5","5"
"晋升为镇西","0","5","5"
"给乐队一支","0","5","5"
"晋升为骠骑","0","5","5"
"将军赵伦之","0","5","5"
"派遣使臣巡","0","5","5"
"将军到彦之","0","5","5"
"冬十月一日","0","5","5"
"加封为中书","0","5","5"
"封为中书监","0","5","5"
"兖州刺史竟","0","5","5"
"委任辅国将","0","5","5"
"二月二十日","0","5","5"
"始兴王浚为","0","5","5"
"一部分设立","0","5","5"
"兖州刺史临","0","5","5"
"官员的俸禄","0","5","5"
"刺史刘秀之","0","5","5"
"州刺史朱修","0","5","5"
"刺史朱修之","0","5","5"
"州分出一部","0","5","5"
"任命游击将","0","5","5"
"命游击将军","0","5","5"
"为平南将军","0","5","5"
"被投入监狱","0","5","5"
"任员外散骑","0","5","5"
"任左卫将军","0","5","5"
"第二天早晨","0","5","5"
"将军齐王为","0","5","5"
"军刘面力为","0","5","5"
"派殿中将军","0","5","5"
"任命骁骑将","0","5","5"
"命骁骑将军","0","5","5"
"因母亲去世","0","5","5"
"相应的数为","0","5","5"
"的余数就是","0","5","5"
"纪的交会差","0","5","5"
"年份在相应","0","5","5"
"纪中的年数","0","5","5"
"的十一月朔","0","5","5"
"上加二十九","0","5","5"
"满曰法则减","0","5","5"
"曰法则减去","0","5","5"
"减去曰法并","0","5","5"
"去曰法并在","0","5","5"
"满六十就减","0","5","5"
"大余上加六","0","5","5"
"法就可得到","0","5","5"
"正对应的十","0","5","5"
"满通法则减","0","5","5"
"通法则减去","0","5","5"
"法则减去通","0","5","5"
"加上相应纪","0","5","5"
"距黄白交点","0","5","5"
"白交点的度","0","5","5"
"交点的度分","0","5","5"
"点的度分数","0","5","5"
"白交点在前","0","5","5"
"在后的情况","0","5","5"
"与半合并为","0","5","5"
"推算五星的","0","5","5"
"五星的方法","0","5","5"
"合在相应月","0","5","5"
"早晨与太阳","0","5","5"
"晨与太阳合","0","5","5"
"而停留不动","0","5","5"
"运行了十二","0","5","5"
"行了十二度","0","5","5"
"度而依然顺","0","5","5"
"而依然顺行","0","5","5"
"在太阳的东","0","5","5"
"太阳的东方","0","5","5"
"天运行二十","0","5","5"
"运行了一百","0","5","5"
"天运行一度","0","5","5"
"晨时在东方","0","5","5"
"运行的快慢","0","5","5"
"星在正南方","0","5","5"
"在井宿二十","0","5","5"
"国家的大事","0","5","5"
"法对应就得","0","5","5"
"对应就得到","0","5","5"
"日期的方法","0","5","5"
"观察不到有","0","5","5"
"在西方不出","0","5","5"
"西方不出现","0","5","5"
"阳历中的日","0","5","5"
"将损益率乘","0","5","5"
"天和曰余三","0","5","5"
"和曰余三万","0","5","5"
"记录为一书","0","5","5"
"守丧的制度","0","5","5"
"等人上奏说","0","5","5"
"皇帝又下诏","0","5","5"
"权宜的丧制","0","5","5"
"儿子的显贵","0","5","5"
"子的显贵而","0","5","5"
"的显贵而显","0","5","5"
"第二年二月","0","5","5"
"服大功丧服","0","5","5"
"服丧的制度","0","5","5"
"常丞庾蔚之","0","5","5"
"禅让帝位给","0","5","5"
"封为太夫人","0","5","5"
"为御史中丞","0","5","5"
"在明堂举行","0","5","5"
"明堂举行宗","0","5","5"
"堂举行宗庙","0","5","5"
"以配祭上帝","0","5","5"
"北郊的祭祀","0","5","5"
"掌管第二次","0","5","5"
"洒酒灌地的","0","5","5"
"酒灌地的仪","0","5","5"
"灌地的仪式","0","5","5"
"博士王燮之","0","5","5"
"和元年二月","0","5","5"
"二月己末日","0","5","5"
"的两个儿子","0","5","5"
"四位府君的","0","5","5"
"愚意以为应","0","5","5"
"意以为应当","0","5","5"
"皇帝亲临殿","0","5","5"
"帝亲临殿前","0","5","5"
"远近祖先神","0","5","5"
"近祖先神主","0","5","5"
"种神的祭祀","0","5","5"
"猪三牲作祭","0","5","5"
"三牲作祭品","0","5","5"
"正规的祭祀","0","5","5"
"用三匹马驾","0","5","5"
"制造指南车","0","5","5"
"就是现在的","0","5","5"
"彩丝绳作旒","0","5","5"
"不知道是谁","0","5","5"
"嬉游在莲叶","0","5","5"
"相当于魏曲","0","5","5"
"二句每句四","0","5","5"
"歌咏大皇帝","0","5","5"
"太阳白天在","0","5","5"
"阳白天在地","0","5","5"
"白天在地上","0","5","5"
"天在地上运","0","5","5"
"在地上运行","0","5","5"
"月或五大行","0","5","5"
"或五大行星","0","5","5"
"星出现于东","0","5","5"
"预示天下将","0","5","5"
"战争及丧事","0","5","5"
"之地将有战","0","5","5"
"火星入羽林","0","5","5"
"火星犯右执","0","5","5"
"金星犯房宿","0","5","5"
"金星犯左执","0","5","5"
"犯束井之宿","0","5","5"
"前面相应天","0","5","5"
"面相应天象","0","5","5"
"金星犯哭星","0","5","5"
"犯东井之宿","0","5","5"
"客星出现在","0","5","5"
"星犯进贤星","0","5","5"
"火星犯进贤","0","5","5"
"而白天出现","0","5","5"
"史庐陵王刘","0","5","5"
"羡之等人被","0","5","5"
"请求解除自","0","5","5"
"求解除自己","0","5","5"
"解除自己的","0","5","5"
"空竟陵王刘","0","5","5"
"郡国出现了","0","5","5"
"光武帝建武","0","5","5"
"凤凰出现于","0","5","5"
"帝王的仁德","0","5","5"
"出现于晋陵","0","5","5"
"玄上报朝廷","0","5","5"
"陵王刘骏上","0","5","5"
"王刘骏上报","0","5","5"
"刘骏上报朝","0","5","5"
"骏上报朝廷","0","5","5"
"出现于广陵","0","5","5"
"获得献上朝","0","5","5"
"得献上朝廷","0","5","5"
"史建安王刘","0","5","5"
"出现于北海","0","5","5"
"吴兴的乌程","0","5","5"
"史广陵王刘","0","5","5"
"广陵王刘诞","0","5","5"
"诞献上朝廷","0","5","5"
"乌出现于吴","0","5","5"
"雀出现于建","0","5","5"
"获得之后献","0","5","5"
"得之后献上","0","5","5"
"之后献上朝","0","5","5"
"寻阳王刘子","0","5","5"
"阳王刘子房","0","5","5"
"是阴气盛的","0","5","5"
"另一种说法","0","5","5"
"缘无故自己","0","5","5"
"失其本性而","0","5","5"
"言之不从的","0","5","5"
"带来的灾祸","0","5","5"
"百姓遭受饥","0","5","5"
"姓遭受饥荒","0","5","5"
"后临朝听政","0","5","5"
"出现这种妖","0","5","5"
"现这种妖异","0","5","5"
"愍怀太子被","0","5","5"
"王司马伦篡","0","5","5"
"京城发生大","0","5","5"
"朝政由大臣","0","5","5"
"政由大臣掌","0","5","5"
"由大臣掌握","0","5","5"
"朝政由将相","0","5","5"
"政由将相掌","0","5","5"
"由将相掌握","0","5","5"
"军彭城王刘","0","5","5"
"这天是月底","0","5","5"
"的一些地区","0","5","5"
"康元年改称","0","5","5"
"年恢复设置","0","5","5"
"距京都按水","0","5","5"
"都水路有二","0","5","5"
"水路有二百","0","5","5"
"设立的侨郡","0","5","5"
"他的儿子刘","0","5","5"
"当谘议参军","0","5","5"
"长兼行参军","0","5","5"
"死后被追认","0","5","5"
"戍守石头城","0","5","5"
"循进逼京城","0","5","5"
"为黄门侍郎","0","5","5"
"伐司马休之","0","5","5"
"任龙骧将军","0","5","5"
"随同本府转","0","5","5"
"继承他的爵","0","5","5"
"承他的爵位","0","5","5"
"当江夏王刘","0","5","5"
"拓跋焘又派","0","5","5"
"被任命为太","0","5","5"
"的后人封赏","0","5","5"
"后人封赏在","0","5","5"
"任黄门侍郎","0","5","5"
"大逆不道的","0","5","5"
"逆不道的第","0","5","5"
"凶刘邵杀文","0","5","5"
"加官给事中","0","5","5"
"在守孝期间","0","5","5"
"派辅国将军","0","5","5"
"朔望加时入","4","0","4"
"望加时入历","4","0","4"
"白鹿见零陵","4","0","4"
"年正月己酉","3","1","4"
"扬州治中事","4","0","4"
"辅国将军何","2","2","4"
"振武将军刘","1","3","4"
"武将军刘道","1","3","4"
"南郡太守王","2","2","4"
"天子重申前","2","2","4"
"六年二月丁","2","2","4"
"青州刺史檀","2","2","4"
"州刺史檀祗","2","2","4"
"相国左长史","2","2","4"
"右卫将军谢","2","2","4"
"冀州刺史王","2","2","4"
"太尉长沙王","2","2","4"
"尚书仆射傅","2","2","4"
"书仆射傅亮","2","2","4"
"江夏内史程","2","2","4"
"夏内史程道","2","2","4"
"内史程道惠","2","2","4"
"吏部尚书江","2","2","4"
"吐谷浑拾虔","2","2","4"
"宁南将军鲁","2","2","4"
"南将军鲁爽","2","2","4"
"中书郎鲁秀","2","2","4"
"车骑将军江","2","2","4"
"骑将军江州","2","2","4"
"将军江州刺","2","2","4"
"军江州刺史","2","2","4"
"江州刺史臧","2","2","4"
"年春正月庚","4","0","4"
"将军桂阳王","2","2","4"
"丹阳尹永嘉","2","2","4"
"阳尹永嘉王","2","2","4"
"始兴公沈庆","2","2","4"
"广州刺史袁","2","2","4"
"除左光禄大","3","1","4"
"同三司王玄","2","2","4"
"三司王玄谟","2","2","4"
"二州刺史吐","2","2","4"
"史吐谷浑拾","2","2","4"
"州刺史刘秉","2","2","4"
"州刺史王僧","2","2","4"
"刺史王僧虔","2","2","4"
"十二月癸亥","4","0","4"
"散骑常侍杜","2","2","4"
"常侍杜幼文","2","2","4"
"王僧虔尚书","4","0","4"
"千五百五十","2","2","4"
"六万七千三","2","2","4"
"二万四千六","2","2","4"
"二千七百九","3","1","4"
"十一万六千","3","1","4"
"四万五千三","2","2","4"
"三千六百二","2","2","4"
"六百二十七","2","2","4"
"五百九十六","2","2","4"
"九十六万二","2","2","4"
"六万二千二","2","2","4"
"二千二百五","2","2","4"
"三千九百九","2","2","4"
"二千一百四","2","2","4"
"三千六百四","2","2","4"
"六百四十八","2","2","4"
"一千五百九","2","2","4"
"三万九千四","2","2","4"
"千七百六十","2","2","4"
"七百六十一","2","2","4"
"千四百四十","2","2","4"
"四百四十二","2","2","4"
"四十二万四","2","2","4"
"十二万四千","2","2","4"
"一千七百一","2","2","4"
"万六千八百","2","2","4"
"六千八百一","2","2","4"
"十一万七千","2","2","4"
"二万六千三","2","2","4"
"四千一百九","2","2","4"
"嘉三年十二","2","2","4"
"武帝泰始三","2","2","4"
"城门五营校","2","2","4"
"门五营校尉","2","2","4"
"州郡国都尉","2","2","4"
"护匈奴中郎","2","2","4"
"匈奴中郎将","2","2","4"
"西域戊己校","2","2","4"
"域戊己校尉","2","2","4"
"协律中郎将","2","2","4"
"武猛都尉上","4","0","4"
"猛都尉上印","4","0","4"
"都尉上印者","4","0","4"
"洛书甄耀度","2","2","4"
"万七千五百","2","2","4"
"黄初四年三","2","2","4"
"初四年三月","2","2","4"
"年三月癸卯","2","2","4"
"将军司马懿","2","2","4"
"青龙三年十","2","2","4"
"景初元年二","2","2","4"
"初元年二月","2","2","4"
"元年二月乙","2","2","4"
"初二年二月","2","2","4"
"年二月癸丑","2","2","4"
"正始元年四","2","2","4"
"始元年四月","2","2","4"
"元年四月戊","2","2","4"
"年十月丙申","2","2","4"
"三年七月己","2","2","4"
"年七月己巳","2","2","4"
"十一月丁未","3","1","4"
"年七月丙午","2","2","4"
"元年八月辛","2","2","4"
"年八月辛亥","2","2","4"
"二年六月己","2","2","4"
"安二年十一","2","2","4"
"十一月庚辰","2","2","4"
"元年三月丙","2","2","4"
"犯房南第二","4","0","4"
"年正月丁丑","2","2","4"
"月犯南斗第","2","2","4"
"犯南斗第四","2","2","4"
"南斗第四星","2","2","4"
"月入南斗犯","2","2","4"
"年二月辛酉","2","2","4"
"十年正月乙","2","2","4"
"年十月壬申","2","2","4"
"熙二年二月","2","2","4"
"年三月丁卯","2","2","4"
"年三月丁巳","2","2","4"
"年四月二十","2","2","4"
"前将军刘穆","2","2","4"
"年正月丁卯","2","2","4"
"初三年三月","2","2","4"
"三年三月壬","2","2","4"
"初三年十一","2","2","4"
"二年五月壬","2","2","4"
"十一月辛亥","2","2","4"
"武帝太始二","2","2","4"
"宣帝元康四","2","2","4"
"宣帝元康元","2","2","4"
"元康元年三","2","2","4"
"汉宣帝神雀","2","2","4"
"宣帝神雀二","2","2","4"
"帝神雀二年","2","2","4"
"神雀二年二","2","2","4"
"雀二年二月","2","2","4"
"武建武中元","3","1","4"
"汉桓帝延熹","2","2","4"
"始十年四月","2","2","4"
"咸宁元年九","2","2","4"
"年三月乙卯","2","2","4"
"年六月丁丑","2","2","4"
"义兴阳羡县","2","2","4"
"初元年九月","2","2","4"
"元嘉四年五","2","2","4"
"嘉十三年二","2","2","4"
"嘉十三年三","2","2","4"
"三年三月甲","2","2","4"
"年三月甲午","2","2","4"
"二年三月辛","2","2","4"
"年三月辛亥","2","2","4"
"元年八月癸","2","2","4"
"孝建三年七","2","2","4"
"建三年七月","2","2","4"
"三年七月庚","2","2","4"
"武帝太康十","2","2","4"
"帝太康十年","2","2","4"
"林天渊池芙","3","1","4"
"天渊池芙蓉","3","1","4"
"西将军庾亮","3","1","4"
"穆帝升平三","2","2","4"
"帝升平三年","2","2","4"
"义熙二年四","2","2","4"
"元嘉六年九","2","2","4"
"嘉六年九月","2","2","4"
"八年五月辛","2","2","4"
"太康九年九","2","2","4"
"康九年九月","2","2","4"
"元年二月壬","2","2","4"
"年二月壬寅","2","2","4"
"大明元年九","2","2","4"
"光武建武十","3","1","4"
"元康三年春","2","2","4"
"汉昭帝始元","2","2","4"
"湘州刺史南","2","2","4"
"大明三年正","2","2","4"
"年正月丙申","2","2","4"
"太康五年六","2","2","4"
"太熙元年二","2","2","4"
"熙元年二月","2","2","4"
"晋成帝咸元","4","0","4"
"成帝咸元年","4","0","4"
"康元年六月","2","2","4"
"咸康二年三","2","2","4"
"康二年三月","2","2","4"
"安四年五月","2","2","4"
"孙亮太平元","2","2","4"
"亮太平元年","2","2","4"
"平元年二月","2","2","4"
"孙休永安五","2","2","4"
"休永安五年","2","2","4"
"年闰月庚寅","2","2","4"
"八年十一月","2","2","4"
"四年七月丁","2","2","4"
"三年正月己","2","2","4"
"明元年十月","2","2","4"
"始四年八月","2","2","4"
"元康五年五","2","2","4"
"安元年十二","2","2","4"
"泰始七年十","2","2","4"
"康六年二月","2","2","4"
"六年三月戊","2","2","4"
"太康六年六","2","2","4"
"嘉七年十月","2","2","4"
"七年十月庚","2","2","4"
"元元年八月","2","2","4"
"穆帝升平二","2","2","4"
"帝升平二年","2","2","4"
"平二年正月","2","2","4"
"三年正月甲","2","2","4"
"元年四月壬","2","2","4"
"义熙九年十","2","2","4"
"十一月甲戌","2","2","4"
"元嘉七年十","2","2","4"
"始四年十月","2","2","4"
"泰始五年十","2","2","4"
"始五年十一","2","2","4"
"三年九月戊","2","2","4"
"太兴二年五","2","2","4"
"兴二年五月","2","2","4"
"元年七月庚","2","2","4"
"年七月庚申","2","2","4"
"元年八月丁","2","2","4"
"州刺史费淹","2","2","4"
"三年七月甲","2","2","4"
"泰始五年四","2","2","4"
"始五年四月","2","2","4"
"太康二年二","2","2","4"
"年二月庚申","2","2","4"
"康十年十二","2","2","4"
"晋武帝太始","3","1","4"
"元康元年十","2","2","4"
"十二月辛酉","3","1","4"
"康六年正月","2","2","4"
"六年正月丁","2","2","4"
"建兴二年四","2","2","4"
"武帝太元二","2","2","4"
"帝太元二年","2","2","4"
"太元二年闰","2","2","4"
"元二年闰月","2","2","4"
"年六月癸卯","2","2","4"
"年四月丙辰","2","2","4"
"二年四月辛","2","2","4"
"洛阳东北步","2","2","4"
"阳东北步广","2","2","4"
"东北步广里","2","2","4"
"北步广里地","2","2","4"
"晋成帝咸四","4","0","4"
"二百九十六","2","2","4"
"一百四十五","1","3","4"
"孙权嘉禾三","2","2","4"
"权嘉禾三年","2","2","4"
"后汉属广陵","4","0","4"
"三千四百八","2","2","4"
"北济阴太守","2","2","4"
"明帝泰始七","2","2","4"
"义康大将军","2","2","4"
"北海二郡太","2","2","4"
"进号辅国将","3","1","4"
"太宗泰始元","2","2","4"
"宗泰始元年","2","2","4"
"持节征南大","2","2","4"
"节征南大将","2","2","4"
"中尚书令安","2","2","4"
"散骑常侍殿","2","2","4"
"骑常侍殿中","2","2","4"
"常侍殿中尚","2","2","4"
"侍殿中尚书","2","2","4"
"塞表诸军事","2","2","4"
"都督西秦河","2","2","4"
"进号中军将","3","1","4"
"号中军将军","3","1","4"
"时年三十五","2","2","4"
"哀帝兴宁元","2","2","4"
"帝兴宁元年","2","2","4"
"骠骑将军司","2","2","4"
"骑将军司马","2","2","4"
"三年二月己","2","2","4"
"等二十七人","2","2","4"
"宁远将军刘","2","2","4"
"江州刺史郭","2","2","4"
"州刺史郭昶","2","2","4"
"左仆射王愉","2","2","4"
"督江州诸军","2","2","4"
"江州诸军事","2","2","4"
"北青州刺史","2","2","4"
"义熙元年正","2","2","4"
"青二州刺史","2","2","4"
"振武将军道","3","1","4"
"武将军道规","3","1","4"
"都督中外诸","2","2","4"
"阳太守殷仲","2","2","4"
"太守殷仲文","2","2","4"
"龙骧将军孟","2","2","4"
"骧将军孟龙","2","2","4"
"州刺史道规","3","1","4"
"辅国将军孟","2","2","4"
"国将军孟怀","2","2","4"
"将军孟怀玉","2","2","4"
"太守虞丘进","2","2","4"
"建威将军孙","2","2","4"
"威将军孙季","2","2","4"
"将军孙季高","2","2","4"
"七年正月己","3","1","4"
"史杜慧度斩","2","2","4"
"诸葛长民监","3","1","4"
"太尉留府事","3","1","4"
"丹阳尹刘穆","2","2","4"
"府录事参军","2","2","4"
"雍州刺史鲁","2","2","4"
"子竟陵太守","2","2","4"
"北雍州刺史","2","2","4"
"遣大使分行","4","0","4"
"大使分行四","4","0","4"
"使分行四方","4","0","4"
"陈留王曹虔","2","2","4"
"史庐陵王义","3","1","4"
"夏四月己卯","3","1","4"
"镇军大将军","2","2","4"
"司马陆仲元","2","2","4"
"春正月己亥","4","0","4"
"安平公涉归","2","2","4"
"四郡诸军事","3","1","4"
"进号骠骑将","3","1","4"
"进号安北将","3","1","4"
"光禄大夫傅","1","3","4"
"禄大夫傅亮","1","3","4"
"征北将军檀","1","3","4"
"北将军檀道","1","3","4"
"军檀道济讨","2","2","4"
"护军将军赵","2","2","4"
"后将军长沙","2","2","4"
"将军长沙王","2","2","4"
"六疾能存者","4","0","4"
"参军刘道产","2","2","4"
"南蛮校尉刘","2","2","4"
"光禄大夫殷","2","2","4"
"南蛮校尉萧","2","2","4"
"前征虏司马","2","2","4"
"诃罗单国遣","4","0","4"
"罗单国遣使","4","0","4"
"单国遣使献","4","0","4"
"州刺史竺灵","2","2","4"
"刺史竺灵秀","2","2","4"
"军将军申宣","2","2","4"
"议参军刘道","2","2","4"
"护军将军殷","2","2","4"
"谘议参军申","2","2","4"
"王义恭征北","4","0","4"
"军将军殷景","2","2","4"
"子詹事刘湛","2","2","4"
"州刺史甄法","2","2","4"
"十一年春正","2","2","4"
"一年春正月","2","2","4"
"十二年春正","2","2","4"
"仆射殷景仁","2","2","4"
"十三年春正","2","2","4"
"步兵校尉刘","2","2","4"
"尚书金部郎","2","2","4"
"卫将军刘遵","2","2","4"
"秋七月辛未","4","0","4"
"二郡太守徐","2","2","4"
"州刺史王方","2","2","4"
"林邑国遣使","4","0","4"
"邑国遣使献","4","0","4"
"十六年春正","2","2","4"
"年春正月戊","4","0","4"
"百济国遣使","4","0","4"
"济国遣使献","4","0","4"
"军将军刘义","2","2","4"
"芮芮国遣使","4","0","4"
"立第六皇子","2","2","4"
"二十一年春","2","2","4"
"军将军赵伯","2","2","4"
"史武陵王赞","3","1","4"
"大沮渠安周","2","2","4"
"大将军参军","2","2","4"
"御史中丞何","2","2","4"
"史中丞何承","2","2","4"
"中丞何承天","2","2","4"
"尚书仆射孟","2","2","4"
"太子詹事范","2","2","4"
"子詹事范晔","2","2","4"
"十二月丁酉","3","1","4"
"太子詹事徐","2","2","4"
"子詹事徐湛","2","2","4"
"前交州刺史","2","2","4"
"二十五年春","2","2","4"
"十五年春正","2","2","4"
"零陵王司马","2","2","4"
"第十一皇子","2","2","4"
"兴太守刘遵","2","2","4"
"太守刘遵考","2","2","4"
"南徐兗二州","4","0","4"
"二十七年春","2","2","4"
"号平西将军","4","0","4"
"陈南顿二郡","3","1","4"
"二郡太守郑","2","2","4"
"二郡太守郭","2","2","4"
"郡太守郭道","2","2","4"
"太守郭道隐","2","2","4"
"玄谟攻滑台","4","0","4"
"二郡太守崔","2","2","4"
"太子积弩将","2","2","4"
"子积弩将军","2","2","4"
"辅国将军臧","2","2","4"
"国将军臧质","2","2","4"
"书左仆射何","2","2","4"
"左仆射何尚","2","2","4"
"中郎将武陵","2","2","4"
"郎将武陵王","2","2","4"
"秦郡太守刘","2","2","4"
"十一月壬寅","3","1","4"
"抚军将军萧","2","2","4"
"军吐谷浑拾","2","2","4"
"谯王义宣司","4","0","4"
"湘州诸军事","2","2","4"
"都督南豫豫","3","1","4"
"督南豫豫司","3","1","4"
"都督雍梁南","2","2","4"
"督雍梁南北","2","2","4"
"雍州刺史臧","1","3","4"
"将军王僧达","2","2","4"
"辅国将军申","2","2","4"
"国将军申坦","2","2","4"
"将军南平王","2","2","4"
"建平王宏加","2","2","4"
"护军将军王","2","2","4"
"都水使者官","2","2","4"
"孝建元年春","2","2","4"
"军将军东海","2","2","4"
"卫将军王玄","2","2","4"
"司马夏侯祖","2","2","4"
"马夏侯祖欢","2","2","4"
"兗州刺史沈","4","0","4"
"兴太守刘延","2","2","4"
"将军武昌王","2","2","4"
"抚军大将军","2","2","4"
"光禄大夫何","2","2","4"
"禄大夫何尚","2","2","4"
"江州刺史萧","2","2","4"
"刘遵考尚书","4","0","4"
"中军将军建","2","2","4"
"军将军建平","2","2","4"
"镇军将军刘","2","2","4"
"令建平王宏","3","1","4"
"江州刺史东","2","2","4"
"州刺史东海","2","2","4"
"刺史东海王","2","2","4"
"左卫将军沈","2","2","4"
"前太子步兵","2","2","4"
"卫将军建平","2","2","4"
"卫将军颜师","2","2","4"
"将军颜师伯","2","2","4"
"将军刘道隆","2","2","4"
"夏王义恭加","2","2","4"
"丹阳尹刘秀","2","2","4"
"十一月己巳","3","1","4"
"中郎司马柳","2","2","4"
"立第三皇子","2","2","4"
"雍州刺史海","2","2","4"
"州刺史海陵","2","2","4"
"刺史海陵王","2","2","4"
"第九皇子子","2","2","4"
"九皇子子仁","2","2","4"
"晋大司马桓","2","2","4"
"大司马桓温","2","2","4"
"王义恭太尉","4","0","4"
"十六年正月","2","2","4"
"南北二驰道","2","2","4"
"正月乙未朔","4","0","4"
"州刺史湘东","2","2","4"
"刺史湘东王","2","2","4"
"吏部尚书王","2","2","4"
"尚书仆射颜","2","2","4"
"书仆射颜师","2","2","4"
"尚书刘思考","2","2","4"
"庐陵王敬先","3","1","4"
"雍州刺史袁","2","2","4"
"阳王休祐改","4","0","4"
"州刺史殷孝","2","2","4"
"刺史殷孝祖","2","2","4"
"阳太守程天","2","2","4"
"太守程天祚","2","2","4"
"太子詹事张","2","2","4"
"子詹事张永","2","2","4"
"镇军将军张","2","2","4"
"左军将军张","2","2","4"
"安成太守刘","2","2","4"
"成太守刘袭","2","2","4"
"州刺史刘勔","4","0","4"
"安西将军蔡","2","2","4"
"郢州刺史蔡","2","2","4"
"越骑校尉周","2","2","4"
"骑校尉周宁","2","2","4"
"校尉周宁民","2","2","4"
"司马刘灵遗","2","2","4"
"吴郡太守王","2","2","4"
"湘州刺史巴","2","2","4"
"第五皇子智","2","2","4"
"五皇子智井","2","2","4"
"立第九皇子","2","2","4"
"护军将军张","2","2","4"
"散骑奏举郎","2","2","4"
"荆州刺史巴","2","2","4"
"禄大夫张永","2","2","4"
"衮冕九章衣","3","1","4"
"泰豫元年四","2","2","4"
"豫元年四月","2","2","4"
"将军李安民","2","2","4"
"卫将军袁粲","2","2","4"
"第七皇弟友","2","2","4"
"将军陈显达","2","2","4"
"将军任农夫","2","2","4"
"豫州刺史段","2","2","4"
"州刺史段佛","2","2","4"
"刺史段佛荣","2","2","4"
"泰始五年七","2","2","4"
"始五年七月","2","2","4"
"班剑三十人","2","2","4"
"左卫将军齐","2","2","4"
"屯骑校尉王","2","2","4"
"骑校尉王宜","2","2","4"
"校尉王宜兴","2","2","4"
"左军将军彭","2","2","4"
"军将军彭文","2","2","4"
"吴兴太守沈","2","2","4"
"兴太守沈文","2","2","4"
"建宁太守张","2","2","4"
"江州刺史邵","2","2","4"
"州刺史黄回","2","2","4"
"行湘州事任","2","2","4"
"湘州事任侯","2","2","4"
"州事任侯伯","2","2","4"
"淮南宣城二","2","2","4"
"南宣城二郡","2","2","4"
"宣城二郡太","2","2","4"
"城二郡太守","2","2","4"
"二郡太守萧","2","2","4"
"武昌太守刘","3","1","4"
"中军大将军","2","2","4"
"黄门侍郎萧","2","2","4"
"将军武陵王","2","2","4"
"十七万七千","2","2","4"
"七万七千一","2","2","4"
"七千一百四","2","2","4"
"六六三十六","2","2","4"
"北平侯张苍","2","2","4"
"千三百八十","2","2","4"
"中书监荀勖","3","1","4"
"太乐郎刘秀","2","2","4"
"二尺八寸四","2","2","4"
"尺八寸四分","2","2","4"
"八寸四分四","2","2","4"
"寸四分四厘","2","2","4"
"尺九寸九分","2","2","4"
"太乐令钟宗","2","2","4"
"尺二寸六分","2","2","4"
"五百二十八","2","2","4"
"所求年天正","4","0","4"
"求年天正十","4","0","4"
"年天正十一","4","0","4"
"正十一月朔","4","0","4"
"加大余二十","4","0","4"
"大余二十九","4","0","4"
"小分满气法","2","2","4"
"小余满纪法","2","2","4"
"小月加度二","4","0","4"
"月加度二十","4","0","4"
"大分满纪法","2","2","4"
"推合朔交会","4","0","4"
"合朔交会月","4","0","4"
"朔交会月蚀","4","0","4"
"损益盈缩积","4","0","4"
"益盈缩积分","4","0","4"
"二百一十一","2","2","4"
"百九十九万","2","2","4"
"九十九万五","2","2","4"
"九万五千六","2","2","4"
"百四十七万","2","2","4"
"四十七万二","2","2","4"
"九千九百八","2","2","4"
"六十七万五","2","2","4"
"七万五千三","2","2","4"
"三百六十四","2","2","4"
"五千一百七","2","2","4"
"一百七十五","2","2","4"
"九十九万七","2","2","4"
"百三十二分","2","2","4"
"七十九万五","2","2","4"
"九万五千二","2","2","4"
"二百三十八","2","2","4"
"百三十八分","2","2","4"
"百六十四分","2","2","4"
"七十九万二","2","2","4"
"九万二千六","2","2","4"
"万二千六百","2","2","4"
"二千六百一","2","2","4"
"六百一十五","2","2","4"
"百一十五分","2","2","4"
"百二十四万","2","2","4"
"二十四万九","2","2","4"
"十四万九千","2","2","4"
"四万九千三","2","2","4"
"三百四十五","2","2","4"
"百四十五分","2","2","4"
"百五十八万","2","2","4"
"五十八万五","2","2","4"
"十八万五千","2","2","4"
"八万五千二","2","2","4"
"百一十五度","2","2","4"
"八千六百九","2","2","4"
"百八十四万","2","2","4"
"八十四万七","2","2","4"
"十四万七千","2","2","4"
"四万七千六","2","2","4"
"六百七十五","2","2","4"
"百七十五分","2","2","4"
"七十五分半","2","2","4"
"度六百四十","2","2","4"
"六百四十九","2","2","4"
"百二十一分","2","2","4"
"二十一分半","2","2","4"
"行四十五分","2","2","4"
"五十二度十","2","2","4"
"十二度十九","2","2","4"
"二度十九万","2","2","4"
"度十九万四","2","2","4"
"十八日行二","4","0","4"
"八日行二十","4","0","4"
"行二十二度","2","2","4"
"三十六度二","2","2","4"
"十六度二千","2","2","4"
"万一千三百","2","2","4"
"子率更令何","2","2","4"
"率更令何承","2","2","4"
"更令何承天","2","2","4"
"秘书监徐广","2","2","4"
"十一年七月","2","2","4"
"七月十六日","1","3","4"
"十六日望月","4","0","4"
"六日望月蚀","4","0","4"
"年五月十五","2","2","4"
"八十二度半","3","1","4"
"二十一度少","2","2","4"
"十四年十一","2","2","4"
"三百一十九","2","2","4"
"四百一十七","2","2","4"
"一百四十四","2","2","4"
"正月朔夜半","2","2","4"
"二百四十五","2","2","4"
"五百七十五","2","2","4"
"二百三十二","2","2","4"
"八百四十七","2","2","4"
"百四十七半","2","2","4"
"二万四千八","2","2","4"
"万四千八百","2","2","4"
"四千八百一","2","2","4"
"八百一十二","2","2","4"
"度余四万九","2","2","4"
"七百七十九","2","2","4"
"日余四万九","2","2","4"
"四百一十四","2","2","4"
"九百六十五","2","2","4"
"五百八十三","2","2","4"
"余三万六千","2","2","4"
"二百九十一","2","2","4"
"千七百二十","2","2","4"
"日余乘损益","4","0","4"
"三百九十一","2","2","4"
"万一千九百","2","2","4"
"百三十九年","2","2","4"
"八百四十九","2","2","4"
"八千六百二","2","2","4"
"六百二十六","2","2","4"
"万七千九百","3","1","4"
"万八千八百","2","2","4"
"七百八十八","2","2","4"
"度余三万七","2","2","4"
"三百三十三","2","2","4"
"日余三万七","2","2","4"
"行一度六分","2","2","4"
"千四百二十","2","2","4"
"四年五月十","2","2","4"
"八月十五日","1","3","4"
"二十六年二","2","2","4"
"年六月丁未","3","1","4"
"桓帝永兴二","2","2","4"
"太宰司马孚","2","2","4"
"会稽王道子","3","1","4"
"太皇太后李","3","1","4"
"皇太后李氏","3","1","4"
"太皇太后名","2","2","4"
"嘉十七年七","2","2","4"
"十七年七月","2","2","4"
"明帝泰始中","4","0","4"
"学博士顾雅","2","2","4"
"元年六月己","2","2","4"
"年六月己巳","2","2","4"
"下礼官详议","4","0","4"
"六月二十八","2","2","4"
"大明五年七","2","2","4"
"明五年七月","2","2","4"
"学博士虞龢","4","0","4"
"学博士周山","2","2","4"
"三年四月壬","2","2","4"
"所生陈贵妃","4","0","4"
"太常丞司马","2","2","4"
"三夫人九嫔","2","2","4"
"孝建三年八","2","2","4"
"建三年八月","2","2","4"
"下礼官议正","4","0","4"
"嘉十三年七","2","2","4"
"年十月乙卯","2","2","4"
"祖武皇帝配","2","2","4"
"昭告皇皇后","2","2","4"
"丞相诸葛亮","2","2","4"
"熙二年十二","2","2","4"
"康十年十月","2","2","4"
"郊祀后稷配","4","0","4"
"祀后稷配天","4","0","4"
"宗祀文王明","4","0","4"
"祀文王明堂","4","0","4"
"尚书令刁协","2","2","4"
"年六月丁卯","2","2","4"
"二年正月丙","2","2","4"
"元年四月辛","2","2","4"
"泰始二年十","2","2","4"
"十一月庚寅","2","2","4"
"泰始六年正","2","2","4"
"始六年正月","2","2","4"
"年四月庚子","2","2","4"
"祭皇天上帝","1","3","4"
"五年九月甲","2","2","4"
"博士虞龢议","4","0","4"
"晋武帝平吴","3","1","4"
"年九月庚寅","2","2","4"
"太康元年冬","1","3","4"
"明帝太三年","4","0","4"
"元帝咸熙元","2","2","4"
"帝咸熙元年","2","2","4"
"相国掾府君","2","2","4"
"抚军将军会","2","2","4"
"军将军会稽","2","2","4"
"军会稽王司","2","2","4"
"会稽王司马","2","2","4"
"帝太元十二","2","2","4"
"骠骑将军会","2","2","4"
"骑将军会稽","2","2","4"
"王司马道子","1","3","4"
"射孔安国启","2","2","4"
"十一年十月","2","2","4"
"宁三年二月","2","2","4"
"著作郎徐广","3","1","4"
"太元元年四","2","2","4"
"元元年四月","2","2","4"
"升平五年十","2","2","4"
"平五年十月","2","2","4"
"学博士徐道","2","2","4"
"士徐道娱上","2","2","4"
"八年秋七月","2","2","4"
"年四月乙丑","2","2","4"
"士徐道娱等","2","2","4"
"三年五月丁","2","2","4"
"太学博士傅","2","2","4"
"殿中郎徐爰","2","2","4"
"年六月乙丑","2","2","4"
"明三年十一","2","2","4"
"始七年四月","2","2","4"
"年二月丙辰","2","2","4"
"太常丞韩贲","2","2","4"
"建元年十月","2","2","4"
"元年十月戊","2","2","4"
"大明二年二","2","2","4"
"年二月庚寅","2","2","4"
"魏文思后依","2","2","4"
"币遍告二庙","2","2","4"
"七年正月庚","2","2","4"
"八年正月壬","2","2","4"
"年六月丙辰","2","2","4"
"文帝黄初六","2","2","4"
"帝黄初六年","2","2","4"
"黄初六年十","2","2","4"
"明三年二月","2","2","4"
"三年二月戊","2","2","4"
"五年九月庚","2","2","4"
"初五年十一","2","2","4"
"汉安帝元初","2","2","4"
"二千石命妇","2","2","4"
"三梁进贤冠","2","2","4"
"宋孝武孝建","3","1","4"
"陛列备卤簿","4","0","4"
"王公侯诸署","2","2","4"
"司马虎贲督","2","2","4"
"监司律司马","2","2","4"
"公侯伯子男","2","2","4"
"太宰安平王","2","2","4"
"大司马江夏","2","2","4"
"司马江夏王","2","2","4"
"孝建二年十","2","2","4"
"三年五月壬","2","2","4"
"年正月己卯","2","2","4"
"七年二月甲","2","2","4"
"年二月甲寅","2","2","4"
"始四年五月","2","2","4"
"六年正月戊","2","2","4"
"黄门侍郎张","2","2","4"
"门侍郎王韶","2","2","4"
"录尚书江夏","2","2","4"
"尚书江夏王","2","2","4"
"孝建二年九","2","2","4"
"建二年九月","2","2","4"
"二年九月甲","2","2","4"
"城县开国侯","2","2","4"
"徒彭城王义","4","0","4"
"徒左长史王","2","2","4"
"祠天地五郊","2","2","4"
"郊迎送神歌","2","2","4"
"天地郊明堂","2","2","4"
"雅乐正旦大","2","2","4"
"乐正旦大会","2","2","4"
"正旦大会行","2","2","4"
"旦大会行礼","2","2","4"
"大会行礼诗","2","2","4"
"八句句三字","4","0","4"
"二句句四字","4","0","4"
"大晋承运期","2","2","4"
"百六十五度","2","2","4"
"百四十六度","2","2","4"
"二百一十九","2","2","4"
"百一十九度","2","2","4"
"三十五万七","2","2","4"
"五万七千里","2","2","4"
"黄初四年六","2","2","4"
"初四年六月","2","2","4"
"四年六月甲","2","2","4"
"六年十月乙","2","2","4"
"除旧布新象","4","0","4"
"龙二年十一","2","2","4"
"十一月丙寅","2","2","4"
"太微上将星","3","1","4"
"景初三年正","1","3","4"
"龙三年十月","2","2","4"
"三年十月壬","2","2","4"
"四年五月壬","2","2","4"
"四年七月甲","2","2","4"
"年七月甲寅","2","2","4"
"年十月甲申","2","2","4"
"吴将硃然围","3","1","4"
"州刺史胡质","2","2","4"
"刺史胡质击","2","2","4"
"景初二年十","2","2","4"
"年十月癸巳","2","2","4"
"年二月丁未","2","2","4"
"年八月戊午","2","2","4"
"年六月壬戌","2","2","4"
"权赤乌十三","2","2","4"
"十三年五月","2","2","4"
"荧惑入南斗","4","0","4"
"嘉平三年十","2","2","4"
"三年十月癸","2","2","4"
"五年六月戊","2","2","4"
"二年二月戊","2","2","4"
"年二月戊午","2","2","4"
"元年九月壬","2","2","4"
"年九月壬辰","2","2","4"
"元年七月乙","2","2","4"
"甘露二年十","2","2","4"
"年三月庚子","2","2","4"
"甘露三年八","2","2","4"
"露三年八月","2","2","4"
"元二年四月","2","2","4"
"四年正月丙","2","2","4"
"太康二年八","2","2","4"
"年三月癸丑","2","2","4"
"太康八年三","2","2","4"
"元康三年四","2","2","4"
"元康五年四","2","2","4"
"荧惑入羽林","4","0","4"
"永康元年三","2","2","4"
"惠帝太安二","2","2","4"
"帝太安二年","2","2","4"
"十二月壬寅","2","2","4"
"年七月乙丑","2","2","4"
"永兴元年十","2","2","4"
"永兴二年四","2","2","4"
"光熙元年十","2","2","4"
"年九月辛亥","2","2","4"
"永嘉二年正","2","2","4"
"嘉二年正月","2","2","4"
"三年正月庚","2","2","4"
"永嘉五年十","2","2","4"
"永嘉六年七","2","2","4"
"建武元年五","2","2","4"
"武元年五月","2","2","4"
"逆行入太微","2","2","4"
"西大将军庾","2","2","4"
"大将军庾亮","2","2","4"
"康二年九月","2","2","4"
"康三年八月","2","2","4"
"年八月甲戌","2","2","4"
"五年七月己","2","2","4"
"咸康五年四","2","2","4"
"六年二月庚","2","2","4"
"年三月甲寅","2","2","4"
"六年四月丙","2","2","4"
"咸康七年四","2","2","4"
"康八年八月","2","2","4"
"元年正月壬","2","2","4"
"安西将军庾","2","2","4"
"西将军庾翼","2","2","4"
"南斗第五星","2","2","4"
"四年七月丙","2","2","4"
"年七月丙申","2","2","4"
"犯西蕃上将","2","2","4"
"十二年八月","2","2","4"
"入太微右掖","4","0","4"
"太微右掖门","4","0","4"
"年正月乙巳","2","2","4"
"宁元年八月","2","2","4"
"元年十月丙","2","2","4"
"元年二月丙","2","2","4"
"十二月辛卯","2","2","4"
"咸安二年正","2","2","4"
"二年正月己","2","2","4"
"年正月戊申","2","2","4"
"二年正月丁","2","2","4"
"宁康三年六","2","2","4"
"年四月甲子","2","2","4"
"元十一年三","2","2","4"
"年二月戊寅","2","2","4"
"十二年十月","2","2","4"
"二年十月庚","2","2","4"
"时政事多弊","2","2","4"
"二十一年九","2","2","4"
"十一年九月","2","2","4"
"元十八年正","2","2","4"
"年正月乙酉","2","2","4"
"安帝隆安元","2","2","4"
"帝隆安元年","2","2","4"
"元年正月癸","2","2","4"
"元年六月庚","2","2","4"
"年六月戊辰","2","2","4"
"年五月辛酉","2","2","4"
"元年三月戊","2","2","4"
"太白犯五诸","4","0","4"
"白犯五诸侯","4","0","4"
"熙元年三月","2","2","4"
"年三月壬辰","2","2","4"
"荧惑犯左执","4","0","4"
"惑犯左执法","4","0","4"
"州刺史索度","2","2","4"
"刺史索度真","2","2","4"
"益州刺史司","2","2","4"
"刺史司马荣","2","2","4"
"史司马荣期","2","2","4"
"江州刺史何","2","2","4"
"益州刺史鲍","2","2","4"
"州刺史鲍陋","2","2","4"
"义熙四年正","2","2","4"
"熙四年正月","2","2","4"
"左仆射孟昶","2","2","4"
"十二月辛丑","2","2","4"
"林邑王范胡","2","2","4"
"邑王范胡达","2","2","4"
"义熙七年四","2","2","4"
"熙七年四月","2","2","4"
"十二月癸卯","3","1","4"
"汉平帝元始","2","2","4"
"永初元年十","2","2","4"
"二年六月甲","2","2","4"
"初三年二月","2","2","4"
"三年二月壬","2","2","4"
"景平元年正","2","2","4"
"元嘉元年十","2","2","4"
"年正月甲寅","2","2","4"
"尾长二十余","2","2","4"
"长二十余丈","2","2","4"
"元嘉八年四","2","2","4"
"嘉八年四月","2","2","4"
"八年四月辛","2","2","4"
"元嘉九年正","2","2","4"
"嘉九年正月","2","2","4"
"十一年二月","2","2","4"
"时司徒彭城","2","2","4"
"嘉十四年正","2","2","4"
"嘉十六年二","2","2","4"
"嘉十九年九","2","2","4"
"十九年九月","2","2","4"
"北大将军衡","2","2","4"
"大将军衡阳","2","2","4"
"二十五年正","2","2","4"
"十五年正月","2","2","4"
"年九月壬寅","2","2","4"
"二年五月乙","2","2","4"
"年八月甲午","2","2","4"
"大将军沈庆","3","1","4"
"年正月甲午","2","2","4"
"书右仆射蔡","2","2","4"
"右仆射蔡兴","2","2","4"
"四年六月壬","2","2","4"
"凤三年正月","2","2","4"
"二百一十年","2","2","4"
"延康元年三","2","2","4"
"延康元年九","2","2","4"
"春秋佐助期","2","2","4"
"年七月二十","2","2","4"
"十三年十月","2","2","4"
"延光三年八","2","2","4"
"光三年八月","2","2","4"
"光四年正月","2","2","4"
"孙权赤乌元","2","2","4"
"权赤乌元年","2","2","4"
"晋成帝咸八","4","0","4"
"帝咸八年五","4","0","4"
"咸八年五月","4","0","4"
"神雀四年春","2","2","4"
"神雀四年十","2","2","4"
"汉宣帝甘露","2","2","4"
"延光三年十","2","2","4"
"年十月壬午","2","2","4"
"孙权黄龙元","2","2","4"
"权黄龙元年","2","2","4"
"黄龙元年四","2","2","4"
"龙元年四月","2","2","4"
"穆帝升平四","2","2","4"
"帝升平四年","2","2","4"
"升平五年四","2","2","4"
"平五年四月","2","2","4"
"年七月戊戌","2","2","4"
"元年正月庚","2","2","4"
"宣帝五凤三","2","2","4"
"帝五凤三年","2","2","4"
"三年三月辛","2","2","4"
"年三月辛丑","2","2","4"
"年正月癸酉","2","2","4"
"甘露元年四","2","2","4"
"露元年四月","2","2","4"
"始二年二月","2","2","4"
"光元年八月","2","2","4"
"甘露元年正","2","2","4"
"露元年正月","2","2","4"
"元年正月辛","2","2","4"
"武元年三月","2","2","4"
"孙权赤乌五","2","2","4"
"权赤乌五年","2","2","4"
"年七月壬午","2","2","4"
"始三年四月","2","2","4"
"宁二年十月","2","2","4"
"宁二年十一","2","2","4"
"太康元年八","2","2","4"
"永初元年八","2","2","4"
"初元年八月","2","2","4"
"年九月己酉","2","2","4"
"年十月己丑","2","2","4"
"年五月戊戌","2","2","4"
"年二月甲辰","2","2","4"
"帝元嘉十九","2","2","4"
"九年四月戊","2","2","4"
"十年四月辛","2","2","4"
"太守巴陵王","2","2","4"
"陵王休若献","3","1","4"
"年九月己巳","2","2","4"
"泰豫元年十","2","2","4"
"豫元年十月","2","2","4"
"元年十月壬","2","2","4"
"太守王蕴献","2","2","4"
"咸康八年七","2","2","4"
"十一月甲午","2","2","4"
"汉章帝建初","2","2","4"
"章帝建初七","2","2","4"
"帝建初七年","2","2","4"
"建初七年十","2","2","4"
"初七年十月","2","2","4"
"汉桓帝永兴","2","2","4"
"兴元年二月","2","2","4"
"四年七月壬","2","2","4"
"年八月己未","3","1","4"
"六年三月癸","2","2","4"
"年七月丙戌","2","2","4"
"沙王义欣献","4","0","4"
"年五月甲午","2","2","4"
"年二月戊戌","2","2","4"
"三年六月丙","2","2","4"
"征北将军衡","2","2","4"
"北将军衡阳","2","2","4"
"二十七年二","2","2","4"
"七年二月壬","2","2","4"
"十九年八月","2","2","4"
"嘉三十年十","2","2","4"
"三十年十一","2","2","4"
"南琅邪太守","3","1","4"
"元年四月甲","2","2","4"
"史刘延孙献","2","2","4"
"年六月甲子","2","2","4"
"始六年十二","2","2","4"
"延康元年四","2","2","4"
"太康四年七","2","2","4"
"康四年七月","2","2","4"
"元十九年二","2","2","4"
"嘉十九年十","2","2","4"
"二十五年二","2","2","4"
"二十六年四","2","2","4"
"十六年四月","2","2","4"
"年三月壬子","2","2","4"
"太康五年九","2","2","4"
"康五年九月","2","2","4"
"太康七年五","2","2","4"
"九年五月癸","2","2","4"
"宋少帝景平","2","2","4"
"五年四月乙","2","2","4"
"年五月丙戌","2","2","4"
"十七年正月","2","2","4"
"年正月己丑","2","2","4"
"二十七年四","2","2","4"
"七年四月癸","2","2","4"
"大明元年七","2","2","4"
"内史程天祚","2","2","4"
"大明六年四","2","2","4"
"明六年四月","2","2","4"
"七年六月己","2","2","4"
"年五月乙卯","2","2","4"
"二十三年十","2","2","4"
"三年十月辛","2","2","4"
"愍帝建兴三","2","2","4"
"帝建兴三年","2","2","4"
"三年四月癸","2","2","4"
"孝建元年五","2","2","4"
"夏王义恭献","4","0","4"
"史王玄谟献","2","2","4"
"三年四月丙","2","2","4"
"孙权赤乌二","2","2","4"
"权赤乌二年","2","2","4"
"咸宁二年五","2","2","4"
"宁二年五月","2","2","4"
"二年五月戊","2","2","4"
"元康四年五","2","2","4"
"兴三年八月","2","2","4"
"晋明帝泰宁","2","2","4"
"明帝泰宁二","2","2","4"
"帝泰宁二年","2","2","4"
"年四月癸巳","2","2","4"
"八年四月癸","2","2","4"
"年三月甲戌","2","2","4"
"三年闰正月","2","2","4"
"露降吴兴乌","4","0","4"
"降吴兴乌程","4","0","4"
"十一月辛未","2","2","4"
"元嘉九年十","2","2","4"
"嘉九年十一","2","2","4"
"嘉十一年八","2","2","4"
"夏王义恭闻","4","0","4"
"嘉十八年五","2","2","4"
"嘉十八年六","2","2","4"
"十八年六月","2","2","4"
"九年五月乙","2","2","4"
"年五月乙亥","2","2","4"
"二十三年九","2","2","4"
"二十六年七","2","2","4"
"年四月乙卯","2","2","4"
"二十七年五","2","2","4"
"年二月壬午","2","2","4"
"大明四年二","2","2","4"
"明四年二月","2","2","4"
"四年二月乙","2","2","4"
"太守历阳王","2","2","4"
"大明六年二","2","2","4"
"明六年二月","2","2","4"
"二年四月庚","2","2","4"
"二年五月己","2","2","4"
"十一月庚申","2","2","4"
"孙权黄龙三","2","2","4"
"权黄龙三年","2","2","4"
"建兴二年六","2","2","4"
"元嘉二年十","2","2","4"
"二十二年六","2","2","4"
"年七月癸酉","2","2","4"
"藉田令褚熙","4","0","4"
"二十三年八","2","2","4"
"二十四年八","2","2","4"
"年八月乙巳","2","2","4"
"二州刺史杜","2","2","4"
"谯王义宣献","4","0","4"
"二十八年七","2","2","4"
"年九月己丑","2","2","4"
"元年八月甲","2","2","4"
"江州刺史建","2","2","4"
"太康三年六","2","2","4"
"园丞徐道兴","2","2","4"
"年七月乙酉","2","2","4"
"六年七月壬","2","2","4"
"池二莲同干","4","0","4"
"年六月辛丑","2","2","4"
"太始二年六","2","2","4"
"二年六月壬","2","2","4"
"年六月壬申","2","2","4"
"年六月己亥","2","2","4"
"二年三月丙","2","2","4"
"始四年十一","2","2","4"
"咸宁四年六","2","2","4"
"宁四年六月","2","2","4"
"太康二年十","2","2","4"
"康四年十一","2","2","4"
"帝太元十五","2","2","4"
"元十五年三","2","2","4"
"十五年三月","2","2","4"
"刺史段宏献","2","2","4"
"嘉十五年七","2","2","4"
"四年七月己","2","2","4"
"孝建三年闰","2","2","4"
"元嘉元年七","2","2","4"
"嘉元年七月","2","2","4"
"丹阳尹徐湛","2","2","4"
"年六月甲戌","2","2","4"
"元年五月庚","2","2","4"
"太康十年五","2","2","4"
"康十年五月","2","2","4"
"元康元年五","2","2","4"
"宁三年三月","2","2","4"
"帝太元十一","2","2","4"
"一年五月癸","2","2","4"
"十一月丙辰","2","2","4"
"年六月丁巳","2","2","4"
"二年九月壬","2","2","4"
"太康七年七","2","2","4"
"康七年七月","2","2","4"
"建武元年四","2","2","4"
"兴三年六月","2","2","4"
"嘉十一年五","2","2","4"
"南彭城蕃县","2","2","4"
"七年六月乙","2","2","4"
"年六月丙子","2","2","4"
"年六月丁亥","2","2","4"
"三年四月庚","2","2","4"
"年四月庚戌","2","2","4"
"豫州刺史垣","2","2","4"
"元年四月乙","2","2","4"
"废帝元徽五","2","2","4"
"帝元徽五年","2","2","4"
"五年十月庚","2","2","4"
"吴孙皓天玺","2","2","4"
"年十月己巳","2","2","4"
"木连理生东","4","0","4"
"连理生汝阴","4","0","4"
"宁二年四月","2","2","4"
"建兴二年三","2","2","4"
"年三月庚辰","2","2","4"
"建武元年十","2","2","4"
"武元年十一","2","2","4"
"太兴三年十","2","2","4"
"兴三年十一","2","2","4"
"年三月庚戌","2","2","4"
"康七年十二","2","2","4"
"一年四月壬","2","2","4"
"三年二月辛","2","2","4"
"木连理生南","4","0","4"
"年十月丁未","2","2","4"
"冀州刺史垣","2","2","4"
"大明元年正","2","2","4"
"明元年正月","2","2","4"
"元年十月丁","2","2","4"
"年六月戊戌","2","2","4"
"明五年十二","2","2","4"
"十二月戊寅","2","2","4"
"年八月乙丑","2","2","4"
"始六年四月","2","2","4"
"十二月壬辰","2","2","4"
"武帝元封二","2","2","4"
"帝元封二年","2","2","4"
"帝元嘉十一","2","2","4"
"永康元年十","2","2","4"
"咸宁元年十","2","2","4"
"宁三年十一","2","2","4"
"建兴三年十","2","2","4"
"年五月庚辰","2","2","4"
"青州刺史王","2","2","4"
"刺史刘德愿","2","2","4"
"孝建三年九","2","2","4"
"建三年九月","2","2","4"
"权赤乌十二","2","2","4"
"赤乌十二年","2","2","4"
"年四月丁亥","2","2","4"
"泰始五年五","2","2","4"
"始五年五月","2","2","4"
"七年六月甲","2","2","4"
"始元年二月","2","2","4"
"时右卫将军","2","2","4"
"兴三年二月","2","2","4"
"太康五年五","2","2","4"
"二年五月丙","2","2","4"
"年五月丙午","2","2","4"
"陈郡谢灵运","2","2","4"
"孙亮太平二","2","2","4"
"亮太平二年","2","2","4"
"臣戴法兴权","2","2","4"
"晋惠帝永熙","2","2","4"
"惠帝太安中","4","0","4"
"元十三年四","2","2","4"
"年八月丁酉","2","2","4"
"义熙九年五","2","2","4"
"熙九年五月","2","2","4"
"孙亮五凤二","2","2","4"
"亮五凤二年","2","2","4"
"泰始七年五","2","2","4"
"始七年五月","2","2","4"
"太康九年六","2","2","4"
"康七年九月","2","2","4"
"将军桓石虔","2","2","4"
"十八年三月","2","2","4"
"明帝太宁初","2","2","4"
"黄头小人欲","2","2","4"
"头小人欲作","2","2","4"
"康七年十一","2","2","4"
"元二年五月","2","2","4"
"青龙三年正","2","2","4"
"龙三年正月","2","2","4"
"太元十年四","2","2","4"
"元十年四月","2","2","4"
"年七月甲午","2","2","4"
"太宁元年正","2","2","4"
"宁康元年三","2","2","4"
"隆安二年三","2","2","4"
"二十九年三","2","2","4"
"十九年三月","2","2","4"
"元帝景元三","2","2","4"
"帝景元三年","2","2","4"
"九年六月庚","2","2","4"
"怀帝永嘉三","2","2","4"
"帝永嘉三年","2","2","4"
"吴孙权太元","2","2","4"
"晋成帝咸二","4","0","4"
"成帝咸二年","4","0","4"
"少帝景平二","2","2","4"
"帝景平二年","2","2","4"
"咸二年五月","4","0","4"
"元康五年三","2","2","4"
"兴四年十二","2","2","4"
"孙权赤乌八","2","2","4"
"权赤乌八年","2","2","4"
"赤乌八年夏","2","2","4"
"太康八年六","2","2","4"
"康八年六月","2","2","4"
"十九年七月","2","2","4"
"义熙元年十","2","2","4"
"义熙十年五","2","2","4"
"熙十年五月","2","2","4"
"元嘉五年六","2","2","4"
"嘉五年六月","2","2","4"
"二十九年五","2","2","4"
"泰始九年四","2","2","4"
"始九年四月","2","2","4"
"咸宁三年八","3","1","4"
"太康二年五","2","2","4"
"康二年五月","2","2","4"
"太康九年正","2","2","4"
"康九年正月","2","2","4"
"元康七年五","2","2","4"
"元康九年三","2","2","4"
"康九年三月","2","2","4"
"兴元年十一","2","2","4"
"五年三月己","2","2","4"
"六年五月壬","2","2","4"
"年五月壬申","2","2","4"
"义熙十年四","2","2","4"
"熙十年四月","2","2","4"
"二年七月丙","2","2","4"
"元年七月丙","2","2","4"
"武帝太元五","2","2","4"
"帝太元五年","2","2","4"
"熙四年十一","2","2","4"
"五年六月丙","2","2","4"
"年六月丙寅","2","2","4"
"永嘉四年五","2","2","4"
"建兴四年六","2","2","4"
"兴四年六月","2","2","4"
"年五月癸丑","2","2","4"
"一头二身八","2","2","4"
"年四月庚寅","2","2","4"
"年正月戊戌","2","2","4"
"武帝太元元","1","3","4"
"帝太元元年","1","3","4"
"元徽五年三","2","2","4"
"徽五年三月","2","2","4"
"帝太元十三","1","3","4"
"按司马彪说","3","1","4"
"四年六月丁","2","2","4"
"太兴元年四","2","2","4"
"兴元年四月","2","2","4"
"太兴四年八","2","2","4"
"兴四年八月","2","2","4"
"永昌元年十","2","2","4"
"熙元年十月","2","2","4"
"咸康八年正","2","2","4"
"嘉元年十一","2","2","4"
"永嘉五年三","2","2","4"
"嘉五年三月","2","2","4"
"千三百五十","2","2","4"
"汉灵帝中平","2","2","4"
"灵帝中平二","2","2","4"
"帝中平二年","2","2","4"
"汉献帝兴平","2","2","4"
"献帝兴平二","2","2","4"
"帝兴平二年","2","2","4"
"本属南下邳","3","1","4"
"景帝中六年","2","2","4"
"京都陆一千","4","0","4"
"一千七百五","2","2","4"
"中书黄门侍","2","2","4"
"书黄门侍郎","2","2","4"
"军记室参军","2","2","4"
"太尉事中郎","4","0","4"
"食邑四千户","2","2","4"
"府中兵参军","2","2","4"
"太守刘道产","2","2","4"
"宣威将军陈","2","2","4"
"中兵参军孔","2","2","4"
"中县五等侯","2","2","4"
"顺阳太守傅","2","2","4"
"阳太守傅弘","2","2","4"
"宁朔府司马","2","2","4"
"卢循逼京邑","4","0","4"
"太尉咨议参","3","1","4"
"尉咨议参军","3","1","4"
"松滋六郡诸","2","2","4"
"滋六郡诸军","2","2","4"
"除黄门侍郎","4","0","4"
"参太尉军事","2","2","4"
"尚书韩元兴","2","2","4"
"子尚抚军司","2","2","4"
"尚抚军司马","2","2","4"
"二郡太守孙","2","2","4"
"赐钱二十万","3","1","4"
"会稽王世子","4","0","4"
"稽王世子元","4","0","4"
"王世子元显","4","0","4"
"追赠散骑常","4","0","4"
"陵县五等侯","2","2","4"
"东莞姑幕人","2","2","4"
"西记室参军","2","2","4"
"北中兵参军","2","2","4"
"遣员外散骑","4","0","4"
"散骑侍郎徐","2","2","4"
"骑侍郎徐爰","2","2","4"
"济阳考城人","2","2","4"
"荆州刺史王","1","3","4"
"骑谘议参军","2","2","4"
"祠部郎荀伯","2","2","4"
"部郎荀伯子","2","2","4"
"世祖大明五","2","2","4"
"祖大明五年","2","2","4"
"将军刘毅镇","2","2","4"
"时年六十四","2","2","4"
"大司马行参","2","2","4"
"司马行参军","2","2","4"
"南中郎行参","2","2","4"
"迁左卫将军","3","1","4"
"护军将军臧","2","2","4"
"义季右军主","2","2","4"
"季右军主簿","2","2","4"
"鲁爽兄弟率","2","2","4"
"始兴县五等","2","2","4"
"司马王玄谟","2","2","4"
"大司马参军","2","2","4"
"吴兴武康人","2","2","4"
"太守刘攘兵","2","2","4"
"率辅国将军","2","2","4"
"将军录事参","2","2","4"
"宁朔将军中","2","2","4"
"朔将军中兵","2","2","4"
"中兵参军胡","2","2","4"
"军骁骑将军","2","2","4"
"郎中兵参军","2","2","4"
"南清河太守","2","2","4"
"中兵参军杜","2","2","4"
"北秦三州诸","2","2","4"
"秦三州诸军","2","2","4"
"前司空主簿","2","2","4"
"郡太守王昙","2","2","4"
"子鸾北中郎","3","1","4"
"子鸾抚军中","2","2","4"
"鸾抚军中兵","2","2","4"
"子勋镇军长","2","2","4"
"勋镇军长史","2","2","4"
"南阳太守沈","2","2","4"
"阳太守沈怀","2","2","4"
"太守沈怀宝","2","2","4"
"将军中直兵","3","1","4"
"龙骧将军张","2","2","4"
"骧将军陈庆","2","2","4"
"西阳太守谢","2","2","4"
"阳太守谢稚","2","2","4"
"中兵参军郑","2","2","4"
"前锋诸军事","2","2","4"
"县开国侯王","2","2","4"
"朔将军刘怀","2","2","4"
"徐州刺史申","2","2","4"
"宁朔将军屯","2","2","4"
"朔将军屯骑","2","2","4"
"将军沈怀明","2","2","4"
"南梁郡太守","2","2","4"
"子房冠军司","2","2","4"
"房冠军司马","2","2","4"
"征讨诸军事","2","2","4"
"前右军参军","2","2","4"
"参军杜叔宝","2","2","4"
"龙骧将军姜","2","2","4"
"骧将军姜产","2","2","4"
"武卫将军王","2","2","4"
"卫将军王广","2","2","4"
"征西将军蔡","2","2","4"
"平越中郎将","2","2","4"
"通直散骑侍","2","2","4"
"直散骑侍郎","2","2","4"
"东郡太守王","2","2","4"
"郡太守王景","2","2","4"
"太守王景度","2","2","4"
"上党太守刘","2","2","4"
"党太守刘谈","2","2","4"
"参军范道基","2","2","4"
"颍川太守李","2","2","4"
"川太守李元","2","2","4"
"太守李元德","2","2","4"
"梁南北秦三","2","2","4"
"将军杨文德","2","2","4"
"高梁王阿斗","2","2","4"
"梁王阿斗泥","2","2","4"
"冀州刺史历","2","2","4"
"州刺史历城","2","2","4"
"书仆射徐湛","2","2","4"
"侍中王僧绰","2","2","4"
"司隶校尉殷","2","2","4"
"隶校尉殷冲","2","2","4"
"中书侍郎蔡","2","2","4"
"书侍郎蔡兴","2","2","4"
"侍郎蔡兴宗","2","2","4"
"南中郎参军","2","2","4"
"正月十五日","1","3","4"
"会稽太守孟","1","3","4"
"兴太守王韶","2","2","4"
"三千九百四","2","2","4"
"千九百四十","2","2","4"
"二千一百七","2","2","4"
"殿前生桂树","2","2","4"
"一万三千六","2","2","4"
"千二百二十","2","2","4"
"户五千三百","2","2","4"
"口二万五千","2","2","4"
"口三万六千","2","2","4"
"三万六千六","2","2","4"
"万六千六百","2","2","4"
"万二千四百","2","2","4"
"二千四百七","2","2","4"
"千四百七十","2","2","4"
"一万五千三","2","2","4"
"口二万二千","2","2","4"
"户一千八百","2","2","4"
"户一千七百","2","2","4"
"一千二百三","2","2","4"
"口八千二百","2","2","4"
"户二千四百","2","2","4"
"口一万二千","2","2","4"
"八百一十八","2","2","4"
"口一万五千","2","2","4"
"三千三百三","2","2","4"
"一千一百一","2","2","4"
"口四万五千","2","2","4"
"口二万一千","2","2","4"
"四万五千五","2","2","4"
"五千五百八","2","2","4"
"五百八十一","2","2","4"
"十一月十九","1","3","4"
"一月十九日","1","3","4"
"散骑常侍冠","1","3","4"
"百姓的疾苦","0","4","4"
"的变化情况","0","4","4"
"定积分除以","0","4","4"
"盈减缩加的","0","4","4"
"减缩加的原","0","4","4"
"缩加的原则","0","4","4"
"天空中运行","0","4","4"
"法则减去日","0","4","4"
"述的方法对","0","4","4"
"的方法对应","0","4","4"
"得到行星出","0","4","4"
"到行星出现","0","4","4"
"行星出现时","0","4","4"
"时位置的度","0","4","4"
"运行速度的","0","4","4"
"就可以知道","0","4","4"
"皇帝下诏书","0","4","4"
"汉朝及曹魏","0","4","4"
"居凶庐守丧","0","4","4"
"皇帝的印玺","0","4","4"
"洒酒于地的","0","4","4"
"酒于地的仪","0","4","4"
"在辛曰举行","0","4","4"
"关官员代理","0","4","4"
"官员代理主","0","4","4"
"员代理主祭","0","4","4"
"死者的神主","0","4","4"
"我认为应当","0","4","4"
"至高无上的","0","4","4"
"的教化多么","0","4","4"
"承受这天象","0","4","4"
"受这天象预","0","4","4"
"预示的灾祸","0","4","4"
"同样的征兆","0","4","4"
"带来的灾害","0","4","4"
"王敦欺凌君","0","4","4"
"任吴兴太守","0","4","4"
"居住的地方","0","4","4"
"被免去官职","0","4","4"
"祖下诏书说","0","4","4"
"是显而易见","0","4","4"
"全部委托给","0","4","4"
"这难道不是","0","4","4"
"五百户租税","0","4","4"
"之为豫州刺","0","4","4"
"任车骑大将","0","4","4"
"夏四月二日","0","4","4"
"任中军将军","0","4","4"
"任会稽太守","0","4","4"
"柳元景加封","0","4","4"
"元景加封为","0","4","4"
"军湘东王为","0","4","4"
"山阳王休佑","0","4","4"
"升为征西大","0","4","4"
"袁粲为尚书","0","4","4"
"王僧虔为尚","0","4","4"
"僧虔为尚书","0","4","4"
"猛都尉以上","0","4","4"
"都尉以上官","0","4","4"
"尉以上官印","0","4","4"
"以上官印者","0","4","4"
"宿中央大星","0","4","4"
"犯房宿南第","0","4","4"
"犯房宿上星","0","4","4"
"入南斗犯其","0","4","4"
"南斗犯其第","0","4","4"
"犯舆鬼之宿","0","4","4"
"露降临京城","0","4","4"
"露降临于南","0","4","4"
"露降临于丹","0","4","4"
"白雀停集在","0","4","4"
"成帝咸和元","0","4","4"
"帝咸和元年","0","4","4"
"晋哀帝隆和","0","4","4"
"前汉时属东","0","4","4"
"三国时废置","0","4","4"
"兼任中书通","0","4","4"
"任中书通事","0","4","4"
"任抚军将军","0","4","4"
"镇守石头城","0","4","4"
"武陵王司马","0","4","4"
"陵王司马遵","0","4","4"
"开天辟地以","0","4","4"
"天辟地以来","0","4","4"
"州刺史照旧","0","4","4"
"留守府事务","0","4","4"
"当初豫章郡","0","4","4"
"初豫章郡公","0","4","4"
"议论的人以","0","4","4"
"豫章郡公说","0","4","4"
"高尚的品德","0","4","4"
"桂阳公刘义","0","4","4"
"军刘遵考为","0","4","4"
"五年以下徒","0","4","4"
"年以下徒刑","0","4","4"
"以下徒刑的","0","4","4"
"每人赐谷五","0","4","4"
"升为镇西将","0","4","4"
"二十七个月","0","4","4"
"任命尚书仆","0","4","4"
"命尚书仆射","0","4","4"
"任命为著作","0","4","4"
"命为著作佐","0","4","4"
"二千石官员","0","4","4"
"任命尚书令","0","4","4"
"讨伐斩杀了","0","4","4"
"在北郊祭祀","0","4","4"
"文臣武将各","0","4","4"
"二月十一日","0","4","4"
"的第三个儿","0","4","4"
"第三个儿子","0","4","4"
"持节照旧担","0","4","4"
"节照旧担任","0","4","4"
"为骠骑将军","0","4","4"
"可派遣使臣","0","4","4"
"难以生存的","0","4","4"
"延贤堂听诉","0","4","4"
"贤堂听诉讼","0","4","4"
"任益州刺史","0","4","4"
"任湘州刺史","0","4","4"
"五月十二日","0","4","4"
"任骠骑将军","0","4","4"
"军殷景仁为","0","4","4"
"王派遣使者","0","4","4"
"右将军到彦","0","4","4"
"到彦之北伐","0","4","4"
"诃罗单国派","0","4","4"
"氐人杨难当","0","4","4"
"州划出一部","0","4","4"
"秋七月二十","0","4","4"
"冬十一月十","0","4","4"
"年春正月四","0","4","4"
"春正月四日","0","4","4"
"晋升为镇军","0","4","4"
"升为镇军将","0","4","4"
"秋七月一日","0","4","4"
"秋七月三日","0","4","4"
"林邑国派使","0","4","4"
"邑国派使者","0","4","4"
"设立南豫州","0","4","4"
"武陵王骏为","0","4","4"
"南平王铄为","0","4","4"
"芮芮国派使","0","4","4"
"芮国派使者","0","4","4"
"任命左军将","0","4","4"
"命左军将军","0","4","4"
"冬十月八日","0","4","4"
"建平王宏为","0","4","4"
"仆射何尚之","0","4","4"
"郡县官员的","0","4","4"
"晋升为平西","0","4","4"
"升为平西将","0","4","4"
"史萧思话为","0","4","4"
"兖州刺史江","0","4","4"
"年四十七岁","0","4","4"
"为征南将军","0","4","4"
"海王礻韦为","0","4","4"
"军王玄谟为","0","4","4"
"升为骠骑大","0","4","4"
"任平西将军","0","4","4"
"兖州刺史沈","0","4","4"
"刘遵考为尚","0","4","4"
"遵考为尚书","0","4","4"
"任郢州刺史","0","4","4"
"阳王子尚为","0","4","4"
"任开府仪同","0","4","4"
"河南王派使","0","4","4"
"南王派使者","0","4","4"
"太官供应的","0","4","4"
"官供应的膳","0","4","4"
"供应的膳食","0","4","4"
"一天比一天","0","4","4"
"宗庙的祭祀","0","4","4"
"任游击将军","0","4","4"
"山阳王休改","0","4","4"
"阳王休改任","0","4","4"
"同党都被处","0","4","4"
"书．律历志","0","4","4"
"三分之一就","0","4","4"
"和他的儿子","0","4","4"
"与实际天象","0","4","4"
"冬至曰太阳","0","4","4"
"至曰太阳在","0","4","4"
"与周正相应","0","4","4"
"周正相应的","0","4","4"
"得到的余数","0","4","4"
"的交会差率","0","4","4"
"最后得到的","0","4","4"
"数就是大余","0","4","4"
"用干支名称","0","4","4"
"大余上加二","0","4","4"
"余上加二十","0","4","4"
"在大余上进","0","4","4"
"大余上进一","0","4","4"
"六十则减去","0","4","4"
"十则减去六","0","4","4"
"则减去六十","0","4","4"
"干支名称对","0","4","4"
"支名称对应","0","4","4"
"份在相应纪","0","4","4"
"应纪中的年","0","4","4"
"其余数为小","0","4","4"
"余满纪法则","0","4","4"
"余上加六十","0","4","4"
"余不够减时","0","4","4"
"余上加一万","0","4","4"
"周天则减去","0","4","4"
"天则减去周","0","4","4"
"则减去周天","0","4","4"
"再除以纪法","0","4","4"
"每经过一宿","0","4","4"
"朔日夜半时","0","4","4"
"的方法就可","0","4","4"
"方法就可得","0","4","4"
"位置的度分","0","4","4"
"置的度分数","0","4","4"
"纪法并在度","0","4","4"
"大分上加一","0","4","4"
"月食的方法","0","4","4"
"上相应纪的","0","4","4"
"满会通则减","0","4","4"
"会通则减去","0","4","4"
"通则减去会","0","4","4"
"月距黄白交","0","4","4"
"与黄白交点","0","4","4"
"时月亮在黄","0","4","4"
"月会合在后","0","4","4"
"得到定积分","0","4","4"
"与太合并为","0","4","4"
"算五星的方","0","4","4"
"五星发生合","0","4","4"
"星发生合的","0","4","4"
"需求的年份","0","4","4"
"将其乘以章","0","4","4"
"应月中的日","0","4","4"
"月中的日期","0","4","4"
"再除以通法","0","4","4"
"法则减去度","0","4","4"
"则减去度法","0","4","4"
"一百七十九","0","4","4"
"五十七天运","0","4","4"
"十七天运行","0","4","4"
"天运行十一","0","4","4"
"每天运行九","0","4","4"
"天运行九分","0","4","4"
"度而停留不","0","4","4"
"七分之一度","0","4","4"
"时在西方观","0","4","4"
"在西方观察","0","4","4"
"西方观察不","0","4","4"
"行了三十三","0","4","4"
"了三十三度","0","4","4"
"在太阳西方","0","4","4"
"每天运行二","0","4","4"
"行了一百一","0","4","4"
"了一百一十","0","4","4"
"运行了两度","0","4","4"
"天运行十七","0","4","4"
"运行十七分","0","4","4"
"一终有三百","0","4","4"
"十五天中运","0","4","4"
"五天中运行","0","4","4"
"在西方出现","0","4","4"
"中后退了六","0","4","4"
"天运行七度","0","4","4"
"运行一又十","0","4","4"
"一天中后退","0","4","4"
"百一十五天","0","4","4"
"满度法则减","0","4","4"
"在正南方的","0","4","4"
"正南方的天","0","4","4"
"南方的天空","0","4","4"
"方的天空中","0","4","4"
"的冬至太阳","0","4","4"
"阳在斗宿十","0","4","4"
"时太阳在斗","0","4","4"
"推算这天太","0","4","4"
"算这天太阳","0","4","4"
"位置相对推","0","4","4"
"置相对推考","0","4","4"
"宿二十五度","0","4","4"
"一纪的开始","0","4","4"
"到元嘉二十","0","4","4"
"向外推一年","0","4","4"
"余满曰法则","0","4","4"
"前述方法对","0","4","4"
"述方法对应","0","4","4"
"历中的日期","0","4","4"
"在曰数上加","0","4","4"
"在曰数上进","0","4","4"
"的后设历元","0","4","4"
"天和曰余四","0","4","4"
"运行了二十","0","4","4"
"时在西方不","0","4","4"
"十四度和度","0","4","4"
"四度和度余","0","4","4"
"与开始时相","0","4","4"
"开始时相同","0","4","4"
"清晨时在东","0","4","4"
"在正南方天","0","4","4"
"按照戴法兴","0","4","4"
"相对的位置","0","4","4"
"是这种情况","0","4","4"
"不是一般人","0","4","4"
"俸禄二千石","0","4","4"
"二月己亥曰","0","4","4"
"某官曹关知","0","4","4"
"刺史俸禄二","0","4","4"
"和六年三月","0","4","4"
"礼记．月令","0","4","4"
"在三月上旬","0","4","4"
"以上的官员","0","4","4"
"为父母守丧","0","4","4"
"等人又上奏","0","4","4"
"人又上奏说","0","4","4"
"事官员又上","0","4","4"
"官员又上奏","0","4","4"
"员又上奏说","0","4","4"
"没有明文记","0","4","4"
"有明文记载","0","4","4"
"膺之议论说","0","4","4"
"不可以没有","0","4","4"
"朱膺之议论","0","4","4"
"膺之的议论","0","4","4"
"礼书的记载","0","4","4"
"明五年的闰","0","4","4"
"五年的闰月","0","4","4"
"士司马兴之","0","4","4"
"明帝泰始年","0","4","4"
"帝泰始年间","0","4","4"
"降丧服的事","0","4","4"
"的议论为允","0","4","4"
"议论为允当","0","4","4"
"闰月的后一","0","4","4"
"月的后一个","0","4","4"
"的后一个月","0","4","4"
"就是今天的","0","4","4"
"学博士虞稣","0","4","4"
"生母陈贵妃","0","4","4"
"在郊外祭祀","0","4","4"
"郊外祭祀天","0","4","4"
"外祭祀天地","0","4","4"
"在南郊祭天","0","4","4"
"皇天上帝的","0","4","4"
"宗庙祭祀祭","0","4","4"
"继位的君主","0","4","4"
"帝亲自举行","0","4","4"
"亲自举行郊","0","4","4"
"返回后一定","0","4","4"
"祖庙父庙祭","0","4","4"
"庙父庙祭祀","0","4","4"
"举行告至之","0","4","4"
"行告至之礼","0","4","4"
"的宗庙祭祀","0","4","4"
"有洒酒灌地","0","4","4"
"祈求五谷丰","0","4","4"
"求五谷丰熟","0","4","4"
"明堂的祭祀","0","4","4"
"每隔一年举","0","4","4"
"隔一年举行","0","4","4"
"一年举行一","0","4","4"
"所说的那样","0","4","4"
"举行隆重的","0","4","4"
"如果不是皇","0","4","4"
"天下太平的","0","4","4"
"的礼仪制度","0","4","4"
"上面的文字","0","4","4"
"十二月己末","0","4","4"
"这是为什么","0","4","4"
"经过参酌详","0","4","4"
"过参酌详审","0","4","4"
"由有关官员","0","4","4"
"庙发生火灾","0","4","4"
"那么就应当","0","4","4"
"可以作为依","0","4","4"
"礼官详细讨","0","4","4"
"官详细讨论","0","4","4"
"对于皇上来","0","4","4"
"于皇上来说","0","4","4"
"神主附属于","0","4","4"
"属于祖父庙","0","4","4"
"皇太后庙室","0","4","4"
"天子为自己","0","4","4"
"为自己立社","0","4","4"
"为天下各族","0","4","4"
"天下各族姓","0","4","4"
"下各族姓的","0","4","4"
"各族姓的人","0","4","4"
"七种神的祭","0","4","4"
"派遣使者用","0","4","4"
"作祭品祭祀","0","4","4"
"没有来得及","0","4","4"
"致送祭品祭","0","4","4"
"送祭品祭奠","0","4","4"
"天子乘的车","0","4","4"
"车上竖立赤","0","4","4"
"鹿头龙纹图","0","4","4"
"涂饰车辕及","0","4","4"
"饰车辕及衡","0","4","4"
"三匹马驾车","0","4","4"
"用油彩涂绘","0","4","4"
"油彩涂绘的","0","4","4"
"竖立旌旗有","0","4","4"
"皇帝车驾出","0","4","4"
"帝车驾出行","0","4","4"
"祭祀天地宗","0","4","4"
"祀天地宗庙","0","4","4"
"种彩色花纹","0","4","4"
"及在皇帝出","0","4","4"
"在皇帝出行","0","4","4"
"仪仗队之中","0","4","4"
"色绶带．着","0","4","4"
"绶带．着朝","0","4","4"
"带．着朝服","0","4","4"
"增加不得穿","0","4","4"
"再增加不得","0","4","4"
"的意思是说","0","4","4"
"根据他们的","0","4","4"
"主管部门奏","0","4","4"
"管部门奏称","0","4","4"
"是有原因的","0","4","4"
"我圣明的皇","0","4","4"
"没有一个不","0","4","4"
"端庄盛美的","0","4","4"
"鱼儿嬉游在","0","4","4"
"儿嬉游在莲","0","4","4"
"游在莲叶的","0","4","4"
"圣皇顺应天","0","4","4"
"八句每句三","0","4","4"
"句每句六字","0","4","4"
"十二分之二","0","4","4"
"在东井之宿","0","4","4"
"国家将有战","0","4","4"
"国家将有大","0","4","4"
"大臣将有忧","0","4","4"
"臣将有忧患","0","4","4"
"大臣被诛杀","0","4","4"
"占辞全部同","0","4","4"
"辞全部同上","0","4","4"
"尺的彗星出","0","4","4"
"星出现于大","0","4","4"
"造天象预示","0","4","4"
"象预示天下","0","4","4"
"示天下将有","0","4","4"
"第二年正月","0","4","4"
"犯井宿之钹","0","4","4"
"井宿之钹星","0","4","4"
"象预示国家","0","4","4"
"预示国家将","0","4","4"
"十天后消失","0","4","4"
"星出现于太","0","4","4"
"出现于太微","0","4","4"
"现于太微垣","0","4","4"
"象预示天子","0","4","4"
"星出现于北","0","4","4"
"在斗宿出现","0","4","4"
"有大臣被杀","0","4","4"
"规模军事行","0","4","4"
"模军事行动","0","4","4"
"将有大规模","0","4","4"
"入束井之宿","0","4","4"
"当时齐王司","0","4","4"
"时齐王司马","0","4","4"
"示将有饥荒","0","4","4"
"火星与金星","0","4","4"
"长沙王司马","0","4","4"
"沙王司马义","0","4","4"
"金星入昴宿","0","4","4"
"占辞与前面","0","4","4"
"辞与前面相","0","4","4"
"于束井之宿","0","4","4"
"王公大臣有","0","4","4"
"公大臣有忧","0","4","4"
"星入舆鬼之","0","4","4"
"入舆鬼之宿","0","4","4"
"行入太微垣","0","4","4"
"预示君主交","0","4","4"
"示君主交恶","0","4","4"
"星纵向运行","0","4","4"
"星犯上将星","0","4","4"
"秦地将有战","0","4","4"
"星犯束井之","0","4","4"
"皇后王氏去","0","4","4"
"后王氏去世","0","4","4"
"在须女之宿","0","4","4"
"晋海西太和","0","4","4"
"国家不安宁","0","4","4"
"星白天在胃","0","4","4"
"白天在胃宿","0","4","4"
"金星犯五诸","0","4","4"
"星犯五诸侯","0","4","4"
"星犯房宿北","0","4","4"
"火星犯左执","0","4","4"
"占辞同义熙","0","4","4"
"高祖征讨司","0","4","4"
"祖征讨司马","0","4","4"
"经天而白天","0","4","4"
"天而白天出","0","4","4"
"样大的流星","0","4","4"
"军衡阳王刘","0","4","4"
"除自己的职","0","4","4"
"自己的职务","0","4","4"
"这预示君主","0","4","4"
"赤色花纹形","0","4","4"
"色花纹形成","0","4","4"
"花纹形成字","0","4","4"
"纹形成字迹","0","4","4"
"灭亡的征兆","0","4","4"
"一茎有九穗","0","4","4"
"也是命中注","0","4","4"
"把女儿嫁给","0","4","4"
"女儿嫁给他","0","4","4"
"出现了白虎","0","4","4"
"的特异天象","0","4","4"
"至章和元年","0","4","4"
"在郡国出现","0","4","4"
"麒麟出现在","0","4","4"
"麒麟出现于","0","4","4"
"出现于南郡","0","4","4"
"现于南郡的","0","4","4"
"和八年五月","0","4","4"
"出现于济阴","0","4","4"
"现于河南的","0","4","4"
"史彭城王刘","0","4","4"
"帝元和年问","0","4","4"
"出现于济南","0","4","4"
"二月壬辰曰","0","4","4"
"青龙二次出","0","4","4"
"白龙二次出","0","4","4"
"出现于京兆","0","4","4"
"宗上报朝廷","0","4","4"
"出现于吴兴","0","4","4"
"现于吴兴的","0","4","4"
"现于零陵的","0","4","4"
"盏宣上报朝","0","4","4"
"献上朝廷．","0","4","4"
"欣献上朝廷","0","4","4"
"出现于南琅","0","4","4"
"州刺史朱脩","0","4","4"
"刺史朱脩之","0","4","4"
"山阳王刘休","0","4","4"
"孙献上朝廷","0","4","4"
"和九年五月","0","4","4"
"丞梅道念上","0","4","4"
"梅道念上报","0","4","4"
"道念上报朝","0","4","4"
"念上报朝廷","0","4","4"
"刘浚献上朝","0","4","4"
"浚献上朝廷","0","4","4"
"出现于南阳","0","4","4"
"永嘉王刘子","0","4","4"
"嘉王刘子仁","0","4","4"
"仁献上朝廷","0","4","4"
"史临海王刘","0","4","4"
"王刘义恭献","0","4","4"
"刘义恭献上","0","4","4"
"义恭献上朝","0","4","4"
"恭献上朝廷","0","4","4"
"魏文帝初年","0","4","4"
"官都来祝贺","0","4","4"
"太守王韶之","0","4","4"
"王刘义恭上","0","4","4"
"刘义恭上报","0","4","4"
"义恭上报朝","0","4","4"
"恭上报朝廷","0","4","4"
"符上报朝廷","0","4","4"
"甘露降临乐","0","4","4"
"露降临乐游","0","4","4"
"五月甲申曰","0","4","4"
"王刘义庆上","0","4","4"
"刘义庆上报","0","4","4"
"义庆上报朝","0","4","4"
"甘露降临南","0","4","4"
"降临吴兴的","0","4","4"
"二月戊午曰","0","4","4"
"史长沙王刘","0","4","4"
"巴陵王刘休","0","4","4"
"陵王刘休若","0","4","4"
"池二莲同一","0","4","4"
"二花共一蒂","0","4","4"
"后池的芙蓉","0","4","4"
"二莲同一枝","0","4","4"
"莲同一枝干","0","4","4"
"十九个郡国","0","4","4"
"九个郡国说","0","4","4"
"个郡国说出","0","4","4"
"郡国说出现","0","4","4"
"国说出现了","0","4","4"
"白燕停集于","0","4","4"
"陵王刘诞献","0","4","4"
"王刘诞献上","0","4","4"
"刘诞献上朝","0","4","4"
"刺史垣护之","0","4","4"
"阴有木连理","0","4","4"
"获得献给朝","0","4","4"
"得献给朝廷","0","4","4"
"神雀停留在","0","4","4"
"带来的惩罚","0","4","4"
"树木上结冰","0","4","4"
"秋天收获的","0","4","4"
"京城因下雨","0","4","4"
"城因下雨而","0","4","4"
"因下雨而涨","0","4","4"
"下雨而涨水","0","4","4"
"武帝太康年","0","4","4"
"元帝太兴年","0","4","4"
"最终被废黜","0","4","4"
"惠帝太安年","0","4","4"
"帝太安年间","0","4","4"
"西公太和年","0","4","4"
"是言之不从","0","4","4"
"行为的应验","0","4","4"
"五行中金的","0","4","4"
"来的灾祸是","0","4","4"
"这就叫做不","0","4","4"
"为龙骧将军","0","4","4"
"太子被废黜","0","4","4"
"帝元嘉年间","0","4","4"
"成帝咸和二","0","4","4"
"帝咸和二年","0","4","4"
"咸和二年五","0","4","4"
"和二年五月","0","4","4"
"等州所属郡","0","4","4"
"当时继位君","0","4","4"
"时继位君主","0","4","4"
"母后临朝听","0","4","4"
"又出现日食","0","4","4"
"州的一些地","0","4","4"
"有一千三百","0","4","4"
"京都按水路","0","4","4"
"都按水路计","0","4","4"
"按水路计有","0","4","4"
"陆路有五百","0","4","4"
"孙权时分割","0","4","4"
"路有二百里","0","4","4"
"徐州水路有","0","4","4"
"水路有四百","0","4","4"
"路有七百里","0","4","4"
"汉时隶属琅","0","4","4"
"时隶属琅邪","0","4","4"
"距京都陆路","0","4","4"
"京都陆路有","0","4","4"
"时隶属临淮","0","4","4"
"的女儿嫁给","0","4","4"
"太尉从事中","0","4","4"
"尉从事中郎","0","4","4"
"又被任命为","0","4","4"
"又派人告诉","0","4","4"
"率步兵和骑","0","4","4"
"为金紫光禄","0","4","4"
"祖平定京城","0","4","4"
"讨伐司马休","0","4","4"
"死后被追赠","0","4","4"
"此事可参见","0","4","4"
"同本府转任","0","4","4"
"封爵被取消","0","4","4"
"的哥哥的儿","0","4","4"
"当员外散骑","0","4","4"
"王玄谟进攻","0","4","4"
"出外当使持","0","4","4"
"外当使持节","0","4","4"
"任中书侍郎","0","4","4"
"封散骑常侍","0","4","4"
"祖父和父亲","0","4","4"
"当抚军将军","0","4","4"
"派员外散骑","0","4","4"
"任太子洗马","0","4","4"
"何承天提议","0","4","4"
"承天提议说","0","4","4"
"宋高祖刘裕","0","4","4"
"亲补充军队","0","4","4"
"当中书侍郎","0","4","4"
"庐陵王刘邵","0","4","4"
"文帝下诏书","0","4","4"
"当广州刺史","0","4","4"
"到这步田地","0","4","4"
"领太子詹事","0","4","4"
"代替殷孝祖","0","4","4"
"齐王萧道成","0","4","4"
"邵杀文帝自","0","4","4"
"当冠军将军","0","4","4"
"的妻子儿女","0","4","4"
"随同柳元景","0","4","4"
"代理辅国将","0","4","4"
"理辅国将军","0","4","4"
"当司州刺史","0","4","4"
"户租税待遇","0","4","4"
"当江州刺史","0","4","4"
"魏人郑兵将","0","4","4"
"人郑兵将军","0","4","4"
"十二月丙申","2","1","3"
"三年九月十","2","1","3"
"太康三年七","2","1","3"
"零陵令蒋微","2","1","3"
"四年正月己","2","1","3"
"转员外散骑","3","0","3"
"食邑一万户","1","2","3"
"子重申前令","1","2","3"
"尉长沙王道","2","1","3"
"长沙王道怜","2","1","3"
"城王义康改","2","1","3"
"夏王义恭改","1","2","3"
"夏四月癸亥","3","0","3"
"军竟陵王义","1","2","3"
"丹阳尹褚湛","1","2","3"
"州刺史徐遗","1","2","3"
"刺史徐遗宝","1","2","3"
"第十六皇子","1","2","3"
"尹永嘉王子","2","1","3"
"尉桂阳王休","2","1","3"
"州刺史袁昙","2","1","3"
"刺史袁昙远","2","1","3"
"新除左光禄","3","0","3"
"王玄谟车骑","3","0","3"
"玄谟车骑将","3","0","3"
"谟车骑将军","3","0","3"
"陵王休若降","2","1","3"
"王景文尚书","3","0","3"
"尚书仆射袁","1","2","3"
"荆州刺史蔡","2","1","3"
"宁朔将军武","2","1","3"
"武都王杨文","2","1","3"
"都王杨文度","2","1","3"
"徒左长史沈","1","2","3"
"射王僧虔尚","3","0","3"
"禄大夫王琨","2","1","3"
"十二万三千","2","1","3"
"一千八百七","2","1","3"
"千八百七十","2","1","3"
"二千三百六","2","1","3"
"官尚食虎贲","2","1","3"
"千五百六十","2","1","3"
"五百二十五","2","1","3"
"二十一万五","2","1","3"
"十一万五千","2","1","3"
"车骑将军张","2","1","3"
"犯中央大星","1","2","3"
"犯舆鬼西北","3","0","3"
"舆鬼西北星","3","0","3"
"月犯东井星","3","0","3"
"高贵乡公败","3","0","3"
"月犯房南第","3","0","3"
"月犯房上星","3","0","3"
"九年二月乙","2","1","3"
"司徒扬州刺","2","1","3"
"徒扬州刺史","2","1","3"
"二年二月己","2","1","3"
"月犯心后星","3","0","3"
"高祖讨鲜卑","3","0","3"
"六年三月丁","2","1","3"
"建安二十二","2","1","3"
"安二十二年","2","1","3"
"宣帝五凤二","1","2","3"
"帝五凤二年","1","2","3"
"泰始十年四","2","1","3"
"建武元年六","1","2","3"
"武元年六月","1","2","3"
"甘露降南海","3","0","3"
"甘露降初宁","3","0","3"
"露降初宁陵","3","0","3"
"甘露降华林","3","0","3"
"露降华林园","3","0","3"
"甘露降长宁","3","0","3"
"露降长宁陵","3","0","3"
"甘露降建康","3","0","3"
"生豫章南昌","3","0","3"
"十二月庚申","2","1","3"
"青州刺史萧","1","2","3"
"汉桓帝建元","3","0","3"
"桓帝建元年","3","0","3"
"建武十三年","1","2","3"
"帝元康三年","2","1","3"
"南平王铄献","3","0","3"
"晋哀帝隆元","3","0","3"
"哀帝隆元年","3","0","3"
"元嘉五年正","1","2","3"
"嘉五年正月","1","2","3"
"泰始四年八","2","1","3"
"咸四年七月","3","0","3"
"咸安元年十","2","1","3"
"武帝泰始六","1","2","3"
"帝泰始六年","1","2","3"
"元兴三年正","2","1","3"
"十一月癸丑","2","1","3"
"十二月庚辰","2","1","3"
"元徽二年七","2","1","3"
"徽二年七月","2","1","3"
"康六年七月","2","1","3"
"年十月己未","2","1","3"
"百四十五万","2","1","3"
"南高平太守","2","1","3"
"转尚书仆射","3","0","3"
"后军行参军","1","2","3"
"庐陵王绍南","3","0","3"
"南中郎主簿","1","2","3"
"令安西将军","1","2","3"
"督塞表诸军","2","1","3"
"安西中兵参","2","1","3"
"西中兵参军","2","1","3"
"晋陵郡丹徒","1","2","3"
"陵郡丹徒县","1","2","3"
"隆安三年十","2","1","3"
"安三年十一","2","1","3"
"卫将军谢琰","2","1","3"
"伪徐州刺史","2","1","3"
"徐州刺史安","2","1","3"
"八州诸军事","2","1","3"
"玄败峥嵘洲","3","0","3"
"徐青二州刺","2","1","3"
"徐道覆始兴","3","0","3"
"东阳太守殷","2","1","3"
"州刺史刘籓","3","0","3"
"州刺史道怜","2","1","3"
"遣谘议参军","2","1","3"
"鄱阳太守虞","2","1","3"
"阳太守虞丘","2","1","3"
"军将军司马","1","2","3"
"监太尉留府","3","0","3"
"子谯王文思","2","1","3"
"右将军刘籓","3","0","3"
"州刺史鲁宗","2","1","3"
"彭城内史徐","2","1","3"
"城内史徐逵","2","1","3"
"中外大都督","1","2","3"
"世子中军将","3","0","3"
"子中军将军","3","0","3"
"中军二府军","2","1","3"
"军二府军司","2","1","3"
"相国绿綟绶","3","0","3"
"军檀道济等","1","2","3"
"司马徐羡代","3","0","3"
"安西司马王","2","1","3"
"西司马王镇","2","1","3"
"司马王镇恶","2","1","3"
"元熙元年正","2","1","3"
"建天子旌旗","3","0","3"
"置旄头云罕","3","0","3"
"奉皇帝玺绶","3","0","3"
"镇东大将军","2","1","3"
"冬十月辛卯","3","0","3"
"春正月辛酉","2","1","3"
"车驾华林园","3","0","3"
"驾华林园听","3","0","3"
"大沮渠蒙逊","2","1","3"
"春正月甲辰","2","1","3"
"夏四月乙亥","2","1","3"
"太子皇帝位","3","0","3"
"十二月庚戌","2","1","3"
"刺史刘粹遣","3","0","3"
"行冠军将军","2","1","3"
"陈留诸军事","2","1","3"
"文武赐位二","3","0","3"
"武赐位二等","3","0","3"
"号征北将军","3","0","3"
"年春正月丙","3","0","3"
"军长沙王义","2","1","3"
"冬十一月戊","3","0","3"
"十一月戊寅","2","1","3"
"吴郡太守徐","1","2","3"
"郡太守徐佩","1","2","3"
"年春正月乙","3","0","3"
"禄大夫殷穆","1","2","3"
"兴太守徐豁","1","2","3"
"遣使巡行赈","3","0","3"
"车驾延贤堂","3","0","3"
"驾延贤堂听","3","0","3"
"十二月庚寅","2","1","3"
"城王义康司","3","0","3"
"王义康司徒","3","0","3"
"南豫州豫州","2","1","3"
"遣征南大将","2","1","3"
"延烧太社北","2","1","3"
"烧太社北墙","2","1","3"
"史竟陵王义","1","2","3"
"左军谘议参","2","1","3"
"改扬州刺史","3","0","3"
"加冀州刺史","3","0","3"
"米数百万斛","2","1","3"
"五年春二月","2","1","3"
"春正月戊寅","3","0","3"
"夏王义恭进","3","0","3"
"王义恭进位","3","0","3"
"徐州刺史衡","2","1","3"
"征虏谘议参","1","2","3"
"虏谘议参军","1","2","3"
"扬州刺史殷","1","2","3"
"州刺史殷景","1","2","3"
"刺史殷景仁","1","2","3"
"讳南豫州刺","3","0","3"
"梁秦二州刺","1","2","3"
"芮国遣使献","3","0","3"
"婆皇国遣使","3","0","3"
"皇国遣使献","3","0","3"
"庐陵王绍江","3","0","3"
"陵王绍江州","3","0","3"
"倭国遣使献","3","0","3"
"加抚军将军","3","0","3"
"年春正月丁","3","0","3"
"冬十月壬午","3","0","3"
"始兴王浚征","3","0","3"
"兴王浚征北","3","0","3"
"进号平西将","3","0","3"
"郡太守郑琨","1","2","3"
"汝阳颍川二","1","2","3"
"阳颍川二郡","1","2","3"
"新除吏部尚","3","0","3"
"除吏部尚书","3","0","3"
"积弩将军臧","1","2","3"
"弩将军臧澄","1","2","3"
"将军毛熙祚","2","1","3"
"冬十月癸亥","3","0","3"
"司州刺史鲁","2","1","3"
"夏王义恭大","2","1","3"
"时年四十七","2","1","3"
"督湘州诸军","2","1","3"
"南豫豫司雍","2","1","3"
"始兴王浚南","2","1","3"
"步兵校尉沈","2","1","3"
"兵校尉沈庆","2","1","3"
"安王休仁安","3","0","3"
"安王子勋镇","3","0","3"
"王子勋镇军","3","0","3"
"安王子鸾抚","3","0","3"
"王子鸾抚军","3","0","3"
"军南平王铄","2","1","3"
"丞相南郡王","2","1","3"
"竟陵王诞改","2","1","3"
"十一月丙午","2","1","3"
"左右积弩将","1","2","3"
"右积弩将军","1","2","3"
"军东海王祎","3","0","3"
"雍州刺史硃","3","0","3"
"征虏将军武","2","1","3"
"虏将军武昌","2","1","3"
"军武昌王浑","2","1","3"
"十一月癸卯","2","1","3"
"州刺史武昌","2","1","3"
"刺史武昌王","2","1","3"
"史武昌王浑","2","1","3"
"皇太子妃何","2","1","3"
"太子妃何氏","2","1","3"
"广州刺史宗","1","2","3"
"夏王义恭解","3","0","3"
"进号平南将","3","0","3"
"号平南将军","3","0","3"
"索虏寇青州","3","0","3"
"军将军巴陵","1","2","3"
"史海陵王休","2","1","3"
"将军寻阳王","2","1","3"
"军寻阳王子","2","1","3"
"历阳王子顼","3","0","3"
"安王休仁加","1","2","3"
"立第十三皇","2","1","3"
"阳尹王僧朗","2","1","3"
"颜师伯尚书","3","0","3"
"征西将军毛","2","1","3"
"西将军毛璩","2","1","3"
"将军毛璩墓","2","1","3"
"夏王义恭录","2","1","3"
"王义恭录尚","2","1","3"
"义恭录尚书","2","1","3"
"恭录尚书事","2","1","3"
"仁护军将军","3","0","3"
"死者十六七","3","0","3"
"左军司马崔","1","2","3"
"军司马崔道","1","2","3"
"司马崔道固","1","2","3"
"年十月戊寅","2","1","3"
"下邳二郡太","2","1","3"
"邳二郡太守","2","1","3"
"竟陵诸军事","2","1","3"
"一月二十九","2","1","3"
"进号骠骑大","3","0","3"
"号骠骑大将","3","0","3"
"义阳内史庞","2","1","3"
"阳内史庞孟","2","1","3"
"内史庞孟虬","2","1","3"
"孟虬司州刺","3","0","3"
"虬司州刺史","3","0","3"
"镇东将军巴","2","1","3"
"东将军巴陵","2","1","3"
"陵王休若进","3","0","3"
"王休若进号","3","0","3"
"同逆皆伏诛","3","0","3"
"国将军沈攸","1","2","3"
"书仆射王景","1","2","3"
"国将军刘勔","2","1","3"
"行南兗州刺","3","0","3"
"进号安西将","3","0","3"
"进号平北将","2","1","3"
"号平北将军","2","1","3"
"会稽太守张","1","2","3"
"州刺史刘韫","2","1","3"
"新除事黄门","3","0","3"
"除事黄门侍","3","0","3"
"陵王休若征","3","0","3"
"州刺史晋平","2","1","3"
"刺史晋平王","2","1","3"
"史晋平王休","2","1","3"
"阳兗州刺史","3","0","3"
"十二月戊戌","2","1","3"
"太子元正朝","2","1","3"
"子元正朝贺","2","1","3"
"夫刘遵考改","1","2","3"
"元年四月己","2","1","3"
"将军安成王","1","2","3"
"军将军刘韫","1","2","3"
"十一月己亥","2","1","3"
"加护军将军","3","0","3"
"将军褚渊中","3","0","3"
"加号卫将军","1","2","3"
"晋熙王燮进","3","0","3"
"熙王燮进号","3","0","3"
"征虏行参军","2","1","3"
"将军河南王","1","2","3"
"将军高道庆","1","2","3"
"扬州刺史安","1","2","3"
"州刺史安成","1","2","3"
"刺史安成王","1","2","3"
"左右数十人","3","0","3"
"五年七月癸","2","1","3"
"十一月己酉","2","1","3"
"交州刺史沈","1","2","3"
"州刺史沈景","1","2","3"
"刺史沈景德","1","2","3"
"将军齐王世","3","0","3"
"军齐王世子","3","0","3"
"司州刺史姚","2","1","3"
"州刺史姚道","2","1","3"
"梁州刺史范","2","1","3"
"宁太守张谟","2","1","3"
"年五月己未","3","0","3"
"东海何承天","2","1","3"
"长二尺六寸","2","1","3"
"令太乐郎刘","1","2","3"
"长二尺二寸","1","2","3"
"一万三千四","2","1","3"
"加朔大余七","3","0","3"
"七百四十四","1","2","3"
"推二十四气","3","0","3"
"二十四气术","3","0","3"
"满纪法大余","3","0","3"
"加大余十五","3","0","3"
"小余满没法","1","2","3"
"十一月朔夜","2","1","3"
"一月朔夜半","2","1","3"
"月朔夜半日","3","0","3"
"朔夜半日所","3","0","3"
"加度二十二","3","0","3"
"分满纪法度","3","0","3"
"正十一月合","3","0","3"
"加度二十九","3","0","3"
"分满通法大","3","0","3"
"置所入纪朔","3","0","3"
"所入纪朔积","3","0","3"
"入纪朔积分","3","0","3"
"月合朔交度","3","0","3"
"合朔交度分","3","0","3"
"余四千四百","2","1","3"
"千四百五十","2","1","3"
"十七万二千","2","1","3"
"七万二千八","2","1","3"
"余满日度法","2","1","3"
"五十七日行","3","0","3"
"百九十八日","3","0","3"
"八百六十九","1","2","3"
"行二十三分","2","1","3"
"四十九万一","2","1","3"
"十九万一千","2","1","3"
"九万一千一","2","1","3"
"一千一百二","2","1","3"
"百七十八日","3","0","3"
"四十五日行","3","0","3"
"十五日行三","3","0","3"
"五日行三十","3","0","3"
"日行三十三","3","0","3"
"十一日行百","3","0","3"
"十二日十九","3","0","3"
"二日十九万","3","0","3"
"日十九万四","3","0","3"
"日二千三十","3","0","3"
"斗二十二度","3","0","3"
"十一月七日","1","2","3"
"十一月十一","1","2","3"
"十七年十一","1","2","3"
"十一月十三","1","2","3"
"一月二十五","2","1","3"
"二千二百七","2","1","3"
"十一万一千","1","2","3"
"一万一千二","2","1","3"
"所求年正月","3","0","3"
"大月加度三","3","0","3"
"月加度三十","3","0","3"
"推合朔月食","3","0","3"
"入历日余乘","3","0","3"
"万三千五百","2","1","3"
"余一万七千","1","2","3"
"一万七千三","2","1","3"
"二百一十八","1","2","3"
"百一十八度","1","2","3"
"三万六千七","2","1","3"
"万六千七百","2","1","3"
"七百二十五","2","1","3"
"大分满周天","2","1","3"
"五千九百八","2","1","3"
"百八十七半","2","1","3"
"九百三十九","2","1","3"
"余三万四千","2","1","3"
"度余三万一","2","1","3"
"余三万一千","2","1","3"
"万七千二百","2","1","3"
"六百三十一","2","1","3"
"小分满六百","2","1","3"
"余满通法日","3","0","3"
"求合朔月食","3","0","3"
"三百六十余","2","1","3"
"日行十七分","3","0","3"
"百一十四度","1","2","3"
"四十五年九","1","2","3"
"长一尺五寸","1","2","3"
"依法兴议曰","3","0","3"
"二十八年八","1","2","3"
"十八年八月","1","2","3"
"十一月三日","1","2","3"
"皇太子心丧","2","1","3"
"光禄大夫臣","3","0","3"
"博士荀万秋","2","1","3"
"初元年十二","2","1","3"
"太史令高堂","2","1","3"
"七月十四日","1","2","3"
"尚书令裴秀","2","1","3"
"武元杨皇后","2","1","3"
"武太元二十","2","1","3"
"太后李氏崩","3","0","3"
"皇太后名位","2","1","3"
"太后名位允","3","0","3"
"孝武孝建三","2","1","3"
"武孝建三年","2","1","3"
"太常丞硃膺","3","0","3"
"常丞硃膺议","3","0","3"
"国子助教苏","2","1","3"
"建平王宏议","3","0","3"
"太子前卫率","2","1","3"
"武帝太元四","2","1","3"
"帝太元四年","2","1","3"
"明五年闰月","3","0","3"
"文元皇后庙","1","2","3"
"太学博士顾","2","1","3"
"广德三公主","1","2","3"
"迁员外散骑","2","1","3"
"闰六月二十","1","2","3"
"博士傅休议","2","1","3"
"阳县开国侯","2","1","3"
"县开国侯刘","2","1","3"
"前太常丞庾","2","1","3"
"太学博士周","2","1","3"
"博士周山文","2","1","3"
"褚太后临朝","2","1","3"
"武帝咸宁四","2","1","3"
"帝咸宁四年","2","1","3"
"升明三年四","2","1","3"
"令建安王休","3","0","3"
"生陈贵妃皇","3","0","3"
"陈贵妃皇太","3","0","3"
"贵妃皇太妃","3","0","3"
"济北侯荀勖","2","1","3"
"博士傅郁议","2","1","3"
"文皇帝明堂","3","0","3"
"高祖文皇帝","2","1","3"
"刘备章武元","2","1","3"
"备章武元年","2","1","3"
"同称昊天上","2","1","3"
"称昊天上帝","2","1","3"
"祀地旅四望","3","0","3"
"明堂南郊五","2","1","3"
"堂南郊五帝","2","1","3"
"恭帝元熙二","2","1","3"
"帝元熙二年","2","1","3"
"熙二年五月","2","1","3"
"二月下辛卜","3","0","3"
"一千五百一","2","1","3"
"祖文皇帝配","1","2","3"
"太康元年九","1","2","3"
"世祖大明元","2","1","3"
"祖大明元年","2","1","3"
"太元年二月","3","0","3"
"中宗元皇帝","2","1","3"
"太兴三年正","2","1","3"
"太元元年十","1","2","3"
"元年十月殷","2","1","3"
"年十月殷祠","3","0","3"
"史周景远议","2","1","3"
"宁五年十一","2","1","3"
"散骑常侍江","2","1","3"
"嘉十年十二","2","1","3"
"泰始七年四","2","1","3"
"太宰令谒者","2","1","3"
"皇太后正位","2","1","3"
"昭太后神主","1","2","3"
"宣太后上室","1","2","3"
"江夏宣王太","1","2","3"
"夏宣王太子","1","2","3"
"左丞徐爰议","3","0","3"
"元帝建武元","1","2","3"
"孝武宁康三","2","1","3"
"武宁康三年","2","1","3"
"孝武孝建初","3","0","3"
"尚书左丞荀","2","1","3"
"书左丞荀万","2","1","3"
"属车三十六","1","2","3"
"车三十六乘","1","2","3"
"皁零辟朝服","3","0","3"
"举辇迹禽前","2","1","3"
"辇迹禽前驱","2","1","3"
"基强弩司马","2","1","3"
"晋成帝咸九","3","0","3"
"成帝咸九年","3","0","3"
"文昭皇后庙","1","2","3"
"晋武泰始五","2","1","3"
"武泰始五年","2","1","3"
"治书令史奚","1","2","3"
"书令史奚纵","1","2","3"
"城王义康所","3","0","3"
"长六尺六寸","1","2","3"
"吴兴沈怀远","2","1","3"
"舜时西王母","2","1","3"
"食举东西厢","2","1","3"
"三句句三字","3","0","3"
"六句句三字","3","0","3"
"七句句五字","3","0","3"
"四句句三字","3","0","3"
"二句句五字","3","0","3"
"文皇统百揆","2","1","3"
"极七十二度","1","2","3"
"井二十五度","3","0","3"
"里一百二十","1","2","3"
"三百九十四","1","2","3"
"二千七百八","2","1","3"
"太史令钱乐","1","2","3"
"二十八宿中","2","1","3"
"五月十六日","1","2","3"
"年十月乙未","2","1","3"
"太后郭氏崩","3","0","3"
"景初元年七","2","1","3"
"皇后毛氏崩","3","0","3"
"年五月壬寅","1","2","3"
"嘉平五年六","2","1","3"
"五年六月庚","2","1","3"
"荧惑逆行入","3","0","3"
"太微天子廷","3","0","3"
"将军扬州刺","2","1","3"
"军扬州刺史","2","1","3"
"乡公正元元","2","1","3"
"公正元元年","2","1","3"
"正元元年十","2","1","3"
"乡公正元二","2","1","3"
"公正元二年","2","1","3"
"荧惑犯东井","3","0","3"
"乡公甘露元","2","1","3"
"公甘露元年","2","1","3"
"舆鬼东南星","2","1","3"
"泰始四年正","1","2","3"
"始四年正月","1","2","3"
"太熙元年四","2","1","3"
"十一月辛巳","2","1","3"
"荧惑犯岁星","3","0","3"
"太白犯太微","3","0","3"
"骠骑将军刘","1","2","3"
"王导大司马","3","0","3"
"丞相王导薨","3","0","3"
"将军庾亮薨","3","0","3"
"年六月辛未","2","1","3"
"太白犯右执","3","0","3"
"白犯右执法","3","0","3"
"犯太微上将","2","1","3"
"时尚书令何","1","2","3"
"七年四月己","1","2","3"
"年十一月六","2","1","3"
"十一月六日","2","1","3"
"岁星犯东井","3","0","3"
"杀三千余人","3","0","3"
"荧惑犯天江","3","0","3"
"荧惑犯填星","3","0","3"
"辰星犯轩辕","3","0","3"
"晋海西太元","3","0","3"
"海西太元年","3","0","3"
"太白奄荧惑","3","0","3"
"晋孝武宁康","2","1","3"
"康元年正月","2","1","3"
"犯南斗第三","2","1","3"
"南斗第三星","2","1","3"
"州刺史谢玄","2","1","3"
"太白入羽林","3","0","3"
"星犯西上将","1","2","3"
"房北第二星","3","0","3"
"永安何皇后","2","1","3"
"伪豫州刺史","2","1","3"
"豫州刺史索","2","1","3"
"司马国璠等","3","0","3"
"马国璠等攻","3","0","3"
"国璠等攻没","3","0","3"
"参军杨承祖","2","1","3"
"犯斗第五星","2","1","3"
"刘敬宣伐蜀","3","0","3"
"犯太微西上","1","2","3"
"太微西上将","1","2","3"
"高祖西讨刘","2","1","3"
"祖西讨刘毅","2","1","3"
"遣益州刺史","2","1","3"
"州刺史硃龄","3","0","3"
"刺史硃龄石","3","0","3"
"硃龄石伐蜀","3","0","3"
"九真太守杜","1","2","3"
"义熙九年二","1","2","3"
"熙九年二月","1","2","3"
"晋元帝中兴","1","2","3"
"十年正月丁","2","1","3"
"填星犯太微","3","0","3"
"荧惑犯舆鬼","3","0","3"
"北斗紫微中","2","1","3"
"荧惑犯进贤","3","0","3"
"司徒徐羡等","3","0","3"
"元嘉三年正","1","2","3"
"嘉六年五月","2","1","3"
"太白昼见经","3","0","3"
"白昼见经天","3","0","3"
"檀道济讨伐","1","2","3"
"流星入紫宫","1","2","3"
"建元年二月","2","1","3"
"年三月辛未","2","1","3"
"大明三年春","1","2","3"
"明三年春正","1","2","3"
"骑大将军沈","2","1","3"
"明帝泰始元","2","1","3"
"多乱臣贼子","1","2","3"
"镇星入太微","2","1","3"
"后五年五月","2","1","3"
"吴郡临平湖","2","1","3"
"玉璧三十二","2","1","3"
"璧三十二枚","2","1","3"
"五月十七日","1","2","3"
"见颍川阳翟","3","0","3"
"延光四年正","2","1","3"
"汉宣帝地节","1","2","3"
"汉惠帝二年","2","1","3"
"青龙元年正","2","1","3"
"龙元年正月","2","1","3"
"魏少帝甘露","2","1","3"
"少帝甘露元","2","1","3"
"青龙见轵县","3","0","3"
"龙见轵县井","3","0","3"
"见轵县井中","3","0","3"
"见南郡江陵","3","0","3"
"建二年七月","2","1","3"
"年八月丙辰","1","2","3"
"守巴陵王休","2","1","3"
"元十四年六","2","1","3"
"宁州刺史费","2","1","3"
"州刺史费统","2","1","3"
"刺史费统上","1","2","3"
"年三月丁亥","2","1","3"
"白鹿见长沙","3","0","3"
"元二十年九","1","2","3"
"二十年九月","1","2","3"
"十年九月丁","1","2","3"
"史殷仲堪献","1","2","3"
"太守刘玄闻","3","0","3"
"嘉十七年五","1","2","3"
"南汝阴宋县","2","1","3"
"年二月辛未","2","1","3"
"南东海丹徒","3","0","3"
"湘州刺史江","1","2","3"
"二年二月乙","1","2","3"
"武帝咸宁三","2","1","3"
"帝咸宁三年","2","1","3"
"咸安二年三","1","2","3"
"守蔡兴宗闻","3","0","3"
"咸宁三年七","2","1","3"
"咸九年五月","3","0","3"
"史刘思考献","2","1","3"
"山阳内史程","2","1","3"
"阳内史程天","2","1","3"
"白麞见南阳","3","0","3"
"史沈文秀献","2","1","3"
"泰始五年正","1","2","3"
"始五年正月","1","2","3"
"临沂县鲁尚","2","1","3"
"咸宁元年五","2","1","3"
"咸六年三月","2","1","3"
"嘉十七年四","1","2","3"
"司徒参军督","2","1","3"
"徒参军督护","2","1","3"
"二十二年十","2","1","3"
"甘露降南郡","3","0","3"
"甘露降寻阳","3","0","3"
"露降寻阳松","3","0","3"
"降寻阳松滋","3","0","3"
"二十四年四","2","1","3"
"太守刘思考","2","1","3"
"安王休仁闻","3","0","3"
"嘉禾生华林","3","0","3"
"禾生华林园","3","0","3"
"年八月己酉","2","1","3"
"广陵王诞闻","3","0","3"
"二十一年六","2","1","3"
"永嘉郡后池","1","2","3"
"后池芙蓉二","3","0","3"
"太始二年八","1","2","3"
"始六年六月","1","2","3"
"东宫玄圃池","2","1","3"
"建三年闰三","2","1","3"
"三年闰三月","2","1","3"
"竟陵王诞献","3","0","3"
"五年七月戊","2","1","3"
"年七月辛丑","2","1","3"
"白乌见吴郡","3","0","3"
"嘉十四年五","1","2","3"
"建康都亭里","2","1","3"
"二年闰五月","1","2","3"
"帝义熙十二","1","2","3"
"木连理生河","3","0","3"
"连理生河南","3","0","3"
"木连理生武","3","0","3"
"连理生武昌","3","0","3"
"华林园延贤","2","1","3"
"林园延贤堂","2","1","3"
"二年二月丁","1","2","3"
"嘉十七年十","1","2","3"
"木连理生历","3","0","3"
"连理生历阳","3","0","3"
"木连理生晋","3","0","3"
"连理生晋陵","3","0","3"
"第梨树连理","2","1","3"
"木连理生会","3","0","3"
"连理生会稽","3","0","3"
"刺史垣护闻","3","0","3"
"木连理生豫","3","0","3"
"大明四年四","2","1","3"
"明四年四月","2","1","3"
"汉武帝元封","1","2","3"
"嘉十八年二","1","2","3"
"年四月乙酉","2","1","3"
"郢州刺史安","2","1","3"
"刺史安陆王","2","1","3"
"史安陆王子","2","1","3"
"长二尺一寸","1","2","3"
"泰始三年二","1","2","3"
"始三年二月","1","2","3"
"年九月庚戌","1","2","3"
"大明三年十","1","2","3"
"长三尺二寸","2","1","3"
"将军段佛荣","2","1","3"
"殷仲堪荆州","3","0","3"
"元帝太兴中","3","0","3"
"司马越所杀","1","2","3"
"会稽山阴县","2","1","3"
"大小数十战","2","1","3"
"征虏将军谢","1","2","3"
"虏将军谢石","1","2","3"
"义熙八年十","2","1","3"
"熙八年十月","2","1","3"
"扬州破换败","2","1","3"
"昔年食白饭","2","1","3"
"天下人饿死","1","2","3"
"惠帝永兴二","2","1","3"
"景平二年春","1","2","3"
"元嘉二年春","1","2","3"
"帝咸二年五","3","0","3"
"元康八年九","1","2","3"
"太元六年六","2","1","3"
"元六年六月","2","1","3"
"太康十年四","1","2","3"
"康十年四月","1","2","3"
"义熙八年四","1","2","3"
"熙八年四月","1","2","3"
"元嘉九年春","1","2","3"
"晋穆帝永七","3","0","3"
"穆帝永七年","3","0","3"
"义熙五年六","1","2","3"
"熙五年六月","1","2","3"
"元嘉六年正","1","2","3"
"嘉六年正月","1","2","3"
"年二月二十","1","2","3"
"太兴元年六","1","2","3"
"平地水深八","1","2","3"
"地水深八尺","1","2","3"
"十一月甲子","1","2","3"
"兴二年二月","1","2","3"
"嘉三十年正","1","2","3"
"年正月乙未","3","0","3"
"孝武大明七","2","1","3"
"武大明七年","2","1","3"
"大明七年春","1","2","3"
"康元年十月","2","1","3"
"八年正月戊","1","2","3"
"分会稽吴郡","3","0","3"
"京都水一百","3","0","3"
"京都水二千","3","0","3"
"陆一百八十","3","0","3"
"陆一千三百","3","0","3"
"前汉属城阳","2","1","3"
"安帝义熙中","3","0","3"
"帝义熙中土","3","0","3"
"义熙中土断","3","0","3"
"元徽元年度","3","0","3"
"宋失淮北侨","3","0","3"
"失淮北侨立","3","0","3"
"户三千一百","2","1","3"
"加建威将军","3","0","3"
"迁吴兴太守","2","1","3"
"秦七州诸军","2","1","3"
"骁骑将军段","1","2","3"
"骑将军段宏","1","2","3"
"命征虏将军","1","2","3"
"州刺史萧摹","2","1","3"
"巴西太守刘","2","1","3"
"西太守刘道","2","1","3"
"沙王义欣镇","3","0","3"
"王义欣镇军","3","0","3"
"迁咨议参军","3","0","3"
"太祖元嘉末","2","1","3"
"除中书侍郎","3","0","3"
"督江州豫州","2","1","3"
"汝南颍川司","2","1","3"
"南颍川司州","2","1","3"
"会稽永兴人","1","2","3"
"豫章南昌人","2","1","3"
"督豫司二州","2","1","3"
"宁朔将军羊","1","2","3"
"朔将军羊穆","1","2","3"
"高祖平定三","1","2","3"
"祖平定三秦","1","2","3"
"追赠征虏将","3","0","3"
"赠征虏将军","3","0","3"
"书吏部郎王","1","2","3"
"骑咨议参军","1","2","3"
"秩中二千石","3","0","3"
"迁尚书吏部","3","0","3"
"尚书令徐羡","1","2","3"
"王国郎中令","2","1","3"
"魏主致意安","3","0","3"
"主致意安北","3","0","3"
"义阳王昶任","1","2","3"
"骠骑谘议参","1","2","3"
"迁中书侍郎","2","1","3"
"抚军谘议参","2","1","3"
"前散骑常侍","1","2","3"
"南平王铄右","3","0","3"
"太祖进号镇","2","1","3"
"祖进号镇西","2","1","3"
"世子中军参","1","2","3"
"子中军参军","1","2","3"
"骠骑将军道","2","1","3"
"骑将军道怜","2","1","3"
"转中书侍郎","3","0","3"
"右卫将军王","1","2","3"
"太祖元嘉三","2","1","3"
"祖元嘉三年","2","1","3"
"尚书左丞谢","1","2","3"
"书左丞谢元","1","2","3"
"秦二州诸军","2","1","3"
"义恭抚军刑","1","2","3"
"恭抚军刑狱","1","2","3"
"抚军刑狱参","1","2","3"
"军刑狱参军","1","2","3"
"后军录事参","1","2","3"
"晋骠骑将军","2","1","3"
"史中丞刘损","2","1","3"
"南下邳太守","1","2","3"
"迁太子洗马","3","0","3"
"司徒录事参","2","1","3"
"徒录事参军","2","1","3"
"八年正月初","1","2","3"
"都督江州诸","1","2","3"
"骧将军刘灵","1","2","3"
"监郢州诸军","2","1","3"
"荆州刺史建","1","2","3"
"龙骧将军中","2","1","3"
"将军虎贲中","1","2","3"
"升明二年正","1","2","3"
"二年正月十","1","2","3"
"正月十九日","1","2","3"
"月十九日夜","1","2","3"
"太守沈文季","1","2","3"
"北中郎中兵","1","2","3"
"中郎中兵参","1","2","3"
"世祖镇襄阳","3","0","3"
"封康乐县侯","1","2","3"
"永新县五等","2","1","3"
"新县五等侯","2","1","3"
"司空主簿张","1","2","3"
"空主簿张晏","1","2","3"
"安王子鸾北","3","0","3"
"王子鸾北中","3","0","3"
"尚书水部郎","2","1","3"
"柳元景北伐","1","2","3"
"加龙骧将军","2","1","3"
"将军郑德玄","1","2","3"
"竟陵王诞广","3","0","3"
"陵王诞广陵","3","0","3"
"辅国将军谘","2","1","3"
"国将军谘议","2","1","3"
"谘议中直兵","2","1","3"
"建威将军中","2","1","3"
"威将军中直","2","1","3"
"昌太守刘弼","2","1","3"
"荆州典签邵","1","2","3"
"州典签邵宰","1","2","3"
"加尚书左仆","2","1","3"
"正员将军皇","1","2","3"
"员将军皇甫","1","2","3"
"将军皇甫仲","1","2","3"
"军皇甫仲远","1","2","3"
"贲中郎将徐","1","2","3"
"中郎将徐稚","1","2","3"
"郎将徐稚宾","1","2","3"
"安王休仁遣","3","0","3"
"假辅国将军","3","0","3"
"西阳郡孝宁","2","1","3"
"阳郡孝宁县","2","1","3"
"亮封顺阳县","2","1","3"
"屯骑校尉段","2","1","3"
"骑校尉段佛","2","1","3"
"校尉段佛荣","2","1","3"
"食邑二百户","2","1","3"
"时年五十二","2","1","3"
"义恭征北行","2","1","3"
"恭征北行参","2","1","3"
"王休祐骠骑","3","0","3"
"录事参军王","2","1","3"
"北地人盖吴","1","2","3"
"四月十四日","1","2","3"
"建武将军谭","1","2","3"
"武将军谭金","1","2","3"
"子尚北中郎","1","2","3"
"尚北中郎长","1","2","3"
"太祖元嘉二","2","1","3"
"史王仲德率","1","2","3"
"将军青州刺","1","2","3"
"军青州刺史","1","2","3"
"吐伐斤乘胜","1","2","3"
"陇山弹筝谷","1","2","3"
"州刺史杜骥","1","2","3"
"冀州刺史申","1","2","3"
"镇军谘议参","1","2","3"
"郡太守刘弘","2","1","3"
"太守刘弘宗","2","1","3"
"弟永昌王库","1","2","3"
"永昌王库仁","1","2","3"
"昌王库仁真","1","2","3"
"刺史历城镇","2","1","3"
"一百二十里","1","2","3"
"丹阳尹尹弘","2","1","3"
"左军王正见","1","2","3"
"左右卫将军","1","2","3"
"二月二十八","1","2","3"
"参镇军军事","1","2","3"
"熙十四年正","1","2","3"
"一百八十九","1","2","3"
"慕容超退守","1","2","3"
"参中军军事","2","1","3"
"武陵国詹事","2","1","3"
"竟陵太守鲁","1","2","3"
"陵太守鲁轨","1","2","3"
"等二百七十","1","2","3"
"年冬十二月","1","2","3"
"一百七十二","1","2","3"
"仙人王子乔","1","2","3"
"齐王正始二","1","2","3"
"王正始二年","1","2","3"
"口四十二万","2","1","3"
"一百七十三","1","2","3"
"户一千五百","2","1","3"
"一千三百三","2","1","3"
"口六千八百","2","1","3"
"五千二百九","2","1","3"
"千二百四十","1","2","3"
"二千八百五","2","1","3"
"三百六十三","1","2","3"
"二百七十二","1","2","3"
"一万七千八","1","2","3"
"一万五千二","1","2","3"
"八百五十七","1","2","3"
"一千二百七","1","2","3"
"户二万九千","1","2","3"
"二万九千三","1","2","3"
"荥阳阳武人","1","2","3"
"安东将军随","1","2","3"
"东将军随王","1","2","3"
"谯王司马文","1","2","3"
"王司马文思","1","2","3"
"吴兴乌程人","1","2","3"
"骑常侍冠军","1","2","3"
"将军抚军中","2","1","3"
"军抚军中兵","2","1","3"
"兵参军事军","2","1","3"
"参军事军主","2","1","3"
"不辜负他的","0","3","3"
"冬十月三日","0","3","3"
"坚决请求辞","0","3","3"
"的君主统治","0","3","3"
"以前的史书","0","3","3"
"对应的月份","0","3","3"
"应的月份为","0","3","3"
"比会通大则","0","3","3"
"则在黄道北","0","3","3"
"月食时月亮","0","3","3"
"朔日的大小","0","3","3"
"日的大小余","0","3","3"
"快慢的变化","0","3","3"
"五星在天空","0","3","3"
"星在天空中","0","3","3"
"太阳的位置","0","3","3"
"余满曰度法","0","3","3"
"满曰度法则","0","3","3"
"曰度法则减","0","3","3"
"则减去日度","0","3","3"
"减去日度法","0","3","3"
"度法并在度","0","3","3"
"法对应就可","0","3","3"
"对应就可得","0","3","3"
"星出现时位","0","3","3"
"出现时位置","0","3","3"
"现时位置的","0","3","3"
"的度数及余","0","3","3"
"星运行速度","0","3","3"
"木星的相应","0","3","3"
"各种推算都","0","3","3"
"的寿星星次","0","3","3"
"就是周代的","0","3","3"
"不属于玄武","0","3","3"
"的精密与否","0","3","3"
"戴法兴评论","0","3","3"
"法兴评论说","0","3","3"
"没有听到有","0","3","3"
"古代的历法","0","3","3"
"是不正确的","0","3","3"
"没有一定的","0","3","3"
"还没有安定","0","3","3"
"葬完毕之后","0","3","3"
"闰月死亡的","0","3","3"
"祭祀天地的","0","3","3"
"帝王接受天","0","3","3"
"王接受天命","0","3","3"
"接受皇帝的","0","3","3"
"于地的仪式","0","3","3"
"祭祀的日期","0","3","3"
"让主事官员","0","3","3"
"这一点来说","0","3","3"
"进入致斋期","0","3","3"
"不能亲临主","0","3","3"
"在祖庙西南","0","3","3"
"祖庙西南角","0","3","3"
"年而死者的","0","3","3"
"而死者的神","0","3","3"
"关官员代行","0","3","3"
"徐爰的意见","0","3","3"
"如果一定要","0","3","3"
"没有两个社","0","3","3"
"佩带苍黑如","0","3","3"
"带苍黑如水","0","3","3"
"苍黑如水色","0","3","3"
"黑如水色的","0","3","3"
"如水色的玉","0","3","3"
"完美的德性","0","3","3"
"怀柔远人而","0","3","3"
"有什么用处","0","3","3"
"他的母亲名","0","3","3"
"第二天早上","0","3","3"
"给它的惩罚","0","3","3"
"它的惩罚是","0","3","3"
"敦欺凌君主","0","3","3"
"安置流亡寄","0","3","3"
"置流亡寄居","0","3","3"
"圣明的皇帝","0","3","3"
"既担忧又害","0","3","3"
"担忧又害怕","0","3","3"
"国家的根本","0","3","3"
"了他的意见","0","3","3"
"王刘义欣的","0","3","3"
"皇上的恩德","0","3","3"
"以来从未有","0","3","3"
"显示自己的","0","3","3"
"太子右卫帅","0","3","3"
"薛安都的骑","0","3","3"
"安都的骑兵","0","3","3"
"自己的下属","0","3","3"
"镇同时反叛","0","3","3"
"另外沈攸之","0","3","3"
"自古以来的","0","3","3"
"当时王玄谟","0","3","3"
"沈攸之等人","0","3","3"
"刘胡率领步","0","3","3"
"胡率领步兵","0","3","3"
"进攻张兴世","0","3","3"
"改封为武昌","0","3","3"
"封为武昌县","0","3","3"
"等待皇上的","0","3","3"
"军队的到来","0","3","3"
"巫蛊的勾当","0","3","3"
"刘邵的四个","0","3","3"
"邵的四个儿","0","3","3"
"的四个儿子","0","3","3"
"加授高祖为","0","3","3"
"将军刘道怜","0","3","3"
"之为中领军","0","3","3"
"任南徐州刺","0","3","3"
"陵王义宣为","0","3","3"
"浑慕容延为","0","3","3"
"为平东将军","0","3","3"
"晋升为开府","0","3","3"
"升为开府仪","0","3","3"
"州刺史檀和","0","3","3"
"刺史檀和之","0","3","3"
"湛之为尚书","0","3","3"
"为东扬州刺","0","3","3"
"任命北中郎","0","3","3"
"任命丹阳尹","0","3","3"
"阳王子房为","0","3","3"
"新任左光禄","0","3","3"
"长子伯融为","0","3","3"
"王景文为尚","0","3","3"
"景文为尚书","0","3","3"
"任征西将军","0","3","3"
"为北秦州刺","0","3","3"
"射王僧虔为","0","3","3"
"钟宗之减为","0","3","3"
"着四时朝服","0","3","3"
"给予青色绶","0","3","3"
"予青色绶带","0","3","3"
"一百二十四","0","3","3"
"犯心宿中央","0","3","3"
"心宿中央大","0","3","3"
"月又犯昴宿","0","3","3"
"犯束井宿距","0","3","3"
"束井宿距星","0","3","3"
"高贵乡公被","0","3","3"
"和六年正月","0","3","3"
"月犯房宿南","0","3","3"
"犯毕宿距星","0","3","3"
"太和四年十","0","3","3"
"和四年十月","0","3","3"
"月掩心宿前","0","3","3"
"掩心宿前星","0","3","3"
"十分之七八","0","3","3"
"月犯心宿后","0","3","3"
"犯心宿后星","0","3","3"
"高祖征讨鲜","0","3","3"
"祖征讨鲜卑","0","3","3"
"甘露降临上","0","3","3"
"露降临于西","0","3","3"
"降临于南海","0","3","3"
"三月己酉曰","0","3","3"
"甘露降临长","0","3","3"
"露降临长宁","0","3","3"
"降临长宁陵","0","3","3"
"甘露降临建","0","3","3"
"露降临建康","0","3","3"
"豫章的南昌","0","3","3"
"嘉禾生长于","0","3","3"
"二月庚申日","0","3","3"
"萧思话献上","0","3","3"
"思话献上朝","0","3","3"
"话献上朝廷","0","3","3"
"一月乙巳曰","0","3","3"
"木连理生于","0","3","3"
"桓帝建和元","0","3","3"
"帝建和元年","0","3","3"
"豫章的望蔡","0","3","3"
"和元年五月","0","3","3"
"哀帝隆和元","0","3","3"
"帝隆和元年","0","3","3"
"殿发生火灾","0","3","3"
"和九年十二","0","3","3"
"又发生大水","0","3","3"
"咸和四年七","0","3","3"
"和四年七月","0","3","3"
"十月庚午日","0","3","3"
"自立为燕王","0","3","3"
"六月丙申日","0","3","3"
"咸和四年十","0","3","3"
"后汉时属广","0","3","3"
"汉时属广陵","0","3","3"
"汉时属东海","0","3","3"
"转任吏部尚","0","3","3"
"州豫州的梁","0","3","3"
"后废帝即位","0","3","3"
"失散的兵士","0","3","3"
"高祖回答说","0","3","3"
"我们这些人","0","3","3"
"桓玄又派遣","0","3","3"
"有一百多人","0","3","3"
"被御史中丞","0","3","3"
"有文字记载","0","3","3"
"兼任兖州刺","0","3","3"
"委任丹阳尹","0","3","3"
"州刺史刘藩","0","3","3"
"豫章郡公派","0","3","3"
"章郡公派遣","0","3","3"
"豫章郡公为","0","3","3"
"登上石头城","0","3","3"
"打败了他们","0","3","3"
"孙季高从海","0","3","3"
"季高从海上","0","3","3"
"还有几千人","0","3","3"
"班剑二十名","0","3","3"
"原来的官职","0","3","3"
"首级送到京","0","3","3"
"率大军西征","0","3","3"
"太尉留守府","0","3","3"
"刘裕到江陵","0","3","3"
"封刘裕为太","0","3","3"
"刘裕为太傅","0","3","3"
"民休养生息","0","3","3"
"司马休之处","0","3","3"
"第五个儿子","0","3","3"
"右将军刘藩","0","3","3"
"也不过如此","0","3","3"
"派人送信给","0","3","3"
"八月二十日","0","3","3"
"亲自统率大","0","3","3"
"自统率大军","0","3","3"
"是你的功劳","0","3","3"
"刘穆之去世","0","3","3"
"司马徐羡之","0","3","3"
"配备五时副","0","3","3"
"的礼乐制度","0","3","3"
"后为皇太后","0","3","3"
"升为安北将","0","3","3"
"刺史徐羡之","0","3","3"
"徐羡之为司","0","3","3"
"又分出荆州","0","3","3"
"伐斩杀了他","0","3","3"
"五月二十一","0","3","3"
"十二月六日","0","3","3"
"改年号为景","0","3","3"
"刺史刘粹派","0","3","3"
"判五年以下","0","3","3"
"兖州刺史檀","0","3","3"
"六月二十四","0","3","3"
"派中书舍人","0","3","3"
"帝的第三个","0","3","3"
"将军之职照","0","3","3"
"军之职照旧","0","3","3"
"之职照旧担","0","3","3"
"职照旧担任","0","3","3"
"兖州的陈留","0","3","3"
"拨给乐队一","0","3","3"
"拜谒初宁陵","0","3","3"
"王义康晋升","0","3","3"
"义康晋升为","0","3","3"
"夏五月二十","0","3","3"
"皇上亲率大","0","3","3"
"上亲率大军","0","3","3"
"之为左光禄","0","3","3"
"太守徐佩之","0","3","3"
"不要有所隐","0","3","3"
"城王义康为","0","3","3"
"三月二十五","0","3","3"
"派尚书左丞","0","3","3"
"之为广州刺","0","3","3"
"二月三十日","0","3","3"
"罗单国派使","0","3","3"
"秋七月四日","0","3","3"
"夏四月四日","0","3","3"
"扬州的晋陵","0","3","3"
"晋升为司空","0","3","3"
"委任护军将","0","3","3"
"阳王义季为","0","3","3"
"任冀州刺史","0","3","3"
"交阝止太守","0","3","3"
"秋七月六日","0","3","3"
"皇上到南郊","0","3","3"
"都派使者来","0","3","3"
"为皇太子妃","0","3","3"
"王公以下各","0","3","3"
"夏王义恭晋","0","3","3"
"王义恭晋升","0","3","3"
"义恭晋升为","0","3","3"
"四月二十四","0","3","3"
"举行加冠礼","0","3","3"
"秋七月十六","0","3","3"
"将军照旧担","0","3","3"
"军照旧担任","0","3","3"
"之为中护军","0","3","3"
"十二月九日","0","3","3"
"遣使臣巡视","0","3","3"
"冬十月二日","0","3","3"
"婆皇国派使","0","3","3"
"皇国派使者","0","3","3"
"庐陵王绍为","0","3","3"
"委任太子詹","0","3","3"
"广陵王诞为","0","3","3"
"为征北大将","0","3","3"
"秋七月二日","0","3","3"
"何尚之为尚","0","3","3"
"尚之为尚书","0","3","3"
"任命散骑常","0","3","3"
"命散骑常侍","0","3","3"
"任命南兖州","0","3","3"
"命南兖州刺","0","3","3"
"之为领军将","0","3","3"
"年春正月二","0","3","3"
"贫困的家庭","0","3","3"
"委任右卫将","0","3","3"
"州刺史之职","0","3","3"
"之为尚书左","0","3","3"
"任命江州刺","0","3","3"
"命江州刺史","0","3","3"
"南徐兖二州","0","3","3"
"县官员的俸","0","3","3"
"百济国派使","0","3","3"
"济国派使者","0","3","3"
"减少三分之","0","3","3"
"少三分之一","0","3","3"
"十二月三日","0","3","3"
"冗从仆射胡","0","3","3"
"没举行朝会","0","3","3"
"同日解除戒","0","3","3"
"日解除戒严","0","3","3"
"任命护军将","0","3","3"
"命护军将军","0","3","3"
"夏王义恭兼","0","3","3"
"王义恭兼任","0","3","3"
"任领军将军","0","3","3"
"讨伐西阳蛮","0","3","3"
"豫州的西阳","0","3","3"
"将军沈庆之","0","3","3"
"将军朱修之","0","3","3"
"军柳元景为","0","3","3"
"军垣护之为","0","3","3"
"史朱修之为","0","3","3"
"国家有忧患","0","3","3"
"军东海王礻","0","3","3"
"海王礻韦升","0","3","3"
"领军将军柳","0","3","3"
"京城内外戒","0","3","3"
"城内外戒严","0","3","3"
"之为徐州刺","0","3","3"
"刺史沈庆之","0","3","3"
"考为尚书右","0","3","3"
"委任南兖州","0","3","3"
"任御史中丞","0","3","3"
"扬州刺史职","0","3","3"
"十一月十二","0","3","3"
"一月十二日","0","3","3"
"派使臣巡视","0","3","3"
"皇上亲自耕","0","3","3"
"上亲自耕田","0","3","3"
"三月十三日","0","3","3"
"二月十二日","0","3","3"
"太官停止宰","0","3","3"
"官停止宰牛","0","3","3"
"十二月一日","0","3","3"
"射刘遵考为","0","3","3"
"升为卫将军","0","3","3"
"大明三年以","0","3","3"
"明三年以前","0","3","3"
"年以前的旧","0","3","3"
"司空沈庆之","0","3","3"
"沈庆之讨伐","0","3","3"
"索虏派使者","0","3","3"
"虏派使者来","0","3","3"
"令柳元景为","0","3","3"
"历阳的乌江","0","3","3"
"升为车骑大","0","3","3"
"年正月六日","0","3","3"
"在侍中下省","0","3","3"
"领军将军王","0","3","3"
"皇太后去世","0","3","3"
"京城发洪水","0","3","3"
"任司州刺史","0","3","3"
"投入监狱处","0","3","3"
"入监狱处死","0","3","3"
"廷内外百官","0","3","3"
"兼任游击将","0","3","3"
"四州郢州的","0","3","3"
"州郢州的竟","0","3","3"
"郢州的竟陵","0","3","3"
"年正月初一","0","3","3"
"任车骑将军","0","3","3"
"陵王休若晋","0","3","3"
"王休若晋升","0","3","3"
"休若晋升为","0","3","3"
"国将军刘面","0","3","3"
"将军沈攸之","0","3","3"
"军沈攸之为","0","3","3"
"任命郢州刺","0","3","3"
"命郢州刺史","0","3","3"
"任广州刺史","0","3","3"
"州刺史刘面","0","3","3"
"刺史刘面力","0","3","3"
"升为征西将","0","3","3"
"任命侍中刘","0","3","3"
"新任给事黄","0","3","3"
"任给事黄门","0","3","3"
"王休若为征","0","3","3"
"骑大将军的","0","3","3"
"史沈攸之晋","0","3","3"
"沈攸之晋升","0","3","3"
"攸之晋升为","0","3","3"
"太子在东宫","0","3","3"
"任命给事黄","0","3","3"
"命给事黄门","0","3","3"
"任命抚军司","0","3","3"
"命抚军司马","0","3","3"
"的官职不变","0","3","3"
"驻扎在新亭","0","3","3"
"晋熙王燮晋","0","3","3"
"熙王燮晋升","0","3","3"
"王燮晋升为","0","3","3"
"将军褚渊为","0","3","3"
"不到百分之","0","3","3"
"景素占据京","0","3","3"
"武陵王赞为","0","3","3"
"战事连年不","0","3","3"
"将军王广之","0","3","3"
"将军齐王长","0","3","3"
"军齐王长子","0","3","3"
"党都被处死","0","3","3"
"及其同党都","0","3","3"
"其同党都被","0","3","3"
"这样就可以","0","3","3"
"钟相应的数","0","3","3"
"吕相应的数","0","3","3"
"对应于十月","0","3","3"
"乐均的声音","0","3","3"
"气开始上升","0","3","3"
"这种情况的","0","3","3"
"轮转后又重","0","3","3"
"转后又重新","0","3","3"
"汉书．律历","0","3","3"
"发出的声音","0","3","3"
"回到宫音的","0","3","3"
"又回到宫音","0","3","3"
"在路上遇到","0","3","3"
"的方法相同","0","3","3"
"斗宿的分数","0","3","3"
"宿的分数部","0","3","3"
"的分数部分","0","3","3"
"与实际情况","0","3","3"
"出现在西方","0","3","3"
"五星的运行","0","3","3"
"的月份作为","0","3","3"
"以建寅之月","0","3","3"
"建寅之月为","0","3","3"
"寅之月为正","0","3","3"
"之月为正月","0","3","3"
"一年的开始","0","3","3"
"改年号为太","0","3","3"
"年号为太初","0","3","3"
"一万一千零","0","3","3"
"万二干七百","0","3","3"
"合朔月亮在","0","3","3"
"朔月亮在黄","0","3","3"
"月数乘以通","0","3","3"
"数乘以通数","0","3","3"
"就是该年份","0","3","3"
"年份所在纪","0","3","3"
"份所在纪的","0","3","3"
"余数就是该","0","3","3"
"数就是该年","0","3","3"
"再除以章岁","0","3","3"
"将积月乘以","0","3","3"
"后得到的余","0","3","3"
"余数就是大","0","3","3"
"是所求年份","0","3","3"
"正相应的十","0","3","3"
"相应的十一","0","3","3"
"小余上加二","0","3","3"
"曰法并在大","0","3","3"
"可得到下一","0","3","3"
"得到下一个","0","3","3"
"大余上加七","0","3","3"
"余上加一千","0","3","3"
"法在大余上","0","3","3"
"以限数作为","0","3","3"
"作为衡量标","0","3","3"
"为衡量标准","0","3","3"
"四节气的方","0","3","3"
"节气的方法","0","3","3"
"将其乘以余","0","3","3"
"其乘以余数","0","3","3"
"得到的商为","0","3","3"
"就是与周正","0","3","3"
"大余上加十","0","3","3"
"余上加十五","0","3","3"
"述的方法就","0","3","3"
"就得到下一","0","3","3"
"二月的节气","0","3","3"
"上加六十九","0","3","3"
"余满没法则","0","3","3"
"满没法则减","0","3","3"
"没法则减去","0","3","3"
"法则减去没","0","3","3"
"则减去没法","0","3","3"
"名称对应并","0","3","3"
"称对应并向","0","3","3"
"小余不够减","0","3","3"
"不够减时可","0","3","3"
"阳位置的方","0","3","3"
"置的方法说","0","3","3"
"将朔积日乘","0","3","3"
"朔积日乘以","0","3","3"
"最后的余数","0","3","3"
"余数再除以","0","3","3"
"得到的商就","0","3","3"
"日夜半时太","0","3","3"
"半时太阳位","0","3","3"
"时位置的方","0","3","3"
"余数就是小","0","3","3"
"的十一月合","0","3","3"
"一月合朔时","0","3","3"
"分满通法则","0","3","3"
"在度数上进","0","3","3"
"时月亮位置","0","3","3"
"小分上加三","0","3","3"
"应纪中的朔","0","3","3"
"纪中的朔积","0","3","3"
"中的朔积分","0","3","3"
"相应纪的交","0","3","3"
"应纪的交会","0","3","3"
"所得满会通","0","3","3"
"是所求年与","0","3","3"
"所求年与周","0","3","3"
"求年与周正","0","3","3"
"在黄道南北","0","3","3"
"日月会合在","0","3","3"
"在前黄白交","0","3","3"
"前黄白交点","0","3","3"
"白交点在后","0","3","3"
"会合在后的","0","3","3"
"合在后的情","0","3","3"
"黄白交点相","0","3","3"
"白交点相距","0","3","3"
"交点相距的","0","3","3"
"食从曰面的","0","3","3"
"一天就是所","0","3","3"
"天就是所求","0","3","3"
"数上加十四","0","3","3"
"数满二十七","0","3","3"
"月食的定大","0","3","3"
"食的定大小","0","3","3"
"的定大小余","0","3","3"
"历中的曰余","0","3","3"
"乘以在迟疾","0","3","3"
"以在迟疾历","0","3","3"
"减少或增加","0","3","3"
"将定小余乘","0","3","3"
"定小余乘以","0","3","3"
"有余数则将","0","3","3"
"余数则将其","0","3","3"
"数则将其乘","0","3","3"
"则将其乘以","0","3","3"
"它与少合并","0","3","3"
"与少合并为","0","3","3"
"半合并为太","0","3","3"
"合并为太弱","0","3","3"
"太合并为一","0","3","3"
"需推算的年","0","3","3"
"推算的年份","0","3","3"
"其余数乘以","0","3","3"
"经过的天数","0","3","3"
"将合数乘以","0","3","3"
"其余数除以","0","3","3"
"所得余数就","0","3","3"
"得余数就是","0","3","3"
"每满六十就","0","3","3"
"合所在月的","0","3","3"
"所在月的朔","0","3","3"
"再除以曰度","0","3","3"
"合时的位置","0","3","3"
"外推算一度","0","3","3"
"推算一度就","0","3","3"
"次合所在月","0","3","3"
"次合在相应","0","3","3"
"余分别加上","0","3","3"
"减去度法并","0","3","3"
"去度法并在","0","3","3"
"而清晨在东","0","3","3"
"停留不动二","0","3","3"
"留不动二十","0","3","3"
"有三百九十","0","3","3"
"百九十八天","0","3","3"
"而早晨在东","0","3","3"
"一终有七百","0","3","3"
"运行了四百","0","3","3"
"行了四百一","0","3","3"
"了四百一十","0","3","3"
"十六天运行","0","3","3"
"后转为逆行","0","3","3"
"天后退了六","0","3","3"
"终有三百七","0","3","3"
"有三百七十","0","3","3"
"百七十八天","0","3","3"
"每天运行四","0","3","3"
"四十五天中","0","3","3"
"九十一天中","0","3","3"
"一百零五度","0","3","3"
"在东方观察","0","3","3"
"东方观察不","0","3","3"
"九十一天运","0","3","3"
"十一天运行","0","3","3"
"中运行三十","0","3","3"
"后退了四度","0","3","3"
"度数与此数","0","3","3"
"数与此数值","0","3","3"
"与此数值相","0","3","3"
"行了三十六","0","3","3"
"了三十六度","0","3","3"
"十一天中后","0","3","3"
"有一百一十","0","3","3"
"所在位置的","0","3","3"
"在位置的度","0","3","3"
"观察不到时","0","3","3"
"星出现的日","0","3","3"
"出现的日期","0","3","3"
"各有不同的","0","3","3"
"是什么意思","0","3","3"
"从那时到现","0","3","3"
"那时到现在","0","3","3"
"冬至太阳应","0","3","3"
"至太阳应在","0","3","3"
"在斗宿十七","0","3","3"
"斗宿十七度","0","3","3"
"与太阳位置","0","3","3"
"太阳位置相","0","3","3"
"阳位置相对","0","3","3"
"望观测月食","0","3","3"
"推算的发生","0","3","3"
"算的发生时","0","3","3"
"在牛宿六度","0","3","3"
"这天太阳在","0","3","3"
"阳在斗宿二","0","3","3"
"月位置相对","0","3","3"
"月食来检测","0","3","3"
"检测太阳位","0","3","3"
"测太阳位置","0","3","3"
"确定大小余","0","3","3"
"在一纪的开","0","3","3"
"十年癸未岁","0","3","3"
"与干支名称","0","3","3"
"小余满曰法","0","3","3"
"下一月的朔","0","3","3"
"一月的朔日","0","3","3"
"余和小分数","0","3","3"
"满周天则减","0","3","3"
"从室宿二度","0","3","3"
"室宿二度起","0","3","3"
"宿二度起算","0","3","3"
"经过一宿则","0","3","3"
"过一宿则减","0","3","3"
"一宿则减去","0","3","3"
"月朔夜半时","0","3","3"
"朔夜半时太","0","3","3"
"半时太阳所","0","3","3"
"时太阳所在","0","3","3"
"宿时需减去","0","3","3"
"月亮位置的","0","3","3"
"满会月则减","0","3","3"
"会月则减去","0","3","3"
"月则减去会","0","3","3"
"则减去会月","0","3","3"
"曰数上进一","0","3","3"
"历中相应的","0","3","3"
"星的后设历","0","3","3"
"星合时位置","0","3","3"
"开始对应并","0","3","3"
"求行星出现","0","3","3"
"行星出现的","0","3","3"
"察不到有十","0","3","3"
"和曰余四万","0","3","3"
"中运行了二","0","3","3"
"度和度余四","0","3","3"
"和度余四万","0","3","3"
"与太阳相距","0","3","3"
"扣除一周天","0","3","3"
"了四十九度","0","3","3"
"四十九度和","0","3","3"
"十九度和度","0","3","3"
"九度和度余","0","3","3"
"度和度余一","0","3","3"
"和度余一万","0","3","3"
"于清晨在东","0","3","3"
"十二分之一","0","3","3"
"又停留三十","0","3","3"
"出现在东方","0","3","3"
"有五百八十","0","3","3"
"十七天和余","0","3","3"
"于黄昏时在","0","3","3"
"度而与太阳","0","3","3"
"而与太阳合","0","3","3"
"所得再除以","0","3","3"
"夜半在阴阳","0","3","3"
"半在阴阳历","0","3","3"
"应日期的余","0","3","3"
"夜半在迟疾","0","3","3"
"半在迟疾历","0","3","3"
"月亮与黄道","0","3","3"
"黄昏时昴星","0","3","3"
"昏时昴星在","0","3","3"
"北方各宿的","0","3","3"
"方各宿的中","0","3","3"
"各宿的中心","0","3","3"
"何承天的历","0","3","3"
"承天的历法","0","3","3"
"六则减去六","0","3","3"
"从虚宿一度","0","3","3"
"经过虚宿时","0","3","3"
"不出现有十","0","3","3"
"度和度余二","0","3","3"
"和度余二万","0","3","3"
"停留三十三","0","3","3"
"留三十三天","0","3","3"
"冬至点位置","0","3","3"
"有确定的位","0","3","3"
"确定的位置","0","3","3"
"在建星附近","0","3","3"
"昴星在正南","0","3","3"
"这是古历可","0","3","3"
"是古历可疑","0","3","3"
"古历可疑的","0","3","3"
"历可疑的第","0","3","3"
"这是可疑的","0","3","3"
"是可疑的第","0","3","3"
"黄昏时位于","0","3","3"
"昏时位于正","0","3","3"
"时位于正南","0","3","3"
"位于正南方","0","3","3"
"是很清楚的","0","3","3"
"明确的证据","0","3","3"
"而按照戴法","0","3","3"
"照戴法兴所","0","3","3"
"戴法兴所说","0","3","3"
"发生月全食","0","3","3"
"用与其相对","0","3","3"
"与其相对的","0","3","3"
"其相对的位","0","3","3"
"对的位置计","0","3","3"
"的位置计算","0","3","3"
"用我的历法","0","3","3"
"就是这种情","0","3","3"
"没有确定的","0","3","3"
"天子外出巡","0","3","3"
"到束境巡视","0","3","3"
"禄二千石的","0","3","3"
"的情况记录","0","3","3"
"情况记录为","0","3","3"
"况记录为一","0","3","3"
"天子巡视四","0","3","3"
"子巡视四方","0","3","3"
"主事官员奏","0","3","3"
"咸和六年三","0","3","3"
"不戴冠的人","0","3","3"
"认为应该依","0","3","3"
"谢综的弟弟","0","3","3"
"丧三年的礼","0","3","3"
"三年的礼制","0","3","3"
"告假回家守","0","3","3"
"假回家守丧","0","3","3"
"父母守丧三","0","3","3"
"母守丧三年","0","3","3"
"丧三年的丧","0","3","3"
"三年的丧礼","0","3","3"
"遵照古代的","0","3","3"
"照古代的礼","0","3","3"
"安葬完毕后","0","3","3"
"他们的议论","0","3","3"
"文帝逝世时","0","3","3"
"除去了衰麻","0","3","3"
"去了衰麻丧","0","3","3"
"了衰麻丧服","0","3","3"
"又下诏书说","0","3","3"
"权宜的丧礼","0","3","3"
"群臣百官也","0","3","3"
"实行权宜的","0","3","3"
"行权宜的丧","0","3","3"
"应当依照旧","0","3","3"
"四海之内的","0","3","3"
"而除去丧服","0","3","3"
"服齐衰一年","0","3","3"
"服大功之丧","0","3","3"
"尊高的地位","0","3","3"
"皇帝下韶令","0","3","3"
"帝下韶令说","0","3","3"
"亲因儿子的","0","3","3"
"因儿子的显","0","3","3"
"的亲生母亲","0","3","3"
"礼书裹没有","0","3","3"
"作为永久的","0","3","3"
"主事官员的","0","3","3"
"心丧礼完毕","0","3","3"
"返穿重丧服","0","3","3"
"行心丧礼三","0","3","3"
"朱膺之的议","0","3","3"
"的议论允当","0","3","3"
"大明五年的","0","3","3"
"服小功丧服","0","3","3"
"小功丧服五","0","3","3"
"功丧服五个","0","3","3"
"丧服五个月","0","3","3"
"如果不是这","0","3","3"
"兴之议论说","0","3","3"
"悬挂钟磬乐","0","3","3"
"挂钟磬乐器","0","3","3"
"钟磬乐器而","0","3","3"
"磬乐器而不","0","3","3"
"现在如果以","0","3","3"
"自己的生母","0","3","3"
"而抑降丧服","0","3","3"
"抑降丧服的","0","3","3"
"为已故皇帝","0","3","3"
"平王刘铄的","0","3","3"
"接受了皇帝","0","3","3"
"射建平王刘","0","3","3"
"领军长史周","0","3","3"
"之等人议论","0","3","3"
"了临终遣命","0","3","3"
"之类的东西","0","3","3"
"帝又下诏令","0","3","3"
"西晋的旧制","0","3","3"
"皇帝的诏令","0","3","3"
"致敬的礼仪","0","3","3"
"的礼仪相同","0","3","3"
"母陈贵妃为","0","3","3"
"陈贵妃为皇","0","3","3"
"贵妃为皇太","0","3","3"
"妃为皇太妃","0","3","3"
"国子的母亲","0","3","3"
"为太夫人的","0","3","3"
"国的国君为","0","3","3"
"有这样的先","0","3","3"
"这样的先例","0","3","3"
"宗庙昭穆的","0","3","3"
"依照汉朝的","0","3","3"
"举行的祭祀","0","3","3"
"皇帝以配祭","0","3","3"
"以配祭天帝","0","3","3"
"文皇帝配祭","0","3","3"
"太和四年八","0","3","3"
"和四年八月","0","3","3"
"所祭的称为","0","3","3"
"祭的称为皇","0","3","3"
"武皇帝配祭","0","3","3"
"没有举行郊","0","3","3"
"有举行郊祀","0","3","3"
"我恭谨地选","0","3","3"
"恭谨地选择","0","3","3"
"谨地选择吉","0","3","3"
"在中原土地","0","3","3"
"中原土地上","0","3","3"
"冒昧地以黑","0","3","3"
"昧地以黑色","0","3","3"
"地以黑色公","0","3","3"
"以黑色公牛","0","3","3"
"黑色公牛献","0","3","3"
"色公牛献祭","0","3","3"
"二月甲子日","0","3","3"
"的祭祀合并","0","3","3"
"祭祀合并于","0","3","3"
"以后稷配祭","0","3","3"
"自举行郊祀","0","3","3"
"及宗庙祭祀","0","3","3"
"元帝中兴于","0","3","3"
"开始举行郊","0","3","3"
"始举行郊祀","0","3","3"
"和宗庙祭祀","0","3","3"
"宗庙祭祀之","0","3","3"
"后配祭地神","0","3","3"
"正月上旬辛","0","3","3"
"六月癸巳曰","0","3","3"
"到祖庙父庙","0","3","3"
"应该举行祭","0","3","3"
"该举行祭祀","0","3","3"
"把酒洒在地","0","3","3"
"酒洒在地上","0","3","3"
"不参与祭祀","0","3","3"
"应该按照礼","0","3","3"
"该按照礼制","0","3","3"
"在什么地方","0","3","3"
"下旬的辛曰","0","3","3"
"是有根据的","0","3","3"
"祭祀苍天上","0","3","3"
"祀苍天上帝","0","3","3"
"上旬的辛曰","0","3","3"
"为祈求五谷","0","3","3"
"认为不应该","0","3","3"
"同一天举行","0","3","3"
"隔两年举行","0","3","3"
"两年举行一","0","3","3"
"郊祀和明堂","0","3","3"
"三年举行一","0","3","3"
"祀和明堂祭","0","3","3"
"和明堂祭祀","0","3","3"
"举行祭祀的","0","3","3"
"封禅的礼仪","0","3","3"
"封惮的礼仪","0","3","3"
"有七十四位","0","3","3"
"七十四位君","0","3","3"
"十四位君主","0","3","3"
"即帝位之后","0","3","3"
"今天这样的","0","3","3"
"圣明的帝王","0","3","3"
"果不是皇上","0","3","3"
"还没有举行","0","3","3"
"明帝太和三","0","3","3"
"帝太和三年","0","3","3"
"太和元年二","0","3","3"
"亲自主持祭","0","3","3"
"冬四时祭祀","0","3","3"
"征西将军的","0","3","3"
"君的神主牌","0","3","3"
"兆府君神主","0","3","3"
"京兆府君的","0","3","3"
"兆府君的神","0","3","3"
"君的神主迁","0","3","3"
"太庙举行大","0","3","3"
"庙举行大祭","0","3","3"
"撤除的神主","0","3","3"
"是为什么呢","0","3","3"
"实在是因为","0","3","3"
"在孟秋之月","0","3","3"
"月应该举行","0","3","3"
"举行殷祭的","0","3","3"
"不同寻常的","0","3","3"
"十月举行殷","0","3","3"
"孟秋之月举","0","3","3"
"秋之月举行","0","3","3"
"在冬夏举行","0","3","3"
"三个月不举","0","3","3"
"个月不举行","0","3","3"
"月不举行祭","0","3","3"
"是不祥之兆","0","3","3"
"礼官讨论确","0","3","3"
"官讨论确定","0","3","3"
"朱膺之认为","0","3","3"
"交付礼官讨","0","3","3"
"付礼官讨论","0","3","3"
"的意见允当","0","3","3"
"太庙发生火","0","3","3"
"到南郊祭天","0","3","3"
"在大功丧服","0","3","3"
"大功丧服期","0","3","3"
"功丧服期间","0","3","3"
"丧不举行祭","0","3","3"
"有变故一类","0","3","3"
"变故一类情","0","3","3"
"故一类情况","0","3","3"
"卿代理主祭","0","3","3"
"皇太后既然","0","3","3"
"四个未成年","0","3","3"
"个未成年而","0","3","3"
"礼仪制度的","0","3","3"
"下转礼官详","0","3","3"
"转礼官详细","0","3","3"
"孝武皇帝庙","0","3","3"
"武皇帝庙室","0","3","3"
"昭皇太后庙","0","3","3"
"称皇帝名讳","0","3","3"
"按以往礼仪","0","3","3"
"在什么时候","0","3","3"
"徐爰发表意","0","3","3"
"爰发表意见","0","3","3"
"子为自己立","0","3","3"
"聚成百家以","0","3","3"
"成百家以上","0","3","3"
"百家以上就","0","3","3"
"家以上就立","0","3","3"
"以上就立一","0","3","3"
"上就立一社","0","3","3"
"王景侯解释","0","3","3"
"对七种神的","0","3","3"
"猪三牲为祭","0","3","3"
"三牲为祭品","0","3","3"
"四周各两丈","0","3","3"
"派遣使者致","0","3","3"
"遣使者致送","0","3","3"
"使者致送祭","0","3","3"
"者致送祭品","0","3","3"
"不正规的祭","0","3","3"
"把车马衣服","0","3","3"
"车马衣服奖","0","3","3"
"马衣服奖给","0","3","3"
"衣服奖给有","0","3","3"
"服奖给有功","0","3","3"
"奖给有功的","0","3","3"
"给有功的诸","0","3","3"
"有功的诸侯","0","3","3"
"与轭之末都","0","3","3"
"轭之末都用","0","3","3"
"天子所乘的","0","3","3"
"造就是所谓","0","3","3"
"上竖立赤旗","0","3","3"
"头龙纹图案","0","3","3"
"用四匹玄色","0","3","3"
"四匹玄色马","0","3","3"
"匹玄色马驾","0","3","3"
"玄色马驾车","0","3","3"
"乘法驾出行","0","3","3"
"这种指南车","0","3","3"
"的就是这种","0","3","3"
"就是这种车","0","3","3"
"用黄金涂饰","0","3","3"
"用四匹马驾","0","3","3"
"四匹马驾车","0","3","3"
"乘坐用油彩","0","3","3"
"坐用油彩涂","0","3","3"
"匹馈马驾车","0","3","3"
"腓马在右边","0","3","3"
"乘车竖立旌","0","3","3"
"车竖立旌旗","0","3","3"
"皇帝乘大驾","0","3","3"
"在前面引导","0","3","3"
"有贰车九乘","0","3","3"
"用大驾仪仗","0","3","3"
"五彩丝绳作","0","3","3"
"到汉明帝时","0","3","3"
"汉明帝时才","0","3","3"
"长一尺二寸","0","3","3"
"祭祀宗庙时","0","3","3"
"国人戴的冠","0","3","3"
"祭祀蚕神时","0","3","3"
"祀蚕神时的","0","3","3"
"四种彩色花","0","3","3"
"戴进贤三梁","0","3","3"
"黑色绶带．","0","3","3"
"皇帝出行仪","0","3","3"
"帝出行仪仗","0","3","3"
"出行仪仗队","0","3","3"
"行仪仗队之","0","3","3"
"又上奏议说","0","3","3"
"黑色零辟朝","0","3","3"
"色零辟朝服","0","3","3"
"黄色绶带．","0","3","3"
"给予黑色绶","0","3","3"
"予黑色绶带","0","3","3"
"给子青色绶","0","3","3"
"子青色绶带","0","3","3"
"侍卫及在皇","0","3","3"
"卫及在皇帝","0","3","3"
"品以下的官","0","3","3"
"加不得穿用","0","3","3"
"用银装饰的","0","3","3"
"成帝咸和九","0","3","3"
"帝咸和九年","0","3","3"
"朱红色带子","0","3","3"
"手执马缰驾","0","3","3"
"执马缰驾车","0","3","3"
"改戴通天冠","0","3","3"
"又上奏疏说","0","3","3"
"人的服装是","0","3","3"
"色的裹发巾","0","3","3"
"在明堂祭祀","0","3","3"
"雅乐的乐器","0","3","3"
"主管部门又","0","3","3"
"来进行祭祀","0","3","3"
"上帝不是指","0","3","3"
"帝不是指天","0","3","3"
"从天子到士","0","3","3"
"宫声的竹管","0","3","3"
"声的竹管放","0","3","3"
"的竹管放在","0","3","3"
"朝廷追赠他","0","3","3"
"廷追赠他为","0","3","3"
"美好的乐舞","0","3","3"
"恭敬地侍奉","0","3","3"
"上为天地郊","0","3","3"
"使天下太平","0","3","3"
"声势赫赫而","0","3","3"
"势赫赫而威","0","3","3"
"赫赫而威灵","0","3","3"
"赫而威灵明","0","3","3"
"而威灵明明","0","3","3"
"至德的教化","0","3","3"
"用歌唱来表","0","3","3"
"歌唱来表达","0","3","3"
"唱来表达情","0","3","3"
"用诗歌来表","0","3","3"
"诗歌来表达","0","3","3"
"歌来表达情","0","3","3"
"聚集在一起","0","3","3"
"圣明的君王","0","3","3"
"的人都知道","0","3","3"
"除旧布新的","0","3","3"
"皇顺应天命","0","3","3"
"其中三句每","0","3","3"
"中三句每句","0","3","3"
"三句每句三","0","3","3"
"其中六句每","0","3","3"
"中六句每句","0","3","3"
"六句每句三","0","3","3"
"七句每句五","0","3","3"
"四句每句三","0","3","3"
"二句每句六","0","3","3"
"歌咏宣皇帝","0","3","3"
"皇登上帝位","0","3","3"
"井宿二十五","0","3","3"
"所以太阳也","0","3","3"
"以太阳也出","0","3","3"
"太阳也出于","0","3","3"
"夜裹在地下","0","3","3"
"在地下运行","0","3","3"
"此可以知道","0","3","3"
"将有大忧患","0","3","3"
"第二年五月","0","3","3"
"女主有忧患","0","3","3"
"太后郭氏逝","0","3","3"
"后郭氏逝世","0","3","3"
"太和六年十","0","3","3"
"和六年十一","0","3","3"
"太微垣上将","0","3","3"
"微垣上将星","0","3","3"
"出现大瘟疫","0","3","3"
"预示君主将","0","3","3"
"司马懿征讨","0","3","3"
"星犯井宿之","0","3","3"
"预示着将有","0","3","3"
"皇后毛氏逝","0","3","3"
"后毛氏逝世","0","3","3"
"金星犯毕宿","0","3","3"
"天象预示战","0","3","3"
"越之地将有","0","3","3"
"天象预示大","0","3","3"
"白色彗星出","0","3","3"
"色彗星出现","0","3","3"
"星出现于轸","0","3","3"
"出现于轸宿","0","3","3"
"星犯束井宿","0","3","3"
"示国家将有","0","3","3"
"除旧布新之","0","3","3"
"金星犯角宿","0","3","3"
"家将有战争","0","3","3"
"木星犯舆鬼","0","3","3"
"犯舆鬼宿之","0","3","3"
"鬼宿东南星","0","3","3"
"客星出现于","0","3","3"
"向东南运行","0","3","3"
"星出现于亢","0","3","3"
"出现于亢宿","0","3","3"
"流星代表贵","0","3","3"
"星代表贵使","0","3","3"
"愤怒的征兆","0","3","3"
"星出现于紫","0","3","3"
"出现于紫宫","0","3","3"
"宿．占辞说","0","3","3"
"出现于大角","0","3","3"
"火星入南斗","0","3","3"
"有大规模军","0","3","3"
"大规模军事","0","3","3"
"趟王司马伦","0","3","3"
"与齐地对应","0","3","3"
"预示左将军","0","3","3"
"表示臣太强","0","3","3"
"此预示将有","0","3","3"
"示将有大的","0","3","3"
"军队被打败","0","3","3"
"火星入东井","0","3","3"
"星入东井之","0","3","3"
"入东井之宿","0","3","3"
"有战争及国","0","3","3"
"战争及国丧","0","3","3"
"金星犯太微","0","3","3"
"遵为大司马","0","3","3"
"示将相有忧","0","3","3"
"示将有大臣","0","3","3"
"金星犯右执","0","3","3"
"运行入太微","0","3","3"
"上将有忧患","0","3","3"
"当时尚书令","0","3","3"
"皇后有忧患","0","3","3"
"亢宿代表朝","0","3","3"
"宿代表朝廷","0","3","3"
"和四年四月","0","3","3"
"太微垣犯右","0","3","3"
"微垣犯右执","0","3","3"
"垣犯右执法","0","3","3"
"星犯轩辕星","0","3","3"
"十分之二三","0","3","3"
"在束井之宿","0","3","3"
"伴有如雷之","0","3","3"
"有如雷之声","0","3","3"
"井之宿出现","0","3","3"
"太微垣犯西","0","3","3"
"火星犯太微","0","3","3"
"火星犯天江","0","3","3"
"金星犯东井","0","3","3"
"星犯东井之","0","3","3"
"星犯舆鬼之","0","3","3"
"于太微垣之","0","3","3"
"水星犯轩辕","0","3","3"
"犯太微垣西","0","3","3"
"太微垣西蕃","0","3","3"
"这预示大臣","0","3","3"
"太微垣端门","0","3","3"
"海西公被废","0","3","3"
"西公被废黜","0","3","3"
"与兖州对应","0","3","3"
"星白天在斗","0","3","3"
"白天在斗宿","0","3","3"
"天在斗宿出","0","3","3"
"白天在参宿","0","3","3"
"天在参宿出","0","3","3"
"在参宿出现","0","3","3"
"天在胃宿出","0","3","3"
"在胃宿出现","0","3","3"
"有客星出现","0","3","3"
"出现在南斗","0","3","3"
"相应天象相","0","3","3"
"应天象相同","0","3","3"
"金星入羽林","0","3","3"
"星都入羽林","0","3","3"
"流星向西运","0","3","3"
"星向西运行","0","3","3"
"玄篡夺皇位","0","3","3"
"犯西上将星","0","3","3"
"犯房宿北第","0","3","3"
"房宿北第二","0","3","3"
"宿北第二星","0","3","3"
"司马荣期被","0","3","3"
"围攻孙季高","0","3","3"
"杜慧度斩杀","0","3","3"
"金星在奎宿","0","3","3"
"亲自率大军","0","3","3"
"四大行星聚","0","3","3"
"大行星聚于","0","3","3"
"入太微垣右","0","3","3"
"太微垣右掖","0","3","3"
"微垣右掖门","0","3","3"
"是亡君的警","0","3","3"
"火星犯舆鬼","0","3","3"
"之等人被杀","0","3","3"
"金星经天而","0","3","3"
"星经天而白","0","3","3"
"一样大的流","0","3","3"
"徒彭城王刘","0","3","3"
"大将军刘义","0","3","3"
"表请求解除","0","3","3"
"帝没有同意","0","3","3"
"陵王刘休茂","0","3","3"
"大臣将被杀","0","3","3"
"金星入氐宿","0","3","3"
"建平王刘景","0","3","3"
"平王刘景素","0","3","3"
"天命的符瑞","0","3","3"
"将这事告诉","0","3","3"
"有嘉禾生长","0","3","3"
"黄龙出现在","0","3","3"
"星进入太微","0","3","3"
"因为许昌而","0","3","3"
"都说出现了","0","3","3"
"有一百六十","0","3","3"
"三十二枚玉","0","3","3"
"十二枚玉璧","0","3","3"
"是宋的分野","0","3","3"
"进入太微星","0","3","3"
"白麟出现在","0","3","3"
"成帝咸和八","0","3","3"
"帝咸和八年","0","3","3"
"咸和八年五","0","3","3"
"凰停留在京","0","3","3"
"停留在京师","0","3","3"
"汉光武帝建","0","3","3"
"武帝建武十","0","3","3"
"元和二年至","0","3","3"
"和二年至章","0","3","3"
"二年至章和","0","3","3"
"年至章和元","0","3","3"
"次出现于河","0","3","3"
"年四月己末","0","3","3"
"四月己末日","0","3","3"
"王的仁德施","0","3","3"
"的仁德施及","0","3","3"
"二月乙未日","0","3","3"
"县说出现了","0","3","3"
"青龙出现在","0","3","3"
"次出现于济","0","3","3"
"现于京兆的","0","3","3"
"出现于义兴","0","3","3"
"于南郡的江","0","3","3"
"黑龙出现于","0","3","3"
"出现于临川","0","3","3"
"现于晋陵的","0","3","3"
"时就会出现","0","3","3"
"现于会稽的","0","3","3"
"后来又恢复","0","3","3"
"白龟出现于","0","3","3"
"龟出现于吴","0","3","3"
"道献上朝廷","0","3","3"
"王刘子鸾的","0","3","3"
"休若献上朝","0","3","3"
"若献上朝廷","0","3","3"
"吴兴的故鄣","0","3","3"
"王刘盏宣上","0","3","3"
"刘盏宣上报","0","3","3"
"鹿出现于零","0","3","3"
"出现于天水","0","3","3"
"五月甲子曰","0","3","3"
"鹿出现于长","0","3","3"
"出现于长沙","0","3","3"
"现于豫章的","0","3","3"
"太守刘玄上","0","3","3"
"守刘玄上报","0","3","3"
"刘玄上报朝","0","3","3"
"出现于彭城","0","3","3"
"现于南琅邪","0","3","3"
"帝王的恩德","0","3","3"
"王的恩德施","0","3","3"
"的恩德施及","0","3","3"
"四月丁巳曰","0","3","3"
"獐出现于义","0","3","3"
"咸和九年五","0","3","3"
"出现于吴国","0","3","3"
"庆献上朝廷","0","3","3"
"出现于淮南","0","3","3"
"出现于山阳","0","3","3"
"四月戊辰日","0","3","3"
"现于北海的","0","3","3"
"乌出现于襄","0","3","3"
"王玄谟献上","0","3","3"
"玄谟献上朝","0","3","3"
"谟献上朝廷","0","3","3"
"露降临于降","0","3","3"
"露降临于武","0","3","3"
"众官都来祝","0","3","3"
"甘露降临广","0","3","3"
"史江夏王刘","0","3","3"
"王刘义庆的","0","3","3"
"降临乐游苑","0","3","3"
"甘露降临襄","0","3","3"
"甘露降临寻","0","3","3"
"露降临寻阳","0","3","3"
"降临寻阳的","0","3","3"
"南郡的江陵","0","3","3"
"临吴兴的乌","0","3","3"
"三月丙申日","0","3","3"
"史桂阳王刘","0","3","3"
"王刘休仁上","0","3","3"
"刘休仁上报","0","3","3"
"休仁上报朝","0","3","3"
"仁上报朝廷","0","3","3"
"王刘义欣献","0","3","3"
"刘义欣献上","0","3","3"
"义欣献上朝","0","3","3"
"籍田令褚熙","0","3","3"
"王刘义宣上","0","3","3"
"刘义宣上报","0","3","3"
"义宣上报朝","0","3","3"
"伯献上朝廷","0","3","3"
"六月甲寅曰","0","3","3"
"王刘义宣献","0","3","3"
"坦上报朝廷","0","3","3"
"史建平王刘","0","3","3"
"八月壬子日","0","3","3"
"祖卜报朝廷","0","3","3"
"元嘉二二十","0","3","3"
"这种吉祥物","0","3","3"
"兔出现于北","0","3","3"
"六月庚子曰","0","3","3"
"赤乌出现于","0","3","3"
"出现于吴郡","0","3","3"
"长沙王刘瑾","0","3","3"
"获得白雀献","0","3","3"
"荣献上朝廷","0","3","3"
"出现于寻阳","0","3","3"
"史义阳王刘","0","3","3"
"帝黄初初年","0","3","3"
"白鸠出现于","0","3","3"
"完备就会出","0","3","3"
"备就会出现","0","3","3"
"汝阴有木连","0","3","3"
"临川王刘烨","0","3","3"
"史垣护之上","0","3","3"
"垣护之上报","0","3","3"
"护之上报朝","0","3","3"
"时曾来献上","0","3","3"
"史晋安王刘","0","3","3"
"和元年十月","0","3","3"
"二月乙末日","0","3","3"
"出现了白鹊","0","3","3"
"木失去了它","0","3","3"
"失去了它的","0","3","3"
"去了它的本","0","3","3"
"了它的本性","0","3","3"
"来的惩罚是","0","3","3"
"是木不曲直","0","3","3"
"木不曲直的","0","3","3"
"又正是这种","0","3","3"
"天下人都仿","0","3","3"
"下人都仿效","0","3","3"
"带来的妖异","0","3","3"
"久就被废黜","0","3","3"
"天收获的庄","0","3","3"
"收获的庄稼","0","3","3"
"自己的地位","0","3","3"
"两次进攻京","0","3","3"
"次进攻京城","0","3","3"
"雌鸡变为雄","0","3","3"
"帝太兴年间","0","3","3"
"皇太后的命","0","3","3"
"太后的命令","0","3","3"
"占卜的结果","0","3","3"
"卜的结果说","0","3","3"
"任吴郡太守","0","3","3"
"其本性而造","0","3","3"
"本性而造成","0","3","3"
"性而造成灾","0","3","3"
"而造成灾害","0","3","3"
"这是言之不","0","3","3"
"由自己决定","0","3","3"
"行中金的颜","0","3","3"
"中金的颜色","0","3","3"
"把年号改为","0","3","3"
"想要明德之","0","3","3"
"要明德之人","0","3","3"
"明德之人却","0","3","3"
"行隆重的求","0","3","3"
"隆重的求雨","0","3","3"
"重的求雨仪","0","3","3"
"的求雨仪式","0","3","3"
"麦子受到损","0","3","3"
"个郡国发生","0","3","3"
"郡国发生旱","0","3","3"
"国发生旱情","0","3","3"
"超过用兵的","0","3","3"
"过用兵的季","0","3","3"
"用兵的季节","0","3","3"
"和四年十二","0","3","3"
"派冠军将军","0","3","3"
"朝廷军队西","0","3","3"
"廷军队西进","0","3","3"
"军队西进征","0","3","3"
"队西进征讨","0","3","3"
"苻坚自称帝","0","3","3"
"坚自称帝时","0","3","3"
"自己立起来","0","3","3"
"那么就会出","0","3","3"
"么就会出现","0","3","3"
"是同样的应","0","3","3"
"同样的应验","0","3","3"
"当时孝武帝","0","3","3"
"刘向的说法","0","3","3"
"上天的意思","0","3","3"
"屋顶装饰上","0","3","3"
"废弃祭祀上","0","3","3"
"弃祭祀上天","0","3","3"
"祭祀上天和","0","3","3"
"祀上天和祖","0","3","3"
"上天和祖宗","0","3","3"
"天和祖宗的","0","3","3"
"水不润下的","0","3","3"
"耳听不灵敏","0","3","3"
"郡国有八处","0","3","3"
"郡发生大水","0","3","3"
"继位君主年","0","3","3"
"位君主年纪","0","3","3"
"君主年纪幼","0","3","3"
"主年纪幼小","0","3","3"
"孝武帝去世","0","3","3"
"帝听信谗言","0","3","3"
"一个接一个","0","3","3"
"当时朝政由","0","3","3"
"京城下冰雹","0","3","3"
"穆帝永和七","0","3","3"
"帝永和七年","0","3","3"
"年十月辛末","0","3","3"
"十月辛末日","0","3","3"
"出现大批蝗","0","3","3"
"现大批蝗虫","0","3","3"
"作为自己的","0","3","3"
"没有水旱灾","0","3","3"
"有水旱灾害","0","3","3"
"北方向刮来","0","3","3"
"朝廷的命令","0","3","3"
"牛生下牛犊","0","3","3"
"黄雾四处弥","0","3","3"
"雾四处弥漫","0","3","3"
"又发生地震","0","3","3"
"伴有如同雷","0","3","3"
"有如同雷鸣","0","3","3"
"如同雷鸣那","0","3","3"
"同雷鸣那样","0","3","3"
"雷鸣那样的","0","3","3"
"鸣那样的响","0","3","3"
"那样的响声","0","3","3"
"到的地方都","0","3","3"
"个太阳同时","0","3","3"
"分地区设置","0","3","3"
"分地区设立","0","3","3"
"后汉时治所","0","3","3"
"汉时治所在","0","3","3"
"暂借地重置","0","3","3"
"的治所移到","0","3","3"
"是汉代的旧","0","3","3"
"有这种记载","0","3","3"
"有六百七十","0","3","3"
"六百七十里","0","3","3"
"东吴分割富","0","3","3"
"吴分割富春","0","3","3"
"分割富春县","0","3","3"
"割富春县而","0","3","3"
"富春县而设","0","3","3"
"水路计有一","0","3","3"
"陆路有一百","0","3","3"
"权时分割歙","0","3","3"
"时分割歙地","0","3","3"
"陆路有二百","0","3","3"
"距南徐州水","0","3","3"
"南徐州水路","0","3","3"
"水路有一百","0","3","3"
"路有四百里","0","3","3"
"明元年恢复","0","3","3"
"汉时无此县","0","3","3"
"路有一千三","0","3","3"
"路有一千里","0","3","3"
"晋武帝分割","0","3","3"
"一百八十里","0","3","3"
"路有一千一","0","3","3"
"有一千一百","0","3","3"
"陆路有六百","0","3","3"
"时隶属东海","0","3","3"
"都陆路有一","0","3","3"
"元徽元年改","0","3","3"
"徽元年改属","0","3","3"
"治所在广陵","0","3","3"
"汉时隶属临","0","3","3"
"路有五百里","0","3","3"
"宋丢失淮北","0","3","3"
"后设立的侨","0","3","3"
"琅王牙内史","0","3","3"
"的第二个儿","0","3","3"
"问他为什么","0","3","3"
"他为什么这","0","3","3"
"为从事中郎","0","3","3"
"当太尉参军","0","3","3"
"郡太守的职","0","3","3"
"徐羡之和傅","0","3","3"
"羡之和傅亮","0","3","3"
"他当谘议参","0","3","3"
"王刘义季的","0","3","3"
"的右军参军","0","3","3"
"他开玩笑说","0","3","3"
"兼任宁蛮校","0","3","3"
"任宁蛮校尉","0","3","3"
"的三个儿子","0","3","3"
"家世世代代","0","3","3"
"当宁朔将军","0","3","3"
"刺史还照旧","0","3","3"
"当时荆州刺","0","3","3"
"没有被允许","0","3","3"
"在魏国去世","0","3","3"
"后被追赠为","0","3","3"
"当从事中郎","0","3","3"
"人都非常惊","0","3","3"
"胡藩又随同","0","3","3"
"叫左右的人","0","3","3"
"为宁朔将军","0","3","3"
"当世子中军","0","3","3"
"没有采纳这","0","3","3"
"有采纳这个","0","3","3"
"玄谟进攻滑","0","3","3"
"谟进攻滑台","0","3","3"
"王刘子尚抚","0","3","3"
"刘子尚抚军","0","3","3"
"宗泰始初年","0","3","3"
"太守还照旧","0","3","3"
"高祖征讨刘","0","3","3"
"祖征讨刘毅","0","3","3"
"给鼓吹一部","0","3","3"
"有六个儿子","0","3","3"
"任骁骑将军","0","3","3"
"随同高祖征","0","3","3"
"同高祖征讨","0","3","3"
"必然会重新","0","3","3"
"琅王牙临沂","0","3","3"
"王牙临沂人","0","3","3"
"太保王弘的","0","3","3"
"任尚书吏部","0","3","3"
"的门生故吏","0","3","3"
"任从事中郎","0","3","3"
"有能干的名","0","3","3"
"能干的名声","0","3","3"
"任他为镇军","0","3","3"
"不久又转任","0","3","3"
"州的大中正","0","3","3"
"转任员外散","0","3","3"
"但没有效果","0","3","3"
"扬州治中从","0","3","3"
"当吴兴太守","0","3","3"
"当御史中丞","0","3","3"
"代管雍州事","0","3","3"
"管雍州事务","0","3","3"
"国王的女儿","0","3","3"
"王后低一等","0","3","3"
"位次在三公","0","3","3"
"次在三公之","0","3","3"
"在三公之上","0","3","3"
"当骠骑将军","0","3","3"
"的杰出之士","0","3","3"
"领各路军队","0","3","3"
"被敌人打败","0","3","3"
"不能一下子","0","3","3"
"跋焘又派人","0","3","3"
"世祖即位后","0","3","3"
"领骁骑将军","0","3","3"
"年四十六岁","0","3","3"
"任太子中庶","0","3","3"
"任记室参军","0","3","3"
"任国子博士","0","3","3"
"加封散骑常","0","3","3"
"国家的大恩","0","3","3"
"览经籍群书","0","3","3"
"将军道怜的","0","3","3"
"琅王牙太守","0","3","3"
"可以追赠他","0","3","3"
"自己的女儿","0","3","3"
"为太子中庶","0","3","3"
"任命何承天","0","3","3"
"命何承天为","0","3","3"
"拜请何承天","0","3","3"
"请何承天为","0","3","3"
"又被征召为","0","3","3"
"享受五百户","0","3","3"
"当永嘉太守","0","3","3"
"到廷尉那里","0","3","3"
"州别驾从事","0","3","3"
"刘义康被废","0","3","3"
"他的伯父袁","0","3","3"
"任宣城太守","0","3","3"
"在战斗中被","0","3","3"
"他被任命为","0","3","3"
"和过去一样","0","3","3"
"母亲去世离","0","3","3"
"亲去世离职","0","3","3"
"氐族和羌族","0","3","3"
"被乱兵杀死","0","3","3"
"他当使持节","0","3","3"
"义宣的儿子","0","3","3"
"刘义季镇守","0","3","3"
"率领五百人","0","3","3"
"沈攸之代替","0","3","3"
"攸之代替殷","0","3","3"
"之代替殷孝","0","3","3"
"派手下将领","0","3","3"
"沈攸之回到","0","3","3"
"州刺史的职","0","3","3"
"刺史的职务","0","3","3"
"蒙受国家的","0","3","3"
"兄长的儿子","0","3","3"
"沈攸之亲自","0","3","3"
"使持节都督","0","3","3"
"便将他斩首","0","3","3"
"听说城池已","0","3","3"
"加号征虏将","0","3","3"
"为江夏王刘","0","3","3"
"王刘义恭太","0","3","3"
"前废帝即位","0","3","3"
"讨伐逆贼刘","0","3","3"
"伐逆贼刘邵","0","3","3"
"赏赐鼓吹一","0","3","3"
"前后到任的","0","3","3"
"增加封邑一","0","3","3"
"加官冠军将","0","3","3"
"官冠军将军","0","3","3"
"刘诞占据广","0","3","3"
"诞占据广陵","0","3","3"
"让顾觊之当","0","3","3"
"王刘义宣的","0","3","3"
"刘义宣的儿","0","3","3"
"时被任命为","0","3","3"
"邵陵王刘子","0","3","3"
"陵王刘子元","0","3","3"
"军兼中直兵","0","3","3"
"太守阎湛之","0","3","3"
"王刘休仁派","0","3","3"
"在家里享受","0","3","3"
"待遇也可以","0","3","3"
"丢下郡务逃","0","3","3"
"刘胡派他的","0","3","3"
"又派中兵参","0","3","3"
"过激烈战斗","0","3","3"
"袁顗的父亲","0","3","3"
"官辅国将军","0","3","3"
"当时徐州刺","0","3","3"
"占据本郡响","0","3","3"
"据本郡响应","0","3","3"
"给殷琰写信","0","3","3"
"殷琰写信说","0","3","3"
"百户租税待","0","3","3"
"拓跋焘亲自","0","3","3"
"安都再次率","0","3","3"
"都再次率领","0","3","3"
"薛安都的儿","0","3","3"
"安都的儿子","0","3","3"
"并五州诸军","0","3","3"
"他的妻子儿","0","3","3"
"文武将士一","0","3","3"
"拓跋嗣亲自","0","3","3"
"跋嗣亲自率","0","3","3"
"黑矛肖公于","0","3","3"
"的儿子拓跋","0","3","3"
"多次打败敌","0","3","3"
"可以让他当","0","3","3"
"刘邵又派人","0","3","3"
"儿子刘伟之","0","3","3"
"当中兵参军","0","3","3"
"高祖因为林","0","3","3"
"祖因为林子","0","3","3"
"则惭愧不如","0","3","3"
"人口一万零","0","3","3"
"人口一万一","0","3","3"
"人口一万三","0","3","3"
"桓谦先匿沮","2","0","2"
"谦先匿沮川","2","0","2"
"应钟生蕤宾","2","0","2"
"黄钟月历初","2","0","2"
"盈减缩加本","2","0","2"
"日加所行分","2","0","2"
"轸星顿属苍","2","0","2"
"星顿属苍龙","2","0","2"
"差九分半弱","1","1","2"
"案冲新推历","2","0","2"
"冲新推历术","2","0","2"
"年九月十日","2","0","2"
"珝本吴地所","2","0","2"
"延年寿千秋","2","0","2"
"贤哉贤哉县","2","0","2"
"哉贤哉县王","2","0","2"
"贤哉县王君","2","0","2"
"贪财爱惜费","2","0","2"
"帝义熙十四","1","1","2"
"星聚易行者","2","0","2"
"聚易行者矣","2","0","2"
"陵令蒋微获","2","0","2"
"令蒋微获献","2","0","2"
"咸九年八月","2","0","2"
"时王敦陵上","2","0","2"
"能弘惜朝章","2","0","2"
"时年七十四","2","0","2"
"虏能校胜循","2","0","2"
"能校胜循理","2","0","2"
"所速怨召祸","2","0","2"
"文帝唯文义","2","0","2"
"帝唯文义见","2","0","2"
"唯文义见接","2","0","2"
"先帝聪明神","1","1","2"
"皆前世成事","2","0","2"
"灵运父祖资","2","0","2"
"吾意故欲相","2","0","2"
"意故欲相见","2","0","2"
"封开国县侯","1","1","2"
"使所宠何文","2","0","2"
"所宠何文敬","2","0","2"
"宠何文敬兵","2","0","2"
"何文敬兵居","2","0","2"
"文敬兵居前","2","0","2"
"攸欢然意解","2","0","2"
"将燮天平气","2","0","2"
"使官称事立","2","0","2"
"宁作五年徒","2","0","2"
"先送休祐内","2","0","2"
"送休祐内人","2","0","2"
"休祐内人城","2","0","2"
"河东汾阴人","1","1","2"
"贼尚数百人","2","0","2"
"封南乡县男","1","1","2"
"况共父人哉","2","0","2"
"共父人哉颍","2","0","2"
"父人哉颍川","2","0","2"
"人哉颍川韩","2","0","2"
"哉颍川韩元","2","0","2"
"颍川韩元长","2","0","2"
"荥阳南武阳","2","0","2"
"阳南武阳人","2","0","2"
"伪江州刺史","1","1","2"
"时江夏王义","2","0","2"
"时伪建威将","1","1","2"
"伪建威将军","1","1","2"
"河北太守薛","1","1","2"
"北太守薛帛","1","1","2"
"太守薛帛先","1","1","2"
"唯恐赏居前","2","0","2"
"国将军何忌","2","0","2"
"军刘道规率","1","1","2"
"郡太守王腾","1","1","2"
"年二月丁亥","1","1","2"
"太尉军谘祭","1","1","2"
"尉军谘祭酒","1","1","2"
"军谘祭酒孔","1","1","2"
"谘祭酒孔季","1","1","2"
"祭酒孔季恭","1","1","2"
"宋国尚书令","1","1","2"
"国左长史王","1","1","2"
"左长史王弘","1","1","2"
"临川王司马","1","1","2"
"川王司马宝","1","1","2"
"书仆射徐羡","1","1","2"
"加镇军将军","2","0","2"
"卫将军谢晦","1","1","2"
"光禄大夫孔","1","1","2"
"禄大夫孔季","1","1","2"
"大夫孔季恭","1","1","2"
"夫孔季恭加","1","1","2"
"卫将军王仲","1","1","2"
"前冀州刺史","1","1","2"
"刺史王弘进","2","0","2"
"辅国将军毛","1","1","2"
"国将军毛德","1","1","2"
"将军毛德祖","1","1","2"
"护军将军檀","1","1","2"
"司徒庐陵王","1","1","2"
"徒庐陵王义","1","1","2"
"陵王义真车","2","0","2"
"王义真车骑","2","0","2"
"景平二年七","1","1","2"
"平二年七月","1","1","2"
"二年七月中","1","1","2"
"元嘉元年秋","1","1","2"
"嘉元年秋八","1","1","2"
"元年秋八月","1","1","2"
"改景平二年","1","1","2"
"骁骑将军管","1","1","2"
"骑将军管义","1","1","2"
"改荆州刺史","2","0","2"
"豫州刺史江","1","1","2"
"改南徐州刺","2","0","2"
"左仆射王敬","1","1","2"
"仆射王敬弘","1","1","2"
"王敬弘尚书","2","0","2"
"丹阳尹临川","1","1","2"
"阳尹临川王","1","1","2"
"尹临川王义","1","1","2"
"部尚书江夷","1","1","2"
"左将军竟陵","1","1","2"
"延平东将军","2","0","2"
"谷浑拾虔平","2","0","2"
"吐谷浑辉伐","1","1","2"
"强弩将军官","1","1","2"
"封阳县侯萧","1","1","2"
"阳县侯萧思","1","1","2"
"县侯萧思话","1","1","2"
"军行参军苟","1","1","2"
"行参军苟道","1","1","2"
"参军苟道覆","1","1","2"
"中军将军南","1","1","2"
"军将军南谯","1","1","2"
"将军南谯王","1","1","2"
"军南谯王义","1","1","2"
"军裴方明梁","2","0","2"
"二十年春正","1","1","2"
"台城东西开","1","1","2"
"城东西开万","1","1","2"
"东西开万春","1","1","2"
"二郡太守申","1","1","2"
"郡太守申坦","1","1","2"
"书郎鲁秀归","1","1","2"
"郎鲁秀归顺","1","1","2"
"降号镇军将","2","0","2"
"仆射王僧达","1","1","2"
"王僧达迁职","2","0","2"
"丞相荆州刺","1","1","2"
"相荆州刺史","1","1","2"
"州刺史南郡","1","1","2"
"刺史南郡王","1","1","2"
"史南郡王义","1","1","2"
"会稽太守义","1","1","2"
"稽太守义阳","1","1","2"
"太守义阳王","1","1","2"
"守义阳王昶","1","1","2"
"义阳王昶东","2","0","2"
"春正月庚寅","2","0","2"
"立第十八皇","1","1","2"
"第十八皇弟","1","1","2"
"十八皇弟休","1","1","2"
"八皇弟休范","1","1","2"
"第十九皇弟","1","1","2"
"十九皇弟休","1","1","2"
"九皇弟休若","1","1","2"
"江州刺史义","1","1","2"
"冠军将军桂","1","1","2"
"军将军桂阳","1","1","2"
"北中郎参军","1","1","2"
"中郎参军费","1","1","2"
"郎参军费伯","1","1","2"
"参军费伯弘","1","1","2"
"立第十六皇","1","1","2"
"十六皇子子","1","1","2"
"六皇子子孟","1","1","2"
"第十八皇子","1","1","2"
"十八皇子子","1","1","2"
"八皇子子产","1","1","2"
"章王子尚加","1","1","2"
"尚加开府仪","2","0","2"
"嘉王子仁南","2","0","2"
"秘书监山阳","1","1","2"
"书监山阳王","1","1","2"
"监山阳王休","1","1","2"
"左卫将军桂","1","1","2"
"卫将军桂阳","1","1","2"
"阳王休范中","2","0","2"
"冠军将军邵","1","1","2"
"军将军邵陵","1","1","2"
"将军邵陵王","1","1","2"
"军邵陵王子","1","1","2"
"中护军桂阳","1","1","2"
"护军桂阳王","1","1","2"
"改封湘东王","2","0","2"
"卫尉桂阳王","1","1","2"
"后军将军垣","1","1","2"
"军将军垣闳","1","1","2"
"前右将军长","1","1","2"
"右将军长史","1","1","2"
"将军长史殷","1","1","2"
"军长史殷琰","1","1","2"
"豫州刺史殷","1","1","2"
"州刺史殷琰","1","1","2"
"湘州行事何","1","1","2"
"州行事何慧","1","1","2"
"行事何慧文","1","1","2"
"梁州刺史柳","1","1","2"
"州刺史柳元","1","1","2"
"刺史柳元怙","1","1","2"
"军主任农夫","1","1","2"
"刘怀珍平定","1","1","2"
"怀珍平定义","1","1","2"
"珍平定义兴","1","1","2"
"吏部尚书蔡","1","1","2"
"部尚书蔡兴","1","1","2"
"尚书蔡兴宗","1","1","2"
"兴太守张永","1","1","2"
"右军将军齐","1","1","2"
"将军齐王东","1","1","2"
"王休若降号","2","0","2"
"谷浑拾寅进","2","0","2"
"浑拾寅进号","2","0","2"
"立建安王休","1","1","2"
"安王休仁第","1","1","2"
"王休仁第二","1","1","2"
"改封义阳王","1","1","2"
"封义阳王昶","1","1","2"
"吴兴太守建","1","1","2"
"兴太守建平","1","1","2"
"辅师将军建","1","1","2"
"师将军建安","1","1","2"
"建安王世子","2","0","2"
"书仆射袁粲","1","1","2"
"仆射袁粲尚","2","0","2"
"射袁粲尚书","2","0","2"
"置东观祭酒","1","1","2"
"北大将军巴","1","1","2"
"大将军巴陵","1","1","2"
"冀州刺史刘","1","1","2"
"州刺史刘崇","1","1","2"
"刺史刘崇智","1","1","2"
"史刘崇智加","1","1","2"
"将军褚渊共","1","1","2"
"太常建平王","1","1","2"
"常建平王景","1","1","2"
"州刺史张兴","1","1","2"
"刺史张兴世","1","1","2"
"立第八皇弟","1","1","2"
"第八皇弟跻","1","1","2"
"第九皇弟赞","1","1","2"
"始安王伯融","1","1","2"
"都乡侯伯猷","1","1","2"
"左长史沈勃","1","1","2"
"骑常侍杜幼","1","1","2"
"游击将军孙","1","1","2"
"击将军孙超","1","1","2"
"长水校尉杜","1","1","2"
"水校尉杜叔","1","1","2"
"校尉杜叔文","1","1","2"
"葬丹阳秣陵","2","0","2"
"阳秣陵县郊","1","1","2"
"秣陵县郊坛","1","1","2"
"陵县郊坛西","1","1","2"
"卫将军刘韫","1","1","2"
"司空齐王钱","1","1","2"
"空齐王钱五","1","1","2"
"齐王钱五百","1","1","2"
"王钱五百万","1","1","2"
"骠骑长史刘","1","1","2"
"骑长史刘澄","1","1","2"
"刺史沈攸举","2","0","2"
"史沈攸举兵","2","0","2"
"征虏将军吕","1","1","2"
"虏将军吕安","1","1","2"
"都官尚书王","1","1","2"
"官尚书王宽","1","1","2"
"尚书王宽加","1","1","2"
"置左右长史","2","0","2"
"二尺九寸七","1","1","2"
"尺九寸七分","1","1","2"
"二尺九寸二","1","1","2"
"尺九寸二分","1","1","2"
"十三万四千","1","1","2"
"三万四千六","1","1","2"
"四千五百五","1","1","2"
"五百五十九","1","1","2"
"六百三十八","1","1","2"
"七十二万二","1","1","2"
"十二万五千","1","1","2"
"二万五千六","1","1","2"
"五千六百二","1","1","2"
"六百二十一","1","1","2"
"五十一万六","1","1","2"
"五百二十九","1","1","2"
"七十二万三","1","1","2"
"万三千七百","2","0","2"
"七百四十九","1","1","2"
"八百五十九","1","1","2"
"八千六百六","1","1","2"
"六百六十八","1","1","2"
"五千三百七","1","1","2"
"三百七十二","1","1","2"
"七万二千三","1","1","2"
"二千三百七","1","1","2"
"三百七十一","1","1","2"
"五万八千一","1","1","2"
"八千一百五","1","1","2"
"一百五十三","1","1","2"
"五千三百一","1","1","2"
"二十二万三","1","1","2"
"二万三千九","1","1","2"
"九百九十一","1","1","2"
"五百三十六","1","1","2"
"百三十六万","1","1","2"
"三十六万三","1","1","2"
"十六万三千","1","1","2"
"六万三千九","1","1","2"
"九百九十五","1","1","2"
"二十年十一","1","1","2"
"十一月十六","1","1","2"
"一月十六日","1","1","2"
"月十六日冬","1","1","2"
"前后阴见影","2","0","2"
"五百九十五","1","1","2"
"五万五千五","1","1","2"
"五千五百一","1","1","2"
"五百一十七","1","1","2"
"百一十七半","1","1","2"
"八百七十八","1","1","2"
"五十九万二","1","1","2"
"九万二千三","1","1","2"
"九千四百九","1","1","2"
"四百九十一","1","1","2"
"四千八百三","1","1","2"
"八百三十六","1","1","2"
"九千五百八","1","1","2"
"三百六十万","1","1","2"
"百六十万五","1","1","2"
"六十万五千","1","1","2"
"十万五千九","1","1","2"
"五千九百五","1","1","2"
"千九百五十","1","1","2"
"九百五十一","1","1","2"
"五万一千七","1","1","2"
"一千七百六","1","1","2"
"一千四百四","1","1","2"
"百四十二万","1","1","2"
"四千六百六","1","1","2"
"七百一十七","1","1","2"
"七十二万六","1","1","2"
"十二万六千","1","1","2"
"二万六千八","1","1","2"
"七十一万七","1","1","2"
"一万七千七","1","1","2"
"万七千七百","1","1","2"
"七千七百七","1","1","2"
"千七百七十","1","1","2"
"七百七十七","1","1","2"
"六千三百七","1","1","2"
"三百七十七","1","1","2"
"八十万四千","1","1","2"
"十万四千一","1","1","2"
"万四千一百","1","1","2"
"四百九十三","1","1","2"
"百九十三万","1","1","2"
"三百五十四","1","1","2"
"兴平县开国","1","1","2"
"平县开国子","1","1","2"
"县开国子太","1","1","2"
"开国子太夫","1","1","2"
"国子太夫人","1","1","2"
"帝建安十八","1","1","2"
"安十八年五","1","1","2"
"河北十郡封","1","1","2"
"追尊皇祖宣","1","1","2"
"尊皇祖宣王","1","1","2"
"栋高八丈四","1","1","2"
"高八丈四尺","1","1","2"
"堂基长三十","1","1","2"
"基长三十九","1","1","2"
"长三十九丈","1","1","2"
"三十九丈一","1","1","2"
"十九丈一尺","1","1","2"
"忌奉送神主","1","1","2"
"元嘉三年十","1","1","2"
"十二月甲寅","1","1","2"
"孝武昭太后","1","1","2"
"改封宗圣侯","1","1","2"
"封宗圣侯孔","1","1","2"
"宗圣侯孔震","1","1","2"
"东南西北中","1","1","2"
"南西北中郎","1","1","2"
"西北中郎将","1","1","2"
"军州郡国都","1","1","2"
"诸护军将兵","1","1","2"
"护军将兵助","1","1","2"
"军将兵助郡","1","1","2"
"将兵助郡都","1","1","2"
"兵助郡都尉","1","1","2"
"度支中郎将","1","1","2"
"护羌夷戎蛮","1","1","2"
"羌夷戎蛮越","1","1","2"
"夷戎蛮越乌","1","1","2"
"戎蛮越乌丸","1","1","2"
"蛮越乌丸西","1","1","2"
"越乌丸西域","1","1","2"
"乌丸西域戊","1","1","2"
"丸西域戊己","1","1","2"
"尚书左右丞","1","1","2"
"关中名号侯","1","1","2"
"诸军城门五","1","1","2"
"军城门五营","1","1","2"
"五营校尉司","1","1","2"
"营校尉司马","1","1","2"
"奴中郎将护","1","1","2"
"中郎将护羌","1","1","2"
"郎将护羌戎","1","1","2"
"将护羌戎夷","1","1","2"
"护羌戎夷蛮","1","1","2"
"羌戎夷蛮越","1","1","2"
"戎夷蛮越乌","1","1","2"
"夷蛮越乌丸","1","1","2"
"蛮越乌丸戊","1","1","2"
"越乌丸戊己","1","1","2"
"乌丸戊己校","1","1","2"
"丸戊己校尉","1","1","2"
"戊己校尉长","1","1","2"
"己校尉长史","1","1","2"
"殿中中郎将","1","1","2"
"中中郎将校","1","1","2"
"黄门中郎将","1","1","2"
"门中郎将校","1","1","2"
"殿中太医校","1","1","2"
"中太医校尉","1","1","2"
"太中中散谏","1","1","2"
"中中散谏议","1","1","2"
"中散谏议大","1","1","2"
"散谏议大夫","1","1","2"
"总章协律中","1","1","2"
"章协律中郎","1","1","2"
"律中郎将校","1","1","2"
"黄门诸署史","1","1","2"
"中黄门黄门","1","1","2"
"黄门黄门诸","1","1","2"
"门黄门诸署","1","1","2"
"四时科单衣","1","1","2"
"虏武猛中郎","1","1","2"
"武猛中郎将","1","1","2"
"持椎斧武骑","1","1","2"
"椎斧武骑虎","1","1","2"
"斧武骑虎贲","1","1","2"
"五骑传诏虎","1","1","2"
"骑传诏虎贲","1","1","2"
"守陵者太官","1","1","2"
"陵者太官尚","1","1","2"
"者太官尚食","1","1","2"
"太官尚食虎","1","1","2"
"黄门鼓吹史","1","1","2"
"门鼓吹史主","1","1","2"
"鼓吹史主事","1","1","2"
"尚书廊下都","1","1","2"
"书廊下都坐","1","1","2"
"廊下都坐门","1","1","2"
"下都坐门下","1","1","2"
"都坐门下守","1","1","2"
"虎贲常直殿","1","1","2"
"贲常直殿黄","1","1","2"
"常直殿黄云","1","1","2"
"直殿黄云龙","1","1","2"
"殿黄云龙门","1","1","2"
"黄云龙门者","1","1","2"
"门下左右部","1","1","2"
"下左右部虎","1","1","2"
"左右部虎贲","1","1","2"
"右部虎贲羽","1","1","2"
"部虎贲羽林","1","1","2"
"虎贲羽林驺","2","0","2"
"传事者诸导","1","1","2"
"门下中书守","1","1","2"
"令百官疾驱","1","1","2"
"百官疾驱驰","1","1","2"
"千秋万岁乐","1","1","2"
"荆门限巫山","1","1","2"
"神龟游沼池","1","1","2"
"春秋考异邮","1","1","2"
"七万一千里","1","1","2"
"二千九百三","1","1","2"
"九百三十二","1","1","2"
"百三十二里","1","1","2"
"三十二里七","1","1","2"
"十二里七十","1","1","2"
"二里七十一","1","1","2"
"里七十一步","1","1","2"
"七十一步二","1","1","2"
"十一步二尺","1","1","2"
"一步二尺七","1","1","2"
"步二尺七寸","1","1","2"
"二尺七寸四","1","1","2"
"尺七寸四分","1","1","2"
"分四百八十","2","0","2"
"四百八十七","1","1","2"
"百八十七分","1","1","2"
"八十七分分","1","1","2"
"百二十四步","1","1","2"
"二十四步六","1","1","2"
"十四步六寸","1","1","2"
"四步六寸四","1","1","2"
"步六寸四分","1","1","2"
"六寸四分十","1","1","2"
"寸四分十万","1","1","2"
"四分十万七","1","1","2"
"分十万七千","1","1","2"
"十万七千五","1","1","2"
"七千五百六","1","1","2"
"二十五里二","1","1","2"
"十五里二百","1","1","2"
"五里二百五","1","1","2"
"里二百五十","1","1","2"
"百五十六步","1","1","2"
"三尺三寸二","1","1","2"
"尺三寸二十","1","1","2"
"三寸二十一","1","1","2"
"寸二十一万","1","1","2"
"一万五千一","1","1","2"
"五千一百三","1","1","2"
"千一百三十","1","1","2"
"一百三十分","1","1","2"
"百三十分分","1","1","2"
"七尺三寸半","1","1","2"
"尺三寸半分","1","1","2"
"一丈四尺六","1","1","2"
"丈四尺六寸","1","1","2"
"黄初三年九","1","1","2"
"年九月甲辰","1","1","2"
"客星见太微","2","0","2"
"太微左掖门","1","1","2"
"微左掖门内","1","1","2"
"十二月丙子","1","1","2"
"军司马懿救","1","1","2"
"斩吴将张霸","1","1","2"
"黄初四年十","1","1","2"
"初四年十一","1","1","2"
"十二月甲辰","1","1","2"
"龙三年十二","1","1","2"
"年二月乙酉","1","1","2"
"景初二年二","1","1","2"
"车骑将军黄","1","1","2"
"骑将军黄权","1","1","2"
"年十月庚寅","1","1","2"
"北头第四星","1","1","2"
"正始二年九","1","1","2"
"二年九月癸","1","1","2"
"年九月癸酉","1","1","2"
"九年正月辛","1","1","2"
"年正月辛亥","1","1","2"
"正始九年七","1","1","2"
"始九年七月","1","1","2"
"九年七月癸","1","1","2"
"齐王嘉平二","1","1","2"
"王嘉平二年","1","1","2"
"嘉平二年十","1","1","2"
"平二年十月","1","1","2"
"皇后甄氏崩","1","1","2"
"嘉平三年五","1","1","2"
"平三年五月","1","1","2"
"嘉平三年七","1","1","2"
"平三年七月","1","1","2"
"嘉平五年十","1","1","2"
"平五年十一","1","1","2"
"甘露元年八","1","1","2"
"露元年八月","1","1","2"
"甘露二年六","1","1","2"
"露二年六月","1","1","2"
"年六月己酉","1","1","2"
"月犯心中央","2","0","2"
"犯心中央大","2","0","2"
"心中央大星","2","0","2"
"杀尚书王经","1","1","2"
"永兴元年五","1","1","2"
"兴元年五月","1","1","2"
"汲桑乱河北","1","1","2"
"后破军杀将","1","1","2"
"杀湘州刺史","1","1","2"
"湘州刺史谯","1","1","2"
"州刺史谯王","1","1","2"
"镇南将军甘","1","1","2"
"南将军甘卓","1","1","2"
"咸六年正月","2","0","2"
"咸康元年三","1","1","2"
"年三月丙戌","1","1","2"
"年正月辛卯","1","1","2"
"月犯牵牛中","2","0","2"
"犯牵牛中央","2","0","2"
"咸康七年三","1","1","2"
"七年三月壬","1","1","2"
"州刺史庾冰","1","1","2"
"二年二月壬","1","1","2"
"入南斗犯第","2","0","2"
"南斗犯第二","2","0","2"
"斗犯第二星","2","0","2"
"六年二月辛","1","1","2"
"永十年正月","2","0","2"
"桓温伐苻健","2","0","2"
"年二月辛卯","1","1","2"
"州刺史谢奕","1","1","2"
"升平五年六","1","1","2"
"五年六月癸","1","1","2"
"年六月癸酉","1","1","2"
"益州刺史周","1","1","2"
"州刺史周抚","1","1","2"
"四年十月壬","1","1","2"
"宁康二年闰","1","1","2"
"康二年闰月","1","1","2"
"二年闰月己","1","1","2"
"年闰月己未","1","1","2"
"北中郎将王","1","1","2"
"中郎将王坦","1","1","2"
"尚书令王彪","1","1","2"
"十三年闰月","1","1","2"
"三年闰月戊","1","1","2"
"年闰月戊辰","1","1","2"
"天狗东北下","1","1","2"
"月奄心前星","2","0","2"
"月犯东上相","1","1","2"
"阁道紫宫西","1","1","2"
"道紫宫西蕃","1","1","2"
"妖贼大破高","1","1","2"
"贼大破高雅","1","1","2"
"刺史王谧薨","2","0","2"
"义熙二年二","1","1","2"
"月犯太微西","1","1","2"
"鲜卑寇北徐","2","0","2"
"义熙六年三","1","1","2"
"熙六年三月","1","1","2"
"月犯心前星","2","0","2"
"诛诸葛长民","2","0","2"
"硃龄石灭蜀","2","0","2"
"一年三月丁","1","1","2"
"二十七日丙","1","1","2"
"十七日丙戌","1","1","2"
"左仆射前将","1","1","2"
"仆射前将军","1","1","2"
"射前将军刘","1","1","2"
"将军刘穆卒","2","0","2"
"永初三年正","1","1","2"
"三年正月丁","1","1","2"
"永初三年三","1","1","2"
"年三月壬戌","1","1","2"
"月犯房钩钤","2","0","2"
"嘉十二年五","1","1","2"
"岁星犯积尸","2","0","2"
"二十四年正","1","1","2"
"衣服金钗杂","1","1","2"
"服金钗杂物","1","1","2"
"金钗杂物赐","1","1","2"
"赐北征将士","2","0","2"
"元徽四年三","1","1","2"
"徽四年三月","1","1","2"
"四年三月乙","1","1","2"
"年三月乙巳","1","1","2"
"犯房北头第","2","0","2"
"国师公刘子","1","1","2"
"师公刘子骏","1","1","2"
"公刘子骏名","1","1","2"
"孝经钩命决","1","1","2"
"两金相刻发","1","1","2"
"金相刻发神","1","1","2"
"相刻发神锋","1","1","2"
"空穴主奇入","2","0","2"
"穴主奇入中","2","0","2"
"女子独立双","2","0","2"
"上五尽寄致","1","1","2"
"五尽寄致太","1","1","2"
"尽寄致太平","1","1","2"
"草付合成集","1","1","2"
"付合成集群","1","1","2"
"合成集群英","1","1","2"
"汉武帝太始","1","1","2"
"太始二年三","1","1","2"
"武帝元狩二","1","1","2"
"帝元狩二年","1","1","2"
"元狩二年三","1","1","2"
"狩二年三月","1","1","2"
"五凤二年正","1","1","2"
"凤二年正月","1","1","2"
"汉成帝元延","1","1","2"
"成帝元延四","1","1","2"
"帝元延四年","1","1","2"
"元延四年三","1","1","2"
"延四年三月","1","1","2"
"桓帝延熹三","1","1","2"
"帝延熹三年","1","1","2"
"延熹三年四","1","1","2"
"熹三年四月","1","1","2"
"咸熙二年四","1","1","2"
"孙权嘉禾五","1","1","2"
"权嘉禾五年","1","1","2"
"嘉禾五年三","1","1","2"
"禾五年三月","1","1","2"
"武昌言甘露","2","0","2"
"昌言甘露降","2","0","2"
"十年四月乙","1","1","2"
"太康五年三","1","1","2"
"五年三月乙","1","1","2"
"太康七年四","1","1","2"
"咸康元年四","1","1","2"
"甘露降西堂","2","0","2"
"东西十四步","1","1","2"
"南北十五步","1","1","2"
"元十五年闰","1","1","2"
"十五年闰月","1","1","2"
"元十七年二","1","1","2"
"露降南海番","2","0","2"
"降南海番禺","2","0","2"
"南海番禺县","1","1","2"
"甘露降丹徒","2","0","2"
"三年四月己","1","1","2"
"永初元年九","1","1","2"
"年九月庚辰","1","1","2"
"降吴兴武康","2","0","2"
"吴兴武康董","1","1","2"
"兴武康董道","1","1","2"
"武康董道益","1","1","2"
"康董道益家","1","1","2"
"董道益家园","1","1","2"
"丹阳秣陵岩","1","1","2"
"阳秣陵岩山","1","1","2"
"孝建元年三","1","1","2"
"建元年三月","1","1","2"
"年三月丙辰","1","1","2"
"丹阳秣陵中","1","1","2"
"阳秣陵中里","1","1","2"
"秣陵中里路","1","1","2"
"明二年十二","1","1","2"
"建康禁中里","2","0","2"
"太康八年闰","1","1","2"
"康八年闰三","1","1","2"
"八年闰三月","1","1","2"
"建兴元年八","1","1","2"
"年八月癸亥","1","1","2"
"嘉禾生襄平","2","0","2"
"禾生襄平县","2","0","2"
"太康十年六","1","1","2"
"康十年六月","1","1","2"
"元嘉十年七","1","1","2"
"嘉十年七月","1","1","2"
"十年七月己","1","1","2"
"渊池芙蓉异","1","1","2"
"池芙蓉异花","1","1","2"
"芙蓉异花同","1","1","2"
"镇西将军庾","1","1","2"
"将军庾亮献","1","1","2"
"武陵临沅献","1","1","2"
"陵临沅献安","1","1","2"
"临沅献安石","1","1","2"
"沅献安石榴","1","1","2"
"升平三年十","1","1","2"
"平三年十二","1","1","2"
"郎将郗昙献","1","1","2"
"年五月辛丑","1","1","2"
"吴兴乌程余","1","1","2"
"兴乌程余山","1","1","2"
"太守萧惠开","1","1","2"
"守萧惠开献","1","1","2"
"黄武四年六","1","1","2"
"武四年六月","1","1","2"
"木连理生陈","2","0","2"
"连理生陈留","2","0","2"
"晋穆帝永五","2","0","2"
"穆帝永五年","2","0","2"
"五年二月癸","1","1","2"
"临海太守蓝","1","1","2"
"海太守蓝田","1","1","2"
"太守蓝田侯","1","1","2"
"守蓝田侯述","1","1","2"
"华林园双橘","1","1","2"
"林园双橘树","1","1","2"
"园双橘树连","1","1","2"
"双橘树连理","1","1","2"
"年九月乙丑","1","1","2"
"华林园梨树","1","1","2"
"林园梨树连","1","1","2"
"园梨树连理","1","1","2"
"武建武十三","1","1","2"
"武十三年九","1","1","2"
"泰始四年二","1","1","2"
"始四年二月","1","1","2"
"四年二月丙","1","1","2"
"年二月丙申","1","1","2"
"高一尺七寸","1","1","2"
"围二尺八寸","1","1","2"
"太守张辩献","1","1","2"
"宣帝元康三","1","1","2"
"昭帝始元元","1","1","2"
"帝始元元年","1","1","2"
"始元元年二","1","1","2"
"建章宫太液","1","1","2"
"章宫太液池","1","1","2"
"宫太液池中","1","1","2"
"五年正月丙","1","1","2"
"交州刺史垣","1","1","2"
"州刺史垣闳","1","1","2"
"刺史垣闳献","1","1","2"
"太康十年二","1","1","2"
"康十年二月","1","1","2"
"咸五年五月","2","0","2"
"咸八年七月","2","0","2"
"咸康元年六","1","1","2"
"康帝建元年","1","1","2"
"帝建元年五","1","1","2"
"宁康元年二","1","1","2"
"宁康三年冬","1","1","2"
"隆安四年五","1","1","2"
"元嘉二年夏","1","1","2"
"元徽元年八","1","1","2"
"徽元年八月","1","1","2"
"遥望鲁国何","1","1","2"
"望鲁国何嵯","1","1","2"
"鲁国何嵯峨","1","1","2"
"千岁髑髅生","1","1","2"
"岁髑髅生齿","1","1","2"
"髑髅生齿牙","1","1","2"
"犁牛耕御路","1","1","2"
"白门种小麦","1","1","2"
"天公诛谪汝","1","1","2"
"官家养芦化","1","1","2"
"家养芦化成","1","1","2"
"养芦化成荻","1","1","2"
"芦生止成积","2","0","2"
"义熙三年三","1","1","2"
"熙三年三月","1","1","2"
"魏明帝太五","2","0","2"
"明帝太五年","2","0","2"
"太五年五月","2","0","2"
"青龙元年六","1","1","2"
"龙元年六月","1","1","2"
"洛阳宫鞠室","1","1","2"
"太平元年二","1","1","2"
"元年二月朔","1","1","2"
"永安五年二","1","1","2"
"安五年二月","1","1","2"
"白虎门北楼","1","1","2"
"孙皓建衡二","1","1","2"
"皓建衡二年","1","1","2"
"建衡二年三","1","1","2"
"衡二年三月","1","1","2"
"元康五年闰","1","1","2"
"康五年闰月","1","1","2"
"五年闰月庚","1","1","2"
"元康八年十","1","1","2"
"康八年十一","1","1","2"
"太元十年正","1","1","2"
"元十年正月","1","1","2"
"义熙四年七","1","1","2"
"熙四年七月","1","1","2"
"年七月丁酉","1","1","2"
"尚书殿中吏","1","1","2"
"书殿中吏部","1","1","2"
"元徽三年正","1","1","2"
"徽三年正月","1","1","2"
"年正月己巳","1","1","2"
"晋穆帝永九","2","0","2"
"穆帝永九年","2","0","2"
"升明元年十","1","1","2"
"龙骧将军硃","2","0","2"
"元康六年五","1","1","2"
"康六年五月","1","1","2"
"元康八年五","1","1","2"
"金墉城井水","1","1","2"
"太安元年七","1","1","2"
"安元年七月","1","1","2"
"太宁元年五","1","1","2"
"文帝咸安元","1","1","2"
"帝咸安元年","1","1","2"
"武帝太元三","1","1","2"
"帝太元三年","1","1","2"
"太元三年六","1","1","2"
"元三年六月","1","1","2"
"元徽元年六","1","1","2"
"徽元年六月","1","1","2"
"泰始六年冬","1","1","2"
"始七年十二","1","1","2"
"太康三年十","1","1","2"
"康三年十二","1","1","2"
"太康六年二","1","1","2"
"乐安梁邹等","1","1","2"
"安梁邹等八","1","1","2"
"梁邹等八县","1","1","2"
"琅邪临沂等","1","1","2"
"邪临沂等八","1","1","2"
"临沂等八县","1","1","2"
"河间易城等","1","1","2"
"间易城等六","1","1","2"
"易城等六县","1","1","2"
"高阳北新城","1","1","2"
"阳北新城等","1","1","2"
"北新城等四","1","1","2"
"新城等四县","1","1","2"
"元康二年八","1","1","2"
"永嘉七年十","1","1","2"
"昌二年十二","1","1","2"
"太宁元年十","1","1","2"
"建元元年八","1","1","2"
"升平二年正","1","1","2"
"元二十年五","1","1","2"
"十年五月癸","1","1","2"
"义熙元年四","1","1","2"
"义熙六年正","1","1","2"
"熙六年正月","1","1","2"
"升平元年十","1","1","2"
"平元年十一","1","1","2"
"熙九年十一","1","1","2"
"七年十月丙","1","1","2"
"年十月丙子","1","1","2"
"元嘉八年十","1","1","2"
"嘉八年十二","1","1","2"
"景元年九月","2","0","2"
"元年九月甲","1","1","2"
"二年九月辛","1","1","2"
"年九月辛巳","1","1","2"
"四年十月辛","1","1","2"
"始六年十一","1","1","2"
"年九月戊戌","1","1","2"
"年九月戊午","1","1","2"
"临淮四郡蝗","1","1","2"
"淮四郡蝗虫","1","1","2"
"庐江诸郡蝗","1","1","2"
"钱塘临平湖","1","1","2"
"升平元年八","1","1","2"
"平元年八月","1","1","2"
"策立皇后何","1","1","2"
"立皇后何氏","1","1","2"
"年七月甲子","1","1","2"
"广州刺史费","1","1","2"
"元年六月戊","1","1","2"
"年六月戊申","1","1","2"
"公孙渊立燕","2","0","2"
"孙渊立燕王","2","0","2"
"正始三年七","1","1","2"
"始三年七月","1","1","2"
"正始六年二","1","1","2"
"始六年二月","1","1","2"
"年四月辛酉","1","1","2"
"咸宁二年八","1","1","2"
"宁二年八月","1","1","2"
"二年八月庚","1","1","2"
"年八月庚辰","1","1","2"
"太康六年七","1","1","2"
"六年七月己","1","1","2"
"太康八年五","1","1","2"
"八年五月壬","1","1","2"
"元康六年正","1","1","2"
"元康八年正","1","1","2"
"八年正月丙","1","1","2"
"安二年十二","1","1","2"
"咸九年三月","2","0","2"
"九年三月丁","1","1","2"
"年三月丁酉","1","1","2"
"年六月癸亥","1","1","2"
"四年十月己","1","1","2"
"五年正月庚","1","1","2"
"二年闰月壬","1","1","2"
"年闰月壬午","1","1","2"
"元十一年六","1","1","2"
"一年六月己","1","1","2"
"七年六月癸","1","1","2"
"嘉十二年四","1","1","2"
"始三年三月","1","1","2"
"太康五年丙","1","1","2"
"康五年丙午","1","1","2"
"宣帝庙地陷","2","0","2"
"南安新兴县","1","1","2"
"安新兴县山","1","1","2"
"新兴县山崩","1","1","2"
"太康八年七","1","1","2"
"永嘉元年三","1","1","2"
"嘉元年三月","1","1","2"
"步广里地陷","2","0","2"
"酃黑石山崩","1","1","2"
"柴桑庐山西","1","1","2"
"桑庐山西北","1","1","2"
"咸康元年七","1","1","2"
"十四万三千","1","1","2"
"四万三千二","1","1","2"
"万三千二百","1","1","2"
"三千二百九","1","1","2"
"口一百四十","1","1","2"
"四十五万五","1","1","2"
"十五万五千","1","1","2"
"五万五千六","1","1","2"
"五千六百八","1","1","2"
"六百八十五","1","1","2"
"地本名金陵","1","1","2"
"孙权黄龙四","1","1","2"
"权黄龙四年","1","1","2"
"西南名桐溪","1","1","2"
"永初二年郡","1","1","2"
"初二年郡国","1","1","2"
"二年郡国志","1","1","2"
"吴时分吴郡","1","1","2"
"毗陵典农校","1","1","2"
"陵典农校尉","1","1","2"
"吴时名沙中","1","1","2"
"章帝建初五","1","1","2"
"帝建初五年","1","1","2"
"前汉属山阳","2","0","2"
"户二万三千","1","1","2"
"二万三千四","1","1","2"
"四百八十五","1","1","2"
"口十七万五","1","1","2"
"七万五千九","1","1","2"
"五千九百六","1","1","2"
"口一万六千","1","1","2"
"孝建元年升","1","1","2"
"建元年升立","1","1","2"
"太康六年复","1","1","2"
"大明元年立","1","1","2"
"高祖镇京口","2","0","2"
"毅西镇江陵","1","1","2"
"补衡阳王义","2","0","2"
"王义季征北","2","0","2"
"义季征北长","1","1","2"
"季征北长流","1","1","2"
"征北长流参","1","1","2"
"北长流参军","1","1","2"
"迁宣威将军","2","0","2"
"追赠冠军将","2","0","2"
"赠冠军将军","2","0","2"
"谯王司马恬","1","1","2"
"王司马恬镇","1","1","2"
"司马恬镇北","1","1","2"
"马恬镇北参","1","1","2"
"恬镇北参军","1","1","2"
"尚书度支殿","1","1","2"
"书度支殿中","1","1","2"
"度支殿中郎","1","1","2"
"道怜骠骑中","1","1","2"
"怜骠骑中兵","1","1","2"
"道怜太尉司","1","1","2"
"怜太尉司马","1","1","2"
"晋征南将军","1","1","2"
"庶同夏侯色","1","1","2"
"韬精日沉饮","1","1","2"
"世祖征虏长","1","1","2"
"祖征虏长史","1","1","2"
"康大将军长","1","1","2"
"大将军长史","1","1","2"
"庐陵内史王","1","1","2"
"陵内史王僧","1","1","2"
"内史王僧胤","1","1","2"
"桂阳太守刘","1","1","2"
"阳太守刘卷","1","1","2"
"浚后军行参","1","1","2"
"陵王绍南中","2","0","2"
"王绍南中郎","2","0","2"
"夏王义恭骠","2","0","2"
"王义恭骠骑","2","0","2"
"义恭骠骑记","1","1","2"
"恭骠骑记室","1","1","2"
"骠骑记室参","1","1","2"
"骑记室参军","1","1","2"
"昶督徐州豫","1","1","2"
"督徐州豫州","1","1","2"
"转司徒左长","2","0","2"
"边将婴寇仇","1","1","2"
"离机难复收","1","1","2"
"华裔混殊风","1","1","2"
"率土浃王猷","1","1","2"
"惆怅惧迁逝","1","1","2"
"北顾涕交流","1","1","2"
"南大将军勃","1","1","2"
"大将军勃海","1","1","2"
"将军勃海王","1","1","2"
"军勃海王直","1","1","2"
"勃海王直勤","1","1","2"
"侍中尚书令","1","1","2"
"尚书令安东","1","1","2"
"书令安东大","1","1","2"
"令安东大将","1","1","2"
"东大将军始","1","1","2"
"大将军始平","1","1","2"
"将军始平王","1","1","2"
"军始平王直","1","1","2"
"始平王直勤","1","1","2"
"殿中尚书令","1","1","2"
"尚书令安西","1","1","2"
"书令安西将","1","1","2"
"安西将军西","1","1","2"
"西将军西阳","1","1","2"
"将军西阳王","1","1","2"
"军西阳王直","1","1","2"
"西阳王直勤","1","1","2"
"慕延使持节","1","1","2"
"阳公义真留","1","1","2"
"彭城县绥舆","1","1","2"
"城县绥舆里","1","1","2"
"县绥舆里人","1","1","2"
"交生红懿侯","1","1","2"
"富生宗正辟","1","1","2"
"生宗正辟强","1","1","2"
"辟强生阳城","1","1","2"
"强生阳城缪","1","1","2"
"生阳城缪侯","1","1","2"
"德生阳城节","1","1","2"
"生阳城节侯","1","1","2"
"阳城节侯安","1","1","2"
"城节侯安民","1","1","2"
"安民生阳城","1","1","2"
"庆忌生阳城","1","1","2"
"忌生阳城肃","1","1","2"
"生阳城肃侯","1","1","2"
"弘生琅邪都","1","1","2"
"生琅邪都尉","1","1","2"
"魏定襄太守","1","1","2"
"晋北平太守","1","1","2"
"膺生相国掾","1","1","2"
"熙生开封令","1","1","2"
"生开封令旭","1","1","2"
"开封令旭孙","1","1","2"
"三月壬寅夜","1","1","2"
"晋朝卫将军","1","1","2"
"海盐令鲍陋","1","1","2"
"吴国内史袁","1","1","2"
"国内史袁山","1","1","2"
"战士十余万","2","0","2"
"赴水死者甚","2","0","2"
"水死者甚众","2","0","2"
"将军司马元","1","1","2"
"军司马元显","1","1","2"
"伐荆州刺史","1","1","2"
"遣镇北将军","1","1","2"
"镇北将军刘","1","1","2"
"北将军刘牢","1","1","2"
"玄复遣高祖","2","0","2"
"遣高祖东征","1","1","2"
"大帅张士道","1","1","2"
"豫州刺史刁","1","1","2"
"州刺史刁逵","1","1","2"
"左军府参军","1","1","2"
"二月己丑朔","2","0","2"
"范清等二十","1","1","2"
"清等二十七","1","1","2"
"高祖哭甚恸","2","0","2"
"壮士五六十","1","1","2"
"士五六十人","1","1","2"
"司马刁弘率","1","1","2"
"屯大众覆舟","2","0","2"
"大众覆舟山","2","0","2"
"众覆舟山待","2","0","2"
"遣顿丘太守","1","1","2"
"顿丘太守吴","1","1","2"
"丘太守吴甫","1","1","2"
"右卫将军皇","1","1","2"
"卫将军皇甫","1","1","2"
"将军皇甫敷","1","1","2"
"国将军刘毅","1","1","2"
"广武将军何","1","1","2"
"镇北主簿孟","1","1","2"
"北主簿孟昶","1","1","2"
"州主簿魏咏","1","1","2"
"远将军刘道","1","1","2"
"振威将军檀","1","1","2"
"镇北参军王","1","1","2"
"北参军王元","1","1","2"
"参军王元德","1","1","2"
"军王元德等","1","1","2"
"扬武将军诸","1","1","2"
"武将军诸葛","1","1","2"
"征虏参军庾","1","1","2"
"日斩伪徐州","1","1","2"
"斩伪徐州刺","1","1","2"
"宁远将军檀","1","1","2"
"遣武骑将军","1","1","2"
"武骑将军庾","1","1","2"
"军将军殷仲","1","1","2"
"将军殷仲文","1","1","2"
"尚书王嘏率","1","1","2"
"都督扬徐兗","2","0","2"
"督扬徐兗豫","2","0","2"
"扬徐兗豫青","2","0","2"
"徐兗豫青冀","2","0","2"
"兗豫青冀幽","2","0","2"
"桓玄雄豪见","2","0","2"
"玄雄豪见推","2","0","2"
"一朝便极位","2","0","2"
"晋氏四方牧","2","0","2"
"氏四方牧守","2","0","2"
"四方牧守朝","2","0","2"
"方牧守朝大","2","0","2"
"牧守朝大臣","2","0","2"
"臣主分定矣","2","0","2"
"愉子荆州刺","2","0","2"
"荆州刺史绥","2","0","2"
"史中丞王祯","1","1","2"
"聚众向历阳","1","1","2"
"辅国将军诸","1","1","2"
"国将军诸葛","1","1","2"
"州刺史刘反","2","0","2"
"甲仗百人入","2","0","2"
"仗百人入殿","2","0","2"
"江九州诸军","1","1","2"
"九州诸军事","1","1","2"
"二州刺史故","2","0","2"
"改授都督荆","2","0","2"
"十六州诸军","1","1","2"
"六州诸军事","1","1","2"
"加兗州刺史","2","0","2"
"获刺史吴隐","1","1","2"
"同党徐道覆","1","1","2"
"辅国将军长","1","1","2"
"事中王元德","1","1","2"
"中王元德等","1","1","2"
"王元德等十","1","1","2"
"元德等十人","1","1","2"
"八百四十八","1","1","2"
"百四十八人","1","1","2"
"赐绢三万匹","1","1","2"
"太常葛籍授","1","1","2"
"伪燕王鲜卑","1","1","2"
"济南太守赵","1","1","2"
"南太守赵元","1","1","2"
"大将公孙五","1","1","2"
"将公孙五楼","1","1","2"
"议参军刘敬","1","1","2"
"参军刘敬宣","1","1","2"
"参军刘怀玉","1","1","2"
"谘议参军檀","1","1","2"
"议参军檀韶","1","1","2"
"建威将军向","1","1","2"
"威将军向弥","1","1","2"
"大将段晖等","1","1","2"
"将段晖等十","1","1","2"
"泰山太守申","1","1","2"
"山太守申宣","1","1","2"
"录事参军刘","1","1","2"
"事参军刘穆","1","1","2"
"征虏贼曹乔","1","1","2"
"虏贼曹乔胥","1","1","2"
"镇南将军何","1","1","2"
"建武将军王","1","1","2"
"武将军王仲","1","1","2"
"广武将军刘","1","1","2"
"使宁朔将军","2","0","2"
"宁朔将军索","1","1","2"
"朔将军索邈","1","1","2"
"国将军王仲","1","1","2"
"河间太守蒯","1","1","2"
"间太守蒯恩","1","1","2"
"太守蒯恩追","1","1","2"
"谯道福率军","1","1","2"
"遣淮陵内史","1","1","2"
"淮陵内史索","1","1","2"
"陵内史索邈","1","1","2"
"州刺史庾悦","1","1","2"
"范崇民五千","1","1","2"
"崇民五千人","1","1","2"
"孙季高乘海","2","0","2"
"轻舟奔始兴","2","0","2"
"右军参军庾","1","1","2"
"军孟怀玉守","1","1","2"
"道覆保始兴","2","0","2"
"会稽余姚虞","1","1","2"
"稽余姚虞亮","1","1","2"
"会稽内史司","1","1","2"
"稽内史司马","1","1","2"
"内史司马休","1","1","2"
"杜慧度斩卢","2","0","2"
"慧度斩卢循","2","0","2"
"丹阳尹郗僧","1","1","2"
"阳尹郗僧施","1","1","2"
"弟兗州刺史","2","0","2"
"前镇军将军","1","1","2"
"镇军将军司","1","1","2"
"将军司马休","1","1","2"
"豫州刺史诸","1","1","2"
"州刺史诸葛","1","1","2"
"刺史诸葛长","1","1","2"
"史诸葛长民","1","1","2"
"参军王镇恶","1","1","2"
"龙骧将军蒯","1","1","2"
"骧将军蒯恩","1","1","2"
"兄子谯王文","2","0","2"
"前扬州刺史","1","1","2"
"故卫将军刘","1","1","2"
"卫将军刘毅","1","1","2"
"前将军诸葛","1","1","2"
"南蛮校尉郗","1","1","2"
"蛮校尉郗僧","1","1","2"
"校尉郗僧施","1","1","2"
"司马张茂度","1","1","2"
"南平太守檀","1","1","2"
"录事参军韩","1","1","2"
"事参军韩延","1","1","2"
"江夏太守刘","1","1","2"
"夏太守刘虔","1","1","2"
"加平北将军","2","0","2"
"黄门侍郎尹","1","1","2"
"率兄弟归顺","1","1","2"
"右仆射刘穆","1","1","2"
"修复晋五陵","2","0","2"
"加相国绿綟","2","0","2"
"罕虏乞佛炽","1","1","2"
"彭城公义隆","2","0","2"
"军王镇恶伐","1","1","2"
"王镇恶伐木","1","1","2"
"大破姚泓蓝","2","0","2"
"破姚泓蓝田","2","0","2"
"左司马徐羡","1","1","2"
"阳公义真安","2","0","2"
"公义真安西","2","0","2"
"国将军刘遵","1","1","2"
"鳏寡孤独能","2","0","2"
"寡孤独能存","2","0","2"
"孤独能存者","2","0","2"
"人赐粟五斛","1","1","2"
"参军沈田子","1","1","2"
"军沈田子杀","1","1","2"
"安西长史王","1","1","2"
"西长史王修","1","1","2"
"安西将军桂","1","1","2"
"西将军桂阳","1","1","2"
"将军桂阳公","1","1","2"
"中军司马檀","1","1","2"
"军司马檀道","1","1","2"
"司马檀道济","1","1","2"
"尚书刘怀慎","1","1","2"
"王冕十二旒","2","0","2"
"设钟虡宫县","2","0","2"
"王孙爵命号","2","0","2"
"光禄大夫澹","1","1","2"
"太史令骆达","1","1","2"
"史令骆达陈","1","1","2"
"天文符瑞数","1","1","2"
"文符瑞数十","1","1","2"
"符瑞数十条","1","1","2"
"永初元年夏","1","1","2"
"初元年夏六","1","1","2"
"元年夏六月","1","1","2"
"年夏六月丁","1","1","2"
"夏六月丁卯","1","1","2"
"靡上哲格文","2","0","2"
"上哲格文祖","2","0","2"
"元勋陟帝位","2","0","2"
"故能大拯黔","2","0","2"
"加殊俗慕义","2","0","2"
"逋租宿债勿","2","0","2"
"租宿债勿复","2","0","2"
"宿债勿复收","2","0","2"
"犯乡论清议","2","0","2"
"乘五时副车","1","1","2"
"郊祀天地礼","1","1","2"
"大司马陶侃","1","1","2"
"车骑将军谢","1","1","2"
"骑将军谢玄","1","1","2"
"秋七月丁亥","1","1","2"
"留王曹虔嗣","1","1","2"
"置五校三将","1","1","2"
"五校三将官","1","1","2"
"仪同三司杨","1","1","2"
"同三司杨盛","1","1","2"
"平西将军乞","1","1","2"
"西将军乞佛","1","1","2"
"进号安西大","2","0","2"
"号安西大将","2","0","2"
"将军高句骊","1","1","2"
"军高句骊王","1","1","2"
"王高琏进号","2","0","2"
"镇东将军百","1","1","2"
"东将军百济","1","1","2"
"将军百济王","1","1","2"
"军百济王扶","1","1","2"
"百济王扶余","1","1","2"
"荆州刺史宜","1","1","2"
"州刺史宜都","1","1","2"
"刺史宜都王","1","1","2"
"东宫殿中将","1","1","2"
"宫殿中将军","1","1","2"
"殿中将军十","1","1","2"
"中将军十人","1","1","2"
"十二月辛巳","1","1","2"
"车驾临延贤","2","0","2"
"车驾祠南郊","2","0","2"
"镇军将军徐","1","1","2"
"南康揭阳蛮","1","1","2"
"康揭阳蛮反","1","1","2"
"延贤堂策试","1","1","2"
"豫州秀才殷","1","1","2"
"州秀才殷朗","1","1","2"
"冬十月丁酉","1","1","2"
"散骑常侍应","1","1","2"
"骑常侍应袭","1","1","2"
"征虏将军刘","1","1","2"
"虏将军刘粹","1","1","2"
"左卫将军张","1","1","2"
"侍中谢方明","1","1","2"
"太尉留府司","1","1","2"
"尉留府司马","1","1","2"
"留府司马陆","1","1","2"
"府司马陆仲","1","1","2"
"马陆仲元讨","1","1","2"
"仇池公杨盛","2","0","2"
"仪同三司孔","1","1","2"
"同三司孔季","1","1","2"
"秋七月己酉","2","0","2"
"建康县蒋山","1","1","2"
"桓温雄才盖","1","1","2"
"温雄才盖世","1","1","2"
"晋义熙二年","1","1","2"
"永初三年五","1","1","2"
"初三年五月","1","1","2"
"正月己亥朔","2","0","2"
"文武进位二","2","0","2"
"武进位二等","2","0","2"
"遣安平公涉","1","1","2"
"河南郡失守","1","1","2"
"吐谷浑阿豺","2","0","2"
"会稽太守褚","1","1","2"
"稽太守褚淡","1","1","2"
"国遣使朝贡","2","0","2"
"颍川太守庾","1","1","2"
"川太守庾龙","1","1","2"
"魏主拓跋嗣","1","1","2"
"废南豫州刺","1","1","2"
"镇西将军宜","1","1","2"
"西将军宜都","1","1","2"
"将军宜都王","1","1","2"
"宜都王义隆","1","1","2"
"议参军刘粹","1","1","2"
"参军刘粹辅","1","1","2"
"冠军将军留","1","1","2"
"军将军留守","1","1","2"
"州豫州淮西","2","0","2"
"兗州陈留诸","2","0","2"
"州陈留诸军","2","0","2"
"长七尺五寸","2","0","2"
"行抚军将军","1","1","2"
"护军将军傅","1","1","2"
"军将军傅亮","1","1","2"
"晦进号卫将","2","0","2"
"兗州刺史檀","2","0","2"
"史檀道济进","2","0","2"
"进号征北将","2","0","2"
"追尊所生胡","2","0","2"
"尊所生胡婕","2","0","2"
"所生胡婕妤","2","0","2"
"城王义康进","2","0","2"
"豫州刺史义","1","1","2"
"州刺史义恭","1","1","2"
"进号抚军将","2","0","2"
"号抚军将军","2","0","2"
"春正月丙寅","2","0","2"
"史王仲德进","2","0","2"
"王仲德进号","2","0","2"
"右军长史江","1","1","2"
"前将军杨玄","1","1","2"
"讨荆州刺史","2","0","2"
"前护军将军","1","1","2"
"将军赵伦镇","2","0","2"
"豫章太守郑","1","1","2"
"章太守郑鲜","1","1","2"
"建安太守潘","1","1","2"
"特进范泰加","1","1","2"
"沮渠蒙逊改","1","1","2"
"遣大使巡行","2","0","2"
"伤民害教者","2","0","2"
"郡县优量赈","2","0","2"
"俾若朕亲览","2","0","2"
"若朕亲览焉","2","0","2"
"镇军将军赵","1","1","2"
"二州刺史吉","1","1","2"
"州刺史吉翰","1","1","2"
"骠骑参军刘","1","1","2"
"骑参军刘道","1","1","2"
"蛮校尉刘遵","1","1","2"
"校尉刘遵考","1","1","2"
"中书侍郎萧","1","1","2"
"书侍郎萧思","1","1","2"
"侍郎萧思话","1","1","2"
"前吴郡太守","1","1","2"
"春正月乙亥","2","0","2"
"登城三战大","2","0","2"
"城三战大将","2","0","2"
"书右仆射郑","1","1","2"
"右仆射郑鲜","1","1","2"
"富阳令诸葛","1","1","2"
"阳令诸葛阐","1","1","2"
"廷尉王徽交","2","0","2"
"尉王徽交州","2","0","2"
"王徽交州刺","2","0","2"
"徽交州刺史","2","0","2"
"中护军王华","1","1","2"
"驾临玄武馆","1","1","2"
"临玄武馆阅","1","1","2"
"蛮校尉萧摹","1","1","2"
"右军司马刘","1","1","2"
"军司马刘德","1","1","2"
"司马刘德武","1","1","2"
"安陆公相周","1","1","2"
"陆公相周籍","1","1","2"
"荆州刺史彭","1","1","2"
"左卫将军殷","1","1","2"
"卫将军殷景","1","1","2"
"尚书令王敬","1","1","2"
"书令王敬弘","1","1","2"
"抚军司马刘","1","1","2"
"军司马刘道","1","1","2"
"司马刘道济","1","1","2"
"尚书左丞孔","1","1","2"
"书左丞孔默","1","1","2"
"默广州刺史","2","0","2"
"中军殷景仁","2","0","2"
"河西王遣使","2","0","2"
"西王遣使献","2","0","2"
"春正月癸巳","2","0","2"
"谷浑慕容璝","2","0","2"
"浑慕容璝征","2","0","2"
"慕容璝征西","2","0","2"
"征虏司马尹","1","1","2"
"虏司马尹冲","1","1","2"
"冠军将军氐","1","1","2"
"秋七月戊子","2","0","2"
"师子国遣使","2","0","2"
"子国遣使献","2","0","2"
"军檀道济北","1","1","2"
"兗州刺史竺","2","0","2"
"左军将军申","1","1","2"
"平北司马韦","1","1","2"
"书右仆射江","1","1","2"
"右仆射江夷","1","1","2"
"夏四月甲寅","2","0","2"
"司徒司马吉","1","1","2"
"徒司马吉翰","1","1","2"
"九年春三月","1","1","2"
"卫将军王弘","1","1","2"
"军将军殷穆","1","1","2"
"司徒参军崔","1","1","2"
"沙州刺史吐","1","1","2"
"史吐谷浑慕","1","1","2"
"秦州刺史氐","1","1","2"
"荆州刺史江","1","1","2"
"前将军临川","1","1","2"
"川王义庆平","2","0","2"
"王义庆平西","2","0","2"
"秋七月戊辰","2","0","2"
"尚书王仲德","1","1","2"
"少府甄法崇","1","1","2"
"十二月甲戌","2","0","2"
"右军参军李","1","1","2"
"军参军李秀","1","1","2"
"立第五皇子","1","1","2"
"第五皇子绍","1","1","2"
"沙王义欣进","2","0","2"
"前青州刺史","1","1","2"
"青州刺史韦","1","1","2"
"婆州诃罗单","1","1","2"
"州诃罗单国","1","1","2"
"秋七月戊戌","2","0","2"
"氐杨难寇汉","2","0","2"
"杨难寇汉川","2","0","2"
"梁州刺史甄","1","1","2"
"刺史甄法护","1","1","2"
"史甄法护弃","1","1","2"
"甄法护弃城","1","1","2"
"南秦二州剑","1","1","2"
"秦二州剑阁","1","1","2"
"大沮渠茂虔","1","1","2"
"封黄龙国主","1","1","2"
"黄龙国主冯","1","1","2"
"尚书仆射殷","1","1","2"
"书仆射殷景","1","1","2"
"宣城二郡米","1","1","2"
"城二郡米数","1","1","2"
"二郡米数百","1","1","2"
"郡米数百万","1","1","2"
"南国遣使献","2","0","2"
"北巴西三郡","1","1","2"
"号镇北大将","2","0","2"
"征北司马王","1","1","2"
"北司马王方","1","1","2"
"秋七月己未","2","0","2"
"零陵王太妃","1","1","2"
"中护军殷景","1","1","2"
"护军殷景仁","1","1","2"
"军殷景仁改","1","1","2"
"第二皇子浚","1","1","2"
"十四年春正","1","1","2"
"春正月辛卯","2","0","2"
"文武赐位一","2","0","2"
"武赐位一等","2","0","2"
"夏四月丁未","2","0","2"
"辅国将军周","1","1","2"
"国将军周籍","1","1","2"
"书金部郎中","1","1","2"
"金部郎中徐","1","1","2"
"部郎中徐森","1","1","2"
"十五年春二","1","1","2"
"平东将军吐","1","1","2"
"东将军吐谷","1","1","2"
"军吐谷浑慕","1","1","2"
"立皇太子妃","2","0","2"
"赐王公下差","2","0","2"
"郡太守徐循","1","1","2"
"左卫将军赵","1","1","2"
"卫将军赵伯","1","1","2"
"始兴内史陆","1","1","2"
"兴内史陆徽","1","1","2"
"长沙江夏郡","1","1","2"
"陇西吐谷浑","1","1","2"
"西吐谷浑慕","1","1","2"
"拾寅平西将","2","0","2"
"寅平西将军","2","0","2"
"立第四皇子","1","1","2"
"第四皇子铄","1","1","2"
"军将军刘湛","1","1","2"
"谘议参军杜","1","1","2"
"议参军杜骥","1","1","2"
"皇后袁氏崩","2","0","2"
"前丹阳尹刘","1","1","2"
"丹阳尹刘湛","1","1","2"
"文武赐爵一","2","0","2"
"武赐爵一级","2","0","2"
"仁扬州刺史","1","1","2"
"十一月丙戌","2","0","2"
"尚书刘义融","1","1","2"
"南徐二州百","1","1","2"
"徐二州百姓","1","1","2"
"豫州刺史始","1","1","2"
"始兴王浚扬","2","0","2"
"兴王浚扬州","2","0","2"
"王浚扬州刺","2","0","2"
"浚扬州刺史","2","0","2"
"湘州刺史武","1","1","2"
"武陵王讳南","2","0","2"
"王讳南豫州","2","0","2"
"章太守庾登","1","1","2"
"征北将军南","1","1","2"
"北将军南徐","1","1","2"
"将军南徐州","1","1","2"
"军南徐州刺","1","1","2"
"使巡行赈赡","2","0","2"
"将军刘义融","1","1","2"
"二州刺史赵","1","1","2"
"二郡太守臧","1","1","2"
"郡太守臧质","1","1","2"
"史刘真道讨","1","1","2"
"爨松子反叛","1","1","2"
"宁州刺史徐","1","1","2"
"州刺史徐循","1","1","2"
"刺史徐循讨","1","1","2"
"晋宁太守周","1","1","2"
"宁太守周万","1","1","2"
"太守周万岁","1","1","2"
"孔景等五户","1","1","2"
"种松柏六百","1","1","2"
"州刺史庾登","1","1","2"
"第六皇子诞","1","1","2"
"中护军庾登","1","1","2"
"蛮校尉萧思","1","1","2"
"校尉萧思话","1","1","2"
"萧思话雍州","2","0","2"
"思话雍州刺","2","0","2"
"话雍州刺史","2","0","2"
"前雍州刺史","1","1","2"
"梁南秦二州","1","1","2"
"二州刺史裴","1","1","2"
"州刺史裴方","1","1","2"
"刺史裴方明","1","1","2"
"始兴内史檀","1","1","2"
"遣使开仓赈","2","0","2"
"使开仓赈恤","2","0","2"
"扬州浙江西","2","0","2"
"子詹事刘义","1","1","2"
"詹事刘义宗","1","1","2"
"录尚书事江","1","1","2"
"尚书事江夏","1","1","2"
"书事江夏王","1","1","2"
"事江夏王义","1","1","2"
"义恭进位太","2","0","2"
"右卫将军沈","1","1","2"
"卫将军沈演","1","1","2"
"立第七皇子","1","1","2"
"第七皇子宏","1","1","2"
"参军刘道锡","1","1","2"
"始兴王浚加","1","1","2"
"加中军将军","2","0","2"
"谯王义宣车","2","0","2"
"王义宣车骑","2","0","2"
"义宣车骑将","2","0","2"
"宣车骑将军","2","0","2"
"沮渠安周征","2","0","2"
"左军将军徐","1","1","2"
"军将军徐琼","1","1","2"
"将军参军申","1","1","2"
"军参军申恬","1","1","2"
"二十二年春","1","1","2"
"王讳改雍州","2","0","2"
"讳改雍州刺","2","0","2"
"改雍州刺史","2","0","2"
"侍中王僧朗","1","1","2"
"朗湘州刺史","2","0","2"
"立第八皇子","1","1","2"
"第九皇子昶","1","1","2"
"中护军何尚","1","1","2"
"詹事范晔谋","2","0","2"
"事范晔谋反","2","0","2"
"前豫州刺史","1","1","2"
"二十三年春","1","1","2"
"长沙内史陆","1","1","2"
"沙内史陆徽","1","1","2"
"书左仆射孟","1","1","2"
"骑常侍杜坦","1","1","2"
"龙骧司马萧","1","1","2"
"骧司马萧景","1","1","2"
"司马萧景宪","1","1","2"
"萧景宪交州","2","0","2"
"景宪交州刺","2","0","2"
"宪交州刺史","2","0","2"
"刺史杜坦加","1","1","2"
"阳王义季薨","2","0","2"
"州刺史刘义","1","1","2"
"刺史刘义宾","1","1","2"
"杀太守桓隆","1","1","2"
"建平王宏中","2","0","2"
"立第十皇子","1","1","2"
"第十皇子浑","1","1","2"
"右卫将军萧","1","1","2"
"卫将军萧思","1","1","2"
"陵王司马元","1","1","2"
"王司马元瑜","1","1","2"
"抚军参军刘","1","1","2"
"军参军刘秀","1","1","2"
"立第十一皇","1","1","2"
"书右仆射何","1","1","2"
"右仆射何尚","1","1","2"
"仆射何尚尚","2","0","2"
"射何尚尚书","2","0","2"
"军将军沈演","1","1","2"
"刘遵考军将","2","0","2"
"遵考军将军","2","0","2"
"二十六年春","1","1","2"
"春正月辛巳","2","0","2"
"二千石官长","1","1","2"
"中护军建平","1","1","2"
"护军建平王","1","1","2"
"徐州刺史庐","1","1","2"
"十七年春正","1","1","2"
"春正月辛未","2","0","2"
"南平王铄进","2","0","2"
"平王铄进号","2","0","2"
"行汝南郡事","1","1","2"
"汝南郡事陈","1","1","2"
"淮南太守诸","1","1","2"
"南太守诸葛","1","1","2"
"太守诸葛阐","1","1","2"
"吏部尚书萧","1","1","2"
"部尚书萧思","1","1","2"
"尚书萧思话","1","1","2"
"雍州刺史随","1","1","2"
"州刺史随王","1","1","2"
"刺史随王诞","1","1","2"
"郡太守崔邪","1","1","2"
"太守崔邪利","1","1","2"
"将军刘康祖","1","1","2"
"冗仆射胡崇","2","0","2"
"建威将军毛","1","1","2"
"威将军毛熙","1","1","2"
"十八年春正","1","1","2"
"夏王义恭降","1","1","2"
"车驾幸瓜步","2","0","2"
"征北将军始","1","1","2"
"北将军始兴","1","1","2"
"将军始兴王","1","1","2"
"军始兴王浚","1","1","2"
"护军将军萧","1","1","2"
"骠骑将军江","1","1","2"
"骑将军江夏","1","1","2"
"后将军随王","1","1","2"
"北中郎将武","1","1","2"
"郡太守刘兴","1","1","2"
"太守刘兴祖","1","1","2"
"秋七月甲辰","2","0","2"
"安东将军倭","1","1","2"
"东将军倭王","1","1","2"
"将军倭王倭","1","1","2"
"军倭王倭济","1","1","2"
"徙彭城流民","1","1","2"
"二十九年春","1","1","2"
"十九年春正","1","1","2"
"九年春正月","1","1","2"
"立第十二皇","1","1","2"
"第十二皇子","1","1","2"
"十二皇子休","1","1","2"
"二皇子休仁","1","1","2"
"骠骑参军张","1","1","2"
"骑参军张永","1","1","2"
"军萧思话率","1","1","2"
"刘瑀益州刺","2","0","2"
"瑀益州刺史","2","0","2"
"汝阴王浑改","1","1","2"
"阴王浑改封","1","1","2"
"平西将军吐","1","1","2"
"西将军吐谷","1","1","2"
"刺史鲁爽攻","1","1","2"
"史鲁爽攻虎","1","1","2"
"鲁爽攻虎牢","1","1","2"
"三十年春正","1","1","2"
"南兗州南徐","2","0","2"
"江州刺史武","1","1","2"
"南平王铄抚","2","0","2"
"平王铄抚军","2","0","2"
"元嘉七年秋","1","1","2"
"嘉七年秋八","1","1","2"
"七年秋八月","1","1","2"
"都督湘州诸","1","1","2"
"豫豫司雍五","2","0","2"
"豫司雍五州","2","0","2"
"司雍五州诸","2","0","2"
"雍五州诸军","2","0","2"
"徙都督雍梁","2","0","2"
"北秦四州荆","1","1","2"
"秦四州荆州","1","1","2"
"襄阳竟陵南","1","1","2"
"阳竟陵南阳","1","1","2"
"竟陵南阳顺","1","1","2"
"陵南阳顺阳","1","1","2"
"南阳顺阳新","1","1","2"
"阳顺阳新野","1","1","2"
"顺阳新野随","1","1","2"
"阳新野随六","1","1","2"
"新野随六郡","1","1","2"
"徐兗青冀幽","2","0","2"
"青冀幽六州","1","1","2"
"冀幽六州豫","1","1","2"
"幽六州豫州","1","1","2"
"都督江州荆","1","1","2"
"督江州荆州","1","1","2"
"晋熙新蔡四","1","1","2"
"熙新蔡四郡","1","1","2"
"冠军将军柳","1","1","2"
"柳元景前锋","2","0","2"
"江夏王世子","2","0","2"
"夏王世子伯","2","0","2"
"王世子伯禽","2","0","2"
"征虏将军王","1","1","2"
"虏将军王僧","1","1","2"
"左卫将军柳","1","1","2"
"卫将军柳元","1","1","2"
"王义恭太傅","2","0","2"
"抚军将军南","1","1","2"
"军将军南平","1","1","2"
"建平王宏尚","2","0","2"
"平王宏尚书","2","0","2"
"东海王祎抚","2","0","2"
"海王祎抚军","2","0","2"
"王祎抚军将","2","0","2"
"祎抚军将军","2","0","2"
"新除尚书左","2","0","2"
"书左仆射萧","1","1","2"
"左仆射萧思","1","1","2"
"仆射萧思话","1","1","2"
"相南郡王义","2","0","2"
"侍中南谯王","1","1","2"
"进号镇西大","2","0","2"
"号镇西大将","2","0","2"
"改封南谯王","1","1","2"
"封南谯王义","1","1","2"
"子宜阳侯恺","1","1","2"
"军将军沈庆","1","1","2"
"护军将军柳","1","1","2"
"遣散骑常侍","2","0","2"
"乐询等十五","1","1","2"
"询等十五人","1","1","2"
"等十五人巡","1","1","2"
"右卫将军宗","1","1","2"
"卫将军宗悫","1","1","2"
"司空南平王","1","1","2"
"空南平王铄","1","1","2"
"平王宏加中","2","0","2"
"王宏加中书","2","0","2"
"宏加中书监","2","0","2"
"抚军司马费","1","1","2"
"军司马费沈","1","1","2"
"军将军王僧","1","1","2"
"前尚书刘义","1","1","2"
"党南海太守","1","1","2"
"南海太守萧","1","1","2"
"海太守萧简","1","1","2"
"辅国将军邓","1","1","2"
"国将军邓琬","1","1","2"
"将军邓琬讨","1","1","2"
"冬十月癸未","2","0","2"
"阅武堂听讼","2","0","2"
"置水衡令官","1","1","2"
"积弩将军官","1","1","2"
"建元年春正","1","1","2"
"丹阳尹萧思","1","1","2"
"阳尹萧思话","1","1","2"
"将军刘义綦","2","0","2"
"立皇子子业","1","1","2"
"父后者爵一","2","0","2"
"后者爵一级","2","0","2"
"抚军将军东","1","1","2"
"王玄谟豫州","2","0","2"
"玄谟豫州刺","2","0","2"
"谟豫州刺史","2","0","2"
"徐州刺史萧","1","1","2"
"军柳元景本","2","0","2"
"柳元景本号","2","0","2"
"本号雍州刺","2","0","2"
"号雍州刺史","2","0","2"
"子左卫率庞","1","1","2"
"左卫率庞秀","1","1","2"
"辅国长史明","1","1","2"
"国长史明胤","1","1","2"
"后将军刘义","1","1","2"
"太守刘延孙","1","1","2"
"军大将军柳","1","1","2"
"击将军垣护","1","1","2"
"强弩将军尹","1","1","2"
"弩将军尹怀","1","1","2"
"将军尹怀顺","1","1","2"
"秘书监东海","1","1","2"
"书监东海王","1","1","2"
"置都水使者","1","1","2"
"南徐州侨民","1","1","2"
"冠军将军湘","1","1","2"
"湘东王讳中","2","0","2"
"东王讳中护","2","0","2"
"王讳中护军","2","0","2"
"右仆射刘延","1","1","2"
"仆射刘延孙","1","1","2"
"行征西将军","1","1","2"
"征西将军杨","1","1","2"
"西将军杨文","1","1","2"
"将军杨文智","1","1","2"
"夏四月壬申","2","0","2"
"豫章太守檀","1","1","2"
"遵考尚书右","2","0","2"
"考尚书右仆","2","0","2"
"前军司马垣","1","1","2"
"军司马垣闳","1","1","2"
"右卫将军顾","1","1","2"
"卫将军顾觊","1","1","2"
"曲江县侯王","1","1","2"
"江县侯王玄","1","1","2"
"县侯王玄谟","1","1","2"
"镇西将军萧","1","1","2"
"西将军萧思","1","1","2"
"刘延孙镇军","2","0","2"
"延孙镇军将","2","0","2"
"孙镇军将军","2","0","2"
"利国遣使献","2","0","2"
"青州刺史申","1","1","2"
"右卫将军檀","1","1","2"
"夏王义恭扬","1","1","2"
"王义恭扬州","1","1","2"
"义恭扬州刺","1","1","2"
"恭扬州刺史","1","1","2"
"扬州刺史竟","1","1","2"
"湘东王讳迁","2","0","2"
"东王讳迁职","2","0","2"
"大司马垣护","1","1","2"
"交州刺史萧","1","1","2"
"州刺史萧景","1","1","2"
"刺史萧景宪","1","1","2"
"第二皇子子","1","1","2"
"除御史中丞","2","0","2"
"史中丞王翼","1","1","2"
"王翼广州刺","2","0","2"
"翼广州刺史","2","0","2"
"鄱阳王休业","1","1","2"
"秘书监建安","1","1","2"
"书监建安王","1","1","2"
"监建安王休","1","1","2"
"议参军费淹","1","1","2"
"丹阳尹刘遵","1","1","2"
"阳尹刘遵考","1","1","2"
"遵考尚书左","2","0","2"
"考尚书左仆","2","0","2"
"寻阳太守张","1","1","2"
"阳太守张悦","1","1","2"
"史东海王祎","2","0","2"
"淮南太守袁","1","1","2"
"南太守袁景","1","1","2"
"侍中孔灵符","1","1","2"
"大明元年春","1","1","2"
"明元年春正","1","1","2"
"春正月辛亥","2","0","2"
"右卫将军湘","1","1","2"
"湘州宋建郡","1","1","2"
"辅国将军梁","1","1","2"
"国将军梁瑾","1","1","2"
"将军梁瑾葱","1","1","2"
"兵校尉刘祗","1","1","2"
"歆继南丰王","1","1","2"
"继南丰王朗","1","1","2"
"长水校尉山","1","1","2"
"丹阳尹颜竣","1","1","2"
"颜竣东扬州","2","0","2"
"改南兗州刺","2","0","2"
"子詹事刘延","1","1","2"
"詹事刘延孙","1","1","2"
"百济王余庆","1","1","2"
"王休范改封","1","1","2"
"车驾祀南郊","2","0","2"
"骠骑将军柳","1","1","2"
"骑将军柳元","1","1","2"
"散骑常侍义","1","1","2"
"骑常侍义阳","1","1","2"
"常侍义阳王","1","1","2"
"侍义阳王昶","1","1","2"
"义阳王昶中","2","0","2"
"阳王昶中军","2","0","2"
"王昶中军将","2","0","2"
"昶中军将军","2","0","2"
"朔将军刘季","1","1","2"
"立皇子子绥","1","1","2"
"陵王休茂雍","2","0","2"
"王休茂雍州","2","0","2"
"休茂雍州刺","2","0","2"
"茂雍州刺史","2","0","2"
"右卫将军颜","1","1","2"
"中书令王僧","1","1","2"
"书令王僧达","1","1","2"
"强弩将军杜","1","1","2"
"弩将军杜叔","1","1","2"
"将军杜叔文","1","1","2"
"交州刺史费","1","1","2"
"南海太守垣","1","1","2"
"海太守垣阆","1","1","2"
"宁朔将军沈","2","0","2"
"将军沈僧荣","1","1","2"
"朔将军刘道","1","1","2"
"置武卫将军","1","1","2"
"武骑常侍官","1","1","2"
"立司隶校尉","2","0","2"
"置廷尉监官","1","1","2"
"中书令东海","1","1","2"
"书令东海王","1","1","2"
"夏四月癸卯","2","0","2"
"竟陵王诞罪","2","0","2"
"州刺史垣阆","1","1","2"
"上亲御六师","2","0","2"
"司州刺史刘","1","1","2"
"州刺史刘季","1","1","2"
"史刘道隆讨","1","1","2"
"新除车骑大","2","0","2"
"除车骑大将","2","0","2"
"护军将军东","1","1","2"
"前左卫将军","1","1","2"
"车骑长史庾","1","1","2"
"骑长史庾深","1","1","2"
"河西王大沮","1","1","2"
"西王大沮渠","1","1","2"
"王大沮渠安","1","1","2"
"置谒者仆射","1","1","2"
"谒者仆射官","1","1","2"
"大明三年前","2","0","2"
"郎司马柳叔","1","1","2"
"司马柳叔仁","1","1","2"
"第七皇子子","1","1","2"
"第八皇子子","1","1","2"
"八皇子子鸾","1","1","2"
"侍中建安王","1","1","2"
"中建安王休","1","1","2"
"散骑侍郎费","1","1","2"
"骑侍郎费景","1","1","2"
"侍郎费景绪","1","1","2"
"冠军将军巴","1","1","2"
"北阴平孔堤","1","1","2"
"太守杨归子","1","1","2"
"守杨归子击","1","1","2"
"书左仆射褚","1","1","2"
"左仆射褚湛","1","1","2"
"抚军长史刘","1","1","2"
"军长史刘思","1","1","2"
"长史刘思考","1","1","2"
"刘思考益州","2","0","2"
"思考益州刺","2","0","2"
"考益州刺史","2","0","2"
"南下邳南彭","2","0","2"
"下邳南彭城","2","0","2"
"仪同三司何","1","1","2"
"同三司何尚","1","1","2"
"冠军将军垣","1","1","2"
"军将军垣护","1","1","2"
"改封襄阳王","1","1","2"
"封襄阳王子","1","1","2"
"襄阳王子鸾","1","1","2"
"改细作署令","1","1","2"
"左右御府令","1","1","2"
"车驾幸廷尉","2","0","2"
"车驾幸建康","2","0","2"
"驾幸建康县","1","1","2"
"宕昌王梁唐","1","1","2"
"昌王梁唐子","1","1","2"
"夏四月癸巳","2","0","2"
"改封西阳王","1","1","2"
"封西阳王子","1","1","2"
"陵王休茂杀","1","1","2"
"太守薛继考","1","1","2"
"驾幸阅武堂","1","1","2"
"幸阅武堂听","1","1","2"
"护军将军义","1","1","2"
"卫将军东海","1","1","2"
"冠军将军寻","1","1","2"
"军将军寻阳","1","1","2"
"改封历阳王","1","1","2"
"封历阳王子","1","1","2"
"十一月壬辰","2","0","2"
"太常王玄谟","1","1","2"
"春正月己丑","2","0","2"
"第十三皇子","1","1","2"
"十三皇子子","1","1","2"
"三皇子子元","1","1","2"
"改豫州南梁","1","1","2"
"豫州南梁郡","1","1","2"
"淮南郡宣城","2","0","2"
"广陵太守沈","1","1","2"
"陵太守沈怀","1","1","2"
"太守沈怀文","1","1","2"
"州大明三年","1","1","2"
"秋七月庚辰","2","0","2"
"广州刺史临","1","1","2"
"国将军王翼","1","1","2"
"西阳太守檀","1","1","2"
"阳太守檀翼","1","1","2"
"前金紫光禄","1","1","2"
"光禄大夫宗","1","1","2"
"禄大夫宗悫","1","1","2"
"鄱阳哀王休","1","1","2"
"阳哀王休业","1","1","2"
"留王曹虔秀","1","1","2"
"仆射王僧朗","1","1","2"
"兗州刺史晋","2","0","2"
"郡属南徐州","2","0","2"
"军将军硃修","2","0","2"
"尚书湘东王","1","1","2"
"湘东王讳军","2","0","2"
"东王讳军将","2","0","2"
"王讳军将军","2","0","2"
"辅国将军始","1","1","2"
"国将军始安","1","1","2"
"将军始安王","1","1","2"
"军始安王子","1","1","2"
"郎司马柳元","1","1","2"
"司马柳元怙","1","1","2"
"郡太守刘德","1","1","2"
"太守刘德愿","1","1","2"
"东大将军高","1","1","2"
"大将军高丽","1","1","2"
"将军高丽王","1","1","2"
"军高丽王高","1","1","2"
"高丽王高琏","1","1","2"
"秋七月丙申","2","0","2"
"立第十七皇","1","1","2"
"第十七皇子","1","1","2"
"十七皇子子","1","1","2"
"七皇子子嗣","1","1","2"
"仪同三司东","1","1","2"
"同三司东海","1","1","2"
"三司东海王","1","1","2"
"义阳王昶加","1","1","2"
"十一月丙子","2","0","2"
"祭晋大司马","2","0","2"
"改大明七年","1","1","2"
"梁山立双阙","1","1","2"
"春正月甲戌","2","0","2"
"镇军将军湘","1","1","2"
"阳秣陵县岩","1","1","2"
"秣陵县岩山","1","1","2"
"陵县岩山景","1","1","2"
"县岩山景宁","1","1","2"
"岩山景宁陵","1","1","2"
"二十六年正","1","1","2"
"南海太守袁","1","1","2"
"皇后曰皇太","2","0","2"
"后曰皇太后","2","0","2"
"军王玄谟镇","2","0","2"
"书左仆射刘","1","1","2"
"左仆射刘遵","1","1","2"
"刘遵考特进","2","0","2"
"太常建安王","1","1","2"
"常建安王休","1","1","2"
"休仁护军将","2","0","2"
"南徐州大明","1","1","2"
"徐州大明七","1","1","2"
"州大明七年","1","1","2"
"书右仆射颜","1","1","2"
"右仆射颜师","1","1","2"
"射颜师伯尚","2","0","2"
"扬州东扬州","2","0","2"
"东诸郡大旱","2","0","2"
"永光元年春","1","1","2"
"光元年春正","1","1","2"
"郡县田租半","2","0","2"
"割郢州随郡","2","0","2"
"郢州随郡属","2","0","2"
"后军司马张","1","1","2"
"军司马张牧","1","1","2"
"左军长史刘","1","1","2"
"军长史刘道","1","1","2"
"长史刘道隆","1","1","2"
"雍州刺史宗","1","1","2"
"豫州刺史湘","1","1","2"
"史湘东王讳","2","0","2"
"越骑校尉戴","1","1","2"
"骑校尉戴法","1","1","2"
"书左仆射颜","1","1","2"
"左仆射颜师","1","1","2"
"部尚书王景","1","1","2"
"尚书王景文","1","1","2"
"廷尉刘德愿","1","1","2"
"射声校尉沈","1","1","2"
"声校尉沈文","1","1","2"
"校尉沈文秀","1","1","2"
"东扬州扬州","2","0","2"
"五郡大明八","1","1","2"
"郡大明八年","1","1","2"
"立南北二驰","1","1","2"
"丹阳尹始安","1","1","2"
"阳尹始安王","1","1","2"
"尹始安王子","1","1","2"
"阳王休祐进","2","0","2"
"王休祐进号","2","0","2"
"安西长史袁","1","1","2"
"左民尚书刘","1","1","2"
"民尚书刘思","1","1","2"
"东阳太守王","1","1","2"
"阳太守王藻","1","1","2"
"太尉沈庆薨","2","0","2"
"南平王敬猷","2","0","2"
"安南侯敬渊","1","1","2"
"侯敬渊赐死","2","0","2"
"阳秣陵县南","1","1","2"
"秣陵县南郊","1","1","2"
"陵县南郊坛","1","1","2"
"县南郊坛西","1","1","2"
"大臣戴法兴","1","1","2"
"山阴公主淫","1","1","2"
"会稽郡长公","1","1","2"
"稽郡长公主","1","1","2"
"汤沐邑二千","1","1","2"
"沐邑二千户","1","1","2"
"吏部郎褚渊","1","1","2"
"部郎褚渊貌","1","1","2"
"郎褚渊貌美","1","1","2"
"发丘中郎将","1","1","2"
"太宗明皇帝","1","1","2"
"嘉十六年十","1","1","2"
"十六年十月","1","1","2"
"迁冠军将军","2","0","2"
"南兰陵下邳","1","1","2"
"兰陵下邳二","1","1","2"
"陵下邳二郡","1","1","2"
"东海二郡太","1","1","2"
"都督徐兗二","2","0","2"
"督徐兗二州","2","0","2"
"二州豫州梁","2","0","2"
"四州郢州竟","2","0","2"
"州郢州竟陵","2","0","2"
"郢州竟陵诸","2","0","2"
"州竟陵诸军","2","0","2"
"时废帝左右","1","1","2"
"废帝左右常","1","1","2"
"安王休仁便","1","1","2"
"司空东海王","1","1","2"
"新除骠骑大","2","0","2"
"除骠骑大将","2","0","2"
"骑大将军建","1","1","2"
"大将军建安","1","1","2"
"改封安陆王","1","1","2"
"封安陆王子","1","1","2"
"历阳南谯二","1","1","2"
"阳南谯二郡","1","1","2"
"南谯二郡太","1","1","2"
"谯二郡太守","1","1","2"
"二郡太守建","1","1","2"
"郡太守建平","1","1","2"
"平王景素南","2","0","2"
"改封临贺王","1","1","2"
"封临贺王子","1","1","2"
"临贺王子产","1","1","2"
"左仆射王景","1","1","2"
"中护军刘道","1","1","2"
"护军刘道隆","1","1","2"
"镇军长史邓","1","1","2"
"军长史邓琬","1","1","2"
"车驾谒太庙","2","0","2"
"正月己丑朔","2","0","2"
"禄大夫王僧","1","1","2"
"大夫王僧朗","1","1","2"
"左卫将军巴","1","1","2"
"州刺史刘祗","1","1","2"
"征虏司马申","1","1","2"
"虏司马申令","1","1","2"
"司马申令孙","1","1","2"
"申令孙徐州","2","0","2"
"史庞孟虬司","2","0","2"
"庞孟虬司州","2","0","2"
"兗州刺史殷","2","0","2"
"祖抚军将军","2","0","2"
"吴郡太守顾","1","1","2"
"郡太守顾琛","1","1","2"
"义兴太守刘","1","1","2"
"太守刘延熙","1","1","2"
"晋陵太守袁","1","1","2"
"山阳太守程","1","1","2"
"陵王休若统","1","1","2"
"殿中将军陆","1","1","2"
"中将军陆攸","1","1","2"
"同三司王僧","1","1","2"
"三司王僧朗","1","1","2"
"光禄大夫故","2","0","2"
"休若进号卫","2","0","2"
"若进号卫将","2","0","2"
"建武将军吴","1","1","2"
"武将军吴喜","1","1","2"
"将军吴喜公","1","1","2"
"军吴喜公率","1","1","2"
"辅国将军齐","1","1","2"
"国将军齐王","1","1","2"
"阳王休范总","1","1","2"
"奉朝请郑黑","1","1","2"
"郑黑司州刺","2","0","2"
"黑司州刺史","2","0","2"
"散骑侍郎明","1","1","2"
"骑侍郎明僧","1","1","2"
"二州刺史张","1","1","2"
"朔将军刘乘","1","1","2"
"将军刘乘民","1","1","2"
"左军将军垣","1","1","2"
"军将军垣恭","1","1","2"
"二州刺史桂","1","1","2"
"阳王休范进","2","0","2"
"徐州刺史张","1","1","2"
"刺史张永改","1","1","2"
"仇池太守杨","1","1","2"
"骧将军刘道","1","1","2"
"将军刘道符","1","1","2"
"军刘道符平","1","1","2"
"安王休仁率","1","1","2"
"州立南豫州","2","0","2"
"中军将军王","1","1","2"
"军将军王景","1","1","2"
"将军王景文","1","1","2"
"史王玄谟左","2","0","2"
"王玄谟左光","2","0","2"
"玄谟左光禄","2","0","2"
"谟左光禄大","2","0","2"
"雍州刺史沈","1","1","2"
"沈攸郢州刺","2","0","2"
"攸郢州刺史","2","0","2"
"子左卫率建","1","1","2"
"左卫率建平","1","1","2"
"卫率建平王","1","1","2"
"率建平王景","1","1","2"
"淮南王子孟","1","1","2"
"南平王子产","1","1","2"
"松滋侯子房","1","1","2"
"军将军张世","1","1","2"
"书金部郎刘","1","1","2"
"金部郎刘善","1","1","2"
"部郎刘善明","1","1","2"
"广州刺史刘","1","1","2"
"二郡太守费","1","1","2"
"郡太守费混","1","1","2"
"国将军刘灵","1","1","2"
"失淮北四州","2","0","2"
"春正月庚子","2","0","2"
"太官停宰牛","2","0","2"
"御史中丞羊","1","1","2"
"战亡将士举","1","1","2"
"镇西司马刘","1","1","2"
"西司马刘亮","1","1","2"
"太守张景远","1","1","2"
"守张景远击","1","1","2"
"书左仆射蔡","1","1","2"
"左仆射蔡兴","1","1","2"
"冠军将军王","1","1","2"
"将军王玄载","1","1","2"
"朔将军崔平","1","1","2"
"司州刺史郑","1","1","2"
"州刺史郑黑","1","1","2"
"秦州刺史杨","1","1","2"
"州刺史杨僧","1","1","2"
"刺史杨僧嗣","1","1","2"
"立桂阳王休","1","1","2"
"阳王休范第","1","1","2"
"王休范第二","1","1","2"
"立侍中刘韫","1","1","2"
"侍中刘韫第","1","1","2"
"中刘韫第二","1","1","2"
"太子詹事袁","1","1","2"
"子詹事袁粲","1","1","2"
"安都子伯令","2","0","2"
"陵王休若讨","1","1","2"
"禄大夫王玄","1","1","2"
"大夫王玄谟","1","1","2"
"遣吏部尚书","2","0","2"
"尚书褚渊慰","1","1","2"
"书褚渊慰劳","1","1","2"
"改封新安王","1","1","2"
"封新安王延","1","1","2"
"新安王延年","1","1","2"
"国将军张谠","1","1","2"
"朔将军刘休","1","1","2"
"将军刘休宾","1","1","2"
"陵王司马勖","1","1","2"
"前龙骧将军","1","1","2"
"龙骧将军常","1","1","2"
"骧将军常珍","1","1","2"
"北冀州刺史","1","1","2"
"军王玄谟薨","2","0","2"
"游击将军刘","1","1","2"
"击将军刘怀","1","1","2"
"南谯太守孙","1","1","2"
"谯太守孙奉","1","1","2"
"太守孙奉伯","1","1","2"
"豫章太守张","1","1","2"
"章太守张辩","1","1","2"
"稽太守张永","1","1","2"
"郡太守王琨","1","1","2"
"始平王延年","1","1","2"
"骁骑将军齐","1","1","2"
"骑将军齐王","1","1","2"
"南康相刘勃","1","1","2"
"国将军沈文","1","1","2"
"将军沈文靖","1","1","2"
"东青州刺史","1","1","2"
"骠骑长史张","1","1","2"
"骑长史张悦","1","1","2"
"赐力田爵一","2","0","2"
"力田爵一级","2","0","2"
"太尉庐江王","1","1","2"
"立南义阳郡","1","1","2"
"车驾幸中堂","2","0","2"
"驾幸中堂听","2","0","2"
"幸中堂听讼","2","0","2"
"豫州义阳郡","1","1","2"
"州义阳郡属","1","1","2"
"义阳郡属郢","1","1","2"
"阳郡属郢州","1","1","2"
"郢州西阳郡","1","1","2"
"州西阳郡属","1","1","2"
"西阳郡属豫","1","1","2"
"阳郡属豫州","1","1","2"
"朔将军崔公","1","1","2"
"将军崔公烈","1","1","2"
"黄门侍郎杜","1","1","2"
"门侍郎杜幼","1","1","2"
"侍郎杜幼文","1","1","2"
"卫将军沈攸","1","1","2"
"州刺史庐江","1","1","2"
"刺史庐江王","1","1","2"
"门侍郎刘亮","1","1","2"
"国将军王亮","1","1","2"
"东莞太守陈","1","1","2"
"莞太守陈伯","1","1","2"
"太守陈伯绍","1","1","2"
"陈伯绍交州","2","0","2"
"伯绍交州刺","2","0","2"
"绍交州刺史","2","0","2"
"山阳太守李","1","1","2"
"阳太守李灵","1","1","2"
"太守李灵谦","1","1","2"
"右将军行豫","1","1","2"
"将军行豫州","1","1","2"
"军行豫州刺","1","1","2"
"行豫州刺史","1","1","2"
"海陵太守刘","1","1","2"
"陵太守刘崇","1","1","2"
"立长沙王纂","1","1","2"
"新除平西将","2","0","2"
"除平西将军","2","0","2"
"索虏遣使献","2","0","2"
"虏遣使献方","2","0","2"
"荆州刺史晋","1","1","2"
"辅师将军孟","1","1","2"
"义阳太守吕","1","1","2"
"阳太守吕安","1","1","2"
"太守吕安国","1","1","2"
"安王休仁解","2","0","2"
"王休仁解扬","2","0","2"
"休仁解扬州","2","0","2"
"置三巴校尉","1","1","2"
"皇太子纳妃","1","1","2"
"中护军刘袭","1","1","2"
"第六皇子燮","1","1","2"
"前军将军陈","1","1","2"
"军将军陈胤","1","1","2"
"将军陈胤宗","1","1","2"
"宗徐州刺史","2","0","2"
"冠军将军吐","1","1","2"
"军将军吐谷","1","1","2"
"东平冲王休","1","1","2"
"平冲王休倩","1","1","2"
"刺史沈攸进","2","0","2"
"史沈攸进号","2","0","2"
"扬州刺史桂","1","1","2"
"追改东平王","1","1","2"
"改东平王休","1","1","2"
"东平王休倩","1","1","2"
"第八皇子智","1","1","2"
"八皇子智涣","1","1","2"
"临庆冲王休","1","1","2"
"庆冲王休倩","1","1","2"
"第九皇子赞","1","1","2"
"前右军马诜","1","1","2"
"置散骑奏举","1","1","2"
"前将军刘康","1","1","2"
"杀汝阴太守","1","1","2"
"汝阴太守王","1","1","2"
"阴太守王穆","1","1","2"
"徐州刺史晋","1","1","2"
"书右仆射袁","1","1","2"
"右仆射袁粲","1","1","2"
"吴郡王僧虔","1","1","2"
"江州刺史巴","1","1","2"
"第三皇子准","2","0","2"
"子詹事刘秉","1","1","2"
"第八皇子跻","1","1","2"
"江夏文献王","1","1","2"
"夏文献王义","1","1","2"
"文献王义恭","1","1","2"
"历阳太守王","1","1","2"
"阳太守王玄","1","1","2"
"太守王玄载","1","1","2"
"泰豫元年春","1","1","2"
"豫元年春正","1","1","2"
"正月甲寅朔","2","0","2"
"门侍郎王瞻","1","1","2"
"抚军司马蔡","1","1","2"
"右卫将军张","1","1","2"
"卫将军张兴","1","1","2"
"时年三十四","1","1","2"
"临沂县莫府","1","1","2"
"沂县莫府山","1","1","2"
"县莫府山高","1","1","2"
"莫府山高宁","1","1","2"
"府山高宁陵","1","1","2"
"尚书右丞江","1","1","2"
"书右丞江谧","1","1","2"
"服衮冕九章","2","0","2"
"年四月己亥","2","0","2"
"抚军将军安","1","1","2"
"军将军安成","1","1","2"
"兴太守张岱","1","1","2"
"仪同三司蔡","1","1","2"
"同三司蔡兴","1","1","2"
"三司蔡兴宗","1","1","2"
"将军褚渊母","2","0","2"
"军褚渊母忧","2","0","2"
"褚渊母忧职","2","0","2"
"郢州刺史刘","1","1","2"
"州刺史王瞻","1","1","2"
"刺史王瞻击","1","1","2"
"元徽元年春","1","1","2"
"徽元年春正","1","1","2"
"抚军长史何","1","1","2"
"军长史何恢","1","1","2"
"淮南太守刘","1","1","2"
"南太守刘灵","1","1","2"
"太守刘灵遗","1","1","2"
"辅师将军李","1","1","2"
"师将军李安","1","1","2"
"越州刺史陈","1","1","2"
"州刺史陈伯","1","1","2"
"刺史陈伯绍","1","1","2"
"左军将军孟","1","1","2"
"军将军孟次","1","1","2"
"将军孟次阳","1","1","2"
"孟次阳兗州","2","0","2"
"次阳兗州刺","2","0","2"
"散骑常侍顾","1","1","2"
"骑常侍顾长","1","1","2"
"常侍顾长康","1","1","2"
"长水校尉何","1","1","2"
"水校尉何翌","1","1","2"
"秘书丞王俭","1","1","2"
"尚书令执法","2","0","2"
"书令执法下","2","0","2"
"使冤讼洗遂","2","0","2"
"平王景素进","2","0","2"
"王景素进号","2","0","2"
"陈留王曹铣","1","1","2"
"立衡阳王嶷","1","1","2"
"抚军司马王","1","1","2"
"军司马王玄","1","1","2"
"司马王玄载","1","1","2"
"南兗州钟离","2","0","2"
"散骑常侍垣","1","1","2"
"骑常侍垣闳","1","1","2"
"立前建安王","1","1","2"
"卫将军王宽","1","1","2"
"右卫将军齐","1","1","2"
"征北将军张","1","1","2"
"北将军张永","1","1","2"
"州刺史沈怀","1","1","2"
"刺史沈怀明","1","1","2"
"史沈怀明戍","1","1","2"
"中军将军褚","1","1","2"
"越骑校尉张","1","1","2"
"骑校尉张敬","1","1","2"
"贼党杜黑蠡","1","1","2"
"将军王道隆","1","1","2"
"抚军典签茅","1","1","2"
"军典签茅恬","1","1","2"
"羽林监陈显","1","1","2"
"林监陈显达","1","1","2"
"监陈显达击","1","1","2"
"平南将军齐","1","1","2"
"南将军齐王","1","1","2"
"淮南太守任","1","1","2"
"南太守任农","1","1","2"
"太守任农夫","1","1","2"
"州刺史王宽","1","1","2"
"立第七皇弟","1","1","2"
"抚军司马孟","1","1","2"
"军司马孟次","1","1","2"
"虏行参军刘","1","1","2"
"行参军刘延","1","1","2"
"参军刘延祖","1","1","2"
"游击将军吕","1","1","2"
"击将军吕安","1","1","2"
"游击将军陈","1","1","2"
"击将军陈显","1","1","2"
"骑将军张敬","1","1","2"
"尚书郎官长","1","1","2"
"尚书令褚渊","1","1","2"
"门侍郎刘怀","1","1","2"
"侍郎刘怀珍","1","1","2"
"军褚渊中书","2","0","2"
"褚渊中书监","2","0","2"
"西大将军河","1","1","2"
"大将军河南","1","1","2"
"军河南王吐","1","1","2"
"河南王吐谷","1","1","2"
"南王吐谷浑","1","1","2"
"王吐谷浑拾","1","1","2"
"吐谷浑拾夤","1","1","2"
"冠军将军姚","1","1","2"
"军将军姚道","1","1","2"
"刺史王玄载","1","1","2"
"步兵校尉范","1","1","2"
"骁骑将军曹","1","1","2"
"骑将军曹欣","1","1","2"
"平王景素京","2","0","2"
"王景素京城","2","0","2"
"景素京城反","2","0","2"
"骁骑将军任","1","1","2"
"骑将军任农","1","1","2"
"军将军黄回","1","1","2"
"将军黄回北","1","1","2"
"史段佛荣统","1","1","2"
"军将军张保","1","1","2"
"元年前逋调","2","0","2"
"立第十皇弟","1","1","2"
"第十一皇弟","1","1","2"
"十一皇弟嵩","1","1","2"
"第十二皇弟","1","1","2"
"十二皇弟禧","1","1","2"
"黄门侍郎阮","1","1","2"
"门侍郎阮佃","1","1","2"
"侍郎阮佃夫","1","1","2"
"州刺史刘善","1","1","2"
"刺史刘善明","1","1","2"
"骁骑将军高","1","1","2"
"骑将军高道","1","1","2"
"部尚书王僧","1","1","2"
"尚书王僧虔","1","1","2"
"建宁太守柳","1","1","2"
"豫州刺史阮","1","1","2"
"州刺史阮佃","1","1","2"
"刺史阮佃夫","1","1","2"
"步兵校尉申","1","1","2"
"兵校尉申伯","1","1","2"
"校尉申伯宗","1","1","2"
"左军将军沈","1","1","2"
"军将军沈景","1","1","2"
"将军沈景德","1","1","2"
"骁骑将军全","1","1","2"
"骑将军全景","1","1","2"
"将军全景文","1","1","2"
"屯骑校尉孙","1","1","2"
"七月戊子夜","2","0","2"
"铁椎椎人阴","1","1","2"
"耀灵殿上养","1","1","2"
"右卫翼辇营","1","1","2"
"卫翼辇营女","1","1","2"
"翼辇营女子","1","1","2"
"辇营女子私","1","1","2"
"营女子私通","1","1","2"
"直阁将军王","1","1","2"
"阁将军王敬","1","1","2"
"度道人饮酒","1","1","2"
"仁寿殿东阿","1","1","2"
"俞孙等二十","1","1","2"
"孙等二十五","1","1","2"
"等二十五人","1","1","2"
"玉夫见昱醉","1","1","2"
"率左右数十","2","0","2"
"奉太后令奉","1","1","2"
"太后令奉迎","1","1","2"
"后令奉迎安","1","1","2"
"令奉迎安成","1","1","2"
"奉迎安成王","1","1","2"
"兗州刺史齐","2","0","2"
"军将军刘秉","1","1","2"
"安西参军明","1","1","2"
"西参军明庆","1","1","2"
"参军明庆符","1","1","2"
"郢州刺史南","1","1","2"
"州刺史南阳","1","1","2"
"刺史南阳王","1","1","2"
"刺史齐王改","1","1","2"
"征虏将军李","1","1","2"
"虏将军李安","1","1","2"
"新吴县子秦","1","1","2"
"吴县子秦立","1","1","2"
"崇帝所生陈","2","0","2"
"司空长史谢","1","1","2"
"卫军长史江","1","1","2"
"中书侍郎褚","1","1","2"
"书侍郎褚炫","1","1","2"
"武陵王文学","1","1","2"
"散骑侍郎胡","1","1","2"
"骑侍郎胡羡","1","1","2"
"侍郎胡羡生","1","1","2"
"行越州刺史","1","1","2"
"骑将军王广","1","1","2"
"录公齐王入","1","1","2"
"公齐王入守","1","1","2"
"齐王入守朝","1","1","2"
"侍中萧嶷镇","1","1","2"
"右卫将军黄","1","1","2"
"卫将军黄回","1","1","2"
"除左卫将军","2","0","2"
"晋熙王燮镇","1","1","2"
"骁骑将军周","1","1","2"
"骑将军周盘","1","1","2"
"将军周盘龙","1","1","2"
"尚书令刘秉","1","1","2"
"门侍郎刘述","1","1","2"
"冠军王蕴率","1","1","2"
"军王蕴率众","1","1","2"
"辅国将军孙","1","1","2"
"辅国将军任","1","1","2"
"国将军任候","1","1","2"
"将军任候伯","1","1","2"
"将军卜伯兴","1","1","2"
"广州刺史陈","1","1","2"
"州刺史陈显","1","1","2"
"刺史陈显达","1","1","2"
"州刺史范柏","1","1","2"
"刺史范柏年","1","1","2"
"书仆射王僧","1","1","2"
"中书令王延","1","1","2"
"吴郡太守刘","1","1","2"
"郡太守刘遐","1","1","2"
"前军长史柳","1","1","2"
"军长史柳世","1","1","2"
"长史柳世隆","1","1","2"
"秦州刺史武","1","1","2"
"州刺史武都","1","1","2"
"刺史武都王","1","1","2"
"侍中柳世隆","1","1","2"
"录公齐王旋","1","1","2"
"史张敬兒进","2","0","2"
"张敬兒进号","2","0","2"
"郢州刺史黄","1","1","2"
"左仆射王僧","1","1","2"
"右仆射王延","1","1","2"
"卫将军褚渊","1","1","2"
"镇南将军黄","1","1","2"
"南将军黄回","1","1","2"
"州刺史李安","1","1","2"
"刺史李安民","1","1","2"
"事任侯伯杀","1","1","2"
"任侯伯杀前","1","1","2"
"侯伯杀前湘","1","1","2"
"伯杀前湘州","1","1","2"
"杀前湘州行","1","1","2"
"前湘州行事","1","1","2"
"广州刺史周","1","1","2"
"州刺史周盘","1","1","2"
"刺史周盘龙","1","1","2"
"国将军刘悛","1","1","2"
"击将军垣崇","1","1","2"
"将军垣崇祖","1","1","2"
"郡太守萧映","1","1","2"
"前新会太守","1","1","2"
"将军杨文弘","1","1","2"
"江州刺史齐","1","1","2"
"太尉齐王黄","1","1","2"
"太傅齐王三","1","1","2"
"傅齐王三望","1","1","2"
"齐王三望车","1","1","2"
"武陵内史张","1","1","2"
"陵内史张澹","1","1","2"
"郡太守萧晃","1","1","2"
"昌太守刘琨","1","1","2"
"侯刘晃谋反","1","1","2"
"改封南阳王","1","1","2"
"十二月丙戌","2","0","2"
"皇后见太庙","2","0","2"
"州刺史萧嶷","1","1","2"
"左仆射王延","1","1","2"
"骑将军王玄","1","1","2"
"将军王玄邈","1","1","2"
"抚军将军齐","1","1","2"
"太傅齐王前","1","1","2"
"傅齐王前部","1","1","2"
"齐王前部羽","1","1","2"
"王前部羽葆","1","1","2"
"诏太傅府依","1","1","2"
"豫州刺史邵","1","1","2"
"军大将军萧","1","1","2"
"临川王绰谋","1","1","2"
"川王绰谋反","1","1","2"
"安西将军武","1","1","2"
"西将军武陵","1","1","2"
"军武陵王赞","1","1","2"
"建元元年五","1","1","2"
"姑洗生应钟","2","0","2"
"三九二十七","1","1","2"
"五八四十尺","1","1","2"
"太史令封上","2","0","2"
"宜阳县金门","1","1","2"
"阳县金门山","1","1","2"
"郎中京房知","1","1","2"
"五音六十律","1","1","2"
"中吕上生执","2","0","2"
"吕上生执始","2","0","2"
"执始下生灭","2","0","2"
"十二管相宫","2","0","2"
"候钟律殷肜","1","1","2"
"钟律殷肜上","1","1","2"
"灵帝熹平六","1","1","2"
"帝熹平六年","1","1","2"
"典律者太子","1","1","2"
"律者太子舍","1","1","2"
"者太子舍人","1","1","2"
"太子舍人张","1","1","2"
"子舍人张光","1","1","2"
"舍人张光等","1","1","2"
"二千三百八","1","1","2"
"一千九百六","1","1","2"
"九百六十八","1","1","2"
"协律都尉杜","1","1","2"
"中书令张华","1","1","2"
"律中郎将列","1","1","2"
"四尺二寸笛","1","1","2"
"十二律相宫","2","0","2"
"令部郎刘秀","1","1","2"
"养六气九德","1","1","2"
"六律五声八","1","1","2"
"律五声八音","1","1","2"
"蕤宾伏孔笛","1","1","2"
"长二尺八寸","1","1","2"
"二尺六寸六","1","1","2"
"尺六寸六分","1","1","2"
"六寸六分三","1","1","2"
"寸六分三厘","1","1","2"
"长二尺四寸","1","1","2"
"寸三分三厘","1","1","2"
"长三尺七寸","1","1","2"
"长三尺九寸","1","1","2"
"三尺九寸九","1","1","2"
"九寸九分五","1","1","2"
"寸九分五厘","1","1","2"
"长三尺六寸","1","1","2"
"九寸九分六","1","1","2"
"寸九分六厘","1","1","2"
"三尺六寸五","1","1","2"
"尺六寸五分","1","1","2"
"三尺三寸七","1","1","2"
"尺三寸七分","1","1","2"
"三尺二寸六","1","1","2"
"二尺五寸八","1","1","2"
"尺五寸八分","1","1","2"
"平侯张苍首","1","1","2"
"武帝元封七","1","1","2"
"帝元封七年","1","1","2"
"太中大夫公","1","1","2"
"中大夫公孙","1","1","2"
"大夫公孙卿","1","1","2"
"太史令司马","1","1","2"
"史令司马迁","1","1","2"
"令司马迁等","1","1","2"
"积八十一寸","1","1","2"
"八十一分律","1","1","2"
"十一分律历","1","1","2"
"太史令张寿","1","1","2"
"史令张寿王","1","1","2"
"主历使者鲜","1","1","2"
"治历大司农","1","1","2"
"历大司农中","1","1","2"
"大司农中丞","1","1","2"
"司农中丞麻","1","1","2"
"农中丞麻光","1","1","2"
"中丞麻光等","1","1","2"
"丞麻光等二","1","1","2"
"麻光等二十","1","1","2"
"冬上三日五","2","0","2"
"上三日五时","2","0","2"
"待诏太史霍","1","1","2"
"诏太史霍融","1","1","2"
"九日增减一","2","0","2"
"日增减一刻","2","0","2"
"尚书郎张衡","1","1","2"
"尚书令忠上","1","1","2"
"书令忠上奏","1","1","2"
"沛相上计掾","1","1","2"
"二十八宿度","1","1","2"
"十八宿度数","1","1","2"
"城门候刘洪","1","1","2"
"文帝黄初中","2","0","2"
"四千八百八","1","1","2"
"八百八十三","1","1","2"
"尚书令陈群","1","1","2"
"尚书郎杨伟","1","1","2"
"八百四十三","1","1","2"
"二百三十五","1","1","2"
"六十七万三","1","1","2"
"三千一百五","2","0","2"
"万一百二十","2","0","2"
"二千五百二","1","1","2"
"四百五十五","1","1","2"
"求数所生者","2","0","2"
"置一纪积月","2","0","2"
"闰余十二上","2","0","2"
"望中节前后","2","0","2"
"中节前后五","2","0","2"
"节前后五日","2","0","2"
"前后五日上","2","0","2"
"后五日上者","2","0","2"
"正十一月冬","2","0","2"
"十一月冬日","2","0","2"
"分满气法小","2","0","2"
"满气法小余","2","0","2"
"余满纪法大","2","0","2"
"闰余减章岁","2","0","2"
"加大余六十","2","0","2"
"大余六十九","2","0","2"
"五百九十二","1","1","2"
"减大余十八","2","0","2"
"四百八十三","1","1","2"
"纪法乘朔积","2","0","2"
"法乘朔积日","2","0","2"
"夜半日所度","2","0","2"
"月朔夜半月","2","0","2"
"朔夜半月所","2","0","2"
"夜半月所度","2","0","2"
"半月所度分","2","0","2"
"六百七十九","1","1","2"
"章岁乘朔小","2","0","2"
"岁乘朔小余","2","0","2"
"大分朔夜半","2","0","2"
"分朔夜半日","2","0","2"
"朔夜半日度","2","0","2"
"夜半日度分","2","0","2"
"月合朔日月","2","0","2"
"合朔日月所","2","0","2"
"朔日月所共","2","0","2"
"日月所共合","2","0","2"
"月所共合度","2","0","2"
"九百七十七","1","1","2"
"二百七十九","1","1","2"
"乘所近节气","2","0","2"
"所近节气夜","2","0","2"
"近节气夜漏","2","0","2"
"所入纪交会","2","0","2"
"入纪交会差","2","0","2"
"交会差率数","2","0","2"
"会差率数加","2","0","2"
"入交限数上","2","0","2"
"天正合朔月","2","0","2"
"先交会后月","2","0","2"
"交会后月蚀","2","0","2"
"会后月蚀者","2","0","2"
"余减合终合","1","1","2"
"减合终合数","1","1","2"
"先交后会者","2","0","2"
"先会后交者","2","0","2"
"余满日法一","2","0","2"
"满日法一日","2","0","2"
"月合朔入历","2","0","2"
"日余四千四","2","0","2"
"四千四百五","1","1","2"
"四百八十九","1","1","2"
"余满日法成","2","0","2"
"日满二十七","2","0","2"
"除余周日余","2","0","2"
"周日日余乘","2","0","2"
"余周日日余","2","0","2"
"十二乘定小","2","0","2"
"二乘定小余","2","0","2"
"满日法一辰","2","0","2"
"半法上排成","2","0","2"
"星合朔大余","1","1","2"
"通数乘月余","2","0","2"
"合月法乘朔","2","0","2"
"月法乘朔小","2","0","2"
"法乘朔小余","2","0","2"
"法乘合月法","1","1","2"
"星合入月日","2","0","2"
"所行星度数","2","0","2"
"百一十一万","1","1","2"
"一十一万七","1","1","2"
"一万七千六","1","1","2"
"五十二万二","1","1","2"
"四百四十万","1","1","2"
"百四十万一","1","1","2"
"四十万一千","1","1","2"
"一万九千九","1","1","2"
"六百七十四","1","1","2"
"百七十三万","1","1","2"
"七十三万三","1","1","2"
"十三万三千","1","1","2"
"八万五千一","1","1","2"
"余满合月法","2","0","2"
"日法一积日","2","0","2"
"周天乘度分","2","0","2"
"小余满二千","1","1","2"
"余满二千四","1","1","2"
"满二千四百","1","1","2"
"十六日九十","2","0","2"
"六日九十九","2","0","2"
"日九十九万","2","0","2"
"十九万七千","2","0","2"
"九万七千八","2","0","2"
"行星二度百","2","0","2"
"星二度百七","2","0","2"
"二度百七十","2","0","2"
"度百七十九","2","0","2"
"十七日行十","2","0","2"
"七日行十一","2","0","2"
"日行十一度","2","0","2"
"日行七分一","2","0","2"
"八十四日退","2","0","2"
"十四日退十","2","0","2"
"四日退十二","2","0","2"
"日退十二度","2","0","2"
"日行十一分","2","0","2"
"行星三十三","2","0","2"
"星三十三度","2","0","2"
"二千八百六","1","1","2"
"百六十九分","1","1","2"
"七十二日百","2","0","2"
"十二日百七","2","0","2"
"二日百七十","2","0","2"
"日百七十九","2","0","2"
"行星五十六","2","0","2"
"星五十六度","2","0","2"
"五十六度百","2","0","2"
"十六度百二","2","0","2"
"六度百二十","2","0","2"
"度百二十四","2","0","2"
"日行二十三","2","0","2"
"百八十四日","2","0","2"
"八十四日行","2","0","2"
"日行百一十","2","0","2"
"行百一十二","2","0","2"
"七百八十日","2","0","2"
"二百三十分","1","1","2"
"行星四百一","2","0","2"
"星四百一十","2","0","2"
"四百一十五","1","1","2"
"一十五度二","1","1","2"
"十五度二百","1","1","2"
"五度二百四","1","1","2"
"度二百四十","1","1","2"
"二百四十九","1","1","2"
"四十九万八","1","1","2"
"十九万八千","1","1","2"
"九万八千六","1","1","2"
"六百九十分","1","1","2"
"十九日三百","2","0","2"
"九日三百八","2","0","2"
"日三百八十","2","0","2"
"行星二度六","2","0","2"
"星二度六百","2","0","2"
"二度六百四","2","0","2"
"百七十二分","1","1","2"
"八十六日行","2","0","2"
"十六日行六","2","0","2"
"六日行六度","2","0","2"
"日行六度半","2","0","2"
"三十二日半","2","0","2"
"行星十二度","2","0","2"
"十二度五百","1","1","2"
"二度五百九","1","1","2"
"度五百九十","1","1","2"
"百五十六分","1","1","2"
"日行四十五","2","0","2"
"四十五分三","2","0","2"
"十五分三十","2","0","2"
"五分三十三","2","0","2"
"日行一度九","2","0","2"
"行一度九十","2","0","2"
"一度九十一","2","0","2"
"度九十一分","2","0","2"
"一日行百五","2","0","2"
"日行百五度","2","0","2"
"行百五度顺","2","0","2"
"四十二日十","2","0","2"
"行星五十二","2","0","2"
"星五十二度","2","0","2"
"二百九十二","1","1","2"
"十二度更顺","2","0","2"
"行一度十四","1","1","2"
"一度十四分","1","1","2"
"五百八十四","1","1","2"
"三十八万九","1","1","2"
"十八万九千","1","1","2"
"八万九千九","1","1","2"
"九百八十分","1","1","2"
"十一日退七","2","0","2"
"一日退七度","2","0","2"
"日行八分七","2","0","2"
"八日行七度","2","0","2"
"行一度十八","2","0","2"
"一度十八分","2","0","2"
"度十八分四","2","0","2"
"日行二十二","2","0","2"
"十八日二千","2","0","2"
"八日二千三","2","0","2"
"行星三十六","2","0","2"
"星三十六度","2","0","2"
"六度二千三","2","0","2"
"度二千三十","2","0","2"
"千八百九十","1","1","2"
"八百九十六","1","1","2"
"九十六万一","1","1","2"
"十六万一千","1","1","2"
"六万一千三","1","1","2"
"三百九十五","1","1","2"
"百九十五分","1","1","2"
"木日度法乘","2","0","2"
"魏黄初元年","1","1","2"
"年十一月小","1","1","2"
"一月己卯朔","1","1","2"
"军琅邪王朔","1","1","2"
"令何承天私","1","1","2"
"二十七八度","1","1","2"
"国子博士何","1","1","2"
"子博士何承","1","1","2"
"博士何承天","1","1","2"
"一年七月十","1","1","2"
"年七月十六","1","1","2"
"十五日四更","1","1","2"
"二十二度半","1","1","2"
"五年五月十","1","1","2"
"五月十五日","2","0","2"
"七年九月十","1","1","2"
"年九月十六","1","1","2"
"九月十六日","1","1","2"
"日斗二十一","2","0","2"
"一月七日冬","1","1","2"
"十一月十八","1","1","2"
"一月十八日","1","1","2"
"月十八日冬","1","1","2"
"二十九日冬","1","1","2"
"一月十一日","1","1","2"
"一月二十一","1","1","2"
"十月二十九","1","1","2"
"一月十三日","1","1","2"
"十八年十一","1","1","2"
"骑郎皮延宗","1","1","2"
"三千五百二","1","1","2"
"五百二十三","1","1","2"
"百二十三年","1","1","2"
"二十二万二","1","1","2"
"七百五十二","1","1","2"
"二万二千二","1","1","2"
"七百二十一","1","1","2"
"三百三十五","1","1","2"
"留二十六日","2","0","2"
"满日法积日","2","0","2"
"求年正月朔","2","0","2"
"三百九十九","1","1","2"
"三百五十三","1","1","2"
"二百八十七","1","1","2"
"小分满四小","2","0","2"
"分满四小余","2","0","2"
"所求年雨水","2","0","2"
"小余满度法","1","1","2"
"满没法大余","2","0","2"
"一百三十三","1","1","2"
"加度三十五","2","0","2"
"所入迟疾加","2","0","2"
"会数一百六","1","1","2"
"数一百六十","1","1","2"
"七百三十四","1","1","2"
"百七十五半","1","1","2"
"合朔月食定","2","0","2"
"朔月食定大","2","0","2"
"月食定大小","2","0","2"
"食定大小余","2","0","2"
"加本朔望小","2","0","2"
"本朔望小余","2","0","2"
"满日法一强","2","0","2"
"合朔月食加","2","0","2"
"朔月食加时","2","0","2"
"一百六十一","1","1","2"
"大分满度法","1","1","2"
"晋太元九年","1","1","2"
"满日度法积","2","0","2"
"日度法积度","2","0","2"
"加星合日余","2","0","2"
"余满纪法度","2","0","2"
"行分满法度","2","0","2"
"余四万一千","1","1","2"
"四万一千七","1","1","2"
"一十五日行","2","0","2"
"十五日行二","2","0","2"
"五日行二十","2","0","2"
"日行二十度","2","0","2"
"日余二万四","1","1","2"
"余二万四千","1","1","2"
"百一十二半","1","1","2"
"四万九千四","1","1","2"
"九千四百三","1","1","2"
"千四百三十","1","1","2"
"日行七分五","2","0","2"
"七十七度半","1","1","2"
"九千六百二","1","1","2"
"六百二十五","1","1","2"
"度余三万三","1","1","2"
"余三万三千","1","1","2"
"三万三千五","1","1","2"
"度余一万七","1","1","2"
"七千三百七","1","1","2"
"三百七十五","1","1","2"
"四千四百八","1","1","2"
"四百八十二","1","1","2"
"百八十二半","1","1","2"
"度余四万六","1","1","2"
"余四万六千","1","1","2"
"四万六千八","1","1","2"
"六千八百四","1","1","2"
"日行十二分","2","0","2"
"行十二分一","2","0","2"
"日余八千九","1","1","2"
"余八千九百","1","1","2"
"八千九百六","1","1","2"
"度余九万三","1","1","2"
"余九万三千","1","1","2"
"九万三千六","1","1","2"
"三千六百九","1","1","2"
"六百九十五","1","1","2"
"行一度十三","2","0","2"
"一度十三分","2","0","2"
"十一日行一","2","0","2"
"一日行一百","2","0","2"
"百八十三日","2","0","2"
"余四万八千","1","1","2"
"四万八千六","1","1","2"
"度余三万六","1","1","2"
"百九十一日","2","0","2"
"日余七万一","2","0","2"
"度余七万一","1","1","2"
"日行二十四","2","0","2"
"行二十四度","2","0","2"
"七日行五度","2","0","2"
"余六万六千","1","1","2"
"六千七百二","1","1","2"
"小余满三千","1","1","2"
"余满三千六","1","1","2"
"满三千六百","1","1","2"
"著作令史吴","1","1","2"
"作令史吴癸","1","1","2"
"令史吴癸依","1","1","2"
"推入阴阳历","2","0","2"
"入阴阳历术","2","0","2"
"余满历周者","2","0","2"
"满历周者入","2","0","2"
"历周者入阳","2","0","2"
"周者入阳历","2","0","2"
"年正月合朔","1","1","2"
"历满十三日","2","0","2"
"日余万五千","2","0","2"
"余万五千九","2","0","2"
"盈缩定积分","1","1","2"
"定日余乘损","2","0","2"
"余一千二百","1","1","2"
"百八十九半","1","1","2"
"夜半入历日","2","0","2"
"半入历日余","2","0","2"
"百九十一年","1","1","2"
"日宿左五十","2","0","2"
"宿左五十许","2","0","2"
"左五十许度","2","0","2"
"五万一千九","1","1","2"
"一千九百三","1","1","2"
"四百四十九","1","1","2"
"置入上元年","2","0","2"
"入上元年数","2","0","2"
"二百四十七","1","1","2"
"大余命甲子","2","0","2"
"五千五百二","1","1","2"
"日余三万四","2","0","2"
"三万四千四","1","1","2"
"万四千四百","1","1","2"
"四千四百四","1","1","2"
"小分百四十","2","0","2"
"分百四十七","2","0","2"
"微分满月法","1","1","2"
"度余满纪法","1","1","2"
"三万一千八","1","1","2"
"万一千八百","1","1","2"
"一千八百三","1","1","2"
"八百三十四","1","1","2"
"七千九百六","2","0","2"
"七百三十六","1","1","2"
"大月加二日","2","0","2"
"小月加一日","2","0","2"
"七百四十六","1","1","2"
"交数三十五","1","1","2"
"数三十五万","1","1","2"
"三十五万八","1","1","2"
"十五万八千","1","1","2"
"五万八千八","1","1","2"
"八千八百八","1","1","2"
"八百八十八","1","1","2"
"百八十八半","1","1","2"
"一百八十六","1","1","2"
"分满六百六","2","0","2"
"满六百六日","2","0","2"
"六百六日余","2","0","2"
"一百九十八","1","1","2"
"四百二十八","1","1","2"
"四百八十一","1","1","2"
"历余乘损益","2","0","2"
"四百五十七","1","1","2"
"百五十七万","1","1","2"
"五十七万六","1","1","2"
"满三百六十","1","1","2"
"三万七千五","1","1","2"
"留二十八日","2","0","2"
"余三万五千","1","1","2"
"三万五千六","1","1","2"
"度余二万五","1","1","2"
"余二万五千","1","1","2"
"二万五千二","1","1","2"
"五千二百一","1","1","2"
"二百一十五","1","1","2"
"度余二万八","1","1","2"
"余二万八千","1","1","2"
"二万八千八","1","1","2"
"八千八百六","1","1","2"
"八百六十五","1","1","2"
"二百一十六","1","1","2"
"二百五十八","1","1","2"
"行四十九度","2","0","2"
"度余万九千","2","0","2"
"万九千八百","1","1","2"
"留三十三日","2","0","2"
"度余三万八","1","1","2"
"行一度四分","1","1","2"
"行一度五分","1","1","2"
"六千七百六","1","1","2"
"度余二万六","1","1","2"
"余二万六千","1","1","2"
"六千三百一","1","1","2"
"三百一十二","2","0","2"
"日行一度六","2","0","2"
"三万四千七","1","1","2"
"万四千七百","1","1","2"
"四千七百三","1","1","2"
"七百三十九","1","1","2"
"使内外博议","2","0","2"
"后杂觇知南","2","0","2"
"杂觇知南斗","2","0","2"
"觇知南斗二","2","0","2"
"知南斗二十","2","0","2"
"南斗二十二","2","0","2"
"夏正建申时","2","0","2"
"七千四百二","1","1","2"
"四百二十九","1","1","2"
"百二十九年","1","1","2"
"岂非承天者","2","0","2"
"非承天者乎","2","0","2"
"冲苟存甲子","2","0","2"
"所纪首置差","2","0","2"
"冲违天改易","2","0","2"
"愚谓治历大","2","0","2"
"谓治历大过","2","0","2"
"月十五日丁","2","0","2"
"十五日丁夜","2","0","2"
"五日丁夜月","2","0","2"
"日丁夜月蚀","2","0","2"
"八年八月十","1","1","2"
"年八月十五","1","1","2"
"年九月十五","1","1","2"
"元年立冬后","1","1","2"
"年立冬后四","1","1","2"
"二日十二刻","2","0","2"
"加时夜半后","2","0","2"
"时夜半后三","2","0","2"
"夜半后三十","2","0","2"
"后三十八刻","1","1","2"
"五年十月十","1","1","2"
"七寸七分半","1","1","2"
"八寸一分太","1","1","2"
"七寸五分强","1","1","2"
"后三十一刻","1","1","2"
"中书舍人巢","1","1","2"
"书舍人巢尚","1","1","2"
"史二千石长","2","0","2"
"二千石长吏","2","0","2"
"四方水旱灾","1","1","2"
"六年二月己","1","1","2"
"关门下位尚","2","0","2"
"门下位尚书","2","0","2"
"附列尚书众","1","1","2"
"列尚书众官","1","1","2"
"尚书众官署","1","1","2"
"尚书名下应","1","1","2"
"司徒长史王","1","1","2"
"徒长史王甲","1","1","2"
"尚书三公郎","1","1","2"
"就席伏读讫","2","0","2"
"晋成帝咸五","2","0","2"
"成帝咸五年","2","0","2"
"侍中散骑侍","1","1","2"
"中散骑侍郎","1","1","2"
"散骑侍郎荀","1","1","2"
"骑侍郎荀弈","1","1","2"
"黄门侍郎散","1","1","2"
"门侍郎散骑","1","1","2"
"侍郎散骑侍","1","1","2"
"郎散骑侍郎","1","1","2"
"五年六月三","1","1","2"
"年六月三十","1","1","2"
"六月三十日","1","1","2"
"六年六月辛","1","1","2"
"年六月辛酉","1","1","2"
"驸马都尉奉","1","1","2"
"马都尉奉朝","1","1","2"
"都尉奉朝请","1","1","2"
"奉朝请徐道","2","0","2"
"朝请徐道娱","2","0","2"
"立秋御读令","2","0","2"
"礼记·月令","1","1","2"
"士荀万秋议","2","0","2"
"春夏秋冬四","1","1","2"
"史令高堂隆","1","1","2"
"令高堂隆上","1","1","2"
"蔡邕章句曰","2","0","2"
"海西钟山后","1","1","2"
"宣帝地节四","1","1","2"
"帝地节四年","1","1","2"
"丞相翟方进","1","1","2"
"车骑将军贾","1","1","2"
"尚书仆射武","2","0","2"
"书仆射武陔","2","0","2"
"都护大将军","1","1","2"
"护大将军郭","1","1","2"
"大将军郭建","1","1","2"
"群臣庶僚吉","2","0","2"
"臣庶僚吉服","2","0","2"
"四月二十五","1","1","2"
"二十五日安","1","1","2"
"将殿中将军","1","1","2"
"行丧三十日","2","0","2"
"元杨皇后崩","2","0","2"
"博士张靖议","1","1","2"
"博士陈逵议","1","1","2"
"尚书仆射卢","1","1","2"
"书仆射卢钦","1","1","2"
"太傅录尚书","1","1","2"
"傅录尚书会","1","1","2"
"门侍郎王准","1","1","2"
"太后制三年","2","0","2"
"散骑常侍谢","1","1","2"
"骑常侍谢衡","1","1","2"
"大功重嫡服","2","0","2"
"秘书监挚虞","1","1","2"
"书监挚虞议","1","1","2"
"崇德太后褚","1","1","2"
"德太后褚氏","1","1","2"
"太后褚氏崩","2","0","2"
"学博士徐藻","1","1","2"
"博士徐藻议","1","1","2"
"后名位允正","2","0","2"
"故成风显夫","2","0","2"
"成风显夫人","2","0","2"
"风显夫人号","2","0","2"
"公服三年丧","2","0","2"
"谓应同祖母","2","0","2"
"应同祖母后","2","0","2"
"七年七月壬","1","1","2"
"事中刘温持","1","1","2"
"东宫崇正殿","1","1","2"
"未公除时服","2","0","2"
"皇后除心制","2","0","2"
"后除心制日","2","0","2"
"学博士王膺","1","1","2"
"子助教苏玮","2","0","2"
"助教苏玮生","2","0","2"
"教苏玮生议","2","0","2"
"前祠部郎中","1","1","2"
"祠部郎中周","1","1","2"
"部郎中周景","1","1","2"
"中周景远议","1","1","2"
"孝建二年二","1","1","2"
"建二年二月","1","1","2"
"曹郎硃膺议","2","0","2"
"祖父右光禄","1","1","2"
"父右光禄大","1","1","2"
"皇太子所生","2","0","2"
"子前卫率徐","1","1","2"
"前卫率徐邈","1","1","2"
"卫率徐邈议","1","1","2"
"皇太子妃薨","2","0","2"
"服大功九月","2","0","2"
"宫臣服齐衰","1","1","2"
"右丞徐爰参","1","1","2"
"丞徐爰参议","2","0","2"
"元嘉四年八","1","1","2"
"嘉四年八月","1","1","2"
"王神主随子","2","0","2"
"公主所生母","2","0","2"
"生母蒋美人","1","1","2"
"海盐公主先","1","1","2"
"礼官博士议","1","1","2"
"博士顾雅议","1","1","2"
"博士周野王","1","1","2"
"国子助教周","1","1","2"
"子助教周野","1","1","2"
"助教周野王","1","1","2"
"博士王罗云","1","1","2"
"前博士迁员","1","1","2"
"博士迁员外","1","1","2"
"士迁员外散","1","1","2"
"散骑侍郎庾","1","1","2"
"骑侍郎庾邃","1","1","2"
"生母吴淑仪","1","1","2"
"故第十六皇","1","1","2"
"第十六皇弟","1","1","2"
"辄下礼官详","2","0","2"
"太学博士陆","1","1","2"
"学博士陆澄","1","1","2"
"博士陆澄议","1","1","2"
"左丞臣羊希","1","1","2"
"丞臣羊希参","1","1","2"
"三十年闰六","1","1","2"
"十年闰六月","1","1","2"
"年闰六月二","1","1","2"
"太常鄱阳哀","1","1","2"
"常鄱阳哀王","1","1","2"
"鄱阳哀王年","2","0","2"
"阳哀王年闰","2","0","2"
"哀王年闰三","2","0","2"
"王年闰三月","2","0","2"
"年闰三月十","1","1","2"
"闰三月十八","1","1","2"
"三月十八日","1","1","2"
"明年末月小","1","1","2"
"年二十九日","1","1","2"
"二十九日亲","1","1","2"
"丞荀万秋等","1","1","2"
"士周山文议","2","0","2"
"时太后临朝","1","1","2"
"晋世孝武太","1","1","2"
"世孝武太元","1","1","2"
"孝武太元六","1","1","2"
"武太元六年","1","1","2"
"大行皇后陵","1","1","2"
"子弟六十人","1","1","2"
"选挽郎二十","1","1","2"
"挽郎二十四","1","1","2"
"郎二十四人","1","1","2"
"将军司马道","1","1","2"
"军司马道子","1","1","2"
"司马道子命","1","1","2"
"书左仆射桓","1","1","2"
"左仆射桓谦","1","1","2"
"魏武帝天下","2","0","2"
"乡公甘露二","1","1","2"
"公甘露二年","1","1","2"
"将军参军太","1","1","2"
"军参军太原","1","1","2"
"参军太原王","1","1","2"
"军太原王伦","1","1","2"
"书祠部郎中","1","1","2"
"祠部郎中裴","1","1","2"
"部郎中裴松","1","1","2"
"博士王庆绪","1","1","2"
"士王庆绪议","1","1","2"
"常丞虞愿等","1","1","2"
"常丞司马燮","1","1","2"
"王妃三夫人","1","1","2"
"妃三夫人九","1","1","2"
"国解称国子","2","0","2"
"太学博士孙","1","1","2"
"学博士孙豁","1","1","2"
"博士孙武议","1","1","2"
"晋济北侯荀","2","0","2"
"北侯荀勖长","2","0","2"
"侯荀勖长子","2","0","2"
"曹郎诸葛雅","1","1","2"
"大明十二年","1","1","2"
"明十二年十","1","1","2"
"国子袁愍孙","1","1","2"
"下国卿大夫","1","1","2"
"大明四年九","1","1","2"
"明四年九月","1","1","2"
"武帝大明六","1","1","2"
"帝大明六年","1","1","2"
"大明六年五","1","1","2"
"明六年五月","1","1","2"
"翙黍祭司寒","2","0","2"
"陈蕃光禄勋","2","0","2"
"下录郡国百","1","1","2"
"录郡国百神","1","1","2"
"延康元年十","1","1","2"
"御史大夫张","1","1","2"
"史大夫张音","1","1","2"
"大夫张音奉","1","1","2"
"夫张音奉皇","1","1","2"
"张音奉皇帝","1","1","2"
"皇帝玺绶策","2","0","2"
"帝玺绶策书","2","0","2"
"相国华歆跪","1","1","2"
"北郊除先后","2","0","2"
"郊除先后配","2","0","2"
"除先后配祀","2","0","2"
"明帝太元年","2","0","2"
"宗祀文皇帝","2","0","2"
"祀文皇帝明","2","0","2"
"执金吾臧霸","1","1","2"
"郊所祭曰皇","2","0","2"
"十二月壬子","1","1","2"
"二月壬子冬","1","1","2"
"祀皇皇帝天","1","1","2"
"皇帝臣孙权","1","1","2"
"国二十四世","1","1","2"
"王者天下家","2","0","2"
"末年一南郊","2","0","2"
"建安二十六","1","1","2"
"安二十六年","1","1","2"
"二十六年夏","1","1","2"
"昭告皇天上","1","1","2"
"告皇天上帝","1","1","2"
"光武皇帝震","1","1","2"
"武皇帝震怒","1","1","2"
"章武二年十","1","1","2"
"武二年十月","1","1","2"
"诏丞相诸葛","2","0","2"
"咸熙二年十","1","1","2"
"持节侍中太","1","1","2"
"节侍中太保","1","1","2"
"侍中太保郑","1","1","2"
"中太保郑冲","1","1","2"
"太尉司隶校","1","1","2"
"尉司隶校尉","1","1","2"
"司隶校尉李","1","1","2"
"郊祀宣皇帝","1","1","2"
"祀天旅上帝","2","0","2"
"除明堂五帝","1","1","2"
"太常贺循依","1","1","2"
"国子祭酒杜","1","1","2"
"子祭酒杜夷","1","1","2"
"汉献帝居许","1","1","2"
"太宁三年七","1","1","2"
"宣穆张皇后","1","1","2"
"穆张皇后配","1","1","2"
"汉光武正月","1","1","2"
"光武正月辛","1","1","2"
"尚书左丞王","1","1","2"
"永初元年六","1","1","2"
"永初二年正","1","1","2"
"二年正月上","1","1","2"
"社稷宗庙山","1","1","2"
"稷宗庙山川","1","1","2"
"学博士王祀","1","1","2"
"建平王宏重","2","0","2"
"平王宏重参","2","0","2"
"王宏重参议","2","0","2"
"正月丙午朔","2","0","2"
"使礼官议正","2","0","2"
"七年九月辛","1","1","2"
"年九月辛丑","1","1","2"
"年四月辛巳","1","1","2"
"月下辛卜三","2","0","2"
"下辛卜三月","2","0","2"
"辛卜三月上","2","0","2"
"卜三月上辛","2","0","2"
"尚书何偃议","1","1","2"
"十一月辛酉","1","1","2"
"黄门侍郎徐","1","1","2"
"门侍郎徐爰","1","1","2"
"侍郎徐爰议","1","1","2"
"安王休仁等","1","1","2"
"六年正月乙","1","1","2"
"曹郎虞愿议","1","1","2"
"曹郎王延秀","1","1","2"
"郎王延秀重","1","1","2"
"年十月丁巳","1","1","2"
"五百一十四","1","1","2"
"百一十四神","1","1","2"
"太康二年冬","1","1","2"
"祖文皇帝功","1","1","2"
"年九月甲子","1","1","2"
"祠部郎颜奂","1","1","2"
"部郎颜奂议","1","1","2"
"始七年十月","1","1","2"
"年十月庚子","1","1","2"
"年正月十八","1","1","2"
"祠部郎王延","1","1","2"
"守尚书令袁","1","1","2"
"书令袁粲等","1","1","2"
"中护军蒋济","1","1","2"
"书左仆射山","1","1","2"
"左仆射山涛","1","1","2"
"高祖宣皇帝","1","1","2"
"世宗景皇帝","1","1","2"
"明元年十一","1","1","2"
"江夏王臣义","2","0","2"
"夏王臣义恭","2","0","2"
"追尊高祖大","1","1","2"
"尊高祖大长","1","1","2"
"高祖大长秋","1","1","2"
"行太傅太常","1","1","2"
"太傅太常韩","1","1","2"
"傅太常韩暨","1","1","2"
"宗正曹恪持","1","1","2"
"正曹恪持节","1","1","2"
"上集成大命","1","1","2"
"司空王朗持","1","1","2"
"空王朗持节","1","1","2"
"王朗持节奉","1","1","2"
"朗持节奉策","1","1","2"
"天子羡思慈","1","1","2"
"子羡思慈亲","1","1","2"
"遣守丞相孟","1","1","2"
"守丞相孟仁","1","1","2"
"太常姚信等","1","1","2"
"金城外露宿","1","1","2"
"章武元年四","1","1","2"
"增封晋文帝","1","1","2"
"舞阳宣文侯","1","1","2"
"追祭征西将","1","1","2"
"祭征西将军","1","1","2"
"夫人夏侯氏","1","1","2"
"灵寿公主修","1","1","2"
"寿公主修丽","1","1","2"
"世祖武皇帝","1","1","2"
"告先帝先后","1","1","2"
"咸康七年五","1","1","2"
"简文皇帝宣","1","1","2"
"文皇帝宣太","1","1","2"
"皇帝宣太后","1","1","2"
"宣德陈太后","1","1","2"
"宣郑太后庙","1","1","2"
"高祖开封府","1","1","2"
"祖开封府君","1","1","2"
"曾祖武原府","1","1","2"
"祖武原府君","1","1","2"
"皇祖东安府","1","1","2"
"祖东安府君","1","1","2"
"右北平府君","1","1","2"
"前太常贺循","1","1","2"
"骠骑长史温","1","1","2"
"骠骑将军王","1","1","2"
"骑将军王导","1","1","2"
"太常冯怀表","1","1","2"
"司徒蔡谟议","1","1","2"
"护军将军冯","1","1","2"
"军将军冯怀","1","1","2"
"将军冯怀表","1","1","2"
"辅国将军谯","1","1","2"
"国将军谯王","1","1","2"
"将军谯王司","1","1","2"
"军谯王司马","1","1","2"
"尚书郎孙绰","1","1","2"
"稽王司马昱","1","1","2"
"义熙九年四","1","1","2"
"熙九年四月","1","1","2"
"马琅邪王司","1","1","2"
"邪王司马德","1","1","2"
"王司马德文","1","1","2"
"司马德文议","1","1","2"
"大司农徐广","1","1","2"
"司农徐广议","1","1","2"
"谘议参军袁","1","1","2"
"议参军袁豹","1","1","2"
"参军袁豹议","1","1","2"
"祠部郎臧焘","1","1","2"
"部郎臧焘议","1","1","2"
"元十二年五","1","1","2"
"祠部郎徐邈","1","1","2"
"部郎徐邈议","1","1","2"
"吏部郎王忱","1","1","2"
"部郎王忱议","1","1","2"
"稽王司马道","1","1","2"
"尚书令谢石","1","1","2"
"义熙二年六","1","1","2"
"熙二年六月","1","1","2"
"书左仆射孔","1","1","2"
"太常博士徐","1","1","2"
"御史中丞范","1","1","2"
"史中丞范泰","1","1","2"
"中丞范泰议","1","1","2"
"一年十月应","1","1","2"
"故四时烝尝","2","0","2"
"升平五年五","1","1","2"
"平五年五月","1","1","2"
"兴宁三年二","1","1","2"
"隆安四年七","1","1","2"
"安四年七月","1","1","2"
"永十年五十","2","0","2"
"十年五十余","2","0","2"
"三十月辄殷","2","0","2"
"太常刘瑾议","1","1","2"
"孝武皇帝宁","1","1","2"
"武皇帝宁康","1","1","2"
"皇帝宁康二","1","1","2"
"帝宁康二年","1","1","2"
"宁康二年十","1","1","2"
"元年四月应","1","1","2"
"建元年十二","1","1","2"
"博士徐宏议","1","1","2"
"七年二月辛","1","1","2"
"咸宁五年十","2","0","2"
"宗庙废一时","2","0","2"
"庙废一时祀","2","0","2"
"五年十月己","1","1","2"
"年十月己卯","1","1","2"
"虑政事荒废","1","1","2"
"元嘉三年五","1","1","2"
"嘉三年五月","1","1","2"
"三年五月庚","1","1","2"
"元嘉六年七","1","1","2"
"徐道娱上议","2","0","2"
"道娱上议曰","2","0","2"
"博士贺道期","1","1","2"
"十月三日殷","1","1","2"
"月三日殷祠","1","1","2"
"谓五年殷祭","2","0","2"
"诸侯先时祭","1","1","2"
"侯先时祭然","1","1","2"
"先时祭然后","1","1","2"
"僖公八年秋","1","1","2"
"公八年秋七","1","1","2"
"公二年八月","1","1","2"
"昭公十五年","1","1","2"
"公十五年二","1","1","2"
"元嘉七年四","1","1","2"
"嘉七年四月","1","1","2"
"太学博士江","1","1","2"
"学博士江邃","1","1","2"
"殿中曹郎中","1","1","2"
"十二月癸酉","1","1","2"
"太祝令徐闰","1","1","2"
"徐道娱等议","2","0","2"
"道娱等议称","2","0","2"
"常丞司马操","1","1","2"
"祀山林川泽","1","1","2"
"江夏王太子","1","1","2"
"学博士傅休","1","1","2"
"晋太康四年","1","1","2"
"太常丞庾亮","1","1","2"
"祠部硃膺议","2","0","2"
"右丞殿中郎","1","1","2"
"丞殿中郎徐","1","1","2"
"中郎徐爰议","2","0","2"
"学博士王燮","1","1","2"
"同博士王燮","1","1","2"
"大明三年六","1","1","2"
"明三年六月","1","1","2"
"三年六月乙","1","1","2"
"第八皇女夭","1","1","2"
"太常丞陆澄","1","1","2"
"日蚀太庙火","2","0","2"
"前代司空顾","1","1","2"
"殿中郎殷淡","1","1","2"
"五年十月甲","1","1","2"
"年十月甲寅","1","1","2"
"皇太子故妃","1","1","2"
"晋咸宁四年","1","1","2"
"晋武帝伯母","1","1","2"
"七年二月丙","1","1","2"
"泰豫元年七","1","1","2"
"豫元年七月","1","1","2"
"文皇帝太后","1","1","2"
"孝武皇帝尊","2","0","2"
"博士颜燮等","1","1","2"
"士颜燮等四","1","1","2"
"颜燮等四人","1","1","2"
"常丞韩贲议","2","0","2"
"年十月戊辰","1","1","2"
"太后庙毁置","2","0","2"
"六百六十三","1","1","2"
"百六十三人","1","1","2"
"六百三十六","1","1","2"
"百三十六人","1","1","2"
"骑侍郎王法","1","1","2"
"侍郎王法施","1","1","2"
"郎王法施等","1","1","2"
"王法施等二","1","1","2"
"法施等二十","1","1","2"
"施等二十七","1","1","2"
"曹郎中周景","1","1","2"
"中周景远重","1","1","2"
"议魏文思后","1","1","2"
"姜嫄庙禘袷","2","0","2"
"太常丞孙缅","1","1","2"
"常丞虞愿议","2","0","2"
"宣太后追尊","1","1","2"
"亲进觞爵伏","2","0","2"
"昭皇太后室","2","0","2"
"祝文称皇帝","1","1","2"
"二十五日虔","1","1","2"
"皇太后正号","1","1","2"
"太后正号久","1","1","2"
"宜称皇帝讳","2","0","2"
"二年十月壬","1","1","2"
"年十月壬寅","1","1","2"
"奏昭太后庙","1","1","2"
"都令史殷匪","1","1","2"
"令史殷匪子","1","1","2"
"妾祔妾祖姑","2","0","2"
"学博士殷灵","1","1","2"
"博士殷灵祚","1","1","2"
"埋告币埋虞","1","1","2"
"设脯醢安神","2","0","2"
"左仆射刘秉","1","1","2"
"仆射刘秉等","1","1","2"
"射刘秉等七","1","1","2"
"刘秉等七人","1","1","2"
"魏明帝太三","2","0","2"
"孝建元年七","1","1","2"
"建元年七月","1","1","2"
"年七月辛酉","1","1","2"
"学博士傅郁","1","1","2"
"明六年十月","1","1","2"
"六年十月丙","1","1","2"
"故晋陵孝王","1","1","2"
"国臣权制除","2","0","2"
"臣权制除释","2","0","2"
"宣贵妃加殊","2","0","2"
"新安王心丧","1","1","2"
"游击将军徐","1","1","2"
"击将军徐爰","1","1","2"
"晋陵王近例","1","1","2"
"庐陵孝献王","1","1","2"
"陵孝献王庙","1","1","2"
"车骑司马傅","1","1","2"
"骑司马傅咸","1","1","2"
"受霜露风雨","1","1","2"
"封四方诸侯","1","1","2"
"魏氏三祖皆","2","0","2"
"质明一太牢","2","0","2"
"明一太牢告","2","0","2"
"一太牢告祠","2","0","2"
"蚕室祭蚕神","1","1","2"
"采桑坛东南","1","1","2"
"桑坛东南帷","1","1","2"
"坛东南帷宫","1","1","2"
"谒者一人监","1","1","2"
"魏明帝太四","2","0","2"
"明帝太四年","2","0","2"
"太四年八月","2","0","2"
"穆帝升平中","2","0","2"
"殿中郎丘景","1","1","2"
"中郎丘景先","1","1","2"
"咸宁二年春","1","1","2"
"事奉圣亭侯","1","1","2"
"奉圣亭侯孔","1","1","2"
"圣亭侯孔亭","1","1","2"
"亭侯孔亭四","1","1","2"
"侯孔亭四时","1","1","2"
"升平元年三","1","1","2"
"平元年三月","1","1","2"
"宁康三年七","1","1","2"
"初六年十二","1","1","2"
"五年四月丙","1","1","2"
"车驾行幸江","2","0","2"
"驾行幸江宁","2","0","2"
"大明三年二","1","1","2"
"年二月戊申","1","1","2"
"光禄大夫袁","1","1","2"
"禄大夫袁湛","1","1","2"
"大夫袁湛墓","1","1","2"
"年九月庚午","1","1","2"
"司空殷景仁","1","1","2"
"空殷景仁墓","1","1","2"
"步兵校尉习","1","1","2"
"兵校尉习隆","1","1","2"
"中书侍郎向","1","1","2"
"文帝黄初五","1","1","2"
"帝黄初五年","1","1","2"
"安帝元初四","1","1","2"
"帝元初四年","1","1","2"
"后代圣人观","1","1","2"
"金华施","2","0","2"
"华施末","2","0","2"
"所谓左纛舆","1","1","2"
"汉官卤簿图","1","1","2"
"所谓五时副","1","1","2"
"谓五时副车","1","1","2"
"两辕安车驾","1","1","2"
"辕安车驾五","1","1","2"
"使尚书左丞","2","0","2"
"明帝青龙中","2","0","2"
"帝义熙十三","1","1","2"
"范阳人祖冲","1","1","2"
"抚军丹阳尹","1","1","2"
"军丹阳尹王","1","1","2"
"阳尹王僧虔","1","1","2"
"史中丞刘休","1","1","2"
"中丞刘休试","1","1","2"
"扶风人马岳","1","1","2"
"皇后法驾乘","1","1","2"
"后法驾乘重","1","1","2"
"法驾乘重翟","1","1","2"
"驾乘重翟羽","1","1","2"
"乘重翟羽盖","1","1","2"
"重翟羽盖金","1","1","2"
"翟羽盖金根","1","1","2"
"羽盖金根车","1","1","2"
"明帝永平七","1","1","2"
"帝永平七年","1","1","2"
"光烈阴皇后","1","1","2"
"公侯特进夫","1","1","2"
"侯特进夫人","1","1","2"
"大将军参乘","2","0","2"
"古者诸侯贰","2","0","2"
"者诸侯贰车","2","0","2"
"诸侯贰车九","2","0","2"
"侯贰车九乘","2","0","2"
"事尚书一人","1","1","2"
"射声校尉司","1","1","2"
"声校尉司马","1","1","2"
"校尉司马吏","1","1","2"
"尉司马吏士","1","1","2"
"护军将军羊","1","1","2"
"司隶校尉刘","1","1","2"
"隶校尉刘毅","1","1","2"
"法乾坤上下","1","1","2"
"垂珠十二旒","1","1","2"
"五梁进贤冠","1","1","2"
"谒者高山冠","1","1","2"
"一名侧注冠","2","0","2"
"魏秘书监秦","1","1","2"
"秘书监秦静","1","1","2"
"皇后谒庙服","2","0","2"
"麟凤龟龙玺","1","1","2"
"驼马鸭头杂","1","1","2"
"马鸭头杂印","1","1","2"
"加中二千石","1","1","2"
"中二千石者","1","1","2"
"黄沙治书侍","1","1","2"
"沙治书侍御","1","1","2"
"诸县署令秩","1","1","2"
"徒右长史王","1","1","2"
"右长史王俭","1","1","2"
"公府长史应","1","1","2"
"诸仪同三府","1","1","2"
"曹郎中沈俣","1","1","2"
"太子保傅詹","1","1","2"
"子保傅詹事","1","1","2"
"保傅詹事丞","1","1","2"
"郡国太守相","1","1","2"
"国太守相内","1","1","2"
"太守相内史","1","1","2"
"诸县署令长","1","1","2"
"县署令长相","1","1","2"
"公侯诸署令","1","1","2"
"黄门诸署令","1","1","2"
"王郡公侯郎","1","1","2"
"郡公侯郎中","1","1","2"
"公侯郎中令","1","1","2"
"北军中候丞","1","1","2"
"通事舍人令","1","1","2"
"事舍人令史","1","1","2"
"门下主事令","1","1","2"
"下主事令史","1","1","2"
"王郡公侯中","1","1","2"
"郡公侯中尉","1","1","2"
"诸门仆射佐","1","1","2"
"门仆射佐史","1","1","2"
"殿中太医司","1","1","2"
"中太医司马","1","1","2"
"总章监鼓吹","1","1","2"
"章监鼓吹监","1","1","2"
"监鼓吹监司","1","1","2"
"鼓吹监司律","1","1","2"
"吹监司律司","1","1","2"
"总章监司律","1","1","2"
"章监司律司","1","1","2"
"太子诸署丞","1","1","2"
"黄门诸署丞","1","1","2"
"关谷塞护道","1","1","2"
"谷塞护道尉","1","1","2"
"人司马虎贲","1","1","2"
"像都匠行水","1","1","2"
"都匠行水中","1","1","2"
"匠行水中郎","1","1","2"
"行水中郎将","1","1","2"
"陛下甲仆射","1","1","2"
"下甲仆射主","1","1","2"
"甲仆射主事","1","1","2"
"仆射主事吏","1","1","2"
"射主事吏将","1","1","2"
"主事吏将骑","1","1","2"
"五牛旗假使","1","1","2"
"牛旗假使虎","1","1","2"
"旗假使虎贲","1","1","2"
"迹禽前驱基","2","0","2"
"禽前驱基强","2","0","2"
"前驱基强弩","2","0","2"
"驱基强弩司","2","0","2"
"南书门下虎","1","1","2"
"书门下虎贲","1","1","2"
"门下虎贲羽","1","1","2"
"下虎贲羽林","1","1","2"
"兰台五曹节","1","1","2"
"台五曹节藏","1","1","2"
"五曹节藏射","1","1","2"
"曹节藏射廊","1","1","2"
"节藏射廊下","1","1","2"
"藏射廊下守","1","1","2"
"都水使者黄","1","1","2"
"水使者黄沙","1","1","2"
"使者黄沙廊","1","1","2"
"者黄沙廊下","1","1","2"
"黄沙廊下守","1","1","2"
"非护乌丸羌","1","1","2"
"护乌丸羌夷","1","1","2"
"乌丸羌夷戎","1","1","2"
"丸羌夷戎蛮","1","1","2"
"羌夷戎蛮诸","1","1","2"
"夷戎蛮诸校","1","1","2"
"戎蛮诸校尉","1","1","2"
"绛绢黄绯青","1","1","2"
"绢黄绯青绯","1","1","2"
"白绢袍单衣","1","1","2"
"绢袍单衣一","1","1","2"
"中衣绢五丈","1","1","2"
"绢七尺五寸","1","1","2"
"品令第二品","1","1","2"
"骑士卒百工","1","1","2"
"士卒百工人","1","1","2"
"奴婢衣食客","1","1","2"
"珠玉金银错","1","1","2"
"玉金银错刻","1","1","2"
"金银错刻镂","1","1","2"
"银错刻镂雕","1","1","2"
"错刻镂雕饰","1","1","2"
"天子坐漆床","1","1","2"
"三台五省二","1","1","2"
"台五省二品","1","1","2"
"五省二品文","1","1","2"
"省二品文官","1","1","2"
"王公侯伯子","1","1","2"
"侯伯子男卿","1","1","2"
"伯子男卿尹","1","1","2"
"汉太尉杨彪","1","1","2"
"史臣案晋成","1","1","2"
"臣案晋成帝","1","1","2"
"案晋成帝咸","1","1","2"
"尚书八座丞","1","1","2"
"书八座丞郎","1","1","2"
"省侍郎乘车","1","1","2"
"大司马义阳","1","1","2"
"司马义阳王","1","1","2"
"安帝母弟太","1","1","2"
"帝母弟太宰","1","1","2"
"马江夏王义","1","1","2"
"骑大将军竟","2","0","2"
"大将军竟陵","2","0","2"
"军竟陵王诞","2","0","2"
"改革诸王车","1","1","2"
"革诸王车服","1","1","2"
"诸王车服制","1","1","2"
"王车服制度","1","1","2"
"公主王妃传","1","1","2"
"主王妃传令","1","1","2"
"正冬会奏舞","1","1","2"
"冬会奏舞曲","1","1","2"
"郡县内史相","1","1","2"
"诸王女封县","1","1","2"
"王女封县主","1","1","2"
"诸王子孙袭","1","1","2"
"王子孙袭封","1","1","2"
"子孙袭封王","1","1","2"
"同皇弟皇子","1","1","2"
"建二年十一","1","1","2"
"侍中祭酒何","1","1","2"
"中祭酒何偃","1","1","2"
"曹郎中徐爰","1","1","2"
"大驾属车八","1","1","2"
"驾属车八十","1","1","2"
"二十七世妇","1","1","2"
"八十一御妻","1","1","2"
"二十七大夫","1","1","2"
"八十一元士","1","1","2"
"四年正月戊","1","1","2"
"六年八月壬","1","1","2"
"年八月壬戌","1","1","2"
"小辇轮御轺","1","1","2"
"辇轮御轺衣","1","1","2"
"轮御轺衣书","1","1","2"
"御轺衣书等","1","1","2"
"轺衣书等车","1","1","2"
"四年八月甲","1","1","2"
"年八月甲寅","1","1","2"
"仪曹郎丘仲","1","1","2"
"皇太子元正","1","1","2"
"先王作乐崇","2","0","2"
"王作乐崇德","2","0","2"
"始皇改周舞","1","1","2"
"内史中丞王","1","1","2"
"史中丞王定","1","1","2"
"中丞王定传","1","1","2"
"授常山王禹","1","1","2"
"祖武皇帝乐","1","1","2"
"祖文皇帝乐","1","1","2"
"故侍中王粲","1","1","2"
"散骑常侍王","1","1","2"
"骑常侍王肃","1","1","2"
"武帝东巡封","1","1","2"
"帝东巡封禅","1","1","2"
"六舞大合乐","1","1","2"
"宗庙诗颂十","1","1","2"
"庙诗颂十二","1","1","2"
"诗颂十二篇","1","1","2"
"门侍郎张华","1","1","2"
"寿酒食举乐","1","1","2"
"中书郎成公","1","1","2"
"书郎成公绥","1","1","2"
"司律中郎将","1","1","2"
"律中郎将陈","1","1","2"
"公上寿酒一","1","1","2"
"上寿酒一篇","1","1","2"
"散骑常侍阮","1","1","2"
"骑常侍阮咸","1","1","2"
"太常贺循答","1","1","2"
"明帝太宁末","1","1","2"
"子黄门侍郎","1","1","2"
"乐工杨蜀等","1","1","2"
"等八十八人","1","1","2"
"立三十二章","1","1","2"
"嘉十八年九","1","1","2"
"十八年九月","1","1","2"
"义恭等十二","1","1","2"
"恭等十二人","1","1","2"
"前殿中曹郎","1","1","2"
"殿中曹郎荀","1","1","2"
"中曹郎荀万","1","1","2"
"曹郎荀万秋","1","1","2"
"诗三十二篇","1","1","2"
"诞等五十一","1","1","2"
"等五十一人","1","1","2"
"汉高祖庙乐","1","1","2"
"高祖庙乐称","1","1","2"
"丹阳尹建城","1","1","2"
"阳尹建城县","1","1","2"
"尹建城县开","1","1","2"
"建城县开国","1","1","2"
"县开国侯颜","1","1","2"
"开国侯颜竣","1","1","2"
"谓上帝非天","2","0","2"
"建二年十月","1","1","2"
"二年十月辛","1","1","2"
"登哥人上殿","2","0","2"
"文帝章太后","1","1","2"
"尚书左丞殷","1","1","2"
"书左丞殷淡","1","1","2"
"临德阳殿受","1","1","2"
"散骑侍郎顾","1","1","2"
"骑侍郎顾臻","1","1","2"
"总章工冯大","1","1","2"
"六三十六人","1","1","2"
"女子名子夜","1","1","2"
"孝武太元中","2","0","2"
"晋车骑将军","2","0","2"
"车骑将军沈","1","1","2"
"穆帝升平初","1","1","2"
"晋中书令王","1","1","2"
"中书令王珉","1","1","2"
"近世文士颜","1","1","2"
"世文士颜延","1","1","2"
"手接杯盘反","2","0","2"
"接杯盘反覆","2","0","2"
"书殿中郎袁","1","1","2"
"殿中郎袁明","1","1","2"
"中郎袁明子","1","1","2"
"郎袁明子启","1","1","2"
"尚书令王僧","1","1","2"
"书令王僧虔","1","1","2"
"令王僧虔上","1","1","2"
"王僧虔上表","1","1","2"
"暴新公所造","2","0","2"
"乌孙公主嫁","1","1","2"
"武帝大明中","2","0","2"
"三十六簧曰","2","0","2"
"十六簧曰竽","2","0","2"
"时西王母献","2","0","2"
"西王母献白","2","0","2"
"门督将五校","1","1","2"
"右祠天地五","2","0","2"
"天地五郊夕","1","1","2"
"地五郊夕牲","1","1","2"
"五郊夕牲歌","1","1","2"
"郊夕牲歌一","1","1","2"
"夕牲歌一篇","1","1","2"
"天地五郊迎","1","1","2"
"地五郊迎送","1","1","2"
"五郊迎送神","1","1","2"
"迎送神歌一","1","1","2"
"送神歌一篇","1","1","2"
"飨天地五郊","1","1","2"
"天地五郊歌","1","1","2"
"地五郊歌三","1","1","2"
"五郊歌三篇","1","1","2"
"右天地郊明","2","0","2"
"地郊明堂夕","1","1","2"
"郊明堂夕牲","1","1","2"
"明堂夕牲歌","1","1","2"
"地郊明堂降","1","1","2"
"郊明堂降神","1","1","2"
"明堂降神歌","1","1","2"
"天郊飨神歌","1","1","2"
"地郊飨神歌","1","1","2"
"明堂飨神歌","1","1","2"
"天地郊夕牲","1","1","2"
"地郊夕牲歌","1","1","2"
"天地郊迎送","1","1","2"
"地郊迎送神","1","1","2"
"歌太祖文皇","1","1","2"
"祖文皇帝词","1","1","2"
"矛俞新福歌","1","1","2"
"弩俞新福歌","1","1","2"
"安台新福歌","1","1","2"
"行辞新福歌","1","1","2"
"祠庙夕牲歌","1","1","2"
"祠庙迎送神","1","1","2"
"庙迎送神歌","1","1","2"
"祠征西将军","1","1","2"
"征西将军登","1","1","2"
"西将军登歌","1","1","2"
"祠豫章府君","1","1","2"
"豫章府君登","1","1","2"
"章府君登歌","1","1","2"
"川府君登歌","1","1","2"
"祠京兆府君","1","1","2"
"京兆府君登","1","1","2"
"兆府君登歌","1","1","2"
"祠宣皇帝登","1","1","2"
"宣皇帝登歌","1","1","2"
"祠景皇帝登","1","1","2"
"景皇帝登歌","1","1","2"
"祠文皇帝登","1","1","2"
"文皇帝登歌","1","1","2"
"祠庙飨神歌","1","1","2"
"庙飨神歌二","1","1","2"
"飨神歌二篇","1","1","2"
"祠北平府君","1","1","2"
"北平府君登","1","1","2"
"平府君登歌","1","1","2"
"祠相国掾府","1","1","2"
"国掾府君登","1","1","2"
"掾府君登歌","1","1","2"
"祠开封府君","1","1","2"
"开封府君登","1","1","2"
"封府君登歌","1","1","2"
"祠武原府君","1","1","2"
"武原府君登","1","1","2"
"原府君登歌","1","1","2"
"安府君登歌","1","1","2"
"祠孝皇帝登","1","1","2"
"孝皇帝登歌","1","1","2"
"祠高祖武皇","1","1","2"
"祖武皇帝登","1","1","2"
"武皇帝登歌","1","1","2"
"祠七庙享神","1","1","2"
"七庙享神登","1","1","2"
"庙享神登歌","1","1","2"
"右王公上寿","2","0","2"
"王公上寿诗","1","1","2"
"公上寿诗一","1","1","2"
"上寿诗一章","1","1","2"
"举东西厢乐","1","1","2"
"东西厢乐诗","1","1","2"
"西厢乐诗十","1","1","2"
"厢乐诗十一","1","1","2"
"乐诗十一章","1","1","2"
"圣皇君四海","2","0","2"
"右雅乐正旦","2","0","2"
"会行礼诗四","1","1","2"
"行礼诗四章","1","1","2"
"公上寿酒所","1","1","2"
"皇极辟四门","2","0","2"
"会行礼诗十","1","1","2"
"行礼诗十五","1","1","2"
"礼诗十五章","1","1","2"
"大会行礼歌","1","1","2"
"会行礼歌二","1","1","2"
"行礼歌二章","1","1","2"
"王公上寿歌","1","1","2"
"公上寿歌一","1","1","2"
"上寿歌一章","1","1","2"
"殿前登歌三","1","1","2"
"前登歌三章","1","1","2"
"黄金络马头","2","0","2"
"魂魄飞扬上","1","1","2"
"魄飞扬上天","1","1","2"
"虎贲三百人","1","1","2"
"愿登泰华山","2","0","2"
"天地何长久","2","0","2"
"陛下长乐寿","1","1","2"
"陛下长欢乐","1","1","2"
"威风震万里","1","1","2"
"大战沙阳陂","1","1","2"
"东土放鲸鲵","1","1","2"
"仁风翔海外","1","1","2"
"忠臣遇明君","1","1","2"
"冰霜昼夜结","1","1","2"
"后园凿井银","1","1","2"
"兴隆舞杯盘","1","1","2"
"诸君醉复醒","1","1","2"
"甘露初二年","1","1","2"
"视子趋一雉","1","1","2"
"十八句句三","2","0","2"
"六句句四字","2","0","2"
"凡二十一句","2","0","2"
"三句句五字","2","0","2"
"多选忠义士","1","1","2"
"凡二十四句","2","0","2"
"十七句句五","2","0","2"
"万国皆附亲","1","1","2"
"凡二十六句","2","0","2"
"二十二句句","2","0","2"
"十二句句五","2","0","2"
"汉第十一曲","1","1","2"
"二句句六字","2","0","2"
"二句句三字","2","0","2"
"五句句五字","2","0","2"
"三句句七字","2","0","2"
"大兴百万军","1","1","2"
"赫赫镇四方","1","1","2"
"赫赫大晋德","1","1","2"
"济济理万机","1","1","2"
"日月同光辉","1","1","2"
"退愿辅圣君","1","1","2"
"大皇帝命将","1","1","2"
"阐扬威武容","1","1","2"
"圣人制礼乐","1","1","2"
"鼓吹铙歌十","1","1","2"
"吹铙歌十八","1","1","2"
"铙歌十八篇","1","1","2"
"立八尺圆体","1","1","2"
"六十五度五","1","1","2"
"十五度五百","1","1","2"
"五度五百八","1","1","2"
"度五百八十","1","1","2"
"百八十九分","1","1","2"
"八十九分度","1","1","2"
"地三十六度","2","0","2"
"十二度半强","2","0","2"
"绕南极七十","1","1","2"
"南极七十二","1","1","2"
"九十一度少","2","0","2"
"十一度少强","2","0","2"
"奎十四少强","2","0","2"
"四十六度强","2","0","2"
"一十九度少","2","0","2"
"十九度少弱","2","0","2"
"昼行地上度","2","0","2"
"行地上度稍","2","0","2"
"夜行地下度","2","0","2"
"行地下度稍","2","0","2"
"极六十七度","1","1","2"
"斗二十一井","1","1","2"
"二十一井二","1","1","2"
"十一井二十","1","1","2"
"一井二十五","1","1","2"
"见漏五十刻","2","0","2"
"天东西南北","2","0","2"
"东西南北径","2","0","2"
"西南北径三","2","0","2"
"南北径三十","2","0","2"
"北径三十五","2","0","2"
"径三十五万","2","0","2"
"三十三万九","1","1","2"
"十三万九千","1","1","2"
"一里一百二","1","1","2"
"一百二十二","1","1","2"
"百二十二步","1","1","2"
"二十二步三","1","1","2"
"十二步三尺","1","1","2"
"二步三尺二","1","1","2"
"步三尺二寸","1","1","2"
"三尺二寸一","1","1","2"
"尺二寸一分","1","1","2"
"二寸一分七","1","1","2"
"寸一分七十","1","1","2"
"一分七十一","1","1","2"
"分七十一分","1","1","2"
"七十一分分","1","1","2"
"天体圆弹丸","2","0","2"
"八万一千三","1","1","2"
"百九十四里","1","1","2"
"九十四里三","1","1","2"
"十四里三十","1","1","2"
"四里三十步","1","1","2"
"里三十步五","1","1","2"
"三十步五尺","1","1","2"
"十步五尺三","1","1","2"
"步五尺三寸","1","1","2"
"五尺三寸六","1","1","2"
"尺三寸六分","1","1","2"
"百八十八里","1","1","2"
"八十八里六","1","1","2"
"十八里六十","1","1","2"
"八里六十一","1","1","2"
"里六十一步","1","1","2"
"六十一步四","1","1","2"
"十一步四尺","1","1","2"
"五十五万七","1","1","2"
"五万七千三","1","1","2"
"然黄道应长","1","1","2"
"一丈九寸五","1","1","2"
"丈九寸五分","1","1","2"
"太中大夫徐","1","1","2"
"中大夫徐爰","1","1","2"
"圣人仰观俯","1","1","2"
"人仰观俯察","1","1","2"
"径六尺八分","1","1","2"
"一丈八尺二","1","1","2"
"丈八尺二寸","1","1","2"
"八尺二寸六","1","1","2"
"十八宿中外","1","1","2"
"八宿中外宫","1","1","2"
"惟记魏文帝","1","1","2"
"记魏文帝黄","1","1","2"
"魏江夏太守","1","1","2"
"江夏太守文","1","1","2"
"夏太守文聘","1","1","2"
"太守文聘固","1","1","2"
"守文聘固守","1","1","2"
"初五年十月","1","1","2"
"岁星入太微","2","0","2"
"右入三十日","2","0","2"
"入三十日上","2","0","2"
"黄初六年五","1","1","2"
"初六年五月","1","1","2"
"六年五月十","1","1","2"
"年五月十六","1","1","2"
"月十六日壬","1","1","2"
"十六日壬戌","1","1","2"
"二十六日壬","1","1","2"
"十六日壬申","1","1","2"
"二十七日癸","1","1","2"
"十七日癸酉","1","1","2"
"星犯左右执","1","1","2"
"犯左右执法","1","1","2"
"骠骑将军曹","1","1","2"
"骑将军曹洪","1","1","2"
"南大将军夏","1","1","2"
"大将军夏侯","1","1","2"
"将军夏侯尚","1","1","2"
"明帝问黄权","1","1","2"
"初六年十月","1","1","2"
"十一月壬戌","1","1","2"
"遣大将军司","1","1","2"
"太六年十一","2","0","2"
"向合肥新城","1","1","2"
"诸葛亮入秦","1","1","2"
"葛亮入秦川","1","1","2"
"孙权遣陆议","1","1","2"
"诸葛瑾等屯","1","1","2"
"葛瑾等屯江","1","1","2"
"瑾等屯江夏","1","1","2"
"等屯江夏口","1","1","2"
"青龙元年夏","1","1","2"
"青龙二年二","1","1","2"
"龙二年二月","1","1","2"
"年二月己未","2","0","2"
"诸葛亮渭南","2","0","2"
"魏东西奔命","1","1","2"
"青龙二年五","1","1","2"
"龙二年五月","1","1","2"
"龙二年十月","1","1","2"
"二年十月戊","1","1","2"
"遣司马懿讨","2","0","2"
"青龙三年六","1","1","2"
"龙三年六月","1","1","2"
"三年六月丁","1","1","2"
"凡月五星犯","2","0","2"
"月五星犯井","2","0","2"
"五星犯井钺","2","0","2"
"司马懿讨灭","2","0","2"
"青龙三年七","1","1","2"
"龙三年七月","1","1","2"
"景初元年夏","1","1","2"
"青龙四年三","1","1","2"
"龙四年三月","1","1","2"
"四年三月己","1","1","2"
"年七月辛卯","1","1","2"
"青龙四年五","1","1","2"
"龙四年五月","1","1","2"
"左股第一星","1","1","2"
"青龙四年七","1","1","2"
"龙四年七月","1","1","2"
"青龙四年十","1","1","2"
"龙四年十月","1","1","2"
"犯宦者天纪","1","1","2"
"宦者天纪星","1","1","2"
"将硃然围江","2","0","2"
"硃然围江夏","2","0","2"
"史胡质击走","1","1","2"
"二年十月甲","1","1","2"
"景初二年八","1","1","2"
"初二年八月","1","1","2"
"司马懿围公","1","1","2"
"大流星长数","1","1","2"
"流星长数十","1","1","2"
"星长数十丈","1","1","2"
"正始二年五","1","1","2"
"硃然围樊城","2","0","2"
"煌太守王延","1","1","2"
"年十月乙酉","1","1","2"
"彗星见西方","2","0","2"
"太尉满宠薨","2","0","2"
"正始四年十","1","1","2"
"正始五年十","1","1","2"
"诸侯失国者","2","0","2"
"正始六年八","1","1","2"
"始六年八月","1","1","2"
"六年八月戊","1","1","2"
"二十三日灭","2","0","2"
"嘉平元年六","1","1","2"
"平元年六月","1","1","2"
"元年六月壬","1","1","2"
"吴主孙权赤","1","1","2"
"主孙权赤乌","1","1","2"
"乌十三年五","1","1","2"
"故国志书吴","2","0","2"
"年四月戊寅","1","1","2"
"将军诸葛诞","1","1","2"
"齐王嘉平三","1","1","2"
"王嘉平三年","1","1","2"
"平三年十月","1","1","2"
"年十月癸未","1","1","2"
"平三年十一","1","1","2"
"四年二月丁","1","1","2"
"年二月丁酉","1","1","2"
"父光禄大夫","1","1","2"
"禄大夫张缉","1","1","2"
"大夫张缉等","1","1","2"
"正元元年正","1","1","2"
"年六月戊午","1","1","2"
"嘉平五年七","1","1","2"
"平五年七月","1","1","2"
"车骑将军郭","1","1","2"
"骑将军郭淮","1","1","2"
"将军郭淮讨","1","1","2"
"将军豫州刺","1","1","2"
"军豫州刺史","1","1","2"
"元元年十一","2","0","2"
"王者征伐四","1","1","2"
"者征伐四方","1","1","2"
"废亮会稽王","2","0","2"
"元二年二月","2","0","2"
"犯东井北辕","2","0","2"
"北辕西头第","1","1","2"
"辕西头第一","1","1","2"
"西头第一星","1","1","2"
"太平元年九","1","1","2"
"平元年九月","1","1","2"
"荧惑犯井钺","2","0","2"
"露二年十月","1","1","2"
"露二年十一","1","1","2"
"甘露三年三","1","1","2"
"露三年三月","1","1","2"
"三年八月壬","1","1","2"
"年八月壬辰","1","1","2"
"四年四月甲","1","1","2"
"星犯舆鬼东","2","0","2"
"犯舆鬼东南","2","0","2"
"东南星主兵","2","0","2"
"甘露四年十","1","1","2"
"露四年十月","1","1","2"
"四年十月丁","1","1","2"
"景元二年四","1","1","2"
"元三年十一","1","1","2"
"景元四年六","1","1","2"
"元四年六月","1","1","2"
"景元四年十","1","1","2"
"元四年十月","1","1","2"
"陈留王咸熙","1","1","2"
"留王咸熙二","1","1","2"
"王咸熙二年","1","1","2"
"咸熙二年五","1","1","2"
"年正月丙戌","1","1","2"
"皇太后王氏","1","1","2"
"州刺史胡烈","1","1","2"
"刺史胡烈等","1","1","2"
"泰始五年九","1","1","2"
"始五年九月","1","1","2"
"泰始十年十","1","1","2"
"始十年十二","1","1","2"
"咸宁四年四","1","1","2"
"宁四年四月","1","1","2"
"咸宁四年九","1","1","2"
"宁四年九月","1","1","2"
"四年三月戊","1","1","2"
"荧惑守太微","2","0","2"
"诸侯三公谋","2","0","2"
"侯三公谋上","2","0","2"
"元康六年六","1","1","2"
"六年六月丙","1","1","2"
"元康九年二","1","1","2"
"康九年二月","1","1","2"
"贾后杀太子","1","1","2"
"永康元年五","1","1","2"
"永康二年二","1","1","2"
"永宁元年五","1","1","2"
"二年四月癸","1","1","2"
"兄上军将军","1","1","2"
"下二十余人","1","1","2"
"太安二年二","1","1","2"
"安二年二月","1","1","2"
"太安二年八","1","1","2"
"安二年八月","1","1","2"
"引鲜卑攻掠","1","1","2"
"太安三年正","1","1","2"
"安三年正月","1","1","2"
"左卫将军陈","1","1","2"
"永兴元年七","1","1","2"
"苟晞破公师","1","1","2"
"张方破范阳","1","1","2"
"方破范阳王","1","1","2"
"永兴二年八","1","1","2"
"兴二年八月","1","1","2"
"光熙元年四","1","1","2"
"魏郡太守冯","1","1","2"
"郡太守冯嵩","1","1","2"
"光熙元年九","1","1","2"
"熙元年九月","1","1","2"
"十二月癸未","1","1","2"
"越杀诸葛玫","1","1","2"
"杀诸葛玫等","1","1","2"
"永嘉元年九","1","1","2"
"嘉元年九月","1","1","2"
"元年九月辛","1","1","2"
"征北将军镇","1","1","2"
"田甄等大破","1","1","2"
"甄等大破汲","1","1","2"
"等大破汲桑","1","1","2"
"永嘉三年正","1","1","2"
"王弥入京都","1","1","2"
"永嘉三年十","1","1","2"
"嘉五年十月","1","1","2"
"年二月甲申","1","1","2"
"杀护军将军","1","1","2"
"护军将军周","1","1","2"
"骑将军刘隗","1","1","2"
"刺史祖约遣","1","1","2"
"史祖约遣军","1","1","2"
"祖约遣军追","1","1","2"
"遂退守寿春","1","1","2"
"太宁三年正","1","1","2"
"惑逆行入太","2","0","2"
"八年三月己","1","1","2"
"遣督护高球","1","1","2"
"督护高球率","1","1","2"
"九年三月己","1","1","2"
"咸康元年二","1","1","2"
"石虎掠骑历","2","0","2"
"虎掠骑历阳","2","0","2"
"征西将军庾","2","0","2"
"元年八月戊","1","1","2"
"年八月戊戌","1","1","2"
"加王导大司","2","0","2"
"年正月辛巳","1","1","2"
"咸康二年九","1","1","2"
"二年九月庚","1","1","2"
"咸康三年八","1","1","2"
"咸康三年十","1","1","2"
"康三年十一","1","1","2"
"二万围陷邾","1","1","2"
"万围陷邾城","1","1","2"
"咸康四年四","1","1","2"
"康四年四月","1","1","2"
"四年四月己","1","1","2"
"豫州刺史毛","1","1","2"
"西阳太守樊","1","1","2"
"阳太守樊峻","1","1","2"
"太守樊峻皆","1","1","2"
"守樊峻皆弃","1","1","2"
"樊峻皆弃城","1","1","2"
"峻皆弃城投","1","1","2"
"皆弃城投江","1","1","2"
"咸康四年五","1","1","2"
"四年五月戊","1","1","2"
"咸康六年二","1","1","2"
"二月庚午朔","2","0","2"
"六年三月甲","1","1","2"
"行犯太微上","1","1","2"
"荧惑犯上将","2","0","2"
"咸康六年四","1","1","2"
"康六年四月","1","1","2"
"时骠骑将军","1","1","2"
"骠骑将军何","1","1","2"
"骑将军何充","1","1","2"
"将军何充居","1","1","2"
"军何充居内","1","1","2"
"太白入舆鬼","2","0","2"
"八年八月壬","1","1","2"
"年八月壬寅","1","1","2"
"月犯毕赤星","2","0","2"
"岁星犯天关","2","0","2"
"建元二年闰","1","1","2"
"二年闰月乙","1","1","2"
"年闰月乙酉","1","1","2"
"天下受爵禄","2","0","2"
"白犯南斗第","2","0","2"
"犯南斗第五","1","1","2"
"氐蜀余寇反","1","1","2"
"五年四月丁","1","1","2"
"年四月丁未","1","1","2"
"关中二十余","1","1","2"
"殷浩北伐败","2","0","2"
"荧惑犯轩辕","2","0","2"
"州刺史谢尚","1","1","2"
"刺史谢尚讨","1","1","2"
"太白入南斗","2","0","2"
"一年三月辛","1","1","2"
"荧惑犯太微","2","0","2"
"犯太微东蕃","2","0","2"
"升平元年四","1","1","2"
"平元年四月","1","1","2"
"南辕西头第","1","1","2"
"辕西头第二","1","1","2"
"西头第二星","1","1","2"
"三年正月壬","1","1","2"
"慕容俊入屯","1","1","2"
"州刺史谢万","1","1","2"
"司徒会稽王","1","1","2"
"白入太微右","2","0","2"
"犯太微西蕃","2","0","2"
"星逆行犯太","1","1","2"
"逆行犯太微","1","1","2"
"兴宁元年八","1","1","2"
"沈劲等战死","1","1","2"
"兴宁元年十","1","1","2"
"年十月丙戌","1","1","2"
"兴宁三年正","1","1","2"
"刺史司马勋","1","1","2"
"史司马勋入","1","1","2"
"助刺史周楚","1","1","2"
"西太元年二","2","0","2"
"年二月丙子","1","1","2"
"二年八月戊","1","1","2"
"客星守紫宫","1","1","2"
"北晕斗柄三","1","1","2"
"晕斗柄三星","1","1","2"
"咸安二年五","1","1","2"
"安二年五月","1","1","2"
"月奄心大星","2","0","2"
"太元元年五","1","1","2"
"桓冲发三州","1","1","2"
"荧惑犯南斗","2","0","2"
"天子哭泣事","2","0","2"
"十一月己未","1","1","2"
"氐兗州刺史","1","1","2"
"兗州刺史彭","1","1","2"
"州刺史彭超","1","1","2"
"刺史彭超围","1","1","2"
"涉屯卫京都","1","1","2"
"兗州刺史谢","2","0","2"
"刺史谢玄讨","1","1","2"
"发扬州万人","1","1","2"
"扬州万人戍","1","1","2"
"太元四年十","1","1","2"
"元四年十一","1","1","2"
"十一月丁巳","1","1","2"
"太元六年十","1","1","2"
"元六年十月","1","1","2"
"荆州刺史梁","1","1","2"
"州刺史梁成","1","1","2"
"襄阳太守阎","1","1","2"
"阳太守阎震","1","1","2"
"太守阎震率","1","1","2"
"太元七年十","1","1","2"
"元七年十一","1","1","2"
"八年四月甲","1","1","2"
"皇太后褚氏","1","1","2"
"太元十年十","1","1","2"
"元十年十二","1","1","2"
"十二月己丑","1","1","2"
"一年三月戊","1","1","2"
"元十二年二","1","1","2"
"时琅邪王辅","1","1","2"
"琅邪王辅政","1","1","2"
"陈郡人袁悦","1","1","2"
"元十二年十","1","1","2"
"王恭等举兵","2","0","2"
"元十七年九","1","1","2"
"七年九月丁","1","1","2"
"元十八年二","1","1","2"
"九年四月己","1","1","2"
"死者数万人","1","1","2"
"元十九年十","1","1","2"
"九年十月癸","1","1","2"
"年十月癸丑","1","1","2"
"元二十年六","1","1","2"
"二十一年三","1","1","2"
"隆安元年正","1","1","2"
"安元年正月","1","1","2"
"杀王国宝等","1","1","2"
"隆安元年六","1","1","2"
"安元年六月","1","1","2"
"年六月庚午","1","1","2"
"隆安二年闰","1","1","2"
"安二年闰月","1","1","2"
"三年五月辛","1","1","2"
"孙恩聚众攻","1","1","2"
"杀内史王凝","1","1","2"
"荧惑犯少微","2","0","2"
"杀内史谢琰","2","0","2"
"众饿死散亡","1","1","2"
"称征虏将军","1","1","2"
"杀司马元显","1","1","2"
"饿死流亡十","1","1","2"
"吴兴户口减","1","1","2"
"兴户口减半","1","1","2"
"元兴元年三","1","1","2"
"兴元年三月","1","1","2"
"太白犯房北","2","0","2"
"犯房北第二","2","0","2"
"巴西人谯纵","1","1","2"
"西人谯纵杀","1","1","2"
"人谯纵杀益","1","1","2"
"谯纵杀益州","1","1","2"
"纵杀益州刺","1","1","2"
"杀益州刺史","1","1","2"
"弟西夷校尉","1","1","2"
"义熙元年三","1","1","2"
"元年三月壬","1","1","2"
"史索度真戍","1","1","2"
"荆州刺史魏","1","1","2"
"州刺史魏咏","1","1","2"
"璠等攻没弋","2","0","2"
"等攻没弋阳","2","0","2"
"荣期参军杨","2","0","2"
"期参军杨承","2","0","2"
"军杨承祖所","2","0","2"
"时文处茂讨","1","1","2"
"太保武陵王","1","1","2"
"武陵王遵薨","2","0","2"
"荧惑犯房北","2","0","2"
"惑犯房北第","2","0","2"
"年二月甲戌","1","1","2"
"众三千余人","1","1","2"
"荧惑犯辰星","2","0","2"
"鲁郡太守徐","1","1","2"
"郡太守徐邕","1","1","2"
"妖贼徐道覆","1","1","2"
"州刺史何忌","2","0","2"
"卢循寇湘中","2","0","2"
"败抚军将军","1","1","2"
"高祖遣军渡","1","1","2"
"时徐道覆率","1","1","2"
"徐道覆率二","1","1","2"
"道覆率二万","1","1","2"
"覆率二万余","1","1","2"
"率二万余人","1","1","2"
"死者十八九","2","0","2"
"四年正月庚","1","1","2"
"天子破匈奴","2","0","2"
"岁星入羽林","2","0","2"
"荧惑犯钩钤","2","0","2"
"奄斗第五星","2","0","2"
"兴太守徐道","1","1","2"
"太守徐道覆","1","1","2"
"守徐道覆反","1","1","2"
"循等大破豫","1","1","2"
"等大破豫州","1","1","2"
"大破豫州刺","1","1","2"
"破豫州刺史","1","1","2"
"仆射孟昶惧","1","1","2"
"益州刺史硃","2","0","2"
"史硃龄石伐","2","0","2"
"七年四月辛","1","1","2"
"九年二月丙","1","1","2"
"年二月丙午","1","1","2"
"五星聚东井","2","0","2"
"平帝元始四","1","1","2"
"帝元始四年","1","1","2"
"献帝初平元","1","1","2"
"帝初平元年","1","1","2"
"奉幽州牧刘","1","1","2"
"幽州牧刘虞","1","1","2"
"岁星犯轩辕","2","0","2"
"填星犯舆鬼","2","0","2"
"填星入舆鬼","2","0","2"
"右掖门入太","1","1","2"
"掖门入太微","1","1","2"
"柄上相星下","2","0","2"
"渐长十余丈","2","0","2"
"斗紫微中台","1","1","2"
"入北斗紫微","1","1","2"
"积二百余日","2","0","2"
"元熙元年三","1","1","2"
"元年三月五","1","1","2"
"年三月五日","1","1","2"
"高祖讨司马","2","0","2"
"祖讨司马休","2","0","2"
"母弟琅邪王","1","1","2"
"臣民失君象","2","0","2"
"长沙景王道","2","0","2"
"沙景王道怜","2","0","2"
"索头攻略青","2","0","2"
"二年六月乙","1","1","2"
"年六月乙酉","1","1","2"
"陵王义真废","2","0","2"
"永初二年十","1","1","2"
"永初三年二","1","1","2"
"刺史徐琰委","2","0","2"
"三年九月癸","1","1","2"
"年九月癸卯","1","1","2"
"嘉元年十月","1","1","2"
"长三十余丈","1","1","2"
"七月壬戌夜","1","1","2"
"白虹见东方","2","0","2"
"荧惑犯积尸","2","0","2"
"余光长三丈","1","1","2"
"九年正月庚","1","1","2"
"嘉十年十月","1","1","2"
"嘉十一年二","1","1","2"
"一年二月庚","1","1","2"
"年二月庚子","1","1","2"
"嘉十三年正","1","1","2"
"废大将军彭","2","0","2"
"嘉十五年四","1","1","2"
"年四月己卯","1","1","2"
"二十三年正","1","1","2"
"流星入北斗","1","1","2"
"二十七年夏","1","1","2"
"二十八年五","1","1","2"
"二十九年正","1","1","2"
"孝建元年二","1","1","2"
"孝建元年九","1","1","2"
"建元年九月","1","1","2"
"年十月乙丑","1","1","2"
"吏部尚书谢","1","1","2"
"孝建二年五","1","1","2"
"建二年五月","1","1","2"
"年五月乙未","1","1","2"
"大明元年夏","1","1","2"
"大明元年三","1","1","2"
"明元年三月","1","1","2"
"元年三月癸","1","1","2"
"竟陵王诞反","2","0","2"
"大明二年十","1","1","2"
"大臣大将军","1","1","2"
"遣车骑大将","1","1","2"
"天子举哀相","1","1","2"
"尾长数十丈","1","1","2"
"后余光良久","2","0","2"
"犯南第二星","1","1","2"
"太白入东井","2","0","2"
"掩西蕃上将","1","1","2"
"犯西建中央","1","1","2"
"西建中央星","1","1","2"
"大明六年正","1","1","2"
"明六年正月","1","1","2"
"尾长十余丈","1","1","2"
"新安王兄弟","1","1","2"
"司徒豫章王","1","1","2"
"守轩辕第二","1","1","2"
"尾长一丈余","1","1","2"
"直下经东井","1","1","2"
"丹阳尹颜师","1","1","2"
"阳尹颜师伯","1","1","2"
"年九月丁酉","1","1","2"
"射颜师伯等","1","1","2"
"十二月己巳","1","1","2"
"二年正月甲","1","1","2"
"大将殷孝祖","1","1","2"
"泰始三年六","1","1","2"
"始三年六月","1","1","2"
"年六月甲辰","1","1","2"
"泰始四年六","1","1","2"
"始四年六月","1","1","2"
"元徽三年七","1","1","2"
"徽三年七月","1","1","2"
"三年七月丙","1","1","2"
"氐天子宿宫","2","0","2"
"奄屏西南星","2","0","2"
"星犯太微西","1","1","2"
"黄帝轩辕氏","1","1","2"
"绕北斗枢星","1","1","2"
"五十年秋七","1","1","2"
"十年秋七月","1","1","2"
"年秋七月庚","1","1","2"
"秋七月庚申","1","1","2"
"鬓发长七尺","1","1","2"
"发长七尺二","1","1","2"
"长七尺二寸","1","1","2"
"帝位七十年","1","1","2"
"后二年二月","1","1","2"
"身长六尺一","1","1","2"
"长六尺一寸","1","1","2"
"长九尺九寸","1","1","2"
"人白面鱼身","1","1","2"
"高辛氏世妃","2","0","2"
"辛氏世妃曰","2","0","2"
"牵白狼衔钩","1","1","2"
"鲁哀公十四","1","1","2"
"哀公十四年","1","1","2"
"七十二弟子","1","1","2"
"十二弟子向","1","1","2"
"二弟子向北","1","1","2"
"单父人吕公","1","1","2"
"济北谷城山","1","1","2"
"北谷城山下","1","1","2"
"景帝王皇后","1","1","2"
"昭帝元凤三","1","1","2"
"帝元凤三年","1","1","2"
"元凤三年正","1","1","2"
"元帝王皇后","1","1","2"
"哀帝建平元","1","1","2"
"帝建平元年","1","1","2"
"建平元年十","1","1","2"
"平元年十二","1","1","2"
"二月甲子夜","1","1","2"
"太初元将元","1","1","2"
"初元将元年","1","1","2"
"称陈圣刘太","1","1","2"
"陈圣刘太平","1","1","2"
"圣刘太平皇","1","1","2"
"刘太平皇帝","1","1","2"
"舂陵白水乡","1","1","2"
"道士西门君","1","1","2"
"士西门君惠","1","1","2"
"西门君惠等","1","1","2"
"乘赤龙登天","1","1","2"
"开阳县城门","1","1","2"
"陈仓人掘地","1","1","2"
"嚣问扶风人","1","1","2"
"问扶风人班","1","1","2"
"扶风人班彪","1","1","2"
"然后精诚通","1","1","2"
"陛下受天命","1","1","2"
"建安三年十","1","1","2"
"安三年十二","1","1","2"
"新天子气见","2","0","2"
"天子气见东","2","0","2"
"子气见东南","2","0","2"
"安十八年秋","1","1","2"
"建安十九年","1","1","2"
"安十九年正","1","1","2"
"建安二十一","1","1","2"
"安二十一年","1","1","2"
"二十三年三","1","1","2"
"四年二月晦","1","1","2"
"元年九月十","1","1","2"
"故太史令王","1","1","2"
"圣人清静行","1","1","2"
"春秋玉版谶","1","1","2"
"许昌失天下","2","0","2"
"故白马令甘","1","1","2"
"白马令甘陵","1","1","2"
"孝经中黄谶","1","1","2"
"周敬王四十","1","1","2"
"敬王四十七","1","1","2"
"王四十七年","1","1","2"
"宋景公问大","1","1","2"
"景公问大夫","1","1","2"
"公问大夫邢","1","1","2"
"帝道备称皇","1","1","2"
"洛书录运期","1","1","2"
"九侯七杰争","1","1","2"
"二十二年中","1","1","2"
"江东天子气","2","0","2"
"令囚徒十余","1","1","2"
"囚徒十余万","1","1","2"
"徒十余万人","1","1","2"
"长一丈七尺","1","1","2"
"一丈七尺一","1","1","2"
"丈七尺一寸","1","1","2"
"上上三天王","1","1","2"
"上三天王述","1","1","2"
"三天王述大","1","1","2"
"天王述大会","1","1","2"
"王述大会讨","1","1","2"
"述大会讨大","1","1","2"
"大会讨大曹","1","1","2"
"会讨大曹金","1","1","2"
"金立中大金","1","1","2"
"立中大金马","1","1","2"
"中大金马一","1","1","2"
"中正大吉关","1","1","2"
"正大吉关寿","1","1","2"
"马甲寅述水","1","1","2"
"襄武县言大","2","0","2"
"武县言大人","2","0","2"
"呼民王始语","2","0","2"
"时琅邪武王","1","1","2"
"琅邪武王伷","2","0","2"
"五马游度江","2","0","2"
"铜马入海建","1","1","2"
"马入海建业","1","1","2"
"入海建业期","1","1","2"
"陈龙田中铜","2","0","2"
"龙田中铜铎","2","0","2"
"田中铜铎五","2","0","2"
"中铜铎五枚","2","0","2"
"长七寸二分","1","1","2"
"晋陵人车薮","1","1","2"
"陵人车薮善","1","1","2"
"江东刘将军","1","1","2"
"年元熙元年","2","0","2"
"一年五月三","1","1","2"
"年五月三日","1","1","2"
"义熙七年七","1","1","2"
"熙七年七月","1","1","2"
"七年七月二","1","1","2"
"七月二十五","1","1","2"
"义熙七年八","1","1","2"
"熙七年八月","1","1","2"
"七年八月十","1","1","2"
"年八月十一","1","1","2"
"四年八月十","1","1","2"
"年八月十日","1","1","2"
"年五月十七","1","1","2"
"四年七月二","1","1","2"
"七月二十九","1","1","2"
"进扫北斗紫","1","1","2"
"扫北斗紫微","1","1","2"
"四年十月一","1","1","2"
"年十月一日","1","1","2"
"元年四月二","1","1","2"
"百九十六年","1","1","2"
"百五十六年","1","1","2"
"大珠鹿卢剑","1","1","2"
"废帝永光初","1","1","2"
"武帝元狩元","1","1","2"
"帝元狩元年","1","1","2"
"元狩元年十","1","1","2"
"狩元年十月","1","1","2"
"麒麟见颍川","2","0","2"
"麟见颍川阳","2","0","2"
"见东郡濮阳","2","0","2"
"赤乌元年八","1","1","2"
"乌元年八月","1","1","2"
"咸宁五年二","1","1","2"
"宁五年二月","1","1","2"
"五年二月甲","1","1","2"
"年二月甲午","1","1","2"
"咸宁五年九","1","1","2"
"宁五年九月","1","1","2"
"建兴二年九","1","1","2"
"兴二年九月","1","1","2"
"二年九月丙","1","1","2"
"年九月丙戌","1","1","2"
"州刺史崔毖","1","1","2"
"太兴元年正","1","1","2"
"戴德背负仁","1","1","2"
"昭帝始元三","1","1","2"
"帝始元三年","1","1","2"
"始元三年十","1","1","2"
"汉宣帝本始","1","1","2"
"宣帝本始元","1","1","2"
"帝本始元年","1","1","2"
"本始元年五","1","1","2"
"始元年五月","1","1","2"
"本始四年五","1","1","2"
"宣帝地节二","1","1","2"
"帝地节二年","1","1","2"
"地节二年四","1","1","2"
"节二年四月","1","1","2"
"凤皇集京师","2","0","2"
"雀四年十月","1","1","2"
"雀四年十二","1","1","2"
"宣帝甘露三","1","1","2"
"帝甘露三年","1","1","2"
"甘露三年二","1","1","2"
"露三年二月","1","1","2"
"建武十七年","1","1","2"
"武十七年十","1","1","2"
"十九见郡国","2","0","2"
"延光三年二","1","1","2"
"光三年二月","1","1","2"
"台县丞霍收","1","1","2"
"光三年十月","1","1","2"
"延康元年八","1","1","2"
"郡国十三言","2","0","2"
"孙权黄武五","1","1","2"
"权黄武五年","1","1","2"
"黄武五年七","1","1","2"
"武五年七月","1","1","2"
"孙皓建衡四","1","1","2"
"皓建衡四年","1","1","2"
"建衡四年正","1","1","2"
"衡四年正月","1","1","2"
"升平四年二","1","1","2"
"平四年二月","1","1","2"
"四年二月辛","1","1","2"
"见会稽山阴","2","0","2"
"帝元嘉十四","1","1","2"
"嘉十四年三","1","1","2"
"四年三月丙","1","1","2"
"城王义康闻","2","0","2"
"孝建元年正","1","1","2"
"建元年正月","1","1","2"
"年正月庚申","1","1","2"
"五凤三年三","1","1","2"
"凤三年三月","1","1","2"
"王者德渊泉","2","0","2"
"惠帝二年正","1","1","2"
"帝二年正月","1","1","2"
"两龙见兰陵","2","0","2"
"汉文帝十五","1","1","2"
"文帝十五年","1","1","2"
"帝十五年春","1","1","2"
"宣帝甘露元","1","1","2"
"汉成帝鸿嘉","1","1","2"
"成帝鸿嘉元","1","1","2"
"帝鸿嘉元年","1","1","2"
"鸿嘉元年冬","1","1","2"
"汉成帝永始","1","1","2"
"成帝永始二","1","1","2"
"帝永始二年","1","1","2"
"永始二年二","1","1","2"
"建武十二年","1","1","2"
"武十二年六","1","1","2"
"安帝延光元","1","1","2"
"帝延光元年","1","1","2"
"延光元年八","1","1","2"
"年八月辛卯","1","1","2"
"光三年九月","1","1","2"
"三年九月辛","1","1","2"
"见济南历城","2","0","2"
"光三年十二","1","1","2"
"嘉二年八月","1","1","2"
"汉桓帝永光","1","1","2"
"桓帝永光元","1","1","2"
"永光元年八","1","1","2"
"青龙见郏摩","2","0","2"
"龙见郏摩陂","2","0","2"
"见郏摩陂井","2","0","2"
"县言黄龙见","2","0","2"
"魏少帝正元","1","1","2"
"少帝正元元","1","1","2"
"帝正元元年","1","1","2"
"年十月戊戌","1","1","2"
"黄龙见鄴井","2","0","2"
"龙见鄴井中","2","0","2"
"甘露元年六","1","1","2"
"露元年六月","1","1","2"
"青龙见元城","2","0","2"
"龙见元城县","2","0","2"
"见元城县界","2","0","2"
"元城县界井","2","0","2"
"城县界井中","2","0","2"
"甘露二年二","1","1","2"
"露二年二月","1","1","2"
"青龙见顿丘","2","0","2"
"阳夏县井中","1","1","2"
"甘露四年正","1","1","2"
"露四年正月","1","1","2"
"宁陵县井中","1","1","2"
"元帝景元元","1","1","2"
"帝景元元年","1","1","2"
"景元元年十","1","1","2"
"元元年十二","1","1","2"
"景元三年二","1","1","2"
"元三年二月","1","1","2"
"孙权黄武元","1","1","2"
"权黄武元年","1","1","2"
"黄武元年三","1","1","2"
"阳言黄龙见","2","0","2"
"赤乌五年三","1","1","2"
"乌五年三月","1","1","2"
"永安四年九","1","1","2"
"安四年九月","1","1","2"
"永安五年七","1","1","2"
"安五年七月","1","1","2"
"永安六年四","1","1","2"
"安六年四月","1","1","2"
"见河南洛阳","2","0","2"
"河南洛阳洛","1","1","2"
"二年七月壬","1","1","2"
"泰始三年四","1","1","2"
"张掖太守焦","1","1","2"
"掖太守焦胜","1","1","2"
"氐池县大柳","1","1","2"
"池县大柳谷","1","1","2"
"县大柳谷口","1","1","2"
"新兴九原居","1","1","2"
"兴九原居民","1","1","2"
"太康三年闰","1","1","2"
"康三年闰四","1","1","2"
"三年闰四月","1","1","2"
"年闰四月己","1","1","2"
"闰四月己丑","1","1","2"
"见武库井中","2","0","2"
"太康六年九","1","1","2"
"康六年九月","1","1","2"
"太康九年十","1","1","2"
"康九年十二","1","1","2"
"十二月戊申","1","1","2"
"鲁国公丘居","1","1","2"
"国公丘居民","1","1","2"
"惠帝元康七","1","1","2"
"帝元康七年","1","1","2"
"元康七年三","1","1","2"
"七年三月己","1","1","2"
"三月己酉朔","2","0","2"
"见义兴阳羡","2","0","2"
"嘉十三年九","1","1","2"
"三年九月己","1","1","2"
"会稽郡西南","1","1","2"
"一年十月己","1","1","2"
"太守臧艺闻","2","0","2"
"黑龙见玄武","2","0","2"
"龙见玄武湖","2","0","2"
"苑丞王世宗","1","1","2"
"五年五月戊","1","1","2"
"扬州野吏张","1","1","2"
"州野吏张立","1","1","2"
"五年八月辛","1","1","2"
"孝建二年七","1","1","2"
"三年五月己","1","1","2"
"咸熙二年二","1","1","2"
"嘉十九年四","1","1","2"
"白龟见吴兴","2","0","2"
"龟见吴兴余","2","0","2"
"见吴兴余杭","2","0","2"
"嘉二十年四","1","1","2"
"二十年四月","1","1","2"
"太守张辨献","1","1","2"
"右仆射刘秀","1","1","2"
"大明七年八","1","1","2"
"明七年八月","1","1","2"
"七年八月乙","1","1","2"
"年八月乙未","2","0","2"
"会稽太守巴","1","1","2"
"稽太守巴陵","1","1","2"
"年八月丙寅","1","1","2"
"太守刘勰献","1","1","2"
"泰始六年九","1","1","2"
"始六年九月","1","1","2"
"六年九月己","1","1","2"
"太守褚渊献","1","1","2"
"高八尺五寸","1","1","2"
"黑身白鬣尾","1","1","2"
"赤身黑鬣尾","1","1","2"
"神马鸣南城","2","0","2"
"马鸣南城门","2","0","2"
"二十八日辛","1","1","2"
"十八日辛亥","1","1","2"
"县民董聪见","1","1","2"
"见零陵洮阳","2","0","2"
"元嘉六年三","1","1","2"
"嘉六年三月","1","1","2"
"嘉二十年十","1","1","2"
"二十年十二","1","1","2"
"延光三年六","1","1","2"
"光三年六月","1","1","2"
"桓帝永兴元","1","1","2"
"永兴元年二","1","1","2"
"州刺史严询","1","1","2"
"元康元年九","1","1","2"
"年九月乙酉","1","1","2"
"永昌元年九","1","1","2"
"昌元年九月","1","1","2"
"白鹿见江乘","2","0","2"
"年七月壬寅","1","1","2"
"光三百余步","1","1","2"
"吏李坚奉献","1","1","2"
"九年八月己","1","1","2"
"咸康二年七","1","1","2"
"白鹿见豫章","2","0","2"
"鹿见豫章望","2","0","2"
"见豫章望蔡","2","0","2"
"武太元十六","1","1","2"
"元十六年三","1","1","2"
"年三月癸酉","1","1","2"
"元十八年五","1","1","2"
"江乘令田熙","1","1","2"
"刺史桓玄闻","2","0","2"
"元嘉五年七","1","1","2"
"嘉五年七月","1","1","2"
"见东莞莒县","2","0","2"
"东莞莒县岣","1","1","2"
"莞莒县岣峨","1","1","2"
"莒县岣峨山","1","1","2"
"见南汝阴宋","2","0","2"
"太守邓琬献","1","1","2"
"南康相刘兴","1","1","2"
"康相刘兴祖","1","1","2"
"相刘兴祖献","1","1","2"
"二十九年八","1","1","2"
"九年八月癸","1","1","2"
"年八月癸酉","1","1","2"
"南中郎将武","1","1","2"
"将武陵王骏","1","1","2"
"十一月壬午","1","1","2"
"白鹿见南琅","2","0","2"
"鹿见南琅邪","2","0","2"
"琅邪太守王","1","1","2"
"邪太守王僧","1","1","2"
"太守王僧虔","1","1","2"
"守王僧虔献","1","1","2"
"刺史硃修献","2","0","2"
"见临川西丰","2","0","2"
"湘州刺史山","1","1","2"
"阳王休祐献","2","0","2"
"三年正月癸","1","1","2"
"年三月辛卯","1","1","2"
"太守柳光宗","1","1","2"
"五年五月丙","1","1","2"
"年五月丙寅","1","1","2"
"见南东海丹","2","0","2"
"大明八年六","1","1","2"
"明八年六月","1","1","2"
"八年六月甲","1","1","2"
"世子伯禽献","1","1","2"
"泰始二年二","1","1","2"
"年二月乙亥","1","1","2"
"宣城太守刘","1","1","2"
"泰始五年二","1","1","2"
"始五年二月","1","1","2"
"梁州刺史杜","1","1","2"
"州刺史杜幼","1","1","2"
"刺史杜幼文","1","1","2"
"元徽三年二","1","1","2"
"徽三年二月","1","1","2"
"三年二月甲","1","1","2"
"西海太守刘","1","1","2"
"海太守刘善","1","1","2"
"太守刘善明","1","1","2"
"守刘善明献","1","1","2"
"白虎二十九","1","1","2"
"饶安县言白","2","0","2"
"孙权赤乌六","1","1","2"
"权赤乌六年","1","1","2"
"赤乌六年正","1","1","2"
"乌六年正月","1","1","2"
"乌十一年五","1","1","2"
"见河南阳翟","2","0","2"
"年正月己亥","1","1","2"
"咸宁三年二","1","1","2"
"三年二月乙","1","1","2"
"年七月丙辰","1","1","2"
"白虎见豫章","2","0","2"
"见豫章南昌","2","0","2"
"豫章南昌县","1","1","2"
"章南昌县西","1","1","2"
"武太元十四","2","0","2"
"言白虎频见","2","0","2"
"年八月癸巳","1","1","2"
"景平元年十","1","1","2"
"平元年十月","1","1","2"
"武昌太守蔡","1","1","2"
"昌太守蔡兴","1","1","2"
"刺史陆徽闻","2","0","2"
"太守王僧达","1","1","2"
"太康三年八","1","1","2"
"七年五月戊","1","1","2"
"年五月戊辰","1","1","2"
"帝咸九年五","2","0","2"
"白麞见吴国","2","0","2"
"麞见吴国吴","2","0","2"
"见吴国吴县","2","0","2"
"吴国吴县西","1","1","2"
"国吴县西界","1","1","2"
"永十二年十","2","0","2"
"梁郡太守刘","1","1","2"
"郡太守刘遂","1","1","2"
"景平元年五","1","1","2"
"平元年五月","1","1","2"
"白麞见义兴","2","0","2"
"景平二年六","1","1","2"
"平二年六月","1","1","2"
"元嘉五年四","1","1","2"
"嘉五年四月","1","1","2"
"年四月乙巳","1","1","2"
"白麞见东莱","2","0","2"
"刺史王方回","1","1","2"
"史王方回献","1","1","2"
"内史刘思考","1","1","2"
"太守王休获","1","1","2"
"华林园白麞","2","0","2"
"林园白麞生","2","0","2"
"生二子皆白","1","1","2"
"六年五月丙","1","1","2"
"二十七年正","1","1","2"
"二十九年六","1","1","2"
"十九年六月","1","1","2"
"九年六月壬","1","1","2"
"孝建三年六","1","1","2"
"建三年六月","1","1","2"
"三年六月癸","1","1","2"
"元年七月丁","1","1","2"
"年七月丁丑","1","1","2"
"年正月壬戌","1","1","2"
"史程天祚献","1","1","2"
"年二月辛丑","1","1","2"
"守殷孝祖献","1","1","2"
"雍州刺史永","1","1","2"
"嘉王子仁献","2","0","2"
"安王休仁献","2","0","2"
"海王子顼献","2","0","2"
"太守刘衍献","1","1","2"
"大明七年九","1","1","2"
"明七年九月","1","1","2"
"七年九月癸","1","1","2"
"年九月癸未","1","1","2"
"阳王休范献","2","0","2"
"见北海都昌","2","0","2"
"元徽元年正","1","1","2"
"徽元年正月","1","1","2"
"宁海太守孙","1","1","2"
"海太守孙嗣","1","1","2"
"太守孙嗣献","1","1","2"
"二十三年五","1","1","2"
"年十月辛巳","1","1","2"
"营城县民成","1","1","2"
"城县民成公","1","1","2"
"县民成公会","1","1","2"
"广陵高邮界","1","1","2"
"陵高邮界获","1","1","2"
"建兴三年四","1","1","2"
"集南平郡府","2","0","2"
"内史臧绰闻","2","0","2"
"沂县鲁尚斯","1","1","2"
"县鲁尚斯军","1","1","2"
"鲁尚斯军人","1","1","2"
"太傅假黄钺","2","0","2"
"傅假黄钺江","2","0","2"
"假黄钺江夏","2","0","2"
"黄钺江夏王","2","0","2"
"钺江夏王义","2","0","2"
"元年五月丁","1","1","2"
"苍鸟见襄阳","2","0","2"
"雍州刺史王","1","1","2"
"平十七年正","1","1","2"
"七年正月戊","1","1","2"
"帝梦见光武","1","1","2"
"梦见光武帝","1","1","2"
"延光三年四","1","1","2"
"光三年四月","1","1","2"
"露元年五月","1","1","2"
"黄武二年五","1","1","2"
"武二年五月","1","1","2"
"赤乌二年三","1","1","2"
"乌二年三月","1","1","2"
"陵言甘露降","2","0","2"
"赤乌九年四","1","1","2"
"乌九年四月","1","1","2"
"吴孙皓甘露","1","1","2"
"孙皓甘露元","1","1","2"
"皓甘露元年","1","1","2"
"建兴元年六","1","1","2"
"建兴三年八","1","1","2"
"泰宁二年正","1","1","2"
"宁二年正月","1","1","2"
"甘露降武昌","2","0","2"
"甘露降宁州","2","0","2"
"宁州城内北","1","1","2"
"州城内北园","1","1","2"
"咸八年四月","2","0","2"
"甘露降庐江","2","0","2"
"庐江襄安县","1","1","2"
"江襄安县蒋","1","1","2"
"襄安县蒋胄","1","1","2"
"甘露降宣城","2","0","2"
"九年四月甲","1","1","2"
"年四月甲寅","1","1","2"
"吴国钱唐县","1","1","2"
"国钱唐县右","1","1","2"
"钱唐县右乡","1","1","2"
"唐县右乡康","1","1","2"
"县右乡康巷","1","1","2"
"咸九年十二","2","0","2"
"二年三月甲","1","1","2"
"咸康二年四","1","1","2"
"康二年四月","1","1","2"
"七年四月丙","1","1","2"
"甘露降彭城","2","0","2"
"永元年三月","2","0","2"
"太常刘邵上","1","1","2"
"崇平陵令王","1","1","2"
"十二月己酉","1","1","2"
"丹阳湖熟县","2","0","2"
"元十二年八","1","1","2"
"刺史费统闻","2","0","2"
"元年十月庚","1","1","2"
"元嘉三年闰","1","1","2"
"嘉三年闰正","1","1","2"
"年闰正月己","1","1","2"
"闰正月己丑","1","1","2"
"广州刺史江","1","1","2"
"州刺史江桓","1","1","2"
"一年八月甲","1","1","2"
"年八月甲辰","1","1","2"
"嘉十六年三","1","1","2"
"六年三月己","1","1","2"
"广州城北门","1","1","2"
"七年四月丁","1","1","2"
"甘露降广陵","2","0","2"
"高平金乡富","1","1","2"
"平金乡富民","1","1","2"
"徐州刺史赵","1","1","2"
"史赵伯符闻","2","0","2"
"丹阳秣陵卫","1","1","2"
"阳秣陵卫将","1","1","2"
"秣陵卫将军","1","1","2"
"陵卫将军临","1","1","2"
"九年五月丁","1","1","2"
"建康司徒参","1","1","2"
"康司徒参军","1","1","2"
"参军督护顾","1","1","2"
"军督护顾俊","1","1","2"
"马头济阳宋","1","1","2"
"头济阳宋庆","1","1","2"
"甘露频降乐","2","0","2"
"露频降乐游","2","0","2"
"频降乐游苑","2","0","2"
"露降南郡江","2","0","2"
"降南郡江陵","2","0","2"
"十二年十二","1","1","2"
"三年九月丙","1","1","2"
"年九月丙子","1","1","2"
"甘露降襄阳","2","0","2"
"甘露频降景","2","0","2"
"露频降景阳","2","0","2"
"频降景阳山","2","0","2"
"二十四年三","1","1","2"
"四年三月甲","1","1","2"
"四年四月癸","1","1","2"
"太守韦宁民","1","1","2"
"六年三月壬","1","1","2"
"六年三月庚","1","1","2"
"六年四月甲","1","1","2"
"甘露频降豫","2","0","2"
"露频降豫章","2","0","2"
"频降豫章南","2","0","2"
"降豫章南昌","2","0","2"
"守刘思考闻","2","0","2"
"八年二月戊","1","1","2"
"年二月戊辰","1","1","2"
"八年二月壬","1","1","2"
"二年三月戊","1","1","2"
"年三月戊午","1","1","2"
"丹阳秣陵尚","1","1","2"
"阳秣陵尚书","1","1","2"
"秣陵尚书谢","1","1","2"
"陵尚书谢庄","1","1","2"
"尚书谢庄园","1","1","2"
"太守张辩闻","2","0","2"
"丹阳尹孔灵","1","1","2"
"阳尹孔灵符","1","1","2"
"年四月辛亥","1","1","2"
"守历阳王子","2","0","2"
"阳王子顼闻","2","0","2"
"六年二月戊","1","1","2"
"七年三月丙","1","1","2"
"明七年十二","1","1","2"
"苑令徐承道","1","1","2"
"令徐承道献","1","1","2"
"年四月庚申","1","1","2"
"阳秣陵县舍","1","1","2"
"秣陵县舍斋","1","1","2"
"陵县舍斋前","1","1","2"
"丹阳尹王景","1","1","2"
"阳尹王景文","1","1","2"
"尹王景文献","1","1","2"
"晋陵太守王","1","1","2"
"陵太守王蕴","1","1","2"
"甘露降南东","2","0","2"
"露降南东海","2","0","2"
"始三年十二","1","1","2"
"太守萧惠明","1","1","2"
"安帝延光二","1","1","2"
"帝延光二年","1","1","2"
"延光二年六","1","1","2"
"光二年六月","1","1","2"
"七百六十八","1","1","2"
"汉桓帝建二","2","0","2"
"桓帝建二年","2","0","2"
"黄龙三年十","1","1","2"
"孙权赤乌七","1","1","2"
"权赤乌七年","1","1","2"
"赤乌七年秋","1","1","2"
"建兴三年七","1","1","2"
"兴三年七月","1","1","2"
"嘉二年十月","1","1","2"
"嘉禾生颍川","2","0","2"
"禾生颍川阳","2","0","2"
"太守垣苗闻","2","0","2"
"元嘉九年三","1","1","2"
"嘉九年三月","1","1","2"
"元嘉十年八","1","1","2"
"嘉十年八月","1","1","2"
"嘉禾一茎九","2","0","2"
"禾一茎九穗","2","0","2"
"一茎九穗生","2","0","2"
"太守王玄谟","1","1","2"
"守王玄谟献","1","1","2"
"梁州刺史刘","1","1","2"
"嘉禾生太尉","2","0","2"
"史赵伯符献","1","1","2"
"三年七月乙","1","1","2"
"三年九月庚","1","1","2"
"年九月庚申","1","1","2"
"嘉禾旅生华","2","0","2"
"禾旅生华林","2","0","2"
"旅生华林园","2","0","2"
"嘉禾甘露颂","1","1","2"
"嘉禾生藉田","2","0","2"
"二十五年七","1","1","2"
"嘉禾生北海","2","0","2"
"刺史杜坦献","1","1","2"
"五年八月丙","1","1","2"
"年八月丙午","1","1","2"
"江夏国典书","1","1","2"
"夏国典书令","1","1","2"
"国典书令陈","1","1","2"
"典书令陈颖","1","1","2"
"嘉禾生建康","2","0","2"
"令丘珍孙献","1","1","2"
"五年八月癸","1","1","2"
"年八月癸丑","1","1","2"
"丞梅道念献","1","1","2"
"嘉禾生巴东","2","0","2"
"二十六年六","1","1","2"
"十六年六月","1","1","2"
"六年六月甲","1","1","2"
"二十七年十","1","1","2"
"七年十月己","1","1","2"
"刺史杜坦闻","2","0","2"
"八年七月戊","1","1","2"
"二年六月癸","1","1","2"
"二年九月己","1","1","2"
"大明元年八","1","1","2"
"明元年八月","1","1","2"
"年八月甲申","1","1","2"
"年八月辛未","2","0","2"
"二年七月己","1","1","2"
"生会稽永兴","2","0","2"
"吴郡嘉兴盐","1","1","2"
"郡嘉兴盐官","1","1","2"
"嘉兴盐官县","1","1","2"
"八年七月癸","1","1","2"
"年七月癸卯","1","1","2"
"史建平王宏","2","0","2"
"建平王宏闻","2","0","2"
"安帝元初三","1","1","2"
"帝元初三年","1","1","2"
"元初三年三","1","1","2"
"阳辅国大将","1","1","2"
"辅国大将军","1","1","2"
"太康元年十","1","1","2"
"丞徐道兴献","1","1","2"
"文帝元嘉七","1","1","2"
"帝元嘉七年","1","1","2"
"元嘉七年七","1","1","2"
"嘉七年七月","1","1","2"
"七年七月乙","1","1","2"
"嘉十六年七","1","1","2"
"嘉十九年八","1","1","2"
"九年八月壬","1","1","2"
"扬州后池二","1","1","2"
"州后池二莲","1","1","2"
"十年六月壬","1","1","2"
"渊池芙蓉二","2","0","2"
"郡后池芙蓉","2","0","2"
"太守孔山士","1","1","2"
"乐游苑池二","1","1","2"
"游苑池二莲","1","1","2"
"苑池二莲同","1","1","2"
"苑丞梅道念","1","1","2"
"东宫玄圃园","1","1","2"
"宫玄圃园池","1","1","2"
"玄圃园池二","1","1","2"
"圃园池二莲","1","1","2"
"园池二莲同","1","1","2"
"内监殿守舍","1","1","2"
"监殿守舍人","1","1","2"
"殿守舍人宫","1","1","2"
"守舍人宫勇","1","1","2"
"舍人宫勇民","1","1","2"
"三年六月壬","1","1","2"
"太子西池二","1","1","2"
"子西池二莲","1","1","2"
"池统胡永祖","1","1","2"
"三周池二莲","1","1","2"
"年六月庚寅","1","1","2"
"玄武湖二莲","1","1","2"
"武湖二莲同","1","1","2"
"大司农萧邃","1","1","2"
"司农萧邃献","1","1","2"
"二年八月己","1","1","2"
"太始五年六","1","1","2"
"始五年六月","1","1","2"
"台侍御史竺","1","1","2"
"侍御史竺曾","1","1","2"
"御史竺曾度","1","1","2"
"太始六年六","1","1","2"
"六年六月壬","1","1","2"
"太始七年六","1","1","2"
"汉宣帝神爵","1","1","2"
"宣帝神爵四","1","1","2"
"帝神爵四年","1","1","2"
"神爵四年春","1","1","2"
"汉章帝元三","2","0","2"
"章帝元三年","2","0","2"
"帝元三年正","2","0","2"
"元三年正月","2","0","2"
"元年五月壬","1","1","2"
"景阳楼上层","1","1","2"
"年三月丙午","1","1","2"
"华林园令臧","1","1","2"
"林园令臧延","1","1","2"
"崇宁陵令上","1","1","2"
"宁陵令上书","1","1","2"
"七年四月戊","1","1","2"
"四月戊申夜","1","1","2"
"京邑崇虚馆","1","1","2"
"邑崇虚馆堂","1","1","2"
"崇虚馆堂前","1","1","2"
"年七月己亥","1","1","2"
"白兔见北海","2","0","2"
"年十月癸亥","1","1","2"
"太康八年十","1","1","2"
"康八年十二","1","1","2"
"晋穆帝永十","2","0","2"
"年九月甲申","1","1","2"
"太守王耆献","1","1","2"
"白兔见淮南","2","0","2"
"元嘉八年闰","1","1","2"
"嘉八年闰六","1","1","2"
"八年闰六月","1","1","2"
"年闰六月丁","1","1","2"
"闰六月丁亥","1","1","2"
"繁昌获白兔","1","1","2"
"昌获白兔献","1","1","2"
"年七月甲戌","1","1","2"
"山阳太守刘","1","1","2"
"阳太守刘怀","1","1","2"
"山阳师齐获","1","1","2"
"二十二年三","1","1","2"
"十二年三月","1","1","2"
"年七月丁巳","1","1","2"
"太守赵球献","1","1","2"
"年正月庚戌","1","1","2"
"年闰三月乙","1","1","2"
"大明六年六","1","1","2"
"明六年六月","1","1","2"
"六年六月乙","1","1","2"
"孙休永安三","1","1","2"
"休永安三年","1","1","2"
"永安三年三","1","1","2"
"安三年三月","1","1","2"
"永初二年二","1","1","2"
"大明五年六","1","1","2"
"明五年六月","1","1","2"
"年六月戊子","1","1","2"
"元年七月壬","1","1","2"
"年七月壬戌","1","1","2"
"白燕见广陵","2","0","2"
"广陵王诞献","2","0","2"
"二十四年五","1","1","2"
"州刺史徐湛","1","1","2"
"六年五月戊","1","1","2"
"七年六月壬","1","1","2"
"年六月壬辰","1","1","2"
"年五月乙巳","1","1","2"
"郢州刺史孔","1","1","2"
"州刺史孔灵","1","1","2"
"刺史孔灵符","1","1","2"
"四年六月乙","1","1","2"
"汉桓帝永寿","1","1","2"
"桓帝永寿元","1","1","2"
"帝永寿元年","1","1","2"
"永寿元年四","1","1","2"
"寿元年四月","1","1","2"
"咸宁五年七","1","1","2"
"宁五年七月","1","1","2"
"元康元年四","1","1","2"
"见梁国睢阳","2","0","2"
"元康四年十","1","1","2"
"康四年十月","1","1","2"
"泰宁二年十","1","1","2"
"泰宁三年三","1","1","2"
"乌见吴郡海","2","0","2"
"元十一年八","1","1","2"
"一年八月乙","1","1","2"
"年八月乙酉","1","1","2"
"年六月丁酉","1","1","2"
"嘉二年十一","1","1","2"
"元嘉三年三","1","1","2"
"嘉三年三月","1","1","2"
"嘉十一年六","1","1","2"
"一年六月乙","1","1","2"
"年六月乙巳","1","1","2"
"城王义康献","2","0","2"
"海陵王文秀","1","1","2"
"陵王文秀获","1","1","2"
"彭城刘原秀","2","0","2"
"梁王肜获献","2","0","2"
"白雀二见河","2","0","2"
"太守阮侃获","1","1","2"
"七年七月庚","1","1","2"
"白雀见豫章","2","0","2"
"太康八年八","1","1","2"
"华林园令孙","1","1","2"
"林园令孙邵","1","1","2"
"园令孙邵获","1","1","2"
"尚书仆射刁","1","1","2"
"书仆射刁协","1","1","2"
"仆射刁协献","1","1","2"
"十六年十二","1","1","2"
"南海增城县","1","1","2"
"元兴三年六","1","1","2"
"元年七月己","1","1","2"
"白雀见齐郡","2","0","2"
"元嘉四年七","1","1","2"
"嘉四年七月","1","1","2"
"一年五月丁","1","1","2"
"费县员外散","1","1","2"
"县员外散骑","1","1","2"
"嘉十五年五","1","1","2"
"嘉十五年六","1","1","2"
"建康定阴里","1","1","2"
"嘉十五年八","1","1","2"
"嘉十八年七","1","1","2"
"二十二年闰","1","1","2"
"十二年闰五","1","1","2"
"年闰五月丙","1","1","2"
"闰五月丙午","1","1","2"
"散骑侍郎长","1","1","2"
"骑侍郎长沙","1","1","2"
"侍郎长沙王","1","1","2"
"年六月庚申","1","1","2"
"二十四年六","1","1","2"
"四年六月己","1","1","2"
"材官吏黄公","1","1","2"
"官吏黄公欢","1","1","2"
"军人丁田夫","1","1","2"
"二十九年四","1","1","2"
"九年四月癸","1","1","2"
"白雀见会稽","2","0","2"
"太守东海王","1","1","2"
"黄门侍郎庾","1","1","2"
"门侍郎庾徽","1","1","2"
"年七月辛亥","1","1","2"
"刺史硃修闻","2","0","2"
"大明三年四","1","1","2"
"年五月壬午","1","1","2"
"大明四年五","1","1","2"
"明四年五月","1","1","2"
"侍中颜师伯","1","1","2"
"中颜师伯献","1","1","2"
"太守沈文叔","1","1","2"
"守沈文叔献","1","1","2"
"白雀二见寻","2","0","2"
"雀二见寻阳","2","0","2"
"年八月辛巳","1","1","2"
"年四月乙未","2","0","2"
"平王景素献","2","0","2"
"大明七年五","1","1","2"
"明七年五月","1","1","2"
"七年五月辛","1","1","2"
"阳王子房献","2","0","2"
"明七年十月","1","1","2"
"七年十月丁","1","1","2"
"年十月丁卯","1","1","2"
"永光元年四","1","1","2"
"光元年四月","1","1","2"
"永光元年六","1","1","2"
"光元年六月","1","1","2"
"元年六月丙","1","1","2"
"二年七月戊","1","1","2"
"征讨诸军建","1","1","2"
"讨诸军建安","1","1","2"
"诸军建安王","1","1","2"
"泰始六年七","1","1","2"
"始六年七月","1","1","2"
"泰豫元年六","1","1","2"
"豫元年六月","1","1","2"
"元年六月辛","1","1","2"
"刺史孙超献","1","1","2"
"元徽五年四","1","1","2"
"徽五年四月","1","1","2"
"议郎董胄获","1","1","2"
"太康二年七","1","1","2"
"太康十年正","1","1","2"
"康十年正月","1","1","2"
"二十四年九","1","1","2"
"十四年九月","1","1","2"
"钩长七寸三","1","1","2"
"长七寸三分","1","1","2"
"大将军刘琨","1","1","2"
"将军刘琨掘","1","1","2"
"军刘琨掘地","1","1","2"
"凉州刺史张","1","1","2"
"州刺史张实","1","1","2"
"刺史张实遣","1","1","2"
"史张实遣使","1","1","2"
"建武元年三","1","1","2"
"元年三月己","1","1","2"
"咸康八年九","1","1","2"
"庐江舂谷县","1","1","2"
"豫州刺史路","1","1","2"
"熙十二年六","1","1","2"
"径五寸八分","1","1","2"
"始五年十月","1","1","2"
"年十月庚辰","1","1","2"
"军蔡兴宗献","1","1","2"
"遣主簿李迈","1","1","2"
"宋明帝太始","1","1","2"
"太始二年十","1","1","2"
"始二年十月","1","1","2"
"二年十月己","1","1","2"
"泰始八年正","1","1","2"
"始八年正月","1","1","2"
"连理生东平","2","0","2"
"咸宁元年正","1","1","2"
"咸宁二年四","1","1","2"
"木连理生始","2","0","2"
"咸宁四年八","1","1","2"
"宁四年八月","1","1","2"
"木连理二生","2","0","2"
"太康元年七","1","1","2"
"木连理生冯","2","0","2"
"连理生冯翊","2","0","2"
"太康二年正","1","1","2"
"太康四年正","1","1","2"
"康四年正月","1","1","2"
"太康七年三","1","1","2"
"太康七年六","1","1","2"
"康七年六月","1","1","2"
"康十年十一","1","1","2"
"梁国内史任","1","1","2"
"国内史任式","1","1","2"
"内史任式上","1","1","2"
"二年三月庚","1","1","2"
"建武元年闰","1","1","2"
"武元年闰月","1","1","2"
"元年闰月乙","1","1","2"
"年闰月乙丑","1","1","2"
"建武元年八","1","1","2"
"武元年八月","1","1","2"
"将军王敦闻","2","0","2"
"咸康三年三","1","1","2"
"康三年三月","1","1","2"
"咸康七年十","1","1","2"
"吴国内史王","1","1","2"
"木连理生吴","2","0","2"
"江宁县建兴","1","1","2"
"宁县建兴里","1","1","2"
"元十一年四","1","1","2"
"元十八年十","1","1","2"
"十八年十月","1","1","2"
"八年十月戊","1","1","2"
"年十月戊午","1","1","2"
"元十九年正","1","1","2"
"九年正月丁","1","1","2"
"年正月丁亥","1","1","2"
"八年四月乙","1","1","2"
"元嘉八年八","1","1","2"
"嘉八年八月","1","1","2"
"元嘉九年六","1","1","2"
"嘉九年六月","1","1","2"
"木连理生营","2","0","2"
"连理生营阳","2","0","2"
"嘉十二年二","1","1","2"
"嘉十四年二","1","1","2"
"前梨树连理","1","1","2"
"南郡江陵光","1","1","2"
"嘉十五年二","1","1","2"
"乡程僧爱家","1","1","2"
"候风木连理","1","1","2"
"江州刺史临","1","1","2"
"湖芙蓉连理","1","1","2"
"嘉十八年十","1","1","2"
"十八年十二","1","1","2"
"盱眙考城县","1","1","2"
"二年七月辛","1","1","2"
"年七月辛巳","1","1","2"
"四年二月壬","1","1","2"
"临川王第梨","2","0","2"
"川王第梨树","2","0","2"
"王第梨树连","2","0","2"
"临川王烨闻","2","0","2"
"稽太守羊玄","1","1","2"
"太守羊玄保","1","1","2"
"二十九年十","1","1","2"
"九年十月丁","1","1","2"
"三年七月癸","1","1","2"
"年七月癸未","1","1","2"
"历阳太守袁","1","1","2"
"连理生豫章","2","0","2"
"理生豫章南","2","0","2"
"刺史宗悫闻","2","0","2"
"木连理生丹","2","0","2"
"连理生丹阳","2","0","2"
"理生丹阳秣","2","0","2"
"生丹阳秣陵","2","0","2"
"材官将军范","1","1","2"
"官将军范悦","1","1","2"
"将军范悦时","1","1","2"
"大明四年三","1","1","2"
"明四年三月","1","1","2"
"四年三月丁","1","1","2"
"木连理生华","2","0","2"
"连理生华林","2","0","2"
"理生华林园","2","0","2"
"四年四月壬","1","1","2"
"四年六月戊","1","1","2"
"明五年闰九","1","1","2"
"五年闰九月","1","1","2"
"六年二月乙","1","1","2"
"六年八月乙","1","1","2"
"泰始四年三","1","1","2"
"始四年三月","1","1","2"
"四年三月庚","1","1","2"
"冬生树连理","1","1","2"
"泰始六年四","1","1","2"
"泰始七年二","1","1","2"
"始七年二月","1","1","2"
"七年二月戊","1","1","2"
"蜀郡郫县王","1","1","2"
"益州刺史甄","1","1","2"
"刺史甄法崇","1","1","2"
"平帝元始元","1","1","2"
"帝元始元年","1","1","2"
"元始元年正","1","1","2"
"始元年正月","1","1","2"
"咸宁三年十","1","1","2"
"白雉见渤海","2","0","2"
"义熙七年五","1","1","2"
"熙七年五月","1","1","2"
"元嘉五年五","1","1","2"
"嘉五年五月","1","1","2"
"五年五月庚","1","1","2"
"八年二月癸","1","1","2"
"年二月癸亥","1","1","2"
"年三月戊寅","1","1","2"
"大明八年二","1","1","2"
"明八年二月","1","1","2"
"八年二月丁","1","1","2"
"永光元年三","1","1","2"
"光元年三月","1","1","2"
"元年三月甲","1","1","2"
"史刘德愿献","1","1","2"
"围三尺二寸","1","1","2"
"黄帝时巡狩","1","1","2"
"小鸟生大鸟","1","1","2"
"年九月甲戌","1","1","2"
"二年三月壬","1","1","2"
"元年五月五","1","1","2"
"年五月五日","1","1","2"
"明帝永平六","1","1","2"
"帝永平六年","1","1","2"
"永平六年二","1","1","2"
"平六年二月","1","1","2"
"庐江太守献","1","1","2"
"帝永元元年","1","1","2"
"乌十二年六","1","1","2"
"宝鼎元年八","1","1","2"
"鼎元年八月","1","1","2"
"晋陵武进县","1","1","2"
"帝咸元年十","2","0","2"
"咸元年十月","2","0","2"
"获石鼎重二","1","1","2"
"成帝咸康五","1","1","2"
"帝咸康五年","1","1","2"
"穆帝升平五","1","1","2"
"帝升平五年","1","1","2"
"升平五年二","1","1","2"
"平五年二月","1","1","2"
"五年二月乙","1","1","2"
"年二月乙未","1","1","2"
"嘉十三年四","1","1","2"
"三年四月辛","1","1","2"
"武昌县章山","1","1","2"
"九年九月戊","1","1","2"
"年九月戊申","1","1","2"
"篆书四十二","1","1","2"
"书四十二字","1","1","2"
"豫章豫宁县","1","1","2"
"江州刺史广","1","1","2"
"三年四月丁","1","1","2"
"临川宜黄县","1","1","2"
"内史傅徽献","1","1","2"
"三年四月甲","1","1","2"
"五年五月壬","1","1","2"
"南昌获古铜","1","1","2"
"昌获古铜鼎","1","1","2"
"史王景文献","1","1","2"
"史段佛荣献","1","1","2"
"升明二年九","1","1","2"
"明二年九月","1","1","2"
"建宁万岁山","1","1","2"
"史刘怀珍献","1","1","2"
"宣帝元康二","1","1","2"
"元康二年夏","1","1","2"
"元康四年三","1","1","2"
"甘泉泰畤殿","1","1","2"
"五凤三年正","1","1","2"
"建康崇孝里","1","1","2"
"七年三月辛","1","1","2"
"年三月辛巳","1","1","2"
"太守申令孙","1","1","2"
"守申令孙献","1","1","2"
"晋惠帝永嘉","1","1","2"
"惠帝永嘉元","1","1","2"
"永嘉元年五","1","1","2"
"嘉元年五月","1","1","2"
"汉武帝太初","1","1","2"
"武帝太初三","1","1","2"
"帝太初三年","1","1","2"
"太初三年二","1","1","2"
"三年二月五","1","1","2"
"年二月五日","1","1","2"
"延寿长王音","1","1","2"
"寿长王音献","1","1","2"
"内史虞潭献","1","1","2"
"桓帝延熹九","1","1","2"
"帝延熹九年","1","1","2"
"延熹九年四","1","1","2"
"熹九年四月","1","1","2"
"四年二月戊","1","1","2"
"广陵太守范","1","1","2"
"陵太守范邈","1","1","2"
"太守范邈上","1","1","2"
"平原太守申","1","1","2"
"原太守申纂","1","1","2"
"泰始元年二","1","1","2"
"年二月丙寅","1","1","2"
"光武建武初","1","1","2"
"帝元嘉十六","1","1","2"
"宣城宛陵广","1","1","2"
"城宛陵广野","1","1","2"
"肃慎氏献楛","1","1","2"
"年正月戊午","1","1","2"
"正月戊午元","1","1","2"
"宁朔将军段","1","1","2"
"朔将军段佛","1","1","2"
"军段佛荣献","1","1","2"
"黄初六年正","1","1","2"
"初六年正月","1","1","2"
"太兴三年二","1","1","2"
"后王敦攻京","2","0","2"
"王敦攻京师","2","0","2"
"十二月乙巳","1","1","2"
"诸葛恪征淮","2","0","2"
"葛恪征淮南","2","0","2"
"位八十日败","2","0","2"
"黄城山道士","1","1","2"
"城山道士盛","1","1","2"
"山道士盛道","1","1","2"
"道士盛道度","1","1","2"
"士盛道度堂","1","1","2"
"盛道度堂屋","1","1","2"
"废帝升明元","1","1","2"
"吴兴余杭舍","1","1","2"
"兴余杭舍亭","1","1","2"
"余杭舍亭禾","1","1","2"
"杭舍亭禾蕈","1","1","2"
"舍亭禾蕈树","1","1","2"
"魏尚书邓飏","1","1","2"
"郎中令刘敬","1","1","2"
"中令刘敬叔","1","1","2"
"常偏向一边","1","1","2"
"太平二年二","1","1","2"
"平二年二月","1","1","2"
"四千九百余","1","1","2"
"千九百余家","1","1","2"
"杀二百余人","2","0","2"
"百六十余顷","1","1","2"
"西平郡九县","1","1","2"
"元年八月乙","1","1","2"
"大明八年八","1","1","2"
"明八年八月","1","1","2"
"三年四月乙","1","1","2"
"吴郡桐庐县","1","1","2"
"武帝太康后","2","0","2"
"妇人结发者","2","0","2"
"江夏男子张","1","1","2"
"夏男子张昌","1","1","2"
"晋孝怀永嘉","1","1","2"
"晋司马道子","1","1","2"
"史刘德愿善","1","1","2"
"汉灵帝西园","1","1","2"
"幸臣戴法兴","2","0","2"
"惠帝永熙初","1","1","2"
"明帝景初二","1","1","2"
"帝景初二年","1","1","2"
"王敦镇武昌","2","0","2"
"武太元十三","2","0","2"
"广陵高平阎","1","1","2"
"陵高平阎嵩","1","1","2"
"高平阎嵩家","1","1","2"
"隆安元年八","1","1","2"
"安元年八月","1","1","2"
"咸宁元年八","1","1","2"
"文帝黄初七","1","1","2"
"帝黄初七年","1","1","2"
"黄初七年正","1","1","2"
"初七年正月","1","1","2"
"太兴二年六","1","1","2"
"司马元显将","1","1","2"
"年五月乙酉","1","1","2"
"魏豫州刺史","1","1","2"
"城凤阳门上","1","1","2"
"晋海西太中","2","0","2"
"守殷仲文照","1","1","2"
"齐王嘉平初","1","1","2"
"州刺史令狐","1","1","2"
"刺史令狐愚","1","1","2"
"州刺史王逊","1","1","2"
"北中郎将刘","1","1","2"
"中郎将刘遐","1","1","2"
"淮陵内史苏","1","1","2"
"新安人歌舞","1","1","2"
"安人歌舞离","1","1","2"
"王孝伯一姓","1","1","2"
"孝伯一姓中","1","1","2"
"正始元年二","1","1","2"
"督徐州诸军","1","1","2"
"宝鼎元年春","1","1","2"
"鼎元年春夏","1","1","2"
"武帝泰始七","1","1","2"
"宗庙社稷山","1","1","2"
"庙社稷山川","1","1","2"
"亢阳动众大","2","0","2"
"阳动众大应","2","0","2"
"太康七年夏","1","1","2"
"太康九年夏","1","1","2"
"雍州刺史解","1","1","2"
"州刺史解系","1","1","2"
"元康七年九","1","1","2"
"襄平县梁水","1","1","2"
"平县梁水淡","1","1","2"
"县梁水淡渊","1","1","2"
"中书令缪播","1","1","2"
"书令缪播等","1","1","2"
"令缪播等九","1","1","2"
"缪播等九人","1","1","2"
"太元八年六","1","1","2"
"元八年六月","1","1","2"
"允等悉众御","2","0","2"
"太兴四年五","1","1","2"
"兴四年五月","1","1","2"
"庾太后临朝","1","1","2"
"群臣奏事称","1","1","2"
"皇太后陛下","1","1","2"
"征北将军褚","1","1","2"
"北将军褚裒","1","1","2"
"西中郎将陈","1","1","2"
"蛮校尉采寿","1","1","2"
"遣将军诸葛","1","1","2"
"将军诸葛悠","1","1","2"
"西中郎将谢","1","1","2"
"中郎将谢万","1","1","2"
"年慕容恪围","1","1","2"
"冀州刺史吕","1","1","2"
"晋海西太四","2","0","2"
"海西太四年","2","0","2"
"咸安二年十","1","1","2"
"安二年十月","1","1","2"
"威远将军桓","1","1","2"
"远将军桓石","1","1","2"
"益州刺史竺","1","1","2"
"州刺史竺瑶","1","1","2"
"扬威将军戴","1","1","2"
"威将军戴遁","1","1","2"
"将军谢石率","1","1","2"
"军谢石率水","1","1","2"
"谢石率水军","1","1","2"
"元十三年六","1","1","2"
"遣冠军将军","2","0","2"
"冠军将军桓","1","1","2"
"军将军桓石","1","1","2"
"军桓石虔进","1","1","2"
"宣城内史胡","1","1","2"
"城内史胡彬","1","1","2"
"太元十年七","1","1","2"
"元十年七月","1","1","2"
"谢安镇广陵","2","0","2"
"元十七年秋","1","1","2"
"元兴元年七","1","1","2"
"元兴二年六","1","1","2"
"元兴三年八","1","1","2"
"安帝义熙六","1","1","2"
"帝义熙六年","1","1","2"
"义熙六年九","1","1","2"
"熙六年九月","1","1","2"
"元嘉四年秋","1","1","2"
"二十七年八","1","1","2"
"十七年八月","1","1","2"
"二十八年三","1","1","2"
"明帝景初中","2","0","2"
"阿公阿公驾","1","1","2"
"公阿公驾马","1","1","2"
"阿公驾马车","1","1","2"
"融刮金印龟","1","1","2"
"孙休永安二","1","1","2"
"休永安二年","1","1","2"
"宁饮建业水","1","1","2"
"遣使者祭石","1","1","2"
"使者祭石印","1","1","2"
"者祭石印山","1","1","2"
"祭石印山下","1","1","2"
"石印山下妖","1","1","2"
"城东马子莫","1","1","2"
"三月缠汝鬃","1","1","2"
"洛中大鼠长","1","1","2"
"中大鼠长尺","1","1","2"
"大鼠长尺二","1","1","2"
"元超兄弟大","1","1","2"
"合集持作甒","2","0","2"
"吴兴覆瓿甊","2","0","2"
"驾车入梓宫","1","1","2"
"咸康二年十","1","1","2"
"康二年十二","1","1","2"
"宁食下湖荇","1","1","2"
"白马紫游缰","1","1","2"
"晋海西公生","1","1","2"
"海西公生皇","1","1","2"
"西公生皇子","1","1","2"
"凤凰生一雏","1","1","2"
"京口败复败","1","1","2"
"小人欲作贼","1","1","2"
"小人欲作乱","1","1","2"
"安帝隆安中","2","0","2"
"三月二日扫","1","1","2"
"征钟落地桓","1","1","2"
"娓娓金城中","1","1","2"
"襄阳道人竺","1","1","2"
"阳道人竺昙","1","1","2"
"道人竺昙林","1","1","2"
"人竺昙林所","1","1","2"
"竺昙林所作","1","1","2"
"芦生漫漫竟","1","1","2"
"生漫漫竟天","1","1","2"
"漫漫竟天半","1","1","2"
"国家同安危","1","1","2"
"后吴兴徐馥","1","1","2"
"帝隆元年十","2","0","2"
"元年十月甲","1","1","2"
"丹阳内史硃","1","1","2"
"阳内史硃逵","1","1","2"
"内史硃逵家","1","1","2"
"扬州刺史曹","1","1","2"
"州刺史曹武","1","1","2"
"吴郡嘉兴张","1","1","2"
"郡嘉兴张林","1","1","2"
"嘉兴张林家","1","1","2"
"安帝隆安初","1","1","2"
"吴兴东迁孟","1","1","2"
"兴东迁孟慧","1","1","2"
"东迁孟慧度","1","1","2"
"安王子勋称","2","0","2"
"王子勋称伪","2","0","2"
"子勋称伪号","2","0","2"
"秣陵张僧护","1","1","2"
"陵张僧护家","1","1","2"
"张僧护家犬","1","1","2"
"僧护家犬生","1","1","2"
"成帝咸康初","1","1","2"
"间征伐征赋","2","0","2"
"武太元二年","1","1","2"
"太元二年五","1","1","2"
"京都地生毛","2","0","2"
"元十四年四","1","1","2"
"义熙十年三","1","1","2"
"熙十年三月","1","1","2"
"隆安四年四","1","1","2"
"安四年四月","1","1","2"
"四年四月乙","1","1","2"
"太康六年正","1","1","2"
"五凤二年五","1","1","2"
"凤二年五月","1","1","2"
"阳羡县离里","1","1","2"
"羡县离里山","1","1","2"
"皓承废故家","2","0","2"
"湖熟县夏架","1","1","2"
"熟县夏架湖","1","1","2"
"益州刺史皇","1","1","2"
"州刺史皇甫","1","1","2"
"刺史皇甫晏","1","1","2"
"史皇甫晏冒","1","1","2"
"襄城繁昌县","1","1","2"
"晋车骑大将","1","1","2"
"骑大将军东","1","1","2"
"河南尹李胜","1","1","2"
"惠帝元康八","1","1","2"
"帝元康八年","1","1","2"
"元康八年三","1","1","2"
"武帝太康八","1","1","2"
"帝太康八年","1","1","2"
"八年三月乙","1","1","2"
"年三月乙丑","1","1","2"
"十年四月癸","1","1","2"
"永兴二年七","1","1","2"
"兴二年七月","1","1","2"
"司雍二州牧","1","1","2"
"永五年六月","2","0","2"
"石虎太武殿","1","1","2"
"时桓温入朝","1","1","2"
"元兴元年八","1","1","2"
"元年八月庚","1","1","2"
"年八月庚子","1","1","2"
"嘉七年十二","1","1","2"
"九年三月壬","1","1","2"
"建兴元年九","1","1","2"
"兴元年九月","1","1","2"
"五凤元年六","1","1","2"
"凤元年六月","1","1","2"
"蜀刘禅景耀","1","1","2"
"刘禅景耀五","1","1","2"
"禅景耀五年","1","1","2"
"吴孙皓天纪","1","1","2"
"孙皓天纪三","1","1","2"
"皓天纪三年","1","1","2"
"天纪三年八","1","1","2"
"纪三年八月","1","1","2"
"径一尺八寸","1","1","2"
"元康二年春","1","1","2"
"永嘉三年冬","1","1","2"
"永嘉六年五","1","1","2"
"四株茱萸树","1","1","2"
"东南数百里","1","1","2"
"太宁元年九","1","1","2"
"九年五月甲","1","1","2"
"哀帝兴宁三","1","1","2"
"帝兴宁三年","1","1","2"
"兴宁三年五","1","1","2"
"宁三年五月","1","1","2"
"庐陵西昌县","1","1","2"
"陵西昌县修","1","1","2"
"西昌县修明","1","1","2"
"昌县修明家","1","1","2"
"建宁同乐县","1","1","2"
"义熙二年九","1","1","2"
"熙二年九月","1","1","2"
"州营扬武将","1","1","2"
"营扬武将军","1","1","2"
"茎高四尺六","1","1","2"
"高四尺六寸","1","1","2"
"黄初四年五","1","1","2"
"初四年五月","1","1","2"
"宫文昌殿后","1","1","2"
"文昌殿后池","1","1","2"
"雒阳芳林园","1","1","2"
"阳芳林园池","1","1","2"
"建兴九年十","1","1","2"
"兴九年十月","1","1","2"
"江南飞渡江","1","1","2"
"南飞渡江北","1","1","2"
"时诸葛亮连","1","1","2"
"诸葛亮连年","1","1","2"
"葛亮连年动","1","1","2"
"时年百余岁","2","0","2"
"乌十二年四","1","1","2"
"孙权太元二","1","1","2"
"权太元二年","1","1","2"
"太元二年正","1","1","2"
"元二年正月","1","1","2"
"孙皓建衡三","1","1","2"
"皓建衡三年","1","1","2"
"永嘉元年二","1","1","2"
"嘉元年二月","1","1","2"
"太宁三年八","1","1","2"
"三年八月庚","1","1","2"
"年八月庚戌","1","1","2"
"元十六年正","1","1","2"
"国子学堂西","1","1","2"
"子学堂西头","1","1","2"
"武帝太康七","1","1","2"
"帝太康七年","1","1","2"
"东西百余步","1","1","2"
"建兴四年十","1","1","2"
"斩督运令史","1","1","2"
"督运令史淳","1","1","2"
"丹阳故鄣等","1","1","2"
"阳故鄣等县","1","1","2"
"权称帝三十","1","1","2"
"称帝三十年","1","1","2"
"景初元年九","1","1","2"
"五凤元年夏","1","1","2"
"永安四年五","1","1","2"
"永安五年八","1","1","2"
"安五年八月","1","1","2"
"年八月壬午","1","1","2"
"泰始四年九","1","1","2"
"始四年九月","1","1","2"
"杀刺史胡烈","1","1","2"
"年七月癸亥","1","1","2"
"咸宁三年六","1","1","2"
"宁三年六月","1","1","2"
"咸宁四年七","1","1","2"
"宁四年七月","1","1","2"
"扬郡国二十","2","0","2"
"郡国二十大","2","0","2"
"国二十大水","2","0","2"
"太康七年九","1","1","2"
"郡国八大水","2","0","2"
"时贾后乱朝","2","0","2"
"时贾后暴戾","1","1","2"
"元康九年四","1","1","2"
"康九年四月","1","1","2"
"太兴三年六","1","1","2"
"大兴四年七","1","1","2"
"兴四年七月","1","1","2"
"七年七月甲","1","1","2"
"荀羡连年征","1","1","2"
"羡连年征伐","1","1","2"
"升平二年五","1","1","2"
"平二年五月","1","1","2"
"妖贼卢竦率","1","1","2"
"太元十年夏","1","1","2"
"永嘉郡潮水","1","1","2"
"嘉郡潮水涌","1","1","2"
"元十九年七","1","1","2"
"隆安三年五","1","1","2"
"安三年五月","1","1","2"
"时司马元显","1","1","2"
"司马元显作","1","1","2"
"马元显作威","1","1","2"
"元兴三年二","1","1","2"
"义熙二年十","1","1","2"
"义熙三年五","1","1","2"
"熙三年五月","1","1","2"
"三年五月丙","1","1","2"
"熙四年十二","1","1","2"
"六年五月丁","1","1","2"
"义熙八年六","1","1","2"
"熙八年六月","1","1","2"
"九年五月辛","1","1","2"
"西明门地穿","2","0","2"
"熙十一年七","1","1","2"
"一年七月丙","1","1","2"
"司空檀道济","1","1","2"
"嘉十二年六","1","1","2"
"右军将军裴","1","1","2"
"军将军裴方","1","1","2"
"军裴方明率","1","1","2"
"孝建元年八","1","1","2"
"建元年八月","1","1","2"
"大明四年八","1","1","2"
"明四年八月","1","1","2"
"升明元年七","1","1","2"
"升明二年二","1","1","2"
"潜翼异山一","1","1","2"
"寒七十二日","1","1","2"
"嘉禾三年九","1","1","2"
"禾三年九月","1","1","2"
"时校事吕壹","1","1","2"
"汉元帝时石","1","1","2"
"元帝时石显","1","1","2"
"嘉禾四年七","1","1","2"
"禾四年七月","1","1","2"
"时吕壹作威","1","1","2"
"孙权赤乌四","1","1","2"
"权赤乌四年","1","1","2"
"赤乌四年正","1","1","2"
"乌四年正月","1","1","2"
"乌十一年四","1","1","2"
"九年四月辛","1","1","2"
"宁五年五月","1","1","2"
"千三百余顷","1","1","2"
"百三十余间","1","1","2"
"元年四月庚","1","1","2"
"年四月庚午","1","1","2"
"五年七月甲","1","1","2"
"元康五年六","1","1","2"
"元康六年三","1","1","2"
"光熙元年闰","1","1","2"
"熙元年闰八","1","1","2"
"元年闰八月","1","1","2"
"年闰八月甲","1","1","2"
"闰八月甲申","1","1","2"
"太兴三年三","1","1","2"
"太宁二年四","1","1","2"
"太宁三年三","1","1","2"
"年三月丁丑","1","1","2"
"鲁昭公时季","1","1","2"
"昭公时季孙","1","1","2"
"公时季孙宿","1","1","2"
"永十一年四","2","0","2"
"太元二年四","1","1","2"
"元十二年四","1","1","2"
"一年四月丁","1","1","2"
"二年三月乙","1","1","2"
"时桓玄篡位","1","1","2"
"义熙五年三","1","1","2"
"熙五年三月","1","1","2"
"义熙五年五","1","1","2"
"熙五年五月","1","1","2"
"义熙五年九","1","1","2"
"熙五年九月","1","1","2"
"嘉十八年三","1","1","2"
"明元年十二","1","1","2"
"五年四月壬","1","1","2"
"元徽三年五","1","1","2"
"徽三年五月","1","1","2"
"洛阳城东桥","1","1","2"
"西城上候风","1","1","2"
"城上候风木","1","1","2"
"太康六年十","1","1","2"
"康六年十二","1","1","2"
"南沙司盐都","1","1","2"
"沙司盐都尉","1","1","2"
"永康元年六","1","1","2"
"西南五百步","1","1","2"
"嘉四年十月","1","1","2"
"永昌二年七","1","1","2"
"昌二年七月","1","1","2"
"七月丙子朔","2","0","2"
"震太极殿柱","2","0","2"
"昌二年十一","1","1","2"
"太宁元年七","1","1","2"
"元年十月己","1","1","2"
"三年九月二","1","1","2"
"年九月二日","1","1","2"
"九月二日立","1","1","2"
"月二日立冬","1","1","2"
"咸四年十二","2","0","2"
"七年十月壬","1","1","2"
"太元五年六","1","1","2"
"元五年六月","1","1","2"
"太元五年十","1","1","2"
"元五年十二","1","1","2"
"元十四年七","1","1","2"
"宣阳门西柱","1","1","2"
"隆安二年九","1","1","2"
"安二年九月","1","1","2"
"一月辛卯朔","2","0","2"
"义熙六年十","1","1","2"
"熙六年十二","1","1","2"
"三年九月丁","1","1","2"
"元徽三年十","1","1","2"
"徽三年十月","1","1","2"
"升明三年二","1","1","2"
"三年二月二","1","1","2"
"黄门孙虑杀","1","1","2"
"门孙虑杀太","1","1","2"
"孙虑杀太子","1","1","2"
"外营将军鼓","1","1","2"
"洛阳城西北","1","1","2"
"阳城西北九","1","1","2"
"城西北九里","1","1","2"
"吴兴长城县","1","1","2"
"兴长城县夏","1","1","2"
"长城县夏架","1","1","2"
"城县夏架山","1","1","2"
"齐王嘉平四","1","1","2"
"王嘉平四年","1","1","2"
"嘉平四年五","1","1","2"
"平四年五月","1","1","2"
"黄初三年七","1","1","2"
"初三年七月","1","1","2"
"泰始十年六","1","1","2"
"始十年六月","1","1","2"
"太兴元年八","1","1","2"
"太兴三年五","1","1","2"
"徐州刺史蔡","1","1","2"
"州刺史蔡豹","1","1","2"
"元十五年八","1","1","2"
"元十六年五","1","1","2"
"头二身八足","2","0","2"
"嘉五年十二","1","1","2"
"升平三年二","1","1","2"
"平三年二月","1","1","2"
"姑臧泽水中","1","1","2"
"中护军张邕","1","1","2"
"齐王正始九","1","1","2"
"王正始九年","1","1","2"
"正始九年十","1","1","2"
"始九年十一","1","1","2"
"嘉平元年正","1","1","2"
"孙权太元元","1","1","2"
"权太元元年","1","1","2"
"太元元年八","1","1","2"
"年五月辛卯","1","1","2"
"平大风折木","2","0","2"
"元康四年六","1","1","2"
"康四年六月","1","1","2"
"永康元年二","1","1","2"
"赵王伦篡位","2","0","2"
"永兴元年正","1","1","2"
"永昌元年七","1","1","2"
"昌元年七月","1","1","2"
"年七月丙寅","1","1","2"
"永昌元年八","1","1","2"
"昌元年八月","1","1","2"
"咸康四年三","1","1","2"
"四年三月壬","1","1","2"
"升平五年正","1","1","2"
"平五年正月","1","1","2"
"太元元年二","1","1","2"
"元二年闰三","1","1","2"
"二年闰三月","1","1","2"
"年闰三月甲","1","1","2"
"闰三月甲子","1","1","2"
"太元二年六","1","1","2"
"元二年六月","1","1","2"
"苻坚宫中树","1","1","2"
"太元四年八","1","1","2"
"元四年八月","1","1","2"
"元十二年正","1","1","2"
"元十二年七","1","1","2"
"元兴二年二","1","1","2"
"元兴三年十","1","1","2"
"十一月丁酉","1","1","2"
"义熙五年闰","1","1","2"
"熙五年闰十","1","1","2"
"五年闰十月","1","1","2"
"年闰十月丁","1","1","2"
"闰十月丁亥","1","1","2"
"十年四月己","1","1","2"
"义熙十年六","1","1","2"
"熙十年六月","1","1","2"
"十年六月辛","1","1","2"
"年六月辛亥","1","1","2"
"景平二年正","1","1","2"
"正月癸亥朔","2","0","2"
"钟山通天台","1","1","2"
"年五月己酉","1","1","2"
"二年九月乙","1","1","2"
"年九月乙巳","1","1","2"
"元徽三年六","1","1","2"
"徽三年六月","1","1","2"
"元徽五年六","1","1","2"
"徽五年六月","1","1","2"
"正元二年闰","1","1","2"
"元二年闰正","1","1","2"
"二年闰正月","1","1","2"
"年闰正月戊","1","1","2"
"闰正月戊戌","1","1","2"
"时晋景王讨","1","1","2"
"太康九年八","1","1","2"
"康九年八月","1","1","2"
"元康二年九","1","1","2"
"时天子诸侯","1","1","2"
"武昌太守王","1","1","2"
"昌太守王谅","1","1","2"
"太兴四年十","1","1","2"
"蜀刘备章武","1","1","2"
"刘备章武二","1","1","2"
"备章武二年","1","1","2"
"中山王周南","1","1","2"
"元兴元年十","1","1","2"
"兴元年十月","1","1","2"
"嘉十八年秋","1","1","2"
"十八年秋七","1","1","2"
"史胡质击退","1","1","2"
"赤乌二年正","1","1","2"
"乌二年正月","1","1","2"
"时曹爽专政","2","0","2"
"权赤乌十一","1","1","2"
"乌十一年二","1","1","2"
"南海等郡国","1","1","2"
"元康四年二","1","1","2"
"康四年二月","1","1","2"
"长八十四丈","1","1","2"
"四处山崩地","1","1","2"
"长百三十丈","2","0","2"
"邓太后摄政","1","1","2"
"太后摄政时","1","1","2"
"时长沙王专","1","1","2"
"二年五月癸","1","1","2"
"南平郡山崩","1","1","2"
"九年八月丁","1","1","2"
"凉州地震山","1","1","2"
"州地震山崩","1","1","2"
"八年正月癸","1","1","2"
"年正月壬子","1","1","2"
"义熙五年正","1","1","2"
"熙五年正月","1","1","2"
"正月戊戌夜","1","1","2"
"五年七月辛","1","1","2"
"大明六年七","1","1","2"
"明六年七月","1","1","2"
"六年七月甲","1","1","2"
"鲁郡山摇地","1","1","2"
"郡山摇地动","1","1","2"
"四百八十丈","1","1","2"
"州刺史夏侯","1","1","2"
"刺史夏侯祖","1","1","2"
"史夏侯祖权","1","1","2"
"夏侯祖权卒","1","1","2"
"泰豫元年闰","1","1","2"
"豫元年闰七","1","1","2"
"元年闰七月","1","1","2"
"年闰七月甲","1","1","2"
"闰七月甲申","1","1","2"
"乌十三年八","1","1","2"
"元康四年八","1","1","2"
"康四年八月","1","1","2"
"年八月乙亥","1","1","2"
"永嘉三年七","1","1","2"
"嘉三年七月","1","1","2"
"三年七月戊","1","1","2"
"长二百余步","1","1","2"
"九年六月夜","1","1","2"
"屋柱陷入地","1","1","2"
"安帝义熙八","1","1","2"
"帝义熙八年","1","1","2"
"义熙八年三","1","1","2"
"熙八年三月","1","1","2"
"八年三月壬","1","1","2"
"年三月壬寅","1","1","2"
"十年五月戊","1","1","2"
"孙亮太平三","1","1","2"
"亮太平三年","1","1","2"
"宝鼎元年十","1","1","2"
"鼎元年十二","1","1","2"
"元徽三年四","1","1","2"
"徽三年四月","1","1","2"
"元徽三年八","1","1","2"
"徽三年八月","1","1","2"
"蜀车骑将军","1","1","2"
"车骑将军邓","1","1","2"
"骑将军邓芝","1","1","2"
"正元元年冬","1","1","2"
"元元年冬十","1","1","2"
"元年冬十月","1","1","2"
"年冬十月戊","1","1","2"
"冬十月戊戌","1","1","2"
"吴孙皓天册","1","1","2"
"兴二年十一","1","1","2"
"五年三月癸","1","1","2"
"年三月癸巳","1","1","2"
"入汉城阳景","1","1","2"
"汉城阳景王","1","1","2"
"郡吏濮阳杨","1","1","2"
"吏濮阳杨演","1","1","2"
"咸康八年五","1","1","2"
"张重华凉州","2","0","2"
"西河相张祚","1","1","2"
"隆安四年十","1","1","2"
"安四年十月","1","1","2"
"清河宋士宗","1","1","2"
"眼目视瞻非","2","0","2"
"目视瞻非常","2","0","2"
"攘臂切齿曰","2","0","2"
"诸葛公峻所","2","0","2"
"葛公峻所杀","2","0","2"
"咸熙二年八","1","1","2"
"熙二年八月","1","1","2"
"迹长三尺二","1","1","2"
"宁二年二月","1","1","2"
"邪人颜畿病","1","1","2"
"人颜畿病死","1","1","2"
"惠帝永宁初","1","1","2"
"太安元年四","1","1","2"
"安元年四月","1","1","2"
"秘书郎王导","1","1","2"
"会稽谢真生","1","1","2"
"元帝太兴初","1","1","2"
"吴郡吴县万","1","1","2"
"郡吴县万祥","1","1","2"
"新蔡县吏任","1","1","2"
"蔡县吏任侨","1","1","2"
"县吏任侨妻","1","1","2"
"时内史吕会","1","1","2"
"内史吕会上","1","1","2"
"史吕会上言","1","1","2"
"称二人同心","1","1","2"
"明帝太宁二","1","1","2"
"帝太宁二年","1","1","2"
"太宁二年七","1","1","2"
"宁二年七月","1","1","2"
"丹阳江宁侯","1","1","2"
"阳江宁侯纪","1","1","2"
"江宁侯纪妻","1","1","2"
"宁侯纪妻死","1","1","2"
"咸康四年十","1","1","2"
"十一月辛丑","1","1","2"
"卫将军营督","1","1","2"
"将军营督过","1","1","2"
"军营督过望","1","1","2"
"武帝宁康初","1","1","2"
"阳人黄氏生","1","1","2"
"荆州武宁县","1","1","2"
"州武宁县人","1","1","2"
"武宁县人杨","1","1","2"
"宁县人杨始","1","1","2"
"县人杨始欢","1","1","2"
"泰豫元年正","1","1","2"
"豫元年正月","1","1","2"
"太子西池水","1","1","2"
"子西池水上","1","1","2"
"南东莞徐坦","1","1","2"
"青龙二年四","1","1","2"
"龙二年四月","1","1","2"
"宁元年十一","1","1","2"
"太康三年春","1","1","2"
"元康二年十","1","1","2"
"康二年十一","1","1","2"
"昌元年十一","1","1","2"
"太元五年五","1","1","2"
"元五年五月","1","1","2"
"义熙七年春","1","1","2"
"黄初三年正","1","1","2"
"太史令许芝","1","1","2"
"十一月戊戌","1","1","2"
"元年闰月庚","1","1","2"
"正始元年七","1","1","2"
"始元年七月","1","1","2"
"年七月戊申","1","1","2"
"正始三年四","1","1","2"
"正始八年二","1","1","2"
"始八年二月","1","1","2"
"八年二月庚","1","1","2"
"正始九年正","1","1","2"
"始九年正月","1","1","2"
"九年正月乙","1","1","2"
"乡公甘露四","1","1","2"
"公甘露四年","1","1","2"
"甘露四年七","1","1","2"
"露四年七月","1","1","2"
"四年七月戊","1","1","2"
"甘露五年正","1","1","2"
"露五年正月","1","1","2"
"元帝景元二","1","1","2"
"帝景元二年","1","1","2"
"景元二年五","1","1","2"
"景元三年三","1","1","2"
"元三年三月","1","1","2"
"八年十月辛","1","1","2"
"元年七月甲","1","1","2"
"咸宁三年正","1","1","2"
"太康四年三","1","1","2"
"四年三月辛","1","1","2"
"太康六年八","1","1","2"
"康六年八月","1","1","2"
"六年八月丙","1","1","2"
"年八月丙戌","1","1","2"
"太康七年正","1","1","2"
"康七年正月","1","1","2"
"七年正月甲","1","1","2"
"太康八年正","1","1","2"
"六月庚子朔","2","0","2"
"永宁元年闰","1","1","2"
"宁元年闰三","1","1","2"
"元年闰三月","1","1","2"
"年闰三月丙","1","1","2"
"闰三月丙戌","1","1","2"
"光熙元年正","1","1","2"
"正月戊子朔","1","1","2"
"太宁三年十","1","1","2"
"咸康元年十","1","1","2"
"咸康七年二","1","1","2"
"康七年二月","1","1","2"
"七年正月丁","1","1","2"
"升平四年八","1","1","2"
"平四年八月","1","1","2"
"四年八月辛","1","1","2"
"年八月辛丑","1","1","2"
"宁康三年十","1","1","2"
"康三年十月","1","1","2"
"年十月癸酉","1","1","2"
"十月癸酉朔","2","0","2"
"太元四年闰","1","1","2"
"元四年闰月","1","1","2"
"四年闰月己","1","1","2"
"年闰月己酉","1","1","2"
"六年六月庚","1","1","2"
"太元九年十","1","1","2"
"元九年十月","1","1","2"
"九年十月辛","1","1","2"
"年十月辛亥","1","1","2"
"元十七年五","1","1","2"
"七年五月丁","1","1","2"
"元二十年三","1","1","2"
"二十年三月","1","1","2"
"十年三月庚","1","1","2"
"十一月乙亥","1","1","2"
"年二月癸卯","1","1","2"
"年三月庚申","1","1","2"
"建武元年正","1","1","2"
"武元年正月","1","1","2"
"太兴四年三","1","1","2"
"兴四年三月","1","1","2"
"昌元年十月","1","1","2"
"元年正月己","1","1","2"
"年正月壬申","1","1","2"
"四年四月戊","1","1","2"
"六年三月辛","1","1","2"
"元兴元年二","1","1","2"
"元年二月甲","1","1","2"
"义熙元年五","1","1","2"
"元熙二年正","1","1","2"
"熙二年正月","1","1","2"
"五年三月丙","1","1","2"
"熙九年十二","1","1","2"
"三年三月乙","1","1","2"
"年三月乙亥","1","1","2"
"元徽二年八","1","1","2"
"徽二年八月","1","1","2"
"后帝升明元","1","1","2"
"升明元年九","1","1","2"
"吴兴故鄣县","1","1","2"
"帝建安十六","1","1","2"
"建安十六年","1","1","2"
"扬州府禁防","1","1","2"
"州府禁防参","1","1","2"
"府禁防参军","1","1","2"
"吴省典农都","2","0","2"
"省典农都尉","2","0","2"
"都水一千三","2","0","2"
"水一千三百","2","0","2"
"一千三百五","1","1","2"
"三百五十五","1","1","2"
"汉末分上虞","1","1","2"
"晋太康三年","1","1","2"
"太康三年地","1","1","2"
"康三年地志","1","1","2"
"地本名长水","1","1","2"
"本名武原乡","1","1","2"
"吴分富春立","2","0","2"
"汉高帝四年","1","1","2"
"水一百七十","2","0","2"
"陆一百四十","2","0","2"
"督农校尉治","1","1","2"
"京都水五百","2","0","2"
"晋成帝杜皇","1","1","2"
"成帝杜皇后","1","1","2"
"都水一千七","2","0","2"
"水一千七百","2","0","2"
"献帝初平二","1","1","2"
"帝初平二年","1","1","2"
"献帝初平三","1","1","2"
"帝初平三年","1","1","2"
"分太末立曰","2","0","2"
"孙氏分诸暨","2","0","2"
"氏分诸暨立","2","0","2"
"二千六百四","1","1","2"
"帝建安十三","1","1","2"
"建安十三年","1","1","2"
"一千八百六","1","1","2"
"陆一千八百","2","0","2"
"京都水二百","2","0","2"
"水二百四十","2","0","2"
"割吴郡海虞","1","1","2"
"吴郡海虞县","1","1","2"
"京都水四百","2","0","2"
"吴嘉禾三年","1","1","2"
"水四百九十","2","0","2"
"南东莞太守","1","1","2"
"武帝元狩六","1","1","2"
"帝元狩六年","1","1","2"
"帝永平十五","1","1","2"
"永平十五年","1","1","2"
"分下邳淮南","2","0","2"
"下邳淮南临","2","0","2"
"邳淮南临淮","2","0","2"
"元徽五年五","1","1","2"
"徽五年五月","1","1","2"
"南彭城太守","1","1","2"
"一千三百六","1","1","2"
"宣帝地节元","1","1","2"
"帝地节元年","1","1","2"
"汉末太傅陈","1","1","2"
"末太傅陈蕃","1","1","2"
"一千一百六","1","1","2"
"前汉属泰山","2","0","2"
"陆六百七十","2","0","2"
"前汉属琅邪","2","0","2"
"后汉属琅邪","2","0","2"
"都陆一千三","2","0","2"
"陆一千一百","2","0","2"
"前汉属东郡","2","0","2"
"熙中土断立","2","0","2"
"京都水七百","2","0","2"
"大明元年复","2","0","2"
"明元年复立","2","0","2"
"晋安帝分立","2","0","2"
"徽元年度属","2","0","2"
"流民多南渡","1","1","2"
"千三百二十","2","0","2"
"二百四十一","1","1","2"
"北淮阳太守","1","1","2"
"三十年六月","1","1","2"
"汉景帝中六","1","1","2"
"武帝建元五","1","1","2"
"帝建元五年","1","1","2"
"武大明中立","2","0","2"
"帝永元二年","1","1","2"
"汉齐悼惠王","1","1","2"
"司马元显政","1","1","2"
"马元显政令","1","1","2"
"迁尚书祠部","2","0","2"
"记室录事参","1","1","2"
"室录事参军","1","1","2"
"西华县五等","1","1","2"
"华县五等子","1","1","2"
"书仆射孟昶","1","1","2"
"扬州根本所","2","0","2"
"中军太尉司","1","1","2"
"军太尉司马","1","1","2"
"迁尚书右仆","2","0","2"
"甲仗五十人","2","0","2"
"正直黄门郎","1","1","2"
"时年五十八","2","0","2"
"高祖表天子","2","0","2"
"邑千五百户","2","0","2"
"南昌侯刘穆","1","1","2"
"州刺史王镇","1","1","2"
"刺史王镇恶","1","1","2"
"太祖元嘉九","1","1","2"
"祖元嘉九年","1","1","2"
"南康文宣公","1","1","2"
"康文宣公穆","1","1","2"
"世祖孝建中","2","0","2"
"相国中兵参","1","1","2"
"国中兵参军","1","1","2"
"偷数百万钱","1","1","2"
"德阳县五等","1","1","2"
"阳县五等侯","1","1","2"
"时浚征北府","1","1","2"
"浚征北府行","1","1","2"
"征北府行参","1","1","2"
"北府行参军","1","1","2"
"府行参军吴","1","1","2"
"行参军吴郡","1","1","2"
"迁御史中丞","2","0","2"
"转右卫将军","2","0","2"
"谢宣明面见","1","1","2"
"子平南参军","1","1","2"
"中军行参军","1","1","2"
"中书郎滕演","1","1","2"
"刘毅抚军记","1","1","2"
"毅抚军记室","1","1","2"
"抚军记室参","1","1","2"
"太尉参军羊","1","1","2"
"尉参军羊徽","1","1","2"
"世子中庶子","1","1","2"
"迁太子詹事","2","0","2"
"记室参军滕","1","1","2"
"室参军滕演","1","1","2"
"江陵奉迎太","1","1","2"
"陵奉迎太祖","1","1","2"
"屯骑校尉郭","1","1","2"
"骑校尉郭泓","1","1","2"
"时年五十三","2","0","2"
"遣中书舍人","2","0","2"
"孟昶建威府","2","0","2"
"建威府中兵","1","1","2"
"威府中兵参","1","1","2"
"高祖问刘穆","1","1","2"
"豫州治中事","2","0","2"
"入太尉主簿","2","0","2"
"郡太守王华","1","1","2"
"都督荆湘雍","1","1","2"
"督荆湘雍益","1","1","2"
"宁南北秦七","2","0","2"
"南北秦七州","2","0","2"
"北秦七州诸","2","0","2"
"外监万幼宗","1","1","2"
"议参军何承","1","1","2"
"参军何承天","1","1","2"
"辅国府中兵","1","1","2"
"国府中兵参","1","1","2"
"中兵参军乐","1","1","2"
"三千人守城","1","1","2"
"南蛮司马周","1","1","2"
"蛮司马周超","1","1","2"
"子著作佐郎","1","1","2"
"故司徒臣羡","2","0","2"
"禄大夫臣亮","2","0","2"
"征北将军臣","2","0","2"
"北将军臣道","2","0","2"
"将军臣道济","2","0","2"
"山县开国侯","1","1","2"
"都督南徐兗","2","0","2"
"东莞七郡诸","1","1","2"
"莞七郡诸军","1","1","2"
"七郡诸军事","1","1","2"
"永修县开国","1","1","2"
"修县开国公","1","1","2"
"县开国公檀","1","1","2"
"开国公檀道","1","1","2"
"国公檀道济","1","1","2"
"公檀道济统","1","1","2"
"竟陵内史殷","1","1","2"
"陵内史殷道","1","1","2"
"内史殷道鸾","1","1","2"
"骑大将军王","1","1","2"
"大将军王弘","1","1","2"
"侍中王昙首","1","1","2"
"惠观道人说","1","1","2"
"宰相顿数人","2","0","2"
"日监利左尉","1","1","2"
"宁远将军庾","1","1","2"
"远将军庾登","1","1","2"
"统参军事建","1","1","2"
"参军事建武","1","1","2"
"军事建武将","1","1","2"
"事建武将军","1","1","2"
"建武将军建","1","1","2"
"武将军建平","1","1","2"
"将军建平太","1","1","2"
"军建平太守","1","1","2"
"建平太守安","1","1","2"
"平太守安泰","1","1","2"
"宣威将军昭","1","1","2"
"威将军昭弘","1","1","2"
"将军昭弘宗","1","1","2"
"参军事宣威","1","1","2"
"军事宣威将","1","1","2"
"事宣威将军","1","1","2"
"宣威将军王","1","1","2"
"威将军王绍","1","1","2"
"振武将军魏","1","1","2"
"武将军魏像","1","1","2"
"威将军陈珍","1","1","2"
"新兴太守贺","1","1","2"
"振威将军郭","1","1","2"
"威将军郭卓","1","1","2"
"长宁太守窦","1","1","2"
"宁太守窦应","1","1","2"
"太守窦应期","1","1","2"
"振武将军胡","1","1","2"
"武将军胡崇","1","1","2"
"兵参军孔延","1","1","2"
"参军孔延秀","1","1","2"
"军孔延秀率","1","1","2"
"奸臣王弘等","1","1","2"
"弟竟陵太守","1","1","2"
"同党孔延秀","1","1","2"
"伟哉横海鳞","1","1","2"
"壮矣垂天翼","1","1","2"
"功遂侔昔人","1","1","2"
"河东人商玄","1","1","2"
"东人商玄石","1","1","2"
"义季右军参","2","0","2"
"季右军参军","2","0","2"
"右军参军督","1","1","2"
"延陵盖追随","1","1","2"
"镇军功曹督","1","1","2"
"军功曹督护","1","1","2"
"封阆中县五","1","1","2"
"阆中县五等","1","1","2"
"龙骧府功曹","1","1","2"
"刺史檀祗镇","1","1","2"
"颍川太守刘","1","1","2"
"川太守刘统","1","1","2"
"伪镇东将军","1","1","2"
"镇东将军冯","1","1","2"
"伪辅国将军","1","1","2"
"辅国将军符","1","1","2"
"国将军符嗣","1","1","2"
"伪龙骧将军","1","1","2"
"龙骧将军金","1","1","2"
"骧将军金符","1","1","2"
"将军金符青","1","1","2"
"怀肃督江夏","1","1","2"
"肃督江夏九","1","1","2"
"督江夏九郡","1","1","2"
"淮南历阳二","1","1","2"
"南历阳二郡","1","1","2"
"历阳二郡太","1","1","2"
"阳二郡太守","1","1","2"
"刘毅抚军司","1","1","2"
"毅抚军司马","1","1","2"
"封东兴县侯","2","0","2"
"追赠左将军","2","0","2"
"前废帝景中","2","0","2"
"追赠金紫光","2","0","2"
"赠金紫光禄","2","0","2"
"高祖东伐孙","1","1","2"
"祖东伐孙恩","1","1","2"
"转辅国将军","2","0","2"
"中军咨议参","2","0","2"
"食邑二百五","1","1","2"
"邑二百五十","1","1","2"
"二百五十户","1","1","2"
"江州豫州西","2","0","2"
"州豫州西阳","2","0","2"
"豫州西阳新","2","0","2"
"州西阳新蔡","2","0","2"
"西阳新蔡汝","2","0","2"
"阳新蔡汝南","2","0","2"
"新蔡汝南颍","2","0","2"
"蔡汝南颍川","2","0","2"
"颍川司州恆","2","0","2"
"川司州恆农","2","0","2"
"司州恆农扬","2","0","2"
"州恆农扬州","2","0","2"
"恆农扬州松","2","0","2"
"农扬州松滋","2","0","2"
"扬州松滋六","2","0","2"
"州松滋六郡","2","0","2"
"镇军咨议参","2","0","2"
"迁右卫将军","2","0","2"
"时延祖等西","1","1","2"
"称镇军将军","1","1","2"
"参军严纲等","1","1","2"
"军严纲等收","1","1","2"
"汉嘉太守冯","1","1","2"
"嘉太守冯迁","1","1","2"
"太守冯迁率","1","1","2"
"守冯迁率兵","1","1","2"
"遣振武将军","2","0","2"
"振武将军张","1","1","2"
"武将军张季","1","1","2"
"将军张季仁","1","1","2"
"四月二十九","1","1","2"
"议参军任集","1","1","2"
"时蒋山庙中","1","1","2"
"相国右司马","1","1","2"
"河内二郡太","1","1","2"
"内二郡太守","1","1","2"
"新夷县五等","1","1","2"
"夷县五等侯","1","1","2"
"振武将军沈","1","1","2"
"武将军沈田","1","1","2"
"将军沈田子","1","1","2"
"军沈田子等","1","1","2"
"沈田子等讨","1","1","2"
"田子等讨平","1","1","2"
"子等讨平始","1","1","2"
"等讨平始兴","1","1","2"
"孙季高岭南","1","1","2"
"王仲德等追","1","1","2"
"高祖西征刘","1","1","2"
"祖西征刘毅","1","1","2"
"建威将军徐","1","1","2"
"威将军徐逵","1","1","2"
"吴平县五等","1","1","2"
"平县五等子","1","1","2"
"参相国军事","1","1","2"
"时卢循余党","1","1","2"
"兗州刺史长","2","0","2"
"转太子左卫","2","0","2"
"长乐国郎中","1","1","2"
"乐国郎中令","1","1","2"
"太祖元嘉中","2","0","2"
"世子中军府","1","1","2"
"子中军府长","1","1","2"
"中军府长史","1","1","2"
"义恭骠骑户","1","1","2"
"恭骠骑户曹","1","1","2"
"骠骑户曹参","1","1","2"
"骑户曹参军","1","1","2"
"书韩元兴率","1","1","2"
"司马管法济","1","1","2"
"马管法济求","1","1","2"
"国将军张柬","1","1","2"
"冀二州诸军","1","1","2"
"移青州镇历","2","0","2"
"青州镇历城","2","0","2"
"豫司二州诸","1","1","2"
"司二州诸军","1","1","2"
"大将军武陵","1","1","2"
"武陵王遵承","2","0","2"
"陵王遵承制","2","0","2"
"南彭城内史","1","1","2"
"时北青州刺","1","1","2"
"郡太守孙全","1","1","2"
"大将军斛斯","1","1","2"
"将军斛斯兰","1","1","2"
"鹿太守贺申","1","1","2"
"军刘敬宣等","1","1","2"
"新兴县五等","1","1","2"
"督淮北军郡","1","1","2"
"淮北军郡事","1","1","2"
"北东海太守","1","1","2"
"淮南诸郡军","1","1","2"
"南诸郡军事","1","1","2"
"五十人入殿","2","0","2"
"雍七州诸军","1","1","2"
"都督徐兗青","2","0","2"
"晋陵诸军事","1","1","2"
"食邑五千户","1","1","2"
"永初二年朝","1","1","2"
"时道怜入朝","1","1","2"
"迁骁骑将军","2","0","2"
"版咨议参军","2","0","2"
"车骑事中郎","2","0","2"
"车骑中军司","1","1","2"
"骑中军司马","1","1","2"
"新阳县五等","1","1","2"
"阳县五等男","1","1","2"
"犹少序节物","1","1","2"
"少序节物一","1","1","2"
"序节物一句","1","1","2"
"秋冬代变后","1","1","2"
"除尚书吏部","2","0","2"
"加镇蛮护军","1","1","2"
"元显讨桓玄","2","0","2"
"欲悉诛桓氏","2","0","2"
"诞固陈修等","2","0","2"
"固陈修等玄","2","0","2"
"陈修等玄志","2","0","2"
"修等玄志趣","2","0","2"
"等玄志趣同","2","0","2"
"平南府长史","1","1","2"
"时广州刺史","1","1","2"
"广州刺史吴","1","1","2"
"州刺史吴隐","1","1","2"
"时诸葛长民","1","1","2"
"作唐县五等","1","1","2"
"唐县五等侯","1","1","2"
"伯父吴兴太","1","1","2"
"父吴兴太守","1","1","2"
"丹阳尹卞范","1","1","2"
"吏部郎王腾","1","1","2"
"除著作佐郎","2","0","2"
"时晋陵郡送","1","1","2"
"主簿弘季盛","1","1","2"
"骠骑咨议参","1","1","2"
"豫章王文学","1","1","2"
"镇军行参军","1","1","2"
"参大司马琅","2","0","2"
"马琅邪王军","2","0","2"
"琅邪王军事","2","0","2"
"南郡州陵县","1","1","2"
"郡州陵县五","1","1","2"
"州陵县五等","1","1","2"
"建威府司马","1","1","2"
"加秩中二千","2","0","2"
"时年四十八","2","0","2"
"追赠前将军","1","1","2"
"时会稽王世","2","0","2"
"大将军文学","1","1","2"
"将军文学祭","1","1","2"
"军文学祭酒","1","1","2"
"乐成县五等","1","1","2"
"成县五等侯","1","1","2"
"楚台员外散","1","1","2"
"台员外散骑","1","1","2"
"劾尚书令徐","1","1","2"
"尚书令省事","1","1","2"
"书令省事倪","1","1","2"
"令省事倪宗","1","1","2"
"迁祠部尚书","1","1","2"
"黄门吏部郎","1","1","2"
"子顼前军长","1","1","2"
"顼前军长史","1","1","2"
"世子左卫率","2","0","2"
"史中丞王准","1","1","2"
"时中书令傅","1","1","2"
"中书令傅亮","1","1","2"
"下王后一等","2","0","2"
"太宰武陵王","1","1","2"
"军会稽王第","1","1","2"
"会稽王第二","1","1","2"
"大司马第三","1","1","2"
"太尉陇西王","1","1","2"
"司徒王玄冲","1","1","2"
"宗正尚书符","1","1","2"
"正尚书符令","1","1","2"
"侍中彭城王","1","1","2"
"大将军梁王","1","1","2"
"将军梁王肜","1","1","2"
"豫章王常侍","1","1","2"
"征吏部尚书","2","0","2"
"太祖入奉大","2","0","2"
"祖入奉大统","2","0","2"
"书令傅亮率","1","1","2"
"尚书主客郎","1","1","2"
"度支左民郎","1","1","2"
"北记室参军","1","1","2"
"安西记室参","1","1","2"
"卫军事中郎","2","0","2"
"世祖镇彭城","2","0","2"
"安北中兵参","1","1","2"
"兵参军沈庆","1","1","2"
"太尉长史何","1","1","2"
"尉长史何勖","1","1","2"
"侍郎徐爰乘","1","1","2"
"郎徐爰乘驿","1","1","2"
"防城队主梁","1","1","2"
"城队主梁法","1","1","2"
"小市门队主","1","1","2"
"尚书李孝伯","1","1","2"
"黑盐治腹胀","1","1","2"
"盐治腹胀气","1","1","2"
"马齿盐四种","1","1","2"
"二王借箜篌","1","1","2"
"王义宣司空","2","0","2"
"司马竺超民","1","1","2"
"马竺超民保","1","1","2"
"随义宣东下","1","1","2"
"右将军王玄","1","1","2"
"军王玄谟乘","1","1","2"
"队主张世营","1","1","2"
"主张世营救","1","1","2"
"配左右尚方","1","1","2"
"义阳王昶征","2","0","2"
"阳王昶征北","2","0","2"
"州辟议曹事","2","0","2"
"义庆平西府","1","1","2"
"庆平西府主","1","1","2"
"平西府主簿","1","1","2"
"大司马长史","1","1","2"
"长女山阴公","1","1","2"
"女山阴公主","1","1","2"
"太子太傅主","1","1","2"
"子太傅主簿","1","1","2"
"随王诞后军","2","0","2"
"议参军谢庄","1","1","2"
"府主簿沈怀","1","1","2"
"主簿沈怀文","1","1","2"
"卫将军谢安","1","1","2"
"州刺史王忱","1","1","2"
"使御史中丞","2","0","2"
"御史中丞祖","1","1","2"
"史中丞祖台","1","1","2"
"前司徒左长","1","1","2"
"左长史王准","1","1","2"
"辅国将军司","1","1","2"
"国将军司马","1","1","2"
"泰振武将军","1","1","2"
"时仆射陈郡","1","1","2"
"华容县公赐","1","1","2"
"大司马左长","1","1","2"
"司马左长史","1","1","2"
"右仆射袁湛","1","1","2"
"时司徒王弘","1","1","2"
"司徒王弘辅","1","1","2"
"太傅钜平侯","1","1","2"
"傅钜平侯祜","1","1","2"
"太尉广陵公","1","1","2"
"尉广陵公陈","1","1","2"
"骑常侍江夏","1","1","2"
"常侍江夏公","1","1","2"
"侍江夏公卫","1","1","2"
"东海王越食","1","1","2"
"郎荀伯子表","2","0","2"
"七世祖太尉","1","1","2"
"世子征虏功","1","1","2"
"子征虏功曹","1","1","2"
"车骑将军王","1","1","2"
"骑将军王弘","1","1","2"
"将军王弘称","1","1","2"
"晋泰始元年","1","1","2"
"山阳公刘康","1","1","2"
"阳公刘康子","1","1","2"
"公刘康子弟","1","1","2"
"刘康子弟一","1","1","2"
"康子弟一人","1","1","2"
"太常上博士","1","1","2"
"常上博士刘","1","1","2"
"时年六十一","1","1","2"
"军将军谢混","1","1","2"
"望蔡见羊欣","1","1","2"
"楚台殿中郎","1","1","2"
"咨议参军郑","1","1","2"
"议参军郑鲜","1","1","2"
"除临川王义","1","1","2"
"时年七十三","2","0","2"
"浚后军功曹","1","1","2"
"后军功曹记","1","1","2"
"军功曹记室","1","1","2"
"功曹记室参","1","1","2"
"曹记室参军","1","1","2"
"平王铄右军","2","0","2"
"时年三十九","1","1","2"
"高祖北伐长","1","1","2"
"祖北伐长安","1","1","2"
"西中郎主簿","1","1","2"
"镇西咨议参","1","1","2"
"西咨议参军","1","1","2"
"司徒王谧见","1","1","2"
"高祖太尉行","2","0","2"
"祖太尉行参","2","0","2"
"宋世子洗马","1","1","2"
"侍中右卫将","1","1","2"
"中右卫将军","1","1","2"
"卫将军王华","1","1","2"
"侍中骁骑将","1","1","2"
"中骁骑将军","1","1","2"
"骑将军王昙","1","1","2"
"将军王昙首","1","1","2"
"侍中刘湛四","1","1","2"
"中刘湛四人","1","1","2"
"司徒王弘入","1","1","2"
"詹事刘湛代","1","1","2"
"结司徒彭城","1","1","2"
"西掖门外晋","1","1","2"
"掖门外晋鄱","1","1","2"
"门外晋鄱阳","1","1","2"
"园延贤堂召","1","1","2"
"时年五十一","2","0","2"
"司空文成公","1","1","2"
"二州大中正","2","0","2"
"长沙公陶延","1","1","2"
"沙公陶延寿","1","1","2"
"辅国府参军","1","1","2"
"军刘毅镇姑","2","0","2"
"刘毅镇姑孰","2","0","2"
"世子征虏参","1","1","2"
"子征虏参军","1","1","2"
"西中郎中军","1","1","2"
"中郎中军参","1","1","2"
"郎中军参军","1","1","2"
"南台治书侍","1","1","2"
"台治书侍御","1","1","2"
"嘉所存者大","2","0","2"
"同籍期亲补","1","1","2"
"射殷景仁所","1","1","2"
"颍川荀伯子","1","1","2"
"时丹阳丁况","1","1","2"
"丹阳丁况等","1","1","2"
"中庶子颜延","1","1","2"
"一曰移远就","2","0","2"
"曰移远就近","2","0","2"
"二曰浚复城","2","0","2"
"曰浚复城隍","2","0","2"
"三曰纂偶车","2","0","2"
"曰纂偶车牛","2","0","2"
"茭四百七十","1","1","2"
"四百七十束","1","1","2"
"承天删减合","1","1","2"
"龙骧将军道","1","1","2"
"骧将军道怜","1","1","2"
"征虏左军参","1","1","2"
"虏左军参军","1","1","2"
"随道怜北征","1","1","2"
"道怜北征广","1","1","2"
"怜北征广固","1","1","2"
"太祖元嘉元","1","1","2"
"祖元嘉元年","1","1","2"
"始平太守庞","1","1","2"
"平太守庞咨","1","1","2"
"时太祖经略","1","1","2"
"太祖经略河","1","1","2"
"祖经略河南","1","1","2"
"右将军司马","1","1","2"
"夏王义恭抚","2","0","2"
"王义恭抚军","2","0","2"
"遣将姚耸夫","2","0","2"
"建威将军郑","1","1","2"
"威将军郑顺","1","1","2"
"叔父英文特","1","1","2"
"父英文特勒","1","1","2"
"东安二郡诸","1","1","2"
"安二郡诸军","1","1","2"
"本国左常侍","1","1","2"
"征西将军道","1","1","2"
"西将军道规","1","1","2"
"高祖西讨司","1","1","2"
"祖西讨司马","1","1","2"
"通事令史潘","1","1","2"
"事令史潘尚","1","1","2"
"宋国黄门侍","1","1","2"
"国黄门侍郎","1","1","2"
"百六七十里","1","1","2"
"御史中丞傅","1","1","2"
"史中丞傅隆","1","1","2"
"中丞傅隆所","1","1","2"
"义庆招集文","1","1","2"
"平西记室参","1","1","2"
"临海太守王","1","1","2"
"韩亡子房奋","1","1","2"
"秦帝鲁连耻","1","1","2"
"忠义感君子","1","1","2"
"一人姓赵名","1","1","2"
"人姓赵名钦","1","1","2"
"凄凄凌霜叶","1","1","2"
"武兴县五等","1","1","2"
"随府转右军","2","0","2"
"尚书外兵郎","1","1","2"
"元嘉元年冬","1","1","2"
"徒左西属王","1","1","2"
"左西属王深","1","1","2"
"义欣镇军长","1","1","2"
"欣镇军长史","1","1","2"
"中丞刘损所","2","0","2"
"丞刘损所奏","2","0","2"
"浚后军长史","1","1","2"
"康大将军记","1","1","2"
"大将军记室","1","1","2"
"将军记室参","1","1","2"
"广州人周灵","1","1","2"
"州人周灵甫","1","1","2"
"人周灵甫家","1","1","2"
"大将军府史","1","1","2"
"将军府史仲","1","1","2"
"军府史仲承","1","1","2"
"府史仲承祖","1","1","2"
"义康所供养","1","1","2"
"行护军将军","2","0","2"
"将军臧质等","1","1","2"
"近员外散骑","1","1","2"
"散骑侍郎孔","1","1","2"
"骑侍郎孔熙","1","1","2"
"侍郎孔熙先","1","1","2"
"尚书仆射何","1","1","2"
"书仆射何尚","1","1","2"
"西池射堂上","1","1","2"
"吴兴昭公主","1","1","2"
"卫军临川王","1","1","2"
"入补中书侍","1","1","2"
"补中书侍郎","1","1","2"
"始兴王征北","1","1","2"
"兴王征北长","1","1","2"
"王征北长史","1","1","2"
"补太子洗马","1","1","2"
"加骁骑将军","1","1","2"
"安成公何勖","1","1","2"
"临汝公孟灵","1","1","2"
"汝公孟灵休","1","1","2"
"爽兄弟率部","1","1","2"
"御史中丞袁","1","1","2"
"史中丞袁淑","1","1","2"
"太祖委任沈","1","1","2"
"祖委任沈演","1","1","2"
"时年四十四","1","1","2"
"太祖第十五","1","1","2"
"祖第十五女","1","1","2"
"第十五女南","1","1","2"
"十五女南阳","1","1","2"
"五女南阳公","1","1","2"
"女南阳公主","1","1","2"
"雁门人周续","1","1","2"
"尚书仪曹郎","1","1","2"
"时尚书令傅","1","1","2"
"黄门郎殷景","1","1","2"
"门郎殷景仁","1","1","2"
"光禄勋车仲","1","1","2"
"禄勋车仲远","1","1","2"
"勋车仲远代","1","1","2"
"中书令王球","1","1","2"
"南中郎谘议","1","1","2"
"孙季高海道","2","0","2"
"季高海道袭","2","0","2"
"高海道袭广","2","0","2"
"海道袭广州","2","0","2"
"征散骑常侍","2","0","2"
"长六尺七寸","1","1","2"
"会稽宣长公","1","1","2"
"稽宣长公主","1","1","2"
"蛮校尉刘湛","1","1","2"
"徐兗二州诸","2","0","2"
"兗二州诸军","2","0","2"
"迁南谯王义","2","0","2"
"安蛮司马刘","1","1","2"
"蛮司马刘康","1","1","2"
"司马刘康祖","1","1","2"
"骠骑司马王","1","1","2"
"骑司马王方","1","1","2"
"安北司马王","1","1","2"
"北司马王玄","1","1","2"
"盱眙太守沈","1","1","2"
"眙太守沈璞","1","1","2"
"虏马饮江水","2","0","2"
"佛狸死卯年","1","1","2"
"司马柳元景","1","1","2"
"同会太极殿","2","0","2"
"孝建元年秋","1","1","2"
"建元年秋同","1","1","2"
"遣抚军将军","2","0","2"
"史王玄谟等","1","1","2"
"王玄谟等水","1","1","2"
"玄谟等水军","1","1","2"
"岸筑偃月垒","2","0","2"
"中将军沈灵","1","1","2"
"将军沈灵赐","1","1","2"
"西阳太守鲁","1","1","2"
"阳太守鲁方","1","1","2"
"太守鲁方平","1","1","2"
"豫章太守任","1","1","2"
"章太守任荟","1","1","2"
"临川内史刘","1","1","2"
"川内史刘怀","1","1","2"
"鄱阳太守杜","1","1","2"
"阳太守杜仲","1","1","2"
"太守杜仲儒","1","1","2"
"铄抚军右军","1","1","2"
"抚军右军司","1","1","2"
"军右军司马","1","1","2"
"豫章望蔡子","1","1","2"
"尚书都官曹","1","1","2"
"书都官曹郎","1","1","2"
"都官曹郎中","1","1","2"
"太原中都人","1","1","2"
"司马参军刘","1","1","2"
"马参军刘天","1","1","2"
"参军刘天赐","1","1","2"
"子尚车骑中","1","1","2"
"尚车骑中兵","1","1","2"
"车骑中兵参","1","1","2"
"孝祖前锋都","2","0","2"
"祖前锋都督","2","0","2"
"流矢所中死","2","0","2"
"军主范潜率","2","0","2"
"主范潜率五","2","0","2"
"范潜率五百","2","0","2"
"潜率五百人","2","0","2"
"率五百人投","2","0","2"
"宁朔将军江","1","1","2"
"朔将军江方","1","1","2"
"将军江方兴","1","1","2"
"军主张兴世","2","0","2"
"越鹊尾上钱","2","0","2"
"鹊尾上钱溪","2","0","2"
"长水校尉王","1","1","2"
"水校尉王玄","1","1","2"
"校尉王玄载","1","1","2"
"龙骧将军垣","1","1","2"
"八月十八日","1","1","2"
"吴兴丘幼弼","1","1","2"
"高遵世屯骑","1","1","2"
"遵世屯骑校","1","1","2"
"世屯骑校尉","1","1","2"
"义阳二郡军","1","1","2"
"阳二郡军事","1","1","2"
"南北秦八州","1","1","2"
"道士陈公昭","1","1","2"
"受郢州刺史","1","1","2"
"蛮帅田五郡","1","1","2"
"帅田五郡等","1","1","2"
"巴东太守刘","1","1","2"
"东太守刘攘","1","1","2"
"建平太守刘","1","1","2"
"平太守刘道","1","1","2"
"太守刘道欣","1","1","2"
"刘道欣坚守","1","1","2"
"道欣坚守建","1","1","2"
"欣坚守建平","1","1","2"
"长子司徒左","1","1","2"
"子司徒左长","1","1","2"
"巴陵内史王","1","1","2"
"陵内史王文","1","1","2"
"攸率辅国将","2","0","2"
"辅国将军录","1","1","2"
"国将军录事","1","1","2"
"司马武茂宗","1","1","2"
"辅国将军中","1","1","2"
"国将军中兵","1","1","2"
"兵参军沈韶","1","1","2"
"中兵参军皇","1","1","2"
"兵参军皇甫","1","1","2"
"兵参军胡钦","1","1","2"
"骧将军中兵","1","1","2"
"中兵参军东","1","1","2"
"兵参军东门","1","1","2"
"参军东门道","1","1","2"
"军东门道顺","1","1","2"
"闰十二月四","1","1","2"
"游击将军湘","1","1","2"
"击将军湘南","1","1","2"
"将军湘南县","1","1","2"
"军湘南县开","1","1","2"
"湘南县开国","1","1","2"
"南县开国男","1","1","2"
"县开国男新","1","1","2"
"新除使持节","2","0","2"
"除使持节督","2","0","2"
"州诸军事征","1","1","2"
"诸军事征虏","1","1","2"
"军事征虏将","1","1","2"
"事征虏将军","1","1","2"
"征虏将军湘","1","1","2"
"虏将军湘州","1","1","2"
"将军湘州刺","1","1","2"
"军湘州刺史","1","1","2"
"湘州刺史军","1","1","2"
"州刺史军主","1","1","2"
"刺史军主吕","1","1","2"
"史军主吕安","1","1","2"
"军主吕安国","1","1","2"
"朔将军崔慧","1","1","2"
"将军崔慧景","1","1","2"
"辅国将军军","1","1","2"
"国将军军主","1","1","2"
"将军军主任","1","1","2"
"辅国将军骁","1","1","2"
"国将军骁骑","1","1","2"
"将军骁骑将","1","1","2"
"辅国将军游","1","1","2"
"国将军游击","1","1","2"
"将军游击将","1","1","2"
"军游击将军","1","1","2"
"游击将军军","1","1","2"
"击将军军主","1","1","2"
"将军军主垣","1","1","2"
"军军主垣崇","1","1","2"
"军主垣崇祖","1","1","2"
"宁朔将军虎","1","1","2"
"朔将军虎贲","1","1","2"
"军虎贲中郎","1","1","2"
"贲中郎将军","1","1","2"
"将军主尹略","1","1","2"
"屯骑校尉南","1","1","2"
"骑校尉南城","1","1","2"
"校尉南城令","1","1","2"
"尉南城令曹","1","1","2"
"南城令曹虎","1","1","2"
"城令曹虎头","1","1","2"
"三千户县公","1","1","2"
"布绢五千匹","2","0","2"
"中兵参军公","1","1","2"
"兵参军公孙","1","1","2"
"参军公孙方","1","1","2"
"军公孙方平","1","1","2"
"西阳太守王","1","1","2"
"阳太守王毓","1","1","2"
"太守张谟率","1","1","2"
"年正月十九","1","1","2"
"子中书侍郎","1","1","2"
"元琰守江陵","1","1","2"
"义兴宪公主","1","1","2"
"参军崔灵凤","1","1","2"
"全景文共乘","1","1","2"
"景文共乘小","1","1","2"
"文共乘小船","1","1","2"
"府主簿宗俨","1","1","2"
"仓曹参军事","1","1","2"
"曹参军事边","1","1","2"
"参军事边荣","1","1","2"
"荣鞭杀录事","1","1","2"
"浚后军参军","1","1","2"
"迁太子舍人","1","1","2"
"僧达三启固","2","0","2"
"达三启固陈","2","0","2"
"寻迁太子洗","2","0","2"
"陛下神思渊","2","0","2"
"下神思渊通","2","0","2"
"义恭太傅长","1","1","2"
"恭太傅长史","1","1","2"
"封宁陵县五","1","1","2"
"宁陵县五等","1","1","2"
"太保华容文","1","1","2"
"保华容文昭","1","1","2"
"华容文昭公","1","1","2"
"时年三十六","2","0","2"
"庐陵国内史","1","1","2"
"南蛮行参军","1","1","2"
"义欣镇军中","1","1","2"
"欣镇军中兵","1","1","2"
"义宾辅国司","1","1","2"
"宾辅国司马","1","1","2"
"受辅国将军","1","1","2"
"辅国将军萧","1","1","2"
"国将军萧斌","1","1","2"
"虏主拓跋焘","2","0","2"
"拓跋焘率大","1","1","2"
"玄谟辅国将","1","1","2"
"谟辅国将军","1","1","2"
"司马黑石推","1","1","2"
"主书吴喜公","1","1","2"
"黄门侍郎宗","1","1","2"
"门侍郎宗灵","1","1","2"
"侍郎宗灵秀","1","1","2"
"时四方反叛","1","1","2"
"诸葛亮筒袖","2","0","2"
"葛亮筒袖铠","2","0","2"
"义康司徒行","1","1","2"
"康司徒行参","1","1","2"
"司徒行参军","1","1","2"
"诞北中郎中","1","1","2"
"竣建城县侯","1","1","2"
"左将军刘怀","1","1","2"
"将军刘怀肃","1","1","2"
"军刘怀肃居","1","1","2"
"刺史刘怀武","1","1","2"
"史刘怀武居","1","1","2"
"时司空竟陵","1","1","2"
"兵参军杜幼","1","1","2"
"参军杜幼文","1","1","2"
"军杜幼文率","1","1","2"
"杜幼文率兵","1","1","2"
"司徒文穆公","1","1","2"
"尚书中兵郎","1","1","2"
"吏部尚书沈","1","1","2"
"部尚书沈演","1","1","2"
"抚军录事参","1","1","2"
"建武将军锡","1","1","2"
"武将军锡千","1","1","2"
"将军锡千秋","1","1","2"
"二千人向子","1","1","2"
"千人向子午","1","1","2"
"府司马竺宗","1","1","2"
"三千人向骆","1","1","2"
"千人向骆谷","1","1","2"
"人向骆谷南","1","1","2"
"向骆谷南口","1","1","2"
"威远将军梁","1","1","2"
"远将军梁寻","1","1","2"
"千人向斜谷","1","1","2"
"人向斜谷南","1","1","2"
"向斜谷南口","1","1","2"
"司空南谯王","1","1","2"
"督益宁二州","1","1","2"
"益宁二州诸","1","1","2"
"宁二州诸军","1","1","2"
"俸禄二百八","1","1","2"
"禄二百八十","1","1","2"
"二百八十万","1","1","2"
"中兵参军韦","1","1","2"
"兵参军韦山","1","1","2"
"参军韦山松","1","1","2"
"封永新县五","2","0","2"
"征右卫将军","2","0","2"
"城王义康右","1","1","2"
"王义康右军","1","1","2"
"义康右军骠","1","1","2"
"康右军骠骑","1","1","2"
"右军骠骑参","1","1","2"
"军骠骑参军","1","1","2"
"人顾硕头寄","1","1","2"
"尚书张茂度","1","1","2"
"书张茂度门","1","1","2"
"除东海王祎","2","0","2"
"行会稽郡事","2","0","2"
"前西阳太守","1","1","2"
"西阳太守张","1","1","2"
"阳太守张牧","1","1","2"
"弟前司空参","1","1","2"
"前司空参军","1","1","2"
"司空参军宝","1","1","2"
"空参军宝先","1","1","2"
"弟前司空主","1","1","2"
"抚军长史沈","1","1","2"
"军长史沈怀","1","1","2"
"长史沈怀文","1","1","2"
"前司兵参军","1","1","2"
"司兵参军孔","1","1","2"
"兵参军孔桓","1","1","2"
"本郡太守王","1","1","2"
"行南徐州事","2","0","2"
"宝先大明中","1","1","2"
"会稽孔季恭","1","1","2"
"平原内史陆","1","1","2"
"原内史陆机","1","1","2"
"时大将军彭","1","1","2"
"绍北中郎左","1","1","2"
"昶东中郎长","1","1","2"
"东中郎长史","1","1","2"
"时沛郡相县","1","1","2"
"三公郎刘勰","1","1","2"
"复吏部尚书","2","0","2"
"光禄大夫蔡","1","1","2"
"禄大夫蔡兴","1","1","2"
"大夫蔡兴宗","1","1","2"
"司马丘珍孙","1","1","2"
"铄冠军行参","1","1","2"
"冠军行参军","1","1","2"
"义恭太尉参","1","1","2"
"恭太尉参军","1","1","2"
"志士仁人所","1","1","2"
"宏中军录事","1","1","2"
"中军录事参","1","1","2"
"二十五家选","1","1","2"
"使虏发轻骑","2","0","2"
"虏发轻骑三","2","0","2"
"发轻骑三千","2","0","2"
"安北将军赵","1","1","2"
"北将军赵伦","1","1","2"
"王义恭大司","1","1","2"
"义恭大司马","1","1","2"
"恭大司马行","1","1","2"
"军郑德玄前","1","1","2"
"迁西阳王子","2","0","2"
"子尚抚军中","1","1","2"
"尚抚军中兵","1","1","2"
"王诞广陵反","2","0","2"
"隶沈庆攻诞","2","0","2"
"前征虏长史","1","1","2"
"征虏长史邓","1","1","2"
"虏长史邓胤","1","1","2"
"典签谢道遇","1","1","2"
"侍书褚灵嗣","1","1","2"
"书褚灵嗣等","1","1","2"
"录事参军陶","1","1","2"
"事参军陶亮","1","1","2"
"谘议参军事","1","1","2"
"参军事顾昭","1","1","2"
"荀道林等参","1","1","2"
"道林等参管","1","1","2"
"林等参管书","1","1","2"
"等参管书记","1","1","2"
"岷山太守薛","1","1","2"
"山太守薛常","1","1","2"
"太守薛常宝","1","1","2"
"新蔡太守韦","1","1","2"
"蔡太守韦希","1","1","2"
"太守韦希直","1","1","2"
"送前军长史","1","1","2"
"荆州行事张","1","1","2"
"州行事张悦","1","1","2"
"琬冠军将军","1","1","2"
"将军俞伯奇","1","1","2"
"军俞伯奇率","1","1","2"
"郡太守孙冲","1","1","2"
"参军沈仲玉","1","1","2"
"将军谘议中","2","0","2"
"军谘议中直","2","0","2"
"中直兵孙冲","1","1","2"
"骧将军陈绍","1","1","2"
"将军陈绍宗","1","1","2"
"中直兵薛常","1","1","2"
"直兵薛常宝","1","1","2"
"军中直兵沈","1","1","2"
"中直兵沈怀","1","1","2"
"直兵沈怀宝","1","1","2"
"骧将军张系","1","1","2"
"将军张系伯","1","1","2"
"寻阳内史邓","1","1","2"
"阳内史邓琬","1","1","2"
"冠军将军豫","1","1","2"
"军将军豫章","1","1","2"
"将军豫章内","1","1","2"
"军豫章内史","1","1","2"
"豫章内史刘","1","1","2"
"章内史刘衍","1","1","2"
"朔将军武昌","1","1","2"
"将军武昌太","1","1","2"
"军武昌太守","1","1","2"
"宁朔将军西","1","1","2"
"朔将军西阳","1","1","2"
"将军西阳太","1","1","2"
"军西阳太守","1","1","2"
"中直兵晋熙","1","1","2"
"直兵晋熙太","1","1","2"
"兵晋熙太守","1","1","2"
"湘州刺史邵","1","1","2"
"长沙内史何","1","1","2"
"顺阳太守刘","1","1","2"
"阳太守刘道","1","1","2"
"太守刘道宪","1","1","2"
"布绢二万匹","1","1","2"
"金银五百斤","1","1","2"
"典签邵宰乘","1","1","2"
"签邵宰乘驿","1","1","2"
"太宗定大事","2","0","2"
"府行事录事","1","1","2"
"行事录事参","1","1","2"
"事录事参军","1","1","2"
"录事参军荀","1","1","2"
"事参军荀卞","1","1","2"
"兵参军郑景","1","1","2"
"参军郑景玄","1","1","2"
"二年正月七","1","1","2"
"年正月七日","1","1","2"
"顗号安北将","2","0","2"
"鄱阳内史丘","1","1","2"
"阳内史丘景","1","1","2"
"内史丘景先","1","1","2"
"庐陵内史殷","1","1","2"
"陵内史殷损","1","1","2"
"后军府记室","1","1","2"
"军府记室参","1","1","2"
"府记室参军","1","1","2"
"记室参军孙","1","1","2"
"室参军孙诜","1","1","2"
"长沙内史孔","1","1","2"
"沙内史孔灵","1","1","2"
"内史孔灵产","1","1","2"
"参军事沈伯","1","1","2"
"军事沈伯玉","1","1","2"
"府主簿萧宝","1","1","2"
"主簿萧宝欣","1","1","2"
"寻阳内史沈","1","1","2"
"阳内史沈攸","1","1","2"
"江州刺史曲","1","1","2"
"州刺史曲江","1","1","2"
"刺史曲江县","1","1","2"
"史曲江县开","1","1","2"
"曲江县开国","1","1","2"
"江县开国侯","1","1","2"
"开国侯王玄","1","1","2"
"国侯王玄谟","1","1","2"
"冠军将军武","1","1","2"
"军将军武念","1","1","2"
"州刺史申令","1","1","2"
"刺史申令孙","1","1","2"
"骑侍郎王道","1","1","2"
"侍郎王道隆","1","1","2"
"辅国将军步","1","1","2"
"国将军步兵","1","1","2"
"将军步兵校","1","1","2"
"军步兵校尉","1","1","2"
"步兵校尉杜","1","1","2"
"兵校尉杜幼","1","1","2"
"校尉杜幼文","1","1","2"
"屯骑校尉垣","1","1","2"
"骑校尉垣恭","1","1","2"
"校尉垣恭祖","1","1","2"
"散骑侍郎高","1","1","2"
"骑侍郎高遵","1","1","2"
"侍郎高遵世","1","1","2"
"龙骧将军顿","1","1","2"
"骧将军顿生","1","1","2"
"段佛荣等三","2","0","2"
"佛荣等三万","1","1","2"
"荣等三万人","1","1","2"
"杂谷五百斛","1","1","2"
"同赐四品正","2","0","2"
"赐四品正令","2","0","2"
"四品正令史","2","0","2"
"杂谷一千三","1","1","2"
"谷一千三百","1","1","2"
"一千三百斛","1","1","2"
"杂谷一千五","1","1","2"
"谷一千五百","1","1","2"
"一千五百斛","1","1","2"
"赐三品令史","1","1","2"
"杂谷二千斛","1","1","2"
"州刺史刘胡","1","1","2"
"刺史刘胡率","1","1","2"
"辅国将军吴","1","1","2"
"国将军吴喜","1","1","2"
"将军吴喜平","1","1","2"
"军吴喜平定","1","1","2"
"吴喜平定三","1","1","2"
"喜平定三吴","1","1","2"
"三月二十九","1","1","2"
"国将军沈怀","1","1","2"
"江夏国侍郎","1","1","2"
"伪宁朔将军","1","1","2"
"宁朔将军南","1","1","2"
"朔将军南阳","1","1","2"
"将军南阳太","1","1","2"
"军南阳太守","1","1","2"
"舍人督战谢","1","1","2"
"人督战谢道","1","1","2"
"督战谢道遇","1","1","2"
"广德令王蕴","1","1","2"
"杜幼文求黄","2","0","2"
"幼文求黄门","2","0","2"
"文求黄门郎","2","0","2"
"刘亮求中书","2","0","2"
"亮求中书郎","2","0","2"
"始安内史王","1","1","2"
"安内史王职","1","1","2"
"建安内史赵","1","1","2"
"安内史赵道","1","1","2"
"内史赵道生","1","1","2"
"龙骧将军廖","1","1","2"
"骧将军廖琰","1","1","2"
"将军廖琰率","1","1","2"
"桓康等数十","1","1","2"
"康等数十人","1","1","2"
"前南海太守","1","1","2"
"南海太守何","1","1","2"
"海太守何昙","1","1","2"
"太守何昙直","1","1","2"
"晋康太守刘","1","1","2"
"康太守刘绍","1","1","2"
"太守刘绍祖","1","1","2"
"始兴相殷孚","1","1","2"
"兵参军胡昭","1","1","2"
"参军胡昭等","1","1","2"
"豫章太守刘","1","1","2"
"章太守刘衍","1","1","2"
"衡阳内史王","1","1","2"
"阳内史王应","1","1","2"
"劝太守颜跃","1","1","2"
"人刘嗣祖等","1","1","2"
"始兴太守韦","1","1","2"
"兴太守韦希","1","1","2"
"太守韦希真","1","1","2"
"鹰扬将军杨","1","1","2"
"扬将军杨弘","1","1","2"
"州刺史檀翼","1","1","2"
"门侍郎刘道","1","1","2"
"侍郎刘道宪","1","1","2"
"郎刘道宪代","1","1","2"
"六月十八日","1","1","2"
"率楼船千艘","2","0","2"
"张兴世建议","1","1","2"
"兴世建议越","1","1","2"
"八月二十四","1","1","2"
"时中护军刘","1","1","2"
"郢州行事张","1","1","2"
"州行事张沈","1","1","2"
"伪竟陵太守","1","1","2"
"竟陵太守丘","1","1","2"
"陵太守丘景","1","1","2"
"荆州治中宗","1","1","2"
"州治中宗景","1","1","2"
"记室参军鲍","1","1","2"
"室参军鲍照","1","1","2"
"巴东太守罗","1","1","2"
"东太守罗宝","1","1","2"
"太守罗宝称","1","1","2"
"费欣寿等五","1","1","2"
"欣寿等五千","1","1","2"
"寿等五千人","1","1","2"
"前镇军参军","1","1","2"
"镇军参军督","1","1","2"
"参军督护范","1","1","2"
"军督护范道","1","1","2"
"督护范道兴","1","1","2"
"赠员外散骑","1","1","2"
"南城令鲍法","1","1","2"
"城令鲍法度","1","1","2"
"永新令应生","1","1","2"
"新建令库延","1","1","2"
"建令库延宝","1","1","2"
"上饶令黄难","1","1","2"
"饶令黄难等","1","1","2"
"法度南台御","1","1","2"
"度南台御史","1","1","2"
"梁郡太守竟","1","1","2"
"郡太守竟陵","1","1","2"
"太守竟陵张","1","1","2"
"守竟陵张兴","1","1","2"
"竟陵张兴世","1","1","2"
"南平郡作唐","1","1","2"
"平郡作唐县","1","1","2"
"郡作唐县开","1","1","2"
"作唐县开国","1","1","2"
"唐县开国侯","1","1","2"
"西阳太守吴","1","1","2"
"阳太守吴兴","1","1","2"
"太守吴兴全","1","1","2"
"守吴兴全景","1","1","2"
"吴兴全景文","1","1","2"
"南彭城刘亮","1","1","2"
"彭城刘亮等","1","1","2"
"景文封西阳","2","0","2"
"文封西阳郡","2","0","2"
"封西阳郡孝","2","0","2"
"超封长沙郡","2","0","2"
"封长沙郡罗","2","0","2"
"长沙郡罗县","2","0","2"
"辅国将军骠","1","1","2"
"国将军骠骑","1","1","2"
"将军骠骑司","1","1","2"
"军骠骑司马","1","1","2"
"骠骑司马刘","1","1","2"
"骑司马刘灵","1","1","2"
"宁朔将军右","1","1","2"
"朔将军右军","1","1","2"
"将军右军蔡","1","1","2"
"新野郡新野","1","1","2"
"野郡新野县","1","1","2"
"封始平郡平","1","1","2"
"始平郡平阳","1","1","2"
"平郡平阳县","1","1","2"
"佛荣封湘东","1","1","2"
"荣封湘东郡","1","1","2"
"封湘东郡临","1","1","2"
"湘东郡临蒸","1","1","2"
"东郡临蒸县","1","1","2"
"封衡阳郡衡","1","1","2"
"衡阳郡衡山","1","1","2"
"阳郡衡山县","1","1","2"
"普孙封顺阳","1","1","2"
"孙封顺阳郡","1","1","2"
"封顺阳郡清","1","1","2"
"顺阳郡清水","1","1","2"
"阳郡清水县","1","1","2"
"重恩封南海","1","1","2"
"恩封南海郡","1","1","2"
"封南海郡龙","1","1","2"
"贲中郎将董","1","1","2"
"中郎将董凯","1","1","2"
"封河隆县子","1","1","2"
"封上饶县男","1","1","2"
"行参军杨覆","1","1","2"
"太尉淑兄子","2","0","2"
"南昌县五等","1","1","2"
"昌县五等子","1","1","2"
"昶前军司马","1","1","2"
"阳王子房冠","2","0","2"
"王子房冠军","2","0","2"
"宣城二郡事","1","1","2"
"尚书左丞徐","1","1","2"
"书左丞徐爰","1","1","2"
"王休仁安西","2","0","2"
"休仁安西长","1","1","2"
"仁安西长史","1","1","2"
"表劝晋安王","1","1","2"
"时尚书右仆","1","1","2"
"军将军袁粲","1","1","2"
"侍中孔道存","1","1","2"
"泰始二年夏","1","1","2"
"顗都督征讨","1","1","2"
"戍主薛伯珍","1","1","2"
"除宁朔将军","2","0","2"
"阳平东平二","1","1","2"
"平东平二郡","1","1","2"
"东平二郡太","1","1","2"
"督兗州诸军","2","0","2"
"兗州诸军事","2","0","2"
"外甥司徒参","1","1","2"
"甥司徒参军","1","1","2"
"司徒参军颍","1","1","2"
"徒参军颍川","1","1","2"
"参军颍川葛","1","1","2"
"军颍川葛僧","1","1","2"
"颍川葛僧韶","1","1","2"
"问朝廷消息","1","1","2"
"文武二千人","2","0","2"
"武二千人随","2","0","2"
"二千人随僧","1","1","2"
"千人随僧韶","1","1","2"
"督前锋诸军","1","1","2"
"州青冀幽四","1","1","2"
"青冀幽四州","1","1","2"
"冀幽四州诸","1","1","2"
"幽四州诸军","1","1","2"
"孝祖将进攻","1","1","2"
"二年三月三","1","1","2"
"年三月三日","1","1","2"
"封秭归县侯","1","1","2"
"义季右军长","1","1","2"
"季右军长史","1","1","2"
"浚后军主簿","1","1","2"
"府转右军司","1","1","2"
"转右军司马","1","1","2"
"阳王休祐右","1","1","2"
"王休祐右军","1","1","2"
"休祐右军长","1","1","2"
"祐右军长史","1","1","2"
"吏部郎张岱","1","1","2"
"西汝阴太守","1","1","2"
"汝阴太守庞","1","1","2"
"阴太守庞道","1","1","2"
"太守庞道隆","1","1","2"
"殿中将军刘","1","1","2"
"中将军刘顺","1","1","2"
"人前右军参","1","1","2"
"右军参军杜","1","1","2"
"军参军杜叔","1","1","2"
"二郡太守皇","1","1","2"
"郡太守皇甫","1","1","2"
"太守皇甫道","1","1","2"
"守皇甫道烈","1","1","2"
"弟前马头太","1","1","2"
"前马头太守","1","1","2"
"马头太守景","1","1","2"
"头太守景度","1","1","2"
"汝南颍川二","2","0","2"
"南颍川二郡","2","0","2"
"二郡太守庞","1","1","2"
"郡太守庞天","1","1","2"
"太守庞天生","1","1","2"
"前睢阳令夏","1","1","2"
"睢阳令夏侯","1","1","2"
"阳令夏侯季","1","1","2"
"令夏侯季子","1","1","2"
"夏侯季子等","1","1","2"
"骑大将军山","1","1","2"
"大将军山阳","1","1","2"
"将军山阳王","1","1","2"
"兵参军郑瑗","1","1","2"
"弋阳太守卜","1","1","2"
"阳太守卜天","1","1","2"
"太守卜天生","1","1","2"
"二郡太守周","1","1","2"
"郡太守周矜","1","1","2"
"阳王休祐骠","2","0","2"
"将军刘勔率","1","1","2"
"宁朔将军吕","1","1","2"
"朔将军吕安","1","1","2"
"军吕安国西","1","1","2"
"史薛安都彭","2","0","2"
"薛安都彭城","2","0","2"
"汝阴太守薛","1","1","2"
"阴太守薛元","1","1","2"
"太守薛元宝","1","1","2"
"右军参军裴","1","1","2"
"军参军裴季","1","1","2"
"县令许道莲","1","1","2"
"率二百人归","1","1","2"
"马头太守王","1","1","2"
"头太守王广","1","1","2"
"太守王广元","1","1","2"
"淮西人前奉","1","1","2"
"西人前奉朝","1","1","2"
"人前奉朝请","1","1","2"
"前奉朝请郑","1","1","2"
"奉朝请郑墨","1","1","2"
"朝请郑墨率","1","1","2"
"前部贼曹参","1","1","2"
"部贼曹参军","1","1","2"
"贼曹参军甄","1","1","2"
"曹参军甄澹","1","1","2"
"参军甄澹等","1","1","2"
"军甄澹等五","1","1","2"
"甄澹等五人","1","1","2"
"中兵参军段","1","1","2"
"兵参军段僧","1","1","2"
"参军段僧爱","1","1","2"
"追赠屯骑校","1","1","2"
"赠屯骑校尉","1","1","2"
"太尉司马垣","1","1","2"
"尉司马垣闳","1","1","2"
"司马垣闳率","1","1","2"
"步兵校尉庞","1","1","2"
"兵校尉庞沈","1","1","2"
"淮南人周伯","1","1","2"
"南人周伯符","1","1","2"
"弋阳太守郭","1","1","2"
"阳太守郭确","1","1","2"
"将军郭慈孙","1","1","2"
"兵参军杜叔","1","1","2"
"五月一日夜","1","1","2"
"弋阳西山蛮","1","1","2"
"督弋阳西山","1","1","2"
"式宝骁勇绝","1","1","2"
"户曹参军虞","1","1","2"
"曹参军虞挹","1","1","2"
"庐江太守王","1","1","2"
"江太守王子","1","1","2"
"太守王子仲","1","1","2"
"散骑侍郎陆","1","1","2"
"骑侍郎陆悠","1","1","2"
"辅国将军薛","1","1","2"
"国将军薛道","1","1","2"
"将军薛道标","1","1","2"
"军薛道标渡","1","1","2"
"薛道标渡江","1","1","2"
"道标渡江煽","1","1","2"
"标渡江煽动","1","1","2"
"庐江掩袭历","1","1","2"
"江掩袭历阳","1","1","2"
"参军沈灵宠","1","1","2"
"骧将军陈显","1","1","2"
"淮西人郑叔","1","1","2"
"西人郑叔举","1","1","2"
"柳伦等二十","1","1","2"
"伦等二十一","1","1","2"
"等二十一人","1","1","2"
"武卫将军叶","1","1","2"
"卫将军叶庆","1","1","2"
"将军叶庆祖","1","1","2"
"军叶庆祖力","1","1","2"
"叶庆祖力战","1","1","2"
"薛道标突围","1","1","2"
"垣闳乐乡县","1","1","2"
"闳乐乡县侯","1","1","2"
"孟次阳攸县","1","1","2"
"次阳攸县子","1","1","2"
"陈显达彭泽","1","1","2"
"显达彭泽县","1","1","2"
"达彭泽县子","1","1","2"
"吕安国钟武","1","1","2"
"安国钟武县","1","1","2"
"国钟武县子","1","1","2"
"黄回葛阳县","1","1","2"
"回葛阳县男","1","1","2"
"王景文镇南","1","1","2"
"景文镇南谘","1","1","2"
"文镇南谘议","1","1","2"
"镇南谘议参","1","1","2"
"南谘议参军","1","1","2"
"率壮士辛灵","1","1","2"
"壮士辛灵度","1","1","2"
"士辛灵度等","1","1","2"
"北弘农太守","1","1","2"
"浚征北行参","1","1","2"
"鲁爽向虎牢","1","1","2"
"将皇甫安民","1","1","2"
"皇甫安民等","1","1","2"
"秣陵令庾淑","1","1","2"
"仆射胡子反","1","1","2"
"龙骧将军宗","1","1","2"
"骧将军宗越","1","1","2"
"将军宗越率","1","1","2"
"轻兵向历阳","1","1","2"
"历阳太守程","1","1","2"
"幢主周文恭","1","1","2"
"安都留三百","1","1","2"
"都留三百人","1","1","2"
"留三百人守","1","1","2"
"三百人守历","1","1","2"
"百人守历阳","1","1","2"
"瑜率三千人","1","1","2"
"历阳太守张","1","1","2"
"阳太守张幼","1","1","2"
"太守张幼绪","1","1","2"
"守张幼绪等","1","1","2"
"将军谭金率","1","1","2"
"便跃马大呼","1","1","2"
"时人皆云关","2","0","2"
"人皆云关羽","2","0","2"
"皆云关羽斩","2","0","2"
"云关羽斩颜","2","0","2"
"关羽斩颜良","2","0","2"
"东平太守刘","1","1","2"
"平太守刘胡","1","1","2"
"东阳太守沈","1","1","2"
"阳太守沈法","1","1","2"
"太守沈法系","1","1","2"
"受徐州刺史","1","1","2"
"州刺史申坦","1","1","2"
"右卫将军柳","1","1","2"
"卫将军柳光","1","1","2"
"将军柳光世","1","1","2"
"时济阴太守","1","1","2"
"济阴太守申","1","1","2"
"阴太守申阐","1","1","2"
"同党裴祖隆","1","1","2"
"灵越向淮阳","1","1","2"
"前将军张永","1","1","2"
"宁朔将军垣","1","1","2"
"朔将军垣山","1","1","2"
"将军垣山宝","1","1","2"
"散骑侍郎张","1","1","2"
"骧将军张季","1","1","2"
"率镇北参军","1","1","2"
"镇北参军赵","1","1","2"
"北参军赵昙","1","1","2"
"汝阴太守裴","1","1","2"
"阴太守裴季","1","1","2"
"时武卫将军","1","1","2"
"时辅国将军","1","1","2"
"博陵公尉迟","1","1","2"
"陵公尉迟苟","1","1","2"
"公尉迟苟人","1","1","2"
"城阳公孔伯","1","1","2"
"阳公孔伯恭","1","1","2"
"安都徐州刺","1","1","2"
"都徐州刺史","1","1","2"
"长史兰陵俨","1","1","2"
"前军将军裴","1","1","2"
"军将军裴祖","1","1","2"
"将军裴祖隆","1","1","2"
"散骑侍郎孙","1","1","2"
"骑侍郎孙耿","1","1","2"
"祖隆宁朔将","1","1","2"
"隆宁朔将军","1","1","2"
"灵庆宁朔将","1","1","2"
"庆宁朔将军","1","1","2"
"太守刘冥虬","1","1","2"
"南阳太守张","1","1","2"
"阳太守张敬","1","1","2"
"新野太守刘","1","1","2"
"野太守刘攘","1","1","2"
"东莞二郡太","1","1","2"
"莞二郡太守","1","1","2"
"二郡太守张","1","1","2"
"郡太守张谠","1","1","2"
"太守张谠守","1","1","2"
"太子屯骑校","1","1","2"
"子屯骑校尉","1","1","2"
"鸾北中郎谘","1","1","2"
"北中郎谘议","1","1","2"
"子仁左军司","1","1","2"
"仁左军司马","1","1","2"
"道固奉诏归","1","1","2"
"固奉诏归顺","1","1","2"
"北中郎行参","1","1","2"
"中兴寺八关","1","1","2"
"兴寺八关斋","1","1","2"
"黄门郎张淹","1","1","2"
"史中丞王谦","1","1","2"
"会稽郡孝廉","1","1","2"
"增封三百户","1","1","2"
"华林园茅堂","1","1","2"
"林园茅堂讲","1","1","2"
"武卫将军江","1","1","2"
"卫将军江柳","1","1","2"
"丹阳尹刘秉","1","1","2"
"前湘州刺史","1","1","2"
"州刺史王蕴","1","1","2"
"人通直郎袁","1","1","2"
"通直郎袁达","1","1","2"
"军主戴僧静","1","1","2"
"僧静分兵攻","1","1","2"
"散骑常侍袁","1","1","2"
"骑常侍袁愉","1","1","2"
"常侍袁愉表","1","1","2"
"父母兄弟嫂","1","1","2"
"王卫军行参","1","1","2"
"卫军行参军","1","1","2"
"本国郎中令","1","1","2"
"大将军录事","1","1","2"
"会稽内史王","1","1","2"
"稽内史王愉","1","1","2"
"华容县五等","1","1","2"
"容县五等男","1","1","2"
"晋穆帝何皇","1","1","2"
"穆帝何皇后","1","1","2"
"都督交广二","1","1","2"
"督交广二州","1","1","2"
"交广二州诸","1","1","2"
"广二州诸军","1","1","2"
"时年六十六","1","1","2"
"九真太守李","1","1","2"
"真太守李逊","1","1","2"
"太守李逊父","1","1","2"
"守李逊父子","1","1","2"
"李逊父子勇","1","1","2"
"王范胡达攻","1","1","2"
"督交州诸军","1","1","2"
"交州诸军事","1","1","2"
"循长史孙建","1","1","2"
"众五六千人","1","1","2"
"亲属录事参","1","1","2"
"属录事参军","1","1","2"
"录事参军阮","1","1","2"
"事参军阮静","1","1","2"
"中兵参军罗","1","1","2"
"兵参军罗农","1","1","2"
"参军罗农夫","1","1","2"
"长子员外散","1","1","2"
"子员外散骑","1","1","2"
"高祖北征关","1","1","2"
"太祖元嘉四","1","1","2"
"祖元嘉四年","1","1","2"
"安帝隆安末","1","1","2"
"尚书仓部郎","1","1","2"
"官所课甚轻","2","0","2"
"督广交二州","1","1","2"
"广交二州诸","1","1","2"
"交二州诸军","1","1","2"
"中书令王绥","1","1","2"
"祖元嘉二年","1","1","2"
"散骑侍郎戴","1","1","2"
"骑侍郎戴颙","1","1","2"
"太子舍人宗","1","1","2"
"子舍人宗炳","1","1","2"
"门侍郎张敷","1","1","2"
"寻阳柴桑人","1","1","2"
"五十亩种秫","1","1","2"
"折腰向乡里","1","1","2"
"腰向乡里小","1","1","2"
"向乡里小人","1","1","2"
"木欣欣向荣","1","1","2"
"征员外散骑","2","0","2"
"时年八十二","1","1","2"
"太宗泰始六","1","1","2"
"宗泰始六年","1","1","2"
"时年五十四","1","1","2"
"瀑布山三十","1","1","2"
"陈载三千万","1","1","2"
"载三千万钱","1","1","2"
"抚军记室掾","1","1","2"
"南中郎典签","1","1","2"
"南鲁郡太守","1","1","2"
"封法兴吴昌","1","1","2"
"法兴吴昌县","1","1","2"
"兴吴昌县男","1","1","2"
"明宝湘乡县","1","1","2"
"宝湘乡县男","1","1","2"
"闲高昌县男","1","1","2"
"官员外散骑","2","0","2"
"时太宰江夏","1","1","2"
"太宗泰始二","1","1","2"
"宗泰始二年","1","1","2"
"故越骑校尉","1","1","2"
"越骑校尉吴","1","1","2"
"骑校尉吴昌","1","1","2"
"校尉吴昌县","1","1","2"
"尉吴昌县开","1","1","2"
"吴昌县开国","1","1","2"
"昌县开国男","1","1","2"
"县开国男戴","1","1","2"
"开国男戴法","1","1","2"
"国男戴法兴","1","1","2"
"湘东国学官","1","1","2"
"东国学官令","1","1","2"
"南兰陵太守","1","1","2"
"太子翊军校","1","1","2"
"子翊军校尉","1","1","2"
"迁右军将军","1","1","2"
"太尉桂阳王","1","1","2"
"召镇军将军","1","1","2"
"州刺史东嬴","1","1","2"
"刺史东嬴公","1","1","2"
"史东嬴公司","1","1","2"
"东嬴公司马","1","1","2"
"嬴公司马腾","1","1","2"
"州刺史刘琨","1","1","2"
"卢国内大乱","1","1","2"
"代郡桑乾县","1","1","2"
"平城六百里","1","1","2"
"子清河王私","1","1","2"
"清河王私通","1","1","2"
"安帝义熙五","1","1","2"
"帝义熙五年","1","1","2"
"中将军沈范","1","1","2"
"初三年十月","1","1","2"
"郑兵将军扬","1","1","2"
"兵将军扬州","1","1","2"
"扬州刺史山","1","1","2"
"刺史山阳公","1","1","2"
"史山阳公达","1","1","2"
"山阳公达奚","1","1","2"
"阳公达奚斤","1","1","2"
"吴兵将军广","1","1","2"
"兵将军广州","1","1","2"
"将军广州刺","1","1","2"
"军广州刺史","1","1","2"
"广州刺史苍","1","1","2"
"州刺史苍梧","1","1","2"
"刺史苍梧公","1","1","2"
"史苍梧公公","1","1","2"
"苍梧公公孙","1","1","2"
"梧公公孙表","1","1","2"
"滑台西南东","1","1","2"
"台西南东燕","1","1","2"
"西南东燕县","1","1","2"
"司马翟广率","1","1","2"
"远将军刘芳","1","1","2"
"弘农太守窦","1","1","2"
"农太守窦应","1","1","2"
"太守窦应明","1","1","2"
"建武将军窦","1","1","2"
"武将军窦霸","1","1","2"
"二百五十人","1","1","2"
"令王法政率","1","1","2"
"酸枣民王玉","1","1","2"
"枣民王玉知","1","1","2"
"陈留太守严","1","1","2"
"谈等单身迸","2","0","2"
"河阴令窦晃","1","1","2"
"参军督护张","1","1","2"
"军督护张季","1","1","2"
"督护张季五","1","1","2"
"护张季五百","1","1","2"
"张季五百人","1","1","2"
"洛阳令杨毅","1","1","2"
"治中高道瑾","1","1","2"
"遣司马徐琼","2","0","2"
"将安平公鹅","1","1","2"
"安平公鹅青","1","1","2"
"交州刺史交","1","1","2"
"城东南五里","1","1","2"
"成皋开向虎","1","1","2"
"皋开向虎牢","1","1","2"
"开向虎牢外","1","1","2"
"小垒守将窦","1","1","2"
"垒守将窦晃","1","1","2"
"河南太守王","1","1","2"
"南太守王涓","1","1","2"
"军范道基率","1","1","2"
"范道基率二","1","1","2"
"道基率二百","1","1","2"
"基率二百人","1","1","2"
"参军郭王符","1","1","2"
"楚兵将军徐","1","1","2"
"兵将军徐州","1","1","2"
"将军徐州刺","1","1","2"
"军徐州刺史","1","1","2"
"州刺史安平","1","1","2"
"刺史安平公","1","1","2"
"史安平公涉","1","1","2"
"平公涉归幡","1","1","2"
"公涉归幡能","1","1","2"
"涉归幡能健","1","1","2"
"越兵将军青","1","1","2"
"兵将军青州","1","1","2"
"青州刺史临","1","1","2"
"陈兵将军淮","1","1","2"
"兵将军淮州","1","1","2"
"将军淮州刺","1","1","2"
"军淮州刺史","1","1","2"
"淮州刺史寿","1","1","2"
"州刺史寿张","1","1","2"
"刺史寿张子","1","1","2"
"史寿张子张","1","1","2"
"寿张子张模","1","1","2"
"张子张模东","1","1","2"
"青州刺史竺","1","1","2"
"州刺史竺夔","1","1","2"
"刺史竺夔镇","1","1","2"
"济南太守垣","1","1","2"
"南太守垣苗","1","1","2"
"太守垣苗率","1","1","2"
"一千五百人","1","1","2"
"殿中将军竺","1","1","2"
"中将军竺宗","1","1","2"
"参军贾元龙","1","1","2"
"军贾元龙等","1","1","2"
"杨水口两岸","1","1","2"
"水口两岸设","1","1","2"
"城西北四里","1","1","2"
"率步骑三千","2","0","2"
"车骑参军王","1","1","2"
"骑参军王玄","1","1","2"
"参军王玄谟","1","1","2"
"颍川人庾龙","1","1","2"
"时李元德率","1","1","2"
"助高道瑾戍","1","1","2"
"高道瑾戍守","1","1","2"
"参军闾茂等","1","1","2"
"虾蟆车二十","1","1","2"
"悦勃大肥率","1","1","2"
"亢父等五县","1","1","2"
"州刺史郑顺","1","1","2"
"冠军将军申","1","1","2"
"将军申宣戍","1","1","2"
"军申宣戍彭","1","1","2"
"申宣戍彭城","1","1","2"
"高平二百余","1","1","2"
"平二百余里","1","1","2"
"州刺史伊楼","1","1","2"
"刺史伊楼拔","1","1","2"
"二百人突围","1","1","2"
"百人突围南","1","1","2"
"宁朔将军赵","1","1","2"
"朔将军赵玄","1","1","2"
"将军赵玄石","1","1","2"
"弘农太守尹","1","1","2"
"农太守尹雅","1","1","2"
"镇北将军姚","1","1","2"
"北将军姚强","1","1","2"
"平阳二郡诸","1","1","2"
"阳二郡诸军","1","1","2"
"史刘遵考戍","1","1","2"
"世子中兵参","1","1","2"
"子中兵参军","1","1","2"
"督司雍三州","2","0","2"
"司雍三州豫","2","0","2"
"雍三州豫州","2","0","2"
"三州豫州颍","2","0","2"
"州豫州颍川","2","0","2"
"豫州颍川兗","2","0","2"
"州颍川兗州","2","0","2"
"颍川兗州陈","2","0","2"
"川兗州陈留","2","0","2"
"时宣威将军","1","1","2"
"守李元德戍","1","1","2"
"太守王公度","1","1","2"
"残害二千余","1","1","2"
"害二千余家","1","1","2"
"妇女一万二","1","1","2"
"女一万二千","1","1","2"
"毁坏钟离城","1","1","2"
"大将吐伐斤","1","1","2"
"将吐伐斤西","1","1","2"
"东西千余里","1","1","2"
"云中护军贾","1","1","2"
"中护军贾雍","1","1","2"
"京兆人韦玄","1","1","2"
"兆人韦玄隐","1","1","2"
"人韦玄隐居","1","1","2"
"宋台通直郎","1","1","2"
"安北将军王","1","1","2"
"北将军王仲","1","1","2"
"殿中将军田","1","1","2"
"中将军田奇","1","1","2"
"南广平太守","1","1","2"
"广平太守尹","1","1","2"
"平太守尹冲","1","1","2"
"陈留二郡诸","1","1","2"
"留二郡诸军","1","1","2"
"司马荥阳太","1","1","2"
"马荥阳太守","1","1","2"
"荥阳太守崔","1","1","2"
"阳太守崔模","1","1","2"
"姚兴吏部郎","1","1","2"
"子广平公弼","1","1","2"
"广平公弼结","1","1","2"
"抚剑怀感激","1","1","2"
"志气若云浮","1","1","2"
"愿想凌扶摇","1","1","2"
"弭旆拂中州","1","1","2"
"太平真君元","1","1","2"
"平真君元年","1","1","2"
"南秦王杨玄","1","1","2"
"都督雍秦二","1","1","2"
"督雍秦二州","1","1","2"
"雍秦二州诸","1","1","2"
"建兴公吐奚","1","1","2"
"兴公吐奚爱","1","1","2"
"公吐奚爱弼","1","1","2"
"率南秦王杨","1","1","2"
"南秦王杨难","1","1","2"
"南平公娥后","1","1","2"
"平公娥后延","1","1","2"
"都督梁益宁","1","1","2"
"督梁益宁三","1","1","2"
"梁益宁三州","1","1","2"
"益宁三州诸","1","1","2"
"宁三州诸军","1","1","2"
"护西戎校尉","1","1","2"
"州刺史晋琅","1","1","2"
"渠茂虔父子","1","1","2"
"安南平南府","1","1","2"
"北地泸水人","1","1","2"
"地泸水人盖","1","1","2"
"泸水人盖吴","1","1","2"
"杏城天台举","1","1","2"
"城天台举兵","1","1","2"
"安西将军常","1","1","2"
"西将军常山","1","1","2"
"将军常山白","1","1","2"
"军常山白广","1","1","2"
"常山白广平","1","1","2"
"都督关陇诸","1","1","2"
"督关陇诸军","1","1","2"
"关陇诸军事","1","1","2"
"相州刺史送","1","1","2"
"司徒祭酒王","1","1","2"
"徒祭酒王琦","1","1","2"
"攻冀州刺史","1","1","2"
"朔府司马夏","1","1","2"
"府司马夏侯","1","1","2"
"中兵参军吉","1","1","2"
"兵参军吉渊","1","1","2"
"威将军陈南","1","1","2"
"将军陈南顿","1","1","2"
"军陈南顿二","1","1","2"
"绥远将军汝","1","1","2"
"守郭道隐弃","1","1","2"
"郭道隐弃城","1","1","2"
"郡太守徐遵","1","1","2"
"军行参军陈","1","1","2"
"行参军陈宪","1","1","2"
"车攻破南城","1","1","2"
"举参军刘泰","1","1","2"
"世祖问司马","1","1","2"
"祖问司马王","1","1","2"
"问司马王玄","1","1","2"
"安北骑兵行","1","1","2"
"北骑兵行参","1","1","2"
"骑兵行参军","1","1","2"
"兵行参军垣","1","1","2"
"行参军垣谦","1","1","2"
"田曹行参军","1","1","2"
"曹行参军臧","1","1","2"
"行参军臧肇","1","1","2"
"集曹行参军","1","1","2"
"曹行参军尹","1","1","2"
"行参军尹定","1","1","2"
"武陵国左常","1","1","2"
"陵国左常侍","1","1","2"
"国左常侍杜","1","1","2"
"左常侍杜幼","1","1","2"
"侍杜幼文五","1","1","2"
"杜幼文五人","1","1","2"
"殿中将军程","1","1","2"
"中将军程天","1","1","2"
"将军程天祚","1","1","2"
"城四十二日","1","1","2"
"新蔡二郡军","1","1","2"
"蔡二郡军事","1","1","2"
"二郡军事陈","1","1","2"
"郡军事陈宪","1","1","2"
"汝南城内文","1","1","2"
"南城内文武","1","1","2"
"扬州城南北","1","1","2"
"州城南北门","1","1","2"
"军王玄谟率","1","1","2"
"王玄谟率太","1","1","2"
"玄谟率太子","1","1","2"
"谟率太子步","1","1","2"
"率太子步兵","1","1","2"
"议参军申坦","1","1","2"
"参军申坦等","1","1","2"
"督青冀幽三","1","1","2"
"青冀幽三州","1","1","2"
"冀幽三州徐","1","1","2"
"幽三州徐州","1","1","2"
"东安东莞二","1","1","2"
"安东莞二郡","1","1","2"
"东莞二郡诸","1","1","2"
"莞二郡诸军","1","1","2"
"二州刺史霄","1","1","2"
"州刺史霄城","1","1","2"
"刺史霄城侯","1","1","2"
"青冀幽五州","1","1","2"
"县五等侯臧","1","1","2"
"五等侯臧质","1","1","2"
"骁骑将军安","1","1","2"
"骑将军安复","1","1","2"
"将军安复县","1","1","2"
"军安复县开","1","1","2"
"安复县开国","1","1","2"
"复县开国侯","1","1","2"
"开国侯王方","1","1","2"
"国侯王方回","1","1","2"
"建武将军安","1","1","2"
"武将军安蛮","1","1","2"
"将军安蛮司","1","1","2"
"军安蛮司马","1","1","2"
"安蛮司马新","1","1","2"
"蛮司马新康","1","1","2"
"司马新康县","1","1","2"
"马新康县开","1","1","2"
"新康县开国","1","1","2"
"康县开国男","1","1","2"
"县开国男刘","1","1","2"
"开国男刘康","1","1","2"
"国男刘康祖","1","1","2"
"右军参军事","1","1","2"
"军参军事梁","1","1","2"
"参军事梁坦","1","1","2"
"都督扬南徐","1","1","2"
"督扬南徐二","1","1","2"
"扬南徐二州","1","1","2"
"南徐二州诸","1","1","2"
"徐二州诸军","1","1","2"
"国子祭酒江","1","1","2"
"子祭酒江夏","1","1","2"
"祭酒江夏王","1","1","2"
"督梁南北秦","1","1","2"
"北秦三州刺","1","1","2"
"秦三州刺史","1","1","2"
"宣威将军巴","1","1","2"
"威将军巴西","1","1","2"
"将军巴西梓","1","1","2"
"军巴西梓潼","1","1","2"
"巴西梓潼二","1","1","2"
"西梓潼二郡","1","1","2"
"封阳县开国","1","1","2"
"县开国侯萧","1","1","2"
"开国侯萧思","1","1","2"
"国侯萧思话","1","1","2"
"龙骧将军杜","1","1","2"
"骧将军杜坦","1","1","2"
"宁远将军竟","1","1","2"
"远将军竟陵","1","1","2"
"将军竟陵太","1","1","2"
"军竟陵太守","1","1","2"
"竟陵太守南","1","1","2"
"陵太守南城","1","1","2"
"太守南城县","1","1","2"
"守南城县开","1","1","2"
"南城县开国","1","1","2"
"开国侯刘德","1","1","2"
"国侯刘德愿","1","1","2"
"父祖伯叔兄","1","1","2"
"祖伯叔兄弟","1","1","2"
"府参军督护","1","1","2"
"参军督护国","1","1","2"
"军督护国三","1","1","2"
"督护国三令","1","1","2"
"司马申元吉","1","1","2"
"马申元吉率","1","1","2"
"获奴婢一百","1","1","2"
"奴婢一百四","1","1","2"
"婢一百四十","1","1","2"
"一百四十口","1","1","2"
"细车三百五","1","1","2"
"车三百五十","1","1","2"
"铁器九千余","1","1","2"
"弟高梁王阿","1","1","2"
"郡太守崔耶","1","1","2"
"太守崔耶利","1","1","2"
"守崔耶利败","1","1","2"
"参军马文恭","1","1","2"
"军主嵇玄敬","1","1","2"
"骑侍郎王老","1","1","2"
"侍郎王老寿","1","1","2"
"郎王老寿乘","1","1","2"
"行参军王罗","1","1","2"
"参军王罗汉","1","1","2"
"铄保城固守","1","1","2"
"军刘遵考率","1","1","2"
"左军将军尹","1","1","2"
"军将军尹弘","1","1","2"
"将军尹弘守","1","1","2"
"少府刘兴祖","1","1","2"
"门侍郎萧元","1","1","2"
"侍郎萧元邕","1","1","2"
"郎萧元邕守","1","1","2"
"羽林左监孟","1","1","2"
"林左监孟宗","1","1","2"
"左监孟宗嗣","1","1","2"
"建武将军泰","1","1","2"
"武将军泰容","1","1","2"
"征北中兵参","1","1","2"
"兵参军事向","1","1","2"
"参军事向柳","1","1","2"
"军事向柳守","1","1","2"
"谘议参军沈","1","1","2"
"议参军沈昙","1","1","2"
"参军沈昙庆","1","1","2"
"征北参军管","1","1","2"
"北参军管法","1","1","2"
"参军管法祖","1","1","2"
"军管法祖守","1","1","2"
"尚书左丞刘","1","1","2"
"书左丞刘伯","1","1","2"
"左丞刘伯龙","1","1","2"
"丞刘伯龙守","1","1","2"
"前将军徐湛","1","1","2"
"都水使者乐","1","1","2"
"水使者乐询","1","1","2"
"书水部郎刘","1","1","2"
"水部郎刘渊","1","1","2"
"封八千户开","1","1","2"
"八千户开国","1","1","2"
"千户开国县","1","1","2"
"户开国县公","1","1","2"
"封四百户开","1","1","2"
"四百户开国","1","1","2"
"百户开国县","1","1","2"
"户开国县侯","1","1","2"
"奉朝请田奇","1","1","2"
"南沛二郡太","1","1","2"
"郡太守刘怀","1","1","2"
"山阳太守萧","1","1","2"
"阳太守萧僧","1","1","2"
"太守萧僧珍","1","1","2"
"谥太武皇帝","1","1","2"
"人宗爱立博","1","1","2"
"宗爱立博真","1","1","2"
"将军鲁爽兄","1","1","2"
"军鲁爽兄弟","1","1","2"
"州刺史刘兴","1","1","2"
"刺史刘兴祖","1","1","2"
"史刘兴祖建","1","1","2"
"刘兴祖建议","1","1","2"
"幽州刺史塞","1","1","2"
"史历城镇主","2","0","2"
"历城镇主崔","2","0","2"
"城镇主崔道","2","0","2"
"镇主崔道固","2","0","2"
"主崔道固等","2","0","2"
"都督徐南北","1","1","2"
"青冀幽七州","1","1","2"
"冀幽七州豫","1","1","2"
"幽七州豫州","1","1","2"
"弟湘东王进","1","1","2"
"荆郢二州刺","1","1","2"
"郢二州刺史","1","1","2"
"二州刺史安","1","1","2"
"刺史安陆临","1","1","2"
"史安陆临海","1","1","2"
"安陆临海王","1","1","2"
"陆临海王刘","1","1","2"
"海王刘子绥","1","1","2"
"使持节征东","1","1","2"
"持节征东大","1","1","2"
"节征东大将","1","1","2"
"东大将军安","1","1","2"
"大将军安定","1","1","2"
"将军安定王","1","1","2"
"侍中尚书左","1","1","2"
"中尚书左仆","1","1","2"
"书左仆射安","1","1","2"
"左仆射安西","1","1","2"
"仆射安西大","1","1","2"
"射安西大将","1","1","2"
"西大将军平","1","1","2"
"大将军平北","1","1","2"
"将军平北公","1","1","2"
"殿中尚书平","1","1","2"
"中尚书平北","1","1","2"
"尚书平北将","1","1","2"
"书平北将军","1","1","2"
"平北将军山","1","1","2"
"北将军山阳","1","1","2"
"将军山阳公","1","1","2"
"军山阳公吕","1","1","2"
"山阳公吕罗","1","1","2"
"阳公吕罗汉","1","1","2"
"持节征南将","1","1","2"
"节征南将军","1","1","2"
"征南将军京","1","1","2"
"南将军京兆","1","1","2"
"将军京兆王","1","1","2"
"军京兆王直","1","1","2"
"京兆王直勤","1","1","2"
"侍中司徒安","1","1","2"
"中司徒安南","1","1","2"
"司徒安南大","1","1","2"
"徒安南大将","1","1","2"
"安南大将军","1","1","2"
"南大将军新","1","1","2"
"大将军新建","1","1","2"
"将军新建王","1","1","2"
"军新建王独","1","1","2"
"新建王独孤","1","1","2"
"建王独孤侯","1","1","2"
"王独孤侯尼","1","1","2"
"独孤侯尼须","1","1","2"
"散骑常侍西","1","1","2"
"骑常侍西平","1","1","2"
"常侍西平公","1","1","2"
"侍西平公韩","1","1","2"
"西平公韩道","1","1","2"
"平公韩道人","1","1","2"
"侍中太尉征","1","1","2"
"中太尉征东","1","1","2"
"太尉征东大","1","1","2"
"尉征东大将","1","1","2"
"东大将军直","1","1","2"
"大将军直勤","1","1","2"
"羽直征东将","1","1","2"
"直征东将军","1","1","2"
"征东将军北","1","1","2"
"东将军北平","1","1","2"
"将军北平公","1","1","2"
"军北平公拔","1","1","2"
"北平公拔敦","1","1","2"
"司州刺史常","1","1","2"
"州刺史常珍","1","1","2"
"刺史常珍奇","1","1","2"
"天安二年正","1","1","2"
"二年正月三","1","1","2"
"年正月三十","1","1","2"
"正月三十日","1","1","2"
"月三十日壬","1","1","2"
"三十日壬寅","1","1","2"
"襄阳王桓天","1","1","2"
"阳王桓天生","1","1","2"
"王桓天生等","1","1","2"
"义阳县义阳","1","1","2"
"阳县义阳戍","1","1","2"
"州刺史王赡","1","1","2"
"弟司空行参","1","1","2"
"抚军行参军","1","1","2"
"军行参军王","1","1","2"
"行参军王叔","1","1","2"
"参军王叔瑜","1","1","2"
"阿柴虏吐谷","1","1","2"
"柴虏吐谷浑","1","1","2"
"吐延身长七","1","1","2"
"延身长七尺","1","1","2"
"身长七尺八","1","1","2"
"长七尺八寸","1","1","2"
"大将绝拔渥","1","1","2"
"子树洛干等","1","1","2"
"弟乌纥提立","1","1","2"
"称车骑将军","1","1","2"
"称骠骑将军","1","1","2"
"西强公吐谷","1","1","2"
"强公吐谷浑","1","1","2"
"公吐谷浑敕","1","1","2"
"年七月五日","1","1","2"
"东允街县胡","1","1","2"
"允街县胡人","1","1","2"
"街县胡人乞","1","1","2"
"县胡人乞伏","1","1","2"
"胡人乞伏乾","1","1","2"
"人乞伏乾归","1","1","2"
"督河西诸军","1","1","2"
"河西诸军事","1","1","2"
"部落东奔陇","1","1","2"
"落东奔陇右","1","1","2"
"等五十五户","1","1","2"
"一百五十四","1","1","2"
"百五十四人","1","1","2"
"慕延庶长子","1","1","2"
"延庶长子繁","1","1","2"
"河南王世子","1","1","2"
"阿豺本号安","1","1","2"
"豺本号安西","1","1","2"
"太宗泰始三","1","1","2"
"宗泰始三年","1","1","2"
"南北一百二","1","1","2"
"北一百二十","1","1","2"
"东西七十里","1","1","2"
"位后皇后生","1","1","2"
"后皇后生太","1","1","2"
"皇后生太子","1","1","2"
"纳黄门侍郎","1","1","2"
"黄门侍郎殷","1","1","2"
"门侍郎殷淳","1","1","2"
"司空江夏王","1","1","2"
"女巫严道育","1","1","2"
"应阁婢王鹦","1","1","2"
"阁婢王鹦鹉","1","1","2"
"临贺公主南","1","1","2"
"扫帝座端门","1","1","2"
"二十一日夜","1","1","2"
"右军长史萧","1","1","2"
"军长史萧斌","1","1","2"
"中舍人殷仲","1","1","2"
"舍人殷仲素","1","1","2"
"左积弩将军","1","1","2"
"积弩将军王","1","1","2"
"弩将军王正","1","1","2"
"将军王正见","1","1","2"
"部尚书江湛","1","1","2"
"侍中营道侯","1","1","2"
"营道侯义綦","2","0","2"
"晋陵南下邳","1","1","2"
"始兴内史荀","1","1","2"
"兴内史荀赤","1","1","2"
"内史荀赤松","1","1","2"
"尚书左丞臧","1","1","2"
"书左丞臧凝","1","1","2"
"山阴令傅僧","1","1","2"
"北行参军诸","1","1","2"
"行参军诸葛","1","1","2"
"参军诸葛诩","1","1","2"
"右卫司马江","1","1","2"
"卫司马江文","1","1","2"
"司马江文纲","1","1","2"
"屯骑校尉庞","1","1","2"
"骑校尉庞秀","1","1","2"
"王义恭太保","2","0","2"
"司徒南谯王","1","1","2"
"中宗景皇帝","1","1","2"
"义恭住尚书","1","1","2"
"恭住尚书下","1","1","2"
"南彭城薛县","1","1","2"
"议中直兵宗","1","1","2"
"司马武昌内","1","1","2"
"马武昌内史","1","1","2"
"武昌内史沈","1","1","2"
"昌内史沈庆","1","1","2"
"冠军将军臧","1","1","2"
"将军臧质忠","1","1","2"
"前抚军将军","1","1","2"
"征虏将军鲁","1","1","2"
"虏将军鲁爽","1","1","2"
"前宁朔将军","1","1","2"
"校尉殷冲掌","1","1","2"
"左卫将军尹","1","1","2"
"卫将军尹弘","1","1","2"
"谯王义宣诸","2","0","2"
"王义宣诸子","2","0","2"
"南中郎二十","1","1","2"
"厚接王罗汉","1","1","2"
"辅国将军檀","1","1","2"
"王罗汉等精","1","1","2"
"罗汉等精兵","1","1","2"
"国将军王罗","1","1","2"
"将军王罗汉","1","1","2"
"封钟山郡王","1","1","2"
"都督南徐会","1","1","2"
"督南徐会二","1","1","2"
"南徐会二州","1","1","2"
"徐会二州诸","1","1","2"
"会二州诸军","1","1","2"
"铄进号骠骑","1","1","2"
"下书大赦天","1","1","2"
"书大赦天下","1","1","2"
"太保参军庾","1","1","2"
"保参军庾道","1","1","2"
"殿中将军燕","1","1","2"
"中将军燕钦","1","1","2"
"将军燕钦东","1","1","2"
"破柏岗方山","1","1","2"
"司隶治中监","1","1","2"
"隶治中监琅","1","1","2"
"骧将军陈叔","1","1","2"
"主簿盛昙泰","1","1","2"
"簿盛昙泰随","1","1","2"
"雍益梁宁南","1","1","2"
"益梁宁南北","1","1","2"
"梁宁南北秦","1","1","2"
"二十九年七","1","1","2"
"郎蔡兴宗问","1","1","2"
"蔡兴宗问建","1","1","2"
"兴宗问建平","1","1","2"
"宗问建平王","1","1","2"
"四望山下焚","1","1","2"
"封高禽新阳","1","1","2"
"高禽新阳县","1","1","2"
"禽新阳县男","1","1","2"
"潘淑妃长宁","1","1","2"
"伪司隶校尉","1","1","2"
"弘二月二十","1","1","2"
"太子左右卫","1","1","2"
"子左右卫率","1","1","2"
"少暤金天氏","1","1","2"
"本国迁居九","1","1","2"
"国迁居九江","1","1","2"
"顺帝永建元","1","1","2"
"帝永建元年","1","1","2"
"灵帝初平五","1","1","2"
"帝初平五年","1","1","2"
"孙皓宝鼎二","1","1","2"
"皓宝鼎二年","1","1","2"
"博陆里余乌","1","1","2"
"陆里余乌村","1","1","2"
"致黄龙芝草","1","1","2"
"时广陵太守","1","1","2"
"广陵太守陆","1","1","2"
"陵太守陆稠","1","1","2"
"时海内大乱","1","1","2"
"太傅东海王","1","1","2"
"傅东海王越","1","1","2"
"后将军谢安","1","1","2"
"州刺史王恭","1","1","2"
"刺史王恭镇","1","1","2"
"称征东将军","1","1","2"
"辅国将军高","1","1","2"
"国将军高素","1","1","2"
"山阴回踵埭","1","1","2"
"伪吴郡太守","1","1","2"
"吴郡太守陆","1","1","2"
"吴兴太守丘","1","1","2"
"车骑中军事","1","1","2"
"诞后军安南","1","1","2"
"后军安南行","1","1","2"
"军安南行参","1","1","2"
"安南行参军","1","1","2"
"参安东军事","1","1","2"
"说司马顾琛","1","1","2"
"正宁朔将军","1","1","2"
"齐北海二郡","1","1","2"
"丞相行参军","1","1","2"
"休祐骠骑中","2","0","2"
"祐骠骑中兵","2","0","2"
"骠骑中兵记","1","1","2"
"骑中兵记室","1","1","2"
"中兵记室参","1","1","2"
"兵记室参军","1","1","2"
"记室参军周","1","1","2"
"室参军周敬","1","1","2"
"参军周敬祖","1","1","2"
"军周敬祖等","1","1","2"
"时年四十五","1","1","2"
"封营道县五","1","1","2"
"营道县五等","1","1","2"
"道县五等侯","1","1","2"
"赐爵都乡侯","1","1","2"
"参世子征虏","1","1","2"
"世子征虏军","1","1","2"
"子征虏军事","1","1","2"
"复讨司马休","2","0","2"
"征虏将军赵","1","1","2"
"虏将军赵伦","1","1","2"
"天子慰劳高","1","1","2"
"子慰劳高祖","1","1","2"
"始平二郡太","1","1","2"
"四年正月十","1","1","2"
"年正月十五","1","1","2"
"亮南阳太守","2","0","2"
"加扬武将军","2","0","2"
"义宣司空中","1","1","2"
"宣司空中兵","1","1","2"
"司空中兵参","1","1","2"
"空中兵参军","1","1","2"
"林子兄弟挺","1","1","2"
"子兄弟挺身","1","1","2"
"资中县五等","1","1","2"
"容超退守广","1","1","2"
"超退守广固","1","1","2"
"林子密白高","2","0","2"
"子密白高祖","2","0","2"
"反循旨动林","2","0","2"
"循旨动林子","2","0","2"
"林子参中军","2","0","2"
"子参中军军","2","0","2"
"武陵太守王","1","1","2"
"陵太守王镇","1","1","2"
"太守王镇恶","1","1","2"
"参平北军事","1","1","2"
"参征西军事","1","1","2"
"河东太守尹","1","1","2"
"东太守尹昭","1","1","2"
"伪东平公姚","1","1","2"
"东平公姚绍","1","1","2"
"所谓形胜地","1","1","2"
"伪武卫将军","1","1","2"
"武卫将军姚","1","1","2"
"卫将军姚鸾","1","1","2"
"抚军将军姚","1","1","2"
"军将军姚伯","1","1","2"
"将军姚伯子","1","1","2"
"宁朔将军安","1","1","2"
"朔将军安鸾","1","1","2"
"护军姚默骡","1","1","2"
"平远将军河","1","1","2"
"远将军河东","1","1","2"
"将军河东太","1","1","2"
"军河东太守","1","1","2"
"河东太守唐","1","1","2"
"东太守唐小","1","1","2"
"太守唐小方","1","1","2"
"守唐小方率","1","1","2"
"姚绍气盖关","1","1","2"
"高祖虑众寡","2","0","2"
"祖虑众寡敌","2","0","2"
"遣林子步秦","2","0","2"
"林子步秦岭","2","0","2"
"林子威声远","1","1","2"
"西州人李焉","1","1","2"
"州人李焉等","1","1","2"
"孙妲羌杂夷","1","1","2"
"河东太守沈","1","1","2"
"东太守沈林","1","1","2"
"太守沈林子","1","1","2"
"国将军沈林","1","1","2"
"将军沈林子","1","1","2"
"强弩将军缺","1","1","2"
"录尚书彭城","1","1","2"
"尚书彭城王","1","1","2"
"盱眙太守刘","1","1","2"
"眙太守刘显","1","1","2"
"太守刘显真","1","1","2"
"南中郎府录","1","1","2"
"中郎府录事","1","1","2"
"郎府录事参","1","1","2"
"大将军中兵","1","1","2"
"南沛郡太守","1","1","2"
"时中书郎缺","1","1","2"
"世祖武陵国","1","1","2"
"义恭太宰行","1","1","2"
"恭太宰行参","1","1","2"
"太宰行参军","1","1","2"
"奉朝请谢超","1","1","2"
"朝请谢超宗","1","1","2"
"典签沈光祖","1","1","2"
"除南台御史","2","0","2"
"寻转武陵国","2","0","2"
"转武陵国詹","2","0","2"
"司空褚渊深","1","1","2"
"州刺史刘亮","1","1","2"
"司马王天生","1","1","2"
"马王天生讨","1","1","2"
"王天生讨平","1","1","2"
"一百二十卷","1","1","2"
"建元四年未","1","1","2"
"故著作郎何","1","1","2"
"著作郎何承","1","1","2"
"作郎何承天","1","1","2"
"奉朝请山谦","1","1","2"
"台侍御史苏","1","1","2"
"侍御史苏宝","1","1","2"
"御史苏宝生","1","1","2"
"著作郎徐爰","1","1","2"
"益州督护冯","1","1","2"
"州督护冯迁","1","1","2"
"督护冯迁斩","1","1","2"
"宁朔将军檀","1","1","2"
"朔将军檀韶","1","1","2"
"将军檀韶等","1","1","2"
"勋格天地者","1","1","2"
"陈留王虔嗣","1","1","2"
"留王虔嗣等","1","1","2"
"王虔嗣等二","1","1","2"
"虔嗣等二百","1","1","2"
"嗣等二百七","1","1","2"
"二百七十人","1","1","2"
"淮南太守段","1","1","2"
"南太守段宏","1","1","2"
"湘州刺史始","1","1","2"
"第十三皇弟","1","1","2"
"十三皇弟休","1","1","2"
"第十四皇弟","1","1","2"
"十四皇弟休","1","1","2"
"四皇弟休茂","1","1","2"
"第十五皇弟","1","1","2"
"十五皇弟休","1","1","2"
"五皇弟休业","1","1","2"
"十一皇子子","1","1","2"
"一皇子子真","1","1","2"
"左右中郎将","1","1","2"
"建康秣陵县","1","1","2"
"孝武帝长子","1","1","2"
"雍州刺史晋","1","1","2"
"安王子勋改","1","1","2"
"中护军宗悫","1","1","2"
"徐州刺史湘","1","1","2"
"护军将军湘","1","1","2"
"泰始元年冬","1","1","2"
"始元年冬十","1","1","2"
"元年冬十二","1","1","2"
"徐州刺史永","1","1","2"
"卫将军刘道","1","1","2"
"江州刺史山","1","1","2"
"元徽五年七","1","1","2"
"徽五年七月","1","1","2"
"郢州刺史武","1","1","2"
"九百四十三","1","1","2"
"四百三十九","1","1","2"
"百三十九万","1","1","2"
"三十九万五","1","1","2"
"九万五千五","1","1","2"
"五千五百五","1","1","2"
"五百五十五","1","1","2"
"百七十二万","1","1","2"
"七十二万七","1","1","2"
"千五百七十","1","1","2"
"百七十五万","1","1","2"
"七十五万三","1","1","2"
"十五万三千","1","1","2"
"余二千七百","1","1","2"
"二千七百五","1","1","2"
"七百五十六","1","1","2"
"三万一千七","1","1","2"
"一千七百九","1","1","2"
"司徒梁芬议","1","1","2"
"诸侯祔天子","2","0","2"
"长沙景王庙","1","1","2"
"七年三月戊","1","1","2"
"年三月戊戌","1","1","2"
"二十八弓象","1","1","2"
"府内直督护","1","1","2"
"内直督护丁","1","1","2"
"公莫渡河曲","1","1","2"
"清商三调歌","1","1","2"
"明明魏皇帝","1","1","2"
"公莫巾舞歌","1","1","2"
"莫巾舞歌行","1","1","2"
"双珠玳瑁簪","1","1","2"
"上邪下难正","1","1","2"
"五十一万三","1","1","2"
"十一万三千","1","1","2"
"三千六百八","1","1","2"
"六百八十七","1","1","2"
"百八十七里","1","1","2"
"八十七里六","1","1","2"
"十七里六十","1","1","2"
"七里六十八","1","1","2"
"里六十八步","1","1","2"
"六十八步一","1","1","2"
"十八步一尺","1","1","2"
"八步一尺八","1","1","2"
"步一尺八寸","1","1","2"
"一尺八寸二","1","1","2"
"尺八寸二分","1","1","2"
"四年闰四月","1","1","2"
"年闰四月乙","1","1","2"
"闰四月乙巳","1","1","2"
"年三月己未","1","1","2"
"高贵乡公代","1","1","2"
"贵乡公代立","1","1","2"
"将军司马师","1","1","2"
"景元元年五","1","1","2"
"督孙秀率部","1","1","2"
"孙秀率部曲","1","1","2"
"秀率部曲二","1","1","2"
"率部曲二千","1","1","2"
"永昌元年三","1","1","2"
"昌元年三月","1","1","2"
"隆安四年正","1","1","2"
"安四年正月","1","1","2"
"四年正月乙","1","1","2"
"义熙三年正","1","1","2"
"熙三年正月","1","1","2"
"后司徒徐羡","1","1","2"
"军谢晦等废","1","1","2"
"月犯钩钤星","1","1","2"
"义兴晋陵县","1","1","2"
"元年九月二","1","1","2"
"年九月二十","1","1","2"
"九月二十日","1","1","2"
"隐岩殖禾黍","1","1","2"
"著作郎曹毗","1","1","2"
"太康元年正","1","1","2"
"二十一年正","1","1","2"
"一年正月丙","1","1","2"
"义熙十年九","1","1","2"
"熙十年九月","1","1","2"
"宁五年六月","1","1","2"
"年六月庚戌","1","1","2"
"孙休永安元","1","1","2"
"休永安元年","1","1","2"
"永安元年十","1","1","2"
"安元年十一","1","1","2"
"孙权嘉禾六","1","1","2"
"权嘉禾六年","1","1","2"
"嘉禾六年五","1","1","2"
"禾六年五月","1","1","2"
"正始二年十","1","1","2"
"正始六年四","1","1","2"
"六年四月壬","1","1","2"
"嘉平元年二","1","1","2"
"七年五月庚","1","1","2"
"泰始十年三","1","1","2"
"始十年三月","1","1","2"
"十年三月癸","1","1","2"
"户四万一千","1","1","2"
"口二十三万","1","1","2"
"二十三万七","1","1","2"
"十三万七千","1","1","2"
"三万七千三","1","1","2"
"七千三百四","1","1","2"
"三百四十一","1","1","2"
"户五万二千","1","1","2"
"五万二千二","1","1","2"
"二千二百二","1","1","2"
"二百二十八","1","1","2"
"口三十四万","1","1","2"
"三十四万八","1","1","2"
"十四万八千","1","1","2"
"四百八十八","1","1","2"
"口三十一万","1","1","2"
"三十一万六","1","1","2"
"一万六千一","1","1","2"
"万六千一百","1","1","2"
"六千一百七","1","1","2"
"二万五千八","1","1","2"
"万五千八百","1","1","2"
"五千八百四","1","1","2"
"口四万七千","1","1","2"
"四万七千九","1","1","2"
"七千九百九","1","1","2"
"九百九十二","1","1","2"
"户一万六千","1","1","2"
"户三千九百","1","1","2"
"三千九百六","1","1","2"
"九百六十一","1","1","2"
"二万四千二","1","1","2"
"四千二百二","1","1","2"
"二百二十六","1","1","2"
"户六千二百","1","1","2"
"六千二百五","1","1","2"
"六千六百八","1","1","2"
"户一万二千","1","1","2"
"六千六百五","1","1","2"
"六百五十一","1","1","2"
"户七万二千","1","1","2"
"七万二千四","1","1","2"
"四百七十二","1","1","2"
"五千三百四","1","1","2"
"三百四十二","1","1","2"
"口三万三千","1","1","2"
"三万三千六","1","1","2"
"三千六百五","1","1","2"
"六百五十八","1","1","2"
"口一万八千","1","1","2"
"一万八千六","1","1","2"
"六百九十七","1","1","2"
"户一万五千","1","1","2"
"五千三百八","1","1","2"
"三百八十二","1","1","2"
"一百一十三","1","1","2"
"三千四百九","1","1","2"
"四百九十六","1","1","2"
"口八万九千","1","1","2"
"八万九千五","1","1","2"
"万九千五百","1","1","2"
"九千五百二","1","1","2"
"五百九十三","1","1","2"
"口一万六百","2","0","2"
"一万六百三","2","0","2"
"万六百三十","2","0","2"
"六百三十四","1","1","2"
"户一千四百","1","1","2"
"一千四百二","1","1","2"
"四百二十四","1","1","2"
"口九千八百","1","1","2"
"九千八百五","1","1","2"
"八百五十四","1","1","2"
"户三千七百","1","1","2"
"三千七百一","1","1","2"
"七百一十一","1","1","2"
"二万二千八","1","1","2"
"二千八百八","1","1","2"
"八百八十六","1","1","2"
"户一千九百","1","1","2"
"户一万一千","1","1","2"
"七百五十八","1","1","2"
"口六万八千","1","1","2"
"六万八千一","1","1","2"
"八千一百六","1","1","2"
"一百六十三","1","1","2"
"口七千四百","1","1","2"
"七百一十八","1","1","2"
"口九千七百","1","1","2"
"九千七百三","1","1","2"
"七百三十一","1","1","2"
"户二千一百","1","1","2"
"一百七十八","1","1","2"
"七百四十一","1","1","2"
"口八千一百","1","1","2"
"八千一百九","1","1","2"
"一百九十二","1","1","2"
"八千二百三","1","1","2"
"二百三十九","1","1","2"
"二千四百九","1","1","2"
"四百九十九","1","1","2"
"户一千三百","1","1","2"
"三百三十二","1","1","2"
"一万二千三","1","1","2"
"二千三百一","1","1","2"
"户八千六百","1","1","2"
"口四万一千","1","1","2"
"四万一千二","1","1","2"
"二百三十一","1","1","2"
"户五千二百","1","1","2"
"二万五千一","1","1","2"
"三千一百六","1","1","2"
"一百六十四","1","1","2"
"口一万四千","1","1","2"
"一万四千五","1","1","2"
"万四千五百","1","1","2"
"四千五百九","1","1","2"
"五百九十七","1","1","2"
"四百一十一","1","1","2"
"一万三千九","1","1","2"
"九百四十一","1","1","2"
"户九百二十","1","1","2"
"九百二十七","1","1","2"
"口三千八百","1","1","2"
"一千二百八","1","1","2"
"千二百八十","1","1","2"
"二百八十五","1","1","2"
"七百五十五","1","1","2"
"一千八百一","1","1","2"
"八千二百四","1","1","2"
"二百四十三","1","1","2"
"八百五十五","1","1","2"
"一千七百二","1","1","2"
"一万三千三","1","1","2"
"万三千三百","1","1","2"
"户二千三百","1","1","2"
"一万一千九","1","1","2"
"一千九百二","1","1","2"
"千九百二十","1","1","2"
"九百二十八","1","1","2"
"户三千二百","1","1","2"
"三千二百七","1","1","2"
"户三千三百","1","1","2"
"户三万一千","1","1","2"
"三万一千一","1","1","2"
"口十五万九","1","1","2"
"十五万九千","1","1","2"
"五万九千三","1","1","2"
"九千三百六","1","1","2"
"四万五千六","1","1","2"
"五千六百一","1","1","2"
"六百一十三","1","1","2"
"户三千六百","1","1","2"
"二万一千六","1","1","2"
"万一千六百","1","1","2"
"一千六百六","1","1","2"
"二千八百一","1","1","2"
"八百一十四","1","1","2"
"二万二千四","1","1","2"
"户四千一百","1","1","2"
"四千一百五","1","1","2"
"一百五十九","1","1","2"
"一万七千二","1","1","2"
"七千二百九","1","1","2"
"二百九十五","1","1","2"
"户一千一百","1","1","2"
"一万二千九","1","1","2"
"万二千九百","1","1","2"
"二千九百七","1","1","2"
"千九百七十","1","1","2"
"二百七十一","1","1","2"
"六千三百五","1","1","2"
"二万一千一","1","1","2"
"十四万五千","1","1","2"
"北地灵州人","1","1","2"
"平昌安丘人","1","1","2"
"略阳桓道人","1","1","2"
"北高平太守","1","1","2"
"太原三郡诸","1","1","2"
"原三郡诸军","1","1","2"
"三郡诸军事","1","1","2"
"受车骑大将","1","1","2"
"宁远将军孟","1","1","2"
"远将军孟龙","1","1","2"
"龙骧将军孔","1","1","2"
"骧将军孔隆","1","1","2"
"北方学士冯","1","1","2"
"方学士冯翊","1","1","2"
"顺阳山阴人","1","1","2"
"颍川颍阴人","1","1","2"
"泰山南城人","1","1","2"
"中书舍人周","1","1","2"
"书舍人周赳","1","1","2"
"河东闻喜人","1","1","2"
"冯翊池阳人","1","1","2"
"强弩将军任","1","1","2"
"弩将军任农","1","1","2"
"振武将军武","1","1","2"
"武将军武会","1","1","2"
"将军武会仓","1","1","2"
"仆射全景文","1","1","2"
"辅国将军左","2","0","2"
"国将军左军","2","0","2"
"左军吴兴沈","1","1","2"
"军吴兴沈怀","1","1","2"
"吴兴沈怀明","1","1","2"
"积射将军东","1","1","2"
"射将军东平","1","1","2"
"将军东平周","1","1","2"
"军东平周盘","1","1","2"
"东平周盘龙","1","1","2"
"司徒参军南","1","1","2"
"徒参军南彭","1","1","2"
"参军南彭城","1","1","2"
"事史毕众爱","1","1","2"
"下邳太守王","1","1","2"
"邳太守王焕","1","1","2"
"太守王焕等","1","1","2"
"蒙世祖孝武","1","1","2"
"受先帝顾托","1","1","2"
"交趾朱鹴人","1","1","2"
"庐陵国侍郎","1","1","2"
"车骑将军庐","1","1","2"
"骑将军庐陵","1","1","2"
"将军庐陵王","1","1","2"
"龙骧将军沈","1","1","2"
"骧将军沈叔","1","1","2"
"将军沈叔狸","1","1","2"
"司州刺史臣","1","1","2"
"故宁远司马","1","1","2"
"濮阳太守阳","1","1","2"
"都督雍梁益","1","1","2"
"淮阴公皮豹","1","1","2"
"阴公皮豹子","1","1","2"
"南益州刺史","1","1","2"
"建德公库拔","1","1","2"
"德公库拔阿","1","1","2"
"公库拔阿浴","1","1","2"
"库拔阿浴河","1","1","2"
"顺阳公刘买","1","1","2"
"阳公刘买德","1","1","2"
"永安侯若干","1","1","2"
"安侯若干内","1","1","2"
"都督荆梁南","1","1","2"
"督荆梁南雍","1","1","2"
"荆梁南雍三","1","1","2"
"梁南雍三州","1","1","2"
"南雍三州诸","1","1","2"
"雍三州诸军","1","1","2"
"荆州刺史故","1","1","2"
"州刺史故晋","1","1","2"
"刺史故晋谯","1","1","2"
"史故晋谯王","1","1","2"
"故晋谯王司","1","1","2"
"晋谯王司马","1","1","2"
"襄阳公鲁轨","1","1","2"
"徐四州诸军","1","1","2"
"东安公刁雍","1","1","2"
"安公刁雍东","1","1","2"
"徐三州诸军","1","1","2"
"青徐二州刺","1","1","2"
"徐二州刺史","1","1","2"
"东海公故晋","1","1","2"
"海公故晋元","1","1","2"
"公故晋元显","1","1","2"
"子司马天助","1","1","2"
"司马天助直","1","1","2"
"胡兰洛生等","1","1","2"
"季父鉴祸先","1","1","2"
"辛生识机始","1","1","2"
"会稽太守随","1","1","2"
"稽太守随王","1","1","2"
"铄右军参军","1","1","2"
"家骨肉相残","1","1","2"
"京兆杜陵人","1","1","2"
"陆展染鬓发","1","1","2"
"邦君难地险","1","1","2"
"旅客易山行","1","1","2"
"秦郡府将宗","1","1","2"
"郡府将宗齐","1","1","2"
"府将宗齐受","1","1","2"
"左卫将军孔","1","1","2"
"卫将军孔熙","1","1","2"
"将军孔熙先","1","1","2"
"建威将军孔","1","1","2"
"威将军孔休","1","1","2"
"将军孔休先","1","1","2"
"右将军南平","1","1","2"
"中将军沈邵","1","1","2"
"吴国内史刘","1","1","2"
"国内史刘柳","1","1","2"
"巴东二郡太","1","1","2"
"东二郡太守","1","1","2"
"刀壁等山蛮","1","1","2"
"司徒参军高","1","1","2"
"徒参军高遵","1","1","2"
"义阳诸军事","1","1","2"
"阳诸军事平","1","1","2"
"诸军事平西","1","1","2"
"军事平西将","1","1","2"
"事平西将军","1","1","2"
"平西将军郢","1","1","2"
"西将军郢州","1","1","2"
"将军郢州刺","1","1","2"
"军郢州刺史","1","1","2"
"郢州刺史闻","1","1","2"
"州刺史闻喜","1","1","2"
"刺史闻喜县","1","1","2"
"史闻喜县开","1","1","2"
"闻喜县开国","1","1","2"
"喜县开国侯","1","1","2"
"县开国侯黄","1","1","2"
"开国侯黄回","1","1","2"
"常侍冠军骁","1","1","2"
"侍冠军骁骑","1","1","2"
"冠军骁骑将","1","1","2"
"骁骑将军南","1","1","2"
"骑将军南临","1","1","2"
"将军南临淮","1","1","2"
"军南临淮太","1","1","2"
"南临淮太守","1","1","2"
"临淮太守重","1","1","2"
"淮太守重安","1","1","2"
"太守重安县","1","1","2"
"守重安县开","1","1","2"
"重安县开国","1","1","2"
"安县开国子","1","1","2"
"县开国子军","1","1","2"
"开国子军主","1","1","2"
"国子军主王","1","1","2"
"子军主王敬","1","1","2"
"辅国将军屯","1","1","2"
"国将军屯骑","1","1","2"
"屯骑校尉长","1","1","2"
"县开国男王","1","1","2"
"开国男王宜","1","1","2"
"辅国将军南","1","1","2"
"将军南濮阳","1","1","2"
"军南濮阳太","1","1","2"
"濮阳太守葛","1","1","2"
"阳太守葛阳","1","1","2"
"太守葛阳县","1","1","2"
"守葛阳县开","1","1","2"
"葛阳县开国","1","1","2"
"阳县开国男","1","1","2"
"县开国男军","1","1","2"
"开国男军主","1","1","2"
"国男军主彭","1","1","2"
"男军主彭文","1","1","2"
"龙骧将军骠","1","1","2"
"骧将军骠骑","1","1","2"
"将军骠骑行","1","1","2"
"军骠骑行参","1","1","2"
"骠骑行参军","1","1","2"
"骑行参军军","1","1","2"
"行参军军主","1","1","2"
"参军军主召","1","1","2"
"军军主召宰","1","1","2"
"军主郭文孝","1","1","2"
"龙骧将军抚","1","1","2"
"骧将军抚军","1","1","2"
"军事军主程","1","1","2"
"事军主程隐","1","1","2"
"军主程隐隽","1","1","2"
"吏部郎庾炳","1","1","2"
"殿中将军苗","1","1","2"
"中将军苗允","1","1","2"
"散骑侍郎严","1","1","2"
"司空参军阚","1","1","2"
"空参军阚千","1","1","2"
"参军阚千纂","1","1","2"
"二年八月一","1","1","2"
"年八月一日","1","1","2"
"八月一日夜","1","1","2"
"旭孙之子刘","0","2","2"
"孙之子刘混","0","2","2"
"刚渡过长江","0","2","2"
"渡过长江时","0","2","2"
"定居在晋陵","0","2","2"
"居在晋陵郡","0","2","2"
"在晋陵郡丹","0","2","2"
"郡丹徒县的","0","2","2"
"丹徒县的京","0","2","2"
"徒县的京口","0","2","2"
"县的京口里","0","2","2"
"任官至武原","0","2","2"
"官至武原令","0","2","2"
"衹有与桓玄","0","2","2"
"有与桓玄同","0","2","2"
"与桓玄同祖","0","2","2"
"桓玄同祖者","0","2","2"
"玄同祖者例","0","2","2"
"同祖者例外","0","2","2"
"时下贤能之","0","2","2"
"下贤能之士","0","2","2"
"贤能之士已","0","2","2"
"能之士已被","0","2","2"
"之士已被消","0","2","2"
"士已被消灭","0","2","2"
"已被消灭殆","0","2","2"
"被消灭殆尽","0","2","2"
"只有我还在","0","2","2"
"都释放回家","0","2","2"
"夷族进犯中","0","2","2"
"族进犯中原","0","2","2"
"我听说先王","0","2","2"
"听说先王治","0","2","2"
"说先王治理","0","2","2"
"先帝的恩泽","0","2","2"
"我无才无德","0","2","2"
"说治理国家","0","2","2"
"在上林苑内","0","2","2"
"我很同情他","0","2","2"
"决请求辞去","0","2","2"
"上天的规律","0","2","2"
"贤明的君主","0","2","2"
"明的君主统","0","2","2"
"之类的灾祸","0","2","2"
"祭祀天地和","0","2","2"
"大火星黄昏","0","2","2"
"火星黄昏时","0","2","2"
"建寅的月份","0","2","2"
"月份的朔日","0","2","2"
"的月份为历","0","2","2"
"月份为历的","0","2","2"
"份为历的开","0","2","2"
"为历的开始","0","2","2"
"各种事业都","0","2","2"
"对月亮在黄","0","2","2"
"且加后比会","0","2","2"
"加后比会通","0","2","2"
"后比会通大","0","2","2"
"相同的方法","0","2","2"
"食时月亮在","0","2","2"
"面上的起始","0","2","2"
"上的起始方","0","2","2"
"的起始方位","0","2","2"
"运行的分数","0","2","2"
"分数中减去","0","2","2"
"数中减去章","0","2","2"
"中减去章岁","0","2","2"
"加的原则将","0","2","2"
"有快慢的变","0","2","2"
"太阳在天空","0","2","2"
"阳在天空中","0","2","2"
"在天空中的","0","2","2"
"是有规律的","0","2","2"
"观察到的情","0","2","2"
"察到的情况","0","2","2"
"去日度法并","0","2","2"
"日度法并在","0","2","2"
"应就可得到","0","2","2"
"就可得到行","0","2","2"
"可得到行星","0","2","2"
"行星运行速","0","2","2"
"行速度的分","0","2","2"
"速度的分母","0","2","2"
"改用二十五","0","2","2"
"用二十五支","0","2","2"
"二十五支计","0","2","2"
"十五支计时","0","2","2"
"五支计时箭","0","2","2"
"请求命令漏","0","2","2"
"求命令漏郎","0","2","2"
"命令漏郎将","0","2","2"
"令漏郎将考","0","2","2"
"漏郎将考校","0","2","2"
"郎将考校实","0","2","2"
"将考校实行","0","2","2"
"月五星的位","0","2","2"
"五星的位置","0","2","2"
"种推算都同","0","2","2"
"推算都同出","0","2","2"
"算都同出一","0","2","2"
"都同出一源","0","2","2"
"这比古时的","0","2","2"
"比古时的历","0","2","2"
"古时的历法","0","2","2"
"时的历法确","0","2","2"
"的历法确实","0","2","2"
"历法确实优","0","2","2"
"法确实优越","0","2","2"
"现在的寿星","0","2","2"
"在的寿星星","0","2","2"
"寿星星次就","0","2","2"
"星星次就是","0","2","2"
"星次就是周","0","2","2"
"次就是周代","0","2","2"
"是周代的鹑","0","2","2"
"周代的鹑尾","0","2","2"
"现时的壁宿","0","2","2"
"时的壁宿已","0","2","2"
"的壁宿已经","0","2","2"
"壁宿已经不","0","2","2"
"宿已经不属","0","2","2"
"已经不属于","0","2","2"
"经不属于玄","0","2","2"
"与天象不合","0","2","2"
"天象不合又","0","2","2"
"象不合又背","0","2","2"
"不合又背离","0","2","2"
"合又背离了","0","2","2"
"又背离了经","0","2","2"
"背离了经典","0","2","2"
"然到了这样","0","2","2"
"到了这样的","0","2","2"
"了这样的地","0","2","2"
"这样的地步","0","2","2"
"中安排七个","0","2","2"
"安排七个闰","0","2","2"
"排七个闰月","0","2","2"
"肤浅的考虑","0","2","2"
"浅的考虑就","0","2","2"
"的考虑就可","0","2","2"
"历法的精密","0","2","2"
"法的精密与","0","2","2"
"的有关数据","0","2","2"
"观察不到的","0","2","2"
"并不是根据","0","2","2"
"时中午圭表","0","2","2"
"表影长一丈","0","2","2"
"至时太阳位","0","2","2"
"表影长度最","0","2","2"
"影长度最长","0","2","2"
"这两个节气","0","2","2"
"至比实际天","0","2","2"
"实际天象晚","0","2","2"
"中午时圭表","0","2","2"
"午时圭表表","0","2","2"
"时圭表表影","0","2","2"
"天象不符合","0","2","2"
"现在的做法","0","2","2"
"是自相矛盾","0","2","2"
"在前文中已","0","2","2"
"前文中已经","0","2","2"
"五星位置常","0","2","2"
"星位置常有","0","2","2"
"位置常有前","0","2","2"
"置常有前后","0","2","2"
"常有前后的","0","2","2"
"有前后的变","0","2","2"
"前后的变化","0","2","2"
"极的角距离","0","2","2"
"在南北方向","0","2","2"
"请准许依所","0","2","2"
"内容予以同","0","2","2"
"容予以同意","0","2","2"
"由来已经很","0","2","2"
"来已经很久","0","2","2"
"要守丧三年","0","2","2"
"国家的政务","0","2","2"
"循旧的典制","0","2","2"
"陛下这一处","0","2","2"
"下这一处置","0","2","2"
"这一处置安","0","2","2"
"一处置安排","0","2","2"
"处置安排不","0","2","2"
"置安排不当","0","2","2"
"臣下不敢遵","0","2","2"
"下不敢遵奉","0","2","2"
"不敢遵奉陛","0","2","2"
"敢遵奉陛下","0","2","2"
"遵奉陛下的","0","2","2"
"奉陛下的韶","0","2","2"
"陛下的韶令","0","2","2"
"哀伤思慕的","0","2","2"
"伤思慕的诚","0","2","2"
"朝及曹魏时","0","2","2"
"及曹魏时期","0","2","2"
"安葬完毕之","0","2","2"
"凶庐守丧三","0","2","2"
"庐守丧三年","0","2","2"
"守丧三年不","0","2","2"
"很久远的时","0","2","2"
"久远的时代","0","2","2"
"便可明白了","0","2","2"
"这之后便废","0","2","2"
"之后便废止","0","2","2"
"后便废止了","0","2","2"
"便废止了谒","0","2","2"
"废止了谒拜","0","2","2"
"止了谒拜陵","0","2","2"
"了谒拜陵墓","0","2","2"
"直至曹魏灭","0","2","2"
"至曹魏灭亡","0","2","2"
"皇帝的母亲","0","2","2"
"都恭敬地奉","0","2","2"
"恭敬地奉承","0","2","2"
"敬地奉承天","0","2","2"
"地奉承天地","0","2","2"
"以彰显神明","0","2","2"
"在南郊建造","0","2","2"
"南郊建造坛","0","2","2"
"郊建造坛场","0","2","2"
"受皇帝的印","0","2","2"
"举行柴燎以","0","2","2"
"行柴燎以祭","0","2","2"
"柴燎以祭天","0","2","2"
"天命不可以","0","2","2"
"不可以长久","0","2","2"
"可以长久被","0","2","2"
"送神时洒酒","0","2","2"
"神时洒酒于","0","2","2"
"时洒酒于地","0","2","2"
"可让主事官","0","2","2"
"汶水上所建","0","2","2"
"力建造在陵","0","2","2"
"建造在陵墓","0","2","2"
"造在陵墓侧","0","2","2"
"汉朝因循秦","0","2","2"
"朝因循秦朝","0","2","2"
"因循秦朝没","0","2","2"
"循秦朝没有","0","2","2"
"秦朝没有改","0","2","2"
"朝没有改变","0","2","2"
"的情况不同","0","2","2"
"正期举行的","0","2","2"
"领曹郎范义","0","2","2"
"曹郎范义参","0","2","2"
"郎范义参与","0","2","2"
"范义参与议","0","2","2"
"义参与议论","0","2","2"
"按照永初三","0","2","2"
"照永初三年","0","2","2"
"永初三年的","0","2","2"
"初三年的先","0","2","2"
"三年的先例","0","2","2"
"需要两周年","0","2","2"
"要两周年之","0","2","2"
"两周年之后","0","2","2"
"周年之后才","0","2","2"
"年之后才举","0","2","2"
"之后才举行","0","2","2"
"后才举行殷","0","2","2"
"才举行殷祭","0","2","2"
"才派有关官","0","2","2"
"立为皇太子","0","2","2"
"认为徐爰的","0","2","2"
"为徐爰的意","0","2","2"
"等待有了后","0","2","2"
"待有了后嗣","0","2","2"
"有了后嗣的","0","2","2"
"了后嗣的时","0","2","2"
"后嗣的时候","0","2","2"
"车轮转动运","0","2","2"
"轮转动运行","0","2","2"
"转动运行可","0","2","2"
"动运行可以","0","2","2"
"运行可以载","0","2","2"
"行可以载重","0","2","2"
"便又制造可","0","2","2"
"又制造可以","0","2","2"
"制造可以坐","0","2","2"
"造可以坐人","0","2","2"
"可以坐人的","0","2","2"
"以坐人的车","0","2","2"
"坐人的车舆","0","2","2"
"丝带作冠缨","0","2","2"
"上衣图饰画","0","2","2"
"却不能说出","0","2","2"
"不能说出它","0","2","2"
"能说出它的","0","2","2"
"说出它的含","0","2","2"
"出它的含义","0","2","2"
"没有迎神之","0","2","2"
"来让神灵居","0","2","2"
"让神灵居住","0","2","2"
"有迎神送神","0","2","2"
"是吴地的舞","0","2","2"
"吴地的舞蹈","0","2","2"
"没有什么不","0","2","2"
"有什么不同","0","2","2"
"及时地施行","0","2","2"
"众多的福祉","0","2","2"
"安定国家而","0","2","2"
"多么盛美的","0","2","2"
"高无上的教","0","2","2"
"无上的教化","0","2","2"
"公赠送的女","0","2","2"
"赠送的女乐","0","2","2"
"失去了他的","0","2","2"
"在这裹哀哀","0","2","2"
"这裹哀哀呜","0","2","2"
"裹哀哀呜叫","0","2","2"
"我县的王涣","0","2","2"
"县的王涣县","0","2","2"
"的王涣县令","0","2","2"
"又有什么用","0","2","2"
"知道自己的","0","2","2"
"文帝创洪业","0","2","2"
"盛世从泰始","0","2","2"
"世从泰始年","0","2","2"
"从泰始年间","0","2","2"
"泰始年间开","0","2","2"
"始年间开始","0","2","2"
"泫歌弹奏曲","0","2","2"
"歌弹奏曲妙","0","2","2"
"弹奏曲妙新","0","2","2"
"占有避世七","0","2","2"
"志气高洁超","0","2","2"
"气高洁超山","0","2","2"
"高洁超山岑","0","2","2"
"其所由来有","0","2","2"
"所由来有其","0","2","2"
"由来有其本","0","2","2"
"来有其本来","0","2","2"
"有其本来的","0","2","2"
"其本来的系","0","2","2"
"本来的系统","0","2","2"
"月及五大行","0","2","2"
"及五大行星","0","2","2"
"如果犯执法","0","2","2"
"果犯执法星","0","2","2"
"犯执法星的","0","2","2"
"执法星的是","0","2","2"
"法星的是金","0","2","2"
"星的是金星","0","2","2"
"情况就更严","0","2","2"
"况就更严重","0","2","2"
"有反叛之臣","0","2","2"
"大臣当承受","0","2","2"
"臣当承受这","0","2","2"
"当承受这天","0","2","2"
"巨人的足迹","0","2","2"
"玄丘拟定命","0","2","2"
"丘拟定命令","0","2","2"
"皇帝是卯金","0","2","2"
"合纵连横的","0","2","2"
"纵连横的局","0","2","2"
"连横的局面","0","2","2"
"都王司马颖","0","2","2"
"九月丁丑曰","0","2","2"
"鹿出现于巴","0","2","2"
"出现于巴陵","0","2","2"
"现于巴陵的","0","2","2"
"于巴陵的清","0","2","2"
"巴陵的清水","0","2","2"
"陵的清水山","0","2","2"
"荆业刺史殷","0","2","2"
"业刺史殷仲","0","2","2"
"殷仲堪献上","0","2","2"
"仲堪献上朝","0","2","2"
"堪献上朝廷","0","2","2"
"我们圣明的","0","2","2"
"君主统治下","0","2","2"
"主统治下才","0","2","2"
"统治下才能","0","2","2"
"危急败亡的","0","2","2"
"那些治理百","0","2","2"
"些治理百姓","0","2","2"
"赏给他们观","0","2","2"
"给他们观赏","0","2","2"
"他们观赏的","0","2","2"
"们观赏的舞","0","2","2"
"舞蹈者的行","0","2","2"
"蹈者的行距","0","2","2"
"手托住杯盘","0","2","2"
"托住杯盘上","0","2","2"
"住杯盘上下","0","2","2"
"杯盘上下翻","0","2","2"
"盘上下翻转","0","2","2"
"囊袋套住发","0","2","2"
"袋套住发髻","0","2","2"
"败亡的征兆","0","2","2"
"而我却误由","0","2","2"
"我却误由虫","0","2","2"
"却误由虫门","0","2","2"
"误由虫门出","0","2","2"
"君臣上下都","0","2","2"
"找到雌犬雄","0","2","2"
"到雌犬雄犬","0","2","2"
"雌犬雄犬各","0","2","2"
"犬雄犬各一","0","2","2"
"雄犬各一条","0","2","2"
"的事是同样","0","2","2"
"事是同样的","0","2","2"
"来的灾害是","0","2","2"
"也没有见到","0","2","2"
"就更加清楚","0","2","2"
"是正月初一","0","2","2"
"处尊位的人","0","2","2"
"尊位的人畏","0","2","2"
"位的人畏惧","0","2","2"
"曾出现这种","0","2","2"
"当时王敦欺","0","2","2"
"时王敦欺凌","0","2","2"
"自己的罪过","0","2","2"
"法是错误的","0","2","2"
"流亡寄居在","0","2","2"
"此的士民时","0","2","2"
"明亮的月光","0","2","2"
"了解我们的","0","2","2"
"的临终托付","0","2","2"
"他一州刺史","0","2","2"
"俘虏桓仙客","0","2","2"
"攻克偃月垒","0","2","2"
"于是打下江","0","2","2"
"是打下江陵","0","2","2"
"但是纲经不","0","2","2"
"是纲经不明","0","2","2"
"自然不是轻","0","2","2"
"然不是轻易","0","2","2"
"不是轻易能","0","2","2"
"是轻易能整","0","2","2"
"轻易能整治","0","2","2"
"易能整治的","0","2","2"
"高祖叫道怜","0","2","2"
"祖叫道怜把","0","2","2"
"叫道怜把府","0","2","2"
"道怜把府中","0","2","2"
"怜把府中杂","0","2","2"
"把府中杂事","0","2","2"
"府中杂事都","0","2","2"
"中杂事都交","0","2","2"
"杂事都交谢","0","2","2"
"事都交谢方","0","2","2"
"都交谢方明","0","2","2"
"交谢方明决","0","2","2"
"谢方明决定","0","2","2"
"自己的职责","0","2","2"
"确实是因为","0","2","2"
"不容易消除","0","2","2"
"这实际上是","0","2","2"
"一些人认为","0","2","2"
"籍中没有记","0","2","2"
"中没有记载","0","2","2"
"徐羡之在朝","0","2","2"
"管大小事务","0","2","2"
"的两个哥哥","0","2","2"
"义恭既担忧","0","2","2"
"恭既担忧又","0","2","2"
"忧又害怕束","0","2","2"
"又害怕束手","0","2","2"
"害怕束手无","0","2","2"
"怕束手无策","0","2","2"
"再送给你们","0","2","2"
"我没有什么","0","2","2"
"丧辞去官职","0","2","2"
"一类的东西","0","2","2"
"这就是我废","0","2","2"
"就是我废寝","0","2","2"
"是我废寝忘","0","2","2"
"我废寝忘食","0","2","2"
"干预职外之","0","2","2"
"预职外之事","0","2","2"
"职外之事的","0","2","2"
"外之事的原","0","2","2"
"之事的原因","0","2","2"
"当时王献之","0","2","2"
"时王献之任","0","2","2"
"王献之任吴","0","2","2"
"献之任吴兴","0","2","2"
"之任吴兴太","0","2","2"
"非常赏识喜","0","2","2"
"常赏识喜爱","0","2","2"
"赏识喜爱羊","0","2","2"
"识喜爱羊欣","0","2","2"
"怎奈苍天无","0","2","2"
"奈苍天无情","0","2","2"
"让我形单影","0","2","2"
"我形单影只","0","2","2"
"形单影只茕","0","2","2"
"单影只茕然","0","2","2"
"影只茕然独","0","2","2"
"只茕然独坐","0","2","2"
"考查这两者","0","2","2"
"各有其长远","0","2","2"
"有其长远意","0","2","2"
"其长远意图","0","2","2"
"灭亡的时候","0","2","2"
"后任义真的","0","2","2"
"任义真的军","0","2","2"
"义真的军骑","0","2","2"
"真的军骑行","0","2","2"
"的军骑行参","0","2","2"
"军骑行参军","0","2","2"
"王刘义恭抚","0","2","2"
"刘义恭抚军","0","2","2"
"尚书都郎官","0","2","2"
"刘义欣的后","0","2","2"
"义欣的后军","0","2","2"
"欣的后军录","0","2","2"
"的后军录事","0","2","2"
"朝廷只把他","0","2","2"
"廷只把他看","0","2","2"
"只把他看成","0","2","2"
"把他看成有","0","2","2"
"他看成有些","0","2","2"
"看成有些文","0","2","2"
"成有些文才","0","2","2"
"有些文才的","0","2","2"
"些文才的人","0","2","2"
"而不是有学","0","2","2"
"不是有学识","0","2","2"
"是有学识才","0","2","2"
"有学识才干","0","2","2"
"学识才干的","0","2","2"
"识才干的政","0","2","2"
"才干的政治","0","2","2"
"干的政治家","0","2","2"
"没有一本完","0","2","2"
"有一本完整","0","2","2"
"一本完整的","0","2","2"
"本完整的历","0","2","2"
"完整的历史","0","2","2"
"整的历史书","0","2","2"
"很长时间了","0","2","2"
"说得很清楚","0","2","2"
"我希望皇上","0","2","2"
"他们同游山","0","2","2"
"们同游山水","0","2","2"
"当时的人们","0","2","2"
"时的人们称","0","2","2"
"的人们称他","0","2","2"
"人们称他们","0","2","2"
"们称他们为","0","2","2"
"称他们为四","0","2","2"
"他们为四友","0","2","2"
"骑兵和步兵","0","2","2"
"使普天之下","0","2","2"
"也不许有我","0","2","2"
"不许有我立","0","2","2"
"许有我立脚","0","2","2"
"有我立脚的","0","2","2"
"我立脚的地","0","2","2"
"立脚的地方","0","2","2"
"自古以来从","0","2","2"
"古以来从未","0","2","2"
"这方面的事","0","2","2"
"他们的罪过","0","2","2"
"这跟病重时","0","2","2"
"跟病重时不","0","2","2"
"病重时不同","0","2","2"
"有什么必要","0","2","2"
"什么必要非","0","2","2"
"么必要非吃","0","2","2"
"必要非吃饭","0","2","2"
"要非吃饭不","0","2","2"
"非吃饭不可","0","2","2"
"当时的人都","0","2","2"
"以思想为主","0","2","2"
"天命的缘故","0","2","2"
"利用他们的","0","2","2"
"他们邪恶的","0","2","2"
"因为自己的","0","2","2"
"不改变他的","0","2","2"
"接受国家的","0","2","2"
"都以此为荣","0","2","2"
"颜延之当年","0","2","2"
"竟然一点也","0","2","2"
"然一点也不","0","2","2"
"刘毅平定后","0","2","2"
"官太子右卫","0","2","2"
"毛熙祚的部","0","2","2"
"的部下全部","0","2","2"
"只是因为除","0","2","2"
"是因为除去","0","2","2"
"因为除去蔓","0","2","2"
"为除去蔓草","0","2","2"
"除去蔓草要","0","2","2"
"去蔓草要迅","0","2","2"
"蔓草要迅速","0","2","2"
"驱逐恶人也","0","2","2"
"逐恶人也要","0","2","2"
"恶人也要迅","0","2","2"
"人也要迅速","0","2","2"
"国人因此对","0","2","2"
"人因此对他","0","2","2"
"因此对他失","0","2","2"
"此对他失去","0","2","2"
"对他失去信","0","2","2"
"他失去信任","0","2","2"
"有识之士谁","0","2","2"
"识之士谁也","0","2","2"
"之士谁也不","0","2","2"
"士谁也不附","0","2","2"
"谁也不附从","0","2","2"
"只不过是一","0","2","2"
"不过是一个","0","2","2"
"没有第二个","0","2","2"
"有第二个人","0","2","2"
"藩镇同时反","0","2","2"
"袁靑非常害","0","2","2"
"靑非常害怕","0","2","2"
"马上追回刘","0","2","2"
"上追回刘胡","0","2","2"
"了很多敌人","0","2","2"
"帝虽然同意","0","2","2"
"虽然同意了","0","2","2"
"沈攸之的副","0","2","2"
"他手下士兵","0","2","2"
"王刘休范造","0","2","2"
"刘休范造反","0","2","2"
"离京城不远","0","2","2"
"对于国家的","0","2","2"
"一点也没有","0","2","2"
"有独特的见","0","2","2"
"独特的见解","0","2","2"
"文帝的时候","0","2","2"
"先人的基业","0","2","2"
"的一片赤诚","0","2","2"
"突然有人传","0","2","2"
"然有人传呼","0","2","2"
"有人传呼停","0","2","2"
"人传呼停止","0","2","2"
"传呼停止行","0","2","2"
"呼停止行刑","0","2","2"
"世祖下诏书","0","2","2"
"立了功勋的","0","2","2"
"了功勋的人","0","2","2"
"兼领前军将","0","2","2"
"领前军将军","0","2","2"
"只有顾觊之","0","2","2"
"在太守任上","0","2","2"
"有很多例子","0","2","2"
"况且现在这","0","2","2"
"都是这样的","0","2","2"
"防备邪恶的","0","2","2"
"备邪恶的发","0","2","2"
"邪恶的发生","0","2","2"
"抵御灾难的","0","2","2"
"御灾难的降","0","2","2"
"灾难的降临","0","2","2"
"预防麻烦的","0","2","2"
"防麻烦的事","0","2","2"
"处理复杂的","0","2","2"
"理复杂的政","0","2","2"
"复杂的政务","0","2","2"
"使官员称职","0","2","2"
"每人都不辜","0","2","2"
"人都不辜负","0","2","2"
"都不辜负他","0","2","2"
"辜负他的职","0","2","2"
"负他的职务","0","2","2"
"而不是空设","0","2","2"
"不是空设闲","0","2","2"
"是空设闲置","0","2","2"
"多多进用闲","0","2","2"
"多进用闲职","0","2","2"
"进用闲职人","0","2","2"
"用闲职人员","0","2","2"
"当今大小官","0","2","2"
"今大小官职","0","2","2"
"大小官职与","0","2","2"
"小官职与实","0","2","2"
"官职与实际","0","2","2"
"职与实际不","0","2","2"
"与实际不符","0","2","2"
"大小官员称","0","2","2"
"小官员称呼","0","2","2"
"官员称呼不","0","2","2"
"员称呼不等","0","2","2"
"名称不确定","0","2","2"
"这是官职的","0","2","2"
"是官职的灾","0","2","2"
"官职的灾难","0","2","2"
"扬州境内而","0","2","2"
"州境内而有","0","2","2"
"境内而有兖","0","2","2"
"内而有兖州","0","2","2"
"而有兖州的","0","2","2"
"有兖州的名","0","2","2"
"兖州的名称","0","2","2"
"他之所以招","0","2","2"
"之所以招致","0","2","2"
"他们的心神","0","2","2"
"皇帝的意思","0","2","2"
"称说有病而","0","2","2"
"说有病而辞","0","2","2"
"有病而辞职","0","2","2"
"于是被本州","0","2","2"
"是被本州法","0","2","2"
"被本州法官","0","2","2"
"本州法官弹","0","2","2"
"州法官弹劾","0","2","2"
"自立为皇帝","0","2","2"
"我们皇室的","0","2","2"
"邓粹还兼任","0","2","2"
"粹还兼任卫","0","2","2"
"还兼任卫尉","0","2","2"
"等待朝廷的","0","2","2"
"袁岂页又派","0","2","2"
"岂页又派刘","0","2","2"
"页又派刘胡","0","2","2"
"又派刘胡率","0","2","2"
"派刘胡率领","0","2","2"
"率领步兵二","0","2","2"
"领步兵二万","0","2","2"
"前往进攻张","0","2","2"
"往进攻张兴","0","2","2"
"恢复原来的","0","2","2"
"我们不得不","0","2","2"
"谣言无限流","0","2","2"
"言无限流传","0","2","2"
"自古以来便","0","2","2"
"古以来便是","0","2","2"
"以来便是如","0","2","2"
"来便是如此","0","2","2"
"世代代都是","0","2","2"
"的军用物资","0","2","2"
"没有反对意","0","2","2"
"有反对意见","0","2","2"
"那么一定会","0","2","2"
"休祐出外坐","0","2","2"
"祐出外坐镇","0","2","2"
"出外坐镇历","0","2","2"
"外坐镇历阳","0","2","2"
"作各路大军","0","2","2"
"各路大军的","0","2","2"
"路大军的统","0","2","2"
"大军的统帅","0","2","2"
"薛安都和本","0","2","2"
"安都和本家","0","2","2"
"都和本家薛","0","2","2"
"和本家薛永","0","2","2"
"本家薛永宗","0","2","2"
"家薛永宗起","0","2","2"
"薛永宗起义","0","2","2"
"永宗起义造","0","2","2"
"宗起义造反","0","2","2"
"永宗屯兵汾","0","2","2"
"宗屯兵汾曲","0","2","2"
"安都袭占弘","0","2","2"
"都袭占弘农","0","2","2"
"袭占弘农郡","0","2","2"
"占弘农郡城","0","2","2"
"增加五百户","0","2","2"
"加五百户租","0","2","2"
"和以前共一","0","2","2"
"以前共一千","0","2","2"
"前共一千户","0","2","2"
"被改封为武","0","2","2"
"为武昌县侯","0","2","2"
"我这里便率","0","2","2"
"这里便率领","0","2","2"
"里便率领部","0","2","2"
"便率领部队","0","2","2"
"待皇上的惩","0","2","2"
"皇上的惩罚","0","2","2"
"被当时人所","0","2","2"
"门庭中没有","0","2","2"
"不是一母所","0","2","2"
"是一母所生","0","2","2"
"劝他不要这","0","2","2"
"他不要这样","0","2","2"
"的人非常惭","0","2","2"
"人非常惭愧","0","2","2"
"不久又被原","0","2","2"
"和当初一样","0","2","2"
"门客常有几","0","2","2"
"客常有几百","0","2","2"
"常有几百内","0","2","2"
"有几百内外","0","2","2"
"几百内外人","0","2","2"
"百内外人士","0","2","2"
"无不害怕他","0","2","2"
"法兴是孝武","0","2","2"
"兴是孝武帝","0","2","2"
"是孝武帝心","0","2","2"
"孝武帝心腹","0","2","2"
"又一直在宫","0","2","2"
"一直在宫中","0","2","2"
"如今他也是","0","2","2"
"今他也是一","0","2","2"
"他也是一个","0","2","2"
"也是一个皇","0","2","2"
"是一个皇帝","0","2","2"
"我非常害怕","0","2","2"
"非常害怕这","0","2","2"
"常害怕这个","0","2","2"
"害怕这个宝","0","2","2"
"怕这个宝座","0","2","2"
"这个宝座不","0","2","2"
"个宝座不是","0","2","2"
"宝座不是皇","0","2","2"
"座不是皇帝","0","2","2"
"不是皇帝的","0","2","2"
"他们北连沙","0","2","2"
"们北连沙漠","0","2","2"
"有几十万人","0","2","2"
"刘道规当荆","0","2","2"
"道规当荆州","0","2","2"
"规当荆州刺","0","2","2"
"毛德祖当他","0","2","2"
"德祖当他的","0","2","2"
"祖当他的部","0","2","2"
"当他的部将","0","2","2"
"拓跋焘围攻","0","2","2"
"晋朝气数已","0","2","2"
"朝气数已尽","0","2","2"
"侵占我们的","0","2","2"
"朝廷军队的","0","2","2"
"皇上的圣旨","0","2","2"
"世祖当上皇","0","2","2"
"祖当上皇帝","0","2","2"
"说完抽出长","0","2","2"
"完抽出长剑","0","2","2"
"抽出长剑死","0","2","2"
"出长剑死了","0","2","2"
"我确实知道","0","2","2"
"皇帝如果问","0","2","2"
"晋惠帝即位","0","2","2"
"便改换年号","0","2","2"
"可以设置部","0","2","2"
"犯过很多错","0","2","2"
"过很多错误","0","2","2"
"刽子手先杀","0","2","2"
"子手先杀刘","0","2","2"
"手先杀刘邵","0","2","2"
"先杀刘邵的","0","2","2"
"杀刘邵的四","0","2","2"
"沈仪等几乎","0","2","2"
"仪等几乎失","0","2","2"
"等几乎失掉","0","2","2"
"几乎失掉性","0","2","2"
"乎失掉性命","0","2","2"
"那一带土地","0","2","2"
"一带土地肥","0","2","2"
"带土地肥沃","0","2","2"
"当南阳太守","0","2","2"
"去袭击他们","0","2","2"
"实际上是为","0","2","2"
"际上是为了","0","2","2"
"为南平王的","0","2","2"
"在宫门值班","0","2","2"
"国将军何无","0","2","2"
"宋国领军将","0","2","2"
"国领军将军","0","2","2"
"陵王义真为","0","2","2"
"为彭城县公","0","2","2"
"任命豫州刺","0","2","2"
"命豫州刺史","0","2","2"
"刺史王弘为","0","2","2"
"史王弘为司","0","2","2"
"改任荆州刺","0","2","2"
"王义恭改任","0","2","2"
"改任南徐州","0","2","2"
"任尚书左仆","0","2","2"
"王敬弘为尚","0","2","2"
"敬弘为尚书","0","2","2"
"川王义庆为","0","2","2"
"任命吐谷浑","0","2","2"
"延为平东将","0","2","2"
"谷浑拾虔为","0","2","2"
"浑拾虔为平","0","2","2"
"委任中军将","0","2","2"
"为镇南将军","0","2","2"
"降为镇军将","0","2","2"
"降为北中郎","0","2","2"
"为北中郎将","0","2","2"
"王僧达升职","0","2","2"
"阳尹褚湛之","0","2","2"
"春正月初四","0","2","2"
"王子尚为扬","0","2","2"
"子尚为扬州","0","2","2"
"尚为扬州刺","0","2","2"
"王子仁为南","0","2","2"
"仁为领军将","0","2","2"
"阳王休佑为","0","2","2"
"王休范为中","0","2","2"
"任命始兴公","0","2","2"
"命始兴公沈","0","2","2"
"兴公沈庆之","0","2","2"
"公沈庆之为","0","2","2"
"委任冠军将","0","2","2"
"王休仁加封","0","2","2"
"休仁加封为","0","2","2"
"改封为湘东","0","2","2"
"封为湘东王","0","2","2"
"将军垣闳为","0","2","2"
"任命吏部尚","0","2","2"
"命吏部尚书","0","2","2"
"司王玄谟为","0","2","2"
"王玄谟为车","0","2","2"
"玄谟为车骑","0","2","2"
"谟为车骑将","0","2","2"
"谷浑拾寅晋","0","2","2"
"浑拾寅晋升","0","2","2"
"拾寅晋升为","0","2","2"
"建安王长子","0","2","2"
"安王长子伯","0","2","2"
"王长子伯融","0","2","2"
"任镇南将军","0","2","2"
"仆射袁粲为","0","2","2"
"射袁粲为尚","0","2","2"
"共同辅佐朝","0","2","2"
"同辅佐朝政","0","2","2"
"史蔡兴宗为","0","2","2"
"史沈攸之为","0","2","2"
"刺史刘秉为","0","2","2"
"赞为武陵王","0","2","2"
"葬在丹阳秣","0","2","2"
"在丹阳秣陵","0","2","2"
"任命尚书右","0","2","2"
"命尚书右仆","0","2","2"
"虔为尚书左","0","2","2"
"任命骠骑长","0","2","2"
"命骠骑长史","0","2","2"
"之为南豫州","0","2","2"
"军吕安国为","0","2","2"
"配给左右长","0","2","2"
"给左右长史","0","2","2"
"晋代时长三","0","2","2"
"代时长三尺","0","2","2"
"宗之减为二","0","2","2"
"之减为二尺","0","2","2"
"为二尺九寸","0","2","2"
"奚纵又将其","0","2","2"
"纵又将其减","0","2","2"
"又将其减去","0","2","2"
"二万零一百","0","2","2"
"万三干七百","0","2","2"
"客星在太微","0","2","2"
"月又犯心宿","0","2","2"
"犯心宿距星","0","2","2"
"犯舆鬼宿西","0","2","2"
"鬼宿西北星","0","2","2"
"犯亢宿距星","0","2","2"
"月又犯鬼宿","0","2","2"
"月犯心宿中","0","2","2"
"贵乡公被害","0","2","2"
"咸和六年正","0","2","2"
"入南斗之宿","0","2","2"
"和二年二月","0","2","2"
"月犯房宿上","0","2","2"
"斗犯其第二","0","2","2"
"犯其第二星","0","2","2"
"和六年二月","0","2","2"
"犯其第三星","0","2","2"
"永和十年正","0","2","2"
"和十年正月","0","2","2"
"桓温征伐苻","0","2","2"
"温征伐苻健","0","2","2"
"慕容恪进攻","0","2","2"
"星出现于奎","0","2","2"
"出现于奎宿","0","2","2"
"月犯斗宿第","0","2","2"
"刺史王谧去","0","2","2"
"史王谧去世","0","2","2"
"微西上将星","0","2","2"
"月犯左角星","0","2","2"
"鲜卑侵犯北","0","2","2"
"卑侵犯北徐","0","2","2"
"占辞同二月","0","2","2"
"犯心宿前星","0","2","2"
"杀诸葛长民","0","2","2"
"朱龄石灭蜀","0","2","2"
"月犯房宿北","0","2","2"
"月入舆鬼宿","0","2","2"
"将军刘穆之","0","2","2"
"占辞同元年","0","2","2"
"占辞同正月","0","2","2"
"月犯房宿钩","0","2","2"
"木星犯积尸","0","2","2"
"入舆鬼宿犯","0","2","2"
"舆鬼宿犯积","0","2","2"
"鬼宿犯积尸","0","2","2"
"赐给北征将","0","2","2"
"给北征将士","0","2","2"
"犯房宿北头","0","2","2"
"房宿北头第","0","2","2"
"宿北头第一","0","2","2"
"三十八年后","0","2","2"
"空穴无主奇","0","2","2"
"女子独立又","0","2","2"
"子独立又为","0","2","2"
"独立又为双","0","2","2"
"说甘露降临","0","2","2"
"武昌说有甘","0","2","2"
"昌说有甘露","0","2","2"
"四月丙戌曰","0","2","2"
"三月乙卯日","0","2","2"
"露降临于京","0","2","2"
"四月癸卯曰","0","2","2"
"露降临于义","0","2","2"
"于义兴阳羡","0","2","2"
"三月己卯日","0","2","2"
"降临于丹徒","0","2","2"
"四月己酉曰","0","2","2"
"临于南海的","0","2","2"
"三月甲午日","0","2","2"
"三月丙辰曰","0","2","2"
"甘露降临华","0","2","2"
"露降临华林","0","2","2"
"降临华林园","0","2","2"
"降临建康的","0","2","2"
"建康的禁中","0","2","2"
"嘉禾生于东","0","2","2"
"嘉禾生于襄","0","2","2"
"禾生于襄平","0","2","2"
"生于襄平县","0","2","2"
"和九年四月","0","2","2"
"说有木连理","0","2","2"
"穆帝永和五","0","2","2"
"帝永和五年","0","2","2"
"中有木连理","0","2","2"
"和元年四月","0","2","2"
"史南平王刘","0","2","2"
"平王刘铄献","0","2","2"
"王刘铄献上","0","2","2"
"正月丙申曰","0","2","2"
"正月丙子曰","0","2","2"
"咸和五年五","0","2","2"
"咸和八年七","0","2","2"
"和八年七月","0","2","2"
"和六年闰月","0","2","2"
"帝义熙初年","0","2","2"
"芦生不止自","0","2","2"
"生不止自成","0","2","2"
"不止自成积","0","2","2"
"地上生出白","0","2","2"
"上生出白毛","0","2","2"
"明帝太和五","0","2","2"
"帝太和五年","0","2","2"
"太和五年五","0","2","2"
"建立国子学","0","2","2"
"穆帝永和九","0","2","2"
"帝永和九年","0","2","2"
"孙司马臧为","0","2","2"
"龙骧将军朱","0","2","2"
"寿阳发生大","0","2","2"
"阳发生大水","0","2","2"
"会稽发生大","0","2","2"
"稽发生大水","0","2","2"
"彭城发生大","0","2","2"
"并三州下大","0","2","2"
"三州下大雪","0","2","2"
"景和元年九","0","2","2"
"和元年九月","0","2","2"
"一月庚午曰","0","2","2"
"九月戊午日","0","2","2"
"晋康帝建五","0","2","2"
"公孙渊自立","0","2","2"
"孙渊自立为","0","2","2"
"渊自立为燕","0","2","2"
"七月甲申曰","0","2","2"
"二月丁卯曰","0","2","2"
"四月辛酉曰","0","2","2"
"五月壬子曰","0","2","2"
"正月丙辰曰","0","2","2"
"二月丙辰曰","0","2","2"
"四月甲辰曰","0","2","2"
"咸和九年三","0","2","2"
"和九年三月","0","2","2"
"六月癸亥日","0","2","2"
"和三年正月","0","2","2"
"正月庚寅曰","0","2","2"
"六月己卯曰","0","2","2"
"六月癸卯日","0","2","2"
"三月戊子日","0","2","2"
"宣帝庙地面","0","2","2"
"帝庙地面下","0","2","2"
"庙地面下陷","0","2","2"
"步广里地面","0","2","2"
"年恢复建制","0","2","2"
"记载属广陵","0","2","2"
"三千零九十","0","2","2"
"一万六千零","0","2","2"
"高祖镇守京","0","2","2"
"祖镇守京口","0","2","2"
"补任衡阳王","0","2","2"
"任宣威将军","0","2","2"
"在滑台西南","0","2","2"
"蔡廓迁任司","0","2","2"
"廓迁任司徒","0","2","2"
"高祖的太尉","0","2","2"
"的太尉参军","0","2","2"
"为始兴郡公","0","2","2"
"吴郡吴县人","0","2","2"
"刘义康大将","0","2","2"
"任始兴王刘","0","2","2"
"王刘义恭骠","0","2","2"
"刘义恭骠骑","0","2","2"
"阳王直勤心","0","2","2"
"兼护羌校尉","0","2","2"
"年三十五岁","0","2","2"
"孙恩在会稽","0","2","2"
"恩在会稽作","0","2","2"
"在会稽作乱","0","2","2"
"孙恩逃到海","0","2","2"
"恩逃到海上","0","2","2"
"所到之处无","0","2","2"
"到之处无不","0","2","2"
"多次打败他","0","2","2"
"兵士一千人","0","2","2"
"有十多万人","0","2","2"
"率领部众几","0","2","2"
"领部众几万","0","2","2"
"部众几万人","0","2","2"
"死的人很多","0","2","2"
"追击孙恩到","0","2","2"
"祸就要临头","0","2","2"
"桓玄的堂兄","0","2","2"
"玄又派遣高","0","2","2"
"又派遣高祖","0","2","2"
"不会甘居人","0","2","2"
"会甘居人下","0","2","2"
"月己丑初一","0","2","2"
"和无忌等人","0","2","2"
"刘毅的堂弟","0","2","2"
"毅的堂弟刘","0","2","2"
"的堂弟刘藩","0","2","2"
"的有一百多","0","2","2"
"高祖哭得很","0","2","2"
"兵攻打他们","0","2","2"
"我们的事情","0","2","2"
"寻求作战而","0","2","2"
"将军檀凭之","0","2","2"
"刺史郭昶之","0","2","2"
"在寻阳建立","0","2","2"
"骁勇的将领","0","2","2"
"率领几千人","0","2","2"
"他的部下逃","0","2","2"
"打败桓玄的","0","2","2"
"善于看相的","0","2","2"
"高祖和无忌","0","2","2"
"精锐的兵士","0","2","2"
"声震动天地","0","2","2"
"领军将军殷","0","2","2"
"在宣阳门外","0","2","2"
"兼任扬州刺","0","2","2"
"为录尚书事","0","2","2"
"而一旦拥有","0","2","2"
"一旦拥有帝","0","2","2"
"旦拥有帝位","0","2","2"
"置压四方的","0","2","2"
"压四方的刺","0","2","2"
"四方的刺史","0","2","2"
"方的刺史郡","0","2","2"
"的刺史郡守","0","2","2"
"刺史郡守和","0","2","2"
"史郡守和在","0","2","2"
"郡守和在朝","0","2","2"
"守和在朝的","0","2","2"
"和在朝的大","0","2","2"
"在朝的大臣","0","2","2"
"都尽心侍奉","0","2","2"
"君臣的名分","0","2","2"
"臣的名分确","0","2","2"
"的名分确定","0","2","2"
"名分确定了","0","2","2"
"分确定了．","0","2","2"
"确定了．产","0","2","2"
"定了．产担","0","2","2"
"了．产担在","0","2","2"
"．产担在朝","0","2","2"
"产担在朝中","0","2","2"
"担在朝中地","0","2","2"
"在朝中地位","0","2","2"
"朝中地位低","0","2","2"
"部属不足五","0","2","2"
"属不足五百","0","2","2"
"不足五百人","0","2","2"
"倡导大义恢","0","2","2"
"导大义恢复","0","2","2"
"大义恢复皇","0","2","2"
"义恢复皇位","0","2","2"
"王愉的儿子","0","2","2"
"州刺史王绥","0","2","2"
"的名门望族","0","2","2"
"玄将要篡位","0","2","2"
"于大臣之位","0","2","2"
"桑落洲打败","0","2","2"
"为都督江州","0","2","2"
"军队二万人","0","2","2"
"将军刘毅等","0","2","2"
"州刺史刘该","0","2","2"
"文字记载以","0","2","2"
"字记载以来","0","2","2"
"没有听说过","0","2","2"
"二州刺史照","0","2","2"
"刺史吴隐之","0","2","2"
"有一千五百","0","2","2"
"有辅国将军","0","2","2"
"用他的孙子","0","2","2"
"授予豫章郡","0","2","2"
"予豫章郡公","0","2","2"
"召豫章郡公","0","2","2"
"鲜卑人慕容","0","2","2"
"其哥哥的儿","0","2","2"
"哥的儿子慕","0","2","2"
"慕容超听说","0","2","2"
"豫章郡公将","0","2","2"
"章郡公将出","0","2","2"
"郡公将出征","0","2","2"
"的人以为贼","0","2","2"
"人以为贼寇","0","2","2"
"以为贼寇听","0","2","2"
"为贼寇听说","0","2","2"
"贼寇听说大","0","2","2"
"寇听说大军","0","2","2"
"听说大军速","0","2","2"
"说大军速出","0","2","2"
"必定不敢交","0","2","2"
"定不敢交战","0","2","2"
"如不截断大","0","2","2"
"不截断大岘","0","2","2"
"也当坚守广","0","2","2"
"当坚守广固","0","2","2"
"以断三军的","0","2","2"
"断三军的用","0","2","2"
"三军的用度","0","2","2"
"不仅难以取","0","2","2"
"仅难以取胜","0","2","2"
"还将不能返","0","2","2"
"将不能返回","0","2","2"
"兵一万多人","0","2","2"
"一万多人从","0","2","2"
"豫章郡公命","0","2","2"
"章郡公命令","0","2","2"
"缴获慕容超","0","2","2"
"获慕容超的","0","2","2"
"慕容超的大","0","2","2"
"容超的大将","0","2","2"
"修造攻城器","0","2","2"
"造攻城器械","0","2","2"
"豫章郡公不","0","2","2"
"黄河以北的","0","2","2"
"豫章郡公把","0","2","2"
"将派遣骑兵","0","2","2"
"事情无论大","0","2","2"
"情无论大小","0","2","2"
"章郡公为太","0","2","2"
"郡公为太尉","0","2","2"
"听从他的意","0","2","2"
"从他的意见","0","2","2"
"派使者征召","0","2","2"
"徐道覆在豫","0","2","2"
"道覆在豫章","0","2","2"
"率领精锐部","0","2","2"
"领精锐部队","0","2","2"
"没有什么忧","0","2","2"
"有什么忧虑","0","2","2"
"豫章郡公已","0","2","2"
"内外动荡不","0","2","2"
"外动荡不安","0","2","2"
"重要的藩镇","0","2","2"
"的锋芒不可","0","2","2"
"停泊在西岸","0","2","2"
"卢循的军队","0","2","2"
"豫章郡公回","0","2","2"
"岸设置伏兵","0","2","2"
"来等待他们","0","2","2"
"的有几百人","0","2","2"
"将荀林侵犯","0","2","2"
"他为荆州刺","0","2","2"
"豫章郡公知","0","2","2"
"章郡公知道","0","2","2"
"郡公知道他","0","2","2"
"卢循的父亲","0","2","2"
"捣毁他们的","0","2","2"
"他们的巢穴","0","2","2"
"岸上的车队","0","2","2"
"上的车队预","0","2","2"
"的车队预先","0","2","2"
"车队预先准","0","2","2"
"队预先准备","0","2","2"
"预先准备火","0","2","2"
"先准备火器","0","2","2"
"就投出火种","0","2","2"
"投出火种焚","0","2","2"
"出火种焚烧","0","2","2"
"火种焚烧战","0","2","2"
"种焚烧战舰","0","2","2"
"追击到夜晚","0","2","2"
"击到夜晚才","0","2","2"
"到夜晚才返","0","2","2"
"夜晚才返回","0","2","2"
"七年正月初","0","2","2"
"年正月初八","0","2","2"
"都登记姓名","0","2","2"
"斩杀徐道覆","0","2","2"
"刘裕这才接","0","2","2"
"裕这才接受","0","2","2"
"将黄钺还给","0","2","2"
"将其首级送","0","2","2"
"的办法加以","0","2","2"
"改任豫州刺","0","2","2"
"任南蛮校尉","0","2","2"
"弟兖州刺史","0","2","2"
"之为平西将","0","2","2"
"尉留守府事","0","2","2"
"阳尹刘穆之","0","2","2"
"穆之为建威","0","2","2"
"之为建威将","0","2","2"
"从京师出发","0","2","2"
"王镇恶攻克","0","2","2"
"十一月十四","0","2","2"
"一月十四日","0","2","2"
"发布文告说","0","2","2"
"时间长了就","0","2","2"
"任命西阳太","0","2","2"
"命西阳太守","0","2","2"
"刘毅被杀后","0","2","2"
"二个儿子刘","0","2","2"
"让民休养生","0","2","2"
"送到司马休","0","2","2"
"到司马休之","0","2","2"
"上书请废文","0","2","2"
"书请废文思","0","2","2"
"司马休之的","0","2","2"
"刘裕率大军","0","2","2"
"是德高望重","0","2","2"
"天地所不容","0","2","2"
"还没来得及","0","2","2"
"能达到目的","0","2","2"
"儿子竟陵太","0","2","2"
"六十岁以上","0","2","2"
"任平北将军","0","2","2"
"刘裕接受了","0","2","2"
"大司马琅玡","0","2","2"
"司马琅玡王","0","2","2"
"为北雍州刺","0","2","2"
"长子为中军","0","2","2"
"子为中军将","0","2","2"
"管理太尉留","0","2","2"
"理太尉留守","0","2","2"
"穆之为左仆","0","2","2"
"之为左仆射","0","2","2"
"兖州刺史王","0","2","2"
"享受九锡之","0","2","2"
"受九锡之礼","0","2","2"
"这又是你的","0","2","2"
"又是你的功","0","2","2"
"挽大厦于既","0","2","2"
"大厦于既倾","0","2","2"
"豫州的汝南","0","2","2"
"公刘义真为","0","2","2"
"刘裕到彭城","0","2","2"
"为并州刺史","0","2","2"
"不能生存的","0","2","2"
"中军参军沈","0","2","2"
"熙十四年十","0","2","2"
"皇上派使者","0","2","2"
"征召刘裕入","0","2","2"
"召刘裕入京","0","2","2"
"下徒刑的罪","0","2","2"
"徒刑的罪犯","0","2","2"
"添置旌头云","0","2","2"
"置旌头云旗","0","2","2"
"设钟磬于宫","0","2","2"
"钟磬于宫廷","0","2","2"
"升王太妃为","0","2","2"
"王太妃为王","0","2","2"
"太妃为王太","0","2","2"
"妃为王太后","0","2","2"
"王妃为王后","0","2","2"
"长子为太子","0","2","2"
"加封王子王","0","2","2"
"封王子王孙","0","2","2"
"王子王孙称","0","2","2"
"子王孙称号","0","2","2"
"据文字记载","0","2","2"
"能与你相比","0","2","2"
"以微薄的德","0","2","2"
"微薄的德行","0","2","2"
"托身于万民","0","2","2"
"身于万民之","0","2","2"
"于万民之上","0","2","2"
"到太极前殿","0","2","2"
"天命已经转","0","2","2"
"命已经转移","0","2","2"
"接受禅让的","0","2","2"
"恩惠施及百","0","2","2"
"惠施及百姓","0","2","2"
"祀天地的礼","0","2","2"
"皇帝的父亲","0","2","2"
"没有安宁的","0","2","2"
"迄今有所成","0","2","2"
"今有所成就","0","2","2"
"政策刑罚失","0","2","2"
"随从征伐关","0","2","2"
"升为平北将","0","2","2"
"号为车骑大","0","2","2"
"升军号为征","0","2","2"
"为安西大将","0","2","2"
"为父母服丧","0","2","2"
"丧二十七个","0","2","2"
"之为尚书令","0","2","2"
"各州郡的秀","0","2","2"
"州郡的秀才","0","2","2"
"中二千石官","0","2","2"
"设将官不得","0","2","2"
"将官不得超","0","2","2"
"官不得超过","0","2","2"
"不得超过二","0","2","2"
"吏员不得超","0","2","2"
"员不得超过","0","2","2"
"不得超过五","0","2","2"
"月己卯初一","0","2","2"
"皇帝又在华","0","2","2"
"帝又在华林","0","2","2"
"又在华林园","0","2","2"
"在华林园听","0","2","2"
"为镇军大将","0","2","2"
"任命员外散","0","2","2"
"命员外散骑","0","2","2"
"史徐羡之为","0","2","2"
"羡之为司空","0","2","2"
"事务繁多而","0","2","2"
"务繁多而时","0","2","2"
"繁多而时间","0","2","2"
"多而时间不","0","2","2"
"而时间不足","0","2","2"
"当时徐羡之","0","2","2"
"在那个地方","0","2","2"
"也没有改变","0","2","2"
"奠定了帝王","0","2","2"
"定了帝王基","0","2","2"
"了帝王基业","0","2","2"
"出生在京口","0","2","2"
"帝接受禅让","0","2","2"
"接受禅让后","0","2","2"
"委任尚书仆","0","2","2"
"王刘道怜去","0","2","2"
"刘道怜去世","0","2","2"
"臣武将各晋","0","2","2"
"武将各晋爵","0","2","2"
"遣使者来朝","0","2","2"
"使者来朝贡","0","2","2"
"封为河西王","0","2","2"
"皇后附葬在","0","2","2"
"被判五年以","0","2","2"
"徒刑的犯人","0","2","2"
"十月二十六","0","2","2"
"季的第二个","0","2","2"
"的第二个月","0","2","2"
"儿子拓跋焘","0","2","2"
"十二月十一","0","2","2"
"身高七尺五","0","2","2"
"高七尺五寸","0","2","2"
"刺史谢晦为","0","2","2"
"将军荆州刺","0","2","2"
"军荆州刺史","0","2","2"
"史檀道济为","0","2","2"
"檀道济为征","0","2","2"
"城王义康晋","0","2","2"
"九月十八日","0","2","2"
"史王仲德晋","0","2","2"
"王仲德晋升","0","2","2"
"仲德晋升为","0","2","2"
"晋升为安北","0","2","2"
"一月二十二","0","2","2"
"任命前将军","0","2","2"
"中领军到彦","0","2","2"
"领军到彦之","0","2","2"
"军赵伦之为","0","2","2"
"之为镇军将","0","2","2"
"任命金光禄","0","2","2"
"命金光禄大","0","2","2"
"金光禄大夫","0","2","2"
"为光禄大夫","0","2","2"
"任征北将军","0","2","2"
"为征南大将","0","2","2"
"任命后将军","0","2","2"
"沙王义欣为","0","2","2"
"明的君主治","0","2","2"
"病残难以生","0","2","2"
"残难以生存","0","2","2"
"任命镇军将","0","2","2"
"命镇军将军","0","2","2"
"任命骠骑参","0","2","2"
"命骠骑参军","0","2","2"
"军刘道产为","0","2","2"
"同谋都被处","0","2","2"
"谋都被处死","0","2","2"
"年春正月一","0","2","2"
"春正月一日","0","2","2"
"多次登城作","0","2","2"
"次登城作战","0","2","2"
"登城作战和","0","2","2"
"夏四月七日","0","2","2"
"派遣使者前","0","2","2"
"遣使者前往","0","2","2"
"使者前往慰","0","2","2"
"者前往慰问","0","2","2"
"委任金紫光","0","2","2"
"任金紫光禄","0","2","2"
"要有所隐瞒","0","2","2"
"京邑发生火","0","2","2"
"邑发生火灾","0","2","2"
"调湘州刺史","0","2","2"
"派遣使者巡","0","2","2"
"秋八月二十","0","2","2"
"冬十月十日","0","2","2"
"领军将军赵","0","2","2"
"委任骠骑将","0","2","2"
"殷景仁为中","0","2","2"
"任命新任尚","0","2","2"
"命新任尚书","0","2","2"
"七月十九日","0","2","2"
"九月二十九","0","2","2"
"中领军殷景","0","2","2"
"领军殷景仁","0","2","2"
"十二月三十","0","2","2"
"河西王派遣","0","2","2"
"西王派遣使","0","2","2"
"年正月初六","0","2","2"
"王贵为征西","0","2","2"
"单国派使者","0","2","2"
"狮子国派使","0","2","2"
"子国派使者","0","2","2"
"撤南豫州并","0","2","2"
"南豫州并入","0","2","2"
"豫州并入豫","0","2","2"
"州并入豫州","0","2","2"
"被索虏攻陷","0","2","2"
"十一月一日","0","2","2"
"檀道济北伐","0","2","2"
"兖州刺史竺","0","2","2"
"任左军将军","0","2","2"
"一定要节俭","0","2","2"
"和扬州的晋","0","2","2"
"任命徐州刺","0","2","2"
"命徐州刺史","0","2","2"
"王义宣为南","0","2","2"
"发生水旱灾","0","2","2"
"生水旱灾害","0","2","2"
"特别突出的","0","2","2"
"咨议参军刘","0","2","2"
"川王义庆的","0","2","2"
"义康任扬州","0","2","2"
"康任扬州刺","0","2","2"
"委任抚军将","0","2","2"
"王义宣为中","0","2","2"
"义宣为中书","0","2","2"
"宣为中书监","0","2","2"
"任右军参军","0","2","2"
"为南丰县王","0","2","2"
"难以生存者","0","2","2"
"任命青州刺","0","2","2"
"命青州刺史","0","2","2"
"国派遣使者","0","2","2"
"在益州设立","0","2","2"
"氐人杨连当","0","2","2"
"平定了叛乱","0","2","2"
"击败氐人杨","0","2","2"
"任命大沮渠","0","2","2"
"都发生地震","0","2","2"
"南国派使者","0","2","2"
"五月十八日","0","2","2"
"晋升为镇北","0","2","2"
"为镇北大将","0","2","2"
"秋七月十日","0","2","2"
"王太妃去世","0","2","2"
"春正月十五","0","2","2"
"上到南郊祭","0","2","2"
"臣武将各赐","0","2","2"
"武将各赐爵","0","2","2"
"将各赐爵一","0","2","2"
"各赐爵一等","0","2","2"
"任命步兵校","0","2","2"
"命步兵校尉","0","2","2"
"冬十二月二","0","2","2"
"国都派使者","0","2","2"
"夏四月五日","0","2","2"
"氏为皇太子","0","2","2"
"为安东将军","0","2","2"
"军赵伯符为","0","2","2"
"内史陆徽为","0","2","2"
"正月十三日","0","2","2"
"职务照旧担","0","2","2"
"务照旧担任","0","2","2"
"郡划出一部","0","2","2"
"谷浑拾寅为","0","2","2"
"拾寅为平西","0","2","2"
"寅为平西将","0","2","2"
"将豫州的淮","0","2","2"
"因母病离职","0","2","2"
"任命大将军","0","2","2"
"的名义任南","0","2","2"
"委任尚书刘","0","2","2"
"浚为扬州刺","0","2","2"
"陵王骏为南","0","2","2"
"年二月二日","0","2","2"
"史赵伯符为","0","2","2"
"孟头为尚书","0","2","2"
"讨伐平定叛","0","2","2"
"伐平定叛乱","0","2","2"
"国派使者进","0","2","2"
"派使者进献","0","2","2"
"使者进献特","0","2","2"
"者进献特产","0","2","2"
"五月十四日","0","2","2"
"冬十月十一","0","2","2"
"十月十一日","0","2","2"
"委任江州刺","0","2","2"
"秋七月十四","0","2","2"
"萧思话为雍","0","2","2"
"思话为雍州","0","2","2"
"话为雍州刺","0","2","2"
"入监牢处死","0","2","2"
"发生大饥荒","0","2","2"
"春正月初三","0","2","2"
"江以西地区","0","2","2"
"种田千亩的","0","2","2"
"恭晋升为太","0","2","2"
"晋升为太尉","0","2","2"
"将军沈演之","0","2","2"
"军沈演之为","0","2","2"
"陵王诞为南","0","2","2"
"加封为中军","0","2","2"
"封为中军将","0","2","2"
"加封为抚军","0","2","2"
"封为抚军将","0","2","2"
"任命征西大","0","2","2"
"命征西大将","0","2","2"
"兖州刺史广","0","2","2"
"九月十二日","0","2","2"
"沮渠安周为","0","2","2"
"渠安周为征","0","2","2"
"朗为湘州刺","0","2","2"
"二月十九日","0","2","2"
"真为南兖州","0","2","2"
"索虏侵犯兖","0","2","2"
"虏侵犯兖州","0","2","2"
"二月十八日","0","2","2"
"萧景宪为交","0","2","2"
"景宪为交州","0","2","2"
"宪为交州刺","0","2","2"
"一个大钱当","0","2","2"
"个大钱当一","0","2","2"
"大钱当一两","0","2","2"
"任命中领军","0","2","2"
"命中领军沈","0","2","2"
"詹事徐湛之","0","2","2"
"事徐湛之为","0","2","2"
"之为南兖州","0","2","2"
"任命抚军将","0","2","2"
"命抚军将军","0","2","2"
"军萧思话为","0","2","2"
"射何尚之为","0","2","2"
"领军将军沈","0","2","2"
"守刘遵考为","0","2","2"
"刘遵考为领","0","2","2"
"遵考为领军","0","2","2"
"考为领军将","0","2","2"
"正月十四日","0","2","2"
"八月十六日","0","2","2"
"任命中军将","0","2","2"
"命中军将军","0","2","2"
"索虏侵犯汝","0","2","2"
"是州郡县的","0","2","2"
"新任吏部尚","0","2","2"
"四月二十二","0","2","2"
"武陵王骏降","0","2","2"
"陵王骏降为","0","2","2"
"秋七月十二","0","2","2"
"七月十二日","0","2","2"
"派遣宁朔将","0","2","2"
"与索虏交战","0","2","2"
"从仆射胡崇","0","2","2"
"仆射胡崇之","0","2","2"
"将军臧澄之","0","2","2"
"兼任司徒的","0","2","2"
"兖州刺史职","0","2","2"
"亡命之徒司","0","2","2"
"命之徒司马","0","2","2"
"兼任南兖州","0","2","2"
"军随王诞为","0","2","2"
"为安东大将","0","2","2"
"刘王禹为益","0","2","2"
"王禹为益州","0","2","2"
"禹为益州刺","0","2","2"
"八月二十一","0","2","2"
"十月十八日","0","2","2"
"嘉三十年春","0","2","2"
"并入南徐州","0","2","2"
"委任领军将","0","2","2"
"州发生饥荒","0","2","2"
"三月二十日","0","2","2"
"改太祖谥号","0","2","2"
"上天赐给他","0","2","2"
"兼管石头戍","0","2","2"
"晋升为抚军","0","2","2"
"徐兖青冀幽","0","2","2"
"统领各路大","0","2","2"
"领各路大军","0","2","2"
"任命荆州刺","0","2","2"
"命荆州刺史","0","2","2"
"刺史臧质为","0","2","2"
"军沈庆之为","0","2","2"
"我以卑微之","0","2","2"
"以卑微之身","0","2","2"
"立王氏为皇","0","2","2"
"王氏为皇后","0","2","2"
"王义恭为太","0","2","2"
"王礻韦为抚","0","2","2"
"礻韦为抚军","0","2","2"
"韦为抚军将","0","2","2"
"史刘秀之任","0","2","2"
"朝廷内外的","0","2","2"
"升为镇西大","0","2","2"
"为镇西大将","0","2","2"
"徐州划出一","0","2","2"
"沈庆之为镇","0","2","2"
"平王宏加封","0","2","2"
"王宏加封为","0","2","2"
"宏加封为中","0","2","2"
"萧思话为安","0","2","2"
"将军刘义基","0","2","2"
"子业为皇太","0","2","2"
"业为皇太子","0","2","2"
"王玄谟为豫","0","2","2"
"玄谟为豫州","0","2","2"
"谟为豫州刺","0","2","2"
"委任太子左","0","2","2"
"雍州刺史朱","0","2","2"
"任命吴兴太","0","2","2"
"命吴兴太守","0","2","2"
"豫州分出一","0","2","2"
"又被封为领","0","2","2"
"被封为领军","0","2","2"
"封为领军将","0","2","2"
"原来的称号","0","2","2"
"来的称号不","0","2","2"
"的称号不变","0","2","2"
"将军垣护之","0","2","2"
"大夫何尚之","0","2","2"
"史沈庆之为","0","2","2"
"夏四月十一","0","2","2"
"四月十一日","0","2","2"
"任命豫章太","0","2","2"
"命豫章太守","0","2","2"
"史刘遵考为","0","2","2"
"任命金紫光","0","2","2"
"命金紫光禄","0","2","2"
"任义兴太守","0","2","2"
"利国派使者","0","2","2"
"三吴发生饥","0","2","2"
"吴发生饥荒","0","2","2"
"将军檀和之","0","2","2"
"军檀和之为","0","2","2"
"十月二十四","0","2","2"
"军湘东王升","0","2","2"
"湘东王升职","0","2","2"
"担任护军将","0","2","2"
"任命广州刺","0","2","2"
"命广州刺史","0","2","2"
"委任右将军","0","2","2"
"中郎咨议参","0","2","2"
"郎咨议参军","0","2","2"
"任丹阳尹刘","0","2","2"
"海王礻韦晋","0","2","2"
"王礻韦晋升","0","2","2"
"礻韦晋升为","0","2","2"
"晋升为平南","0","2","2"
"升为平南将","0","2","2"
"二月二十五","0","2","2"
"任长水校尉","0","2","2"
"改任南兖州","0","2","2"
"十二月十二","0","2","2"
"二年正月初","0","2","2"
"阳王昶为中","0","2","2"
"王昶为中军","0","2","2"
"昶为中军将","0","2","2"
"夫羊玄保为","0","2","2"
"死在监狱里","0","2","2"
"太守垣阆为","0","2","2"
"任命宁朗将","0","2","2"
"命宁朗将军","0","2","2"
"宁朗将军沈","0","2","2"
"军刘道隆为","0","2","2"
"虏侵犯青州","0","2","2"
"王义恭加封","0","2","2"
"义恭加封为","0","2","2"
"夏四月六日","0","2","2"
"占据广陵城","0","2","2"
"赐给粟米布","0","2","2"
"给粟米布帛","0","2","2"
"阳尹刘秀之","0","2","2"
"新任车骑大","0","2","2"
"在玄武湖北","0","2","2"
"三年以前的","0","2","2"
"以前的旧租","0","2","2"
"前的旧租旧","0","2","2"
"委任北中郎","0","2","2"
"任北中郎司","0","2","2"
"之晋升为镇","0","2","2"
"陆王子绥为","0","2","2"
"是为了昭示","0","2","2"
"减少一大半","0","2","2"
"刘思考为益","0","2","2"
"思考为益州","0","2","2"
"考为益州刺","0","2","2"
"八月十二日","0","2","2"
"安王子勋为","0","2","2"
"雍州发洪水","0","2","2"
"十二月七日","0","2","2"
"皇子子仁为","0","2","2"
"十二月二日","0","2","2"
"德高望重的","0","2","2"
"任命倭国王","0","2","2"
"淮南郡并入","0","2","2"
"南郡并入宣","0","2","2"
"被投进监狱","0","2","2"
"海王子顼为","0","2","2"
"命尚书令柳","0","2","2"
"郡划归南徐","0","2","2"
"划归南徐州","0","2","2"
"皇上视察南","0","2","2"
"上视察南豫","0","2","2"
"设立临江郡","0","2","2"
"可大赦天下","0","2","2"
"女子每百户","0","2","2"
"子每百户赐","0","2","2"
"加封领军将","0","2","2"
"封领军将军","0","2","2"
"军将军朱修","0","2","2"
"有关衙门要","0","2","2"
"关衙门要严","0","2","2"
"衙门要严加","0","2","2"
"察民风民俗","0","2","2"
"公以下各官","0","2","2"
"造成的灾害","0","2","2"
"被判长期徒","0","2","2"
"判长期徒刑","0","2","2"
"长期徒刑的","0","2","2"
"加封为尚书","0","2","2"
"于丹阳秣陵","0","2","2"
"世祖讨伐元","0","2","2"
"祖讨伐元凶","0","2","2"
"世祖即皇位","0","2","2"
"祖即皇位后","0","2","2"
"大明八年闰","0","2","2"
"明八年闰五","0","2","2"
"八年闰五月","0","2","2"
"任录尚书事","0","2","2"
"皇后为皇太","0","2","2"
"元嘉年间的","0","2","2"
"任镇北将军","0","2","2"
"刘遵考为特","0","2","2"
"遵考为特进","0","2","2"
"射颜师伯为","0","2","2"
"颜师伯为尚","0","2","2"
"师伯为尚书","0","2","2"
"郡合在一起","0","2","2"
"合在一起设","0","2","2"
"在一起设立","0","2","2"
"任命车骑将","0","2","2"
"命车骑将军","0","2","2"
"严重的地方","0","2","2"
"五月二十二","0","2","2"
"史湘东王任","0","2","2"
"文武大臣赐","0","2","2"
"武大臣赐爵","0","2","2"
"大臣赐爵二","0","2","2"
"臣赐爵二等","0","2","2"
"马崔道固任","0","2","2"
"崔道固任冀","0","2","2"
"道固任冀州","0","2","2"
"固任冀州刺","0","2","2"
"被贬为平民","0","2","2"
"书刘思考为","0","2","2"
"仁为护军将","0","2","2"
"宫廷内外的","0","2","2"
"高祖开创的","0","2","2"
"祖开创的基","0","2","2"
"开创的基业","0","2","2"
"文帝的儿子","0","2","2"
"官至散骑常","0","2","2"
"至散骑常侍","0","2","2"
"的万分之一","0","2","2"
"为骁骑将军","0","2","2"
"侍中照旧担","0","2","2"
"中照旧担任","0","2","2"
"卫尉照旧担","0","2","2"
"尉照旧担任","0","2","2"
"升迁为侍中","0","2","2"
"又转任左卫","0","2","2"
"转任左卫将","0","2","2"
"卫尉官职照","0","2","2"
"尉官职照旧","0","2","2"
"任都官尚书","0","2","2"
"赐给乐队一","0","2","2"
"废帝景和年","0","2","2"
"大小事情都","0","2","2"
"新任骠骑大","0","2","2"
"任骠骑大将","0","2","2"
"是开天辟地","0","2","2"
"王景素为南","0","2","2"
"射王景文为","0","2","2"
"改任江州刺","0","2","2"
"都不接受任","0","2","2"
"不接受任命","0","2","2"
"为镇东将军","0","2","2"
"兖州刺史殷","0","2","2"
"若晋升为卫","0","2","2"
"晋升为卫将","0","2","2"
"刘面力为西","0","2","2"
"面力为西伐","0","2","2"
"力为西伐前","0","2","2"
"为西伐前锋","0","2","2"
"詹事张永为","0","2","2"
"郑黑为司州","0","2","2"
"黑为司州刺","0","2","2"
"任宁朔将军","0","2","2"
"兼任徐州刺","0","2","2"
"阳王休范晋","0","2","2"
"王休范晋升","0","2","2"
"休范晋升为","0","2","2"
"晋升为征北","0","2","2"
"为北豫州刺","0","2","2"
"又兼任徐州","0","2","2"
"分出一部设","0","2","2"
"出一部设立","0","2","2"
"一部设立南","0","2","2"
"部设立南豫","0","2","2"
"委任车骑将","0","2","2"
"王玄谟为左","0","2","2"
"玄谟为左光","0","2","2"
"谟为左光禄","0","2","2"
"刘灵遗为梁","0","2","2"
"年正月四日","0","2","2"
"军蔡兴宗为","0","2","2"
"任命太子詹","0","2","2"
"命太子詹事","0","2","2"
"命侍中刘韫","0","2","2"
"侍中刘韫为","0","2","2"
"派吏部尚书","0","2","2"
"晋升为安西","0","2","2"
"升为安西将","0","2","2"
"任命越骑校","0","2","2"
"命越骑校尉","0","2","2"
"尉周宁民为","0","2","2"
"恢复郡县官","0","2","2"
"复郡县官员","0","2","2"
"部分设置东","0","2","2"
"为东徐州刺","0","2","2"
"到南郊祭祀","0","2","2"
"员的俸禄田","0","2","2"
"为行湘州刺","0","2","2"
"八月二十三","0","2","2"
"赐致力耕田","0","2","2"
"致力耕田者","0","2","2"
"庐江王礻韦","0","2","2"
"中堂听诉讼","0","2","2"
"百官没有俸","0","2","2"
"官没有俸禄","0","2","2"
"生活必需品","0","2","2"
"陈伯绍为交","0","2","2"
"伯绍为交州","0","2","2"
"绍为交州刺","0","2","2"
"史刘面力为","0","2","2"
"新任平西将","0","2","2"
"孟次为兖州","0","2","2"
"次为兖州刺","0","2","2"
"春正月二日","0","2","2"
"中领军刘面","0","2","2"
"领军刘面力","0","2","2"
"把第八皇子","0","2","2"
"粲为尚书令","0","2","2"
"褚渊为尚书","0","2","2"
"将军的身份","0","2","2"
"第三皇子淮","0","2","2"
"三皇子淮为","0","2","2"
"过继给江夏","0","2","2"
"南兖州分出","0","2","2"
"皇太子在东","0","2","2"
"将军张兴世","0","2","2"
"也是因为马","0","2","2"
"脸色都变了","0","2","2"
"过了好久才","0","2","2"
"宫廷内外百","0","2","2"
"圣人制定法","0","2","2"
"刘遵考改任","0","2","2"
"遵考改任左","0","2","2"
"考改任左光","0","2","2"
"改任左光禄","0","2","2"
"访求百姓疾","0","2","2"
"求百姓疾苦","0","2","2"
"将军褚渊因","0","2","2"
"军褚渊因母","0","2","2"
"刘秉为尚书","0","2","2"
"元徽元年以","0","2","2"
"徽元年以前","0","2","2"
"晋熙王燮为","0","2","2"
"下令各州郡","0","2","2"
"平王景素晋","0","2","2"
"王景素晋升","0","2","2"
"景素晋升为","0","2","2"
"南兖州的钟","0","2","2"
"兖州的钟离","0","2","2"
"豫州的马头","0","2","2"
"依照过去的","0","2","2"
"过去的标准","0","2","2"
"七皇弟友为","0","2","2"
"豫州刺史建","0","2","2"
"兼任开府仪","0","2","2"
"加封护军将","0","2","2"
"封护军将军","0","2","2"
"史安成王晋","0","2","2"
"安成王晋升","0","2","2"
"成王晋升为","0","2","2"
"任命新任侍","0","2","2"
"命新任侍中","0","2","2"
"十一月九日","0","2","2"
"十岁以上的","0","2","2"
"派来的使者","0","2","2"
"军褚渊为中","0","2","2"
"褚渊为中书","0","2","2"
"渊为中书监","0","2","2"
"元徽四年春","0","2","2"
"到百分之二","0","2","2"
"百分之二十","0","2","2"
"景素的军队","0","2","2"
"元年以前的","0","2","2"
"皇上下诏命","0","2","2"
"一个人骑马","0","2","2"
"是有功之臣","0","2","2"
"是李道儿的","0","2","2"
"齐王出京城","0","2","2"
"出京城镇守","0","2","2"
"事连年不断","0","2","2"
"兖州刺史齐","0","2","2"
"袁粲镇守石","0","2","2"
"粲镇守石头","0","2","2"
"甄别他们的","0","2","2"
"史沈景德为","0","2","2"
"沈景德为广","0","2","2"
"景德为广州","0","2","2"
"德为广州刺","0","2","2"
"将军黄回为","0","2","2"
"占据石头城","0","2","2"
"和辅国将军","0","2","2"
"将军彭文之","0","2","2"
"刺史刘怀玲","0","2","2"
"王延之为尚","0","2","2"
"延之为尚书","0","2","2"
"张敬儿攻克","0","2","2"
"敬儿攻克江","0","2","2"
"儿攻克江陵","0","2","2"
"齐王长子为","0","2","2"
"史张敬儿晋","0","2","2"
"张敬儿晋升","0","2","2"
"敬儿晋升为","0","2","2"
"仆射王延之","0","2","2"
"射王延之为","0","2","2"
"晋升为中军","0","2","2"
"的首级送到","0","2","2"
"级送到京城","0","2","2"
"给太尉齐王","0","2","2"
"夏四月八日","0","2","2"
"给太傅齐王","0","2","2"
"被判死刑的","0","2","2"
"以前的事情","0","2","2"
"没有完备的","0","2","2"
"随着时代的","0","2","2"
"了解其中的","0","2","2"
"其中的道理","0","2","2"
"乐曲的名称","0","2","2"
"都没有偏差","0","2","2"
"民迁徙到江","0","2","2"
"迁徙到江南","0","2","2"
"邦邑的名称","0","2","2"
"黄钟的宫音","0","2","2"
"奏黄钟的乐","0","2","2"
"黄钟的乐曲","0","2","2"
"唱大吕的歌","0","2","2"
"大吕的歌调","0","2","2"
"奏太簇的乐","0","2","2"
"太簇的乐曲","0","2","2"
"演奏的乐曲","0","2","2"
"为十七万七","0","2","2"
"向下产生林","0","2","2"
"下产生林钟","0","2","2"
"向上产生太","0","2","2"
"上产生太簇","0","2","2"
"应的数为四","0","2","2"
"的数为四十","0","2","2"
"对应于三月","0","2","2"
"向上产生蕤","0","2","2"
"上产生蕤宾","0","2","2"
"应的数是六","0","2","2"
"的数是六十","0","2","2"
"姑洗生出应","0","2","2"
"洗生出应钟","0","2","2"
"与正音类同","0","2","2"
"钟律相对应","0","2","2"
"对应音乐逐","0","2","2"
"应音乐逐渐","0","2","2"
"音乐逐渐显","0","2","2"
"乐逐渐显得","0","2","2"
"对应的音律","0","2","2"
"相当于半两","0","2","2"
"生律时其相","0","2","2"
"律时其相应","0","2","2"
"时其相应的","0","2","2"
"其相应的数","0","2","2"
"后再除以三","0","2","2"
"律管中的灰","0","2","2"
"具有八种能","0","2","2"
"有八种能力","0","2","2"
"八种能力的","0","2","2"
"种能力的人","0","2","2"
"测量圭表的","0","2","2"
"量圭表的表","0","2","2"
"阳气开始上","0","2","2"
"表的表影最","0","2","2"
"与气相应而","0","2","2"
"气相应而贯","0","2","2"
"相应而贯通","0","2","2"
"就有了完整","0","2","2"
"有了完整的","0","2","2"
"中吕向上生","0","2","2"
"吕向上生成","0","2","2"
"向上生成执","0","2","2"
"上生成执始","0","2","2"
"以黄钟为宫","0","2","2"
"十二律管轮","0","2","2"
"二律管轮转","0","2","2"
"律管轮转后","0","2","2"
"管轮转后又","0","2","2"
"一年的天数","0","2","2"
"对应于黄钟","0","2","2"
"皇帝的诏书","0","2","2"
"不知道是什","0","2","2"
"知道是什么","0","2","2"
"分之一就向","0","2","2"
"增加三分之","0","2","2"
"加三分之一","0","2","2"
"后又重新回","0","2","2"
"又重新回到","0","2","2"
"相应的实数","0","2","2"
"怎么可能还","0","2","2"
"么可能还是","0","2","2"
"分之一就是","0","2","2"
"之一就是向","0","2","2"
"生成新的音","0","2","2"
"成新的音律","0","2","2"
"法得以成立","0","2","2"
"中已有记述","0","2","2"
"乐器和歌唱","0","2","2"
"用长的笛子","0","2","2"
"用短的笛子","0","2","2"
"和的回答中","0","2","2"
"已去世的老","0","2","2"
"去世的老师","0","2","2"
"据音律的规","0","2","2"
"音律的规定","0","2","2"
"制作十二根","0","2","2"
"作十二根笛","0","2","2"
"都没有什么","0","2","2"
"没有什么用","0","2","2"
"十二根笛子","0","2","2"
"十二律轮转","0","2","2"
"二律轮转一","0","2","2"
"律轮转一周","0","2","2"
"轮转一周后","0","2","2"
"转一周后又","0","2","2"
"一周后又回","0","2","2"
"周后又回到","0","2","2"
"后又回到宫","0","2","2"
"到宫音的规","0","2","2"
"为二尺六寸","0","2","2"
"与音律相应","0","2","2"
"声调是否合","0","2","2"
"调是否合适","0","2","2"
"的声音作为","0","2","2"
"声音作为均","0","2","2"
"有明确的规","0","2","2"
"用这种方法","0","2","2"
"管理奏乐的","0","2","2"
"理奏乐的人","0","2","2"
"才智超群的","0","2","2"
"智超群的人","0","2","2"
"与黄钟相应","0","2","2"
"与大吕相应","0","2","2"
"与夷则相应","0","2","2"
"与夹钟相应","0","2","2"
"与蕤宾相应","0","2","2"
"长二尺九寸","0","2","2"
"制作新的律","0","2","2"
"乐令钟宗之","0","2","2"
"令史奚纵又","0","2","2"
"将其减去两","0","2","2"
"天体运行的","0","2","2"
"车马祭牲的","0","2","2"
"马祭牲的颜","0","2","2"
"祭牲的颜色","0","2","2"
"的人的过错","0","2","2"
"说历法的核","0","2","2"
"历法的核心","0","2","2"
"法的核心内","0","2","2"
"的核心内容","0","2","2"
"月亮的运动","0","2","2"
"疆上共同观","0","2","2"
"上共同观察","0","2","2"
"帝王的名号","0","2","2"
"王的名号来","0","2","2"
"太阳在牵牛","0","2","2"
"增加或减少","0","2","2"
"加或减少一","0","2","2"
"或减少一刻","0","2","2"
"一月甲寅曰","0","2","2"
"太阳与北天","0","2","2"
"阳与北天极","0","2","2"
"表影长度来","0","2","2"
"用甲寅历元","0","2","2"
"推算比实际","0","2","2"
"算比实际天","0","2","2"
"时出现在西","0","2","2"
"以甲寅年为","0","2","2"
"甲寅年为历","0","2","2"
"寅年为历元","0","2","2"
"是上天安排","0","2","2"
"的推算方法","0","2","2"
"历元是乙卯","0","2","2"
"使用了一百","0","2","2"
"有各自的历","0","2","2"
"各自的历元","0","2","2"
"有效的情况","0","2","2"
"历法不能向","0","2","2"
"治他们的罪","0","2","2"
"月行迟疾的","0","2","2"
"位置的推算","0","2","2"
"与以建寅之","0","2","2"
"月为正月的","0","2","2"
"管理历法的","0","2","2"
"理历法的人","0","2","2"
"为一年的开","0","2","2"
"比实际要晚","0","2","2"
"斗宿宿度奇","0","2","2"
"宿宿度奇零","0","2","2"
"宿度奇零部","0","2","2"
"度奇零部分","0","2","2"
"奇零部分太","0","2","2"
"零部分太大","0","2","2"
"现在国家的","0","2","2"
"各种礼仪制","0","2","2"
"种礼仪制度","0","2","2"
"更换历法数","0","2","2"
"换历法数据","0","2","2"
"相对应的月","0","2","2"
"汉武帝时改","0","2","2"
"从壬辰年历","0","2","2"
"壬辰年历元","0","2","2"
"千零五十八","0","2","2"
"二万二干七","0","2","2"
"二干七百九","0","2","2"
"干七百九十","0","2","2"
"万零一百一","0","2","2"
"零一百一十","0","2","2"
"该数的求得","0","2","2"
"数的求得是","0","2","2"
"的求得是取","0","2","2"
"求得是取一","0","2","2"
"得是取一纪","0","2","2"
"是取一纪的","0","2","2"
"取一纪的积","0","2","2"
"一纪的积月","0","2","2"
"纪的积月数","0","2","2"
"的积月数乘","0","2","2"
"积月数乘以","0","2","2"
"到的余数就","0","2","2"
"万零一百八","0","2","2"
"零一百八十","0","2","2"
"迟疾差率减","0","2","2"
"疾差率减去","0","2","2"
"差率减去迟","0","2","2"
"率减去迟疾","0","2","2"
"减去迟疾纪","0","2","2"
"去迟疾纪差","0","2","2"
"所余就是下","0","2","2"
"余就是下一","0","2","2"
"积月的方法","0","2","2"
"月的方法说","0","2","2"
"历元以来到","0","2","2"
"元以来到需","0","2","2"
"数除以纪法","0","2","2"
"所在纪的序","0","2","2"
"在纪的序号","0","2","2"
"是该年份在","0","2","2"
"该年份在相","0","2","2"
"数乘以章月","0","2","2"
"所得的商就","0","2","2"
"得的商就是","0","2","2"
"商就是积月","0","2","2"
"闰余大于十","0","2","2"
"余大于十二","0","2","2"
"闰月的设置","0","2","2"
"积月乘以通","0","2","2"
"得到朔积分","0","2","2"
"干支名称来","0","2","2"
"支名称来对","0","2","2"
"名称来对应","0","2","2"
"加二千四百","0","2","2"
"所述的方法","0","2","2"
"如果小余大","0","2","2"
"果小余大于","0","2","2"
"在朔日的大","0","2","2"
"的大余上加","0","2","2"
"分满二则减","0","2","2"
"在小余上进","0","2","2"
"小余上进一","0","2","2"
"减去曰法在","0","2","2"
"去曰法在大","0","2","2"
"曰法在大余","0","2","2"
"余数用干支","0","2","2"
"发生月食的","0","2","2"
"限数作为衡","0","2","2"
"数作为衡量","0","2","2"
"的年份在相","0","2","2"
"最后余下的","0","2","2"
"后余下的数","0","2","2"
"是与周正相","0","2","2"
"与周正相对","0","2","2"
"周正相对应","0","2","2"
"正相对应的","0","2","2"
"相对应的十","0","2","2"
"的十一月冬","0","2","2"
"十一月冬至","0","2","2"
"下一个节气","0","2","2"
"余上加四百","0","2","2"
"和十一小分","0","2","2"
"分满气法则","0","2","2"
"满气法则减","0","2","2"
"气法则减去","0","2","2"
"法则减去气","0","2","2"
"则减去气法","0","2","2"
"减去气法并","0","2","2"
"去气法并在","0","2","2"
"气法并在小","0","2","2"
"法并在小余","0","2","2"
"纪法并在大","0","2","2"
"的方法就得","0","2","2"
"方法就得到","0","2","2"
"闰月的方法","0","2","2"
"将章岁减去","0","2","2"
"章岁减去闰","0","2","2"
"岁减去闰余","0","2","2"
"得到的差乘","0","2","2"
"到的差乘以","0","2","2"
"差乘以岁中","0","2","2"
"其积再除以","0","2","2"
"再除以章闰","0","2","2"
"再向外推算","0","2","2"
"二月的中气","0","2","2"
"限数一千零","0","2","2"
"再除以没法","0","2","2"
"用干支的名","0","2","2"
"干支的名称","0","2","2"
"支的名称对","0","2","2"
"的名称对应","0","2","2"
"没曰的干支","0","2","2"
"下一个没曰","0","2","2"
"为零时就是","0","2","2"
"零时就是灭","0","2","2"
"前土起作用","0","2","2"
"大余不够减","0","2","2"
"不够减时则","0","2","2"
"上加纪法后","0","2","2"
"加纪法后再","0","2","2"
"纪法后再减","0","2","2"
"小余乘以六","0","2","2"
"积日乘以纪","0","2","2"
"日乘以纪法","0","2","2"
"数再除以纪","0","2","2"
"到的商就是","0","2","2"
"从牛宿前五","0","2","2"
"牛宿前五度","0","2","2"
"一月朔日夜","0","2","2"
"月朔日夜半","0","2","2"
"的入宿度和","0","2","2"
"入宿度和分","0","2","2"
"经过斗宿时","0","2","2"
"过斗宿时则","0","2","2"
"在分上减去","0","2","2"
"分上减去斗","0","2","2"
"上减去斗分","0","2","2"
"就可得到与","0","2","2"
"可得到与周","0","2","2"
"得到与周正","0","2","2"
"到与周正对","0","2","2"
"小余乘以章","0","2","2"
"余乘以章岁","0","2","2"
"其商就是大","0","2","2"
"商就是大分","0","2","2"
"如满纪法则","0","2","2"
"月合朔时太","0","2","2"
"合朔时太阳","0","2","2"
"朔时太阳月","0","2","2"
"时太阳月亮","0","2","2"
"太阳月亮所","0","2","2"
"阳月亮所共","0","2","2"
"月亮所共有","0","2","2"
"亮所共有的","0","2","2"
"所共有的位","0","2","2"
"共有的位置","0","2","2"
"在度上加二","0","2","2"
"度上加二十","0","2","2"
"分满纪法则","0","2","2"
"法并在度上","0","2","2"
"并在度上加","0","2","2"
"在度上加一","0","2","2"
"推算弦望时","0","2","2"
"在合朔位置","0","2","2"
"合朔位置的","0","2","2"
"朔位置的度","0","2","2"
"位置的度上","0","2","2"
"置的度上加","0","2","2"
"分上加七百","0","2","2"
"减去通法在","0","2","2"
"减去纪法在","0","2","2"
"度数上进一","0","2","2"
"就得到上弦","0","2","2"
"得到上弦时","0","2","2"
"分上加三十","0","2","2"
"对太阳用纪","0","2","2"
"太阳用纪法","0","2","2"
"对月亮用月","0","2","2"
"月亮用月周","0","2","2"
"最接近的节","0","2","2"
"接近的节气","0","2","2"
"近的节气的","0","2","2"
"的节气的夜","0","2","2"
"节气的夜漏","0","2","2"
"气的夜漏刻","0","2","2"
"得满会通则","0","2","2"
"就是下一月","0","2","2"
"月与黄白交","0","2","2"
"小于朔望合","0","2","2"
"于朔望合数","0","2","2"
"大于入交限","0","2","2"
"于入交限数","0","2","2"
"朔日则发生","0","2","2"
"日则发生交","0","2","2"
"则发生交会","0","2","2"
"黄道南北的","0","2","2"
"会通的两倍","0","2","2"
"纪首合朔月","0","2","2"
"首合朔月亮","0","2","2"
"也在黄道南","0","2","2"
"也在黄道北","0","2","2"
"如果先发生","0","2","2"
"朔时月亮在","0","2","2"
"望时也在黄","0","2","2"
"时也在黄道","0","2","2"
"朔时在黄道","0","2","2"
"时在黄道北","0","2","2"
"望时在黄道","0","2","2"
"时在黄道南","0","2","2"
"交点在前月","0","2","2"
"点在前月会","0","2","2"
"在前月会合","0","2","2"
"前月会合在","0","2","2"
"月会合在前","0","2","2"
"会合在前黄","0","2","2"
"合在前黄白","0","2","2"
"相距的度数","0","2","2"
"亮在黄道以","0","2","2"
"交点在前日","0","2","2"
"点在前日月","0","2","2"
"从曰面的西","0","2","2"
"期的方法说","0","2","2"
"求的年份在","0","2","2"
"满通周则减","0","2","2"
"通周则减去","0","2","2"
"周则减去通","0","2","2"
"则减去通周","0","2","2"
"年与周正对","0","2","2"
"疾历中的期","0","2","2"
"在数上加一","0","2","2"
"余满法则减","0","2","2"
"满法则减去","0","2","2"
"满二十七则","0","2","2"
"二十七则减","0","2","2"
"十七则减去","0","2","2"
"七则减去二","0","2","2"
"则减去二十","0","2","2"
"减去二十七","0","2","2"
"去二十七并","0","2","2"
"二十七并在","0","2","2"
"将在迟疾历","0","2","2"
"疾历中的曰","0","2","2"
"日期的损益","0","2","2"
"期的损益率","0","2","2"
"月交会的时","0","2","2"
"交会的时间","0","2","2"
"会的时间在","0","2","2"
"定大小余的","0","2","2"
"率乘以在迟","0","2","2"
"乘以周曰余","0","2","2"
"与周度的小","0","2","2"
"周度的小分","0","2","2"
"度的小分合","0","2","2"
"的小分合并","0","2","2"
"的大小余上","0","2","2"
"小余乘以十","0","2","2"
"余乘以十二","0","2","2"
"其商就是时","0","2","2"
"商就是时辰","0","2","2"
"就是时辰数","0","2","2"
"发生时刻的","0","2","2"
"时刻的时辰","0","2","2"
"得到一就是","0","2","2"
"还有余数则","0","2","2"
"将其乘以三","0","2","2"
"法的一半时","0","2","2"
"强与少合并","0","2","2"
"半合并为半","0","2","2"
"合并为半强","0","2","2"
"强的是少弱","0","2","2"
"少合并为半","0","2","2"
"合并为半弱","0","2","2"
"合并为一辰","0","2","2"
"并为一辰弱","0","2","2"
"前后四天之","0","2","2"
"后四天之内","0","2","2"
"的小余乘以","0","2","2"
"满气法就得","0","2","2"
"气法就得到","0","2","2"
"中减去所得","0","2","2"
"从盘古开天","0","2","2"
"星都会聚在","0","2","2"
"乘以纪法就","0","2","2"
"将岁数乘以","0","2","2"
"余数就是月","0","2","2"
"数就是月余","0","2","2"
"其商为大余","0","2","2"
"将月余乘以","0","2","2"
"月余乘以通","0","2","2"
"余乘以通数","0","2","2"
"小余乘以合","0","2","2"
"余乘以合月","0","2","2"
"乘以合月法","0","2","2"
"商就是行星","0","2","2"
"就是行星度","0","2","2"
"是行星度数","0","2","2"
"一百九十九","0","2","2"
"到需推算的","0","2","2"
"合在前一年","0","2","2"
"则在前两年","0","2","2"
"推算五星发","0","2","2"
"算五星发生","0","2","2"
"发生合的月","0","2","2"
"生合的月份","0","2","2"
"月法则减去","0","2","2"
"减去合月法","0","2","2"
"去合月法并","0","2","2"
"合月法并在","0","2","2"
"求的年份所","0","2","2"
"的年份所在","0","2","2"
"余数就是入","0","2","2"
"起算并向外","0","2","2"
"算并向外推","0","2","2"
"发生合月份","0","2","2"
"月乘以通数","0","2","2"
"其商为积曰","0","2","2"
"余下的就是","0","2","2"
"下的就是大","0","2","2"
"的就是大余","0","2","2"
"干支名称与","0","2","2"
"就是五星合","0","2","2"
"就得到五星","0","2","2"
"的朔日开始","0","2","2"
"朔日开始对","0","2","2"
"日开始对应","0","2","2"
"将度分乘以","0","2","2"
"度分乘以周","0","2","2"
"分乘以周天","0","2","2"
"其商为度数","0","2","2"
"度开始对应","0","2","2"
"并向外推算","0","2","2"
"五星合时的","0","2","2"
"星合时的位","0","2","2"
"求下一次合","0","2","2"
"下一次合的","0","2","2"
"加上合月数","0","2","2"
"在月数上进","0","2","2"
"下一次合所","0","2","2"
"一次合所在","0","2","2"
"就可得到下","0","2","2"
"下次合在相","0","2","2"
"应月中的期","0","2","2"
"在日期上加","0","2","2"
"日期上加一","0","2","2"
"次合的位置","0","2","2"
"十六天九十","0","2","2"
"六天九十九","0","2","2"
"天九十九万","0","2","2"
"十九万七干","0","2","2"
"九万七干八","0","2","2"
"万七干八百","0","2","2"
"七干八百三","0","2","2"
"干八百三十","0","2","2"
"运行两度一","0","2","2"
"行两度一百","0","2","2"
"两度一百七","0","2","2"
"度一百七十","0","2","2"
"分之十一度","0","2","2"
"七天运行十","0","2","2"
"运行十一度","0","2","2"
"七天运行九","0","2","2"
"天运行九度","0","2","2"
"运行九度而","0","2","2"
"行七分之一","0","2","2"
"反向运行了","0","2","2"
"运行十一分","0","2","2"
"七十二天一","0","2","2"
"十二天一百","0","2","2"
"二天一百七","0","2","2"
"天一百七十","0","2","2"
"五十六度一","0","2","2"
"十六度一百","0","2","2"
"六度一百二","0","2","2"
"度一百二十","0","2","2"
"分之十四度","0","2","2"
"百八十四天","0","2","2"
"分运行了五","0","2","2"
"总计一终有","0","2","2"
"终有七百八","0","2","2"
"有七百八十","0","2","2"
"七百八十天","0","2","2"
"十九天三百","0","2","2"
"九天三百八","0","2","2"
"天三百八十","0","2","2"
"行了两度六","0","2","2"
"了两度六百","0","2","2"
"两度六百四","0","2","2"
"天运行一百","0","2","2"
"八十六天运","0","2","2"
"六天运行六","0","2","2"
"天运行六度","0","2","2"
"运行六度半","0","2","2"
"三十二天半","0","2","2"
"十二天半后","0","2","2"
"行十七分之","0","2","2"
"十七分之一","0","2","2"
"一百零二天","0","2","2"
"后早晨在东","0","2","2"
"每天运行五","0","2","2"
"天运行五分","0","2","2"
"运行五分之","0","2","2"
"行五分之三","0","2","2"
"五分之三度","0","2","2"
"七天后转为","0","2","2"
"天后转为顺","0","2","2"
"后转为顺行","0","2","2"
"天运行四十","0","2","2"
"运行四十五","0","2","2"
"四十五分之","0","2","2"
"十五分之三","0","2","2"
"五分之三十","0","2","2"
"分之三十三","0","2","2"
"之三十三度","0","2","2"
"三十三度而","0","2","2"
"行了一百零","0","2","2"
"运行一又九","0","2","2"
"行一又九十","0","2","2"
"一又九十一","0","2","2"
"又九十一分","0","2","2"
"九十一分之","0","2","2"
"十一分之二","0","2","2"
"一分之二十","0","2","2"
"分之二十一","0","2","2"
"之二十一度","0","2","2"
"十一天中运","0","2","2"
"一天中运行","0","2","2"
"四十二天十","0","2","2"
"十二天十九","0","2","2"
"二天十九万","0","2","2"
"天十九万四","0","2","2"
"行了五十二","0","2","2"
"了五十二度","0","2","2"
"而又与太阳","0","2","2"
"有二百九十","0","2","2"
"行的度数与","0","2","2"
"黄昏时与太","0","2","2"
"昏时与太阳","0","2","2"
"分后黄昏时","0","2","2"
"时在西方出","0","2","2"
"十二度而依","0","2","2"
"二度而依然","0","2","2"
"运行一百零","0","2","2"
"行一百零五","0","2","2"
"百零五度后","0","2","2"
"天中运行三","0","2","2"
"运行三十三","0","2","2"
"天后转为逆","0","2","2"
"又经过一合","0","2","2"
"经过一合而","0","2","2"
"过一合而完","0","2","2"
"一合而完成","0","2","2"
"合而完成一","0","2","2"
"而完成一终","0","2","2"
"数值与此相","0","2","2"
"在太阳的西","0","2","2"
"太阳的西方","0","2","2"
"一天后转为","0","2","2"
"每天运行八","0","2","2"
"天运行八分","0","2","2"
"运行八分之","0","2","2"
"行八分之七","0","2","2"
"八分之七度","0","2","2"
"八天运行七","0","2","2"
"运行七度而","0","2","2"
"行一又十八","0","2","2"
"一又十八分","0","2","2"
"又十八分之","0","2","2"
"十八分之四","0","2","2"
"八分之四度","0","2","2"
"十八天运行","0","2","2"
"八天运行二","0","2","2"
"运行二十二","0","2","2"
"时在东方观","0","2","2"
"八天二千零","0","2","2"
"天二千零三","0","2","2"
"六度二千零","0","2","2"
"度二千零三","0","2","2"
"六十一分后","0","2","2"
"一合有五十","0","2","2"
"合有五十七","0","2","2"
"有五十七天","0","2","2"
"运行度数与","0","2","2"
"行度数与此","0","2","2"
"此数值相等","0","2","2"
"黄昏时出现","0","2","2"
"星合时的日","0","2","2"
"合时的日期","0","2","2"
"时的日期和","0","2","2"
"的日期和余","0","2","2"
"的度数和余","0","2","2"
"和余分别加","0","2","2"
"的天数和余","0","2","2"
"余满度法则","0","2","2"
"此前的数据","0","2","2"
"时则不列出","0","2","2"
"包含的天数","0","2","2"
"乘以木星的","0","2","2"
"以木星的曰","0","2","2"
"木星的曰度","0","2","2"
"星的曰度法","0","2","2"
"再除以周天","0","2","2"
"除以周天就","0","2","2"
"以周天就可","0","2","2"
"周天就可得","0","2","2"
"天就可得到","0","2","2"
"直到吴国灭","0","2","2"
"到吴国灭亡","0","2","2"
"与水行相应","0","2","2"
"与五行相应","0","2","2"
"代与火行相","0","2","2"
"与火行相应","0","2","2"
"什么意思呢","0","2","2"
"土为赤帝子","0","2","2"
"没有根据的","0","2","2"
"制定了新的","0","2","2"
"制定历法的","0","2","2"
"黄昏时大火","0","2","2"
"昏时大火星","0","2","2"
"时大火星在","0","2","2"
"大火星在正","0","2","2"
"火星在正南","0","2","2"
"尧时的冬至","0","2","2"
"时的冬至太","0","2","2"
"用观察月食","0","2","2"
"观察月食的","0","2","2"
"察月食的方","0","2","2"
"现在的冬至","0","2","2"
"太阳应在斗","0","2","2"
"阳应在斗宿","0","2","2"
"测量表影长","0","2","2"
"量表影长度","0","2","2"
"至太阳在斗","0","2","2"
"数据都不能","0","2","2"
"有什么可说","0","2","2"
"什么可说的","0","2","2"
"月亮运行有","0","2","2"
"中还有一些","0","2","2"
"史令钱乐之","0","2","2"
"领国子博士","0","2","2"
"何承天上表","0","2","2"
"月十六曰望","0","2","2"
"望时观测月","0","2","2"
"时观测月食","0","2","2"
"初时开始食","0","2","2"
"月亮与太阳","0","2","2"
"亮与太阳位","0","2","2"
"位置相对来","0","2","2"
"这天太阳应","0","2","2"
"天太阳应在","0","2","2"
"太阳应在牛","0","2","2"
"阳应在牛宿","0","2","2"
"应在牛宿六","0","2","2"
"在井宿三十","0","2","2"
"用曰月位置","0","2","2"
"曰月位置相","0","2","2"
"五月十五曰","0","2","2"
"曰望观测月","0","2","2"
"的发生时间","0","2","2"
"月亮在斗宿","0","2","2"
"太阳在井宿","0","2","2"
"阳在井宿二","0","2","2"
"十五分之十","0","2","2"
"与月亮相对","0","2","2"
"的太阳位置","0","2","2"
"与何承天所","0","2","2"
"何承天所上","0","2","2"
"承天所上表","0","2","2"
"天所上表中","0","2","2"
"所上表中相","0","2","2"
"上表中相同","0","2","2"
"日的表影最","0","2","2"
"用月食来检","0","2","2"
"食来检测太","0","2","2"
"来检测太阳","0","2","2"
"都确定大小","0","2","2"
"旧有的方法","0","2","2"
"再向外推一","0","2","2"
"万一千零三","0","2","2"
"一千零三十","0","2","2"
"二万零七百","0","2","2"
"需求年份的","0","2","2"
"取需求年份","0","2","2"
"其乘以章月","0","2","2"
"商就是积曰","0","2","2"
"将其与干支","0","2","2"
"其与干支名","0","2","2"
"所求年份的","0","2","2"
"小余上加三","0","2","2"
"余上加三百","0","2","2"
"得到下一月","0","2","2"
"则该月月大","0","2","2"
"在朔大余上","0","2","2"
"朔大余上加","0","2","2"
"小分满四则","0","2","2"
"分满四则减","0","2","2"
"满四则减去","0","2","2"
"四则减去四","0","2","2"
"法再加就得","0","2","2"
"再加就得到","0","2","2"
"加就得到望","0","2","2"
"取需求的年","0","2","2"
"求下一节气","0","2","2"
"和前面所述","0","2","2"
"前面所述同","0","2","2"
"面所述同样","0","2","2"
"所述同样处","0","2","2"
"述同样处理","0","2","2"
"同样处理就","0","2","2"
"样处理就得","0","2","2"
"处理就得到","0","2","2"
"理就得到雨","0","2","2"
"就得到雨水","0","2","2"
"求下一个没","0","2","2"
"在大余上减","0","2","2"
"支名称与其","0","2","2"
"名称与其对","0","2","2"
"称与其对应","0","2","2"
"够减时可在","0","2","2"
"减时可在大","0","2","2"
"时可在大余","0","2","2"
"可在大余上","0","2","2"
"求土起作用","0","2","2"
"推算太阳位","0","2","2"
"算太阳位置","0","2","2"
"商就是积度","0","2","2"
"度从室宿二","0","2","2"
"宿则减去其","0","2","2"
"则减去其宿","0","2","2"
"减去其宿度","0","2","2"
"最后得到不","0","2","2"
"后得到不满","0","2","2"
"得到不满一","0","2","2"
"到不满一宿","0","2","2"
"不满一宿的","0","2","2"
"满一宿的值","0","2","2"
"将该宿算在","0","2","2"
"该宿算在内","0","2","2"
"就是正月朔","0","2","2"
"是正月朔夜","0","2","2"
"太阳所在位","0","2","2"
"阳所在位置","0","2","2"
"的度分数了","0","2","2"
"经过室宿时","0","2","2"
"过室宿时需","0","2","2"
"室宿时需减","0","2","2"
"时需减去度","0","2","2"
"需减去度分","0","2","2"
"度数上加二","0","2","2"
"数上加二十","0","2","2"
"上加二十二","0","2","2"
"分上加一百","0","2","2"
"上加三十五","0","2","2"
"分上加二百","0","2","2"
"分满度法则","0","2","2"
"月亮运行的","0","2","2"
"加上相应的","0","2","2"
"点相距的分","0","2","2"
"相距的分数","0","2","2"
"应日期的方","0","2","2"
"所得余数再","0","2","2"
"得余数再除","0","2","2"
"疾历中的日","0","2","2"
"一天就是需","0","2","2"
"天就是需求","0","2","2"
"就是需求年","0","2","2"
"是需求年份","0","2","2"
"需求年份正","0","2","2"
"求年份正月","0","2","2"
"曰数上加一","0","2","2"
"曰数上加十","0","2","2"
"并在曰数上","0","2","2"
"并在日余上","0","2","2"
"历中日期的","0","2","2"
"益率乘以曰","0","2","2"
"率乘以曰余","0","2","2"
"按盈减缩加","0","2","2"
"就得到定小","0","2","2"
"得到定小余","0","2","2"
"月食发生时","0","2","2"
"乘以一百刻","0","2","2"
"限数作为观","0","2","2"
"数作为观察","0","2","2"
"作为观察标","0","2","2"
"为观察标准","0","2","2"
"将朔日夜半","0","2","2"
"年癸未岁包","0","2","2"
"癸未岁包括","0","2","2"
"未岁包括该","0","2","2"
"岁包括该年","0","2","2"
"包括该年有","0","2","2"
"余数为度余","0","2","2"
"行星合时位","0","2","2"
"合时位置的","0","2","2"
"对应并外推","0","2","2"
"应并外推一","0","2","2"
"并外推一天","0","2","2"
"将行星合时","0","2","2"
"合后观察不","0","2","2"
"后观察不到","0","2","2"
"及余木星的","0","2","2"
"余木星的相","0","2","2"
"星的相应值","0","2","2"
"的相应值是","0","2","2"
"应就得到行","0","2","2"
"就得到行星","0","2","2"
"在度上进一","0","2","2"
"有十六天和","0","2","2"
"行了二十度","0","2","2"
"方不出现了","0","2","2"
"及余与开始","0","2","2"
"余与开始时","0","2","2"
"九十八天和","0","2","2"
"三十三度和","0","2","2"
"十三度和度","0","2","2"
"三度和度余","0","2","2"
"十一天和日","0","2","2"
"一天和日余","0","2","2"
"行七分之五","0","2","2"
"七分之五度","0","2","2"
"运行了七十","0","2","2"
"天和日余四","0","2","2"
"和日余四万","0","2","2"
"一十四度和","0","2","2"
"实际位置移","0","2","2"
"际位置移动","0","2","2"
"位置移动了","0","2","2"
"十八天和曰","0","2","2"
"八天和曰余","0","2","2"
"行了两度和","0","2","2"
"了两度和度","0","2","2"
"两度和度余","0","2","2"
"太阳相距十","0","2","2"
"八十四天运","0","2","2"
"十四天运行","0","2","2"
"四天运行七","0","2","2"
"天而转为逆","0","2","2"
"而转为逆行","0","2","2"
"七十八天和","0","2","2"
"了十二度和","0","2","2"
"十二度和度","0","2","2"
"二度和度余","0","2","2"
"十一天和曰","0","2","2"
"一天和曰余","0","2","2"
"一度和度余","0","2","2"
"行一又十三","0","2","2"
"一又十三分","0","2","2"
"又十三分之","0","2","2"
"三分之二度","0","2","2"
"每天运行三","0","2","2"
"天运行三分","0","2","2"
"清晨出现在","0","2","2"
"晨出现在东","0","2","2"
"一终有五百","0","2","2"
"终有五百八","0","2","2"
"百八十三天","0","2","2"
"八十三天和","0","2","2"
"十三天和曰","0","2","2"
"三天和曰余","0","2","2"
"了二百一十","0","2","2"
"一十八度和","0","2","2"
"十八度和度","0","2","2"
"八度和度余","0","2","2"
"百九十一天","0","2","2"
"九十一天和","0","2","2"
"四万九干六","0","2","2"
"万九干六百","0","2","2"
"有十七天和","0","2","2"
"七天和余七","0","2","2"
"天和余七万","0","2","2"
"和余七万一","0","2","2"
"十八天中运","0","2","2"
"八天中运行","0","2","2"
"行了二十四","0","2","2"
"了二十四度","0","2","2"
"观察不到了","0","2","2"
"在十一天中","0","2","2"
"一终有一百","0","2","2"
"终有一百一","0","2","2"
"一十五天和","0","2","2"
"运行度数也","0","2","2"
"行度数也与","0","2","2"
"度数也与该","0","2","2"
"数也与该数","0","2","2"
"也与该数值","0","2","2"
"与该数值相","0","2","2"
"该数值相同","0","2","2"
"五十七天和","0","2","2"
"运行快慢的","0","2","2"
"三天多而移","0","2","2"
"天多而移向","0","2","2"
"多而移向黄","0","2","2"
"而移向黄道","0","2","2"
"推算在阴阳","0","2","2"
"算在阴阳历","0","2","2"
"阴阳历中相","0","2","2"
"阳历中相应","0","2","2"
"除以微分法","0","2","2"
"其商为大分","0","2","2"
"所得到的商","0","2","2"
"外推算一天","0","2","2"
"推算一天就","0","2","2"
"曰数满十三","0","2","2"
"再除以差法","0","2","2"
"除以通法就","0","2","2"
"以通法就得","0","2","2"
"的原则将其","0","2","2"
"历中的日余","0","2","2"
"减去或加上","0","2","2"
"益率乘以定","0","2","2"
"再除以月周","0","2","2"
"在兼数上减","0","2","2"
"上减去或增","0","2","2"
"减去或增加","0","2","2"
"历中的相应","0","2","2"
"朔日夜半在","0","2","2"
"日数上加一","0","2","2"
"在余上加一","0","2","2"
"求月亮与黄","0","2","2"
"亮与黄道的","0","2","2"
"与黄道的角","0","2","2"
"黄道的角距","0","2","2"
"道的角距离","0","2","2"
"余数除以三","0","2","2"
"得一者为少","0","2","2"
"就得到月亮","0","2","2"
"月亮的位置","0","2","2"
"五大行星的","0","2","2"
"出现日期的","0","2","2"
"实际天象不","0","2","2"
"际天象不符","0","2","2"
"以前历法中","0","2","2"
"左边五十多","0","2","2"
"边五十多度","0","2","2"
"太阳在牛宿","0","2","2"
"元时太阳位","0","2","2"
"作为起始点","0","2","2"
"交会和月行","0","2","2"
"会和月行迟","0","2","2"
"和月行迟疾","0","2","2"
"迟疾的推算","0","2","2"
"月五星的运","0","2","2"
"表影长度的","0","2","2"
"影长度的变","0","2","2"
"长度的变化","0","2","2"
"不是荒谬的","0","2","2"
"取从上元以","0","2","2"
"从上元以来","0","2","2"
"上元以来的","0","2","2"
"元以来的年","0","2","2"
"以来的年数","0","2","2"
"满六十则减","0","2","2"
"数就是小余","0","2","2"
"法在曰数上","0","2","2"
"算一度就是","0","2","2"
"度数上加三","0","2","2"
"数上加三十","0","2","2"
"则减去虚宿","0","2","2"
"减去虚宿的","0","2","2"
"去虚宿的度","0","2","2"
"虚宿的度分","0","2","2"
"宿的度分数","0","2","2"
"在行分上减","0","2","2"
"小分上减一","0","2","2"
"分上减一百","0","2","2"
"上减一百四","0","2","2"
"减一百四十","0","2","2"
"求月亮位置","0","2","2"
"月则在度数","0","2","2"
"则在度数上","0","2","2"
"万七干九百","0","2","2"
"七干九百六","0","2","2"
"干九百六十","0","2","2"
"数上大月加","0","2","2"
"上大月加二","0","2","2"
"且曰余满一","0","2","2"
"曰余满一万","0","2","2"
"余上分别减","0","2","2"
"上分别减去","0","2","2"
"减去相应的","0","2","2"
"在盈缩积分","0","2","2"
"盈缩积分上","0","2","2"
"缩积分上减","0","2","2"
"历结束则进","0","2","2"
"结束则进入","0","2","2"
"百零六则减","0","2","2"
"零六则减去","0","2","2"
"则减去六百","0","2","2"
"减去六百零","0","2","2"
"去六百零六","0","2","2"
"余满通法则","0","2","2"
"历中对应的","0","2","2"
"中对应的日","0","2","2"
"对应的日期","0","2","2"
"益率乘以在","0","2","2"
"始对应并向","0","2","2"
"二千三百零","0","2","2"
"在相应年中","0","2","2"
"相应年中的","0","2","2"
"应年中的曰","0","2","2"
"年中的曰数","0","2","2"
"行星发生合","0","2","2"
"发生合的日","0","2","2"
"生合的日期","0","2","2"
"虚宿一度开","0","2","2"
"宿一度开始","0","2","2"
"星运行情况","0","2","2"
"行星所行的","0","2","2"
"星所行的分","0","2","2"
"所行的分数","0","2","2"
"天和日余一","0","2","2"
"晨出现于东","0","2","2"
"十天后逆行","0","2","2"
"后经过的天","0","2","2"
"度数及余都","0","2","2"
"数及余都与","0","2","2"
"及余都与开","0","2","2"
"余都与开始","0","2","2"
"都与开始时","0","2","2"
"度余一万九","0","2","2"
"每天运行两","0","2","2"
"天运行两分","0","2","2"
"共八十四天","0","2","2"
"曰余三万八","0","2","2"
"时出现于西","0","2","2"
"度而清晨在","0","2","2"
"时在东方不","0","2","2"
"在东方不出","0","2","2"
"东方不出现","0","2","2"
"行的度数也","0","2","2"
"的度数也相","0","2","2"
"度数也相同","0","2","2"
"行的度数值","0","2","2"
"天和日余三","0","2","2"
"和日余三万","0","2","2"
"运行二十分","0","2","2"
"八天后退八","0","2","2"
"天后退八度","0","2","2"
"后退八度而","0","2","2"
"运行一度六","0","2","2"
"共二十三天","0","2","2"
"五大行星都","0","2","2"
"高明的见识","0","2","2"
"冬至点都在","0","2","2"
"至点都在建","0","2","2"
"点都在建星","0","2","2"
"都在建星附","0","2","2"
"战国时十分","0","2","2"
"国时十分混","0","2","2"
"时十分混乱","0","2","2"
"史官失去了","0","2","2"
"官失去了历","0","2","2"
"失去了历法","0","2","2"
"去了历法标","0","2","2"
"了历法标准","0","2","2"
"到汉初仍然","0","2","2"
"汉初仍然对","0","2","2"
"初仍然对观","0","2","2"
"仍然对观察","0","2","2"
"然对观察天","0","2","2"
"对观察天象","0","2","2"
"观察天象不","0","2","2"
"察天象不很","0","2","2"
"天象不很了","0","2","2"
"象不很了解","0","2","2"
"元和年间所","0","2","2"
"的冬至点位","0","2","2"
"至点位置就","0","2","2"
"点位置就与","0","2","2"
"位置就与古","0","2","2"
"置就与古历","0","2","2"
"就与古历是","0","2","2"
"与古历是相","0","2","2"
"古历是相符","0","2","2"
"历是相符的","0","2","2"
"中说白昼短","0","2","2"
"时昴星在正","0","2","2"
"定冬季中间","0","2","2"
"冬季中间的","0","2","2"
"季中间的一","0","2","2"
"中间的一个","0","2","2"
"间的一个月","0","2","2"
"时冬至太阳","0","2","2"
"太阳运行的","0","2","2"
"取的方法所","0","2","2"
"的方法所得","0","2","2"
"方法所得位","0","2","2"
"法所得位置","0","2","2"
"所得位置几","0","2","2"
"得位置几乎","0","2","2"
"位置几乎相","0","2","2"
"置几乎相差","0","2","2"
"经过四十五","0","2","2"
"过四十五年","0","2","2"
"十五年九个","0","2","2"
"五年九个月","0","2","2"
"年九个月就","0","2","2"
"九个月就要","0","2","2"
"个月就要移","0","2","2"
"月就要移动","0","2","2"
"就要移动一","0","2","2"
"要移动一度","0","2","2"
"中七月流火","0","2","2"
"是相应于夏","0","2","2"
"相应于夏正","0","2","2"
"应于夏正建","0","2","2"
"于夏正建申","0","2","2"
"是对应于小","0","2","2"
"对应于小雪","0","2","2"
"应于小雪的","0","2","2"
"于小雪的时","0","2","2"
"小雪的时节","0","2","2"
"大火星偏西","0","2","2"
"影长一尺五","0","2","2"
"如果像祖冲","0","2","2"
"果像祖冲之","0","2","2"
"像祖冲之的","0","2","2"
"祖冲之的错","0","2","2"
"冲之的错误","0","2","2"
"之的错误那","0","2","2"
"的错误那样","0","2","2"
"错误那样就","0","2","2"
"误那样就会","0","2","2"
"那样就会出","0","2","2"
"样就会出现","0","2","2"
"就会出现星","0","2","2"
"会出现星所","0","2","2"
"出现星所在","0","2","2"
"星次要发生","0","2","2"
"次要发生变","0","2","2"
"要发生变化","0","2","2"
"存在不同的","0","2","2"
"在不同的方","0","2","2"
"不同的方位","0","2","2"
"说虚宿位于","0","2","2"
"虚宿位于北","0","2","2"
"宿位于北方","0","2","2"
"位于北方各","0","2","2"
"于北方各宿","0","2","2"
"来辨别方向","0","2","2"
"在何处呢?","0","2","2"
"上元在辛卯","0","2","2"
"元在辛卯年","0","2","2"
"曰月的运动","0","2","2"
"月的运动并","0","2","2"
"的运动并未","0","2","2"
"运动并未越","0","2","2"
"动并未越轨","0","2","2"
"四季也未出","0","2","2"
"季也未出现","0","2","2"
"也未出现差","0","2","2"
"未出现差错","0","2","2"
"黑夜也没有","0","2","2"
"夜也没有偏","0","2","2"
"也没有偏差","0","2","2"
"没有偏差而","0","2","2"
"有偏差而出","0","2","2"
"偏差而出现","0","2","2"
"差而出现光","0","2","2"
"而出现光亮","0","2","2"
"朔日并未出","0","2","2"
"日并未出现","0","2","2"
"并未出现不","0","2","2"
"未出现不同","0","2","2"
"出现不同的","0","2","2"
"现不同的天","0","2","2"
"不同的天象","0","2","2"
"祖冲之草率","0","2","2"
"冲之草率地","0","2","2"
"之草率地选","0","2","2"
"草率地选取","0","2","2"
"率地选取甲","0","2","2"
"地选取甲子","0","2","2"
"选取甲子年","0","2","2"
"取甲子年可","0","2","2"
"而对天象提","0","2","2"
"对天象提出","0","2","2"
"天象提出要","0","2","2"
"象提出要求","0","2","2"
"岁星位于轸","0","2","2"
"星位于轸宿","0","2","2"
"出现了超七","0","2","2"
"现了超七辰","0","2","2"
"了超七辰的","0","2","2"
"超七辰的情","0","2","2"
"七辰的情况","0","2","2"
"纪的开始就","0","2","2"
"的开始就设","0","2","2"
"开始就设置","0","2","2"
"相应的差值","0","2","2"
"除此以外又","0","2","2"
"此以外又设","0","2","2"
"以外又设置","0","2","2"
"外又设置了","0","2","2"
"又设置了后","0","2","2"
"设置了后设","0","2","2"
"置了后设历","0","2","2"
"了后设历元","0","2","2"
"这都是为了","0","2","2"
"都是为了在","0","2","2"
"是为了在实","0","2","2"
"为了在实际","0","2","2"
"了在实际运","0","2","2"
"在实际运用","0","2","2"
"实际运用中","0","2","2"
"际运用中节","0","2","2"
"运用中节省","0","2","2"
"用中节省精","0","2","2"
"中节省精力","0","2","2"
"不进行麻烦","0","2","2"
"进行麻烦的","0","2","2"
"行麻烦的虚","0","2","2"
"麻烦的虚浮","0","2","2"
"烦的虚浮推","0","2","2"
"的虚浮推算","0","2","2"
"祖冲之既违","0","2","2"
"冲之既违背","0","2","2"
"之既违背天","0","2","2"
"既违背天象","0","2","2"
"违背天象作","0","2","2"
"背天象作了","0","2","2"
"天象作了改","0","2","2"
"象作了改变","0","2","2"
"又随心所欲","0","2","2"
"随心所欲地","0","2","2"
"心所欲地建","0","2","2"
"所欲地建立","0","2","2"
"欲地建立规","0","2","2"
"地建立规定","0","2","2"
"我以为是制","0","2","2"
"历法的大过","0","2","2"
"法的大过错","0","2","2"
"太阳有八种","0","2","2"
"阳有八种运","0","2","2"
"有八种运动","0","2","2"
"时反而超前","0","2","2"
"反而超前了","0","2","2"
"是我历法中","0","2","2"
"历法中冬至","0","2","2"
"可疑的第一","0","2","2"
"疑的第一个","0","2","2"
"的第一个证","0","2","2"
"第一个证据","0","2","2"
"用时间长了","0","2","2"
"经过三百年","0","2","2"
"不会相差太","0","2","2"
"在黄昏时位","0","2","2"
"于正南方天","0","2","2"
"并不是没有","0","2","2"
"相差到半个","0","2","2"
"差到半个星","0","2","2"
"到半个星次","0","2","2"
"类似的情况","0","2","2"
"夜发生了月","0","2","2"
"夜发生月全","0","2","2"
"太阳在柳宿","0","2","2"
"在元嘉二十","0","2","2"
"这是显而易","0","2","2"
"定之方中是","0","2","2"
"说我的历法","0","2","2"
"我的历法推","0","2","2"
"的历法推算","0","2","2"
"黄昏时在正","0","2","2"
"昏时在正南","0","2","2"
"时在正南方","0","2","2"
"明确的文字","0","2","2"
"确的文字记","0","2","2"
"记述作为依","0","2","2"
"述作为依据","0","2","2"
"时代的不同","0","2","2"
"在哪裹呢?","0","2","2"
"确定节令的","0","2","2"
"易行的方法","0","2","2"
"是很明显的","0","2","2"
"中所说的四","0","2","2"
"这种情况了","0","2","2"
"交节气的时","0","2","2"
"节气的时刻","0","2","2"
"一丈零七寸","0","2","2"
"都是相同的","0","2","2"
"就应当依照","0","2","2"
"有一千多年","0","2","2"
"子曾经说过","0","2","2"
"是我所不能","0","2","2"
"可以知道有","0","2","2"
"以前的历法","0","2","2"
"符合的地方","0","2","2"
"到明确的证","0","2","2"
"所不能接受","0","2","2"
"不能接受的","0","2","2"
"不同的看法","0","2","2"
"古代的东西","0","2","2"
"改用新的历","0","2","2"
"用新的历法","0","2","2"
"经过的地方","0","2","2"
"各州刺史及","0","2","2"
"州刺史及俸","0","2","2"
"刺史及俸禄","0","2","2"
"二千石的长","0","2","2"
"千石的长吏","0","2","2"
"向皇帝陈述","0","2","2"
"自己的谋划","0","2","2"
"有这样的话","0","2","2"
"各方邦有关","0","2","2"
"有天子巡视","0","2","2"
"巡视四方的","0","2","2"
"诸侯觐见天","0","2","2"
"侯觐见天子","0","2","2"
"见天子的礼","0","2","2"
"天子的礼仪","0","2","2"
"二月乙卯曰","0","2","2"
"到东境巡视","0","2","2"
"拜谒先帝陵","0","2","2"
"官曹关知某","0","2","2"
"曹关知某某","0","2","2"
"关知某某事","0","2","2"
"通常的程式","0","2","2"
"某年某月某","0","2","2"
"年某月某曰","0","2","2"
"程式规定在","0","2","2"
"官及尚书官","0","2","2"
"及尚书官署","0","2","2"
"部门的官员","0","2","2"
"陈述的告报","0","2","2"
"详细检核内","0","2","2"
"细检核内容","0","2","2"
"检核内容相","0","2","2"
"核内容相符","0","2","2"
"准许依所上","0","2","2"
"尚书令某甲","0","2","2"
"书令某甲卜","0","2","2"
"称尚书仆射","0","2","2"
"依照旧例遵","0","2","2"
"照旧例遵奉","0","2","2"
"旧例遵奉施","0","2","2"
"例遵奉施行","0","2","2"
"就席后宣读","0","2","2"
"席后宣读完","0","2","2"
"后宣读完毕","0","2","2"
"皇帝便赏赐","0","2","2"
"帝便赏赐给","0","2","2"
"便赏赐给一","0","2","2"
"赏赐给一卮","0","2","2"
"赐给一卮酒","0","2","2"
"给一卮酒．","0","2","2"
"一卮酒．官","0","2","2"
"卮酒．官员","0","2","2"
"酒．官员有","0","2","2"
"．官员有月","0","2","2"
"官员有月令","0","2","2"
"员有月令注","0","2","2"
"扣五年六月","0","2","2"
"奏请宣读秋","0","2","2"
"请宣读秋季","0","2","2"
"宣读秋季月","0","2","2"
"读秋季月令","0","2","2"
"华恒议论说","0","2","2"
"主事官员一","0","2","2"
"事官员一奏","0","2","2"
"博士曹弘之","0","2","2"
"代才出现的","0","2","2"
"暑的节令已","0","2","2"
"的节令已经","0","2","2"
"节令已经临","0","2","2"
"令已经临近","0","2","2"
"自己的意见","0","2","2"
"也没有记载","0","2","2"
"戴冠的人所","0","2","2"
"冠的人所使","0","2","2"
"的人所使用","0","2","2"
"我们敬谨地","0","2","2"
"的颜色不能","0","2","2"
"生下两个女","0","2","2"
"民间以为这","0","2","2"
"间以为这是","0","2","2"
"以为这是最","0","2","2"
"为这是最大","0","2","2"
"这是最大的","0","2","2"
"是最大的忌","0","2","2"
"最大的忌讳","0","2","2"
"现在三月上","0","2","2"
"三月上旬的","0","2","2"
"月上旬的巳","0","2","2"
"十五次举哀","0","2","2"
"事完毕之后","0","2","2"
"丞相的职位","0","2","2"
"自己父亲的","0","2","2"
"样守丧三年","0","2","2"
"为母亲守丧","0","2","2"
"母亲守丧三","0","2","2"
"亲守丧三年","0","2","2"
"上的官员都","0","2","2"
"举行一次吊","0","2","2"
"行一次吊祭","0","2","2"
"让自己的儿","0","2","2"
"奉行守丧三","0","2","2"
"行守丧三年","0","2","2"
"三年守丧的","0","2","2"
"年守丧的制","0","2","2"
"的官员告假","0","2","2"
"官员告假回","0","2","2"
"员告假回家","0","2","2"
"史俸禄二千","0","2","2"
"二千石的官","0","2","2"
"千石的官员","0","2","2"
"年间的旧制","0","2","2"
"天下还没有","0","2","2"
"是率领军队","0","2","2"
"魏武帝在正","0","2","2"
"武帝在正月","0","2","2"
"超过一个月","0","2","2"
"三日便除去","0","2","2"
"日便除去丧","0","2","2"
"遵循汉朝及","0","2","2"
"循汉朝及曹","0","2","2"
"他便除去丧","0","2","2"
"穿深衣戴白","0","2","2"
"撤除宴席减","0","2","2"
"除宴席减省","0","2","2"
"宴席减省膳","0","2","2"
"席减省膳食","0","2","2"
"我们认为应","0","2","2"
"依循旧有的","0","2","2"
"司马孚等人","0","2","2"
"战争还没有","0","2","2"
"还没有结束","0","2","2"
"还没有停止","0","2","2"
"怎么办啊怎","0","2","2"
"么办啊怎么","0","2","2"
"办啊怎么办","0","2","2"
"通行的礼制","0","2","2"
"晋武帝便依","0","2","2"
"武帝便依据","0","2","2"
"帝便依据礼","0","2","2"
"便依据礼制","0","2","2"
"依据礼制守","0","2","2"
"据礼制守丧","0","2","2"
"礼制守丧三","0","2","2"
"制守丧三年","0","2","2"
"先帝的陵墓","0","2","2"
"虽然除去了","0","2","2"
"然除去了衰","0","2","2"
"议论后认为","0","2","2"
"帝又下诏书","0","2","2"
"现在就应该","0","2","2"
"上奏的那样","0","2","2"
"可以没有丧","0","2","2"
"以没有丧服","0","2","2"
"当时的需要","0","2","2"
"丧服而臣下","0","2","2"
"皇太后逝世","0","2","2"
"在四月二十","0","2","2"
"后举行虞祭","0","2","2"
"完毕便除去","0","2","2"
"毕便除去丧","0","2","2"
"安葬完毕便","0","2","2"
"葬完毕便除","0","2","2"
"将军以下的","0","2","2"
"的母亲去世","0","2","2"
"当依照旧例","0","2","2"
"凶庐守丧的","0","2","2"
"庐守丧的制","0","2","2"
"三纲的道德","0","2","2"
"君臣之间的","0","2","2"
"杨皇后逝世","0","2","2"
"祭礼完毕之","0","2","2"
"礼完毕之后","0","2","2"
"自从汉文帝","0","2","2"
"武帝逝世时","0","2","2"
"以一周年为","0","2","2"
"帝下诏令同","0","2","2"
"下诏令同意","0","2","2"
"太后依丧制","0","2","2"
"后依丧制行","0","2","2"
"依丧制行服","0","2","2"
"丧制行服丧","0","2","2"
"制行服丧三","0","2","2"
"行服丧三年","0","2","2"
"皇太孙司马","0","2","2"
"为嫡孙的丧","0","2","2"
"嫡孙的丧服","0","2","2"
"天子尊高的","0","2","2"
"行成人的丧","0","2","2"
"这是前所未","0","2","2"
"的周年忌日","0","2","2"
"服丧一年之","0","2","2"
"的丧礼制度","0","2","2"
"丈夫是属于","0","2","2"
"尊敬尊长的","0","2","2"
"既然称为夫","0","2","2"
"然称为夫人","0","2","2"
"按礼制服丧","0","2","2"
"这是依从了","0","2","2"
"作为祖母后","0","2","2"
"元皇后逝世","0","2","2"
"书裹没有明","0","2","2"
"裹没有明文","0","2","2"
"变更衣服除","0","2","2"
"更衣服除去","0","2","2"
"衣服除去丧","0","2","2"
"服除去丧服","0","2","2"
"以此作为永","0","2","2"
"此作为永久","0","2","2"
"为永久的制","0","2","2"
"永久的制度","0","2","2"
"服鳃麻之丧","0","2","2"
"三个月服丧","0","2","2"
"个月服丧完","0","2","2"
"月服丧完毕","0","2","2"
"不知道是不","0","2","2"
"知道是不是","0","2","2"
"送葬的日子","0","2","2"
"皇后行心丧","0","2","2"
"后行心丧礼","0","2","2"
"返穿没有公","0","2","2"
"穿没有公除","0","2","2"
"没有公除时","0","2","2"
"有公除时的","0","2","2"
"公除时的丧","0","2","2"
"除时的丧服","0","2","2"
"知道当今的","0","2","2"
"当今的皇后","0","2","2"
"皇后心丧礼","0","2","2"
"后心丧礼完","0","2","2"
"丧礼完毕的","0","2","2"
"我认为皇上","0","2","2"
"认为皇上服","0","2","2"
"皇上服鳃麻","0","2","2"
"上服鳃麻丧","0","2","2"
"皇后服丧一","0","2","2"
"除去丧服之","0","2","2"
"去丧服之后","0","2","2"
"返穿齐衰丧","0","2","2"
"穿齐衰丧服","0","2","2"
"在服丧一年","0","2","2"
"我认为皇后","0","2","2"
"太常丞朱膺","0","2","2"
"常丞朱膺之","0","2","2"
"之的议论相","0","2","2"
"就应该依礼","0","2","2"
"周景远议论","0","2","2"
"景远议论说","0","2","2"
"心丧礼三年","0","2","2"
"二年二月的","0","2","2"
"二月的最后","0","2","2"
"月的最后一","0","2","2"
"的最后一天","0","2","2"
"嘉十九年的","0","2","2"
"二十五个月","0","2","2"
"便参与吉祭","0","2","2"
"白色的丧服","0","2","2"
"晋孝武帝左","0","2","2"
"孝武帝左五","0","2","2"
"武帝左五十","0","2","2"
"以儿子的显","0","2","2"
"徐邈议论说","0","2","2"
"已与尊长辈","0","2","2"
"与尊长辈为","0","2","2"
"尊长辈为一","0","2","2"
"长辈为一体","0","2","2"
"就不能为自","0","2","2"
"不能为自己","0","2","2"
"能为自己的","0","2","2"
"为自己的私","0","2","2"
"自己的私亲","0","2","2"
"己的私亲服","0","2","2"
"的私亲服丧","0","2","2"
"皇太子的妃","0","2","2"
"太子的妃子","0","2","2"
"子的妃子逝","0","2","2"
"的妃子逝世","0","2","2"
"称墓葬为山","0","2","2"
"墓葬为山茔","0","2","2"
"拊祭于文元","0","2","2"
"祭于文元皇","0","2","2"
"于文元皇后","0","2","2"
"参与服丧的","0","2","2"
"太子宫的宫","0","2","2"
"要服大功丧","0","2","2"
"大功丧服九","0","2","2"
"功丧服九个","0","2","2"
"丧服九个月","0","2","2"
"徐爰参与议","0","2","2"
"爰参与议论","0","2","2"
"司马兴之议","0","2","2"
"马兴之议论","0","2","2"
"在前殿授任","0","2","2"
"前殿授任官","0","2","2"
"殿授任官职","0","2","2"
"举行的重大","0","2","2"
"也有所不同","0","2","2"
"奏乐曲及鼓","0","2","2"
"乐曲及鼓吹","0","2","2"
"徐爰议论说","0","2","2"
"有什么妨碍","0","2","2"
"乐器而不演","0","2","2"
"器而不演奏","0","2","2"
"壶下诏令说","0","2","2"
"王的神主随","0","2","2"
"的神主随他","0","2","2"
"神主随他的","0","2","2"
"主随他的儿","0","2","2"
"行成服之礼","0","2","2"
"周野王的议","0","2","2"
"野王的议论","0","2","2"
"为自己的生","0","2","2"
"所抑降丧服","0","2","2"
"依据丧礼的","0","2","2"
"宋王朝建立","0","2","2"
"有抑降丧服","0","2","2"
"我刘宋朝廷","0","2","2"
"考礼书的记","0","2","2"
"丧服的事例","0","2","2"
"这是因为皇","0","2","2"
"是因为皇上","0","2","2"
"而减降丧服","0","2","2"
"减降丧服的","0","2","2"
"之时如何如","0","2","2"
"时如何如何","0","2","2"
"南谯和衡阳","0","2","2"
"的主管官员","0","2","2"
"自己的过失","0","2","2"
"帝下诏令让","0","2","2"
"六月己巳曰","0","2","2"
"他服丧的制","0","2","2"
"交付礼官们","0","2","2"
"陆澄议论说","0","2","2"
"为他服丧的","0","2","2"
"是用来表示","0","2","2"
"受了皇帝的","0","2","2"
"陆澄的议论","0","2","2"
"不应该作为","0","2","2"
"父亲行殇服","0","2","2"
"为君王行殇","0","2","2"
"君王行殇服","0","2","2"
"十八日逝世","0","2","2"
"吴商的议论","0","2","2"
"在闰月死亡","0","2","2"
"正本之月为","0","2","2"
"本之月为忌","0","2","2"
"之月为忌日","0","2","2"
"可作为依据","0","2","2"
"以闰月的后","0","2","2"
"一个月举行","0","2","2"
"月为祥祭忌","0","2","2"
"去年闰三月","0","2","2"
"鄱阳哀王在","0","2","2"
"这是前代的","0","2","2"
"没有这个闰","0","2","2"
"有这个闰月","0","2","2"
"如果用闰月","0","2","2"
"果用闰月的","0","2","2"
"用闰月的后","0","2","2"
"正月初一为","0","2","2"
"庾蔚之的议","0","2","2"
"蔚之的议论","0","2","2"
"庾蔚之等人","0","2","2"
"蔚之等人议","0","2","2"
"实在是由于","0","2","2"
"子不可以为","0","2","2"
"依从殇服制","0","2","2"
"从殇服制度","0","2","2"
"被追赠为太","0","2","2"
"追赠为太常","0","2","2"
"抚养自己的","0","2","2"
"养自己的庶","0","2","2"
"自己的庶母","0","2","2"
"为自己的父","0","2","2"
"前往别处任","0","2","2"
"往别处任职","0","2","2"
"别处任职的","0","2","2"
"处任职的官","0","2","2"
"任职的官员","0","2","2"
"丧事而废止","0","2","2"
"没有除丧服","0","2","2"
"有除丧服时","0","2","2"
"丧亡还没有","0","2","2"
"同样废止音","0","2","2"
"样废止音乐","0","2","2"
"写好了临终","0","2","2"
"好了临终遣","0","2","2"
"临终遣命说","0","2","2"
"汉朝的制度","0","2","2"
"是公卿大夫","0","2","2"
"汉朝的礼制","0","2","2"
"各种制度都","0","2","2"
"种制度都在","0","2","2"
"临丧致哀一","0","2","2"
"丧致哀一次","0","2","2"
"设置凶门柏","0","2","2"
"置凶门柏历","0","2","2"
"用土烧制的","0","2","2"
"完毕之后便","0","2","2"
"事官员又奏","0","2","2"
"事官员奏请","0","2","2"
"到孝武帝逝","0","2","2"
"不是西晋的","0","2","2"
"是西晋的旧","0","2","2"
"四月壬辰曰","0","2","2"
"派遣使臣奉","0","2","2"
"王庆绪议论","0","2","2"
"向陈贵妃致","0","2","2"
"陈贵妃致敬","0","2","2"
"贵妃致敬的","0","2","2"
"妃致敬的礼","0","2","2"
"议论的那样","0","2","2"
"妾为夫君的","0","2","2"
"的亲属服丧","0","2","2"
"有丧事就应","0","2","2"
"燮之议论说","0","2","2"
"都是一致的","0","2","2"
"大臣们参酌","0","2","2"
"王燮之的意","0","2","2"
"燮之的意见","0","2","2"
"太夫人的先","0","2","2"
"夫人的先例","0","2","2"
"从近代以来","0","2","2"
"有被封为太","0","2","2"
"被封为太夫","0","2","2"
"认为庾蔚之","0","2","2"
"为庾蔚之的","0","2","2"
"之的议论为","0","2","2"
"世子又没有","0","2","2"
"又没有继嗣","0","2","2"
"儿子为世子","0","2","2"
"晋代济北侯","0","2","2"
"代济北侯荀","0","2","2"
"果不是这样","0","2","2"
"有同母弟就","0","2","2"
"同母弟就立","0","2","2"
"立次子为世","0","2","2"
"次子为世子","0","2","2"
"是近代的成","0","2","2"
"开国子的母","0","2","2"
"有等级差别","0","2","2"
"曹虔秀的长","0","2","2"
"应该以曹铣","0","2","2"
"该以曹铣为","0","2","2"
"昭穆的次序","0","2","2"
"皇帝下命令","0","2","2"
"徐爰的议论","0","2","2"
"皇帝的命令","0","2","2"
"各部门官员","0","2","2"
"旧有的仪制","0","2","2"
"祭祀司寒之","0","2","2"
"祀司寒之神","0","2","2"
"史臣沈约按","0","2","2"
"旧有的礼制","0","2","2"
"当时魏文帝","0","2","2"
"魏文帝曹丕","0","2","2"
"跪着接受了","0","2","2"
"没有举行以","0","2","2"
"有举行以先","0","2","2"
"举行以先祖","0","2","2"
"行以先祖配","0","2","2"
"以先祖配祭","0","2","2"
"先祖配祭的","0","2","2"
"祖配祭的祭","0","2","2"
"配祭的祭祀","0","2","2"
"用一头公牛","0","2","2"
"在南郊举行","0","2","2"
"明帝太和元","0","2","2"
"帝太和元年","0","2","2"
"帝以配祭天","0","2","2"
"皇帝配祭上","0","2","2"
"帝配祭上帝","0","2","2"
"是为了祭天","0","2","2"
"配祭皇天上","0","2","2"
"郊祀的礼仪","0","2","2"
"的祭祀礼仪","0","2","2"
"在圆丘祭祀","0","2","2"
"美好的征兆","0","2","2"
"岂敢不恭敬","0","2","2"
"地选择吉曰","0","2","2"
"应该举行郊","0","2","2"
"不是帝王的","0","2","2"
"群臣又奏议","0","2","2"
"臣又奏议说","0","2","2"
"于诸侯的地","0","2","2"
"诸侯的地位","0","2","2"
"在位的末年","0","2","2"
"他的父亲孙","0","2","2"
"的父亲孙坚","0","2","2"
"行皇天上帝","0","2","2"
"畏皇天的威","0","2","2"
"皇天的威严","0","2","2"
"皇位的气运","0","2","2"
"平定祸乱救","0","2","2"
"方边境统一","0","2","2"
"虔敬地遵奉","0","2","2"
"曹魏的礼制","0","2","2"
"虽然有五个","0","2","2"
"圆丘的祭祀","0","2","2"
"祭祀和郊祀","0","2","2"
"圆丘方泽的","0","2","2"
"丘方泽的祭","0","2","2"
"方泽的祭祀","0","2","2"
"祀合并于南","0","2","2"
"夏至的祭祀","0","2","2"
"合并于南郊","0","2","2"
"庚寅曰冬至","0","2","2"
"裹记载郊祀","0","2","2"
"是陈列祭品","0","2","2"
"五帝的神位","0","2","2"
"南郊五帝神","0","2","2"
"郊五帝神位","0","2","2"
"还没有建立","0","2","2"
"祀及宗庙祭","0","2","2"
"宗庙祭祀便","0","2","2"
"举行郊祀时","0","2","2"
"继承天命而","0","2","2"
"庙祭祀之礼","0","2","2"
"和八年正月","0","2","2"
"皇后配祭地","0","2","2"
"北郊祭祀的","0","2","2"
"立北郊祭坛","0","2","2"
"礼制不完备","0","2","2"
"立北郊祭祀","0","2","2"
"应该依照周","0","2","2"
"由宗伯代理","0","2","2"
"郊祀的时限","0","2","2"
"祀的时限还","0","2","2"
"的时限还没","0","2","2"
"时限还没有","0","2","2"
"六月丁卯曰","0","2","2"
"日子已经很","0","2","2"
"子已经很久","0","2","2"
"的各族人民","0","2","2"
"上天保佑我","0","2","2"
"皇帝亲自举","0","2","2"
"祭祀及宗庙","0","2","2"
"时举行祭祀","0","2","2"
"宗庙祭祀都","0","2","2"
"礼记．曾子","0","2","2"
"记．曾子问","0","2","2"
"设祭品祭祀","0","2","2"
"命令祝史向","0","2","2"
"前时所祭祀","0","2","2"
"时所祭祀过","0","2","2"
"所祭祀过的","0","2","2"
"回后一定要","0","2","2"
"返回后举行","0","2","2"
"回后举行告","0","2","2"
"后举行告至","0","2","2"
"外出及返回","0","2","2"
"就应该举行","0","2","2"
"本来就没有","0","2","2"
"返回后祭祀","0","2","2"
"是以前没有","0","2","2"
"由皇上亲自","0","2","2"
"皇上亲自奉","0","2","2"
"由太尉第二","0","2","2"
"太尉第二次","0","2","2"
"尉第二次献","0","2","2"
"论的人认为","0","2","2"
"王后不参与","0","2","2"
"后不参与祭","0","2","2"
"祭祀的事情","0","2","2"
"现在的宗庙","0","2","2"
"在的宗庙祭","0","2","2"
"郊祭的礼仪","0","2","2"
"是由太尉掌","0","2","2"
"由太尉掌管","0","2","2"
"太尉掌管第","0","2","2"
"尉掌管第二","0","2","2"
"光禄掌管第","0","2","2"
"禄掌管第三","0","2","2"
"掌管第三次","0","2","2"
"管第三次献","0","2","2"
"第三次献酒","0","2","2"
"三次献酒告","0","2","2"
"掌管赞助天","0","2","2"
"管赞助天子","0","2","2"
"赞助天子祭","0","2","2"
"助天子祭祀","0","2","2"
"二次献酒的","0","2","2"
"次献酒的事","0","2","2"
"通报给朝廷","0","2","2"
"报给朝廷重","0","2","2"
"给朝廷重臣","0","2","2"
"他们都同意","0","2","2"
"月丙午曰初","0","2","2"
"丙午曰初一","0","2","2"
"月下旬的辛","0","2","2"
"旬的辛曰祭","0","2","2"
"的辛曰祭祀","0","2","2"
"曰举行祭祀","0","2","2"
"辛曰举行郊","0","2","2"
"曰举行郊祀","0","2","2"
"举行郊祀是","0","2","2"
"礼记．郊特","0","2","2"
"记．郊特牲","0","2","2"
"郊祀用辛曰","0","2","2"
"举行郊祀的","0","2","2"
"辛曰占卜而","0","2","2"
"曰占卜而定","0","2","2"
"月上旬辛曰","0","2","2"
"上旬辛曰郊","0","2","2"
"旬辛曰郊祀","0","2","2"
"月下旬辛曰","0","2","2"
"下旬辛曰占","0","2","2"
"旬辛曰占卜","0","2","2"
"月上旬辛日","0","2","2"
"二月丙寅曰","0","2","2"
"用辛曰祭祀","0","2","2"
"在祖庙受命","0","2","2"
"是卜郊祭这","0","2","2"
"卜郊祭这件","0","2","2"
"郊祭这件事","0","2","2"
"我认为不应","0","2","2"
"为不应该再","0","2","2"
"这是所说的","0","2","2"
"这两种祭祀","0","2","2"
"名称虽然有","0","2","2"
"对礼制没有","0","2","2"
"是国家的大","0","2","2"
"改变郊祀期","0","2","2"
"祭祀的牺牲","0","2","2"
"参酌审议后","0","2","2"
"酌审议后认","0","2","2"
"审议后认为","0","2","2"
"我接受天命","0","2","2"
"接受天命时","0","2","2"
"了很多艰难","0","2","2"
"各种祭祀都","0","2","2"
"的时候称为","0","2","2"
"了一段时间","0","2","2"
"还没有亲自","0","2","2"
"我认真查考","0","2","2"
"令建安王刘","0","2","2"
"正月乙亥曰","0","2","2"
"举行明堂的","0","2","2"
"行明堂的祭","0","2","2"
"从晋朝以来","0","2","2"
"举行一次郊","0","2","2"
"行一次郊祀","0","2","2"
"在同一天举","0","2","2"
"每隔两年举","0","2","2"
"虞愿的议论","0","2","2"
"回复到同一","0","2","2"
"王延秀的议","0","2","2"
"延秀的议论","0","2","2"
"已故先帝皇","0","2","2"
"故先帝皇后","0","2","2"
"郊祭天帝时","0","2","2"
"都是一样的","0","2","2"
"宏大的功业","0","2","2"
"前代留下的","0","2","2"
"南郊和北郊","0","2","2"
"郊和北郊祭","0","2","2"
"和北郊祭祀","0","2","2"
"祭祀．皇帝","0","2","2"
"祀．皇帝下","0","2","2"
"．皇帝下诏","0","2","2"
"遵循这种制","0","2","2"
"循这种制度","0","2","2"
"名称不同而","0","2","2"
"都是各不相","0","2","2"
"是各不相同","0","2","2"
"先帝的祭祀","0","2","2"
"十二个月的","0","2","2"
"以太祖文皇","0","2","2"
"有燎柴祭天","0","2","2"
"燎柴祭天的","0","2","2"
"庙祭祀的礼","0","2","2"
"祭祀所用的","0","2","2"
"郊祭和宗庙","0","2","2"
"祭和宗庙祭","0","2","2"
"十二位君主","0","2","2"
"官员的过失","0","2","2"
"美好的德行","0","2","2"
"的礼仪废止","0","2","2"
"定举行封禅","0","2","2"
"举行封禅礼","0","2","2"
"以满足天下","0","2","2"
"满足天下人","0","2","2"
"举行过封禅","0","2","2"
"行过封禅的","0","2","2"
"统一了天下","0","2","2"
"地区的人民","0","2","2"
"泰山举行封","0","2","2"
"山举行封禅","0","2","2"
"举行封禅的","0","2","2"
"的有七十四","0","2","2"
"海之内的人","0","2","2"
"能超过今天","0","2","2"
"以前的记载","0","2","2"
"举行封挥大","0","2","2"
"行封挥大典","0","2","2"
"天上人间的","0","2","2"
"向皇天上帝","0","2","2"
"有这些的不","0","2","2"
"是这个道理","0","2","2"
"圣明的诏令","0","2","2"
"使四海之内","0","2","2"
"天意也不违","0","2","2"
"遇到这样的","0","2","2"
"一月戊申日","0","2","2"
"江夏王刘盏","0","2","2"
"夏王刘盏苤","0","2","2"
"继承了帝位","0","2","2"
"在天时出现","0","2","2"
"天时出现之","0","2","2"
"帝王乘坐的","0","2","2"
"继承前代的","0","2","2"
"多么盛美啊","0","2","2"
"么盛美啊我","0","2","2"
"因此历代的","0","2","2"
"山川的礼仪","0","2","2"
"创建基业的","0","2","2"
"典章制度已","0","2","2"
"和三年六月","0","2","2"
"祭祀衹限于","0","2","2"
"古代的制度","0","2","2"
"开始营建宗","0","2","2"
"始营建宗庙","0","2","2"
"祭祀的乐舞","0","2","2"
"魏文帝董翅","0","2","2"
"文帝董翅二","0","2","2"
"帝董翅二年","0","2","2"
"象征生时的","0","2","2"
"到文帝黄初","0","2","2"
"又不排昭穆","0","2","2"
"不排昭穆次","0","2","2"
"排昭穆次序","0","2","2"
"排列为三昭","0","2","2"
"列为三昭三","0","2","2"
"为三昭三穆","0","2","2"
"在一个地方","0","2","2"
"应该依旧不","0","2","2"
"该依旧不改","0","2","2"
"依旧不改为","0","2","2"
"神主牌位迁","0","2","2"
"西将军的神","0","2","2"
"将军的神主","0","2","2"
"神主牌位从","0","2","2"
"主牌位从庙","0","2","2"
"牌位从庙中","0","2","2"
"位从庙中迁","0","2","2"
"从庙中迁出","0","2","2"
"又将豫章府","0","2","2"
"将豫章府君","0","2","2"
"豫章府君的","0","2","2"
"章府君的神","0","2","2"
"太孙司马臧","0","2","2"
"帝即帝位之","0","2","2"
"从礼制上来","0","2","2"
"礼制上来说","0","2","2"
"．太兴三年","0","2","2"
"庙昭穆的位","0","2","2"
"昭穆的位次","0","2","2"
"神主牌位又","0","2","2"
"主牌位又被","0","2","2"
"牌位又被迁","0","2","2"
"位又被迁出","0","2","2"
"迁出的神主","0","2","2"
"京兆府君神","0","2","2"
"府君神主迁","0","2","2"
"神主迁入西","0","2","2"
"主迁入西储","0","2","2"
"迁入西储室","0","2","2"
"的神主迁入","0","2","2"
"简文帝逝世","0","2","2"
"府君神主又","0","2","2"
"君神主又迁","0","2","2"
"神主又迁出","0","2","2"
"摆设干肉及","0","2","2"
"设干肉及肉","0","2","2"
"干肉及肉酱","0","2","2"
"肉及肉酱以","0","2","2"
"及肉酱以祭","0","2","2"
"肉酱以祭奠","0","2","2"
"文帝的母亲","0","2","2"
"接受晋朝的","0","2","2"
"曹魏和晋朝","0","2","2"
"魏和晋朝的","0","2","2"
"先父处士府","0","2","2"
"父处士府君","0","2","2"
"建立五庙的","0","2","2"
"为章皇太后","0","2","2"
"地建立祠庙","0","2","2"
"现在皇上是","0","2","2"
"在皇上是上","0","2","2"
"皇上是上承","0","2","2"
"然而我认为","0","2","2"
"温崤的议论","0","2","2"
"和二年七月","0","2","2"
"君的神主应","0","2","2"
"于太祖之上","0","2","2"
"祖神主安排","0","2","2"
"神主安排在","0","2","2"
"主安排在宗","0","2","2"
"安排在宗庙","0","2","2"
"宗庙大祭时","0","2","2"
"宗庙大祭的","0","2","2"
"的神主迁出","0","2","2"
"举行大祭时","0","2","2"
"教化的根本","0","2","2"
"宗庙祭祀时","0","2","2"
"藏放在石室","0","2","2"
"放在石室中","0","2","2"
"毁庙的神主","0","2","2"
"在另外的庙","0","2","2"
"是抚军将军","0","2","2"
"当亲近关系","0","2","2"
"升迁合祭于","0","2","2"
"合祭于太祖","0","2","2"
"旅祭四方山","0","2","2"
"祭四方山川","0","2","2"
"孔安国启奏","0","2","2"
"安国启奏说","0","2","2"
"应当举行宗","0","2","2"
"当举行宗庙","0","2","2"
"等人议论说","0","2","2"
"便在宗庙祭","0","2","2"
"在宗庙祭祀","0","2","2"
"举行一次柿","0","2","2"
"行一次柿祭","0","2","2"
"各不相同的","0","2","2"
"三十个月的","0","2","2"
"十个月的时","0","2","2"
"个月的时限","0","2","2"
"孔安国又启","0","2","2"
"安国又启奏","0","2","2"
"国又启奏说","0","2","2"
"尝四时之祭","0","2","2"
"哀皇帝逝世","0","2","2"
"两周年之内","0","2","2"
"永和十年至","0","2","2"
"和十年至今","0","2","2"
"五十多年裹","0","2","2"
"不得举行殷","0","2","2"
"得举行殷祭","0","2","2"
"四月举行殷","0","2","2"
"有不同寻常","0","2","2"
"中领军谢混","0","2","2"
"四月举行祭","0","2","2"
"月举行祭祀","0","2","2"
"当时大概是","0","2","2"
"有别的缘故","0","2","2"
"四月应该举","0","2","2"
"应该举行殷","0","2","2"
"该举行殷祭","0","2","2"
"殷祭的礼仪","0","2","2"
"二十二个月","0","2","2"
"三年丧事完","0","2","2"
"年丧事完毕","0","2","2"
"二月辛亥曰","0","2","2"
"从太和四年","0","2","2"
"晋武帝盛宁","0","2","2"
"诛杀徐羡之","0","2","2"
"杀徐羡之等","0","2","2"
"徐道娱上奏","0","2","2"
"帝王的礼仪","0","2","2"
"有关部门奏","0","2","2"
"关部门奏请","0","2","2"
"迎三牲而不","0","2","2"
"三牲而不迎","0","2","2"
"牲而不迎尸","0","2","2"
"请先祖品尝","0","2","2"
"在太庙举行","0","2","2"
"都没有一个","0","2","2"
"有人死于宫","0","2","2"
"人死于宫中","0","2","2"
"就为此三个","0","2","2"
"为此三个月","0","2","2"
"此三个月不","0","2","2"
"依照礼制详","0","2","2"
"下转礼官讨","0","2","2"
"转礼官讨论","0","2","2"
"徐道娱等人","0","2","2"
"牺牲不要用","0","2","2"
"牲不要用母","0","2","2"
"不要用母的","0","2","2"
"确实不是我","0","2","2"
"的建议施行","0","2","2"
"皇子过继给","0","2","2"
"告祭祖庙的","0","2","2"
"了这种制度","0","2","2"
"现在既然各","0","2","2"
"帝共为一庙","0","2","2"
"从情理上来","0","2","2"
"情理上来说","0","2","2"
"告祭祖庙父","0","2","2"
"祭祖庙父庙","0","2","2"
"现在皇子出","0","2","2"
"在皇子出继","0","2","2"
"祠部朱膺之","0","2","2"
"部朱膺之认","0","2","2"
"中郎徐爰认","0","2","2"
"郎徐爰认为","0","2","2"
"继承营阳王","0","2","2"
"承营阳王爵","0","2","2"
"营阳王爵位","0","2","2"
"不应告祭太","0","2","2"
"应告祭太庙","0","2","2"
"皇帝也不必","0","2","2"
"帝也不必亲","0","2","2"
"也不必亲临","0","2","2"
"不必亲临殿","0","2","2"
"必亲临殿前","0","2","2"
"士王燮之认","0","2","2"
"王燮之认为","0","2","2"
"名义如同始","0","2","2"
"义如同始封","0","2","2"
"没有子孙继","0","2","2"
"有子孙继承","0","2","2"
"皇帝亲临奉","0","2","2"
"帝亲临奉祀","0","2","2"
"本月二十四","0","2","2"
"司马兴之认","0","2","2"
"马兴之认为","0","2","2"
"也应该这样","0","2","2"
"博士傅郁认","0","2","2"
"士傅郁认为","0","2","2"
"按照礼制应","0","2","2"
"照礼制应当","0","2","2"
"遇有大雨及","0","2","2"
"关官员代为","0","2","2"
"照礼仪制度","0","2","2"
"不亲自主持","0","2","2"
"自主持祭祀","0","2","2"
"如果君王不","0","2","2"
"能亲临主持","0","2","2"
"亲临主持祭","0","2","2"
"临主持祭祀","0","2","2"
"三牲送到了","0","2","2"
"那么祭祀可","0","2","2"
"么祭祀可以","0","2","2"
"祭祀可以废","0","2","2"
"祀可以废止","0","2","2"
"官员代行主","0","2","2"
"员代行主祭","0","2","2"
"不合礼制的","0","2","2"
"让有关官员","0","2","2"
"大臣代理主","0","2","2"
"臣代理主祭","0","2","2"
"丞庾蔚之认","0","2","2"
"庾蔚之认为","0","2","2"
"正在大功丧","0","2","2"
"应当举行祭","0","2","2"
"当举行祭祀","0","2","2"
"太子妃去世","0","2","2"
"麻之丧不举","0","2","2"
"之丧不举行","0","2","2"
"现在皇太子","0","2","2"
"么就应当依","0","2","2"
"所谓有变故","0","2","2"
"谓有变故一","0","2","2"
"也不应派三","0","2","2"
"不应派三公","0","2","2"
"应派三公九","0","2","2"
"派三公九卿","0","2","2"
"三公九卿代","0","2","2"
"公九卿代理","0","2","2"
"九卿代理主","0","2","2"
"右丞徐爰认","0","2","2"
"丞徐爰认为","0","2","2"
"不应当祭祀","0","2","2"
"三个月祭祀","0","2","2"
"以作为依准","0","2","2"
"卒哭之后拊","0","2","2"
"先献祭太庙","0","2","2"
"不祭祀宗庙","0","2","2"
"祭祀天地社","0","2","2"
"祀天地社稷","0","2","2"
"这也是近代","0","2","2"
"也是近代前","0","2","2"
"是近代前事","0","2","2"
"有关官员奉","0","2","2"
"皇上亲临主","0","2","2"
"上亲临主祭","0","2","2"
"亲临主祭太","0","2","2"
"临主祭太庙","0","2","2"
"虽然亲缘并","0","2","2"
"然亲缘并非","0","2","2"
"亲缘并非正","0","2","2"
"缘并非正统","0","2","2"
"不知是否应","0","2","2"
"知是否应当","0","2","2"
"者尊重血统","0","2","2"
"尊重血统从","0","2","2"
"孝武皇帝对","0","2","2"
"武皇帝对于","0","2","2"
"皇帝对于皇","0","2","2"
"帝对于皇上","0","2","2"
"愚意以为皇","0","2","2"
"意以为皇上","0","2","2"
"以为皇上亲","0","2","2"
"太庙的时候","0","2","2"
"应当亲执觞","0","2","2"
"当亲执觞爵","0","2","2"
"昭皇太后既","0","2","2"
"对于孝武帝","0","2","2"
"昭皇太后对","0","2","2"
"皇太后对于","0","2","2"
"太后对于皇","0","2","2"
"后对于皇上","0","2","2"
"皇上亲执觞","0","2","2"
"上亲执觞爵","0","2","2"
"孙缅的意见","0","2","2"
"应与天子七","0","2","2"
"与天子七庙","0","2","2"
"天子七庙相","0","2","2"
"子七庙相同","0","2","2"
"文思后依照","0","2","2"
"依照周朝姜","0","2","2"
"照周朝姜螈","0","2","2"
"周朝姜螈庙","0","2","2"
"集合远近祖","0","2","2"
"合远近祖先","0","2","2"
"陈列于太祖","0","2","2"
"列于太祖庙","0","2","2"
"举行大合祭","0","2","2"
"以昭穆庙次","0","2","2"
"昭穆庙次为","0","2","2"
"穆庙次为序","0","2","2"
"太后神主已","0","2","2"
"就其庙祭祀","0","2","2"
"与没有后嗣","0","2","2"
"没有后嗣者","0","2","2"
"其神主附属","0","2","2"
"主附属于祖","0","2","2"
"以作为依据","0","2","2"
"作为别宫享","0","2","2"
"为别宫享祀","0","2","2"
"别宫享祀的","0","2","2"
"者的神主附","0","2","2"
"祖父庙受祭","0","2","2"
"有典章制度","0","2","2"
"祭祀礼仪应","0","2","2"
"祭章皇太后","0","2","2"
"表达虔诚的","0","2","2"
"现昭皇太后","0","2","2"
"太后神主拊","0","2","2"
"后神主拊庙","0","2","2"
"神主拊庙的","0","2","2"
"主拊庙的礼","0","2","2"
"拊庙的礼仪","0","2","2"
"有明确记载","0","2","2"
"而派有关官","0","2","2"
"宣太后神主","0","2","2"
"又昭皇太后","0","2","2"
"拜祭孝武皇","0","2","2"
"祭孝武皇帝","0","2","2"
"要举行祭祀","0","2","2"
"妾拊庙于妾","0","2","2"
"拊庙于妾的","0","2","2"
"庙于妾的祖","0","2","2"
"于妾的祖姑","0","2","2"
"不应当不同","0","2","2"
"事一定要告","0","2","2"
"用币遍告二","0","2","2"
"将迁庙神主","0","2","2"
"埋在庙的北","0","2","2"
"在庙的北墙","0","2","2"
"供设肉脯肉","0","2","2"
"设肉脯肉酱","0","2","2"
"肉脯肉酱以","0","2","2"
"脯肉酱以安","0","2","2"
"肉酱以安神","0","2","2"
"的意见为合","0","2","2"
"意见为合宜","0","2","2"
"未成年而亡","0","2","2"
"王既然没有","0","2","2"
"既然没有后","0","2","2"
"然没有后嗣","0","2","2"
"应拊庙于祖","0","2","2"
"拊庙于祖父","0","2","2"
"庙于祖父辈","0","2","2"
"于祖父辈中","0","2","2"
"作为她的后","0","2","2"
"为她的后代","0","2","2"
"都督郢州诸","0","2","2"
"督郢州诸军","0","2","2"
"为应当依照","0","2","2"
"国臣按照临","0","2","2"
"臣按照临时","0","2","2"
"按照临时制","0","2","2"
"照临时制订","0","2","2"
"临时制订的","0","2","2"
"时制订的办","0","2","2"
"制订的办法","0","2","2"
"之发表意见","0","2","2"
"由上卿主祭","0","2","2"
"三年之丧的","0","2","2"
"年之丧的人","0","2","2"
"特加殊礼安","0","2","2"
"加殊礼安葬","0","2","2"
"博士虞稣发","0","2","2"
"士虞稣发表","0","2","2"
"虞稣发表意","0","2","2"
"稣发表意见","0","2","2"
"神主入庙的","0","2","2"
"庙要制作神","0","2","2"
"要制作神主","0","2","2"
"左丞徐爰发","0","2","2"
"丞徐爰发表","0","2","2"
"有增减变化","0","2","2"
"不完全相同","0","2","2"
"除服祭礼完","0","2","2"
"服祭礼完毕","0","2","2"
"统治天下的","0","2","2"
"社神实际上","0","2","2"
"神实际上衹","0","2","2"
"实际上衹有","0","2","2"
"际上衹有一","0","2","2"
"上衹有一个","0","2","2"
"天子亲耕籍","0","2","2"
"子亲耕籍田","0","2","2"
"王景侯论述","0","2","2"
"大夫以下的","0","2","2"
"夫以下的人","0","2","2"
"社是民间的","0","2","2"
"是民间的社","0","2","2"
"设立对七种","0","2","2"
"立对七种神","0","2","2"
"说没有两个","0","2","2"
"一头猪作祭","0","2","2"
"头猪作祭品","0","2","2"
"什么不可以","0","2","2"
"掌管设立社","0","2","2"
"管设立社谴","0","2","2"
"王景侯注解","0","2","2"
"晋元帝建武","0","2","2"
"社的祝文写","0","2","2"
"的祝文写道","0","2","2"
"三位皇帝都","0","2","2"
"在天刚亮时","0","2","2"
"天刚亮时用","0","2","2"
"刚亮时用一","0","2","2"
"郊祀天地的","0","2","2"
"沉入河底作","0","2","2"
"率领水军进","0","2","2"
"领水军进入","0","2","2"
"明帝太和四","0","2","2"
"帝太和四年","0","2","2"
"这是祭山神","0","2","2"
"是祭山神的","0","2","2"
"祭山神的礼","0","2","2"
"山神的礼仪","0","2","2"
"穆帝升平年","0","2","2"
"帝升平年间","0","2","2"
"祭祀山川的","0","2","2"
"之神秩位如","0","2","2"
"神秩位如同","0","2","2"
"山川大神的","0","2","2"
"祭祀名山大","0","2","2"
"供设美酒肉","0","2","2"
"设美酒肉脯","0","2","2"
"用土陶匏实","0","2","2"
"天地的礼仪","0","2","2"
"猪三牲祭祀","0","2","2"
"孔熙先谋反","0","2","2"
"失去了爵位","0","2","2"
"释奠先师孔","0","2","2"
"奠先师孔子","0","2","2"
"遣使者用太","0","2","2"
"使者用太牢","0","2","2"
"者用太牢牛","0","2","2"
"牲作祭品祭","0","2","2"
"司徒刘穆之","0","2","2"
"在沔阳建立","0","2","2"
"沔阳建立祠","0","2","2"
"阳建立祠堂","0","2","2"
"建立了祠堂","0","2","2"
"何承天认为","0","2","2"
"不符合礼制","0","2","2"
"规的祭祀便","0","2","2"
"是祭祀天地","0","2","2"
"春分祭祀厉","0","2","2"
"分祭祀厉鬼","0","2","2"
"别贵贱等级","0","2","2"
"是其中的一","0","2","2"
"其中的一种","0","2","2"
"之末都用玉","0","2","2"
"末都用玉饰","0","2","2"
"用作会宾客","0","2","2"
"上竖立大麾","0","2","2"
"子所乘的车","0","2","2"
"有飞斡饰物","0","2","2"
"插入辖固定","0","2","2"
"画有鹿头龙","0","2","2"
"有鹿头龙身","0","2","2"
"如同金根车","0","2","2"
"出行的仪仗","0","2","2"
"行的仪仗队","0","2","2"
"用六匹马驾","0","2","2"
"六匹马驾车","0","2","2"
"车驾六匹马","0","2","2"
"车驾五匹马","0","2","2"
"乘车驾两匹","0","2","2"
"车驾两匹马","0","2","2"
"依照金根车","0","2","2"
"漆画鹿头龙","0","2","2"
"画鹿头龙纹","0","2","2"
"皇帝乘法驾","0","2","2"
"帝乘法驾出","0","2","2"
"车轼上放置","0","2","2"
"没有人知道","0","2","2"
"制造的指南","0","2","2"
"造的指南车","0","2","2"
"车的样式如","0","2","2"
"的样式如同","0","2","2"
"帝升明末年","0","2","2"
"祖冲之制造","0","2","2"
"因为是外戚","0","2","2"
"乘人拉的车","0","2","2"
"不知道什么","0","2","2"
"以辎车耕车","0","2","2"
"辎车耕车为","0","2","2"
"其余的人都","0","2","2"
"黄金涂饰车","0","2","2"
"金涂饰车辕","0","2","2"
"盖弓末端安","0","2","2"
"弓末端安上","0","2","2"
"末端安上金","0","2","2"
"端安上金花","0","2","2"
"匹驰马驾车","0","2","2"
"用三匹馈马","0","2","2"
"三匹馈马驾","0","2","2"
"车轮有朱斑","0","2","2"
"轮有朱斑文","0","2","2"
"有朱斑文饰","0","2","2"
"车较上画倚","0","2","2"
"车轼上画伏","0","2","2"
"车箱上有黑","0","2","2"
"箱上有黑色","0","2","2"
"有黑色鹿头","0","2","2"
"黑色鹿头龙","0","2","2"
"色鹿头龙纹","0","2","2"
"立旌旗有七","0","2","2"
"旌旗有七旒","0","2","2"
"旌旗有五旒","0","2","2"
"车都是黑色","0","2","2"
"都是黑色车","0","2","2"
"是黑色车盖","0","2","2"
"用铜涂饰车","0","2","2"
"铜涂饰车辕","0","2","2"
"帝乘大驾出","0","2","2"
"乘大驾出行","0","2","2"
"公卿在前面","0","2","2"
"卿在前面引","0","2","2"
"大将军陪乘","0","2","2"
"属车有八十","0","2","2"
"车有八十一","0","2","2"
"有八十一乘","0","2","2"
"成三行在后","0","2","2"
"三行在后行","0","2","2"
"行在后行驶","0","2","2"
"古时候诸侯","0","2","2"
"时候诸侯有","0","2","2"
"候诸侯有贰","0","2","2"
"诸侯有贰车","0","2","2"
"侯有贰车九","0","2","2"
"兼并其车服","0","2","2"
"奉车郎驾车","0","2","2"
"属车有三十","0","2","2"
"车有三十六","0","2","2"
"有三十六乘","0","2","2"
"郊祀天地用","0","2","2"
"祀天地用法","0","2","2"
"天地用法驾","0","2","2"
"祭祀宗庙用","0","2","2"
"祀宗庙用小","0","2","2"
"宗庙用小驾","0","2","2"
"车悬挂豹尾","0","2","2"
"两人的说法","0","2","2"
"皇帝至殿前","0","2","2"
"中最重要的","0","2","2"
"连缀十二粒","0","2","2"
"深红色缘边","0","2","2"
"色缘边的中","0","2","2"
"并插貂尾为","0","2","2"
"插貂尾为饰","0","2","2"
"国国君的冠","0","2","2"
"国君的冠赐","0","2","2"
"君的冠赐给","0","2","2"
"有一个名称","0","2","2"
"一个名称叫","0","2","2"
"汉朝承袭秦","0","2","2"
"朝承袭秦朝","0","2","2"
"文武官员都","0","2","2"
"参与祭祀事","0","2","2"
"与祭祀事务","0","2","2"
"祭祀事务的","0","2","2"
"祀事务的人","0","2","2"
"是出行田猎","0","2","2"
"帝元嘉年问","0","2","2"
"也是这种服","0","2","2"
"是这种服制","0","2","2"
"上衣天青色","0","2","2"
"亲自祭祀蚕","0","2","2"
"自祭祀蚕神","0","2","2"
"蚕神时的服","0","2","2"
"神时的服装","0","2","2"
"下裳淡青色","0","2","2"
"用彩色丝带","0","2","2"
"绢上衣下裳","0","2","2"
"佩带青黑如","0","2","2"
"带青黑如山","0","2","2"
"青黑如山色","0","2","2"
"黑如山色的","0","2","2"
"如山色的玉","0","2","2"
"斩白蛇的宝","0","2","2"
"白蛇的宝剑","0","2","2"
"成为天子的","0","2","2"
"缍朱色绶带","0","2","2"
"也有三梁进","0","2","2"
"有三梁进贤","0","2","2"
"不是旧有的","0","2","2"
"色绶带．赐","0","2","2"
"绶带．赐给","0","2","2"
"在陛侧侍卫","0","2","2"
"秩禄千石者","0","2","2"
"史没有朝服","0","2","2"
"署任禁省官","0","2","2"
"任禁省官职","0","2","2"
"是否应当着","0","2","2"
"不应当改革","0","2","2"
"现在大多阙","0","2","2"
"在大多阙失","0","2","2"
"袭晋朝旧制","0","2","2"
"我很不明白","0","2","2"
"贤一梁冠．","0","2","2"
"着黑色零辟","0","2","2"
"别部司马以","0","2","2"
"部司马以下","0","2","2"
"御前侍卫及","0","2","2"
"前侍卫及在","0","2","2"
"单衣各一套","0","2","2"
"用白色熟绢","0","2","2"
"白色熟绢一","0","2","2"
"品以上的官","0","2","2"
"装饰的器物","0","2","2"
"住朱红色房","0","2","2"
"朱红色房屋","0","2","2"
"就是古代的","0","2","2"
"模仿古代皮","0","2","2"
"仿古代皮弁","0","2","2"
"国子监太学","0","2","2"
"子监太学生","0","2","2"
"穿单衣戴白","0","2","2"
"单衣戴白蛤","0","2","2"
"衣戴白蛤用","0","2","2"
"戴白蛤用于","0","2","2"
"白蛤用于吉","0","2","2"
"蛤用于吉庆","0","2","2"
"上下没有分","0","2","2"
"下没有分别","0","2","2"
"不在这个限","0","2","2"
"皇太后出行","0","2","2"
"太后出行副","0","2","2"
"后出行副车","0","2","2"
"以掌管天下","0","2","2"
"太仆手执马","0","2","2"
"仆手执马缰","0","2","2"
"换上绛纱袍","0","2","2"
"五月甲戌曰","0","2","2"
"沿袭而没有","0","2","2"
"袭而没有改","0","2","2"
"而没有改变","0","2","2"
"不同的礼仪","0","2","2"
"冕以五彩丝","0","2","2"
"以五彩丝绳","0","2","2"
"着玄色上衣","0","2","2"
"色上衣下裳","0","2","2"
"应当着衮冕","0","2","2"
"当着衮冕九","0","2","2"
"尊生母陈贵","0","2","2"
"周代衰微时","0","2","2"
"为的是表明","0","2","2"
"的是表明有","0","2","2"
"是表明有一","0","2","2"
"表明有一定","0","2","2"
"明有一定的","0","2","2"
"武皇帝的庙","0","2","2"
"皇帝的庙乐","0","2","2"
"在朝廷演奏","0","2","2"
"是根据当时","0","2","2"
"从这一点来","0","2","2"
"在宗庙之中","0","2","2"
"的文字记载","0","2","2"
"舞人的服装","0","2","2"
"黑色的裹发","0","2","2"
"色领袖的内","0","2","2"
"领袖的内衣","0","2","2"
"黑色的皮鞋","0","2","2"
"缪袭又上奏","0","2","2"
"袭又上奏疏","0","2","2"
"歌咏后妃的","0","2","2"
"咏后妃的德","0","2","2"
"国刚刚建立","0","2","2"
"违背了它的","0","2","2"
"背了它的原","0","2","2"
"了它的原意","0","2","2"
"不了解其中","0","2","2"
"演奏全部的","0","2","2"
"奏全部的乐","0","2","2"
"全部的乐舞","0","2","2"
"六代的乐舞","0","2","2"
"不能超过祭","0","2","2"
"能超过祭祀","0","2","2"
"超过祭祀的","0","2","2"
"在祭祀的时","0","2","2"
"在宗庙演奏","0","2","2"
"光武帝平定","0","2","2"
"合并为七曲","0","2","2"
"作为殿中皇","0","2","2"
"为殿中皇上","0","2","2"
"殿中皇上用","0","2","2"
"中皇上用膳","0","2","2"
"皇上用膳时","0","2","2"
"上用膳时进","0","2","2"
"用膳时进食","0","2","2"
"膳时进食之","0","2","2"
"时进食之乐","0","2","2"
"后来改名为","0","2","2"
"魏朝的歌诗","0","2","2"
"祖宗的庙号","0","2","2"
"一类的乐器","0","2","2"
"祸乱的时候","0","2","2"
"善于歌唱的","0","2","2"
"于歌唱的人","0","2","2"
"侍郎王韶之","0","2","2"
"管部门又奏","0","2","2"
"部门又奏称","0","2","2"
"应当奏登歌","0","2","2"
"书江夏王刘","0","2","2"
"为的是迎接","0","2","2"
"迎接神灵降","0","2","2"
"接神灵降临","0","2","2"
"用以祭祀天","0","2","2"
"以祭祀天神","0","2","2"
"大宋应天顺","0","2","2"
"祖宗的庙乐","0","2","2"
"用其他名称","0","2","2"
"神灵的时候","0","2","2"
"扫净土地来","0","2","2"
"净土地来进","0","2","2"
"土地来进行","0","2","2"
"地来进行祭","0","2","2"
"用黏土烧制","0","2","2"
"黏土烧制的","0","2","2"
"土烧制的器","0","2","2"
"烧制的器皿","0","2","2"
"制的器皿作","0","2","2"
"的器皿作礼","0","2","2"
"器皿作礼器","0","2","2"
"典章制度的","0","2","2"
"块圭有璧作","0","2","2"
"圭有璧作底","0","2","2"
"有璧作底座","0","2","2"
"用以配祭上","0","2","2"
"明堂祭祀文","0","2","2"
"堂祭祀文王","0","2","2"
"之舞的乐曲","0","2","2"
"使后代子孙","0","2","2"
"平王刘宏又","0","2","2"
"认为上帝不","0","2","2"
"为上帝不是","0","2","2"
"没有一处不","0","2","2"
"诸帝各自神","0","2","2"
"帝各自神庙","0","2","2"
"各有各的舞","0","2","2"
"有各的舞乐","0","2","2"
"也没有什么","0","2","2"
"三祖各有各","0","2","2"
"祖各有各的","0","2","2"
"部门又上奏","0","2","2"
"元旦朝见群","0","2","2"
"旦朝见群臣","0","2","2"
"升堂唱歌的","0","2","2"
"堂唱歌的人","0","2","2"
"演奏弦管的","0","2","2"
"奏弦管的人","0","2","2"
"弦管的人在","0","2","2"
"管的人在殿","0","2","2"
"的人在殿下","0","2","2"
"佛骨从西方","0","2","2"
"骨从西方来","0","2","2"
"从西方来到","0","2","2"
"在殿前嬉戏","0","2","2"
"激荡水势变","0","2","2"
"荡水势变成","0","2","2"
"水势变成比","0","2","2"
"势变成比目","0","2","2"
"变成比目鱼","0","2","2"
"在水中跳跃","0","2","2"
"水中跳跃嗽","0","2","2"
"中跳跃嗽水","0","2","2"
"兴起云雾遮","0","2","2"
"起云雾遮挡","0","2","2"
"云雾遮挡了","0","2","2"
"雾遮挡了曰","0","2","2"
"遮挡了曰光","0","2","2"
"配合音乐的","0","2","2"
"人为一队列","0","2","2"
"八八六十四","0","2","2"
"八六十四人","0","2","2"
"六八四十八","0","2","2"
"八四十八人","0","2","2"
"一大半的人","0","2","2"
"事没有施行","0","2","2"
"什么这样做","0","2","2"
"有五种颜色","0","2","2"
"这才有了南","0","2","2"
"才有了南音","0","2","2"
"的人都受到","0","2","2"
"继承了他的","0","2","2"
"殷允任职豫","0","2","2"
"允任职豫章","0","2","2"
"晋朝隆安初","0","2","2"
"朝隆安初年","0","2","2"
"已经没有了","0","2","2"
"在殿庭演奏","0","2","2"
"是很久远的","0","2","2"
"很久远的了","0","2","2"
"不是雅乐的","0","2","2"
"是雅乐的乐","0","2","2"
"确实就在今","0","2","2"
"实就在今天","0","2","2"
"有力度的称","0","2","2"
"力度的称它","0","2","2"
"度的称它为","0","2","2"
"是哪一代的","0","2","2"
"哪一代的人","0","2","2"
"暴新公是哪","0","2","2"
"新公是哪一","0","2","2"
"在大鼓旁边","0","2","2"
"知道是谁造","0","2","2"
"道是谁造的","0","2","2"
"没有节就不","0","2","2"
"有节就不能","0","2","2"
"不知道哪一","0","2","2"
"知道哪一种","0","2","2"
"道哪一种是","0","2","2"
"哪一种是正","0","2","2"
"一种是正确","0","2","2"
"种是正确的","0","2","2"
"知道是谁制","0","2","2"
"是哪一朝代","0","2","2"
"有三十六个","0","2","2"
"三十六个簧","0","2","2"
"十六个簧片","0","2","2"
"六个簧片称","0","2","2"
"个簧片称为","0","2","2"
"簧片称为竽","0","2","2"
"竹管放在左","0","2","2"
"管放在左边","0","2","2"
"今天已经失","0","2","2"
"天已经失传","0","2","2"
"长一尺四寸","0","2","2"
"这一乐器今","0","2","2"
"一乐器今天","0","2","2"
"乐器今天已","0","2","2"
"器今天已经","0","2","2"
"是短箫铙歌","0","2","2"
"黄门鼓吹乐","0","2","2"
"赐给鼓吹乐","0","2","2"
"活着的时候","0","2","2"
"有人说是出","0","2","2"
"人说是出自","0","2","2"
"上天降命我","0","2","2"
"上为祠天地","0","2","2"
"为祠天地五","0","2","2"
"就赞美他为","0","2","2"
"赞美他为王","0","2","2"
"天地之神来","0","2","2"
"地之神来受","0","2","2"
"之神来受祭","0","2","2"
"畏惧上天的","0","2","2"
"人民的榜样","0","2","2"
"地在郊外祭","0","2","2"
"敬地侍奉天","0","2","2"
"地侍奉天皇","0","2","2"
"受到上天的","0","2","2"
"为天地郊明","0","2","2"
"边远的地方","0","2","2"
"来朝贡称臣","0","2","2"
"来安定天下","0","2","2"
"安定天下人","0","2","2"
"定天下人民","0","2","2"
"下了美好的","0","2","2"
"百姓感恩戴","0","2","2"
"姓感恩戴德","0","2","2"
"没有不来朝","0","2","2"
"有不来朝贡","0","2","2"
"而没有什么","0","2","2"
"那样的贤臣","0","2","2"
"显赫的皇祖","0","2","2"
"位千年万年","0","2","2"
"上天的惩罚","0","2","2"
"上天的使命","0","2","2"
"纷繁的政务","0","2","2"
"柔远人而使","0","2","2"
"远人而使之","0","2","2"
"人而使之能","0","2","2"
"而使之能近","0","2","2"
"普天下的人","0","2","2"
"而拨乱反正","0","2","2"
"仁慈的教化","0","2","2"
"早晨的太阳","0","2","2"
"和悦安闲的","0","2","2"
"上天鉴察我","0","2","2"
"天鉴察我大","0","2","2"
"鉴察我大晋","0","2","2"
"多么庄严的","0","2","2"
"么庄严的宗","0","2","2"
"庄严的宗庙","0","2","2"
"世代相传而","0","2","2"
"我大宋王朝","0","2","2"
"多么美好的","0","2","2"
"万方都来朝","0","2","2"
"皇上登基如","0","2","2"
"上登基如飞","0","2","2"
"登基如飞龙","0","2","2"
"基如飞龙在","0","2","2"
"如飞龙在天","0","2","2"
"使人民有充","0","2","2"
"人民有充足","0","2","2"
"民有充足的","0","2","2"
"声威和教化","0","2","2"
"庄盛美的圣","0","2","2"
"世代相传的","0","2","2"
"我有美好的","0","2","2"
"有美好的客","0","2","2"
"美好的客人","0","2","2"
"是多么伟大","0","2","2"
"日月重放光","0","2","2"
"月重放光明","0","2","2"
"万事万物都","0","2","2"
"上为王公上","0","2","2"
"为王公上寿","0","2","2"
"永不忘记承","0","2","2"
"不忘记承继","0","2","2"
"忘记承继先","0","2","2"
"记承继先业","0","2","2"
"的计划多么","0","2","2"
"受皇上的恩","0","2","2"
"皇上的恩惠","0","2","2"
"皇上的美德","0","2","2"
"上为雅乐正","0","2","2"
"为雅乐正旦","0","2","2"
"的教化无远","0","2","2"
"帝王大业大","0","2","2"
"丰盛的菜肴","0","2","2"
"开放了四方","0","2","2"
"放了四方之","0","2","2"
"了四方之门","0","2","2"
"多么光明显","0","2","2"
"么光明显耀","0","2","2"
"盛美的功业","0","2","2"
"与神灵相通","0","2","2"
"与天地同存","0","2","2"
"充分表现出","0","2","2"
"分表现出来","0","2","2"
"无不朝贡称","0","2","2"
"不朝贡称臣","0","2","2"
"成为天下的","0","2","2"
"用六条龙拉","0","2","2"
"游行到四海","0","2","2"
"了好长时间","0","2","2"
"从西北方来","0","2","2"
"赤松子和王","0","2","2"
"松子和王子","0","2","2"
"子和王子乔","0","2","2"
"寿命都有终","0","2","2"
"命都有终止","0","2","2"
"都有终止的","0","2","2"
"有终止的期","0","2","2"
"终止的期限","0","2","2"
"在天地之间","0","2","2"
"装得满满的","0","2","2"
"排列成一行","0","2","2"
"列成一行行","0","2","2"
"啊!我人民","0","2","2"
"将天下纳入","0","2","2"
"天下纳入正","0","2","2"
"下纳入正轨","0","2","2"
"天子就近在","0","2","2"
"子就近在我","0","2","2"
"就近在我面","0","2","2"
"近在我面前","0","2","2"
"沾湿了衣裳","0","2","2"
"的心是多么","0","2","2"
"的日子多么","0","2","2"
"不会满足它","0","2","2"
"会满足它的","0","2","2"
"我住在崑喻","0","2","2"
"住在崑喻山","0","2","2"
"逝去的难以","0","2","2"
"去的难以追","0","2","2"
"的难以追回","0","2","2"
"树木是多么","0","2","2"
"木是多么萧","0","2","2"
"我希望登上","0","2","2"
"希望登上泰","0","2","2"
"望登上泰华","0","2","2"
"登上泰华山","0","2","2"
"天地是多么","0","2","2"
"地是多么长","0","2","2"
"是多么长久","0","2","2"
"多么明亮的","0","2","2"
"么明亮的日","0","2","2"
"明亮的日月","0","2","2"
"亮的日月光","0","2","2"
"的日月光辉","0","2","2"
"有什么地方","0","2","2"
"什么地方不","0","2","2"
"么地方不受","0","2","2"
"地方不受它","0","2","2"
"方不受它照","0","2","2"
"不受它照耀","0","2","2"
"春夏秋冬轮","0","2","2"
"夏秋冬轮流","0","2","2"
"秋冬轮流逝","0","2","2"
"冬轮流逝去","0","2","2"
"门也忧愁苦","0","2","2"
"也忧愁苦恼","0","2","2"
"蓄积道德而","0","2","2"
"轻快的战船","0","2","2"
"我心中惆怅","0","2","2"
"北斗星纵横","0","2","2"
"斗星纵横天","0","2","2"
"星纵横天上","0","2","2"
"人看到罗敷","0","2","2"
"的人忘了他","0","2","2"
"人忘了他的","0","2","2"
"马停下来不","0","2","2"
"停下来不走","0","2","2"
"都住在洞中","0","2","2"
"有多少时候","0","2","2"
"在位的时候","0","2","2"
"远近的人都","0","2","2"
"的人是谁?","0","2","2"
"夫君的胸怀","0","2","2"
"太魏顺应上","0","2","2"
"魏顺应上天","0","2","2"
"顺应上天的","0","2","2"
"应上天的符","0","2","2"
"上天的符命","0","2","2"
"天赐的福禄","0","2","2"
"赐的福禄由","0","2","2"
"的福禄由此","0","2","2"
"福禄由此刚","0","2","2"
"禄由此刚起","0","2","2"
"由此刚起始","0","2","2"
"可以感动神","0","2","2"
"以感动神灵","0","2","2"
"阴气厉而凄","0","2","2"
"气厉而凄清","0","2","2"
"章和二年中","0","2","2"
"圣祖接受上","0","2","2"
"祖接受上天","0","2","2"
"接受上天命","0","2","2"
"顺应天道辅","0","2","2"
"应天道辅助","0","2","2"
"天道辅助魏","0","2","2"
"道辅助魏皇","0","2","2"
"英明作决断","0","2","2"
"伊尹和周公","0","2","2"
"是天子教化","0","2","2"
"天子教化之","0","2","2"
"子教化之基","0","2","2"
"黄鹄高飞翩","0","2","2"
"鹄高飞翩翩","0","2","2"
"高飞翩翩翻","0","2","2"
"其中十八句","0","2","2"
"中十八句每","0","2","2"
"十八句每句","0","2","2"
"六句每句四","0","2","2"
"共二十一句","0","2","2"
"其中五句每","0","2","2"
"中五句每句","0","2","2"
"十二句每句","0","2","2"
"三句每句五","0","2","2"
"其中十七句","0","2","2"
"中十七句每","0","2","2"
"十七句每句","0","2","2"
"麒麟行郊野","0","2","2"
"共二十六句","0","2","2"
"其中一句三","0","2","2"
"中一句三字","0","2","2"
"二句每句五","0","2","2"
"二句每句三","0","2","2"
"五句每句五","0","2","2"
"三句每句七","0","2","2"
"句每句七字","0","2","2"
"抵御诸葛亮","0","2","2"
"诸葛亮惊恐","0","2","2"
"葛亮惊恐而","0","2","2"
"亮惊恐而死","0","2","2"
"歌咏文皇帝","0","2","2"
"歌咏圣皇顺","0","2","2"
"咏圣皇顺应","0","2","2"
"歌咏圣皇登","0","2","2"
"咏圣皇登上","0","2","2"
"圣皇登上帝","0","2","2"
"用兵先誓师","0","2","2"
"礼仪完备道","0","2","2"
"仪完备道义","0","2","2"
"完备道义举","0","2","2"
"篇相当于漠","0","2","2"
"其中八句每","0","2","2"
"中八句每句","0","2","2"
"以前的友好","0","2","2"
"前的友好关","0","2","2"
"的友好关系","0","2","2"
"周公要西归","0","2","2"
"倒伏之禾重","0","2","2"
"伏之禾重起","0","2","2"
"之禾重起复","0","2","2"
"率领万民迁","0","2","2"
"天地的形状","0","2","2"
"八十二度又","0","2","2"
"十二度又十","0","2","2"
"二度又十二","0","2","2"
"十二分之七","0","2","2"
"七十二度范","0","2","2"
"十二度范围","0","2","2"
"二度范围内","0","2","2"
"九十一度又","0","2","2"
"十一度又十","0","2","2"
"一度又十二","0","2","2"
"一半在赤道","0","2","2"
"在奎宿十四","0","2","2"
"点与赤道相","0","2","2"
"与赤道相去","0","2","2"
"赤道相去二","0","2","2"
"道相去二十","0","2","2"
"相去二十四","0","2","2"
"去二十四度","0","2","2"
"曰太阳在斗","0","2","2"
"五度又十二","0","2","2"
"出于辰入于","0","2","2"
"于辰入于申","0","2","2"
"运行一百四","0","2","2"
"行一百四十","0","2","2"
"一百四十六","0","2","2"
"四十六度又","0","2","2"
"十六度又十","0","2","2"
"六度又十二","0","2","2"
"裹在地下运","0","2","2"
"运行二百一","0","2","2"
"行二百一十","0","2","2"
"一十九度又","0","2","2"
"十九度又十","0","2","2"
"九度又十二","0","2","2"
"地上运行的","0","2","2"
"上运行的度","0","2","2"
"行的度数逐","0","2","2"
"的度数逐渐","0","2","2"
"太阳逐渐向","0","2","2"
"出于寅入于","0","2","2"
"于寅入于戌","0","2","2"
"所以白天长","0","2","2"
"行的度数渐","0","2","2"
"的度数渐渐","0","2","2"
"于卯入于酉","0","2","2"
"的白天黑夜","0","2","2"
"二刻半时称","0","2","2"
"刻半时称为","0","2","2"
"为三十五万","0","2","2"
"中天时表的","0","2","2"
"天时表的影","0","2","2"
"时表的影长","0","2","2"
"一万五千里","0","2","2"
"形状为正圆","0","2","2"
"探求其含意","0","2","2"
"设置天文仪","0","2","2"
"置天文仪器","0","2","2"
"浑仪的粗疏","0","2","2"
"仪的粗疏精","0","2","2"
"的粗疏精密","0","2","2"
"造的浑天仪","0","2","2"
"分又十二分","0","2","2"
"太阳入而月","0","2","2"
"阳入而月出","0","2","2"
"入而月出现","0","2","2"
"而月出现于","0","2","2"
"月出现于西","0","2","2"
"月出现于东","0","2","2"
"都向西运行","0","2","2"
"时月出现于","0","2","2"
"而天运行近","0","2","2"
"天之气到来","0","2","2"
"大星代表天","0","2","2"
"星代表天王","0","2","2"
"天象对王者","0","2","2"
"象对王者不","0","2","2"
"对王者不利","0","2","2"
"进入太微垣","0","2","2"
"三十天以上","0","2","2"
"十天以上则","0","2","2"
"天以上则君","0","2","2"
"以上则君主","0","2","2"
"君主将有大","0","2","2"
"主将有大忧","0","2","2"
"执法大臣被","0","2","2"
"预示的灾难","0","2","2"
"星代表将相","0","2","2"
"白天出现于","0","2","2"
"星出现于翼","0","2","2"
"出现于翼宿","0","2","2"
"翼宿又属楚","0","2","2"
"宿又属楚地","0","2","2"
"又属楚地分","0","2","2"
"属楚地分野","0","2","2"
"金星犯火星","0","2","2"
"诸葛亮占据","0","2","2"
"葛亮占据渭","0","2","2"
"亮占据渭南","0","2","2"
"管斩杀之事","0","2","2"
"有忧患之天","0","2","2"
"忧患之天象","0","2","2"
"以晷上度数","0","2","2"
"晷上度数推","0","2","2"
"上度数推算","0","2","2"
"当时诸葛亮","0","2","2"
"示君主将死","0","2","2"
"金星又犯井","0","2","2"
"星又犯井铁","0","2","2"
"凡是月或五","0","2","2"
"是月或五大","0","2","2"
"大行星犯井","0","2","2"
"行星犯井铁","0","2","2"
"马懿征讨而","0","2","2"
"懿征讨而消","0","2","2"
"征讨而消灭","0","2","2"
"土星犯束井","0","2","2"
"人将有忧患","0","2","2"
"尾宿代表燕","0","2","2"
"宿代表燕地","0","2","2"
"将有战争之","0","2","2"
"金星又白天","0","2","2"
"俘虏一万多","0","2","2"
"虏一万多人","0","2","2"
"有长三尺的","0","2","2"
"长三尺的彗","0","2","2"
"三尺的彗星","0","2","2"
"星主管军事","0","2","2"
"吴将朱然围","0","2","2"
"将朱然围攻","0","2","2"
"天象预示显","0","2","2"
"象预示显贵","0","2","2"
"显贵之人将","0","2","2"
"太子有忧患","0","2","2"
"被废为齐王","0","2","2"
"星出现于张","0","2","2"
"出现于张宿","0","2","2"
"象预示战争","0","2","2"
"天象预示军","0","2","2"
"流星所坠之","0","2","2"
"星所坠之地","0","2","2"
"之国将有战","0","2","2"
"国将有战争","0","2","2"
"战争与丧事","0","2","2"
"帝王的宗庙","0","2","2"
"丈的彗星出","0","2","2"
"之地的分野","0","2","2"
"天象预示吴","0","2","2"
"兵将有行动","0","2","2"
"又犯舆鬼宿","0","2","2"
"土星犯亢宿","0","2","2"
"二十三天后","0","2","2"
"十三天后消","0","2","2"
"三天后消失","0","2","2"
"持续一百五","0","2","2"
"续一百五十","0","2","2"
"百五十六天","0","2","2"
"五十六天后","0","2","2"
"十六天后消","0","2","2"
"六天后消失","0","2","2"
"彗星的出现","0","2","2"
"星犯毕宿距","0","2","2"
"不宜出宫下","0","2","2"
"宜出宫下殿","0","2","2"
"象预示国政","0","2","2"
"预示国政混","0","2","2"
"示国政混乱","0","2","2"
"将有大臣被","0","2","2"
"其对应之国","0","2","2"
"天象的应验","0","2","2"
"星出现预示","0","2","2"
"出现预示将","0","2","2"
"现预示将有","0","2","2"
"国家将有忧","0","2","2"
"家将有忧患","0","2","2"
"等阴谋作乱","0","2","2"
"作乱被诛杀","0","2","2"
"九十天后消","0","2","2"
"二十天后消","0","2","2"
"属兖州分野","0","2","2"
"旧布新之天","0","2","2"
"布新之天象","0","2","2"
"全部被诛杀","0","2","2"
"后也被废黜","0","2","2"
"贵乡公正五","0","2","2"
"五元年十一","0","2","2"
"火星犯东井","0","2","2"
"星犯东井宿","0","2","2"
"星犯南斗之","0","2","2"
"犯南斗之宿","0","2","2"
"金星犯斗宿","0","2","2"
"金星犯亢宿","0","2","2"
"廷之臣作乱","0","2","2"
"国家有大丧","0","2","2"
"犯舆鬼宿东","0","2","2"
"舆鬼宿东南","0","2","2"
"二人都被诛","0","2","2"
"人都被诛灭","0","2","2"
"魏帝让位于","0","2","2"
"帝让位于晋","0","2","2"
"五天后消失","0","2","2"
"代表天子的","0","2","2"
"改朝换代之","0","2","2"
"朝换代之事","0","2","2"
"在轸宿出现","0","2","2"
"代表皇帝的","0","2","2"
"有王被迁徙","0","2","2"
"星出现于女","0","2","2"
"将要改朝换","0","2","2"
"要改朝换代","0","2","2"
"曾经出现过","0","2","2"
"出现的蚩尤","0","2","2"
"现的蚩尤旗","0","2","2"
"应当出现而","0","2","2"
"当出现而不","0","2","2"
"出现而不出","0","2","2"
"现而不出现","0","2","2"
"此天象王者","0","2","2"
"预示天子将","0","2","2"
"表示将有大","0","2","2"
"讨伐赵王司","0","2","2"
"伐赵王司马","0","2","2"
"相互征伐之","0","2","2"
"臣强的应验","0","2","2"
"将有大的行","0","2","2"
"有大的行动","0","2","2"
"揽国家大权","0","2","2"
"不朝见皇帝","0","2","2"
"没有出现过","0","2","2"
"有出现过的","0","2","2"
"替占据华夏","0","2","2"
"宿预示将有","0","2","2"
"预示将有饥","0","2","2"
"魏之地将有","0","2","2"
"木星白天出","0","2","2"
"此天象表示","0","2","2"
"将有大的军","0","2","2"
"有大的军事","0","2","2"
"大的军事行","0","2","2"
"的军事行动","0","2","2"
"天下将有军","0","2","2"
"下将有军事","0","2","2"
"三台星代表","0","2","2"
"台星代表三","0","2","2"
"星代表三公","0","2","2"
"星守太微垣","0","2","2"
"束海王司马","0","2","2"
"海王司马越","0","2","2"
"当时长沙王","0","2","2"
"陨落且有声","0","2","2"
"相应的天象","0","2","2"
"有被诛杀者","0","2","2"
"有星陨落且","0","2","2"
"星出现在北","0","2","2"
"出现在北斗","0","2","2"
"后都有应验","0","2","2"
"金星不按常","0","2","2"
"星不按常规","0","2","2"
"不按常规运","0","2","2"
"按常规运行","0","2","2"
"星与木星合","0","2","2"
"金星犯土星","0","2","2"
"有像虹一样","0","2","2"
"一样的白气","0","2","2"
"民众将流散","0","2","2"
"与扬州对应","0","2","2"
"帝中兴于扬","0","2","2"
"中兴于扬州","0","2","2"
"金星与火星","0","2","2"
"兵进入天子","0","2","2"
"进入天子之","0","2","2"
"轸二宿与荆","0","2","2"
"二宿与荆州","0","2","2"
"宿与荆州对","0","2","2"
"与荆州对应","0","2","2"
"金星与木星","0","2","2"
"火星守井宿","0","2","2"
"诸侯有被杀","0","2","2"
"侯有被杀者","0","2","2"
"金星在斗宿","0","2","2"
"郭景纯认为","0","2","2"
"房宿犯木星","0","2","2"
"火星逆行入","0","2","2"
"星逆行入太","0","2","2"
"有军队陷没","0","2","2"
"军队陷没将","0","2","2"
"队陷没将领","0","2","2"
"陷没将领死","0","2","2"
"没将领死亡","0","2","2"
"将领死亡之","0","2","2"
"领死亡之事","0","2","2"
"死亡之事发","0","2","2"
"亡之事发生","0","2","2"
"预示将有军","0","2","2"
"征西将军座","0","2","2"
"征伐慕容铣","0","2","2"
"预示将相有","0","2","2"
"丞相王导去","0","2","2"
"相王导去世","0","2","2"
"将军庾亮去","0","2","2"
"军庾亮去世","0","2","2"
"接着白天出","0","2","2"
"着白天出现","0","2","2"
"天象表示将","0","2","2"
"象表示将有","0","2","2"
"表示将有饥","0","2","2"
"天象预示王","0","2","2"
"于是内外戒","0","2","2"
"是内外戒严","0","2","2"
"所预示的灾","0","2","2"
"星犯房宿上","0","2","2"
"这预示国家","0","2","2"
"月又于昴宿","0","2","2"
"又于昴宿犯","0","2","2"
"而向西运行","0","2","2"
"遣天象预示","0","2","2"
"火星纵向运","0","2","2"
"预示上将有","0","2","2"
"示上将有忧","0","2","2"
"象预示大将","0","2","2"
"火星犯上将","0","2","2"
"金星入舆鬼","0","2","2"
"此表示臣太","0","2","2"
"木星犯天关","0","2","2"
"星白天在束","0","2","2"
"白天在束井","0","2","2"
"的荆州刺史","0","2","2"
"荆州刺史之","0","2","2"
"星犯南斗第","0","2","2"
"殷浩北伐失","0","2","2"
"浩北伐失败","0","2","2"
"表示将相有","0","2","2"
"火星犯木星","0","2","2"
"表示将有战","0","2","2"
"时天象相同","0","2","2"
"表示大将军","0","2","2"
"占辞各自与","0","2","2"
"辞各自与前","0","2","2"
"各自与前面","0","2","2"
"自与前面相","0","2","2"
"相应天象一","0","2","2"
"应天象一样","0","2","2"
"火星犯轩辕","0","2","2"
"一样的流星","0","2","2"
"木星犯东井","0","2","2"
"金星入南斗","0","2","2"
"犯其第四星","0","2","2"
"灾异多次出","0","2","2"
"异多次出现","0","2","2"
"星白天在东","0","2","2"
"白天在东井","0","2","2"
"天在东井之","0","2","2"
"东井之宿出","0","2","2"
"微垣犯西蕃","0","2","2"
"垣犯西蕃上","0","2","2"
"请求自贬三","0","2","2"
"求自贬三等","0","2","2"
"权力掌握在","0","2","2"
"预示豫州有","0","2","2"
"示豫州有灾","0","2","2"
"在胃宿之中","0","2","2"
"张宿犯土星","0","2","2"
"宿与三河对","0","2","2"
"与三河对应","0","2","2"
"星于太微垣","0","2","2"
"太微垣之中","0","2","2"
"预示大将死","0","2","2"
"预示将有丧","0","2","2"
"危宿掩金星","0","2","2"
"月在参宿掩","0","2","2"
"海西太和元","0","2","2"
"西太和元年","0","2","2"
"星出现在紫","0","2","2"
"这表示天子","0","2","2"
"星在须女之","0","2","2"
"之宿犯土星","0","2","2"
"是内乱的应","0","2","2"
"内乱的应验","0","2","2"
"月掩心宿大","0","2","2"
"掩心宿大星","0","2","2"
"星出现于天","0","2","2"
"出现于天市","0","2","2"
"示左将军死","0","2","2"
"掩左执法星","0","2","2"
"执法大臣将","0","2","2"
"将发生饥荒","0","2","2"
"星犯哭泣星","0","2","2"
"兖州对应的","0","2","2"
"预示楚地有","0","2","2"
"示楚地有战","0","2","2"
"楚地有战争","0","2","2"
"地有战争及","0","2","2"
"亲自率领大","0","2","2"
"自率领大军","0","2","2"
"刘牢之打败","0","2","2"
"木星白天在","0","2","2"
"鲁地有战争","0","2","2"
"这预示有乱","0","2","2"
"预示有乱臣","0","2","2"
"当时政事多","0","2","2"
"政事多弊病","0","2","2"
"长十余丈的","0","2","2"
"发兵上表请","0","2","2"
"兵上表请朝","0","2","2"
"上表请朝廷","0","2","2"
"表请朝廷诛","0","2","2"
"请朝廷诛杀","0","2","2"
"朝廷诛杀王","0","2","2"
"廷诛杀王国","0","2","2"
"诛杀王国宣","0","2","2"
"朝廷从而杀","0","2","2"
"廷从而杀之","0","2","2"
"并杀其弟王","0","2","2"
"杀其弟王绪","0","2","2"
"司马道子从","0","2","2"
"马道子从此","0","2","2"
"道子从此失","0","2","2"
"子从此失去","0","2","2"
"从此失去权","0","2","2"
"此失去权势","0","2","2"
"孝武帝突然","0","2","2"
"像粉絮一样","0","2","2"
"粉絮一样的","0","2","2"
"金星连续白","0","2","2"
"星连续白天","0","2","2"
"连续白天在","0","2","2"
"白天在羽林","0","2","2"
"天在羽林出","0","2","2"
"在羽林出现","0","2","2"
"火星犯少微","0","2","2"
"孙恩再次攻","0","2","2"
"桓玄攻克京","0","2","2"
"十分之六七","0","2","2"
"桓玄篡夺皇","0","2","2"
"犯木星．占","0","2","2"
"木星．占辞","0","2","2"
"一样的客星","0","2","2"
"星出现在太","0","2","2"
"出现在太微","0","2","2"
"太微垣之西","0","2","2"
"火星逆行在","0","2","2"
"星与金星都","0","2","2"
"与金星都犯","0","2","2"
"金星都犯羽","0","2","2"
"星都犯羽林","0","2","2"
"自立为蜀王","0","2","2"
"月掩土星于","0","2","2"
"天下有战争","0","2","2"
"司马国墦等","0","2","2"
"马国墦等攻","0","2","2"
"国墦等攻陷","0","2","2"
"当时文处茂","0","2","2"
"火星犯氐宿","0","2","2"
"氐宿代表皇","0","2","2"
"宿代表皇帝","0","2","2"
"代表皇帝宿","0","2","2"
"表皇帝宿宫","0","2","2"
"火星犯之则","0","2","2"
"金星都入羽","0","2","2"
"刘敬宣征伐","0","2","2"
"敬宣征伐蜀","0","2","2"
"宣征伐蜀地","0","2","2"
"星白天在参","0","2","2"
"金星掩火星","0","2","2"
"州刺史何无","0","2","2"
"刺史何无忌","0","2","2"
"万余人进攻","0","2","2"
"者十有八九","0","2","2"
"卢循还归番","0","2","2"
"循还归番禺","0","2","2"
"攻孙季高而","0","2","2"
"孙季高而不","0","2","2"
"季高而不能","0","2","2"
"高而不能克","0","2","2"
"退走交州而","0","2","2"
"走交州而被","0","2","2"
"交州而被交","0","2","2"
"州而被交州","0","2","2"
"而被交州刺","0","2","2"
"被交州刺史","0","2","2"
"到彦之进攻","0","2","2"
"辞同义熙三","0","2","2"
"同义熙三年","0","2","2"
"木星入羽林","0","2","2"
"星在奎宿犯","0","2","2"
"在奎宿犯木","0","2","2"
"奎宿犯木星","0","2","2"
"斗宿第五星","0","2","2"
"益州刺史朱","0","2","2"
"州刺史朱龄","0","2","2"
"刺史朱龄石","0","2","2"
"史朱龄石征","0","2","2"
"星白天在翼","0","2","2"
"白天在翼宿","0","2","2"
"天在翼宿出","0","2","2"
"在翼宿出现","0","2","2"
"星与土星合","0","2","2"
"．占辞同上","0","2","2"
"聚于束井之","0","2","2"
"星聚于奎宿","0","2","2"
"高祖平定关","0","2","2"
"而五星聚于","0","2","2"
"四星聚于心","0","2","2"
"星聚于心宿","0","2","2"
"四星聚于尾","0","2","2"
"有帝王兴起","0","2","2"
"与吴地对应","0","2","2"
"土星犯舆鬼","0","2","2"
"兴盛的象征","0","2","2"
"纵向运行入","0","2","2"
"向运行入太","0","2","2"
"金星纵向运","0","2","2"
"土星犯太微","0","2","2"
"亡君的警戒","0","2","2"
"出现于北斗","0","2","2"
"现于北斗魁","0","2","2"
"示将有丧乱","0","2","2"
"角宿代表天","0","2","2"
"宿代表天门","0","2","2"
"长沙景王刘","0","2","2"
"沙景王刘道","0","2","2"
"景王刘道怜","0","2","2"
"房宿代表明","0","2","2"
"宿代表明堂","0","2","2"
"王刘义真被","0","2","2"
"刘义真被废","0","2","2"
"义真被废黜","0","2","2"
"皇后应此灾","0","2","2"
"这表示将有","0","2","2"
"太微垣而犯","0","2","2"
"而犯左执法","0","2","2"
"其尾长二十","0","2","2"
"索虏进攻青","0","2","2"
"火星入束井","0","2","2"
"星入束井之","0","2","2"
"白虹在东方","0","2","2"
"虹在东方出","0","2","2"
"金星犯上将","0","2","2"
"火星犯积尸","0","2","2"
"月掩天关东","0","2","2"
"掩天关东井","0","2","2"
"大的流星出","0","2","2"
"当时司徒彭","0","2","2"
"又有一大流","0","2","2"
"有一大流星","0","2","2"
"颗流星向西","0","2","2"
"表示有大臣","0","2","2"
"木星犯太微","0","2","2"
"反叛被平定","0","2","2"
"上表请求解","0","2","2"
"天象预示民","0","2","2"
"象预示民众","0","2","2"
"因反叛被杀","0","2","2"
"时间不超过","0","2","2"
"竞陵王刘诞","0","2","2"
"陵王刘诞反","0","2","2"
"王刘诞反叛","0","2","2"
"火星在束井","0","2","2"
"海陵王刘休","0","2","2"
"这预示有反","0","2","2"
"预示有反臣","0","2","2"
"之率领羽林","0","2","2"
"预示君主有","0","2","2"
"示君主有忧","0","2","2"
"有哭泣之声","0","2","2"
"这预示王公","0","2","2"
"预示王公大","0","2","2"
"示王公大臣","0","2","2"
"天象预示皇","0","2","2"
"向西南运行","0","2","2"
"消失在天市","0","2","2"
"失在天市垣","0","2","2"
"王公大臣将","0","2","2"
"公大臣将有","0","2","2"
"皇后相继去","0","2","2"
"后相继去世","0","2","2"
"民众饥饿流","0","2","2"
"预示君主不","0","2","2"
"示君主不安","0","2","2"
"君主不安宁","0","2","2"
"豫章王刘子","0","2","2"
"章王刘子尚","0","2","2"
"应承受这天","0","2","2"
"木星入氐宿","0","2","2"
"庐陵王刘敬","0","2","2"
"陵王刘敬先","0","2","2"
"民众流散的","0","2","2"
"天出现在南","0","2","2"
"晋平王刘休","0","2","2"
"天子的宿宫","0","2","2"
"王刘景素占","0","2","2"
"刘景素占据","0","2","2"
"素占据京口","0","2","2"
"王公将有忧","0","2","2"
"公将有忧患","0","2","2"
"舆鬼宿之西","0","2","2"
"鬼宿之西北","0","2","2"
"宿之西北星","0","2","2"
"就认为拥有","0","2","2"
"乱臣贼子的","0","2","2"
"接受天命的","0","2","2"
"受天命的符","0","2","2"
"出现的符瑞","0","2","2"
"德光照天下","0","2","2"
"有凤凰飞集","0","2","2"
"有时栖息在","0","2","2"
"星像彩虹一","0","2","2"
"像彩虹一般","0","2","2"
"怀孕十四个","0","2","2"
"孕十四个月","0","2","2"
"十四个月后","0","2","2"
"在台阶两旁","0","2","2"
"台阶两旁生","0","2","2"
"阶两旁生长","0","2","2"
"上赤色花纹","0","2","2"
"于是尧让位","0","2","2"
"是尧让位于","0","2","2"
"尧让位于舜","0","2","2"
"神的衣服从","0","2","2"
"凤凰在庭前","0","2","2"
"献上白环和","0","2","2"
"演奏钟磬笙","0","2","2"
"奏钟磬笙管","0","2","2"
"从洞穴中出","0","2","2"
"洞穴中出来","0","2","2"
"木生长茂盛","0","2","2"
"高辛氏的妃","0","2","2"
"辛氏的妃子","0","2","2"
"氏的妃子名","0","2","2"
"随从天子到","0","2","2"
"从天子到郊","0","2","2"
"天子到郊外","0","2","2"
"子到郊外祭","0","2","2"
"对百姓有功","0","2","2"
"百姓有功劳","0","2","2"
"于是有了身","0","2","2"
"是有了身孕","0","2","2"
"兴起的符瑞","0","2","2"
"的妃子名太","0","2","2"
"五星聚集房","0","2","2"
"星聚集房宿","0","2","2"
"烧煮白鱼祭","0","2","2"
"煮白鱼祭告","0","2","2"
"白鱼祭告上","0","2","2"
"鱼祭告上天","0","2","2"
"是吉祥的征","0","2","2"
"而天下归于","0","2","2"
"天下归于亘","0","2","2"
"下归于亘皇","0","2","2"
"归于亘皇王","0","2","2"
"把这件事告","0","2","2"
"这件事告诉","0","2","2"
"有天子之气","0","2","2"
"从怀中取出","0","2","2"
"怀中取出一","0","2","2"
"得到一枚玉","0","2","2"
"从平民成为","0","2","2"
"齐国田氏的","0","2","2"
"国田氏的后","0","2","2"
"田氏的后代","0","2","2"
"光武帝开始","0","2","2"
"将此事告诉","0","2","2"
"才安定下来","0","2","2"
"没有记载的","0","2","2"
"这是什么兆","0","2","2"
"是什么兆头","0","2","2"
"什么兆头?","0","2","2"
"这大概是天","0","2","2"
"黄龙又出现","0","2","2"
"说是凤凰聚","0","2","2"
"是凤凰聚集","0","2","2"
"自己的亲子","0","2","2"
"陛下承受天","0","2","2"
"下承受天命","0","2","2"
"即位登基的","0","2","2"
"位登基的征","0","2","2"
"登基的征验","0","2","2"
"就在今年今","0","2","2"
"在今年今月","0","2","2"
"十分清晰明","0","2","2"
"分清晰明显","0","2","2"
"岁星在鹑火","0","2","2"
"周武王讨伐","0","2","2"
"岁星又在大","0","2","2"
"星又在大梁","0","2","2"
"承受天命的","0","2","2"
"颛顼承受天","0","2","2"
"顼承受天命","0","2","2"
"在豕韦分野","0","2","2"
"以土德承续","0","2","2"
"二月戊辰日","0","2","2"
"白虹流贯太","0","2","2"
"虹流贯太阳","0","2","2"
"是除旧布新","0","2","2"
"荧惑是火精","0","2","2"
"因为战乱而","0","2","2"
"有五种色彩","0","2","2"
"明显的征兆","0","2","2"
"无知的儿孙","0","2","2"
"当因为许昌","0","2","2"
"邾国的天下","0","2","2"
"高贵乡公最","0","2","2"
"垂手超过膝","0","2","2"
"手超过膝盖","0","2","2"
"在这个地方","0","2","2"
"有黄龙出现","0","2","2"
"居住在一起","0","2","2"
"走了三十来","0","2","2"
"了三十来步","0","2","2"
"不是一般的","0","2","2"
"梦见月亮进","0","2","2"
"见月亮进入","0","2","2"
"月亮进入胸","0","2","2"
"亮进入胸怀","0","2","2"
"又梦见太阳","0","2","2"
"梦见太阳进","0","2","2"
"见太阳进入","0","2","2"
"太阳进入胸","0","2","2"
"阳进入胸怀","0","2","2"
"宣帝司马懿","0","2","2"
"足迹长三尺","0","2","2"
"占卜者认为","0","2","2"
"琅邪武王司","0","2","2"
"邪武王司马","0","2","2"
"人认为这是","0","2","2"
"一马化为龙","0","2","2"
"得到五枚铜","0","2","2"
"到五枚铜铎","0","2","2"
"将毗陵改为","0","2","2"
"毗陵改为晋","0","2","2"
"陵改为晋陵","0","2","2"
"出生的那天","0","2","2"
"他母亲去世","0","2","2"
"当时司徒王","0","2","2"
"失去君主的","0","2","2"
"火星是宋的","0","2","2"
"星是宋的分","0","2","2"
"入太微星的","0","2","2"
"太微星的位","0","2","2"
"微星的位置","0","2","2"
"停留了二百","0","2","2"
"到元熙元年","0","2","2"
"认为是吉祥","0","2","2"
"为是吉祥的","0","2","2"
"是吉祥的兆","0","2","2"
"吉祥的兆头","0","2","2"
"是宋朝国运","0","2","2"
"麒麟在郡国","0","2","2"
"麟在郡国出","0","2","2"
"八月戊子日","0","2","2"
"正月壬午曰","0","2","2"
"东郡的濮阳","0","2","2"
"九月甲午曰","0","2","2"
"出现于辽东","0","2","2"
"声符合五音","0","2","2"
"停留在泰山","0","2","2"
"十月壬午日","0","2","2"
"和元年十一","0","2","2"
"现于济阴的","0","2","2"
"又郡国十三","0","2","2"
"郡国十三次","0","2","2"
"国十三次上","0","2","2"
"十三次上报","0","2","2"
"说有凤凰出","0","2","2"
"有凤凰出现","0","2","2"
"三次出现于","0","2","2"
"彭城王刘盏","0","2","2"
"城王刘盏尘","0","2","2"
"在前面引路","0","2","2"
"仁德施及渊","0","2","2"
"德施及渊泉","0","2","2"
"龙出现于东","0","2","2"
"出现于东莱","0","2","2"
"龙出现于郡","0","2","2"
"白龙出现于","0","2","2"
"龙出现于济","0","2","2"
"现于济南的","0","2","2"
"出现于琅邪","0","2","2"
"两次出现于","0","2","2"
"出现于沛国","0","2","2"
"龙出现于巴","0","2","2"
"三次上报说","0","2","2"
"次上报说出","0","2","2"
"上报说出现","0","2","2"
"报说出现了","0","2","2"
"正月甲申曰","0","2","2"
"正月辛丑曰","0","2","2"
"出现于软县","0","2","2"
"现于软县的","0","2","2"
"于软县的井","0","2","2"
"软县的井中","0","2","2"
"在元城县境","0","2","2"
"元城县境内","0","2","2"
"龙又出现于","0","2","2"
"黄龙二次出","0","2","2"
"出现于武陵","0","2","2"
"现于武陵的","0","2","2"
"出现于太原","0","2","2"
"居民的井中","0","2","2"
"一月癸巳日","0","2","2"
"龙出现于京","0","2","2"
"出现于永昌","0","2","2"
"四月己丑曰","0","2","2"
"五月戊戌曰","0","2","2"
"龟出现于会","0","2","2"
"二月甲辰日","0","2","2"
"龟献上朝廷","0","2","2"
"于吴兴的余","0","2","2"
"吴兴的余杭","0","2","2"
"十月甲午曰","0","2","2"
"毛龟出现于","0","2","2"
"出现于宣城","0","2","2"
"六月壬寅曰","0","2","2"
"它献给朝廷","0","2","2"
"年八月乙末","0","2","2"
"八月乙末日","0","2","2"
"眼龟出现于","0","2","2"
"守王蕴献上","0","2","2"
"王蕴献上朝","0","2","2"
"蕴献上朝廷","0","2","2"
"神马在南城","0","2","2"
"马在南城门","0","2","2"
"有节制就会","0","2","2"
"白象出现于","0","2","2"
"于零陵的洮","0","2","2"
"零陵的洮阳","0","2","2"
"南谯王刘盏","0","2","2"
"谯王刘盏宣","0","2","2"
"九尾狐出现","0","2","2"
"尾狐出现于","0","2","2"
"一月甲午日","0","2","2"
"扶风的雍地","0","2","2"
"五月甲辰日","0","2","2"
"上朝廷．太","0","2","2"
"七月壬子日","0","2","2"
"鹿出现于交","0","2","2"
"晋陵的延陵","0","2","2"
"鹿出现于江","0","2","2"
"出现于江乘","0","2","2"
"和四年五月","0","2","2"
"和九年八月","0","2","2"
"年八月己末","0","2","2"
"八月己末日","0","2","2"
"鹿出现于豫","0","2","2"
"于豫章的望","0","2","2"
"刺史桓玄上","0","2","2"
"史桓玄上报","0","2","2"
"桓玄上报朝","0","2","2"
"出现于东莞","0","2","2"
"五月甲午曰","0","2","2"
"出现于南汝","0","2","2"
"现于南汝阴","0","2","2"
"文道恩献上","0","2","2"
"道恩献上朝","0","2","2"
"恩献上朝廷","0","2","2"
"祖献上朝廷","0","2","2"
"二月戊戌日","0","2","2"
"出现于鄱阳","0","2","2"
"史朱脩之献","0","2","2"
"朱脩之献上","0","2","2"
"脩之献上朝","0","2","2"
"现于临川的","0","2","2"
"于临川的西","0","2","2"
"临川的西丰","0","2","2"
"四月甲申日","0","2","2"
"出现于桂阳","0","2","2"
"现于桂阳的","0","2","2"
"史山阳王刘","0","2","2"
"正月癸巳曰","0","2","2"
"于南琅邪的","0","2","2"
"刘延孙献上","0","2","2"
"延孙献上朝","0","2","2"
"统一就会出","0","2","2"
"一就会出现","0","2","2"
"颖川的阳翟","0","2","2"
"饶安县说出","0","2","2"
"安县说出现","0","2","2"
"虎出现于豫","0","2","2"
"说白虎屡次","0","2","2"
"白虎屡次出","0","2","2"
"虎屡次出现","0","2","2"
"守蔡兴宗上","0","2","2"
"蔡兴宗上报","0","2","2"
"兴宗上报朝","0","2","2"
"獐出现于梁","0","2","2"
"五月癸酉日","0","2","2"
"獐出现于吴","0","2","2"
"丹阳的永世","0","2","2"
"永和十二年","0","2","2"
"和十二年十","0","2","2"
"出现于荆州","0","2","2"
"年五月癸末","0","2","2"
"五月癸末日","0","2","2"
"现于义兴的","0","2","2"
"獐出现于汝","0","2","2"
"月辛未初一","0","2","2"
"出现于束莱","0","2","2"
"现于束莱的","0","2","2"
"王刘子仁献","0","2","2"
"刘子仁献上","0","2","2"
"子仁献上朝","0","2","2"
"王刘休仁献","0","2","2"
"刘休仁献上","0","2","2"
"休仁献上朝","0","2","2"
"王刘子顼献","0","2","2"
"刘子顼献上","0","2","2"
"子顼献上朝","0","2","2"
"顼献上朝廷","0","2","2"
"刘秀之献上","0","2","2"
"秀之献上朝","0","2","2"
"北海的都昌","0","2","2"
"秀献上朝廷","0","2","2"
"正月癸卯曰","0","2","2"
"出现于汝阴","0","2","2"
"汝阴的楼烦","0","2","2"
"五月甲寅曰","0","2","2"
"皇太子献上","0","2","2"
"太子献上朝","0","2","2"
"子献上朝廷","0","2","2"
"会稽的诸暨","0","2","2"
"衔丹书来临","0","2","2"
"四月癸酉曰","0","2","2"
"内史臧绰上","0","2","2"
"史臧绰上报","0","2","2"
"臧绰上报朝","0","2","2"
"绰上报朝廷","0","2","2"
"五月己亥曰","0","2","2"
"在城上获得","0","2","2"
"太傅假黄铁","0","2","2"
"傅假黄铁江","0","2","2"
"假黄铁江夏","0","2","2"
"黄铁江夏王","0","2","2"
"铁江夏王刘","0","2","2"
"五月丁丑日","0","2","2"
"苍乌出现于","0","2","2"
"出现于襄阳","0","2","2"
"正月戊子日","0","2","2"
"甘露降落于","0","2","2"
"陵说有甘露","0","2","2"
"五月戊子曰","0","2","2"
"露降临于玄","0","2","2"
"降临于降琅","0","2","2"
"临于降琅的","0","2","2"
"于降琅的邪","0","2","2"
"降琅的邪费","0","2","2"
"降临于武昌","0","2","2"
"露降临于宁","0","2","2"
"降临于宁州","0","2","2"
"四月癸巳日","0","2","2"
"咸和八年四","0","2","2"
"和八年四月","0","2","2"
"四月癸卯日","0","2","2"
"露降临于庐","0","2","2"
"城宛陵县的","0","2","2"
"露降临于吴","0","2","2"
"咸和九年十","0","2","2"
"会稽的永兴","0","2","2"
"四月丙子曰","0","2","2"
"永和元年三","0","2","2"
"和元年三月","0","2","2"
"永和五年十","0","2","2"
"和五年十一","0","2","2"
"降临于丹阳","0","2","2"
"史费统上报","0","2","2"
"费统上报朝","0","2","2"
"统上报朝廷","0","2","2"
"于吴兴的乌","0","2","2"
"露降临于初","0","2","2"
"降临于初宁","0","2","2"
"四月丁丑日","0","2","2"
"露降临广陵","0","2","2"
"史赵伯符上","0","2","2"
"赵伯符上报","0","2","2"
"伯符上报朝","0","2","2"
"军临川王刘","0","2","2"
"五月丁卯曰","0","2","2"
"五月乙亥曰","0","2","2"
"二年卜一月","0","2","2"
"苑丞张实上","0","2","2"
"丞张实上报","0","2","2"
"张实上报朝","0","2","2"
"实上报朝廷","0","2","2"
"露降临襄阳","0","2","2"
"降临景阳山","0","2","2"
"钮上报朝廷","0","2","2"
"临寻阳的松","0","2","2"
"寻阳的松滋","0","2","2"
"陵王刘绍上","0","2","2"
"王刘绍上报","0","2","2"
"刘绍上报朝","0","2","2"
"绍上报朝廷","0","2","2"
"七月乙卯曰","0","2","2"
"民上报朝廷","0","2","2"
"考上报朝廷","0","2","2"
"五月甲戌日","0","2","2"
"二月壬午曰","0","2","2"
"．大明三年","0","2","2"
"二月乙巳日","0","2","2"
"秣陵的龙山","0","2","2"
"孔灵符上报","0","2","2"
"灵符上报朝","0","2","2"
"守历阳王刘","0","2","2"
"历阳王刘子","0","2","2"
"阳王刘子顼","0","2","2"
"王刘子顼上","0","2","2"
"刘子顼上报","0","2","2"
"子顼上报朝","0","2","2"
"顼上报朝廷","0","2","2"
"上报朝廷．","0","2","2"
"朝廷．大明","0","2","2"
"廷．大明七","0","2","2"
"．大明七年","0","2","2"
"园令臧延之","0","2","2"
"露降临南束","0","2","2"
"降临南束海","0","2","2"
"帝王有盛德","0","2","2"
"生长于郡国","0","2","2"
"桓帝建和二","0","2","2"
"帝建和二年","0","2","2"
"说有嘉禾生","0","2","2"
"同在一蒂之","0","2","2"
"在一蒂之上","0","2","2"
"太守垣苗上","0","2","2"
"守垣苗上报","0","2","2"
"垣苗上报朝","0","2","2"
"苗上报朝廷","0","2","2"
"嘉禾一茎有","0","2","2"
"禾一茎有九","0","2","2"
"茎有九穗生","0","2","2"
"有九穗生于","0","2","2"
"新野的邓县","0","2","2"
"七月癸酉曰","0","2","2"
"史臧质献上","0","2","2"
"臧质献上朝","0","2","2"
"质献上朝廷","0","2","2"
"嘉禾生于太","0","2","2"
"禾生于太尉","0","2","2"
"嘉禾生在华","0","2","2"
"禾生在华林","0","2","2"
"丞陈袭祖上","0","2","2"
"陈袭祖上报","0","2","2"
"袭祖上报朝","0","2","2"
"祖上报朝廷","0","2","2"
"伯上报朝廷","0","2","2"
"嘉禾野生于","0","2","2"
"禾野生于华","0","2","2"
"野生于华林","0","2","2"
"生于华林园","0","2","2"
"帝承受天命","0","2","2"
"不胜欢欣鼓","0","2","2"
"胜欢欣鼓舞","0","2","2"
"犹如古圣王","0","2","2"
"而感到惭愧","0","2","2"
"的仁德所到","0","2","2"
"仁德所到之","0","2","2"
"德所到之处","0","2","2"
"褚熙伯献上","0","2","2"
"熙伯献上朝","0","2","2"
"嘉禾生于建","0","2","2"
"禾生于建康","0","2","2"
"生于建康的","0","2","2"
"嘉禾生于巴","0","2","2"
"禾生于巴束","0","2","2"
"刘义宣献上","0","2","2"
"义宣献上朝","0","2","2"
"宣献上朝廷","0","2","2"
"嘉禾生于北","0","2","2"
"禾生于北海","0","2","2"
"刺史杜坦上","0","2","2"
"史杜坦上报","0","2","2"
"杜坦上报朝","0","2","2"
"于北海都昌","0","2","2"
"青州刺史颜","0","2","2"
"州刺史颜师","0","2","2"
"年八月辛末","0","2","2"
"八月辛末日","0","2","2"
"七月己酉曰","0","2","2"
"王刘休若献","0","2","2"
"刘休若献上","0","2","2"
"塞上报朝廷","0","2","2"
"平王刘宏上","0","2","2"
"王刘宏上报","0","2","2"
"刘宏上报朝","0","2","2"
"宏上报朝廷","0","2","2"
"嘉瓜生长于","0","2","2"
"四月戊辰曰","0","2","2"
"七月乙酉曰","0","2","2"
"连同一枝干","0","2","2"
"芙蓉二花共","0","2","2"
"蓉二花共一","0","2","2"
"丞陈袭祖卜","0","2","2"
"陈袭祖卜报","0","2","2"
"袭祖卜报朝","0","2","2"
"嘉二二十年","0","2","2"
"二二十年夏","0","2","2"
"嘉郡后池的","0","2","2"
"郡后池的芙","0","2","2"
"太守臧艺上","0","2","2"
"守臧艺上报","0","2","2"
"臧艺上报朝","0","2","2"
"艺上报朝廷","0","2","2"
"六月辛丑日","0","2","2"
"孝武帝圣建","0","2","2"
"皇帝车驾北","0","2","2"
"帝车驾北巡","0","2","2"
"许久才消失","0","2","2"
"延之上报朝","0","2","2"
"人就会出现","0","2","2"
"出现于陈留","0","2","2"
"兔出现于淮","0","2","2"
"六月丁亥曰","0","2","2"
"太守刘怀之","0","2","2"
"六月乙丑日","0","2","2"
"乌出现于郡","0","2","2"
"出现于酒泉","0","2","2"
"现于酒泉的","0","2","2"
"燕出现于广","0","2","2"
"年五月辛末","0","2","2"
"五月辛末日","0","2","2"
"五月戊寅日","0","2","2"
"捕获上报朝","0","2","2"
"获上报朝廷","0","2","2"
"出现于秣陵","0","2","2"
"阳尹徐湛之","0","2","2"
"的百姓家有","0","2","2"
"百姓家有白","0","2","2"
"姓家有白燕","0","2","2"
"史竟陵王刘","0","2","2"
"孝顺至极就","0","2","2"
"顺至极就会","0","2","2"
"乌出现于京","0","2","2"
"河南的成皋","0","2","2"
"出现于梁国","0","2","2"
"七月辛丑日","0","2","2"
"出现于京都","0","2","2"
"现于吴郡的","0","2","2"
"于吴郡的海","0","2","2"
"五月癸卯曰","0","2","2"
"一月丙辰曰","0","2","2"
"获得白乌献","0","2","2"
"三月戊辰日","0","2","2"
"守刘祯献上","0","2","2"
"刘祯献上朝","0","2","2"
"祯献上朝廷","0","2","2"
"六月丁巳曰","0","2","2"
"愿献上朝廷","0","2","2"
"雀出现于郡","0","2","2"
"雀出现于豫","0","2","2"
"五月丁亥曰","0","2","2"
"雀出现于南","0","2","2"
"捕获以后献","0","2","2"
"获以后献给","0","2","2"
"以后献给朝","0","2","2"
"后献给朝廷","0","2","2"
"雀出现于齐","0","2","2"
"出现于齐郡","0","2","2"
"朝廷．元嘉","0","2","2"
"白雀出现在","0","2","2"
"六月乙卯日","0","2","2"
"雀出现于会","0","2","2"
"六月丙子曰","0","2","2"
"军人获得白","0","2","2"
"人获得白雀","0","2","2"
"得白雀献上","0","2","2"
"白雀献上朝","0","2","2"
"雀献上朝廷","0","2","2"
"二月辛酉曰","0","2","2"
"五月丁未日","0","2","2"
"史朱脩之上","0","2","2"
"朱脩之上报","0","2","2"
"脩之上报朝","0","2","2"
"四月庚戌曰","0","2","2"
"雀出现于广","0","2","2"
"年四月乙末","0","2","2"
"四月乙末日","0","2","2"
"史寻阳王刘","0","2","2"
"寻阳的柴桑","0","2","2"
"史邵陵王刘","0","2","2"
"出现了白鸠","0","2","2"
"黑色花纹的","0","2","2"
"城有木连理","0","2","2"
"三月庚辰日","0","2","2"
"武昌有木连","0","2","2"
"将军王敦上","0","2","2"
"军王敦上报","0","2","2"
"太守上报朝","0","2","2"
"守上报朝廷","0","2","2"
"六月辛卯曰","0","2","2"
"四月乙亥曰","0","2","2"
"王刘义庆献","0","2","2"
"刘义庆献上","0","2","2"
"义庆献上朝","0","2","2"
"临川王刘盏","0","2","2"
"川王刘盏庆","0","2","2"
"王刘盏庆上","0","2","2"
"刘盏庆上报","0","2","2"
"盏庆上报朝","0","2","2"
"晋陵的无锡","0","2","2"
"川王刘烨上","0","2","2"
"王刘烨上报","0","2","2"
"刘烨上报朝","0","2","2"
"烨上报朝廷","0","2","2"
"七月乙卯日","0","2","2"
"南昌有木连","0","2","2"
"丹阳的秣陵","0","2","2"
"阳的秣陵有","0","2","2"
"的秣陵有木","0","2","2"
"秣陵有木连","0","2","2"
"北边有木连","0","2","2"
"边有木连理","0","2","2"
"六月戊戌日","0","2","2"
"二月戊寅日","0","2","2"
"二月乙丑日","0","2","2"
"内有木连理","0","2","2"
"从帝升明二","0","2","2"
"物就会出现","0","2","2"
"武帝建武中","0","2","2"
"帝建武中元","0","2","2"
"曾来献上白","0","2","2"
"阳出现了白","0","2","2"
"五月庚辰日","0","2","2"
"县出现了白","0","2","2"
"黄银和紫玉","0","2","2"
"道完备就会","0","2","2"
"为当时社会","0","2","2"
"出现了醴泉","0","2","2"
"汉和帝永元","0","2","2"
"所管辖的地","0","2","2"
"管辖的地区","0","2","2"
"咸和元年十","0","2","2"
"十月辛卯日","0","2","2"
"四月丁亥曰","0","2","2"
"容量为一斛","0","2","2"
"段佛荣献上","0","2","2"
"佛荣献上朝","0","2","2"
"雀停留在京","0","2","2"
"五月癸酉曰","0","2","2"
"史巴陵王刘","0","2","2"
"平原等地的","0","2","2"
"当时右卫将","0","2","2"
"就是这个意","0","2","2"
"是这个意思","0","2","2"
"各种征兆和","0","2","2"
"种征兆和应","0","2","2"
"征兆和应验","0","2","2"
"各种灾变怪","0","2","2"
"种灾变怪异","0","2","2"
"它的本性而","0","2","2"
"它带来的惩","0","2","2"
"不曲直的表","0","2","2"
"曲直的表现","0","2","2"
"是树木结冰","0","2","2"
"树木结冰的","0","2","2"
"结冰的应验","0","2","2"
"是这种现象","0","2","2"
"这种现象的","0","2","2"
"使百姓错失","0","2","2"
"百姓错失农","0","2","2"
"姓错失农时","0","2","2"
"所以木失去","0","2","2"
"无故自己折","0","2","2"
"故自己折断","0","2","2"
"而产生的变","0","2","2"
"产生的变异","0","2","2"
"位八十天就","0","2","2"
"是貌不恭的","0","2","2"
"貌不恭的表","0","2","2"
"不恭的表现","0","2","2"
"变王司马同","0","2","2"
"方正的风气","0","2","2"
"天气又非常","0","2","2"
"气又非常寒","0","2","2"
"又非常寒冷","0","2","2"
"是因为阴气","0","2","2"
"勃然兴起胜","0","2","2"
"然兴起胜过","0","2","2"
"兴起胜过阳","0","2","2"
"起胜过阳气","0","2","2"
"不久就被废","0","2","2"
"了秋天收获","0","2","2"
"了秋天的庄","0","2","2"
"秋天的庄稼","0","2","2"
"服饰使用的","0","2","2"
"饰使用的颜","0","2","2"
"使用的颜色","0","2","2"
"束系头发非","0","2","2"
"系头发非常","0","2","2"
"头发非常松","0","2","2"
"发非常松散","0","2","2"
"的颜色没有","0","2","2"
"丢失了天下","0","2","2"
"是国家灭亡","0","2","2"
"国家灭亡的","0","2","2"
"这是内出外","0","2","2"
"是内出外的","0","2","2"
"又屡屡改变","0","2","2"
"不崇尚实效","0","2","2"
"崇尚实效的","0","2","2"
"帝太康年后","0","2","2"
"使愍怀太子","0","2","2"
"谋害了太子","0","2","2"
"在道路上聚","0","2","2"
"道路上聚集","0","2","2"
"晋中兴之初","0","2","2"
"不久就发生","0","2","2"
"王敦两次进","0","2","2"
"敦两次进攻","0","2","2"
"继位为帝的","0","2","2"
"为帝的时候","0","2","2"
"见识的人认","0","2","2"
"识的人认为","0","2","2"
"认为这是为","0","2","2"
"司马道子在","0","2","2"
"子最终被废","0","2","2"
"孝武帝时代","0","2","2"
"戴法兴权力","0","2","2"
"徒建安王刘","0","2","2"
"兵事的征兆","0","2","2"
"有雌鸡变为","0","2","2"
"雌鸡变雄鸡","0","2","2"
"制定法令典","0","2","2"
"定法令典章","0","2","2"
"王敦镇守武","0","2","2"
"敦镇守武昌","0","2","2"
"就会出现妖","0","2","2"
"会出现妖异","0","2","2"
"这时候桓玄","0","2","2"
"鸡变为雄鸡","0","2","2"
"后来孝武帝","0","2","2"
"孝武帝即位","0","2","2"
"发生动乱之","0","2","2"
"生动乱之后","0","2","2"
"见识的人说","0","2","2"
"刘斌任吴郡","0","2","2"
"斌任吴郡太","0","2","2"
"金不从革的","0","2","2"
"金失其本性","0","2","2"
"惩罚是恒旸","0","2","2"
"它的忧患是","0","2","2"
"侵犯别国边","0","2","2"
"犯别国边境","0","2","2"
"失去其本性","0","2","2"
"去其本性而","0","2","2"
"不能领悟这","0","2","2"
"照铜镜却看","0","2","2"
"铜镜却看不","0","2","2"
"不久他就被","0","2","2"
"久他就被诛","0","2","2"
"流传谣言说","0","2","2"
"拥立曹彪为","0","2","2"
"立曹彪为帝","0","2","2"
"我知道你们","0","2","2"
"曹彪被赐死","0","2","2"
"之不从的结","0","2","2"
"不从的结果","0","2","2"
"臣子的忠心","0","2","2"
"由此可以知","0","2","2"
"也都是这样","0","2","2"
"元凶篡位不","0","2","2"
"凶篡位不久","0","2","2"
"篡位不久就","0","2","2"
"位不久就被","0","2","2"
"不久就被诛","0","2","2"
"久就被诛除","0","2","2"
"另一个地方","0","2","2"
"是日常生活","0","2","2"
"发生大的动","0","2","2"
"生大的动乱","0","2","2"
"违礼行为的","0","2","2"
"周王己死后","0","2","2"
"百姓中流传","0","2","2"
"百姓中忽然","0","2","2"
"姓中忽然流","0","2","2"
"中忽然流传","0","2","2"
"的人有十分","0","2","2"
"人有十分之","0","2","2"
"被朝廷军队","0","2","2"
"了一个多月","0","2","2"
"后来司马晞","0","2","2"
"来司马晞果","0","2","2"
"司马晞果然","0","2","2"
"马晞果然因","0","2","2"
"晞果然因为","0","2","2"
"果然因为逆","0","2","2"
"然因为逆谋","0","2","2"
"因为逆谋败","0","2","2"
"为逆谋败露","0","2","2"
"逆谋败露而","0","2","2"
"谋败露而被","0","2","2"
"败露而被黜","0","2","2"
"又把年号改","0","2","2"
"造就叫做骄","0","2","2"
"太和四年冬","0","2","2"
"一直不下雨","0","2","2"
"德之人却不","0","2","2"
"之人却不任","0","2","2"
"人却不任用","0","2","2"
"却不任用的","0","2","2"
"任用的应验","0","2","2"
"是天意要使","0","2","2"
"是亢阳自大","0","2","2"
"延续了整年","0","2","2"
"司马望率领","0","2","2"
"直延续到六","0","2","2"
"延续到六月","0","2","2"
"社稷山川之","0","2","2"
"稷山川之神","0","2","2"
"山川之神祈","0","2","2"
"川之神祈祷","0","2","2"
"这年春天又","0","2","2"
"子受到损害","0","2","2"
"十三个郡国","0","2","2"
"三个郡国发","0","2","2"
"反叛的氐人","0","2","2"
"延续到秋天","0","2","2"
"就是指这种","0","2","2"
"是指这种情","0","2","2"
"指这种情况","0","2","2"
"等人率领全","0","2","2"
"人率领全军","0","2","2"
"率领全军抵","0","2","2"
"领全军抵御","0","2","2"
"和五年七月","0","2","2"
"率领大军到","0","2","2"
"过失的惩罚","0","2","2"
"军队出征超","0","2","2"
"队出征超过","0","2","2"
"出征超过用","0","2","2"
"征超过用兵","0","2","2"
"他们的罪行","0","2","2"
"前一年冬天","0","2","2"
"派军队东进","0","2","2"
"军队东进征","0","2","2"
"队东进征讨","0","2","2"
"发生大的饥","0","2","2"
"生大的饥荒","0","2","2"
"这时候朝廷","0","2","2"
"朝廷军队北","0","2","2"
"廷军队北进","0","2","2"
"扬州所属各","0","2","2"
"州所属各郡","0","2","2"
"谣所说的那","0","2","2"
"畏畏缩缩一","0","2","2"
"畏缩缩一块","0","2","2"
"缩缩一块肉","0","2","2"
"元帝在南方","0","2","2"
"像童谣说的","0","2","2"
"童谣说的那","0","2","2"
"谣说的那样","0","2","2"
"訇如白坑破","0","2","2"
"置五行属金","0","2","2"
"帝太宁初年","0","2","2"
"流传歌谣说","0","2","2"
"民间忽然流","0","2","2"
"间忽然流传","0","2","2"
"公太和年间","0","2","2"
"民间歌谣说","0","2","2"
"死的第二天","0","2","2"
"兵诛讨王国","0","2","2"
"诛讨王国宝","0","2","2"
"殷仲堪失败","0","2","2"
"王恭镇守京","0","2","2"
"恭镇守京口","0","2","2"
"今年食麦麸","0","2","2"
"桓玄篡位之","0","2","2"
"草生及马腹","0","2","2"
"朝廷的恩德","0","2","2"
"的最终命运","0","2","2"
"这是毛虫之","0","2","2"
"是毛虫之孽","0","2","2"
"的人为这事","0","2","2"
"怀太子被废","0","2","2"
"战事的象征","0","2","2"
"董仲舒认为","0","2","2"
"正月丁巳日","0","2","2"
"麇在堂前出","0","2","2"
"在堂前出现","0","2","2"
"隆和元年十","0","2","2"
"对此感到奇","0","2","2"
"此感到奇怪","0","2","2"
"叼着他的衣","0","2","2"
"着他的衣服","0","2","2"
"听到地下有","0","2","2"
"到地下有犬","0","2","2"
"像人似的说","0","2","2"
"人似的说话","0","2","2"
"最终还是没","0","2","2"
"终还是没有","0","2","2"
"西进征讨司","0","2","2"
"进征讨司马","0","2","2"
"姓平民要做","0","2","2"
"平民要做天","0","2","2"
"民要做天子","0","2","2"
"里远的地方","0","2","2"
"国家大事的","0","2","2"
"最终也没有","0","2","2"
"以妾为妻的","0","2","2"
"高堂隆回答","0","2","2"
"堂隆回答说","0","2","2"
"所以上天用","0","2","2"
"汉武帝时代","0","2","2"
"把政权交给","0","2","2"
"天变屡屡出","0","2","2"
"变屡屡出现","0","2","2"
"我替陛下为","0","2","2"
"替陛下为此","0","2","2"
"陛下为此担","0","2","2"
"下为此担忧","0","2","2"
"罪过的惩罚","0","2","2"
"尚书各官署","0","2","2"
"书各官署起","0","2","2"
"各官署起火","0","2","2"
"永和五年六","0","2","2"
"和五年六月","0","2","2"
"都发生火灾","0","2","2"
"征候中的恒","0","2","2"
"是舒缓之政","0","2","2"
"舒缓之政的","0","2","2"
"缓之政的应","0","2","2"
"之政的应验","0","2","2"
"菜长在工匠","0","2","2"
"称这种现象","0","2","2"
"焚烧他的尸","0","2","2"
"到六十四卦","0","2","2"
"有这种妖异","0","2","2"
"这种妖异出","0","2","2"
"种妖异出现","0","2","2"
"和六年五月","0","2","2"
"时孝武帝年","0","2","2"
"的人私下说","0","2","2"
"和汉宣帝时","0","2","2"
"现的妖异就","0","2","2"
"的妖异就是","0","2","2"
"妖异就是树","0","2","2"
"异就是树木","0","2","2"
"有专房之宠","0","2","2"
"帝驾崩之后","0","2","2"
"手下的士兵","0","2","2"
"都长出蒺藜","0","2","2"
"帝不能宽容","0","2","2"
"其妖异是水","0","2","2"
"芳林园池中","0","2","2"
"林园池中聚","0","2","2"
"园池中聚集","0","2","2"
"写了一首诗","0","2","2"
"宫室还没建","0","2","2"
"室还没建成","0","2","2"
"天的意思是","0","2","2"
"在危险之中","0","2","2"
"帆樯上筑巢","0","2","2"
"吴人认为是","0","2","2"
"是五行中金","0","2","2"
"一只栖息在","0","2","2"
"帝刚刚即位","0","2","2"
"边屋顶装饰","0","2","2"
"顶装饰上筑","0","2","2"
"装饰上筑巢","0","2","2"
"就是僵尸流","0","2","2"
"是僵尸流血","0","2","2"
"僵尸流血的","0","2","2"
"尸流血的应","0","2","2"
"流血的应验","0","2","2"
"它的灾祸是","0","2","2"
"不祷神求福","0","2","2"
"和祖宗的礼","0","2","2"
"祖宗的礼仪","0","2","2"
"一类带来的","0","2","2"
"类带来的灾","0","2","2"
"的灾祸是水","0","2","2"
"灾祸是水患","0","2","2"
"第二年四月","0","2","2"
"当时孙权听","0","2","2"
"时孙权听信","0","2","2"
"这是水不润","0","2","2"
"是水不润下","0","2","2"
"大水灾是对","0","2","2"
"是阴胜阳的","0","2","2"
"阴胜阳的应","0","2","2"
"胜阳的应验","0","2","2"
"西州又出现","0","2","2"
"州又出现饥","0","2","2"
"又出现饥荒","0","2","2"
"出现饥荒动","0","2","2"
"现饥荒动乱","0","2","2"
"这都是阴气","0","2","2"
"都是阴气盛","0","2","2"
"阴气盛的表","0","2","2"
"气盛的表现","0","2","2"
"淹死一百余","0","2","2"
"死一百余人","0","2","2"
"五处发生大","0","2","2"
"天下人都指","0","2","2"
"下人都指责","0","2","2"
"荆州发生大","0","2","2"
"扬等州所属","0","2","2"
"所属郡国二","0","2","2"
"属郡国二十","0","2","2"
"郡国二十处","0","2","2"
"国二十处发","0","2","2"
"二十处发生","0","2","2"
"十处发生大","0","2","2"
"八处发生大","0","2","2"
"是井水外溢","0","2","2"
"井水外溢的","0","2","2"
"冀五州发生","0","2","2"
"五州发生大","0","2","2"
"王司马同独","0","2","2"
"最终被荡乎","0","2","2"
"终被荡乎诛","0","2","2"
"被荡乎诛灭","0","2","2"
"没有亲自处","0","2","2"
"有亲自处理","0","2","2"
"亲自处理政","0","2","2"
"自处理政事","0","2","2"
"互相憎恨仇","0","2","2"
"相憎恨仇视","0","2","2"
"和六年六月","0","2","2"
"生大水灾．","0","2","2"
"二月庚寅日","0","2","2"
"这天是初一","0","2","2"
"朝廷大军北","0","2","2"
"廷大军北讨","0","2","2"
"西明门地面","0","2","2"
"明门地面出","0","2","2"
"门地面出现","0","2","2"
"地面出现孔","0","2","2"
"面出现孔洞","0","2","2"
"到彦之率领","0","2","2"
"朝廷派羽林","0","2","2"
"廷派羽林军","0","2","2"
"雍州发生大","0","2","2"
"七月丙午曰","0","2","2"
"有德之人遭","0","2","2"
"诛罚过于严","0","2","2"
"罚过于严苛","0","2","2"
"降霜是同样","0","2","2"
"霜是同样的","0","2","2"
"汉元帝时降","0","2","2"
"元帝时降霜","0","2","2"
"特别的恩宠","0","2","2"
"年四月辛末","0","2","2"
"四月辛末日","0","2","2"
"威宁三年八","0","2","2"
"七月甲辰曰","0","2","2"
"当时贾后凶","0","2","2"
"时贾后凶残","0","2","2"
"中记载的鲁","0","2","2"
"这是耳听不","0","2","2"
"是耳听不灵","0","2","2"
"出现迅雷闪","0","2","2"
"现迅雷闪电","0","2","2"
"时朝政由将","0","2","2"
"阴气的作用","0","2","2"
"帝永和三年","0","2","2"
"五月癸巳日","0","2","2"
"广陵下冰雹","0","2","2"
"四月辛卯日","0","2","2"
"华表和楹柱","0","2","2"
"雷击太极殿","0","2","2"
"击太极殿柱","0","2","2"
"会稽出现疾","0","2","2"
"稽出现疾雷","0","2","2"
"出现疾雷闪","0","2","2"
"现疾雷闪电","0","2","2"
"击破束边的","0","2","2"
"打雷而又下","0","2","2"
"雷而又下雪","0","2","2"
"初宁陵墓道","0","2","2"
"牛叫的声音","0","2","2"
"孝武帝驾崩","0","2","2"
"在武库屋顶","0","2","2"
"武库屋顶上","0","2","2"
"五月癸丑日","0","2","2"
"他们的家属","0","2","2"
"后来泄露出","0","2","2"
"来泄露出去","0","2","2"
"有只猪生下","0","2","2"
"只猪生下来","0","2","2"
"是预示着任","0","2","2"
"预示着任用","0","2","2"
"示着任用的","0","2","2"
"着任用的人","0","2","2"
"任用的人中","0","2","2"
"用的人中有","0","2","2"
"的人中有奸","0","2","2"
"人中有奸邪","0","2","2"
"头二身八只","0","2","2"
"二身八只脚","0","2","2"
"索虏南侵至","0","2","2"
"虏南侵至瓜","0","2","2"
"南侵至瓜步","0","2","2"
"沉溺于女色","0","2","2"
"是执政大臣","0","2","2"
"土失其本性","0","2","2"
"克土的妖异","0","2","2"
"不记载水灾","0","2","2"
"记载水灾旱","0","2","2"
"载水灾旱灾","0","2","2"
"程度远远超","0","2","2"
"度远远超过","0","2","2"
"到这年夏天","0","2","2"
"从西北方向","0","2","2"
"思虑不广的","0","2","2"
"后来过了十","0","2","2"
"来的妖异是","0","2","2"
"就叫做不顺","0","2","2"
"树被连根拔","0","2","2"
"回到京城后","0","2","2"
"下邳刮大风","0","2","2"
"国有八处出","0","2","2"
"有八处出现","0","2","2"
"一月甲子日","0","2","2"
"风吹折树木","0","2","2"
"从四面八方","0","2","2"
"月壬子日夜","0","2","2"
"壬子日夜晚","0","2","2"
"桓玄在峥嵘","0","2","2"
"玄在峥嵘洲","0","2","2"
"死了很多人","0","2","2"
"少帝被废黜","0","2","2"
"年正月乙末","0","2","2"
"正月乙末日","0","2","2"
"五月丁末日","0","2","2"
"跌倒在地上","0","2","2"
"被司马元显","0","2","2"
"处出现螟虫","0","2","2"
"下将有战乱","0","2","2"
"生下来就死","0","2","2"
"下来就死了","0","2","2"
"掌握在大臣","0","2","2"
"用来郊祀的","0","2","2"
"来郊祀的牛","0","2","2"
"郊祀的牛死","0","2","2"
"苏峻发动叛","0","2","2"
"峻发动叛乱","0","2","2"
"接连发生地","0","2","2"
"连发生地震","0","2","2"
"臣子的身份","0","2","2"
"当时曹爽独","0","2","2"
"时曹爽独揽","0","2","2"
"曹爽独揽朝","0","2","2"
"爽独揽朝政","0","2","2"
"发生四次地","0","2","2"
"生四次地震","0","2","2"
"方圆三十丈","0","2","2"
"裂处宽三十","0","2","2"
"处宽三十丈","0","2","2"
"长一百三十","0","2","2"
"一百三十丈","0","2","2"
"最终导致败","0","2","2"
"终导致败亡","0","2","2"
"水从地下涌","0","2","2"
"从地下涌出","0","2","2"
"东北方向发","0","2","2"
"北方向发出","0","2","2"
"方向发出雷","0","2","2"
"向发出雷鸣","0","2","2"
"发出雷鸣般","0","2","2"
"出雷鸣般的","0","2","2"
"雷鸣般的响","0","2","2"
"鸣般的响声","0","2","2"
"十余丈长的","0","2","2"
"阴却不下雨","0","2","2"
"被困在井中","0","2","2"
"县境内井中","0","2","2"
"境内井中出","0","2","2"
"内井中出现","0","2","2"
"百姓家中产","0","2","2"
"姓家中产子","0","2","2"
"而死的征兆","0","2","2"
"背着两条小","0","2","2"
"着两条小蛇","0","2","2"
"张重华在凉","0","2","2"
"重华在凉州","0","2","2"
"华在凉州时","0","2","2"
"人都认为这","0","2","2"
"都认为这是","0","2","2"
"渐渐变成男","0","2","2"
"渐变成男人","0","2","2"
"卑贱之人将","0","2","2"
"贱之人将要","0","2","2"
"二月甲子曰","0","2","2"
"有大的战事","0","2","2"
"晋惠帝时代","0","2","2"
"她的未婚夫","0","2","2"
"女子家人把","0","2","2"
"听到这消息","0","2","2"
"孩子生下来","0","2","2"
"兼具男女的","0","2","2"
"具男女的器","0","2","2"
"男女的器官","0","2","2"
"生性特别好","0","2","2"
"性特别好淫","0","2","2"
"阴户长在肚","0","2","2"
"户长在肚腹","0","2","2"
"长在肚腹上","0","2","2"
"生下个女儿","0","2","2"
"自述是圣人","0","2","2"
"会稽郡太守","0","2","2"
"胎儿在母腹","0","2","2"
"儿在母腹中","0","2","2"
"也同样流行","0","2","2"
"同样流行瘟","0","2","2"
"样流行瘟疫","0","2","2"
"西公太和四","0","2","2"
"公太和四年","0","2","2"
"京城地区流","0","2","2"
"城地区流行","0","2","2"
"地区流行大","0","2","2"
"区流行大瘟","0","2","2"
"文帝下诏说","0","2","2"
"有不恰当的","0","2","2"
"不恰当的地","0","2","2"
"恰当的地方","0","2","2"
"武帝下诏说","0","2","2"
"颜色如同血","0","2","2"
"照到的地方","0","2","2"
"为君之道不","0","2","2"
"君之道不明","0","2","2"
"的地方都是","0","2","2"
"地方都是一","0","2","2"
"方都是一片","0","2","2"
"国家的土地","0","2","2"
"三个太阳同","0","2","2"
"太阳同时出","0","2","2"
"天下有人自","0","2","2"
"下有人自立","0","2","2"
"有人自立为","0","2","2"
"更改年号和","0","2","2"
"改年号和正","0","2","2"
"年号和正朔","0","2","2"
"太阳中出现","0","2","2"
"阳中出现黑","0","2","2"
"中出现黑子","0","2","2"
"一道微曲向","0","2","2"
"黄河一带为","0","2","2"
"分益州的部","0","2","2"
"益州的部分","0","2","2"
"扬州的部分","0","2","2"
"又分出扬州","0","2","2"
"分出扬州的","0","2","2"
"部分地区建","0","2","2"
"一些地区置","0","2","2"
"的治所都在","0","2","2"
"没有固定的","0","2","2"
"时治所在历","0","2","2"
"治所在历阳","0","2","2"
"晋平东吴以","0","2","2"
"平东吴以后","0","2","2"
"东吴以后治","0","2","2"
"吴以后治建","0","2","2"
"以后治建业","0","2","2"
"后来省并元","0","2","2"
"来省并元城","0","2","2"
"治所寄设在","0","2","2"
"将治所移到","0","2","2"
"没有这种记","0","2","2"
"为典农都尉","0","2","2"
"京都按水道","0","2","2"
"一度属南徐","0","2","2"
"度属南徐州","0","2","2"
"都尉的治所","0","2","2"
"春县而设立","0","2","2"
"康元年改为","0","2","2"
"原先属吴郡","0","2","2"
"分割乌程而","0","2","2"
"割乌程而设","0","2","2"
"乌程而设置","0","2","2"
"设置永安县","0","2","2"
"分割故鄣而","0","2","2"
"割故鄣而设","0","2","2"
"故鄣而设置","0","2","2"
"原先属丹阳","0","2","2"
"先属丹阳郡","0","2","2"
"都是两汉时","0","2","2"
"是两汉时的","0","2","2"
"两汉时的旧","0","2","2"
"汉时的旧县","0","2","2"
"有一百七十","0","2","2"
"一百四十里","0","2","2"
"借地设置的","0","2","2"
"将它并入襄","0","2","2"
"后来分割芜","0","2","2"
"来分割芜湖","0","2","2"
"分割芜湖为","0","2","2"
"割芜湖为辖","0","2","2"
"芜湖为辖境","0","2","2"
"分割丹阳而","0","2","2"
"割丹阳而设","0","2","2"
"丹阳而设置","0","2","2"
"路计有一千","0","2","2"
"有一千七百","0","2","2"
"陆路距离相","0","2","2"
"路距离相同","0","2","2"
"分割太末设","0","2","2"
"割太末设置","0","2","2"
"孙氏分割诸","0","2","2"
"氏分割诸暨","0","2","2"
"分割诸暨而","0","2","2"
"割诸暨而设","0","2","2"
"诸暨而设置","0","2","2"
"水路有二千","0","2","2"
"光武帝时改","0","2","2"
"东吴设置时","0","2","2"
"有一千八百","0","2","2"
"一千八百里","0","2","2"
"分割歙地置","0","2","2"
"属于南兖州","0","2","2"
"路有二百四","0","2","2"
"有二百四十","0","2","2"
"有一千多户","0","2","2"
"的部分土地","0","2","2"
"将它并入建","0","2","2"
"它并入建康","0","2","2"
"并入建康与","0","2","2"
"入建康与临","0","2","2"
"建康与临沂","0","2","2"
"将它并入临","0","2","2"
"它并入临沂","0","2","2"
"州水路有二","0","2","2"
"一百六十里","0","2","2"
"汉和晋代属","0","2","2"
"又将治所迁","0","2","2"
"将治所迁回","0","2","2"
"都水路有四","0","2","2"
"太康二年又","0","2","2"
"路有四百九","0","2","2"
"有四百九十","0","2","2"
"四百九十里","0","2","2"
"从前属阳羡","0","2","2"
"设置义兴郡","0","2","2"
"置义兴郡时","0","2","2"
"义兴郡时分","0","2","2"
"兴郡时分出","0","2","2"
"郡时分出独","0","2","2"
"时分出独立","0","2","2"
"分出独立成","0","2","2"
"出独立成县","0","2","2"
"东莞郡另见","0","2","2"
"分割临淮的","0","2","2"
"下邳的淮南","0","2","2"
"年又恢复设","0","2","2"
"又恢复设置","0","2","2"
"刘宋起兵之","0","2","2"
"宋起兵之初","0","2","2"
"原先属南下","0","2","2"
"先属南下邳","0","2","2"
"两汉时无此","0","2","2"
"嘉十二年并","0","2","2"
"十二年并入","0","2","2"
"二年并入僮","0","2","2"
"年并入僮县","0","2","2"
"汉代的旧名","0","2","2"
"借地重立为","0","2","2"
"地重立为侨","0","2","2"
"重立为侨郡","0","2","2"
"章帝时改名","0","2","2"
"距徐州陆路","0","2","2"
"徐州陆路有","0","2","2"
"路有一百八","0","2","2"
"有一百八十","0","2","2"
"陆路八百里","0","2","2"
"记载均属下","0","2","2"
"载均属下邳","0","2","2"
"郡的一部分","0","2","2"
"一千三百里","0","2","2"
"帝时改为东","0","2","2"
"治水路有一","0","2","2"
"路有六百七","0","2","2"
"治陆路有七","0","2","2"
"陆路有七百","0","2","2"
"一千一百里","0","2","2"
"安帝义熙年","0","2","2"
"将流寓侨郡","0","2","2"
"的士民并入","0","2","2"
"士民并入当","0","2","2"
"民并入当地","0","2","2"
"并入当地时","0","2","2"
"入当地时设","0","2","2"
"当地时设立","0","2","2"
"都水路有七","0","2","2"
"水路有七百","0","2","2"
"原先隶属济","0","2","2"
"原先是为流","0","2","2"
"撤销后配属","0","2","2"
"为流寓百姓","0","2","2"
"流寓百姓设","0","2","2"
"前漠时隶属","0","2","2"
"记载隶属济","0","2","2"
"载隶属济阴","0","2","2"
"大明元年恢","0","2","2"
"原先隶属东","0","2","2"
"先隶属东燕","0","2","2"
"时隶属东郡","0","2","2"
"元年改属新","0","2","2"
"年改属新昌","0","2","2"
"又撤销东燕","0","2","2"
"阴馆前汉作","0","2","2"
"馆前汉作观","0","2","2"
"高唐并入茌","0","2","2"
"唐并入茌平","0","2","2"
"水路有三百","0","2","2"
"水路有五百","0","2","2"
"年恢复设立","0","2","2"
"与新平郡同","0","2","2"
"新平郡同时","0","2","2"
"平郡同时设","0","2","2"
"郡同时设立","0","2","2"
"丢失淮北桥","0","2","2"
"失淮北桥后","0","2","2"
"淮北桥后设","0","2","2"
"北桥后设立","0","2","2"
"桥后设立的","0","2","2"
"人口一万七","0","2","2"
"大明年间设","0","2","2"
"明年间设置","0","2","2"
"高祖攻克京","0","2","2"
"祖攻克京城","0","2","2"
"高祖对他说","0","2","2"
"高祖笑着说","0","2","2"
"为尚书祠部","0","2","2"
"任堂邑太守","0","2","2"
"县五等子爵","0","2","2"
"作扬州刺史","0","2","2"
"出于权宜之","0","2","2"
"高祖听从了","0","2","2"
"祖听从了穆","0","2","2"
"听从了穆之","0","2","2"
"从了穆之的","0","2","2"
"了穆之的话","0","2","2"
"于是作了宰","0","2","2"
"是作了宰辅","0","2","2"
"被高祖重用","0","2","2"
"朱龄石一起","0","2","2"
"年五十八岁","0","2","2"
"马徐羡之代","0","2","2"
"一千五百户","0","2","2"
"一直不能忘","0","2","2"
"宋太祖元嘉","0","2","2"
"之有三个儿","0","2","2"
"有三个儿子","0","2","2"
"了他的爵位","0","2","2"
"官至员外散","0","2","2"
"至员外散骑","0","2","2"
"世祖孝建年","0","2","2"
"别人比自己","0","2","2"
"人比自己强","0","2","2"
"把这些告诉","0","2","2"
"刘王禹做了","0","2","2"
"升为御史中","0","2","2"
"做辅国将军","0","2","2"
"又有什么呢","0","2","2"
"给亲朋故旧","0","2","2"
"他的两个儿","0","2","2"
"管诏书命令","0","2","2"
"为散骑侍郎","0","2","2"
"久以来一直","0","2","2"
"以来一直很","0","2","2"
"提升为中书","0","2","2"
"不受到惩罚","0","2","2"
"受到惩罚的","0","2","2"
"不过是暂时","0","2","2"
"于是又写了","0","2","2"
"他们都回到","0","2","2"
"当孟昶的建","0","2","2"
"孟昶的建威","0","2","2"
"昶的建威府","0","2","2"
"府中的事务","0","2","2"
"豫州治中从","0","2","2"
"扬州和豫州","0","2","2"
"州和豫州的","0","2","2"
"谢晦随同高","0","2","2"
"晦随同高祖","0","2","2"
"不同的意见","0","2","2"
"谢晦为从事","0","2","2"
"晦为从事中","0","2","2"
"之坚决反对","0","2","2"
"去世的消息","0","2","2"
"因为是开国","0","2","2"
"为是开国功","0","2","2"
"是开国功臣","0","2","2"
"兼任护南蛮","0","2","2"
"任护南蛮校","0","2","2"
"到太祖即位","0","2","2"
"太祖即位后","0","2","2"
"谢晦到了江","0","2","2"
"希望能免除","0","2","2"
"的两个女儿","0","2","2"
"杀掉徐羡之","0","2","2"
"掉徐羡之等","0","2","2"
"氵寻阳人的","0","2","2"
"派他的辅国","0","2","2"
"他的辅国府","0","2","2"
"一向没有军","0","2","2"
"向没有军事","0","2","2"
"没有军事才","0","2","2"
"有军事才能","0","2","2"
"我不敢接受","0","2","2"
"我请求解除","0","2","2"
"请求解除我","0","2","2"
"求解除我的","0","2","2"
"太守的职务","0","2","2"
"转任庾登之","0","2","2"
"任庾登之为","0","2","2"
"庾登之为长","0","2","2"
"登之为长史","0","2","2"
"南郡太守照","0","2","2"
"郡太守照旧","0","2","2"
"谢晦的儿子","0","2","2"
"的儿子谢世","0","2","2"
"营阳王不守","0","2","2"
"小孩做皇帝","0","2","2"
"让皇位空缺","0","2","2"
"是做臣子的","0","2","2"
"臣子的职责","0","2","2"
"无论大事小","0","2","2"
"论大事小事","0","2","2"
"我家结为姻","0","2","2"
"家结为姻亲","0","2","2"
"得到皇上的","0","2","2"
"刚开始处理","0","2","2"
"还没有完全","0","2","2"
"地希望陛下","0","2","2"
"傅亮和谢晦","0","2","2"
"然后皇上亲","0","2","2"
"后皇上亲临","0","2","2"
"皇上的大恩","0","2","2"
"后悔就来不","0","2","2"
"悔就来不及","0","2","2"
"就来不及了","0","2","2"
"当时益州刺","0","2","2"
"刺史萧摹之","0","2","2"
"自己的弟弟","0","2","2"
"期间不守礼","0","2","2"
"作为使者东","0","2","2"
"为使者东下","0","2","2"
"率轻兵袭击","0","2","2"
"轻兵袭击我","0","2","2"
"惨遭涂炭的","0","2","2"
"率步兵五千","0","2","2"
"之非常害怕","0","2","2"
"进攻彭城洲","0","2","2"
"率领三千人","0","2","2"
"于是到彦之","0","2","2"
"军檀道济的","0","2","2"
"到彦之等人","0","2","2"
"我和徐羡之","0","2","2"
"傅亮等人同","0","2","2"
"亮等人同时","0","2","2"
"等人同时被","0","2","2"
"人同时被委","0","2","2"
"同时被委于","0","2","2"
"时被委于重","0","2","2"
"被委于重任","0","2","2"
"先帝的旨意","0","2","2"
"我们便无法","0","2","2"
"废除营阳王","0","2","2"
"作为我的罪","0","2","2"
"直抵石头城","0","2","2"
"和到彦之的","0","2","2"
"派他的弟弟","0","2","2"
"之那里投降","0","2","2"
"哀人道之多","0","2","2"
"人道之多险","0","2","2"
"伤人道之寡","0","2","2"
"人道之寡安","0","2","2"
"自己的志向","0","2","2"
"用他的儿子","0","2","2"
"刘义季的右","0","2","2"
"义季的右军","0","2","2"
"季的右军参","0","2","2"
"皇后的弟弟","0","2","2"
"赵伦之因为","0","2","2"
"太守傅弘之","0","2","2"
"对他开玩笑","0","2","2"
"把这事告诉","0","2","2"
"为太尉参军","0","2","2"
"迁任谘议参","0","2","2"
"任谘议参军","0","2","2"
"朝廷和大府","0","2","2"
"廷和大府中","0","2","2"
"和大府中的","0","2","2"
"大府中的事","0","2","2"
"都请教徐羡","0","2","2"
"请教徐羡之","0","2","2"
"其余应该向","0","2","2"
"余应该向北","0","2","2"
"应该向北请","0","2","2"
"该向北请示","0","2","2"
"向北请示然","0","2","2"
"北请示然后","0","2","2"
"请示然后再","0","2","2"
"示然后再定","0","2","2"
"然后再定夺","0","2","2"
"兼任南郡相","0","2","2"
"大小事都由","0","2","2"
"垦田几千顷","0","2","2"
"在任上去世","0","2","2"
"他的三个儿","0","2","2"
"高祖刘裕的","0","2","2"
"的宁朔府司","0","2","2"
"了刘怀肃的","0","2","2"
"的谘议参军","0","2","2"
"讨伐元凶刘","0","2","2"
"伐元凶刘邵","0","2","2"
"官至右光禄","0","2","2"
"至右光禄大","0","2","2"
"出外当宁朔","0","2","2"
"外当宁朔将","0","2","2"
"又被任为中","0","2","2"
"被任为中书","0","2","2"
"任为中书侍","0","2","2"
"转任辅国将","0","2","2"
"任为中军谘","0","2","2"
"为中军谘议","0","2","2"
"中军谘议参","0","2","2"
"当太尉谘议","0","2","2"
"司州的恒农","0","2","2"
"扬州的松滋","0","2","2"
"州的松滋六","0","2","2"
"的松滋六郡","0","2","2"
"于是被同意","0","2","2"
"年便去世了","0","2","2"
"他的儿子孟","0","2","2"
"用他当宁远","0","2","2"
"任后军参军","0","2","2"
"桓玄篡位时","0","2","2"
"让毛修之当","0","2","2"
"这是毛修之","0","2","2"
"是毛修之的","0","2","2"
"毛修之的功","0","2","2"
"修之的功劳","0","2","2"
"任毛修之为","0","2","2"
"他为镇军谘","0","2","2"
"毛修之的父","0","2","2"
"修之的父亲","0","2","2"
"狡猾的敌人","0","2","2"
"任刘毅的后","0","2","2"
"刘毅的后军","0","2","2"
"高祖讨伐刘","0","2","2"
"祖讨伐刘毅","0","2","2"
"高祖讨伐司","0","2","2"
"祖讨伐司马","0","2","2"
"用他当谘议","0","2","2"
"赐给他很多","0","2","2"
"很得拓跋焘","0","2","2"
"毛修之在魏","0","2","2"
"修之在魏国","0","2","2"
"享年七十二","0","2","2"
"年七十二岁","0","2","2"
"的父亲卢嘏","0","2","2"
"长史孙建之","0","2","2"
"被打败逃走","0","2","2"
"孙季高在晋","0","2","2"
"季高在晋康","0","2","2"
"高在晋康逝","0","2","2"
"在晋康逝世","0","2","2"
"当年五十三","0","2","2"
"年五十三岁","0","2","2"
"他的儿子孙","0","2","2"
"并将他斩首","0","2","2"
"展开激烈的","0","2","2"
"激烈的战斗","0","2","2"
"司马休之和","0","2","2"
"和建威将军","0","2","2"
"徐逵之败亡","0","2","2"
"蒯恩的部队","0","2","2"
"鲁宗之的儿","0","2","2"
"宗之的儿子","0","2","2"
"之的儿子鲁","0","2","2"
"的儿子鲁轨","0","2","2"
"他的前后功","0","2","2"
"的前后功劳","0","2","2"
"本府转任中","0","2","2"
"刘义真回到","0","2","2"
"被敌人俘虏","0","2","2"
"他没有应任","0","2","2"
"当时殷仲堪","0","2","2"
"众人都非常","0","2","2"
"藩又随同讨","0","2","2"
"又随同讨伐","0","2","2"
"封为吴平县","0","2","2"
"祖非常愤怒","0","2","2"
"高祖征讨后","0","2","2"
"祖征讨后秦","0","2","2"
"征讨后秦姚","0","2","2"
"胡藩和朱超","0","2","2"
"藩和朱超石","0","2","2"
"和朱超石等","0","2","2"
"朱超石等人","0","2","2"
"魏人骑兵几","0","2","2"
"高祖回到彭","0","2","2"
"祖回到彭城","0","2","2"
"调为游击将","0","2","2"
"为游击将军","0","2","2"
"转任太子左","0","2","2"
"被谥为壮侯","0","2","2"
"垣护之的伯","0","2","2"
"护之的伯父","0","2","2"
"之的伯父垣","0","2","2"
"的伯父垣遵","0","2","2"
"父亲垣苗再","0","2","2"
"亲垣苗再被","0","2","2"
"垣苗再被委","0","2","2"
"苗再被委用","0","2","2"
"垣遵当尚书","0","2","2"
"垣苗当京兆","0","2","2"
"苗当京兆太","0","2","2"
"当京兆太守","0","2","2"
"为太尉行参","0","2","2"
"太祖元嘉年","0","2","2"
"采纳这个意","0","2","2"
"纳这个意见","0","2","2"
"进攻石高石","0","2","2"
"攻石高石敖","0","2","2"
"垣护之被调","0","2","2"
"加号辅国将","0","2","2"
"柳元景率领","0","2","2"
"弟弟垣询之","0","2","2"
"柳元景等人","0","2","2"
"垣护之率兵","0","2","2"
"当游击将军","0","2","2"
"徐州的东莞","0","2","2"
"有很多草陂","0","2","2"
"很多草陂沼","0","2","2"
"多草陂沼泽","0","2","2"
"为太中大夫","0","2","2"
"魏国国王拓","0","2","2"
"国国王拓跋","0","2","2"
"又进围在彭","0","2","2"
"进围在彭城","0","2","2"
"围在彭城的","0","2","2"
"在彭城的宁","0","2","2"
"彭城的宁朔","0","2","2"
"城的宁朔将","0","2","2"
"的宁朔将军","0","2","2"
"将军羊穆之","0","2","2"
"加任使持节","0","2","2"
"诸葛长民为","0","2","2"
"带兵甲器仗","0","2","2"
"赐给鼓吹一","0","2","2"
"府的文武将","0","2","2"
"回来当侍中","0","2","2"
"享年五十五","0","2","2"
"王的老规矩","0","2","2"
"共有六个儿","0","2","2"
"是晋朝的太","0","2","2"
"琅王牙王的","0","2","2"
"又转任主簿","0","2","2"
"当别驾从事","0","2","2"
"庾悦又迁任","0","2","2"
"悦又迁任骁","0","2","2"
"又迁任骁骑","0","2","2"
"迁任骁骑将","0","2","2"
"转任中书侍","0","2","2"
"车骑从事中","0","2","2"
"骑从事中郎","0","2","2"
"当司徒右长","0","2","2"
"经营国家的","0","2","2"
"年三十八岁","0","2","2"
"是太保王弘","0","2","2"
"尚书令王王","0","2","2"
"书令王王旬","0","2","2"
"会稽王的世","0","2","2"
"稽王的世子","0","2","2"
"王的世子司","0","2","2"
"的世子司马","0","2","2"
"世子司马元","0","2","2"
"子司马元显","0","2","2"
"王诞反复地","0","2","2"
"诞反复地陈","0","2","2"
"反复地陈说","0","2","2"
"复地陈说桓","0","2","2"
"地陈说桓修","0","2","2"
"陈说桓修和","0","2","2"
"说桓修和桓","0","2","2"
"桓修和桓玄","0","2","2"
"修和桓玄志","0","2","2"
"和桓玄志趣","0","2","2"
"桓玄志趣不","0","2","2"
"玄志趣不同","0","2","2"
"因此桓修等","0","2","2"
"此桓修等免","0","2","2"
"桓修等免除","0","2","2"
"修等免除灾","0","2","2"
"等免除灾难","0","2","2"
"桓修是王诞","0","2","2"
"修是王诞的","0","2","2"
"是王诞的外","0","2","2"
"王诞的外甥","0","2","2"
"任为员外散","0","2","2"
"没有什么事","0","2","2"
"他的儿子王","0","2","2"
"将他们全部","0","2","2"
"母亲和妹妹","0","2","2"
"玄攻克京城","0","2","2"
"非常称赞他","0","2","2"
"是书中的夸","0","2","2"
"五官朱千期","0","2","2"
"服丧期满后","0","2","2"
"在任上逝世","0","2","2"
"享年四十七","0","2","2"
"当大司马琅","0","2","2"
"军刘道规的","0","2","2"
"久又转任太","0","2","2"
"又转任太尉","0","2","2"
"转任太尉谘","0","2","2"
"任太尉谘议","0","2","2"
"进宫当侍中","0","2","2"
"随从刘裕北","0","2","2"
"从刘裕北伐","0","2","2"
"出外当义兴","0","2","2"
"外当义兴太","0","2","2"
"当义兴太守","0","2","2"
"营阳王在吴","0","2","2"
"阳王在吴县","0","2","2"
"的儿子江湛","0","2","2"
"当本州刺史","0","2","2"
"再转任员外","0","2","2"
"当时会稽王","0","2","2"
"当中军参军","0","2","2"
"散骑常侍兼","0","2","2"
"是光禄大夫","0","2","2"
"用谷子和布","0","2","2"
"谷子和布帛","0","2","2"
"的地方也不","0","2","2"
"斩去右脚趾","0","2","2"
"用一种印绶","0","2","2"
"把它们放在","0","2","2"
"已很长久了","0","2","2"
"书令徐羡之","0","2","2"
"而那个人叫","0","2","2"
"那个人叫骂","0","2","2"
"个人叫骂不","0","2","2"
"人叫骂不止","0","2","2"
"我便叫人把","0","2","2"
"便叫人把他","0","2","2"
"叫人把他叫","0","2","2"
"人把他叫来","0","2","2"
"有的说是徐","0","2","2"
"的说是徐羡","0","2","2"
"说是徐羡之","0","2","2"
"国家的权威","0","2","2"
"徐羡之放开","0","2","2"
"羡之放开不","0","2","2"
"之放开不问","0","2","2"
"对这几种不","0","2","2"
"这几种不法","0","2","2"
"几种不法行","0","2","2"
"种不法行为","0","2","2"
"应该加以惩","0","2","2"
"该加以惩罚","0","2","2"
"任本州大中","0","2","2"
"孔道存当侍","0","2","2"
"道存当侍中","0","2","2"
"刘子勋失败","0","2","2"
"是晋朝的司","0","2","2"
"打算恢复肉","0","2","2"
"算恢复肉刑","0","2","2"
"被判处死刑","0","2","2"
"遇到母亲去","0","2","2"
"到母亲去世","0","2","2"
"命他当从事","0","2","2"
"父和父亲的","0","2","2"
"世子左卫帅","0","2","2"
"王刘义真的","0","2","2"
"只比国王王","0","2","2"
"比国王王后","0","2","2"
"国王王后低","0","2","2"
"王王后低一","0","2","2"
"是应该改正","0","2","2"
"帝的儿子待","0","2","2"
"在骠骑将军","0","2","2"
"骠骑将军之","0","2","2"
"骑将军之上","0","2","2"
"都当录尚书","0","2","2"
"当录尚书事","0","2","2"
"当豫章太守","0","2","2"
"为吏部尚书","0","2","2"
"这么重要的","0","2","2"
"州里征召他","0","2","2"
"里征召他为","0","2","2"
"王刘义恭征","0","2","2"
"卫军从事中","0","2","2"
"军从事中郎","0","2","2"
"只不过因为","0","2","2"
"装粮食的器","0","2","2"
"粮食的器具","0","2","2"
"拓跋焘登上","0","2","2"
"接受我们的","0","2","2"
"怎么不知道","0","2","2"
"焘又派人来","0","2","2"
"与外人交往","0","2","2"
"跋焘又派使","0","2","2"
"焘又派使者","0","2","2"
"派人到我们","0","2","2"
"人到我们这","0","2","2"
"我们双方的","0","2","2"
"们双方的情","0","2","2"
"双方的情义","0","2","2"
"非常了解他","0","2","2"
"是一个平常","0","2","2"
"马文恭到萧","0","2","2"
"让他做先锋","0","2","2"
"真遗憾不能","0","2","2"
"要叛逆之前","0","2","2"
"举荐他为秀","0","2","2"
"荐他为秀才","0","2","2"
"任命他为中","0","2","2"
"又征召他任","0","2","2"
"兴王刘浚的","0","2","2"
"当时舆论的","0","2","2"
"领太子中庶","0","2","2"
"年死于官任","0","2","2"
"死于官任上","0","2","2"
"他散骑常侍","0","2","2"
"的太尉行参","0","2","2"
"的后军参军","0","2","2"
"没有什么名","0","2","2"
"十分看重他","0","2","2"
"后又任记室","0","2","2"
"又任记室参","0","2","2"
"领南濮阳太","0","2","2"
"调任从事中","0","2","2"
"用马鞭指着","0","2","2"
"两州的刺史","0","2","2"
"任天门太守","0","2","2"
"会稽王后代","0","2","2"
"稽王后代元","0","2","2"
"王后代元显","0","2","2"
"上表给皇帝","0","2","2"
"认为这样不","0","2","2"
"采纳他的意","0","2","2"
"纳他的意见","0","2","2"
"之任冠军将","0","2","2"
"一千多士兵","0","2","2"
"任度支尚书","0","2","2"
"特意让他乘","0","2","2"
"他为金紫光","0","2","2"
"没有不是从","0","2","2"
"将老百姓的","0","2","2"
"老百姓不富","0","2","2"
"治国的学说","0","2","2"
"上天的谴责","0","2","2"
"楮这种恶木","0","2","2"
"自己的德行","0","2","2"
"宴会和朝见","0","2","2"
"独断专行的","0","2","2"
"博览经籍群","0","2","2"
"喜欢写文章","0","2","2"
"后一个儿子","0","2","2"
"一个儿子范","0","2","2"
"文章写得好","0","2","2"
"世祖的抚军","0","2","2"
"任驸马都尉","0","2","2"
"交给门下省","0","2","2"
"上表陈述自","0","2","2"
"表陈述自己","0","2","2"
"陈述自己的","0","2","2"
"郎荀伯子上","0","2","2"
"荀伯子上表","0","2","2"
"任尚书左丞","0","2","2"
"有文集流传","0","2","2"
"天穿着一件","0","2","2"
"拜访领军将","0","2","2"
"访领军将军","0","2","2"
"的咨议参军","0","2","2"
"为中散大夫","0","2","2"
"王刘铄的右","0","2","2"
"他为中书侍","0","2","2"
"南琅王牙太","0","2","2"
"刘浚的府吏","0","2","2"
"这样过了十","0","2","2"
"样过了十几","0","2","2"
"过了十几年","0","2","2"
"有什么罪过","0","2","2"
"听从了他的","0","2","2"
"从了他的话","0","2","2"
"以追赠他为","0","2","2"
"任咨议参军","0","2","2"
"这时任黄门","0","2","2"
"时任黄门侍","0","2","2"
"领步兵校尉","0","2","2"
"在太祖面前","0","2","2"
"年四十三岁","0","2","2"
"将女儿许配","0","2","2"
"女儿许配给","0","2","2"
"儿许配给他","0","2","2"
"的人知道他","0","2","2"
"非凡的气度","0","2","2"
"无人能赶得","0","2","2"
"人能赶得上","0","2","2"
"能赶得上他","0","2","2"
"刘湛回到朝","0","2","2"
"对亲戚朋友","0","2","2"
"追赠他为侍","0","2","2"
"赠他为侍中","0","2","2"
"其他的官职","0","2","2"
"徒徐羡之等","0","2","2"
"冀两州的大","0","2","2"
"两州的大中","0","2","2"
"还没有来得","0","2","2"
"军刘毅镇守","0","2","2"
"刘毅镇守姑","0","2","2"
"毅镇守姑孰","0","2","2"
"问何承天说","0","2","2"
"何承天为南","0","2","2"
"要求杀掉他","0","2","2"
"等到到彦之","0","2","2"
"随母亲补充","0","2","2"
"母亲补充军","0","2","2"
"为补兵所患","0","2","2"
"应补充前往","0","2","2"
"丁况等三家","0","2","2"
"认为丁况等","0","2","2"
"申明旧的制","0","2","2"
"明旧的制度","0","2","2"
"一定可以使","0","2","2"
"一为移远就","0","2","2"
"为移远就近","0","2","2"
"三为聚集战","0","2","2"
"为聚集战车","0","2","2"
"聚集战车和","0","2","2"
"集战车和耕","0","2","2"
"战车和耕牛","0","2","2"
"四为统计人","0","2","2"
"为统计人数","0","2","2"
"统计人数考","0","2","2"
"用什么办法","0","2","2"
"州之地的人","0","2","2"
"之地的人民","0","2","2"
"各有自己的","0","2","2"
"何承天还善","0","2","2"
"承天还善于","0","2","2"
"天还善于弹","0","2","2"
"还善于弹筝","0","2","2"
"皇上又赏赐","0","2","2"
"上又赏赐他","0","2","2"
"又赏赐他用","0","2","2"
"赏赐他用银","0","2","2"
"赐他用银装","0","2","2"
"他用银装饰","0","2","2"
"银装饰的筝","0","2","2"
"装饰的筝一","0","2","2"
"饰的筝一面","0","2","2"
"何承天与尚","0","2","2"
"承天与尚书","0","2","2"
"天与尚书左","0","2","2"
"与尚书左丞","0","2","2"
"左丞谢元一","0","2","2"
"丞谢元一向","0","2","2"
"谢元一向关","0","2","2"
"元一向关系","0","2","2"
"一向关系不","0","2","2"
"向关系不好","0","2","2"
"二人互相窥","0","2","2"
"人互相窥伺","0","2","2"
"互相窥伺对","0","2","2"
"相窥伺对方","0","2","2"
"窥伺对方辖","0","2","2"
"伺对方辖台","0","2","2"
"对方辖台的","0","2","2"
"方辖台的过","0","2","2"
"辖台的过失","0","2","2"
"几次互相上","0","2","2"
"次互相上书","0","2","2"
"互相上书弹","0","2","2"
"相上书弹劾","0","2","2"
"南秦两州的","0","2","2"
"他的弟弟杨","0","2","2"
"的弟弟杨难","0","2","2"
"弟弟杨难当","0","2","2"
"王刘义康的","0","2","2"
"追赠他为征","0","2","2"
"赠他为征虏","0","2","2"
"他为征虏将","0","2","2"
"杜骥的哥哥","0","2","2"
"没有忘记我","0","2","2"
"有忘记我们","0","2","2"
"年六十四岁","0","2","2"
"高祖任命他","0","2","2"
"转任黄门侍","0","2","2"
"任命为太尉","0","2","2"
"他又被征召","0","2","2"
"的车骑将军","0","2","2"
"他写的文章","0","2","2"
"户的税收待","0","2","2"
"的税收待遇","0","2","2"
"散骑侍郎的","0","2","2"
"被免除官职","0","2","2"
"宋武帝刘裕","0","2","2"
"让他出外当","0","2","2"
"出外当永嘉","0","2","2"
"外当永嘉太","0","2","2"
"有很多名山","0","2","2"
"百姓的诉讼","0","2","2"
"父和父亲都","0","2","2"
"隐士王弘之","0","2","2"
"徐羡之等被","0","2","2"
"羡之等被杀","0","2","2"
"理想还未实","0","2","2"
"想还未实现","0","2","2"
"谢灵运认为","0","2","2"
"文才举世无","0","2","2"
"才举世无双","0","2","2"
"尊敬的叔叔","0","2","2"
"稽太守孟凯","0","2","2"
"一定在我谢","0","2","2"
"定在我谢灵","0","2","2"
"在我谢灵运","0","2","2"
"我谢灵运之","0","2","2"
"被有关部门","0","2","2"
"从古以来的","0","2","2"
"做临川内史","0","2","2"
"逮捕谢灵运","0","2","2"
"的文章在社","0","2","2"
"文章在社会","0","2","2"
"章在社会上","0","2","2"
"在社会上广","0","2","2"
"范晔小时候","0","2","2"
"广泛地阅读","0","2","2"
"任长沙王刘","0","2","2"
"王刘义欣镇","0","2","2"
"刘义欣镇军","0","2","2"
"当始兴王刘","0","2","2"
"之当广州刺","0","2","2"
"随同刘义康","0","2","2"
"也和孔熙先","0","2","2"
"把其中的一","0","2","2"
"结为婚姻关","0","2","2"
"为婚姻关系","0","2","2"
"谋反的打算","0","2","2"
"的文武官员","0","2","2"
"代理护军将","0","2","2"
"理护军将军","0","2","2"
"当严惩不贷","0","2","2"
"和谢综等人","0","2","2"
"谢综和孔熙","0","2","2"
"综和孔熙先","0","2","2"
"能作一些文","0","2","2"
"作一些文章","0","2","2"
"文帝再派人","0","2","2"
"没什么麻烦","0","2","2"
"派人慰劳他","0","2","2"
"写了一封给","0","2","2"
"人的智力能","0","2","2"
"范晔在监狱","0","2","2"
"晔在监狱里","0","2","2"
"他的儿子范","0","2","2"
"的儿子范蔼","0","2","2"
"冬天没有被","0","2","2"
"的兄弟子侄","0","2","2"
"综的弟弟谢","0","2","2"
"比喻庾炳之","0","2","2"
"比喻何尚之","0","2","2"
"詹唐黏湿比","0","2","2"
"唐黏湿比喻","0","2","2"
"黏湿比喻沈","0","2","2"
"湿比喻沈演","0","2","2"
"比喻沈演之","0","2","2"
"其中好的地","0","2","2"
"中好的地方","0","2","2"
"知道其中的","0","2","2"
"没有一个人","0","2","2"
"战斗中被杀","0","2","2"
"被任命为著","0","2","2"
"诏令狱官不","0","2","2"
"任前军将军","0","2","2"
"皇上和湛之","0","2","2"
"官至零陵太","0","2","2"
"至零陵太守","0","2","2"
"自己的才能","0","2","2"
"做始安太守","0","2","2"
"让他参与朝","0","2","2"
"他参与朝政","0","2","2"
"要求弟弟恭","0","2","2"
"求弟弟恭敬","0","2","2"
"必须自己友","0","2","2"
"须自己友爱","0","2","2"
"书中说的被","0","2","2"
"中说的被千","0","2","2"
"说的被千人","0","2","2"
"的被千人所","0","2","2"
"被千人所指","0","2","2"
"千人所指点","0","2","2"
"即使不病也","0","2","2"
"使不病也会","0","2","2"
"不病也会死","0","2","2"
"病也会死亡","0","2","2"
"明白其中的","0","2","2"
"用这方法对","0","2","2"
"这方法对待","0","2","2"
"自己的心灵","0","2","2"
"散骑常侍官","0","2","2"
"骑常侍官职","0","2","2"
"到江夏王刘","0","2","2"
"军军事职务","0","2","2"
"从容不迫地","0","2","2"
"之率领一万","0","2","2"
"被追认为光","0","2","2"
"追认为光禄","0","2","2"
"少年时代喜","0","2","2"
"年时代喜欢","0","2","2"
"喜欢追鹰走","0","2","2"
"欢追鹰走狗","0","2","2"
"母亲去世时","0","2","2"
"又当江夏王","0","2","2"
"他为使持节","0","2","2"
"兖二州诸军","0","2","2"
"升任南谯王","0","2","2"
"任南谯王刘","0","2","2"
"王刘义宣司","0","2","2"
"刘义宣司空","0","2","2"
"皇帝拓跋焘","0","2","2"
"以士兵身份","0","2","2"
"文帝不允许","0","2","2"
"一万多人向","0","2","2"
"是司州刺史","0","2","2"
"拓跋焘非常","0","2","2"
"族和羌族人","0","2","2"
"怎么能让你","0","2","2"
"派他的司马","0","2","2"
"将军刘义恭","0","2","2"
"便宣布起兵","0","2","2"
"率他的部队","0","2","2"
"以非常之礼","0","2","2"
"非常之礼拜","0","2","2"
"常之礼拜见","0","2","2"
"这样的时候","0","2","2"
"和孝武帝有","0","2","2"
"长久地保持","0","2","2"
"儿子臧敦做","0","2","2"
"刘义宣于是","0","2","2"
"派抚军将军","0","2","2"
"弯月形的堡","0","2","2"
"月形的堡垒","0","2","2"
"臧质的军队","0","2","2"
"精锐的部队","0","2","2"
"刘季之率领","0","2","2"
"武昌郡太守","0","2","2"
"上了一道奏","0","2","2"
"开始东下时","0","2","2"
"和南平王刘","0","2","2"
"孝武帝下诏","0","2","2"
"当尚书都官","0","2","2"
"跟着沈庆之","0","2","2"
"沈攸之于是","0","2","2"
"孝武因为他","0","2","2"
"在皇宫值班","0","2","2"
"有五支军队","0","2","2"
"薛常宝等人","0","2","2"
"沈攸之从江","0","2","2"
"军乘胜前进","0","2","2"
"军进驻鹊尾","0","2","2"
"亲自率兵攻","0","2","2"
"自率兵攻击","0","2","2"
"沈攸之率领","0","2","2"
"粮食吃完了","0","2","2"
"烧掉他们的","0","2","2"
"给沈攸之的","0","2","2"
"被魏人俘虏","0","2","2"
"司州的义阳","0","2","2"
"李承明造反","0","2","2"
"如果不迅速","0","2","2"
"朝廷和民间","0","2","2"
"休范被平定","0","2","2"
"号为征西大","0","2","2"
"不接受命令","0","2","2"
"受国家的大","0","2","2"
"巴东建平二","0","2","2"
"东建平二郡","0","2","2"
"刺杀沈攸之","0","2","2"
"的事便暴露","0","2","2"
"事便暴露了","0","2","2"
"位号为车骑","0","2","2"
"世子萧赜正","0","2","2"
"锐利的武器","0","2","2"
"这是他大逆","0","2","2"
"是他大逆不","0","2","2"
"他大逆不道","0","2","2"
"之派中兵参","0","2","2"
"说城池已被","0","2","2"
"的儿子沈法","0","2","2"
"沈攸之和他","0","2","2"
"攸之和他的","0","2","2"
"的几个儿子","0","2","2"
"儿子的灵柩","0","2","2"
"比沈攸之先","0","2","2"
"沈攸之先死","0","2","2"
"给亲朋好友","0","2","2"
"告诉沈攸之","0","2","2"
"东莞莒县人","0","2","2"
"一交战便被","0","2","2"
"同时造反的","0","2","2"
"他哥哥王锡","0","2","2"
"所以王僧达","0","2","2"
"偏远的地方","0","2","2"
"任太常官职","0","2","2"
"天地般的仁","0","2","2"
"不要求报答","0","2","2"
"当时三十六","0","2","2"
"时三十六岁","0","2","2"
"中兵参军兼","0","2","2"
"国家根基不","0","2","2"
"家根基不牢","0","2","2"
"朝廷让王玄","0","2","2"
"廷让王玄谟","0","2","2"
"让王玄谟做","0","2","2"
"锋进入黄河","0","2","2"
"向石高石敖","0","2","2"
"将领们请求","0","2","2"
"领们请求用","0","2","2"
"孝武帝讨伐","0","2","2"
"当豫州刺史","0","2","2"
"州刺史加上","0","2","2"
"刺史加上都","0","2","2"
"史加上都督","0","2","2"
"的来龙去脉","0","2","2"
"官领军将军","0","2","2"
"我蒙受先帝","0","2","2"
"被选为秀才","0","2","2"
"刘延孙当元","0","2","2"
"延孙当元帅","0","2","2"
"刘泰之代替","0","2","2"
"泰之代替自","0","2","2"
"之代替自己","0","2","2"
"世祖孝武帝","0","2","2"
"迁官丹阳尹","0","2","2"
"兼领徐州大","0","2","2"
"领徐州大中","0","2","2"
"当南兖州刺","0","2","2"
"竟陵随二郡","0","2","2"
"陵随二郡诸","0","2","2"
"兼领太子詹","0","2","2"
"刘延孙和皇","0","2","2"
"率领军队渡","0","2","2"
"领军队渡过","0","2","2"
"沈庆之的指","0","2","2"
"庆之的指挥","0","2","2"
"赐鼓吹一部","0","2","2"
"给班剑二十","0","2","2"
"高尚的品行","0","2","2"
"把自己的女","0","2","2"
"己的女儿嫁","0","2","2"
"任为江夏王","0","2","2"
"谷南口前进","0","2","2"
"率领部队前","0","2","2"
"后到任的刺","0","2","2"
"到任的刺史","0","2","2"
"无不经营聚","0","2","2"
"不经营聚敛","0","2","2"
"因为起义兵","0","2","2"
"为起义兵的","0","2","2"
"起义兵的功","0","2","2"
"义兵的功劳","0","2","2"
"被封康乐县","0","2","2"
"调为右卫将","0","2","2"
"为右卫将军","0","2","2"
"刘秀之认为","0","2","2"
"并且增加封","0","2","2"
"且增加封邑","0","2","2"
"加封邑一千","0","2","2"
"封邑一千户","0","2","2"
"谥号为忠诚","0","2","2"
"号为忠诚公","0","2","2"
"家中没有多","0","2","2"
"中没有多余","0","2","2"
"没有多余的","0","2","2"
"有多余的财","0","2","2"
"多余的财物","0","2","2"
"少帝景平年","0","2","2"
"帝景平年中","0","2","2"
"被任为司徒","0","2","2"
"和山阴县令","0","2","2"
"他被调为东","0","2","2"
"被调为东海","0","2","2"
"调为东海王","0","2","2"
"为东海王刘","0","2","2"
"代管会稽郡","0","2","2"
"管会稽郡事","0","2","2"
"会稽郡事务","0","2","2"
"杀文帝自立","0","2","2"
"刘诞当刺史","0","2","2"
"当会稽太守","0","2","2"
"刘邵被消灭","0","2","2"
"邵被消灭后","0","2","2"
"人们生儿子","0","2","2"
"儿子都以孔","0","2","2"
"子都以孔为","0","2","2"
"都以孔为名","0","2","2"
"南徐州事务","0","2","2"
"前废帝做皇","0","2","2"
"废帝做皇帝","0","2","2"
"方同时反叛","0","2","2"
"同时兼任他","0","2","2"
"时兼任他的","0","2","2"
"兼任他的卫","0","2","2"
"任他的卫军","0","2","2"
"他的卫军参","0","2","2"
"的卫军参军","0","2","2"
"当衡阳王刘","0","2","2"
"王刘义季右","0","2","2"
"刘义季右军","0","2","2"
"以脚病的借","0","2","2"
"脚病的借口","0","2","2"
"后来刘义康","0","2","2"
"来刘义康被","0","2","2"
"接着顾觊之","0","2","2"
"当义阳王刘","0","2","2"
"当湘州刺史","0","2","2"
"皇帝没有同","0","2","2"
"丈夫的肚子","0","2","2"
"再当吏部尚","0","2","2"
"当吏部尚书","0","2","2"
"都是命中注","0","2","2"
"是皇室亲戚","0","2","2"
"了吴兴太守","0","2","2"
"杀文帝自称","0","2","2"
"文帝自称皇","0","2","2"
"帝自称皇帝","0","2","2"
"刘诞的檄文","0","2","2"
"诞的檄文接","0","2","2"
"的檄文接着","0","2","2"
"檄文接着又","0","2","2"
"文接着又到","0","2","2"
"接着又到了","0","2","2"
"先当南平王","0","2","2"
"当南平王刘","0","2","2"
"河以北地区","0","2","2"
"当今应该每","0","2","2"
"今应该每家","0","2","2"
"应该每家减","0","2","2"
"该每家减轻","0","2","2"
"每家减轻劳","0","2","2"
"家减轻劳役","0","2","2"
"每家减免税","0","2","2"
"家减免税收","0","2","2"
"女子到十五","0","2","2"
"子到十五不","0","2","2"
"到十五不出","0","2","2"
"十五不出嫁","0","2","2"
"家长应受惩","0","2","2"
"长应受惩处","0","2","2"
"叫敌人只调","0","2","2"
"敌人只调轻","0","2","2"
"人只调轻快","0","2","2"
"只调轻快骑","0","2","2"
"调轻快骑兵","0","2","2"
"轻快骑兵三","0","2","2"
"快骑兵三千","0","2","2"
"骑兵三千人","0","2","2"
"兵三千人交","0","2","2"
"三千人交替","0","2","2"
"千人交替出","0","2","2"
"人交替出入","0","2","2"
"春天来践踏","0","2","2"
"天来践踏麦","0","2","2"
"来践踏麦苗","0","2","2"
"秋天来侵踏","0","2","2"
"天来侵踏谷","0","2","2"
"来侵踏谷禾","0","2","2"
"那么我们的","0","2","2"
"么我们的水","0","2","2"
"我们的水陆","0","2","2"
"们的水陆运","0","2","2"
"的水陆运输","0","2","2"
"然会重新断","0","2","2"
"会重新断绝","0","2","2"
"对于敌人是","0","2","2"
"于敌人是不","0","2","2"
"敌人是不疲","0","2","2"
"人是不疲劳","0","2","2"
"是不疲劳的","0","2","2"
"但我们的边","0","2","2"
"我们的边防","0","2","2"
"们的边防已","0","2","2"
"的边防已很","0","2","2"
"边防已很困","0","2","2"
"防已很困难","0","2","2"
"兵败退归人","0","2","2"
"败退归人民","0","2","2"
"退归人民逃","0","2","2"
"归人民逃散","0","2","2"
"从今以后不","0","2","2"
"人们的衣服","0","2","2"
"不久又被调","0","2","2"
"为太子中舍","0","2","2"
"叫有关人员","0","2","2"
"范觊之划定","0","2","2"
"他当扬武将","0","2","2"
"当扬武将军","0","2","2"
"同柳元景北","0","2","2"
"陵王刘诞占","0","2","2"
"王刘诞占据","0","2","2"
"占据广陵造","0","2","2"
"据广陵造反","0","2","2"
"宗越率领骑","0","2","2"
"沈庆之指挥","0","2","2"
"王刘子鸾抚","0","2","2"
"刘子鸾抚军","0","2","2"
"任南济阴太","0","2","2"
"太宗因此得","0","2","2"
"宗因此得以","0","2","2"
"因此得以除","0","2","2"
"此得以除掉","0","2","2"
"得以除掉废","0","2","2"
"以除掉废帝","0","2","2"
"出外当晋安","0","2","2"
"外当晋安王","0","2","2"
"当晋安王刘","0","2","2"
"王刘子勋镇","0","2","2"
"刘子勋镇军","0","2","2"
"代管江州事","0","2","2"
"管江州事务","0","2","2"
"子勋在兄弟","0","2","2"
"勋在兄弟中","0","2","2"
"刘子勋的典","0","2","2"
"子勋的典签","0","2","2"
"任中军参军","0","2","2"
"同时被任命","0","2","2"
"子勋的命令","0","2","2"
"全副武装的","0","2","2"
"的士兵五千","0","2","2"
"恰遇太宗平","0","2","2"
"遇太宗平定","0","2","2"
"太宗平定乱","0","2","2"
"宗平定乱子","0","2","2"
"王刘子元当","0","2","2"
"将军兼中直","0","2","2"
"受先帝提拔","0","2","2"
"不要解除武","0","2","2"
"要解除武装","0","2","2"
"子勋做皇帝","0","2","2"
"当尚书右丞","0","2","2"
"的父子兄弟","0","2","2"
"将军朱辅之","0","2","2"
"朱辅之的副","0","2","2"
"辅之的副将","0","2","2"
"之的副将正","0","2","2"
"的副将正员","0","2","2"
"副将正员将","0","2","2"
"将正员将军","0","2","2"
"申谦之副将","0","2","2"
"谦之副将虎","0","2","2"
"之副将虎贲","0","2","2"
"副将虎贲中","0","2","2"
"将虎贲中郎","0","2","2"
"将徐稚宾都","0","2","2"
"徐稚宾都战","0","2","2"
"稚宾都战死","0","2","2"
"宾都战死了","0","2","2"
"殷孝祖的支","0","2","2"
"孝祖的支军","0","2","2"
"祖的支军将","0","2","2"
"的支军将领","0","2","2"
"支军将领范","0","2","2"
"军将领范潜","0","2","2"
"将领范潜带","0","2","2"
"领范潜带领","0","2","2"
"范潜带领手","0","2","2"
"潜带领手下","0","2","2"
"带领手下五","0","2","2"
"领手下五百","0","2","2"
"手下五百人","0","2","2"
"下五百人向","0","2","2"
"五百人向陶","0","2","2"
"百人向陶亮","0","2","2"
"人向陶亮投","0","2","2"
"向陶亮投降","0","2","2"
"三千人帮助","0","2","2"
"品官的待遇","0","2","2"
"品令史官职","0","2","2"
"又派辅国将","0","2","2"
"杜幼文用这","0","2","2"
"幼文用这机","0","2","2"
"文用这机会","0","2","2"
"用这机会请","0","2","2"
"这机会请求","0","2","2"
"机会请求做","0","2","2"
"会请求做黄","0","2","2"
"请求做黄门","0","2","2"
"求做黄门郎","0","2","2"
"刘亮请求做","0","2","2"
"亮请求做中","0","2","2"
"请求做中书","0","2","2"
"求做中书郎","0","2","2"
"王刘休仁叫","0","2","2"
"刘休仁叫褚","0","2","2"
"休仁叫褚渊","0","2","2"
"仁叫褚渊接","0","2","2"
"叫褚渊接受","0","2","2"
"褚渊接受将","0","2","2"
"渊接受将帅","0","2","2"
"接受将帅的","0","2","2"
"受将帅的要","0","2","2"
"将帅的要求","0","2","2"
"太宗不允许","0","2","2"
"在本郡宣布","0","2","2"
"郡宣布起义","0","2","2"
"管理郡中事","0","2","2"
"理郡中事务","0","2","2"
"寻阳已被平","0","2","2"
"阳已被平定","0","2","2"
"率领楼船一","0","2","2"
"领楼船一千","0","2","2"
"楼船一千艘","0","2","2"
"听说刘胡逃","0","2","2"
"说刘胡逃走","0","2","2"
"害怕而不敢","0","2","2"
"他的第二个","0","2","2"
"任叔儿于是","0","2","2"
"人归顺朝廷","0","2","2"
"暗中叫人杀","0","2","2"
"中叫人杀了","0","2","2"
"经过激烈战","0","2","2"
"负责封锁道","0","2","2"
"责封锁道路","0","2","2"
"当太子左卫","0","2","2"
"随同张兴世","0","2","2"
"是太尉袁淑","0","2","2"
"他没有应征","0","2","2"
"王刘子房冠","0","2","2"
"刘子房冠军","0","2","2"
"帝稍稍有些","0","2","2"
"帝又下诏说","0","2","2"
"号冠军将军","0","2","2"
"袁顗的舅父","0","2","2"
"刘子勋即位","0","2","2"
"即位做皇帝","0","2","2"
"他的曾祖父","0","2","2"
"魏人侵略青","0","2","2"
"人侵略青州","0","2","2"
"当盱眙太守","0","2","2"
"将军还是照","0","2","2"
"军还是照旧","0","2","2"
"以宁朔将军","0","2","2"
"督兖州诸军","0","2","2"
"兖州诸军事","0","2","2"
"和敌人交战","0","2","2"
"一千户租税","0","2","2"
"的堂兄的儿","0","2","2"
"堂兄的儿子","0","2","2"
"和始兴王刘","0","2","2"
"接着出外当","0","2","2"
"当山阳王休","0","2","2"
"王刘子勋造","0","2","2"
"刘子勋造反","0","2","2"
"杜叔宝等人","0","2","2"
"本郡响应叛","0","2","2"
"郡响应叛军","0","2","2"
"庞孟虬当司","0","2","2"
"孟虬当司州","0","2","2"
"虬当司州刺","0","2","2"
"的儿子殷邈","0","2","2"
"的骠骑将军","0","2","2"
"将军姜产之","0","2","2"
"率领骑步兵","0","2","2"
"我们的人马","0","2","2"
"们的人马不","0","2","2"
"袭击他们的","0","2","2"
"杜叔宝果然","0","2","2"
"打败了敌人","0","2","2"
"又给殷琰写","0","2","2"
"以来没有过","0","2","2"
"来没有过的","0","2","2"
"前后多次派","0","2","2"
"率他的部属","0","2","2"
"的辅国将军","0","2","2"
"陆悠之的人","0","2","2"
"悠之的人马","0","2","2"
"之的人马不","0","2","2"
"的人马不多","0","2","2"
"只好退保谯","0","2","2"
"好退保谯城","0","2","2"
"打败庞孟虬","0","2","2"
"朝廷用他当","0","2","2"
"和屯骑校尉","0","2","2"
"率领他的部","0","2","2"
"的人便杀掉","0","2","2"
"百户租税的","0","2","2"
"户租税的待","0","2","2"
"租税的待遇","0","2","2"
"享受三百户","0","2","2"
"受三百户租","0","2","2"
"三百户租税","0","2","2"
"跋焘亲自率","0","2","2"
"当建武将军","0","2","2"
"世祖讨伐逆","0","2","2"
"祖讨伐逆贼","0","2","2"
"安都被任命","0","2","2"
"都被任命为","0","2","2"
"被任命为右","0","2","2"
"任命为右军","0","2","2"
"命为右军将","0","2","2"
"为右军将军","0","2","2"
"受五百户租","0","2","2"
"庾淑之鞭打","0","2","2"
"朝廷派安都","0","2","2"
"和历阳太守","0","2","2"
"迁官辅国将","0","2","2"
"薛安都的副","0","2","2"
"安都的副将","0","2","2"
"副将建武将","0","2","2"
"将建武将军","0","2","2"
"派安都率领","0","2","2"
"薛安都再次","0","2","2"
"再次率领骑","0","2","2"
"次率领骑兵","0","2","2"
"率领骑兵作","0","2","2"
"领骑兵作为","0","2","2"
"骑兵作为王","0","2","2"
"兵作为王玄","0","2","2"
"作为王玄谟","0","2","2"
"为王玄谟的","0","2","2"
"王玄谟的支","0","2","2"
"玄谟的支队","0","2","2"
"官右卫将军","0","2","2"
"响应薛安都","0","2","2"
"刘弥之等人","0","2","2"
"薛索儿抓住","0","2","2"
"代替薛安都","0","2","2"
"薛索儿于是","0","2","2"
"他们都杀了","0","2","2"
"当新安王刘","0","2","2"
"被魏人攻陷","0","2","2"
"的伯父袁洵","0","2","2"
"伯父袁洵便","0","2","2"
"父袁洵便是","0","2","2"
"袁洵便是袁","0","2","2"
"洵便是袁顗","0","2","2"
"便是袁顗的","0","2","2"
"是袁顗的父","0","2","2"
"说袁顗不配","0","2","2"
"正好可以嫁","0","2","2"
"好可以嫁给","0","2","2"
"可以嫁给愍","0","2","2"
"以嫁给愍孙","0","2","2"
"嫁给愍孙了","0","2","2"
"当时愍孙正","0","2","2"
"时愍孙正在","0","2","2"
"愍孙正在坐","0","2","2"
"流着眼泪出","0","2","2"
"着眼泪出去","0","2","2"
"眼泪出去了","0","2","2"
"当扬州从事","0","2","2"
"出外当辅国","0","2","2"
"外当辅国将","0","2","2"
"王刘子尚北","0","2","2"
"刘子尚北中","0","2","2"
"代管兖州事","0","2","2"
"管兖州事务","0","2","2"
"废帝还未亲","0","2","2"
"朝廷宫殿中","0","2","2"
"任候伯等人","0","2","2"
"袁粲已失败","0","2","2"
"袁粲和刘秉","0","2","2"
"坚决辞让不","0","2","2"
"琅笽临沂人","0","2","2"
"王镇之因为","0","2","2"
"在战斗中牺","0","2","2"
"战斗中牺牲","0","2","2"
"讨伐徐道覆","0","2","2"
"在州府做官","0","2","2"
"州府做官做","0","2","2"
"府做官做到","0","2","2"
"做官做到日","0","2","2"
"官做到日南","0","2","2"
"经多次交战","0","2","2"
"率领文武将","0","2","2"
"领文武将士","0","2","2"
"的二个儿子","0","2","2"
"武将士一万","0","2","2"
"当振威将军","0","2","2"
"继承他父亲","0","2","2"
"则对于琅笽","0","2","2"
"对于琅笽王","0","2","2"
"于琅笽王不","0","2","2"
"琅笽王不应","0","2","2"
"笽王不应加","0","2","2"
"王不应加以","0","2","2"
"不应加以敬","0","2","2"
"应加以敬礼","0","2","2"
"朝廷用徐豁","0","2","2"
"山民愚蠢而","0","2","2"
"民愚蠢而胆","0","2","2"
"愚蠢而胆怯","0","2","2"
"公家所收的","0","2","2"
"家所收的税","0","2","2"
"所收的税很","0","2","2"
"收的税很轻","0","2","2"
"俚民却认为","0","2","2"
"民却认为很","0","2","2"
"却认为很重","0","2","2"
"如今如果允","0","2","2"
"今如果允许","0","2","2"
"如果允许按","0","2","2"
"果允许按丁","0","2","2"
"允许按丁收","0","2","2"
"许按丁收米","0","2","2"
"按丁收米税","0","2","2"
"于公私都有","0","2","2"
"公私都有好","0","2","2"
"私都有好处","0","2","2"
"琅笽王司马","0","2","2"
"恬静的节操","0","2","2"
"召为太子中","0","2","2"
"他的曾祖陶","0","2","2"
"的曾祖陶侃","0","2","2"
"是晋代的大","0","2","2"
"晋代的大司","0","2","2"
"代的大司马","0","2","2"
"他都没有应","0","2","2"
"都没有应命","0","2","2"
"也有高洁的","0","2","2"
"百年的妻子","0","2","2"
"人君的恩泽","0","2","2"
"人君对被宠","0","2","2"
"当南台侍御","0","2","2"
"同时兼任中","0","2","2"
"时兼任中书","0","2","2"
"在东宫侍候","0","2","2"
"东宫侍候太","0","2","2"
"宫侍候太子","0","2","2"
"出外侍候太","0","2","2"
"外侍候太子","0","2","2"
"在孝建初年","0","2","2"
"法兴升官越","0","2","2"
"兴升官越骑","0","2","2"
"升官越骑校","0","2","2"
"官越骑校尉","0","2","2"
"有关人员又","0","2","2"
"关人员又上","0","2","2"
"人员又上奏","0","2","2"
"升到员外散","0","2","2"
"到员外散骑","0","2","2"
"并州刺史刘","0","2","2"
"封猗卢为代","0","2","2"
"这年正是晋","0","2","2"
"年正是晋安","0","2","2"
"正是晋安帝","0","2","2"
"是晋安帝义","0","2","2"
"最重要的是","0","2","2"
"姚兴的女儿","0","2","2"
"嗣亲自率大","0","2","2"
"骑兵二万多","0","2","2"
"兵二万多人","0","2","2"
"太守刘谈之","0","2","2"
"毛德祖觉得","0","2","2"
"坚决不投降","0","2","2"
"又派司马徐","0","2","2"
"派司马徐琼","0","2","2"
"矛肖公于粟","0","2","2"
"肖公于粟石","0","2","2"
"公于粟石单","0","2","2"
"毛德祖每次","0","2","2"
"听说魏人将","0","2","2"
"说魏人将要","0","2","2"
"城内文武将","0","2","2"
"里面的一层","0","2","2"
"面的一层壕","0","2","2"
"的一层壕沟","0","2","2"
"人突然到来","0","2","2"
"非常看重他","0","2","2"
"当王镇恶的","0","2","2"
"他当龙骧将","0","2","2"
"的安西参军","0","2","2"
"又用他督司","0","2","2"
"三州豫州的","0","2","2"
"州豫州的颍","0","2","2"
"豫州的颍川","0","2","2"
"州的颍川兖","0","2","2"
"的颍川兖州","0","2","2"
"颍川兖州的","0","2","2"
"川兖州的陈","0","2","2"
"当年十一月","0","2","2"
"他的儿子拓","0","2","2"
"伐斤乘胜以","0","2","2"
"斤乘胜以骑","0","2","2"
"乘胜以骑兵","0","2","2"
"胜以骑兵三","0","2","2"
"以骑兵三万","0","2","2"
"骑兵三万讨","0","2","2"
"兵三万讨伐","0","2","2"
"三万讨伐赫","0","2","2"
"万讨伐赫连","0","2","2"
"讨伐赫连定","0","2","2"
"赫连定在陇","0","2","2"
"连定在陇山","0","2","2"
"定在陇山弹","0","2","2"
"在陇山弹筝","0","2","2"
"山弹筝谷设","0","2","2"
"弹筝谷设伏","0","2","2"
"筝谷设伏袭","0","2","2"
"谷设伏袭击","0","2","2"
"设伏袭击魏","0","2","2"
"伏袭击魏兵","0","2","2"
"杀了吐伐斤","0","2","2"
"将魏兵全部","0","2","2"
"魏兵全部活","0","2","2"
"兵全部活埋","0","2","2"
"刘裕征用他","0","2","2"
"又派殿中将","0","2","2"
"南大将军开","0","2","2"
"大将军开府","0","2","2"
"将军开府仪","0","2","2"
"军开府仪同","0","2","2"
"杨难当投奔","0","2","2"
"各路大军同","0","2","2"
"知道杨难当","0","2","2"
"我们的边疆","0","2","2"
"侵扰我们的","0","2","2"
"各少数民族","0","2","2"
"拓跋焘听说","0","2","2"
"统率大军围","0","2","2"
"率大军围攻","0","2","2"
"魏主拓跋焘","0","2","2"
"共一百二十","0","2","2"
"堂弟高梁王","0","2","2"
"兵和骑兵十","0","2","2"
"和骑兵十万","0","2","2"
"股敌人来了","0","2","2"
"堂弟永昌王","0","2","2"
"刘泰之等人","0","2","2"
"烧掉攻城器","0","2","2"
"有功劳的人","0","2","2"
"我的边界人","0","2","2"
"的边界人民","0","2","2"
"我也不去欢","0","2","2"
"宋军大规模","0","2","2"
"大规模北伐","0","2","2"
"兵力集中到","0","2","2"
"王玄谟败逃","0","2","2"
"徐州从事史","0","2","2"
"被立为太子","0","2","2"
"拓跋晃非常","0","2","2"
"有两个儿子","0","2","2"
"若洛蝅非常","0","2","2"
"有水草的地","0","2","2"
"水草的地方","0","2","2"
"十二个儿子","0","2","2"
"都委托给他","0","2","2"
"享年四十二","0","2","2"
"年四十二岁","0","2","2"
"儿子树洛干","0","2","2"
"上表贡献土","0","2","2"
"他的弟弟慕","0","2","2"
"他儿子乞伏","0","2","2"
"任护羌校尉","0","2","2"
"赐给他牵车","0","2","2"
"王刘义恭从","0","2","2"
"鹦鹉嫁给沈","0","2","2"
"鹉嫁给沈怀","0","2","2"
"嫁给沈怀远","0","2","2"
"下人想出嫁","0","2","2"
"刘邵回答说","0","2","2"
"是不可能的","0","2","2"
"刘浚到京口","0","2","2"
"百姓张日午","0","2","2"
"姓张日午家","0","2","2"
"母亲潘淑妃","0","2","2"
"仆射徐湛之","0","2","2"
"文帝的尸体","0","2","2"
"之戍守石头","0","2","2"
"营道侯刘义","0","2","2"
"道侯刘义綦","0","2","2"
"游乐的费用","0","2","2"
"义恭的儿子","0","2","2"
"恭的儿子们","0","2","2"
"南淮王刘义","0","2","2"
"淮王刘义宣","0","2","2"
"宣的儿子们","0","2","2"
"的儿子刘伟","0","2","2"
"子刘伟之为","0","2","2"
"军王正见为","0","2","2"
"王正见为太","0","2","2"
"正见为太子","0","2","2"
"见为太子左","0","2","2"
"为太子左卫","0","2","2"
"世祖的老部","0","2","2"
"祖的老部下","0","2","2"
"辇车和皇帝","0","2","2"
"二十多年过","0","2","2"
"十多年过去","0","2","2"
"刘浚出外当","0","2","2"
"当时江夏王","0","2","2"
"时江夏王刘","0","2","2"
"为什么还要","0","2","2"
"小时候便有","0","2","2"
"用他为从事","0","2","2"
"当驸马都尉","0","2","2"
"为振武将军","0","2","2"
"长安平定之","0","2","2"
"安平定之后","0","2","2"
"咸阳所以能","0","2","2"
"阳所以能平","0","2","2"
"所以能平定","0","2","2"
"沈田子和傅","0","2","2"
"田子和傅弘","0","2","2"
"子和傅弘之","0","2","2"
"王刘义康叫","0","2","2"
"刘义康叫部","0","2","2"
"义康叫部属","0","2","2"
"康叫部属献","0","2","2"
"叫部属献计","0","2","2"
"部属献计解","0","2","2"
"属献计解决","0","2","2"
"献计解决人","0","2","2"
"计解决人民","0","2","2"
"解决人民的","0","2","2"
"决人民的疾","0","2","2"
"沈亮献议说","0","2","2"
"东方发生灾","0","2","2"
"方发生灾荒","0","2","2"
"富人屯积谷","0","2","2"
"人屯积谷物","0","2","2"
"使价格一天","0","2","2"
"价格一天天","0","2","2"
"格一天天上","0","2","2"
"一天天上涨","0","2","2"
"朝廷应该命","0","2","2"
"廷应该命令","0","2","2"
"应该命令自","0","2","2"
"该命令自己","0","2","2"
"命令自己的","0","2","2"
"令自己的下","0","2","2"
"搞出富贫的","0","2","2"
"出富贫的虚","0","2","2"
"富贫的虚实","0","2","2"
"贫的虚实情","0","2","2"
"的虚实情况","0","2","2"
"叫积蓄富人","0","2","2"
"允许他们留","0","2","2"
"许他们留下","0","2","2"
"他们留下一","0","2","2"
"们留下一年","0","2","2"
"留下一年的","0","2","2"
"下一年的储","0","2","2"
"一年的储蓄","0","2","2"
"其余都要把","0","2","2"
"余都要把米","0","2","2"
"都要把米卖","0","2","2"
"要把米卖出","0","2","2"
"把米卖出来","0","2","2"
"制定平稳的","0","2","2"
"定平稳的价","0","2","2"
"平稳的价格","0","2","2"
"这是可行于","0","2","2"
"是可行于千","0","2","2"
"可行于千百","0","2","2"
"行于千百年","0","2","2"
"于千百年的","0","2","2"
"千百年的好","0","2","2"
"百年的好法","0","2","2"
"年的好法子","0","2","2"
"权宜用于一","0","2","2"
"宜用于一时","0","2","2"
"用于一时之","0","2","2"
"于一时之间","0","2","2"
"高祖攻下京","0","2","2"
"沈预的脑袋","0","2","2"
"真有那么一","0","2","2"
"有那么一回","0","2","2"
"那么一回事","0","2","2"
"府的中兵参","0","2","2"
"次打败敌人","0","2","2"
"姚讠赞骑马","0","2","2"
"讠赞骑马逃","0","2","2"
"为什么这么","0","2","2"
"加号建威将","0","2","2"
"号建威将军","0","2","2"
"祖登基称帝","0","2","2"
"代管州中事","0","2","2"
"管州中事务","0","2","2"
"我远则惭愧","0","2","2"
"远则惭愧不","0","2","2"
"任安西将军","0","2","2"
"关东有贤女","0","2","2"
"人口二万五","0","2","2"
"人口三万六","0","2","2"
"口一万零六","0","2","2"
"一万零六百","0","2","2"
"万零六百三","0","2","2"
"零六百三十","0","2","2"
"人口二万二","0","2","2"
"人口八千二","0","2","2"
"人口一万五","0","2","2"
"人口一万二","0","2","2"
"人口四万五","0","2","2"
"人口二万一","0","2","2"
"母亲和兄长","0","2","2"
"持节侍中都","0","2","2"
"节侍中都督","0","2","2"
