"N-gram","原文","翻译","Total"
"晋武帝太康元年","28","27","55"
"使者来进献特产","0","54","54"
"派使者来进献特","0","48","48"
"晋武帝太康二年","19","17","36"
"国派使者来进献","0","34","34"
"主事官员上奏说","0","33","33"
"宋文帝元嘉二十","16","15","31"
"孝武帝大明元年","15","16","31"
"晋孝武帝太元十","14","16","30"
"扬州刺史始兴王","14","13","27"
"泰始元年十二月","14","13","27"
"州刺史始兴王浚","20","4","24"
"州刺史南谯王义","18","6","24"
"刺史南谯王义宣","18","6","24"
"太宰江夏王义恭","14","9","23"
"州刺史桂阳王休","12","8","20"
"刺史桂阳王休范","12","8","20"
"孝武帝孝建元年","10","10","20"
"后废帝元徽元年","10","10","20"
"晋武帝咸宁元年","9","10","19"
"后废帝元徽三年","9","9","18"
"前废帝永光元年","9","9","18"
"晋武帝泰始元年","9","9","18"
"州刺史武陵王骏","8","10","18"
"有关部门上奏说","0","18","18"
"刺史彭城王义康","12","5","17"
"晋惠帝永康元年","9","8","17"
"荆州刺史南谯王","9","8","17"
"刺史巴陵王休若","9","8","17"
"州刺史彭城王义","11","5","16"
"将军巴陵王休若","8","8","16"
"魏明帝景初元年","9","7","16"
"晋惠帝永兴元年","8","8","16"
"晋愍帝建武元年","8","8","16"
"宋武帝永初元年","8","8","16"
"晋惠帝永宁元年","8","8","16"
"晋明帝太宁元年","8","8","16"
"晋惠帝元康元年","8","8","16"
"文帝元嘉十二年","8","8","16"
"太尉江夏王义恭","11","5","16"
"晋武帝太康三年","8","8","16"
"孝武帝大明五年","5","10","15"
"孝武帝大明七年","7","8","15"
"晋武帝咸宁二年","8","7","15"
"州刺史山阳王休","8","7","15"
"州刺史巴陵王休","8","7","15"
"帝泰始元年十二","8","7","15"
"元嘉二十四年七","8","7","15"
"嘉二十四年七月","8","7","15"
"州刺史晋熙王燮","7","7","14"
"晋成帝咸康元年","7","7","14"
"孝怀帝永嘉元年","7","7","14"
"豫州刺史长沙王","7","7","14"
"徐州刺史薛安都","7","7","14"
"三十四万四千二","7","7","14"
"十四万四千二百","7","7","14"
"四万四千二百六","7","7","14"
"万四千二百六十","7","7","14"
"孝武帝孝建三年","7","7","14"
"武帝泰始元年十","7","7","14"
"十九万四千九百","7","6","13"
"万四千九百九十","7","6","13"
"晋武帝太康五年","6","7","13"
"州刺史长沙王义","9","4","13"
"四千二百六十一","7","6","13"
"文帝元嘉十三年","6","7","13"
"汉献帝延康元年","7","6","13"
"刺史始兴王刘浚","0","13","13"
"九万四千九百九","7","5","12"
"汉安帝延光三年","6","6","12"
"州刺史南平王铄","8","4","12"
"孝武帝大明三年","6","6","12"
"晋愍帝建兴二年","6","6","12"
"晋孝怀帝永嘉元","6","6","12"
"刺史长沙王义欣","9","3","12"
"刺史临川王义庆","10","2","12"
"大将军彭城王义","9","3","12"
"将军彭城王义康","9","3","12"
"州刺史竟陵王诞","9","3","12"
"豫州刺史山阳王","6","6","12"
"晋元帝太兴三年","7","5","12"
"晋惠帝光熙元年","6","6","12"
"晋元帝太兴元年","6","6","12"
"晋安帝元兴元年","6","6","12"
"吴孙皓宝鼎元年","6","6","12"
"晋元帝太兴四年","6","6","12"
"文帝元嘉十八年","6","6","12"
"州刺史始兴王刘","0","12","12"
"汉章帝元和年间","0","12","12"
"树木被连根拔起","0","12","12"
"州刺史江夏王义","8","3","11"
"刺史江夏王义恭","8","3","11"
"西秦河二州刺史","6","5","11"
"州刺史建平王景","6","5","11"
"刺史建平王景素","6","5","11"
"晋元帝永昌二年","5","6","11"
"晋安帝义熙元年","5","6","11"
"后废帝元徽二年","6","5","11"
"州刺史临川王义","9","2","11"
"州刺史庐陵王绍","8","3","11"
"司徒建安王休仁","6","5","11"
"晋元帝永昌元年","6","5","11"
"州刺史刘道隆献","6","5","11"
"到华林园听诉讼","0","11","11"
"扬州刺史豫章王","5","5","10"
"州刺史豫章王子","5","5","10"
"刺史豫章王子尚","5","5","10"
"青州刺史沈文秀","6","4","10"
"荆州刺史司马休","5","5","10"
"武帝大明元年五","5","5","10"
"帝大明元年五月","5","5","10"
"晋安帝元兴二年","5","5","10"
"晋武帝太康四年","6","4","10"
"征南大将军檀道","5","5","10"
"南大将军檀道济","5","5","10"
"州刺史衡阳王义","6","4","10"
"刺史衡阳王义季","6","4","10"
"州刺史晋安王子","6","4","10"
"刺史晋安王子勋","6","4","10"
"千二百六十一分","5","5","10"
"元嘉二十五年五","5","5","10"
"嘉二十五年五月","5","5","10"
"元嘉二十五年八","5","5","10"
"嘉二十五年八月","5","5","10"
"孝武帝孝建二年","5","5","10"
"刺史始兴王浚闻","10","0","10"
"元嘉二十四年二","5","5","10"
"嘉二十四年二月","5","5","10"
"为开府仪同三司","0","10","10"
"江水涌入石头城","0","10","10"
"有关官员上奏说","0","10","10"
"将军建安王休仁","4","5","9"
"江州刺史桂阳王","5","4","9"
"郢州刺史晋熙王","4","5","9"
"魏文帝黄初三年","5","4","9"
"后废帝元徽四年","5","4","9"
"孝武帝大明二年","4","5","9"
"豫州梁郡诸军事","9","0","9"
"高丽国遣使献方","9","0","9"
"丽国遣使献方物","9","0","9"
"徐州刺史南谯王","5","4","9"
"南豫州刺史武陵","5","4","9"
"豫州刺史武陵王","5","4","9"
"豫州刺史南平王","5","4","9"
"四千九百九十分","5","4","9"
"元嘉二十五年四","4","5","9"
"嘉二十五年四月","4","5","9"
"武帝大明元年四","5","4","9"
"帝大明元年四月","5","4","9"
"晋愍帝建兴四年","5","4","9"
"武帝太康元年更","9","0","9"
"帝太康元年更名","9","0","9"
"在迟疾历中相应","0","9","9"
"高丽国派使者来","0","9","9"
"丽国派使者来进","0","9","9"
"满纪法则减去纪","0","9","9"
"纪法则减去纪法","0","9","9"
"开始时与太阳合","0","9","9"
"州刺史南谯王刘","0","9","9"
"江夏王刘义恭的","0","9","9"
"江州刺史晋安王","4","4","8"
"骠骑大将军柳元","4","4","8"
"骑大将军柳元景","4","4","8"
"冀州刺史崔道固","4","4","8"
"卫将军巴陵王休","4","4","8"
"金紫光禄大夫王","5","3","8"
"泰始三年十一月","4","4","8"
"魏元帝咸熙二年","4","4","8"
"晋安帝元兴三年","4","4","8"
"晋惠帝元康五年","4","4","8"
"晋安帝义熙四年","4","4","8"
"宋文帝元嘉五年","4","4","8"
"晋武帝泰始四年","4","4","8"
"晋孝怀帝永嘉四","4","4","8"
"孝怀帝永嘉四年","4","4","8"
"晋惠帝元康二年","4","4","8"
"元嘉二十六年三","4","4","8"
"嘉二十六年三月","4","4","8"
"徐州刺史王仲德","4","4","8"
"雍州刺史武陵王","4","4","8"
"江州刺史庐陵王","5","3","8"
"州刺史建安王休","7","1","8"
"刺史建安王休仁","7","1","8"
"军将军义阳王昶","4","4","8"
"徐州刺史义阳王","4","4","8"
"刺史山阳王休祐","8","0","8"
"万五千二百三十","4","4","8"
"元嘉二十年癸未","4","4","8"
"魏高贵乡公甘露","5","3","8"
"文帝元嘉二十五","4","4","8"
"帝元嘉二十五年","4","4","8"
"宋武帝永初二年","4","4","8"
"晋武帝泰始二年","4","4","8"
"史南谯王义宣闻","8","0","8"
"晋成帝咸康八年","4","4","8"
"晋安帝隆安五年","4","4","8"
"安帝隆安五年十","4","4","8"
"帝隆安五年十一","4","4","8"
"隆安五年十一月","4","4","8"
"元嘉十九年五月","4","4","8"
"元嘉二十六年五","4","4","8"
"嘉二十六年五月","4","4","8"
"二十四年七月乙","4","4","8"
"十四年七月乙卯","4","4","8"
"南徐州刺史广陵","4","4","8"
"徐州刺史广陵王","4","4","8"
"帝泰始二年七月","4","4","8"
"武帝太康元年改","0","8","8"
"加开府仪同三司","7","0","7"
"南徐州刺史彭城","4","3","7"
"徐州刺史彭城王","4","3","7"
"州刺史西阳王子","5","2","7"
"刺史西阳王子尚","5","2","7"
"州刺史义阳王昶","5","2","7"
"军将军建安王休","3","4","7"
"徐州刺史桂阳王","5","2","7"
"二千四百一十九","3","4","7"
"元嘉二十五年十","4","3","7"
"嘉二十五年十一","4","3","7"
"二十五年十一月","4","3","7"
"宋文帝元嘉六年","4","3","7"
"晋武帝太熙元年","3","4","7"
"晋孝武帝宁康元","4","3","7"
"孝武帝宁康元年","4","3","7"
"晋安帝隆安四年","4","3","7"
"晋惠帝太安元年","4","3","7"
"晋武帝泰始五年","3","4","7"
"交州刺史杜慧度","3","4","7"
"扬州刺史彭城王","5","2","7"
"江州刺史南谯王","4","3","7"
"州刺史武陵王讳","7","0","7"
"南兗州刺史临川","6","1","7"
"兗州刺史临川王","6","1","7"
"南徐州刺史南谯","3","4","7"
"二州刺史武陵王","4","3","7"
"宁朔将军王玄谟","4","3","7"
"将军江夏王义恭","4","3","7"
"徐州刺史新安王","4","3","7"
"左仆射建平王宏","6","1","7"
"太傅江夏王义恭","4","3","7"
"号开府仪同三司","6","1","7"
"徐州刺史刘道隆","4","3","7"
"雍州刺史巴陵王","3","4","7"
"扬州刺史王景文","4","3","7"
"光禄大夫刘遵考","3","4","7"
"雍州刺史张敬兒","7","0","7"
"二千三十四万四","7","0","7"
"千三十四万四千","7","0","7"
"万九千三百四十","3","4","7"
"余四万九千六百","4","3","7"
"魏文帝黄初二年","4","3","7"
"大明七年十一月","3","4","7"
"魏文帝黄初元年","4","3","7"
"元嘉二十三年二","4","3","7"
"刺史武陵王骏闻","7","0","7"
"荆州刺史临海王","3","4","7"
"冀二州刺史刘道","4","3","7"
"二州刺史刘道隆","4","3","7"
"池芙蓉二花一蒂","7","0","7"
"衡阳王义季右军","6","1","7"
"豫州的梁郡诸军","0","7","7"
"州的梁郡诸军事","0","7","7"
"王派使者来进献","0","7","7"
"雍州刺史张敬儿","0","7","7"
"零三十四万四千","0","7","7"
"清晨在东方出现","0","7","7"
"在斗宿二十一度","0","7","7"
"第二次献酒告祭","0","7","7"
"刺史南谯王刘义","0","7","7"
"州的部分地区设","0","7","7"
"光禄大夫王敬弘","3","3","6"
"秦二州刺史刘真","3","3","6"
"二州刺史刘真道","3","3","6"
"龙骧将军裴方明","3","3","6"
"尚书右仆射王僧","3","3","6"
"扬州刺史西阳王","4","2","6"
"豫州刺史寻阳王","3","3","6"
"开府仪同三司王","3","3","6"
"进号征西大将军","5","1","6"
"南徐州刺史桂阳","4","2","6"
"太守建平王景素","4","2","6"
"江州刺史王景文","3","3","6"
"南徐州刺史建平","4","2","6"
"徐州刺史建平王","4","2","6"
"扬州刺史晋熙王","3","3","6"
"万四千六百三十","3","3","6"
"荆州刺史殷仲堪","3","3","6"
"建武中元元年五","3","3","6"
"武中元元年五月","3","3","6"
"汉桓帝永康元年","3","3","6"
"晋武帝泰始十年","3","3","6"
"武帝咸宁元年四","3","3","6"
"帝咸宁元年四月","3","3","6"
"甘露降丹阳秣陵","6","0","6"
"晋愍帝建兴元年","3","3","6"
"晋安帝隆安三年","3","3","6"
"晋安帝义熙二年","3","3","6"
"州刺史萧思话献","3","3","6"
"元徽四年十一月","3","3","6"
"太康四年十二月","3","3","6"
"文帝元嘉二十二","3","3","6"
"帝元嘉二十二年","3","3","6"
"文帝元嘉二十四","3","3","6"
"帝元嘉二十四年","3","3","6"
"元嘉二十四年十","3","3","6"
"嘉二十四年十月","3","3","6"
"二十四年十月甲","3","3","6"
"十四年十月甲午","3","3","6"
"刺史始兴王浚献","6","0","6"
"魏明帝青龙元年","4","2","6"
"元帝永昌二年正","3","3","6"
"帝永昌二年正月","3","3","6"
"孝武帝太元十年","3","3","6"
"康元年四月丁巳","3","3","6"
"惠帝永宁元年七","3","3","6"
"帝永宁元年七月","3","3","6"
"晋穆帝升平元年","3","3","6"
"元嘉四年十一月","3","3","6"
"安帝元兴二年十","3","3","6"
"晋武帝太康九年","3","3","6"
"太元十七年六月","3","3","6"
"吴孙亮建兴二年","3","3","6"
"武帝太康元年复","6","0","6"
"帝太康元年复立","6","0","6"
"州豫州梁郡诸军","6","0","6"
"冠军将军刘敬宣","3","3","6"
"龙骧将军王镇恶","2","4","6"
"扶风太守沈田子","3","3","6"
"扬州刺史庐陵王","4","2","6"
"将军临川王义庆","4","2","6"
"兗州刺史江夏王","6","0","6"
"豫州刺史赵伯符","3","3","6"
"徐州刺史武陵王","3","3","6"
"南徐州刺史始兴","4","2","6"
"徐州刺史始兴王","4","2","6"
"湘州刺史建安王","4","2","6"
"州刺史新安王子","4","2","6"
"刺史新安王子鸾","4","2","6"
"抚军将军柳元景","3","3","6"
"豫州刺史王玄谟","3","3","6"
"尚书右仆射刘遵","3","3","6"
"书右仆射刘遵考","3","3","6"
"本号开府仪同三","6","0","6"
"光禄大夫羊玄保","3","3","6"
"中军将军义阳王","3","3","6"
"南徐州刺史刘延","3","3","6"
"徐州刺史刘延孙","3","3","6"
"州刺史临海王子","4","2","6"
"刺史临海王子顼","4","2","6"
"南徐州刺史新安","3","3","6"
"小余满日法大余","6","0","6"
"万五千六百六十","3","3","6"
"五千六百六十四","3","3","6"
"万五千三百六十","3","3","6"
"万七千八百三十","4","2","6"
"七千八百三十二","4","2","6"
"余七万一千二百","3","3","6"
"余三万八千一百","3","3","6"
"三万八千一百二","3","3","6"
"万八千一百二十","3","3","6"
"八千一百二十六","3","3","6"
"余三万七千一百","3","3","6"
"宋武帝永初三年","3","3","6"
"康帝建元元年正","3","3","6"
"帝建元元年正月","3","3","6"
"宋文帝元嘉十七","3","3","6"
"文帝元嘉十七年","3","3","6"
"宋文帝元嘉十三","3","3","6"
"宋孝武帝孝建元","3","3","6"
"元嘉二十二年四","3","3","6"
"嘉二十二年四月","3","3","6"
"武帝永初元年七","3","3","6"
"帝永初元年七月","3","3","6"
"魏明帝青龙三年","3","3","6"
"魏齐王嘉平元年","3","3","6"
"晋怀帝永嘉六年","3","3","6"
"元嘉二十二年二","3","3","6"
"嘉二十二年二月","3","3","6"
"废帝永光元年正","3","3","6"
"帝永光元年正月","3","3","6"
"吴孙休永安四年","3","3","6"
"怀帝永嘉六年二","3","3","6"
"帝永嘉六年二月","3","3","6"
"宋文帝元嘉元年","3","3","6"
"晋成帝咸康二年","3","3","6"
"元嘉二十年八月","3","3","6"
"嘉二十三年二月","3","3","6"
"元嘉二十三年六","3","3","6"
"嘉二十三年六月","3","3","6"
"晋简文帝咸安二","3","3","6"
"简文帝咸安二年","3","3","6"
"二十五年四月戊","3","3","6"
"文帝元嘉二十三","3","3","6"
"帝元嘉二十三年","3","3","6"
"元嘉二十年五月","3","3","6"
"宋孝武帝大明元","3","3","6"
"汉明帝永平十七","3","3","6"
"明帝永平十七年","3","3","6"
"晋惠帝元康四年","3","3","6"
"元嘉二十一年四","3","3","6"
"嘉二十一年四月","3","3","6"
"扬州刺史建安王","3","3","6"
"元嘉二十年六月","3","3","6"
"雍州刺史萧思话","3","3","6"
"元嘉二十二年七","3","3","6"
"嘉二十二年七月","3","3","6"
"徐州刺史臧质献","3","3","6"
"州刺史广陵王诞","5","1","6"
"大明六年八月辛","3","3","6"
"明帝泰始二年七","3","3","6"
"吴孙亮五凤元年","3","3","6"
"元嘉二十年七月","3","3","6"
"元嘉二十七年六","3","3","6"
"嘉二十七年六月","3","3","6"
"青州刺史刘道隆","3","3","6"
"帝泰始二年六月","3","3","6"
"愍帝建兴二年十","3","3","6"
"晋明帝太宁三年","3","3","6"
"晋孝怀帝永嘉五","3","3","6"
"孝怀帝永嘉五年","3","3","6"
"吴孙亮建兴元年","3","3","6"
"孙亮建兴元年十","3","3","6"
"亮建兴元年十二","3","3","6"
"建兴元年十二月","3","3","6"
"太元十三年十二","3","3","6"
"元十三年十二月","3","3","6"
"晋安帝隆安二年","3","3","6"
"汉献帝建安二十","3","3","6"
"魏文帝黄初四年","3","3","6"
"怀帝永嘉元年十","3","3","6"
"晋惠帝元康九年","3","3","6"
"时徐州刺史薛安","3","3","6"
"圭表的表影长度","0","6","6"
"之为尚书右仆射","0","6","6"
"晋穆帝永和元年","0","6","6"
"史始兴王刘浚献","0","6","6"
"始兴王刘浚后军","0","6","6"
"委任尚书右仆射","0","6","6"
"孝武帝大明年间","0","6","6"
"派遣使者来进献","0","6","6"
"遣使者来进献特","0","6","6"
"任命尚书左仆射","0","6","6"
"皇上到华林园听","0","6","6"
"上到华林园听诉","0","6","6"
"六十就减去六十","0","6","6"
"法并在大余上加","0","6","6"
"并在大余上加一","0","6","6"
"法则减去纪法并","0","6","6"
"则减去纪法并在","0","6","6"
"二千零三十四万","0","6","6"
"千零三十四万四","0","6","6"
"每天运行七分之","0","6","6"
"汉章帝元和二年","0","6","6"
"此天象预示将有","0","6","6"
"捕获后献上朝廷","0","6","6"
"史始兴王刘浚上","0","6","6"
"始兴王刘浚上报","0","6","6"
"兴王刘浚上报朝","0","6","6"
"王刘浚上报朝廷","0","6","6"
"州刺史武陵王刘","0","6","6"
"州刺史临川王刘","0","6","6"
"太尉江夏王刘义","0","6","6"
"尉江夏王刘义恭","0","6","6"
"史南谯王刘义宣","0","6","6"
"芙蓉二花同一蒂","0","6","6"
"刺史刘道隆献上","0","6","6"
"史刘道隆献上朝","0","6","6"
"刘道隆献上朝廷","0","6","6"
"白雀二次出现于","0","6","6"
"距京都水路有一","0","6","6"
"大将军柳元景加","3","2","5"
"护军将军建安王","2","3","5"
"州刺史寻阳王子","4","1","5"
"刺史寻阳王子房","4","1","5"
"万七千三百一十","3","2","5"
"元嘉二十八年二","3","2","5"
"嘉二十八年二月","3","2","5"
"晋安帝义熙三年","2","3","5"
"宋孝武帝大明七","2","3","5"
"元康五年十二月","2","3","5"
"晋康帝建元元年","3","2","5"
"宋文帝元嘉四年","3","2","5"
"文帝元嘉二十六","2","3","5"
"帝元嘉二十六年","2","3","5"
"四年十一月辛卯","3","2","5"
"晋武帝太康六年","3","2","5"
"督西秦河沙三州","3","2","5"
"西秦河沙三州诸","3","2","5"
"秦河沙三州诸军","3","2","5"
"河沙三州诸军事","3","2","5"
"冠军将军檀道济","2","3","5"
"进号车骑大将军","4","1","5"
"司州刺史毛德祖","3","2","5"
"江州刺史檀道济","3","2","5"
"徐州刺史竟陵王","3","2","5"
"二州刺史萧思话","2","3","5"
"南兗州刺史江夏","5","0","5"
"荆州刺史衡阳王","3","2","5"
"雍梁南北秦四州","2","3","5"
"大将军江夏王义","3","2","5"
"尚书左仆射建平","3","2","5"
"书左仆射建平王","3","2","5"
"右光禄大夫王偃","2","3","5"
"河南王遣使献方","5","0","5"
"南王遣使献方物","5","0","5"
"南兗州刺史竟陵","5","0","5"
"兗州刺史竟陵王","5","0","5"
"州刺史永嘉王子","3","2","5"
"刺史永嘉王子仁","3","2","5"
"南北秦四州郢州","2","3","5"
"右光禄大夫刘遵","2","3","5"
"湘州行事庾佩玉","3","2","5"
"州刺史邵陵王友","3","2","5"
"黄初元年十一月","3","2","5"
"万一千七百八十","2","3","5"
"四万九千六百八","3","2","5"
"万九千六百八十","3","2","5"
"九千六百八十四","3","2","5"
"千六百八十四半","3","2","5"
"七万一千二百一","3","2","5"
"万一千二百一十","3","2","5"
"一千二百一十半","3","2","5"
"三万七千一百一","2","3","5"
"万七千一百一十","2","3","5"
"七千一百一十五","2","3","5"
"宋明帝泰始二年","3","2","5"
"太学博士司马兴","3","2","5"
"废帝元徽二年十","3","2","5"
"帝元徽二年十月","3","2","5"
"文帝黄初二年六","3","2","5"
"帝黄初二年六月","3","2","5"
"晋武帝咸宁五年","3","2","5"
"宋文帝元嘉三年","2","3","5"
"太白犯轩辕大星","5","0","5"
"魏高贵乡公正元","3","2","5"
"太元十五年七月","3","2","5"
"将军衡阳王义季","4","1","5"
"三年十二月乙未","3","2","5"
"永嘉六年二月壬","3","2","5"
"嘉六年二月壬子","3","2","5"
"孝武帝太元十四","2","3","5"
"武帝太元十四年","2","3","5"
"晋武帝泰始八年","4","1","5"
"史临川王义庆献","4","1","5"
"史临川王义庆闻","5","0","5"
"刺史庐陵王绍闻","5","0","5"
"元嘉二十二年九","2","3","5"
"嘉二十二年九月","2","3","5"
"元嘉二十三年七","2","3","5"
"嘉二十三年七月","2","3","5"
"元嘉二十五年六","3","2","5"
"嘉二十五年六月","3","2","5"
"二十五年六月壬","3","2","5"
"孝武帝宁康三年","2","3","5"
"晋元帝太兴二年","2","3","5"
"元康九年十一月","2","3","5"
"晋成帝咸康四年","2","3","5"
"帝光熙元年五月","2","3","5"
"西阳王子尚抚军","5","0","5"
"汝南新蔡二郡太","2","3","5"
"南新蔡二郡太守","2","3","5"
"迟疾历中相应日","0","5","5"
"疾历中相应日期","0","5","5"
"州刺史王玄谟为","0","5","5"
"加封为开府仪同","0","5","5"
"封为开府仪同三","0","5","5"
"荆州刺史沈攸之","0","5","5"
"佩挂武猛都尉以","0","5","5"
"州刺史司马休之","0","5","5"
"甘露降临丹阳秣","0","5","5"
"露降临丹阳秣陵","0","5","5"
"晋成帝咸和六年","0","5","5"
"始兴王刘浚献上","0","5","5"
"晋惠帝元康年间","0","5","5"
"前废帝景和元年","0","5","5"
"武帝太康元年恢","0","5","5"
"帝太康元年恢复","0","5","5"
"皇上加封刘裕为","0","5","5"
"南兖州刺史竟陵","0","5","5"
"兖州刺史竟陵王","0","5","5"
"南兖州刺史临川","0","5","5"
"兖州刺史临川王","0","5","5"
"元年春正月初一","0","5","5"
"晋升为车骑将军","0","5","5"
"并向外推后一天","0","5","5"
"法则减去曰法并","0","5","5"
"则减去曰法并在","0","5","5"
"满六十就减去六","0","5","5"
"土起作用的日子","0","5","5"
"与周正对应的十","0","5","5"
"周正对应的十一","0","5","5"
"正对应的十一月","0","5","5"
"满通法则减去通","0","5","5"
"通法则减去通法","0","5","5"
"距黄白交点的度","0","5","5"
"黄白交点的度分","0","5","5"
"白交点的度分数","0","5","5"
"历中相应日期的","0","5","5"
"合在相应月中的","0","5","5"
"方法对应就得到","0","5","5"
"儿子的显贵而显","0","5","5"
"子的显贵而显贵","0","5","5"
"在明堂举行宗庙","0","5","5"
"明堂举行宗庙祭","0","5","5"
"堂举行宗庙祭祀","0","5","5"
"掌管第二次献酒","0","5","5"
"洒酒灌地的仪式","0","5","5"
"太宰江夏王刘义","0","5","5"
"宰江夏王刘义恭","0","5","5"
"度又十二分之四","0","5","5"
"太阳白天在地上","0","5","5"
"阳白天在地上运","0","5","5"
"白天在地上运行","0","5","5"
"月或五大行星犯","0","5","5"
"金星犯轩辕大星","0","5","5"
"彗星出现于东方","0","5","5"
"火星犯右执法星","0","5","5"
"这天象预示君主","0","5","5"
"金星犯左执法星","0","5","5"
"与前面相应天象","0","5","5"
"火星入太微垣犯","0","5","5"
"金星白天出现在","0","5","5"
"请求解除自己的","0","5","5"
"司空竟陵王刘诞","0","5","5"
"刺史武陵王刘骏","0","5","5"
"武陵王刘骏上报","0","5","5"
"陵王刘骏上报朝","0","5","5"
"王刘骏上报朝廷","0","5","5"
"刺史建安王刘休","0","5","5"
"史建安王刘休仁","0","5","5"
"刺史临川王刘义","0","5","5"
"史临川王刘义庆","0","5","5"
"州刺史广陵王刘","0","5","5"
"的芙蓉二花同一","0","5","5"
"白雀出现于建康","0","5","5"
"获得之后献上朝","0","5","5"
"得之后献上朝廷","0","5","5"
"朝政由大臣掌握","0","5","5"
"朝政由将相掌握","0","5","5"
"大将军彭城王刘","0","5","5"
"将军彭城王刘义","0","5","5"
"军彭城王刘义康","0","5","5"
"帝太康元年改称","0","5","5"
"距京都水路有二","0","5","5"
"京都水路有一千","0","5","5"
"为员外散骑侍郎","0","5","5"
"当江夏王刘义恭","0","5","5"
"下了一道诏书说","0","5","5"
"元凶刘邵杀文帝","0","5","5"
"振武将军刘道规","1","3","4"
"江夏内史程道惠","2","2","4"
"左光禄大夫王敬","2","2","4"
"车骑将军江州刺","2","2","4"
"骑将军江州刺史","2","2","4"
"冀二州刺史王玄","2","2","4"
"二州刺史王玄谟","2","2","4"
"将军桂阳王休范","2","2","4"
"军将军湘东王讳","4","0","4"
"南豫州刺史寻阳","2","2","4"
"益州刺史萧惠开","2","2","4"
"府仪同三司王玄","2","2","4"
"仪同三司王玄谟","2","2","4"
"秦河二州刺史吐","2","2","4"
"河二州刺史吐谷","2","2","4"
"二州刺史吐谷浑","2","2","4"
"州刺史吐谷浑拾","2","2","4"
"刺史吐谷浑拾寅","2","2","4"
"湘州刺史王僧虔","2","2","4"
"六万七千三百一","2","2","4"
"七千三百一十五","2","2","4"
"二万二千七百九","3","1","4"
"万二千七百九十","3","1","4"
"二千七百九十五","3","1","4"
"五百九十六万二","2","2","4"
"百九十六万二千","2","2","4"
"九十六万二千二","2","2","4"
"十六万二千二百","2","2","4"
"六万二千二百五","2","2","4"
"万二千二百五十","2","2","4"
"二千二百五十六","2","2","4"
"万三千九百九十","2","2","4"
"三千六百四十八","2","2","4"
"晋武帝泰始三年","2","2","4"
"佩武猛都尉上印","4","0","4"
"武猛都尉上印者","4","0","4"
"三年十二月戊辰","2","2","4"
"明帝景初元年二","2","2","4"
"帝景初元年二月","2","2","4"
"魏齐王正始元年","3","1","4"
"太安二年十一月","2","2","4"
"咸康二年正月辛","2","2","4"
"月犯南斗第四星","2","2","4"
"太元十六年十一","2","2","4"
"元十六年十一月","2","2","4"
"年四月二十七日","2","2","4"
"永初三年十一月","2","2","4"
"三年十一月癸亥","2","2","4"
"十二年五月壬戌","2","2","4"
"汉宣帝元康四年","2","2","4"
"汉宣帝元康元年","2","2","4"
"宣帝元康元年三","2","2","4"
"帝元康元年三月","2","2","4"
"汉宣帝神雀二年","2","2","4"
"宣帝神雀二年二","2","2","4"
"帝神雀二年二月","2","2","4"
"汉光武建武中元","3","1","4"
"光武建武中元元","3","1","4"
"武建武中元元年","3","1","4"
"桓帝永康元年八","2","2","4"
"帝永康元年八月","2","2","4"
"咸宁元年四月丙","2","2","4"
"宁元年四月丙戌","2","2","4"
"六年十一月庚午","2","2","4"
"元嘉十三年二月","2","2","4"
"元嘉十三年三月","2","2","4"
"孝建二年三月己","2","2","4"
"建二年三月己酉","2","2","4"
"晋武帝太康十年","2","2","4"
"华林天渊池芙蓉","3","1","4"
"晋穆帝升平三年","2","2","4"
"废帝元徽四年十","2","2","4"
"帝元徽四年十一","2","2","4"
"徽四年十一月乙","2","2","4"
"四年十一月乙巳","2","2","4"
"安帝延光三年七","2","2","4"
"帝延光三年七月","2","2","4"
"吴孙权黄武四年","2","2","4"
"湘州刺史南平王","2","2","4"
"武帝太熙元年二","2","2","4"
"帝太熙元年二月","2","2","4"
"宋文帝元嘉二年","2","2","4"
"吴孙亮太平元年","2","2","4"
"吴孙休永安五年","2","2","4"
"永昌二年正月癸","2","2","4"
"昌二年正月癸巳","2","2","4"
"宋顺帝升明元年","2","2","4"
"惠帝永康元年四","2","2","4"
"帝永康元年四月","2","2","4"
"武帝太康二年六","2","2","4"
"帝太康二年六月","2","2","4"
"成帝咸康元年八","2","2","4"
"帝咸康元年八月","2","2","4"
"武帝太康元年三","2","2","4"
"帝太康元年三月","2","2","4"
"晋穆帝升平二年","2","2","4"
"九年十一月甲戌","2","2","4"
"元徽三年九月戊","2","2","4"
"帝元兴二年十月","2","2","4"
"帝泰始五年四月","2","2","4"
"太康十年十二月","2","2","4"
"惠帝元康元年十","2","2","4"
"帝元康元年十二","2","2","4"
"元康元年十二月","2","2","4"
"晋孝武帝太元二","2","2","4"
"孝武帝太元二年","2","2","4"
"大明二年四月辛","2","2","4"
"明二年四月辛丑","2","2","4"
"洛阳东北步广里","2","2","4"
"阳东北步广里地","2","2","4"
"使持节征南大将","2","2","4"
"持节征南大将军","2","2","4"
"散骑常侍殿中尚","2","2","4"
"骑常侍殿中尚书","2","2","4"
"晋哀帝兴宁元年","2","2","4"
"都督中外诸军事","2","2","4"
"龙骧将军孟龙符","2","2","4"
"辅国将军孟怀玉","2","2","4"
"建威将军孙季高","2","2","4"
"州刺史杜慧度斩","2","2","4"
"遣大使分行四方","4","0","4"
"州刺史庐陵王义","3","1","4"
"刺史庐陵王义真","3","1","4"
"左光禄大夫傅亮","1","3","4"
"征北将军檀道济","1","3","4"
"诃罗单国遣使献","4","0","4"
"罗单国遣使献方","4","0","4"
"单国遣使献方物","4","0","4"
"江夏王义恭征北","4","0","4"
"林邑国遣使献方","4","0","4"
"邑国遣使献方物","4","0","4"
"卫将军临川王义","3","1","4"
"百济国遣使献方","4","0","4"
"济国遣使献方物","4","0","4"
"州刺史武陵王赞","3","1","4"
"御史中丞何承天","2","2","4"
"二十五年春正月","2","2","4"
"吴兴太守刘遵考","2","2","4"
"陈南顿二郡太守","3","1","4"
"南顿二郡太守郑","2","2","4"
"颍川二郡太守郭","2","2","4"
"川二郡太守郭道","2","2","4"
"二郡太守郭道隐","2","2","4"
"兗二州刺史武陵","4","0","4"
"尚书左仆射何尚","2","2","4"
"抚军将军萧思话","2","2","4"
"都督雍梁南北秦","2","2","4"
"督雍梁南北秦四","2","2","4"
"军将军柳元景加","2","2","4"
"左卫将军王玄谟","2","2","4"
"左光禄大夫何尚","2","2","4"
"中军将军建平王","2","2","4"
"尚书令建平王宏","3","1","4"
"江州刺史东海王","2","2","4"
"护军将军刘延孙","2","2","4"
"前太子步兵校尉","2","2","4"
"卫将军建平王宏","2","2","4"
"宰江夏王义恭加","2","2","4"
"右光禄大夫羊玄","2","2","4"
"雍州刺史海陵王","2","2","4"
"江夏王义恭太尉","4","0","4"
"尚书仆射颜师伯","2","2","4"
"梁南北秦四州郢","1","3","4"
"安西将军蔡兴宗","2","2","4"
"郢州刺史蔡兴宗","2","2","4"
"越骑校尉周宁民","2","2","4"
"湘州刺史巴陵王","2","2","4"
"荆州刺史巴陵王","2","2","4"
"豫州刺史段佛荣","2","2","4"
"屯骑校尉王宜兴","2","2","4"
"豫州刺史刘怀珍","3","1","4"
"江州刺史邵陵王","2","2","4"
"行湘州事任侯伯","2","2","4"
"淮南宣城二郡太","2","2","4"
"南宣城二郡太守","2","2","4"
"宣城二郡太守萧","2","2","4"
"十七万七千一百","2","2","4"
"七万七千一百四","2","2","4"
"万七千一百四十","2","2","4"
"二尺八寸四分四","2","2","4"
"尺八寸四分四厘","2","2","4"
"所求年天正十一","4","0","4"
"求年天正十一月","4","0","4"
"推合朔交会月蚀","4","0","4"
"百九十九万五千","2","2","4"
"九十九万五千六","2","2","4"
"十九万五千六百","2","2","4"
"九万五千六百六","2","2","4"
"万九千九百八十","2","2","4"
"六十七万五千三","2","2","4"
"十七万五千三百","2","2","4"
"七万五千三百六","2","2","4"
"五千三百六十四","2","2","4"
"万五千一百七十","2","2","4"
"百七十九万五千","2","2","4"
"七十九万五千二","2","2","4"
"十九万五千二百","2","2","4"
"九万五千二百三","2","2","4"
"五千二百三十八","2","2","4"
"千二百三十八分","2","2","4"
"百七十九万二千","2","2","4"
"七十九万二千六","2","2","4"
"十九万二千六百","2","2","4"
"九万二千六百一","2","2","4"
"万二千六百一十","2","2","4"
"二千六百一十五","2","2","4"
"千六百一十五分","2","2","4"
"百二十四万九千","2","2","4"
"二十四万九千三","2","2","4"
"十四万九千三百","2","2","4"
"四万九千三百四","2","2","4"
"九千三百四十五","2","2","4"
"千三百四十五分","2","2","4"
"三百五十八万五","2","2","4"
"百五十八万五千","2","2","4"
"五十八万五千二","2","2","4"
"十八万五千二百","2","2","4"
"八万五千二百三","2","2","4"
"万八千六百九十","2","2","4"
"三百八十四万七","2","2","4"
"百八十四万七千","2","2","4"
"八十四万七千六","2","2","4"
"十四万七千六百","2","2","4"
"四万七千六百七","2","2","4"
"万七千六百七十","2","2","4"
"七千六百七十五","2","2","4"
"千六百七十五分","2","2","4"
"六百七十五分半","2","2","4"
"度六百四十九万","2","2","4"
"五十二度十九万","2","2","4"
"十二度十九万四","2","2","4"
"二度十九万四千","2","2","4"
"度十九万四千九","2","2","4"
"万一千三百九十","2","2","4"
"太子率更令何承","2","2","4"
"子率更令何承天","2","2","4"
"月十六日望月蚀","4","0","4"
"十三年十二月十","2","2","4"
"三年十二月十六","2","2","4"
"年十二月十六日","3","1","4"
"二万四千八百一","2","2","4"
"万四千八百一十","2","2","4"
"四千八百一十二","2","2","4"
"万一千七百四十","2","2","4"
"日余三万七千一","2","2","4"
"元嘉十七年七月","2","2","4"
"元嘉十三年七月","2","2","4"
"孝建二年正月庚","2","2","4"
"泰始二年十一月","2","2","4"
"大明五年四月庚","2","2","4"
"元年十一月戊申","2","2","4"
"魏元帝咸熙元年","2","2","4"
"抚军将军会稽王","2","2","4"
"将军会稽王司马","2","2","4"
"孝武帝太元十二","2","2","4"
"武帝太元十二年","2","2","4"
"骠骑将军会稽王","2","2","4"
"太元二十一年十","2","2","4"
"武帝孝建元年十","2","2","4"
"太学博士徐道娱","2","2","4"
"学博士徐道娱上","2","2","4"
"孝建三年五月丁","2","2","4"
"三年十一月乙丑","2","2","4"
"泰始二年六月丁","2","2","4"
"大明七年正月庚","2","2","4"
"武帝大明七年六","2","2","4"
"帝大明七年六月","2","2","4"
"宋文帝元嘉八年","2","2","4"
"大明五年九月庚","2","2","4"
"黄初五年十一月","2","2","4"
"宋文帝元嘉九年","2","2","4"
"晋成帝咸康七年","2","2","4"
"司徒彭城王义康","4","0","4"
"雅乐正旦大会行","2","2","4"
"乐正旦大会行礼","2","2","4"
"正旦大会行礼诗","2","2","4"
"三十五万七千里","2","2","4"
"青龙二年十一月","2","2","4"
"六年十一月丙寅","2","2","4"
"荆州刺史胡质击","2","2","4"
"孙权赤乌十三年","2","2","4"
"武帝太康二年八","2","2","4"
"帝太康二年八月","2","2","4"
"惠帝永康元年三","2","2","4"
"帝永康元年三月","2","2","4"
"晋惠帝太安二年","2","2","4"
"光熙元年十二月","2","2","4"
"元年十二月甲申","2","2","4"
"永嘉元年十二月","2","2","4"
"愍帝建武元年五","2","2","4"
"帝建武元年五月","2","2","4"
"元帝太兴元年七","2","2","4"
"帝太兴元年七月","2","2","4"
"征西大将军庾亮","2","2","4"
"宁康三年六月辛","2","2","4"
"康三年六月辛卯","2","2","4"
"太元十一年三月","2","2","4"
"太元十四年十二","2","2","4"
"元十四年十二月","2","2","4"
"十五年七月壬申","2","2","4"
"太元十八年正月","2","2","4"
"晋安帝隆安元年","2","2","4"
"益州刺史司马荣","2","2","4"
"州刺史司马荣期","2","2","4"
"少帝景平元年正","2","2","4"
"帝景平元年正月","2","2","4"
"文帝元嘉元年十","2","2","4"
"元嘉十四年正月","2","2","4"
"元嘉十六年二月","2","2","4"
"元嘉十九年九月","2","2","4"
"征北大将军衡阳","2","2","4"
"北大将军衡阳王","2","2","4"
"元嘉二十五年正","2","2","4"
"嘉二十五年正月","2","2","4"
"尚书右仆射蔡兴","2","2","4"
"书右仆射蔡兴宗","2","2","4"
"元年十二月甲子","2","2","4"
"延光三年八月戊","2","2","4"
"光三年八月戊子","2","2","4"
"光四年正月壬午","2","2","4"
"吴孙权赤乌元年","2","2","4"
"晋成帝咸八年五","4","0","4"
"成帝咸八年五月","4","0","4"
"孙权黄龙元年四","2","2","4"
"权黄龙元年四月","2","2","4"
"晋穆帝升平四年","2","2","4"
"汉宣帝五凤三年","2","2","4"
"甘露元年正月辛","2","2","4"
"露元年正月辛丑","2","2","4"
"吴孙权赤乌五年","2","2","4"
"武帝咸宁二年六","2","2","4"
"帝咸宁二年六月","2","2","4"
"武帝太康元年八","2","2","4"
"帝太康元年八月","2","2","4"
"太康五年正月癸","2","2","4"
"康五年正月癸卯","2","2","4"
"元嘉二十一年十","2","2","4"
"二十五年五月丁","2","2","4"
"十五年五月丁丑","2","2","4"
"文帝元嘉十九年","2","2","4"
"大明三年三月戊","2","2","4"
"明三年三月戊子","2","2","4"
"明帝泰始二年八","2","2","4"
"帝泰始二年八月","2","2","4"
"泰始二年八月丙","2","2","4"
"明帝泰豫元年十","2","2","4"
"帝泰豫元年十月","2","2","4"
"泰豫元年十月壬","2","2","4"
"豫元年十月壬戌","2","2","4"
"成帝咸康八年七","2","2","4"
"帝咸康八年七月","2","2","4"
"文帝元嘉二十年","2","2","4"
"汉章帝建初七年","2","2","4"
"章帝建初七年十","2","2","4"
"帝建初七年十月","2","2","4"
"史长沙王义欣献","4","0","4"
"征北将军衡阳王","2","2","4"
"元嘉二十七年二","2","2","4"
"嘉二十七年二月","2","2","4"
"二十七年二月壬","2","2","4"
"十七年二月壬辰","2","2","4"
"元嘉三十年十一","2","2","4"
"嘉三十年十一月","2","2","4"
"大明元年四月甲","2","2","4"
"明元年四月甲申","2","2","4"
"州刺史刘延孙献","2","2","4"
"泰始六年十二月","2","2","4"
"献帝延康元年四","2","2","4"
"帝延康元年四月","2","2","4"
"延康元年四月丁","2","2","4"
"太元十九年二月","2","2","4"
"元嘉十九年十月","2","2","4"
"元嘉二十五年二","2","2","4"
"嘉二十五年二月","2","2","4"
"二十五年二月己","2","2","4"
"元嘉二十六年四","2","2","4"
"嘉二十六年四月","2","2","4"
"宁三年七月壬辰","2","2","4"
"十五年五月辛未","2","2","4"
"元嘉二十七年四","2","2","4"
"嘉二十七年四月","2","2","4"
"大明六年四月戊","2","2","4"
"明六年四月戊辰","2","2","4"
"明帝泰始三年五","2","2","4"
"帝泰始三年五月","2","2","4"
"泰始三年五月乙","2","2","4"
"元嘉二十三年十","2","2","4"
"晋愍帝建兴三年","2","2","4"
"武帝孝建元年五","2","2","4"
"帝孝建元年五月","2","2","4"
"孝建元年五月己","2","2","4"
"建元年五月己亥","2","2","4"
"州刺史王玄谟献","2","2","4"
"惠帝元康四年五","2","2","4"
"帝元康四年五月","2","2","4"
"晋明帝泰宁二年","2","2","4"
"甘露降吴兴乌程","4","0","4"
"四年十一月辛未","2","2","4"
"元嘉九年十一月","2","2","4"
"元嘉十一年八月","2","2","4"
"元嘉十八年五月","2","2","4"
"元嘉十八年六月","2","2","4"
"元嘉二十三年九","2","2","4"
"嘉二十三年九月","2","2","4"
"二十四年二月己","2","2","4"
"十四年二月己亥","2","2","4"
"元嘉二十六年七","2","2","4"
"嘉二十六年七月","2","2","4"
"元嘉二十七年五","2","2","4"
"嘉二十七年五月","2","2","4"
"二十七年五月甲","2","2","4"
"十七年五月甲戌","2","2","4"
"大明四年二月乙","2","2","4"
"明四年二月乙巳","2","2","4"
"泰始二年五月己","2","2","4"
"吴孙权黄龙三年","2","2","4"
"文帝元嘉二年十","2","2","4"
"元嘉二十二年六","2","2","4"
"嘉二十二年六月","2","2","4"
"元嘉二十三年八","2","2","4"
"嘉二十三年八月","2","2","4"
"元嘉二十四年八","2","2","4"
"嘉二十四年八月","2","2","4"
"二十四年八月乙","2","2","4"
"十四年八月乙巳","2","2","4"
"冀二州刺史杜坦","2","2","4"
"二十六年五月癸","2","2","4"
"十六年五月癸酉","2","2","4"
"史南谯王义宣献","4","0","4"
"元嘉二十八年七","2","2","4"
"嘉二十八年七月","2","2","4"
"大明元年五月戊","2","2","4"
"江州刺史建平王","2","2","4"
"十五年四月戊辰","2","2","4"
"帝太始二年六月","2","2","4"
"始二年六月壬申","2","2","4"
"明帝泰始二年三","2","2","4"
"帝泰始二年三月","2","2","4"
"泰始二年三月丙","2","2","4"
"泰始四年十一月","2","2","4"
"孝武帝太元十五","2","2","4"
"武帝太元十五年","2","2","4"
"太元十五年三月","2","2","4"
"青州刺史段宏献","2","2","4"
"元嘉十五年七月","2","2","4"
"惠帝元康元年七","2","2","4"
"帝元康元年七月","2","2","4"
"文帝元嘉元年七","2","2","4"
"帝元嘉元年七月","2","2","4"
"明帝泰始二年六","2","2","4"
"太康十年五月丁","2","2","4"
"太元二十一年五","2","2","4"
"元二十一年五月","2","2","4"
"二十一年五月癸","2","2","4"
"十一年五月癸卯","2","2","4"
"孝武帝太元十六","2","2","4"
"武帝太元十六年","2","2","4"
"元嘉十一年五月","2","2","4"
"大明元年五月甲","2","2","4"
"大明五年五月癸","2","2","4"
"大明七年四月乙","2","2","4"
"后废帝元徽五年","2","2","4"
"泰始八年五月甲","2","2","4"
"始八年五月甲辰","2","2","4"
"建兴二年十二月","2","2","4"
"吴孙皓天玺元年","2","2","4"
"建武元年十一月","2","2","4"
"晋孝武帝宁康三","2","2","4"
"十一年四月壬申","2","2","4"
"荆州刺史临川王","2","2","4"
"武帝大明元年正","2","2","4"
"帝大明元年正月","2","2","4"
"大明五年十二月","2","2","4"
"六年十二月壬辰","2","2","4"
"帝永平十七年春","2","2","4"
"文帝元嘉十一年","2","2","4"
"永康元年十一月","2","2","4"
"建兴三年十二月","2","2","4"
"兴三年十二月戊","2","2","4"
"三年十二月戊午","2","2","4"
"武帝大明二年三","2","2","4"
"帝大明二年三月","2","2","4"
"豫州刺史刘德愿","2","2","4"
"宋文帝元嘉十二","2","2","4"
"武帝孝建三年九","2","2","4"
"帝孝建三年九月","2","2","4"
"吴孙权赤乌十二","2","2","4"
"孙权赤乌十二年","2","2","4"
"二十一年十二月","2","2","4"
"武帝太康五年五","2","2","4"
"帝太康五年五月","2","2","4"
"晋安帝义熙七年","2","2","4"
"太元十三年四月","2","2","4"
"吴孙亮五凤二年","2","2","4"
"太康七年十一月","2","2","4"
"武帝太元十年四","2","2","4"
"帝太元十年四月","2","2","4"
"怀帝永嘉四年十","2","2","4"
"明帝太宁元年正","2","2","4"
"帝太宁元年正月","2","2","4"
"武帝宁康元年三","2","2","4"
"帝宁康元年三月","2","2","4"
"十三年十二月乙","2","2","4"
"安帝隆安二年三","2","2","4"
"帝隆安二年三月","2","2","4"
"元嘉二十九年三","2","2","4"
"嘉二十九年三月","2","2","4"
"魏元帝景元三年","2","2","4"
"元帝景元三年十","2","2","4"
"帝景元三年十月","2","2","4"
"康九年六月庚子","2","2","4"
"献帝建安二十三","2","2","4"
"帝建安二十三年","2","2","4"
"惠帝元康五年三","2","2","4"
"帝元康五年三月","2","2","4"
"吴孙权赤乌八年","2","2","4"
"孙权赤乌八年夏","2","2","4"
"安帝义熙元年十","2","2","4"
"元嘉二十九年五","2","2","4"
"嘉二十九年五月","2","2","4"
"义熙六年五月壬","2","2","4"
"熙六年五月壬申","2","2","4"
"晋孝武帝太元五","2","2","4"
"孝武帝太元五年","2","2","4"
"安帝义熙四年十","2","2","4"
"帝义熙四年十一","2","2","4"
"义熙四年十一月","2","2","4"
"怀帝永嘉四年五","2","2","4"
"帝永嘉四年五月","2","2","4"
"愍帝建兴四年六","2","2","4"
"帝建兴四年六月","2","2","4"
"晋孝武帝太元元","1","3","4"
"孝武帝太元元年","1","3","4"
"元徽五年三月庚","2","2","4"
"徽五年三月庚寅","2","2","4"
"孝武帝太元十三","1","3","4"
"武帝太元十三年","1","3","4"
"永宁元年十二月","2","2","4"
"魏明帝青龙二年","2","2","4"
"元帝太兴元年四","2","2","4"
"帝太兴元年四月","2","2","4"
"元帝太兴四年八","2","2","4"
"帝太兴四年八月","2","2","4"
"惠帝光熙元年五","2","2","4"
"元帝永昌元年十","2","2","4"
"帝永嘉元年十一","2","2","4"
"永嘉元年十一月","2","2","4"
"汉顺帝永建四年","2","2","4"
"汉灵帝中平二年","2","2","4"
"汉献帝兴平二年","2","2","4"
"松滋六郡诸军事","2","2","4"
"会稽王世子元显","4","0","4"
"遣员外散骑侍郎","4","0","4"
"员外散骑侍郎徐","2","2","4"
"外散骑侍郎徐爰","2","2","4"
"抚军将军刘毅镇","2","2","4"
"宁朔将军中兵参","2","2","4"
"朔将军中兵参军","2","2","4"
"南北秦三州诸军","2","2","4"
"北秦三州诸军事","2","2","4"
"子鸾抚军中兵参","2","2","4"
"鸾抚军中兵参军","2","2","4"
"南阳太守沈怀宝","2","2","4"
"宁朔将军刘怀珍","2","2","4"
"员外散骑侍郎王","2","2","4"
"宁朔将军屯骑校","2","2","4"
"朔将军屯骑校尉","2","2","4"
"太子旅贲中郎将","2","2","4"
"征西将军蔡兴宗","2","2","4"
"东郡太守王景度","2","2","4"
"颍川太守李元德","2","2","4"
"辅国将军杨文德","2","2","4"
"中书侍郎蔡兴宗","2","2","4"
"口三万六千六百","2","2","4"
"万二千四百七十","2","2","4"
"万一千一百一十","2","2","4"
"四万五千五百八","2","2","4"
"万五千五百八十","2","2","4"
"五千五百八十一","2","2","4"
"盈减缩加的原则","0","4","4"
"用前述的方法对","0","4","4"
"前述的方法对应","0","4","4"
"述的方法对应就","0","4","4"
"有关官员代理主","0","4","4"
"关官员代理主祭","0","4","4"
"承受这天象预示","0","4","4"
"受这天象预示的","0","4","4"
"天象预示的灾祸","0","4","4"
"将军柳元景加封","0","4","4"
"军柳元景加封为","0","4","4"
"军建安王休仁为","0","4","4"
"晋升为征西大将","0","4","4"
"升为征西大将军","0","4","4"
"军巴陵王休若为","0","4","4"
"挂武猛都尉以上","0","4","4"
"武猛都尉以上官","0","4","4"
"猛都尉以上官印","0","4","4"
"都尉以上官印者","0","4","4"
"犯房宿南第二星","0","4","4"
"晋成帝咸和元年","0","4","4"
"晋成帝咸和四年","0","4","4"
"兼任中书通事舍","0","4","4"
"任中书通事舍人","0","4","4"
"五年以下徒刑的","0","4","4"
"任命为著作佐郎","0","4","4"
"驾临延贤堂听诉","0","4","4"
"临延贤堂听诉讼","0","4","4"
"王派遣使者来进","0","4","4"
"划出一部分设置","0","4","4"
"晋升为镇军将军","0","4","4"
"晋升为平西将军","0","4","4"
"兖二州刺史武陵","0","4","4"
"州刺史萧思话为","0","4","4"
"兖州刺史江夏王","0","4","4"
"领军将军刘遵考","0","4","4"
"晋升为骠骑大将","0","4","4"
"升为骠骑大将军","0","4","4"
"任开府仪同三司","0","4","4"
"河南王派使者来","0","4","4"
"南王派使者来进","0","4","4"
"任员外散骑侍郎","0","4","4"
"太官供应的膳食","0","4","4"
"刺史山阳王休改","0","4","4"
"史山阳王休改任","0","4","4"
"史巴陵王休若为","0","4","4"
"应的十一月朔日","0","4","4"
"满曰法则减去曰","0","4","4"
"曰法则减去曰法","0","4","4"
"六十则减去六十","0","4","4"
"年份在相应纪中","0","4","4"
"份在相应纪中的","0","4","4"
"在相应纪中的年","0","4","4"
"相应纪中的年数","0","4","4"
"余满纪法则减去","0","4","4"
"周天则减去周天","0","4","4"
"对应的十一月朔","0","4","4"
"的方法就可得到","0","4","4"
"减去纪法并在度","0","4","4"
"满会通则减去会","0","4","4"
"会通则减去会通","0","4","4"
"月距黄白交点的","0","4","4"
"推算五星的方法","0","4","4"
"在相应月中的日","0","4","4"
"相应月中的日期","0","4","4"
"度法则减去度法","0","4","4"
"黄昏时在西方观","0","4","4"
"昏时在西方观察","0","4","4"
"时在西方观察不","0","4","4"
"在西方观察不到","0","4","4"
"运行了三十三度","0","4","4"
"早晨在东方出现","0","4","4"
"运行了一百一十","0","4","4"
"行了一百一十二","0","4","4"
"每天运行十七分","0","4","4"
"天中后退了六度","0","4","4"
"每天运行一又十","0","4","4"
"正南方的天空中","0","4","4"
"冬至时太阳在斗","0","4","4"
"至时太阳在斗宿","0","4","4"
"到元嘉二十年癸","0","4","4"
"余满曰法则减去","0","4","4"
"用前述方法对应","0","4","4"
"对应并向外推一","0","4","4"
"向外推一天就是","0","4","4"
"黄昏时在西方不","0","4","4"
"昏时在西方不出","0","4","4"
"时在西方不出现","0","4","4"
"在阴阳历中的日","0","4","4"
"在正南方天空中","0","4","4"
"主事官员又上奏","0","4","4"
"闰月的后一个月","0","4","4"
"举行宗庙祭祀祭","0","4","4"
"有洒酒灌地的仪","0","4","4"
"每隔一年举行一","0","4","4"
"隔一年举行一次","0","4","4"
"四位府君的神主","0","4","4"
"为天下各族姓的","0","4","4"
"天下各族姓的人","0","4","4"
"涂饰车辕及衡端","0","4","4"
"色绶带．着朝服","0","4","4"
"鱼儿嬉游在莲叶","0","4","4"
"儿嬉游在莲叶的","0","4","4"
"尺的彗星出现于","0","4","4"
"星出现于太微垣","0","4","4"
"预示将有战争及","0","4","4"
"将有战争及丧乱","0","4","4"
"王公大臣有忧患","0","4","4"
"天象预示君主交","0","4","4"
"象预示君主交恶","0","4","4"
"火星犯左执法星","0","4","4"
"高祖征讨司马休","0","4","4"
"祖征讨司马休之","0","4","4"
"州刺史庐陵王刘","0","4","4"
"经天而白天出现","0","4","4"
"将军衡阳王刘义","0","4","4"
"军衡阳王刘义季","0","4","4"
"求解除自己的职","0","4","4"
"解除自己的职务","0","4","4"
"赤色花纹形成字","0","4","4"
"色花纹形成字迹","0","4","4"
"也是命中注定的","0","4","4"
"汉章帝元和年问","0","4","4"
"青龙二次出现于","0","4","4"
"白龙二次出现于","0","4","4"
"史武陵王刘骏上","0","4","4"
"丞梅道念上报朝","0","4","4"
"梅道念上报朝廷","0","4","4"
"兴王刘浚献上朝","0","4","4"
"王刘浚献上朝廷","0","4","4"
"州刺史建安王刘","0","4","4"
"刺史临海王刘子","0","4","4"
"江夏王刘义恭献","0","4","4"
"夏王刘义恭献上","0","4","4"
"王刘义恭献上朝","0","4","4"
"刘义恭献上朝廷","0","4","4"
"江夏王刘义恭上","0","4","4"
"夏王刘义恭上报","0","4","4"
"王刘义恭上报朝","0","4","4"
"刘义恭上报朝廷","0","4","4"
"临川王刘义庆上","0","4","4"
"川王刘义庆上报","0","4","4"
"王刘义庆上报朝","0","4","4"
"刘义庆上报朝廷","0","4","4"
"甘露降临吴兴的","0","4","4"
"州刺史长沙王刘","0","4","4"
"刺史长沙王刘义","0","4","4"
"史长沙王刘义欣","0","4","4"
"池的芙蓉二花同","0","4","4"
"后池的芙蓉二花","0","4","4"
"十九个郡国说出","0","4","4"
"九个郡国说出现","0","4","4"
"个郡国说出现了","0","4","4"
"郡国说出现了白","0","4","4"
"陵王刘诞献上朝","0","4","4"
"王刘诞献上朝廷","0","4","4"
"京城因下雨而涨","0","4","4"
"城因下雨而涨水","0","4","4"
"晋惠帝太安年间","0","4","4"
"晋海西公太和年","0","4","4"
"它带来的灾祸是","0","4","4"
"晋成帝咸和二年","0","4","4"
"京城发生大水灾","0","4","4"
"太康元年恢复设","0","4","4"
"康元年恢复设置","0","4","4"
"距京都按水路计","0","4","4"
"京都按水路计有","0","4","4"
"为金紫光禄大夫","0","4","4"
"派员外散骑侍郎","0","4","4"
"凶刘邵杀文帝自","0","4","4"
"太康三年七月壬","2","1","3"
"康三年七月壬子","2","1","3"
"太尉长沙王道怜","2","1","3"
"史彭城王义康改","2","1","3"
"丹阳尹永嘉王子","2","1","3"
"阳尹永嘉王子仁","2","1","3"
"广州刺史袁昙远","2","1","3"
"新除左光禄大夫","3","0","3"
"王玄谟车骑将军","3","0","3"
"军巴陵王休若降","2","1","3"
"荆州刺史蔡兴宗","2","1","3"
"仆射王僧虔尚书","3","0","3"
"紫光禄大夫王琨","2","1","3"
"十二万二千七百","2","1","3"
"月犯房南第二星","3","0","3"
"帝建武元年六月","1","2","3"
"青州刺史萧思话","1","2","3"
"刺史南平王铄献","3","0","3"
"咸安元年十二月","2","1","3"
"晋武帝泰始六年","1","2","3"
"元帝永昌二年十","1","2","3"
"明帝泰始二年九","2","1","3"
"帝泰始二年九月","2","1","3"
"废帝元徽二年七","2","1","3"
"帝元徽二年七月","2","1","3"
"都督西秦河沙三","2","1","3"
"安帝隆安三年十","2","1","3"
"帝隆安三年十一","2","1","3"
"隆安三年十一月","2","1","3"
"东阳太守殷仲文","2","1","3"
"鄱阳太守虞丘进","2","1","3"
"安西司马王镇恶","2","1","3"
"二年春正月辛酉","2","1","3"
"车驾华林园听讼","3","0","3"
"三年春正月甲辰","2","1","3"
"豫州刺史庐陵王","1","2","3"
"后将军长沙王义","2","1","3"
"将军长沙王义欣","2","1","3"
"车驾延贤堂听讼","3","0","3"
"彭城王义康司徒","3","0","3"
"遣征南大将军檀","2","1","3"
"州刺史竟陵王义","1","2","3"
"刺史竟陵王义宣","1","2","3"
"江夏王义恭进位","3","0","3"
"徐州刺史衡阳王","2","1","3"
"扬州刺史殷景仁","1","2","3"
"梁秦二州刺史刘","1","2","3"
"芮芮国遣使献方","3","0","3"
"芮国遣使献方物","3","0","3"
"婆皇国遣使献方","3","0","3"
"皇国遣使献方物","3","0","3"
"倭国遣使献方物","3","0","3"
"南徐兗二州刺史","3","0","3"
"顿二郡太守郑琨","1","2","3"
"汝阳颍川二郡太","1","2","3"
"阳颍川二郡太守","1","2","3"
"徐兗二州刺史武","3","0","3"
"遣宁朔将军王玄","2","1","3"
"阳平二郡太守崔","2","1","3"
"太子积弩将军臧","1","2","3"
"子积弩将军臧澄","1","2","3"
"都督南豫豫司雍","2","1","3"
"太子步兵校尉沈","2","1","3"
"子步兵校尉沈庆","2","1","3"
"晋安王子勋镇军","3","0","3"
"新安王子鸾抚军","3","0","3"
"刺史竟陵王诞改","2","1","3"
"南兗州刺史沈庆","3","0","3"
"征虏将军武昌王","2","1","3"
"雍州刺史武昌王","2","1","3"
"州刺史武昌王浑","2","1","3"
"军将军建平王宏","2","1","3"
"卫将军湘东王讳","3","0","3"
"军将军巴陵王休","1","2","3"
"州刺史海陵王休","2","1","3"
"刺史海陵王休茂","2","1","3"
"将军寻阳王子房","2","1","3"
"征西将军毛璩墓","2","1","3"
"宰江夏王义恭录","2","1","3"
"江夏王义恭录尚","2","1","3"
"夏王义恭录尚书","2","1","3"
"王义恭录尚书事","2","1","3"
"左军司马崔道固","1","2","3"
"十一月二十九日","2","1","3"
"进号骠骑大将军","3","0","3"
"豫州刺史刘遵考","2","1","3"
"史山阳王休祐改","3","0","3"
"义阳内史庞孟虬","2","1","3"
"镇东将军巴陵王","2","1","3"
"东将军巴陵王休","2","1","3"
"巴陵王休若进号","3","0","3"
"尚书仆射王景文","1","2","3"
"新除事黄门侍郎","3","0","3"
"史巴陵王休若征","3","0","3"
"州刺史晋平王休","2","1","3"
"禄大夫刘遵考改","1","2","3"
"加护军将军褚渊","3","0","3"
"刺史晋熙王燮进","3","0","3"
"史晋熙王燮进号","3","0","3"
"扬州刺史安成王","1","2","3"
"交州刺史沈景德","1","2","3"
"七千一百四十七","2","1","3"
"小月加度二十二","3","0","3"
"天正十一月合朔","3","0","3"
"小分满通法大分","3","0","3"
"置所入纪朔积分","3","0","3"
"百四十七万二千","2","1","3"
"四十七万二千八","2","1","3"
"十七万二千八百","2","1","3"
"六百四十九万一","2","1","3"
"百四十九万一千","2","1","3"
"四十九万一千一","2","1","3"
"十九万一千一百","2","1","3"
"九万一千一百二","2","1","3"
"万一千一百二十","2","1","3"
"一千一百二十一","2","1","3"
"千一百二十一分","2","1","3"
"一百二十一分半","2","1","3"
"四十五日行三十","3","0","3"
"十五日行三十三","3","0","3"
"五日行三十三度","3","0","3"
"十二日十九万四","3","0","3"
"二日十九万四千","3","0","3"
"日十九万四千九","3","0","3"
"日二千三十四万","3","0","3"
"十二月十六日望","2","1","3"
"一百八十二度半","2","1","3"
"十一月二十五日","2","1","3"
"千八百四十七半","2","1","3"
"日余四万九千六","2","1","3"
"万五千九百八十","2","1","3"
"五千九百八十七","2","1","3"
"千九百八十七半","2","1","3"
"四千六百三十一","2","1","3"
"元年十二月二十","2","1","3"
"晋孝武太元二十","2","1","3"
"孝武太元二十一","2","1","3"
"武太元二十一年","2","1","3"
"太皇太后李氏崩","3","0","3"
"孝武孝建三年三","2","1","3"
"武孝建三年三月","2","1","3"
"孝武帝太元四年","2","1","3"
"迁员外散骑侍郎","2","1","3"
"武帝孝建元年六","2","1","3"
"帝孝建元年六月","2","1","3"
"晋武帝咸宁四年","2","1","3"
"顺帝升明三年四","2","1","3"
"帝升明三年四月","2","1","3"
"尚书令建安王休","3","0","3"
"书令建安王休仁","3","0","3"
"所生陈贵妃皇太","3","0","3"
"生陈贵妃皇太妃","3","0","3"
"学博士司马兴议","3","0","3"
"晋恭帝元熙二年","2","1","3"
"太康元年九月庚","1","2","3"
"元帝太兴三年正","2","1","3"
"帝太兴三年正月","2","1","3"
"元年十二月戊子","2","1","3"
"军长史周景远议","2","1","3"
"元嘉十年十二月","2","1","3"
"太学博士虞龢议","3","0","3"
"文帝元嘉二十一","2","1","3"
"帝元嘉二十一年","2","1","3"
"尚书左丞荀万秋","2","1","3"
"宋后废帝元徽四","2","1","3"
"一千三百九十四","1","2","3"
"高贵乡公正元元","2","1","3"
"贵乡公正元元年","2","1","3"
"高贵乡公正元二","2","1","3"
"贵乡公正元二年","2","1","3"
"高贵乡公甘露元","2","1","3"
"贵乡公甘露元年","2","1","3"
"二年十一月辛巳","2","1","3"
"康二年正月丁巳","2","1","3"
"伪豫州刺史索度","2","1","3"
"豫州刺史索度真","2","1","3"
"司马国璠等攻没","3","0","3"
"晋恭帝元熙元年","2","1","3"
"将军檀道济讨伐","1","2","3"
"大明三年春正月","1","2","3"
"车骑大将军沈庆","2","1","3"
"延光四年正月壬","2","1","3"
"帝咸八年五月己","3","0","3"
"明帝青龙元年正","2","1","3"
"帝青龙元年正月","2","1","3"
"青龙元年正月甲","2","1","3"
"龙元年正月甲申","2","1","3"
"魏少帝甘露元年","2","1","3"
"青龙见轵县井中","3","0","3"
"咸宁二年六月丙","2","1","3"
"宁二年六月丙申","2","1","3"
"始二年八月丙辰","1","2","3"
"太守巴陵王休若","2","1","3"
"守巴陵王休若献","2","1","3"
"太元十四年六月","2","1","3"
"元年十一月甲午","2","1","3"
"太元二十年九月","1","2","3"
"元二十年九月丁","1","2","3"
"二十年九月丁丑","1","2","3"
"元嘉十七年五月","1","2","3"
"晋武帝咸宁三年","2","1","3"
"咸宁三年七月壬","2","1","3"
"山阳内史程天祚","2","1","3"
"州刺史沈文秀献","2","1","3"
"元嘉十七年四月","1","2","3"
"元嘉二十二年十","2","1","3"
"甘露降寻阳松滋","3","0","3"
"元嘉二十四年四","2","1","3"
"嘉二十四年四月","2","1","3"
"始三年十一月庚","1","2","3"
"升明二年十一月","2","1","3"
"二十三年八月己","2","1","3"
"十三年八月己酉","2","1","3"
"刺史广陵王诞闻","3","0","3"
"十五年六月壬子","2","1","3"
"藉田令褚熙伯献","3","0","3"
"二十五年八月壬","2","1","3"
"十五年八月壬子","2","1","3"
"武帝孝建二年六","2","1","3"
"帝孝建二年六月","2","1","3"
"元嘉二十一年六","2","1","3"
"嘉二十一年六月","2","1","3"
"后池芙蓉二花一","3","0","3"
"孝建三年闰三月","2","1","3"
"刺史竟陵王诞献","3","0","3"
"元康元年七月辛","2","1","3"
"康元年七月辛丑","2","1","3"
"孝武帝太元十一","2","1","3"
"武帝太元十一年","2","1","3"
"元嘉十四年五月","1","2","3"
"十七年六月乙卯","1","2","3"
"明五年五月癸未","2","1","3"
"武帝泰始八年五","2","1","3"
"帝泰始八年五月","2","1","3"
"晋安帝义熙十二","1","2","3"
"安帝义熙十二年","1","2","3"
"元嘉十八年二月","1","2","3"
"郢州刺史安陆王","2","1","3"
"州刺史安陆王子","2","1","3"
"刺史安陆王子绥","2","1","3"
"大明三年十一月","1","2","3"
"明帝泰始二年五","2","1","3"
"帝泰始二年五月","2","1","3"
"帝太元十四年十","1","2","3"
"晋安帝义熙九年","2","1","3"
"晋惠帝永兴二年","2","1","3"
"晋成帝咸二年五","3","0","3"
"成帝咸二年五月","3","0","3"
"元年十一月戊午","1","2","3"
"熙四年十一月辛","2","1","3"
"年二月二十四日","1","2","3"
"康九年十一月甲","1","2","3"
"九年十一月甲子","1","2","3"
"元嘉二十六年二","1","2","3"
"嘉二十六年二月","1","2","3"
"元嘉三十年正月","1","2","3"
"武帝咸宁元年七","1","2","3"
"帝咸宁元年七月","1","2","3"
"晋安帝义熙中土","3","0","3"
"安帝义熙中土断","3","0","3"
"废帝元徽元年度","3","0","3"
"除员外散骑侍郎","3","0","3"
"巴西太守刘道产","2","1","3"
"长沙王义欣镇军","3","0","3"
"义恭抚军刑狱参","1","2","3"
"恭抚军刑狱参军","1","2","3"
"阳王义季右军主","2","1","3"
"王义季右军主簿","2","1","3"
"二十八年正月初","1","2","3"
"都督江州诸军事","1","2","3"
"龙骧将军刘灵遗","1","2","3"
"吴兴太守沈文季","1","2","3"
"北中郎中兵参军","1","2","3"
"前司空主簿张晏","1","2","3"
"新安王子鸾北中","3","0","3"
"安王子鸾北中郎","3","0","3"
"建威将军中直兵","2","1","3"
"正员将军皇甫仲","1","2","3"
"员将军皇甫仲远","1","2","3"
"虎贲中郎将徐稚","1","2","3"
"贲中郎将徐稚宾","1","2","3"
"屯骑校尉段佛荣","2","1","3"
"都督征讨诸军事","1","2","3"
"义恭征北行参军","2","1","3"
"子尚北中郎长史","1","2","3"
"州刺史王仲德率","1","2","3"
"梓潼二郡太守刘","2","1","3"
"潼二郡太守刘弘","2","1","3"
"二郡太守刘弘宗","2","1","3"
"弟永昌王库仁真","1","2","3"
"冀州刺史历城镇","2","1","3"
"义熙十四年正月","1","2","3"
"子竟陵太守鲁轨","1","2","3"
"魏齐王正始二年","1","2","3"
"一千八百四十九","1","2","3"
"一万一千七百四","1","2","3"
"户二千八百五十","2","1","3"
"一万七千八百三","1","2","3"
"户二万九千三百","1","2","3"
"二万九千三百四","1","2","3"
"员外散骑常侍冠","1","2","3"
"外散骑常侍冠军","1","2","3"
"将军抚军中兵参","2","1","3"
"军抚军中兵参军","2","1","3"
"抚军中兵参军事","2","1","3"
"军中兵参军事军","2","1","3"
"中兵参军事军主","2","1","3"
"余满曰度法则减","0","3","3"
"满曰度法则减去","0","3","3"
"度法则减去日度","0","3","3"
"法则减去日度法","0","3","3"
"法并在度数上加","0","3","3"
"并在度数上加一","0","3","3"
"方法对应就可得","0","3","3"
"行星出现时位置","0","3","3"
"星出现时位置的","0","3","3"
"洒酒于地的仪式","0","3","3"
"未成年而死者的","0","3","3"
"成年而死者的神","0","3","3"
"年而死者的神主","0","3","3"
"佩带苍黑如水色","0","3","3"
"带苍黑如水色的","0","3","3"
"苍黑如水色的玉","0","3","3"
"这天象预示的灾","0","3","3"
"长沙王刘义欣的","0","3","3"
"刘邵的四个儿子","0","3","3"
"任命左卫将军王","0","3","3"
"吐谷浑慕容延为","0","3","3"
"晋升为开府仪同","0","3","3"
"升为开府仪同三","0","3","3"
"交州刺史檀和之","0","3","3"
"军将军湘东王为","0","3","3"
"新任左光禄大夫","0","3","3"
"史桂阳王休范为","0","3","3"
"郢州刺史沈攸之","0","3","3"
"仆射王僧虔为尚","0","3","3"
"射王僧虔为尚书","0","3","3"
"犯心宿中央大星","0","3","3"
"月犯房宿南第二","0","3","3"
"甘露降临于南海","0","3","3"
"甘露降临长宁陵","0","3","3"
"刺史萧思话献上","0","3","3"
"史萧思话献上朝","0","3","3"
"萧思话献上朝廷","0","3","3"
"年十一月乙巳曰","0","3","3"
"汉桓帝建和元年","0","3","3"
"晋哀帝隆和元年","0","3","3"
"五年五月丁丑曰","0","3","3"
"加封刘裕为太傅","0","3","3"
"任尚书右仆射刘","0","3","3"
"扬州刺史徐羡之","0","3","3"
"判五年以下徒刑","0","3","3"
"南兖州刺史檀道","0","3","3"
"兖州刺史檀道济","0","3","3"
"帝的第三个儿子","0","3","3"
"将军之职照旧担","0","3","3"
"军之职照旧担任","0","3","3"
"晋升为镇西将军","0","3","3"
"之为左光禄大夫","0","3","3"
"州划出一部分设","0","3","3"
"都派使者来进献","0","3","3"
"林邑国派使者来","0","3","3"
"邑国派使者来进","0","3","3"
"江夏王义恭晋升","0","3","3"
"夏王义恭晋升为","0","3","3"
"划出一部分设立","0","3","3"
"夏四月二十四日","0","3","3"
"刺史始兴王浚为","0","3","3"
"刺史武陵王骏为","0","3","3"
"芮芮国派使者来","0","3","3"
"芮国派使者来进","0","3","3"
"婆皇国派使者来","0","3","3"
"皇国派使者来进","0","3","3"
"史南谯王义宣为","0","3","3"
"任命南兖州刺史","0","3","3"
"之为尚书左仆射","0","3","3"
"南徐兖二州刺史","0","3","3"
"郡县官员的俸禄","0","3","3"
"百济国派使者来","0","3","3"
"济国派使者来进","0","3","3"
"徐兖二州刺史武","0","3","3"
"江夏王义恭兼任","0","3","3"
"南兖州刺史江夏","0","3","3"
"将军东海王礻韦","0","3","3"
"领军将军柳元景","0","3","3"
"南兖州刺史沈庆","0","3","3"
"兖州刺史沈庆之","0","3","3"
"州分出一部分设","0","3","3"
"任命游击将军垣","0","3","3"
"刘遵考为尚书右","0","3","3"
"遵考为尚书右仆","0","3","3"
"考为尚书右仆射","0","3","3"
"委任南兖州刺史","0","3","3"
"任命宁朔将军刘","0","3","3"
"荆州刺史朱修之","0","3","3"
"尚书令柳元景为","0","3","3"
"晋升为车骑大将","0","3","3"
"升为车骑大将军","0","3","3"
"领军将军王玄谟","0","3","3"
"被投入监狱处死","0","3","3"
"秦四州郢州的竟","0","3","3"
"四州郢州的竟陵","0","3","3"
"巴陵王休若晋升","0","3","3"
"陵王休若晋升为","0","3","3"
"辅国将军刘面力","0","3","3"
"国将军刘面力为","0","3","3"
"晋升为征西将军","0","3","3"
"新任给事黄门侍","0","3","3"
"任给事黄门侍郎","0","3","3"
"巴陵王休若为征","0","3","3"
"州刺史沈攸之晋","0","3","3"
"刺史沈攸之晋升","0","3","3"
"史沈攸之晋升为","0","3","3"
"任命给事黄门侍","0","3","3"
"命给事黄门侍郎","0","3","3"
"刺史晋熙王燮晋","0","3","3"
"史晋熙王燮晋升","0","3","3"
"晋熙王燮晋升为","0","3","3"
"斗宿的分数部分","0","3","3"
"以建寅之月为正","0","3","3"
"建寅之月为正月","0","3","3"
"合朔月亮在黄道","0","3","3"
"与周正相应的十","0","3","3"
"周正相应的十一","0","3","3"
"正相应的十一月","0","3","3"
"在大余上加二十","0","3","3"
"大余上加二十九","0","3","3"
"减去曰法并在大","0","3","3"
"去曰法并在大余","0","3","3"
"曰法并在大余上","0","3","3"
"二十四节气的方","0","3","3"
"十四节气的方法","0","3","3"
"在大余上加十五","0","3","3"
"并在小余上加一","0","3","3"
"法并在大余上进","0","3","3"
"并在大余上进一","0","3","3"
"在大余上加六十","0","3","3"
"余满没法则减去","0","3","3"
"满没法则减去没","0","3","3"
"没法则减去没法","0","3","3"
"名称对应并向外","0","3","3"
"称对应并向外推","0","3","3"
"太阳位置的方法","0","3","3"
"朔日夜半时太阳","0","3","3"
"夜半时太阳位置","0","3","3"
"去纪法并在度数","0","3","3"
"纪法并在度数上","0","3","3"
"应的十一月合朔","0","3","3"
"小分满通法则减","0","3","3"
"分满通法则减去","0","3","3"
"相应纪中的朔积","0","3","3"
"应纪中的朔积分","0","3","3"
"加上相应纪的交","0","3","3"
"上相应纪的交会","0","3","3"
"相应纪的交会差","0","3","3"
"就是所求年与周","0","3","3"
"是所求年与周正","0","3","3"
"时月亮在黄道南","0","3","3"
"在前黄白交点在","0","3","3"
"前黄白交点在后","0","3","3"
"月会合在后的情","0","3","3"
"会合在后的情况","0","3","3"
"与黄白交点相距","0","3","3"
"黄白交点相距的","0","3","3"
"一天就是所求年","0","3","3"
"月食的定大小余","0","3","3"
"乘以在迟疾历中","0","3","3"
"有余数则将其乘","0","3","3"
"余数则将其乘以","0","3","3"
"与半合并为太弱","0","3","3"
"每满六十就减去","0","3","3"
"向外推算一度就","0","3","3"
"次合在相应月中","0","3","3"
"法则减去度法并","0","3","3"
"则减去度法并在","0","3","3"
"而清晨在东方出","0","3","3"
"了一百一十二度","0","3","3"
"运行了四百一十","0","3","3"
"一终有三百七十","0","3","3"
"终有三百七十八","0","3","3"
"有三百七十八天","0","3","3"
"四十五天中运行","0","3","3"
"在东方观察不到","0","3","3"
"度数与此数值相","0","3","3"
"运行了三十六度","0","3","3"
"十一天中后退了","0","3","3"
"有一百一十五天","0","3","3"
"在正南方的天空","0","3","3"
"时太阳在斗宿十","0","3","3"
"与太阳位置相对","0","3","3"
"推算这天太阳在","0","3","3"
"太阳在斗宿二十","0","3","3"
"月位置相对推考","0","3","3"
"嘉二十年癸未岁","0","3","3"
"与干支名称对应","0","3","3"
"小余满曰法则减","0","3","3"
"应并向外推一天","0","3","3"
"并向外推一天就","0","3","3"
"满度法则减去度","0","3","3"
"满周天则减去周","0","3","3"
"从室宿二度起算","0","3","3"
"每经过一宿则减","0","3","3"
"经过一宿则减去","0","3","3"
"月朔夜半时太阳","0","3","3"
"朔夜半时太阳所","0","3","3"
"夜半时太阳所在","0","3","3"
"满会月则减去会","0","3","3"
"会月则减去会月","0","3","3"
"迟疾历中相应的","0","3","3"
"天中运行了二十","0","3","3"
"了四十九度和度","0","3","3"
"四十九度和度余","0","3","3"
"于清晨在东方出","0","3","3"
"阴阳历中的日期","0","3","3"
"夜半在阴阳历中","0","3","3"
"夜半在迟疾历中","0","3","3"
"半在迟疾历中相","0","3","3"
"北方各宿的中心","0","3","3"
"前述方法对应就","0","3","3"
"昴星在正南方天","0","3","3"
"星在正南方天空","0","3","3"
"这是古历可疑的","0","3","3"
"是古历可疑的第","0","3","3"
"黄昏时位于正南","0","3","3"
"昏时位于正南方","0","3","3"
"而按照戴法兴所","0","3","3"
"按照戴法兴所说","0","3","3"
"用与其相对的位","0","3","3"
"与其相对的位置","0","3","3"
"其相对的位置计","0","3","3"
"相对的位置计算","0","3","3"
"的情况记录为一","0","3","3"
"情况记录为一书","0","3","3"
"守丧三年的制度","0","3","3"
"为父母守丧三年","0","3","3"
"除去了衰麻丧服","0","3","3"
"事官员又上奏说","0","3","3"
"母亲因儿子的显","0","3","3"
"亲因儿子的显贵","0","3","3"
"因儿子的显贵而","0","3","3"
"宋孝武帝大明五","0","3","3"
"大明五年的闰月","0","3","3"
"服小功丧服五个","0","3","3"
"小功丧服五个月","0","3","3"
"悬挂钟磬乐器而","0","3","3"
"挂钟磬乐器而不","0","3","3"
"左仆射建平王刘","0","3","3"
"仆射建平王刘宏","0","3","3"
"领军长史周景远","0","3","3"
"服丧三年的制度","0","3","3"
"皇帝又下诏令说","0","3","3"
"生母陈贵妃为皇","0","3","3"
"母陈贵妃为皇太","0","3","3"
"陈贵妃为皇太妃","0","3","3"
"没有这样的先例","0","3","3"
"在郊外祭祀天地","0","3","3"
"我恭谨地选择吉","0","3","3"
"冒昧地以黑色公","0","3","3"
"昧地以黑色公牛","0","3","3"
"地以黑色公牛献","0","3","3"
"以黑色公牛献祭","0","3","3"
"帝亲自举行郊祀","0","3","3"
"到祖庙父庙祭祀","0","3","3"
"为祈求五谷丰熟","0","3","3"
"隔两年举行一次","0","3","3"
"有七十四位君主","0","3","3"
"年十二月己末日","0","3","3"
"府君的神主牌位","0","3","3"
"京兆府君的神主","0","3","3"
"三个月不举行祭","0","3","3"
"个月不举行祭祀","0","3","3"
"在大功丧服期间","0","3","3"
"有变故一类情况","0","3","3"
"四个未成年而死","0","3","3"
"个未成年而死者","0","3","3"
"下转礼官详细讨","0","3","3"
"转礼官详细讨论","0","3","3"
"天子为自己立社","0","3","3"
"聚成百家以上就","0","3","3"
"成百家以上就立","0","3","3"
"百家以上就立一","0","3","3"
"家以上就立一社","0","3","3"
"对七种神的祭祀","0","3","3"
"派遣使者致送祭","0","3","3"
"遣使者致送祭品","0","3","3"
"使者致送祭品祭","0","3","3"
"者致送祭品祭奠","0","3","3"
"把车马衣服奖给","0","3","3"
"车马衣服奖给有","0","3","3"
"马衣服奖给有功","0","3","3"
"衣服奖给有功的","0","3","3"
"服奖给有功的诸","0","3","3"
"奖给有功的诸侯","0","3","3"
"头与轭之末都用","0","3","3"
"用四匹玄色马驾","0","3","3"
"四匹玄色马驾车","0","3","3"
"乘坐用油彩涂绘","0","3","3"
"坐用油彩涂绘的","0","3","3"
"乘车竖立旌旗有","0","3","3"
"及在皇帝出行仪","0","3","3"
"在皇帝出行仪仗","0","3","3"
"皇帝出行仪仗队","0","3","3"
"帝出行仪仗队之","0","3","3"
"出行仪仗队之中","0","3","3"
"黄色绶带．着朝","0","3","3"
"侍卫及在皇帝出","0","3","3"
"卫及在皇帝出行","0","3","3"
"晋成帝咸和九年","0","3","3"
"宫声的竹管放在","0","3","3"
"声势赫赫而威灵","0","3","3"
"势赫赫而威灵明","0","3","3"
"赫赫而威灵明明","0","3","3"
"用歌唱来表达情","0","3","3"
"歌唱来表达情志","0","3","3"
"用诗歌来表达情","0","3","3"
"诗歌来表达情志","0","3","3"
"其中三句每句三","0","3","3"
"中三句每句三字","0","3","3"
"其中六句每句三","0","3","3"
"中六句每句三字","0","3","3"
"在井宿二十五度","0","3","3"
"所以太阳也出于","0","3","3"
"度又十二分之二","0","3","3"
"天象预示君主将","0","3","3"
"天象预示天下将","0","3","3"
"彗星出现于西方","0","3","3"
"越之地将有战争","0","3","3"
"将有战争及丧事","0","3","3"
"白色彗星出现于","0","3","3"
"彗星出现于轸宿","0","3","3"
"预示天下将有战","0","3","3"
"示天下将有战争","0","3","3"
"天象预示国家将","0","3","3"
"彗星出现于亢宿","0","3","3"
"此天象预示天子","0","3","3"
"彗星出现于大角","0","3","3"
"将有大规模军事","0","3","3"
"有大规模军事行","0","3","3"
"大规模军事行动","0","3","3"
"火星入东井之宿","0","3","3"
"示将有战争及国","0","3","3"
"将有战争及国丧","0","3","3"
"天象预示将有大","0","3","3"
"占辞与前面相应","0","3","3"
"金星犯右执法星","0","3","3"
"金星犯束井之宿","0","3","3"
"入太微垣犯右执","0","3","3"
"太微垣犯右执法","0","3","3"
"微垣犯右执法星","0","3","3"
"星入太微垣犯西","0","3","3"
"金星犯东井之宿","0","3","3"
"金星犯舆鬼之宿","0","3","3"
"金星白天在斗宿","0","3","3"
"星白天在斗宿出","0","3","3"
"白天在斗宿出现","0","3","3"
"白天在参宿出现","0","3","3"
"星白天在胃宿出","0","3","3"
"白天在胃宿出现","0","3","3"
"前面相应天象相","0","3","3"
"面相应天象相同","0","3","3"
"入太微垣右掖门","0","3","3"
"刺史庐陵王刘义","0","3","3"
"史庐陵王刘义真","0","3","3"
"金星经天而白天","0","3","3"
"星经天而白天出","0","3","3"
"司徒彭城王刘义","0","3","3"
"徒彭城王刘义康","0","3","3"
"表请求解除自己","0","3","3"
"晋成帝咸和八年","0","3","3"
"成帝咸和八年五","0","3","3"
"帝咸和八年五月","0","3","3"
"和八年五月己巳","0","3","3"
"章帝元和二年至","0","3","3"
"帝元和二年至章","0","3","3"
"元和二年至章和","0","3","3"
"和二年至章和元","0","3","3"
"二年至章和元年","0","3","3"
"帝王的仁德施及","0","3","3"
"年十二月乙未日","0","3","3"
"出现于南郡的江","0","3","3"
"龟出现于吴兴的","0","3","3"
"新安王刘子鸾的","0","3","3"
"王刘盏宣上报朝","0","3","3"
"刘盏宣上报朝廷","0","3","3"
"白鹿出现于零陵","0","3","3"
"白鹿出现于长沙","0","3","3"
"太守刘玄上报朝","0","3","3"
"守刘玄上报朝廷","0","3","3"
"帝王的恩德施及","0","3","3"
"元年四月丁巳曰","0","3","3"
"园丞梅道念上报","0","3","3"
"白獐出现于南阳","0","3","3"
"州刺史临海王刘","0","3","3"
"史临海王刘子顼","0","3","3"
"王玄谟献上朝廷","0","3","3"
"州刺史江夏王刘","0","3","3"
"刺史江夏王刘义","0","3","3"
"史江夏王刘义恭","0","3","3"
"临川王刘义庆的","0","3","3"
"甘露降临乐游苑","0","3","3"
"甘露降临寻阳的","0","3","3"
"露降临吴兴的乌","0","3","3"
"降临吴兴的乌程","0","3","3"
"建安王刘休仁上","0","3","3"
"安王刘休仁上报","0","3","3"
"王刘休仁上报朝","0","3","3"
"刘休仁上报朝廷","0","3","3"
"长沙王刘义欣献","0","3","3"
"沙王刘义欣献上","0","3","3"
"王刘义欣献上朝","0","3","3"
"刘义欣献上朝廷","0","3","3"
"南谯王刘义宣上","0","3","3"
"谯王刘义宣上报","0","3","3"
"王刘义宣上报朝","0","3","3"
"刘义宣上报朝廷","0","3","3"
"南谯王刘义宣献","0","3","3"
"州刺史建平王刘","0","3","3"
"池二莲同一枝干","0","3","3"
"荆州刺史朱脩之","0","3","3"
"白乌出现于吴郡","0","3","3"
"刺史彭城王刘义","0","3","3"
"史彭城王刘义康","0","3","3"
"州刺史义阳王刘","0","3","3"
"刺史义阳王刘昶","0","3","3"
"魏文帝黄初初年","0","3","3"
"州刺史垣护之上","0","3","3"
"刺史垣护之上报","0","3","3"
"史垣护之上报朝","0","3","3"
"垣护之上报朝廷","0","3","3"
"刺史晋安王刘子","0","3","3"
"史晋安王刘子勋","0","3","3"
"木失去了它的本","0","3","3"
"失去了它的本性","0","3","3"
"带来的惩罚是恒","0","3","3"
"秋天收获的庄稼","0","3","3"
"失其本性而造成","0","3","3"
"其本性而造成灾","0","3","3"
"五行中金的颜色","0","3","3"
"想要明德之人却","0","3","3"
"举行隆重的求雨","0","3","3"
"行隆重的求雨仪","0","3","3"
"隆重的求雨仪式","0","3","3"
"个郡国发生旱情","0","3","3"
"超过用兵的季节","0","3","3"
"朝廷军队西进征","0","3","3"
"廷军队西进征讨","0","3","3"
"赵王司马伦篡位","0","3","3"
"成帝咸和二年五","0","3","3"
"帝咸和二年五月","0","3","3"
"废弃祭祀上天和","0","3","3"
"弃祭祀上天和祖","0","3","3"
"祭祀上天和祖宗","0","3","3"
"祀上天和祖宗的","0","3","3"
"当时齐王司马同","0","3","3"
"当时继位君主年","0","3","3"
"时继位君主年纪","0","3","3"
"继位君主年纪幼","0","3","3"
"位君主年纪幼小","0","3","3"
"晋穆帝永和七年","0","3","3"
"伴有如同雷鸣那","0","3","3"
"有如同雷鸣那样","0","3","3"
"如同雷鸣那样的","0","3","3"
"同雷鸣那样的响","0","3","3"
"雷鸣那样的响声","0","3","3"
"的部分地区设置","0","3","3"
"的部分地区设立","0","3","3"
"东吴分割富春县","0","3","3"
"吴分割富春县而","0","3","3"
"分割富春县而设","0","3","3"
"孙权时分割歙地","0","3","3"
"距南徐州水路有","0","3","3"
"后汉时隶属琅邪","0","3","3"
"距京都陆路有一","0","3","3"
"京都陆路有一千","0","3","3"
"废帝元徽元年改","0","3","3"
"帝元徽元年改属","0","3","3"
"前汉时隶属临淮","0","3","3"
"衡阳王刘义季的","0","3","3"
"王玄谟进攻滑台","0","3","3"
"西阳王刘子尚抚","0","3","3"
"阳王刘子尚抚军","0","3","3"
"扬州治中从事史","0","3","3"
"位次在三公之上","0","3","3"
"沈攸之代替殷孝","0","3","3"
"攸之代替殷孝祖","0","3","3"
"为江夏王刘义恭","0","3","3"
"江夏王刘义恭太","0","3","3"
"晋熙太守阎湛之","0","3","3"
"建安王刘休仁派","0","3","3"
"当时徐州刺史薛","0","3","3"
"贤哉贤哉县王君","2","0","2"
"晋安帝义熙十四","1","1","2"
"安帝义熙十四年","1","1","2"
"零陵令蒋微获献","2","0","2"
"转员外散骑侍郎","2","0","2"
"文帝唯文义见接","2","0","2"
"使所宠何文敬兵","2","0","2"
"所宠何文敬兵居","2","0","2"
"宠何文敬兵居前","2","0","2"
"先送休祐内人城","2","0","2"
"况共父人哉颍川","2","0","2"
"共父人哉颍川韩","2","0","2"
"父人哉颍川韩元","2","0","2"
"人哉颍川韩元长","2","0","2"
"伪江州刺史晋安","1","1","2"
"河北太守薛帛先","1","1","2"
"武将军刘道规率","1","1","2"
"太尉军谘祭酒孔","1","1","2"
"尉军谘祭酒孔季","1","1","2"
"军谘祭酒孔季恭","1","1","2"
"相国左长史王弘","1","1","2"
"左光禄大夫孔季","1","1","2"
"光禄大夫孔季恭","1","1","2"
"禄大夫孔季恭加","1","1","2"
"左卫将军王仲德","1","1","2"
"前冀州刺史王仲","1","1","2"
"冀州刺史王仲德","1","1","2"
"江州刺史王弘进","2","0","2"
"辅国将军毛德祖","1","1","2"
"护军将军檀道济","1","1","2"
"司徒庐陵王义真","1","1","2"
"庐陵王义真车骑","2","0","2"
"景平二年七月中","1","1","2"
"元嘉元年秋八月","1","1","2"
"南豫州刺史江夏","1","1","2"
"豫州刺史江夏王","1","1","2"
"史江夏王义恭改","1","1","2"
"尚书左仆射王敬","1","1","2"
"书左仆射王敬弘","1","1","2"
"丹阳尹临川王义","1","1","2"
"阳尹临川王义庆","1","1","2"
"左将军竟陵王义","1","1","2"
"将军竟陵王义宣","1","1","2"
"封阳县侯萧思话","1","1","2"
"右军行参军苟道","1","1","2"
"军行参军苟道覆","1","1","2"
"中军将军南谯王","1","1","2"
"军将军南谯王义","1","1","2"
"将军南谯王义宣","1","1","2"
"骧将军裴方明梁","2","0","2"
"台城东西开万春","1","1","2"
"梓潼二郡太守申","1","1","2"
"潼二郡太守申坦","1","1","2"
"中书郎鲁秀归顺","1","1","2"
"书右仆射王僧达","1","1","2"
"将军江州刺史臧","1","1","2"
"军江州刺史臧质","1","1","2"
"丞相荆州刺史南","1","1","2"
"相荆州刺史南郡","1","1","2"
"荆州刺史南郡王","1","1","2"
"州刺史南郡王义","1","1","2"
"刺史南郡王义宣","1","1","2"
"会稽太守义阳王","1","1","2"
"稽太守义阳王昶","1","1","2"
"立第十八皇弟休","1","1","2"
"第十八皇弟休范","1","1","2"
"第十九皇弟休若","1","1","2"
"江州刺史义阳王","1","1","2"
"冠军将军桂阳王","1","1","2"
"军将军桂阳王休","1","1","2"
"北中郎参军费伯","1","1","2"
"中郎参军费伯弘","1","1","2"
"立第十六皇子子","1","1","2"
"第十六皇子子孟","1","1","2"
"第十八皇子子产","1","1","2"
"史豫章王子尚加","1","1","2"
"尚加开府仪同三","2","0","2"
"秘书监山阳王休","1","1","2"
"左卫将军桂阳王","1","1","2"
"卫将军桂阳王休","1","1","2"
"青冀二州刺史王","1","1","2"
"冠军将军邵陵王","1","1","2"
"军将军邵陵王子","1","1","2"
"将军邵陵王子元","1","1","2"
"中护军桂阳王休","1","1","2"
"护军桂阳王休范","1","1","2"
"卫尉桂阳王休范","1","1","2"
"前右将军长史殷","1","1","2"
"右将军长史殷琰","1","1","2"
"湘州行事何慧文","1","1","2"
"梁州刺史柳元怙","1","1","2"
"刘怀珍平定义兴","1","1","2"
"吏部尚书蔡兴宗","1","1","2"
"右军将军齐王东","1","1","2"
"巴陵王休若降号","2","0","2"
"史吐谷浑拾寅进","2","0","2"
"吐谷浑拾寅进号","2","0","2"
"立建安王休仁第","1","1","2"
"建安王休仁第二","1","1","2"
"吴兴太守建平王","1","1","2"
"兴太守建平王景","1","1","2"
"辅师将军建安王","1","1","2"
"征北大将军巴陵","1","1","2"
"北大将军巴陵王","1","1","2"
"大将军巴陵王休","1","1","2"
"冀州刺史刘崇智","1","1","2"
"州刺史刘崇智加","1","1","2"
"护军将军褚渊共","1","1","2"
"太常建平王景素","1","1","2"
"雍州刺史张兴世","1","1","2"
"司徒左长史沈勃","1","1","2"
"散骑常侍杜幼文","1","1","2"
"长水校尉杜叔文","1","1","2"
"丹阳秣陵县郊坛","1","1","2"
"阳秣陵县郊坛西","1","1","2"
"书右仆射王僧虔","1","1","2"
"司空齐王钱五百","1","1","2"
"空齐王钱五百万","1","1","2"
"荆州刺史沈攸举","2","0","2"
"州刺史沈攸举兵","2","0","2"
"征虏将军吕安国","1","1","2"
"都官尚书王宽加","1","1","2"
"十三万四千六百","1","1","2"
"三万四千六百三","1","1","2"
"四千五百五十九","1","1","2"
"二万四千六百三","1","1","2"
"四千六百三十八","1","1","2"
"七十二万二千七","1","1","2"
"十二万五千六百","1","1","2"
"二万五千六百二","1","1","2"
"万五千六百二十","1","1","2"
"五千六百二十一","1","1","2"
"万八千六百六十","1","1","2"
"八千六百六十八","1","1","2"
"四万五千三百七","1","1","2"
"万五千三百七十","1","1","2"
"五千三百七十二","1","1","2"
"三千六百二十七","1","1","2"
"七万二千三百七","1","1","2"
"万二千三百七十","1","1","2"
"二千三百七十一","1","1","2"
"五万八千一百五","1","1","2"
"万八千一百五十","1","1","2"
"八千一百五十三","1","1","2"
"四万五千三百一","1","1","2"
"万五千三百一十","1","1","2"
"五千三百一十五","1","1","2"
"二十二万三千九","1","1","2"
"十二万三千九百","1","1","2"
"二万三千九百九","1","1","2"
"三千九百九十一","1","1","2"
"五百三十六万三","1","1","2"
"百三十六万三千","1","1","2"
"三十六万三千九","1","1","2"
"十六万三千九百","1","1","2"
"六万三千九百九","1","1","2"
"三千九百九十五","1","1","2"
"二十年十一月十","1","1","2"
"十年十一月十六","1","1","2"
"年十一月十六日","1","1","2"
"十一月十六日冬","1","1","2"
"一千五百九十五","1","1","2"
"五万五千五百一","1","1","2"
"万五千五百一十","1","1","2"
"五千五百一十七","1","1","2"
"千五百一十七半","1","1","2"
"一千八百七十八","1","1","2"
"五十九万二千三","1","1","2"
"十九万二千三百","1","1","2"
"九万二千三百六","1","1","2"
"万二千三百六十","1","1","2"
"二千三百六十五","1","1","2"
"三万九千四百九","1","1","2"
"万九千四百九十","1","1","2"
"九千四百九十一","1","1","2"
"四千八百三十六","1","1","2"
"九千五百八十九","1","1","2"
"三百六十万五千","1","1","2"
"百六十万五千九","1","1","2"
"六十万五千九百","1","1","2"
"十万五千九百五","1","1","2"
"万五千九百五十","1","1","2"
"五千九百五十一","1","1","2"
"五万一千七百六","1","1","2"
"万一千七百六十","1","1","2"
"一千七百六十一","1","1","2"
"一千四百四十二","1","1","2"
"千四百四十二万","1","1","2"
"四百四十二万四","1","1","2"
"百四十二万四千","1","1","2"
"四十二万四千六","1","1","2"
"十二万四千六百","1","1","2"
"二万四千六百六","1","1","2"
"万四千六百六十","1","1","2"
"四千六百六十四","1","1","2"
"一千七百一十七","1","1","2"
"七十二万六千八","1","1","2"
"十二万六千八百","1","1","2"
"二万六千八百一","1","1","2"
"万六千八百一十","1","1","2"
"七十一万七千七","1","1","2"
"十一万七千七百","1","1","2"
"一万七千七百七","1","1","2"
"万七千七百七十","1","1","2"
"七千七百七十七","1","1","2"
"二万六千三百七","1","1","2"
"万六千三百七十","1","1","2"
"六千三百七十七","1","1","2"
"八十万四千一百","1","1","2"
"十万四千一百九","1","1","2"
"万四千一百九十","1","1","2"
"四千一百九十六","1","1","2"
"兴平县开国子太","1","1","2"
"平县开国子太夫","1","1","2"
"县开国子太夫人","1","1","2"
"汉献帝建安十八","1","1","2"
"献帝建安十八年","1","1","2"
"帝建安十八年五","1","1","2"
"建安十八年五月","1","1","2"
"堂基长三十九丈","1","1","2"
"基长三十九丈一","1","1","2"
"长三十九丈一尺","1","1","2"
"元嘉三年十二月","1","1","2"
"嘉三年十二月甲","1","1","2"
"三年十二月甲寅","1","1","2"
"明帝泰始二年正","1","1","2"
"帝泰始二年正月","1","1","2"
"改封宗圣侯孔震","1","1","2"
"东南西北中郎将","1","1","2"
"诸护军将兵助郡","1","1","2"
"护军将兵助郡都","1","1","2"
"军将兵助郡都尉","1","1","2"
"护羌夷戎蛮越乌","1","1","2"
"羌夷戎蛮越乌丸","1","1","2"
"夷戎蛮越乌丸西","1","1","2"
"戎蛮越乌丸西域","1","1","2"
"蛮越乌丸西域戊","1","1","2"
"越乌丸西域戊己","1","1","2"
"乌丸西域戊己校","1","1","2"
"丸西域戊己校尉","1","1","2"
"诸军城门五营校","1","1","2"
"军城门五营校尉","1","1","2"
"城门五营校尉司","1","1","2"
"门五营校尉司马","1","1","2"
"护匈奴中郎将护","1","1","2"
"匈奴中郎将护羌","1","1","2"
"奴中郎将护羌戎","1","1","2"
"中郎将护羌戎夷","1","1","2"
"郎将护羌戎夷蛮","1","1","2"
"将护羌戎夷蛮越","1","1","2"
"护羌戎夷蛮越乌","1","1","2"
"羌戎夷蛮越乌丸","1","1","2"
"戎夷蛮越乌丸戊","1","1","2"
"夷蛮越乌丸戊己","1","1","2"
"蛮越乌丸戊己校","1","1","2"
"越乌丸戊己校尉","1","1","2"
"乌丸戊己校尉长","1","1","2"
"丸戊己校尉长史","1","1","2"
"殿中中郎将校尉","1","1","2"
"黄门中郎将校尉","1","1","2"
"太中中散谏议大","1","1","2"
"中中散谏议大夫","1","1","2"
"总章协律中郎将","1","1","2"
"章协律中郎将校","1","1","2"
"协律中郎将校尉","1","1","2"
"中黄门黄门诸署","1","1","2"
"持椎斧武骑虎贲","1","1","2"
"守陵者太官尚食","1","1","2"
"陵者太官尚食虎","1","1","2"
"者太官尚食虎贲","1","1","2"
"黄门鼓吹史主事","1","1","2"
"尚书廊下都坐门","1","1","2"
"书廊下都坐门下","1","1","2"
"廊下都坐门下守","1","1","2"
"虎贲常直殿黄云","1","1","2"
"贲常直殿黄云龙","1","1","2"
"常直殿黄云龙门","1","1","2"
"直殿黄云龙门者","1","1","2"
"门下左右部虎贲","1","1","2"
"下左右部虎贲羽","1","1","2"
"左右部虎贲羽林","1","1","2"
"二千九百三十二","1","1","2"
"千九百三十二里","1","1","2"
"九百三十二里七","1","1","2"
"百三十二里七十","1","1","2"
"三十二里七十一","1","1","2"
"十二里七十一步","1","1","2"
"二里七十一步二","1","1","2"
"里七十一步二尺","1","1","2"
"七十一步二尺七","1","1","2"
"十一步二尺七寸","1","1","2"
"一步二尺七寸四","1","1","2"
"步二尺七寸四分","1","1","2"
"四百八十七分分","1","1","2"
"百二十四步六寸","1","1","2"
"二十四步六寸四","1","1","2"
"十四步六寸四分","1","1","2"
"四步六寸四分十","1","1","2"
"步六寸四分十万","1","1","2"
"六寸四分十万七","1","1","2"
"寸四分十万七千","1","1","2"
"四分十万七千五","1","1","2"
"分十万七千五百","1","1","2"
"十万七千五百六","1","1","2"
"二十五里二百五","1","1","2"
"十五里二百五十","1","1","2"
"五里二百五十六","1","1","2"
"里二百五十六步","1","1","2"
"三尺三寸二十一","1","1","2"
"尺三寸二十一万","1","1","2"
"三寸二十一万五","1","1","2"
"寸二十一万五千","1","1","2"
"二十一万五千一","1","1","2"
"十一万五千一百","1","1","2"
"一万五千一百三","1","1","2"
"万五千一百三十","1","1","2"
"五千一百三十分","1","1","2"
"千一百三十分分","1","1","2"
"文帝黄初三年九","1","1","2"
"帝黄初三年九月","1","1","2"
"黄初三年九月甲","1","1","2"
"初三年九月甲辰","1","1","2"
"黄初四年三月癸","1","1","2"
"初四年三月癸卯","1","1","2"
"大将军司马懿救","1","1","2"
"黄初四年十一月","1","1","2"
"青龙三年十二月","1","1","2"
"龙三年十二月戊","1","1","2"
"景初元年二月乙","1","1","2"
"初元年二月乙酉","1","1","2"
"景初二年二月癸","1","1","2"
"初二年二月癸丑","1","1","2"
"齐王正始元年四","1","1","2"
"王正始元年四月","1","1","2"
"正始元年四月戊","1","1","2"
"始元年四月戊午","1","1","2"
"正始二年九月癸","1","1","2"
"始二年九月癸酉","1","1","2"
"正始九年七月癸","1","1","2"
"始九年七月癸丑","1","1","2"
"魏齐王嘉平二年","1","1","2"
"齐王嘉平二年十","1","1","2"
"王嘉平二年十月","1","1","2"
"嘉平二年十月丙","1","1","2"
"平二年十月丙申","1","1","2"
"嘉平三年五月甲","1","1","2"
"平三年五月甲寅","1","1","2"
"嘉平三年七月己","1","1","2"
"平三年七月己巳","1","1","2"
"四年十一月丁未","1","1","2"
"嘉平五年十一月","1","1","2"
"平五年十一月癸","1","1","2"
"五年十一月癸酉","1","1","2"
"甘露元年八月辛","1","1","2"
"露元年八月辛亥","1","1","2"
"甘露二年六月己","1","1","2"
"露二年六月己酉","1","1","2"
"月犯心中央大星","2","0","2"
"安二年十一月庚","1","1","2"
"二年十一月庚辰","1","1","2"
"惠帝永兴元年五","1","1","2"
"帝永兴元年五月","1","1","2"
"杀湘州刺史谯王","1","1","2"
"咸康元年三月丙","1","1","2"
"康元年三月丙戌","1","1","2"
"康二年正月辛卯","1","1","2"
"咸康七年三月壬","1","1","2"
"康七年三月壬午","1","1","2"
"将军江州刺史庾","1","1","2"
"军江州刺史庾冰","1","1","2"
"月入南斗犯第二","2","0","2"
"入南斗犯第二星","2","0","2"
"升平五年六月癸","1","1","2"
"平五年六月癸酉","1","1","2"
"宁康二年闰月己","1","1","2"
"康二年闰月己未","1","1","2"
"十三年闰月戊辰","1","1","2"
"十六年十一月癸","1","1","2"
"六年十一月癸巳","1","1","2"
"司徒扬州刺史王","1","1","2"
"徒扬州刺史王谧","1","1","2"
"扬州刺史王谧薨","2","0","2"
"义熙二年二月己","1","1","2"
"熙二年二月己丑","1","1","2"
"义熙六年三月丁","1","1","2"
"熙六年三月丁卯","1","1","2"
"十一年三月丁巳","1","1","2"
"四月二十七日丙","1","1","2"
"月二十七日丙戌","1","1","2"
"左仆射前将军刘","1","1","2"
"仆射前将军刘穆","1","1","2"
"永初三年正月丁","1","1","2"
"初三年正月丁卯","1","1","2"
"永初三年三月壬","1","1","2"
"初三年三月壬戌","1","1","2"
"初三年十一月癸","1","1","2"
"元嘉十二年五月","1","1","2"
"嘉十二年五月壬","1","1","2"
"元嘉二十四年正","1","1","2"
"嘉二十四年正月","1","1","2"
"衣服金钗杂物赐","1","1","2"
"元徽四年三月乙","1","1","2"
"徽四年三月乙巳","1","1","2"
"国师公刘子骏名","1","1","2"
"两金相刻发神锋","1","1","2"
"上五尽寄致太平","1","1","2"
"草付合成集群英","1","1","2"
"汉武帝太始二年","1","1","2"
"武帝太始二年三","1","1","2"
"帝太始二年三月","1","1","2"
"汉武帝元狩二年","1","1","2"
"武帝元狩二年三","1","1","2"
"帝元狩二年三月","1","1","2"
"汉宣帝五凤二年","1","1","2"
"宣帝五凤二年正","1","1","2"
"帝五凤二年正月","1","1","2"
"汉成帝元延四年","1","1","2"
"成帝元延四年三","1","1","2"
"帝元延四年三月","1","1","2"
"汉桓帝延熹三年","1","1","2"
"桓帝延熹三年四","1","1","2"
"帝延熹三年四月","1","1","2"
"元帝咸熙二年四","1","1","2"
"帝咸熙二年四月","1","1","2"
"吴孙权嘉禾五年","1","1","2"
"孙权嘉禾五年三","1","1","2"
"权嘉禾五年三月","1","1","2"
"武帝泰始十年四","1","1","2"
"帝泰始十年四月","1","1","2"
"泰始十年四月乙","1","1","2"
"始十年四月乙亥","1","1","2"
"武帝太康五年三","1","1","2"
"帝太康五年三月","1","1","2"
"太康五年三月乙","1","1","2"
"康五年三月乙卯","1","1","2"
"愍帝建武元年六","1","1","2"
"建武元年六月丁","1","1","2"
"武元年六月丁丑","1","1","2"
"成帝咸康元年四","1","1","2"
"帝咸康元年四月","1","1","2"
"咸康元年四月癸","1","1","2"
"康元年四月癸卯","1","1","2"
"太元十五年闰月","1","1","2"
"十六年十一月庚","1","1","2"
"太元十七年二月","1","1","2"
"甘露降南海番禺","2","0","2"
"元兴三年三月己","1","1","2"
"兴三年三月己卯","1","1","2"
"元兴三年四月己","1","1","2"
"兴三年四月己酉","1","1","2"
"武帝永初元年九","1","1","2"
"帝永初元年九月","1","1","2"
"永初元年九月庚","1","1","2"
"初元年九月庚辰","1","1","2"
"元嘉四年五月辛","1","1","2"
"嘉四年五月辛巳","1","1","2"
"吴兴武康董道益","1","1","2"
"兴武康董道益家","1","1","2"
"武康董道益家园","1","1","2"
"嘉十三年三月甲","1","1","2"
"十三年三月甲午","1","1","2"
"十五年十一月乙","1","1","2"
"武帝孝建元年三","1","1","2"
"帝孝建元年三月","1","1","2"
"孝建元年三月丙","1","1","2"
"建元年三月丙辰","1","1","2"
"丹阳秣陵中里路","1","1","2"
"孝建二年三月辛","1","1","2"
"建二年三月辛亥","1","1","2"
"顺帝升明二年十","1","1","2"
"帝升明二年十二","1","1","2"
"升明二年十二月","1","1","2"
"太康八年闰三月","1","1","2"
"愍帝建兴元年八","1","1","2"
"帝建兴元年八月","1","1","2"
"建兴元年八月癸","1","1","2"
"兴元年八月癸亥","1","1","2"
"孝建三年七月庚","1","1","2"
"建三年七月庚午","1","1","2"
"武帝太康十年六","1","1","2"
"帝太康十年六月","1","1","2"
"元嘉十年七月己","1","1","2"
"嘉十年七月己丑","1","1","2"
"林天渊池芙蓉异","1","1","2"
"天渊池芙蓉异花","1","1","2"
"渊池芙蓉异花同","1","1","2"
"镇西将军庾亮献","1","1","2"
"武陵临沅献安石","1","1","2"
"陵临沅献安石榴","1","1","2"
"穆帝升平三年十","1","1","2"
"帝升平三年十二","1","1","2"
"升平三年十二月","1","1","2"
"平三年十二月庚","1","1","2"
"三年十二月庚申","1","1","2"
"北中郎将郗昙献","1","1","2"
"安帝义熙二年四","1","1","2"
"帝义熙二年四月","1","1","2"
"文帝元嘉六年九","1","1","2"
"帝元嘉六年九月","1","1","2"
"元嘉八年五月辛","1","1","2"
"嘉八年五月辛丑","1","1","2"
"孙权黄武四年六","1","1","2"
"权黄武四年六月","1","1","2"
"临海太守蓝田侯","1","1","2"
"海太守蓝田侯述","1","1","2"
"大明元年二月壬","1","1","2"
"明元年二月壬寅","1","1","2"
"华林园双橘树连","1","1","2"
"林园双橘树连理","1","1","2"
"大明元年九月乙","1","1","2"
"明元年九月乙丑","1","1","2"
"华林园梨树连理","1","1","2"
"汉光武建武十三","1","1","2"
"光武建武十三年","1","1","2"
"武建武十三年九","1","1","2"
"建武十三年九月","1","1","2"
"明帝泰始四年二","1","1","2"
"帝泰始四年二月","1","1","2"
"泰始四年二月丙","1","1","2"
"始四年二月丙申","1","1","2"
"宣帝元康三年春","1","1","2"
"汉昭帝始元元年","1","1","2"
"昭帝始元元年二","1","1","2"
"帝始元元年二月","1","1","2"
"建章宫太液池中","1","1","2"
"武帝大明三年正","1","1","2"
"帝大明三年正月","1","1","2"
"大明三年正月丙","1","1","2"
"明三年正月丙申","1","1","2"
"武帝大明五年正","1","1","2"
"帝大明五年正月","1","1","2"
"大明五年正月丙","1","1","2"
"明五年正月丙子","1","1","2"
"交州刺史垣闳献","1","1","2"
"成帝咸康元年六","1","1","2"
"帝咸康元年六月","1","1","2"
"晋康帝建元年五","1","1","2"
"康帝建元年五月","1","1","2"
"武帝宁康元年二","1","1","2"
"帝宁康元年二月","1","1","2"
"安帝隆安四年五","1","1","2"
"帝隆安四年五月","1","1","2"
"文帝元嘉二年夏","1","1","2"
"废帝元徽元年八","1","1","2"
"帝元徽元年八月","1","1","2"
"遥望鲁国何嵯峨","1","1","2"
"千岁髑髅生齿牙","1","1","2"
"官家养芦化成荻","1","1","2"
"安帝元兴三年五","1","1","2"
"帝元兴三年五月","1","1","2"
"安帝义熙三年三","1","1","2"
"帝义熙三年三月","1","1","2"
"明帝青龙元年六","1","1","2"
"帝青龙元年六月","1","1","2"
"孙亮太平元年二","1","1","2"
"亮太平元年二月","1","1","2"
"太平元年二月朔","1","1","2"
"孙休永安五年二","1","1","2"
"休永安五年二月","1","1","2"
"吴孙皓建衡二年","1","1","2"
"孙皓建衡二年三","1","1","2"
"皓建衡二年三月","1","1","2"
"惠帝元康五年闰","1","1","2"
"帝元康五年闰月","1","1","2"
"元康五年闰月庚","1","1","2"
"康五年闰月庚寅","1","1","2"
"元康八年十一月","1","1","2"
"武帝太元十年正","1","1","2"
"帝太元十年正月","1","1","2"
"安帝义熙四年七","1","1","2"
"帝义熙四年七月","1","1","2"
"义熙四年七月丁","1","1","2"
"熙四年七月丁酉","1","1","2"
"文帝元嘉五年正","1","1","2"
"帝元嘉五年正月","1","1","2"
"元嘉五年正月戊","1","1","2"
"嘉五年正月戊子","1","1","2"
"废帝元徽三年正","1","1","2"
"帝元徽三年正月","1","1","2"
"元徽三年正月己","1","1","2"
"徽三年正月己巳","1","1","2"
"顺帝升明元年十","1","1","2"
"帝升明元年十月","1","1","2"
"永康元年四月丁","1","1","2"
"武帝泰始四年八","1","1","2"
"帝泰始四年八月","1","1","2"
"惠帝太安元年七","1","1","2"
"帝太安元年七月","1","1","2"
"怀帝永嘉四年四","1","1","2"
"帝永嘉四年四月","1","1","2"
"明帝太宁元年五","1","1","2"
"帝太宁元年五月","1","1","2"
"晋简文帝咸安元","1","1","2"
"简文帝咸安元年","1","1","2"
"文帝咸安元年十","1","1","2"
"帝咸安元年十二","1","1","2"
"安元年十二月壬","1","1","2"
"元年十二月壬午","1","1","2"
"晋孝武帝太元三","1","1","2"
"孝武帝太元三年","1","1","2"
"武帝太元三年六","1","1","2"
"帝太元三年六月","1","1","2"
"废帝元徽元年六","1","1","2"
"帝元徽元年六月","1","1","2"
"武帝泰始六年冬","1","1","2"
"泰始七年十二月","1","1","2"
"太康三年十二月","1","1","2"
"太康六年三月戊","1","1","2"
"康六年三月戊辰","1","1","2"
"乐安梁邹等八县","1","1","2"
"琅邪临沂等八县","1","1","2"
"河间易城等六县","1","1","2"
"高阳北新城等四","1","1","2"
"阳北新城等四县","1","1","2"
"惠帝元康二年八","1","1","2"
"帝元康二年八月","1","1","2"
"永嘉七年十月庚","1","1","2"
"嘉七年十月庚午","1","1","2"
"帝永昌二年十二","1","1","2"
"永昌二年十二月","1","1","2"
"明帝太宁元年十","1","1","2"
"帝太宁元年十二","1","1","2"
"太宁元年十二月","1","1","2"
"康帝建元元年八","1","1","2"
"帝建元元年八月","1","1","2"
"穆帝升平二年正","1","1","2"
"帝升平二年正月","1","1","2"
"太元二十年五月","1","1","2"
"元二十年五月癸","1","1","2"
"二十年五月癸卯","1","1","2"
"元兴三年正月甲","1","1","2"
"兴三年正月甲申","1","1","2"
"安帝义熙元年四","1","1","2"
"帝义熙元年四月","1","1","2"
"义熙元年四月壬","1","1","2"
"熙元年四月壬申","1","1","2"
"义熙六年正月丙","1","1","2"
"熙六年正月丙寅","1","1","2"
"穆帝升平元年十","1","1","2"
"帝升平元年十一","1","1","2"
"升平元年十一月","1","1","2"
"平元年十一月庚","1","1","2"
"元年十一月庚戌","1","1","2"
"义熙九年十一月","1","1","2"
"熙九年十一月甲","1","1","2"
"文帝元嘉四年十","1","1","2"
"帝元嘉四年十一","1","1","2"
"嘉四年十一月癸","1","1","2"
"四年十一月癸丑","1","1","2"
"元嘉七年十月丙","1","1","2"
"嘉七年十月丙子","1","1","2"
"元嘉八年十二月","1","1","2"
"嘉八年十二月庚","1","1","2"
"八年十二月庚辰","1","1","2"
"泰始二年九月辛","1","1","2"
"始二年九月辛巳","1","1","2"
"泰始四年十月辛","1","1","2"
"始四年十月辛卯","1","1","2"
"泰始五年十一月","1","1","2"
"始五年十一月乙","1","1","2"
"五年十一月乙巳","1","1","2"
"泰始六年十一月","1","1","2"
"始六年十一月庚","1","1","2"
"废帝元徽三年九","1","1","2"
"帝元徽三年九月","1","1","2"
"徽三年九月戊戌","1","1","2"
"徽三年九月戊午","1","1","2"
"穆帝升平元年八","1","1","2"
"帝升平元年八月","1","1","2"
"升平元年八月丁","1","1","2"
"元徽二年七月甲","1","1","2"
"徽二年七月甲子","1","1","2"
"徽四年十一月辛","1","1","2"
"明帝景初元年六","1","1","2"
"帝景初元年六月","1","1","2"
"景初元年六月戊","1","1","2"
"初元年六月戊申","1","1","2"
"正始三年七月甲","1","1","2"
"始三年七月甲申","1","1","2"
"正始六年二月丁","1","1","2"
"始六年二月丁卯","1","1","2"
"武帝泰始五年四","1","1","2"
"泰始五年四月辛","1","1","2"
"始五年四月辛酉","1","1","2"
"泰始七年六月丙","1","1","2"
"始七年六月丙申","1","1","2"
"武帝咸宁二年八","1","1","2"
"帝咸宁二年八月","1","1","2"
"咸宁二年八月庚","1","1","2"
"宁二年八月庚辰","1","1","2"
"武帝太康二年二","1","1","2"
"帝太康二年二月","1","1","2"
"太康二年二月庚","1","1","2"
"康二年二月庚申","1","1","2"
"太康六年七月己","1","1","2"
"康六年七月己丑","1","1","2"
"太康八年五月壬","1","1","2"
"康八年五月壬子","1","1","2"
"康十年十二月己","1","1","2"
"十年十二月己亥","1","1","2"
"康元年十二月辛","1","1","2"
"元年十二月辛酉","1","1","2"
"元康五年五月丁","1","1","2"
"康五年五月丁丑","1","1","2"
"元康六年正月丁","1","1","2"
"康六年正月丁丑","1","1","2"
"元康八年正月丙","1","1","2"
"康八年正月丙辰","1","1","2"
"太安二年十二月","1","1","2"
"安二年十二月丙","1","1","2"
"二年十二月丙辰","1","1","2"
"愍帝建兴二年四","1","1","2"
"帝建兴二年四月","1","1","2"
"建兴二年四月甲","1","1","2"
"兴二年四月甲辰","1","1","2"
"武帝太元二年闰","1","1","2"
"帝太元二年闰月","1","1","2"
"太元二年闰月壬","1","1","2"
"元二年闰月壬午","1","1","2"
"太元十一年六月","1","1","2"
"元十一年六月己","1","1","2"
"十一年六月己卯","1","1","2"
"元十七年六月癸","1","1","2"
"十七年六月癸卯","1","1","2"
"元嘉十二年四月","1","1","2"
"嘉十二年四月丙","1","1","2"
"十二年四月丙辰","1","1","2"
"武帝大明二年四","1","1","2"
"帝大明二年四月","1","1","2"
"始三年三月戊子","1","1","2"
"武帝太康五年丙","1","1","2"
"帝太康五年丙午","1","1","2"
"南安新兴县山崩","1","1","2"
"怀帝永嘉元年三","1","1","2"
"帝永嘉元年三月","1","1","2"
"东北步广里地陷","2","0","2"
"孙亮建兴二年四","1","1","2"
"亮建兴二年四月","1","1","2"
"成帝咸康元年七","1","1","2"
"帝咸康元年七月","1","1","2"
"十四万三千二百","1","1","2"
"四万三千二百九","1","1","2"
"万三千二百九十","1","1","2"
"三千二百九十六","1","1","2"
"口一百四十五万","1","1","2"
"一百四十五万五","1","1","2"
"百四十五万五千","1","1","2"
"四十五万五千六","1","1","2"
"十五万五千六百","1","1","2"
"五万五千六百八","1","1","2"
"万五千六百八十","1","1","2"
"五千六百八十五","1","1","2"
"吴孙权黄龙四年","1","1","2"
"永初二年郡国志","1","1","2"
"户二万三千四百","1","1","2"
"二万三千四百八","1","1","2"
"万三千四百八十","1","1","2"
"三千四百八十五","1","1","2"
"口十七万五千九","1","1","2"
"十七万五千九百","1","1","2"
"七万五千九百六","1","1","2"
"万五千九百六十","1","1","2"
"五千九百六十七","1","1","2"
"武帝太康六年复","1","1","2"
"衡阳王义季征北","2","0","2"
"义季征北长流参","1","1","2"
"季征北长流参军","1","1","2"
"谯王司马恬镇北","1","1","2"
"王司马恬镇北参","1","1","2"
"司马恬镇北参军","1","1","2"
"尚书度支殿中郎","1","1","2"
"道怜骠骑中兵参","1","1","2"
"怜骠骑中兵参军","1","1","2"
"义康大将军长史","1","1","2"
"庐陵内史王僧胤","1","1","2"
"庐陵王绍南中郎","2","0","2"
"江夏王义恭骠骑","2","0","2"
"义恭骠骑记室参","1","1","2"
"恭骠骑记室参军","1","1","2"
"节征南大将军勃","1","1","2"
"征南大将军勃海","1","1","2"
"南大将军勃海王","1","1","2"
"大将军勃海王直","1","1","2"
"将军勃海王直勤","1","1","2"
"侍中尚书令安东","1","1","2"
"中尚书令安东大","1","1","2"
"尚书令安东大将","1","1","2"
"书令安东大将军","1","1","2"
"令安东大将军始","1","1","2"
"安东大将军始平","1","1","2"
"东大将军始平王","1","1","2"
"大将军始平王直","1","1","2"
"将军始平王直勤","1","1","2"
"常侍殿中尚书令","1","1","2"
"侍殿中尚书令安","1","1","2"
"殿中尚书令安西","1","1","2"
"中尚书令安西将","1","1","2"
"尚书令安西将军","1","1","2"
"书令安西将军西","1","1","2"
"令安西将军西阳","1","1","2"
"安西将军西阳王","1","1","2"
"西将军西阳王直","1","1","2"
"将军西阳王直勤","1","1","2"
"彭城县绥舆里人","1","1","2"
"辟强生阳城缪侯","1","1","2"
"德生阳城节侯安","1","1","2"
"生阳城节侯安民","1","1","2"
"庆忌生阳城肃侯","1","1","2"
"熙生开封令旭孙","1","1","2"
"吴国内史袁山松","1","1","2"
"骠骑将军司马元","1","1","2"
"骑将军司马元显","1","1","2"
"遣镇北将军刘牢","1","1","2"
"三年二月己丑朔","2","0","2"
"范清等二十七人","1","1","2"
"屯大众覆舟山待","2","0","2"
"遣顿丘太守吴甫","1","1","2"
"右卫将军皇甫敷","1","1","2"
"宁远将军刘道规","1","1","2"
"镇北参军王元德","1","1","2"
"北参军王元德等","1","1","2"
"日斩伪徐州刺史","1","1","2"
"都督扬徐兗豫青","2","0","2"
"督扬徐兗豫青冀","2","0","2"
"扬徐兗豫青冀幽","2","0","2"
"晋氏四方牧守朝","2","0","2"
"氏四方牧守朝大","2","0","2"
"四方牧守朝大臣","2","0","2"
"尚书左仆射王愉","1","1","2"
"愉子荆州刺史绥","2","0","2"
"辅国将军诸葛长","1","1","2"
"国将军诸葛长民","1","1","2"
"北青州刺史刘反","2","0","2"
"事中王元德等十","1","1","2"
"中王元德等十人","1","1","2"
"一千八百四十八","1","1","2"
"千八百四十八人","1","1","2"
"谘议参军刘敬宣","1","1","2"
"遣谘议参军檀韶","1","1","2"
"建武将军王仲德","1","1","2"
"遣辅国将军王仲","1","1","2"
"辅国将军王仲德","1","1","2"
"河间太守蒯恩追","1","1","2"
"遣淮陵内史索邈","1","1","2"
"国将军孟怀玉守","1","1","2"
"会稽内史司马休","1","1","2"
"前镇军将军司马","1","1","2"
"镇军将军司马休","1","1","2"
"豫州刺史诸葛长","1","1","2"
"州刺史诸葛长民","1","1","2"
"刺史诸葛长民监","1","1","2"
"前将军诸葛长民","1","1","2"
"南蛮校尉郗僧施","1","1","2"
"府录事参军韩延","1","1","2"
"尚书右仆射刘穆","1","1","2"
"军将军檀道济等","1","1","2"
"骧将军王镇恶伐","1","1","2"
"将军王镇恶伐木","1","1","2"
"桂阳公义真安西","2","0","2"
"辅国将军刘遵考","1","1","2"
"鳏寡孤独能存者","2","0","2"
"安西将军桂阳公","1","1","2"
"中军司马檀道济","1","1","2"
"天文符瑞数十条","1","1","2"
"永初元年夏六月","1","1","2"
"初元年夏六月丁","1","1","2"
"元年夏六月丁卯","1","1","2"
"逋租宿债勿复收","2","0","2"
"开府仪同三司杨","1","1","2"
"府仪同三司杨盛","1","1","2"
"进号安西大将军","2","0","2"
"镇东将军百济王","1","1","2"
"东将军百济王扶","1","1","2"
"将军百济王扶余","1","1","2"
"荆州刺史宜都王","1","1","2"
"东宫殿中将军十","1","1","2"
"宫殿中将军十人","1","1","2"
"车驾临延贤堂听","2","0","2"
"驾临延贤堂听讼","2","0","2"
"员外散骑常侍应","1","1","2"
"外散骑常侍应袭","1","1","2"
"太尉留府司马陆","1","1","2"
"尉留府司马陆仲","1","1","2"
"留府司马陆仲元","1","1","2"
"府司马陆仲元讨","1","1","2"
"开府仪同三司孔","1","1","2"
"府仪同三司孔季","1","1","2"
"年春正月己亥朔","2","0","2"
"豫州刺史刘粹遣","2","0","2"
"废南豫州刺史庐","1","1","2"
"南豫州刺史庐陵","1","1","2"
"镇西将军宜都王","1","1","2"
"谘议参军刘粹辅","1","1","2"
"行冠军将军留守","1","1","2"
"兗州陈留诸军事","2","0","2"
"南兗州刺史檀道","2","0","2"
"兗州刺史檀道济","2","0","2"
"州刺史檀道济进","2","0","2"
"追尊所生胡婕妤","2","0","2"
"史彭城王义康进","2","0","2"
"南豫州刺史义恭","1","1","2"
"州刺史王仲德进","2","0","2"
"刺史王仲德进号","2","0","2"
"北将军檀道济讨","1","1","2"
"前护军将军赵伦","1","1","2"
"南秦二州刺史吉","1","1","2"
"秦二州刺史吉翰","1","1","2"
"骠骑参军刘道产","1","1","2"
"南蛮校尉刘遵考","1","1","2"
"中书侍郎萧思话","1","1","2"
"前吴郡太守徐佩","1","1","2"
"尚书右仆射郑鲜","1","1","2"
"廷尉王徽交州刺","2","0","2"
"尉王徽交州刺史","2","0","2"
"金紫光禄大夫殷","1","1","2"
"紫光禄大夫殷穆","1","1","2"
"左光禄大夫范泰","1","1","2"
"右军司马刘德武","1","1","2"
"荆州刺史彭城王","1","1","2"
"左卫将军殷景仁","1","1","2"
"抚军司马刘道济","1","1","2"
"河西王遣使献方","2","0","2"
"西王遣使献方物","2","0","2"
"吐谷浑慕容璝征","2","0","2"
"谷浑慕容璝征西","2","0","2"
"前征虏司马尹冲","1","1","2"
"师子国遣使献方","2","0","2"
"子国遣使献方物","2","0","2"
"大将军檀道济北","1","1","2"
"兗州刺史竺灵秀","2","0","2"
"尚书右仆射江夷","1","1","2"
"左军谘议参军申","1","1","2"
"沙州刺史吐谷浑","1","1","2"
"州刺史吐谷浑慕","1","1","2"
"刺史吐谷浑慕容","1","1","2"
"荆州刺史江夏王","1","1","2"
"前将军临川王义","1","1","2"
"临川王义庆平西","2","0","2"
"史长沙王义欣进","2","0","2"
"梁州刺史甄法护","1","1","2"
"州刺史甄法护弃","1","1","2"
"刺史甄法护弃城","1","1","2"
"秦二州刺史萧思","1","1","2"
"十二年春正月辛","2","0","2"
"尚书仆射殷景仁","1","1","2"
"宣城二郡米数百","1","1","2"
"城二郡米数百万","1","1","2"
"二郡米数百万斛","1","1","2"
"南国遣使献方物","2","0","2"
"二州刺史王仲德","1","1","2"
"中护军殷景仁改","1","1","2"
"尚书金部郎中徐","1","1","2"
"书金部郎中徐森","1","1","2"
"平东将军吐谷浑","1","1","2"
"东将军吐谷浑慕","1","1","2"
"将军吐谷浑慕容","1","1","2"
"军吐谷浑慕容延","1","1","2"
"南顿二郡太守徐","1","1","2"
"顿二郡太守徐循","1","1","2"
"左卫将军赵伯符","1","1","2"
"陇西吐谷浑慕容","1","1","2"
"西吐谷浑慕容延","1","1","2"
"左卫将军刘遵考","1","1","2"
"征虏谘议参军杜","1","1","2"
"虏谘议参军杜骥","1","1","2"
"护军将军殷景仁","1","1","2"
"南豫州刺史始兴","1","1","2"
"豫州刺史始兴王","1","1","2"
"始兴王浚扬州刺","2","0","2"
"兴王浚扬州刺史","2","0","2"
"湘州刺史武陵王","1","1","2"
"刺史武陵王讳南","2","0","2"
"王讳南豫州刺史","2","0","2"
"征北将军南徐州","1","1","2"
"北将军南徐州刺","1","1","2"
"将军南徐州刺史","1","1","2"
"军南徐州刺史南","1","1","2"
"二州刺史赵伯符","1","1","2"
"建平二郡太守臧","1","1","2"
"平二郡太守臧质","1","1","2"
"州刺史刘真道讨","1","1","2"
"宁州刺史徐循讨","1","1","2"
"晋宁太守周万岁","1","1","2"
"南蛮校尉萧思话","1","1","2"
"萧思话雍州刺史","2","0","2"
"前雍州刺史刘真","1","1","2"
"雍州刺史刘真道","1","1","2"
"梁南秦二州刺史","1","1","2"
"南秦二州刺史裴","1","1","2"
"秦二州刺史裴方","1","1","2"
"二州刺史裴方明","1","1","2"
"二十一年春正月","1","1","2"
"太子詹事刘义宗","1","1","2"
"录尚书事江夏王","1","1","2"
"尚书事江夏王义","1","1","2"
"书事江夏王义恭","1","1","2"
"夏王义恭进位太","2","0","2"
"谘议参军刘道锡","1","1","2"
"刺史始兴王浚加","1","1","2"
"史南谯王义宣车","2","0","2"
"南谯王义宣车骑","2","0","2"
"谯王义宣车骑将","2","0","2"
"王义宣车骑将军","2","0","2"
"大将军参军申恬","1","1","2"
"二十二年春正月","1","1","2"
"王讳改雍州刺史","2","0","2"
"南豫州刺史南平","1","1","2"
"太子詹事范晔谋","2","0","2"
"子詹事范晔谋反","2","0","2"
"前豫州刺史赵伯","1","1","2"
"二十三年春正月","1","1","2"
"龙骧司马萧景宪","1","1","2"
"萧景宪交州刺史","2","0","2"
"护军将军赵伯符","1","1","2"
"青州刺史杜坦加","1","1","2"
"右卫将军萧思话","1","1","2"
"零陵王司马元瑜","1","1","2"
"尚书右仆射何尚","1","1","2"
"二十六年春正月","1","1","2"
"中护军建平王宏","1","1","2"
"南徐州刺史庐陵","1","1","2"
"徐州刺史庐陵王","1","1","2"
"二十七年春正月","1","1","2"
"刺史南平王铄进","2","0","2"
"史南平王铄进号","2","0","2"
"淮南太守诸葛阐","1","1","2"
"吏部尚书萧思话","1","1","2"
"雍州刺史随王诞","1","1","2"
"平二郡太守崔邪","1","1","2"
"二郡太守崔邪利","1","1","2"
"建威将军毛熙祚","1","1","2"
"二十八年春正月","1","1","2"
"征北将军始兴王","1","1","2"
"北将军始兴王浚","1","1","2"
"护军将军萧思话","1","1","2"
"骠骑将军江夏王","1","1","2"
"骑将军江夏王义","1","1","2"
"北中郎将武陵王","1","1","2"
"秦郡太守刘兴祖","1","1","2"
"安东将军倭王倭","1","1","2"
"东将军倭王倭济","1","1","2"
"二十九年春正月","1","1","2"
"立第十二皇子休","1","1","2"
"第十二皇子休仁","1","1","2"
"军将军萧思话率","1","1","2"
"平西将军吐谷浑","1","1","2"
"西将军吐谷浑拾","1","1","2"
"将军吐谷浑拾寅","1","1","2"
"司州刺史鲁爽攻","1","1","2"
"州刺史鲁爽攻虎","1","1","2"
"刺史鲁爽攻虎牢","1","1","2"
"江州刺史武陵王","1","1","2"
"元嘉七年秋八月","1","1","2"
"都督湘州诸军事","1","1","2"
"督南豫豫司雍五","2","0","2"
"南豫豫司雍五州","2","0","2"
"豫豫司雍五州诸","2","0","2"
"豫司雍五州诸军","2","0","2"
"司雍五州诸军事","2","0","2"
"徙都督雍梁南北","2","0","2"
"梁南北秦四州荆","1","1","2"
"南北秦四州荆州","1","1","2"
"襄阳竟陵南阳顺","1","1","2"
"阳竟陵南阳顺阳","1","1","2"
"竟陵南阳顺阳新","1","1","2"
"陵南阳顺阳新野","1","1","2"
"南阳顺阳新野随","1","1","2"
"阳顺阳新野随六","1","1","2"
"顺阳新野随六郡","1","1","2"
"青冀幽六州豫州","1","1","2"
"冠军将军柳元景","1","1","2"
"江夏王世子伯禽","2","0","2"
"征虏将军王僧达","1","1","2"
"左卫将军柳元景","1","1","2"
"江夏王义恭太傅","2","0","2"
"抚军将军南平王","1","1","2"
"军将军南平王铄","1","1","2"
"东海王祎抚军将","2","0","2"
"海王祎抚军将军","2","0","2"
"尚书左仆射萧思","1","1","2"
"书左仆射萧思话","1","1","2"
"丞相南郡王义宣","2","0","2"
"进号镇西大将军","2","0","2"
"改封南谯王义宣","1","1","2"
"护军将军柳元景","1","1","2"
"乐询等十五人巡","1","1","2"
"仆射建平王宏加","1","1","2"
"建平王宏加中书","2","0","2"
"平王宏加中书监","2","0","2"
"护军将军王僧达","1","1","2"
"党南海太守萧简","1","1","2"
"辅国将军邓琬讨","1","1","2"
"左右积弩将军官","1","1","2"
"孝建元年春正月","1","1","2"
"抚军将军东海王","1","1","2"
"军将军东海王祎","2","0","2"
"王玄谟豫州刺史","2","0","2"
"徐州刺史萧思话","1","1","2"
"将军柳元景本号","2","0","2"
"太子左卫率庞秀","1","1","2"
"吴兴太守刘延孙","1","1","2"
"虏将军武昌王浑","2","0","2"
"抚军大将军柳元","1","1","2"
"军大将军柳元景","1","1","2"
"强弩将军尹怀顺","1","1","2"
"江州刺史萧思话","1","1","2"
"冠军将军湘东王","1","1","2"
"将军湘东王讳中","2","0","2"
"军湘东王讳中护","2","0","2"
"湘东王讳中护军","2","0","2"
"尚书右仆射刘延","1","1","2"
"书右仆射刘延孙","1","1","2"
"行征西将军杨文","1","1","2"
"征西将军杨文智","1","1","2"
"湘州刺史刘遵考","1","1","2"
"刘遵考尚书右仆","2","0","2"
"遵考尚书右仆射","2","0","2"
"紫光禄大夫王偃","1","1","2"
"曲江县侯王玄谟","1","1","2"
"镇西将军萧思话","1","1","2"
"刘延孙镇军将军","2","0","2"
"利国遣使献方物","2","0","2"
"傅江夏王义恭扬","1","1","2"
"江夏王义恭扬州","1","1","2"
"夏王义恭扬州刺","1","1","2"
"王义恭扬州刺史","1","1","2"
"扬州刺史竟陵王","1","1","2"
"中护军湘东王讳","2","0","2"
"护军湘东王讳迁","2","0","2"
"军湘东王讳迁职","2","0","2"
"镇军将军刘延孙","1","1","2"
"前交州刺史萧景","1","1","2"
"交州刺史萧景宪","1","1","2"
"秘书监建安王休","1","1","2"
"书监建安王休仁","1","1","2"
"刘遵考尚书左仆","2","0","2"
"遵考尚书左仆射","2","0","2"
"书令建平王宏加","1","1","2"
"州刺史东海王祎","2","0","2"
"大明元年春正月","1","1","2"
"右卫将军湘东王","1","1","2"
"辅国将军梁瑾葱","1","1","2"
"太子步兵校尉刘","1","1","2"
"子步兵校尉刘祗","1","1","2"
"太子詹事刘延孙","1","1","2"
"骠骑将军柳元景","1","1","2"
"散骑常侍义阳王","1","1","2"
"骑常侍义阳王昶","1","1","2"
"义阳王昶中军将","2","0","2"
"阳王昶中军将军","2","0","2"
"海陵王休茂雍州","2","0","2"
"陵王休茂雍州刺","2","0","2"
"王休茂雍州刺史","2","0","2"
"右卫将军颜师伯","1","1","2"
"强弩将军杜叔文","1","1","2"
"宁朔将军刘道隆","1","1","2"
"刺史竟陵王诞罪","2","0","2"
"州刺史刘道隆讨","1","1","2"
"新除车骑大将军","2","0","2"
"护军将军东海王","1","1","2"
"前左卫将军王玄","1","1","2"
"河西王大沮渠安","1","1","2"
"西王大沮渠安周","1","1","2"
"北中郎司马柳叔","1","1","2"
"中郎司马柳叔仁","1","1","2"
"侍中建安王休仁","1","1","2"
"员外散骑侍郎费","1","1","2"
"外散骑侍郎费景","1","1","2"
"散骑侍郎费景绪","1","1","2"
"冠军将军巴陵王","1","1","2"
"尚书左仆射褚湛","1","1","2"
"抚军长史刘思考","1","1","2"
"刘思考益州刺史","2","0","2"
"开府仪同三司何","1","1","2"
"府仪同三司何尚","1","1","2"
"改封襄阳王子鸾","1","1","2"
"改封西阳王子尚","1","1","2"
"史海陵王休茂杀","1","1","2"
"护军将军义阳王","1","1","2"
"冠军将军寻阳王","1","1","2"
"军将军寻阳王子","1","1","2"
"史建安王休仁加","1","1","2"
"立第十三皇子子","1","1","2"
"第十三皇子子元","1","1","2"
"广陵太守沈怀文","1","1","2"
"宰江夏王义恭解","2","0","2"
"广州刺史临海王","1","1","2"
"前金紫光禄大夫","1","1","2"
"金紫光禄大夫宗","1","1","2"
"紫光禄大夫宗悫","1","1","2"
"书右仆射王僧朗","1","1","2"
"南兗州刺史晋安","2","0","2"
"兗州刺史晋安王","2","0","2"
"湘东王讳军将军","2","0","2"
"辅国将军始安王","1","1","2"
"国将军始安王子","1","1","2"
"将军始安王子真","1","1","2"
"北中郎司马柳元","1","1","2"
"中郎司马柳元怙","1","1","2"
"秦郡太守刘德愿","1","1","2"
"征东大将军高丽","1","1","2"
"东大将军高丽王","1","1","2"
"大将军高丽王高","1","1","2"
"将军高丽王高琏","1","1","2"
"立第十七皇子子","1","1","2"
"第十七皇子子嗣","1","1","2"
"开府仪同三司东","1","1","2"
"府仪同三司东海","1","1","2"
"仪同三司东海王","1","1","2"
"将军义阳王昶加","1","1","2"
"祭晋大司马桓温","2","0","2"
"镇军将军湘东王","1","1","2"
"丹阳秣陵县岩山","1","1","2"
"阳秣陵县岩山景","1","1","2"
"秣陵县岩山景宁","1","1","2"
"陵县岩山景宁陵","1","1","2"
"元嘉二十六年正","1","1","2"
"嘉二十六年正月","1","1","2"
"军将军王玄谟镇","2","0","2"
"冀二州刺史萧惠","1","1","2"
"二州刺史萧惠开","1","1","2"
"尚书左仆射刘遵","1","1","2"
"书左仆射刘遵考","1","1","2"
"太常建安王休仁","1","1","2"
"南徐州大明七年","1","1","2"
"尚书右仆射颜师","1","1","2"
"书右仆射颜师伯","1","1","2"
"仆射颜师伯尚书","2","0","2"
"永光元年春正月","1","1","2"
"左军长史刘道隆","1","1","2"
"南豫州刺史湘东","1","1","2"
"豫州刺史湘东王","1","1","2"
"州刺史湘东王讳","2","0","2"
"尚书左仆射颜师","1","1","2"
"书左仆射颜师伯","1","1","2"
"吏部尚书王景文","1","1","2"
"射声校尉沈文秀","1","1","2"
"丹阳尹始安王子","1","1","2"
"阳尹始安王子真","1","1","2"
"山阳王休祐进号","2","0","2"
"左民尚书刘思考","1","1","2"
"丹阳秣陵县南郊","1","1","2"
"阳秣陵县南郊坛","1","1","2"
"秣陵县南郊坛西","1","1","2"
"吏部郎褚渊貌美","1","1","2"
"元嘉十六年十月","1","1","2"
"南兰陵下邳二郡","1","1","2"
"兰陵下邳二郡太","1","1","2"
"陵下邳二郡太守","1","1","2"
"二州豫州梁郡诸","2","0","2"
"北秦四州郢州竟","2","0","2"
"秦四州郢州竟陵","2","0","2"
"四州郢州竟陵诸","2","0","2"
"州郢州竟陵诸军","2","0","2"
"郢州竟陵诸军事","2","0","2"
"新除骠骑大将军","2","0","2"
"骠骑大将军建安","1","1","2"
"骑大将军建安王","1","1","2"
"大将军建安王休","1","1","2"
"改封安陆王子绥","1","1","2"
"南豫州刺史刘遵","1","1","2"
"历阳南谯二郡太","1","1","2"
"阳南谯二郡太守","1","1","2"
"南谯二郡太守建","1","1","2"
"谯二郡太守建平","1","1","2"
"二郡太守建平王","1","1","2"
"郡太守建平王景","1","1","2"
"改封临贺王子产","1","1","2"
"尚书左仆射王景","1","1","2"
"书左仆射王景文","1","1","2"
"紫光禄大夫王僧","1","1","2"
"光禄大夫王僧朗","1","1","2"
"左卫将军巴陵王","1","1","2"
"征虏司马申令孙","1","1","2"
"阳内史庞孟虬司","2","0","2"
"内史庞孟虬司州","2","0","2"
"史庞孟虬司州刺","2","0","2"
"庞孟虬司州刺史","2","0","2"
"兗州刺史殷孝祖","2","0","2"
"南豫州刺史山阳","1","1","2"
"义兴太守刘延熙","1","1","2"
"山阳太守程天祚","1","1","2"
"军巴陵王休若统","1","1","2"
"府仪同三司王僧","1","1","2"
"仪同三司王僧朗","1","1","2"
"陵王休若进号卫","2","0","2"
"王休若进号卫将","2","0","2"
"休若进号卫将军","2","0","2"
"建武将军吴喜公","1","1","2"
"武将军吴喜公率","1","1","2"
"史桂阳王休范总","1","1","2"
"冀二州刺史张永","1","1","2"
"宁朔将军刘乘民","1","1","2"
"二州刺史桂阳王","1","1","2"
"史桂阳王休范进","2","0","2"
"徐州刺史张永改","1","1","2"
"龙骧将军刘道符","1","1","2"
"骧将军刘道符平","1","1","2"
"徒建安王休仁率","1","1","2"
"中军将军王景文","1","1","2"
"江州刺史王玄谟","1","1","2"
"州刺史王玄谟左","2","0","2"
"刺史王玄谟左光","2","0","2"
"史王玄谟左光禄","2","0","2"
"王玄谟左光禄大","2","0","2"
"玄谟左光禄大夫","2","0","2"
"太子左卫率建平","1","1","2"
"子左卫率建平王","1","1","2"
"左卫率建平王景","1","1","2"
"卫率建平王景素","1","1","2"
"尚书金部郎刘善","1","1","2"
"书金部郎刘善明","1","1","2"
"梓潼二郡太守费","1","1","2"
"潼二郡太守费混","1","1","2"
"辅国将军刘灵遗","1","1","2"
"尚书左仆射蔡兴","1","1","2"
"书左仆射蔡兴宗","1","1","2"
"冠军将军王玄载","1","1","2"
"北秦州刺史杨僧","1","1","2"
"秦州刺史杨僧嗣","1","1","2"
"立桂阳王休范第","1","1","2"
"桂阳王休范第二","1","1","2"
"立侍中刘韫第二","1","1","2"
"南豫州刺史王玄","1","1","2"
"史巴陵王休若讨","1","1","2"
"左光禄大夫王玄","1","1","2"
"光禄大夫王玄谟","1","1","2"
"遣吏部尚书褚渊","2","0","2"
"吏部尚书褚渊慰","1","1","2"
"部尚书褚渊慰劳","1","1","2"
"史巴陵王休若进","2","0","2"
"改封新安王延年","1","1","2"
"宁朔将军刘休宾","1","1","2"
"前龙骧将军常珍","1","1","2"
"护军将军王玄谟","1","1","2"
"游击将军刘怀珍","1","1","2"
"南谯太守孙奉伯","1","1","2"
"辅国将军沈文靖","1","1","2"
"车驾幸中堂听讼","2","0","2"
"豫州义阳郡属郢","1","1","2"
"州义阳郡属郢州","1","1","2"
"郢州西阳郡属豫","1","1","2"
"州西阳郡属豫州","1","1","2"
"宁朔将军崔公烈","1","1","2"
"事黄门侍郎杜幼","1","1","2"
"黄门侍郎杜幼文","1","1","2"
"南豫州刺史庐江","1","1","2"
"豫州刺史庐江王","1","1","2"
"行湘州刺史巴陵","1","1","2"
"事黄门侍郎刘亮","1","1","2"
"东莞太守陈伯绍","1","1","2"
"陈伯绍交州刺史","2","0","2"
"山阳太守李灵谦","1","1","2"
"右将军行豫州刺","1","1","2"
"将军行豫州刺史","1","1","2"
"军行豫州刺史刘","1","1","2"
"索虏遣使献方物","2","0","2"
"刺史晋平王休祐","2","0","2"
"义阳太守吕安国","1","1","2"
"建安王休仁解扬","2","0","2"
"安王休仁解扬州","2","0","2"
"前军将军陈胤宗","1","1","2"
"冠军将军吐谷浑","1","1","2"
"军将军吐谷浑拾","1","1","2"
"将军吐谷浑拾虔","1","1","2"
"州刺史沈攸进号","2","0","2"
"扬州刺史桂阳王","1","1","2"
"追改东平王休倩","1","1","2"
"杀汝阴太守王穆","1","1","2"
"南徐州刺史晋平","1","1","2"
"徐州刺史晋平王","1","1","2"
"湘州刺史建平王","1","1","2"
"金紫光禄大夫张","1","1","2"
"紫光禄大夫张永","1","1","2"
"尚书右仆射袁粲","1","1","2"
"江州刺史巴陵王","1","1","2"
"江夏文献王义恭","1","1","2"
"历阳太守王玄载","1","1","2"
"泰豫元年春正月","1","1","2"
"事黄门侍郎王瞻","1","1","2"
"临沂县莫府山高","1","1","2"
"沂县莫府山高宁","1","1","2"
"县莫府山高宁陵","1","1","2"
"抚军将军安成王","1","1","2"
"左光禄大夫刘遵","1","1","2"
"开府仪同三司蔡","1","1","2"
"府仪同三司蔡兴","1","1","2"
"仪同三司蔡兴宗","1","1","2"
"护军将军褚渊母","2","0","2"
"军将军褚渊母忧","2","0","2"
"将军褚渊母忧职","2","0","2"
"护军将军褚渊中","2","0","2"
"司州刺史王瞻击","1","1","2"
"元徽元年春正月","1","1","2"
"淮南太守刘灵遗","1","1","2"
"辅师将军李安民","1","1","2"
"越州刺史陈伯绍","1","1","2"
"左军将军孟次阳","1","1","2"
"孟次阳兗州刺史","2","0","2"
"散骑常侍顾长康","1","1","2"
"史建平王景素进","2","0","2"
"建平王景素进号","2","0","2"
"抚军司马王玄载","1","1","2"
"右光禄大夫张永","1","1","2"
"州刺史沈怀明戍","1","1","2"
"羽林监陈显达击","1","1","2"
"淮南太守任农夫","1","1","2"
"南豫州刺史王宽","1","1","2"
"征虏行参军刘延","1","1","2"
"虏行参军刘延祖","1","1","2"
"游击将军吕安国","1","1","2"
"游击将军陈显达","1","1","2"
"事黄门侍郎刘怀","1","1","2"
"黄门侍郎刘怀珍","1","1","2"
"将军褚渊中书监","2","0","2"
"征西大将军河南","1","1","2"
"西大将军河南王","1","1","2"
"大将军河南王吐","1","1","2"
"将军河南王吐谷","1","1","2"
"军河南王吐谷浑","1","1","2"
"河南王吐谷浑拾","1","1","2"
"南王吐谷浑拾夤","1","1","2"
"南秦二州刺史王","1","1","2"
"秦二州刺史王玄","1","1","2"
"二州刺史王玄载","1","1","2"
"建平王景素京城","2","0","2"
"平王景素京城反","2","0","2"
"骁骑将军任农夫","1","1","2"
"州刺史段佛荣统","1","1","2"
"事黄门侍郎阮佃","1","1","2"
"黄门侍郎阮佃夫","1","1","2"
"冀二州刺史刘善","1","1","2"
"二州刺史刘善明","1","1","2"
"骁骑将军高道庆","1","1","2"
"吏部尚书王僧虔","1","1","2"
"豫州刺史阮佃夫","1","1","2"
"步兵校尉申伯宗","1","1","2"
"左军将军沈景德","1","1","2"
"骁骑将军全景文","1","1","2"
"右卫翼辇营女子","1","1","2"
"卫翼辇营女子私","1","1","2"
"翼辇营女子私通","1","1","2"
"俞孙等二十五人","1","1","2"
"奉太后令奉迎安","1","1","2"
"太后令奉迎安成","1","1","2"
"后令奉迎安成王","1","1","2"
"南兗州刺史齐王","2","0","2"
"安西参军明庆符","1","1","2"
"郢州刺史南阳王","1","1","2"
"征虏将军李安民","1","1","2"
"员外散骑侍郎胡","1","1","2"
"外散骑侍郎胡羡","1","1","2"
"散骑侍郎胡羡生","1","1","2"
"录公齐王入守朝","1","1","2"
"左卫将军齐王世","2","0","2"
"卫将军齐王世子","2","0","2"
"刺史晋熙王燮镇","1","1","2"
"骁骑将军周盘龙","1","1","2"
"辅国将军任候伯","1","1","2"
"广州刺史陈显达","1","1","2"
"梁州刺史范柏年","1","1","2"
"尚书仆射王僧虔","1","1","2"
"前军长史柳世隆","1","1","2"
"北秦州刺史武都","1","1","2"
"秦州刺史武都王","1","1","2"
"州刺史张敬兒进","2","0","2"
"刺史张敬兒进号","2","0","2"
"尚书左仆射王僧","1","1","2"
"书左仆射王僧虔","1","1","2"
"尚书右仆射王延","1","1","2"
"湘州事任侯伯杀","1","1","2"
"州事任侯伯杀前","1","1","2"
"事任侯伯杀前湘","1","1","2"
"任侯伯杀前湘州","1","1","2"
"侯伯杀前湘州行","1","1","2"
"伯杀前湘州行事","1","1","2"
"杀前湘州行事庾","1","1","2"
"前湘州行事庾佩","1","1","2"
"广州刺史周盘龙","1","1","2"
"游击将军垣崇祖","1","1","2"
"城二郡太守萧映","1","1","2"
"辅国将军杨文弘","1","1","2"
"太傅齐王三望车","1","1","2"
"城二郡太守萧晃","1","1","2"
"尚书左仆射王延","1","1","2"
"骁骑将军王玄邈","1","1","2"
"太傅齐王前部羽","1","1","2"
"傅齐王前部羽葆","1","1","2"
"南豫州刺史邵陵","1","1","2"
"豫州刺史邵陵王","1","1","2"
"安西将军武陵王","1","1","2"
"西将军武陵王赞","1","1","2"
"宋顺帝升明二年","1","1","2"
"典律者太子舍人","1","1","2"
"律者太子舍人张","1","1","2"
"者太子舍人张光","1","1","2"
"太子舍人张光等","1","1","2"
"二千三百八十四","1","1","2"
"一千九百六十八","1","1","2"
"长二尺八寸四分","1","1","2"
"长二尺六寸六分","1","1","2"
"二尺六寸六分三","1","1","2"
"尺六寸六分三厘","1","1","2"
"长三尺九寸九分","1","1","2"
"三尺九寸九分五","1","1","2"
"尺九寸九分五厘","1","1","2"
"尺九寸九分六厘","1","1","2"
"太中大夫公孙卿","1","1","2"
"太史令司马迁等","1","1","2"
"治历大司农中丞","1","1","2"
"历大司农中丞麻","1","1","2"
"大司农中丞麻光","1","1","2"
"司农中丞麻光等","1","1","2"
"农中丞麻光等二","1","1","2"
"中丞麻光等二十","1","1","2"
"四千八百八十三","1","1","2"
"二千五百二十八","1","1","2"
"年天正十一月朔","2","0","2"
"中节前后五日上","2","0","2"
"节前后五日上者","2","0","2"
"天正十一月冬日","2","0","2"
"小分满气法小余","2","0","2"
"小余满纪法大余","2","0","2"
"天正十一月朔夜","2","0","2"
"正十一月朔夜半","2","0","2"
"十一月朔夜半日","2","0","2"
"一月朔夜半日所","2","0","2"
"月朔夜半日所度","2","0","2"
"月朔夜半月所度","2","0","2"
"朔夜半月所度分","2","0","2"
"月合朔日月所共","2","0","2"
"合朔日月所共合","2","0","2"
"朔日月所共合度","2","0","2"
"乘所近节气夜漏","2","0","2"
"年天正十一月合","2","0","2"
"先交会后月蚀者","2","0","2"
"三千四百八十九","1","1","2"
"合月法乘朔小余","2","0","2"
"二百一十一万七","1","1","2"
"百一十一万七千","1","1","2"
"一十一万七千六","1","1","2"
"十一万七千六百","1","1","2"
"四百四十万一千","1","1","2"
"一万九千九百八","1","1","2"
"九千九百八十七","1","1","2"
"百七十三万三千","1","1","2"
"八万五千一百七","1","1","2"
"五千一百七十五","1","1","2"
"小余满二千四百","1","1","2"
"余满二千四百一","1","1","2"
"满二千四百一十","1","1","2"
"十六日九十九万","2","0","2"
"六日九十九万七","2","0","2"
"日九十九万七千","2","0","2"
"九十九万七千八","2","0","2"
"十九万七千八百","2","0","2"
"九万七千八百三","2","0","2"
"千八百三十二分","2","0","2"
"行星二度百七十","2","0","2"
"星二度百七十九","2","0","2"
"二度百七十九万","2","0","2"
"度百七十九万五","2","0","2"
"五十七日行十一","2","0","2"
"十七日行十一度","2","0","2"
"八十四日退十二","2","0","2"
"十四日退十二度","2","0","2"
"千六百六十四分","1","1","2"
"七万二千八百六","1","1","2"
"万二千八百六十","1","1","2"
"二千八百六十九","1","1","2"
"七十二日百七十","2","0","2"
"十二日百七十九","2","0","2"
"二日百七十九万","2","0","2"
"日百七十九万二","2","0","2"
"行星五十六度百","2","0","2"
"星五十六度百二","2","0","2"
"五十六度百二十","2","0","2"
"十六度百二十四","2","0","2"
"六度百二十四万","2","0","2"
"度百二十四万九","2","0","2"
"日行百一十二度","2","0","2"
"五千二百三十分","1","1","2"
"四百一十五度二","1","1","2"
"百一十五度二百","1","1","2"
"一十五度二百四","1","1","2"
"十五度二百四十","1","1","2"
"五度二百四十九","1","1","2"
"度二百四十九万","1","1","2"
"二百四十九万八","1","1","2"
"百四十九万八千","1","1","2"
"四十九万八千六","1","1","2"
"十九万八千六百","1","1","2"
"九万八千六百九","1","1","2"
"八千六百九十分","1","1","2"
"十九日三百八十","2","0","2"
"九日三百八十四","2","0","2"
"日三百八十四万","2","0","2"
"行星二度六百四","2","0","2"
"星二度六百四十","2","0","2"
"二度六百四十九","2","0","2"
"八十六日行六度","2","0","2"
"十六日行六度半","2","0","2"
"千三百六十四分","1","1","2"
"十二度五百九十","1","1","2"
"二度五百九十六","1","1","2"
"度五百九十六万","1","1","2"
"千二百五十六分","1","1","2"
"日行四十五分三","2","0","2"
"行四十五分三十","2","0","2"
"四十五分三十三","2","0","2"
"日行一度九十一","2","0","2"
"行一度九十一分","2","0","2"
"九十一日行百五","2","0","2"
"十一日行百五度","2","0","2"
"一日行百五度顺","2","0","2"
"四十二日十九万","2","0","2"
"行星五十二度十","2","0","2"
"星五十二度十九","2","0","2"
"三十八万九千九","1","1","2"
"十八万九千九百","1","1","2"
"八万九千九百八","1","1","2"
"九千九百八十分","1","1","2"
"日行一度十八分","2","0","2"
"行一度十八分四","2","0","2"
"十八日行二十二","2","0","2"
"八日行二十二度","2","0","2"
"十八日二千三十","2","0","2"
"八日二千三十四","2","0","2"
"行星三十六度二","2","0","2"
"星三十六度二千","2","0","2"
"三十六度二千三","2","0","2"
"十六度二千三十","2","0","2"
"六度二千三十四","2","0","2"
"度二千三十四万","2","0","2"
"千八百九十六万","1","1","2"
"八百九十六万一","1","1","2"
"百九十六万一千","1","1","2"
"九十六万一千三","1","1","2"
"十六万一千三百","1","1","2"
"六万一千三百九","1","1","2"
"一千三百九十五","1","1","2"
"千三百九十五分","1","1","2"
"魏黄初元年十一","1","1","2"
"初元年十一月小","1","1","2"
"率更令何承天私","1","1","2"
"国子博士何承天","1","1","2"
"十一年七月十六","1","1","2"
"二月十六日望月","2","0","2"
"十四年十二月十","1","1","2"
"四年十二月十六","1","1","2"
"十五年五月十五","1","1","2"
"十七年九月十六","1","1","2"
"日斗二十一度少","2","0","2"
"十二年十一月十","1","1","2"
"二年十一月十八","1","1","2"
"年十一月十八日","1","1","2"
"十一月十八日冬","1","1","2"
"年十一月二十九","1","1","2"
"一月二十九日冬","1","1","2"
"十四年十一月十","1","1","2"
"四年十一月十一","1","1","2"
"十一月二十一日","1","1","2"
"十七年十一月十","1","1","2"
"七年十一月十三","1","1","2"
"十八年十一月二","1","1","2"
"三千五百二十三","1","1","2"
"千五百二十三年","1","1","2"
"大月加度三十五","2","0","2"
"合朔月食定大小","2","0","2"
"朔月食定大小余","2","0","2"
"余四万一千七百","1","1","2"
"四万一千七百八","1","1","2"
"一百一十五日行","2","0","2"
"百一十五日行二","2","0","2"
"一十五日行二十","2","0","2"
"十五日行二十度","2","0","2"
"日余二万四千八","1","1","2"
"余二万四千八百","1","1","2"
"千八百一十二半","1","1","2"
"度余四万九千四","1","1","2"
"余四万九千四百","1","1","2"
"四万九千四百三","1","1","2"
"万九千四百三十","1","1","2"
"四万九千六百二","1","1","2"
"万九千六百二十","1","1","2"
"九千六百二十五","1","1","2"
"度余三万三千五","1","1","2"
"余三万三千五百","1","1","2"
"度余一万七千三","1","1","2"
"余一万七千三百","1","1","2"
"一万七千三百七","1","1","2"
"万七千三百七十","1","1","2"
"七千三百七十五","1","1","2"
"余四千四百八十","1","1","2"
"四千四百八十二","1","1","2"
"千四百八十二半","1","1","2"
"度余四万六千八","1","1","2"
"余四万六千八百","1","1","2"
"四万六千八百四","1","1","2"
"万六千八百四十","1","1","2"
"六千八百四十七","1","1","2"
"日余八千九百六","1","1","2"
"余八千九百六十","1","1","2"
"八千九百六十五","1","1","2"
"度余九万三千六","1","1","2"
"余九万三千六百","1","1","2"
"九万三千六百九","1","1","2"
"万三千六百九十","1","1","2"
"三千六百九十五","1","1","2"
"度余四万九千六","1","1","2"
"日行一度十三分","2","0","2"
"九十一日行一百","2","0","2"
"余四万八千六百","1","1","2"
"日余七万一千二","2","0","2"
"度余七万一千二","1","1","2"
"十八日行二十四","2","0","2"
"八日行二十四度","2","0","2"
"小余满三千六百","1","1","2"
"余满三千六百四","1","1","2"
"满三千六百四十","1","1","2"
"著作令史吴癸依","1","1","2"
"余满历周者入阳","2","0","2"
"满历周者入阳历","2","0","2"
"日余万五千九百","2","0","2"
"余万五千九百八","2","0","2"
"日宿左五十许度","2","0","2"
"五万一千九百三","1","1","2"
"万一千九百三十","1","1","2"
"一千九百三十九","1","1","2"
"千九百三十九年","1","1","2"
"八千六百二十六","1","1","2"
"万五千五百二十","1","1","2"
"五千五百二十八","1","1","2"
"万二千二百七十","1","1","2"
"三万四千四百四","1","1","2"
"万四千四百四十","1","1","2"
"四千四百四十二","1","1","2"
"三万一千八百三","1","1","2"
"万一千八百三十","1","1","2"
"一千八百三十四","1","1","2"
"万七千九百六十","2","0","2"
"一千七百四十六","1","1","2"
"交数三十五万八","1","1","2"
"数三十五万八千","1","1","2"
"三十五万八千八","1","1","2"
"十五万八千八百","1","1","2"
"五万八千八百八","1","1","2"
"万八千八百八十","1","1","2"
"八千八百八十八","1","1","2"
"千八百八十八半","1","1","2"
"小分满六百六日","2","0","2"
"分满六百六日余","2","0","2"
"四千一百九十八","1","1","2"
"一千七百八十八","1","1","2"
"四百五十七万六","1","1","2"
"度余三万七千五","1","1","2"
"余三万七千五百","1","1","2"
"余三万五千六百","1","1","2"
"三万五千六百六","1","1","2"
"度余二万五千二","1","1","2"
"余二万五千二百","1","1","2"
"二万五千二百一","1","1","2"
"万五千二百一十","1","1","2"
"五千二百一十五","1","1","2"
"度余二万八千八","1","1","2"
"余二万八千八百","1","1","2"
"二万八千八百六","1","1","2"
"万八千八百六十","1","1","2"
"八千八百六十五","1","1","2"
"度余三万八千一","1","1","2"
"余三万六千七百","1","1","2"
"三万六千七百六","1","1","2"
"万六千七百六十","1","1","2"
"六千七百六十一","1","1","2"
"度余二万六千三","1","1","2"
"余二万六千三百","1","1","2"
"二万六千三百一","1","1","2"
"度余三万七千一","1","1","2"
"余三万四千七百","1","1","2"
"三万四千七百三","1","1","2"
"万四千七百三十","1","1","2"
"四千七百三十九","1","1","2"
"后杂觇知南斗二","2","0","2"
"杂觇知南斗二十","2","0","2"
"觇知南斗二十二","2","0","2"
"知南斗二十二度","2","0","2"
"七千四百二十九","1","1","2"
"千四百二十九年","1","1","2"
"十四年五月十五","1","1","2"
"月十五日丁夜月","2","0","2"
"十五日丁夜月蚀","2","0","2"
"二十八年八月十","1","1","2"
"十八年八月十五","1","1","2"
"大明三年九月十","1","1","2"
"明三年九月十五","1","1","2"
"加时夜半后三十","2","0","2"
"大明五年十月十","1","1","2"
"刺史二千石长吏","2","0","2"
"二十六年二月己","1","1","2"
"十六年二月己亥","1","1","2"
"附列尚书众官署","1","1","2"
"侍中散骑侍郎荀","1","1","2"
"中散骑侍郎荀弈","1","1","2"
"黄门侍郎散骑侍","1","1","2"
"门侍郎散骑侍郎","1","1","2"
"五年六月三十日","1","1","2"
"驸马都尉奉朝请","1","1","2"
"明帝景初元年十","1","1","2"
"帝景初元年十二","1","1","2"
"景初元年十二月","2","0","2"
"十二月二十一日","1","1","2"
"太史令高堂隆上","1","1","2"
"都护大将军郭建","1","1","2"
"四月二十五日安","1","1","2"
"太学博士徐藻议","1","1","2"
"太皇太后名位允","2","0","2"
"皇太后名位允正","2","0","2"
"故成风显夫人号","2","0","2"
"帝元嘉十七年七","1","1","2"
"嘉十七年七月壬","1","1","2"
"十七年七月壬子","1","1","2"
"国子助教苏玮生","2","0","2"
"子助教苏玮生议","2","0","2"
"前祠部郎中周景","1","1","2"
"祠部郎中周景远","1","1","2"
"部郎中周景远议","1","1","2"
"祖父右光禄大夫","1","1","2"
"太子前卫率徐邈","1","1","2"
"子前卫率徐邈议","1","1","2"
"宋孝武大明五年","2","0","2"
"文帝元嘉四年八","1","1","2"
"帝元嘉四年八月","1","1","2"
"国子助教周野王","1","1","2"
"前博士迁员外散","1","1","2"
"博士迁员外散骑","1","1","2"
"士迁员外散骑侍","1","1","2"
"员外散骑侍郎庾","1","1","2"
"外散骑侍郎庾邃","1","1","2"
"建元年六月己巳","1","1","2"
"太学博士陆澄议","1","1","2"
"三十年闰六月二","1","1","2"
"十年闰六月二十","1","1","2"
"年闰六月二十八","1","1","2"
"闰六月二十八日","1","1","2"
"鄱阳哀王年闰三","2","0","2"
"阳哀王年闰三月","2","0","2"
"年闰三月十八日","1","1","2"
"太学博士周山文","2","0","2"
"学博士周山文议","2","0","2"
"晋世孝武太元六","1","1","2"
"世孝武太元六年","1","1","2"
"选挽郎二十四人","1","1","2"
"骠骑将军司马道","1","1","2"
"骑将军司马道子","1","1","2"
"将军司马道子命","1","1","2"
"尚书左仆射桓谦","1","1","2"
"高贵乡公甘露二","1","1","2"
"贵乡公甘露二年","1","1","2"
"大将军参军太原","1","1","2"
"将军参军太原王","1","1","2"
"军参军太原王伦","1","1","2"
"尚书祠部郎中裴","1","1","2"
"书祠部郎中裴松","1","1","2"
"王妃三夫人九嫔","1","1","2"
"宋孝武帝孝建三","1","1","2"
"武帝孝建三年八","1","1","2"
"帝孝建三年八月","1","1","2"
"孝建三年八月戊","1","1","2"
"建三年八月戊子","1","1","2"
"晋济北侯荀勖长","2","0","2"
"济北侯荀勖长子","2","0","2"
"大明十二年十一","1","1","2"
"明十二年十一月","1","1","2"
"帝元嘉十三年七","1","1","2"
"孝武帝大明六年","1","1","2"
"武帝大明六年五","1","1","2"
"帝大明六年五月","1","1","2"
"献帝延康元年十","1","1","2"
"帝延康元年十一","1","1","2"
"延康元年十一月","1","1","2"
"康元年十一月己","1","1","2"
"元年十一月己丑","1","1","2"
"御史大夫张音奉","1","1","2"
"史大夫张音奉皇","1","1","2"
"大夫张音奉皇帝","1","1","2"
"奉皇帝玺绶策书","2","0","2"
"北郊除先后配祀","2","0","2"
"文帝黄初二年正","1","1","2"
"帝黄初二年正月","1","1","2"
"宗祀文皇帝明堂","2","0","2"
"景初元年十月乙","1","1","2"
"初元年十月乙卯","1","1","2"
"建安二十六年夏","1","1","2"
"元帝咸熙二年十","1","1","2"
"帝咸熙二年十二","1","1","2"
"咸熙二年十二月","1","1","2"
"熙二年十二月甲","1","1","2"
"二年十二月甲子","1","1","2"
"使持节侍中太保","1","1","2"
"持节侍中太保郑","1","1","2"
"节侍中太保郑冲","1","1","2"
"太尉司隶校尉李","1","1","2"
"明帝太宁三年七","1","1","2"
"帝太宁三年七月","1","1","2"
"安帝元兴三年三","1","1","2"
"帝元兴三年三月","1","1","2"
"永初元年六月丁","1","1","2"
"初元年六月丁卯","1","1","2"
"永初二年正月上","1","1","2"
"孝建元年六月癸","1","1","2"
"建元年六月癸巳","1","1","2"
"建二年正月庚寅","1","1","2"
"建平王宏重参议","2","0","2"
"明二年正月丙午","1","1","2"
"二年正月丙午朔","2","0","2"
"十七年九月辛丑","1","1","2"
"二月下辛卜三月","2","0","2"
"月下辛卜三月上","2","0","2"
"下辛卜三月上辛","2","0","2"
"始二年十一月己","1","1","2"
"二年十一月己卯","1","1","2"
"三年十一月庚寅","1","1","2"
"明帝泰始二年十","1","1","2"
"帝泰始二年十一","1","1","2"
"始二年十一月辛","1","1","2"
"二年十一月辛酉","1","1","2"
"黄门侍郎徐爰议","1","1","2"
"泰始六年正月乙","1","1","2"
"始六年正月乙亥","1","1","2"
"一千五百一十四","1","1","2"
"千五百一十四神","1","1","2"
"武帝永初三年九","1","1","2"
"帝永初三年九月","1","1","2"
"武帝太康二年冬","1","1","2"
"明五年四月庚子","1","1","2"
"大明五年九月甲","1","1","2"
"明五年九月甲子","1","1","2"
"明帝泰始七年十","1","1","2"
"帝泰始七年十月","1","1","2"
"泰始七年十月庚","1","1","2"
"始七年十月庚子","1","1","2"
"守尚书令袁粲等","1","1","2"
"康元年九月庚寅","1","1","2"
"尚书左仆射山涛","1","1","2"
"世祖大明元年十","1","1","2"
"祖大明元年十一","1","1","2"
"大明元年十一月","1","1","2"
"明元年十一月戊","1","1","2"
"追尊高祖大长秋","1","1","2"
"行太傅太常韩暨","1","1","2"
"司空王朗持节奉","1","1","2"
"空王朗持节奉策","1","1","2"
"元年十二月己未","2","0","2"
"始元年十二月丙","1","1","2"
"元年十二月丙寅","1","1","2"
"简文皇帝宣太后","1","1","2"
"护军将军冯怀表","1","1","2"
"辅国将军谯王司","1","1","2"
"国将军谯王司马","1","1","2"
"军将军会稽王司","1","1","2"
"军会稽王司马昱","1","1","2"
"安帝义熙九年四","1","1","2"
"帝义熙九年四月","1","1","2"
"大司马琅邪王司","1","1","2"
"司马琅邪王司马","1","1","2"
"马琅邪王司马德","1","1","2"
"琅邪王司马德文","1","1","2"
"邪王司马德文议","1","1","2"
"太尉谘议参军袁","1","1","2"
"尉谘议参军袁豹","1","1","2"
"谘议参军袁豹议","1","1","2"
"帝太元十二年五","1","1","2"
"太元十二年五月","1","1","2"
"元十二年五月壬","1","1","2"
"骑将军会稽王司","1","1","2"
"军会稽王司马道","1","1","2"
"会稽王司马道子","1","1","2"
"安帝义熙二年六","1","1","2"
"帝义熙二年六月","1","1","2"
"尚书左仆射孔安","1","1","2"
"书左仆射孔安国","1","1","2"
"左仆射孔安国启","1","1","2"
"御史中丞范泰议","1","1","2"
"元二十一年十月","1","1","2"
"二十一年十月应","1","1","2"
"孝武皇帝宁康二","1","1","2"
"武皇帝宁康二年","1","1","2"
"皇帝宁康二年十","1","1","2"
"帝宁康二年十月","1","1","2"
"太元元年四月应","1","1","2"
"帝孝建元年十二","1","1","2"
"孝建元年十二月","1","1","2"
"建元年十二月戊","1","1","2"
"太学博士徐宏议","1","1","2"
"大明七年二月辛","1","1","2"
"明七年二月辛亥","1","1","2"
"咸宁五年十一月","2","0","2"
"宁五年十一月己","1","1","2"
"五年十一月己酉","1","1","2"
"升平五年十月己","1","1","2"
"平五年十月己卯","1","1","2"
"文帝元嘉三年五","1","1","2"
"帝元嘉三年五月","1","1","2"
"元嘉三年五月庚","1","1","2"
"嘉三年五月庚午","1","1","2"
"博士徐道娱上议","2","0","2"
"士徐道娱上议曰","2","0","2"
"诸侯先时祭然后","1","1","2"
"僖公八年秋七月","1","1","2"
"昭公十五年二月","1","1","2"
"元嘉七年四月乙","1","1","2"
"嘉七年四月乙丑","1","1","2"
"嘉十年十二月癸","1","1","2"
"十年十二月癸酉","1","1","2"
"博士徐道娱等议","2","0","2"
"士徐道娱等议称","2","0","2"
"武帝孝建三年五","1","1","2"
"帝孝建三年五月","1","1","2"
"建三年五月丁巳","1","1","2"
"右丞殿中郎徐爰","1","1","2"
"大明元年六月己","1","1","2"
"明元年六月己卯","1","1","2"
"大明三年六月乙","1","1","2"
"明三年六月乙丑","1","1","2"
"明三年十一月乙","1","1","2"
"大明五年十月甲","1","1","2"
"明五年十月甲寅","1","1","2"
"大明七年二月丙","1","1","2"
"明七年二月丙辰","1","1","2"
"明帝泰豫元年七","1","1","2"
"帝泰豫元年七月","1","1","2"
"泰豫元年七月庚","1","1","2"
"豫元年七月庚申","1","1","2"
"元徽二年十月丙","1","1","2"
"徽二年十月丙寅","1","1","2"
"博士颜燮等四人","1","1","2"
"帝孝建元年十月","1","1","2"
"孝建元年十月戊","1","1","2"
"建元年十月戊辰","1","1","2"
"散骑侍郎王法施","1","1","2"
"骑侍郎王法施等","1","1","2"
"侍郎王法施等二","1","1","2"
"郎王法施等二十","1","1","2"
"王法施等二十七","1","1","2"
"法施等二十七人","1","1","2"
"曹郎中周景远重","1","1","2"
"大明二年二月庚","1","1","2"
"明二年二月庚寅","1","1","2"
"始二年六月丁丑","1","1","2"
"昭皇太后正号久","1","1","2"
"元徽二年十月壬","1","1","2"
"徽二年十月壬寅","1","1","2"
"左仆射刘秉等七","1","1","2"
"仆射刘秉等七人","1","1","2"
"武帝孝建元年七","1","1","2"
"帝孝建元年七月","1","1","2"
"孝建元年七月辛","1","1","2"
"建元年七月辛酉","1","1","2"
"明六年十月丙寅","1","1","2"
"明七年正月庚子","1","1","2"
"明七年十一月癸","1","1","2"
"七年十一月癸未","1","1","2"
"大明八年正月壬","1","1","2"
"明八年正月壬辰","1","1","2"
"元嘉二十一年春","1","1","2"
"质明一太牢告祠","2","0","2"
"采桑坛东南帷宫","1","1","2"
"黄初二年六月庚","1","1","2"
"初二年六月庚子","1","1","2"
"大明七年六月丙","1","1","2"
"明七年六月丙辰","1","1","2"
"武帝咸宁二年春","1","1","2"
"事奉圣亭侯孔亭","1","1","2"
"奉圣亭侯孔亭四","1","1","2"
"圣亭侯孔亭四时","1","1","2"
"穆帝升平元年三","1","1","2"
"帝升平元年三月","1","1","2"
"文帝黄初六年十","1","1","2"
"帝黄初六年十二","1","1","2"
"黄初六年十二月","1","1","2"
"二十五年四月丙","1","1","2"
"十五年四月丙辰","1","1","2"
"武帝大明三年二","1","1","2"
"帝大明三年二月","1","1","2"
"大明三年二月戊","1","1","2"
"明三年二月戊申","1","1","2"
"左光禄大夫袁湛","1","1","2"
"光禄大夫袁湛墓","1","1","2"
"明五年九月庚午","1","1","2"
"文帝黄初五年十","1","1","2"
"帝黄初五年十一","1","1","2"
"汉安帝元初四年","1","1","2"
"安帝义熙十三年","1","1","2"
"抚军丹阳尹王僧","1","1","2"
"军丹阳尹王僧虔","1","1","2"
"御史中丞刘休试","1","1","2"
"皇后法驾乘重翟","1","1","2"
"后法驾乘重翟羽","1","1","2"
"法驾乘重翟羽盖","1","1","2"
"驾乘重翟羽盖金","1","1","2"
"乘重翟羽盖金根","1","1","2"
"重翟羽盖金根车","1","1","2"
"古者诸侯贰车九","2","0","2"
"者诸侯贰车九乘","2","0","2"
"射声校尉司马吏","1","1","2"
"声校尉司马吏士","1","1","2"
"黄沙治书侍御史","1","1","2"
"司徒右长史王俭","1","1","2"
"太子保傅詹事丞","1","1","2"
"郡国太守相内史","1","1","2"
"王郡公侯郎中令","1","1","2"
"总章监鼓吹监司","1","1","2"
"章监鼓吹监司律","1","1","2"
"监鼓吹监司律司","1","1","2"
"鼓吹监司律司马","1","1","2"
"总章监司律司马","1","1","2"
"像都匠行水中郎","1","1","2"
"都匠行水中郎将","1","1","2"
"陛下甲仆射主事","1","1","2"
"下甲仆射主事吏","1","1","2"
"甲仆射主事吏将","1","1","2"
"仆射主事吏将骑","1","1","2"
"五牛旗假使虎贲","1","1","2"
"举辇迹禽前驱基","2","0","2"
"辇迹禽前驱基强","2","0","2"
"迹禽前驱基强弩","2","0","2"
"禽前驱基强弩司","2","0","2"
"前驱基强弩司马","2","0","2"
"南书门下虎贲羽","1","1","2"
"书门下虎贲羽林","1","1","2"
"兰台五曹节藏射","1","1","2"
"台五曹节藏射廊","1","1","2"
"五曹节藏射廊下","1","1","2"
"曹节藏射廊下守","1","1","2"
"都水使者黄沙廊","1","1","2"
"水使者黄沙廊下","1","1","2"
"使者黄沙廊下守","1","1","2"
"非护乌丸羌夷戎","1","1","2"
"护乌丸羌夷戎蛮","1","1","2"
"乌丸羌夷戎蛮诸","1","1","2"
"丸羌夷戎蛮诸校","1","1","2"
"羌夷戎蛮诸校尉","1","1","2"
"珠玉金银错刻镂","1","1","2"
"玉金银错刻镂雕","1","1","2"
"金银错刻镂雕饰","1","1","2"
"三台五省二品文","1","1","2"
"台五省二品文官","1","1","2"
"王公侯伯子男卿","1","1","2"
"公侯伯子男卿尹","1","1","2"
"史臣案晋成帝咸","1","1","2"
"宋孝武孝建元年","1","1","2"
"大司马江夏王义","1","1","2"
"司马江夏王义恭","1","1","2"
"骠骑大将军竟陵","2","0","2"
"骑大将军竟陵王","2","0","2"
"大将军竟陵王诞","2","0","2"
"改革诸王车服制","1","1","2"
"革诸王车服制度","1","1","2"
"诸王子孙袭封王","1","1","2"
"孝建二年十一月","1","1","2"
"建二年十一月乙","1","1","2"
"二年十一月乙巳","1","1","2"
"孝建三年五月壬","1","1","2"
"建三年五月壬戌","1","1","2"
"大驾属车八十一","1","1","2"
"驾属车八十一乘","1","1","2"
"大明元年九月丁","1","1","2"
"明元年九月丁未","1","1","2"
"大明四年正月戊","1","1","2"
"明四年正月戊辰","1","1","2"
"大明四年正月己","1","1","2"
"明四年正月己卯","1","1","2"
"大明六年八月壬","1","1","2"
"明六年八月壬戌","1","1","2"
"小辇轮御轺衣书","1","1","2"
"辇轮御轺衣书等","1","1","2"
"轮御轺衣书等车","1","1","2"
"大明七年二月甲","1","1","2"
"明七年二月甲寅","1","1","2"
"始四年五月甲戌","1","1","2"
"始四年八月甲寅","1","1","2"
"泰始六年正月戊","1","1","2"
"始六年正月戊辰","1","1","2"
"皇太子元正朝贺","1","1","2"
"内史中丞王定传","1","1","2"
"宗庙诗颂十二篇","1","1","2"
"王公上寿酒一篇","1","1","2"
"元嘉十八年九月","1","1","2"
"孝建二年九月甲","1","1","2"
"建二年九月甲午","1","1","2"
"前殿中曹郎荀万","1","1","2"
"殿中曹郎荀万秋","1","1","2"
"仆射建平王宏议","2","0","2"
"丹阳尹建城县开","1","1","2"
"阳尹建城县开国","1","1","2"
"尹建城县开国侯","1","1","2"
"建城县开国侯颜","1","1","2"
"城县开国侯颜竣","1","1","2"
"孝建二年十月辛","1","1","2"
"建二年十月辛未","1","1","2"
"尚书殿中郎袁明","1","1","2"
"书殿中郎袁明子","1","1","2"
"殿中郎袁明子启","1","1","2"
"尚书令王僧虔上","1","1","2"
"书令王僧虔上表","1","1","2"
"祠天地五郊夕牲","1","1","2"
"天地五郊夕牲歌","1","1","2"
"地五郊夕牲歌一","1","1","2"
"五郊夕牲歌一篇","1","1","2"
"祠天地五郊迎送","1","1","2"
"天地五郊迎送神","1","1","2"
"地五郊迎送神歌","1","1","2"
"五郊迎送神歌一","1","1","2"
"郊迎送神歌一篇","1","1","2"
"飨天地五郊歌三","1","1","2"
"天地五郊歌三篇","1","1","2"
"天地郊明堂夕牲","1","1","2"
"地郊明堂夕牲歌","1","1","2"
"天地郊明堂降神","1","1","2"
"地郊明堂降神歌","1","1","2"
"天地郊迎送神歌","1","1","2"
"歌太祖文皇帝词","1","1","2"
"祠征西将军登歌","1","1","2"
"祠豫章府君登歌","1","1","2"
"祠京兆府君登歌","1","1","2"
"祠庙飨神歌二篇","1","1","2"
"祠北平府君登歌","1","1","2"
"祠相国掾府君登","1","1","2"
"相国掾府君登歌","1","1","2"
"祠开封府君登歌","1","1","2"
"祠武原府君登歌","1","1","2"
"祠高祖武皇帝登","1","1","2"
"高祖武皇帝登歌","1","1","2"
"祠七庙享神登歌","1","1","2"
"王公上寿诗一章","1","1","2"
"食举东西厢乐诗","1","1","2"
"举东西厢乐诗十","1","1","2"
"东西厢乐诗十一","1","1","2"
"西厢乐诗十一章","1","1","2"
"右雅乐正旦大会","2","0","2"
"旦大会行礼诗四","1","1","2"
"大会行礼诗四章","1","1","2"
"旦大会行礼诗十","1","1","2"
"大会行礼诗十五","1","1","2"
"会行礼诗十五章","1","1","2"
"大会行礼歌二章","1","1","2"
"王公上寿歌一章","1","1","2"
"二十二句句五字","2","0","2"
"鼓吹铙歌十八篇","1","1","2"
"三百六十五度五","1","1","2"
"百六十五度五百","1","1","2"
"六十五度五百八","1","1","2"
"十五度五百八十","1","1","2"
"五度五百八十九","1","1","2"
"度五百八十九分","1","1","2"
"五百八十九分度","1","1","2"
"百八十二度半强","2","0","2"
"绕南极七十二度","1","1","2"
"二百一十九度少","2","0","2"
"百一十九度少弱","2","0","2"
"日昼行地上度稍","2","0","2"
"斗二十一井二十","1","1","2"
"二十一井二十五","1","1","2"
"天东西南北径三","2","0","2"
"东西南北径三十","2","0","2"
"西南北径三十五","2","0","2"
"南北径三十五万","2","0","2"
"北径三十五万七","2","0","2"
"径三十五万七千","2","0","2"
"三十三万九千四","1","1","2"
"十三万九千四百","1","1","2"
"一里一百二十二","1","1","2"
"里一百二十二步","1","1","2"
"一百二十二步三","1","1","2"
"百二十二步三尺","1","1","2"
"二十二步三尺二","1","1","2"
"十二步三尺二寸","1","1","2"
"二步三尺二寸一","1","1","2"
"步三尺二寸一分","1","1","2"
"三尺二寸一分七","1","1","2"
"尺二寸一分七十","1","1","2"
"二寸一分七十一","1","1","2"
"寸一分七十一分","1","1","2"
"一分七十一分分","1","1","2"
"八万一千三百九","1","1","2"
"千三百九十四里","1","1","2"
"三百九十四里三","1","1","2"
"百九十四里三十","1","1","2"
"九十四里三十步","1","1","2"
"十四里三十步五","1","1","2"
"四里三十步五尺","1","1","2"
"里三十步五尺三","1","1","2"
"三十步五尺三寸","1","1","2"
"十步五尺三寸六","1","1","2"
"步五尺三寸六分","1","1","2"
"七百八十八里六","1","1","2"
"百八十八里六十","1","1","2"
"八十八里六十一","1","1","2"
"十八里六十一步","1","1","2"
"八里六十一步四","1","1","2"
"里六十一步四尺","1","1","2"
"五十五万七千三","1","1","2"
"十五万七千三百","1","1","2"
"一丈八尺二寸六","1","1","2"
"丈八尺二寸六分","1","1","2"
"二十八宿中外宫","1","1","2"
"惟记魏文帝黄初","1","1","2"
"黄初四年六月甲","1","1","2"
"初四年六月甲申","1","1","2"
"五年十一月辛卯","1","1","2"
"魏江夏太守文聘","1","1","2"
"江夏太守文聘固","1","1","2"
"夏太守文聘固守","1","1","2"
"黄初六年五月十","1","1","2"
"初六年五月十六","1","1","2"
"六年五月十六日","1","1","2"
"年五月十六日壬","1","1","2"
"五月十六日壬戌","1","1","2"
"征南大将军夏侯","1","1","2"
"南大将军夏侯尚","1","1","2"
"黄初六年十月乙","1","1","2"
"初六年十月乙未","1","1","2"
"四年十一月壬戌","1","1","2"
"遣大将军司马懿","1","1","2"
"龙二年十一月乙","1","1","2"
"二年十一月乙丑","1","1","2"
"太六年十一月丙","2","0","2"
"诸葛瑾等屯江夏","1","1","2"
"葛瑾等屯江夏口","1","1","2"
"明帝青龙二年二","1","1","2"
"帝青龙二年二月","1","1","2"
"青龙二年五月丁","1","1","2"
"龙二年五月丁亥","1","1","2"
"青龙二年十月戊","1","1","2"
"龙二年十月戊寅","1","1","2"
"明帝青龙三年六","1","1","2"
"帝青龙三年六月","1","1","2"
"青龙三年六月丁","1","1","2"
"龙三年六月丁未","1","1","2"
"凡月五星犯井钺","2","0","2"
"青龙三年七月己","1","1","2"
"龙三年七月己丑","1","1","2"
"青龙三年十月壬","1","1","2"
"龙三年十月壬申","1","1","2"
"青龙四年三月己","1","1","2"
"龙四年三月己巳","1","1","2"
"青龙四年五月壬","1","1","2"
"龙四年五月壬寅","1","1","2"
"青龙四年七月甲","1","1","2"
"龙四年七月甲寅","1","1","2"
"青龙四年十月甲","1","1","2"
"龙四年十月甲申","1","1","2"
"吴将硃然围江夏","2","0","2"
"州刺史胡质击走","1","1","2"
"景初二年十月甲","1","1","2"
"初二年十月甲午","1","1","2"
"大流星长数十丈","1","1","2"
"景初二年十月癸","1","1","2"
"初二年十月癸巳","1","1","2"
"正始五年十一月","1","1","2"
"始五年十一月癸","1","1","2"
"五年十一月癸巳","1","1","2"
"正始六年八月戊","1","1","2"
"始六年八月戊午","1","1","2"
"七年十一月癸亥","1","1","2"
"齐王嘉平元年六","1","1","2"
"王嘉平元年六月","1","1","2"
"嘉平元年六月壬","1","1","2"
"平元年六月壬戌","1","1","2"
"吴主孙权赤乌十","1","1","2"
"主孙权赤乌十三","1","1","2"
"权赤乌十三年五","1","1","2"
"赤乌十三年五月","1","1","2"
"齐王嘉平三年十","1","1","2"
"王嘉平三年十月","1","1","2"
"嘉平三年十月癸","1","1","2"
"平三年十月癸未","1","1","2"
"嘉平三年十一月","1","1","2"
"平三年十一月癸","1","1","2"
"三年十一月癸未","1","1","2"
"父光禄大夫张缉","1","1","2"
"光禄大夫张缉等","1","1","2"
"嘉平五年六月戊","1","1","2"
"平五年六月戊午","1","1","2"
"车骑将军郭淮讨","1","1","2"
"北辕西头第一星","1","1","2"
"孙亮太平元年九","1","1","2"
"亮太平元年九月","1","1","2"
"太平元年九月壬","1","1","2"
"平元年九月壬辰","1","1","2"
"甘露二年十月丙","1","1","2"
"露二年十月丙寅","1","1","2"
"甘露二年十一月","1","1","2"
"甘露三年三月庚","1","1","2"
"露三年三月庚子","1","1","2"
"甘露三年八月壬","1","1","2"
"露三年八月壬辰","1","1","2"
"岁星犯舆鬼东南","2","0","2"
"星犯舆鬼东南星","2","0","2"
"甘露四年十月丁","1","1","2"
"露四年十月丁丑","1","1","2"
"景元三年十一月","1","1","2"
"元三年十一月壬","1","1","2"
"三年十一月壬寅","1","1","2"
"陈留王咸熙二年","1","1","2"
"留王咸熙二年五","1","1","2"
"王咸熙二年五月","1","1","2"
"武帝泰始四年正","1","1","2"
"帝泰始四年正月","1","1","2"
"泰始四年正月丙","1","1","2"
"始四年正月丙戌","1","1","2"
"泰始十年十二月","1","1","2"
"武帝咸宁四年四","1","1","2"
"帝咸宁四年四月","1","1","2"
"太熙元年四月己","1","1","2"
"熙元年四月己酉","1","1","2"
"元康六年六月丙","1","1","2"
"康六年六月丙午","1","1","2"
"惠帝太安二年二","1","1","2"
"帝太安二年二月","1","1","2"
"安二年十一月辛","1","1","2"
"太安三年正月己","1","1","2"
"安三年正月己卯","1","1","2"
"永兴元年七月乙","1","1","2"
"兴元年七月乙丑","1","1","2"
"永兴元年十二月","1","1","2"
"兴元年十二月壬","1","1","2"
"元年十二月壬寅","1","1","2"
"永兴二年四月丙","1","1","2"
"兴二年四月丙子","1","1","2"
"惠帝光熙元年四","1","1","2"
"帝光熙元年四月","1","1","2"
"光熙元年九月丁","1","1","2"
"熙元年九月丁未","1","1","2"
"熙元年十二月癸","1","1","2"
"元年十二月癸未","1","1","2"
"熙元年十二月甲","1","1","2"
"怀帝永嘉元年九","1","1","2"
"帝永嘉元年九月","1","1","2"
"永嘉元年九月辛","1","1","2"
"嘉元年九月辛亥","1","1","2"
"田甄等大破汲桑","1","1","2"
"永嘉二年正月庚","1","1","2"
"嘉二年正月庚午","1","1","2"
"永嘉三年正月庚","1","1","2"
"嘉三年正月庚子","1","1","2"
"永嘉三年十二月","1","1","2"
"嘉三年十二月乙","1","1","2"
"三年十二月乙亥","1","1","2"
"建武元年五月癸","1","1","2"
"武元年五月癸未","1","1","2"
"四年十二月丁亥","1","1","2"
"刺史祖约遣军追","1","1","2"
"明帝太宁三年正","1","1","2"
"帝太宁三年正月","1","1","2"
"荧惑逆行入太微","2","0","2"
"成帝咸康元年二","1","1","2"
"帝咸康元年二月","1","1","2"
"咸康元年二月己","1","1","2"
"康元年二月己亥","1","1","2"
"咸康元年八月戊","1","1","2"
"康元年八月戊戌","1","1","2"
"康二年正月辛巳","1","1","2"
"西大将军庾亮薨","2","0","2"
"咸康二年九月庚","1","1","2"
"康二年九月庚寅","1","1","2"
"咸康三年六月辛","1","1","2"
"康三年六月辛未","1","1","2"
"咸康三年十一月","1","1","2"
"康三年十一月乙","1","1","2"
"咸康四年四月己","1","1","2"
"康四年四月己巳","1","1","2"
"西阳太守樊峻皆","1","1","2"
"阳太守樊峻皆弃","1","1","2"
"太守樊峻皆弃城","1","1","2"
"守樊峻皆弃城投","1","1","2"
"樊峻皆弃城投江","1","1","2"
"咸康四年五月戊","1","1","2"
"康四年五月戊午","1","1","2"
"咸康五年四月辛","1","1","2"
"康五年四月辛未","1","1","2"
"咸康六年二月庚","1","1","2"
"康六年二月庚午","1","1","2"
"行犯太微上将星","1","1","2"
"咸康六年四月丙","1","1","2"
"康六年四月丙午","1","1","2"
"时骠骑将军何充","1","1","2"
"骠骑将军何充居","1","1","2"
"骑将军何充居内","1","1","2"
"咸康七年四月己","1","1","2"
"康七年四月己丑","1","1","2"
"康八年八月壬寅","1","1","2"
"建元元年正月壬","1","1","2"
"元元年正月壬午","1","1","2"
"元年十一月六日","1","1","2"
"建元二年闰月乙","1","1","2"
"元二年闰月乙酉","1","1","2"
"豫州刺史谢尚讨","1","1","2"
"十一年三月辛亥","1","1","2"
"十二年六月庚子","1","1","2"
"穆帝升平元年四","1","1","2"
"帝升平元年四月","1","1","2"
"升平元年四月壬","1","1","2"
"平元年四月壬子","1","1","2"
"南辕西头第二星","1","1","2"
"太白入太微右掖","2","0","2"
"白入太微右掖门","2","0","2"
"哀帝兴宁元年八","1","1","2"
"帝兴宁元年八月","1","1","2"
"兴宁元年十月丙","1","1","2"
"宁元年十月丙戌","1","1","2"
"兴宁三年正月乙","1","1","2"
"宁三年正月乙卯","1","1","2"
"晋海西太元年二","2","0","2"
"海西太元年二月","2","0","2"
"安元年十二月辛","1","1","2"
"元年十二月辛卯","1","1","2"
"咸安二年正月己","1","1","2"
"安二年正月己酉","1","1","2"
"咸安二年五月丁","1","1","2"
"安二年五月丁未","1","1","2"
"太元元年四月丙","1","1","2"
"元元年四月丙戌","1","1","2"
"氐兗州刺史彭超","1","1","2"
"兗州刺史彭超围","1","1","2"
"太元四年十一月","1","1","2"
"元四年十一月丁","1","1","2"
"四年十一月丁巳","1","1","2"
"太元六年十月乙","1","1","2"
"元六年十月乙卯","1","1","2"
"襄阳太守阎震率","1","1","2"
"太元七年十一月","1","1","2"
"太元十年十二月","1","1","2"
"元十年十二月己","1","1","2"
"十年十二月己丑","1","1","2"
"元十一年三月戊","1","1","2"
"十一年三月戊申","1","1","2"
"太元十二年二月","1","1","2"
"元十二年二月戊","1","1","2"
"十二年二月戊寅","1","1","2"
"太元十二年十月","1","1","2"
"元十二年十月庚","1","1","2"
"十二年十月庚午","1","1","2"
"元十五年七月壬","1","1","2"
"太元十七年九月","1","1","2"
"元十七年九月丁","1","1","2"
"十七年九月丁丑","1","1","2"
"元十八年正月乙","1","1","2"
"十八年正月乙酉","1","1","2"
"太元十八年二月","1","1","2"
"十九年四月己巳","1","1","2"
"太元十九年十月","1","1","2"
"元十九年十月癸","1","1","2"
"十九年十月癸丑","1","1","2"
"太元二十年六月","1","1","2"
"太元二十一年三","1","1","2"
"元二十一年三月","1","1","2"
"安帝隆安元年正","1","1","2"
"帝隆安元年正月","1","1","2"
"隆安元年正月癸","1","1","2"
"安元年正月癸亥","1","1","2"
"隆安元年六月庚","1","1","2"
"安元年六月庚午","1","1","2"
"安帝元兴元年三","1","1","2"
"帝元兴元年三月","1","1","2"
"元兴元年三月戊","1","1","2"
"兴元年三月戊子","1","1","2"
"巴西人谯纵杀益","1","1","2"
"西人谯纵杀益州","1","1","2"
"人谯纵杀益州刺","1","1","2"
"谯纵杀益州刺史","1","1","2"
"纵杀益州刺史毛","1","1","2"
"杀益州刺史毛璩","1","1","2"
"安帝义熙元年三","1","1","2"
"帝义熙元年三月","1","1","2"
"义熙元年三月壬","1","1","2"
"熙元年三月壬辰","1","1","2"
"州刺史索度真戍","1","1","2"
"马国璠等攻没弋","2","0","2"
"国璠等攻没弋阳","2","0","2"
"荣期参军杨承祖","2","0","2"
"期参军杨承祖所","2","0","2"
"时徐道覆率二万","1","1","2"
"徐道覆率二万余","1","1","2"
"道覆率二万余人","1","1","2"
"义熙四年正月庚","1","1","2"
"熙四年正月庚子","1","1","2"
"始兴太守徐道覆","1","1","2"
"兴太守徐道覆反","1","1","2"
"循等大破豫州刺","1","1","2"
"等大破豫州刺史","1","1","2"
"大破豫州刺史刘","1","1","2"
"破豫州刺史刘毅","1","1","2"
"益州刺史硃龄石","2","0","2"
"州刺史硃龄石伐","2","0","2"
"刺史硃龄石伐蜀","2","0","2"
"义熙七年四月辛","1","1","2"
"熙七年四月辛丑","1","1","2"
"义熙九年二月丙","1","1","2"
"熙九年二月丙午","1","1","2"
"汉平帝元始四年","1","1","2"
"汉献帝初平元年","1","1","2"
"岁星犯轩辕大星","2","0","2"
"十四年三月癸丑","1","1","2"
"恭帝元熙元年三","1","1","2"
"帝元熙元年三月","1","1","2"
"元熙元年三月五","1","1","2"
"熙元年三月五日","1","1","2"
"武帝永初元年十","1","1","2"
"帝永初元年十月","1","1","2"
"永初二年六月甲","1","1","2"
"初二年六月甲申","1","1","2"
"永初二年六月乙","1","1","2"
"初二年六月乙酉","1","1","2"
"永初三年二月壬","1","1","2"
"初三年二月壬辰","1","1","2"
"兗州刺史徐琰委","2","0","2"
"永初三年九月癸","1","1","2"
"初三年九月癸卯","1","1","2"
"初三年十一月戊","1","1","2"
"三年十一月戊午","1","1","2"
"景平元年正月乙","1","1","2"
"平元年正月乙卯","1","1","2"
"帝元嘉元年十月","1","1","2"
"元嘉三年正月甲","1","1","2"
"嘉三年正月甲寅","1","1","2"
"大将军檀道济讨","1","1","2"
"元嘉八年四月辛","1","1","2"
"嘉八年四月辛未","1","1","2"
"元嘉九年正月庚","1","1","2"
"嘉九年正月庚午","1","1","2"
"元嘉十一年二月","1","1","2"
"嘉十一年二月庚","1","1","2"
"十一年二月庚子","1","1","2"
"时司徒彭城王义","2","0","2"
"元嘉十三年正月","1","1","2"
"嘉十三年正月庚","1","1","2"
"十三年正月庚午","1","1","2"
"废大将军彭城王","2","0","2"
"元嘉十五年四月","1","1","2"
"嘉十五年四月己","1","1","2"
"十五年四月己卯","1","1","2"
"元嘉二十三年正","1","1","2"
"嘉二十三年正月","1","1","2"
"大将军衡阳王义","2","0","2"
"元嘉二十八年五","1","1","2"
"嘉二十八年五月","1","1","2"
"元嘉二十九年正","1","1","2"
"嘉二十九年正月","1","1","2"
"孝武孝建元年二","1","1","2"
"武孝建元年二月","1","1","2"
"孝建元年九月壬","1","1","2"
"建元年九月壬寅","1","1","2"
"孝建元年十月乙","1","1","2"
"建元年十月乙丑","1","1","2"
"孝建二年五月乙","1","1","2"
"建二年五月乙未","1","1","2"
"孝建三年四月戊","1","1","2"
"建三年四月戊戌","1","1","2"
"孝建三年八月甲","1","1","2"
"建三年八月甲午","1","1","2"
"大明元年三月癸","1","1","2"
"明元年三月癸亥","1","1","2"
"司空竟陵王诞反","2","0","2"
"大明二年三月辛","1","1","2"
"明二年三月辛未","1","1","2"
"大明二年十一月","1","1","2"
"明二年十一月庚","1","1","2"
"二年十一月庚戌","1","1","2"
"永光元年正月丁","1","1","2"
"光元年正月丁酉","1","1","2"
"书仆射颜师伯等","1","1","2"
"始元年十二月己","1","1","2"
"元年十二月己巳","1","1","2"
"泰始二年正月甲","1","1","2"
"始二年正月甲午","1","1","2"
"泰始三年六月甲","1","1","2"
"始三年六月甲辰","1","1","2"
"泰始四年六月壬","1","1","2"
"始四年六月壬寅","1","1","2"
"废帝元徽三年七","1","1","2"
"帝元徽三年七月","1","1","2"
"元徽三年七月丙","1","1","2"
"徽三年七月丙申","1","1","2"
"五十年秋七月庚","1","1","2"
"十年秋七月庚申","1","1","2"
"鬓发长七尺二寸","1","1","2"
"七十二弟子向北","1","1","2"
"昭帝元凤三年正","1","1","2"
"帝元凤三年正月","1","1","2"
"哀帝建平元年十","1","1","2"
"帝建平元年十二","1","1","2"
"建平元年十二月","1","1","2"
"平元年十二月甲","1","1","2"
"年十二月甲子夜","1","1","2"
"称陈圣刘太平皇","1","1","2"
"陈圣刘太平皇帝","1","1","2"
"道士西门君惠等","1","1","2"
"嚣问扶风人班彪","1","1","2"
"建安三年十二月","1","1","2"
"安三年十二月戊","1","1","2"
"新天子气见东南","2","0","2"
"建安十九年正月","1","1","2"
"建安二十一年五","1","1","2"
"安二十一年五月","1","1","2"
"建安二十三年三","1","1","2"
"安二十三年三月","1","1","2"
"二十四年二月晦","1","1","2"
"延康元年九月十","1","1","2"
"周敬王四十七年","1","1","2"
"宋景公问大夫邢","1","1","2"
"后五年五月丁亥","1","1","2"
"建安二十二年中","1","1","2"
"令囚徒十余万人","1","1","2"
"长一丈七尺一寸","1","1","2"
"上上三天王述大","1","1","2"
"上三天王述大会","1","1","2"
"三天王述大会讨","1","1","2"
"天王述大会讨大","1","1","2"
"王述大会讨大曹","1","1","2"
"述大会讨大曹金","1","1","2"
"金立中大金马一","1","1","2"
"铜马入海建业期","1","1","2"
"陈龙田中铜铎五","2","0","2"
"龙田中铜铎五枚","2","0","2"
"十一年五月三日","1","1","2"
"义熙七年七月二","1","1","2"
"熙七年七月二十","1","1","2"
"七年七月二十五","1","1","2"
"年七月二十五日","1","1","2"
"义熙七年八月十","1","1","2"
"熙七年八月十一","1","1","2"
"七年八月十一日","1","1","2"
"十四年八月十日","1","1","2"
"十四年五月十七","1","1","2"
"四年五月十七日","1","1","2"
"十四年七月二十","1","1","2"
"四年七月二十九","1","1","2"
"进扫北斗紫微中","1","1","2"
"十四年十月一日","1","1","2"
"元年四月二十七","1","1","2"
"元熙元年十二月","1","1","2"
"熙元年十二月二","1","1","2"
"年十二月二十四","1","1","2"
"汉武帝元狩元年","1","1","2"
"武帝元狩元年十","1","1","2"
"帝元狩元年十月","1","1","2"
"麒麟见颍川阳翟","2","0","2"
"孙权赤乌元年八","1","1","2"
"权赤乌元年八月","1","1","2"
"武帝咸宁五年二","1","1","2"
"帝咸宁五年二月","1","1","2"
"咸宁五年二月甲","1","1","2"
"宁五年二月甲午","1","1","2"
"咸宁五年九月甲","1","1","2"
"宁五年九月甲午","1","1","2"
"武帝太康元年四","1","1","2"
"帝太康元年四月","1","1","2"
"愍帝建兴二年九","1","1","2"
"帝建兴二年九月","1","1","2"
"建兴二年九月丙","1","1","2"
"兴二年九月丙戌","1","1","2"
"元帝太兴元年正","1","1","2"
"帝太兴元年正月","1","1","2"
"太兴元年正月戊","1","1","2"
"兴元年正月戊子","1","1","2"
"咸八年五月己巳","2","0","2"
"汉昭帝始元三年","1","1","2"
"昭帝始元三年十","1","1","2"
"帝始元三年十月","1","1","2"
"汉宣帝本始元年","1","1","2"
"宣帝本始元年五","1","1","2"
"帝本始元年五月","1","1","2"
"汉宣帝地节二年","1","1","2"
"宣帝地节二年四","1","1","2"
"帝地节二年四月","1","1","2"
"神雀四年十二月","1","1","2"
"汉宣帝甘露三年","1","1","2"
"宣帝甘露三年二","1","1","2"
"帝甘露三年二月","1","1","2"
"建武十七年十月","1","1","2"
"安帝延光三年二","1","1","2"
"帝延光三年二月","1","1","2"
"延光三年十月壬","1","1","2"
"光三年十月壬午","1","1","2"
"献帝延康元年八","1","1","2"
"帝延康元年八月","1","1","2"
"吴孙权黄武五年","1","1","2"
"孙权黄武五年七","1","1","2"
"权黄武五年七月","1","1","2"
"吴孙皓建衡四年","1","1","2"
"孙皓建衡四年正","1","1","2"
"皓建衡四年正月","1","1","2"
"穆帝升平四年二","1","1","2"
"帝升平四年二月","1","1","2"
"升平四年二月辛","1","1","2"
"平四年二月辛亥","1","1","2"
"升平五年四月己","1","1","2"
"永初元年七月戊","1","1","2"
"初元年七月戊戌","1","1","2"
"文帝元嘉十四年","1","1","2"
"帝元嘉十四年三","1","1","2"
"元嘉十四年三月","1","1","2"
"嘉十四年三月丙","1","1","2"
"十四年三月丙申","1","1","2"
"史彭城王义康闻","2","0","2"
"武帝孝建元年正","1","1","2"
"帝孝建元年正月","1","1","2"
"孝建元年正月庚","1","1","2"
"建元年正月庚申","1","1","2"
"宣帝五凤三年三","1","1","2"
"帝五凤三年三月","1","1","2"
"五凤三年三月辛","1","1","2"
"凤三年三月辛丑","1","1","2"
"汉惠帝二年正月","1","1","2"
"惠帝二年正月癸","1","1","2"
"帝二年正月癸酉","1","1","2"
"汉文帝十五年春","1","1","2"
"汉宣帝甘露元年","1","1","2"
"宣帝甘露元年四","1","1","2"
"帝甘露元年四月","1","1","2"
"汉成帝鸿嘉元年","1","1","2"
"成帝鸿嘉元年冬","1","1","2"
"汉成帝永始二年","1","1","2"
"成帝永始二年二","1","1","2"
"帝永始二年二月","1","1","2"
"永始二年二月癸","1","1","2"
"建武十二年六月","1","1","2"
"汉安帝延光元年","1","1","2"
"安帝延光元年八","1","1","2"
"帝延光元年八月","1","1","2"
"延光元年八月辛","1","1","2"
"光元年八月辛卯","1","1","2"
"光三年九月辛亥","1","1","2"
"延光三年十二月","1","1","2"
"光三年十二月乙","1","1","2"
"汉桓帝永光元年","1","1","2"
"桓帝永光元年八","1","1","2"
"帝永光元年八月","1","1","2"
"献帝延康元年三","1","1","2"
"帝延康元年三月","1","1","2"
"青龙见郏摩陂井","2","0","2"
"景初元年二月壬","1","1","2"
"初元年二月壬辰","1","1","2"
"魏少帝正元元年","1","1","2"
"少帝正元元年十","1","1","2"
"帝正元元年十月","1","1","2"
"正元元年十月戊","1","1","2"
"元元年十月戊戌","1","1","2"
"少帝甘露元年正","1","1","2"
"帝甘露元年正月","1","1","2"
"青龙见元城县界","2","0","2"
"龙见元城县界井","2","0","2"
"见元城县界井中","2","0","2"
"甘露三年八月甲","1","1","2"
"露三年八月甲戌","1","1","2"
"魏元帝景元元年","1","1","2"
"元帝景元元年十","1","1","2"
"帝景元元年十二","1","1","2"
"景元元年十二月","1","1","2"
"元元年十二月甲","1","1","2"
"吴孙权黄武元年","1","1","2"
"孙权黄武元年三","1","1","2"
"权黄武元年三月","1","1","2"
"吴孙权黄龙元年","1","1","2"
"孙权赤乌五年三","1","1","2"
"权赤乌五年三月","1","1","2"
"孙休永安四年九","1","1","2"
"休永安四年九月","1","1","2"
"泰始二年七月壬","1","1","2"
"始二年七月壬午","1","1","2"
"泰始三年四月戊","1","1","2"
"始三年四月戊午","1","1","2"
"氐池县大柳谷口","1","1","2"
"咸宁二年十月庚","1","1","2"
"宁二年十月庚午","1","1","2"
"咸宁二年十一月","1","1","2"
"宁二年十一月癸","1","1","2"
"二年十一月癸巳","1","1","2"
"五年十一月甲寅","1","1","2"
"太康三年闰四月","1","1","2"
"康三年闰四月己","1","1","2"
"三年闰四月己丑","1","1","2"
"太康九年十二月","1","1","2"
"康九年十二月戊","1","1","2"
"九年十二月戊申","1","1","2"
"晋惠帝元康七年","1","1","2"
"惠帝元康七年三","1","1","2"
"帝元康七年三月","1","1","2"
"元康七年三月己","1","1","2"
"康七年三月己酉","1","1","2"
"帝元嘉十三年九","1","1","2"
"元嘉十三年九月","1","1","2"
"嘉十三年九月己","1","1","2"
"十三年九月己酉","1","1","2"
"嘉二十一年十月","1","1","2"
"二十一年十月己","1","1","2"
"十一年十月己丑","1","1","2"
"二十五年五月戊","1","1","2"
"十五年五月戊戌","1","1","2"
"二十五年八月辛","1","1","2"
"十五年八月辛亥","1","1","2"
"武帝孝建二年七","1","1","2"
"帝孝建二年七月","1","1","2"
"孝建二年七月癸","1","1","2"
"建二年七月癸丑","1","1","2"
"孝建三年五月己","1","1","2"
"孝武大明元年五","1","1","2"
"武大明元年五月","1","1","2"
"大明元年五月癸","1","1","2"
"明元年五月癸亥","1","1","2"
"元帝咸熙二年二","1","1","2"
"帝咸熙二年二月","1","1","2"
"咸熙二年二月甲","1","1","2"
"熙二年二月甲辰","1","1","2"
"宋文帝元嘉十九","1","1","2"
"帝元嘉十九年四","1","1","2"
"元嘉十九年四月","1","1","2"
"嘉十九年四月戊","1","1","2"
"十九年四月戊申","1","1","2"
"白龟见吴兴余杭","2","0","2"
"元嘉二十年四月","1","1","2"
"嘉二十年四月辛","1","1","2"
"二十年四月辛卯","1","1","2"
"武帝大明三年三","1","1","2"
"帝大明三年三月","1","1","2"
"大明四年六月壬","1","1","2"
"明四年六月壬寅","1","1","2"
"尚书右仆射刘秀","1","1","2"
"大明七年八月乙","1","1","2"
"会稽太守巴陵王","1","1","2"
"稽太守巴陵王休","1","1","2"
"始二年八月丙寅","1","1","2"
"泰始六年九月己","1","1","2"
"始六年九月己巳","1","1","2"
"帝太元十四年六","1","1","2"
"元十四年六月甲","1","1","2"
"十四年六月甲申","1","1","2"
"宁州刺史费统上","1","1","2"
"六月二十八日辛","1","1","2"
"月二十八日辛亥","1","1","2"
"帝元嘉元年十二","1","1","2"
"元嘉元年十二月","1","1","2"
"嘉元年十二月丙","1","1","2"
"元年十二月丙辰","1","1","2"
"帝元嘉二十年十","1","1","2"
"元嘉二十年十二","1","1","2"
"嘉二十年十二月","1","1","2"
"安帝延光三年六","1","1","2"
"帝延光三年六月","1","1","2"
"延光三年六月辛","1","1","2"
"汉桓帝永兴元年","1","1","2"
"桓帝永兴元年二","1","1","2"
"帝永兴元年二月","1","1","2"
"武帝泰始八年十","2","0","2"
"帝泰始八年十月","2","0","2"
"太康元年五月甲","1","1","2"
"康元年五月甲辰","1","1","2"
"惠帝元康元年九","1","1","2"
"帝元康元年九月","1","1","2"
"元康元年九月乙","1","1","2"
"康元年九月乙酉","1","1","2"
"建武元年五月戊","1","1","2"
"元帝永昌元年九","1","1","2"
"帝永昌元年九月","1","1","2"
"成帝咸康二年七","1","1","2"
"帝咸康二年七月","1","1","2"
"白鹿见豫章望蔡","2","0","2"
"晋孝武太元十六","1","1","2"
"孝武太元十六年","1","1","2"
"武太元十六年三","1","1","2"
"太元十六年三月","1","1","2"
"元十六年三月癸","1","1","2"
"十六年三月癸酉","1","1","2"
"太元十八年五月","1","1","2"
"元十八年五月辛","1","1","2"
"十八年五月辛酉","1","1","2"
"荆州刺史桓玄闻","2","0","2"
"文帝元嘉五年七","1","1","2"
"帝元嘉五年七月","1","1","2"
"元嘉五年七月丙","1","1","2"
"嘉五年七月丙戌","1","1","2"
"东莞莒县岣峨山","1","1","2"
"嘉十七年五月甲","1","1","2"
"十七年五月甲午","1","1","2"
"二十二年二月辛","1","1","2"
"南康相刘兴祖献","1","1","2"
"二十三年二月戊","1","1","2"
"十三年二月戊戌","1","1","2"
"二十三年六月丙","1","1","2"
"十三年六月丙辰","1","1","2"
"北将军衡阳王义","2","0","2"
"元嘉二十九年八","1","1","2"
"嘉二十九年八月","1","1","2"
"二十九年八月癸","1","1","2"
"十九年八月癸酉","1","1","2"
"南中郎将武陵王","1","1","2"
"中郎将武陵王骏","1","1","2"
"三十年十一月壬","1","1","2"
"十年十一月壬午","1","1","2"
"南琅邪太守王僧","1","1","2"
"琅邪太守王僧虔","1","1","2"
"邪太守王僧虔献","1","1","2"
"三十年十一月癸","1","1","2"
"十年十一月癸亥","1","1","2"
"武帝孝建三年三","1","1","2"
"帝孝建三年三月","1","1","2"
"孝建三年三月庚","1","1","2"
"建三年三月庚子","1","1","2"
"大明二年四月己","1","1","2"
"明二年四月己丑","1","1","2"
"湘州刺史山阳王","1","1","2"
"史山阳王休祐献","2","0","2"
"大明三年正月癸","1","1","2"
"明三年正月癸巳","1","1","2"
"大明三年三月辛","1","1","2"
"明三年三月辛卯","1","1","2"
"大明五年五月丙","1","1","2"
"明五年五月丙寅","1","1","2"
"大明八年六月甲","1","1","2"
"明八年六月甲子","1","1","2"
"湘州刺史江夏王","1","1","2"
"明帝泰始二年二","1","1","2"
"帝泰始二年二月","1","1","2"
"泰始二年二月乙","1","1","2"
"始二年二月乙亥","1","1","2"
"泰始五年二月己","1","1","2"
"始五年二月己亥","1","1","2"
"始六年十二月乙","1","1","2"
"六年十二月乙未","1","1","2"
"梁州刺史杜幼文","1","1","2"
"废帝元徽三年二","1","1","2"
"帝元徽三年二月","1","1","2"
"元徽三年二月甲","1","1","2"
"徽三年二月甲子","1","1","2"
"西海太守刘善明","1","1","2"
"海太守刘善明献","1","1","2"
"安帝延光三年八","1","1","2"
"帝延光三年八月","1","1","2"
"吴孙权赤乌六年","1","1","2"
"孙权赤乌六年正","1","1","2"
"权赤乌六年正月","1","1","2"
"赤乌十一年五月","1","1","2"
"泰始二年正月己","1","1","2"
"始二年正月己亥","1","1","2"
"泰始二年正月辛","1","1","2"
"始二年正月辛丑","1","1","2"
"武帝咸宁三年二","1","1","2"
"帝咸宁三年二月","1","1","2"
"咸宁三年二月乙","1","1","2"
"宁三年二月乙丑","1","1","2"
"太康四年七月丙","1","1","2"
"康四年七月丙辰","1","1","2"
"文帝咸安二年三","1","1","2"
"帝咸安二年三月","1","1","2"
"晋孝武太元十四","2","0","2"
"孝武太元十四年","2","0","2"
"太元十四年十一","1","1","2"
"元十四年十一月","1","1","2"
"十四年十一月辛","1","1","2"
"四年十一月辛亥","1","1","2"
"武帝永初元年八","1","1","2"
"帝永初元年八月","1","1","2"
"永初元年八月癸","1","1","2"
"初元年八月癸巳","1","1","2"
"少帝景平元年十","1","1","2"
"帝景平元年十月","1","1","2"
"帝元嘉十九年十","1","1","2"
"十五年二月己亥","1","1","2"
"武昌太守蔡兴宗","1","1","2"
"十五年十一月丁","1","1","2"
"五年十一月丁丑","1","1","2"
"二十六年四月戊","1","1","2"
"十六年四月戊戌","1","1","2"
"孝建三年三月壬","1","1","2"
"建三年三月壬子","1","1","2"
"武帝太康三年八","1","1","2"
"帝太康三年八月","1","1","2"
"太康五年九月己","1","1","2"
"康五年九月己酉","1","1","2"
"太康七年五月戊","1","1","2"
"康七年五月戊辰","1","1","2"
"晋成帝咸九年五","2","0","2"
"成帝咸九年五月","2","0","2"
"帝咸九年五月癸","2","0","2"
"咸九年五月癸酉","2","0","2"
"白麞见吴国吴县","2","0","2"
"十二年十一月庚","1","1","2"
"二年十一月庚午","1","1","2"
"宋少帝景平元年","1","1","2"
"少帝景平元年五","1","1","2"
"帝景平元年五月","1","1","2"
"景平元年五月癸","1","1","2"
"文帝元嘉五年四","1","1","2"
"帝元嘉五年四月","1","1","2"
"元嘉五年四月乙","1","1","2"
"嘉五年四月乙巳","1","1","2"
"冀州刺史王方回","1","1","2"
"州刺史王方回献","1","1","2"
"十五年二月己丑","1","1","2"
"十五年四月戊午","1","1","2"
"二十五年五月辛","1","1","2"
"二十六年五月丙","1","1","2"
"十六年五月丙戌","1","1","2"
"元嘉二十七年正","1","1","2"
"嘉二十七年正月","1","1","2"
"二十七年正月己","1","1","2"
"十七年正月己丑","1","1","2"
"二十七年四月癸","1","1","2"
"十七年四月癸丑","1","1","2"
"元嘉二十九年六","1","1","2"
"嘉二十九年六月","1","1","2"
"二十九年六月壬","1","1","2"
"十九年六月壬戌","1","1","2"
"武帝孝建三年六","1","1","2"
"帝孝建三年六月","1","1","2"
"孝建三年六月癸","1","1","2"
"建三年六月癸巳","1","1","2"
"武帝大明元年七","1","1","2"
"帝大明元年七月","1","1","2"
"大明元年七月丁","1","1","2"
"明元年七月丁丑","1","1","2"
"大明二年正月壬","1","1","2"
"明二年正月壬戌","1","1","2"
"阳内史程天祚献","1","1","2"
"大明二年二月辛","1","1","2"
"明二年二月辛丑","1","1","2"
"大明五年九月己","1","1","2"
"明五年九月己巳","1","1","2"
"雍州刺史永嘉王","1","1","2"
"史建安王休仁献","2","0","2"
"明七年正月庚寅","1","1","2"
"史临海王子顼献","2","0","2"
"大明七年六月己","1","1","2"
"明七年六月己巳","1","1","2"
"大明七年九月癸","1","1","2"
"明七年九月癸未","1","1","2"
"泰始三年五月癸","1","1","2"
"始三年五月癸酉","1","1","2"
"史桂阳王休范献","2","0","2"
"始三年五月乙卯","1","1","2"
"泰始五年正月癸","1","1","2"
"始五年正月癸卯","1","1","2"
"废帝元徽元年正","1","1","2"
"帝元徽元年正月","1","1","2"
"元徽元年正月甲","1","1","2"
"徽元年正月甲午","1","1","2"
"宁海太守孙嗣献","1","1","2"
"元嘉二十三年五","1","1","2"
"嘉二十三年五月","1","1","2"
"二十三年五月甲","1","1","2"
"十三年五月甲寅","1","1","2"
"嘉二十三年十月","1","1","2"
"二十三年十月辛","1","1","2"
"十三年十月辛巳","1","1","2"
"营城县民成公会","1","1","2"
"武帝大明元年二","1","1","2"
"帝大明元年二月","1","1","2"
"大明元年二月己","1","1","2"
"明元年二月己亥","1","1","2"
"愍帝建兴三年四","1","1","2"
"帝建兴三年四月","1","1","2"
"建兴三年四月癸","1","1","2"
"兴三年四月癸酉","1","1","2"
"帝元嘉二十年五","1","1","2"
"临沂县鲁尚斯军","1","1","2"
"沂县鲁尚斯军人","1","1","2"
"太傅假黄钺江夏","2","0","2"
"傅假黄钺江夏王","2","0","2"
"假黄钺江夏王义","2","0","2"
"黄钺江夏王义恭","2","0","2"
"钺江夏王义恭献","2","0","2"
"大明元年五月丁","1","1","2"
"明元年五月丁丑","1","1","2"
"大明二年四月甲","1","1","2"
"明二年四月甲申","1","1","2"
"雍州刺史王玄谟","1","1","2"
"帝永平十七年正","1","1","2"
"永平十七年正月","1","1","2"
"平十七年正月戊","1","1","2"
"十七年正月戊子","1","1","2"
"安帝延光三年四","1","1","2"
"帝延光三年四月","1","1","2"
"延光三年四月丙","1","1","2"
"光三年四月丙戌","1","1","2"
"吴孙权赤乌二年","1","1","2"
"孙权赤乌二年三","1","1","2"
"权赤乌二年三月","1","1","2"
"吴孙皓甘露元年","1","1","2"
"孙皓甘露元年四","1","1","2"
"皓甘露元年四月","1","1","2"
"咸宁元年五月戊","1","1","2"
"宁元年五月戊午","1","1","2"
"咸宁二年五月戊","1","1","2"
"宁二年五月戊子","1","1","2"
"愍帝建兴元年六","1","1","2"
"帝建兴元年六月","1","1","2"
"建兴三年八月己","1","1","2"
"元帝太兴三年四","1","1","2"
"帝太兴三年四月","1","1","2"
"明帝泰宁二年正","1","1","2"
"帝泰宁二年正月","1","1","2"
"咸八年四月癸卯","2","0","2"
"庐江襄安县蒋胄","1","1","2"
"吴国钱唐县右乡","1","1","2"
"国钱唐县右乡康","1","1","2"
"钱唐县右乡康巷","1","1","2"
"九年十二月丙辰","1","1","2"
"九年十二月丁巳","1","1","2"
"咸康二年三月甲","1","1","2"
"康二年三月甲戌","1","1","2"
"咸康七年四月丙","1","1","2"
"康七年四月丙子","1","1","2"
"五年十二月己酉","1","1","2"
"文帝咸安二年正","1","1","2"
"帝咸安二年正月","1","1","2"
"帝太元十二年八","1","1","2"
"太元十二年八月","1","1","2"
"永初元年十月庚","1","1","2"
"初元年十月庚午","1","1","2"
"文帝元嘉三年闰","1","1","2"
"帝元嘉三年闰正","1","1","2"
"元嘉三年闰正月","1","1","2"
"嘉三年闰正月己","1","1","2"
"三年闰正月己丑","1","1","2"
"嘉四年十一月辛","1","1","2"
"嘉四年十一月己","1","1","2"
"四年十一月己丑","1","1","2"
"嘉九年十一月壬","1","1","2"
"九年十一月壬子","1","1","2"
"嘉十一年八月甲","1","1","2"
"十一年八月甲辰","1","1","2"
"元嘉十六年三月","1","1","2"
"嘉十六年三月己","1","1","2"
"十六年三月己卯","1","1","2"
"嘉十七年四月丁","1","1","2"
"十七年四月丁丑","1","1","2"
"史江夏王义恭闻","2","0","2"
"徐州刺史赵伯符","1","1","2"
"州刺史赵伯符闻","2","0","2"
"嘉十八年五月甲","1","1","2"
"十八年五月甲申","1","1","2"
"丹阳秣陵卫将军","1","1","2"
"阳秣陵卫将军临","1","1","2"
"秣陵卫将军临川","1","1","2"
"陵卫将军临川王","1","1","2"
"嘉十九年五月丁","1","1","2"
"十九年五月丁卯","1","1","2"
"建康司徒参军督","1","1","2"
"康司徒参军督护","1","1","2"
"司徒参军督护顾","1","1","2"
"徒参军督护顾俊","1","1","2"
"嘉十九年五月乙","1","1","2"
"十九年五月乙亥","1","1","2"
"甘露频降乐游苑","2","0","2"
"甘露降南郡江陵","2","0","2"
"嘉二十二年十二","1","1","2"
"二十二年十二月","1","1","2"
"十二年十二月丁","1","1","2"
"二年十二月丁酉","1","1","2"
"二十三年二月丁","1","1","2"
"二十三年九月丙","1","1","2"
"十三年九月丙子","1","1","2"
"嘉二十三年十二","1","1","2"
"二十三年十二月","1","1","2"
"十三年十二月庚","1","1","2"
"三年十二月庚子","1","1","2"
"甘露频降景阳山","2","0","2"
"元嘉二十四年三","1","1","2"
"嘉二十四年三月","1","1","2"
"二十四年三月甲","1","1","2"
"十四年三月甲寅","1","1","2"
"二十四年十二月","1","1","2"
"十五年十一月庚","1","1","2"
"五年十一月庚辰","1","1","2"
"二十六年三月壬","1","1","2"
"十六年三月壬午","1","1","2"
"二十六年三月庚","1","1","2"
"十六年三月庚寅","1","1","2"
"二十六年四月甲","1","1","2"
"十六年四月甲辰","1","1","2"
"甘露频降豫章南","2","0","2"
"露频降豫章南昌","2","0","2"
"二十七年四月乙","1","1","2"
"十七年四月乙卯","1","1","2"
"二十八年二月戊","1","1","2"
"十八年二月戊辰","1","1","2"
"二十八年二月壬","1","1","2"
"十八年二月壬午","1","1","2"
"孝建二年三月戊","1","1","2"
"建二年三月戊午","1","1","2"
"丹阳秣陵尚书谢","1","1","2"
"阳秣陵尚书谢庄","1","1","2"
"秣陵尚书谢庄园","1","1","2"
"大明五年四月辛","1","1","2"
"明五年四月辛亥","1","1","2"
"太守历阳王子顼","2","0","2"
"守历阳王子顼闻","2","0","2"
"大明五年四月乙","1","1","2"
"明五年四月乙卯","1","1","2"
"大明六年二月戊","1","1","2"
"明六年二月戊午","1","1","2"
"大明七年三月丙","1","1","2"
"明七年三月丙申","1","1","2"
"大明七年十二月","1","1","2"
"明七年十二月辛","1","1","2"
"七年十二月辛丑","1","1","2"
"明帝泰始二年四","1","1","2"
"帝泰始二年四月","1","1","2"
"泰始二年四月己","1","1","2"
"泰始二年四月庚","1","1","2"
"始二年四月庚申","1","1","2"
"丹阳秣陵县舍斋","1","1","2"
"阳秣陵县舍斋前","1","1","2"
"丹阳尹王景文献","1","1","2"
"三年十一月庚申","1","1","2"
"始三年十一月癸","1","1","2"
"泰始三年十二月","1","1","2"
"始三年十二月壬","1","1","2"
"三年十二月壬午","1","1","2"
"史建安王休仁闻","2","0","2"
"汉安帝延光二年","1","1","2"
"安帝延光二年六","1","1","2"
"帝延光二年六月","1","1","2"
"孙权黄龙三年十","1","1","2"
"权黄龙三年十月","1","1","2"
"孙权赤乌七年秋","1","1","2"
"武帝太康四年十","1","1","2"
"帝太康四年十二","1","1","2"
"帝元嘉二年十月","1","1","2"
"嘉禾一茎九穗生","2","0","2"
"二十二年七月癸","1","1","2"
"十二年七月癸酉","1","1","2"
"尉江夏王义恭闻","2","0","2"
"州刺史赵伯符献","1","1","2"
"二十三年七月乙","1","1","2"
"十三年七月乙丑","1","1","2"
"二十三年七月庚","1","1","2"
"十三年七月庚午","1","1","2"
"二十三年九月庚","1","1","2"
"十三年九月庚申","1","1","2"
"嘉禾旅生华林园","2","0","2"
"十五年六月壬寅","1","1","2"
"二十五年七月壬","1","1","2"
"十五年七月壬辰","1","1","2"
"二州刺史杜坦献","1","1","2"
"二十五年八月丙","1","1","2"
"十五年八月丙午","1","1","2"
"江夏国典书令陈","1","1","2"
"夏国典书令陈颖","1","1","2"
"二十五年八月癸","1","1","2"
"十五年八月癸丑","1","1","2"
"元嘉二十六年六","1","1","2"
"嘉二十六年六月","1","1","2"
"二十六年六月甲","1","1","2"
"十六年六月甲寅","1","1","2"
"元嘉二十七年十","1","1","2"
"嘉二十七年十月","1","1","2"
"二十七年十月己","1","1","2"
"十七年十月己丑","1","1","2"
"二十八年七月戊","1","1","2"
"十八年七月戊戌","1","1","2"
"孝建二年六月癸","1","1","2"
"建二年六月癸巳","1","1","2"
"孝建二年九月己","1","1","2"
"建二年九月己丑","1","1","2"
"明元年五月戊午","1","1","2"
"大明元年八月甲","1","1","2"
"明元年八月甲申","1","1","2"
"明六年八月辛未","2","0","2"
"泰始二年七月己","1","1","2"
"始二年七月己酉","1","1","2"
"吴郡嘉兴盐官县","1","1","2"
"二十八年七月癸","1","1","2"
"十八年七月癸卯","1","1","2"
"州刺史建平王宏","2","0","2"
"刺史建平王宏闻","2","0","2"
"汉安帝元初三年","1","1","2"
"安帝元初三年三","1","1","2"
"帝元初三年三月","1","1","2"
"武帝太康三年六","1","1","2"
"帝太康三年六月","1","1","2"
"武帝太康元年十","1","1","2"
"帝太康元年十二","1","1","2"
"太康元年十二月","1","1","2"
"康元年十二月戊","1","1","2"
"武帝大明五年五","1","1","2"
"帝大明五年五月","1","1","2"
"文帝元嘉七年七","1","1","2"
"帝元嘉七年七月","1","1","2"
"元嘉七年七月乙","1","1","2"
"嘉七年七月乙酉","1","1","2"
"元嘉十六年七月","1","1","2"
"嘉十六年七月壬","1","1","2"
"十六年七月壬申","1","1","2"
"元嘉十九年八月","1","1","2"
"嘉十九年八月壬","1","1","2"
"十九年八月壬子","1","1","2"
"嘉二十年六月壬","1","1","2"
"二十年六月壬寅","1","1","2"
"林天渊池芙蓉二","2","0","2"
"天渊池芙蓉二花","2","0","2"
"渊池芙蓉二花一","2","0","2"
"郡后池芙蓉二花","2","0","2"
"乐游苑池二莲同","1","1","2"
"东宫玄圃园池二","1","1","2"
"宫玄圃园池二莲","1","1","2"
"玄圃园池二莲同","1","1","2"
"内监殿守舍人宫","1","1","2"
"监殿守舍人宫勇","1","1","2"
"殿守舍人宫勇民","1","1","2"
"二十三年六月壬","1","1","2"
"十三年六月壬寅","1","1","2"
"二十三年六月辛","1","1","2"
"十三年六月辛丑","1","1","2"
"建二年六月庚寅","1","1","2"
"太始二年八月己","1","1","2"
"始二年八月己未","1","1","2"
"太始五年六月甲","1","1","2"
"始五年六月甲子","1","1","2"
"南台侍御史竺曾","1","1","2"
"台侍御史竺曾度","1","1","2"
"太始六年六月壬","1","1","2"
"始六年六月壬子","1","1","2"
"晋武帝太始二年","1","1","2"
"武帝太始二年六","1","1","2"
"太始二年六月壬","1","1","2"
"太始七年六月己","1","1","2"
"始七年六月己亥","1","1","2"
"汉宣帝神爵四年","1","1","2"
"宣帝神爵四年春","1","1","2"
"汉章帝元三年正","2","0","2"
"章帝元三年正月","2","0","2"
"大明元年五月壬","1","1","2"
"明元年五月壬子","1","1","2"
"始二年三月丙午","1","1","2"
"泰始二年六月己","1","1","2"
"始二年六月己卯","1","1","2"
"始四年十一月辛","1","1","2"
"泰始七年四月戊","1","1","2"
"始七年四月戊申","1","1","2"
"七年四月戊申夜","1","1","2"
"京邑崇虚馆堂前","1","1","2"
"晋武泰始五年七","1","1","2"
"武泰始五年七月","1","1","2"
"泰始五年七月己","1","1","2"
"始五年七月己亥","1","1","2"
"武帝咸宁二年十","1","1","2"
"帝咸宁二年十月","1","1","2"
"咸宁二年十月癸","1","1","2"
"宁二年十月癸亥","1","1","2"
"太康二年八月壬","1","1","2"
"康二年八月壬子","1","1","2"
"太康四年十一月","1","1","2"
"康四年十一月癸","1","1","2"
"太康八年十二月","1","1","2"
"康八年十二月庚","1","1","2"
"八年十二月庚戌","1","1","2"
"十二年九月甲申","1","1","2"
"帝太元十五年三","1","1","2"
"元嘉八年闰六月","1","1","2"
"嘉八年闰六月丁","1","1","2"
"八年闰六月丁亥","1","1","2"
"嘉十三年七月甲","1","1","2"
"十三年七月甲戌","1","1","2"
"嘉十四年正月丙","1","1","2"
"十四年正月丙申","1","1","2"
"嘉十五年七月壬","1","1","2"
"元嘉二十二年三","1","1","2"
"嘉二十二年三月","1","1","2"
"二十四年七月丁","1","1","2"
"十四年七月丁巳","1","1","2"
"二十四年七月己","1","1","2"
"十四年七月己酉","1","1","2"
"二十七年六月丙","1","1","2"
"十七年六月丙午","1","1","2"
"武帝孝建二年正","1","1","2"
"帝孝建二年正月","1","1","2"
"建二年正月庚戌","1","1","2"
"建三年闰三月乙","1","1","2"
"孝武大明元年六","1","1","2"
"武大明元年六月","1","1","2"
"大明元年六月庚","1","1","2"
"明元年六月庚子","1","1","2"
"大明六年六月乙","1","1","2"
"明六年六月乙丑","1","1","2"
"吴孙休永安三年","1","1","2"
"孙休永安三年三","1","1","2"
"休永安三年三月","1","1","2"
"武帝永初二年二","1","1","2"
"帝永初二年二月","1","1","2"
"武帝大明五年六","1","1","2"
"帝大明五年六月","1","1","2"
"大明五年六月戊","1","1","2"
"明五年六月戊子","1","1","2"
"元嘉元年七月壬","1","1","2"
"嘉元年七月壬戌","1","1","2"
"刺史广陵王诞献","2","0","2"
"元嘉二十四年五","1","1","2"
"嘉二十四年五月","1","1","2"
"二十四年五月辛","1","1","2"
"二十六年五月戊","1","1","2"
"十六年五月戊寅","1","1","2"
"二十七年六月壬","1","1","2"
"十七年六月壬辰","1","1","2"
"武帝大明二年五","1","1","2"
"帝大明二年五月","1","1","2"
"大明二年五月乙","1","1","2"
"明二年五月乙巳","1","1","2"
"大明二年五月甲","1","1","2"
"明二年五月甲子","1","1","2"
"大明二年六月甲","1","1","2"
"明二年六月甲戌","1","1","2"
"大明三年五月甲","1","1","2"
"明三年五月甲申","1","1","2"
"郢州刺史孔灵符","1","1","2"
"大明四年六月乙","1","1","2"
"明四年六月乙卯","1","1","2"
"汉桓帝永寿元年","1","1","2"
"桓帝永寿元年四","1","1","2"
"帝永寿元年四月","1","1","2"
"武帝咸宁五年七","1","1","2"
"帝咸宁五年七月","1","1","2"
"咸宁五年七月戊","1","1","2"
"宁五年七月戊辰","1","1","2"
"武帝太康元年五","1","1","2"
"帝太康元年五月","1","1","2"
"太康元年五月庚","1","1","2"
"康元年五月庚午","1","1","2"
"康十年五月丁丑","1","1","2"
"惠帝元康元年四","1","1","2"
"帝元康元年四月","1","1","2"
"元康元年五月戊","1","1","2"
"康元年五月戊戌","1","1","2"
"明帝泰宁二年十","1","1","2"
"帝泰宁二年十一","1","1","2"
"泰宁二年十一月","1","1","2"
"帝太元十一年八","1","1","2"
"太元十一年八月","1","1","2"
"元十一年八月乙","1","1","2"
"十一年八月乙酉","1","1","2"
"武帝永初二年六","1","1","2"
"帝永初二年六月","1","1","2"
"永初二年六月丁","1","1","2"
"初二年六月丁酉","1","1","2"
"帝元嘉二年十一","1","1","2"
"元嘉二年十一月","1","1","2"
"嘉二年十一月丙","1","1","2"
"二年十一月丙辰","1","1","2"
"元嘉三年三月甲","1","1","2"
"嘉三年三月甲戌","1","1","2"
"元嘉十一年六月","1","1","2"
"嘉十一年六月乙","1","1","2"
"十一年六月乙巳","1","1","2"
"嘉十三年三月戊","1","1","2"
"十三年三月戊辰","1","1","2"
"始二年六月丁巳","1","1","2"
"泰始二年九月壬","1","1","2"
"始二年九月壬寅","1","1","2"
"太康二年六月丁","1","1","2"
"康二年六月丁卯","1","1","2"
"太康七年七月庚","1","1","2"
"康七年七月庚午","1","1","2"
"康十年五月丁亥","1","1","2"
"华林园令孙邵获","1","1","2"
"愍帝建武元年四","1","1","2"
"帝建武元年四月","1","1","2"
"尚书仆射刁协献","1","1","2"
"帝太元十六年十","1","1","2"
"太元十六年十二","1","1","2"
"元十六年十二月","1","1","2"
"安帝元兴三年六","1","1","2"
"帝元兴三年六月","1","1","2"
"元兴三年六月丙","1","1","2"
"兴三年六月丙申","1","1","2"
"元嘉元年七月己","1","1","2"
"嘉元年七月己巳","1","1","2"
"元嘉四年七月乙","1","1","2"
"嘉四年七月乙酉","1","1","2"
"嘉十一年五月丁","1","1","2"
"十一年五月丁丑","1","1","2"
"嘉十四年五月甲","1","1","2"
"十四年五月甲午","1","1","2"
"费县员外散骑侍","1","1","2"
"县员外散骑侍郎","1","1","2"
"元嘉十五年五月","1","1","2"
"嘉十五年五月辛","1","1","2"
"元嘉十五年六月","1","1","2"
"元嘉十五年八月","1","1","2"
"元嘉十八年七月","1","1","2"
"二十二年四月丙","1","1","2"
"十二年四月丙子","1","1","2"
"元嘉二十二年闰","1","1","2"
"嘉二十二年闰五","1","1","2"
"二十二年闰五月","1","1","2"
"十二年闰五月丙","1","1","2"
"二年闰五月丙午","1","1","2"
"员外散骑侍郎长","1","1","2"
"外散骑侍郎长沙","1","1","2"
"散骑侍郎长沙王","1","1","2"
"二十二年六月庚","1","1","2"
"十二年六月庚申","1","1","2"
"元嘉二十四年六","1","1","2"
"嘉二十四年六月","1","1","2"
"二十四年六月己","1","1","2"
"十四年六月己亥","1","1","2"
"二十七年六月乙","1","1","2"
"元嘉二十九年四","1","1","2"
"嘉二十九年四月","1","1","2"
"二十九年四月癸","1","1","2"
"十九年四月癸丑","1","1","2"
"孝建二年六月丙","1","1","2"
"建二年六月丙子","1","1","2"
"建三年五月丁卯","1","1","2"
"大明元年四月戊","1","1","2"
"明元年四月戊申","1","1","2"
"明元年五月甲寅","1","1","2"
"明元年五月甲子","1","1","2"
"大明元年六月丁","1","1","2"
"明元年六月丁亥","1","1","2"
"大明元年七月辛","1","1","2"
"明元年七月辛亥","1","1","2"
"大明二年五月丁","1","1","2"
"明二年五月丁未","1","1","2"
"大明二年六月丁","1","1","2"
"明二年六月丁亥","1","1","2"
"荆州刺史硃修闻","2","0","2"
"大明三年四月庚","1","1","2"
"明三年四月庚戌","1","1","2"
"大明三年五月壬","1","1","2"
"明三年五月壬午","1","1","2"
"大明四年五月辛","1","1","2"
"明四年五月辛巳","1","1","2"
"明五年四月庚戌","1","1","2"
"明六年八月辛巳","1","1","2"
"明七年四月乙丑","1","1","2"
"守建平王景素献","2","0","2"
"大明七年五月辛","1","1","2"
"史寻阳王子房献","2","0","2"
"明七年十月丁卯","1","1","2"
"废帝永光元年四","1","1","2"
"帝永光元年四月","1","1","2"
"永光元年四月乙","1","1","2"
"光元年四月乙亥","1","1","2"
"永光元年六月丙","1","1","2"
"光元年六月丙子","1","1","2"
"泰始二年七月戊","1","1","2"
"始二年七月戊子","1","1","2"
"都督征讨诸军建","1","1","2"
"督征讨诸军建安","1","1","2"
"征讨诸军建安王","1","1","2"
"泰始六年七月壬","1","1","2"
"始六年七月壬午","1","1","2"
"明帝泰豫元年六","1","1","2"
"帝泰豫元年六月","1","1","2"
"泰豫元年六月辛","1","1","2"
"豫元年六月辛丑","1","1","2"
"废帝元徽五年四","1","1","2"
"帝元徽五年四月","1","1","2"
"元徽五年四月己","1","1","2"
"徽五年四月己巳","1","1","2"
"武帝太康二年七","1","1","2"
"帝太康二年七月","1","1","2"
"太康十年正月乙","1","1","2"
"康十年正月乙亥","1","1","2"
"元嘉二十四年九","1","1","2"
"嘉二十四年九月","1","1","2"
"汉桓帝永兴二年","1","1","2"
"桓帝永兴二年四","1","1","2"
"帝永兴二年四月","1","1","2"
"帝建兴二年十月","1","1","2"
"大将军刘琨掘地","1","1","2"
"凉州刺史张实遣","1","1","2"
"州刺史张实遣使","1","1","2"
"愍帝建武元年三","1","1","2"
"帝建武元年三月","1","1","2"
"建武元年三月己","1","1","2"
"武元年三月己酉","1","1","2"
"成帝咸康八年九","1","1","2"
"帝咸康八年九月","1","1","2"
"帝义熙十二年六","1","1","2"
"义熙十二年六月","1","1","2"
"明元年五月戊寅","1","1","2"
"明帝泰始五年十","1","1","2"
"帝泰始五年十月","1","1","2"
"泰始五年十月庚","1","1","2"
"始五年十月庚辰","1","1","2"
"西将军蔡兴宗献","1","1","2"
"宋明帝太始二年","1","1","2"
"明帝太始二年十","1","1","2"
"帝太始二年十月","1","1","2"
"太始二年十月己","1","1","2"
"始二年十月己巳","1","1","2"
"武帝咸宁元年正","1","1","2"
"帝咸宁元年正月","1","1","2"
"太康十年十一月","1","1","2"
"惠帝元康元年五","1","1","2"
"帝元康元年五月","1","1","2"
"梁国内史任式上","1","1","2"
"愍帝建兴二年三","1","1","2"
"帝建兴二年三月","1","1","2"
"建兴二年三月庚","1","1","2"
"兴二年三月庚辰","1","1","2"
"愍帝建武元年闰","1","1","2"
"帝建武元年闰月","1","1","2"
"建武元年闰月乙","1","1","2"
"武元年闰月乙丑","1","1","2"
"建武元年八月甲","1","1","2"
"武元年八月甲午","1","1","2"
"武元年十一月癸","1","1","2"
"元年十一月癸酉","1","1","2"
"太兴元年七月戊","1","1","2"
"兴元年七月戊辰","1","1","2"
"太兴三年十一月","1","1","2"
"咸康三年三月庚","1","1","2"
"康三年三月庚戌","1","1","2"
"咸康七年十二月","1","1","2"
"武帝宁康三年六","1","1","2"
"帝宁康三年六月","1","1","2"
"帝太元十一年四","1","1","2"
"太元十一年四月","1","1","2"
"元十一年四月壬","1","1","2"
"太元十八年十月","1","1","2"
"元十八年十月戊","1","1","2"
"十八年十月戊午","1","1","2"
"太元十九年正月","1","1","2"
"元十九年正月丁","1","1","2"
"十九年正月丁亥","1","1","2"
"文帝元嘉八年四","1","1","2"
"帝元嘉八年四月","1","1","2"
"元嘉八年四月乙","1","1","2"
"嘉八年四月乙亥","1","1","2"
"元嘉十二年二月","1","1","2"
"嘉十二年二月丁","1","1","2"
"十二年二月丁卯","1","1","2"
"元嘉十四年二月","1","1","2"
"元嘉十五年二月","1","1","2"
"江州刺史临川王","1","1","2"
"元嘉十七年十月","1","1","2"
"元嘉十八年十二","1","1","2"
"嘉十八年十二月","1","1","2"
"二十二年七月辛","1","1","2"
"十二年七月辛巳","1","1","2"
"二十三年二月辛","1","1","2"
"十三年二月辛亥","1","1","2"
"二十四年二月壬","1","1","2"
"十四年二月壬午","1","1","2"
"临川王第梨树连","2","0","2"
"川王第梨树连理","2","0","2"
"二十四年七月壬","1","1","2"
"十四年七月壬子","1","1","2"
"元嘉二十九年十","1","1","2"
"嘉二十九年十月","1","1","2"
"二十九年十月丁","1","1","2"
"十九年十月丁未","1","1","2"
"武帝孝建二年三","1","1","2"
"帝孝建二年三月","1","1","2"
"冀州刺史垣护闻","2","0","2"
"孝建三年七月癸","1","1","2"
"建三年七月癸未","1","1","2"
"大明元年正月乙","1","1","2"
"明元年正月乙亥","1","1","2"
"大明元年十月丁","1","1","2"
"明元年十月丁丑","1","1","2"
"木连理生豫章南","2","0","2"
"连理生豫章南昌","2","0","2"
"豫州刺史宗悫闻","2","0","2"
"大明三年九月甲","1","1","2"
"明三年九月甲午","1","1","2"
"木连理生丹阳秣","2","0","2"
"连理生丹阳秣陵","2","0","2"
"材官将军范悦时","1","1","2"
"大明四年三月丁","1","1","2"
"明四年三月丁亥","1","1","2"
"木连理生华林园","2","0","2"
"大明四年四月壬","1","1","2"
"明四年四月壬子","1","1","2"
"大明四年六月戊","1","1","2"
"明四年六月戊戌","1","1","2"
"大明五年闰九月","1","1","2"
"明五年十二月戊","1","1","2"
"五年十二月戊寅","1","1","2"
"大明六年二月乙","1","1","2"
"明六年二月乙丑","1","1","2"
"大明六年八月乙","1","1","2"
"明六年八月乙丑","1","1","2"
"徐州刺史王玄谟","1","1","2"
"泰始四年三月庚","1","1","2"
"始四年三月庚戌","1","1","2"
"泰始六年四月丙","1","1","2"
"始六年四月丙午","1","1","2"
"始六年十二月壬","1","1","2"
"泰始七年二月戊","1","1","2"
"始七年二月戊寅","1","1","2"
"汉武帝元封二年","1","1","2"
"宋文帝元嘉十一","1","1","2"
"益州刺史甄法崇","1","1","2"
"汉平帝元始元年","1","1","2"
"平帝元始元年正","1","1","2"
"帝元始元年正月","1","1","2"
"桓帝永康元年十","1","1","2"
"帝永康元年十一","1","1","2"
"咸宁元年四月丁","1","1","2"
"宁元年四月丁巳","1","1","2"
"咸宁元年十二月","1","1","2"
"宁元年十二月丙","1","1","2"
"元年十二月丙午","1","1","2"
"咸宁三年十一月","1","1","2"
"愍帝建兴三年十","1","1","2"
"帝建兴三年十二","1","1","2"
"安帝义熙七年五","1","1","2"
"帝义熙七年五月","1","1","2"
"文帝元嘉五年五","1","1","2"
"帝元嘉五年五月","1","1","2"
"元嘉五年五月庚","1","1","2"
"嘉五年五月庚辰","1","1","2"
"嘉十八年二月癸","1","1","2"
"十八年二月癸亥","1","1","2"
"二十六年三月戊","1","1","2"
"十六年三月戊寅","1","1","2"
"大明二年三月己","1","1","2"
"明二年三月己巳","1","1","2"
"大明八年二月丁","1","1","2"
"明八年二月丁卯","1","1","2"
"永光元年正月丙","1","1","2"
"光元年正月丙午","1","1","2"
"青州刺史王玄谟","1","1","2"
"永光元年三月甲","1","1","2"
"光元年三月甲午","1","1","2"
"州刺史刘德愿献","1","1","2"
"孝建三年九月甲","1","1","2"
"建三年九月甲戌","1","1","2"
"大明二年三月壬","1","1","2"
"明二年三月壬子","1","1","2"
"明帝泰豫元年四","1","1","2"
"帝泰豫元年四月","1","1","2"
"泰豫元年四月乙","1","1","2"
"豫元年四月乙酉","1","1","2"
"汉明帝永平六年","1","1","2"
"明帝永平六年二","1","1","2"
"帝永平六年二月","1","1","2"
"权赤乌十二年六","1","1","2"
"赤乌十二年六月","1","1","2"
"乌十二年六月戊","1","1","2"
"十二年六月戊戌","1","1","2"
"孙皓宝鼎元年八","1","1","2"
"皓宝鼎元年八月","1","1","2"
"帝建兴二年十二","1","1","2"
"晋成帝咸元年十","2","0","2"
"成帝咸元年十月","2","0","2"
"晋成帝咸康五年","1","1","2"
"晋穆帝升平五年","1","1","2"
"穆帝升平五年二","1","1","2"
"帝升平五年二月","1","1","2"
"升平五年二月乙","1","1","2"
"帝元嘉十三年四","1","1","2"
"元嘉十三年四月","1","1","2"
"嘉十三年四月辛","1","1","2"
"嘉十九年九月戊","1","1","2"
"十九年九月戊申","1","1","2"
"嘉二十一年十二","1","1","2"
"江州刺史广陵王","1","1","2"
"武帝孝建三年四","1","1","2"
"帝孝建三年四月","1","1","2"
"孝建三年四月丁","1","1","2"
"建三年四月丁亥","1","1","2"
"孝建三年四月甲","1","1","2"
"建三年四月甲辰","1","1","2"
"泰始五年五月壬","1","1","2"
"始五年五月壬戌","1","1","2"
"州刺史王景文献","1","1","2"
"泰始七年六月甲","1","1","2"
"始七年六月甲寅","1","1","2"
"州刺史段佛荣献","1","1","2"
"帝升明二年九月","1","1","2"
"州刺史刘怀珍献","1","1","2"
"汉宣帝元康二年","1","1","2"
"宣帝元康二年夏","1","1","2"
"宣帝五凤三年正","1","1","2"
"帝五凤三年正月","1","1","2"
"武帝大明七年三","1","1","2"
"帝大明七年三月","1","1","2"
"大明七年三月辛","1","1","2"
"明七年三月辛巳","1","1","2"
"晋惠帝永嘉元年","1","1","2"
"惠帝永嘉元年五","1","1","2"
"帝永嘉元年五月","1","1","2"
"宋明帝泰始三年","1","1","2"
"明帝泰始三年二","1","1","2"
"帝泰始三年二月","1","1","2"
"泰始三年二月壬","1","1","2"
"始三年二月壬寅","1","1","2"
"汉武帝太初三年","1","1","2"
"武帝太初三年二","1","1","2"
"帝太初三年二月","1","1","2"
"太初三年二月五","1","1","2"
"初三年二月五日","1","1","2"
"武帝泰始二年六","1","1","2"
"泰始二年六月壬","1","1","2"
"始三年五月乙亥","1","1","2"
"汉桓帝延熹九年","1","1","2"
"桓帝延熹九年四","1","1","2"
"帝延熹九年四月","1","1","2"
"二十四年二月戊","1","1","2"
"十四年二月戊戌","1","1","2"
"广陵太守范邈上","1","1","2"
"武帝大明五年九","1","1","2"
"帝大明五年九月","1","1","2"
"明五年九月庚戌","1","1","2"
"明帝泰始元年二","1","1","2"
"帝泰始元年二月","1","1","2"
"泰始元年二月丙","1","1","2"
"始元年二月丙寅","1","1","2"
"宋文帝元嘉十六","1","1","2"
"文帝元嘉十六年","1","1","2"
"武帝大明三年五","1","1","2"
"帝大明三年五月","1","1","2"
"大明三年五月癸","1","1","2"
"明三年五月癸巳","1","1","2"
"武帝大明三年十","1","1","2"
"帝大明三年十一","1","1","2"
"明三年十一月己","1","1","2"
"三年十一月己巳","1","1","2"
"大明五年正月戊","1","1","2"
"明五年正月戊午","1","1","2"
"五年正月戊午元","1","1","2"
"始二年五月甲寅","1","1","2"
"始三年十一月乙","1","1","2"
"三年十一月乙卯","1","1","2"
"宁朔将军段佛荣","1","1","2"
"朔将军段佛荣献","1","1","2"
"魏文帝黄初六年","1","1","2"
"文帝黄初六年正","1","1","2"
"帝黄初六年正月","1","1","2"
"元帝太兴三年二","1","1","2"
"帝太兴三年二月","1","1","2"
"太兴三年二月辛","1","1","2"
"兴三年二月辛未","1","1","2"
"十四年十二月乙","1","1","2"
"四年十二月乙巳","1","1","2"
"泰始二年五月丙","1","1","2"
"始二年五月丙午","1","1","2"
"黄城山道士盛道","1","1","2"
"城山道士盛道度","1","1","2"
"山道士盛道度堂","1","1","2"
"道士盛道度堂屋","1","1","2"
"吴兴余杭舍亭禾","1","1","2"
"兴余杭舍亭禾蕈","1","1","2"
"余杭舍亭禾蕈树","1","1","2"
"孙亮太平二年二","1","1","2"
"亮太平二年二月","1","1","2"
"太平二年二月甲","1","1","2"
"平二年二月甲寅","1","1","2"
"惠帝永宁元年十","1","1","2"
"帝永宁元年十月","1","1","2"
"咸康元年八月乙","1","1","2"
"康元年八月乙丑","1","1","2"
"明帝太始二年六","1","1","2"
"升明三年四月乙","1","1","2"
"明三年四月乙亥","1","1","2"
"州刺史刘德愿善","1","1","2"
"魏明帝景初二年","1","1","2"
"晋孝武太元十三","2","0","2"
"孝武太元十三年","2","0","2"
"武太元十三年四","2","0","2"
"广陵高平阎嵩家","1","1","2"
"安帝隆安元年八","1","1","2"
"帝隆安元年八月","1","1","2"
"武帝咸宁元年八","1","1","2"
"帝咸宁元年八月","1","1","2"
"咸宁元年八月丁","1","1","2"
"宁元年八月丁酉","1","1","2"
"魏文帝黄初七年","1","1","2"
"文帝黄初七年正","1","1","2"
"帝黄初七年正月","1","1","2"
"元帝太兴二年六","1","1","2"
"帝太兴二年六月","1","1","2"
"安帝元兴元年正","1","1","2"
"帝元兴元年正月","1","1","2"
"元兴元年正月丙","1","1","2"
"兴元年正月丙子","1","1","2"
"安帝义熙九年五","1","1","2"
"帝义熙九年五月","1","1","2"
"义熙九年五月乙","1","1","2"
"熙九年五月乙酉","1","1","2"
"晋怀帝永嘉元年","1","1","2"
"阳太守殷仲文照","1","1","2"
"齐王正始元年二","1","1","2"
"王正始元年二月","1","1","2"
"孙皓宝鼎元年春","1","1","2"
"皓宝鼎元年春夏","1","1","2"
"晋武帝泰始七年","1","1","2"
"武帝泰始七年五","1","1","2"
"帝泰始七年五月","1","1","2"
"武帝咸宁二年五","1","1","2"
"帝咸宁二年五月","1","1","2"
"襄平县梁水淡渊","1","1","2"
"中书令缪播等九","1","1","2"
"书令缪播等九人","1","1","2"
"元帝太兴四年五","1","1","2"
"帝太兴四年五月","1","1","2"
"文帝咸安二年十","1","1","2"
"帝咸安二年十月","1","1","2"
"威远将军桓石虔","1","1","2"
"征虏将军谢石率","1","1","2"
"虏将军谢石率水","1","1","2"
"将军谢石率水军","1","1","2"
"太元十三年六月","1","1","2"
"冠军将军桓石虔","1","1","2"
"军将军桓石虔进","1","1","2"
"安帝元兴元年七","1","1","2"
"帝元兴元年七月","1","1","2"
"晋安帝义熙六年","1","1","2"
"安帝义熙六年九","1","1","2"
"帝义熙六年九月","1","1","2"
"元嘉二十七年八","1","1","2"
"嘉二十七年八月","1","1","2"
"阿公阿公驾马车","1","1","2"
"遣使者祭石印山","1","1","2"
"使者祭石印山下","1","1","2"
"者祭石印山下妖","1","1","2"
"洛中大鼠长尺二","1","1","2"
"成帝咸康二年十","1","1","2"
"帝咸康二年十二","1","1","2"
"咸康二年十二月","1","1","2"
"晋海西公生皇子","1","1","2"
"黄头小人欲作贼","1","1","2"
"黄头小人欲作乱","1","1","2"
"襄阳道人竺昙林","1","1","2"
"阳道人竺昙林所","1","1","2"
"道人竺昙林所作","1","1","2"
"芦生漫漫竟天半","1","1","2"
"康七年十一月丙","1","1","2"
"七年十一月丙辰","1","1","2"
"晋怀帝永嘉五年","1","1","2"
"晋哀帝隆元年十","2","0","2"
"元十三年四月癸","1","1","2"
"十三年四月癸巳","1","1","2"
"丹阳内史硃逵家","1","1","2"
"吴郡嘉兴张林家","1","1","2"
"文帝元嘉二十九","1","1","2"
"帝元嘉二十九年","1","1","2"
"吴兴东迁孟慧度","1","1","2"
"晋安王子勋称伪","2","0","2"
"安王子勋称伪号","2","0","2"
"秣陵张僧护家犬","1","1","2"
"陵张僧护家犬生","1","1","2"
"晋孝武太元二年","1","1","2"
"孝武太元二年五","1","1","2"
"武太元二年五月","1","1","2"
"太元十四年四月","1","1","2"
"安帝隆安四年四","1","1","2"
"帝隆安四年四月","1","1","2"
"隆安四年四月乙","1","1","2"
"明帝青龙三年正","1","1","2"
"帝青龙三年正月","1","1","2"
"青龙三年正月乙","1","1","2"
"龙三年正月乙亥","1","1","2"
"太康五年五月丁","1","1","2"
"康五年五月丁巳","1","1","2"
"孙亮五凤二年五","1","1","2"
"亮五凤二年五月","1","1","2"
"惠帝元康五年十","1","1","2"
"帝元康五年十二","1","1","2"
"时益州刺史皇甫","1","1","2"
"益州刺史皇甫晏","1","1","2"
"州刺史皇甫晏冒","1","1","2"
"晋车骑大将军东","1","1","2"
"晋惠帝元康八年","1","1","2"
"惠帝元康八年三","1","1","2"
"帝元康八年三月","1","1","2"
"晋武帝太康八年","1","1","2"
"武帝太康八年三","1","1","2"
"帝太康八年三月","1","1","2"
"太康八年三月乙","1","1","2"
"康八年三月乙丑","1","1","2"
"惠帝永兴二年七","1","1","2"
"帝永兴二年七月","1","1","2"
"永兴二年七月甲","1","1","2"
"兴二年七月甲午","1","1","2"
"帝永嘉四年十一","1","1","2"
"永嘉四年十一月","1","1","2"
"安帝元兴元年八","1","1","2"
"帝元兴元年八月","1","1","2"
"元兴元年八月庚","1","1","2"
"兴元年八月庚子","1","1","2"
"元嘉七年十二月","1","1","2"
"嘉七年十二月乙","1","1","2"
"七年十二月乙亥","1","1","2"
"二十九年三月壬","1","1","2"
"十九年三月壬午","1","1","2"
"元徽三年三月戊","1","1","2"
"徽三年三月戊辰","1","1","2"
"孙亮建兴元年九","1","1","2"
"亮建兴元年九月","1","1","2"
"献帝建安二十五","1","1","2"
"帝建安二十五年","1","1","2"
"建安二十五年春","1","1","2"
"安二十五年春正","1","1","2"
"孙亮五凤元年六","1","1","2"
"亮五凤元年六月","1","1","2"
"蜀刘禅景耀五年","1","1","2"
"吴孙皓天纪三年","1","1","2"
"孙皓天纪三年八","1","1","2"
"皓天纪三年八月","1","1","2"
"惠帝元康二年春","1","1","2"
"元康九年六月庚","1","1","2"
"晋孝怀帝永嘉三","1","1","2"
"孝怀帝永嘉三年","1","1","2"
"怀帝永嘉三年冬","1","1","2"
"明帝太宁元年九","1","1","2"
"帝太宁元年九月","1","1","2"
"晋哀帝兴宁三年","1","1","2"
"哀帝兴宁三年五","1","1","2"
"帝兴宁三年五月","1","1","2"
"兴宁三年五月癸","1","1","2"
"宁三年五月癸卯","1","1","2"
"庐陵西昌县修明","1","1","2"
"陵西昌县修明家","1","1","2"
"安帝义熙二年九","1","1","2"
"帝义熙二年九月","1","1","2"
"文帝黄初四年五","1","1","2"
"帝黄初四年五月","1","1","2"
"时诸葛亮连年动","1","1","2"
"权赤乌十二年四","1","1","2"
"赤乌十二年四月","1","1","2"
"吴孙权太元二年","1","1","2"
"孙权太元二年正","1","1","2"
"权太元二年正月","1","1","2"
"吴孙皓建衡三年","1","1","2"
"怀帝永嘉元年二","1","1","2"
"帝永嘉元年二月","1","1","2"
"明帝太宁三年八","1","1","2"
"帝太宁三年八月","1","1","2"
"太宁三年八月庚","1","1","2"
"宁三年八月庚戌","1","1","2"
"帝太元十六年正","1","1","2"
"太元十六年正月","1","1","2"
"少帝景平二年春","1","1","2"
"文帝元嘉二年春","1","1","2"
"晋武帝太康七年","1","1","2"
"武帝太康七年十","1","1","2"
"帝太康七年十一","1","1","2"
"愍帝建兴四年十","1","1","2"
"帝建兴四年十二","1","1","2"
"建兴四年十二月","1","1","2"
"兴四年十二月丙","1","1","2"
"四年十二月丙寅","1","1","2"
"文帝黄初四年六","1","1","2"
"帝黄初四年六月","1","1","2"
"明帝景初元年九","1","1","2"
"帝景初元年九月","1","1","2"
"孙亮五凤元年夏","1","1","2"
"孙休永安四年五","1","1","2"
"休永安四年五月","1","1","2"
"孙休永安五年八","1","1","2"
"休永安五年八月","1","1","2"
"永安五年八月壬","1","1","2"
"安五年八月壬午","1","1","2"
"武帝泰始四年九","1","1","2"
"帝泰始四年九月","1","1","2"
"武帝咸宁元年九","1","1","2"
"帝咸宁元年九月","1","1","2"
"扬郡国二十大水","2","0","2"
"元帝太兴三年六","1","1","2"
"帝太兴三年六月","1","1","2"
"穆帝升平二年五","1","1","2"
"帝升平二年五月","1","1","2"
"元十七年六月甲","1","1","2"
"十七年六月甲寅","1","1","2"
"太元十九年七月","1","1","2"
"安帝隆安三年五","1","1","2"
"帝隆安三年五月","1","1","2"
"时司马元显作威","1","1","2"
"元兴三年二月己","1","1","2"
"兴三年二月己丑","1","1","2"
"帝义熙元年十二","1","1","2"
"义熙元年十二月","1","1","2"
"熙元年十二月己","1","1","2"
"义熙二年十二月","1","1","2"
"熙二年十二月己","1","1","2"
"义熙三年五月丙","1","1","2"
"熙三年五月丙午","1","1","2"
"义熙四年十二月","1","1","2"
"熙四年十二月戊","1","1","2"
"四年十二月戊寅","1","1","2"
"义熙六年五月丁","1","1","2"
"熙六年五月丁巳","1","1","2"
"义熙九年五月辛","1","1","2"
"熙九年五月辛巳","1","1","2"
"义熙十年五月丁","1","1","2"
"熙十年五月丁丑","1","1","2"
"义熙十一年七月","1","1","2"
"熙十一年七月丙","1","1","2"
"十一年七月丙戌","1","1","2"
"文帝元嘉五年六","1","1","2"
"帝元嘉五年六月","1","1","2"
"元嘉十二年六月","1","1","2"
"右军将军裴方明","1","1","2"
"军将军裴方明率","1","1","2"
"武帝孝建元年八","1","1","2"
"帝孝建元年八月","1","1","2"
"顺帝升明元年七","1","1","2"
"帝升明元年七月","1","1","2"
"吴孙权嘉禾三年","1","1","2"
"孙权嘉禾三年九","1","1","2"
"权嘉禾三年九月","1","1","2"
"吴孙权赤乌四年","1","1","2"
"孙权赤乌四年正","1","1","2"
"权赤乌四年正月","1","1","2"
"赤乌十一年四月","1","1","2"
"泰始九年四月辛","1","1","2"
"宁五年五月丁亥","1","1","2"
"太康元年四月庚","1","1","2"
"康元年四月庚午","1","1","2"
"太康二年二月辛","1","1","2"
"康二年二月辛酉","1","1","2"
"太康二年五月丙","1","1","2"
"康二年五月丙戌","1","1","2"
"太康五年七月甲","1","1","2"
"康五年七月甲辰","1","1","2"
"惠帝光熙元年闰","1","1","2"
"帝光熙元年闰八","1","1","2"
"光熙元年闰八月","1","1","2"
"熙元年闰八月甲","1","1","2"
"元年闰八月甲申","1","1","2"
"帝永嘉元年十二","1","1","2"
"愍帝建兴元年十","1","1","2"
"帝建兴元年十一","1","1","2"
"建兴元年十一月","1","1","2"
"兴元年十一月戊","1","1","2"
"太宁二年四月庚","1","1","2"
"宁二年四月庚子","1","1","2"
"太宁三年三月丁","1","1","2"
"宁三年三月丁丑","1","1","2"
"成帝咸康二年正","1","1","2"
"帝咸康二年正月","1","1","2"
"咸康二年正月丁","1","1","2"
"鲁昭公时季孙宿","1","1","2"
"武帝太元二年四","1","1","2"
"帝太元二年四月","1","1","2"
"太元二年四月己","1","1","2"
"元二年四月己酉","1","1","2"
"太元十二年四月","1","1","2"
"元十二年四月己","1","1","2"
"十二年四月己丑","1","1","2"
"太元二十一年四","1","1","2"
"元二十一年四月","1","1","2"
"二十一年四月丁","1","1","2"
"十一年四月丁亥","1","1","2"
"元二十一年十二","1","1","2"
"隆安二年三月乙","1","1","2"
"安二年三月乙卯","1","1","2"
"帝元兴二年十二","1","1","2"
"元兴二年十二月","1","1","2"
"元兴三年四月丙","1","1","2"
"兴三年四月丙午","1","1","2"
"义熙五年三月己","1","1","2"
"熙五年三月己亥","1","1","2"
"义熙五年五月癸","1","1","2"
"熙五年五月癸巳","1","1","2"
"义熙五年九月己","1","1","2"
"熙五年九月己丑","1","1","2"
"义熙八年四月辛","1","1","2"
"义熙十年四月辛","1","1","2"
"熙十年四月辛卯","1","1","2"
"文帝元嘉九年春","1","1","2"
"元嘉十八年三月","1","1","2"
"武帝大明元年十","1","1","2"
"帝大明元年十二","1","1","2"
"大明元年十二月","1","1","2"
"明元年十二月庚","1","1","2"
"元年十二月庚寅","1","1","2"
"明帝泰始五年四","1","1","2"
"泰始五年四月壬","1","1","2"
"始五年四月壬辰","1","1","2"
"废帝元徽三年五","1","1","2"
"帝元徽三年五月","1","1","2"
"元徽三年五月乙","1","1","2"
"徽三年五月乙卯","1","1","2"
"帝太康六年十二","1","1","2"
"太康六年十二月","1","1","2"
"康六年十二月甲","1","1","2"
"六年十二月甲申","1","1","2"
"太康七年十二月","1","1","2"
"康七年十二月己","1","1","2"
"七年十二月己亥","1","1","2"
"康十年十二月癸","1","1","2"
"十年十二月癸卯","1","1","2"
"惠帝永康元年六","1","1","2"
"帝永康元年六月","1","1","2"
"永康元年六月癸","1","1","2"
"康元年六月癸卯","1","1","2"
"晋怀帝永嘉四年","1","1","2"
"帝永嘉四年十月","1","1","2"
"元帝永昌二年七","1","1","2"
"帝永昌二年七月","1","1","2"
"永昌二年七月丙","1","1","2"
"昌二年七月丙子","1","1","2"
"永昌二年十一月","1","1","2"
"明帝太宁元年七","1","1","2"
"帝太宁元年七月","1","1","2"
"太宁元年七月丙","1","1","2"
"宁元年七月丙子","1","1","2"
"三年九月二日立","1","1","2"
"年九月二日立冬","1","1","2"
"升平五年十月庚","1","1","2"
"平五年十月庚午","1","1","2"
"武帝太元五年六","1","1","2"
"帝太元五年六月","1","1","2"
"太元五年六月甲","1","1","2"
"元五年六月甲寅","1","1","2"
"太元五年十二月","1","1","2"
"太元十四年七月","1","1","2"
"元十四年七月甲","1","1","2"
"十四年七月甲寅","1","1","2"
"安帝隆安二年九","1","1","2"
"帝隆安二年九月","1","1","2"
"隆安二年九月壬","1","1","2"
"安二年九月壬辰","1","1","2"
"年十一月辛卯朔","2","0","2"
"义熙五年六月丙","1","1","2"
"熙五年六月丙寅","1","1","2"
"义熙六年十二月","1","1","2"
"熙六年十二月壬","1","1","2"
"元嘉五年六月丙","1","1","2"
"嘉五年六月丙寅","1","1","2"
"元嘉六年正月丙","1","1","2"
"嘉六年正月丙寅","1","1","2"
"嘉九年十一月甲","1","1","2"
"始四年十一月癸","1","1","2"
"四年十一月癸卯","1","1","2"
"元徽三年九月丁","1","1","2"
"元徽三年十月辛","1","1","2"
"帝升明三年二月","1","1","2"
"升明三年二月二","1","1","2"
"明三年二月二十","1","1","2"
"三年二月二十四","1","1","2"
"惠帝元康九年三","1","1","2"
"帝元康九年三月","1","1","2"
"黄门孙虑杀太子","1","1","2"
"洛阳城西北九里","1","1","2"
"吴兴长城县夏架","1","1","2"
"兴长城县夏架山","1","1","2"
"魏齐王嘉平四年","1","1","2"
"齐王嘉平四年五","1","1","2"
"王嘉平四年五月","1","1","2"
"文帝黄初三年七","1","1","2"
"帝黄初三年七月","1","1","2"
"武帝泰始十年六","1","1","2"
"帝泰始十年六月","1","1","2"
"元帝太兴元年六","1","1","2"
"帝太兴元年六月","1","1","2"
"太兴三年五月癸","1","1","2"
"兴三年五月癸丑","1","1","2"
"帝太元十五年八","1","1","2"
"太元十五年八月","1","1","2"
"太元十六年五月","1","1","2"
"怀帝永嘉五年十","1","1","2"
"帝永嘉五年十二","1","1","2"
"永嘉五年十二月","1","1","2"
"武帝太康五年六","1","1","2"
"帝太康五年六月","1","1","2"
"穆帝升平三年二","1","1","2"
"帝升平三年二月","1","1","2"
"魏齐王正始九年","1","1","2"
"齐王正始九年十","1","1","2"
"王正始九年十一","1","1","2"
"正始九年十一月","1","1","2"
"齐王嘉平元年正","1","1","2"
"王嘉平元年正月","1","1","2"
"嘉平元年正月壬","1","1","2"
"平元年正月壬辰","1","1","2"
"吴孙权太元元年","1","1","2"
"孙权太元元年八","1","1","2"
"权太元元年八月","1","1","2"
"兴元年十二月丙","1","1","2"
"元年十二月丙申","1","1","2"
"武帝泰始五年五","1","1","2"
"帝泰始五年五月","1","1","2"
"泰始五年五月辛","1","1","2"
"始五年五月辛卯","1","1","2"
"宁元年五月甲申","1","1","2"
"武帝太康二年五","1","1","2"
"帝太康二年五月","1","1","2"
"惠帝元康四年六","1","1","2"
"帝元康四年六月","1","1","2"
"元康五年四月庚","1","1","2"
"康五年四月庚寅","1","1","2"
"惠帝永康元年二","1","1","2"
"帝永康元年二月","1","1","2"
"康元年十一月戊","1","1","2"
"惠帝永兴元年正","1","1","2"
"帝永兴元年正月","1","1","2"
"永兴元年正月癸","1","1","2"
"兴元年正月癸酉","1","1","2"
"元帝永昌元年七","1","1","2"
"帝永昌元年七月","1","1","2"
"永昌元年七月丙","1","1","2"
"昌元年七月丙寅","1","1","2"
"成帝咸康四年三","1","1","2"
"帝咸康四年三月","1","1","2"
"咸康四年三月壬","1","1","2"
"康四年三月壬辰","1","1","2"
"升平五年正月戊","1","1","2"
"平五年正月戊戌","1","1","2"
"宁康元年三月戊","1","1","2"
"康元年三月戊申","1","1","2"
"武帝太元元年二","1","1","2"
"帝太元元年二月","1","1","2"
"太元元年二月乙","1","1","2"
"元元年二月乙丑","1","1","2"
"太元二年闰三月","1","1","2"
"元二年闰三月甲","1","1","2"
"二年闰三月甲子","1","1","2"
"太元四年八月乙","1","1","2"
"太元十二年正月","1","1","2"
"元十二年正月壬","1","1","2"
"太元十二年七月","1","1","2"
"元十二年七月甲","1","1","2"
"十二年七月甲辰","1","1","2"
"元十七年六月乙","1","1","2"
"安帝元兴二年二","1","1","2"
"帝元兴二年二月","1","1","2"
"元兴二年二月甲","1","1","2"
"兴二年二月甲辰","1","1","2"
"元兴三年十一月","1","1","2"
"兴三年十一月丁","1","1","2"
"三年十一月丁酉","1","1","2"
"义熙五年闰十月","1","1","2"
"熙五年闰十月丁","1","1","2"
"五年闰十月丁亥","1","1","2"
"义熙十年四月己","1","1","2"
"熙十年四月己丑","1","1","2"
"义熙十年六月辛","1","1","2"
"熙十年六月辛亥","1","1","2"
"宋少帝景平二年","1","1","2"
"少帝景平二年正","1","1","2"
"帝景平二年正月","1","1","2"
"景平二年正月癸","1","1","2"
"平二年正月癸亥","1","1","2"
"二十六年二月庚","1","1","2"
"十六年二月庚申","1","1","2"
"永光元年正月乙","1","1","2"
"始二年三月丙申","1","1","2"
"泰始二年四月甲","1","1","2"
"始二年四月甲子","1","1","2"
"泰始二年五月丁","1","1","2"
"始二年五月己酉","1","1","2"
"泰始二年九月乙","1","1","2"
"始二年九月乙巳","1","1","2"
"元徽三年三月丁","1","1","2"
"徽三年三月丁卯","1","1","2"
"元徽三年六月甲","1","1","2"
"徽三年六月甲戌","1","1","2"
"元徽五年六月甲","1","1","2"
"徽五年六月甲寅","1","1","2"
"乡公正元二年闰","1","1","2"
"公正元二年闰正","1","1","2"
"正元二年闰正月","1","1","2"
"元二年闰正月戊","1","1","2"
"二年闰正月戊戌","1","1","2"
"帝太元十三年十","1","1","2"
"惠帝元康二年九","1","1","2"
"帝元康二年九月","1","1","2"
"元帝太兴四年十","1","1","2"
"帝太兴四年十二","1","1","2"
"太兴四年十二月","1","1","2"
"蜀刘备章武二年","1","1","2"
"安帝元兴元年十","1","1","2"
"帝元兴元年十月","1","1","2"
"元兴元年十月丙","1","1","2"
"兴元年十月丙申","1","1","2"
"宋文帝元嘉十八","1","1","2"
"帝元嘉十八年秋","1","1","2"
"元嘉十八年秋七","1","1","2"
"嘉十八年秋七月","1","1","2"
"明帝青龙二年十","1","1","2"
"帝青龙二年十一","1","1","2"
"州刺史胡质击退","1","1","2"
"吴孙权赤乌十一","1","1","2"
"孙权赤乌十一年","1","1","2"
"权赤乌十一年二","1","1","2"
"赤乌十一年二月","1","1","2"
"咸宁四年六月丁","1","1","2"
"太兴二年五月癸","1","1","2"
"兴二年五月癸丑","1","1","2"
"太兴三年四月庚","1","1","2"
"兴三年四月庚寅","1","1","2"
"元十五年三月己","1","1","2"
"十五年三月己酉","1","1","2"
"元十八年正月癸","1","1","2"
"十八年正月癸亥","1","1","2"
"安帝义熙四年正","1","1","2"
"帝义熙四年正月","1","1","2"
"义熙五年正月戊","1","1","2"
"熙五年正月戊戌","1","1","2"
"五年正月戊戌夜","1","1","2"
"嘉十五年七月辛","1","1","2"
"大明六年七月甲","1","1","2"
"明六年七月甲申","1","1","2"
"州刺史夏侯祖权","1","1","2"
"刺史夏侯祖权卒","1","1","2"
"泰始四年七月己","1","1","2"
"始四年七月己酉","1","1","2"
"明帝泰豫元年闰","1","1","2"
"帝泰豫元年闰七","1","1","2"
"泰豫元年闰七月","1","1","2"
"豫元年闰七月甲","1","1","2"
"元年闰七月甲申","1","1","2"
"吴孙权赤乌十三","1","1","2"
"权赤乌十三年八","1","1","2"
"赤乌十三年八月","1","1","2"
"元康四年五月壬","1","1","2"
"康四年五月壬子","1","1","2"
"永嘉三年七月戊","1","1","2"
"嘉三年七月戊辰","1","1","2"
"惠帝元康九年六","1","1","2"
"帝元康九年六月","1","1","2"
"元康九年六月夜","1","1","2"
"晋安帝义熙八年","1","1","2"
"安帝义熙八年三","1","1","2"
"帝义熙八年三月","1","1","2"
"义熙八年三月壬","1","1","2"
"熙八年三月壬寅","1","1","2"
"义熙十年五月戊","1","1","2"
"熙十年五月戊寅","1","1","2"
"吴孙亮太平三年","1","1","2"
"孙皓宝鼎元年十","1","1","2"
"皓宝鼎元年十二","1","1","2"
"宝鼎元年十二月","1","1","2"
"宋后废帝元徽三","1","1","2"
"废帝元徽三年四","1","1","2"
"帝元徽三年四月","1","1","2"
"蜀车骑将军邓芝","1","1","2"
"乡公正元元年冬","1","1","2"
"公正元元年冬十","1","1","2"
"正元元年冬十月","1","1","2"
"元元年冬十月戊","1","1","2"
"元年冬十月戊戌","1","1","2"
"乡公甘露元年正","1","1","2"
"公甘露元年正月","1","1","2"
"武帝太康五年正","1","1","2"
"帝太康五年正月","1","1","2"
"帝建兴二年十一","1","1","2"
"建兴二年十一月","1","1","2"
"元康五年三月癸","1","1","2"
"康五年三月癸巳","1","1","2"
"康九年十一月戊","1","1","2"
"九年十一月戊寅","1","1","2"
"晋孝怀帝永嘉六","1","1","2"
"孝怀帝永嘉六年","1","1","2"
"成帝咸康八年五","1","1","2"
"帝咸康八年五月","1","1","2"
"咸康八年五月甲","1","1","2"
"康八年五月甲戌","1","1","2"
"安帝隆安四年十","1","1","2"
"帝隆安四年十月","1","1","2"
"元帝咸熙二年八","1","1","2"
"帝咸熙二年八月","1","1","2"
"宁元年十二月甲","1","1","2"
"惠帝太安元年四","1","1","2"
"帝太安元年四月","1","1","2"
"太安元年四月癸","1","1","2"
"安元年四月癸酉","1","1","2"
"新蔡县吏任侨妻","1","1","2"
"时内史吕会上言","1","1","2"
"元帝太兴三年十","1","1","2"
"帝太兴三年十二","1","1","2"
"太兴三年十二月","1","1","2"
"晋明帝太宁二年","1","1","2"
"明帝太宁二年七","1","1","2"
"帝太宁二年七月","1","1","2"
"丹阳江宁侯纪妻","1","1","2"
"阳江宁侯纪妻死","1","1","2"
"成帝咸康四年十","1","1","2"
"帝咸康四年十一","1","1","2"
"咸康四年十一月","1","1","2"
"康四年十一月辛","1","1","2"
"四年十一月辛丑","1","1","2"
"卫将军营督过望","1","1","2"
"晋孝武帝宁康初","1","1","2"
"荆州武宁县人杨","1","1","2"
"州武宁县人杨始","1","1","2"
"武宁县人杨始欢","1","1","2"
"明帝泰豫元年正","1","1","2"
"帝泰豫元年正月","1","1","2"
"文帝黄初四年三","1","1","2"
"帝黄初四年三月","1","1","2"
"明帝青龙二年四","1","1","2"
"帝青龙二年四月","1","1","2"
"武帝咸宁元年十","1","1","2"
"帝咸宁元年十一","1","1","2"
"咸宁元年十一月","1","1","2"
"武帝太康三年春","1","1","2"
"惠帝元康二年十","1","1","2"
"帝元康二年十一","1","1","2"
"元康二年十一月","1","1","2"
"帝永昌元年十一","1","1","2"
"永昌元年十一月","1","1","2"
"武帝太元五年五","1","1","2"
"帝太元五年五月","1","1","2"
"帝义熙元年十月","1","1","2"
"文帝元嘉四年五","1","1","2"
"帝元嘉四年五月","1","1","2"
"黄初二年六月戊","1","1","2"
"初二年六月戊辰","1","1","2"
"黄初三年正月丙","1","1","2"
"初三年正月丙寅","1","1","2"
"初五年十一月戊","1","1","2"
"五年十一月戊申","1","1","2"
"五年十一月戊戌","1","1","2"
"王正始元年七月","1","1","2"
"正始元年七月戊","1","1","2"
"始元年七月戊申","1","1","2"
"正始三年四月戊","1","1","2"
"始三年四月戊戌","1","1","2"
"正始八年二月庚","1","1","2"
"始八年二月庚午","1","1","2"
"正始九年正月乙","1","1","2"
"高贵乡公甘露四","1","1","2"
"贵乡公甘露四年","1","1","2"
"乡公甘露四年七","1","1","2"
"公甘露四年七月","1","1","2"
"甘露四年七月戊","1","1","2"
"露四年七月戊子","1","1","2"
"甘露五年正月乙","1","1","2"
"露五年正月乙酉","1","1","2"
"魏元帝景元二年","1","1","2"
"元帝景元二年五","1","1","2"
"帝景元二年五月","1","1","2"
"景元二年五月丁","1","1","2"
"元二年五月丁未","1","1","2"
"景元三年三月己","1","1","2"
"元三年三月己亥","1","1","2"
"武帝泰始二年七","1","1","2"
"泰始二年七月丙","1","1","2"
"始二年七月丙午","1","1","2"
"泰始八年十月辛","1","1","2"
"泰始九年四月戊","1","1","2"
"始九年四月戊辰","1","1","2"
"咸宁元年七月甲","1","1","2"
"宁元年七月甲申","1","1","2"
"咸宁三年正月丙","1","1","2"
"宁三年正月丙子","1","1","2"
"太康四年三月辛","1","1","2"
"康四年三月辛丑","1","1","2"
"太康六年八月丙","1","1","2"
"康六年八月丙戌","1","1","2"
"太康七年正月甲","1","1","2"
"康七年正月甲寅","1","1","2"
"太康八年正月戊","1","1","2"
"康八年正月戊申","1","1","2"
"太康九年六月庚","1","1","2"
"惠帝元康九年十","1","1","2"
"永康元年四月辛","1","1","2"
"康元年四月辛卯","1","1","2"
"惠帝永宁元年闰","1","1","2"
"帝永宁元年闰三","1","1","2"
"永宁元年闰三月","1","1","2"
"宁元年闰三月丙","1","1","2"
"元年闰三月丙戌","1","1","2"
"惠帝光熙元年正","1","1","2"
"帝光熙元年正月","1","1","2"
"光熙元年正月戊","1","1","2"
"熙元年正月戊子","1","1","2"
"元年正月戊子朔","1","1","2"
"永嘉二年正月丙","1","1","2"
"嘉二年正月丙午","1","1","2"
"建兴四年六月丁","1","1","2"
"兴四年六月丁巳","1","1","2"
"太兴元年四月丁","1","1","2"
"兴元年四月丁丑","1","1","2"
"明帝太宁三年十","1","1","2"
"帝太宁三年十一","1","1","2"
"太宁三年十一月","1","1","2"
"宁三年十一月癸","1","1","2"
"三年十一月癸巳","1","1","2"
"成帝咸康元年十","1","1","2"
"帝咸康元年十月","1","1","2"
"咸康元年十月乙","1","1","2"
"咸康七年二月甲","1","1","2"
"康七年二月甲子","1","1","2"
"十二年十月癸巳","1","1","2"
"穆帝升平四年八","1","1","2"
"帝升平四年八月","1","1","2"
"升平四年八月辛","1","1","2"
"平四年八月辛丑","1","1","2"
"元年十二月戊午","1","1","2"
"武帝宁康三年十","1","1","2"
"帝宁康三年十月","1","1","2"
"宁康三年十月癸","1","1","2"
"康三年十月癸酉","1","1","2"
"晋孝武帝太元四","1","1","2"
"武帝太元四年闰","1","1","2"
"帝太元四年闰月","1","1","2"
"太元四年闰月己","1","1","2"
"元四年闰月己酉","1","1","2"
"太元六年六月庚","1","1","2"
"元六年六月庚子","1","1","2"
"太元九年十月辛","1","1","2"
"元九年十月辛亥","1","1","2"
"太元十七年五月","1","1","2"
"元十七年五月丁","1","1","2"
"十七年五月丁卯","1","1","2"
"太元二十年三月","1","1","2"
"元二十年三月庚","1","1","2"
"二十年三月庚辰","1","1","2"
"惠帝永兴元年十","1","1","2"
"帝永兴元年十一","1","1","2"
"永兴元年十一月","1","1","2"
"光熙元年五月癸","1","1","2"
"嘉元年十一月乙","1","1","2"
"元年十一月乙亥","1","1","2"
"永嘉五年三月庚","1","1","2"
"嘉五年三月庚申","1","1","2"
"愍帝建武元年正","1","1","2"
"帝建武元年正月","1","1","2"
"建武元年正月庚","1","1","2"
"武元年正月庚子","1","1","2"
"元帝太兴四年三","1","1","2"
"帝太兴四年三月","1","1","2"
"太兴四年三月癸","1","1","2"
"兴四年三月癸亥","1","1","2"
"帝永昌元年十月","1","1","2"
"永昌元年十月辛","1","1","2"
"昌元年十月辛卯","1","1","2"
"太宁元年正月己","1","1","2"
"宁元年正月己丑","1","1","2"
"咸康八年正月壬","1","1","2"
"康八年正月壬申","1","1","2"
"安帝元兴元年二","1","1","2"
"帝元兴元年二月","1","1","2"
"元兴元年二月甲","1","1","2"
"安帝义熙元年五","1","1","2"
"帝义熙元年五月","1","1","2"
"义熙元年五月庚","1","1","2"
"熙元年五月庚午","1","1","2"
"恭帝元熙二年正","1","1","2"
"帝元熙二年正月","1","1","2"
"元熙二年正月壬","1","1","2"
"熙二年正月壬辰","1","1","2"
"怀帝永嘉五年三","1","1","2"
"帝永嘉五年三月","1","1","2"
"永嘉五年三月丙","1","1","2"
"嘉五年三月丙申","1","1","2"
"安帝义熙九年十","1","1","2"
"帝义熙九年十二","1","1","2"
"义熙九年十二月","1","1","2"
"熙九年十二月辛","1","1","2"
"九年十二月辛卯","1","1","2"
"武帝大明七年十","1","1","2"
"帝大明七年十一","1","1","2"
"废帝元徽三年三","1","1","2"
"帝元徽三年三月","1","1","2"
"元徽三年三月乙","1","1","2"
"徽三年三月乙亥","1","1","2"
"废帝元徽二年八","1","1","2"
"帝元徽二年八月","1","1","2"
"元徽二年八月壬","1","1","2"
"徽二年八月壬子","1","1","2"
"后帝升明元年九","1","1","2"
"帝升明元年九月","1","1","2"
"升明元年九月乙","1","1","2"
"汉献帝建安十六","1","1","2"
"献帝建安十六年","1","1","2"
"扬州府禁防参军","1","1","2"
"京都水一千三百","2","0","2"
"一千三百五十五","1","1","2"
"晋太康三年地志","1","1","2"
"京都水一千七百","2","0","2"
"汉献帝初平二年","1","1","2"
"汉献帝初平三年","1","1","2"
"晋孝武宁康三年","1","1","2"
"汉献帝建安十三","1","1","2"
"献帝建安十三年","1","1","2"
"汉武帝元狩六年","1","1","2"
"明帝永平十五年","1","1","2"
"分下邳淮南临淮","2","0","2"
"废帝元徽五年五","1","1","2"
"帝元徽五年五月","1","1","2"
"京都陆一千三百","2","0","2"
"帝义熙中土断立","2","0","2"
"孝武大明元年复","2","0","2"
"武大明元年复立","2","0","2"
"帝元徽元年度属","2","0","2"
"宋明帝泰始五年","1","1","2"
"青州刺史王镇恶","1","1","2"
"时浚征北府行参","1","1","2"
"浚征北府行参军","1","1","2"
"征北府行参军吴","1","1","2"
"北府行参军吴郡","1","1","2"
"刘毅抚军记室参","1","1","2"
"毅抚军记室参军","1","1","2"
"建威府中兵参军","1","1","2"
"宁南北秦七州诸","2","0","2"
"南北秦七州诸军","2","0","2"
"北秦七州诸军事","2","0","2"
"辅国府中兵参军","1","1","2"
"国府中兵参军乐","1","1","2"
"左光禄大夫臣亮","2","0","2"
"征北将军臣道济","2","0","2"
"东莞七郡诸军事","1","1","2"
"永修县开国公檀","1","1","2"
"修县开国公檀道","1","1","2"
"县开国公檀道济","1","1","2"
"开国公檀道济统","1","1","2"
"时益州刺史萧摹","1","1","2"
"竟陵内史殷道鸾","1","1","2"
"车骑大将军王弘","1","1","2"
"统参军事建武将","1","1","2"
"参军事建武将军","1","1","2"
"军事建武将军建","1","1","2"
"事建武将军建平","1","1","2"
"建武将军建平太","1","1","2"
"武将军建平太守","1","1","2"
"将军建平太守安","1","1","2"
"军建平太守安泰","1","1","2"
"宣威将军昭弘宗","1","1","2"
"参军事宣威将军","1","1","2"
"军事宣威将军王","1","1","2"
"事宣威将军王绍","1","1","2"
"长宁太守窦应期","1","1","2"
"中兵参军孔延秀","1","1","2"
"兵参军孔延秀率","1","1","2"
"阳王义季右军参","2","0","2"
"王义季右军参军","2","0","2"
"封阆中县五等侯","1","1","2"
"青州刺史檀祗镇","1","1","2"
"伪辅国将军符嗣","1","1","2"
"伪龙骧将军金符","1","1","2"
"龙骧将军金符青","1","1","2"
"怀肃督江夏九郡","1","1","2"
"淮南历阳二郡太","1","1","2"
"南历阳二郡太守","1","1","2"
"追赠金紫光禄大","2","0","2"
"赠金紫光禄大夫","2","0","2"
"食邑二百五十户","1","1","2"
"督江州豫州西阳","2","0","2"
"江州豫州西阳新","2","0","2"
"州豫州西阳新蔡","2","0","2"
"豫州西阳新蔡汝","2","0","2"
"州西阳新蔡汝南","2","0","2"
"西阳新蔡汝南颍","2","0","2"
"阳新蔡汝南颍川","2","0","2"
"新蔡汝南颍川司","2","0","2"
"蔡汝南颍川司州","2","0","2"
"汝南颍川司州恆","2","0","2"
"南颍川司州恆农","2","0","2"
"颍川司州恆农扬","2","0","2"
"川司州恆农扬州","2","0","2"
"司州恆农扬州松","2","0","2"
"州恆农扬州松滋","2","0","2"
"恆农扬州松滋六","2","0","2"
"农扬州松滋六郡","2","0","2"
"扬州松滋六郡诸","2","0","2"
"州松滋六郡诸军","2","0","2"
"时荆州刺史司马","1","1","2"
"汉嘉太守冯迁率","1","1","2"
"嘉太守冯迁率兵","1","1","2"
"振武将军张季仁","1","1","2"
"时益州刺史鲍陋","1","1","2"
"振武将军沈田子","1","1","2"
"武将军沈田子等","1","1","2"
"将军沈田子等讨","1","1","2"
"军沈田子等讨平","1","1","2"
"沈田子等讨平始","1","1","2"
"田子等讨平始兴","1","1","2"
"南兗州刺史长沙","2","0","2"
"兗州刺史长沙王","2","0","2"
"世子中军府长史","1","1","2"
"义恭骠骑户曹参","1","1","2"
"恭骠骑户曹参军","1","1","2"
"阳王子尚抚军司","2","0","2"
"王子尚抚军司马","2","0","2"
"督豫司二州诸军","1","1","2"
"豫司二州诸军事","1","1","2"
"时北青州刺史刘","1","1","2"
"阳平二郡太守孙","1","1","2"
"平二郡太守孙全","1","1","2"
"军将军刘敬宣等","1","1","2"
"犹少序节物一句","1","1","2"
"诞固陈修等玄志","2","0","2"
"固陈修等玄志趣","2","0","2"
"陈修等玄志趣同","2","0","2"
"时广州刺史吴隐","1","1","2"
"尚书吏部郎王腾","1","1","2"
"参大司马琅邪王","2","0","2"
"大司马琅邪王军","2","0","2"
"司马琅邪王军事","2","0","2"
"南郡州陵县五等","1","1","2"
"郡州陵县五等侯","1","1","2"
"时会稽王世子元","2","0","2"
"大将军文学祭酒","1","1","2"
"楚台员外散骑侍","1","1","2"
"台员外散骑侍郎","1","1","2"
"尚书令省事倪宗","1","1","2"
"军将军会稽王第","1","1","2"
"将军会稽王第二","1","1","2"
"安北中兵参军沈","1","1","2"
"北中兵参军沈庆","1","1","2"
"散骑侍郎徐爰乘","1","1","2"
"骑侍郎徐爰乘驿","1","1","2"
"南谯王义宣司空","2","0","2"
"右将军王玄谟乘","1","1","2"
"义庆平西府主簿","1","1","2"
"前司徒左长史王","1","1","2"
"司徒左长史王准","1","1","2"
"前散骑常侍江夏","1","1","2"
"散骑常侍江夏公","1","1","2"
"骑常侍江夏公卫","1","1","2"
"祠部郎荀伯子表","2","0","2"
"车骑将军王弘称","1","1","2"
"山阳公刘康子弟","1","1","2"
"阳公刘康子弟一","1","1","2"
"公刘康子弟一人","1","1","2"
"浚后军功曹记室","1","1","2"
"后军功曹记室参","1","1","2"
"军功曹记室参军","1","1","2"
"高祖太尉行参军","2","0","2"
"侍中右卫将军王","1","1","2"
"中右卫将军王华","1","1","2"
"侍中骁骑将军王","1","1","2"
"中骁骑将军王昙","1","1","2"
"骁骑将军王昙首","1","1","2"
"太子詹事刘湛代","1","1","2"
"西掖门外晋鄱阳","1","1","2"
"华林园延贤堂召","1","1","2"
"军将军刘毅镇姑","2","0","2"
"将军刘毅镇姑孰","2","0","2"
"西中郎中军参军","1","1","2"
"南台治书侍御史","1","1","2"
"随道怜北征广固","1","1","2"
"时太祖经略河南","1","1","2"
"江夏王义恭抚军","2","0","2"
"东安二郡诸军事","1","1","2"
"高祖西讨司马休","1","1","2"
"御史中丞傅隆所","1","1","2"
"司徒左西属王深","1","1","2"
"御史中丞刘损所","2","0","2"
"史中丞刘损所奏","2","0","2"
"义康大将军记室","1","1","2"
"康大将军记室参","1","1","2"
"大将军记室参军","1","1","2"
"广州人周灵甫家","1","1","2"
"大将军府史仲承","1","1","2"
"将军府史仲承祖","1","1","2"
"行护军将军臧质","2","0","2"
"护军将军臧质等","1","1","2"
"近员外散骑侍郎","1","1","2"
"员外散骑侍郎孔","1","1","2"
"外散骑侍郎孔熙","1","1","2"
"散骑侍郎孔熙先","1","1","2"
"始兴王征北长史","1","1","2"
"太祖第十五女南","1","1","2"
"祖第十五女南阳","1","1","2"
"第十五女南阳公","1","1","2"
"十五女南阳公主","1","1","2"
"光禄勋车仲远代","1","1","2"
"南中郎谘议参军","1","1","2"
"孙季高海道袭广","2","0","2"
"季高海道袭广州","2","0","2"
"徐兗二州诸军事","2","0","2"
"迁南谯王义宣司","2","0","2"
"安蛮司马刘康祖","1","1","2"
"安北司马王玄谟","1","1","2"
"州刺史王玄谟等","1","1","2"
"刺史王玄谟等水","1","1","2"
"史王玄谟等水军","1","1","2"
"殿中将军沈灵赐","1","1","2"
"西阳太守鲁方平","1","1","2"
"鄱阳太守杜仲儒","1","1","2"
"铄抚军右军司马","1","1","2"
"尚书都官曹郎中","1","1","2"
"大司马参军刘天","1","1","2"
"司马参军刘天赐","1","1","2"
"子尚车骑中兵参","1","1","2"
"尚车骑中兵参军","1","1","2"
"军主范潜率五百","2","0","2"
"主范潜率五百人","2","0","2"
"范潜率五百人投","2","0","2"
"遣宁朔将军江方","1","1","2"
"宁朔将军江方兴","1","1","2"
"长水校尉王玄载","1","1","2"
"高遵世屯骑校尉","1","1","2"
"时荆州刺史建平","1","1","2"
"荆州刺史建平王","1","1","2"
"受郢州刺史晋熙","1","1","2"
"巴东太守刘攘兵","1","1","2"
"建平太守刘道欣","1","1","2"
"刘道欣坚守建平","1","1","2"
"长子司徒左长史","1","1","2"
"辅国将军录事参","1","1","2"
"国将军录事参军","1","1","2"
"辅国将军中兵参","1","1","2"
"国将军中兵参军","1","1","2"
"将军中兵参军沈","1","1","2"
"军中兵参军沈韶","1","1","2"
"将军中兵参军皇","1","1","2"
"军中兵参军皇甫","1","1","2"
"将军中兵参军胡","1","1","2"
"军中兵参军胡钦","1","1","2"
"龙骧将军中兵参","1","1","2"
"骧将军中兵参军","1","1","2"
"将军中兵参军东","1","1","2"
"军中兵参军东门","1","1","2"
"中兵参军东门道","1","1","2"
"兵参军东门道顺","1","1","2"
"游击将军湘南县","1","1","2"
"击将军湘南县开","1","1","2"
"将军湘南县开国","1","1","2"
"军湘南县开国男","1","1","2"
"湘南县开国男新","1","1","2"
"督湘州诸军事征","1","1","2"
"湘州诸军事征虏","1","1","2"
"州诸军事征虏将","1","1","2"
"诸军事征虏将军","1","1","2"
"军事征虏将军湘","1","1","2"
"事征虏将军湘州","1","1","2"
"征虏将军湘州刺","1","1","2"
"虏将军湘州刺史","1","1","2"
"将军湘州刺史军","1","1","2"
"军湘州刺史军主","1","1","2"
"湘州刺史军主吕","1","1","2"
"州刺史军主吕安","1","1","2"
"刺史军主吕安国","1","1","2"
"宁朔将军崔慧景","1","1","2"
"辅国将军军主任","1","1","2"
"辅国将军骁骑将","1","1","2"
"国将军骁骑将军","1","1","2"
"辅国将军游击将","1","1","2"
"国将军游击将军","1","1","2"
"将军游击将军军","1","1","2"
"军游击将军军主","1","1","2"
"游击将军军主垣","1","1","2"
"击将军军主垣崇","1","1","2"
"将军军主垣崇祖","1","1","2"
"宁朔将军虎贲中","1","1","2"
"将军虎贲中郎将","1","1","2"
"屯骑校尉南城令","1","1","2"
"骑校尉南城令曹","1","1","2"
"校尉南城令曹虎","1","1","2"
"尉南城令曹虎头","1","1","2"
"中兵参军公孙方","1","1","2"
"兵参军公孙方平","1","1","2"
"建宁太守张谟率","1","1","2"
"升明二年正月十","1","1","2"
"明二年正月十九","1","1","2"
"二年正月十九日","1","1","2"
"年正月十九日夜","1","1","2"
"全景文共乘小船","1","1","2"
"仓曹参军事边荣","1","1","2"
"元嘉二十八年春","1","1","2"
"封宁陵县五等侯","1","1","2"
"太保华容文昭公","1","1","2"
"受辅国将军萧斌","1","1","2"
"黄门侍郎宗灵秀","1","1","2"
"义康司徒行参军","1","1","2"
"诞北中郎中兵参","1","1","2"
"左将军刘怀肃居","1","1","2"
"豫州刺史刘怀武","1","1","2"
"州刺史刘怀武居","1","1","2"
"中兵参军杜幼文","1","1","2"
"兵参军杜幼文率","1","1","2"
"参军杜幼文率兵","1","1","2"
"建武将军锡千秋","1","1","2"
"三千人向骆谷南","1","1","2"
"千人向骆谷南口","1","1","2"
"千人向斜谷南口","1","1","2"
"督益宁二州诸军","1","1","2"
"益宁二州诸军事","1","1","2"
"俸禄二百八十万","1","1","2"
"中兵参军韦山松","1","1","2"
"封永新县五等侯","2","0","2"
"彭城王义康右军","1","1","2"
"城王义康右军骠","1","1","2"
"王义康右军骠骑","1","1","2"
"义康右军骠骑参","1","1","2"
"康右军骠骑参军","1","1","2"
"前西阳太守张牧","1","1","2"
"弟前司空参军宝","1","1","2"
"前司空参军宝先","1","1","2"
"吴郡太守王昙生","1","1","2"
"抚军长史沈怀文","1","1","2"
"抚军中兵参军孔","1","1","2"
"前司兵参军孔桓","1","1","2"
"本郡太守王昙生","1","1","2"
"时大将军彭城王","1","1","2"
"左光禄大夫蔡兴","1","1","2"
"光禄大夫蔡兴宗","1","1","2"
"宏中军录事参军","1","1","2"
"使虏发轻骑三千","2","0","2"
"江夏王义恭大司","1","1","2"
"夏王义恭大司马","1","1","2"
"王义恭大司马行","1","1","2"
"义恭大司马行参","1","1","2"
"恭大司马行参军","1","1","2"
"迁西阳王子尚抚","2","0","2"
"子尚抚军中兵参","1","1","2"
"尚抚军中兵参军","1","1","2"
"竟陵王诞广陵反","2","0","2"
"安王子鸾抚军中","2","0","2"
"王子鸾抚军中兵","2","0","2"
"前征虏长史邓胤","1","1","2"
"安王子勋镇军长","2","0","2"
"王子勋镇军长史","2","0","2"
"荀道林等参管书","1","1","2"
"道林等参管书记","1","1","2"
"岷山太守薛常宝","1","1","2"
"新蔡太守韦希直","1","1","2"
"建平二郡太守孙","1","1","2"
"平二郡太守孙冲","1","1","2"
"辅国将军谘议中","2","0","2"
"国将军谘议中直","2","0","2"
"将军谘议中直兵","2","0","2"
"龙骧将军陈绍宗","1","1","2"
"威将军中直兵沈","1","1","2"
"将军中直兵沈怀","1","1","2"
"军中直兵沈怀宝","1","1","2"
"龙骧将军张系伯","1","1","2"
"冠军将军豫章内","1","1","2"
"军将军豫章内史","1","1","2"
"将军豫章内史刘","1","1","2"
"军豫章内史刘衍","1","1","2"
"宁朔将军武昌太","1","1","2"
"朔将军武昌太守","1","1","2"
"将军武昌太守刘","1","1","2"
"军武昌太守刘弼","1","1","2"
"宁朔将军西阳太","1","1","2"
"朔将军西阳太守","1","1","2"
"将军西阳太守谢","1","1","2"
"军西阳太守谢稚","1","1","2"
"中直兵晋熙太守","1","1","2"
"直兵晋熙太守阎","1","1","2"
"兵晋熙太守阎湛","1","1","2"
"湘州刺史邵陵王","1","1","2"
"顺阳太守刘道宪","1","1","2"
"荆州典签邵宰乘","1","1","2"
"州典签邵宰乘驿","1","1","2"
"府行事录事参军","1","1","2"
"行事录事参军荀","1","1","2"
"事录事参军荀卞","1","1","2"
"中兵参军郑景玄","1","1","2"
"泰始二年正月七","1","1","2"
"始二年正月七日","1","1","2"
"鄱阳内史丘景先","1","1","2"
"后军府记室参军","1","1","2"
"军府记室参军孙","1","1","2"
"府记室参军孙诜","1","1","2"
"长沙内史孔灵产","1","1","2"
"江州刺史曲江县","1","1","2"
"州刺史曲江县开","1","1","2"
"刺史曲江县开国","1","1","2"
"史曲江县开国侯","1","1","2"
"曲江县开国侯王","1","1","2"
"江县开国侯王玄","1","1","2"
"县开国侯王玄谟","1","1","2"
"徐州刺史申令孙","1","1","2"
"外散骑侍郎王道","1","1","2"
"散骑侍郎王道隆","1","1","2"
"辅国将军步兵校","1","1","2"
"国将军步兵校尉","1","1","2"
"将军步兵校尉杜","1","1","2"
"军步兵校尉杜幼","1","1","2"
"步兵校尉杜幼文","1","1","2"
"将军屯骑校尉垣","1","1","2"
"军屯骑校尉垣恭","1","1","2"
"屯骑校尉垣恭祖","1","1","2"
"外散骑侍郎高遵","1","1","2"
"散骑侍郎高遵世","1","1","2"
"同赐四品正令史","2","0","2"
"杂谷一千三百斛","1","1","2"
"杂谷一千五百斛","1","1","2"
"豫州刺史刘胡率","1","1","2"
"辅国将军吴喜平","1","1","2"
"国将军吴喜平定","1","1","2"
"将军吴喜平定三","1","1","2"
"军吴喜平定三吴","1","1","2"
"率辅国将军沈怀","1","1","2"
"辅国将军沈怀明","1","1","2"
"伪宁朔将军南阳","1","1","2"
"宁朔将军南阳太","1","1","2"
"朔将军南阳太守","1","1","2"
"将军南阳太守沈","1","1","2"
"军南阳太守沈怀","1","1","2"
"舍人督战谢道遇","1","1","2"
"杜幼文求黄门郎","2","0","2"
"建安内史赵道生","1","1","2"
"龙骧将军廖琰率","1","1","2"
"前南海太守何昙","1","1","2"
"南海太守何昙直","1","1","2"
"晋康太守刘绍祖","1","1","2"
"中兵参军胡昭等","1","1","2"
"始兴太守韦希真","1","1","2"
"黄门侍郎刘道宪","1","1","2"
"门侍郎刘道宪代","1","1","2"
"伪竟陵太守丘景","1","1","2"
"巴东太守罗宝称","1","1","2"
"费欣寿等五千人","1","1","2"
"前镇军参军督护","1","1","2"
"镇军参军督护范","1","1","2"
"军参军督护范道","1","1","2"
"参军督护范道兴","1","1","2"
"赠员外散骑侍郎","1","1","2"
"南梁郡太守竟陵","1","1","2"
"梁郡太守竟陵张","1","1","2"
"郡太守竟陵张兴","1","1","2"
"太守竟陵张兴世","1","1","2"
"南平郡作唐县开","1","1","2"
"平郡作唐县开国","1","1","2"
"郡作唐县开国侯","1","1","2"
"西阳太守吴兴全","1","1","2"
"阳太守吴兴全景","1","1","2"
"太守吴兴全景文","1","1","2"
"景文封西阳郡孝","2","0","2"
"文封西阳郡孝宁","2","0","2"
"封西阳郡孝宁县","2","0","2"
"超封长沙郡罗县","2","0","2"
"辅国将军骠骑司","1","1","2"
"国将军骠骑司马","1","1","2"
"将军骠骑司马刘","1","1","2"
"军骠骑司马刘灵","1","1","2"
"骠骑司马刘灵遗","1","1","2"
"宁朔将军右军蔡","1","1","2"
"封始平郡平阳县","1","1","2"
"佛荣封湘东郡临","1","1","2"
"荣封湘东郡临蒸","1","1","2"
"封湘东郡临蒸县","1","1","2"
"封衡阳郡衡山县","1","1","2"
"普孙封顺阳郡清","1","1","2"
"孙封顺阳郡清水","1","1","2"
"封顺阳郡清水县","1","1","2"
"重恩封南海郡龙","1","1","2"
"虎贲中郎将董凯","1","1","2"
"寻阳王子房冠军","2","0","2"
"阳王子房冠军司","2","0","2"
"王子房冠军司马","2","0","2"
"建安王休仁安西","2","0","2"
"时尚书右仆射蔡","1","1","2"
"顗都督征讨诸军","1","1","2"
"阳平东平二郡太","1","1","2"
"平东平二郡太守","1","1","2"
"外甥司徒参军颍","1","1","2"
"甥司徒参军颍川","1","1","2"
"司徒参军颍川葛","1","1","2"
"徒参军颍川葛僧","1","1","2"
"参军颍川葛僧韶","1","1","2"
"州青冀幽四州诸","1","1","2"
"青冀幽四州诸军","1","1","2"
"冀幽四州诸军事","1","1","2"
"泰始二年三月三","1","1","2"
"始二年三月三日","1","1","2"
"夏王义恭征北行","2","0","2"
"王义恭征北行参","2","0","2"
"山阳王休祐右军","1","1","2"
"阳王休祐右军长","1","1","2"
"王休祐右军长史","1","1","2"
"西汝阴太守庞道","1","1","2"
"汝阴太守庞道隆","1","1","2"
"人前右军参军杜","1","1","2"
"前右军参军杜叔","1","1","2"
"右军参军杜叔宝","1","1","2"
"南顿二郡太守皇","1","1","2"
"顿二郡太守皇甫","1","1","2"
"二郡太守皇甫道","1","1","2"
"郡太守皇甫道烈","1","1","2"
"弟前马头太守景","1","1","2"
"前马头太守景度","1","1","2"
"汝南颍川二郡太","2","0","2"
"南颍川二郡太守","2","0","2"
"颍川二郡太守庞","1","1","2"
"川二郡太守庞天","1","1","2"
"二郡太守庞天生","1","1","2"
"前睢阳令夏侯季","1","1","2"
"睢阳令夏侯季子","1","1","2"
"阳令夏侯季子等","1","1","2"
"骠骑大将军山阳","1","1","2"
"骑大将军山阳王","1","1","2"
"弋阳太守卜天生","1","1","2"
"新蔡二郡太守周","1","1","2"
"蔡二郡太守周矜","1","1","2"
"山阳王休祐骠骑","2","0","2"
"辅国将军刘勔率","1","1","2"
"宁朔将军吕安国","1","1","2"
"朔将军吕安国西","1","1","2"
"州刺史薛安都彭","2","0","2"
"刺史薛安都彭城","2","0","2"
"南汝阴太守薛元","1","1","2"
"汝阴太守薛元宝","1","1","2"
"前右军参军裴季","1","1","2"
"马头太守王广元","1","1","2"
"淮西人前奉朝请","1","1","2"
"西人前奉朝请郑","1","1","2"
"人前奉朝请郑墨","1","1","2"
"前奉朝请郑墨率","1","1","2"
"前部贼曹参军甄","1","1","2"
"部贼曹参军甄澹","1","1","2"
"贼曹参军甄澹等","1","1","2"
"曹参军甄澹等五","1","1","2"
"参军甄澹等五人","1","1","2"
"骠骑中兵参军段","1","1","2"
"骑中兵参军段僧","1","1","2"
"中兵参军段僧爱","1","1","2"
"太尉司马垣闳率","1","1","2"
"中兵参军杜叔宝","1","1","2"
"庐江太守王子仲","1","1","2"
"员外散骑侍郎陆","1","1","2"
"外散骑侍郎陆悠","1","1","2"
"辅国将军薛道标","1","1","2"
"国将军薛道标渡","1","1","2"
"将军薛道标渡江","1","1","2"
"军薛道标渡江煽","1","1","2"
"薛道标渡江煽动","1","1","2"
"龙骧将军陈显达","1","1","2"
"柳伦等二十一人","1","1","2"
"武卫将军叶庆祖","1","1","2"
"卫将军叶庆祖力","1","1","2"
"将军叶庆祖力战","1","1","2"
"陈显达彭泽县子","1","1","2"
"吕安国钟武县子","1","1","2"
"王景文镇南谘议","1","1","2"
"景文镇南谘议参","1","1","2"
"文镇南谘议参军","1","1","2"
"率壮士辛灵度等","1","1","2"
"龙骧将军宗越率","1","1","2"
"历阳太守程天祚","1","1","2"
"安都留三百人守","1","1","2"
"都留三百人守历","1","1","2"
"留三百人守历阳","1","1","2"
"历阳太守张幼绪","1","1","2"
"阳太守张幼绪等","1","1","2"
"建武将军谭金率","1","1","2"
"时人皆云关羽斩","2","0","2"
"人皆云关羽斩颜","2","0","2"
"皆云关羽斩颜良","2","0","2"
"东阳太守沈法系","1","1","2"
"受徐州刺史申坦","1","1","2"
"时右卫将军柳光","1","1","2"
"右卫将军柳光世","1","1","2"
"时济阴太守申阐","1","1","2"
"宁朔将军垣山宝","1","1","2"
"员外散骑侍郎张","1","1","2"
"率镇北参军赵昙","1","1","2"
"南汝阴太守裴季","1","1","2"
"时武卫将军王广","1","1","2"
"博陵公尉迟苟人","1","1","2"
"前军将军裴祖隆","1","1","2"
"员外散骑侍郎孙","1","1","2"
"外散骑侍郎孙耿","1","1","2"
"新野太守刘攘兵","1","1","2"
"东莞二郡太守张","1","1","2"
"莞二郡太守张谠","1","1","2"
"二郡太守张谠守","1","1","2"
"子鸾北中郎谘议","1","1","2"
"鸾北中郎谘议参","1","1","2"
"北中郎谘议参军","1","1","2"
"前湘州刺史王蕴","1","1","2"
"散骑常侍袁愉表","1","1","2"
"大将军录事参军","1","1","2"
"都督交广二州诸","1","1","2"
"督交广二州诸军","1","1","2"
"交广二州诸军事","1","1","2"
"九真太守李逊父","1","1","2"
"真太守李逊父子","1","1","2"
"太守李逊父子勇","1","1","2"
"林邑王范胡达攻","1","1","2"
"亲属录事参军阮","1","1","2"
"属录事参军阮静","1","1","2"
"中兵参军罗农夫","1","1","2"
"长子员外散骑侍","1","1","2"
"子员外散骑侍郎","1","1","2"
"督广交二州诸军","1","1","2"
"广交二州诸军事","1","1","2"
"通直散骑侍郎戴","1","1","2"
"直散骑侍郎戴颙","1","1","2"
"折腰向乡里小人","1","1","2"
"征员外散骑侍郎","2","0","2"
"封法兴吴昌县男","1","1","2"
"时太宰江夏王义","1","1","2"
"故越骑校尉吴昌","1","1","2"
"越骑校尉吴昌县","1","1","2"
"骑校尉吴昌县开","1","1","2"
"校尉吴昌县开国","1","1","2"
"尉吴昌县开国男","1","1","2"
"吴昌县开国男戴","1","1","2"
"昌县开国男戴法","1","1","2"
"县开国男戴法兴","1","1","2"
"州刺史东嬴公司","1","1","2"
"刺史东嬴公司马","1","1","2"
"史东嬴公司马腾","1","1","2"
"郑兵将军扬州刺","1","1","2"
"兵将军扬州刺史","1","1","2"
"将军扬州刺史山","1","1","2"
"军扬州刺史山阳","1","1","2"
"扬州刺史山阳公","1","1","2"
"州刺史山阳公达","1","1","2"
"刺史山阳公达奚","1","1","2"
"史山阳公达奚斤","1","1","2"
"吴兵将军广州刺","1","1","2"
"兵将军广州刺史","1","1","2"
"将军广州刺史苍","1","1","2"
"军广州刺史苍梧","1","1","2"
"广州刺史苍梧公","1","1","2"
"州刺史苍梧公公","1","1","2"
"刺史苍梧公公孙","1","1","2"
"史苍梧公公孙表","1","1","2"
"滑台西南东燕县","1","1","2"
"弘农太守窦应明","1","1","2"
"参军督护张季五","1","1","2"
"军督护张季五百","1","1","2"
"督护张季五百人","1","1","2"
"成皋开向虎牢外","1","1","2"
"参军范道基率二","1","1","2"
"军范道基率二百","1","1","2"
"范道基率二百人","1","1","2"
"楚兵将军徐州刺","1","1","2"
"兵将军徐州刺史","1","1","2"
"将军徐州刺史安","1","1","2"
"军徐州刺史安平","1","1","2"
"徐州刺史安平公","1","1","2"
"州刺史安平公涉","1","1","2"
"刺史安平公涉归","1","1","2"
"史安平公涉归幡","1","1","2"
"安平公涉归幡能","1","1","2"
"平公涉归幡能健","1","1","2"
"越兵将军青州刺","1","1","2"
"兵将军青州刺史","1","1","2"
"将军青州刺史临","1","1","2"
"陈兵将军淮州刺","1","1","2"
"兵将军淮州刺史","1","1","2"
"将军淮州刺史寿","1","1","2"
"军淮州刺史寿张","1","1","2"
"淮州刺史寿张子","1","1","2"
"州刺史寿张子张","1","1","2"
"刺史寿张子张模","1","1","2"
"史寿张子张模东","1","1","2"
"青州刺史竺夔镇","1","1","2"
"济南太守垣苗率","1","1","2"
"车骑参军王玄谟","1","1","2"
"冠军将军申宣戍","1","1","2"
"军将军申宣戍彭","1","1","2"
"将军申宣戍彭城","1","1","2"
"宁朔将军赵玄石","1","1","2"
"州刺史刘遵考戍","1","1","2"
"督司雍三州豫州","2","0","2"
"司雍三州豫州颍","2","0","2"
"雍三州豫州颍川","2","0","2"
"三州豫州颍川兗","2","0","2"
"州豫州颍川兗州","2","0","2"
"豫州颍川兗州陈","2","0","2"
"州颍川兗州陈留","2","0","2"
"川太守李元德戍","1","1","2"
"京兆人韦玄隐居","1","1","2"
"安北将军王仲德","1","1","2"
"南广平太守尹冲","1","1","2"
"陈留二郡诸军事","1","1","2"
"司马荥阳太守崔","1","1","2"
"马荥阳太守崔模","1","1","2"
"都督雍秦二州诸","1","1","2"
"督雍秦二州诸军","1","1","2"
"雍秦二州诸军事","1","1","2"
"建兴公吐奚爱弼","1","1","2"
"都督梁益宁三州","1","1","2"
"督梁益宁三州诸","1","1","2"
"梁益宁三州诸军","1","1","2"
"益宁三州诸军事","1","1","2"
"北地泸水人盖吴","1","1","2"
"安西将军常山白","1","1","2"
"西将军常山白广","1","1","2"
"将军常山白广平","1","1","2"
"都督关陇诸军事","1","1","2"
"宁朔府司马夏侯","1","1","2"
"朔府司马夏侯祖","1","1","2"
"府司马夏侯祖欢","1","1","2"
"宣威将军陈南顿","1","1","2"
"威将军陈南顿二","1","1","2"
"将军陈南顿二郡","1","1","2"
"军陈南顿二郡太","1","1","2"
"郡太守郭道隐弃","1","1","2"
"太守郭道隐弃城","1","1","2"
"新蔡二郡太守徐","1","1","2"
"蔡二郡太守徐遵","1","1","2"
"世祖问司马王玄","1","1","2"
"祖问司马王玄谟","1","1","2"
"安北骑兵行参军","1","1","2"
"北骑兵行参军垣","1","1","2"
"骑兵行参军垣谦","1","1","2"
"田曹行参军臧肇","1","1","2"
"集曹行参军尹定","1","1","2"
"武陵国左常侍杜","1","1","2"
"陵国左常侍杜幼","1","1","2"
"国左常侍杜幼文","1","1","2"
"左常侍杜幼文五","1","1","2"
"常侍杜幼文五人","1","1","2"
"殿中将军程天祚","1","1","2"
"汝南新蔡二郡军","1","1","2"
"南新蔡二郡军事","1","1","2"
"新蔡二郡军事陈","1","1","2"
"蔡二郡军事陈宪","1","1","2"
"朔将军王玄谟率","1","1","2"
"将军王玄谟率太","1","1","2"
"军王玄谟率太子","1","1","2"
"王玄谟率太子步","1","1","2"
"玄谟率太子步兵","1","1","2"
"镇军谘议参军申","1","1","2"
"军谘议参军申坦","1","1","2"
"谘议参军申坦等","1","1","2"
"督青冀幽三州徐","1","1","2"
"青冀幽三州徐州","1","1","2"
"东安东莞二郡诸","1","1","2"
"安东莞二郡诸军","1","1","2"
"东莞二郡诸军事","1","1","2"
"青冀二州刺史霄","1","1","2"
"冀二州刺史霄城","1","1","2"
"二州刺史霄城侯","1","1","2"
"始兴县五等侯臧","1","1","2"
"兴县五等侯臧质","1","1","2"
"骁骑将军安复县","1","1","2"
"骑将军安复县开","1","1","2"
"将军安复县开国","1","1","2"
"军安复县开国侯","1","1","2"
"安复县开国侯王","1","1","2"
"复县开国侯王方","1","1","2"
"县开国侯王方回","1","1","2"
"建武将军安蛮司","1","1","2"
"武将军安蛮司马","1","1","2"
"将军安蛮司马新","1","1","2"
"军安蛮司马新康","1","1","2"
"安蛮司马新康县","1","1","2"
"蛮司马新康县开","1","1","2"
"司马新康县开国","1","1","2"
"马新康县开国男","1","1","2"
"新康县开国男刘","1","1","2"
"康县开国男刘康","1","1","2"
"县开国男刘康祖","1","1","2"
"右军参军事梁坦","1","1","2"
"都督扬南徐二州","1","1","2"
"督扬南徐二州诸","1","1","2"
"扬南徐二州诸军","1","1","2"
"南徐二州诸军事","1","1","2"
"国子祭酒江夏王","1","1","2"
"督梁南北秦三州","1","1","2"
"梁南北秦三州诸","1","1","2"
"梁南北秦三州刺","1","1","2"
"南北秦三州刺史","1","1","2"
"宣威将军巴西梓","1","1","2"
"威将军巴西梓潼","1","1","2"
"将军巴西梓潼二","1","1","2"
"军巴西梓潼二郡","1","1","2"
"巴西梓潼二郡太","1","1","2"
"西梓潼二郡太守","1","1","2"
"封阳县开国侯萧","1","1","2"
"阳县开国侯萧思","1","1","2"
"县开国侯萧思话","1","1","2"
"宁远将军竟陵太","1","1","2"
"远将军竟陵太守","1","1","2"
"将军竟陵太守南","1","1","2"
"军竟陵太守南城","1","1","2"
"竟陵太守南城县","1","1","2"
"陵太守南城县开","1","1","2"
"太守南城县开国","1","1","2"
"守南城县开国侯","1","1","2"
"南城县开国侯刘","1","1","2"
"城县开国侯刘德","1","1","2"
"县开国侯刘德愿","1","1","2"
"府参军督护国三","1","1","2"
"参军督护国三令","1","1","2"
"获奴婢一百四十","1","1","2"
"奴婢一百四十口","1","1","2"
"弟高梁王阿斗泥","1","1","2"
"二郡太守崔耶利","1","1","2"
"郡太守崔耶利败","1","1","2"
"外散骑侍郎王老","1","1","2"
"散骑侍郎王老寿","1","1","2"
"骑侍郎王老寿乘","1","1","2"
"军将军刘遵考率","1","1","2"
"左军将军尹弘守","1","1","2"
"黄门侍郎萧元邕","1","1","2"
"门侍郎萧元邕守","1","1","2"
"羽林左监孟宗嗣","1","1","2"
"征北中兵参军事","1","1","2"
"北中兵参军事向","1","1","2"
"中兵参军事向柳","1","1","2"
"兵参军事向柳守","1","1","2"
"谘议参军沈昙庆","1","1","2"
"征北参军管法祖","1","1","2"
"北参军管法祖守","1","1","2"
"尚书左丞刘伯龙","1","1","2"
"书左丞刘伯龙守","1","1","2"
"尚书水部郎刘渊","1","1","2"
"封八千户开国县","1","1","2"
"八千户开国县公","1","1","2"
"封四百户开国县","1","1","2"
"四百户开国县侯","1","1","2"
"南沛二郡太守刘","1","1","2"
"沛二郡太守刘怀","1","1","2"
"山阳太守萧僧珍","1","1","2"
"宁南将军鲁爽兄","1","1","2"
"南将军鲁爽兄弟","1","1","2"
"将军鲁爽兄弟率","1","1","2"
"青州刺史刘兴祖","1","1","2"
"州刺史刘兴祖建","1","1","2"
"刺史刘兴祖建议","1","1","2"
"州刺史历城镇主","2","0","2"
"刺史历城镇主崔","2","0","2"
"史历城镇主崔道","2","0","2"
"历城镇主崔道固","2","0","2"
"城镇主崔道固等","2","0","2"
"青冀幽七州豫州","1","1","2"
"荆郢二州刺史安","1","1","2"
"郢二州刺史安陆","1","1","2"
"二州刺史安陆临","1","1","2"
"州刺史安陆临海","1","1","2"
"刺史安陆临海王","1","1","2"
"史安陆临海王刘","1","1","2"
"安陆临海王刘子","1","1","2"
"陆临海王刘子绥","1","1","2"
"使持节征东大将","1","1","2"
"持节征东大将军","1","1","2"
"节征东大将军安","1","1","2"
"征东大将军安定","1","1","2"
"东大将军安定王","1","1","2"
"侍中尚书左仆射","1","1","2"
"中尚书左仆射安","1","1","2"
"尚书左仆射安西","1","1","2"
"书左仆射安西大","1","1","2"
"左仆射安西大将","1","1","2"
"仆射安西大将军","1","1","2"
"射安西大将军平","1","1","2"
"安西大将军平北","1","1","2"
"西大将军平北公","1","1","2"
"常侍殿中尚书平","1","1","2"
"侍殿中尚书平北","1","1","2"
"殿中尚书平北将","1","1","2"
"中尚书平北将军","1","1","2"
"尚书平北将军山","1","1","2"
"书平北将军山阳","1","1","2"
"平北将军山阳公","1","1","2"
"北将军山阳公吕","1","1","2"
"将军山阳公吕罗","1","1","2"
"军山阳公吕罗汉","1","1","2"
"使持节征南将军","1","1","2"
"持节征南将军京","1","1","2"
"节征南将军京兆","1","1","2"
"征南将军京兆王","1","1","2"
"南将军京兆王直","1","1","2"
"将军京兆王直勤","1","1","2"
"侍中司徒安南大","1","1","2"
"中司徒安南大将","1","1","2"
"司徒安南大将军","1","1","2"
"徒安南大将军新","1","1","2"
"安南大将军新建","1","1","2"
"南大将军新建王","1","1","2"
"大将军新建王独","1","1","2"
"将军新建王独孤","1","1","2"
"军新建王独孤侯","1","1","2"
"新建王独孤侯尼","1","1","2"
"建王独孤侯尼须","1","1","2"
"散骑常侍西平公","1","1","2"
"骑常侍西平公韩","1","1","2"
"常侍西平公韩道","1","1","2"
"侍西平公韩道人","1","1","2"
"侍中太尉征东大","1","1","2"
"中太尉征东大将","1","1","2"
"太尉征东大将军","1","1","2"
"尉征东大将军直","1","1","2"
"征东大将军直勤","1","1","2"
"羽直征东将军北","1","1","2"
"直征东将军北平","1","1","2"
"征东将军北平公","1","1","2"
"东将军北平公拔","1","1","2"
"将军北平公拔敦","1","1","2"
"司州刺史常珍奇","1","1","2"
"天安二年正月三","1","1","2"
"安二年正月三十","1","1","2"
"二年正月三十日","1","1","2"
"年正月三十日壬","1","1","2"
"正月三十日壬寅","1","1","2"
"襄阳王桓天生等","1","1","2"
"抚军行参军王叔","1","1","2"
"军行参军王叔瑜","1","1","2"
"吐延身长七尺八","1","1","2"
"延身长七尺八寸","1","1","2"
"西强公吐谷浑敕","1","1","2"
"东允街县胡人乞","1","1","2"
"允街县胡人乞伏","1","1","2"
"街县胡人乞伏乾","1","1","2"
"县胡人乞伏乾归","1","1","2"
"南北一百二十里","1","1","2"
"位后皇后生太子","1","1","2"
"纳黄门侍郎殷淳","1","1","2"
"左积弩将军王正","1","1","2"
"积弩将军王正见","1","1","2"
"始兴内史荀赤松","1","1","2"
"北行参军诸葛诩","1","1","2"
"右卫司马江文纲","1","1","2"
"军江夏王义恭太","2","0","2"
"江夏王义恭太保","2","0","2"
"司马武昌内史沈","1","1","2"
"马武昌内史沈庆","1","1","2"
"冠军将军臧质忠","1","1","2"
"前抚军将军萧思","1","1","2"
"前宁朔将军王玄","1","1","2"
"司隶校尉殷冲掌","1","1","2"
"南谯王义宣诸子","2","0","2"
"辅国将军王罗汉","1","1","2"
"都督南徐会二州","1","1","2"
"督南徐会二州诸","1","1","2"
"南徐会二州诸军","1","1","2"
"徐会二州诸军事","1","1","2"
"铄进号骠骑将军","1","1","2"
"殿中将军燕钦东","1","1","2"
"雍益梁宁南北秦","1","1","2"
"书侍郎蔡兴宗问","1","1","2"
"侍郎蔡兴宗问建","1","1","2"
"郎蔡兴宗问建平","1","1","2"
"蔡兴宗问建平王","1","1","2"
"封高禽新阳县男","1","1","2"
"伪司隶校尉殷冲","1","1","2"
"弘二月二十一日","1","1","2"
"时广陵太守陆稠","1","1","2"
"二州刺史王恭镇","1","1","2"
"年十二月二十八","1","1","2"
"十二月二十八日","1","1","2"
"诞后军安南行参","1","1","2"
"后军安南行参军","1","1","2"
"齐北海二郡太守","1","1","2"
"王休祐骠骑中兵","2","0","2"
"骠骑中兵记室参","1","1","2"
"骑中兵记室参军","1","1","2"
"记室参军周敬祖","1","1","2"
"室参军周敬祖等","1","1","2"
"封营道县五等侯","1","1","2"
"参世子征虏军事","1","1","2"
"熙十四年正月十","1","1","2"
"十四年正月十五","1","1","2"
"四年正月十五日","1","1","2"
"义宣司空中兵参","1","1","2"
"宣司空中兵参军","1","1","2"
"慕容超退守广固","1","1","2"
"林子参中军军事","2","0","2"
"武陵太守王镇恶","1","1","2"
"伪武卫将军姚鸾","1","1","2"
"平远将军河东太","1","1","2"
"远将军河东太守","1","1","2"
"将军河东太守唐","1","1","2"
"军河东太守唐小","1","1","2"
"河东太守唐小方","1","1","2"
"东太守唐小方率","1","1","2"
"河东太守沈林子","1","1","2"
"辅国将军沈林子","1","1","2"
"盱眙太守刘显真","1","1","2"
"南中郎府录事参","1","1","2"
"中郎府录事参军","1","1","2"
"义恭太宰行参军","1","1","2"
"寻转武陵国詹事","2","0","2"
"司马王天生讨平","1","1","2"
"故著作郎何承天","1","1","2"
"南台侍御史苏宝","1","1","2"
"台侍御史苏宝生","1","1","2"
"益州督护冯迁斩","1","1","2"
"宁朔将军檀韶等","1","1","2"
"陈留王虔嗣等二","1","1","2"
"留王虔嗣等二百","1","1","2"
"王虔嗣等二百七","1","1","2"
"虔嗣等二百七十","1","1","2"
"嗣等二百七十人","1","1","2"
"湘州刺史始兴王","1","1","2"
"第十四皇弟休茂","1","1","2"
"第十五皇弟休业","1","1","2"
"立第九皇子子仁","1","1","2"
"第十一皇子子真","1","1","2"
"雍州刺史晋安王","1","1","2"
"史晋安王子勋改","1","1","2"
"徐州刺史湘东王","1","1","2"
"护军将军湘东王","1","1","2"
"泰始元年冬十二","1","1","2"
"始元年冬十二月","1","1","2"
"南徐州刺史永嘉","1","1","2"
"徐州刺史永嘉王","1","1","2"
"左卫将军刘道隆","1","1","2"
"江州刺史山阳王","1","1","2"
"郢州刺史武陵王","1","1","2"
"三千九百四十三","1","1","2"
"四百三十九万五","1","1","2"
"百三十九万五千","1","1","2"
"三十九万五千五","1","1","2"
"十九万五千五百","1","1","2"
"九万五千五百五","1","1","2"
"万五千五百五十","1","1","2"
"五千五百五十五","1","1","2"
"二千一百七十二","1","1","2"
"千一百七十二万","1","1","2"
"一百七十二万七","1","1","2"
"千五百七十五万","1","1","2"
"五百七十五万三","1","1","2"
"百七十五万三千","1","1","2"
"余二千七百五十","1","1","2"
"二千七百五十六","1","1","2"
"度余三万一千七","1","1","2"
"余三万一千七百","1","1","2"
"三万一千七百九","1","1","2"
"大明七年三月戊","1","1","2"
"明七年三月戊戌","1","1","2"
"五十一万三千六","1","1","2"
"十一万三千六百","1","1","2"
"一万三千六百八","1","1","2"
"万三千六百八十","1","1","2"
"三千六百八十七","1","1","2"
"千六百八十七里","1","1","2"
"六百八十七里六","1","1","2"
"百八十七里六十","1","1","2"
"八十七里六十八","1","1","2"
"十七里六十八步","1","1","2"
"七里六十八步一","1","1","2"
"里六十八步一尺","1","1","2"
"六十八步一尺八","1","1","2"
"十八步一尺八寸","1","1","2"
"八步一尺八寸二","1","1","2"
"步一尺八寸二分","1","1","2"
"四年闰四月乙巳","1","1","2"
"景初元年十月丁","1","1","2"
"初元年十月丁未","1","1","2"
"督孙秀率部曲二","1","1","2"
"孙秀率部曲二千","1","1","2"
"隆安四年正月乙","1","1","2"
"安四年正月乙亥","1","1","2"
"义熙三年正月丙","1","1","2"
"熙三年正月丙子","1","1","2"
"十二年五月甲申","1","1","2"
"延康元年九月二","1","1","2"
"康元年九月二十","1","1","2"
"元年九月二十日","1","1","2"
"武帝太康元年正","1","1","2"
"帝太康元年正月","1","1","2"
"太元二十一年正","1","1","2"
"元二十一年正月","1","1","2"
"二十一年正月丙","1","1","2"
"十一年正月丙子","1","1","2"
"宁五年六月庚戌","1","1","2"
"吴孙休永安元年","1","1","2"
"孙休永安元年十","1","1","2"
"休永安元年十一","1","1","2"
"永安元年十一月","1","1","2"
"安元年十一月甲","1","1","2"
"吴孙权嘉禾六年","1","1","2"
"孙权嘉禾六年五","1","1","2"
"权嘉禾六年五月","1","1","2"
"齐王正始二年十","1","1","2"
"王正始二年十一","1","1","2"
"正始二年十一月","1","1","2"
"正始六年四月壬","1","1","2"
"始六年四月壬子","1","1","2"
"齐王嘉平元年二","1","1","2"
"王嘉平元年二月","1","1","2"
"嘉平元年二月己","1","1","2"
"泰始七年五月庚","1","1","2"
"始七年五月庚辰","1","1","2"
"泰始十年三月癸","1","1","2"
"始十年三月癸亥","1","1","2"
"嘉元年十一月戊","1","1","2"
"口二十三万七千","1","1","2"
"二十三万七千三","1","1","2"
"十三万七千三百","1","1","2"
"三万七千三百四","1","1","2"
"万七千三百四十","1","1","2"
"七千三百四十一","1","1","2"
"户五万二千二百","1","1","2"
"五万二千二百二","1","1","2"
"万二千二百二十","1","1","2"
"二千二百二十八","1","1","2"
"口三十四万八千","1","1","2"
"四十二万四千八","1","1","2"
"十二万四千八百","1","1","2"
"口三十一万六千","1","1","2"
"三十一万六千一","1","1","2"
"十一万六千一百","1","1","2"
"一万六千一百七","1","1","2"
"万六千一百七十","1","1","2"
"六千一百七十三","1","1","2"
"户五千三百六十","1","1","2"
"五千三百六十二","1","1","2"
"口二万五千八百","1","1","2"
"二万五千八百四","1","1","2"
"万五千八百四十","1","1","2"
"口四万七千九百","1","1","2"
"四万七千九百九","1","1","2"
"万七千九百九十","1","1","2"
"七千九百九十二","1","1","2"
"户三千九百六十","1","1","2"
"三千九百六十一","1","1","2"
"二万四千二百二","1","1","2"
"万四千二百二十","1","1","2"
"四千二百二十六","1","1","2"
"户六千二百五十","1","1","2"
"三万六千六百八","1","1","2"
"万六千六百八十","1","1","2"
"三万六千六百五","1","1","2"
"万六千六百五十","1","1","2"
"六千六百五十一","1","1","2"
"户七万二千四百","1","1","2"
"七万二千四百七","1","1","2"
"二千四百七十二","1","1","2"
"户五千三百四十","1","1","2"
"五千三百四十二","1","1","2"
"口三万三千六百","1","1","2"
"三万三千六百五","1","1","2"
"万三千六百五十","1","1","2"
"三千六百五十八","1","1","2"
"二千七百八十九","1","1","2"
"口一万八千六百","1","1","2"
"一万八千六百九","1","1","2"
"八千六百九十七","1","1","2"
"户一万五千三百","1","1","2"
"一万五千三百八","1","1","2"
"万五千三百八十","1","1","2"
"五千三百八十二","1","1","2"
"一万三千四百九","1","1","2"
"万三千四百九十","1","1","2"
"三千四百九十六","1","1","2"
"口八万九千五百","1","1","2"
"八万九千五百二","1","1","2"
"万九千五百二十","1","1","2"
"九千五百二十五","1","1","2"
"户一千五百九十","1","1","2"
"一千五百九十三","1","1","2"
"口一万六百三十","2","0","2"
"户一千四百二十","1","1","2"
"一千四百二十四","1","1","2"
"口九千八百五十","1","1","2"
"九千八百五十四","1","1","2"
"户三千七百一十","1","1","2"
"三千七百一十一","1","1","2"
"口二万二千八百","1","1","2"
"二万二千八百八","1","1","2"
"万二千八百八十","1","1","2"
"二千八百八十六","1","1","2"
"户一万一千七百","1","1","2"
"一万一千七百五","1","1","2"
"万一千七百五十","1","1","2"
"一千七百五十八","1","1","2"
"口六万八千一百","1","1","2"
"六万八千一百六","1","1","2"
"万八千一百六十","1","1","2"
"八千一百六十三","1","1","2"
"户一千八百四十","1","1","2"
"户一千七百一十","1","1","2"
"一千七百一十八","1","1","2"
"口九千七百三十","1","1","2"
"九千七百三十一","1","1","2"
"户二千一百七十","1","1","2"
"二千一百七十八","1","1","2"
"口一万一千七百","1","1","2"
"一千七百四十一","1","1","2"
"户一千二百三十","1","1","2"
"一千二百三十二","1","1","2"
"口八千一百九十","1","1","2"
"八千一百九十二","1","1","2"
"口八千二百三十","1","1","2"
"八千二百三十九","1","1","2"
"户二千四百九十","1","1","2"
"二千四百九十九","1","1","2"
"口一万三千六百","1","1","2"
"户一千三百三十","1","1","2"
"一千三百三十二","1","1","2"
"口一万二千三百","1","1","2"
"一万二千三百一","1","1","2"
"万二千三百一十","1","1","2"
"户一千二百一十","1","1","2"
"一千二百一十一","1","1","2"
"口六千八百一十","1","1","2"
"六千八百一十八","1","1","2"
"户八千六百二十","1","1","2"
"八千六百二十七","1","1","2"
"口四万一千二百","1","1","2"
"四万一千二百三","1","1","2"
"万一千二百三十","1","1","2"
"一千二百三十一","1","1","2"
"口二万五千一百","1","1","2"
"二万五千一百七","1","1","2"
"户三千一百六十","1","1","2"
"三千一百六十四","1","1","2"
"口一万四千五百","1","1","2"
"一万四千五百九","1","1","2"
"万四千五百九十","1","1","2"
"四千五百九十七","1","1","2"
"户二千四百一十","1","1","2"
"二千四百一十一","1","1","2"
"口一万三千九百","1","1","2"
"一万三千九百四","1","1","2"
"万三千九百四十","1","1","2"
"三千九百四十一","1","1","2"
"户一千二百八十","1","1","2"
"一千二百八十五","1","1","2"
"户一千八百一十","1","1","2"
"一千八百一十八","1","1","2"
"口八千二百四十","1","1","2"
"八千二百四十三","1","1","2"
"口一万五千三百","1","1","2"
"一万五千三百六","1","1","2"
"五千三百六十三","1","1","2"
"户一千七百二十","1","1","2"
"一千七百二十五","1","1","2"
"口一万三千三百","1","1","2"
"一万三千三百三","1","1","2"
"万三千三百三十","1","1","2"
"口一万一千九百","1","1","2"
"一万一千九百二","1","1","2"
"万一千九百二十","1","1","2"
"一千九百二十八","1","1","2"
"户三千二百七十","1","1","2"
"三千二百七十二","1","1","2"
"口一万七千八百","1","1","2"
"户三千三百三十","1","1","2"
"三千三百三十三","1","1","2"
"口一万五千二百","1","1","2"
"一万五千二百九","1","1","2"
"万五千二百九十","1","1","2"
"五千二百九十六","1","1","2"
"户三万一千一百","1","1","2"
"三万一千一百一","1","1","2"
"一千一百一十五","1","1","2"
"口十五万九千三","1","1","2"
"十五万九千三百","1","1","2"
"五万九千三百六","1","1","2"
"万九千三百六十","1","1","2"
"九千三百六十二","1","1","2"
"口四万五千六百","1","1","2"
"四万五千六百一","1","1","2"
"万五千六百一十","1","1","2"
"五千六百一十三","1","1","2"
"户三千六百二十","1","1","2"
"三千六百二十六","1","1","2"
"口二万一千六百","1","1","2"
"二万一千六百六","1","1","2"
"万一千六百六十","1","1","2"
"户二千八百一十","1","1","2"
"二千八百一十四","1","1","2"
"口二万二千四百","1","1","2"
"二万二千四百七","1","1","2"
"户四千一百五十","1","1","2"
"四千一百五十九","1","1","2"
"口一万七千二百","1","1","2"
"一万七千二百九","1","1","2"
"万七千二百九十","1","1","2"
"七千二百九十五","1","1","2"
"口一万二千九百","1","1","2"
"一万二千九百七","1","1","2"
"万二千九百七十","1","1","2"
"口四万五千五百","1","1","2"
"二千八百五十七","1","1","2"
"口一万一千二百","1","1","2"
"一万一千二百七","1","1","2"
"万一千二百七十","1","1","2"
"一千二百七十一","1","1","2"
"六千三百五十八","1","1","2"
"口二万一千一百","1","1","2"
"二万一千一百一","1","1","2"
"一千一百一十二","1","1","2"
"十四万五千五百","1","1","2"
"太原三郡诸军事","1","1","2"
"受车骑大将军沈","1","1","2"
"宁远将军孟龙符","1","1","2"
"强弩将军任农夫","1","1","2"
"振武将军武会仓","1","1","2"
"左军吴兴沈怀明","1","1","2"
"积射将军东平周","1","1","2"
"射将军东平周盘","1","1","2"
"将军东平周盘龙","1","1","2"
"司徒参军南彭城","1","1","2"
"安东将军随王诞","1","1","2"
"下邳太守王焕等","1","1","2"
"蒙世祖孝武皇帝","1","1","2"
"车骑将军庐陵王","1","1","2"
"龙骧将军沈叔狸","1","1","2"
"建德公库拔阿浴","1","1","2"
"德公库拔阿浴河","1","1","2"
"都督荆梁南雍三","1","1","2"
"督荆梁南雍三州","1","1","2"
"荆梁南雍三州诸","1","1","2"
"梁南雍三州诸军","1","1","2"
"南雍三州诸军事","1","1","2"
"荆州刺史故晋谯","1","1","2"
"州刺史故晋谯王","1","1","2"
"刺史故晋谯王司","1","1","2"
"史故晋谯王司马","1","1","2"
"故晋谯王司马文","1","1","2"
"晋谯王司马文思","1","1","2"
"东海公故晋元显","1","1","2"
"秦郡府将宗齐受","1","1","2"
"左卫将军孔熙先","1","1","2"
"建威将军孔休先","1","1","2"
"元年十一月十九","1","1","2"
"年十一月十九日","1","1","2"
"义阳诸军事平西","1","1","2"
"阳诸军事平西将","1","1","2"
"诸军事平西将军","1","1","2"
"军事平西将军郢","1","1","2"
"事平西将军郢州","1","1","2"
"平西将军郢州刺","1","1","2"
"西将军郢州刺史","1","1","2"
"将军郢州刺史闻","1","1","2"
"军郢州刺史闻喜","1","1","2"
"郢州刺史闻喜县","1","1","2"
"州刺史闻喜县开","1","1","2"
"刺史闻喜县开国","1","1","2"
"史闻喜县开国侯","1","1","2"
"闻喜县开国侯黄","1","1","2"
"喜县开国侯黄回","1","1","2"
"散骑常侍冠军骁","1","1","2"
"骑常侍冠军骁骑","1","1","2"
"常侍冠军骁骑将","1","1","2"
"侍冠军骁骑将军","1","1","2"
"冠军骁骑将军南","1","1","2"
"军骁骑将军南临","1","1","2"
"骁骑将军南临淮","1","1","2"
"骑将军南临淮太","1","1","2"
"将军南临淮太守","1","1","2"
"军南临淮太守重","1","1","2"
"南临淮太守重安","1","1","2"
"临淮太守重安县","1","1","2"
"淮太守重安县开","1","1","2"
"太守重安县开国","1","1","2"
"守重安县开国子","1","1","2"
"重安县开国子军","1","1","2"
"安县开国子军主","1","1","2"
"县开国子军主王","1","1","2"
"开国子军主王敬","1","1","2"
"辅国将军屯骑校","1","1","2"
"国将军屯骑校尉","1","1","2"
"将军屯骑校尉长","1","1","2"
"将军南濮阳太守","1","1","2"
"军南濮阳太守葛","1","1","2"
"南濮阳太守葛阳","1","1","2"
"濮阳太守葛阳县","1","1","2"
"阳太守葛阳县开","1","1","2"
"太守葛阳县开国","1","1","2"
"守葛阳县开国男","1","1","2"
"葛阳县开国男军","1","1","2"
"阳县开国男军主","1","1","2"
"县开国男军主彭","1","1","2"
"开国男军主彭文","1","1","2"
"龙骧将军骠骑行","1","1","2"
"骧将军骠骑行参","1","1","2"
"将军骠骑行参军","1","1","2"
"军骠骑行参军军","1","1","2"
"骠骑行参军军主","1","1","2"
"骑行参军军主召","1","1","2"
"行参军军主召宰","1","1","2"
"龙骧将军抚军中","1","1","2"
"骧将军抚军中兵","1","1","2"
"兵参军事军主程","1","1","2"
"参军事军主程隐","1","1","2"
"军事军主程隐隽","1","1","2"
"员外散骑侍郎严","1","1","2"
"司空参军阚千纂","1","1","2"
"二年八月一日夜","1","1","2"
"定居在晋陵郡丹","0","2","2"
"居在晋陵郡丹徒","0","2","2"
"在晋陵郡丹徒县","0","2","2"
"晋陵郡丹徒县的","0","2","2"
"陵郡丹徒县的京","0","2","2"
"郡丹徒县的京口","0","2","2"
"丹徒县的京口里","0","2","2"
"衹有与桓玄同祖","0","2","2"
"有与桓玄同祖者","0","2","2"
"与桓玄同祖者例","0","2","2"
"桓玄同祖者例外","0","2","2"
"时下贤能之士已","0","2","2"
"下贤能之士已被","0","2","2"
"贤能之士已被消","0","2","2"
"能之士已被消灭","0","2","2"
"之士已被消灭殆","0","2","2"
"士已被消灭殆尽","0","2","2"
"我听说先王治理","0","2","2"
"对应的月份为历","0","2","2"
"应的月份为历的","0","2","2"
"的月份为历的开","0","2","2"
"月份为历的开始","0","2","2"
"且加后比会通大","0","2","2"
"加后比会通大则","0","2","2"
"面上的起始方位","0","2","2"
"分数中减去章岁","0","2","2"
"减缩加的原则将","0","2","2"
"五星在天空中运","0","2","2"
"星在天空中运行","0","2","2"
"曰度法则减去日","0","2","2"
"则减去日度法并","0","2","2"
"减去日度法并在","0","2","2"
"去日度法并在度","0","2","2"
"日度法并在度数","0","2","2"
"度法并在度数上","0","2","2"
"的方法对应就可","0","2","2"
"法对应就可得到","0","2","2"
"对应就可得到行","0","2","2"
"应就可得到行星","0","2","2"
"就可得到行星出","0","2","2"
"可得到行星出现","0","2","2"
"得到行星出现时","0","2","2"
"到行星出现时位","0","2","2"
"出现时位置的度","0","2","2"
"现时位置的度数","0","2","2"
"星运行速度的分","0","2","2"
"运行速度的分母","0","2","2"
"改用二十五支计","0","2","2"
"用二十五支计时","0","2","2"
"二十五支计时箭","0","2","2"
"请求命令漏郎将","0","2","2"
"求命令漏郎将考","0","2","2"
"命令漏郎将考校","0","2","2"
"令漏郎将考校实","0","2","2"
"漏郎将考校实行","0","2","2"
"各种推算都同出","0","2","2"
"种推算都同出一","0","2","2"
"推算都同出一源","0","2","2"
"这比古时的历法","0","2","2"
"比古时的历法确","0","2","2"
"古时的历法确实","0","2","2"
"时的历法确实优","0","2","2"
"的历法确实优越","0","2","2"
"现在的寿星星次","0","2","2"
"在的寿星星次就","0","2","2"
"的寿星星次就是","0","2","2"
"寿星星次就是周","0","2","2"
"星星次就是周代","0","2","2"
"星次就是周代的","0","2","2"
"次就是周代的鹑","0","2","2"
"就是周代的鹑尾","0","2","2"
"现时的壁宿已经","0","2","2"
"时的壁宿已经不","0","2","2"
"的壁宿已经不属","0","2","2"
"壁宿已经不属于","0","2","2"
"宿已经不属于玄","0","2","2"
"已经不属于玄武","0","2","2"
"与天象不合又背","0","2","2"
"天象不合又背离","0","2","2"
"象不合又背离了","0","2","2"
"不合又背离了经","0","2","2"
"合又背离了经典","0","2","2"
"然到了这样的地","0","2","2"
"到了这样的地步","0","2","2"
"中安排七个闰月","0","2","2"
"肤浅的考虑就可","0","2","2"
"历法的精密与否","0","2","2"
"中午时圭表表影","0","2","2"
"午时圭表表影长","0","2","2"
"时圭表表影长度","0","2","2"
"五星位置常有前","0","2","2"
"星位置常有前后","0","2","2"
"位置常有前后的","0","2","2"
"置常有前后的变","0","2","2"
"常有前后的变化","0","2","2"
"陛下这一处置安","0","2","2"
"下这一处置安排","0","2","2"
"这一处置安排不","0","2","2"
"一处置安排不当","0","2","2"
"臣下不敢遵奉陛","0","2","2"
"下不敢遵奉陛下","0","2","2"
"不敢遵奉陛下的","0","2","2"
"敢遵奉陛下的韶","0","2","2"
"遵奉陛下的韶令","0","2","2"
"汉朝及曹魏时期","0","2","2"
"居凶庐守丧三年","0","2","2"
"凶庐守丧三年不","0","2","2"
"这之后便废止了","0","2","2"
"之后便废止了谒","0","2","2"
"后便废止了谒拜","0","2","2"
"便废止了谒拜陵","0","2","2"
"废止了谒拜陵墓","0","2","2"
"都恭敬地奉承天","0","2","2"
"恭敬地奉承天地","0","2","2"
"在南郊建造坛场","0","2","2"
"接受皇帝的印玺","0","2","2"
"举行柴燎以祭天","0","2","2"
"送神时洒酒于地","0","2","2"
"神时洒酒于地的","0","2","2"
"时洒酒于地的仪","0","2","2"
"力建造在陵墓侧","0","2","2"
"汉朝因循秦朝没","0","2","2"
"朝因循秦朝没有","0","2","2"
"因循秦朝没有改","0","2","2"
"循秦朝没有改变","0","2","2"
"领曹郎范义参与","0","2","2"
"曹郎范义参与议","0","2","2"
"郎范义参与议论","0","2","2"
"范义参与议论说","0","2","2"
"按照永初三年的","0","2","2"
"照永初三年的先","0","2","2"
"永初三年的先例","0","2","2"
"需要两周年之后","0","2","2"
"要两周年之后才","0","2","2"
"两周年之后才举","0","2","2"
"周年之后才举行","0","2","2"
"年之后才举行殷","0","2","2"
"之后才举行殷祭","0","2","2"
"才派有关官员代","0","2","2"
"派有关官员代理","0","2","2"
"派有关官员代行","0","2","2"
"认为徐爰的意见","0","2","2"
"等待有了后嗣的","0","2","2"
"待有了后嗣的时","0","2","2"
"有了后嗣的时候","0","2","2"
"车轮转动运行可","0","2","2"
"轮转动运行可以","0","2","2"
"转动运行可以载","0","2","2"
"动运行可以载重","0","2","2"
"便又制造可以坐","0","2","2"
"又制造可以坐人","0","2","2"
"制造可以坐人的","0","2","2"
"造可以坐人的车","0","2","2"
"可以坐人的车舆","0","2","2"
"却不能说出它的","0","2","2"
"不能说出它的含","0","2","2"
"能说出它的含义","0","2","2"
"至高无上的教化","0","2","2"
"在这裹哀哀呜叫","0","2","2"
"我县的王涣县令","0","2","2"
"盛世从泰始年间","0","2","2"
"世从泰始年间开","0","2","2"
"从泰始年间开始","0","2","2"
"泫歌弹奏曲妙新","0","2","2"
"志气高洁超山岑","0","2","2"
"其所由来有其本","0","2","2"
"所由来有其本来","0","2","2"
"由来有其本来的","0","2","2"
"来有其本来的系","0","2","2"
"有其本来的系统","0","2","2"
"如果犯执法星的","0","2","2"
"果犯执法星的是","0","2","2"
"犯执法星的是金","0","2","2"
"执法星的是金星","0","2","2"
"大臣当承受这天","0","2","2"
"臣当承受这天象","0","2","2"
"当承受这天象预","0","2","2"
"合纵连横的局面","0","2","2"
"十年九月丁丑曰","0","2","2"
"白鹿出现于巴陵","0","2","2"
"鹿出现于巴陵的","0","2","2"
"出现于巴陵的清","0","2","2"
"现于巴陵的清水","0","2","2"
"于巴陵的清水山","0","2","2"
"荆业刺史殷仲堪","0","2","2"
"业刺史殷仲堪献","0","2","2"
"刺史殷仲堪献上","0","2","2"
"史殷仲堪献上朝","0","2","2"
"殷仲堪献上朝廷","0","2","2"
"君主统治下才能","0","2","2"
"赏给他们观赏的","0","2","2"
"给他们观赏的舞","0","2","2"
"手托住杯盘上下","0","2","2"
"托住杯盘上下翻","0","2","2"
"住杯盘上下翻转","0","2","2"
"而我却误由虫门","0","2","2"
"我却误由虫门出","0","2","2"
"找到雌犬雄犬各","0","2","2"
"到雌犬雄犬各一","0","2","2"
"雌犬雄犬各一条","0","2","2"
"它带来的灾害是","0","2","2"
"给它的惩罚是恒","0","2","2"
"当时王敦欺凌君","0","2","2"
"时王敦欺凌君主","0","2","2"
"自然不是轻易能","0","2","2"
"然不是轻易能整","0","2","2"
"不是轻易能整治","0","2","2"
"是轻易能整治的","0","2","2"
"高祖叫道怜把府","0","2","2"
"祖叫道怜把府中","0","2","2"
"叫道怜把府中杂","0","2","2"
"道怜把府中杂事","0","2","2"
"怜把府中杂事都","0","2","2"
"把府中杂事都交","0","2","2"
"府中杂事都交谢","0","2","2"
"中杂事都交谢方","0","2","2"
"杂事都交谢方明","0","2","2"
"事都交谢方明决","0","2","2"
"都交谢方明决定","0","2","2"
"义恭既担忧又害","0","2","2"
"恭既担忧又害怕","0","2","2"
"既担忧又害怕束","0","2","2"
"担忧又害怕束手","0","2","2"
"忧又害怕束手无","0","2","2"
"又害怕束手无策","0","2","2"
"这就是我废寝忘","0","2","2"
"就是我废寝忘食","0","2","2"
"干预职外之事的","0","2","2"
"预职外之事的原","0","2","2"
"职外之事的原因","0","2","2"
"当时王献之任吴","0","2","2"
"时王献之任吴兴","0","2","2"
"王献之任吴兴太","0","2","2"
"献之任吴兴太守","0","2","2"
"非常赏识喜爱羊","0","2","2"
"常赏识喜爱羊欣","0","2","2"
"让我形单影只茕","0","2","2"
"我形单影只茕然","0","2","2"
"形单影只茕然独","0","2","2"
"单影只茕然独坐","0","2","2"
"各有其长远意图","0","2","2"
"后任义真的军骑","0","2","2"
"任义真的军骑行","0","2","2"
"义真的军骑行参","0","2","2"
"真的军骑行参军","0","2","2"
"江夏王刘义恭抚","0","2","2"
"夏王刘义恭抚军","0","2","2"
"王刘义恭抚军刑","0","2","2"
"刘义恭抚军刑狱","0","2","2"
"沙王刘义欣的后","0","2","2"
"王刘义欣的后军","0","2","2"
"刘义欣的后军录","0","2","2"
"义欣的后军录事","0","2","2"
"欣的后军录事参","0","2","2"
"的后军录事参军","0","2","2"
"朝廷只把他看成","0","2","2"
"廷只把他看成有","0","2","2"
"只把他看成有些","0","2","2"
"把他看成有些文","0","2","2"
"他看成有些文才","0","2","2"
"看成有些文才的","0","2","2"
"成有些文才的人","0","2","2"
"而不是有学识才","0","2","2"
"不是有学识才干","0","2","2"
"是有学识才干的","0","2","2"
"有学识才干的政","0","2","2"
"学识才干的政治","0","2","2"
"识才干的政治家","0","2","2"
"没有一本完整的","0","2","2"
"有一本完整的历","0","2","2"
"一本完整的历史","0","2","2"
"本完整的历史书","0","2","2"
"当时的人们称他","0","2","2"
"时的人们称他们","0","2","2"
"的人们称他们为","0","2","2"
"人们称他们为四","0","2","2"
"们称他们为四友","0","2","2"
"也不许有我立脚","0","2","2"
"不许有我立脚的","0","2","2"
"许有我立脚的地","0","2","2"
"有我立脚的地方","0","2","2"
"自古以来从未有","0","2","2"
"这跟病重时不同","0","2","2"
"有什么必要非吃","0","2","2"
"什么必要非吃饭","0","2","2"
"么必要非吃饭不","0","2","2"
"必要非吃饭不可","0","2","2"
"只是因为除去蔓","0","2","2"
"是因为除去蔓草","0","2","2"
"因为除去蔓草要","0","2","2"
"为除去蔓草要迅","0","2","2"
"除去蔓草要迅速","0","2","2"
"驱逐恶人也要迅","0","2","2"
"逐恶人也要迅速","0","2","2"
"国人因此对他失","0","2","2"
"人因此对他失去","0","2","2"
"因此对他失去信","0","2","2"
"此对他失去信任","0","2","2"
"有识之士谁也不","0","2","2"
"识之士谁也不附","0","2","2"
"之士谁也不附从","0","2","2"
"桂阳王刘休范造","0","2","2"
"阳王刘休范造反","0","2","2"
"突然有人传呼停","0","2","2"
"然有人传呼停止","0","2","2"
"有人传呼停止行","0","2","2"
"人传呼停止行刑","0","2","2"
"防备邪恶的发生","0","2","2"
"抵御灾难的降临","0","2","2"
"处理复杂的政务","0","2","2"
"每人都不辜负他","0","2","2"
"人都不辜负他的","0","2","2"
"都不辜负他的职","0","2","2"
"不辜负他的职务","0","2","2"
"而不是空设闲置","0","2","2"
"多多进用闲职人","0","2","2"
"多进用闲职人员","0","2","2"
"当今大小官职与","0","2","2"
"今大小官职与实","0","2","2"
"大小官职与实际","0","2","2"
"小官职与实际不","0","2","2"
"官职与实际不符","0","2","2"
"大小官员称呼不","0","2","2"
"小官员称呼不等","0","2","2"
"这是官职的灾难","0","2","2"
"扬州境内而有兖","0","2","2"
"州境内而有兖州","0","2","2"
"境内而有兖州的","0","2","2"
"内而有兖州的名","0","2","2"
"而有兖州的名称","0","2","2"
"称说有病而辞职","0","2","2"
"于是被本州法官","0","2","2"
"是被本州法官弹","0","2","2"
"被本州法官弹劾","0","2","2"
"邓粹还兼任卫尉","0","2","2"
"袁岂页又派刘胡","0","2","2"
"岂页又派刘胡率","0","2","2"
"页又派刘胡率领","0","2","2"
"又派刘胡率领步","0","2","2"
"派刘胡率领步兵","0","2","2"
"刘胡率领步兵二","0","2","2"
"胡率领步兵二万","0","2","2"
"前往进攻张兴世","0","2","2"
"自古以来便是如","0","2","2"
"古以来便是如此","0","2","2"
"休祐出外坐镇历","0","2","2"
"祐出外坐镇历阳","0","2","2"
"作各路大军的统","0","2","2"
"各路大军的统帅","0","2","2"
"薛安都和本家薛","0","2","2"
"安都和本家薛永","0","2","2"
"都和本家薛永宗","0","2","2"
"和本家薛永宗起","0","2","2"
"本家薛永宗起义","0","2","2"
"家薛永宗起义造","0","2","2"
"薛永宗起义造反","0","2","2"
"安都袭占弘农郡","0","2","2"
"都袭占弘农郡城","0","2","2"
"增加五百户租税","0","2","2"
"和以前共一千户","0","2","2"
"被改封为武昌县","0","2","2"
"改封为武昌县侯","0","2","2"
"我这里便率领部","0","2","2"
"这里便率领部队","0","2","2"
"等待皇上的惩罚","0","2","2"
"门客常有几百内","0","2","2"
"客常有几百内外","0","2","2"
"常有几百内外人","0","2","2"
"有几百内外人士","0","2","2"
"法兴是孝武帝心","0","2","2"
"兴是孝武帝心腹","0","2","2"
"如今他也是一个","0","2","2"
"今他也是一个皇","0","2","2"
"他也是一个皇帝","0","2","2"
"我非常害怕这个","0","2","2"
"非常害怕这个宝","0","2","2"
"常害怕这个宝座","0","2","2"
"害怕这个宝座不","0","2","2"
"怕这个宝座不是","0","2","2"
"这个宝座不是皇","0","2","2"
"个宝座不是皇帝","0","2","2"
"宝座不是皇帝的","0","2","2"
"刘道规当荆州刺","0","2","2"
"道规当荆州刺史","0","2","2"
"规当荆州刺史时","0","2","2"
"毛德祖当他的部","0","2","2"
"德祖当他的部将","0","2","2"
"说完抽出长剑死","0","2","2"
"完抽出长剑死了","0","2","2"
"刽子手先杀刘邵","0","2","2"
"子手先杀刘邵的","0","2","2"
"手先杀刘邵的四","0","2","2"
"先杀刘邵的四个","0","2","2"
"杀刘邵的四个儿","0","2","2"
"沈仪等几乎失掉","0","2","2"
"仪等几乎失掉性","0","2","2"
"等几乎失掉性命","0","2","2"
"那一带土地肥沃","0","2","2"
"辅国将军何无忌","0","2","2"
"江州刺史王弘为","0","2","2"
"州刺史王弘为司","0","2","2"
"江夏王义恭改任","0","2","2"
"改任南徐州刺史","0","2","2"
"吐谷浑拾虔为平","0","2","2"
"兖州刺史徐遗宝","0","2","2"
"王子尚为扬州刺","0","2","2"
"子尚为扬州刺史","0","2","2"
"永嘉王子仁为南","0","2","2"
"桂阳王休范为中","0","2","2"
"任命始兴公沈庆","0","2","2"
"命始兴公沈庆之","0","2","2"
"始兴公沈庆之为","0","2","2"
"建安王休仁加封","0","2","2"
"安王休仁加封为","0","2","2"
"同三司王玄谟为","0","2","2"
"王玄谟为车骑将","0","2","2"
"玄谟为车骑将军","0","2","2"
"史吐谷浑拾寅晋","0","2","2"
"吐谷浑拾寅晋升","0","2","2"
"谷浑拾寅晋升为","0","2","2"
"守建平王景素为","0","2","2"
"建安王长子伯融","0","2","2"
"安王长子伯融为","0","2","2"
"仆射袁粲为尚书","0","2","2"
"州刺史蔡兴宗为","0","2","2"
"州刺史沈攸之为","0","2","2"
"葬在丹阳秣陵县","0","2","2"
"任命尚书右仆射","0","2","2"
"王僧虔为尚书左","0","2","2"
"僧虔为尚书左仆","0","2","2"
"虔为尚书左仆射","0","2","2"
"之为南豫州刺史","0","2","2"
"钟宗之减为二尺","0","2","2"
"奚纵又将其减去","0","2","2"
"月犯束井宿距星","0","2","2"
"月犯心宿中央大","0","2","2"
"月入南斗犯其第","0","2","2"
"入南斗犯其第二","0","2","2"
"南斗犯其第二星","0","2","2"
"有彗星出现于奎","0","2","2"
"彗星出现于奎宿","0","2","2"
"扬州刺史王谧去","0","2","2"
"州刺史王谧去世","0","2","2"
"犯太微西上将星","0","2","2"
"入舆鬼宿犯积尸","0","2","2"
"犯房宿北头第一","0","2","2"
"女子独立又为双","0","2","2"
"武昌说有甘露降","0","2","2"
"昌说有甘露降临","0","2","2"
"甘露降临于丹徒","0","2","2"
"露降临于南海的","0","2","2"
"甘露降临华林园","0","2","2"
"二年三月己酉曰","0","2","2"
"甘露降临建康的","0","2","2"
"嘉禾生于襄平县","0","2","2"
"晋穆帝永和五年","0","2","2"
"州刺史南平王刘","0","2","2"
"刺史南平王刘铄","0","2","2"
"史南平王刘铄献","0","2","2"
"南平王刘铄献上","0","2","2"
"晋安帝义熙初年","0","2","2"
"芦生不止自成积","0","2","2"
"魏明帝太和五年","0","2","2"
"晋穆帝永和九年","0","2","2"
"寿阳发生大水灾","0","2","2"
"会稽发生大水灾","0","2","2"
"彭城发生大水灾","0","2","2"
"年十一月庚午曰","0","2","2"
"公孙渊自立为燕","0","2","2"
"孙渊自立为燕王","0","2","2"
"年十二月丙辰曰","0","2","2"
"三年三月戊子日","0","2","2"
"宣帝庙地面下陷","0","2","2"
"东北步广里地面","0","2","2"
"江夏王刘义恭骠","0","2","2"
"夏王刘义恭骠骑","0","2","2"
"州豫州的梁郡诸","0","2","2"
"孙恩在会稽作乱","0","2","2"
"率领部众几万人","0","2","2"
"桓玄又派遣高祖","0","2","2"
"刘毅的堂弟刘藩","0","2","2"
"江州刺史郭昶之","0","2","2"
"而一旦拥有帝位","0","2","2"
"置压四方的刺史","0","2","2"
"压四方的刺史郡","0","2","2"
"四方的刺史郡守","0","2","2"
"方的刺史郡守和","0","2","2"
"的刺史郡守和在","0","2","2"
"刺史郡守和在朝","0","2","2"
"史郡守和在朝的","0","2","2"
"郡守和在朝的大","0","2","2"
"守和在朝的大臣","0","2","2"
"君臣的名分确定","0","2","2"
"臣的名分确定了","0","2","2"
"的名分确定了．","0","2","2"
"名分确定了．产","0","2","2"
"分确定了．产担","0","2","2"
"确定了．产担在","0","2","2"
"定了．产担在朝","0","2","2"
"了．产担在朝中","0","2","2"
"．产担在朝中地","0","2","2"
"产担在朝中地位","0","2","2"
"担在朝中地位低","0","2","2"
"部属不足五百人","0","2","2"
"倡导大义恢复皇","0","2","2"
"导大义恢复皇位","0","2","2"
"子荆州刺史王绥","0","2","2"
"北青州刺史刘该","0","2","2"
"有文字记载以来","0","2","2"
"当初豫章郡公将","0","2","2"
"初豫章郡公将出","0","2","2"
"豫章郡公将出征","0","2","2"
"议论的人以为贼","0","2","2"
"论的人以为贼寇","0","2","2"
"的人以为贼寇听","0","2","2"
"人以为贼寇听说","0","2","2"
"以为贼寇听说大","0","2","2"
"为贼寇听说大军","0","2","2"
"贼寇听说大军速","0","2","2"
"寇听说大军速出","0","2","2"
"以断三军的用度","0","2","2"
"豫章郡公为太尉","0","2","2"
"豫章郡公知道他","0","2","2"
"当初豫章郡公派","0","2","2"
"初豫章郡公派遣","0","2","2"
"岸上的车队预先","0","2","2"
"上的车队预先准","0","2","2"
"的车队预先准备","0","2","2"
"车队预先准备火","0","2","2"
"队预先准备火器","0","2","2"
"就投出火种焚烧","0","2","2"
"投出火种焚烧战","0","2","2"
"出火种焚烧战舰","0","2","2"
"追击到夜晚才返","0","2","2"
"击到夜晚才返回","0","2","2"
"太尉留守府事务","0","2","2"
"穆之为建威将军","0","2","2"
"送到司马休之处","0","2","2"
"儿子竟陵太守鲁","0","2","2"
"长子为中军将军","0","2","2"
"管理太尉留守府","0","2","2"
"这又是你的功劳","0","2","2"
"桂阳公刘义真为","0","2","2"
"任命辅国将军刘","0","2","2"
"年以下徒刑的罪","0","2","2"
"以下徒刑的罪犯","0","2","2"
"升王太妃为王太","0","2","2"
"王太妃为王太后","0","2","2"
"加封王子王孙称","0","2","2"
"封王子王孙称号","0","2","2"
"托身于万民之上","0","2","2"
"号为车骑大将军","0","2","2"
"设将官不得超过","0","2","2"
"皇帝又在华林园","0","2","2"
"帝又在华林园听","0","2","2"
"又在华林园听讼","0","2","2"
"州刺史徐羡之为","0","2","2"
"刺史徐羡之为司","0","2","2"
"事务繁多而时间","0","2","2"
"务繁多而时间不","0","2","2"
"繁多而时间不足","0","2","2"
"奠定了帝王基业","0","2","2"
"文臣武将各晋爵","0","2","2"
"豫州刺史刘粹派","0","2","2"
"被判五年以下徒","0","2","2"
"冬十月二十六日","0","2","2"
"荆州刺史谢晦为","0","2","2"
"州刺史檀道济为","0","2","2"
"刺史檀道济为征","0","2","2"
"史彭城王义康晋","0","2","2"
"彭城王义康晋升","0","2","2"
"城王义康晋升为","0","2","2"
"州刺史王仲德晋","0","2","2"
"刺史王仲德晋升","0","2","2"
"史王仲德晋升为","0","2","2"
"晋升为安北将军","0","2","2"
"十一月二十二日","0","2","2"
"军将军赵伦之为","0","2","2"
"任命金光禄大夫","0","2","2"
"病残难以生存的","0","2","2"
"吴郡太守徐佩之","0","2","2"
"多次登城作战和","0","2","2"
"派遣使者前往慰","0","2","2"
"遣使者前往慰问","0","2","2"
"委任金紫光禄大","0","2","2"
"任金紫光禄大夫","0","2","2"
"河西王派遣使者","0","2","2"
"西王派遣使者来","0","2","2"
"诃罗单国派使者","0","2","2"
"罗单国派使者来","0","2","2"
"单国派使者来进","0","2","2"
"狮子国派使者来","0","2","2"
"子国派使者来进","0","2","2"
"撤南豫州并入豫","0","2","2"
"南豫州并入豫州","0","2","2"
"兖州刺史竺灵秀","0","2","2"
"史竟陵王义宣为","0","2","2"
"义康任扬州刺史","0","2","2"
"史江夏王义恭为","0","2","2"
"王义宣为中书监","0","2","2"
"军将军殷景仁为","0","2","2"
"国派遣使者来进","0","2","2"
"南国派使者来进","0","2","2"
"年春正月十五日","0","2","2"
"文臣武将各赐爵","0","2","2"
"臣武将各赐爵一","0","2","2"
"武将各赐爵一等","0","2","2"
"国都派使者来进","0","2","2"
"十六年春正月十","0","2","2"
"郡划出一部分设","0","2","2"
"拾寅为平西将军","0","2","2"
"史武陵王骏为南","0","2","2"
"州刺史赵伯符为","0","2","2"
"国派使者进献特","0","2","2"
"派使者进献特产","0","2","2"
"萧思话为雍州刺","0","2","2"
"思话为雍州刺史","0","2","2"
"王义恭晋升为太","0","2","2"
"加封为中军将军","0","2","2"
"加封为抚军将军","0","2","2"
"任命征西大将军","0","2","2"
"南兖州刺史广陵","0","2","2"
"兖州刺史广陵王","0","2","2"
"大沮渠安周为征","0","2","2"
"刺史南平王铄为","0","2","2"
"真为南兖州刺史","0","2","2"
"萧景宪为交州刺","0","2","2"
"景宪为交州刺史","0","2","2"
"一个大钱当一两","0","2","2"
"太子詹事徐湛之","0","2","2"
"子詹事徐湛之为","0","2","2"
"之为南兖州刺史","0","2","2"
"仆射何尚之为尚","0","2","2"
"射何尚之为尚书","0","2","2"
"兴太守刘遵考为","0","2","2"
"刘遵考为领军将","0","2","2"
"遵考为领军将军","0","2","2"
"刺史庐陵王绍为","0","2","2"
"元嘉二十七年春","0","2","2"
"夏四月二十二日","0","2","2"
"刺史武陵王骏降","0","2","2"
"史武陵王骏降为","0","2","2"
"冗从仆射胡崇之","0","2","2"
"积弩将军臧澄之","0","2","2"
"南兖州刺史职务","0","2","2"
"兼任南兖州刺史","0","2","2"
"书左仆射何尚之","0","2","2"
"刘王禹为益州刺","0","2","2"
"王禹为益州刺史","0","2","2"
"州刺史照旧担任","0","2","2"
"委任领军将军刘","0","2","2"
"任领军将军刘遵","0","2","2"
"军将军刘遵考为","0","2","2"
"雍州刺史臧质为","0","2","2"
"尉江夏王义恭为","0","2","2"
"江夏王义恭为太","0","2","2"
"东海王礻韦为抚","0","2","2"
"海王礻韦为抚军","0","2","2"
"王礻韦为抚军将","0","2","2"
"礻韦为抚军将军","0","2","2"
"州刺史刘秀之任","0","2","2"
"晋升为镇西大将","0","2","2"
"升为镇西大将军","0","2","2"
"徐州划出一部分","0","2","2"
"军将军柳元景为","0","2","2"
"建平王宏加封为","0","2","2"
"平王宏加封为中","0","2","2"
"王宏加封为中书","0","2","2"
"宏加封为中书监","0","2","2"
"军将军东海王礻","0","2","2"
"卫将军王玄谟为","0","2","2"
"王玄谟为豫州刺","0","2","2"
"玄谟为豫州刺史","0","2","2"
"委任太子左卫率","0","2","2"
"州刺史朱修之为","0","2","2"
"分出一部分设立","0","2","2"
"又被封为领军将","0","2","2"
"被封为领军将军","0","2","2"
"原来的称号不变","0","2","2"
"光禄大夫何尚之","0","2","2"
"州刺史沈庆之为","0","2","2"
"州刺史刘遵考为","0","2","2"
"任命金紫光禄大","0","2","2"
"命金紫光禄大夫","0","2","2"
"利国派使者来进","0","2","2"
"冬十月二十四日","0","2","2"
"中护军湘东王升","0","2","2"
"护军湘东王升职","0","2","2"
"史西阳王子尚为","0","2","2"
"东海王礻韦晋升","0","2","2"
"海王礻韦晋升为","0","2","2"
"晋升为平南将军","0","2","2"
"十二月二十五日","0","2","2"
"任命左卫将军沈","0","2","2"
"改任南兖州刺史","0","2","2"
"义阳王昶为中军","0","2","2"
"阳王昶为中军将","0","2","2"
"王昶为中军将军","0","2","2"
"禄大夫羊玄保为","0","2","2"
"任命宁朗将军沈","0","2","2"
"将军义阳王昶为","0","2","2"
"右仆射刘遵考为","0","2","2"
"江夏王义恭加封","0","2","2"
"夏王义恭加封为","0","2","2"
"新任车骑大将军","0","2","2"
"大明三年以前的","0","2","2"
"明三年以前的旧","0","2","2"
"三年以前的旧租","0","2","2"
"年以前的旧租旧","0","2","2"
"委任北中郎司马","0","2","2"
"任北中郎司马柳","0","2","2"
"之晋升为镇军将","0","2","2"
"刘思考为益州刺","0","2","2"
"思考为益州刺史","0","2","2"
"第九皇子子仁为","0","2","2"
"任命辅国将军王","0","2","2"
"任命尚书令柳元","0","2","2"
"命尚书令柳元景","0","2","2"
"有关衙门要严加","0","2","2"
"被判长期徒刑的","0","2","2"
"雍州刺史刘秀之","0","2","2"
"大明八年闰五月","0","2","2"
"仆射颜师伯为尚","0","2","2"
"射颜师伯为尚书","0","2","2"
"郡合在一起设立","0","2","2"
"州刺史湘东王任","0","2","2"
"文武大臣赐爵二","0","2","2"
"武大臣赐爵二等","0","2","2"
"军司马崔道固任","0","2","2"
"司马崔道固任冀","0","2","2"
"马崔道固任冀州","0","2","2"
"崔道固任冀州刺","0","2","2"
"道固任冀州刺史","0","2","2"
"史永嘉王子仁为","0","2","2"
"刺史山阳王休佑","0","2","2"
"高祖开创的基业","0","2","2"
"又转任左卫将军","0","2","2"
"北秦四州郢州的","0","2","2"
"新任骠骑大将军","0","2","2"
"是开天辟地以来","0","2","2"
"建平王景素为南","0","2","2"
"命尚书左仆射王","0","2","2"
"兖州刺史殷孝祖","0","2","2"
"王休若晋升为卫","0","2","2"
"休若晋升为卫将","0","2","2"
"若晋升为卫将军","0","2","2"
"将军刘面力为西","0","2","2"
"军刘面力为西伐","0","2","2"
"刘面力为西伐前","0","2","2"
"面力为西伐前锋","0","2","2"
"辅国将军沈攸之","0","2","2"
"任太子詹事张永","0","2","2"
"太子詹事张永为","0","2","2"
"郑黑为司州刺史","0","2","2"
"委任辅国将军沈","0","2","2"
"史桂阳王休范晋","0","2","2"
"桂阳王休范晋升","0","2","2"
"阳王休范晋升为","0","2","2"
"州分出一部设立","0","2","2"
"分出一部设立南","0","2","2"
"出一部设立南豫","0","2","2"
"一部设立南豫州","0","2","2"
"刺史王玄谟为左","0","2","2"
"史王玄谟为左光","0","2","2"
"王玄谟为左光禄","0","2","2"
"玄谟为左光禄大","0","2","2"
"谟为左光禄大夫","0","2","2"
"西将军蔡兴宗为","0","2","2"
"任命侍中刘韫为","0","2","2"
"派吏部尚书褚渊","0","2","2"
"史巴陵王休若晋","0","2","2"
"晋升为安西将军","0","2","2"
"任命越骑校尉周","0","2","2"
"命越骑校尉周宁","0","2","2"
"骑校尉周宁民为","0","2","2"
"恢复郡县官员的","0","2","2"
"出一部分设置东","0","2","2"
"县官员的俸禄田","0","2","2"
"分出一部分设置","0","2","2"
"给事黄门侍郎刘","0","2","2"
"陈伯绍为交州刺","0","2","2"
"伯绍为交州刺史","0","2","2"
"豫州刺史刘面力","0","2","2"
"州刺史刘面力为","0","2","2"
"索虏派使者来进","0","2","2"
"虏派使者来进献","0","2","2"
"孟次为兖州刺史","0","2","2"
"大夫刘遵考改任","0","2","2"
"夫刘遵考改任左","0","2","2"
"刘遵考改任左光","0","2","2"
"遵考改任左光禄","0","2","2"
"考改任左光禄大","0","2","2"
"改任左光禄大夫","0","2","2"
"护军将军褚渊因","0","2","2"
"军将军褚渊因母","0","2","2"
"史建平王景素晋","0","2","2"
"建平王景素晋升","0","2","2"
"平王景素晋升为","0","2","2"
"南豫州刺史建平","0","2","2"
"豫州刺史建平王","0","2","2"
"兼任开府仪同三","0","2","2"
"加封护军将军褚","0","2","2"
"封护军将军褚渊","0","2","2"
"护军将军褚渊为","0","2","2"
"州刺史安成王晋","0","2","2"
"刺史安成王晋升","0","2","2"
"史安成王晋升为","0","2","2"
"将军褚渊为中书","0","2","2"
"军褚渊为中书监","0","2","2"
"不到百分之二十","0","2","2"
"南兖州刺史齐王","0","2","2"
"袁粲镇守石头城","0","2","2"
"州刺史沈景德为","0","2","2"
"刺史沈景德为广","0","2","2"
"史沈景德为广州","0","2","2"
"沈景德为广州刺","0","2","2"
"景德为广州刺史","0","2","2"
"任命骁骑将军王","0","2","2"
"左卫将军齐王长","0","2","2"
"卫将军齐王长子","0","2","2"
"左军将军彭文之","0","2","2"
"豫州刺史刘怀玲","0","2","2"
"张敬儿攻克江陵","0","2","2"
"州刺史张敬儿晋","0","2","2"
"刺史张敬儿晋升","0","2","2"
"史张敬儿晋升为","0","2","2"
"的首级送到京城","0","2","2"
"及其同党都被处","0","2","2"
"其同党都被处死","0","2","2"
"为十七万七千一","0","2","2"
"相应的数为四十","0","2","2"
"相应的数是六十","0","2","2"
"对应音乐逐渐显","0","2","2"
"应音乐逐渐显得","0","2","2"
"生律时其相应的","0","2","2"
"律时其相应的数","0","2","2"
"具有八种能力的","0","2","2"
"有八种能力的人","0","2","2"
"测量圭表的表影","0","2","2"
"量圭表的表影长","0","2","2"
"与气相应而贯通","0","2","2"
"中吕向上生成执","0","2","2"
"吕向上生成执始","0","2","2"
"十二律管轮转后","0","2","2"
"二律管轮转后又","0","2","2"
"律管轮转后又重","0","2","2"
"管轮转后又重新","0","2","2"
"减少三分之一就","0","2","2"
"增加三分之一就","0","2","2"
"轮转后又重新回","0","2","2"
"转后又重新回到","0","2","2"
"三分之一就是向","0","2","2"
"十二律轮转一周","0","2","2"
"轮转一周后又回","0","2","2"
"转一周后又回到","0","2","2"
"一周后又回到宫","0","2","2"
"周后又回到宫音","0","2","2"
"又回到宫音的规","0","2","2"
"治书令史奚纵又","0","2","2"
"车马祭牲的颜色","0","2","2"
"说历法的核心内","0","2","2"
"历法的核心内容","0","2","2"
"增加或减少一刻","0","2","2"
"年十一月甲寅曰","0","2","2"
"推算比实际天象","0","2","2"
"以甲寅年为历元","0","2","2"
"与以建寅之月为","0","2","2"
"寅之月为正月的","0","2","2"
"斗宿宿度奇零部","0","2","2"
"宿宿度奇零部分","0","2","2"
"宿度奇零部分太","0","2","2"
"度奇零部分太大","0","2","2"
"相对应的月份为","0","2","2"
"二万二干七百九","0","2","2"
"万二干七百九十","0","2","2"
"二干七百九十五","0","2","2"
"朔月亮在黄道北","0","2","2"
"该数的求得是取","0","2","2"
"数的求得是取一","0","2","2"
"的求得是取一纪","0","2","2"
"求得是取一纪的","0","2","2"
"得是取一纪的积","0","2","2"
"是取一纪的积月","0","2","2"
"取一纪的积月数","0","2","2"
"一纪的积月数乘","0","2","2"
"纪的积月数乘以","0","2","2"
"的积月数乘以通","0","2","2"
"积月数乘以通数","0","2","2"
"得到的余数就是","0","2","2"
"纪的迟疾差率减","0","2","2"
"的迟疾差率减去","0","2","2"
"迟疾差率减去迟","0","2","2"
"疾差率减去迟疾","0","2","2"
"差率减去迟疾纪","0","2","2"
"率减去迟疾纪差","0","2","2"
"年份所在纪的序","0","2","2"
"份所在纪的序号","0","2","2"
"余数就是该年份","0","2","2"
"数就是该年份在","0","2","2"
"就是该年份在相","0","2","2"
"是该年份在相应","0","2","2"
"最后得到的余数","0","2","2"
"的余数就是大余","0","2","2"
"干支名称来对应","0","2","2"
"加二千四百一十","0","2","2"
"并在小余上进一","0","2","2"
"法则减去曰法在","0","2","2"
"则减去曰法在大","0","2","2"
"减去曰法在大余","0","2","2"
"去曰法在大余上","0","2","2"
"以限数作为衡量","0","2","2"
"限数作为衡量标","0","2","2"
"数作为衡量标准","0","2","2"
"的年份在相应纪","0","2","2"
"就是与周正相对","0","2","2"
"是与周正相对应","0","2","2"
"与周正相对应的","0","2","2"
"周正相对应的十","0","2","2"
"正相对应的十一","0","2","2"
"相对应的十一月","0","2","2"
"对应的十一月冬","0","2","2"
"应的十一月冬至","0","2","2"
"小分满气法则减","0","2","2"
"分满气法则减去","0","2","2"
"满气法则减去气","0","2","2"
"气法则减去气法","0","2","2"
"法则减去气法并","0","2","2"
"则减去气法并在","0","2","2"
"减去气法并在小","0","2","2"
"去气法并在小余","0","2","2"
"气法并在小余上","0","2","2"
"法并在小余上加","0","2","2"
"小余满纪法则减","0","2","2"
"减去纪法并在大","0","2","2"
"去纪法并在大余","0","2","2"
"纪法并在大余上","0","2","2"
"前述的方法就得","0","2","2"
"述的方法就得到","0","2","2"
"将章岁减去闰余","0","2","2"
"用干支的名称对","0","2","2"
"干支的名称对应","0","2","2"
"大余上加六十九","0","2","2"
"小余满没法则减","0","2","2"
"前土起作用的日","0","2","2"
"小余不够减时可","0","2","2"
"上加纪法后再减","0","2","2"
"将朔积日乘以纪","0","2","2"
"朔积日乘以纪法","0","2","2"
"余数再除以纪法","0","2","2"
"的十一月朔日夜","0","2","2"
"十一月朔日夜半","0","2","2"
"一月朔日夜半时","0","2","2"
"日夜半时太阳位","0","2","2"
"在分上减去斗分","0","2","2"
"方法就可得到与","0","2","2"
"法就可得到与周","0","2","2"
"就可得到与周正","0","2","2"
"可得到与周正对","0","2","2"
"得到与周正对应","0","2","2"
"到与周正对应的","0","2","2"
"时位置的方法说","0","2","2"
"将朔小余乘以章","0","2","2"
"朔小余乘以章岁","0","2","2"
"如满纪法则减去","0","2","2"
"对应的十一月合","0","2","2"
"的十一月合朔时","0","2","2"
"月合朔时太阳月","0","2","2"
"合朔时太阳月亮","0","2","2"
"朔时太阳月亮所","0","2","2"
"时太阳月亮所共","0","2","2"
"太阳月亮所共有","0","2","2"
"阳月亮所共有的","0","2","2"
"月亮所共有的位","0","2","2"
"亮所共有的位置","0","2","2"
"在度上加二十九","0","2","2"
"大分满纪法则减","0","2","2"
"分满纪法则减去","0","2","2"
"法并在度上加一","0","2","2"
"在合朔位置的度","0","2","2"
"合朔位置的度上","0","2","2"
"朔位置的度上加","0","2","2"
"法则减去通法在","0","2","2"
"法则减去纪法在","0","2","2"
"最接近的节气的","0","2","2"
"接近的节气的夜","0","2","2"
"近的节气的夜漏","0","2","2"
"的节气的夜漏刻","0","2","2"
"在相应纪中的朔","0","2","2"
"所得满会通则减","0","2","2"
"得满会通则减去","0","2","2"
"朔日则发生交会","0","2","2"
"纪首合朔月亮在","0","2","2"
"首合朔月亮在黄","0","2","2"
"朔时月亮在黄道","0","2","2"
"黄白交点在前月","0","2","2"
"白交点在前月会","0","2","2"
"交点在前月会合","0","2","2"
"点在前月会合在","0","2","2"
"在前月会合在后","0","2","2"
"月会合在前黄白","0","2","2"
"会合在前黄白交","0","2","2"
"合在前黄白交点","0","2","2"
"日月会合在后的","0","2","2"
"黄白交点在前日","0","2","2"
"白交点在前日月","0","2","2"
"满通周则减去通","0","2","2"
"通周则减去通周","0","2","2"
"天就是所求年与","0","2","2"
"所求年与周正对","0","2","2"
"求年与周正对应","0","2","2"
"年与周正对应的","0","2","2"
"在迟疾历中的期","0","2","2"
"余满法则减去曰","0","2","2"
"满法则减去曰法","0","2","2"
"数满二十七则减","0","2","2"
"满二十七则减去","0","2","2"
"二十七则减去二","0","2","2"
"十七则减去二十","0","2","2"
"七则减去二十七","0","2","2"
"则减去二十七并","0","2","2"
"减去二十七并在","0","2","2"
"在迟疾历中的曰","0","2","2"
"迟疾历中的曰余","0","2","2"
"月交会的时间在","0","2","2"
"率乘以在迟疾历","0","2","2"
"以在迟疾历中的","0","2","2"
"与周度的小分合","0","2","2"
"周度的小分合并","0","2","2"
"朔日的大小余上","0","2","2"
"将定小余乘以十","0","2","2"
"定小余乘以十二","0","2","2"
"其商就是时辰数","0","2","2"
"还有余数则将其","0","2","2"
"数则将其乘以三","0","2","2"
"与半合并为半强","0","2","2"
"它与少合并为半","0","2","2"
"与少合并为半弱","0","2","2"
"与太合并为一辰","0","2","2"
"太合并为一辰弱","0","2","2"
"将月余乘以通数","0","2","2"
"将朔小余乘以合","0","2","2"
"朔小余乘以合月","0","2","2"
"小余乘以合月法","0","2","2"
"商就是行星度数","0","2","2"
"一百九十九万五","0","2","2"
"一百四十七万二","0","2","2"
"一万一千七百八","0","2","2"
"到需推算的年份","0","2","2"
"推算五星发生合","0","2","2"
"五星发生合的月","0","2","2"
"星发生合的月份","0","2","2"
"减去合月法并在","0","2","2"
"需求的年份所在","0","2","2"
"求的年份所在纪","0","2","2"
"的年份所在纪的","0","2","2"
"余下的就是大余","0","2","2"
"的朔日开始对应","0","2","2"
"将度分乘以周天","0","2","2"
"并向外推算一度","0","2","2"
"下一次合所在月","0","2","2"
"一次合所在月的","0","2","2"
"次合所在月的朔","0","2","2"
"下次合在相应月","0","2","2"
"在相应月中的期","0","2","2"
"十六天九十九万","0","2","2"
"六天九十九万七","0","2","2"
"天九十九万七干","0","2","2"
"九十九万七干八","0","2","2"
"十九万七干八百","0","2","2"
"九万七干八百三","0","2","2"
"万七干八百三十","0","2","2"
"七干八百三十二","0","2","2"
"干八百三十二分","0","2","2"
"运行两度一百七","0","2","2"
"行两度一百七十","0","2","2"
"两度一百七十九","0","2","2"
"度一百七十九万","0","2","2"
"一百七十九万五","0","2","2"
"五十七天运行十","0","2","2"
"十七天运行十一","0","2","2"
"七天运行十一度","0","2","2"
"五十七天运行九","0","2","2"
"十七天运行九度","0","2","2"
"七天运行九度而","0","2","2"
"天运行七分之一","0","2","2"
"运行七分之一度","0","2","2"
"每天运行十一分","0","2","2"
"有三百九十八天","0","2","2"
"七十二天一百七","0","2","2"
"十二天一百七十","0","2","2"
"二天一百七十九","0","2","2"
"天一百七十九万","0","2","2"
"一百七十九万二","0","2","2"
"五十六度一百二","0","2","2"
"十六度一百二十","0","2","2"
"六度一百二十四","0","2","2"
"度一百二十四万","0","2","2"
"一百二十四万九","0","2","2"
"而早晨在东方出","0","2","2"
"一终有七百八十","0","2","2"
"终有七百八十天","0","2","2"
"十九天三百八十","0","2","2"
"九天三百八十四","0","2","2"
"天三百八十四万","0","2","2"
"运行了两度六百","0","2","2"
"行了两度六百四","0","2","2"
"了两度六百四十","0","2","2"
"两度六百四十九","0","2","2"
"八十六天运行六","0","2","2"
"十六天运行六度","0","2","2"
"六天运行六度半","0","2","2"
"天运行十七分之","0","2","2"
"运行十七分之一","0","2","2"
"行十七分之一度","0","2","2"
"后早晨在东方出","0","2","2"
"每天运行五分之","0","2","2"
"天运行五分之三","0","2","2"
"运行五分之三度","0","2","2"
"每天运行四十五","0","2","2"
"天运行四十五分","0","2","2"
"运行四十五分之","0","2","2"
"行四十五分之三","0","2","2"
"四十五分之三十","0","2","2"
"十五分之三十三","0","2","2"
"五分之三十三度","0","2","2"
"每天运行一又九","0","2","2"
"天运行一又九十","0","2","2"
"运行一又九十一","0","2","2"
"行一又九十一分","0","2","2"
"一又九十一分之","0","2","2"
"又九十一分之二","0","2","2"
"九十一分之二十","0","2","2"
"十一分之二十一","0","2","2"
"一分之二十一度","0","2","2"
"九十一天中运行","0","2","2"
"四十二天十九万","0","2","2"
"十二天十九万四","0","2","2"
"二天十九万四千","0","2","2"
"天十九万四千九","0","2","2"
"运行了五十二度","0","2","2"
"行了五十二度十","0","2","2"
"了五十二度十九","0","2","2"
"黄昏时与太阳合","0","2","2"
"黄昏时在西方出","0","2","2"
"昏时在西方出现","0","2","2"
"十二度而依然顺","0","2","2"
"二度而依然顺行","0","2","2"
"运行一百零五度","0","2","2"
"行一百零五度后","0","2","2"
"十五天中运行三","0","2","2"
"五天中运行三十","0","2","2"
"天中运行三十三","0","2","2"
"中运行三十三度","0","2","2"
"又经过一合而完","0","2","2"
"经过一合而完成","0","2","2"
"过一合而完成一","0","2","2"
"一合而完成一终","0","2","2"
"每天运行八分之","0","2","2"
"天运行八分之七","0","2","2"
"运行八分之七度","0","2","2"
"八天运行七度而","0","2","2"
"天运行一又十八","0","2","2"
"运行一又十八分","0","2","2"
"行一又十八分之","0","2","2"
"一又十八分之四","0","2","2"
"又十八分之四度","0","2","2"
"十八天运行二十","0","2","2"
"八天运行二十二","0","2","2"
"天运行二十二度","0","2","2"
"晨时在东方观察","0","2","2"
"时在东方观察不","0","2","2"
"八天二千零三十","0","2","2"
"天二千零三十四","0","2","2"
"三十六度二千零","0","2","2"
"十六度二千零三","0","2","2"
"六度二千零三十","0","2","2"
"度二千零三十四","0","2","2"
"二百六十一分后","0","2","2"
"一合有五十七天","0","2","2"
"运行度数与此数","0","2","2"
"行度数与此数值","0","2","2"
"数与此数值相等","0","2","2"
"星合时的日期和","0","2","2"
"合时的日期和余","0","2","2"
"余满度法则减去","0","2","2"
"乘以木星的曰度","0","2","2"
"以木星的曰度法","0","2","2"
"再除以周天就可","0","2","2"
"除以周天就可得","0","2","2"
"以周天就可得到","0","2","2"
"黄昏时大火星在","0","2","2"
"昏时大火星在正","0","2","2"
"时大火星在正南","0","2","2"
"大火星在正南方","0","2","2"
"火星在正南方的","0","2","2"
"星在正南方的天","0","2","2"
"尧时的冬至太阳","0","2","2"
"的冬至太阳应在","0","2","2"
"用观察月食的方","0","2","2"
"观察月食的方法","0","2","2"
"冬至太阳在斗宿","0","2","2"
"太阳在斗宿十七","0","2","2"
"阳在斗宿十七度","0","2","2"
"月亮与太阳位置","0","2","2"
"亮与太阳位置相","0","2","2"
"太阳位置相对来","0","2","2"
"太阳应在牛宿六","0","2","2"
"阳应在牛宿六度","0","2","2"
"用曰月位置相对","0","2","2"
"曰月位置相对推","0","2","2"
"推算的发生时间","0","2","2"
"太阳在井宿二十","0","2","2"
"与何承天所上表","0","2","2"
"何承天所上表中","0","2","2"
"承天所上表中相","0","2","2"
"天所上表中相同","0","2","2"
"用月食来检测太","0","2","2"
"月食来检测太阳","0","2","2"
"食来检测太阳位","0","2","2"
"来检测太阳位置","0","2","2"
"十一万一千零三","0","2","2"
"将其与干支名称","0","2","2"
"其与干支名称对","0","2","2"
"就是所求年份的","0","2","2"
"法在大余上加一","0","2","2"
"在朔大余上加七","0","2","2"
"小分满四则减去","0","2","2"
"分满四则减去四","0","2","2"
"法再加就得到望","0","2","2"
"干支名称对应并","0","2","2"
"支名称对应并向","0","2","2"
"外推一天就是所","0","2","2"
"推一天就是所求","0","2","2"
"和前面所述同样","0","2","2"
"前面所述同样处","0","2","2"
"面所述同样处理","0","2","2"
"所述同样处理就","0","2","2"
"述同样处理就得","0","2","2"
"同样处理就得到","0","2","2"
"样处理就得到雨","0","2","2"
"处理就得到雨水","0","2","2"
"支名称与其对应","0","2","2"
"余不够减时可在","0","2","2"
"不够减时可在大","0","2","2"
"够减时可在大余","0","2","2"
"减时可在大余上","0","2","2"
"推算太阳位置的","0","2","2"
"算太阳位置的方","0","2","2"
"度从室宿二度起","0","2","2"
"过一宿则减去其","0","2","2"
"一宿则减去其宿","0","2","2"
"宿则减去其宿度","0","2","2"
"最后得到不满一","0","2","2"
"后得到不满一宿","0","2","2"
"得到不满一宿的","0","2","2"
"到不满一宿的值","0","2","2"
"就是正月朔夜半","0","2","2"
"是正月朔夜半时","0","2","2"
"正月朔夜半时太","0","2","2"
"半时太阳所在位","0","2","2"
"时太阳所在位置","0","2","2"
"太阳所在位置的","0","2","2"
"阳所在位置的度","0","2","2"
"所在位置的度分","0","2","2"
"在位置的度分数","0","2","2"
"位置的度分数了","0","2","2"
"经过室宿时需减","0","2","2"
"过室宿时需减去","0","2","2"
"室宿时需减去度","0","2","2"
"宿时需减去度分","0","2","2"
"在度数上加二十","0","2","2"
"度数上加二十二","0","2","2"
"分满度法则减去","0","2","2"
"白交点相距的分","0","2","2"
"交点相距的分数","0","2","2"
"中相应日期的方","0","2","2"
"相应日期的方法","0","2","2"
"所得余数再除以","0","2","2"
"一天就是需求年","0","2","2"
"天就是需求年份","0","2","2"
"就是需求年份正","0","2","2"
"是需求年份正月","0","2","2"
"在曰数上加十四","0","2","2"
"损益率乘以曰余","0","2","2"
"按盈减缩加的原","0","2","2"
"限数作为观察标","0","2","2"
"数作为观察标准","0","2","2"
"二十年癸未岁包","0","2","2"
"十年癸未岁包括","0","2","2"
"年癸未岁包括该","0","2","2"
"癸未岁包括该年","0","2","2"
"未岁包括该年有","0","2","2"
"行星合时位置的","0","2","2"
"星合时位置的度","0","2","2"
"合时位置的度数","0","2","2"
"对应并外推一天","0","2","2"
"应并外推一天就","0","2","2"
"并外推一天就是","0","2","2"
"行星出现的日期","0","2","2"
"及余木星的相应","0","2","2"
"余木星的相应值","0","2","2"
"木星的相应值是","0","2","2"
"的方法对应就得","0","2","2"
"法对应就得到行","0","2","2"
"对应就得到行星","0","2","2"
"应就得到行星出","0","2","2"
"就得到行星出现","0","2","2"
"得到行星出现的","0","2","2"
"在西方不出现了","0","2","2"
"三百九十八天和","0","2","2"
"行了三十三度和","0","2","2"
"了三十三度和度","0","2","2"
"三十三度和度余","0","2","2"
"度和度余四万九","0","2","2"
"和度余四万九千","0","2","2"
"天运行七分之五","0","2","2"
"运行七分之五度","0","2","2"
"天和日余四万九","0","2","2"
"行了四百一十四","0","2","2"
"了四百一十四度","0","2","2"
"四百一十四度和","0","2","2"
"百一十四度和度","0","2","2"
"一十四度和度余","0","2","2"
"十四度和度余三","0","2","2"
"四度和度余三万","0","2","2"
"实际位置移动了","0","2","2"
"十九度和度余一","0","2","2"
"九度和度余一万","0","2","2"
"运行了两度和度","0","2","2"
"行了两度和度余","0","2","2"
"八十四天运行七","0","2","2"
"十四天运行七度","0","2","2"
"三百七十八天和","0","2","2"
"运行了十二度和","0","2","2"
"行了十二度和度","0","2","2"
"了十二度和度余","0","2","2"
"天运行一又十三","0","2","2"
"运行一又十三分","0","2","2"
"行一又十三分之","0","2","2"
"清晨出现在东方","0","2","2"
"一终有五百八十","0","2","2"
"终有五百八十三","0","2","2"
"有五百八十三天","0","2","2"
"五百八十三天和","0","2","2"
"百八十三天和曰","0","2","2"
"八十三天和曰余","0","2","2"
"了二百一十八度","0","2","2"
"二百一十八度和","0","2","2"
"百一十八度和度","0","2","2"
"一十八度和度余","0","2","2"
"二百九十一天和","0","2","2"
"十七天和余七万","0","2","2"
"七天和余七万一","0","2","2"
"天和余七万一千","0","2","2"
"和余七万一千二","0","2","2"
"十八天中运行了","0","2","2"
"八天中运行了二","0","2","2"
"中运行了二十四","0","2","2"
"运行了二十四度","0","2","2"
"于黄昏时在西方","0","2","2"
"在十一天中后退","0","2","2"
"一天中后退了六","0","2","2"
"一终有一百一十","0","2","2"
"终有一百一十五","0","2","2"
"一百一十五天和","0","2","2"
"运行度数也与该","0","2","2"
"行度数也与该数","0","2","2"
"度数也与该数值","0","2","2"
"数也与该数值相","0","2","2"
"也与该数值相同","0","2","2"
"三天多而移向黄","0","2","2"
"天多而移向黄道","0","2","2"
"推算在阴阳历中","0","2","2"
"在阴阳历中相应","0","2","2"
"阴阳历中相应日","0","2","2"
"阳历中相应日期","0","2","2"
"向外推算一天就","0","2","2"
"阴阳历中的日余","0","2","2"
"将损益率乘以定","0","2","2"
"半在阴阳历中的","0","2","2"
"求月亮与黄道的","0","2","2"
"月亮与黄道的角","0","2","2"
"亮与黄道的角距","0","2","2"
"与黄道的角距离","0","2","2"
"交会和月行迟疾","0","2","2"
"表影长度的变化","0","2","2"
"取从上元以来的","0","2","2"
"从上元以来的年","0","2","2"
"上元以来的年数","0","2","2"
"满六十则减去六","0","2","2"
"述方法对应就得","0","2","2"
"外推算一度就是","0","2","2"
"在度数上加三十","0","2","2"
"则减去虚宿的度","0","2","2"
"减去虚宿的度分","0","2","2"
"去虚宿的度分数","0","2","2"
"小分上减一百四","0","2","2"
"分上减一百四十","0","2","2"
"上减一百四十七","0","2","2"
"法并在度数上进","0","2","2"
"月则在度数上加","0","2","2"
"万七干九百六十","0","2","2"
"中相应日期的余","0","2","2"
"在盈缩积分上减","0","2","2"
"百零六则减去六","0","2","2"
"零六则减去六百","0","2","2"
"六则减去六百零","0","2","2"
"则减去六百零六","0","2","2"
"余满通法则减去","0","2","2"
"历中对应的日期","0","2","2"
"开始对应并向外","0","2","2"
"始对应并向外推","0","2","2"
"在相应年中的曰","0","2","2"
"相应年中的曰数","0","2","2"
"行星发生合的日","0","2","2"
"星发生合的日期","0","2","2"
"从虚宿一度开始","0","2","2"
"行星所行的分数","0","2","2"
"度和度余三万七","0","2","2"
"和度余三万七千","0","2","2"
"度数及余都与开","0","2","2"
"数及余都与开始","0","2","2"
"及余都与开始时","0","2","2"
"余都与开始时相","0","2","2"
"都与开始时相同","0","2","2"
"度和度余一万九","0","2","2"
"又停留三十三天","0","2","2"
"天和曰余三万八","0","2","2"
"和曰余三万八千","0","2","2"
"曰余三万八千一","0","2","2"
"度而清晨在东方","0","2","2"
"清晨时在东方不","0","2","2"
"晨时在东方不出","0","2","2"
"时在东方不出现","0","2","2"
"运行的度数也相","0","2","2"
"行的度数也相同","0","2","2"
"天和日余三万七","0","2","2"
"和日余三万七千","0","2","2"
"每天运行二十分","0","2","2"
"八天后退八度而","0","2","2"
"每天运行一度六","0","2","2"
"天运行一度六分","0","2","2"
"冬至点都在建星","0","2","2"
"至点都在建星附","0","2","2"
"点都在建星附近","0","2","2"
"战国时十分混乱","0","2","2"
"史官失去了历法","0","2","2"
"官失去了历法标","0","2","2"
"失去了历法标准","0","2","2"
"到汉初仍然对观","0","2","2"
"汉初仍然对观察","0","2","2"
"初仍然对观察天","0","2","2"
"仍然对观察天象","0","2","2"
"然对观察天象不","0","2","2"
"对观察天象不很","0","2","2"
"观察天象不很了","0","2","2"
"察天象不很了解","0","2","2"
"的冬至点位置就","0","2","2"
"冬至点位置就与","0","2","2"
"至点位置就与古","0","2","2"
"点位置就与古历","0","2","2"
"位置就与古历是","0","2","2"
"置就与古历是相","0","2","2"
"就与古历是相符","0","2","2"
"与古历是相符的","0","2","2"
"黄昏时昴星在正","0","2","2"
"昏时昴星在正南","0","2","2"
"时昴星在正南方","0","2","2"
"定冬季中间的一","0","2","2"
"冬季中间的一个","0","2","2"
"季中间的一个月","0","2","2"
"取的方法所得位","0","2","2"
"的方法所得位置","0","2","2"
"方法所得位置几","0","2","2"
"法所得位置几乎","0","2","2"
"所得位置几乎相","0","2","2"
"得位置几乎相差","0","2","2"
"经过四十五年九","0","2","2"
"过四十五年九个","0","2","2"
"四十五年九个月","0","2","2"
"十五年九个月就","0","2","2"
"五年九个月就要","0","2","2"
"年九个月就要移","0","2","2"
"九个月就要移动","0","2","2"
"个月就要移动一","0","2","2"
"月就要移动一度","0","2","2"
"是相应于夏正建","0","2","2"
"相应于夏正建申","0","2","2"
"是对应于小雪的","0","2","2"
"对应于小雪的时","0","2","2"
"应于小雪的时节","0","2","2"
"如果像祖冲之的","0","2","2"
"果像祖冲之的错","0","2","2"
"像祖冲之的错误","0","2","2"
"祖冲之的错误那","0","2","2"
"冲之的错误那样","0","2","2"
"之的错误那样就","0","2","2"
"的错误那样就会","0","2","2"
"错误那样就会出","0","2","2"
"误那样就会出现","0","2","2"
"那样就会出现星","0","2","2"
"样就会出现星所","0","2","2"
"就会出现星所在","0","2","2"
"星次要发生变化","0","2","2"
"存在不同的方位","0","2","2"
"说虚宿位于北方","0","2","2"
"虚宿位于北方各","0","2","2"
"宿位于北方各宿","0","2","2"
"位于北方各宿的","0","2","2"
"于北方各宿的中","0","2","2"
"曰月的运动并未","0","2","2"
"月的运动并未越","0","2","2"
"的运动并未越轨","0","2","2"
"四季也未出现差","0","2","2"
"季也未出现差错","0","2","2"
"黑夜也没有偏差","0","2","2"
"夜也没有偏差而","0","2","2"
"也没有偏差而出","0","2","2"
"没有偏差而出现","0","2","2"
"有偏差而出现光","0","2","2"
"偏差而出现光亮","0","2","2"
"朔日并未出现不","0","2","2"
"日并未出现不同","0","2","2"
"并未出现不同的","0","2","2"
"未出现不同的天","0","2","2"
"出现不同的天象","0","2","2"
"祖冲之草率地选","0","2","2"
"冲之草率地选取","0","2","2"
"之草率地选取甲","0","2","2"
"草率地选取甲子","0","2","2"
"率地选取甲子年","0","2","2"
"地选取甲子年可","0","2","2"
"而对天象提出要","0","2","2"
"对天象提出要求","0","2","2"
"出现了超七辰的","0","2","2"
"现了超七辰的情","0","2","2"
"了超七辰的情况","0","2","2"
"在一纪的开始就","0","2","2"
"一纪的开始就设","0","2","2"
"纪的开始就设置","0","2","2"
"除此以外又设置","0","2","2"
"此以外又设置了","0","2","2"
"以外又设置了后","0","2","2"
"外又设置了后设","0","2","2"
"又设置了后设历","0","2","2"
"设置了后设历元","0","2","2"
"这都是为了在实","0","2","2"
"都是为了在实际","0","2","2"
"是为了在实际运","0","2","2"
"为了在实际运用","0","2","2"
"了在实际运用中","0","2","2"
"在实际运用中节","0","2","2"
"实际运用中节省","0","2","2"
"际运用中节省精","0","2","2"
"运用中节省精力","0","2","2"
"不进行麻烦的虚","0","2","2"
"进行麻烦的虚浮","0","2","2"
"行麻烦的虚浮推","0","2","2"
"麻烦的虚浮推算","0","2","2"
"祖冲之既违背天","0","2","2"
"冲之既违背天象","0","2","2"
"之既违背天象作","0","2","2"
"既违背天象作了","0","2","2"
"违背天象作了改","0","2","2"
"背天象作了改变","0","2","2"
"又随心所欲地建","0","2","2"
"随心所欲地建立","0","2","2"
"心所欲地建立规","0","2","2"
"所欲地建立规定","0","2","2"
"太阳有八种运动","0","2","2"
"古历可疑的第一","0","2","2"
"历可疑的第一个","0","2","2"
"可疑的第一个证","0","2","2"
"疑的第一个证据","0","2","2"
"在黄昏时位于正","0","2","2"
"时位于正南方天","0","2","2"
"位于正南方天空","0","2","2"
"于正南方天空中","0","2","2"
"相差到半个星次","0","2","2"
"在元嘉二十八年","0","2","2"
"元嘉二十八年八","0","2","2"
"嘉二十八年八月","0","2","2"
"这是显而易见的","0","2","2"
"阳在斗宿二十一","0","2","2"
"用我的历法推算","0","2","2"
"黄昏时在正南方","0","2","2"
"各州刺史及俸禄","0","2","2"
"有天子巡视四方","0","2","2"
"天子巡视四方的","0","2","2"
"某官曹关知某某","0","2","2"
"官曹关知某某事","0","2","2"
"详细检核内容相","0","2","2"
"细检核内容相符","0","2","2"
"依照旧例遵奉施","0","2","2"
"照旧例遵奉施行","0","2","2"
"就席后宣读完毕","0","2","2"
"皇帝便赏赐给一","0","2","2"
"帝便赏赐给一卮","0","2","2"
"便赏赐给一卮酒","0","2","2"
"赏赐给一卮酒．","0","2","2"
"赐给一卮酒．官","0","2","2"
"给一卮酒．官员","0","2","2"
"一卮酒．官员有","0","2","2"
"卮酒．官员有月","0","2","2"
"酒．官员有月令","0","2","2"
"．官员有月令注","0","2","2"
"奏请宣读秋季月","0","2","2"
"请宣读秋季月令","0","2","2"
"暑的节令已经临","0","2","2"
"的节令已经临近","0","2","2"
"不戴冠的人所使","0","2","2"
"戴冠的人所使用","0","2","2"
"民间以为这是最","0","2","2"
"间以为这是最大","0","2","2"
"以为这是最大的","0","2","2"
"为这是最大的忌","0","2","2"
"这是最大的忌讳","0","2","2"
"在三月上旬的巳","0","2","2"
"为母亲守丧三年","0","2","2"
"奉行守丧三年的","0","2","2"
"守丧三年的礼制","0","2","2"
"三年守丧的制度","0","2","2"
"的官员告假回家","0","2","2"
"官员告假回家守","0","2","2"
"员告假回家守丧","0","2","2"
"刺史俸禄二千石","0","2","2"
"史俸禄二千石的","0","2","2"
"俸禄二千石的官","0","2","2"
"禄二千石的官员","0","2","2"
"遵照古代的礼制","0","2","2"
"三日便除去丧服","0","2","2"
"遵循汉朝及曹魏","0","2","2"
"撤除宴席减省膳","0","2","2"
"除宴席减省膳食","0","2","2"
"怎么办啊怎么办","0","2","2"
"晋武帝便依据礼","0","2","2"
"武帝便依据礼制","0","2","2"
"帝便依据礼制守","0","2","2"
"便依据礼制守丧","0","2","2"
"依据礼制守丧三","0","2","2"
"据礼制守丧三年","0","2","2"
"皇帝又下诏书说","0","2","2"
"实行权宜的丧制","0","2","2"
"完毕便除去丧服","0","2","2"
"居凶庐守丧的制","0","2","2"
"凶庐守丧的制度","0","2","2"
"太后依丧制行服","0","2","2"
"后依丧制行服丧","0","2","2"
"依丧制行服丧三","0","2","2"
"丧制行服丧三年","0","2","2"
"制行服丧三年的","0","2","2"
"行服丧三年的丧","0","2","2"
"服丧三年的丧礼","0","2","2"
"礼书裹没有明文","0","2","2"
"书裹没有明文记","0","2","2"
"裹没有明文记载","0","2","2"
"变更衣服除去丧","0","2","2"
"更衣服除去丧服","0","2","2"
"以此作为永久的","0","2","2"
"作为永久的制度","0","2","2"
"三个月服丧完毕","0","2","2"
"返穿没有公除时","0","2","2"
"穿没有公除时的","0","2","2"
"没有公除时的丧","0","2","2"
"有公除时的丧服","0","2","2"
"皇后心丧礼完毕","0","2","2"
"后心丧礼完毕的","0","2","2"
"膺之的议论相同","0","2","2"
"二月的最后一天","0","2","2"
"晋孝武帝左五十","0","2","2"
"以儿子的显贵而","0","2","2"
"已与尊长辈为一","0","2","2"
"与尊长辈为一体","0","2","2"
"就不能为自己的","0","2","2"
"不能为自己的私","0","2","2"
"能为自己的私亲","0","2","2"
"为自己的私亲服","0","2","2"
"自己的私亲服丧","0","2","2"
"武帝大明五年的","0","2","2"
"帝大明五年的闰","0","2","2"
"皇太子的妃子逝","0","2","2"
"太子的妃子逝世","0","2","2"
"拊祭于文元皇后","0","2","2"
"祭于文元皇后庙","0","2","2"
"要服大功丧服九","0","2","2"
"服大功丧服九个","0","2","2"
"大功丧服九个月","0","2","2"
"徐爰参与议论说","0","2","2"
"博士司马兴之议","0","2","2"
"士司马兴之议论","0","2","2"
"司马兴之议论说","0","2","2"
"在前殿授任官职","0","2","2"
"钟磬乐器而不演","0","2","2"
"磬乐器而不演奏","0","2","2"
"王的神主随他的","0","2","2"
"的神主随他的儿","0","2","2"
"有抑降丧服的事","0","2","2"
"正本之月为忌日","0","2","2"
"以闰月的后一个","0","2","2"
"如果用闰月的后","0","2","2"
"果用闰月的后一","0","2","2"
"用闰月的后一个","0","2","2"
"庾蔚之等人议论","0","2","2"
"抚养自己的庶母","0","2","2"
"前往别处任职的","0","2","2"
"往别处任职的官","0","2","2"
"别处任职的官员","0","2","2"
"同样废止音乐歌","0","2","2"
"样废止音乐歌舞","0","2","2"
"写好了临终遣命","0","2","2"
"不是西晋的旧制","0","2","2"
"向陈贵妃致敬的","0","2","2"
"陈贵妃致敬的礼","0","2","2"
"贵妃致敬的礼仪","0","2","2"
"封为太夫人的先","0","2","2"
"为太夫人的先例","0","2","2"
"有被封为太夫人","0","2","2"
"被封为太夫人的","0","2","2"
"之的议论为允当","0","2","2"
"学博士司马兴之","0","2","2"
"没有举行以先祖","0","2","2"
"有举行以先祖配","0","2","2"
"举行以先祖配祭","0","2","2"
"行以先祖配祭的","0","2","2"
"以先祖配祭的祭","0","2","2"
"先祖配祭的祭祀","0","2","2"
"恭谨地选择吉曰","0","2","2"
"圆丘方泽的祭祀","0","2","2"
"的祭祀合并于南","0","2","2"
"郊祀的时限还没","0","2","2"
"祀的时限还没有","0","2","2"
"日子已经很久了","0","2","2"
"皇帝亲自举行郊","0","2","2"
"前时所祭祀过的","0","2","2"
"返回后举行告至","0","2","2"
"由太尉第二次献","0","2","2"
"太尉第二次献酒","0","2","2"
"尉第二次献酒告","0","2","2"
"王后不参与祭祀","0","2","2"
"现在的宗庙祭祀","0","2","2"
"是由太尉掌管第","0","2","2"
"由太尉掌管第二","0","2","2"
"太尉掌管第二次","0","2","2"
"尉掌管第二次献","0","2","2"
"管第二次献酒告","0","2","2"
"光禄掌管第三次","0","2","2"
"禄掌管第三次献","0","2","2"
"掌管第三次献酒","0","2","2"
"管第三次献酒告","0","2","2"
"第三次献酒告祭","0","2","2"
"掌管赞助天子祭","0","2","2"
"管赞助天子祭祀","0","2","2"
"管第二次献酒的","0","2","2"
"第二次献酒的事","0","2","2"
"通报给朝廷重臣","0","2","2"
"下旬的辛曰祭祀","0","2","2"
"月上旬辛曰郊祀","0","2","2"
"月下旬辛曰占卜","0","2","2"
"是卜郊祭这件事","0","2","2"
"参酌审议后认为","0","2","2"
"尚书令建安王刘","0","2","2"
"书令建安王刘休","0","2","2"
"令建安王刘休仁","0","2","2"
"举行明堂的祭祀","0","2","2"
"年举行一次郊祀","0","2","2"
"每隔两年举行一","0","2","2"
"郊祀和明堂祭祀","0","2","2"
"南郊和北郊祭祀","0","2","2"
"祭祀．皇帝下诏","0","2","2"
"祀．皇帝下诏令","0","2","2"
"以太祖文皇帝配","0","2","2"
"郊祭和宗庙祭祀","0","2","2"
"泰山举行封禅的","0","2","2"
"的有七十四位君","0","2","2"
"年十一月戊申日","0","2","2"
"元年十二月己末","0","2","2"
"魏文帝董翅二年","0","2","2"
"又不排昭穆次序","0","2","2"
"排列为三昭三穆","0","2","2"
"应该依旧不改为","0","2","2"
"征西将军的神主","0","2","2"
"的神主牌位从庙","0","2","2"
"神主牌位从庙中","0","2","2"
"主牌位从庙中迁","0","2","2"
"牌位从庙中迁出","0","2","2"
"豫章府君的神主","0","2","2"
"章府君的神主牌","0","2","2"
"宗庙昭穆的位次","0","2","2"
"君的神主牌位又","0","2","2"
"的神主牌位又被","0","2","2"
"神主牌位又被迁","0","2","2"
"主牌位又被迁出","0","2","2"
"京兆府君神主迁","0","2","2"
"神主迁入西储室","0","2","2"
"府君神主又迁出","0","2","2"
"摆设干肉及肉酱","0","2","2"
"设干肉及肉酱以","0","2","2"
"干肉及肉酱以祭","0","2","2"
"肉及肉酱以祭奠","0","2","2"
"现在皇上是上承","0","2","2"
"兆府君的神主迁","0","2","2"
"祖神主安排在宗","0","2","2"
"神主安排在宗庙","0","2","2"
"仆射孔安国启奏","0","2","2"
"射孔安国启奏说","0","2","2"
"应当举行宗庙大","0","2","2"
"当举行宗庙大祭","0","2","2"
"年举行一次柿祭","0","2","2"
"三十个月的时限","0","2","2"
"孔安国又启奏说","0","2","2"
"四月应该举行殷","0","2","2"
"月应该举行殷祭","0","2","2"
"博士徐道娱上奏","0","2","2"
"迎三牲而不迎尸","0","2","2"
"就为此三个月不","0","2","2"
"为此三个月不举","0","2","2"
"此三个月不举行","0","2","2"
"博士徐道娱等人","0","2","2"
"牺牲不要用母的","0","2","2"
"祠部朱膺之认为","0","2","2"
"殿中郎徐爰认为","0","2","2"
"继承营阳王爵位","0","2","2"
"皇帝也不必亲临","0","2","2"
"帝也不必亲临殿","0","2","2"
"也不必亲临殿前","0","2","2"
"博士王燮之认为","0","2","2"
"博士司马兴之认","0","2","2"
"士司马兴之认为","0","2","2"
"不亲自主持祭祀","0","2","2"
"不能亲临主持祭","0","2","2"
"能亲临主持祭祀","0","2","2"
"由有关官员代理","0","2","2"
"那么祭祀可以废","0","2","2"
"么祭祀可以废止","0","2","2"
"有关官员代行主","0","2","2"
"关官员代行主祭","0","2","2"
"太常丞庾蔚之认","0","2","2"
"常丞庾蔚之认为","0","2","2"
"正在大功丧服期","0","2","2"
"麻之丧不举行祭","0","2","2"
"之丧不举行祭祀","0","2","2"
"所谓有变故一类","0","2","2"
"谓有变故一类情","0","2","2"
"也不应派三公九","0","2","2"
"不应派三公九卿","0","2","2"
"应派三公九卿代","0","2","2"
"派三公九卿代理","0","2","2"
"三公九卿代理主","0","2","2"
"公九卿代理主祭","0","2","2"
"这也是近代前事","0","2","2"
"皇上亲临主祭太","0","2","2"
"上亲临主祭太庙","0","2","2"
"虽然亲缘并非正","0","2","2"
"然亲缘并非正统","0","2","2"
"孝武皇帝对于皇","0","2","2"
"武皇帝对于皇上","0","2","2"
"皇帝对于皇上来","0","2","2"
"帝对于皇上来说","0","2","2"
"愚意以为皇上亲","0","2","2"
"应当亲执觞爵奉","0","2","2"
"当亲执觞爵奉祀","0","2","2"
"昭皇太后对于皇","0","2","2"
"皇太后对于皇上","0","2","2"
"太后对于皇上来","0","2","2"
"后对于皇上来说","0","2","2"
"皇上亲执觞爵奉","0","2","2"
"上亲执觞爵奉祀","0","2","2"
"应与天子七庙相","0","2","2"
"与天子七庙相同","0","2","2"
"依照周朝姜螈庙","0","2","2"
"集合远近祖先神","0","2","2"
"合远近祖先神主","0","2","2"
"以昭穆庙次为序","0","2","2"
"神主附属于祖父","0","2","2"
"主附属于祖父庙","0","2","2"
"作为别宫享祀的","0","2","2"
"太后神主拊庙的","0","2","2"
"后神主拊庙的礼","0","2","2"
"神主拊庙的礼仪","0","2","2"
"妾拊庙于妾的祖","0","2","2"
"拊庙于妾的祖姑","0","2","2"
"供设肉脯肉酱以","0","2","2"
"设肉脯肉酱以安","0","2","2"
"肉脯肉酱以安神","0","2","2"
"王既然没有后嗣","0","2","2"
"应拊庙于祖父辈","0","2","2"
"拊庙于祖父辈中","0","2","2"
"都督郢州诸军事","0","2","2"
"国臣按照临时制","0","2","2"
"臣按照临时制订","0","2","2"
"按照临时制订的","0","2","2"
"照临时制订的办","0","2","2"
"临时制订的办法","0","2","2"
"太学博士虞稣发","0","2","2"
"学博士虞稣发表","0","2","2"
"博士虞稣发表意","0","2","2"
"士虞稣发表意见","0","2","2"
"左丞徐爰发表意","0","2","2"
"丞徐爰发表意见","0","2","2"
"徐爰发表意见认","0","2","2"
"爰发表意见认为","0","2","2"
"社神实际上衹有","0","2","2"
"神实际上衹有一","0","2","2"
"实际上衹有一个","0","2","2"
"设立对七种神的","0","2","2"
"立对七种神的祭","0","2","2"
"晋元帝建武元年","0","2","2"
"在天刚亮时用一","0","2","2"
"魏明帝太和四年","0","2","2"
"这是祭山神的礼","0","2","2"
"是祭山神的礼仪","0","2","2"
"晋穆帝升平年间","0","2","2"
"派遣使者用太牢","0","2","2"
"遣使者用太牢牛","0","2","2"
"猪三牲作祭品祭","0","2","2"
"三牲作祭品祭祀","0","2","2"
"在沔阳建立祠堂","0","2","2"
"不正规的祭祀便","0","2","2"
"毂头与轭之末都","0","2","2"
"与轭之末都用玉","0","2","2"
"轭之末都用玉饰","0","2","2"
"漆画鹿头龙纹图","0","2","2"
"画鹿头龙纹图案","0","2","2"
"皇帝乘法驾出行","0","2","2"
"用黄金涂饰车辕","0","2","2"
"黄金涂饰车辕及","0","2","2"
"金涂饰车辕及衡","0","2","2"
"盖弓末端安上金","0","2","2"
"弓末端安上金花","0","2","2"
"用三匹馈马驾车","0","2","2"
"车轮有朱斑文饰","0","2","2"
"有黑色鹿头龙纹","0","2","2"
"黑色鹿头龙纹图","0","2","2"
"竖立旌旗有七旒","0","2","2"
"车都是黑色车盖","0","2","2"
"用铜涂饰车辕及","0","2","2"
"铜涂饰车辕及衡","0","2","2"
"皇帝乘大驾出行","0","2","2"
"公卿在前面引导","0","2","2"
"属车有八十一乘","0","2","2"
"成三行在后行驶","0","2","2"
"古时候诸侯有贰","0","2","2"
"时候诸侯有贰车","0","2","2"
"候诸侯有贰车九","0","2","2"
"诸侯有贰车九乘","0","2","2"
"属车有三十六乘","0","2","2"
"郊祀天地用法驾","0","2","2"
"祭祀宗庙用小驾","0","2","2"
"宋孝武帝大明年","0","2","2"
"国国君的冠赐给","0","2","2"
"参与祭祀事务的","0","2","2"
"与祭祀事务的人","0","2","2"
"亲自祭祀蚕神时","0","2","2"
"自祭祀蚕神时的","0","2","2"
"祭祀蚕神时的服","0","2","2"
"祀蚕神时的服装","0","2","2"
"佩带青黑如山色","0","2","2"
"带青黑如山色的","0","2","2"
"青黑如山色的玉","0","2","2"
"也有三梁进贤冠","0","2","2"
"黑色绶带．赐给","0","2","2"
"戴进贤一梁冠．","0","2","2"
"着黑色零辟朝服","0","2","2"
"御前侍卫及在皇","0","2","2"
"前侍卫及在皇帝","0","2","2"
"再增加不得穿用","0","2","2"
"穿单衣戴白蛤用","0","2","2"
"单衣戴白蛤用于","0","2","2"
"衣戴白蛤用于吉","0","2","2"
"戴白蛤用于吉庆","0","2","2"
"皇太后出行副车","0","2","2"
"太仆手执马缰驾","0","2","2"
"仆手执马缰驾车","0","2","2"
"沿袭而没有改变","0","2","2"
"冕以五彩丝绳作","0","2","2"
"以五彩丝绳作旒","0","2","2"
"尊生母陈贵妃为","0","2","2"
"为的是表明有一","0","2","2"
"的是表明有一定","0","2","2"
"是表明有一定的","0","2","2"
"缪袭又上奏疏说","0","2","2"
"违背了它的原意","0","2","2"
"演奏全部的乐舞","0","2","2"
"不能超过祭祀的","0","2","2"
"作为殿中皇上用","0","2","2"
"为殿中皇上用膳","0","2","2"
"殿中皇上用膳时","0","2","2"
"中皇上用膳时进","0","2","2"
"皇上用膳时进食","0","2","2"
"上用膳时进食之","0","2","2"
"用膳时进食之乐","0","2","2"
"黄门侍郎王韶之","0","2","2"
"主管部门又奏称","0","2","2"
"录尚书江夏王刘","0","2","2"
"尚书江夏王刘义","0","2","2"
"书江夏王刘义恭","0","2","2"
"扫净土地来进行","0","2","2"
"净土地来进行祭","0","2","2"
"土地来进行祭祀","0","2","2"
"用黏土烧制的器","0","2","2"
"黏土烧制的器皿","0","2","2"
"土烧制的器皿作","0","2","2"
"烧制的器皿作礼","0","2","2"
"制的器皿作礼器","0","2","2"
"块圭有璧作底座","0","2","2"
"在明堂祭祀文王","0","2","2"
"射建平王刘宏又","0","2","2"
"认为上帝不是指","0","2","2"
"为上帝不是指天","0","2","2"
"演奏弦管的人在","0","2","2"
"奏弦管的人在殿","0","2","2"
"弦管的人在殿下","0","2","2"
"佛骨从西方来到","0","2","2"
"激荡水势变成比","0","2","2"
"荡水势变成比目","0","2","2"
"水势变成比目鱼","0","2","2"
"在水中跳跃嗽水","0","2","2"
"兴起云雾遮挡了","0","2","2"
"起云雾遮挡了曰","0","2","2"
"云雾遮挡了曰光","0","2","2"
"不是雅乐的乐器","0","2","2"
"有力度的称它为","0","2","2"
"不知道是谁造的","0","2","2"
"不知道哪一种是","0","2","2"
"知道哪一种是正","0","2","2"
"道哪一种是正确","0","2","2"
"哪一种是正确的","0","2","2"
"有三十六个簧片","0","2","2"
"三十六个簧片称","0","2","2"
"十六个簧片称为","0","2","2"
"六个簧片称为竽","0","2","2"
"声的竹管放在左","0","2","2"
"的竹管放在左边","0","2","2"
"这一乐器今天已","0","2","2"
"一乐器今天已经","0","2","2"
"上为祠天地五郊","0","2","2"
"天地之神来受祭","0","2","2"
"地在郊外祭祀天","0","2","2"
"恭敬地侍奉天皇","0","2","2"
"上为天地郊明堂","0","2","2"
"来安定天下人民","0","2","2"
"怀柔远人而使之","0","2","2"
"柔远人而使之能","0","2","2"
"远人而使之能近","0","2","2"
"上天鉴察我大晋","0","2","2"
"多么庄严的宗庙","0","2","2"
"皇上登基如飞龙","0","2","2"
"上登基如飞龙在","0","2","2"
"登基如飞龙在天","0","2","2"
"使人民有充足的","0","2","2"
"我有美好的客人","0","2","2"
"永不忘记承继先","0","2","2"
"不忘记承继先业","0","2","2"
"上为雅乐正旦大","0","2","2"
"为雅乐正旦大会","0","2","2"
"开放了四方之门","0","2","2"
"赤松子和王子乔","0","2","2"
"寿命都有终止的","0","2","2"
"命都有终止的期","0","2","2"
"都有终止的期限","0","2","2"
"将天下纳入正轨","0","2","2"
"天子就近在我面","0","2","2"
"子就近在我面前","0","2","2"
"逝去的难以追回","0","2","2"
"我希望登上泰华","0","2","2"
"希望登上泰华山","0","2","2"
"天地是多么长久","0","2","2"
"多么明亮的日月","0","2","2"
"么明亮的日月光","0","2","2"
"明亮的日月光辉","0","2","2"
"有什么地方不受","0","2","2"
"什么地方不受它","0","2","2"
"么地方不受它照","0","2","2"
"地方不受它照耀","0","2","2"
"春夏秋冬轮流逝","0","2","2"
"夏秋冬轮流逝去","0","2","2"
"北斗星纵横天上","0","2","2"
"太魏顺应上天的","0","2","2"
"魏顺应上天的符","0","2","2"
"顺应上天的符命","0","2","2"
"天赐的福禄由此","0","2","2"
"赐的福禄由此刚","0","2","2"
"的福禄由此刚起","0","2","2"
"福禄由此刚起始","0","2","2"
"圣祖接受上天命","0","2","2"
"顺应天道辅助魏","0","2","2"
"应天道辅助魏皇","0","2","2"
"是天子教化之基","0","2","2"
"黄鹄高飞翩翩翻","0","2","2"
"其中十八句每句","0","2","2"
"中十八句每句三","0","2","2"
"十八句每句三字","0","2","2"
"其中十七句每句","0","2","2"
"中十七句每句五","0","2","2"
"十七句每句五字","0","2","2"
"诸葛亮惊恐而死","0","2","2"
"歌咏圣皇顺应天","0","2","2"
"咏圣皇顺应天命","0","2","2"
"歌咏圣皇登上帝","0","2","2"
"咏圣皇登上帝位","0","2","2"
"礼仪完备道义举","0","2","2"
"以前的友好关系","0","2","2"
"倒伏之禾重起复","0","2","2"
"一百八十二度又","0","2","2"
"百八十二度又十","0","2","2"
"八十二度又十二","0","2","2"
"十二度又十二分","0","2","2"
"二度又十二分之","0","2","2"
"度又十二分之七","0","2","2"
"极七十二度范围","0","2","2"
"七十二度范围内","0","2","2"
"九十一度又十二","0","2","2"
"十一度又十二分","0","2","2"
"一度又十二分之","0","2","2"
"点与赤道相去二","0","2","2"
"与赤道相去二十","0","2","2"
"赤道相去二十四","0","2","2"
"道相去二十四度","0","2","2"
"冬至曰太阳在斗","0","2","2"
"至曰太阳在斗宿","0","2","2"
"五度又十二分之","0","2","2"
"运行一百四十六","0","2","2"
"行一百四十六度","0","2","2"
"一百四十六度又","0","2","2"
"百四十六度又十","0","2","2"
"四十六度又十二","0","2","2"
"十六度又十二分","0","2","2"
"六度又十二分之","0","2","2"
"度又十二分之一","0","2","2"
"夜裹在地下运行","0","2","2"
"运行二百一十九","0","2","2"
"行二百一十九度","0","2","2"
"二百一十九度又","0","2","2"
"百一十九度又十","0","2","2"
"一十九度又十二","0","2","2"
"十九度又十二分","0","2","2"
"九度又十二分之","0","2","2"
"天在地上运行的","0","2","2"
"在地上运行的度","0","2","2"
"地上运行的度数","0","2","2"
"运行的度数逐渐","0","2","2"
"为三十五万七千","0","2","2"
"中天时表的影长","0","2","2"
"浑仪的粗疏精密","0","2","2"
"太阳入而月出现","0","2","2"
"阳入而月出现于","0","2","2"
"天象对王者不利","0","2","2"
"三十天以上则君","0","2","2"
"十天以上则君主","0","2","2"
"君主将有大忧患","0","2","2"
"太和六年十一月","0","2","2"
"和六年十一月丙","0","2","2"
"彗星出现于翼宿","0","2","2"
"翼宿又属楚地分","0","2","2"
"宿又属楚地分野","0","2","2"
"诸葛亮占据渭南","0","2","2"
"以晷上度数推算","0","2","2"
"此天象预示君主","0","2","2"
"象预示君主将死","0","2","2"
"凡是月或五大行","0","2","2"
"是月或五大行星","0","2","2"
"或五大行星犯井","0","2","2"
"五大行星犯井铁","0","2","2"
"司马懿征讨而消","0","2","2"
"马懿征讨而消灭","0","2","2"
"有长三尺的彗星","0","2","2"
"长三尺的彗星出","0","2","2"
"三尺的彗星出现","0","2","2"
"象预示天下将有","0","2","2"
"这天象预示显贵","0","2","2"
"彗星出现于张宿","0","2","2"
"此天象预示战争","0","2","2"
"丈的彗星出现于","0","2","2"
"二十三天后消失","0","2","2"
"持续一百五十六","0","2","2"
"续一百五十六天","0","2","2"
"一百五十六天后","0","2","2"
"百五十六天后消","0","2","2"
"五十六天后消失","0","2","2"
"此天象预示国政","0","2","2"
"天象预示国政混","0","2","2"
"象预示国政混乱","0","2","2"
"星出现预示将有","0","2","2"
"此天象预示国家","0","2","2"
"象预示国家将有","0","2","2"
"除旧布新之天象","0","2","2"
"金星犯南斗之宿","0","2","2"
"星犯井宿之钹星","0","2","2"
"犯舆鬼宿东南星","0","2","2"
"客星出现于太微","0","2","2"
"彗星出现于紫宫","0","2","2"
"彗星出现于太微","0","2","2"
"这天象预示天下","0","2","2"
"应当出现而不出","0","2","2"
"当出现而不出现","0","2","2"
"天象预示将有战","0","2","2"
"讨伐赵王司马伦","0","2","2"
"此预示将有大的","0","2","2"
"预示将有大的军","0","2","2"
"示将有大的军事","0","2","2"
"将有大的军事行","0","2","2"
"有大的军事行动","0","2","2"
"天下将有军事行","0","2","2"
"下将有军事行动","0","2","2"
"示将有战争及丧","0","2","2"
"三台星代表三公","0","2","2"
"金星不按常规运","0","2","2"
"星不按常规运行","0","2","2"
"元帝中兴于扬州","0","2","2"
"轸二宿与荆州对","0","2","2"
"二宿与荆州对应","0","2","2"
"火星逆行入太微","0","2","2"
"火星入舆鬼之宿","0","2","2"
"有军队陷没将领","0","2","2"
"军队陷没将领死","0","2","2"
"队陷没将领死亡","0","2","2"
"陷没将领死亡之","0","2","2"
"没将领死亡之事","0","2","2"
"将领死亡之事发","0","2","2"
"领死亡之事发生","0","2","2"
"西大将军庾亮去","0","2","2"
"大将军庾亮去世","0","2","2"
"预示上将有忧患","0","2","2"
"这天象预示大将","0","2","2"
"金星入舆鬼之宿","0","2","2"
"有彗星出现于亢","0","2","2"
"金星白天在束井","0","2","2"
"的荆州刺史之职","0","2","2"
"表示将相有忧患","0","2","2"
"占辞各自与前面","0","2","2"
"辞各自与前面相","0","2","2"
"各自与前面相应","0","2","2"
"自与前面相应天","0","2","2"
"前面相应天象一","0","2","2"
"面相应天象一样","0","2","2"
"星入太微垣犯右","0","2","2"
"金星白天在东井","0","2","2"
"星白天在东井之","0","2","2"
"白天在东井之宿","0","2","2"
"天在东井之宿出","0","2","2"
"在东井之宿出现","0","2","2"
"入太微垣犯西蕃","0","2","2"
"太微垣犯西蕃上","0","2","2"
"微垣犯西蕃上将","0","2","2"
"垣犯西蕃上将星","0","2","2"
"火星犯太微垣西","0","2","2"
"星犯太微垣西蕃","0","2","2"
"这天象预示将有","0","2","2"
"晋海西太和元年","0","2","2"
"这天象预示国家","0","2","2"
"彗星出现于天市","0","2","2"
"预示楚地有战争","0","2","2"
"木星白天在胃宿","0","2","2"
"当时政事多弊病","0","2","2"
"辞与前面相应天","0","2","2"
"发兵上表请朝廷","0","2","2"
"兵上表请朝廷诛","0","2","2"
"上表请朝廷诛杀","0","2","2"
"表请朝廷诛杀王","0","2","2"
"请朝廷诛杀王国","0","2","2"
"朝廷诛杀王国宣","0","2","2"
"司马道子从此失","0","2","2"
"马道子从此失去","0","2","2"
"道子从此失去权","0","2","2"
"子从此失去权势","0","2","2"
"金星连续白天在","0","2","2"
"白天在羽林出现","0","2","2"
"犯木星．占辞说","0","2","2"
"星犯房宿北第二","0","2","2"
"犯房宿北第二星","0","2","2"
"火星与金星都犯","0","2","2"
"星与金星都犯羽","0","2","2"
"与金星都犯羽林","0","2","2"
"司马国墦等攻陷","0","2","2"
"氐宿代表皇帝宿","0","2","2"
"宿代表皇帝宿宫","0","2","2"
"火星犯房宿北第","0","2","2"
"刘敬宣征伐蜀地","0","2","2"
"金星白天在参宿","0","2","2"
"星白天在参宿出","0","2","2"
"江州刺史何无忌","0","2","2"
"围攻孙季高而不","0","2","2"
"攻孙季高而不能","0","2","2"
"孙季高而不能克","0","2","2"
"退走交州而被交","0","2","2"
"走交州而被交州","0","2","2"
"交州而被交州刺","0","2","2"
"州而被交州刺史","0","2","2"
"而被交州刺史杜","0","2","2"
"被交州刺史杜慧","0","2","2"
"刺史杜慧度斩杀","0","2","2"
"占辞同义熙三年","0","2","2"
"金星在奎宿犯木","0","2","2"
"星在奎宿犯木星","0","2","2"
"益州刺史朱龄石","0","2","2"
"州刺史朱龄石征","0","2","2"
"金星白天在翼宿","0","2","2"
"星白天在翼宿出","0","2","2"
"白天在翼宿出现","0","2","2"
"星纵向运行入太","0","2","2"
"纵向运行入太微","0","2","2"
"向运行入太微垣","0","2","2"
"星出现于北斗魁","0","2","2"
"长沙景王刘道怜","0","2","2"
"庐陵王刘义真被","0","2","2"
"陵王刘义真被废","0","2","2"
"王刘义真被废黜","0","2","2"
"徐羡之等人被杀","0","2","2"
"其尾长二十余丈","0","2","2"
"金星白天在胃宿","0","2","2"
"火星入束井之宿","0","2","2"
"星入太微垣右掖","0","2","2"
"当时司徒彭城王","0","2","2"
"时司徒彭城王刘","0","2","2"
"大将军衡阳王刘","0","2","2"
"上表请求解除自","0","2","2"
"这天象预示民众","0","2","2"
"这预示君主有忧","0","2","2"
"预示君主有忧患","0","2","2"
"这预示将有战争","0","2","2"
"预示王公大臣有","0","2","2"
"示王公大臣有忧","0","2","2"
"王公大臣将有忧","0","2","2"
"公大臣将有忧患","0","2","2"
"这预示君主不安","0","2","2"
"预示君主不安宁","0","2","2"
"应承受这天象预","0","2","2"
"星白天出现在南","0","2","2"
"白天出现在南斗","0","2","2"
"建平王刘景素占","0","2","2"
"平王刘景素占据","0","2","2"
"王刘景素占据京","0","2","2"
"刘景素占据京口","0","2","2"
"星犯舆鬼宿之西","0","2","2"
"犯舆鬼宿之西北","0","2","2"
"舆鬼宿之西北星","0","2","2"
"接受天命的符瑞","0","2","2"
"在台阶两旁生长","0","2","2"
"上赤色花纹形成","0","2","2"
"于是尧让位于舜","0","2","2"
"高辛氏的妃子名","0","2","2"
"随从天子到郊外","0","2","2"
"从天子到郊外祭","0","2","2"
"烧煮白鱼祭告上","0","2","2"
"煮白鱼祭告上天","0","2","2"
"而天下归于亘皇","0","2","2"
"天下归于亘皇王","0","2","2"
"齐国田氏的后代","0","2","2"
"这是什么兆头?","0","2","2"
"即位登基的征验","0","2","2"
"梦见月亮进入胸","0","2","2"
"见月亮进入胸怀","0","2","2"
"又梦见太阳进入","0","2","2"
"梦见太阳进入胸","0","2","2"
"见太阳进入胸怀","0","2","2"
"都说出现了黄龙","0","2","2"
"将毗陵改为晋陵","0","2","2"
"火星是宋的分野","0","2","2"
"进入太微星的位","0","2","2"
"入太微星的位置","0","2","2"
"麒麟在郡国出现","0","2","2"
"麟在郡国出现了","0","2","2"
"三年八月戊子日","0","2","2"
"四年正月壬午曰","0","2","2"
"咸和八年五月己","0","2","2"
"凤凰停留在京师","0","2","2"
"汉光武帝建武十","0","2","2"
"又郡国十三次上","0","2","2"
"郡国十三次上报","0","2","2"
"二次出现于河南","0","2","2"
"王的仁德施及渊","0","2","2"
"的仁德施及渊泉","0","2","2"
"次上报说出现了","0","2","2"
"元年正月甲申曰","0","2","2"
"出现于软县的井","0","2","2"
"现于软县的井中","0","2","2"
"黄龙二次出现于","0","2","2"
"龙二次出现于济","0","2","2"
"年十一月癸巳日","0","2","2"
"龙出现于京兆的","0","2","2"
"二次出现于济南","0","2","2"
"二年二月甲辰日","0","2","2"
"白龟出现于吴兴","0","2","2"
"出现于吴兴的余","0","2","2"
"现于吴兴的余杭","0","2","2"
"四年十月甲午曰","0","2","2"
"太守王蕴献上朝","0","2","2"
"守王蕴献上朝廷","0","2","2"
"出现于零陵的洮","0","2","2"
"现于零陵的洮阳","0","2","2"
"刺史南谯王刘盏","0","2","2"
"史南谯王刘盏宣","0","2","2"
"南谯王刘盏宣上","0","2","2"
"谯王刘盏宣上报","0","2","2"
"鹿出现于零陵的","0","2","2"
"白鹿出现于江乘","0","2","2"
"白鹿出现于豫章","0","2","2"
"鹿出现于豫章的","0","2","2"
"出现于豫章的望","0","2","2"
"现于豫章的望蔡","0","2","2"
"荆州刺史桓玄上","0","2","2"
"州刺史桓玄上报","0","2","2"
"刺史桓玄上报朝","0","2","2"
"史桓玄上报朝廷","0","2","2"
"太守文道恩献上","0","2","2"
"守文道恩献上朝","0","2","2"
"文道恩献上朝廷","0","2","2"
"北将军衡阳王刘","0","2","2"
"白鹿出现于南琅","0","2","2"
"鹿出现于南琅邪","0","2","2"
"州刺史朱脩之献","0","2","2"
"刺史朱脩之献上","0","2","2"
"史朱脩之献上朝","0","2","2"
"朱脩之献上朝廷","0","2","2"
"出现于临川的西","0","2","2"
"现于临川的西丰","0","2","2"
"元年四月甲申日","0","2","2"
"州刺史山阳王刘","0","2","2"
"刺史山阳王刘休","0","2","2"
"出现于南琅邪的","0","2","2"
"刺史刘延孙献上","0","2","2"
"史刘延孙献上朝","0","2","2"
"刘延孙献上朝廷","0","2","2"
"五年二月己亥曰","0","2","2"
"饶安县说出现了","0","2","2"
"安县说出现了白","0","2","2"
"白虎出现于豫章","0","2","2"
"说白虎屡次出现","0","2","2"
"太守蔡兴宗上报","0","2","2"
"守蔡兴宗上报朝","0","2","2"
"蔡兴宗上报朝廷","0","2","2"
"成帝咸和九年五","0","2","2"
"帝咸和九年五月","0","2","2"
"咸和九年五月癸","0","2","2"
"和九年五月癸酉","0","2","2"
"白獐出现于吴国","0","2","2"
"白獐出现于义兴","0","2","2"
"獐出现于义兴的","0","2","2"
"永嘉王刘子仁献","0","2","2"
"嘉王刘子仁献上","0","2","2"
"王刘子仁献上朝","0","2","2"
"刘子仁献上朝廷","0","2","2"
"六年四月戊辰日","0","2","2"
"建安王刘休仁献","0","2","2"
"安王刘休仁献上","0","2","2"
"王刘休仁献上朝","0","2","2"
"刘休仁献上朝廷","0","2","2"
"临海王刘子顼献","0","2","2"
"海王刘子顼献上","0","2","2"
"王刘子顼献上朝","0","2","2"
"刘子顼献上朝廷","0","2","2"
"刘秀之献上朝廷","0","2","2"
"五年正月癸卯曰","0","2","2"
"皇太子献上朝廷","0","2","2"
"内史臧绰上报朝","0","2","2"
"史臧绰上报朝廷","0","2","2"
"太傅假黄铁江夏","0","2","2"
"傅假黄铁江夏王","0","2","2"
"假黄铁江夏王刘","0","2","2"
"黄铁江夏王刘义","0","2","2"
"铁江夏王刘义恭","0","2","2"
"苍乌出现于襄阳","0","2","2"
"刺史王玄谟献上","0","2","2"
"史王玄谟献上朝","0","2","2"
"陵说有甘露降临","0","2","2"
"二年五月戊子曰","0","2","2"
"甘露降临于降琅","0","2","2"
"露降临于降琅的","0","2","2"
"降临于降琅的邪","0","2","2"
"临于降琅的邪费","0","2","2"
"甘露降临于武昌","0","2","2"
"甘露降临于宁州","0","2","2"
"咸和八年四月癸","0","2","2"
"和八年四月癸卯","0","2","2"
"八年四月癸卯日","0","2","2"
"咸和九年十二月","0","2","2"
"甘露降临于丹阳","0","2","2"
"刺史费统上报朝","0","2","2"
"史费统上报朝廷","0","2","2"
"甘露降临于初宁","0","2","2"
"州刺史赵伯符上","0","2","2"
"刺史赵伯符上报","0","2","2"
"史赵伯符上报朝","0","2","2"
"赵伯符上报朝廷","0","2","2"
"军临川王刘义庆","0","2","2"
"苑丞张实上报朝","0","2","2"
"丞张实上报朝廷","0","2","2"
"露降临寻阳的松","0","2","2"
"降临寻阳的松滋","0","2","2"
"刺史庐陵王刘绍","0","2","2"
"史庐陵王刘绍上","0","2","2"
"庐陵王刘绍上报","0","2","2"
"陵王刘绍上报朝","0","2","2"
"王刘绍上报朝廷","0","2","2"
"四年七月乙卯曰","0","2","2"
"孔灵符上报朝廷","0","2","2"
"太守历阳王刘子","0","2","2"
"守历阳王刘子顼","0","2","2"
"历阳王刘子顼上","0","2","2"
"阳王刘子顼上报","0","2","2"
"王刘子顼上报朝","0","2","2"
"刘子顼上报朝廷","0","2","2"
"朝廷．大明七年","0","2","2"
"甘露降临南束海","0","2","2"
"汉桓帝建和二年","0","2","2"
"太守垣苗上报朝","0","2","2"
"守垣苗上报朝廷","0","2","2"
"嘉禾一茎有九穗","0","2","2"
"禾一茎有九穗生","0","2","2"
"一茎有九穗生于","0","2","2"
"州刺史臧质献上","0","2","2"
"刺史臧质献上朝","0","2","2"
"史臧质献上朝廷","0","2","2"
"园丞陈袭祖上报","0","2","2"
"丞陈袭祖上报朝","0","2","2"
"陈袭祖上报朝廷","0","2","2"
"嘉禾野生于华林","0","2","2"
"的仁德所到之处","0","2","2"
"籍田令褚熙伯献","0","2","2"
"田令褚熙伯献上","0","2","2"
"令褚熙伯献上朝","0","2","2"
"褚熙伯献上朝廷","0","2","2"
"嘉禾生于建康的","0","2","2"
"谯王刘义宣献上","0","2","2"
"王刘义宣献上朝","0","2","2"
"刘义宣献上朝廷","0","2","2"
"州刺史杜坦上报","0","2","2"
"刺史杜坦上报朝","0","2","2"
"史杜坦上报朝廷","0","2","2"
"青州刺史颜师伯","0","2","2"
"明六年八月辛末","0","2","2"
"六年八月辛末日","0","2","2"
"巴陵王刘休若献","0","2","2"
"陵王刘休若献上","0","2","2"
"王刘休若献上朝","0","2","2"
"刘休若献上朝廷","0","2","2"
"刺史建平王刘宏","0","2","2"
"史建平王刘宏上","0","2","2"
"建平王刘宏上报","0","2","2"
"平王刘宏上报朝","0","2","2"
"王刘宏上报朝廷","0","2","2"
"池的芙蓉二花共","0","2","2"
"的芙蓉二花共一","0","2","2"
"芙蓉二花共一蒂","0","2","2"
"园丞陈袭祖卜报","0","2","2"
"丞陈袭祖卜报朝","0","2","2"
"陈袭祖卜报朝廷","0","2","2"
"元嘉二二十年夏","0","2","2"
"永嘉郡后池的芙","0","2","2"
"嘉郡后池的芙蓉","0","2","2"
"郡后池的芙蓉二","0","2","2"
"太守臧艺上报朝","0","2","2"
"守臧艺上报朝廷","0","2","2"
"白兔出现于北海","0","2","2"
"白兔出现于淮南","0","2","2"
"白燕出现于广陵","0","2","2"
"刺史广陵王刘诞","0","2","2"
"史广陵王刘诞献","0","2","2"
"广陵王刘诞献上","0","2","2"
"的百姓家有白燕","0","2","2"
"州刺史竟陵王刘","0","2","2"
"刺史竟陵王刘诞","0","2","2"
"乌出现于吴郡的","0","2","2"
"出现于吴郡的海","0","2","2"
"年十一月丙辰曰","0","2","2"
"三年三月戊辰日","0","2","2"
"太守刘祯献上朝","0","2","2"
"守刘祯献上朝廷","0","2","2"
"雀二次出现于河","0","2","2"
"白雀出现于豫章","0","2","2"
"捕获以后献给朝","0","2","2"
"获以后献给朝廷","0","2","2"
"白雀出现于齐郡","0","2","2"
"七年六月乙卯日","0","2","2"
"白雀出现于会稽","0","2","2"
"获得白雀献上朝","0","2","2"
"得白雀献上朝廷","0","2","2"
"二年五月丁未日","0","2","2"
"州刺史朱脩之上","0","2","2"
"刺史朱脩之上报","0","2","2"
"史朱脩之上报朝","0","2","2"
"朱脩之上报朝廷","0","2","2"
"刺史桂阳王刘休","0","2","2"
"史桂阳王刘休范","0","2","2"
"豫州刺史垣护之","0","2","2"
"州刺史寻阳王刘","0","2","2"
"刺史寻阳王刘子","0","2","2"
"史寻阳王刘子房","0","2","2"
"州刺史邵陵王刘","0","2","2"
"大将军王敦上报","0","2","2"
"三年六月辛卯曰","0","2","2"
"临川王刘义庆献","0","2","2"
"川王刘义庆献上","0","2","2"
"王刘义庆献上朝","0","2","2"
"刘义庆献上朝廷","0","2","2"
"刺史临川王刘盏","0","2","2"
"史临川王刘盏庆","0","2","2"
"临川王刘盏庆上","0","2","2"
"川王刘盏庆上报","0","2","2"
"王刘盏庆上报朝","0","2","2"
"刘盏庆上报朝廷","0","2","2"
"临川王刘烨上报","0","2","2"
"川王刘烨上报朝","0","2","2"
"王刘烨上报朝廷","0","2","2"
"四年七月乙卯日","0","2","2"
"元嘉二十八年正","0","2","2"
"嘉二十八年正月","0","2","2"
"冀州刺史垣护之","0","2","2"
"丹阳的秣陵有木","0","2","2"
"阳的秣陵有木连","0","2","2"
"的秣陵有木连理","0","2","2"
"年十二月壬辰曰","0","2","2"
"光武帝建武中元","0","2","2"
"武帝建武中元元","0","2","2"
"帝建武中元元年","0","2","2"
"年十二月戊午曰","0","2","2"
"成帝咸和元年十","0","2","2"
"帝咸和元年十月","0","2","2"
"元年十月辛卯日","0","2","2"
"段佛荣献上朝廷","0","2","2"
"州刺史巴陵王刘","0","2","2"
"刺史巴陵王刘休","0","2","2"
"史巴陵王刘休若","0","2","2"
"各种征兆和应验","0","2","2"
"去了它的本性而","0","2","2"
"它带来的惩罚是","0","2","2"
"是木不曲直的表","0","2","2"
"木不曲直的表现","0","2","2"
"使百姓错失农时","0","2","2"
"无缘无故自己折","0","2","2"
"缘无故自己折断","0","2","2"
"宋明帝泰始年间","0","2","2"
"天气又非常寒冷","0","2","2"
"勃然兴起胜过阳","0","2","2"
"然兴起胜过阳气","0","2","2"
"服饰使用的颜色","0","2","2"
"束系头发非常松","0","2","2"
"系头发非常松散","0","2","2"
"晋武帝太康年后","0","2","2"
"王敦两次进攻京","0","2","2"
"敦两次进攻京城","0","2","2"
"有见识的人认为","0","2","2"
"司徒建安王刘休","0","2","2"
"徒建安王刘休仁","0","2","2"
"晋元帝太兴年间","0","2","2"
"帝太元十三年四","0","2","2"
"刘斌任吴郡太守","0","2","2"
"本性而造成灾害","0","2","2"
"来的惩罚是恒旸","0","2","2"
"这是言之不从的","0","2","2"
"是言之不从的结","0","2","2"
"言之不从的结果","0","2","2"
"元凶篡位不久就","0","2","2"
"凶篡位不久就被","0","2","2"
"篡位不久就被诛","0","2","2"
"位不久就被诛除","0","2","2"
"百姓中忽然流传","0","2","2"
"后来司马晞果然","0","2","2"
"来司马晞果然因","0","2","2"
"司马晞果然因为","0","2","2"
"马晞果然因为逆","0","2","2"
"晞果然因为逆谋","0","2","2"
"果然因为逆谋败","0","2","2"
"然因为逆谋败露","0","2","2"
"因为逆谋败露而","0","2","2"
"为逆谋败露而被","0","2","2"
"逆谋败露而被黜","0","2","2"
"要明德之人却不","0","2","2"
"明德之人却不任","0","2","2"
"德之人却不任用","0","2","2"
"之人却不任用的","0","2","2"
"一直延续到六月","0","2","2"
"社稷山川之神祈","0","2","2"
"稷山川之神祈祷","0","2","2"
"十三个郡国发生","0","2","2"
"三个郡国发生旱","0","2","2"
"就是指这种情况","0","2","2"
"等人率领全军抵","0","2","2"
"人率领全军抵御","0","2","2"
"军队出征超过用","0","2","2"
"队出征超过用兵","0","2","2"
"出征超过用兵的","0","2","2"
"征超过用兵的季","0","2","2"
"派军队东进征讨","0","2","2"
"畏畏缩缩一块肉","0","2","2"
"像童谣说的那样","0","2","2"
"晋明帝太宁初年","0","2","2"
"海西公太和年间","0","2","2"
"愍怀太子被废黜","0","2","2"
"哀帝隆和元年十","0","2","2"
"军队西进征讨司","0","2","2"
"队西进征讨司马","0","2","2"
"西进征讨司马休","0","2","2"
"进征讨司马休之","0","2","2"
"姓平民要做天子","0","2","2"
"我替陛下为此担","0","2","2"
"替陛下为此担忧","0","2","2"
"尚书各官署起火","0","2","2"
"是舒缓之政的应","0","2","2"
"舒缓之政的应验","0","2","2"
"有这种妖异出现","0","2","2"
"出现的妖异就是","0","2","2"
"现的妖异就是树","0","2","2"
"的妖异就是树木","0","2","2"
"芳林园池中聚集","0","2","2"
"上天的意思是说","0","2","2"
"边屋顶装饰上筑","0","2","2"
"屋顶装饰上筑巢","0","2","2"
"就是僵尸流血的","0","2","2"
"是僵尸流血的应","0","2","2"
"僵尸流血的应验","0","2","2"
"上天和祖宗的礼","0","2","2"
"天和祖宗的礼仪","0","2","2"
"一类带来的灾害","0","2","2"
"带来的灾祸是水","0","2","2"
"来的灾祸是水患","0","2","2"
"这是水不润下的","0","2","2"
"是阴胜阳的应验","0","2","2"
"西州又出现饥荒","0","2","2"
"州又出现饥荒动","0","2","2"
"又出现饥荒动乱","0","2","2"
"这都是阴气盛的","0","2","2"
"都是阴气盛的表","0","2","2"
"是阴气盛的表现","0","2","2"
"五处发生大水灾","0","2","2"
"荆州发生大水灾","0","2","2"
"扬等州所属郡国","0","2","2"
"等州所属郡国二","0","2","2"
"州所属郡国二十","0","2","2"
"所属郡国二十处","0","2","2"
"属郡国二十处发","0","2","2"
"郡国二十处发生","0","2","2"
"国二十处发生大","0","2","2"
"二十处发生大水","0","2","2"
"十处发生大水灾","0","2","2"
"八处发生大水灾","0","2","2"
"趟王司马伦篡位","0","2","2"
"冀五州发生大水","0","2","2"
"五州发生大水灾","0","2","2"
"最终被荡乎诛灭","0","2","2"
"没有亲自处理政","0","2","2"
"有亲自处理政事","0","2","2"
"西明门地面出现","0","2","2"
"明门地面出现孔","0","2","2"
"门地面出现孔洞","0","2","2"
"雍州发生大水灾","0","2","2"
"这是耳听不灵敏","0","2","2"
"当时朝政由将相","0","2","2"
"时朝政由将相掌","0","2","2"
"会稽出现疾雷闪","0","2","2"
"稽出现疾雷闪电","0","2","2"
"咸和四年十二月","0","2","2"
"是预示着任用的","0","2","2"
"预示着任用的人","0","2","2"
"示着任用的人中","0","2","2"
"着任用的人中有","0","2","2"
"任用的人中有奸","0","2","2"
"用的人中有奸邪","0","2","2"
"一头二身八只脚","0","2","2"
"索虏南侵至瓜步","0","2","2"
"不记载水灾旱灾","0","2","2"
"郡国有八处出现","0","2","2"
"年十一月甲子日","0","2","2"
"用来郊祀的牛死","0","2","2"
"当时曹爽独揽朝","0","2","2"
"时曹爽独揽朝政","0","2","2"
"东北方向发出雷","0","2","2"
"北方向发出雷鸣","0","2","2"
"方向发出雷鸣般","0","2","2"
"向发出雷鸣般的","0","2","2"
"发出雷鸣般的响","0","2","2"
"出雷鸣般的响声","0","2","2"
"县境内井中出现","0","2","2"
"张重华在凉州时","0","2","2"
"兼具男女的器官","0","2","2"
"阴户长在肚腹上","0","2","2"
"也同样流行瘟疫","0","2","2"
"晋海西公太和四","0","2","2"
"海西公太和四年","0","2","2"
"京城地区流行大","0","2","2"
"城地区流行大瘟","0","2","2"
"有不恰当的地方","0","2","2"
"到的地方都是一","0","2","2"
"的地方都是一片","0","2","2"
"天下有人自立为","0","2","2"
"更改年号和正朔","0","2","2"
"太阳中出现黑子","0","2","2"
"分益州的部分地","0","2","2"
"益州的部分地区","0","2","2"
"扬州的部分地区","0","2","2"
"州的一些地区置","0","2","2"
"后汉时治所在历","0","2","2"
"汉时治所在历阳","0","2","2"
"晋平东吴以后治","0","2","2"
"平东吴以后治建","0","2","2"
"东吴以后治建业","0","2","2"
"割富春县而设立","0","2","2"
"帝太康元年改为","0","2","2"
"分割乌程而设置","0","2","2"
"分割故鄣而设置","0","2","2"
"都是两汉时的旧","0","2","2"
"是两汉时的旧县","0","2","2"
"都按水路计有一","0","2","2"
"后来分割芜湖为","0","2","2"
"来分割芜湖为辖","0","2","2"
"分割芜湖为辖境","0","2","2"
"分割丹阳而设置","0","2","2"
"孙氏分割诸暨而","0","2","2"
"氏分割诸暨而设","0","2","2"
"分割诸暨而设置","0","2","2"
"京都水路有二千","0","2","2"
"权时分割歙地置","0","2","2"
"京都水路有二百","0","2","2"
"水路有二百四十","0","2","2"
"将它并入建康与","0","2","2"
"它并入建康与临","0","2","2"
"并入建康与临沂","0","2","2"
"徐州水路有二百","0","2","2"
"州水路有二百里","0","2","2"
"距京都水路有四","0","2","2"
"京都水路有四百","0","2","2"
"武帝太康二年又","0","2","2"
"水路有四百九十","0","2","2"
"路有四百九十里","0","2","2"
"设置义兴郡时分","0","2","2"
"置义兴郡时分出","0","2","2"
"义兴郡时分出独","0","2","2"
"兴郡时分出独立","0","2","2"
"郡时分出独立成","0","2","2"
"时分出独立成县","0","2","2"
"帝元嘉十二年并","0","2","2"
"元嘉十二年并入","0","2","2"
"嘉十二年并入僮","0","2","2"
"十二年并入僮县","0","2","2"
"借地重立为侨郡","0","2","2"
"陆路有一百八十","0","2","2"
"路有一百八十里","0","2","2"
"陆路有一千三百","0","2","2"
"路有一千三百里","0","2","2"
"距州治水路有一","0","2","2"
"陆路有六百七十","0","2","2"
"路有六百七十里","0","2","2"
"距州治陆路有七","0","2","2"
"州治陆路有七百","0","2","2"
"治陆路有七百里","0","2","2"
"陆路有一千一百","0","2","2"
"路有一千一百里","0","2","2"
"前汉时隶属东海","0","2","2"
"的士民并入当地","0","2","2"
"士民并入当地时","0","2","2"
"民并入当地时设","0","2","2"
"并入当地时设立","0","2","2"
"距京都水路有七","0","2","2"
"京都水路有七百","0","2","2"
"都水路有七百里","0","2","2"
"大明元年恢复设","0","2","2"
"元徽元年改属新","0","2","2"
"徽元年改属新昌","0","2","2"
"与新平郡同时设","0","2","2"
"新平郡同时设立","0","2","2"
"宋丢失淮北桥后","0","2","2"
"丢失淮北桥后设","0","2","2"
"失淮北桥后设立","0","2","2"
"淮北桥后设立的","0","2","2"
"北桥后设立的侨","0","2","2"
"桥后设立的侨郡","0","2","2"
"武帝大明年间设","0","2","2"
"帝大明年间设置","0","2","2"
"高祖听从了穆之","0","2","2"
"祖听从了穆之的","0","2","2"
"听从了穆之的话","0","2","2"
"问他为什么这样","0","2","2"
"当孟昶的建威府","0","2","2"
"谢晦为从事中郎","0","2","2"
"因为是开国功臣","0","2","2"
"兼任护南蛮校尉","0","2","2"
"杀掉徐羡之等人","0","2","2"
"一向没有军事才","0","2","2"
"我请求解除我的","0","2","2"
"转任庾登之为长","0","2","2"
"任庾登之为长史","0","2","2"
"后悔就来不及了","0","2","2"
"傅亮等人同时被","0","2","2"
"亮等人同时被委","0","2","2"
"等人同时被委于","0","2","2"
"人同时被委于重","0","2","2"
"同时被委于重任","0","2","2"
"阳王刘义季的右","0","2","2"
"王刘义季的右军","0","2","2"
"刘义季的右军参","0","2","2"
"义季的右军参军","0","2","2"
"顺阳太守傅弘之","0","2","2"
"朝廷和大府中的","0","2","2"
"廷和大府中的事","0","2","2"
"其余应该向北请","0","2","2"
"余应该向北请示","0","2","2"
"应该向北请示然","0","2","2"
"该向北请示然后","0","2","2"
"向北请示然后再","0","2","2"
"北请示然后再定","0","2","2"
"请示然后再定夺","0","2","2"
"官至右光禄大夫","0","2","2"
"出外当宁朔将军","0","2","2"
"被任为中书侍郎","0","2","2"
"任为中军谘议参","0","2","2"
"为中军谘议参军","0","2","2"
"当太尉谘议参军","0","2","2"
"扬州的松滋六郡","0","2","2"
"州的松滋六郡诸","0","2","2"
"的松滋六郡诸军","0","2","2"
"这是毛修之的功","0","2","2"
"是毛修之的功劳","0","2","2"
"高祖讨伐司马休","0","2","2"
"祖讨伐司马休之","0","2","2"
"用他当谘议参军","0","2","2"
"孙季高在晋康逝","0","2","2"
"季高在晋康逝世","0","2","2"
"鲁宗之的儿子鲁","0","2","2"
"宗之的儿子鲁轨","0","2","2"
"随同本府转任中","0","2","2"
"胡藩又随同讨伐","0","2","2"
"转任太子左卫帅","0","2","2"
"垣护之的伯父垣","0","2","2"
"护之的伯父垣遵","0","2","2"
"父亲垣苗再被委","0","2","2"
"亲垣苗再被委用","0","2","2"
"垣苗当京兆太守","0","2","2"
"当员外散骑常侍","0","2","2"
"没有采纳这个意","0","2","2"
"有采纳这个意见","0","2","2"
"有很多草陂沼泽","0","2","2"
"王刘子尚抚军司","0","2","2"
"刘子尚抚军司马","0","2","2"
"又进围在彭城的","0","2","2"
"进围在彭城的宁","0","2","2"
"围在彭城的宁朔","0","2","2"
"在彭城的宁朔将","0","2","2"
"彭城的宁朔将军","0","2","2"
"城的宁朔将军羊","0","2","2"
"的宁朔将军羊穆","0","2","2"
"宁朔将军羊穆之","0","2","2"
"庾悦又迁任骁骑","0","2","2"
"悦又迁任骁骑将","0","2","2"
"又迁任骁骑将军","0","2","2"
"会稽王的世子司","0","2","2"
"稽王的世子司马","0","2","2"
"王的世子司马元","0","2","2"
"的世子司马元显","0","2","2"
"王诞反复地陈说","0","2","2"
"诞反复地陈说桓","0","2","2"
"反复地陈说桓修","0","2","2"
"复地陈说桓修和","0","2","2"
"地陈说桓修和桓","0","2","2"
"陈说桓修和桓玄","0","2","2"
"说桓修和桓玄志","0","2","2"
"桓修和桓玄志趣","0","2","2"
"修和桓玄志趣不","0","2","2"
"和桓玄志趣不同","0","2","2"
"因此桓修等免除","0","2","2"
"此桓修等免除灾","0","2","2"
"桓修等免除灾难","0","2","2"
"桓修是王诞的外","0","2","2"
"修是王诞的外甥","0","2","2"
"不久又转任太尉","0","2","2"
"久又转任太尉谘","0","2","2"
"又转任太尉谘议","0","2","2"
"转任太尉谘议参","0","2","2"
"任太尉谘议参军","0","2","2"
"出外当义兴太守","0","2","2"
"再转任员外散骑","0","2","2"
"转任员外散骑侍","0","2","2"
"而那个人叫骂不","0","2","2"
"那个人叫骂不止","0","2","2"
"我便叫人把他叫","0","2","2"
"便叫人把他叫来","0","2","2"
"有的说是徐羡之","0","2","2"
"徐羡之放开不问","0","2","2"
"对这几种不法行","0","2","2"
"这几种不法行为","0","2","2"
"庐陵王刘义真的","0","2","2"
"只比国王王后低","0","2","2"
"比国王王后低一","0","2","2"
"国王王后低一等","0","2","2"
"在骠骑将军之上","0","2","2"
"江夏王刘义恭征","0","2","2"
"拓跋焘又派人来","0","2","2"
"拓跋焘又派使者","0","2","2"
"我们双方的情义","0","2","2"
"后又任记室参军","0","2","2"
"会稽王后代元显","0","2","2"
"他为金紫光禄大","0","2","2"
"祠部郎荀伯子上","0","2","2"
"部郎荀伯子上表","0","2","2"
"南平王刘铄的右","0","2","2"
"这样过了十几年","0","2","2"
"这时任黄门侍郎","0","2","2"
"将女儿许配给他","0","2","2"
"无人能赶得上他","0","2","2"
"司徒徐羡之等人","0","2","2"
"冀两州的大中正","0","2","2"
"军将军刘毅镇守","0","2","2"
"将军刘毅镇守姑","0","2","2"
"军刘毅镇守姑孰","0","2","2"
"随母亲补充军队","0","2","2"
"三为聚集战车和","0","2","2"
"为聚集战车和耕","0","2","2"
"聚集战车和耕牛","0","2","2"
"四为统计人数考","0","2","2"
"何承天还善于弹","0","2","2"
"承天还善于弹筝","0","2","2"
"皇上又赏赐他用","0","2","2"
"上又赏赐他用银","0","2","2"
"又赏赐他用银装","0","2","2"
"赏赐他用银装饰","0","2","2"
"赐他用银装饰的","0","2","2"
"他用银装饰的筝","0","2","2"
"用银装饰的筝一","0","2","2"
"银装饰的筝一面","0","2","2"
"何承天与尚书左","0","2","2"
"承天与尚书左丞","0","2","2"
"天与尚书左丞谢","0","2","2"
"与尚书左丞谢元","0","2","2"
"尚书左丞谢元一","0","2","2"
"书左丞谢元一向","0","2","2"
"左丞谢元一向关","0","2","2"
"丞谢元一向关系","0","2","2"
"谢元一向关系不","0","2","2"
"元一向关系不好","0","2","2"
"二人互相窥伺对","0","2","2"
"人互相窥伺对方","0","2","2"
"互相窥伺对方辖","0","2","2"
"相窥伺对方辖台","0","2","2"
"窥伺对方辖台的","0","2","2"
"伺对方辖台的过","0","2","2"
"对方辖台的过失","0","2","2"
"几次互相上书弹","0","2","2"
"次互相上书弹劾","0","2","2"
"他的弟弟杨难当","0","2","2"
"追赠他为征虏将","0","2","2"
"赠他为征虏将军","0","2","2"
"员外散骑侍郎的","0","2","2"
"出外当永嘉太守","0","2","2"
"一定在我谢灵运","0","2","2"
"定在我谢灵运之","0","2","2"
"的文章在社会上","0","2","2"
"文章在社会上广","0","2","2"
"任长沙王刘义欣","0","2","2"
"长沙王刘义欣镇","0","2","2"
"沙王刘义欣镇军","0","2","2"
"当始兴王刘浚后","0","2","2"
"当员外散骑侍郎","0","2","2"
"代理护军将军臧","0","2","2"
"理护军将军臧质","0","2","2"
"詹唐黏湿比喻沈","0","2","2"
"唐黏湿比喻沈演","0","2","2"
"黏湿比喻沈演之","0","2","2"
"被任命为著作佐","0","2","2"
"书中说的被千人","0","2","2"
"中说的被千人所","0","2","2"
"说的被千人所指","0","2","2"
"的被千人所指点","0","2","2"
"即使不病也会死","0","2","2"
"使不病也会死亡","0","2","2"
"到江夏王刘义恭","0","2","2"
"因母亲去世离职","0","2","2"
"后被追认为光禄","0","2","2"
"又当江夏王刘义","0","2","2"
"升任南谯王刘义","0","2","2"
"任南谯王刘义宣","0","2","2"
"南谯王刘义宣司","0","2","2"
"谯王刘义宣司空","0","2","2"
"以非常之礼拜见","0","2","2"
"号为征西大将军","0","2","2"
"蒙受国家的大恩","0","2","2"
"这是他大逆不道","0","2","2"
"是他大逆不道的","0","2","2"
"他大逆不道的第","0","2","2"
"朝廷让王玄谟做","0","2","2"
"州刺史加上都督","0","2","2"
"刘泰之代替自己","0","2","2"
"兼领徐州大中正","0","2","2"
"竟陵随二郡诸军","0","2","2"
"陵随二郡诸军事","0","2","2"
"把自己的女儿嫁","0","2","2"
"自己的女儿嫁给","0","2","2"
"己的女儿嫁给他","0","2","2"
"任为江夏王刘义","0","2","2"
"前后到任的刺史","0","2","2"
"因为起义兵的功","0","2","2"
"为起义兵的功劳","0","2","2"
"并且增加封邑一","0","2","2"
"且增加封邑一千","0","2","2"
"增加封邑一千户","0","2","2"
"家中没有多余的","0","2","2"
"中没有多余的财","0","2","2"
"他被调为东海王","0","2","2"
"被调为东海王刘","0","2","2"
"代管会稽郡事务","0","2","2"
"刘邵杀文帝自立","0","2","2"
"儿子都以孔为名","0","2","2"
"同时兼任他的卫","0","2","2"
"时兼任他的卫军","0","2","2"
"兼任他的卫军参","0","2","2"
"任他的卫军参军","0","2","2"
"当衡阳王刘义季","0","2","2"
"衡阳王刘义季右","0","2","2"
"阳王刘义季右军","0","2","2"
"刘邵杀文帝自称","0","2","2"
"邵杀文帝自称皇","0","2","2"
"杀文帝自称皇帝","0","2","2"
"刘诞的檄文接着","0","2","2"
"诞的檄文接着又","0","2","2"
"的檄文接着又到","0","2","2"
"檄文接着又到了","0","2","2"
"先当南平王刘铄","0","2","2"
"当今应该每家减","0","2","2"
"今应该每家减轻","0","2","2"
"应该每家减轻劳","0","2","2"
"该每家减轻劳役","0","2","2"
"女子到十五不出","0","2","2"
"子到十五不出嫁","0","2","2"
"叫敌人只调轻快","0","2","2"
"敌人只调轻快骑","0","2","2"
"人只调轻快骑兵","0","2","2"
"只调轻快骑兵三","0","2","2"
"调轻快骑兵三千","0","2","2"
"轻快骑兵三千人","0","2","2"
"快骑兵三千人交","0","2","2"
"骑兵三千人交替","0","2","2"
"兵三千人交替出","0","2","2"
"三千人交替出入","0","2","2"
"春天来践踏麦苗","0","2","2"
"秋天来侵踏谷禾","0","2","2"
"那么我们的水陆","0","2","2"
"么我们的水陆运","0","2","2"
"我们的水陆运输","0","2","2"
"必然会重新断绝","0","2","2"
"对于敌人是不疲","0","2","2"
"于敌人是不疲劳","0","2","2"
"敌人是不疲劳的","0","2","2"
"但我们的边防已","0","2","2"
"我们的边防已很","0","2","2"
"们的边防已很困","0","2","2"
"的边防已很困难","0","2","2"
"兵败退归人民逃","0","2","2"
"败退归人民逃散","0","2","2"
"随同柳元景北伐","0","2","2"
"竟陵王刘诞占据","0","2","2"
"陵王刘诞占据广","0","2","2"
"王刘诞占据广陵","0","2","2"
"刘诞占据广陵造","0","2","2"
"诞占据广陵造反","0","2","2"
"新安王刘子鸾抚","0","2","2"
"安王刘子鸾抚军","0","2","2"
"王刘子鸾抚军中","0","2","2"
"刘子鸾抚军中兵","0","2","2"
"太宗因此得以除","0","2","2"
"宗因此得以除掉","0","2","2"
"因此得以除掉废","0","2","2"
"此得以除掉废帝","0","2","2"
"出外当晋安王刘","0","2","2"
"外当晋安王刘子","0","2","2"
"当晋安王刘子勋","0","2","2"
"晋安王刘子勋镇","0","2","2"
"安王刘子勋镇军","0","2","2"
"王刘子勋镇军长","0","2","2"
"刘子勋镇军长史","0","2","2"
"恰遇太宗平定乱","0","2","2"
"遇太宗平定乱子","0","2","2"
"邵陵王刘子元当","0","2","2"
"朱辅之的副将正","0","2","2"
"辅之的副将正员","0","2","2"
"之的副将正员将","0","2","2"
"的副将正员将军","0","2","2"
"副将正员将军皇","0","2","2"
"将正员将军皇甫","0","2","2"
"申谦之副将虎贲","0","2","2"
"谦之副将虎贲中","0","2","2"
"之副将虎贲中郎","0","2","2"
"副将虎贲中郎将","0","2","2"
"将虎贲中郎将徐","0","2","2"
"中郎将徐稚宾都","0","2","2"
"郎将徐稚宾都战","0","2","2"
"将徐稚宾都战死","0","2","2"
"徐稚宾都战死了","0","2","2"
"殷孝祖的支军将","0","2","2"
"孝祖的支军将领","0","2","2"
"祖的支军将领范","0","2","2"
"的支军将领范潜","0","2","2"
"支军将领范潜带","0","2","2"
"军将领范潜带领","0","2","2"
"将领范潜带领手","0","2","2"
"领范潜带领手下","0","2","2"
"范潜带领手下五","0","2","2"
"潜带领手下五百","0","2","2"
"带领手下五百人","0","2","2"
"领手下五百人向","0","2","2"
"手下五百人向陶","0","2","2"
"下五百人向陶亮","0","2","2"
"五百人向陶亮投","0","2","2"
"百人向陶亮投降","0","2","2"
"杜幼文用这机会","0","2","2"
"幼文用这机会请","0","2","2"
"文用这机会请求","0","2","2"
"用这机会请求做","0","2","2"
"这机会请求做黄","0","2","2"
"机会请求做黄门","0","2","2"
"会请求做黄门郎","0","2","2"
"刘亮请求做中书","0","2","2"
"亮请求做中书郎","0","2","2"
"建安王刘休仁叫","0","2","2"
"安王刘休仁叫褚","0","2","2"
"王刘休仁叫褚渊","0","2","2"
"刘休仁叫褚渊接","0","2","2"
"休仁叫褚渊接受","0","2","2"
"仁叫褚渊接受将","0","2","2"
"叫褚渊接受将帅","0","2","2"
"褚渊接受将帅的","0","2","2"
"渊接受将帅的要","0","2","2"
"接受将帅的要求","0","2","2"
"率领楼船一千艘","0","2","2"
"他的第二个儿子","0","2","2"
"寻阳王刘子房冠","0","2","2"
"阳王刘子房冠军","0","2","2"
"王刘子房冠军司","0","2","2"
"刘子房冠军司马","0","2","2"
"晋安王刘子勋造","0","2","2"
"安王刘子勋造反","0","2","2"
"占据本郡响应叛","0","2","2"
"据本郡响应叛军","0","2","2"
"庞孟虬当司州刺","0","2","2"
"孟虬当司州刺史","0","2","2"
"龙骧将军姜产之","0","2","2"
"又给殷琰写信说","0","2","2"
"陆悠之的人马不","0","2","2"
"悠之的人马不多","0","2","2"
"武卫将军王广之","0","2","2"
"百户租税的待遇","0","2","2"
"享受三百户租税","0","2","2"
"受三百户租税待","0","2","2"
"三百户租税待遇","0","2","2"
"世祖讨伐逆贼刘","0","2","2"
"祖讨伐逆贼刘邵","0","2","2"
"安都被任命为右","0","2","2"
"都被任命为右军","0","2","2"
"被任命为右军将","0","2","2"
"任命为右军将军","0","2","2"
"享受五百户租税","0","2","2"
"副将建武将军谭","0","2","2"
"将建武将军谭金","0","2","2"
"薛安都再次率领","0","2","2"
"安都再次率领骑","0","2","2"
"都再次率领骑兵","0","2","2"
"再次率领骑兵作","0","2","2"
"次率领骑兵作为","0","2","2"
"率领骑兵作为王","0","2","2"
"领骑兵作为王玄","0","2","2"
"骑兵作为王玄谟","0","2","2"
"兵作为王玄谟的","0","2","2"
"作为王玄谟的支","0","2","2"
"为王玄谟的支队","0","2","2"
"当新安王刘子鸾","0","2","2"
"他的伯父袁洵便","0","2","2"
"的伯父袁洵便是","0","2","2"
"伯父袁洵便是袁","0","2","2"
"父袁洵便是袁顗","0","2","2"
"袁洵便是袁顗的","0","2","2"
"洵便是袁顗的父","0","2","2"
"便是袁顗的父亲","0","2","2"
"正好可以嫁给愍","0","2","2"
"好可以嫁给愍孙","0","2","2"
"可以嫁给愍孙了","0","2","2"
"当时愍孙正在坐","0","2","2"
"流着眼泪出去了","0","2","2"
"出外当辅国将军","0","2","2"
"西阳王刘子尚北","0","2","2"
"阳王刘子尚北中","0","2","2"
"王刘子尚北中郎","0","2","2"
"刘子尚北中郎长","0","2","2"
"在州府做官做到","0","2","2"
"州府做官做到日","0","2","2"
"府做官做到日南","0","2","2"
"则对于琅笽王不","0","2","2"
"对于琅笽王不应","0","2","2"
"于琅笽王不应加","0","2","2"
"琅笽王不应加以","0","2","2"
"笽王不应加以敬","0","2","2"
"王不应加以敬礼","0","2","2"
"山民愚蠢而胆怯","0","2","2"
"公家所收的税很","0","2","2"
"家所收的税很轻","0","2","2"
"俚民却认为很重","0","2","2"
"如今如果允许按","0","2","2"
"今如果允许按丁","0","2","2"
"如果允许按丁收","0","2","2"
"果允许按丁收米","0","2","2"
"允许按丁收米税","0","2","2"
"于公私都有好处","0","2","2"
"是晋代的大司马","0","2","2"
"同时兼任中书通","0","2","2"
"时兼任中书通事","0","2","2"
"在东宫侍候太子","0","2","2"
"法兴升官越骑校","0","2","2"
"兴升官越骑校尉","0","2","2"
"有关人员又上奏","0","2","2"
"这年正是晋安帝","0","2","2"
"年正是晋安帝义","0","2","2"
"正是晋安帝义熙","0","2","2"
"拓跋嗣亲自率大","0","2","2"
"上党太守刘谈之","0","2","2"
"黑矛肖公于粟石","0","2","2"
"矛肖公于粟石单","0","2","2"
"里面的一层壕沟","0","2","2"
"三州豫州的颍川","0","2","2"
"州豫州的颍川兖","0","2","2"
"豫州的颍川兖州","0","2","2"
"州的颍川兖州的","0","2","2"
"的颍川兖州的陈","0","2","2"
"颍川兖州的陈留","0","2","2"
"吐伐斤乘胜以骑","0","2","2"
"伐斤乘胜以骑兵","0","2","2"
"斤乘胜以骑兵三","0","2","2"
"乘胜以骑兵三万","0","2","2"
"胜以骑兵三万讨","0","2","2"
"以骑兵三万讨伐","0","2","2"
"骑兵三万讨伐赫","0","2","2"
"兵三万讨伐赫连","0","2","2"
"三万讨伐赫连定","0","2","2"
"赫连定在陇山弹","0","2","2"
"连定在陇山弹筝","0","2","2"
"定在陇山弹筝谷","0","2","2"
"在陇山弹筝谷设","0","2","2"
"陇山弹筝谷设伏","0","2","2"
"山弹筝谷设伏袭","0","2","2"
"弹筝谷设伏袭击","0","2","2"
"筝谷设伏袭击魏","0","2","2"
"谷设伏袭击魏兵","0","2","2"
"将魏兵全部活埋","0","2","2"
"南大将军开府仪","0","2","2"
"大将军开府仪同","0","2","2"
"将军开府仪同三","0","2","2"
"军开府仪同三司","0","2","2"
"亲自统率大军围","0","2","2"
"自统率大军围攻","0","2","2"
"步兵和骑兵十万","0","2","2"
"堂弟永昌王库仁","0","2","2"
"州刺史晋安王刘","0","2","2"
"江夏王刘义恭从","0","2","2"
"鹦鹉嫁给沈怀远","0","2","2"
"尚书仆射徐湛之","0","2","2"
"南淮王刘义宣的","0","2","2"
"淮王刘义宣的儿","0","2","2"
"王刘义宣的儿子","0","2","2"
"刘义宣的儿子们","0","2","2"
"他的儿子刘伟之","0","2","2"
"的儿子刘伟之为","0","2","2"
"左军王正见为太","0","2","2"
"军王正见为太子","0","2","2"
"王正见为太子左","0","2","2"
"正见为太子左卫","0","2","2"
"见为太子左卫帅","0","2","2"
"当时江夏王刘义","0","2","2"
"时江夏王刘义恭","0","2","2"
"咸阳所以能平定","0","2","2"
"沈田子和傅弘之","0","2","2"
"彭城王刘义康叫","0","2","2"
"城王刘义康叫部","0","2","2"
"王刘义康叫部属","0","2","2"
"刘义康叫部属献","0","2","2"
"义康叫部属献计","0","2","2"
"康叫部属献计解","0","2","2"
"叫部属献计解决","0","2","2"
"部属献计解决人","0","2","2"
"属献计解决人民","0","2","2"
"献计解决人民的","0","2","2"
"计解决人民的疾","0","2","2"
"解决人民的疾苦","0","2","2"
"使价格一天天上","0","2","2"
"价格一天天上涨","0","2","2"
"朝廷应该命令自","0","2","2"
"廷应该命令自己","0","2","2"
"应该命令自己的","0","2","2"
"该命令自己的下","0","2","2"
"命令自己的下属","0","2","2"
"搞出富贫的虚实","0","2","2"
"出富贫的虚实情","0","2","2"
"富贫的虚实情况","0","2","2"
"允许他们留下一","0","2","2"
"许他们留下一年","0","2","2"
"他们留下一年的","0","2","2"
"们留下一年的储","0","2","2"
"留下一年的储蓄","0","2","2"
"其余都要把米卖","0","2","2"
"余都要把米卖出","0","2","2"
"都要把米卖出来","0","2","2"
"制定平稳的价格","0","2","2"
"这是可行于千百","0","2","2"
"是可行于千百年","0","2","2"
"可行于千百年的","0","2","2"
"行于千百年的好","0","2","2"
"于千百年的好法","0","2","2"
"千百年的好法子","0","2","2"
"权宜用于一时之","0","2","2"
"宜用于一时之间","0","2","2"
"真有那么一回事","0","2","2"
"吴兴太守王韶之","0","2","2"
"我远则惭愧不如","0","2","2"
"人口三万六千六","0","2","2"
"人口一万零六百","0","2","2"
"口一万零六百三","0","2","2"
"一万零六百三十","0","2","2"
"使持节侍中都督","0","2","2"
