"N-gram","原文","翻译","Total"
"大司马吴汉","31","31","62"
"大将军梁冀","25","32","57"
"元年春正月","24","25","49"
"二年春正月","21","22","43"
"虎贲中郎将","19","20","39"
"大将军何进","18","20","38"
"匈奴中郎将","17","16","33"
"骠骑大将军","16","16","32"
"年春正月初","0","29","29"
"捕虏将军马","14","14","28"
"虏将军马武","14","14","28"
"三年春正月","14","14","28"
"郡国中都官","14","14","28"
"使匈奴中郎","15","12","27"
"赐天下男子","12","15","27"
"天下男子爵","12","15","27"
"把他们打败","0","27","27"
"举贤良方正","18","8","26"
"五官中郎将","12","14","26"
"建威大将军","13","13","26"
"为车骑将军","0","26","26"
"建武十三年","3","21","24"
"征南大将军","12","12","24"
"威大将军耿","12","12","24"
"四年春正月","12","12","24"
"月二十四日","0","24","24"
"年春正月十","0","23","23"
"大将军窦武","11","11","22"
"建义大将军","11","11","22"
"南大将军岑","11","11","22"
"大将军岑彭","11","11","22"
"虎牙大将军","11","11","22"
"征西大将军","10","11","21"
"西大将军冯","10","11","21"
"大将军冯异","10","11","21"
"将军皇甫嵩","10","11","21"
"五年春正月","11","10","21"
"义大将军朱","10","10","20"
"二千石长吏","10","9","19"
"车骑将军邓","9","10","19"
"大将军杜茂","9","9","18"
"护乌桓校尉","9","9","18"
"牙大将军盖","9","9","18"
"大将军盖延","9","9","18"
"夏四月二十","0","18","18"
"大将军梁商","8","9","17"
"扶风平陵人","10","7","17"
"伏波将军马","8","9","17"
"波将军马援","8","9","17"
"月二十二日","0","17","17"
"征虏将军祭","8","8","16"
"虏将军祭遵","8","8","16"
"骑大将军杜","8","8","16"
"中郎将张奂","8","8","16"
"减死罪一等","7","9","16"
"七年春正月","8","8","16"
"月二十三日","0","16","16"
"章帝诏令说","0","16","16"
"大将军朱祐","10","5","15"
"度辽将军耿","8","7","15"
"六年春正月","7","8","15"
"六年春二月","8","7","15"
"京师及郡国","0","15","15"
"被举为孝廉","0","15","15"
"彗星出现于","0","15","15"
"月二十五日","0","15","15"
"月二十九日","0","15","15"
"大司徒邓禹","7","7","14"
"中常侍侯览","7","7","14"
"大将军耿弇","13","1","14"
"中常侍曹节","7","7","14"
"大将军窦宪","6","8","14"
"行车骑将军","11","3","14"
"度辽将军邓","7","7","14"
"辽东太守祭","7","7","14"
"国中都官系","9","5","14"
"中都官系囚","10","4","14"
"令郡国中都","4","10","14"
"为太中大夫","0","14","14"
"十二月二十","0","14","14"
"月二十一日","0","14","14"
"月二十六日","0","14","14"
"下男子爵位","0","14","14"
"十一月二十","0","14","14"
"秋七月二十","0","14","14"
"武威将军刘","6","7","13"
"威将军刘尚","6","7","13"
"欲占者人一","13","0","13"
"占者人一级","13","0","13"
"史官评论说","0","13","13"
"史官评论道","0","13","13"
"各郡的部队","0","13","13"
"史家评论说","0","13","13"
"帝回到洛阳","0","13","13"
"车骑将军窦","5","7","12"
"骑将军窦宪","5","7","12"
"骑将军邓骘","6","6","12"
"辽将军邓遵","6","6","12"
"扬武将军马","6","6","12"
"武将军马成","6","6","12"
"奴中郎将张","6","6","12"
"月二十八日","1","11","12"
"参录尚书事","10","2","12"
"司马吴汉率","6","6","12"
"年春正月甲","12","0","12"
"八年春正月","6","6","12"
"护羌校尉段","6","6","12"
"派使者进贡","0","12","12"
"赏赐天下男","0","12","12"
"归首的每人","0","12","12"
"首的每人一","0","12","12"
"的每人一级","0","12","12"
"力田每人三","0","12","12"
"田每人三级","0","12","12"
"中常侍赵忠","6","5","11"
"建武二年春","5","6","11"
"遣光禄大夫","9","2","11"
"车骑将军马","6","5","11"
"骑将军马防","6","5","11"
"车骑将军皇","5","6","11"
"骑将军皇甫","5","6","11"
"东太守祭肜","6","5","11"
"建武十一年","1","10","11"
"四年春二月","6","5","11"
"力田人三级","11","0","11"
"护羌校尉马","6","5","11"
"建武十五年","1","10","11"
"的妻子儿女","0","11","11"
"东平王刘苍","0","11","11"
"打败了他们","0","11","11"
"春正月二十","0","11","11"
"骠骑将军东","5","5","10"
"骑将军东平","5","5","10"
"将军东平王","5","5","10"
"偏将军王霸","5","5","10"
"令司隶校尉","2","8","10"
"长沙太守孙","5","5","10"
"沙太守孙坚","5","5","10"
"斩首数千级","7","3","10"
"中常侍樊丰","5","5","10"
"执金吾贾复","5","5","10"
"大将军王常","5","5","10"
"车骑将军张","5","5","10"
"七十二弟子","5","5","10"
"京兆虎牙都","5","5","10"
"兆虎牙都尉","5","5","10"
"辽将军耿夔","5","5","10"
"汉忠将军王","5","5","10"
"忠将军王常","5","5","10"
"南匈奴左部","5","5","10"
"任司隶校尉","1","9","10"
"遂事十一陵","10","0","10"
"年春正月庚","10","0","10"
"年春正月辛","9","1","10"
"西域长史班","5","5","10"
"能直言极谏","8","2","10"
"都官系囚减","6","4","10"
"官系囚减死","6","4","10"
"羌校尉马贤","5","5","10"
"三年春二月","5","5","10"
"五年春二月","5","5","10"
"济南王刘康","0","10","10"
"没有来得及","0","10","10"
"步兵和骑兵","0","10","10"
"羌人各部族","0","10","10"
"月二十七日","0","10","10"
"冬十月二十","0","10","10"
"春正月初一","0","10","10"
"淮阳王刘延","0","10","10"
"皇后为皇太","0","10","10"
"后为皇太后","0","10","10"
"总领尚书事","0","10","10"
"年春正月二","0","10","10"
"年春二月十","0","10","10"
"信阳侯阴就","4","5","9"
"永平十五年","4","5","9"
"斩首千余级","7","2","9"
"食邑五千户","5","4","9"
"车骑将军何","4","5","9"
"为司隶校尉","0","9","9"
"为谏议大夫","0","9","9"
"拜为太中大","0","9","9"
"派御史中丞","0","9","9"
"匈奴派使者","0","9","9"
"中郎将来歙","0","9","9"
"荐贤良方正","0","9","9"
"汝南汝阳人","5","3","8"
"扶风茂陵人","5","3","8"
"驸马都尉耿","4","4","8"
"马都尉耿秉","4","4","8"
"太守第五伦","4","4","8"
"赐钱三十万","4","4","8"
"赐爵关内侯","5","3","8"
"游击将军邓","4","4","8"
"击将军邓隆","4","4","8"
"中常侍王甫","4","4","8"
"大将军邓骘","4","4","8"
"谏议大夫马","4","4","8"
"中郎将皇甫","4","4","8"
"大将军耿宝","4","4","8"
"大将军印绶","3","5","8"
"偏将军冯异","4","4","8"
"骑将军张温","4","4","8"
"横野大将军","4","4","8"
"使太中大夫","5","3","8"
"将军马武等","4","4","8"
"陇西南部都","4","4","8"
"西南部都尉","4","4","8"
"卫将军董承","4","4","8"
"平狄将军庞","4","4","8"
"狄将军庞萌","4","4","8"
"辅威将军臧","4","4","8"
"威将军臧宫","4","4","8"
"南阳太守成","4","4","8"
"城门校尉窦","4","4","8"
"门校尉窦武","4","4","8"
"奉车都尉窦","4","4","8"
"九年春正月","4","4","8"
"十年春正月","4","4","8"
"十三年春正","4","4","8"
"贫能存者粟","8","0","8"
"元年春三月","4","4","8"
"流民欲占者","8","0","8"
"诏郡国中都","7","1","8"
"系囚减死一","5","3","8"
"囚减死一等","5","3","8"
"平元年春正","4","4","8"
"校尉马贤讨","4","4","8"
"减天下死罪","4","4","8"
"天下死罪一","4","4","8"
"下死罪一等","4","4","8"
"髡钳城旦舂","4","4","8"
"诏令郡国中","1","7","8"
"哥哥的儿子","0","8","8"
"楚王刘英谋","0","8","8"
"王刘英谋反","0","8","8"
"勃海王刘悝","0","8","8"
"北匈奴派使","0","8","8"
"派光禄大夫","0","8","8"
"二月三十日","0","8","8"
"年春二月初","0","8","8"
"中山王刘焉","0","8","8"
"东海王刘政","0","8","8"
"举荐贤良方","0","8","8"
"前队大夫甄","3","4","7"
"队大夫甄阜","3","4","7"
"京兆长陵人","4","3","7"
"前将军邓禹","3","4","7"
"军东平王苍","5","2","7"
"赐钱二十万","3","4","7"
"司马吴汉等","4","3","7"
"长水校尉樊","3","4","7"
"贲中郎将邓","3","4","7"
"使司徒持节","4","3","7"
"广陵贼张婴","4","3","7"
"遣御史中丞","7","0","7"
"司空第五伦","3","4","7"
"州刺史刘岱","3","4","7"
"永元十二年","3","4","7"
"河南尹邓万","3","4","7"
"大司徒司直","4","3","7"
"家皆立博士","5","2","7"
"遣大司马吴","5","2","7"
"安帝永初元","3","4","7"
"帝永初元年","3","4","7"
"益州刺史张","4","3","7"
"山阳太守翟","4","3","7"
"阳太守翟超","4","3","7"
"建武三十年","2","5","7"
"车都尉窦固","4","3","7"
"年春正月癸","7","0","7"
"北匈奴遣使","7","0","7"
"二年春二月","4","3","7"
"王青盖车迎","4","3","7"
"中郎将任尚","3","4","7"
"系囚减死罪","3","4","7"
"囚减死罪一","3","4","7"
"将他们全部","0","7","7"
"推举为孝廉","0","7","7"
"为尚书仆射","0","7","7"
"为骠骑将军","0","7","7"
"同部族的人","0","7","7"
"率领南单于","0","7","7"
"杀害郡县官","0","7","7"
"害郡县官吏","0","7","7"
"好本职工作","0","7","7"
"光武帝诏令","0","7","7"
"春正月初二","0","7","7"
"祭祀十一陵","0","7","7"
"帝加冠于首","0","7","7"
"无户籍及流","0","7","7"
"国中都官对","0","7","7"
"参与总领尚","0","7","7"
"与总领尚书","0","7","7"
"先零羌寇掠","0","7","7"
"四月十一日","0","7","7"
"夏五月二十","0","7","7"
"琅笽王刘京","0","7","7"
"光禄大夫周","3","3","6"
"王莽前队大","3","3","6"
"莽前队大夫","3","3","6"
"属正梁丘赐","3","3","6"
"纳言将军严","3","3","6"
"言将军严尤","3","3","6"
"秩宗将军陈","3","3","6"
"迁汝南太守","5","1","6"
"入掖庭贵人","6","0","6"
"大司马朱鲔","3","3","6"
"太山贼公孙","3","3","6"
"山贼公孙举","3","3","6"
"大司徒侯霸","3","3","6"
"小夏侯尚书","3","3","6"
"征太中大夫","6","0","6"
"平十五年封","3","3","6"
"窦太后临朝","3","3","6"
"邓太后绍封","6","0","6"
"大司空李通","3","3","6"
"上将军印绶","4","2","6"
"幽州牧苗曾","3","3","6"
"渔阳太守彭","3","3","6"
"阳太守彭宠","3","3","6"
"涿郡太守张","3","3","6"
"郡太守张丰","3","3","6"
"河南尹李膺","3","3","6"
"大司空王邑","3","3","6"
"司徒欧阳歙","3","3","6"
"大夏侯尚书","3","3","6"
"长八尺二寸","3","3","6"
"司隶校尉段","3","3","6"
"陵贼张婴等","4","2","6"
"迁魏郡太守","5","1","6"
"海贼张伯路","3","3","6"
"聚众数千人","3","3","6"
"玄菟太守姚","3","3","6"
"菟太守姚光","3","3","6"
"司隶校尉李","3","3","6"
"隶校尉李膺","3","3","6"
"大司农刘祐","4","2","6"
"贼公孙举等","3","3","6"
"永平十三年","3","3","6"
"荆州刺史王","3","3","6"
"河内太守王","3","3","6"
"内太守王匡","3","3","6"
"越骑校尉王","3","3","6"
"左将军皇甫","3","3","6"
"丹阳太守陈","3","3","6"
"建武十七年","1","5","6"
"车骑将军冯","3","3","6"
"骑将军冯绲","3","3","6"
"冀州牧袁绍","3","3","6"
"尚书令尹勋","3","3","6"
"破奸将军侯","3","3","6"
"奸将军侯进","3","3","6"
"幽州牧朱浮","3","3","6"
"列侯奉朝请","3","3","6"
"尚书令谢躬","3","3","6"
"将军盖延等","3","3","6"
"蜀郡成都人","3","3","6"
"陈留东昏人","3","3","6"
"会稽山阴人","3","3","6"
"大司空窦融","2","4","6"
"讨难将军苏","3","3","6"
"难将军苏茂","3","3","6"
"州刺史刘繇","3","3","6"
"野大将军王","3","3","6"
"陇西太守马","3","3","6"
"西太守马援","3","3","6"
"陇西太守孙","3","3","6"
"帝永元四年","1","5","6"
"征西校尉任","3","3","6"
"西校尉任尚","3","3","6"
"骑都尉马贤","3","3","6"
"建光元年春","3","3","6"
"斩首数百级","4","2","6"
"汉阳太守张","3","3","6"
"阳太守张贡","3","3","6"
"益州刺史率","3","3","6"
"破羌将军段","3","3","6"
"北宫伯玉等","3","3","6"
"议大夫马日","3","3","6"
"将军王霸等","3","3","6"
"辽将军耿晔","3","3","6"
"乌桓校尉耿","3","3","6"
"桓校尉耿晔","3","3","6"
"西州大将军","3","3","6"
"威虏将军冯","3","3","6"
"虏将军冯骏","3","3","6"
"元年十二月","3","3","6"
"一切募下蚕","6","0","6"
"切募下蚕室","6","0","6"
"二十五年春","3","3","6"
"河西大将军","3","3","6"
"西大将军窦","3","3","6"
"大将军窦融","3","3","6"
"辽东太守耿","3","3","6"
"东太守耿夔","3","3","6"
"建武二十七","1","5","6"
"武二十七年","1","5","6"
"建武十四年","1","5","6"
"左车骑将军","3","3","6"
"光禄大夫杨","3","3","6"
"骁骑将军刘","3","3","6"
"骑大将军景","3","3","6"
"大将军景丹","3","3","6"
"将军岑彭率","3","3","6"
"年春正月丙","6","0","6"
"十一年春正","3","3","6"
"一年春正月","3","3","6"
"鲜卑寇辽东","6","0","6"
"年春正月己","5","1","6"
"减本罪一等","3","3","6"
"后曰皇太后","6","0","6"
"域长史班超","3","3","6"
"春正月甲子","6","0","6"
"郡国十三地","3","3","6"
"国十三地震","3","3","6"
"名数流民欲","6","0","6"
"数流民欲占","6","0","6"
"夏四月丙寅","6","0","6"
"民欲占者人","6","0","6"
"年春二月乙","5","1","6"
"初元年春正","3","3","6"
"奴中郎将马","3","3","6"
"羌校尉段颎","6","0","6"
"南宫嘉德殿","3","3","6"
"四年春三月","3","3","6"
"钳城旦舂十","4","2","6"
"城旦舂十匹","4","2","6"
"东海恭王陵","3","3","6"
"犯罪未发觉","3","3","6"
"公卿以下百","0","6","6"
"卿以下百官","0","6","6"
"回到自己的","0","6","6"
"举荐为孝廉","0","6","6"
"天下的人都","0","6","6"
"乐成王刘党","0","6","6"
"病请求退职","0","6","6"
"拜为偏将军","0","6","6"
"跟从平定河","0","6","6"
"从平定河北","0","6","6"
"立为皇太子","0","6","6"
"的有几千人","0","6","6"
"攻打公孙瓒","0","6","6"
"为东郡太守","0","6","6"
"光武帝下诏","0","6","6"
"有什么功劳","0","6","6"
"使他们投降","0","6","6"
"第二年春天","0","6","6"
"与公孙述将","0","6","6"
"一天比一天","0","6","6"
"革建日逐王","0","6","6"
"冬十月十九","0","6","6"
"十月十九日","0","6","6"
"率领二将军","0","6","6"
"光武帝回到","0","6","6"
"武帝回到洛","0","6","6"
"不能活下去","0","6","6"
"能活下去的","0","6","6"
"代理车骑将","0","6","6"
"理车骑将军","0","6","6"
"民无户籍及","0","6","6"
"户籍及流民","0","6","6"
"以仓廪储粮","0","6","6"
"讨伐打败他","0","6","6"
"鲜卑寇掠辽","0","6","6"
"秋七月初一","0","6","6"
"二月十三日","0","6","6"
"派使者祭祀","0","6","6"
"羌校尉段赹","0","6","6"
"代理尚书事","0","6","6"
"迁尚书仆射","5","0","5"
"白马令李云","3","2","5"
"王莽纳言将","3","2","5"
"莽纳言将军","3","2","5"
"宗将军陈茂","2","3","5"
"迁桂阳太守","4","1","5"
"立二十五年","3","2","5"
"上书乞骸骨","5","0","5"
"永元十四年","1","4","5"
"楚王英谋反","5","0","5"
"上谷太守耿","2","3","5"
"谷太守耿况","2","3","5"
"身长八尺二","2","3","5"
"安帝乳母王","3","2","5"
"帝乳母王圣","3","2","5"
"广陵太守张","2","3","5"
"山阳高平人","3","2","5"
"使光禄大夫","3","2","5"
"司隶校尉举","3","2","5"
"赐钱五十万","2","3","5"
"迁南阳太守","4","1","5"
"御史中丞冯","2","3","5"
"九江太守邓","2","3","5"
"江太守邓显","2","3","5"
"太守邓显讨","2","3","5"
"荆州刺史刘","2","3","5"
"车骑将军单","2","3","5"
"骑将军单超","2","3","5"
"豫州刺史孔","2","3","5"
"杀贼数百人","2","3","5"
"弟城门校尉","3","2","5"
"骑将军何苗","2","3","5"
"遣车骑将军","4","1","5"
"公孙述遣将","4","1","5"
"将军岑彭围","3","2","5"
"百官总己听","4","1","5"
"武威太守赵","3","2","5"
"威太守赵冲","3","2","5"
"大司徒戴涉","2","3","5"
"杨州刺史刘","3","2","5"
"置公卿百官","3","2","5"
"三家皆立博","4","1","5"
"更始二年春","2","3","5"
"真定王刘扬","2","3","5"
"行征西将军","3","2","5"
"食邑三百户","3","2","5"
"州刺史张乔","3","2","5"
"蜀郡徼外羌","5","0","5"
"死者数千人","3","2","5"
"死者万余人","3","2","5"
"中郎将张耽","3","2","5"
"薁鞬日逐王","5","0","5"
"大司空宋弘","2","3","5"
"死者百余人","3","2","5"
"建武二十年","1","4","5"
"黄门北寺狱","3","2","5"
"车骑将军事","4","1","5"
"南阳新野人","3","2","5"
"南尹邓万世","2","3","5"
"十二年春正","2","3","5"
"十五年春正","3","2","5"
"国遣使贡献","5","0","5"
"将军马援率","2","3","5"
"年春正月乙","5","0","5"
"令天下系囚","5","0","5"
"冬十月辛未","4","1","5"
"直言极谏士","5","0","5"
"言极谏士一","5","0","5"
"极谏士一人","5","0","5"
"民名数流民","5","0","5"
"皇太后窦氏","2","3","5"
"冬十一月辛","4","1","5"
"将军邓遵率","2","3","5"
"光禄大夫案","5","0","5"
"禄大夫案行","5","0","5"
"校猎上林苑","3","2","5"
"国中都官死","4","1","5"
"中都官死罪","4","1","5"
"都官死罪系","4","1","5"
"官死罪系囚","4","1","5"
"年春二月庚","5","0","5"
"名数欲占者","5","0","5"
"数欲占者人","5","0","5"
"能兴云致雨","2","3","5"
"被推举为孝","0","5","5"
"上疏劝谏说","0","5","5"
"不是说过吗","0","5","5"
"到王莽篡位","0","5","5"
"作司隶校尉","0","5","5"
"在长安学习","0","5","5"
"没有固定的","0","5","5"
"所在的地方","0","5","5"
"第二年夏天","0","5","5"
"你为什么不","0","5","5"
"与司隶校尉","0","5","5"
"为南阳太守","0","5","5"
"到廷尉那里","0","5","5"
"上书请求退","0","5","5"
"自己的儿子","0","5","5"
"为光禄大夫","0","5","5"
"与延岑战于","0","5","5"
"邓太后续封","0","5","5"
"时死了父亲","0","5","5"
"父亲的学业","0","5","5"
"河间王刘开","0","5","5"
"为青州刺史","0","5","5"
"在州郡做官","0","5","5"
"交阝止刺史","0","5","5"
"因病请求退","0","5","5"
"为城门校尉","0","5","5"
"持天子符节","0","5","5"
"写信给公孙","0","5","5"
"淳于琼等人","0","5","5"
"左右的人都","0","5","5"
"任车骑将军","0","5","5"
"年轻时为诸","0","5","5"
"轻时为诸生","0","5","5"
"有一千多人","0","5","5"
"孔子及七十","0","5","5"
"子及七十二","0","5","5"
"及七十二弟","0","5","5"
"各羌人部族","0","5","5"
"事情已经记","0","5","5"
"情已经记载","0","5","5"
"已经记载在","0","5","5"
"和帝永元四","0","5","5"
"寻迹而射的","0","5","5"
"迹而射的士","0","5","5"
"而射的士兵","0","5","5"
"投降的羌人","0","5","5"
"的驻守部队","0","5","5"
"击败了他们","0","5","5"
"公孙述将领","0","5","5"
"掠官吏百姓","0","5","5"
"辽东的鲜卑","0","5","5"
"派来的使者","0","5","5"
"儿子入朝侍","0","5","5"
"子入朝侍奉","0","5","5"
"做好本职工","0","5","5"
"冬十一月初","0","5","5"
"那裹的习俗","0","5","5"
"把他们打得","0","5","5"
"他们打得大","0","5","5"
"们打得大败","0","5","5"
"武帝诏令说","0","5","5"
"春正月十七","0","5","5"
"正月十七日","0","5","5"
"马吴汉率领","0","5","5"
"六月二十四","0","5","5"
"帝派中郎将","0","5","5"
"四月十九日","0","5","5"
"冬十一月十","0","5","5"
"十二月初一","0","5","5"
"帝东巡视察","0","5","5"
"春正月十九","0","5","5"
"正月十九日","0","5","5"
"令天下在押","0","5","5"
"天下在押囚","0","5","5"
"下在押囚犯","0","5","5"
"夏四月初九","0","5","5"
"赐公卿以下","0","5","5"
"穷得不能活","0","5","5"
"十分之四以","0","5","5"
"分之四以上","0","5","5"
"之四以上的","0","5","5"
"管事人奏请","0","5","5"
"我以薄德之","0","5","5"
"以薄德之身","0","5","5"
"二月十八日","0","5","5"
"仓廪储粮赈","0","5","5"
"廪储粮赈济","0","5","5"
"伐打败他们","0","5","5"
"星出现于天","0","5","5"
"二月十二日","0","5","5"
"卑寇掠辽东","0","5","5"
"各秘密上书","0","5","5"
"光禄大夫巡","0","5","5"
"禄大夫巡视","0","5","5"
"八月二十日","0","5","5"
"夏四月十一","0","5","5"
"诏令大将军","0","5","5"
"冬十月初一","0","5","5"
"任光禄大夫","0","5","5"
"明帝诏令说","0","5","5"
"想归首的每","0","5","5"
"入掖庭为贵","0","5","5"
"掖庭为贵人","0","5","5"
"尚书仆射虞","2","2","4"
"黄门孙程等","2","2","4"
"梁太后临朝","2","2","4"
"禄大夫周举","2","2","4"
"斩首三千余","3","1","4"
"首三千余级","3","1","4"
"柱天大将军","2","2","4"
"安众侯刘崇","1","3","4"
"将作谒者王","2","2","4"
"作谒者王吴","2","2","4"
"永平十二年","1","3","4"
"永元十五年","2","2","4"
"征将作大匠","4","0","4"
"奋威大将军","2","2","4"
"司马朱鲔等","2","2","4"
"将军梁冀所","3","1","4"
"知稼穑艰难","3","1","4"
"镇东将军曹","2","2","4"
"东将军曹操","2","2","4"
"迁司隶校尉","3","1","4"
"诸生千余人","3","1","4"
"陇西太守邓","2","2","4"
"西太守邓融","2","2","4"
"柱功侯李宝","2","2","4"
"诸儒白虎观","4","0","4"
"蜀郡太守第","2","2","4"
"郡太守第五","2","2","4"
"黄金三十斤","2","2","4"
"骑都尉臧宫","2","2","4"
"遣尚书宗广","2","2","4"
"遣使者持节","3","1","4"
"永平十四年","1","3","4"
"将军刘尚等","2","2","4"
"行大司马事","3","1","4"
"高密侯邓禹","1","3","4"
"击武陵蛮夷","2","2","4"
"更始幽州牧","2","2","4"
"始幽州牧苗","2","2","4"
"尚书令侯霸","2","2","4"
"中常侍郑众","2","2","4"
"尚书令陈蕃","2","2","4"
"时年七十二","2","2","4"
"者三千余人","4","0","4"
"常侍曹节等","2","2","4"
"豫州牧黄琬","2","2","4"
"河南开封人","2","2","4"
"荆州牧刘表","2","2","4"
"中常侍唐衡","2","2","4"
"尚书令韩歆","2","2","4"
"书令韩歆上","2","2","4"
"中郎将邓骘","2","2","4"
"河间孝王开","4","0","4"
"建初四年封","2","2","4"
"选入太子宫","2","2","4"
"北宫章德殿","2","2","4"
"中常侍曹腾","1","3","4"
"建安十一年","2","2","4"
"永元二年封","2","2","4"
"梁太后下诏","2","2","4"
"中常侍江京","2","2","4"
"孝崇博园贵","2","2","4"
"崇博园贵人","2","2","4"
"太子济阴王","4","0","4"
"光禄大夫杜","2","2","4"
"禄大夫杜乔","2","2","4"
"中常侍高梵","2","2","4"
"桂阳贼胡兰","2","2","4"
"中郎将度尚","2","2","4"
"司徒邓禹西","2","2","4"
"贼张伯路等","2","2","4"
"侍御史庞雄","2","2","4"
"御史庞雄督","2","2","4"
"御史中丞王","2","2","4"
"史中丞王宗","2","2","4"
"扬州刺史尹","1","3","4"
"下邳人谢安","2","2","4"
"广汉属国都","2","2","4"
"汉属国都尉","2","2","4"
"州刺史刘度","2","2","4"
"南郡太守李","2","2","4"
"郡太守李肃","2","2","4"
"御史中丞盛","2","2","4"
"焚烧长沙郡","2","2","4"
"烧长沙郡县","2","2","4"
"长沙太守抗","2","2","4"
"沙太守抗徐","2","2","4"
"太守抗徐等","2","2","4"
"中郎将宗资","2","2","4"
"后车弓弩乱","2","2","4"
"车弓弩乱发","2","2","4"
"京兆杜陵人","2","2","4"
"迁五官中郎","3","1","4"
"徐州牧陶谦","2","2","4"
"兄车骑将军","2","2","4"
"光禄勋耿秉","2","2","4"
"大司农尹睦","2","2","4"
"太守孙坚杀","2","2","4"
"江夏太守黄","2","2","4"
"夏太守黄祖","2","2","4"
"城门校尉伍","2","2","4"
"门校尉伍琼","2","2","4"
"冀州牧韩馥","2","2","4"
"州刺史孔亻","2","2","4"
"大鸿胪韩融","2","2","4"
"执金吾胡母","2","2","4"
"金吾胡母班","2","2","4"
"将作大匠吴","2","2","4"
"左将军刘备","2","2","4"
"中常侍程璜","2","2","4"
"左中郎将皇","2","2","4"
"郎将皇甫嵩","2","2","4"
"上军校尉蹇","2","2","4"
"军校尉蹇硕","2","2","4"
"司隶校尉张","2","2","4"
"赐东园秘器","2","2","4"
"阳太守陈夤","2","2","4"
"朝阳侯刘护","2","2","4"
"大鸿胪耿宝","2","2","4"
"皇后兄执金","2","2","4"
"后兄执金吾","2","2","4"
"校书郎班固","2","2","4"
"伯升大司徒","4","0","4"
"永平三年封","2","2","4"
"永平九年赐","2","2","4"
"平九年赐号","2","2","4"
"上大将军印","1","3","4"
"强弩将军陈","2","2","4"
"弩将军陈俊","2","2","4"
"颍川襄城人","3","1","4"
"世祖破王寻","2","2","4"
"京兆霸陵人","2","2","4"
"度辽将军马","2","2","4"
"辽将军马续","2","2","4"
"冯翊云阳人","2","2","4"
"齐国临淄人","2","2","4"
"弘农华阴人","2","2","4"
"汝南慎阳人","2","2","4"
"豫章南昌人","2","2","4"
"陈留外黄人","2","2","4"
"太原广武人","2","2","4"
"光禄勋刘赐","2","2","4"
"廷尉大将军","2","2","4"
"尉大将军王","2","2","4"
"赤眉立刘盆","2","2","4"
"眉立刘盆子","2","2","4"
"杀南阳太守","3","1","4"
"南阳太守张","2","2","4"
"阳太守张咨","2","2","4"
"州刺史陈温","2","2","4"
"仆射士孙瑞","2","2","4"
"侍中骑都尉","2","2","4"
"大司徒欧阳","2","2","4"
"春秋左氏传","2","2","4"
"太尉张禹荐","2","2","4"
"大司马刘公","2","2","4"
"行大将军事","4","0","4"
"时真定王刘","2","2","4"
"置护羌校尉","2","2","4"
"司徒掾班彪","2","2","4"
"徒掾班彪上","2","2","4"
"陇西太守刘","2","2","4"
"西太守刘盱","2","2","4"
"金城太守郝","2","2","4"
"城太守郝崇","2","2","4"
"遣行车骑将","4","0","4"
"陇西太守张","2","2","4"
"西太守张纡","2","2","4"
"斩首四百余","4","0","4"
"征西将军刘","2","2","4"
"西将军刘尚","2","2","4"
"越骑校尉赵","2","2","4"
"金城西部都","2","2","4"
"城西部都尉","2","2","4"
"骑都尉王弘","2","2","4"
"中太守董炳","2","2","4"
"骑都尉任仁","2","2","4"
"汉阳人杜琦","2","2","4"
"汉阳太守赵","2","2","4"
"阳太守赵博","2","2","4"
"侍御史唐喜","2","2","4"
"元初元年春","2","2","4"
"中郎将尹就","2","2","4"
"右扶风仲光","2","2","4"
"安定太守杜","2","2","4"
"定太守杜恢","2","2","4"
"虎牙都尉耿","2","2","4"
"牙都尉耿溥","2","2","4"
"击破先零羌","4","0","4"
"永宁元年春","2","2","4"
"延光元年春","2","2","4"
"执金吾张乔","2","2","4"
"护羌校尉卫","2","2","4"
"郎将皇甫规","2","2","4"
"西太守孙羌","2","2","4"
"骠骑将军霍","2","2","4"
"护羌校尉泠","2","2","4"
"羌校尉泠征","2","2","4"
"金城太守陈","2","2","4"
"城太守陈懿","2","2","4"
"军皇甫嵩讨","2","2","4"
"大司空王梁","2","2","4"
"扬化将军坚","2","2","4"
"化将军坚镡","2","2","4"
"骑都尉刘隆","2","2","4"
"前将军王梁","2","2","4"
"蜀郡守将史","2","2","4"
"郡守将史歆","2","2","4"
"太中大夫臧","2","2","4"
"中大夫臧宫","2","2","4"
"大将军霍光","2","2","4"
"虏将军王霸","2","2","4"
"建武二十一","2","2","4"
"武二十一年","2","2","4"
"安帝永初三","2","2","4"
"帝永初三年","2","2","4"
"乌桓率众王","2","2","4"
"度辽将军梁","2","2","4"
"郎将张奂击","3","1","4"
"辽东太守公","2","2","4"
"东太守公孙","2","2","4"
"太守公孙康","2","2","4"
"云中太守成","2","2","4"
"中太守成严","2","2","4"
"顺帝永建元","1","3","4"
"帝永建元年","1","3","4"
"太守李超战","2","2","4"
"郎将张奂率","2","2","4"
"河南尹羊陟","2","2","4"
"双江夏黄童","2","2","4"
"涿郡安平人","2","2","4"
"河南尹梁冀","2","2","4"
"将军冯异击","3","1","4"
"公孙述遣兵","3","1","4"
"将军祭遵等","2","2","4"
"辅汉大将军","2","2","4"
"遣捕虏将军","3","1","4"
"遣骠骑大将","3","1","4"
"将军庞萌反","2","2","4"
"将军马成等","2","2","4"
"代郡太守刘","2","2","4"
"郡太守刘兴","2","2","4"
"朔方太守田","2","2","4"
"方太守田飒","2","2","4"
"会稽上虞人","2","2","4"
"太尉庞参免","2","2","4"
"中常侍张逵","2","2","4"
"将军梁冀威","3","1","4"
"大司徒韩歆","2","2","4"
"太守欧阳歙","2","2","4"
"授常数百人","4","0","4"
"大司空杜林","2","2","4"
"公车司马令","2","2","4"
"定国上公王","2","2","4"
"国上公王匡","2","2","4"
"帝使太中大","2","2","4"
"太中大夫持","2","2","4"
"平陵人方望","2","2","4"
"遣虎牙大将","3","1","4"
"光禄大夫伏","2","2","4"
"禄大夫伏隆","2","2","4"
"汝南平舆人","2","2","4"
"凉州刺史皮","2","2","4"
"北海安丘人","2","2","4"
"安帝永初五","2","2","4"
"帝永初五年","2","2","4"
"太守公孙域","2","2","4"
"元兴元年春","2","2","4"
"太守耿夔击","2","2","4"
"幽州刺史冯","2","2","4"
"州刺史冯焕","2","2","4"
"辽东太守蔡","2","2","4"
"东太守蔡讽","2","2","4"
"长乐少府李","2","2","4"
"乐少府李膺","2","2","4"
"司隶校尉朱","2","2","4"
"颍川太守巴","2","2","4"
"川太守巴肃","2","2","4"
"河内太守魏","2","2","4"
"内太守魏朗","2","2","4"
"太尉掾范滂","2","2","4"
"尉掾范滂等","2","2","4"
"永昌太守曹","2","2","4"
"昌太守曹鸾","2","2","4"
"中常侍吕强","2","2","4"
"幽州刺史杨","2","2","4"
"凉州刺史刘","2","2","4"
"益州刺史庞","2","2","4"
"车骑将军阎","2","2","4"
"骑将军阎显","2","2","4"
"大司农胡广","2","2","4"
"南阳文学官","2","2","4"
"阳文学官志","2","2","4"
"将军梁冀府","2","2","4"
"大鸿胪袁隗","2","2","4"
"营兵三百人","2","2","4"
"西域副校尉","3","1","4"
"敦煌太守张","2","2","4"
"煌太守张朗","2","2","4"
"骑将军邓鸿","2","2","4"
"斩首万余级","2","2","4"
"行度辽将军","3","1","4"
"围中郎将耿","2","2","4"
"中郎将耿种","2","2","4"
"荡寇将军周","2","2","4"
"寇将军周慎","2","2","4"
"凉州刺史耿","2","2","4"
"州刺史耿鄙","2","2","4"
"司隶校尉袁","2","2","4"
"隶校尉袁绍","2","2","4"
"贲中郎将袁","2","2","4"
"中郎将袁术","2","2","4"
"尚书郑公业","2","2","4"
"西河白波谷","2","2","4"
"中郎将牛辅","2","2","4"
"中郎将段煨","2","2","4"
"中郎将刘范","2","2","4"
"侍御史侯汶","2","2","4"
"射声校尉沮","2","2","4"
"建安元年春","2","2","4"
"偏将军王服","2","2","4"
"禄大夫杨赐","2","2","4"
"遣奉车都尉","3","1","4"
"复汉将军邓","2","2","4"
"汉将军邓晔","2","2","4"
"永平十七年","1","3","4"
"尚书令左雄","2","2","4"
"东海相黄浮","2","2","4"
"太原太守刘","2","2","4"
"前太尉陈蕃","2","2","4"
"司隶校尉黄","2","2","4"
"隶校尉黄琬","2","2","4"
"冬十月癸丑","4","0","4"
"州大将军隗","2","2","4"
"大将军隗嚣","2","2","4"
"将军朱祐率","2","2","4"
"将军盖延率","2","2","4"
"夏四月丙子","4","0","4"
"卢芳将贾览","3","1","4"
"前将军李通","2","2","4"
"青巾左校尉","2","2","4"
"破公孙述将","4","0","4"
"十一年春二","2","2","4"
"一年春二月","2","2","4"
"率种人内属","4","0","4"
"十四年春正","2","2","4"
"十六年春二","2","2","4"
"十七年春正","2","2","4"
"十年春二月","2","2","4"
"左中郎将刘","2","2","4"
"匈奴薁鞬日","4","0","4"
"奴薁鞬日逐","4","0","4"
"二十四年春","2","2","4"
"十六年春正","2","2","4"
"十八年春正","2","2","4"
"夏四月乙丑","3","1","4"
"夏四月戊子","4","0","4"
"秋七月丁酉","3","1","4"
"尊皇后曰皇","4","0","4"
"皇后曰皇太","4","0","4"
"年春三月甲","3","1","4"
"左校尉耿夔","2","2","4"
"陵澧中蛮叛","3","1","4"
"洛阳令下狱","2","2","4"
"阳令下狱抵","2","2","4"
"令下狱抵罪","2","2","4"
"越骑校尉冯","2","2","4"
"骑校尉冯柱","2","2","4"
"度辽将军朱","2","2","4"
"辽将军朱徽","2","2","4"
"中郎将杜崇","2","2","4"
"右温禺犊王","2","2","4"
"西域长史王","2","2","4"
"博士员弟子","2","2","4"
"半入年田租","4","0","4"
"十四年春二","2","2","4"
"十一月甲申","4","0","4"
"司徒鲁恭免","2","2","4"
"年春正月戊","4","0","4"
"青盖车迎帝","3","1","4"
"太后母阴氏","1","3","4"
"先零羌滇零","2","2","4"
"郡国十地震","2","2","4"
"凉州河西四","2","2","4"
"州河西四郡","2","2","4"
"中二千石下","2","2","4"
"二千石下黄","4","0","4"
"千石下黄绶","4","0","4"
"移子若同产","4","0","4"
"武陵澧中蛮","2","2","4"
"宁元年春正","2","2","4"
"郡国二十三","2","2","4"
"国二十三地","2","2","4"
"二十三地震","2","2","4"
"赐诸园贵人","2","2","4"
"京师郡国二","3","1","4"
"师郡国二十","3","1","4"
"元年春二月","2","2","4"
"死罪系囚减","2","2","4"
"母野王君王","2","2","4"
"野王君王圣","2","2","4"
"域长史班勇","2","2","4"
"祖河间孝王","2","2","4"
"校尉举贤良","4","0","4"
"尉举贤良方","4","0","4"
"立皇后梁氏","2","2","4"
"嘉元年春正","2","2","4"
"行三年丧服","1","3","4"
"太尉黄琼免","2","2","4"
"中常侍单超","2","2","4"
"司空黄琼免","2","2","4"
"荆州刺史度","2","2","4"
"州刺史度尚","2","2","4"
"立贵人窦氏","2","2","4"
"中常侍管霸","2","2","4"
"天下系囚罪","4","0","4"
"下系囚罪未","4","0","4"
"系囚罪未决","4","0","4"
"下军校尉鲍","2","2","4"
"军校尉鲍鸿","2","2","4"
"幽州牧刘虞","2","2","4"
"追尊谥皇妣","2","2","4"
"安元年春正","2","2","4"
"故中常侍赵","2","2","4"
"七年夏五月","2","2","4"
"大长秋江京","2","2","4"
"中黄门孙程","2","2","4"
"建元年春正","2","2","4"
"阳嘉元年春","2","2","4"
"遣使匈奴中","2","2","4"
"广陵盗贼张","1","3","4"
"陵盗贼张婴","1","3","4"
"盗贼张婴等","1","3","4"
"护羌校尉赵","2","2","4"
"羌校尉赵冲","2","2","4"
"日南蛮夷攻","2","2","4"
"将军梁冀征","1","3","4"
"右趾髡钳城","4","0","4"
"趾髡钳城旦","4","0","4"
"祀光武皇帝","2","2","4"
"庐江太守献","2","2","4"
"十五年春二","2","2","4"
"完城旦司寇","4","0","4"
"光烈皇后更","2","2","4"
"烈皇后更衣","2","2","4"
"上皇后玺绶","2","2","4"
"尊后皇太后","4","0","4"
"明德马皇后","1","3","4"
"奏立长秋宫","3","1","4"
"长七尺二寸","2","2","4"
"皇太后临朝","2","2","4"
"资财五百余","2","2","4"
"财五百余万","2","2","4"
"舞阳长公主","1","3","4"
"后兄大将军","2","2","4"
"酒泉太守段","2","2","4"
"泉太守段彭","2","2","4"
"封卫将军董","2","2","4"
"颍川颍阳人","2","2","4"
"戊己校尉官","2","2","4"
"太官右监丞","2","2","4"
"太尉刘矩免","2","2","4"
"质帝母陈夫","2","2","4"
"帝母陈夫人","2","2","4"
"九江盗贼徐","1","3","4"
"江盗贼徐凤","1","3","4"
"假司马班超","2","2","4"
"大家的意见","0","4","4"
"百姓安居乐","0","4","4"
"姓安居乐业","0","4","4"
"作为自己的","0","4","4"
"得到皇上的","0","4","4"
"流行这样一","0","4","4"
"行这样一句","0","4","4"
"这样一句话","0","4","4"
"的典章制度","0","4","4"
"因父亲的关","0","4","4"
"父亲的关系","0","4","4"
"皇帝采纳了","0","4","4"
"到自己的封","0","4","4"
"等到王莽篡","0","4","4"
"光武帝亲自","0","4","4"
"他哥哥的儿","0","4","4"
"府都征召他","0","4","4"
"征召为尚书","0","4","4"
"中常侍张让","0","4","4"
"派遣使者迎","0","4","4"
"为凉州刺史","0","4","4"
"病请求退休","0","4","4"
"为颍川太守","0","4","4"
"书请求退职","0","4","4"
"征召到京师","0","4","4"
"官吏百姓都","0","4","4"
"邓太后诏令","0","4","4"
"尚书令以下","0","4","4"
"太后临朝听","0","4","4"
"后临朝听政","0","4","4"
"于是上疏道","0","4","4"
"将军窦宪出","0","4","4"
"南阳郡宛县","0","4","4"
"阳郡宛县人","0","4","4"
"使者持符节","0","4","4"
"与骠骑大将","0","4","4"
"建武十二年","0","4","4"
"建武十九年","0","4","4"
"他们的妻子","0","4","4"
"公卿以下官","0","4","4"
"平原王刘胜","0","4","4"
"自公卿以下","0","4","4"
"并州牧董卓","0","4","4"
"左右的人说","0","4","4"
"三月三十日","0","4","4"
"了司隶校尉","0","4","4"
"河间孝王刘","0","4","4"
"间孝王刘开","0","4","4"
"十五年逝世","0","4","4"
"蠡吾侯刘翼","0","4","4"
"没有不叹息","0","4","4"
"认为自己的","0","4","4"
"上表推荐他","0","4","4"
"死在官位上","0","4","4"
"为五官中郎","0","4","4"
"经过的地方","0","4","4"
"建武初年做","0","4","4"
"被举荐为孝","0","4","4"
"奴派使者进","0","4","4"
"不可能得到","0","4","4"
"兖州刺史刘","0","4","4"
"讨伐董卓的","0","4","4"
"并了他的部","0","4","4"
"一定要发生","0","4","4"
"反叛的羌人","0","4","4"
"少时死了父","0","4","4"
"派车骑将军","0","4","4"
"不知是什么","0","4","4"
"如果不是这","0","4","4"
"果不是这样","0","4","4"
"是刘氏宗室","0","4","4"
"这是袁绍第","0","4","4"
"率领部众到","0","4","4"
"祭祀孔子及","0","4","4"
"祀孔子及七","0","4","4"
"十岁以上的","0","4","4"
"难道不是对","0","4","4"
"被封为列侯","0","4","4"
"为骁骑将军","0","4","4"
"作为部族称","0","4","4"
"为部族称号","0","4","4"
"部族的羌人","0","4","4"
"领护羌校尉","0","4","4"
"到朝廷进贡","0","4","4"
"领各郡的部","0","4","4"
"还没有来得","0","4","4"
"解除枷锁的","0","4","4"
"的部族首领","0","4","4"
"多个邑落的","0","4","4"
"个邑落的部","0","4","4"
"邑落的部众","0","4","4"
"不知怎么办","0","4","4"
"以前周文王","0","4","4"
"公孙述投降","0","4","4"
"百姓流离失","0","4","4"
"十一月初二","0","4","4"
"夫余王派使","0","4","4"
"余王派使者","0","4","4"
"派使者来朝","0","4","4"
"任命班超为","0","4","4"
"上书给皇帝","0","4","4"
"任命董卓为","0","4","4"
"讨伐先零羌","0","4","4"
"尉马日石单","0","4","4"
"家属流放到","0","4","4"
"二月十六日","0","4","4"
"任太中大夫","0","4","4"
"不知怎样才","0","4","4"
"五月十九日","0","4","4"
"十二月三十","0","4","4"
"派大司马吴","0","4","4"
"光武帝行进","0","4","4"
"武帝行进到","0","4","4"
"十一月初一","0","4","4"
"武帝下诏说","0","4","4"
"夏四月初八","0","4","4"
"光武帝到长","0","4","4"
"武帝到长安","0","4","4"
"五月二十一","0","4","4"
"长安回洛阳","0","4","4"
"二月二十七","0","4","4"
"光武帝派中","0","4","4"
"武帝派中郎","0","4","4"
"二月十七日","0","4","4"
"夏四月十九","0","4","4"
"败公孙述将","0","4","4"
"八月二十五","0","4","4"
"没有判决的","0","4","4"
"三月十二日","0","4","4"
"五月三十日","0","4","4"
"匈奴革建日","0","4","4"
"奴革建日逐","0","4","4"
"建日逐王比","0","4","4"
"东海王刘强","0","4","4"
"有彗星出现","0","4","4"
"夏四月初五","0","4","4"
"尊皇后为皇","0","4","4"
"太后诏令说","0","4","4"
"冬十月十二","0","4","4"
"十月十二日","0","4","4"
"得不能活下","0","4","4"
"帝自长安回","0","4","4"
"七月二十三","0","4","4"
"十一月初六","0","4","4"
"讨伐烧当羌","0","4","4"
"不能活命的","0","4","4"
"任城王刘尚","0","4","4"
"冬十月初五","0","4","4"
"各分别不等","0","4","4"
"之士各一人","0","4","4"
"或同母兄弟","0","4","4"
"兄弟的儿子","0","4","4"
"十一月初九","0","4","4"
"尉马贤讨伐","0","4","4"
"封河间王刘","0","4","4"
"陵园寝起火","0","4","4"
"七岁以上每","0","4","4"
"岁以上每人","0","4","4"
"帛分别不等","0","4","4"
"废皇太子刘","0","4","4"
"的人各一个","0","4","4"
"一月二十日","0","4","4"
"冬十一月二","0","4","4"
"诏令司隶校","0","4","4"
"年春三月初","0","4","4"
"武陵蛮叛乱","0","4","4"
"十二月初四","0","4","4"
"羌寇掠三辅","0","4","4"
"羌寇掠武威","0","4","4"
"春正月初三","0","4","4"
"命令天下在","0","4","4"
"鲜卑寇掠幽","0","4","4"
"九月十二日","0","4","4"
"冬十月初三","0","4","4"
"北乡侯刘懿","0","4","4"
"明帝下诏说","0","4","4"
"至髡钳城旦","0","4","4"
"完城旦至司","0","4","4"
"城旦至司寇","0","4","4"
"春二月初一","0","4","4"
"迁冀州刺史","3","0","3"
"书仆射虞诩","2","1","3"
"故京师语曰","3","0","3"
"惟陛下留神","3","0","3"
"任太子舍人","1","2","3"
"光禄大夫樊","2","1","3"
"正梁丘赐战","2","1","3"
"斩首溺死者","3","0","3"
"帝时举孝廉","2","1","3"
"称厌新将军","1","2","3"
"者二千余人","3","0","3"
"迁豫章太守","2","1","3"
"董卓入洛阳","2","1","3"
"公卿举贤良","2","1","3"
"卿举贤良方","2","1","3"
"颍川舞阳人","2","1","3"
"者三万余人","2","1","3"
"迁左中郎将","2","1","3"
"诏特赐钱二","1","2","3"
"特赐钱二十","1","2","3"
"耳目所闻见","2","1","3"
"立清河王蒜","2","1","3"
"中常侍一人","2","1","3"
"齐殇王子都","2","1","3"
"殇王子都乡","2","1","3"
"王子都乡侯","2","1","3"
"高第侍御史","3","0","3"
"宪车骑将军","3","0","3"
"率征虏将军","2","1","3"
"尚书宗广持","2","1","3"
"行执金吾事","2","1","3"
"率捕虏将军","2","1","3"
"东平王等谋","1","2","3"
"平王等谋反","1","2","3"
"世祖讨河北","3","0","3"
"行大司空事","3","0","3"
"司马吴汉薨","3","0","3"
"死者千余人","3","0","3"
"顾老母幼弟","1","2","3"
"第五伦司空","3","0","3"
"奉檄迎督邮","2","1","3"
"外黄令梁配","1","2","3"
"召州牧董卓","3","0","3"
"卓迁都长安","2","1","3"
"太傅马日磾","3","0","3"
"大将军远征","1","2","3"
"颍川颍阴人","2","1","3"
"操东击陶谦","2","1","3"
"尚书令荀彧","2","1","3"
"公卿大夫多","1","2","3"
"令韩歆上疏","2","1","3"
"太史公违戾","2","1","3"
"永元十三年","1","2","3"
"兄虎贲中郎","1","2","3"
"清河孝王庆","3","0","3"
"济北惠王寿","3","0","3"
"立二十八年","1","2","3"
"帝弟蠡吾侯","2","1","3"
"隶校尉段颎","3","0","3"
"年立皇太子","3","0","3"
"诸王羽林骑","1","2","3"
"追赠敬隐后","1","2","3"
"赠敬隐后女","1","2","3"
"敬隐后女弟","1","2","3"
"隐后女弟小","1","2","3"
"后女弟小贵","1","2","3"
"女弟小贵人","1","2","3"
"弟小贵人印","1","2","3"
"小贵人印绶","1","2","3"
"太尉李固等","2","1","3"
"司徒持节奉","2","1","3"
"徒持节奉策","2","1","3"
"中常侍持节","2","1","3"
"河间王开子","3","0","3"
"太尉李固上","1","2","3"
"州兵朱盖等","2","1","3"
"后家犯恶逆","2","1","3"
"齐襄王法章","1","2","3"
"史中丞冯绲","1","2","3"
"中丞冯绲将","1","2","3"
"丞冯绲将兵","1","2","3"
"冯绲将兵督","1","2","3"
"中郎将赵序","2","1","3"
"中郎将滕抚","1","2","3"
"斩首四千余","2","1","3"
"首四千余级","2","1","3"
"史中丞盛修","2","1","3"
"胡兰等三千","1","2","3"
"特制马车数","1","2","3"
"制马车数十","1","2","3"
"迁城门校尉","3","0","3"
"后将军袁隗","2","1","3"
"太山太守应","2","1","3"
"隶校尉举奏","2","1","3"
"后兄车骑将","2","1","3"
"入授皇太子","3","0","3"
"执金吾窦景","1","2","3"
"五迁尚书令","2","1","3"
"孙坚杀荆州","2","1","3"
"坚杀荆州刺","2","1","3"
"杀荆州刺史","2","1","3"
"置西园八校","2","1","3"
"西园八校尉","2","1","3"
"绍勃海太守","2","1","3"
"兗州刺史刘","3","0","3"
"陈留太守张","1","2","3"
"留太守张邈","1","2","3"
"陵太守张超","1","2","3"
"东郡太守桥","1","2","3"
"忠臣肝脑涂","2","1","3"
"臣肝脑涂地","2","1","3"
"朝歌长时杀","1","2","3"
"歌长时杀贼","1","2","3"
"长时杀贼数","1","2","3"
"时杀贼数百","1","2","3"
"率丹阳太守","2","1","3"
"入霸陵山中","2","1","3"
"时年七十余","2","1","3"
"徒数百千人","2","1","3"
"黄巾三十万","2","1","3"
"五服五章哉","2","1","3"
"驳议三十篇","2","1","3"
"迁太山太守","3","0","3"
"南阳湖阳人","2","1","3"
"军盖延等讨","1","2","3"
"光武大司马","3","0","3"
"王子经侯理","2","1","3"
"历阳贼华孟","2","1","3"
"四姓小侯开","2","1","3"
"必能叨天业","2","1","3"
"汝南南顿人","2","1","3"
"杀伤数十人","2","1","3"
"三万人追击","1","2","3"
"教授数百人","3","0","3"
"昔孝武皇帝","3","0","3"
"孔子七十二","3","0","3"
"子七十二弟","3","0","3"
"舞阴王李轶","2","1","3"
"中郎将窦固","2","1","3"
"杀汉中太守","2","1","3"
"汉中太守董","2","1","3"
"诸郡兵讨破","3","0","3"
"首四百余级","3","0","3"
"任尚遣兵击","3","0","3"
"尚遣兵击破","3","0","3"
"遣兵击破先","3","0","3"
"兵击破先零","3","0","3"
"步骑三千人","2","1","3"
"诣凉州刺史","3","0","3"
"置陇西南部","2","1","3"
"羌攻破屯官","2","1","3"
"斩首六百余","2","1","3"
"首六百余级","2","1","3"
"将左右羽林","3","0","3"
"河西四郡兵","2","1","3"
"寇广汉属国","3","0","3"
"州刺史率板","3","0","3"
"将皇甫规击","2","1","3"
"灵帝建宁三","1","2","3"
"帝建宁三年","1","2","3"
"胡北宫伯玉","2","1","3"
"宫伯玉等反","2","1","3"
"外白马羌豪","2","1","3"
"广汉塞外参","2","1","3"
"汉塞外参狼","2","1","3"
"杀护羌校尉","2","1","3"
"面目见天下","1","2","3"
"后父大将军","3","0","3"
"大夫马日磾","3","0","3"
"少府孔融上","1","2","3"
"府孔融上书","1","2","3"
"率扬武将军","2","1","3"
"率平狄将军","2","1","3"
"杀楚郡太守","2","1","3"
"公孙述将田","2","1","3"
"孙述将田戎","2","1","3"
"公孙述将延","2","1","3"
"孙述将延岑","2","1","3"
"遣伏波将军","3","0","3"
"南匈奴骨都","2","1","3"
"匈奴骨都侯","2","1","3"
"骑将军何熙","2","1","3"
"匈奴左部句","2","1","3"
"奴左部句龙","2","1","3"
"建安十二年","1","2","3"
"鲜卑寇幽州","3","0","3"
"安帝永初中","2","1","3"
"太守成严击","2","1","3"
"鲜卑围乌桓","2","1","3"
"卑围乌桓校","2","1","3"
"围乌桓校尉","2","1","3"
"守李超战死","1","2","3"
"寇辽东属国","3","0","3"
"南阳蔡阳人","2","1","3"
"将军盖延围","2","1","3"
"王莽天凤中","2","1","3"
"杀淮阳太守","2","1","3"
"军庞萌反叛","1","2","3"
"琅邪太守陈","3","0","3"
"邪太守陈俊","3","0","3"
"遣扬武将军","2","1","3"
"赐号大将军","1","2","3"
"将二万余人","3","0","3"
"将军邓隆救","2","1","3"
"后世圣人易","2","1","3"
"时大将军梁","1","2","3"
"立精舍讲授","2","1","3"
"千石奉终身","3","0","3"
"教授常数百","3","0","3"
"德行恂恂召","1","2","3"
"行恂恂召伯","1","2","3"
"恂恂召伯春","1","2","3"
"河南荥阳人","2","1","3"
"时尚书令韩","1","2","3"
"皇太子诸王","2","1","3"
"赤眉西入关","2","1","3"
"盖延围刘永","2","1","3"
"大夫伏隆持","2","1","3"
"围度辽将军","2","1","3"
"试明经下第","2","1","3"
"除郡国耆儒","2","1","3"
"永平十一年","1","2","3"
"武帝灭朝鲜","3","0","3"
"帝元兴元年","1","2","3"
"顺帝阳嘉元","1","2","3"
"帝阳嘉元年","1","2","3"
"置玄菟郡屯","2","1","3"
"玄菟郡屯田","2","1","3"
"菟郡屯田六","2","1","3"
"郡屯田六部","2","1","3"
"武中元二年","1","2","3"
"阳太守成瑨","3","0","3"
"天下士大夫","2","1","3"
"南阳安众人","2","1","3"
"前太尉刘宠","1","2","3"
"公卿郡国举","2","1","3"
"属三十六人","1","2","3"
"煌郡营兵三","2","1","3"
"郡营兵三百","2","1","3"
"子诣阙贡献","3","0","3"
"攻都护任尚","2","1","3"
"马防车骑将","2","1","3"
"防车骑将军","2","1","3"
"杀凉州刺史","2","1","3"
"郎将袁术烧","2","1","3"
"乘金华青盖","2","1","3"
"御史裴茂讯","2","1","3"
"州刺史种劭","2","1","3"
"声校尉沮俊","2","1","3"
"中常侍徐璜","1","2","3"
"六月二十八","1","2","3"
"孝文皇帝制","2","1","3"
"太尉马日磾","3","0","3"
"左右将军官","2","1","3"
"颍川盗贼群","1","2","3"
"书令左雄议","2","1","3"
"限年四十上","3","0","3"
"太守刘质","3","0","3"
"阳太守成王","1","2","3"
"太守成王晋","1","2","3"
"时年二十八","1","2","3"
"侍御史持节","2","1","3"
"吴汉率二将","2","1","3"
"汉率二将军","2","1","3"
"率四将军讨","2","1","3"
"击卢芳将贾","3","0","3"
"百僚上封事","3","0","3"
"十一月丁卯","2","1","3"
"十二月壬辰","2","1","3"
"十一月乙丑","3","0","3"
"夏四月丁卯","3","0","3"
"冬十月壬午","2","1","3"
"一切免庶人","3","0","3"
"十二月甲寅","3","0","3"
"国遣使奉献","3","0","3"
"太常择吉日","2","1","3"
"冬十一月甲","3","0","3"
"春正月庚子","3","0","3"
"年春二月戊","3","0","3"
"年田租刍稿","2","1","3"
"王遣使奉献","3","0","3"
"死罪系囚皆","3","0","3"
"元元年春正","2","1","3"
"皇太后诏曰","3","0","3"
"匈奴遣使称","3","0","3"
"奴遣使称臣","3","0","3"
"皇帝加元服","3","0","3"
"京师奉朝请","1","2","3"
"所过二千石","2","1","3"
"过二千石长","2","1","3"
"十一月癸卯","3","0","3"
"烧羌寇金城","3","0","3"
"相举贤良方","2","1","3"
"收洛阳令下","2","1","3"
"车师后王叛","2","1","3"
"击车师后王","2","1","3"
"秋七月己巳","3","0","3"
"象林蛮夷反","1","2","3"
"春正月己卯","3","0","3"
"十一月己丑","2","1","3"
"春正月辛卯","2","1","3"
"服御珍膳靡","2","1","3"
"御珍膳靡丽","2","1","3"
"珍膳靡丽难","2","1","3"
"膳靡丽难成","2","1","3"
"部属国都尉","3","0","3"
"死罪下亡命","3","0","3"
"夏四月甲寅","3","0","3"
"京师郡国四","3","0","3"
"师郡国四十","3","0","3"
"冬十月庚寅","2","1","3"
"郡国九地震","2","1","3"
"武陵蛮复叛","3","0","3"
"军邓遵率南","2","1","3"
"冬十月己巳","2","1","3"
"夫馀王遣子","3","0","3"
"京师郡国十","3","0","3"
"将军耿夔讨","2","1","3"
"年七岁上钱","3","0","3"
"年春二月丙","3","0","3"
"南徼外蛮夷","3","0","3"
"日南徼外蛮","3","0","3"
"中牢祠萧何","3","0","3"
"年春正月壬","3","0","3"
"乳母野王君","1","2","3"
"盖车迎帝入","2","1","3"
"车迎帝入南","2","1","3"
"迎帝入南宫","2","1","3"
"直言极谏者","3","0","3"
"皇太后梁氏","1","2","3"
"十一月辛巳","3","0","3"
"右北平太守","2","1","3"
"诏司隶校尉","3","0","3"
"校尉段颎追","3","0","3"
"尉段颎追击","3","0","3"
"中郎将邓会","1","2","3"
"康元年春正","1","2","3"
"先零羌寇三","3","0","3"
"零羌寇三辅","3","0","3"
"郡国七大水","3","0","3"
"骑将军董重","1","2","3"
"后将军袁术","1","2","3"
"改葬文昭陵","2","1","3"
"一斛五十万","2","1","3"
"秋七月甲子","2","1","3"
"永建元年春","1","2","3"
"鲜卑寇代郡","3","0","3"
"夏四月甲子","3","0","3"
"夏四月庚子","2","1","3"
"帝崩玉堂前","3","0","3"
"崩玉堂前殿","3","0","3"
"先帝受命中","2","1","3"
"帝受命中兴","2","1","3"
"流人名数欲","3","0","3"
"人名数欲占","3","0","3"
"祠东海恭王","3","0","3"
"置西域都护","2","1","3"
"废皇后郭氏","2","1","3"
"司奏立长秋","3","0","3"
"身长七尺二","1","2","3"
"贵人王赤绶","2","1","3"
"顺烈梁皇后","1","2","3"
"渤海孝王妃","1","2","3"
"选入掖庭贵","3","0","3"
"太后兄大将","1","2","3"
"食邑五百户","1","2","3"
"征西将军耿","1","2","3"
"西将军耿秉","1","2","3"
"死罪入缣二","1","2","3"
"罪入缣二十","1","2","3"
"入缣二十匹","1","2","3"
"兵攻拔邯郸","1","2","3"
"春二月乙巳","3","0","3"
"十二月戊戌","2","1","3"
"光烈阴皇后","1","2","3"
"安帝废太子","1","2","3"
"年春二月丁","2","1","3"
"窦宪大将军","1","2","3"
"章德窦皇后","1","2","3"
"安思阎皇后","1","2","3"
"懿献梁皇后","1","2","3"
"孝仁董皇后","1","2","3"
"司马班超击","2","1","3"
"各人有各人","0","3","3"
"时朝廷下诏","0","3","3"
"他们全部消","0","3","3"
"们全部消灭","0","3","3"
"忘记了自己","0","3","3"
"怎么能这样","0","3","3"
"肇为皇太子","0","3","3"
"皇帝听从了","0","3","3"
"天下幸运得","0","3","3"
"下幸运得很","0","3","3"
"升冀州刺史","0","3","3"
"在什么地方","0","3","3"
"汝南郡汝阳","0","3","3"
"南郡汝阳县","0","3","3"
"郡汝阳县人","0","3","3"
"第二年正月","0","3","3"
"也不能超过","0","3","3"
"后来被举为","0","3","3"
"五常的教化","0","3","3"
"所以古时候","0","3","3"
"有什么用呢","0","3","3"
"听说有什么","0","3","3"
"任蜀郡太守","0","3","3"
"灾异发生的","0","3","3"
"异发生的原","0","3","3"
"发生的原因","0","3","3"
"授光禄大夫","0","3","3"
"举他为孝廉","0","3","3"
"如果一定要","0","3","3"
"升为尚书仆","0","3","3"
"不是偶然的","0","3","3"
"贪污受贿的","0","3","3"
"贤明的君主","0","3","3"
"不同的地方","0","3","3"
"为弘农太守","0","3","3"
"十九年去世","0","3","3"
"更始失败后","0","3","3"
"自己的封地","0","3","3"
"光武帝的族","0","3","3"
"为荆州刺史","0","3","3"
"帝迁都许昌","0","3","3"
"任南阳太守","0","3","3"
"升为桂阳太","0","3","3"
"为桂阳太守","0","3","3"
"有才能的人","0","3","3"
"他的妻子儿","0","3","3"
"都封为列侯","0","3","3"
"奏章送上去","0","3","3"
"担任侍御史","0","3","3"
"有可取之处","0","3","3"
"任豫州刺史","0","3","3"
"恢复他们的","0","3","3"
"朝廷征召他","0","3","3"
"的规章制度","0","3","3"
"黄琼为司空","0","3","3"
"到光武即位","0","3","3"
"建武二十八","0","3","3"
"武二十八年","0","3","3"
"高尚的德行","0","3","3"
"与大将军窦","0","3","3"
"我听老师说","0","3","3"
"五府都征召","0","3","3"
"为镇东将军","0","3","3"
"不能满足他","0","3","3"
"能满足他的","0","3","3"
"游手好闲的","0","3","3"
"征召司徒府","0","3","3"
"他结为朋友","0","3","3"
"不是一般的","0","3","3"
"派使者吊祭","0","3","3"
"他们的权势","0","3","3"
"后来大司徒","0","3","3"
"军东平王刘","0","3","3"
"后因事免职","0","3","3"
"弟子自远方","0","3","3"
"子自远方来","0","3","3"
"因年老多病","0","3","3"
"我听说贤明","0","3","3"
"有什么区别","0","3","3"
"拜为侍御史","0","3","3"
"诏令公卿以","0","3","3"
"令公卿以下","0","3","3"
"书令以下都","0","3","3"
"建武年间做","0","3","3"
"以特殊礼节","0","3","3"
"想有所作为","0","3","3"
"子都乡侯刘","0","3","3"
"为汝南太守","0","3","3"
"不敢再说了","0","3","3"
"代理大司马","0","3","3"
"与大司马吴","0","3","3"
"派遣使者持","0","3","3"
"建武五年春","0","3","3"
"卢芳将尹由","0","3","3"
"卢芳将领贾","0","3","3"
"芳将领贾览","0","3","3"
"多次侵犯边","0","3","3"
"世祖讨伐河","0","3","3"
"祖讨伐河北","0","3","3"
"建武六年春","0","3","3"
"代理大司空","0","3","3"
"呈上大将军","0","3","3"
"常跟从征伐","0","3","3"
"与征南大将","0","3","3"
"与建威大将","0","3","3"
"时事的变化","0","3","3"
"们的妻子儿","0","3","3"
"十多年没有","0","3","3"
"及妻子儿女","0","3","3"
"采纳了他的","0","3","3"
"是为了国家","0","3","3"
"都佩服他的","0","3","3"
"以下的官吏","0","3","3"
"召并州牧董","0","3","3"
"所以他们的","0","3","3"
"事情泄漏出","0","3","3"
"是怎样一个","0","3","3"
"怎样一个人","0","3","3"
"国家的危难","0","3","3"
"太傅马日石","0","3","3"
"傅马日石单","0","3","3"
"自己的责任","0","3","3"
"小国的臣子","0","3","3"
"也没有什么","0","3","3"
"妻子儿女都","0","3","3"
"最大的愿望","0","3","3"
"犹豫不决的","0","3","3"
"有什么好处","0","3","3"
"就来不及了","0","3","3"
"了他的意见","0","3","3"
"把皇帝迁到","0","3","3"
"与诸将商议","0","3","3"
"三分天下有","0","3","3"
"分天下有其","0","3","3"
"天下有其二","0","3","3"
"不可不谨慎","0","3","3"
"老百姓怎能","0","3","3"
"当时尚书令","0","3","3"
"传父亲的学","0","3","3"
"孝宣皇帝在","0","3","3"
"是什么原故","0","3","3"
"从前周武王","0","3","3"
"没有什么遗","0","3","3"
"清河孝王刘","0","3","3"
"河孝王刘庆","0","3","3"
"济北惠王刘","0","3","3"
"北惠王刘寿","0","3","3"
"立十五年逝","0","3","3"
"隶校尉段赹","0","3","3"
"年立为皇太","0","3","3"
"左右的侍从","0","3","3"
"把他们杀了","0","3","3"
"是永元二年","0","3","3"
"刘翼为平原","0","3","3"
"翼为平原王","0","3","3"
"为慎园贵人","0","3","3"
"间王刘开子","0","3","3"
"年轻时游学","0","3","3"
"太子为济阴","0","3","3"
"子为济阴王","0","3","3"
"朝廷派使者","0","3","3"
"帝没有采纳","0","3","3"
"为广陵太守","0","3","3"
"他们的首领","0","3","3"
"有知人之明","0","3","3"
"自己的职责","0","3","3"
"感到很惭愧","0","3","3"
"宣扬国家的","0","3","3"
"为度辽将军","0","3","3"
"远近都知道","0","3","3"
"年轻时就有","0","3","3"
"有什么面目","0","3","3"
"什么面目见","0","3","3"
"战于长平观","0","3","3"
"升魏郡太守","0","3","3"
"任永乐少府","0","3","3"
"于是暗暗地","0","3","3"
"国家的栋梁","0","3","3"
"把他们打退","0","3","3"
"督促州郡兵","0","3","3"
"可以不战而","0","3","3"
"百姓得到安","0","3","3"
"朝廷派御史","0","3","3"
"廷派御史中","0","3","3"
"守邓显讨伐","0","3","3"
"朝廷于是派","0","3","3"
"杀了他们的","0","3","3"
"他们的头目","0","3","3"
"内得以安宁","0","3","3"
"皇上的旨意","0","3","3"
"太尉张酉甫","0","3","3"
"有德行的人","0","3","3"
"所经过的地","0","3","3"
"肃宗下诏书","0","3","3"
"于万里之外","0","3","3"
"袁安与任隗","0","3","3"
"的有十多万","0","3","3"
"仗恃自己的","0","3","3"
"过了几个月","0","3","3"
"为魏郡太守","0","3","3"
"皇帝下诏书","0","3","3"
"最好的办法","0","3","3"
"派儿子入侍","0","3","3"
"废立皇帝的","0","3","3"
"信给公孙瓒","0","3","3"
"比起袁绍来","0","3","3"
"能开硬弓的","0","3","3"
"打败了公孙","0","3","3"
"败了公孙瓒","0","3","3"
"公孙瓒于是","0","3","3"
"当时的人都","0","3","3"
"为并州刺史","0","3","3"
"对国家有利","0","3","3"
"造成的灾难","0","3","3"
"这是最好的","0","3","3"
"袁绍攻打公","0","3","3"
"绍攻打公孙","0","3","3"
"就可以平定","0","3","3"
"听说贤明的","0","3","3"
"千步兵和骑","0","3","3"
"了护羌校尉","0","3","3"
"什么也没得","0","3","3"
"为什么这样","0","3","3"
"我听说古时","0","3","3"
"征拜为议郎","0","3","3"
"少年时好学","0","3","3"
"这时大将军","0","3","3"
"于是上书说","0","3","3"
"伯升为大司","0","3","3"
"升为大司徒","0","3","3"
"为长乐卫尉","0","3","3"
"以列侯奉朝","0","3","3"
"光武为大司","0","3","3"
"武为大司马","0","3","3"
"黄琼为太尉","0","3","3"
"王莽篡位后","0","3","3"
"不是很好吗","0","3","3"
"没发生战事","0","3","3"
"时长安城中","0","3","3"
"不是刘氏宗","0","3","3"
"任命吕布为","0","3","3"
"袁术派将领","0","3","3"
"率领一千多","0","3","3"
"没有听说过","0","3","3"
"郡里举他为","0","3","3"
"政治的得失","0","3","3"
"三家都立博","0","3","3"
"家都立博士","0","3","3"
"从前孝武皇","0","3","3"
"前孝武皇帝","0","3","3"
"有什么过失","0","3","3"
"被他的部将","0","3","3"
"派遣将领攻","0","3","3"
"为天下第一","0","3","3"
"还没有平定","0","3","3"
"为代郡太守","0","3","3"
"人率领军队","0","3","3"
"派军队攻打","0","3","3"
"秦国攻打义","0","3","3"
"国攻打义渠","0","3","3"
"到什么地方","0","3","3"
"杀了一千多","0","3","3"
"了一千多人","0","3","3"
"击败了羌人","0","3","3"
"与其他部族","0","3","3"
"朝廷派中郎","0","3","3"
"廷派中郎将","0","3","3"
"打败了羌人","0","3","3"
"朝廷派谒者","0","3","3"
"率领本部族","0","3","3"
"杀了几百人","0","3","3"
"的军营驻守","0","3","3"
"率领各郡的","0","3","3"
"被朝廷用囚","0","3","3"
"朝廷用囚车","0","3","3"
"廷用囚车征","0","3","3"
"用囚车征召","0","3","3"
"的官吏百姓","0","3","3"
"率领七千多","0","3","3"
"有二十多万","0","3","3"
"不同数目的","0","3","3"
"光元年春天","0","3","3"
"回到原来的","0","3","3"
"三千多骑兵","0","3","3"
"率领左右羽","0","3","3"
"领左右羽林","0","3","3"
"左右羽林军","0","3","3"
"州刺史率领","0","3","3"
"刺史率领板","0","3","3"
"没发生什么","0","3","3"
"发生什么事","0","3","3"
"率领同部族","0","3","3"
"的彩色丝帛","0","3","3"
"与他交为朋","0","3","3"
"他交为朋友","0","3","3"
"就是这样的","0","3","3"
"令左右的人","0","3","3"
"大夫马日石","0","3","3"
"夫马日石单","0","3","3"
"门迎接汉兵","0","3","3"
"除枷锁的刑","0","3","3"
"枷锁的刑徒","0","3","3"
"公孙述派遣","0","3","3"
"王莽篡位时","0","3","3"
"派伏波将军","0","3","3"
"军马援率领","0","3","3"
"以及南匈奴","0","3","3"
"千寻迹而射","0","3","3"
"千多个邑落","0","3","3"
"鲜卑部族首","0","3","3"
"卑部族首领","0","3","3"
"率领部族到","0","3","3"
"东的鲜卑人","0","3","3"
"檀石槐于是","0","3","3"
"十多个城邑","0","3","3"
"多个城邑为","0","3","3"
"为九江太守","0","3","3"
"人敬重他的","0","3","3"
"说话结结巴","0","3","3"
"话结结巴巴","0","3","3"
"知怎么办才","0","3","3"
"怎么办才好","0","3","3"
"为御史大夫","0","3","3"
"派遣使者向","0","3","3"
"帝的儿子刘","0","3","3"
"的儿子刘子","0","3","3"
"儿子刘子舆","0","3","3"
"张步为齐王","0","3","3"
"建武四年秋","0","3","3"
"琅笽太守陈","0","3","3"
"笽太守陈俊","0","3","3"
"后来王莽篡","0","3","3"
"来王莽篡位","0","3","3"
"二千石以下","0","3","3"
"这难道不是","0","3","3"
"治理国家的","0","3","3"
"教授皇太子","0","3","3"
"听了他的话","0","3","3"
"授生徒经常","0","3","3"
"经常有几百","0","3","3"
"常有几百人","0","3","3"
"所到的地方","0","3","3"
"千石的俸禄","0","3","3"
"皇帝的车驾","0","3","3"
"及光武于广","0","3","3"
"光武于广阿","0","3","3"
"大夫持符节","0","3","3"
"姓流离失所","0","3","3"
"在匈奴使者","0","3","3"
"帮助我的不","0","3","3"
"章帝下诏说","0","3","3"
"上当地户籍","0","3","3"
"同胞兄弟想","0","3","3"
"章帝回到洛","0","3","3"
"夫余王派儿","0","3","3"
"余王派儿子","0","3","3"
"常侍侯览的","0","3","3"
"为冀州刺史","0","3","3"
"了这个情况","0","3","3"
"是什么原因","0","3","3"
"没有不流泪","0","3","3"
"了车骑将军","0","3","3"
"国的历史叫","0","3","3"
"匈奴使者来","0","3","3"
"匈奴使者的","0","3","3"
"到班超那里","0","3","3"
"于是上书给","0","3","3"
"是上书给皇","0","3","3"
"月氏副王谢","0","3","3"
"到现在已经","0","3","3"
"派谒者仆射","0","3","3"
"卿以下官员","0","3","3"
"年推举一人","0","3","3"
"太尉马日石","0","3","3"
"邯郸派来的","0","3","3"
"郸派来的使","0","3","3"
"四十岁以上","0","3","3"
"太守刘王质","0","3","3"
"贵人为皇后","0","3","3"
"窦氏为皇后","0","3","3"
"属流放到比","0","3","3"
"流放到比景","0","3","3"
"光武帝到怀","0","3","3"
"武帝到怀县","0","3","3"
"军岑彭率领","0","3","3"
"率领三将军","0","3","3"
"夏四月初七","0","3","3"
"率领四将军","0","3","3"
"冬十月初七","0","3","3"
"一月十九日","0","3","3"
"迫使其投降","0","3","3"
"二将军讨伐","0","3","3"
"免除济阳县","0","3","3"
"帝从长安回","0","3","3"
"从长安回洛","0","3","3"
"斩首以下的","0","3","3"
"命令司隶校","0","3","3"
"在高柳攻打","0","3","3"
"光武帝亲征","0","3","3"
"派虎牙大将","0","3","3"
"十月二十二","0","3","3"
"王派使者进","0","3","3"
"打败公孙述","0","3","3"
"秋八月二十","0","3","3"
"讨伐公孙述","0","3","3"
"并把他杀掉","0","3","3"
"夏四月初二","0","3","3"
"右翊公刘辅","0","3","3"
"四月二十五","0","3","3"
"夏四月初三","0","3","3"
"光武帝东巡","0","3","3"
"武帝东巡视","0","3","3"
"派儿子入朝","0","3","3"
"派谒者分别","0","3","3"
"五月十一日","0","3","3"
"穷得无法生","0","3","3"
"得无法生存","0","3","3"
"无法生存的","0","3","3"
"北海王刘兴","0","3","3"
"皇太后诏令","0","3","3"
"冬十月十七","0","3","3"
"十月十七日","0","3","3"
"讨伐北匈奴","0","3","3"
"国派使者献","0","3","3"
"三月十八日","0","3","3"
"秋七月十一","0","3","3"
"七月二十二","0","3","3"
"阜陵王刘延","0","3","3"
"淮阳王刘日","0","3","3"
"阳王刘日丙","0","3","3"
"北海王刘睦","0","3","3"
"六月十二日","0","3","3"
"皇帝加冠于","0","3","3"
"比阳公主为","0","3","3"
"钱帛各不等","0","3","3"
"都监死狱中","0","3","3"
"八月十五日","0","3","3"
"赏赐公卿以","0","3","3"
"春正月十一","0","3","3"
"蜀郡边外羌","0","3","3"
"王刘定逝世","0","3","3"
"籍及流民自","0","3","3"
"逃亡的赎罪","0","3","3"
"羌寇掠陇西","0","3","3"
"十二月初五","0","3","3"
"济北王刘寿","0","3","3"
"公卿以下钱","0","3","3"
"二月二十二","0","3","3"
"流民归首的","0","3","3"
"春正月十三","0","3","3"
"正月十三日","0","3","3"
"拜谒光武庙","0","3","3"
"部为属国都","0","3","3"
"为属国都尉","0","3","3"
"死罪以下及","0","3","3"
"罪以下及逃","0","3","3"
"以下及逃亡","0","3","3"
"下及逃亡的","0","3","3"
"十二月十八","0","3","3"
"师及郡国四","0","3","3"
"及郡国四十","0","3","3"
"郡兵讨伐打","0","3","3"
"兵讨伐打败","0","3","3"
"以粮食赈济","0","3","3"
"往边远地区","0","3","3"
"子或同母兄","0","3","3"
"同母兄弟的","0","3","3"
"母兄弟的儿","0","3","3"
"正月二十四","0","3","3"
"武陵蛮再度","0","3","3"
"实行三年丧","0","3","3"
"称我的心意","0","3","3"
"每人钱二千","0","3","3"
"师及郡国十","0","3","3"
"春二月十三","0","3","3"
"皇太子刘保","0","3","3"
"秋七月初二","0","3","3"
"贤良方正能","0","3","3"
"八月十八日","0","3","3"
"河间王刘建","0","3","3"
"星出现于东","0","3","3"
"物分别不等","0","3","3"
"为孝崇皇后","0","3","3"
"夏四月初四","0","3","3"
"黄龙出现于","0","3","3"
"正月十四日","0","3","3"
"二月二十六","0","3","3"
"任太常胡广","0","3","3"
"太常胡广为","0","3","3"
"胡广为太尉","0","3","3"
"烧当羌反叛","0","3","3"
"二月十一日","0","3","3"
"零羌寇掠三","0","3","3"
"于紫宫星座","0","3","3"
"马日石单为","0","3","3"
"日石单为太","0","3","3"
"陈留王刘协","0","3","3"
"白波贼寇掠","0","3","3"
"于二十八宿","0","3","3"
"二十八宿之","0","3","3"
"春正月初六","0","3","3"
"四月二十三","0","3","3"
"二月二十四","0","3","3"
"力田每人二","0","3","3"
"田每人二级","0","3","3"
"十一月初四","0","3","3"
"赐男子爵位","0","3","3"
"光武帝建武","0","3","3"
"三月二十九","0","3","3"
"中都官对系","0","3","3"
"都官对系囚","0","3","3"
"十一月十一","0","3","3"
"一月十一日","0","3","3"
"冬十月初二","0","3","3"
"帝在玉堂前","0","3","3"
"在玉堂前殿","0","3","3"
"玉堂前殿逝","0","3","3"
"堂前殿逝世","0","3","3"
"兴云致雨的","0","3","3"
"四月二十四","0","3","3"
"堂祭祀光武","0","3","3"
"北匈奴入寇","0","3","3"
"祭祀东海恭","0","3","3"
"祀东海恭王","0","3","3"
"一律下蚕室","0","3","3"
"脚至髡钳城","0","3","3"
"氵比阳公主","0","3","3"
"皇太子刘庆","0","3","3"
"梁皇后梁女","0","3","3"
"梁太后去世","0","3","3"
"选入掖庭为","0","3","3"
"王刘延谋反","0","3","3"
"沈氐羌寇掠","0","3","3"
"宜擢喉舌官","2","0","2"
"融陈对罪恶","2","0","2"
"稍迁冀州刺","2","0","2"
"耆儒年六十","2","0","2"
"儒年六十上","2","0","2"
"广陵孝廉徐","1","1","2"
"陵孝廉徐淑","1","1","2"
"济阴太守胡","1","1","2"
"阴太守胡广","1","1","2"
"太守胡广等","1","1","2"
"守胡广等十","1","1","2"
"下邳陈球等","1","1","2"
"邳陈球等三","1","1","2"
"陈球等三十","1","1","2"
"球等三十余","1","1","2"
"等三十余人","1","1","2"
"孝安皇帝封","1","1","2"
"安皇帝封江","1","1","2"
"皇帝封江京","1","1","2"
"臣伏见诏书","2","0","2"
"先帝时阿母","1","1","2"
"帝时阿母王","1","1","2"
"时阿母王圣","1","1","2"
"先帝封野王","1","1","2"
"帝封野王君","1","1","2"
"周举字宣光","1","1","2"
"郑武姜谋杀","1","1","2"
"武姜谋杀严","1","1","2"
"姜谋杀严公","1","1","2"
"长乐少府朱","1","1","2"
"乐少府朱伥","1","1","2"
"怀表上殿争","1","1","2"
"表上殿争功","1","1","2"
"仆射黄琼同","1","1","2"
"射黄琼同心","1","1","2"
"黄琼同心辅","1","1","2"
"琼同心辅政","1","1","2"
"坐德阳殿东","1","1","2"
"德阳殿东厢","1","1","2"
"阳殿东厢请","1","1","2"
"殿东厢请雨","1","1","2"
"举才学优深","1","1","2"
"昔武王入殷","2","0","2"
"犹缘木求鱼","2","0","2"
"尚书令成翊","1","1","2"
"书令成翊世","1","1","2"
"公卿大臣数","2","0","2"
"太常桓焉等","1","1","2"
"常桓焉等七","1","1","2"
"桓焉等七十","1","1","2"
"焉等七十人","1","1","2"
"举蜀郡太守","2","0","2"
"六年三月上","1","1","2"
"商大会宾客","1","1","2"
"事中郎周举","1","1","2"
"察强宗大奸","1","1","2"
"徐凤等处处","1","1","2"
"谏议大夫吕","1","1","2"
"议大夫吕勃","1","1","2"
"庶兄僖公代","1","1","2"
"兄僖公代立","1","1","2"
"后光禄大夫","2","0","2"
"举清公亮直","1","1","2"
"故光禄大夫","1","1","2"
"加赐钱十万","1","1","2"
"黄琼字世英","1","1","2"
"江夏安陆人","2","0","2"
"朝廷设坛席","1","1","2"
"琼上疏顺帝","1","1","2"
"使近臣儒者","1","1","2"
"近臣儒者参","1","1","2"
"臣儒者参考","1","1","2"
"儒者参考政","1","1","2"
"者参考政事","1","1","2"
"太中大夫薛","1","1","2"
"中大夫薛包","1","1","2"
"处士巴郡黄","1","1","2"
"士巴郡黄错","1","1","2"
"尚书张盛奏","1","1","2"
"司隶校尉祝","1","1","2"
"隶校尉祝恬","1","1","2"
"太中大夫边","1","1","2"
"中大夫边韶","1","1","2"
"大夫边韶等","1","1","2"
"前白马令李","1","1","2"
"赠车骑将军","1","1","2"
"平林兵王匡","1","1","2"
"引精兵十万","1","1","2"
"精兵十万南","1","1","2"
"兵十万南渡","1","1","2"
"十万南渡黄","1","1","2"
"万南渡黄淳","1","1","2"
"南渡黄淳水","1","1","2"
"下江兵五千","1","1","2"
"兵五千余人","2","0","2"
"溺死者二万","1","1","2"
"者二万余人","2","0","2"
"号柱天大将","1","1","2"
"黄金十万斤","1","1","2"
"将军张拔剑","1","1","2"
"军张拔剑击","1","1","2"
"张拔剑击地","1","1","2"
"司徒刘公一","1","1","2"
"更始取伯升","1","1","2"
"始取伯升宝","1","1","2"
"取伯升宝剑","1","1","2"
"衣御史申屠","1","1","2"
"御史申屠建","1","1","2"
"史申屠建随","1","1","2"
"伯升舅樊宏","1","1","2"
"子章太原王","2","0","2"
"建武二年封","1","1","2"
"南顿君娶同","1","1","2"
"顿君娶同郡","1","1","2"
"君娶同郡樊","1","1","2"
"娶同郡樊重","1","1","2"
"同郡樊重女","1","1","2"
"生三男三女","1","1","2"
"鲁国益东海","2","0","2"
"求减邑内徙","1","1","2"
"元帝初元四","1","1","2"
"帝初元四年","1","1","2"
"弟巨鹿都尉","1","1","2"
"巨鹿都尉回","2","0","2"
"族兄安众侯","1","1","2"
"兄安众侯刘","1","1","2"
"祉娶高陵侯","1","1","2"
"娶高陵侯翟","1","1","2"
"高陵侯翟宣","1","1","2"
"陵侯翟宣女","1","1","2"
"祉兄弟相率","1","1","2"
"将击破刘婴","1","1","2"
"上城阳王玺","1","1","2"
"城阳王玺绶","1","1","2"
"列侯奉先人","1","1","2"
"侯奉先人祭","1","1","2"
"奉先人祭祀","1","1","2"
"终诱杀湖阳","1","1","2"
"诱杀湖阳尉","1","1","2"
"终东奔洛阳","1","1","2"
"冠军县上簿","1","1","2"
"奏五郡太守","1","1","2"
"中郎将朱俊","1","1","2"
"前所假汝南","1","1","2"
"司徒邓禹府","1","1","2"
"龙丘先生躬","1","1","2"
"署议曹祭酒","2","0","2"
"蛮夷夜郎等","1","1","2"
"决曹史杨邑","1","1","2"
"曹史杨邑等","1","1","2"
"阳武令张汜","1","1","2"
"武令张汜上","1","1","2"
"相孙叔敖所","1","1","2"
"时入掖庭贵","2","0","2"
"开阳城门候","1","1","2"
"都尉耿秉北","1","1","2"
"尉耿秉北征","1","1","2"
"耿秉北征匈","1","1","2"
"秉北征匈奴","1","1","2"
"洛阳令王涣","1","1","2"
"守第五伦举","1","1","2"
"征谏议大夫","2","0","2"
"昔东海孝妇","2","0","2"
"刘宠字祖荣","1","1","2"
"悼惠王子孝","1","1","2"
"惠王子孝王","1","1","2"
"王子孝王将","1","1","2"
"子孝王将闾","1","1","2"
"少子封牟平","1","1","2"
"子封牟平侯","1","1","2"
"若邪山谷间","1","1","2"
"显报怨杀人","1","1","2"
"令亲近大将","1","1","2"
"仇览字季智","1","1","2"
"考城令河内","1","1","2"
"城令河内王","1","1","2"
"令河内王涣","1","1","2"
"京师英雄四","1","1","2"
"师英雄四集","1","1","2"
"见喜怒声色","1","1","2"
"童恢字汉宗","1","1","2"
"琅邪姑幕人","2","0","2"
"一虎低头闭","1","1","2"
"虎低头闭目","1","1","2"
"青州举尤异","2","0","2"
"迁丹阳太守","2","0","2"
"世名贤李固","1","1","2"
"诏公卿举贤","1","1","2"
"光禄勋杜乔","1","1","2"
"少府房植举","1","1","2"
"补朗陵侯相","1","1","2"
"颍阴令勃海","1","1","2"
"阴令勃海苑","1","1","2"
"令勃海苑康","1","1","2"
"将军窦武谋","1","1","2"
"太尉杜乔见","1","1","2"
"夫寒热晦明","2","0","2"
"孝道克称火","1","1","2"
"道克称火德","1","1","2"
"丞相翟方进","1","1","2"
"女五六千人","2","0","2"
"季氏八佾舞","1","1","2"
"董仲舒制度","1","1","2"
"卓长史何颙","2","0","2"
"长史何颙等","2","0","2"
"将军曹操府","1","1","2"
"少府孔融侍","1","1","2"
"府孔融侍讲","1","1","2"
"建安十四年","1","1","2"
"韩韶字仲黄","1","1","2"
"钟皓字季明","1","1","2"
"西门亭长陈","1","1","2"
"陈寔字仲弓","1","1","2"
"县令邓邵试","1","1","2"
"郡西门亭长","1","1","2"
"时中常侍侯","2","0","2"
"常侍侯览托","1","1","2"
"侍侯览托太","1","1","2"
"侯览托太守","1","1","2"
"览托太守高","1","1","2"
"托太守高伦","1","1","2"
"郡中士大夫","1","1","2"
"中士大夫送","1","1","2"
"发愤著书数","1","1","2"
"愤著书数万","1","1","2"
"著书数万言","1","1","2"
"欲徙都长安","2","0","2"
"陈先生进退","1","1","2"
"光武特诏御","1","1","2"
"武特诏御史","1","1","2"
"特诏御史中","1","1","2"
"诏御史中丞","1","1","2"
"尚书令会同","1","1","2"
"故京师号曰","2","0","2"
"云阳宣巨公","1","1","2"
"后告归平陵","1","1","2"
"明府位尊德","1","1","2"
"府位尊德重","1","1","2"
"居中东门候","1","1","2"
"中东门候舍","1","1","2"
"舂陵侯敞同","2","0","2"
"陵侯敞同产","2","0","2"
"侯敞同产弟","2","0","2"
"击破六安贼","1","1","2"
"吏人上书请","1","1","2"
"王丹字仲回","1","1","2"
"轻黠游荡废","1","1","2"
"黠游荡废业","1","1","2"
"丹资性方洁","1","1","2"
"河南太守同","1","1","2"
"南太守同郡","1","1","2"
"太守同郡陈","1","1","2"
"守同郡陈遵","1","1","2"
"将军邓禹西","1","1","2"
"军邓禹西征","1","1","2"
"邓禹西征关","1","1","2"
"禹西征关中","1","1","2"
"教授诸生千","2","0","2"
"授诸生千余","2","0","2"
"司徒史鲍恢","1","1","2"
"子孙邑中徭","1","1","2"
"孙邑中徭役","1","1","2"
"公孙弘身服","1","1","2"
"孙弘身服布","1","1","2"
"王良处位优","1","1","2"
"良处位优重","1","1","2"
"氏张竦父子","1","1","2"
"张竦父子喜","1","1","2"
"竦父子喜文","1","1","2"
"父子喜文采","1","1","2"
"杜伯山天子","1","1","2"
"伯山天子所","1","1","2"
"叔齐耻食周","1","1","2"
"齐耻食周粟","1","1","2"
"令刺客杨贤","1","1","2"
"京师士大夫","1","1","2"
"东海卫宏等","1","1","2"
"古者肉刑严","1","1","2"
"朱浮大司空","2","0","2"
"帝亲临丧送","2","0","2"
"亲临丧送葬","2","0","2"
"人所助者信","2","0","2"
"大司马严尤","1","1","2"
"司马严尤请","1","1","2"
"丹独保平氏","1","1","2"
"司马吴汉辟","2","0","2"
"坐考陇西太","2","0","2"
"考陇西太守","2","0","2"
"太守邓融事","1","1","2"
"东平王苍闻","2","0","2"
"平王苍闻辟","2","0","2"
"萧何举韩信","1","1","2"
"阳侯阴就干","1","1","2"
"车府令徐匡","1","1","2"
"府令徐匡钩","1","1","2"
"匡执法守正","1","1","2"
"乡里徐子盛","1","1","2"
"遭天下丧乱","1","1","2"
"大鸿胪魏应","1","1","2"
"鸿胪魏应代","1","1","2"
"前安邑令毛","1","1","2"
"安邑令毛义","1","1","2"
"常八月长吏","2","0","2"
"八月长吏存","2","0","2"
"月长吏存问","2","0","2"
"帝东巡过任","1","1","2"
"东巡过任城","1","1","2"
"印绶符策付","1","1","2"
"绶符策付县","1","1","2"
"阴贵人生梁","1","1","2"
"贵人生梁节","1","1","2"
"人生梁节王","1","1","2"
"余七王本书","1","1","2"
"羡博涉经书","1","1","2"
"分汝南八县","1","1","2"
"三公上言江","1","1","2"
"公上言江陵","1","1","2"
"恭敦厚威重","1","1","2"
"恭立四十六","1","1","2"
"立四十六年","1","1","2"
"掖庭技人哀","1","1","2"
"庭技人哀置","1","1","2"
"中山简王傅","1","1","2"
"山简王傅婢","1","1","2"
"简王傅婢李","1","1","2"
"王傅婢李羽","1","1","2"
"傅婢李羽生","1","1","2"
"二十五年薨","2","0","2"
"连上书相告","1","1","2"
"上书相告言","1","1","2"
"彭城靖王恭","2","0","2"
"衍立五十四","1","1","2"
"立五十四年","1","1","2"
"乳母王礼等","1","1","2"
"言能见鬼神","1","1","2"
"能见鬼神事","1","1","2"
"诣廷尉诏狱","2","0","2"
"臣天性狂愚","1","1","2"
"意陛下圣德","1","1","2"
"束身约妻子","1","1","2"
"小妻三十七","1","1","2"
"妻三十七人","1","1","2"
"惟陛下哀臣","2","0","2"
"立二十七年","1","1","2"
"客太尉掾徐","1","1","2"
"刺客满城中","1","1","2"
"蒙先帝大恩","1","1","2"
"尚书陈忠上","1","1","2"
"书陈忠上疏","1","1","2"
"陈忠上疏荐","1","1","2"
"兴抱奇怀能","1","1","2"
"扶威大将军","1","1","2"
"更始柱功侯","1","1","2"
"始柱功侯李","1","1","2"
"功侯李宝所","1","1","2"
"侯李宝所破","1","1","2"
"更始邓王廖","1","1","2"
"始邓王廖湛","1","1","2"
"邻里长老尚","1","1","2"
"置大司农六","1","1","2"
"大司农六部","1","1","2"
"司农六部丞","1","1","2"
"前密令卓茂","2","0","2"
"食邑二千户","1","1","2"
"素服亲临送","1","1","2"
"服亲临送葬","1","1","2"
"刘宣字子高","1","1","2"
"鲁恭字仲康","1","1","2"
"世吏二千石","2","0","2"
"讼人许伯等","1","1","2"
"人许伯等争","1","1","2"
"许伯等争田","1","1","2"
"河南尹袁安","1","1","2"
"仁恕掾肥亲","1","1","2"
"中牟名士王","1","1","2"
"牟名士王方","1","1","2"
"陛下亲劳圣","1","1","2"
"大司农调度","1","1","2"
"陛下留圣恩","1","1","2"
"东州多盗贼","1","1","2"
"帅张汉等率","1","1","2"
"汉补博昌尉","1","1","2"
"盛夏征召农","1","1","2"
"夏征召农人","1","1","2"
"命令止四方","1","1","2"
"令止四方行","1","1","2"
"止四方行者","1","1","2"
"孟夏断薄刑","1","1","2"
"十二月阳气","1","1","2"
"二月阳气潜","1","1","2"
"五月微阴始","1","1","2"
"十一月坚冰","1","1","2"
"孝章皇帝深","1","1","2"
"十一月君子","1","1","2"
"列卿郡守者","1","1","2"
"卿郡守者数","1","1","2"
"郡守者数十","1","1","2"
"守者数十人","1","1","2"
"永元十六年","1","1","2"
"引学官祭酒","1","1","2"
"乡侯六百户","1","1","2"
"田间奔入宛","1","1","2"
"间奔入宛城","1","1","2"
"白刃劫诸妇","1","1","2"
"刃劫诸妇女","1","1","2"
"新阳侯阴就","1","1","2"
"晖望见少府","1","1","2"
"望见少府主","1","1","2"
"见少府主簿","1","1","2"
"同郡陈揖交","1","1","2"
"南阳太守问","1","1","2"
"尚书张林上","1","1","2"
"益州上计吏","1","1","2"
"武帝时所谓","1","1","2"
"帝时所谓均","1","1","2"
"时所谓均输","1","1","2"
"诏使直事郎","1","1","2"
"使直事郎问","1","1","2"
"窦宪北征匈","1","1","2"
"宪北征匈奴","1","1","2"
"年九月天气","1","1","2"
"九月天气郁","1","1","2"
"天地顺道渐","1","1","2"
"地顺道渐渍","1","1","2"
"皇帝选置师","1","1","2"
"帝选置师傅","1","1","2"
"小心忠笃敦","1","1","2"
"心忠笃敦礼","1","1","2"
"年严鲔谋立","1","1","2"
"严鲔谋立清","1","1","2"
"鲔谋立清河","1","1","2"
"谋立清河王","1","1","2"
"同郡赵康叔","1","1","2"
"郡赵康叔盛","1","1","2"
"奉书称弟子","1","1","2"
"京师诸官费","1","1","2"
"陈胜奋臂一","1","1","2"
"胜奋臂一呼","1","1","2"
"顺烈皇后初","1","1","2"
"烈皇后初政","1","1","2"
"皇后初政清","1","1","2"
"后初政清静","1","1","2"
"计所宜久安","1","1","2"
"减省第宅园","1","1","2"
"省第宅园池","1","1","2"
"者四十余人","2","0","2"
"伏见施刑徒","1","1","2"
"见施刑徒朱","1","1","2"
"施刑徒朱穆","1","1","2"
"父兄子弟布","1","1","2"
"穆张理天网","1","1","2"
"中常侍参选","1","1","2"
"常侍参选士","1","1","2"
"侍参选士人","1","1","2"
"更选海内清","1","1","2"
"选海内清淳","1","1","2"
"黄门侍郎一","1","1","2"
"门侍郎一人","1","1","2"
"博选耆儒宿","1","1","2"
"选耆儒宿德","1","1","2"
"事称诏诋毁","1","1","2"
"时年六十四","1","1","2"
"穆立节忠清","1","1","2"
"常俯伏寺门","1","1","2"
"司空牟融府","1","1","2"
"守第五伦代","1","1","2"
"荐颍川杜安","1","1","2"
"将军窦宪征","2","0","2"
"军窦宪征匈","2","0","2"
"窦宪征匈奴","2","0","2"
"时河南尹王","1","1","2"
"河南尹王调","1","1","2"
"洛阳令李阜","1","1","2"
"荐任城郭均","1","1","2"
"陛下思慕山","1","1","2"
"下思慕山陵","1","1","2"
"诏听上印绶","1","1","2"
"门生何融等","1","1","2"
"生何融等上","1","1","2"
"何融等上书","1","1","2"
"融等上书陈","1","1","2"
"公位尊任重","1","1","2"
"时齐殇王子","1","1","2"
"子都乡侯暢","2","0","2"
"明公运独见","1","1","2"
"窦宪车骑将","2","0","2"
"敞上疏谏曰","2","0","2"
"伏惟皇太后","2","0","2"
"己受吉甫褒","1","1","2"
"周勃顺吕后","1","1","2"
"皇太后损文","1","1","2"
"太后损文母","1","1","2"
"引法度谏正","1","1","2"
"儒术大吏案","1","1","2"
"术大吏案行","1","1","2"
"大吏案行属","1","1","2"
"吏案行属县","1","1","2"
"中常侍蔡伦","1","1","2"
"邓皇后上太","1","1","2"
"皇后上太傅","1","1","2"
"后上太傅禹","1","1","2"
"上太傅禹冢","1","1","2"
"朱祐字仲先","1","1","2"
"诸将击邓奉","1","1","2"
"延岑败走归","1","1","2"
"祐黄金三十","1","1","2"
"御史中丞李","1","1","2"
"子九人肉袒","1","1","2"
"都尉臧宫会","1","1","2"
"尉臧宫会击","1","1","2"
"臧宫会击延","1","1","2"
"宫会击延岑","1","1","2"
"会击延岑余","1","1","2"
"击延岑余党","1","1","2"
"延岑余党阴","1","1","2"
"后车驾幸第","2","0","2"
"外孙阴皇后","1","1","2"
"孙阴皇后巫","1","1","2"
"阴皇后巫蛊","1","1","2"
"皇后巫蛊事","1","1","2"
"王莽时举四","1","1","2"
"莽时举四科","1","1","2"
"朔调连率副","1","1","2"
"调连率副贰","1","1","2"
"兵南归世祖","1","1","2"
"击王郎将","2","0","2"
"王郎将宏","2","0","2"
"追奔十余里","1","1","2"
"平狄将军孙","1","1","2"
"狄将军孙咸","1","1","2"
"旧制骠骑将","1","1","2"
"制骠骑将军","1","1","2"
"骠骑将军官","1","1","2"
"陕贼苏况攻","1","1","2"
"贼苏况攻破","1","1","2"
"苏况攻破弘","1","1","2"
"况攻破弘农","1","1","2"
"贼迫近京师","1","1","2"
"王梁字君严","1","1","2"
"渔阳要阳人","2","0","2"
"书宗广持节","2","0","2"
"将军杜茂击","1","1","2"
"军杜茂击佼","1","1","2"
"中郎将王梁","1","1","2"
"郎将王梁击","1","1","2"
"将王梁击五","1","1","2"
"王梁击五校","1","1","2"
"梁击五校贼","1","1","2"
"持节大将三","1","1","2"
"节大将三十","1","1","2"
"茂率捕虏将","1","1","2"
"将军马武进","1","1","2"
"军马武进攻","1","1","2"
"马武进攻西","1","1","2"
"武进攻西防","1","1","2"
"雁门太守郭","1","1","2"
"门太守郭凉","1","1","2"
"击卢芳将尹","1","1","2"
"遣谒者段忠","1","1","2"
"谒者段忠将","1","1","2"
"边卒筑亭候","1","1","2"
"输金帛缯絮","1","1","2"
"雁门人贾丹","1","1","2"
"使军吏杀人","1","1","2"
"定封参蘧乡","1","1","2"
"封参蘧乡侯","1","1","2"
"率武威将军","1","1","2"
"军刘尚等破","1","1","2"
"刘尚等破河","1","1","2"
"尚等破河池","1","1","2"
"成行大司空","2","0","2"
"代骠骑大将","1","1","2"
"上太守印绶","1","1","2"
"定封全椒侯","1","1","2"
"南阳安众侯","1","1","2"
"冯异共拒朱","1","1","2"
"异共拒朱鲔","1","1","2"
"天下垦田多","1","1","2"
"诏下州郡检","2","0","2"
"下州郡检核","2","0","2"
"帝见陈留吏","1","1","2"
"见陈留吏牍","1","1","2"
"陈留吏牍上","1","1","2"
"帝令虎贲将","1","1","2"
"令虎贲将诘","1","1","2"
"虎贲将诘问","1","1","2"
"中郎将副伏","1","1","2"
"郎将副伏波","1","1","2"
"将副伏波将","1","1","2"
"副伏波将军","1","1","2"
"将军马援击","1","1","2"
"军马援击交","1","1","2"
"隆骠骑将军","2","0","2"
"宾客十余人","1","1","2"
"客十余人北","1","1","2"
"十余人北追","1","1","2"
"将军岑彭击","1","1","2"
"军岑彭击破","1","1","2"
"岑彭击破秦","1","1","2"
"彭击破秦丰","1","1","2"
"将军朱祐乘","1","1","2"
"获南阳太守","1","1","2"
"南阳太守刘","1","1","2"
"士卒共劳苦","1","1","2"
"北屯下曲阳","1","1","2"
"密侯邓禹先","1","1","2"
"郡文学博士","1","1","2"
"必先遍赐列","1","1","2"
"先遍赐列侯","1","1","2"
"西羌寇陇右","2","0","2"
"中郎将王丰","1","1","2"
"监军使者窦","1","1","2"
"军使者窦固","1","1","2"
"右辅都尉陈","1","1","2"
"辅都尉陈讠","1","1","2"
"都尉陈讠斤","1","1","2"
"凉州诸郡羌","1","1","2"
"州诸郡羌胡","1","1","2"
"诸郡羌胡兵","1","1","2"
"斩首四千六","1","1","2"
"首四千六百","1","1","2"
"四千六百级","1","1","2"
"中兴二十八","1","1","2"
"兴二十八将","1","1","2"
"能感会风云","1","1","2"
"缯屠狗轻猾","1","1","2"
"光武遣吴汉","1","1","2"
"武遣吴汉诛","1","1","2"
"遣吴汉诛更","1","1","2"
"吴汉诛更始","1","1","2"
"汉诛更始幽","1","1","2"
"诛更始幽州","1","1","2"
"大将军幽州","1","1","2"
"将军幽州牧","1","1","2"
"州中名宿涿","1","1","2"
"中名宿涿郡","1","1","2"
"名宿涿郡王","1","1","2"
"宿涿郡王岑","1","1","2"
"王莽时故吏","1","1","2"
"莽时故吏二","1","1","2"
"时故吏二千","1","1","2"
"故吏二千石","1","1","2"
"多发诸郡仓","1","1","2"
"发诸郡仓谷","1","1","2"
"宜多置官属","1","1","2"
"宠遣吏迎妻","1","1","2"
"悲京城太叔","1","1","2"
"伯通独中风","1","1","2"
"通独中风狂","1","1","2"
"独中风狂走","1","1","2"
"遣游击将军","2","0","2"
"陛下必弃捐","1","1","2"
"昔高祖圣武","1","1","2"
"会上谷太守","2","0","2"
"书令侯霸奏","1","1","2"
"浮败乱幽州","1","1","2"
"粲然黑白分","1","1","2"
"然黑白分明","1","1","2"
"守宰数见换","1","1","2"
"宰数见换易","1","1","2"
"物暴长者必","1","1","2"
"成者必亟坏","1","1","2"
"州牧奏二千","1","1","2"
"牧奏二千石","1","1","2"
"奏二千石长","1","1","2"
"复委任三府","1","1","2"
"陛下清明履","1","1","2"
"愿陛下留心","1","1","2"
"陛下留心千","1","1","2"
"下留心千里","1","1","2"
"陛下尊敬先","1","1","2"
"下尊敬先圣","1","1","2"
"日车驾亲临","1","1","2"
"车驾亲临观","1","1","2"
"驾亲临观飨","1","1","2"
"必广求详选","1","1","2"
"诏书更试五","1","1","2"
"书更试五人","1","1","2"
"窦融大司空","2","0","2"
"徙封新息侯","1","1","2"
"朱买臣难公","1","1","2"
"买臣难公孙","1","1","2"
"臣难公孙弘","1","1","2"
"难公孙弘十","1","1","2"
"公孙弘十策","1","1","2"
"时湖阳大姓","1","1","2"
"湖阳大姓虞","1","1","2"
"阳大姓虞都","1","1","2"
"大姓虞都尉","1","1","2"
"姓虞都尉反","1","1","2"
"虞都尉反城","1","1","2"
"都尉反城称","1","1","2"
"尉反城称兵","1","1","2"
"同县申屠季","1","1","2"
"时天下未定","1","1","2"
"郏贼延褒等","1","1","2"
"贼延褒等众","1","1","2"
"延褒等众三","1","1","2"
"褒等众三千","1","1","2"
"鲂率吏士七","1","1","2"
"率吏士七十","1","1","2"
"鲂性矜严公","1","1","2"
"性矜严公正","1","1","2"
"位数进忠言","1","1","2"
"鲂宿卫南宫","1","1","2"
"时年八十六","1","1","2"
"长八尺六寸","1","1","2"
"贵人魏氏宾","1","1","2"
"人魏氏宾客","1","1","2"
"魏氏宾客放","1","1","2"
"高帝母昭灵","1","1","2"
"帝母昭灵后","1","1","2"
"母昭灵后园","1","1","2"
"昭灵后园陵","1","1","2"
"陈留督邮虞","1","1","2"
"留督邮虞延","1","1","2"
"新野功曹邓","1","1","2"
"野功曹邓衍","1","1","2"
"人特赐舆马","1","1","2"
"特赐舆马衣","1","1","2"
"赐舆马衣服","1","1","2"
"迁玄武司马","1","1","2"
"同郡河东太","1","1","2"
"郡河东太守","1","1","2"
"河东太守焦","1","1","2"
"东太守焦贶","1","1","2"
"满补县长令","1","1","2"
"补县长令史","1","1","2"
"县长令史丞","1","1","2"
"长令史丞尉","1","1","2"
"郎补千石令","1","1","2"
"弘前后所陈","1","1","2"
"置云母屏风","1","1","2"
"奏尚书张林","1","1","2"
"尚书张林阿","1","1","2"
"洛阳令杨光","1","1","2"
"褐巾布衣素","1","1","2"
"巾布衣素棺","1","1","2"
"布衣素棺殡","1","1","2"
"衣素棺殡殓","1","1","2"
"时中常侍郑","1","1","2"
"帝兄清河孝","1","1","2"
"兄清河孝王","1","1","2"
"密谋闭宫门","1","1","2"
"将军邓骘兄","1","1","2"
"军邓骘兄弟","1","1","2"
"周燮字彦祖","1","1","2"
"汝南安城人","1","1","2"
"乡党宗族希","1","1","2"
"虎狼盗贼所","1","1","2"
"狼盗贼所害","1","1","2"
"同郡戴良才","1","1","2"
"郡戴良才高","1","1","2"
"戴良才高倨","1","1","2"
"良才高倨傲","1","1","2"
"敢先佩印绶","1","1","2"
"郭林宗少游","1","1","2"
"林宗少游汝","1","1","2"
"宗少游汝南","1","1","2"
"仆射胡广等","1","1","2"
"射胡广等上","1","1","2"
"胡广等上疏","1","1","2"
"广等上疏荐","1","1","2"
"太尉黄琼所","1","1","2"
"设鸡酒薄祭","1","1","2"
"四方名士郭","1","1","2"
"方名士郭林","1","1","2"
"名士郭林宗","1","1","2"
"士郭林宗等","1","1","2"
"郭林宗等数","1","1","2"
"林宗等数十","1","1","2"
"宗等数十人","1","1","2"
"茅容轻骑追","1","1","2"
"南州高士徐","1","1","2"
"州高士徐孺","1","1","2"
"高士徐孺子","1","1","2"
"二弟名声相","1","1","2"
"弟名声相次","1","1","2"
"皆叩头谢罪","2","0","2"
"侍曹节等专","1","1","2"
"曹节等专执","1","1","2"
"节等专执朝","1","1","2"
"等专执朝事","1","1","2"
"诛太傅陈蕃","2","0","2"
"弟子陈留刘","1","1","2"
"子陈留刘操","1","1","2"
"陈留刘操追","1","1","2"
"留刘操追慕","1","1","2"
"酒肉十余年","1","1","2"
"申屠蟠禀气","1","1","2"
"屠蟠禀气玄","1","1","2"
"蟠禀气玄妙","1","1","2"
"济阴王子居","1","1","2"
"阴王子居同","1","1","2"
"京师游士汝","1","1","2"
"师游士汝南","1","1","2"
"游士汝南范","1","1","2"
"士汝南范滂","1","1","2"
"汝南范滂等","1","1","2"
"将军何进连","1","1","2"
"陈纪等十四","1","1","2"
"纪等十四人","1","1","2"
"公卿多遇兵","1","1","2"
"卿多遇兵饥","1","1","2"
"郑太字公业","1","1","2"
"将军何进辅","1","1","2"
"军何进辅政","1","1","2"
"孔公绪清谈","1","1","2"
"公绪清谈高","1","1","2"
"绪清谈高论","1","1","2"
"东州郑玄学","1","1","2"
"北海邴原清","1","1","2"
"李君通家子","1","1","2"
"君通家子弟","1","1","2"
"先人李老君","1","1","2"
"人李老君同","1","1","2"
"李老君同德","1","1","2"
"太中大夫陈","1","1","2"
"中大夫陈炜","1","1","2"
"大夫陈炜后","1","1","2"
"平原陶丘洪","1","1","2"
"司徒杨赐府","1","1","2"
"河南尹何进","1","1","2"
"郡人甄子然","1","1","2"
"命配食县社","1","1","2"
"贼管亥所围","1","1","2"
"东莱太史慈","1","1","2"
"莱太史慈求","1","1","2"
"太史慈求救","1","1","2"
"平原相刘备","1","1","2"
"东海王祗薨","2","0","2"
"融名重天下","1","1","2"
"鸿豫名实相","1","1","2"
"豫名实相副","1","1","2"
"称文举奇逸","1","1","2"
"能风化海内","1","1","2"
"敢枉官平哉","2","0","2"
"枉官平哉忠","2","0","2"
"官平哉忠非","2","0","2"
"平哉忠非三","2","0","2"
"哉忠非三闾","2","0","2"
"轻公叔升臣","1","1","2"
"坐上客恒满","1","1","2"
"京兆人脂习","1","1","2"
"加中散大夫","1","1","2"
"荀彧字文若","1","1","2"
"时年二十九","1","1","2"
"能平定山东","1","1","2"
"使持节侍中","1","1","2"
"持节侍中守","1","1","2"
"节侍中守尚","1","1","2"
"侍中守尚书","1","1","2"
"中守尚书令","1","1","2"
"守尚书令万","1","1","2"
"尚书令万岁","1","1","2"
"书令万岁亭","1","1","2"
"令万岁亭侯","1","1","2"
"山西雄桀争","1","1","2"
"齐小白入齐","1","1","2"
"时赤眉入关","1","1","2"
"武王未知天","2","0","2"
"王未知天命","2","0","2"
"嚣遣子恂入","2","0","2"
"遣子恂入侍","2","0","2"
"侍御史杜林","1","1","2"
"御史杜林先","1","1","2"
"昭公十七年","1","1","2"
"公十七年夏","1","1","2"
"十七年夏六","1","1","2"
"七年夏六月","1","1","2"
"年夏六月甲","1","1","2"
"举渔阳太守","1","1","2"
"渔阳太守郭","1","1","2"
"阳太守郭亻","1","1","2"
"征南将军岑","1","1","2"
"南将军岑彭","1","1","2"
"岑彭刺客所","2","0","2"
"彭刺客所杀","2","0","2"
"兴留屯成都","1","1","2"
"兴奉使私买","1","1","2"
"奉使私买奴","1","1","2"
"使私买奴婢","1","1","2"
"王莽大司空","2","0","2"
"莽大司空王","2","0","2"
"司空王邑辟","2","0","2"
"山阳太守吕","1","1","2"
"阳太守吕羌","1","1","2"
"太中大夫许","1","1","2"
"中大夫许淑","1","1","2"
"大夫许淑等","1","1","2"
"夫许淑等互","1","1","2"
"许淑等互相","1","1","2"
"淑等互相辩","1","1","2"
"等互相辩难","1","1","2"
"将恐陛下必","1","1","2"
"陛下草创天","1","1","2"
"下草创天下","1","1","2"
"愿陛下疑先","1","1","2"
"陛下疑先帝","1","1","2"
"太史公多引","1","1","2"
"录三十一事","1","1","2"
"陛下拨乱反","1","1","2"
"下拨乱反正","1","1","2"
"固执虚言传","1","1","2"
"执虚言传受","1","1","2"
"雷同者所排","1","1","2"
"所谓小辩破","1","1","2"
"谓小辩破言","1","1","2"
"太常选博士","1","1","2"
"常选博士四","1","1","2"
"选博士四人","1","1","2"
"司空李通府","1","1","2"
"大司农江冯","1","1","2"
"司农江冯上","1","1","2"
"农江冯上言","1","1","2"
"司隶校尉督","1","1","2"
"隶校尉督察","1","1","2"
"校尉督察三","1","1","2"
"尉督察三公","1","1","2"
"徒欧阳歙府","1","1","2"
"问临邑侯刘","1","1","2"
"临邑侯刘复","1","1","2"
"北宫白虎观","1","1","2"
"赐布五百匹","1","1","2"
"颍阳侯马防","1","1","2"
"儒选高才生","2","0","2"
"逵所选弟子","1","1","2"
"千乘王国郎","1","1","2"
"逵所著经传","1","1","2"
"所著经传义","1","1","2"
"著经传义诂","1","1","2"
"子太子舍人","2","0","2"
"严氏公羊春","1","1","2"
"氏公羊春秋","1","1","2"
"郡人处士顾","1","1","2"
"人处士顾奉","1","1","2"
"定二十万言","2","0","2"
"后兄虎贲中","1","1","2"
"将作大匠翟","1","1","2"
"诸儒门人追","1","1","2"
"儒门人追录","1","1","2"
"孝章皇帝八","1","1","2"
"宋贵人生清","1","1","2"
"贵人生清河","1","1","2"
"人生清河孝","1","1","2"
"生清河孝王","1","1","2"
"梁贵人生帝","2","0","2"
"申贵人生济","1","1","2"
"贵人生济北","1","1","2"
"人生济北惠","1","1","2"
"生济北惠王","1","1","2"
"立十五年薨","2","0","2"
"立二十六年","1","1","2"
"太后立桓帝","1","1","2"
"立桓帝弟蠡","1","1","2"
"桓帝弟蠡吾","1","1","2"
"弟蠡吾侯悝","2","0","2"
"蠡吾侯悝勃","2","0","2"
"吾侯悝勃海","2","0","2"
"侯悝勃海王","2","0","2"
"常侍王甫求","2","0","2"
"中常侍郑飒","1","1","2"
"中黄门董腾","1","1","2"
"告司隶校尉","2","0","2"
"飒送北寺狱","1","1","2"
"使尚书令廉","1","1","2"
"尚书令廉忠","1","1","2"
"遣大鸿胪持","1","1","2"
"大鸿胪持节","1","1","2"
"供奉长乐宫","1","1","2"
"废庆清河王","2","0","2"
"嫡后事正义","1","1","2"
"后事正义明","1","1","2"
"使小黄门蔡","1","1","2"
"小黄门蔡伦","1","1","2"
"黄门蔡伦考","1","1","2"
"左冯翊沛国","1","1","2"
"冯翊沛国刘","1","1","2"
"翊沛国刘均","1","1","2"
"沛国刘均等","1","1","2"
"国刘均等奔","1","1","2"
"刘均等奔走","1","1","2"
"均等奔走解","1","1","2"
"等奔走解释","1","1","2"
"帝移幸北宫","1","1","2"
"移幸北宫章","1","1","2"
"幸北宫章德","1","1","2"
"求上冢致哀","1","1","2"
"外祖母王年","1","1","2"
"遣诸王侯就","1","1","2"
"诸王侯就国","1","1","2"
"庆号泣前殿","1","1","2"
"清河王置中","1","1","2"
"河王置中尉","1","1","2"
"清河中大夫","1","1","2"
"邓太后殇帝","2","0","2"
"中黄门送耿","1","1","2"
"黄门送耿姬","1","1","2"
"门送耿姬归","1","1","2"
"使长乐谒者","1","1","2"
"长乐谒者仆","1","1","2"
"乐谒者仆射","1","1","2"
"中谒者二人","1","1","2"
"仪东海恭王","2","0","2"
"子愍王虎威","1","1","2"
"虎威立三年","1","1","2"
"上尊号曰孝","2","0","2"
"皇妣左氏曰","2","0","2"
"妣左氏曰孝","2","0","2"
"左氏曰孝德","2","0","2"
"孝德皇母宋","1","1","2"
"德皇母宋贵","1","1","2"
"皇母宋贵人","1","1","2"
"母宋贵人追","1","1","2"
"宋贵人追谥","1","1","2"
"大鸿胪奉策","1","1","2"
"鸿胪奉策书","1","1","2"
"胪奉策书玺","1","1","2"
"奉策书玺绶","1","1","2"
"遣中常侍奉","1","1","2"
"护礼仪侍中","1","1","2"
"礼仪侍中刘","1","1","2"
"仪侍中刘珍","1","1","2"
"侍中刘珍等","1","1","2"
"孝德后异母","1","1","2"
"德后异母弟","1","1","2"
"清河国郎中","1","1","2"
"延平立三十","1","1","2"
"平立三十五","1","1","2"
"立三十五年","1","1","2"
"朝臣太尉李","1","1","2"
"臣太尉李固","1","1","2"
"甘陵人刘文","1","1","2"
"南郡妖贼刘","1","1","2"
"郡妖贼刘鲔","1","1","2"
"王宫司马门","1","1","2"
"寿立三十一","1","1","2"
"立三十一年","1","1","2"
"登立十五年","1","1","2"
"安国立七年","1","1","2"
"子翼平原王","2","0","2"
"开立四十二","1","1","2"
"立四十二年","1","1","2"
"侍御史吴郡","1","1","2"
"御史吴郡沈","1","1","2"
"史吴郡沈景","1","1","2"
"陔立四十一","1","1","2"
"立四十一年","1","1","2"
"元初六年邓","1","1","2"
"初六年邓太","1","1","2"
"六年邓太后","1","1","2"
"年邓太后征","1","1","2"
"河间王诸子","1","1","2"
"常侍江京等","1","1","2"
"中大夫赵王","1","1","2"
"侯曰孝崇皇","2","0","2"
"持节奉策书","1","1","2"
"封帝弟都乡","1","1","2"
"帝弟都乡侯","1","1","2"
"夫人马氏孝","2","0","2"
"人马氏孝崇","2","0","2"
"氏孝崇博园","2","0","2"
"窦太后诏追","1","1","2"
"夫人董氏慎","2","0","2"
"人董氏慎园","2","0","2"
"董氏慎园贵","2","0","2"
"氏慎园贵人","2","0","2"
"持节河间奉","2","0","2"
"河间奉策书","1","1","2"
"永元二年分","1","1","2"
"元二年分济","1","1","2"
"二年分济阴","1","1","2"
"延平元年封","1","1","2"
"邓太后立乐","1","1","2"
"太后立乐安","1","1","2"
"后立乐安夷","1","1","2"
"立乐安夷王","1","1","2"
"乐安夷王宠","2","0","2"
"开子都乡侯","1","1","2"
"称吴子夷昧","1","1","2"
"少游学京师","2","0","2"
"辟大将军邓","1","1","2"
"将军邓骘府","1","1","2"
"五迁尚书仆","2","0","2"
"尚书辩正疑","1","1","2"
"书辩正疑狱","1","1","2"
"安帝废皇太","1","1","2"
"帝废皇太子","1","1","2"
"皇太子济阴","2","0","2"
"时清河赵腾","1","1","2"
"清河赵腾上","1","1","2"
"腾死罪一等","1","1","2"
"贼张婴等众","1","1","2"
"张婴等众数","1","1","2"
"婴等众数万","1","1","2"
"等众数万人","1","1","2"
"纲独请单车","1","1","2"
"前后二千石","2","0","2"
"张婴等五百","1","1","2"
"故广陵太守","1","1","2"
"陵太守张纲","1","1","2"
"王龚字伯宗","1","1","2"
"迁青州刺史","2","0","2"
"二千石数人","1","1","2"
"引进郡人黄","1","1","2"
"进郡人黄宪","1","1","2"
"蕃性气高明","1","1","2"
"龚深疾宦官","1","1","2"
"深疾宦官专","1","1","2"
"疾宦官专权","1","1","2"
"将军梁商特","1","1","2"
"军梁商特辟","1","1","2"
"四迁尚书令","1","1","2"
"太尉陈蕃荐","1","1","2"
"同郡刘表时","1","1","2"
"郡刘表时年","1","1","2"
"刘表时年十","1","1","2"
"表时年十七","1","1","2"
"蘧伯玉耻独","2","0","2"
"伯玉耻独君","2","0","2"
"玉耻独君子","2","0","2"
"孙叔敖相楚","1","1","2"
"种暠字景伯","1","1","2"
"时河南尹田","1","1","2"
"河南尹田歆","1","1","2"
"八使光禄大","1","1","2"
"蜀郡太守刘","1","1","2"
"郡太守刘宣","1","1","2"
"太守刘宣等","1","1","2"
"四府条举近","1","1","2"
"府条举近臣","1","1","2"
"条举近臣父","1","1","2"
"举近臣父兄","1","1","2"
"前刺史朱辅","1","1","2"
"时永昌太守","1","1","2"
"永昌太守冶","1","1","2"
"昌太守冶铸","1","1","2"
"太守冶铸黄","1","1","2"
"守冶铸黄金","1","1","2"
"巴郡人服直","1","1","2"
"郡人服直聚","1","1","2"
"太守应承讨","1","1","2"
"守应承讨捕","1","1","2"
"尉李固上疏","1","1","2"
"李固上疏救","1","1","2"
"戎夷男女送","1","1","2"
"迁使匈奴中","2","0","2"
"辽东乌桓反","1","1","2"
"东乌桓反叛","1","1","2"
"后司隶校尉","1","1","2"
"百官多避兵","1","1","2"
"官多避兵冲","1","1","2"
"左中郎刘范","1","1","2"
"议大夫马宇","1","1","2"
"大夫马宇共","1","1","2"
"夫马宇共攻","1","1","2"
"马宇共攻李","1","1","2"
"战长平观下","2","0","2"
"陈球字伯真","1","1","2"
"时魏郡太守","1","1","2"
"魏郡十五城","1","1","2"
"冯贵人配礻","1","1","2"
"贵人配礻付","1","1","2"
"诏公卿大会","2","0","2"
"令中常侍赵","1","1","2"
"常侍赵忠监","1","1","2"
"冯贵人冢墓","1","1","2"
"长乐太后尊","1","1","2"
"乐太后尊号","1","1","2"
"司徒河间刘","1","1","2"
"将军窦武同","1","1","2"
"军窦武同谋","1","1","2"
"永乐太后所","1","1","2"
"乐太后所亲","1","1","2"
"太后所亲知","1","1","2"
"步兵校尉刘","1","1","2"
"兵校尉刘纳","1","1","2"
"永乐少府陈","1","1","2"
"乐少府陈球","1","1","2"
"县阳泉乡佐","1","1","2"
"见更始政乱","2","0","2"
"徒邓禹西征","1","1","2"
"宗素多权谋","1","1","2"
"锐士入城袭","1","1","2"
"转攻诸营保","1","1","2"
"将军冯异共","1","1","2"
"军冯异共击","1","1","2"
"冯异共击关","1","1","2"
"异共击关中","1","1","2"
"共击关中诸","1","1","2"
"击关中诸营","1","1","2"
"关中诸营保","1","1","2"
"颍川桑中盗","1","1","2"
"川桑中盗贼","1","1","2"
"桑中盗贼群","1","1","2"
"诸郡兵讨平","1","1","2"
"初仕郡功曹","2","0","2"
"太傅张禹府","1","1","2"
"南阳太守鲍","1","1","2"
"张伯路等三","1","1","2"
"伯路等三千","1","1","2"
"等三千余人","2","0","2"
"遣侍御史庞","2","0","2"
"史庞雄督州","2","0","2"
"平原刘文河","1","1","2"
"原刘文河等","1","1","2"
"刘文河等三","1","1","2"
"文河等三百","1","1","2"
"刺史太守共","1","1","2"
"东莱郡兵独","1","1","2"
"莱郡兵独未","1","1","2"
"郡兵独未解","1","1","2"
"辽东人李久","1","1","2"
"东人李久等","1","1","2"
"人李久等共","1","1","2"
"周生等相聚","1","1","2"
"生等相聚反","1","1","2"
"阴陵人徐凤","1","1","2"
"贼张婴等复","2","0","2"
"郎将赵序助","1","1","2"
"将赵序助冯","1","1","2"
"赵序助冯绲","1","1","2"
"遣太尉李固","1","1","2"
"余众攻烧东","1","1","2"
"众攻烧东城","1","1","2"
"攻烧东城县","1","1","2"
"邳人谢安应","2","0","2"
"人谢安应募","2","0","2"
"斩获千余人","1","1","2"
"抚乘胜进击","1","1","2"
"孟等三千八","1","1","2"
"等三千八百","1","1","2"
"时录尚书事","1","1","2"
"冯绲字鸿卿","1","1","2"
"时玄菟太守","1","1","2"
"辽东都尉庞","1","1","2"
"东都尉庞奋","1","1","2"
"都尉庞奋使","1","1","2"
"扬州诸郡军","1","1","2"
"州诸郡军事","1","1","2"
"郎将滕抚击","1","1","2"
"转司隶校尉","1","1","2"
"绲车骑将军","2","0","2"
"常侍一人监","1","1","2"
"尚书朱穆奏","1","1","2"
"进击武陵蛮","1","1","2"
"事中郎应奉","1","1","2"
"荐司隶校尉","2","0","2"
"监军使者张","1","1","2"
"军使者张敞","1","1","2"
"绲将傅婢二","1","1","2"
"将傅婢二人","1","1","2"
"傅婢二人戎","1","1","2"
"婢二人戎服","1","1","2"
"江陵刻石纪","1","1","2"
"陵刻石纪功","1","1","2"
"故车骑将军","1","1","2"
"乡里所推举","1","1","2"
"宦者同郡侯","1","1","2"
"者同郡侯览","1","1","2"
"时冀州刺史","1","1","2"
"冀州刺史朱","1","1","2"
"州刺史朱穆","1","1","2"
"合七八千人","2","0","2"
"苍梧太守望","1","1","2"
"梧太守望风","1","1","2"
"太守望风逃","1","1","2"
"中丞盛修募","1","1","2"
"丞盛修募兵","1","1","2"
"盛修募兵讨","1","1","2"
"豫章艾县人","1","1","2"
"章艾县人六","1","1","2"
"艾县人六百","1","1","2"
"县人六百余","1","1","2"
"人六百余人","1","1","2"
"督荆州刺史","1","1","2"
"桓帝诏公卿","1","1","2"
"杂种诸蛮夷","1","1","2"
"尚穷追数百","1","1","2"
"穷追数百里","1","1","2"
"潘鸿作贼十","1","1","2"
"鸿作贼十年","1","1","2"
"时荆州兵朱","1","1","2"
"阳贼胡兰等","1","1","2"
"贼胡兰等三","1","1","2"
"三千余人复","2","0","2"
"太守任胤弃","1","1","2"
"守任胤弃城","1","1","2"
"二万六千人","1","1","2"
"万六千人救","1","1","2"
"试守宣城长","1","1","2"
"深林远薮椎","1","1","2"
"林远薮椎髻","1","1","2"
"远薮椎髻鸟","1","1","2"
"薮椎髻鸟语","1","1","2"
"击太山贼公","1","1","2"
"封乌程东乡","1","1","2"
"乌程东乡侯","1","1","2"
"迁太山都尉","2","0","2"
"桓帝下诏追","1","1","2"
"帝下诏追增","1","1","2"
"下诏追增封","1","1","2"
"诏追增封徐","1","1","2"
"追增封徐五","1","1","2"
"增封徐五百","1","1","2"
"封徐五百户","1","1","2"
"胡兰余党南","1","1","2"
"更牢持械节","1","1","2"
"前长沙贼胡","1","1","2"
"长沙贼胡兰","1","1","2"
"沙贼胡兰作","1","1","2"
"贼胡兰作难","1","1","2"
"胡兰作难荆","1","1","2"
"兰作难荆州","1","1","2"
"余党散入交","1","1","2"
"乌伤新阳乡","1","1","2"
"伤新阳乡侯","1","1","2"
"令马车居前","2","0","2"
"使后车弓弩","2","0","2"
"荆州刺史赵","1","1","2"
"州刺史赵凯","1","1","2"
"尚书令张温","1","1","2"
"书令张温特","1","1","2"
"征尚书仆射","2","0","2"
"立亲庙四世","1","1","2"
"独群臣侍祠","1","1","2"
"杜林大司空","2","0","2"
"旧制三年一","1","1","2"
"诸王公列侯","1","1","2"
"王公列侯庙","1","1","2"
"公列侯庙会","1","1","2"
"谛定昭穆尊","1","1","2"
"定昭穆尊卑","1","1","2"
"孝武太山明","1","1","2"
"武太山明堂","1","1","2"
"太山明堂制","1","1","2"
"山明堂制度","1","1","2"
"博士桓荣上","1","1","2"
"受诏议立七","1","1","2"
"诏议立七郊","1","1","2"
"河图括地象","1","1","2"
"汉世礼乐文","1","1","2"
"世礼乐文雅","1","1","2"
"作章句辩难","1","1","2"
"郡盗徒五人","1","1","2"
"陈留太守马","1","1","2"
"留太守马严","1","1","2"
"称赤九会昌","1","1","2"
"显祖宗盛德","1","1","2"
"朕夙夜祗畏","2","0","2"
"诏召玄武司","1","1","2"
"召玄武司马","1","1","2"
"玄武司马班","1","1","2"
"武司马班固","1","1","2"
"问改定礼制","1","1","2"
"东观尽心集","1","1","2"
"观尽心集作","1","1","2"
"二尺四寸简","2","0","2"
"年十二月奏","1","1","2"
"十二月奏上","1","1","2"
"褒监羽林左","1","1","2"
"监羽林左骑","1","1","2"
"尚书张敏等","1","1","2"
"书张敏等奏","1","1","2"
"张敏等奏褒","1","1","2"
"敏等奏褒擅","1","1","2"
"时春夏大旱","1","1","2"
"同郡孙嵩等","1","1","2"
"郡孙嵩等四","1","1","2"
"孙嵩等四十","1","1","2"
"答北地太守","1","1","2"
"北地太守刘","1","1","2"
"将军何进闻","2","0","2"
"谒者仆射邓","1","1","2"
"者仆射邓公","1","1","2"
"董卓迁都长","1","1","2"
"将闲居安性","1","1","2"
"山太守应中","1","1","2"
"太守应中远","1","1","2"
"北面称弟子","1","1","2"
"天文七政论","1","1","2"
"驳许慎五经","1","1","2"
"许慎五经异","1","1","2"
"慎五经异义","1","1","2"
"答临孝存周","1","1","2"
"临孝存周礼","1","1","2"
"孝存周礼难","1","1","2"
"郗虑御史大","2","0","2"
"虑御史大夫","2","0","2"
"者四百余家","2","0","2"
"武威太守孟","1","1","2"
"威太守孟云","1","1","2"
"太守孟云上","1","1","2"
"守孟云上书","1","1","2"
"司徒桓虞改","1","1","2"
"大鸿胪韦彪","1","1","2"
"奏司隶校尉","1","1","2"
"左鹿蠡王阿","1","1","2"
"鹿蠡王阿佟","1","1","2"
"禄勋耿秉等","1","1","2"
"勋耿秉等十","1","1","2"
"耿秉等十人","1","1","2"
"降者十余万","2","0","2"
"者十余万人","2","0","2"
"一亿九十余","1","1","2"
"亿九十余万","1","1","2"
"七千四百八","1","1","2"
"千四百八十","1","1","2"
"四百八十万","1","1","2"
"右鹿蠡王於","1","1","2"
"鹿蠡王於除","1","1","2"
"蠡王於除鞬","2","0","2"
"汝南细阳人","1","1","2"
"赐车马衣裳","1","1","2"
"令入授皇太","2","0","2"
"赐装钱三十","1","1","2"
"装钱三十万","1","1","2"
"前太守翟义","1","1","2"
"见诸王师傅","1","1","2"
"帝先备弟子","1","1","2"
"然后修君臣","1","1","2"
"掾夏猛私谢","1","1","2"
"檄言执金吾","1","1","2"
"言执金吾府","1","1","2"
"缇骑侯海等","1","1","2"
"骑侯海等五","1","1","2"
"侯海等五百","1","1","2"
"海等五百人","1","1","2"
"部吏杨章等","1","1","2"
"吏杨章等穷","1","1","2"
"杨章等穷究","1","1","2"
"窦太后诏报","1","1","2"
"执金吾辟吏","1","1","2"
"荐魏郡太守","1","1","2"
"魏郡太守徐","1","1","2"
"郡太守徐防","1","1","2"
"太守徐防代","1","1","2"
"使中黄门问","1","1","2"
"中黄门问病","1","1","2"
"司隶校尉晏","1","1","2"
"隶校尉晏称","1","1","2"
"校尉晏称会","1","1","2"
"司徒吕盖奏","1","1","2"
"反作色大言","1","1","2"
"左中郎将何","1","1","2"
"中郎将何敞","1","1","2"
"能宣扬王化","1","1","2"
"韩棱字伯师","1","1","2"
"余财数百万","1","1","2"
"韩棱楚龙渊","1","1","2"
"郅寿蜀汉文","1","1","2"
"陈宠济南椎","1","1","2"
"宠济南椎成","1","1","2"
"人刺杀齐殇","1","1","2"
"刺杀齐殇王","1","1","2"
"帝西祠园陵","1","1","2"
"人臣称万岁","1","1","2"
"尚书左丞王","1","1","2"
"书左丞王龙","1","1","2"
"荐举良吏应","1","1","2"
"举良吏应顺","1","1","2"
"辟大将军何","2","0","2"
"将军何进掾","2","0","2"
"襄阳人蔡瑁","1","1","2"
"骠骑将军张","1","1","2"
"骑将军张济","1","1","2"
"长沙太守张","1","1","2"
"沙太守张羡","1","1","2"
"太守张羡率","1","1","2"
"事中郎南阳","1","1","2"
"琮娶后妻蔡","1","1","2"
"娶后妻蔡氏","1","1","2"
"琅邪人诸葛","1","1","2"
"邪人诸葛亮","1","1","2"
"将江夏太守","1","1","2"
"东曹掾傅巽","1","1","2"
"曹掾傅巽等","1","1","2"
"诚刘备足御","2","0","2"
"刘备足御曹","2","0","2"
"备足御曹公","2","0","2"
"初置西园八","2","0","2"
"骑都尉太山","1","1","2"
"山阳太守袁","1","1","2"
"济北相鲍信","1","1","2"
"北相鲍信等","1","1","2"
"作大匠吴循","1","1","2"
"骑都尉沮授","1","1","2"
"冀州刺史严","1","1","2"
"州刺史严纲","1","1","2"
"寇恂争相危","2","0","2"
"恂争相危害","2","0","2"
"遇世祖解纷","2","0","2"
"建义中郎将","1","1","2"
"入朝歌鹿肠","1","1","2"
"朝歌鹿肠山","1","1","2"
"歌鹿肠山苍","1","1","2"
"鹿肠山苍岩","1","1","2"
"肠山苍岩谷","1","1","2"
"左髭丈八等","1","1","2"
"黑山贼张燕","1","1","2"
"连战十余日","2","0","2"
"沮授说绍曰","2","0","2"
"将军何进忠","1","1","2"
"议郎曹操权","1","1","2"
"将作大匠孔","1","1","2"
"作大匠孔融","1","1","2"
"大匠孔融持","1","1","2"
"田丰说绍曰","2","0","2"
"将军刘备杀","1","1","2"
"徐州刺史车","1","1","2"
"州刺史车胄","1","1","2"
"九江太守边","1","1","2"
"事中郎徐勋","1","1","2"
"相持百余日","2","0","2"
"将兵万余人","2","0","2"
"令四府九卿","1","1","2"
"牧守令长子","1","1","2"
"守令长子弟","1","1","2"
"牧守长吏子","1","1","2"
"守长吏子弟","1","1","2"
"季等数千人","1","1","2"
"等数千人攻","1","1","2"
"数千人攻杀","1","1","2"
"千人攻杀长","1","1","2"
"人攻杀长吏","1","1","2"
"言上书请兵","1","1","2"
"诩使二十强","1","1","2"
"使二十强弩","1","1","2"
"二十强弩共","1","1","2"
"十强弩共射","1","1","2"
"强弩共射一","1","1","2"
"弩共射一人","1","1","2"
"省四千余万","1","1","2"
"客星守羽林","1","1","2"
"门生百余人","2","0","2"
"贾朗等六人","1","1","2"
"谪罚吏人数","1","1","2"
"罚吏人数千","1","1","2"
"吏人数千万","1","1","2"
"傅燮字南容","1","1","2"
"诏会公卿百","1","1","2"
"会公卿百官","1","1","2"
"尚书郎杨赞","1","1","2"
"横行匈奴中","1","1","2"
"断匈奴右臂","2","0","2"
"使一州叛逆","1","1","2"
"割弃一方万","1","1","2"
"弃一方万里","1","1","2"
"赵忠车骑将","2","0","2"
"忠车骑将军","2","0","2"
"执金吾甄举","1","1","2"
"金吾甄举等","1","1","2"
"刺史耿鄙委","1","1","2"
"史耿鄙委任","1","1","2"
"耿鄙委任治","1","1","2"
"鄙委任治中","1","1","2"
"委任治中程","1","1","2"
"任治中程球","1","1","2"
"酒泉太守黄","1","1","2"
"泉太守黄衍","1","1","2"
"盖勋字元固","1","1","2"
"家世二千石","2","0","2"
"武威太守倚","1","1","2"
"威太守倚恃","1","1","2"
"事武都苏正","1","1","2"
"凉州刺史梁","1","1","2"
"州刺史梁鹄","1","1","2"
"扶风宋枭代","1","1","2"
"护羌校尉夏","1","1","2"
"羌校尉夏育","1","1","2"
"句就种羌滇","1","1","2"
"就种羌滇吾","1","1","2"
"活者千余人","2","0","2"
"佐军校尉袁","1","1","2"
"军校尉袁绍","1","1","2"
"校尉袁绍同","1","1","2"
"隶校尉张温","1","1","2"
"校尉张温举","1","1","2"
"长安令杨党","1","1","2"
"时小黄门京","1","1","2"
"小黄门京兆","1","1","2"
"黄门京兆高","1","1","2"
"门京兆高望","1","1","2"
"帝常手诏问","1","1","2"
"军皇甫嵩精","1","1","2"
"皇甫嵩精兵","1","1","2"
"甫嵩精兵三","1","1","2"
"嵩精兵三万","1","1","2"
"卓问司徒王","1","1","2"
"问司徒王允","1","1","2"
"复颍川太守","2","0","2"
"臧洪字子源","1","1","2"
"会稽妖贼许","1","1","2"
"稽妖贼许昭","1","1","2"
"太守张超请","1","1","2"
"讨虏校尉公","1","1","2"
"虏校尉公孙","1","1","2"
"大司马刘虞","1","1","2"
"张景明登坛","1","1","2"
"男女七八十","1","1","2"
"女七八十人","1","1","2"
"大会诸将见","1","1","2"
"见将军呼张","1","1","2"
"将军呼张陈","1","1","2"
"军呼张陈留","1","1","2"
"将军举大事","1","1","2"
"臧洪同日死","1","1","2"
"将军同日生","1","1","2"
"游五岳名山","1","1","2"
"北海太守素","1","1","2"
"平原李子云","1","1","2"
"君公遭乱独","1","1","2"
"避世墙东王","1","1","2"
"世墙东王君","1","1","2"
"墙东王君公","1","1","2"
"博士范升奏","1","1","2"
"士范升奏毁","1","1","2"
"山阳王成等","1","1","2"
"敢私窃虚名","1","1","2"
"著书上下篇","1","1","2"
"同郡谭贤伯","1","1","2"
"郡谭贤伯升","1","1","2"
"雁门殷谟君","1","1","2"
"门殷谟君长","1","1","2"
"会稽余姚人","1","1","2"
"太官朝夕进","2","0","2"
"少受业太学","2","0","2"
"纷纶井大春","1","1","2"
"光烈皇后弟","2","0","2"
"将作大匠任","1","1","2"
"作大匠任隗","1","1","2"
"大匠任隗举","1","1","2"
"齐悔入首阳","1","1","2"
"狐兔燕雀所","1","1","2"
"兔燕雀所敢","1","1","2"
"食客常三四","1","1","2"
"客常三四百","1","1","2"
"常三四百人","1","1","2"
"关东大豪戴","1","1","2"
"东大豪戴子","1","1","2"
"大豪戴子高","1","1","2"
"兄伯鸾居庐","1","1","2"
"同郡谢季孝","1","1","2"
"郡谢季孝问","1","1","2"
"陈留范冉等","1","1","2"
"留范冉等数","1","1","2"
"范冉等数百","1","1","2"
"冉等数百人","1","1","2"
"性恬静寡欲","1","1","2"
"同郡田弱荐","1","1","2"
"臣愿圣朝就","1","1","2"
"愿圣朝就加","1","1","2"
"友人郭正称","1","1","2"
"尚书郎南阳","1","1","2"
"书郎南阳张","1","1","2"
"郎南阳张温","1","1","2"
"守外黄令陈","1","1","2"
"外黄令陈留","1","1","2"
"南郡襄阳人","1","1","2"
"天下非所保","1","1","2"
"妻子登鹿门","1","1","2"
"子登鹿门山","1","1","2"
"关西孔子杨","1","1","2"
"西孔子杨伯","1","1","2"
"荆州茂才王","1","1","2"
"州茂才王密","1","1","2"
"名士陈留杨","1","1","2"
"士陈留杨伦","1","1","2"
"陈留杨伦等","1","1","2"
"故朝阳侯刘","2","0","2"
"阳侯刘护兄","2","0","2"
"侯刘护兄瑰","2","0","2"
"天子专封封","1","1","2"
"诸侯专爵爵","1","1","2"
"帝舅大鸿胪","1","1","2"
"舅大鸿胪耿","1","1","2"
"鸿胪耿宝荐","1","1","2"
"胪耿宝荐中","1","1","2"
"耿宝荐中常","1","1","2"
"宝荐中常侍","1","1","2"
"荐中常侍李","1","1","2"
"李常侍国家","1","1","2"
"常侍国家所","1","1","2"
"侍国家所重","1","1","2"
"兄执金吾阎","1","1","2"
"执金吾阎显","1","1","2"
"谢恽等更相","1","1","2"
"大司农帑藏","2","0","2"
"王永等分威","1","1","2"
"永等分威共","1","1","2"
"等分威共权","1","1","2"
"年十二月四","1","1","2"
"十二月四日","1","1","2"
"臣伏惟陛下","2","0","2"
"臣作威作福","2","0","2"
"作威作福玉","1","1","2"
"令威福久移","1","1","2"
"震前后所上","1","1","2"
"震太尉印绶","1","1","2"
"请大将军耿","1","1","2"
"将军耿宝奏","1","1","2"
"恶嬖女倾乱","1","1","2"
"弘农太守移","1","1","2"
"农太守移良","1","1","2"
"震诸子代邮","1","1","2"
"诸子代邮行","1","1","2"
"子代邮行书","1","1","2"
"周广等诛死","1","1","2"
"大鸟高丈余","1","1","2"
"书郎班固等","1","1","2"
"鲁文公毁泉","1","1","2"
"文公毁泉台","1","1","2"
"兄卫尉马廖","1","1","2"
"黄门郎年幼","1","1","2"
"终赞颂嘉瑞","1","1","2"
"帝永元九年","1","1","2"
"讥史官记事","1","1","2"
"诏将大夫六","1","1","2"
"将大夫六百","1","1","2"
"大夫六百石","1","1","2"
"忌故太史令","1","1","2"
"故太史令孙","1","1","2"
"太史令孙懿","1","1","2"
"帝始亲政事","2","0","2"
"追感祖母宋","1","1","2"
"感祖母宋贵","1","1","2"
"祖母宋贵人","1","1","2"
"斩首九百级","1","1","2"
"息四五千万","1","1","2"
"尚书令高堂","1","1","2"
"书令高堂芝","1","1","2"
"令高堂芝等","1","1","2"
"高堂芝等交","1","1","2"
"堂芝等交通","1","1","2"
"芝等交通属","1","1","2"
"等交通属托","1","1","2"
"河南张楷等","1","1","2"
"南张楷等谋","1","1","2"
"张楷等谋反","1","1","2"
"杜真等上书","1","1","2"
"孝文皇帝始","1","1","2"
"文皇帝始置","1","1","2"
"皇帝始置一","1","1","2"
"帝始置一经","1","1","2"
"始置一经博","1","1","2"
"置一经博士","1","1","2"
"武帝大合天","1","1","2"
"帝大合天下","1","1","2"
"更开拓房室","1","1","2"
"录囚徒数百","1","1","2"
"囚徒数百千","1","1","2"
"武陵蛮詹山","1","1","2"
"陵蛮詹山等","1","1","2"
"蛮詹山等四","1","1","2"
"詹山等四千","1","1","2"
"山等四千余","1","1","2"
"等四千余人","1","1","2"
"四千余人反","1","1","2"
"千余人反叛","1","1","2"
"宜超登后位","1","1","2"
"竟立窦皇后","1","1","2"
"诸公多荐举","1","1","2"
"辟车骑将军","2","0","2"
"汉阳贼边章","1","1","2"
"北军中侯邹","1","1","2"
"军中侯邹靖","1","1","2"
"中侯邹靖上","1","1","2"
"募陇西羌胡","1","1","2"
"陇西羌胡守","1","1","2"
"西羌胡守善","1","1","2"
"太守李参沉","1","1","2"
"守李参沉静","1","1","2"
"诏百官大会","1","1","2"
"百官大会朝","1","1","2"
"官大会朝堂","1","1","2"
"巾三十万众","2","0","2"
"三十万众入","2","0","2"
"劭纠率文武","1","1","2"
"纠率文武连","1","1","2"
"前后斩首数","1","1","2"
"后斩首数千","1","1","2"
"老弱万余人","1","1","2"
"辎重二千两","1","1","2"
"前太尉曹嵩","1","1","2"
"州牧陶谦素","1","1","2"
"安帝时河间","1","1","2"
"帝时河间人","1","1","2"
"时河间人尹","1","1","2"
"河间人尹次","1","1","2"
"颍川人史玉","1","1","2"
"刑罚时轻时","1","1","2"
"罚时轻时重","1","1","2"
"召忽亲死子","1","1","2"
"忽亲死子纠","1","1","2"
"父非错刻峻","1","1","2"
"胶西相董仲","1","1","2"
"西相董仲舒","1","1","2"
"相董仲舒老","1","1","2"
"董仲舒老病","1","1","2"
"廷尉张汤亲","1","1","2"
"二百三十二","1","1","2"
"二百五十篇","1","1","2"
"未足纲纪国","1","1","2"
"足纲纪国体","1","1","2"
"劭慨然叹息","1","1","2"
"官礼仪故事","1","1","2"
"凡朝廷制度","1","1","2"
"下诸官府郡","1","1","2"
"诸官府郡国","1","1","2"
"上前人像赞","1","1","2"
"百三十六篇","1","1","2"
"见神光照社","1","1","2"
"蒙神明顾省","1","1","2"
"刚柔舒急倨","1","1","2"
"柔舒急倨敬","1","1","2"
"故刊定诏书","1","1","2"
"明将军德盛","1","1","2"
"将军德盛位","1","1","2"
"恩信化诱殊","1","1","2"
"信化诱殊俗","1","1","2"
"入尚书仆射","2","0","2"
"将军梁冀贵","1","1","2"
"军梁冀贵戚","1","1","2"
"公卿下莫敢","2","0","2"
"能通经教授","1","1","2"
"县令陇西牛","1","1","2"
"令陇西牛述","1","1","2"
"帝游上林苑","1","1","2"
"中常侍黄门","1","1","2"
"侍中面称朕","1","1","2"
"中面称朕违","1","1","2"
"周公戒成王","2","0","2"
"幸臣李延年","1","1","2"
"故王者赏人","1","1","2"
"王者赏人必","1","1","2"
"者赏人必酬","1","1","2"
"公车征议郎","2","0","2"
"封大将军梁","1","1","2"
"将军梁商子","1","1","2"
"司隶校尉左","1","1","2"
"隶校尉左雄","1","1","2"
"校尉左雄荐","1","1","2"
"称柱天都部","1","1","2"
"平林后部攻","1","1","2"
"林后部攻新","1","1","2"
"后部攻新野","1","1","2"
"湖阳长公主","1","1","2"
"曾祖父节侯","1","1","2"
"广陵海西人","1","1","2"
"河内脩武人","1","1","2"
"会稽阳羡人","1","1","2"
"青州黄巾贼","1","1","2"
"杀任城相郑","1","1","2"
"任城相郑遂","1","1","2"
"荀卿十一世","1","1","2"
"卿十一世孙","1","1","2"
"王良字仲子","1","1","2"
"杜林字伯山","1","1","2"
"大议郊祀制","1","1","2"
"郭丹字少卿","1","1","2"
"太守杜诗请","1","1","2"
"丹荐乡人长","1","1","2"
"荐乡人长者","1","1","2"
"乡人长者代","1","1","2"
"门下掾王望","1","1","2"
"下掾王望举","1","1","2"
"掾王望举觞","1","1","2"
"王望举觞上","1","1","2"
"望举觞上寿","1","1","2"
"告庐江太守","1","1","2"
"定策封厨亭","1","1","2"
"策封厨亭侯","1","1","2"
"转将作大匠","1","1","2"
"窦太后复遣","1","1","2"
"太后复遣使","1","1","2"
"贾贵人生章","1","1","2"
"贵人生章帝","1","1","2"
"九年赐号灵","1","1","2"
"年赐号灵寿","1","1","2"
"赐号灵寿王","1","1","2"
"九年赐号重","1","1","2"
"年赐号重熹","1","1","2"
"赐号重熹王","1","1","2"
"十五年封乐","1","1","2"
"五年封乐成","1","1","2"
"年封乐成王","1","1","2"
"南深泽八县","1","1","2"
"奴婢二百人","1","1","2"
"余所受虎贲","1","1","2"
"愿陛下加大","1","1","2"
"陛下加大恩","1","1","2"
"天下知臣蒙","1","1","2"
"下知臣蒙恩","1","1","2"
"孙述遣将侯","1","1","2"
"述遣将侯丹","1","1","2"
"武都南击侯","1","1","2"
"都南击侯丹","1","1","2"
"卓茂字子康","1","1","2"
"门下掾祭酒","1","1","2"
"鲍宣六人同","1","1","2"
"宣六人同志","1","1","2"
"德胜人者昌","1","1","2"
"追赠益州太","1","1","2"
"赠益州太守","1","1","2"
"三迁五官中","1","1","2"
"辅威将军耿","1","1","2"
"威将军耿植","1","1","2"
"将军耿植代","1","1","2"
"军耿植代征","1","1","2"
"耿植代征南","1","1","2"
"植代征南大","1","1","2"
"代征南大将","1","1","2"
"围秦丰黎丘","2","0","2"
"食邑七千三","1","1","2"
"邑七千三百","1","1","2"
"七千三百户","1","1","2"
"都尉臧宫等","1","1","2"
"徙封余吾侯","1","1","2"
"河内太守寇","1","1","2"
"内太守寇恂","1","1","2"
"太守寇恂南","1","1","2"
"守寇恂南拒","1","1","2"
"寇恂南拒洛","1","1","2"
"恂南拒洛阳","1","1","2"
"北守天井关","1","1","2"
"议选大司空","1","1","2"
"王梁主卫作","1","1","2"
"梁主卫作玄","1","1","2"
"主卫作玄武","1","1","2"
"杜茂字诸公","1","1","2"
"马成字君迁","1","1","2"
"南阳棘阳人","2","0","2"
"督诛虏将军","1","1","2"
"诛虏将军刘","1","1","2"
"虏将军刘隆","1","1","2"
"振威将军宋","1","1","2"
"威将军宋登","1","1","2"
"射声校尉王","1","1","2"
"声校尉王赏","1","1","2"
"六安四郡兵","1","1","2"
"上樽酒十斛","1","1","2"
"傅俊字子卫","1","1","2"
"徙封芜湖侯","1","1","2"
"邓太后复封","1","1","2"
"封氵隐强侯","1","1","2"
"诸将攻洛阳","1","1","2"
"将守东城者","1","1","2"
"晨开上东门","1","1","2"
"马武字子张","1","1","2"
"祖破王寻等","1","1","2"
"书令谢躬共","1","1","2"
"令谢躬共攻","1","1","2"
"谢躬共攻王","1","1","2"
"躬共攻王郎","1","1","2"
"虎牙将军盖","1","1","2"
"牙将军盖延","1","1","2"
"斩首六百级","1","1","2"
"显宗追感前","1","1","2"
"宗追感前世","1","1","2"
"追感前世功","1","1","2"
"感前世功臣","1","1","2"
"大司马主簿","1","1","2"
"浮城中粮尽","1","1","2"
"徙封父城侯","1","1","2"
"千石长吏多","1","1","2"
"凡居官治民","1","1","2"
"更封杨邑乡","1","1","2"
"封杨邑乡侯","1","1","2"
"食三百五十","1","1","2"
"三百五十户","1","1","2"
"车驾西尽郡","1","1","2"
"驾西尽郡界","1","1","2"
"时大将军窦","1","1","2"
"将军窦宪免","1","1","2"
"冠军侯就国","1","1","2"
"袁绍勃海太","1","1","2"
"豫州刺史郭","1","1","2"
"州刺史郭贡","1","1","2"
"刺史郭贡率","1","1","2"
"史郭贡率兵","1","1","2"
"郭贡率兵数","1","1","2"
"贡率兵数万","1","1","2"
"千乘贞王伉","2","0","2"
"妃妾十一人","1","1","2"
"子女七十人","1","1","2"
"伎女二十四","1","1","2"
"女二十四人","1","1","2"
"宋昌八世孙","1","1","2"
"太后封宋衍","1","1","2"
"庆少子常保","1","1","2"
"常保广川王","2","0","2"
"子女十一人","1","1","2"
"女十一人皆","1","1","2"
"封女弟侍男","1","1","2"
"涅阳长公主","1","1","2"
"舞阴长公主","2","0","2"
"濮阳长公主","1","1","2"
"平氏长公主","1","1","2"
"梁太后立安","1","1","2"
"太后立安平","1","1","2"
"后立安平孝","1","1","2"
"立安平孝王","1","1","2"
"安平孝王子","1","1","2"
"平孝王子经","1","1","2"
"孝王子经侯","1","1","2"
"子经侯理甘","2","0","2"
"经侯理甘陵","2","0","2"
"侯理甘陵王","2","0","2"
"贵人年十三","1","1","2"
"王利子康济","2","0","2"
"利子康济南","2","0","2"
"子康济南王","2","0","2"
"奉孝仁皇祀","2","0","2"
"永元五年封","1","1","2"
"张晧字叔明","1","1","2"
"将军何进长","1","1","2"
"军何进长史","1","1","2"
"球时年六十","1","1","2"
"时年六十二","1","1","2"
"阳贼华孟称","2","0","2"
"贼华孟称黑","2","0","2"
"华孟称黑帝","2","0","2"
"大司马卫将","1","1","2"
"司马卫将军","1","1","2"
"礼说三年一","1","1","2"
"说三年一闰","1","1","2"
"尚书琁机钤","2","0","2"
"郑玄字康成","1","1","2"
"北海高密人","1","1","2"
"东郡张恭祖","1","1","2"
"姓小侯开学","1","1","2"
"赐布三百匹","1","1","2"
"韩康字伯休","1","1","2"
"改定章句十","1","1","2"
"定章句十五","1","1","2"
"章句十五万","1","1","2"
"迁将作大匠","1","1","2"
"太学博士舍","1","1","2"
"奉勤设方略","1","1","2"
"乌桓校尉王","1","1","2"
"桓校尉王元","1","1","2"
"校尉王元发","1","1","2"
"鲜卑五千余","1","1","2"
"卑五千余骑","1","1","2"
"鲜卑征讨叛","1","1","2"
"卑征讨叛羌","1","1","2"
"便取缣帛聚","1","1","2"
"释时俗嫌疑","1","1","2"
"桓帝时征博","1","1","2"
"帝时征博士","1","1","2"
"太尉杨秉等","1","1","2"
"尉杨秉等举","1","1","2"
"杨秉等举贤","1","1","2"
"秉等举贤良","1","1","2"
"等举贤良方","1","1","2"
"左雄字伯豪","1","1","2"
"南阳涅阳人","1","1","2"
"故太尉李固","1","1","2"
"大司农朱邑","1","1","2"
"右扶风尹翁","1","1","2"
"扶风尹翁归","1","1","2"
"所谓大直若","1","1","2"
"谓大直若屈","1","1","2"
"宣秉字巨公","1","1","2"
"张湛字子孝","1","1","2"
"吴良字大仪","1","1","2"
"承宫字少子","1","1","2"
"郑均字仲虞","1","1","2"
"东平任城人","1","1","2"
"赵典字仲经","1","1","2"
"罪恶诏书常","1","1","2"
"恶诏书常置","1","1","2"
"王深思悔过","1","1","2"
"周荣字平孙","1","1","2"
"魏霸字乔卿","1","1","2"
"济阴句阳人","1","1","2"
"刘宽字文饶","1","1","2"
"朱晖字文季","1","1","2"
"乐恢字伯奇","1","1","2"
"何敞字文高","1","1","2"
"景丹字孙卿","1","1","2"
"冯翊栎阳人","1","1","2"
"坚镡字子亻","1","1","2"
"朱浮字叔元","1","1","2"
"冯鲂字孝孙","1","1","2"
"虞延字子大","1","1","2"
"郑弘字巨君","1","1","2"
"悖乎令君器","2","0","2"
"乎令君器易","2","0","2"
"令君器易下","2","0","2"
"君器易下议","2","0","2"
"斗筲必能叨","2","0","2"
"筲必能叨天","2","0","2"
"狂夫竖臣奋","2","0","2"
"夫竖臣奋矣","2","0","2"
"黄宪字叔度","1","1","2"
"徐稺字孺子","1","1","2"
"处士豫章徐","1","1","2"
"士豫章徐稺","1","1","2"
"姜肱字伯淮","1","1","2"
"彭城广戚人","1","1","2"
"申屠蟠字子","1","1","2"
"屠蟠字子龙","1","1","2"
"军讨击关东","1","1","2"
"孔融字文举","1","1","2"
"孔子二十世","1","1","2"
"子二十世孙","1","1","2"
"袁绍地广兵","1","1","2"
"绍地广兵强","1","1","2"
"文丑勇冠三","1","1","2"
"丑勇冠三军","1","1","2"
"陈元字长孙","1","1","2"
"苍梧广信人","1","1","2"
"张霸字伯饶","1","1","2"
"悝立二十五","1","1","2"
"乐安国土卑","1","1","2"
"安国土卑湿","1","1","2"
"小娥姊字大","1","1","2"
"娥姊字大娥","1","1","2"
"太后诏追尊","1","1","2"
"追尊河间孝","1","1","2"
"尊河间孝王","1","1","2"
"夫人赵氏曰","2","0","2"
"人赵氏曰孝","2","0","2"
"赵氏曰孝穆","2","0","2"
"李夫人配食","1","1","2"
"张宗字诸君","1","1","2"
"南阳鲁阳人","1","1","2"
"滕抚字叔辅","1","1","2"
"度尚字博平","1","1","2"
"会稽乌伤人","1","1","2"
"颍川突骑安","1","1","2"
"川突骑安集","1","1","2"
"突骑安集荆","1","1","2"
"五帝四世代","1","1","2"
"南顿君立皇","1","1","2"
"顿君立皇考","1","1","2"
"君立皇考庙","1","1","2"
"大将军袁绍","1","1","2"
"虞诩字升卿","1","1","2"
"陈国武平人","1","1","2"
"三科募求壮","1","1","2"
"科募求壮士","1","1","2"
"中常侍张防","1","1","2"
"孝安皇帝任","1","1","2"
"司隶校尉虞","1","1","2"
"隶校尉虞诩","1","1","2"
"子源天下义","1","1","2"
"源天下义士","1","1","2"
"向长字子平","1","1","2"
"河内朝歌人","1","1","2"
"逢萌字子康","1","1","2"
"北海都昌人","1","1","2"
"周党字伯况","1","1","2"
"赐帛四十匹","1","1","2"
"王霸字儒仲","1","1","2"
"井丹字大春","1","1","2"
"梁鸿字伯鸾","1","1","2"
"高凤字文通","1","1","2"
"台佟字孝威","1","1","2"
"矫慎字仲彦","1","1","2"
"戴良字叔鸾","1","1","2"
"法真字高卿","1","1","2"
"津城门内第","1","1","2"
"城门内第舍","1","1","2"
"震部掾高舒","1","1","2"
"部掾高舒召","1","1","2"
"掾高舒召大","1","1","2"
"高舒召大匠","1","1","2"
"舒召大匠令","1","1","2"
"召大匠令史","1","1","2"
"杨终字子山","1","1","2"
"白虎观论考","1","1","2"
"虎观论考同","1","1","2"
"观论考同异","1","1","2"
"李法字伯度","1","1","2"
"汉中南郑人","1","1","2"
"应奉字世叔","1","1","2"
"亲故贤能功","1","1","2"
"故贤能功贵","1","1","2"
"贤能功贵勤","1","1","2"
"能功贵勤宾","1","1","2"
"霍谞字叔智","1","1","2"
"爰延字季平","1","1","2"
"刘玄字圣公","1","1","2"
"新市人王匡","1","1","2"
"张等北入南","1","1","2"
"等北入南阳","1","1","2"
"匡等进攻随","1","1","2"
"平林人陈牧","1","1","2"
"聚众千余人","1","1","2"
"破王莽前队","1","1","2"
"更始入都宛","1","1","2"
"始入都宛城","1","1","2"
"前钟武侯刘","1","1","2"
"钟武侯刘望","1","1","2"
"东海人公宾","1","1","2"
"宠姬韩夫人","1","1","2"
"姬韩夫人笑","1","1","2"
"使奋威大将","1","1","2"
"威大将军刘","1","1","2"
"大将军刘信","1","1","2"
"将军刘信击","1","1","2"
"棘阳人赵萌","1","1","2"
"太常将军刘","1","1","2"
"常将军刘祉","1","1","2"
"大将军刘嘉","1","1","2"
"卫尉大将军","1","1","2"
"尉大将军张","1","1","2"
"执金吾大将","1","1","2"
"金吾大将军","1","1","2"
"吾大将军廖","1","1","2"
"大将军廖湛","1","1","2"
"天大将军李","1","1","2"
"大将军李通","1","1","2"
"五威中郎将","1","1","2"
"威中郎将李","1","1","2"
"中郎将李轶","1","1","2"
"水衡大将军","1","1","2"
"衡大将军成","1","1","2"
"大将军成丹","1","1","2"
"大司空陈牧","1","1","2"
"骑大将军宋","1","1","2"
"大将军宋佻","1","1","2"
"王常等镇抚","1","1","2"
"常等镇抚关","1","1","2"
"等镇抚关东","1","1","2"
"更始纳赵萌","1","1","2"
"始纳赵萌女","1","1","2"
"安陵人弓林","1","1","2"
"陵人弓林等","1","1","2"
"御史大夫隗","1","1","2"
"史大夫隗嚣","1","1","2"
"大夫隗嚣合","1","1","2"
"夫隗嚣合谋","1","1","2"
"侍中刘能卿","1","1","2"
"中刘能卿知","1","1","2"
"妻子车骑百","1","1","2"
"子车骑百余","1","1","2"
"死者二千余","2","0","2"
"右辅都尉严","1","1","2"
"辅都尉严本","1","1","2"
"更始常依谢","1","1","2"
"始常依谢禄","1","1","2"
"常依谢禄居","1","1","2"
"杀杨州刺史","2","0","2"
"杨州刺史陈","2","0","2"
"户口尚数十","2","0","2"
"代汉者涂高","2","0","2"
"兴平二年冬","1","1","2"
"虑忠言逆耳","1","1","2"
"庐江太守刘","1","1","2"
"江太守刘勋","1","1","2"
"见司徒王允","1","1","2"
"尚书仆射士","1","1","2"
"书仆射士孙","1","1","2"
"使司隶校尉","1","1","2"
"稍迁陈留太","2","0","2"
"迁陈留太守","2","0","2"
"曹操东击陶","1","1","2"
"武阳人陈宫","1","1","2"
"曹操遣夏侯","2","0","2"
"辽西令支人","1","1","2"
"辽东属国长","1","1","2"
"东属国长史","1","1","2"
"鲜卑数百骑","1","1","2"
"将军张温讨","1","1","2"
"张纯等攻击","1","1","2"
"纯等攻击蓟","1","1","2"
"等攻击蓟中","1","1","2"
"辽西管子城","1","1","2"
"率步骑二万","1","1","2"
"步骑二万人","2","0","2"
"斩首三万余","1","1","2"
"首三万余级","1","1","2"
"车骑将军袁","1","1","2"
"骑将军袁绍","1","1","2"
"虎牙都尉刘","1","1","2"
"牙都尉刘勋","1","1","2"
"上谷太守高","1","1","2"
"谷太守高焉","1","1","2"
"甘陵相姚贡","1","1","2"
"勃海太守印","1","1","2"
"海太守印绶","1","1","2"
"太守印绶授","1","1","2"
"将步骑三万","2","0","2"
"步骑三万人","2","0","2"
"青州刺史田","1","1","2"
"州刺史田揩","1","1","2"
"揩连战二年","1","1","2"
"诱胡汉数万","1","1","2"
"胡汉数万人","1","1","2"
"渔阳太守邹","1","1","2"
"阳太守邹丹","1","1","2"
"太守邹丹战","1","1","2"
"乌桓峭王感","1","1","2"
"义合兵十万","1","1","2"
"斩首二万余","1","1","2"
"首二万余级","1","1","2"
"余众数千人","2","0","2"
"数千人退走","1","1","2"
"续率兵十万","1","1","2"
"封安国亭侯","1","1","2"
"迁车骑将军","2","0","2"
"阙宣称天子","2","0","2"
"同郡人笮融","1","1","2"
"官属送丧归","1","1","2"
"属送丧归葬","1","1","2"
"赐帛二十匹","1","1","2"
"使中傅赠送","1","1","2"
"后数应三公","2","0","2"
"数应三公命","2","0","2"
"太尉牟融举","1","1","2"
"尉牟融举贤","1","1","2"
"牟融举贤良","1","1","2"
"融举贤良方","1","1","2"
"五官中朗将","2","0","2"
"京师贵戚卫","1","1","2"
"师贵戚卫尉","1","1","2"
"贵戚卫尉马","1","1","2"
"戚卫尉马廖","1","1","2"
"谏议大夫江","1","1","2"
"议大夫江革","1","1","2"
"前太尉西曹","1","1","2"
"太尉西曹掾","1","1","2"
"尉西曹掾蒋","1","1","2"
"西曹掾蒋遵","1","1","2"
"南阳魏满字","1","1","2"
"阳魏满字叔","1","1","2"
"魏满字叔牙","1","1","2"
"济阴成武人","1","1","2"
"司徒黄琬特","1","1","2"
"徒黄琬特辟","1","1","2"
"济南伏生传","1","1","2"
"千乘欧阳生","1","1","2"
"曾孙欧阳高","1","1","2"
"小夏侯氏学","1","1","2"
"河内获嘉县","1","1","2"
"师大司徒欧","1","1","2"
"陈元上书追","1","1","2"
"济阴曹曾字","1","1","2"
"阴曹曾字伯","1","1","2"
"曹曾字伯山","1","1","2"
"汝阴人配社","1","1","2"
"敏待诏公车","1","1","2"
"辟大司空府","1","1","2"
"敏博通经记","1","1","2"
"迁谏议大夫","2","0","2"
"读吴王夫差","1","1","2"
"邻房生梁郁","1","1","2"
"僖诽谤先帝","1","1","2"
"直说书传实","1","1","2"
"说书传实事","1","1","2"
"僖兰台令史","1","1","2"
"大会孔氏男","1","1","2"
"会孔氏男子","1","1","2"
"孔氏男子二","1","1","2"
"氏男子二十","1","1","2"
"赐褒成侯损","1","1","2"
"时王莽秉政","1","1","2"
"复应州郡命","2","0","2"
"邵陵令任嘉","1","1","2"
"湖陆令张叠","1","1","2"
"徐州刺史刘","1","1","2"
"州刺史刘福","1","1","2"
"刺史刘福等","1","1","2"
"补常山王傅","1","1","2"
"扶风杜林传","1","1","2"
"弟原乡侯平","1","1","2"
"原乡侯平尚","1","1","2"
"乡侯平尚幼","1","1","2"
"诏问郡中诸","1","1","2"
"问郡中诸侯","1","1","2"
"州刺史观恂","1","1","2"
"刺史观恂荐","1","1","2"
"时五校官显","1","1","2"
"五校官显职","1","1","2"
"校官显职闲","1","1","2"
"般常将长水","1","1","2"
"常将长水胡","1","1","2"
"将长水胡骑","1","1","2"
"梦见先师东","1","1","2"
"见先师东里","1","1","2"
"先师东里先","1","1","2"
"师东里先生","1","1","2"
"大司农陈奇","1","1","2"
"太尉杨赐特","1","1","2"
"陈大夫设参","1","1","2"
"大夫设参门","1","1","2"
"宋司马造石","1","1","2"
"仲尼重明周","1","1","2"
"尼重明周礼","1","1","2"
"任光字伯卿","1","1","2"
"光冠服鲜明","1","1","2"
"五官掾郭唐","1","1","2"
"官掾郭唐等","1","1","2"
"掾郭唐等同","1","1","2"
"郭唐等同心","1","1","2"
"唐等同心固","1","1","2"
"等同心固守","1","1","2"
"发精兵四千","1","1","2"
"精兵四千人","1","1","2"
"力子都兵中","1","1","2"
"留南阳宗广","1","1","2"
"力子都兵百","1","1","2"
"子都兵百万","1","1","2"
"诩称校三老","1","1","2"
"东莱郡太守","1","1","2"
"渡河入魏郡","1","1","2"
"河入魏郡清","1","1","2"
"入魏郡清河","1","1","2"
"世祖入洛阳","1","1","2"
"李忠字仲都","1","1","2"
"署中数十人","1","1","2"
"王郎遣将攻","1","1","2"
"郎遣将攻信","1","1","2"
"遣将攻信都","1","1","2"
"信都大姓马","1","1","2"
"都大姓马宠","1","1","2"
"大姓马宠等","1","1","2"
"姓马宠等开","1","1","2"
"蒙明公大恩","1","1","2"
"诛杀数百人","1","1","2"
"南方海滨江","1","1","2"
"方海滨江淮","1","1","2"
"五官掾张万","1","1","2"
"选精骑二千","1","1","2"
"精骑二千余","1","1","2"
"骑二千余匹","1","1","2"
"路迎世祖军","1","1","2"
"王莽济平尹","1","1","2"
"时李轶兄弟","1","1","2"
"间兄弟称王","1","1","2"
"缣帛数百匹","1","1","2"
"率宗族宾客","2","0","2"
"宗族宾客二","1","1","2"
"族宾客二千","1","1","2"
"宾客二千余","1","1","2"
"客二千余人","1","1","2"
"王郎将李恽","1","1","2"
"十余万众射","2","0","2"
"余万众射犬","2","0","2"
"赖明公威德","1","1","2"
"遣骑都尉陈","1","1","2"
"骑都尉陈副","1","1","2"
"将军邓隆征","1","1","2"
"吏士百余骑","1","1","2"
"奉使见王侯","1","1","2"
"使见王侯牧","1","1","2"
"见王侯牧守","1","1","2"
"扬弟临邑侯","1","1","2"
"拥兵万余人","1","1","2"
"纯视事数月","1","1","2"
"兵击更始东","1","1","2"
"击更始东平","1","1","2"
"更始东平太","1","1","2"
"始东平太守","1","1","2"
"东平太守范","1","1","2"
"平太守范荆","1","1","2"
"进击太山济","1","1","2"
"击太山济南","1","1","2"
"百姓老小数","1","1","2"
"姓老小数千","1","1","2"
"济阴盗贼群","1","1","2"
"遣大司空李","1","1","2"
"盗贼九千余","1","1","2"
"贼九千余人","1","1","2"
"赤眉将军","2","0","2"
"父名母姓种","2","0","2"
"夏后氏太康","2","0","2"
"后氏太康失","2","0","2"
"戎人大败周","1","1","2"
"周贞王八年","1","1","2"
"贞王二十五","1","1","2"
"王二十五年","1","1","2"
"徒泾二十五","1","1","2"
"匈奴冒顿兵","1","1","2"
"研种留何率","1","1","2"
"封养牢姐种","1","1","2"
"光禄大夫义","1","1","2"
"禄大夫义渠","1","1","2"
"大夫义渠安","1","1","2"
"夫义渠安国","1","1","2"
"后将军赵充","1","1","2"
"将军赵充国","1","1","2"
"研十三世孙","1","1","2"
"十三世孙烧","1","1","2"
"右将军冯奉","1","1","2"
"将军冯奉世","1","1","2"
"军冯奉世击","1","1","2"
"掾班彪上言","2","0","2"
"蛮夷骑都尉","1","1","2"
"遣中郎将歙","2","0","2"
"中郎将歙等","2","0","2"
"武都参狼羌","2","0","2"
"都参狼羌反","2","0","2"
"太守刘盱遣","2","0","2"
"监军掾李苞","1","1","2"
"遣谒者张鸿","2","0","2"
"陇西长史田","1","1","2"
"西长史田飒","1","1","2"
"遣中郎将窦","2","0","2"
"军马武等击","2","0","2"
"谒者郭襄代","1","1","2"
"肃宗建初元","1","1","2"
"宗建初元年","1","1","2"
"安夷长宗延","1","1","2"
"夷长宗延追","1","1","2"
"西太守孙纯","1","1","2"
"度辽将军吴","1","1","2"
"辽将军吴棠","1","1","2"
"太守郝崇追","1","1","2"
"属国卢水胡","1","1","2"
"武威太守傅","1","1","2"
"威太守傅育","1","1","2"
"太守傅育代","1","1","2"
"布桥等五万","1","1","2"
"等五万余人","2","0","2"
"八百八十人","1","1","2"
"迷吾等五人","1","1","2"
"千人寇陇西","2","0","2"
"张掖太守邓","1","1","2"
"掖太守邓训","1","1","2"
"蜀郡太守聂","1","1","2"
"郡太守聂尚","1","1","2"
"使招呼迷唐","1","1","2"
"译田汜等五","1","1","2"
"居延都尉贯","1","1","2"
"延都尉贯友","1","1","2"
"汉阳太守史","1","1","2"
"阳太守史充","1","1","2"
"代郡太守吴","1","1","2"
"郡太守吴祉","1","1","2"
"遣行征西将","2","0","2"
"骑校尉赵代","1","1","2"
"酒泉太守周","1","1","2"
"泉太守周鲔","1","1","2"
"金城太守侯","1","1","2"
"城太守侯霸","1","1","2"
"麋相曹凤上","1","1","2"
"金城长史上","1","1","2"
"城长史上官","1","1","2"
"长史上官鸿","1","1","2"
"史上官鸿上","1","1","2"
"永初元年夏","1","1","2"
"遣骑都尉王","2","0","2"
"都尉王弘发","2","0","2"
"西域都护段","1","1","2"
"域都护段禧","1","1","2"
"事中郎司马","1","1","2"
"中郎司马钧","1","1","2"
"郎司马钧率","1","1","2"
"称天子北地","2","0","2"
"遣骑都尉任","2","0","2"
"都尉任仁督","1","1","2"
"汉中太守郑","1","1","2"
"中太守郑勤","1","1","2"
"太守郑勤移","1","1","2"
"死者三千余","2","0","2"
"门下史王宗","1","1","2"
"北军中候朱","1","1","2"
"军中候朱宠","1","1","2"
"六百一十六","1","1","2"
"陇西徙襄武","2","0","2"
"安定徙美阳","2","0","2"
"北地徙池阳","2","0","2"
"上党羊头山","1","1","2"
"者二百余人","2","0","2"
"称安汉将军","1","1","2"
"太守赵博遣","2","0","2"
"刺客杜习刺","1","1","2"
"客杜习刺杀","1","1","2"
"王信等六百","1","1","2"
"金银彩帛一","1","1","2"
"银彩帛一亿","1","1","2"
"分兵抄掠武","1","1","2"
"兵抄掠武都","1","1","2"
"汉中五官掾","1","1","2"
"中五官掾程","1","1","2"
"五官掾程信","1","1","2"
"官掾程信率","1","1","2"
"马贤将湟中","2","0","2"
"汉阳太守庞","1","1","2"
"阳太守庞参","1","1","2"
"遣中郎将尹","2","0","2"
"屯骑校尉班","1","1","2"
"骑校尉班雄","1","1","2"
"班雄屯三辅","2","0","2"
"左冯翊司马","1","1","2"
"北地太守盛","1","1","2"
"地太守盛包","1","1","2"
"右扶风都尉","1","1","2"
"扶风都尉皇","1","1","2"
"风都尉皇甫","1","1","2"
"都尉皇甫旗","1","1","2"
"尉皇甫旗等","1","1","2"
"马贤代校尉","2","0","2"
"三千五百人","1","1","2"
"左鹿蠡王须","1","1","2"
"鹿蠡王须沈","1","1","2"
"斩首八百余","2","0","2"
"首八百余级","2","0","2"
"破先零羌丁","2","0","2"
"先零羌丁奚","2","0","2"
"零羌丁奚城","2","0","2"
"榆鬼等五人","1","1","2"
"鬼等五人刺","1","1","2"
"等五人刺杀","1","1","2"
"刺史张乔尹","2","0","2"
"史张乔尹就","2","0","2"
"张乔尹就军","2","0","2"
"乔尹就军屯","2","0","2"
"募效功种号","1","1","2"
"效功种号封","1","1","2"
"功种号封刺","1","1","2"
"种号封刺杀","1","1","2"
"安定青石岸","1","1","2"
"战富平上河","2","0","2"
"西河虔人种","1","1","2"
"河虔人种羌","1","1","2"
"种羌雕何等","1","1","2"
"陇西种羌号","1","1","2"
"西种羌号良","1","1","2"
"种羌号良等","1","1","2"
"沈氐种羌五","1","1","2"
"氐种羌五千","1","1","2"
"千余人复寇","2","0","2"
"余人复寇张","2","0","2"
"人复寇张掖","2","0","2"
"斩首千八百","2","0","2"
"首千八百级","2","0","2"
"首虏二千余","2","0","2"
"虏二千余人","2","0","2"
"凉州刺史宗","1","1","2"
"州刺史宗汉","1","1","2"
"汉阳太守耿","1","1","2"
"阳太守耿种","1","1","2"
"假金印紫绶","2","0","2"
"诸郡兵乌桓","2","0","2"
"谒者郭璜督","1","1","2"
"者郭璜督促","1","1","2"
"右扶风韩皓","1","1","2"
"张掖太守马","1","1","2"
"掖太守马续","1","1","2"
"钟羌良封等","1","1","2"
"凉州刺史降","2","0","2"
"属国都尉击","1","1","2"
"饥指累祖等","1","1","2"
"指累祖等三","1","1","2"
"累祖等三百","1","1","2"
"三千余骑寇","2","0","2"
"傅难种羌等","1","1","2"
"骑都尉耿叔","1","1","2"
"中郎将庞浚","1","1","2"
"北地太守贾","1","1","2"
"地太守贾福","1","1","2"
"徙安定居扶","2","0","2"
"安定居扶风","2","0","2"
"赵冲汉阳太","2","0","2"
"冲汉阳太守","2","0","2"
"斩首八百级","2","0","2"
"羌校尉卫瑶","1","1","2"
"校尉卫瑶追","1","1","2"
"尉卫瑶追击","1","1","2"
"狐奴等五万","1","1","2"
"桓帝建二年","2","0","2"
"白马羌寇广","2","0","2"
"马羌寇广汉","2","0","2"
"羌寇广汉属","2","0","2"
"刺史率板蛮","2","0","2"
"史率板蛮讨","2","0","2"
"率板蛮讨破","2","0","2"
"南阳太守第","1","1","2"
"阳太守第五","1","1","2"
"太守第五访","1","1","2"
"济南相胡闳","1","1","2"
"皇甫规击破","2","0","2"
"等五六千人","1","1","2"
"太守孙羌击","1","1","2"
"郎将张奂追","1","1","2"
"煎羌寇武威","2","0","2"
"义胡北宫伯","2","0","2"
"广汉塞外白","1","1","2"
"汉塞外白马","1","1","2"
"塞外白马羌","1","1","2"
"等率种人五","2","0","2"
"光武封楼登","1","1","2"
"头等率种人","2","0","2"
"万七千二百","1","1","2"
"七千二百八","1","1","2"
"千二百八十","1","1","2"
"三万六千九","1","1","2"
"万六千九百","1","1","2"
"骑将军霍病","2","0","2"
"吴祐字季英","1","1","2"
"小史雍丘黄","1","1","2"
"史雍丘黄真","1","1","2"
"迁胶东侯相","1","1","2"
"时济北戴宏","1","1","2"
"官酒泉太守","2","0","2"
"啬夫孙性私","1","1","2"
"安丘男子毋","1","1","2"
"丘男子毋丘","1","1","2"
"男子毋丘长","1","1","2"
"将军梁冀表","1","1","2"
"目见天下人","1","1","2"
"延笃字叔坚","1","1","2"
"颍川唐溪典","1","1","2"
"客千里求利","1","1","2"
"太守李文德","1","1","2"
"弟渤海王悝","1","1","2"
"诏公卿平处","1","1","2"
"郡国所奏相","1","1","2"
"国所奏相连","1","1","2"
"诏书疾恶党","1","1","2"
"书疾恶党人","1","1","2"
"常侍侯览果","1","1","2"
"前孝廉裴瑜","1","1","2"
"孝廉裴瑜送","1","1","2"
"下廷尉诏狱","1","1","2"
"平原吏人奔","1","1","2"
"原吏人奔走","1","1","2"
"融外戚豪家","2","0","2"
"列女倡歌舞","1","1","2"
"太后父大将","2","0","2"
"父大将军窦","2","0","2"
"南郡太守马","1","1","2"
"郡太守马融","1","1","2"
"护乌桓中郎","1","1","2"
"乌桓中郎将","1","1","2"
"桓中郎将宗","1","1","2"
"中郎将宗员","1","1","2"
"北军五校士","1","1","2"
"天下诸郡兵","1","1","2"
"下诸郡兵征","1","1","2"
"斩获万余人","1","1","2"
"小黄门左丰","1","1","2"
"皇甫嵩讨平","1","1","2"
"甫嵩讨平黄","1","1","2"
"嵩讨平黄巾","1","1","2"
"将军何进谋","1","1","2"
"议郎彭伯谏","1","1","2"
"州牧袁绍请","1","1","2"
"故北中郎将","1","1","2"
"北中郎将卢","1","1","2"
"中郎将卢植","1","1","2"
"植抽白刃严","1","1","2"
"抽白刃严阁","1","1","2"
"赵岐字邠卿","1","1","2"
"娶扶风马融","1","1","2"
"河东太守刘","1","1","2"
"中常侍左悺","2","0","2"
"京兆尹延笃","1","1","2"
"岐家属宗亲","1","1","2"
"时安丘孙嵩","1","1","2"
"令骑屏行人","2","0","2"
"北海孙宾石","1","1","2"
"遭党锢十余","1","1","2"
"将军张温西","1","1","2"
"军张温西征","1","1","2"
"张温西征关","1","1","2"
"温西征关中","1","1","2"
"将军何进举","1","1","2"
"使太傅马日","1","1","2"
"将军董承修","1","1","2"
"军董承修理","1","1","2"
"董承修理宫","1","1","2"
"承修理宫室","1","1","2"
"光禄勋桓典","1","1","2"
"叔向四像居","1","1","2"
"向四像居宾","1","1","2"
"四像居宾位","1","1","2"
"吴汉字子颜","1","1","2"
"击斩王郎将","1","1","2"
"斩王郎将帅","1","1","2"
"赐号建策侯","1","1","2"
"光武将发幽","1","1","2"
"武将发幽州","1","1","2"
"诸将人人多","1","1","2"
"将人人多请","1","1","2"
"时光武南击","1","1","2"
"光武南击青","1","1","2"
"武南击青犊","1","1","2"
"北走隆虑山","1","1","2"
"留大将军刘","1","1","2"
"大将军刘庆","1","1","2"
"魏郡太守陈","1","1","2"
"郡太守陈康","1","1","2"
"太守陈康守","1","1","2"
"萧王兵强士","1","1","2"
"王兵强士附","1","1","2"
"谢躬内背萧","1","1","2"
"躬内背萧王","1","1","2"
"光武北击群","1","1","2"
"武北击群贼","1","1","2"
"汉率大司空","1","1","2"
"率大司空王","1","1","2"
"共击檀乡贼","1","1","2"
"击檀乡贼鄴","2","0","2"
"檀乡贼鄴东","2","0","2"
"复率诸将击","1","1","2"
"西山贼黎伯","1","1","2"
"山贼黎伯卿","1","1","2"
"贼黎伯卿等","1","1","2"
"汉进兵南阳","1","1","2"
"秦丰战黄邮","1","1","2"
"丰战黄邮水","1","1","2"
"战黄邮水上","1","1","2"
"汉将轻骑迎","1","1","2"
"选四部精兵","1","1","2"
"四部精兵黄","1","1","2"
"部精兵黄头","1","1","2"
"精兵黄头吴","1","1","2"
"兵黄头吴河","1","1","2"
"黄头吴河等","1","1","2"
"乌桓突骑三","1","1","2"
"桓突骑三千","1","1","2"
"汉长驱追击","1","1","2"
"击破五校贼","1","1","2"
"北击清河长","1","1","2"
"击清河长直","1","1","2"
"平原五里贼","1","1","2"
"鬲县五姓共","1","1","2"
"贼率五万余","1","1","2"
"率五万余人","1","1","2"
"汉西屯长安","1","1","2"
"长驱入江关","1","1","2"
"三万人溯江","1","1","2"
"遣子婿史兴","1","1","2"
"进军攻广都","1","1","2"
"步骑二万余","1","1","2"
"骑二万余人","1","1","2"
"二万余人进","1","1","2"
"万余人进逼","1","1","2"
"余人进逼成","1","1","2"
"人进逼成都","1","1","2"
"副将武威将","1","1","2"
"将武威将军","1","1","2"
"相二十余里","1","1","2"
"万余人劫刘","1","1","2"
"余人劫刘尚","1","1","2"
"诸君逾越险","1","1","2"
"君逾越险阻","1","1","2"
"刘尚二处受","1","1","2"
"尚二处受围","1","1","2"
"分兵拒江北","1","1","2"
"首五千余级","2","0","2"
"广都五十里","1","1","2"
"汉使护军高","1","1","2"
"使护军高午","1","1","2"
"令过家上冢","2","0","2"
"赐谷二万斛","1","1","2"
"将军马武北","1","1","2"
"军马武北击","1","1","2"
"马武北击匈","1","1","2"
"武北击匈奴","1","1","2"
"守将史歆反","1","1","2"
"攻太守张穆","1","1","2"
"蜀三郡兵围","1","1","2"
"三郡兵围成","1","1","2"
"郡兵围成都","1","1","2"
"徐容等惶恐","1","1","2"
"容等惶恐解","1","1","2"
"等惶恐解散","1","1","2"
"发北军五校","1","1","2"
"渔阳都尉严","1","1","2"
"阳都尉严宣","1","1","2"
"盖延字巨卿","1","1","2"
"驸马都尉马","1","1","2"
"马都尉马武","1","1","2"
"护军都尉马","1","1","2"
"军都尉马成","1","1","2"
"军王霸等南","1","1","2"
"王霸等南伐","1","1","2"
"霸等南伐刘","1","1","2"
"等南伐刘永","1","1","2"
"永沛郡太守","1","1","2"
"周建等三万","1","1","2"
"建等三万余","1","1","2"
"等三万余人","1","1","2"
"三万余人救","1","1","2"
"溺死者大半","1","1","2"
"将军庞萌攻","1","1","2"
"军庞萌攻西","1","1","2"
"庞萌攻西防","1","1","2"
"董宪将贲休","2","0","2"
"将贲休举兰","1","1","2"
"贲休举兰陵","1","1","2"
"休举兰陵城","1","1","2"
"延轻敌深入","1","1","2"
"讨虏将军王","1","1","2"
"军王霸等会","1","1","2"
"延西击街泉","1","1","2"
"陈俊字子昭","1","1","2"
"击铜马清阳","2","0","2"
"追奔二十余","1","1","2"
"奔二十余里","1","1","2"
"五校引退入","1","1","2"
"校引退入渔","1","1","2"
"引退入渔阳","1","1","2"
"司马吴汉承","1","1","2"
"强弩大将军","1","1","2"
"太山豪杰多","1","1","2"
"非陈俊莫能","1","1","2"
"破朐贼孙阳","1","1","2"
"臧宫字君翁","1","1","2"
"入下江兵中","1","1","2"
"将军祭遵击","2","0","2"
"击更始将左","1","1","2"
"更始将左防","1","1","2"
"更封期思侯","1","1","2"
"将军岑彭相","1","1","2"
"宫陈兵大会","1","1","2"
"岑彭等破荆","1","1","2"
"彭等破荆门","1","1","2"
"涪水上平曲","1","1","2"
"溺死者万余","1","1","2"
"蜀将王元举","1","1","2"
"将王元举众","1","1","2"
"斩公孙述弟","1","1","2"
"兵入小雒郭","1","1","2"
"入小雒郭门","1","1","2"
"定封朗陵侯","1","1","2"
"妖巫维汜弟","1","1","2"
"巫维汜弟子","1","1","2"
"维汜弟子单","1","1","2"
"汜弟子单臣","1","1","2"
"黎阳营数千","1","1","2"
"阳营数千人","1","1","2"
"公卿诸侯王","1","1","2"
"卿诸侯王问","1","1","2"
"诸侯王问方","1","1","2"
"侯王问方略","1","1","2"
"杨虚侯马武","2","0","2"
"虚侯马武上","1","1","2"
"侯马武上书","1","1","2"
"发河西四郡","1","1","2"
"臣恐陛下仁","1","1","2"
"恐陛下仁恩","1","1","2"
"屯田警备传","1","1","2"
"田警备传闻","1","1","2"
"汉侦察匈奴","1","1","2"
"置护乌桓校","1","1","2"
"度辽将军范","1","1","2"
"辽将军范明","1","1","2"
"将军范明友","1","1","2"
"旦等九百二","1","1","2"
"等九百二十","1","1","2"
"九百二十二","1","1","2"
"百二十二人","1","1","2"
"二十二人率","1","1","2"
"置乌桓校尉","1","1","2"
"永初三年夏","1","1","2"
"顺帝阳嘉四","1","1","2"
"帝阳嘉四年","1","1","2"
"阳嘉四年冬","1","1","2"
"乌桓寇云中","2","0","2"
"将军耿晔率","1","1","2"
"句龙吾斯反","1","1","2"
"郎将张耽击","2","0","2"
"将张耽击破","2","0","2"
"寇缘边九郡","2","0","2"
"弥天安定王","1","1","2"
"前将军公孙","1","1","2"
"乌桓校尉邢","1","1","2"
"桓校尉邢举","1","1","2"
"太守祭肜击","1","1","2"
"鲜卑寇辽西","2","0","2"
"都护偏何等","1","1","2"
"左伊育訾部","1","1","2"
"诣辽东受赏","2","0","2"
"辽东受赏赐","2","0","2"
"等率种人诣","2","0","2"
"率种人诣阙","2","0","2"
"赤山乌桓歆","1","1","2"
"山乌桓歆志","1","1","2"
"乌桓歆志贲","1","1","2"
"桓歆志贲等","1","1","2"
"二亿七千万","1","1","2"
"将军窦宪遣","2","0","2"
"右校尉耿夔","1","1","2"
"校尉耿夔击","1","1","2"
"鲜卑寇右北","2","0","2"
"卑寇右北平","2","0","2"
"渔阳太守击","2","0","2"
"阳太守击破","2","0","2"
"太守张显率","1","1","2"
"兵马掾严授","1","1","2"
"乌桓校尉所","1","1","2"
"元初二年秋","1","1","2"
"鲜卑连休等","1","1","2"
"发缘边诸郡","2","0","2"
"发积射士三","2","0","2"
"积射士三千","2","0","2"
"射士三千人","2","0","2"
"中郎将马续","1","1","2"
"郎将马续率","1","1","2"
"塞追击鲜卑","1","1","2"
"建光元年秋","1","1","2"
"乌桓校尉徐","1","1","2"
"桓校尉徐常","1","1","2"
"幽州刺史庞","1","1","2"
"州刺史庞参","1","1","2"
"延光元年冬","1","1","2"
"将万余骑入","2","0","2"
"南匈奴曼柏","2","0","2"
"永建元年秋","1","1","2"
"中郎将张国","1","1","2"
"兵步骑万余","2","0","2"
"步骑万余人","2","0","2"
"千余骑寇辽","2","0","2"
"余骑寇辽东","2","0","2"
"阳嘉元年冬","1","1","2"
"奴中郎将赵","1","1","2"
"中郎将赵稠","1","1","2"
"奴骨都侯夫","1","1","2"
"骨都侯夫沈","1","1","2"
"都侯夫沈等","1","1","2"
"夫沈金印紫","1","1","2"
"沈金印紫绶","1","1","2"
"永寿二年秋","1","1","2"
"将张奂率南","2","0","2"
"张奂率南单","2","0","2"
"印绶封檀石","1","1","2"
"绶封檀石槐","1","1","2"
"熹平三年冬","1","1","2"
"护羌校尉田","1","1","2"
"羌校尉田晏","1","1","2"
"破鲜卑中郎","1","1","2"
"鲜卑中郎将","1","1","2"
"奴中郎将臧","1","1","2"
"时年四十五","1","1","2"
"张升字彦真","1","1","2"
"陈留尉氏人","1","1","2"
"刺世疾邪赋","1","1","2"
"司徒袁逢受","1","1","2"
"徒袁逢受计","1","1","2"
"计吏数百人","1","1","2"
"汉阳赵元叔","1","1","2"
"壹独柴车草","1","1","2"
"陟前坐车下","1","1","2"
"州郡争致礼","1","1","2"
"郡争致礼命","1","1","2"
"袁逢使善相","1","1","2"
"振鹭集西雍","1","1","2"
"令史陈留边","1","1","2"
"郦炎字文胜","1","1","2"
"余所作杂文","1","1","2"
"所作杂文数","1","1","2"
"作杂文数十","1","1","2"
"杂文数十篇","1","1","2"
"京兆第五永","1","1","2"
"彪独作箴曰","1","1","2"
"荐县人申徒","1","1","2"
"县人申徒蟠","1","1","2"
"人申徒蟠等","1","1","2"
"祢衡字正平","1","1","2"
"使监厨请客","1","1","2"
"处士平原祢","1","1","2"
"士平原祢衡","1","1","2"
"贾谊求试属","1","1","2"
"谊求试属国","1","1","2"
"荆州士大夫","1","1","2"
"太守黄祖性","1","1","2"
"守黄祖性急","1","1","2"
"共读蔡邕所","1","1","2"
"读蔡邕所作","1","1","2"
"蔡邕所作碑","1","1","2"
"邕所作碑文","1","1","2"
"时大会宾客","1","1","2"
"仕郡文学掾","1","1","2"
"外高祖破羌","1","1","2"
"高祖破羌将","1","1","2"
"祖破羌将军","1","1","2"
"破羌将军辛","1","1","2"
"羌将军辛武","1","1","2"
"将军辛武贤","1","1","2"
"杜氏文明善","1","1","2"
"沛国史岑子","1","1","2"
"国史岑子孝","1","1","2"
"夏恭字敬公","1","1","2"
"明皇帝功德","1","1","2"
"黄香字文强","1","1","2"
"天下双江夏","2","0","2"
"下双江夏黄","2","0","2"
"侍中贾逵荐","1","1","2"
"谒者仆射刘","1","1","2"
"者仆射刘珍","1","1","2"
"仆射刘珍等","1","1","2"
"帝废太子济","2","0","2"
"废太子济阴","2","0","2"
"刘珍字秋孙","1","1","2"
"崔琦字子玮","1","1","2"
"能结纳贞良","1","1","2"
"使玄黄改色","1","1","2"
"边韶字孝先","1","1","2"
"陈留浚仪人","1","1","2"
"隗嚣字季孟","1","1","2"
"所谓神道设","1","1","2"
"谓神道设教","1","1","2"
"手揖诸将军","1","1","2"
"汉复元年七","1","1","2"
"复元年七月","1","1","2"
"秦始皇毁坏","1","1","2"
"始皇毁坏谥","1","1","2"
"皇毁坏谥法","1","1","2"
"下三万六千","1","1","2"
"生者奔亡流","1","1","2"
"者奔亡流散","1","1","2"
"大司马董忠","1","1","2"
"卫将军王涉","1","1","2"
"兵二百余万","1","1","2"
"击杀雍州牧","1","1","2"
"杀雍州牧陈","1","1","2"
"雍州牧陈庆","1","1","2"
"安定大尹王","1","1","2"
"定大尹王向","1","1","2"
"平阿侯谭子","2","0","2"
"光武叔父国","1","1","2"
"武叔父国三","1","1","2"
"叔父国三老","1","1","2"
"执金吾邓晔","1","1","2"
"夜斩平城门","1","1","2"
"斩平城门关","1","1","2"
"称西州上将","1","1","2"
"西州上将军","1","1","2"
"耆老士大夫","1","1","2"
"陈仓人吕鲔","1","1","2"
"仓人吕鲔拥","1","1","2"
"人吕鲔拥众","1","1","2"
"吕鲔拥众数","1","1","2"
"鲔拥众数万","1","1","2"
"数千百人踯","1","1","2"
"千百人踯躅","1","1","2"
"智士计功割","1","1","2"
"士计功割地","1","1","2"
"遣长史上书","1","1","2"
"愿天下统一","1","1","2"
"嚣遣子入侍","2","0","2"
"遣卫尉铫期","1","1","2"
"遣建威大将","1","1","2"
"等七将军陇","2","0","2"
"七将军陇道","2","0","2"
"将军陇道伐","2","0","2"
"军祭遵等击","1","1","2"
"祭遵等击破","1","1","2"
"冯异率诸将","1","1","2"
"王元拒陇坻","2","0","2"
"行巡守番须","1","1","2"
"巡守番须口","1","1","2"
"王孟塞鸡头","1","1","2"
"孟塞鸡头道","1","1","2"
"使王遵持节","1","1","2"
"王遵持节监","1","1","2"
"遵持节监大","1","1","2"
"持节监大司","1","1","2"
"节监大司马","1","1","2"
"监大司马吴","1","1","2"
"司马吴汉留","1","1","2"
"马吴汉留屯","1","1","2"
"大将十三人","1","1","2"
"王元入蜀求","1","1","2"
"元入蜀求救","1","1","2"
"军岑彭围西","1","1","2"
"岑彭围西城","1","1","2"
"军盖延围上","1","1","2"
"蜀救兵五千","1","1","2"
"盖延等攻破","1","1","2"
"延等攻破落","1","1","2"
"等攻破落门","1","1","2"
"将军臧宫破","1","1","2"
"军臧宫破延","1","1","2"
"臧宫破延岑","1","1","2"
"牛邯字孺卿","1","1","2"
"司徒司直杜","1","1","2"
"徒司直杜林","1","1","2"
"太中大夫马","1","1","2"
"中大夫马援","1","1","2"
"宾客数十骑","1","1","2"
"遣门下掾随","1","1","2"
"南阳人宗成","1","1","2"
"称定汉将军","1","1","2"
"王莽庸部牧","1","1","2"
"众合数万人","1","1","2"
"使人诈称汉","1","1","2"
"人诈称汉使","1","1","2"
"诈称汉使者","1","1","2"
"益州牧印绶","1","1","2"
"选精兵千余","1","1","2"
"精兵千余人","1","1","2"
"更始遣柱功","1","1","2"
"始遣柱功侯","1","1","2"
"遣柱功侯李","1","1","2"
"州刺史张忠","1","1","2"
"蜀地沃野千","1","1","2"
"地沃野千里","1","1","2"
"建武元年四","1","1","2"
"武元年四月","1","1","2"
"关中豪杰吕","1","1","2"
"中豪杰吕鲔","1","1","2"
"豪杰吕鲔等","1","1","2"
"会聚兵甲数","1","1","2"
"聚兵甲数十","1","1","2"
"兵甲数十万","1","1","2"
"甲数十万人","1","1","2"
"使将军李育","1","1","2"
"取荆州诸郡","1","1","2"
"符命鬼神瑞","1","1","2"
"命鬼神瑞应","1","1","2"
"遇更始政乱","1","1","2"
"发国内精兵","1","1","2"
"将万余人救","2","0","2"
"嚣将王元降","1","1","2"
"大司徒任满","1","1","2"
"南郡太守程","1","1","2"
"将军冯骏等","1","1","2"
"述将王政斩","1","1","2"
"光禄勋张隆","1","1","2"
"歙急攻王元","1","1","2"
"令刺杀岑彭","1","1","2"
"将军臧宫所","1","1","2"
"汉副将刘尚","1","1","2"
"赵缪王子林","2","0","2"
"成帝子子舆","2","0","2"
"帝子子舆者","2","0","2"
"张参等通谋","1","1","2"
"更始元年十","1","1","2"
"始元年十二","1","1","2"
"率车骑数百","1","1","2"
"东郡太守翟","1","1","2"
"郡太守翟义","1","1","2"
"严乡侯刘信","1","1","2"
"郎太守王饶","1","1","2"
"留将军邓满","1","1","2"
"谏议大夫杜","1","1","2"
"议大夫杜威","1","1","2"
"大夫杜威持","1","1","2"
"使成帝复生","1","1","2"
"郎少傅李立","1","1","2"
"平帝外家卫","1","1","2"
"帝外家卫氏","1","1","2"
"辅国大将军","1","1","2"
"诸豪杰沛人","1","1","2"
"豪杰沛人周","1","1","2"
"杰沛人周建","1","1","2"
"沛人周建等","1","1","2"
"西防贼帅山","1","1","2"
"防贼帅山阳","1","1","2"
"贼帅山阳佼","1","1","2"
"东海人董宪","1","1","2"
"翼汉大将军","1","1","2"
"步辅汉大将","2","0","2"
"周建合军救","1","1","2"
"永走保湖陵","1","1","2"
"永遣使立张","1","1","2"
"遣使立张步","1","1","2"
"董宪海西王","2","0","2"
"马吴汉等围","1","1","2"
"吴汉等围苏","1","1","2"
"汉等围苏茂","1","1","2"
"盖延等合军","1","1","2"
"延等合军围","1","1","2"
"永将庆吾斩","1","1","2"
"骑都尉王霸","1","1","2"
"苏茂将五校","2","0","2"
"茂将五校兵","2","0","2"
"建兄子诵反","2","0","2"
"将军杜茂攻","1","1","2"
"军杜茂攻佼","1","1","2"
"桃乡六十里","1","1","2"
"率众军进桃","1","1","2"
"夜弃辎重逃","1","1","2"
"弃辎重逃奔","1","1","2"
"招诱五校余","1","1","2"
"诱五校余贼","1","1","2"
"五校余贼步","1","1","2"
"校余贼步骑","1","1","2"
"余贼步骑数","1","1","2"
"贼步骑数千","1","1","2"
"步骑数千人","1","1","2"
"昌虑三十里","1","1","2"
"遣吴汉追击","1","1","2"
"苏茂奔张步","1","1","2"
"庞萌走入缯","1","1","2"
"萌走入缯山","1","1","2"
"军士高扈斩","1","1","2"
"吴汉校尉韩","1","1","2"
"汉校尉韩湛","1","1","2"
"校尉韩湛追","1","1","2"
"尉韩湛追斩","1","1","2"
"张步字文公","1","1","2"
"时梁王刘永","1","1","2"
"玄武大将军","1","1","2"
"步退保平寿","1","1","2"
"妻子逃奔临","1","1","2"
"子逃奔临淮","1","1","2"
"太守陈俊追","1","1","2"
"守陈俊追击","1","1","2"
"王莽叔父平","1","1","2"
"莽叔父平阿","1","1","2"
"叔父平阿侯","1","1","2"
"东郡三十余","1","1","2"
"郡三十余万","1","1","2"
"三十余万户","1","1","2"
"江贼王州公","1","1","2"
"贼王州公等","1","1","2"
"军马成等击","1","1","2"
"州牧欧阳歙","1","1","2"
"庐江人陈众","1","1","2"
"彭宠字伯通","1","1","2"
"行渔阳太守","1","1","2"
"光武镇慰河","1","1","2"
"武镇慰河北","1","1","2"
"问幽州牧朱","1","1","2"
"前吴汉北发","1","1","2"
"吴汉北发兵","1","1","2"
"汉北发兵时","1","1","2"
"弟子后兰卿","1","1","2"
"军邓隆救蓟","1","1","2"
"发轻骑三千","1","1","2"
"轻骑三千袭","1","1","2"
"疑子后兰卿","1","1","2"
"苍头子密等","1","1","2"
"头子密等三","1","1","2"
"子密等三人","1","1","2"
"国师韩利斩","1","1","2"
"卢芳字君期","1","1","2"
"曾孙刘文伯","1","1","2"
"小子回卿逃","1","1","2"
"渠王入五原","1","1","2"
"王入五原塞","1","1","2"
"胡骑击杀代","1","1","2"
"骑击杀代郡","1","1","2"
"击杀代郡太","1","1","2"
"杀代郡太守","1","1","2"
"五原太守李","1","1","2"
"原太守李兴","1","1","2"
"太守李兴兄","1","1","2"
"守李兴兄弟","1","1","2"
"云中太守桥","1","1","2"
"中太守桥扈","1","1","2"
"太守桥扈恐","1","1","2"
"守桥扈恐惧","1","1","2"
"贾览共攻云","1","1","2"
"览共攻云中","1","1","2"
"随昱留守九","1","1","2"
"昱留守九原","1","1","2"
"赐缯二万匹","1","1","2"
"陛下圣德高","1","1","2"
"下圣德高明","1","1","2"
"闵林相攻连","1","1","2"
"林相攻连月","1","1","2"
"遣数百骑迎","1","1","2"
"谢夷吾上书","1","1","2"
"著书三十余","1","1","2"
"书三十余篇","1","1","2"
"天下百郡千","1","1","2"
"下百郡千县","1","1","2"
"取土作丸卖","1","1","2"
"作泥车瓦狗","1","1","2"
"世圣人易棺","2","0","2"
"圣人易棺椁","2","0","2"
"度辽将军皇","1","1","2"
"辽将军皇甫","1","1","2"
"将军皇甫规","1","1","2"
"军皇甫规解","1","1","2"
"招致四方游","1","1","2"
"时年四十一","1","1","2"
"时匈奴扰乱","1","1","2"
"建武五年冬","1","1","2"
"偏将军随弟","1","1","2"
"将军随弟屯","1","1","2"
"延岑护军邓","1","1","2"
"岑护军邓仲","1","1","2"
"护军邓仲况","1","1","2"
"军邓仲况拥","1","1","2"
"邓仲况拥兵","1","1","2"
"先避害然后","1","1","2"
"避害然后求","1","1","2"
"害然后求利","1","1","2"
"镇星绕带天","1","1","2"
"星绕带天街","1","1","2"
"东海董宪迷","1","1","2"
"海董宪迷惑","1","1","2"
"太守刘君共","1","1","2"
"周循学习先","1","1","2"
"邓太后使中","1","1","2"
"太后使中常","1","1","2"
"后使中常侍","1","1","2"
"汉三百五十","1","1","2"
"三百五十年","1","1","2"
"州蛮夷贼杀","1","1","2"
"常侍张逵等","1","1","2"
"诬罔大将军","1","1","2"
"罔大将军梁","1","1","2"
"将军梁商专","1","1","2"
"军梁冀威权","1","1","2"
"梁冀威权倾","1","1","2"
"冀威权倾朝","1","1","2"
"赐车马钱帛","1","1","2"
"上名录者三","1","1","2"
"名录者三千","1","1","2"
"郡文学掾史","1","1","2"
"文学掾史春","1","1","2"
"学掾史春秋","1","1","2"
"掾史春秋飨","1","1","2"
"史春秋飨射","1","1","2"
"春秋飨射常","1","1","2"
"文帝时丞相","1","1","2"
"莽令元后下","1","1","2"
"令元后下诏","1","1","2"
"遂避地河西","2","0","2"
"人所归者天","1","1","2"
"所归者天所","1","1","2"
"将军共同吉","1","1","2"
"军共同吉凶","1","1","2"
"东方政教日","1","1","2"
"群臣莫敢正","1","1","2"
"臣莫敢正言","1","1","2"
"哀帝时任司","1","1","2"
"帝时任司隶","1","1","2"
"时任司隶校","1","1","2"
"都尉路平承","1","1","2"
"尉路平承望","1","1","2"
"拔佩刀截马","1","1","2"
"遣谏议大夫","1","1","2"
"谏议大夫储","1","1","2"
"议大夫储大","1","1","2"
"大夫储大伯","1","1","2"
"上将军列侯","1","1","2"
"将军列侯印","1","1","2"
"军列侯印绶","1","1","2"
"同心客百余","1","1","2"
"心客百余人","1","1","2"
"更始河内太","1","1","2"
"始河内太守","1","1","2"
"董宪裨将屯","1","1","2"
"宪裨将屯兵","1","1","2"
"丰等共会观","1","1","2"
"等共会观视","1","1","2"
"帝叔父赵王","1","1","2"
"路经更始墓","1","1","2"
"太中大夫张","1","1","2"
"中大夫张湛","1","1","2"
"诸郡守多下","1","1","2"
"郡守多下狱","1","1","2"
"恽仰占玄象","1","1","2"
"时左队大夫","1","1","2"
"使黄门近臣","1","1","2"
"同郡郑敬南","1","1","2"
"天下易一人","1","1","2"
"将军亲率士","1","1","2"
"军亲率士卒","1","1","2"
"恽友人董子","1","1","2"
"友人董子张","1","1","2"
"守欧阳歙请","1","1","2"
"西部督邮繇","1","1","2"
"部督邮繇延","1","1","2"
"门下掾郑敬","1","1","2"
"下掾郑敬进","1","1","2"
"客居江夏教","1","1","2"
"居江夏教授","1","1","2"
"陛下远猎山","1","1","2"
"下远猎山林","1","1","2"
"尊养三老五","1","1","2"
"养三老五更","1","1","2"
"诸儒执经问","1","1","2"
"二百四十房","1","1","2"
"千八百五十","1","1","2"
"八百五十室","1","1","2"
"定兰台漆书","1","1","2"
"兰台漆书经","1","1","2"
"台漆书经字","1","1","2"
"隶三体书法","1","1","2"
"能通经名家","1","1","2"
"齐人辕固生","1","1","2"
"赏赐珍玩束","1","1","2"
"赐珍玩束帛","1","1","2"
"济阴王文学","1","1","2"
"教授山泽中","1","1","2"
"著录数千人","2","0","2"
"侍中淳恭奏","2","0","2"
"太常试经第","1","1","2"
"常试经第一","1","1","2"
"友人董奉德","1","1","2"
"说灾异谶纬","1","1","2"
"东平王苍所","1","1","2"
"赐车马财物","1","1","2"
"车马财物遣","1","1","2"
"诗题约义通","1","1","2"
"赐冢茔陪园","1","1","2"
"冢茔陪园陵","1","1","2"
"显宗特诏补","1","1","2"
"宗特诏补北","1","1","2"
"特诏补北宫","1","1","2"
"诏补北宫卫","1","1","2"
"补北宫卫士","1","1","2"
"北宫卫士令","1","1","2"
"劝课掾史弟","1","1","2"
"课掾史弟子","1","1","2"
"司徒桓虞府","1","1","2"
"九江谢曼卿","1","1","2"
"司空杜林更","1","1","2"
"空杜林更受","1","1","2"
"时济南徐巡","1","1","2"
"苍授梁人戴","1","1","2"
"授梁人戴德","1","1","2"
"董钧字文伯","1","1","2"
"草创五郊祭","1","1","2"
"创五郊祭祀","1","1","2"
"常教授门生","1","1","2"
"注小戴所传","1","1","2"
"恭学义精明","1","1","2"
"公羊严氏春","1","1","2"
"羊严氏春秋","1","1","2"
"泽果敢直言","1","1","2"
"北地太守廖","1","1","2"
"地太守廖信","1","1","2"
"光禄勋孙堪","1","1","2"
"大司农常冲","1","1","2"
"河南缑氏人","1","1","2"
"校尉举奏免","1","1","2"
"一岁三百六","1","1","2"
"岁三百六十","1","1","2"
"三百六十日","1","1","2"
"三百五十九","1","1","2"
"百五十九日","1","1","2"
"五十九日斋","1","1","2"
"钟兴字次文","1","1","2"
"使宗室诸侯","1","1","2"
"生教训太子","1","1","2"
"楼望字次子","1","1","2"
"转太中大夫","2","0","2"
"会稽顾奉等","1","1","2"
"稽顾奉等数","1","1","2"
"顾奉等数百","1","1","2"
"奉等数百人","1","1","2"
"李育字元春","1","1","2"
"何休字邵公","1","1","2"
"春秋公羊解","1","1","2"
"秋公羊解诂","1","1","2"
"师博士羊弼","1","1","2"
"休道术深明","1","1","2"
"服虔字子慎","1","1","2"
"秋左氏传解","1","1","2"
"春秋左氏条","1","1","2"
"秋左氏条例","1","1","2"
"河东人乐详","1","1","2"
"东人乐详条","1","1","2"
"叔孙通进说","1","1","2"
"车司马令谢","1","1","2"
"汉朝追匡衡","1","1","2"
"先师垂典文","1","1","2"
"刘昆字桓公","1","1","2"
"昆避难河南","1","1","2"
"避难河南负","1","1","2"
"难河南负犊","1","1","2"
"河南负犊山","1","1","2"
"南负犊山中","1","1","2"
"县连年火灾","1","1","2"
"能降雨止风","1","1","2"
"诸王小侯五","1","1","2"
"王小侯五十","1","1","2"
"小侯五十余","1","1","2"
"侯五十余人","1","1","2"
"诏赐洛阳第","1","1","2"
"赐洛阳第舍","1","1","2"
"中元二年卒","1","1","2"
"常避世教授","1","1","2"
"仲桓问任安","1","1","2"
"说经铿铿杨","1","1","2"
"经铿铿杨子","1","1","2"
"铿铿杨子行","1","1","2"
"辟司徒冯勤","1","1","2"
"司徒冯勤府","1","1","2"
"张掖属国都","1","1","2"
"掖属国都尉","1","1","2"
"成丹西入南","1","1","2"
"丹西入南郡","1","1","2"
"国将哀章守","1","1","2"
"将哀章守洛","1","1","2"
"哀章守洛阳","1","1","2"
"遣定国上公","1","1","2"
"上公王匡攻","1","1","2"
"公王匡攻洛","1","1","2"
"王匡攻洛阳","1","1","2"
"西屏大将军","1","1","2"
"屏大将军申","1","1","2"
"大将军申屠","1","1","2"
"将军申屠建","1","1","2"
"李松攻武关","1","1","2"
"使苏茂拒赤","1","1","2"
"苏茂拒赤眉","1","1","2"
"死者三万余","1","1","2"
"五原九原人","1","1","2"
"始昌传族子","1","1","2"
"昌传族子胜","1","1","2"
"济阴定陶人","1","1","2"
"捕男子周虑","1","1","2"
"王莽成卒正","2","0","2"
"引兵击破白","1","1","2"
"兵击破白奢","1","1","2"
"击破白奢贼","1","1","2"
"更封灵寿侯","1","1","2"
"万封重平侯","1","1","2"
"绥封平台侯","1","1","2"
"应司徒胡广","1","1","2"
"建安六年卒","1","1","2"
"更始遣尚书","2","0","2"
"遣尚书令谢","1","1","2"
"书令谢躬率","1","1","2"
"六将军攻王","1","1","2"
"将军攻王郎","1","1","2"
"军冯异击昌","1","1","2"
"冯异击昌城","1","1","2"
"异击昌城五","1","1","2"
"击昌城五楼","1","1","2"
"昌城五楼贼","1","1","2"
"城五楼贼张","1","1","2"
"五楼贼张文","1","1","2"
"楼贼张文等","1","1","2"
"刘永将周建","1","1","2"
"陈俊等守广","1","1","2"
"俊等守广乐","1","1","2"
"兵助盖延围","1","1","2"
"助盖延围刘","1","1","2"
"延围刘永睢","2","0","2"
"围刘永睢阳","2","0","2"
"汉率建威大","2","0","2"
"率建威大将","2","0","2"
"将军王常等","1","1","2"
"率征南大将","1","1","2"
"将军岑彭等","1","1","2"
"军岑彭等伐","1","1","2"
"岑彭等伐公","1","1","2"
"彭等伐公孙","1","1","2"
"等伐公孙述","1","1","2"
"永弃城走湖","1","1","2"
"弃城走湖陵","1","1","2"
"苏茂奔广乐","1","1","2"
"更封新处侯","1","1","2"
"中大夫持节","2","0","2"
"车骑将军朱","1","1","2"
"乡人号曰文","1","1","2"
"人号曰文德","1","1","2"
"号曰文德先","1","1","2"
"曰文德先生","1","1","2"
"李尤字伯仁","1","1","2"
"百二十三篇","1","1","2"
"王莽国师刘","1","1","2"
"莽国师刘歆","1","1","2"
"国师刘歆引","1","1","2"
"遣使聘请平","1","1","2"
"使聘请平陵","1","1","2"
"聘请平陵人","1","1","2"
"请平陵人方","1","1","2"
"上将军隗嚣","1","1","2"
"白虎将军隗","1","1","2"
"虎将军隗崔","1","1","2"
"左将军隗义","1","1","2"
"右将军杨广","1","1","2"
"明威将军王","1","1","2"
"威将军王遵","1","1","2"
"云旗将军周","1","1","2"
"旗将军周宗","1","1","2"
"将军周宗等","1","1","2"
"新都侯王莽","1","1","2"
"杀孝平皇帝","1","1","2"
"前王莽平河","1","1","2"
"王莽平河大","1","1","2"
"莽平河大尹","1","1","2"
"平河大尹长","1","1","2"
"河大尹长安","1","1","2"
"大尹长安谷","1","1","2"
"尹长安谷恭","1","1","2"
"平襄人行巡","1","1","2"
"长陵人王元","1","1","2"
"大司空扶安","1","1","2"
"司空扶安王","1","1","2"
"空扶安王印","1","1","2"
"扶安王印绶","1","1","2"
"安王印绶授","1","1","2"
"使将军侯丹","1","1","2"
"将军侯丹开","1","1","2"
"军侯丹开白","1","1","2"
"侯丹开白水","1","1","2"
"丹开白水关","1","1","2"
"阆中下江州","1","1","2"
"多刻天下牧","1","1","2"
"刻天下牧守","1","1","2"
"备置公卿百","1","1","2"
"大司徒谢丰","1","1","2"
"执金吾袁吉","1","1","2"
"岑三合三胜","1","1","2"
"赵国邯郸人","1","1","2"
"建武二年夏","1","1","2"
"陈留人苏茂","1","1","2"
"更始讨难将","1","1","2"
"始讨难将军","1","1","2"
"朱鲔等守洛","1","1","2"
"鲔等守洛阳","1","1","2"
"吴汉进围朐","1","1","2"
"遣魏郡王闳","1","1","2"
"光武遣光禄","1","1","2"
"武遣光禄大","1","1","2"
"夫伏隆持节","2","0","2"
"发步骑三千","1","1","2"
"吴汉行长史","1","1","2"
"使左南将军","1","1","2"
"左南将军七","1","1","2"
"南将军七八","1","1","2"
"将军七八千","1","1","2"
"军七八千骑","1","1","2"
"尚书韩立等","1","1","2"
"书韩立等共","1","1","2"
"韩立等共立","1","1","2"
"曾祖母匈奴","1","1","2"
"祖母匈奴谷","1","1","2"
"母匈奴谷蠡","1","1","2"
"匈奴谷蠡浑","1","1","2"
"奴谷蠡浑邪","1","1","2"
"谷蠡浑邪王","1","1","2"
"三水属国羌","1","1","2"
"水属国羌胡","1","1","2"
"五原人李兴","1","1","2"
"朔方人田飒","1","1","2"
"代郡人石鲔","1","1","2"
"安定临泾人","1","1","2"
"仲长统字公","1","1","2"
"长统字公理","1","1","2"
"苏竟字伯况","1","1","2"
"刘歆等共典","1","1","2"
"歆等共典校","1","1","2"
"等共典校书","1","1","2"
"杨厚字仲桓","1","1","2"
"郡县督促发","1","1","2"
"县督促发遣","1","1","2"
"连上西北二","1","1","2"
"上西北二方","1","1","2"
"宦者褒信侯","1","1","2"
"者褒信侯李","1","1","2"
"褒信侯李元","1","1","2"
"信侯李元等","1","1","2"
"申屠刚字巨","1","1","2"
"屠刚字巨卿","1","1","2"
"鲍永字君长","1","1","2"
"降者数千人","1","1","2"
"郅恽字君章","1","1","2"
"明天文历数","1","1","2"
"遇积弩将军","1","1","2"
"积弩将军傅","1","1","2"
"弩将军傅俊","1","1","2"
"将军傅俊东","1","1","2"
"多伤人害物","1","1","2"
"明经下第补","1","1","2"
"经下第补弟","1","1","2"
"下第补弟子","1","1","2"
"乙科员十人","2","0","2"
"郡国耆儒皆","1","1","2"
"国耆儒皆补","1","1","2"
"耆儒皆补郎","1","1","2"
"丁宽授田王","1","1","2"
"宽授田王孙","1","1","2"
"王孙授沛人","1","1","2"
"孙授沛人施","1","1","2"
"授沛人施雠","1","1","2"
"沛人高相传","1","1","2"
"兰陵毋将永","1","1","2"
"京氏四家皆","1","1","2"
"氏四家皆立","1","1","2"
"四家皆立博","1","1","2"
"司空宋弘荐","1","1","2"
"授千乘王伉","1","1","2"
"建初二年冬","1","1","2"
"肃宗行飨礼","1","1","2"
"赐葬显节陵","1","1","2"
"葬显节陵下","1","1","2"
"任末字叔本","1","1","2"
"会稽澹台敬","1","1","2"
"稽澹台敬伯","1","1","2"
"载西京杂事","1","1","2"
"孔安国所献","1","1","2"
"古经五十六","1","1","2"
"经五十六篇","1","1","2"
"事大鸿胪王","1","1","2"
"大鸿胪王临","1","1","2"
"瑕丘江公传","1","1","2"
"补弘农文学","1","1","2"
"卫尉马廖举","1","1","2"
"事六百余条","1","1","2"
"颍容字子严","1","1","2"
"许慎字叔重","1","1","2"
"蔡玄字叔陵","1","1","2"
"行古任定祖","1","1","2"
"陶谦字恭祖","1","1","2"
"江革字次翁","1","1","2"
"欧阳歙字正","1","1","2"
"阳歙字正思","1","1","2"
"乐安千乘人","1","1","2"
"牟长字君高","1","1","2"
"乐安临济人","1","1","2"
"宋登字叔阳","1","1","2"
"京兆长安人","1","1","2"
"尹敏字幼季","1","1","2"
"南阳堵阳人","1","1","2"
"周防字伟公","1","1","2"
"杨伦字仲理","1","1","2"
"留河内朝歌","1","1","2"
"刘般字伯兴","1","1","2"
"赵咨字文楚","1","1","2"
"邳彤字伟君","1","1","2"
"耿纯字伯山","1","1","2"
"巨鹿宋子人","1","1","2"
"刘植字伯先","1","1","2"
"巨鹿昌城人","1","1","2"
"州刺史皮杨","1","1","2"
"谨略陈八事","1","1","2"
"卖饼北海市","1","1","2"
"饼北海市中","1","1","2"
"赵壹字元叔","1","1","2"
"汉阳西县人","1","1","2"
"太守皇甫规","1","1","2"
"刘梁字曼山","1","1","2"
"东平宁阳人","1","1","2"
"侯瑾字子瑜","1","1","2"
"高彪字义方","1","1","2"
"杜笃字季雅","1","1","2"
"王隆字文山","1","1","2"
"傅毅字武仲","1","1","2"
"苏顺字孝山","1","1","2"
"葛龚字元甫","1","1","2"
"梁国宁陵人","1","1","2"
"王逸字叔师","1","1","2"
"南郡宜城人","1","1","2"
"徒邓禹西击","1","1","2"
"邓禹西击赤","1","1","2"
"禹西击赤眉","1","1","2"
"帝轩辕受命","1","1","2"
"梁郡睢阳人","1","1","2"
"鲁人申公受","1","1","2"
"高诩字季回","1","1","2"
"包咸字子良","1","1","2"
"会稽曲阿人","1","1","2"
"魏应字君伯","1","1","2"
"景鸾字汉伯","1","1","2"
"广汉梓潼人","1","1","2"
"薛汉字公子","1","1","2"
"召驯字伯春","1","1","2"
"九江寿春人","1","1","2"
"杨仁字文义","1","1","2"
"巴郡阆中人","1","1","2"
"赵晔字长君","1","1","2"
"卫宏字敬仲","1","1","2"
"齐胡母子都","1","1","2"
"胡母子都传","1","1","2"
"公授东海孟","1","1","2"
"授东海孟卿","1","1","2"
"孟卿授鲁人","1","1","2"
"卿授鲁人眭","1","1","2"
"授鲁人眭孟","1","1","2"
"眭孟授东海","1","1","2"
"孟授东海严","1","1","2"
"授东海严彭","1","1","2"
"东海严彭祖","1","1","2"
"鲁人颜安乐","1","1","2"
"丁恭字子然","1","1","2"
"山阳东缗人","1","1","2"
"甄宇字长文","1","1","2"
"程曾字秀升","1","1","2"
"张玄字君夏","1","1","2"
"河内河阳人","1","1","2"
"驳何休所驳","1","1","2"
"何休所驳汉","1","1","2"
"休所驳汉事","1","1","2"
"所驳汉事六","1","1","2"
"驳汉事六十","1","1","2"
"汉事六十条","1","1","2"
"南阳章陵人","1","1","2"
"使良才抱朴","1","1","2"
"良才抱朴逃","1","1","2"
"洼丹字子玉","1","1","2"
"南阳育阳人","1","1","2"
"任安字定祖","1","1","2"
"广汉绵竹人","1","1","2"
"杨政字子行","1","1","2"
"张兴字君上","1","1","2"
"颍川鄢陵人","1","1","2"
"魏朗字少英","1","1","2"
"巴肃字恭祖","1","1","2"
"二万五千人","1","1","2"
"嘉海内洗心","2","0","2"
"走彭城武原","1","1","2"
"彭城武原县","1","1","2"
"时辽东太守","1","1","2"
"太守祭肜威","1","1","2"
"地方二千里","2","0","2"
"北夷索离国","1","1","2"
"王遣使奉贡","2","0","2"
"尉仇台印绶","1","1","2"
"桓帝延熹四","1","1","2"
"帝延熹四年","1","1","2"
"台将二万余","2","0","2"
"玄菟太守公","1","1","2"
"菟太守公孙","1","1","2"
"长一尺八寸","1","1","2"
"辽西大尹田","1","1","2"
"西大尹田谭","1","1","2"
"大尹田谭追","1","1","2"
"尹田谭追击","1","1","2"
"高句骊遣使","2","0","2"
"二十三年冬","1","1","2"
"句骊蚕支落","1","1","2"
"骊蚕支落大","1","1","2"
"蚕支落大加","1","1","2"
"支落大加戴","1","1","2"
"落大加戴升","1","1","2"
"大加戴升等","1","1","2"
"诣乐浪内属","2","0","2"
"句骊王宫生","1","1","2"
"太守蔡讽等","1","1","2"
"兵曹掾龙端","1","1","2"
"兵马掾公孙","1","1","2"
"犯辽东西安","1","1","2"
"辽东西安平","1","1","2"
"高句骊盖马","1","1","2"
"句骊盖马大","1","1","2"
"骊盖马大山","1","1","2"
"属乐浪东部","1","1","2"
"乐浪东部都","1","1","2"
"浪东部都尉","1","1","2"
"廉斯人苏马","1","1","2"
"光武封苏马","1","1","2"
"汉廉斯邑君","1","1","2"
"界拘邪韩国","1","1","2"
"建武中元二","1","1","2"
"倭国王帅升","1","1","2"
"国王帅升等","1","1","2"
"河南尹房植","1","1","2"
"天下规矩房","1","1","2"
"下规矩房伯","1","1","2"
"规矩房伯武","1","1","2"
"师获印周仲","1","1","2"
"获印周仲进","1","1","2"
"汝南太守宗","1","1","2"
"南太守宗资","1","1","2"
"汝南太守范","1","1","2"
"南太守范孟","1","1","2"
"太守范孟博","1","1","2"
"南阳宗资主","1","1","2"
"阳宗资主画","1","1","2"
"宗资主画诺","1","1","2"
"流言转入太","1","1","2"
"言转入太学","1","1","2"
"诸生三万余","1","1","2"
"生三万余人","1","1","2"
"渤海公族进","1","1","2"
"海公族进阶","1","1","2"
"扶风魏齐卿","1","1","2"
"养太学游士","1","1","2"
"张俭乡人朱","1","1","2"
"上书告俭同","2","0","2"
"同乡二十四","1","1","2"
"乡二十四人","1","1","2"
"大长秋曹节","1","1","2"
"任城相刘儒","1","1","2"
"太守曹鸾上","1","1","2"
"守曹鸾上书","1","1","2"
"曹鸾上书大","1","1","2"
"诏州郡更考","1","1","2"
"门生故吏父","1","1","2"
"纲纪文章荡","1","1","2"
"纪文章荡然","1","1","2"
"刘淑字仲承","1","1","2"
"淑贤良方正","1","1","2"
"窦武等通谋","1","1","2"
"李膺字元礼","1","1","2"
"司徒胡广所","2","0","2"
"徒胡广所辟","2","0","2"
"鲜卑寇云中","2","0","2"
"大姓羊元群","1","1","2"
"坐输作左校","2","0","2"
"司农刘祐等","1","1","2"
"左校刑徒前","1","1","2"
"校刑徒前廷","1","1","2"
"刑徒前廷尉","1","1","2"
"徒前廷尉冯","1","1","2"
"前廷尉冯绲","1","1","2"
"居阳城山中","1","1","2"
"将军窦武共","1","1","2"
"杜密字周甫","1","1","2"
"蜀郡告归乡","1","1","2"
"郡告归乡里","1","1","2"
"太傅陈蕃辅","1","1","2"
"傅陈蕃辅政","1","1","2"
"夏馥字子治","1","1","2"
"宗慈字孝初","1","1","2"
"南阳士大夫","1","1","2"
"同囚乡人殷","1","1","2"
"囚乡人殷陶","1","1","2"
"县令郭揖大","1","1","2"
"令郭揖大惊","1","1","2"
"龙舒君归黄","1","1","2"
"舒君归黄泉","1","1","2"
"时年三十三","1","1","2"
"三迁邯郸令","1","1","2"
"蔡衍字孟喜","1","1","2"
"劾奏河间相","1","1","2"
"奏河间相曹","1","1","2"
"河间相曹鼎","1","1","2"
"腾使大将军","1","1","2"
"使大将军梁","1","1","2"
"太尉李固府","1","1","2"
"大鸿胪郭防","1","1","2"
"大司农冯方","1","1","2"
"司隶校尉许","1","1","2"
"隶校尉许冰","1","1","2"
"州刺史杨熙","1","1","2"
"州刺史刘恭","1","1","2"
"州刺史庞艾","1","1","2"
"常侍侯览家","1","1","2"
"同郡二十四","1","1","2"
"郡二十四人","1","1","2"
"外黄令毛钦","1","1","2"
"张俭知名天","1","1","2"
"俭知名天下","1","1","2"
"岑晊字公孝","1","1","2"
"太守弘农成","1","1","2"
"常侍侯览使","1","1","2"
"陈翔字子麟","1","1","2"
"豫章太守王","1","1","2"
"章太守王永","1","1","2"
"太守王永奏","1","1","2"
"守王永奏事","1","1","2"
"王永奏事中","1","1","2"
"永奏事中官","1","1","2"
"吴郡太守徐","1","1","2"
"郡太守徐参","1","1","2"
"补御史中丞","1","1","2"
"卿相牧守五","1","1","2"
"相牧守五十","1","1","2"
"牧守五十三","1","1","2"
"守五十三人","1","1","2"
"太尉举方正","1","1","2"
"苑康字仲真","1","1","2"
"山阳张俭杀","1","1","2"
"阳张俭杀常","1","1","2"
"张俭杀常侍","1","1","2"
"俭杀常侍侯","1","1","2"
"杀常侍侯览","1","1","2"
"州刺史第五","1","1","2"
"刺史第五种","1","1","2"
"太山羊陟等","1","1","2"
"太尉黄琼举","1","1","2"
"贾彪字伟节","1","1","2"
"说城门校尉","1","1","2"
"彪兄弟三人","1","1","2"
"何颙字伯求","1","1","2"
"友人虞伟高","1","1","2"
"司徒王允等","1","1","2"
"徒王允等共","1","1","2"
"人西迎叔父","1","1","2"
"太保甄丰举","1","1","2"
"杀一大尹赎","1","1","2"
"一大尹赎二","1","1","2"
"大尹赎二千","1","1","2"
"尹赎二千人","1","1","2"
"朝廷多荐言","1","1","2"
"见足下体淳","1","1","2"
"足下体淳淑","1","1","2"
"掾属三十人","1","1","2"
"前后奏记数","1","1","2"
"后奏记数十","1","1","2"
"侍中贾逵质","1","1","2"
"中贾逵质正","1","1","2"
"贾逵质正大","1","1","2"
"逵质正大义","1","1","2"
"将军邓遵所","1","1","2"
"时阎太后称","1","1","2"
"阎太后称制","1","1","2"
"使废黜正统","1","1","2"
"引立济阴王","1","1","2"
"将军兄弟传","1","1","2"
"军兄弟传祚","1","1","2"
"孙程立济阴","1","1","2"
"程立济阴王","1","1","2"
"将军梁商初","1","1","2"
"军梁商初开","1","1","2"
"稻田数百顷","1","1","2"
"少府窦章共","1","1","2"
"府窦章共荐","1","1","2"
"方承百王敝","2","0","2"
"萧何作九章","1","1","2"
"少府何豹上","1","1","2"
"府何豹上书","1","1","2"
"光禄勋杨赐","1","1","2"
"后传数十篇","1","1","2"
"君子左丘明","1","1","2"
"帝王公侯卿","1","1","2"
"王公侯卿大","1","1","2"
"公侯卿大夫","1","1","2"
"太中大夫陆","1","1","2"
"中大夫陆贾","1","1","2"
"大夫陆贾记","1","1","2"
"夫陆贾记录","1","1","2"
"太史令司马","1","1","2"
"史令司马迁","1","1","2"
"令司马迁采","1","1","2"
"汉列国时事","1","1","2"
"司徒玉况府","1","1","2"
"班超字仲升","1","1","2"
"杀匈奴使者","1","1","2"
"立龟兹人兜","1","1","2"
"龟兹人兜题","1","1","2"
"攻姑墨石城","1","1","2"
"取三十六国","1","1","2"
"龟兹侍子白","1","1","2"
"兹侍子白霸","1","1","2"
"疏勒都尉番","1","1","2"
"勒都尉番辰","1","1","2"
"遣卫侯李邑","1","1","2"
"卫侯李邑护","1","1","2"
"侯李邑护送","1","1","2"
"李邑护送乌","1","1","2"
"邑护送乌孙","1","1","2"
"护送乌孙使","1","1","2"
"送乌孙使者","1","1","2"
"晓示康居王","1","1","2"
"遣司马姚光","1","1","2"
"鄯善等八国","1","1","2"
"千四百人讨","1","1","2"
"焉耆左侯元","1","1","2"
"耆左侯元孟","1","1","2"
"支等三十人","1","1","2"
"国相腹久等","1","1","2"
"相腹久等十","1","1","2"
"腹久等十七","1","1","2"
"久等十七人","1","1","2"
"斩首五千余","1","1","2"
"三十余万头","1","1","2"
"西域五十余","1","1","2"
"域五十余国","1","1","2"
"军司马班超","1","1","2"
"司马班超安","1","1","2"
"入二十二年","1","1","2"
"妹同郡曹寿","1","1","2"
"西域都护定","1","1","2"
"域都护定远","1","1","2"
"都护定远侯","1","1","2"
"卿大夫咸怀","1","1","2"
"大夫咸怀一","1","1","2"
"夫咸怀一切","1","1","2"
"十四年八月","1","1","2"
"戊己校尉任","1","1","2"
"己校尉任尚","1","1","2"
"迁屯骑校尉","2","0","2"
"会叛羌寇三","2","0","2"
"叛羌寇三辅","2","0","2"
"同产皆弃市","2","0","2"
"敦煌太守曹","1","1","2"
"煌太守曹宗","1","1","2"
"敦煌郡营兵","1","1","2"
"长乐卫尉镡","1","1","2"
"乐卫尉镡显","1","1","2"
"司隶校尉崔","1","1","2"
"延光二年夏","1","1","2"
"龟兹王白英","1","1","2"
"匈奴伊蠡王","1","1","2"
"前部五千余","1","1","2"
"部五千余人","1","1","2"
"酒泉六千骑","1","1","2"
"车师前部兵","1","1","2"
"后部王军就","1","1","2"
"匈奴持节使","1","1","2"
"奴持节使者","1","1","2"
"立后部故王","1","1","2"
"后部故王子","1","1","2"
"部故王子加","1","1","2"
"故王子加特","1","1","2"
"王子加特奴","1","1","2"
"匈奴呼衍王","1","1","2"
"贵人骨都侯","1","1","2"
"焉耆王元孟","1","1","2"
"将河西四郡","2","0","2"
"郡兵三千人","1","1","2"
"国兵四万余","1","1","2"
"兵四万余人","1","1","2"
"遣子诣阙贡","2","0","2"
"尚上书求救","1","1","2"
"河西四郡羌","1","1","2"
"西四郡羌胡","1","1","2"
"四郡羌胡五","1","1","2"
"郡羌胡五千","1","1","2"
"羌胡五千骑","1","1","2"
"骑都尉段禧","1","1","2"
"西域长史赵","1","1","2"
"域长史赵博","1","1","2"
"说龟兹王白","1","1","2"
"龟兹王白霸","1","1","2"
"骆驼畜产数","1","1","2"
"驼畜产数万","1","1","2"
"畜产数万头","1","1","2"
"朝廷大发兵","1","1","2"
"万余人攻亭","1","1","2"
"大豪三百余","1","1","2"
"豪三百余人","1","1","2"
"武功美阳关","1","1","2"
"大司农何熙","1","1","2"
"司农何熙行","1","1","2"
"农何熙行车","1","1","2"
"何熙行车骑","1","1","2"
"熙行车骑将","1","1","2"
"羽林五校营","1","1","2"
"林五校营士","1","1","2"
"缘边十郡兵","1","1","2"
"边十郡兵二","1","1","2"
"十郡兵二万","1","1","2"
"郡兵二万余","1","1","2"
"兵二万余人","1","1","2"
"太守耿夔率","1","1","2"
"耿夔共击匈","1","1","2"
"夔共击匈奴","1","1","2"
"共击匈奴奥","1","1","2"
"奥鞬日逐王","2","0","2"
"郎将耿种美","2","0","2"
"将耿种美稷","2","0","2"
"匈奴左将军","1","1","2"
"校书郎马融","1","1","2"
"书郎马融上","1","1","2"
"郎马融上书","1","1","2"
"护羌校尉庞","1","1","2"
"羌校尉庞参","1","1","2"
"前后数十辈","1","1","2"
"京兆尹阎兴","1","1","2"
"时长安铸钱","1","1","2"
"淮阳国医工","1","1","2"
"阳国医工长","1","1","2"
"会稽太守上","1","1","2"
"稽太守上书","1","1","2"
"使阴就归国","1","1","2"
"诸王主贵戚","1","1","2"
"贲中郎将窦","1","1","2"
"中郎将窦宪","1","1","2"
"二千石奉终","2","0","2"
"加赐钱五十","1","1","2"
"时部县亭长","1","1","2"
"司徒侯霸府","1","1","2"
"建叩头服罪","1","1","2"
"永平三年夏","1","1","2"
"谢公卿百僚","1","1","2"
"见司农上簿","1","1","2"
"近臣尚书下","2","0","2"
"能宣化理职","1","1","2"
"诗必言宴乐","1","1","2"
"陛下垂圣德","1","1","2"
"调补辰阳长","1","1","2"
"围武威将军","1","1","2"
"司马吕种守","1","1","2"
"马吕种守沅","1","1","2"
"吕种守沅陵","1","1","2"
"种守沅陵长","1","1","2"
"中黄门慰问","1","1","2"
"均才任宰相","1","1","2"
"三府掾属共","1","1","2"
"隧乡侯耿建","1","1","2"
"朗陵侯臧信","1","1","2"
"护泽侯邓鲤","1","1","2"
"曲成侯刘建","1","1","2"
"旧制大罪祸","1","1","2"
"肃宗大会群","1","1","2"
"宗大会群臣","1","1","2"
"三老吏人上","1","1","2"
"老吏人上书","1","1","2"
"吏人上书陈","1","1","2"
"时年八十四","1","1","2"
"陇西临洮人","1","1","2"
"六郡良家子","1","1","2"
"西域戊己校","1","1","2"
"域戊己校尉","1","1","2"
"北地先零羌","1","1","2"
"罕河关群盗","1","1","2"
"河关群盗反","1","1","2"
"关群盗反叛","1","1","2"
"金城人边章","1","1","2"
"参军事孙坚","1","1","2"
"司马扶风马","1","1","2"
"马扶风马腾","1","1","2"
"军皇甫嵩击","1","1","2"
"信都令汉阳","1","1","2"
"校尉袁绍谋","1","1","2"
"中常侍段珪","1","1","2"
"常侍段珪等","1","1","2"
"侍段珪等劫","1","1","2"
"段珪等劫少","2","0","2"
"珪等劫少帝","2","0","2"
"等劫少帝陈","2","0","2"
"劫少帝陈留","2","0","2"
"少帝陈留王","2","0","2"
"执金吾丁原","1","1","2"
"免司空刘弘","1","1","2"
"议太后迫永","2","0","2"
"太后迫永乐","2","0","2"
"迫永乐太后","1","1","2"
"官诛杀忠良","1","1","2"
"吏部尚书汉","1","1","2"
"部尚书汉阳","1","1","2"
"尚书汉阳周","1","1","2"
"侍中汝南伍","1","1","2"
"中汝南伍琼","1","1","2"
"黄巾余党郭","1","1","2"
"巾余党郭太","1","1","2"
"余党郭太等","1","1","2"
"太守王匡屯","1","1","2"
"守王匡屯兵","1","1","2"
"王匡屯兵河","1","1","2"
"匡屯兵河阳","1","1","2"
"屯兵河阳津","1","1","2"
"坚进洛阳宣","1","1","2"
"进洛阳宣阳","1","1","2"
"洛阳宣阳城","1","1","2"
"阳宣阳城门","1","1","2"
"东中郎将董","1","1","2"
"中郎将董越","1","1","2"
"位诸侯王上","2","0","2"
"司徒王允共","1","1","2"
"越骑校尉汝","1","1","2"
"骑校尉汝南","1","1","2"
"校尉汝南伍","1","1","2"
"尉汝南伍孚","1","1","2"
"射士孙瑞谋","1","1","2"
"令骑都尉李","1","1","2"
"骑都尉李肃","1","1","2"
"勇士十余人","1","1","2"
"布应声持矛","1","1","2"
"应声持矛刺","1","1","2"
"河南尹朱俊","1","1","2"
"卫尉种拂等","1","1","2"
"宣平城门楼","1","1","2"
"平城门楼上","1","1","2"
"张济镇东将","2","0","2"
"济镇东将军","2","0","2"
"史裴茂讯诏","2","0","2"
"裴茂讯诏狱","2","0","2"
"右中郎将刘","1","1","2"
"前凉州刺史","1","1","2"
"中郎将杜禀","1","1","2"
"郎将杜禀合","1","1","2"
"将杜禀合兵","1","1","2"
"帝使侍御史","2","0","2"
"使侍御史侯","2","0","2"
"御史侯汶太","2","0","2"
"史侯汶太仓","2","0","2"
"侯汶太仓米","2","0","2"
"汶太仓米豆","2","0","2"
"经日死者降","2","0","2"
"帝疑赋恤虚","2","0","2"
"使侍中刘艾","2","0","2"
"侍中刘艾司","2","0","2"
"皆诣省阁谢","2","0","2"
"奏收侯汶考","2","0","2"
"收侯汶考实","2","0","2"
"安西将军杨","1","1","2"
"西将军杨定","1","1","2"
"司空张喜等","1","1","2"
"空张喜等十","1","1","2"
"张喜等十余","1","1","2"
"喜等十余人","1","1","2"
"移帝幸北坞","2","0","2"
"池阳黄白城","1","1","2"
"谒者仆射皇","1","1","2"
"者仆射皇甫","1","1","2"
"仆射皇甫郦","1","1","2"
"令虎贲王昌","1","1","2"
"虎贲王昌追","1","1","2"
"贲王昌追杀","1","1","2"
"郭汜车骑将","2","0","2"
"汜车骑将军","2","0","2"
"杨定后将军","2","0","2"
"杨奉兴义将","2","0","2"
"奉兴义将军","2","0","2"
"宁辑将军段","1","1","2"
"辑将军段煨","1","1","2"
"南匈奴右贤","1","1","2"
"匈奴右贤王","1","1","2"
"执金吾伏完","1","1","2"
"金吾伏完等","1","1","2"
"吾伏完等数","1","1","2"
"伏完等数十","1","1","2"
"完等数十人","1","1","2"
"河内太守张","1","1","2"
"内太守张杨","1","1","2"
"河东太守王","1","1","2"
"东太守王邑","1","1","2"
"太守王邑奉","1","1","2"
"守王邑奉献","1","1","2"
"张杨大司马","2","0","2"
"杨奉车骑将","2","0","2"
"奉车骑将军","2","0","2"
"韩暹大将军","2","0","2"
"将军刘备诱","1","1","2"
"使谒者仆射","2","0","2"
"谒者仆射裴","1","1","2"
"者仆射裴茂","1","1","2"
"关中诸将段","1","1","2"
"中诸将段煨","1","1","2"
"诸将段煨等","1","1","2"
"天下义士共","1","1","2"
"长水校尉种","1","1","2"
"水校尉种辑","1","1","2"
"腾征南将军","1","1","2"
"遂征西将军","1","1","2"
"攻杀凉州刺","1","1","2"
"凉州刺史韦","1","1","2"
"州刺史韦康","1","1","2"
"天水人杨阜","1","1","2"
"陇西人宗建","1","1","2"
"称河首平汉","1","1","2"
"河首平汉王","1","1","2"
"陈留太守督","1","1","2"
"留太守督促","1","1","2"
"司徒桥玄府","1","1","2"
"官中郎将堂","1","1","2"
"太史令单飏","2","0","2"
"立太学门外","2","0","2"
"侍中祭酒乐","1","1","2"
"中祭酒乐松","1","1","2"
"州刺史杨熹","1","1","2"
"州刺史庞芝","1","1","2"
"州刺史刘虔","1","1","2"
"丧服三十六","1","1","2"
"服三十六日","1","1","2"
"置鸿都门学","1","1","2"
"十二弟子像","1","1","2"
"引入崇德殿","1","1","2"
"使中常侍曹","1","1","2"
"永乐门史霍","1","1","2"
"乐门史霍玉","1","1","2"
"光禄勋姓璋","1","1","2"
"长水校尉赵","1","1","2"
"屯骑校尉盖","1","1","2"
"骑校尉盖升","1","1","2"
"光禄大夫桥","1","1","2"
"禄大夫桥玄","1","1","2"
"小文超取选","1","1","2"
"文超取选举","1","1","2"
"将作大匠阳","1","1","2"
"作大匠阳球","1","1","2"
"属吏张宛长","1","1","2"
"吏张宛长休","1","1","2"
"张宛长休百","1","1","2"
"宛长休百日","1","1","2"
"托河内郡吏","1","1","2"
"河内郡吏李","1","1","2"
"内郡吏李奇","1","1","2"
"侍御史胡母","1","1","2"
"御史胡母班","1","1","2"
"凡休假小吏","1","1","2"
"召诣金商门","1","1","2"
"居五原安阳","1","1","2"
"五原安阳县","1","1","2"
"五原太守王","1","1","2"
"原太守王智","1","1","2"
"补诸列传四","1","1","2"
"诸列传四十","1","1","2"
"列传四十二","1","1","2"
"传四十二篇","1","1","2"
"邓禹字仲华","1","1","2"
"愿明公威德","1","1","2"
"明公威德加","1","1","2"
"盖延等击铜","1","1","2"
"延等击铜马","1","1","2"
"襄邑王成丹","1","1","2"
"抗威将军刘","1","1","2"
"威将军刘均","1","1","2"
"前将军持节","1","1","2"
"分麾下精兵","1","1","2"
"麾下精兵二","1","1","2"
"下精兵二万","1","1","2"
"精兵二万人","1","1","2"
"建武元年正","1","1","2"
"武元年正月","1","1","2"
"箕关将入河","1","1","2"
"关将入河东","1","1","2"
"更始大将军","1","1","2"
"始大将军樊","1","1","2"
"大将军樊参","1","1","2"
"刘均等合军","1","1","2"
"均等合军十","1","1","2"
"禹率轻骑急","1","1","2"
"率轻骑急追","1","1","2"
"河东太守杨","1","1","2"
"东太守杨宝","1","1","2"
"持节中郎将","1","1","2"
"节中郎将弭","1","1","2"
"奉车都尉授","1","1","2"
"更始中郎将","1","1","2"
"始中郎将左","1","1","2"
"中郎将左辅","1","1","2"
"郎将左辅都","1","1","2"
"将左辅都尉","1","1","2"
"左辅都尉公","1","1","2"
"辅都尉公乘","1","1","2"
"都尉公乘歙","1","1","2"
"左冯翊兵共","1","1","2"
"西河太守宗","1","1","2"
"河太守宗育","1","1","2"
"太守宗育遣","1","1","2"
"更始诸将王","1","1","2"
"始诸将王匡","1","1","2"
"十一帝神主","2","0","2"
"汉中王刘嘉","1","1","2"
"骑将军邓弘","1","1","2"
"将军邓弘击","1","1","2"
"军邓弘击赤","1","1","2"
"邓弘击赤眉","1","1","2"
"护复汉将军","1","1","2"
"辅汉将军匡","2","0","2"
"寇恂字子翼","1","1","2"
"恂进取印绶","1","1","2"
"门下掾闵业","1","1","2"
"下掾闵业共","1","1","2"
"更始大司马","1","1","2"
"始大司马朱","1","1","2"
"寇恂文武备","1","1","2"
"恂文武备足","1","1","2"
"高祖留萧何","1","1","2"
"祖留萧何镇","1","1","2"
"养马二千匹","1","1","2"
"收租四百万","1","1","2"
"租四百万斛","1","1","2"
"使讨难将军","1","1","2"
"洛阳兵渡河","1","1","2"
"令士卒乘城","1","1","2"
"光武传闻朱","1","1","2"
"武传闻朱鲔","1","1","2"
"传闻朱鲔破","1","1","2"
"同门生茂陵","1","1","2"
"萧何守关中","1","1","2"
"帝将攻洛阳","1","1","2"
"颍川人严终","1","1","2"
"密人贾期连","1","1","2"
"人贾期连兵","1","1","2"
"使骠骑将军","1","1","2"
"骠骑将军杜","1","1","2"
"骑将军杜茂","1","1","2"
"将军杜茂将","2","0","2"
"颍川迫近京","1","1","2"
"川迫近京师","1","1","2"
"日车驾南征","1","1","2"
"借寇君一年","1","1","2"
"属大司马吴","1","1","2"
"率太中大夫","1","1","2"
"太中大夫窦","1","1","2"
"中大夫窦士","1","1","2"
"武威太守梁","1","1","2"
"威太守梁统","1","1","2"
"太守梁统等","1","1","2"
"守梁统等围","1","1","2"
"遣军师皇甫","1","1","2"
"军师皇甫文","1","1","2"
"高峻精兵万","1","1","2"
"峻精兵万人","1","1","2"
"邓彪字智伯","1","1","2"
"异母弟荆凤","1","1","2"
"五迁桂阳太","1","1","2"
"光禄大夫行","1","1","2"
"禄大夫行服","1","1","2"
"赠钱三十万","1","1","2"
"窦氏专权骄","1","1","2"
"御史中丞周","1","1","2"
"史中丞周纡","1","1","2"
"纡前失窦氏","1","1","2"
"前失窦氏旨","1","1","2"
"皇祖考夫人","1","1","2"
"吏人赙送前","1","1","2"
"人赙送前后","1","1","2"
"功曹史戴闰","1","1","2"
"南巡祠园庙","1","1","2"
"小黄门问疾","1","1","2"
"皇太后车驾","1","1","2"
"徐防字谒卿","1","1","2"
"防勤晓政事","1","1","2"
"试博士弟子","1","1","2"
"太傅张禹参","1","1","2"
"傅张禹参录","1","1","2"
"张禹参录尚","1","1","2"
"禹参录尚书","1","1","2"
"见孔子垂经","1","1","2"
"孔子垂经典","1","1","2"
"皋陶造法律","1","1","2"
"王者承天地","1","1","2"
"愿陛下留意","1","1","2"
"陛下留意下","1","1","2"
"大司徒马宫","1","1","2"
"史敞上疏谏","1","1","2"
"儒者试经学","1","1","2"
"文吏试章奏","1","1","2"
"令左雄议郡","1","1","2"
"左雄议郡举","1","1","2"
"雄议郡举孝","1","1","2"
"议郡举孝廉","1","1","2"
"诸生试章句","1","1","2"
"陈留郡缺职","1","1","2"
"尚书史敞等","1","1","2"
"尚书仆射胡","1","1","2"
"书仆射胡广","1","1","2"
"广才略深茂","1","1","2"
"皆减死一等","2","0","2"
"中常侍丁肃","1","1","2"
"公台三十余","1","1","2"
"台三十余年","1","1","2"
"十二州二十","1","1","2"
"二州二十五","1","1","2"
"州二十五官","1","1","2"
"二十五官箴","1","1","2"
"增补十六篇","1","1","2"
"灵帝思感旧","1","1","2"
"帝思感旧德","1","1","2"
"诏议郎蔡邕","1","1","2"
"铫期字次况","1","1","2"
"铜马数十万","1","1","2"
"马数十万众","1","1","2"
"手杀伤数十","1","1","2"
"更始将卓京","1","1","2"
"将校数十人","1","1","2"
"督盗贼李熊","1","1","2"
"愿陛下微行","1","1","2"
"陛下微行数","1","1","2"
"安成侯印绶","1","1","2"
"光武过颍阳","1","1","2"
"将军兴义兵","1","1","2"
"光武司隶校","2","0","2"
"武司隶校尉","2","0","2"
"光武谓霸曰","2","0","2"
"郎移檄购光","2","0","2"
"移檄购光武","2","0","2"
"传闻王郎兵","1","1","2"
"霸追斩王郎","1","1","2"
"将军马武东","1","1","2"
"军马武东讨","1","1","2"
"马武东讨周","1","1","2"
"武东讨周建","1","1","2"
"五校兵四千","1","1","2"
"校兵四千余","1","1","2"
"兵四千余人","1","1","2"
"四千余人救","1","1","2"
"遮击马武军","1","1","2"
"击马武军粮","1","1","2"
"霸军中壮士","1","1","2"
"军中壮士路","1","1","2"
"中壮士路润","1","1","2"
"壮士路润等","1","1","2"
"士路润等数","1","1","2"
"路润等数十","1","1","2"
"润等数十人","1","1","2"
"屯田函谷关","1","1","2"
"高柳击贾览","1","1","2"
"渔阳太守陈","1","1","2"
"匈奴左南将","1","1","2"
"奴左南将军","1","1","2"
"将军杜茂会","1","1","2"
"军杜茂会攻","1","1","2"
"杜茂会攻卢","1","1","2"
"茂会攻卢芳","1","1","2"
"会攻卢芳将","1","1","2"
"攻卢芳将尹","1","1","2"
"刑徒六千余","1","1","2"
"徒六千余人","1","1","2"
"小数十百战","1","1","2"
"舍中兒犯法","2","0","2"
"新城蛮中山","1","1","2"
"城蛮中山贼","1","1","2"
"蛮中山贼张","1","1","2"
"中山贼张满","1","1","2"
"遵引兵南击","1","1","2"
"引兵南击邓","1","1","2"
"兵南击邓奉","1","1","2"
"南击邓奉弟","1","1","2"
"骑将军刘喜","1","1","2"
"遣护军傅玄","1","1","2"
"护军傅玄袭","1","1","2"
"军傅玄袭击","1","1","2"
"作黄门武乐","1","1","2"
"孙述遣兵救","2","0","2"
"诏遣百官先","1","1","2"
"博士范升上","1","1","2"
"士范升上疏","1","1","2"
"臣闻先王崇","1","1","2"
"征虏将军颍","1","1","2"
"虏将军颍阳","1","1","2"
"将军颍阳侯","1","1","2"
"遵修行积善","1","1","2"
"蕃上疏谏曰","2","0","2"
"五宫中郎将","1","1","2"
"中郎将黄琬","1","1","2"
"郎将黄琬共","1","1","2"
"中常侍苏康","1","1","2"
"小黄门赵津","2","0","2"
"大猾张汜等","2","0","2"
"二郡太守刘","1","1","2"
"前太原太守","1","1","2"
"前山阳太守","1","1","2"
"丞相申屠嘉","1","1","2"
"洛阳令董宣","1","1","2"
"前司隶校尉","1","1","2"
"禹巡狩苍梧","1","1","2"
"高阳乡侯印","1","1","2"
"阳乡侯印绶","1","1","2"
"使皇天震怒","1","1","2"
"曹节等矫诏","2","0","2"
"生八十余人","1","1","2"
"济阴太守单","1","1","2"
"阴太守单匡","1","1","2"
"中常侍车骑","1","1","2"
"常侍车骑将","1","1","2"
"侍车骑将军","1","1","2"
"王允字子师","1","1","2"
"同郡郭林宗","1","1","2"
"王生一日千","1","1","2"
"生一日千里","1","1","2"
"小黄门晋阳","1","1","2"
"黄门晋阳赵","1","1","2"
"门晋阳赵津","1","1","2"
"晋阳赵津贪","1","1","2"
"阳赵津贪横","1","1","2"
"太守王球召","1","1","2"
"右中郎将朱","1","1","2"
"进欲诛宦官","2","0","2"
"董卓迁都关","1","1","2"
"卓迁都关中","1","1","2"
"石室图书秘","1","1","2"
"室图书秘纬","1","1","2"
"集汉朝旧事","1","1","2"
"书郑公业等","1","1","2"
"护羌校尉杨","1","1","2"
"行左将军事","1","1","2"
"执金吾士孙","1","1","2"
"金吾士孙瑞","1","1","2"
"关东举义兵","1","1","2"
"卓部曲将李","2","0","2"
"布驻马青琐","1","1","2"
"驻马青琐门","1","1","2"
"马青琐门外","1","1","2"
"宗族十余人","1","1","2"
"吏平陵令赵","1","1","2"
"平陵令赵戬","1","1","2"
"陵令赵戬弃","1","1","2"
"令赵戬弃官","1","1","2"
"赵戬弃官营","1","1","2"
"戬弃官营丧","1","1","2"
"王宏字长文","1","1","2"
"宦官买爵位","1","1","2"
"司隶校尉胡","1","1","2"
"隶校尉胡种","1","1","2"
"遣虎贲中郎","2","0","2"
"贲中郎将奉","1","1","2"
"士孙瑞字君","1","1","2"
"赵戬字叔茂","1","1","2"
"相国钟繇长","1","1","2"
"国钟繇长史","1","1","2"
"世祖光武皇","1","1","2"
"祖光武皇帝","1","1","2"
"生长沙定王","1","1","2"
"发生舂陵节","1","1","2"
"生舂陵节侯","1","1","2"
"买生郁林太","1","1","2"
"生郁林太守","1","1","2"
"外生巨鹿都","1","1","2"
"生巨鹿都尉","1","1","2"
"回生南顿令","1","1","2"
"宛人李通等","1","1","2"
"见光武绛衣","1","1","2"
"更始元年正","1","1","2"
"始元年正月","1","1","2"
"正月甲子朔","2","0","2"
"太常偏将军","1","1","2"
"谷数十万斛","1","1","2"
"大司徒王寻","1","1","2"
"士四十二万","1","1","2"
"成国上公王","1","1","2"
"国上公王凤","1","1","2"
"骑大将军宗","1","1","2"
"大将军宗佻","1","1","2"
"五威将军李","1","1","2"
"威将军李轶","1","1","2"
"将军李轶等","1","1","2"
"军李轶等十","1","1","2"
"李轶等十三","1","1","2"
"诸将贪惜财","1","1","2"
"将贪惜财货","1","1","2"
"声闻数百里","1","1","2"
"刘将军平生","1","1","2"
"将军平生见","1","1","2"
"军平生见小","1","1","2"
"平生见小敌","1","1","2"
"城西水上冲","1","1","2"
"司徒官属迎","1","1","2"
"破虏大将军","1","1","2"
"将军行大司","2","0","2"
"军行大司马","2","0","2"
"故赵缪王子","1","1","2"
"请邯郸将军","1","1","2"
"成卒正邳彤","1","1","2"
"昌城人刘植","1","1","2"
"宋子人耿纯","1","1","2"
"王郎大将李","1","1","2"
"郎大将李育","1","1","2"
"尚书仆射谢","1","1","2"
"书仆射谢躬","1","1","2"
"仆射谢躬讨","1","1","2"
"王郎守将王","1","1","2"
"郎守将王饶","1","1","2"
"守将王饶坚","1","1","2"
"将王饶坚守","1","1","2"
"遣侍御史持","2","0","2"
"光武击铜马","1","1","2"
"邓禹率六裨","1","1","2"
"禹率六裨将","1","1","2"
"阴王李轶等","1","1","2"
"建武元年春","1","1","2"
"武元年春正","1","1","2"
"陵人方望立","1","1","2"
"人方望立前","1","1","2"
"丞相李松击","1","1","2"
"马武等十二","1","1","2"
"武等十二将","1","1","2"
"等十二将军","1","1","2"
"十二将军追","1","1","2"
"将军苏茂攻","1","1","2"
"军苏茂攻温","1","1","2"
"刘秀发兵捕","2","0","2"
"秀发兵捕道","2","0","2"
"千秋亭五成","1","1","2"
"秋亭五成陌","1","1","2"
"更始定国公","1","1","2"
"始定国公王","1","1","2"
"定国公王匡","1","1","2"
"野王令王梁","1","1","2"
"率强弩将军","1","1","2"
"将军坚镡等","1","1","2"
"军坚镡等十","1","1","2"
"坚镡等十一","1","1","2"
"镡等十一将","1","1","2"
"等十一将军","1","1","2"
"更始廪丘王","1","1","2"
"始廪丘王田","1","1","2"
"廪丘王田立","1","1","2"
"击荆州群贼","1","1","2"
"十二月丙戌","1","1","2"
"马吴汉率九","1","1","2"
"帝王封诸侯","1","1","2"
"更始复汉将","1","1","2"
"始复汉将军","1","1","2"
"前将军耿纯","1","1","2"
"太中大夫宋","1","1","2"
"中大夫宋弘","1","1","2"
"将军景丹率","1","1","2"
"军景丹率征","1","1","2"
"景丹率征虏","1","1","2"
"丹率征虏将","1","1","2"
"军祭遵等二","1","1","2"
"祭遵等二将","1","1","2"
"遵等二将军","1","1","2"
"太守彭宠反","1","1","2"
"金吾贾复率","1","1","2"
"吾贾复率二","1","1","2"
"贾复率二将","1","1","2"
"复率二将军","1","1","2"
"率二将军击","2","0","2"
"更始郾王尹","1","1","2"
"始郾王尹遵","1","1","2"
"骑将军刘植","1","1","2"
"舂陵侯嫡子","1","1","2"
"封更始元氏","1","1","2"
"更始元氏王","1","1","2"
"始元氏王歙","1","1","2"
"盖延拔睢阳","2","0","2"
"破虏将军邓","1","1","2"
"虏将军邓奉","1","1","2"
"众五万余人","1","1","2"
"将军冯异代","1","1","2"
"太中大夫伏","1","1","2"
"中大夫伏隆","1","1","2"
"冯异赤眉战","2","0","2"
"皇考南顿君","2","0","2"
"南顿君上四","1","1","2"
"顿君上四庙","1","1","2"
"司徒邓禹免","1","1","2"
"先帝玺绶归","1","1","2"
"步杀光禄大","1","1","2"
"杀光禄大夫","1","1","2"
"大夫伏隆反","1","1","2"
"司徒司直伏","1","1","2"
"徒司直伏湛","1","1","2"
"刘永将苏茂","1","1","2"
"永将苏茂战","1","1","2"
"军岑彭率三","2","0","2"
"岑彭率三将","2","0","2"
"彭率三将军","2","0","2"
"率三将军伐","2","0","2"
"冬十月壬申","2","0","2"
"右将军邓禹","1","1","2"
"将军邓禹率","1","1","2"
"夏四月丁巳","2","0","2"
"将军祭遵率","1","1","2"
"太中大夫徐","1","1","2"
"中大夫徐恽","1","1","2"
"大夫徐恽擅","1","1","2"
"杀临淮太守","1","1","2"
"临淮太守刘","1","1","2"
"淮太守刘度","1","1","2"
"将军马成率","1","1","2"
"十二月丙寅","2","0","2"
"率二将军讨","2","0","2"
"见徒免庶人","2","0","2"
"赐博士弟子","1","1","2"
"十一月壬寅","2","0","2"
"三辅遭难赤","1","1","2"
"辅遭难赤眉","1","1","2"
"大司空二府","1","1","2"
"芳将贾览高","2","0","2"
"将贾览高柳","2","0","2"
"乐浪人王调","1","1","2"
"乐浪太守王","1","1","2"
"浪太守王遵","1","1","2"
"将军李通率","1","1","2"
"司空宋弘免","1","1","2"
"使中郎将报","2","0","2"
"中郎将报命","2","0","2"
"春正月丙申","2","0","2"
"护漕都尉官","1","1","2"
"封前河间王","1","1","2"
"云中太守乔","1","1","2"
"中太守乔扈","1","1","2"
"射声二校尉","1","1","2"
"声二校尉官","1","1","2"
"杀隗嚣守将","1","1","2"
"司隶校尉傅","1","1","2"
"隶校尉傅抗","1","1","2"
"将军窦融率","1","1","2"
"军窦融率五","1","1","2"
"征颍川盗贼","1","1","2"
"安丘侯张步","1","1","2"
"太守陈俊讨","1","1","2"
"冬十月丙午","2","0","2"
"置青巾左校","1","1","2"
"巾左校尉官","1","1","2"
"将军冯异等","1","1","2"
"军冯异等五","1","1","2"
"冯异等五将","1","1","2"
"异等五将军","1","1","2"
"护羌校尉官","1","1","2"
"捕虏将军王","1","1","2"
"军王霸等五","1","1","2"
"王霸等五将","1","1","2"
"霸等五将军","1","1","2"
"隗嚣将高峻","1","1","2"
"歙等大破隗","1","1","2"
"等大破隗纯","1","1","2"
"年春二月己","2","0","2"
"率舟师伐公","2","0","2"
"舟师伐公孙","2","0","2"
"师伐公孙述","2","0","2"
"公孙述将王","1","1","2"
"孙述将王元","1","1","2"
"遣间人刺杀","2","0","2"
"刺杀中郎将","1","1","2"
"公孙述将侯","1","1","2"
"孙述将侯丹","1","1","2"
"臧宫公孙述","2","0","2"
"述将延岑战","1","1","2"
"刺杀征南大","1","1","2"
"杀征南大将","1","1","2"
"太守马援击","1","1","2"
"公孙述将谢","1","1","2"
"孙述将谢丰","1","1","2"
"十二月辛卯","2","0","2"
"九真徼外蛮","2","0","2"
"真徼外蛮夷","2","0","2"
"外蛮夷张游","1","1","2"
"蛮夷张游率","1","1","2"
"参狼羌寇武","2","0","2"
"狼羌寇武都","2","0","2"
"太守马援讨","1","1","2"
"春正月庚申","2","0","2"
"太官勿复受","2","0","2"
"将军马武屯","1","1","2"
"一百三十七","1","1","2"
"百三十七人","1","1","2"
"殷绍嘉公孔","1","1","2"
"绍嘉公孔安","1","1","2"
"周承休公姬","1","1","2"
"承休公姬武","1","1","2"
"沛郡太守韩","1","1","2"
"郡太守韩歆","1","1","2"
"大司空马成","1","1","2"
"三百六十五","1","1","2"
"百六十五人","1","1","2"
"送公孙述瞽","1","1","2"
"公孙述瞽师","1","1","2"
"冀州牧窦融","1","1","2"
"白马羌豪率","1","1","2"
"冬十二月甲","2","0","2"
"匈奴遣使奉","2","0","2"
"奴遣使奉献","2","0","2"
"夏四月辛巳","2","0","2"
"鄯善国遣使","2","0","2"
"十二月癸卯","1","1","2"
"凉二州奴婢","1","1","2"
"春正月辛丑","2","0","2"
"司徒韩歆免","1","1","2"
"司马吴汉上","1","1","2"
"马吴汉上书","1","1","2"
"吴汉上书请","1","1","2"
"汉上书请封","1","1","2"
"上书请封皇","1","1","2"
"书请封皇子","1","1","2"
"封立兄弟诸","1","1","2"
"立兄弟诸子","1","1","2"
"夏四月戊申","2","0","2"
"射声三校尉","1","1","2"
"声三校尉官","1","1","2"
"改青巾左校","1","1","2"
"州郡检核垦","1","1","2"
"郡检核垦田","1","1","2"
"关内侯戴涉","1","1","2"
"将军杜茂免","1","1","2"
"河南尹张亻","1","1","2"
"诸郡守十余","1","1","2"
"郡守十余人","1","1","2"
"十二月甲辰","1","1","2"
"夏四月乙卯","1","1","2"
"子右翊公辅","2","0","2"
"贲中郎将马","1","1","2"
"中郎将马援","1","1","2"
"骠骑将军段","1","1","2"
"骑将军段志","1","1","2"
"右翊公辅中","2","0","2"
"翊公辅中山","2","0","2"
"公辅中山王","2","0","2"
"十八年春二","1","1","2"
"八年春二月","1","1","2"
"夏四月癸酉","2","0","2"
"楼船将军段","1","1","2"
"船将军段志","1","1","2"
"将军段志等","1","1","2"
"十九年春正","1","1","2"
"大夫臧宫围","1","1","2"
"九真贼都阳","1","1","2"
"真贼都阳等","1","1","2"
"鲁三国公爵","1","1","2"
"三国公爵王","1","1","2"
"将军刘尚讨","2","0","2"
"置函谷关都","1","1","2"
"函谷关都尉","1","1","2"
"二十年春二","1","1","2"
"夏四月庚辰","2","0","2"
"中郎将刘隆","1","1","2"
"东夷韩国人","1","1","2"
"夷韩国人率","1","1","2"
"济阳县徭役","1","1","2"
"阳县徭役六","1","1","2"
"二十一年春","1","1","2"
"安定属国胡","1","1","2"
"将兵长史陈","1","1","2"
"车师王等十","1","1","2"
"师王等十六","1","1","2"
"王等十六国","1","1","2"
"二十二年春","1","1","2"
"十二年春闰","1","1","2"
"冬十月壬子","2","0","2"
"大司空朱浮","1","1","2"
"光禄勋杜林","1","1","2"
"鞬日逐王遣","2","0","2"
"日逐王遣使","2","0","2"
"中郎将李茂","1","1","2"
"二十三年春","1","1","2"
"大司徒蔡茂","1","1","2"
"秋八月丙戌","1","1","2"
"陈留太守玉","1","1","2"
"留太守玉况","1","1","2"
"春正月乙亥","2","0","2"
"中山太守马","1","1","2"
"山太守马成","1","1","2"
"太守马成讨","1","1","2"
"将军马援等","1","1","2"
"夫馀王遣使","2","0","2"
"二十六年春","1","1","2"
"将作大匠窦","1","1","2"
"作大匠窦融","1","1","2"
"大匠窦融上","1","1","2"
"遣中郎将段","2","0","2"
"中郎将段郴","1","1","2"
"郎将段郴授","1","1","2"
"置使匈奴中","1","1","2"
"二十七年夏","1","1","2"
"十七年夏四","1","1","2"
"七年夏四月","1","1","2"
"大司徒玉况","1","1","2"
"大司农冯勤","1","1","2"
"夷率种人内","2","0","2"
"二十八年春","1","1","2"
"春正月己巳","1","1","2"
"沛太后郭氏","1","1","2"
"秋八月戊寅","2","0","2"
"罪系囚皆一","2","0","2"
"系囚皆一切","2","0","2"
"囚皆一切募","2","0","2"
"皆一切募下","2","0","2"
"系囚殊死下","2","0","2"
"冬十一月丁","1","1","2"
"十一月丁酉","1","1","2"
"中元元年春","1","1","2"
"司隶校尉东","1","1","2"
"隶校尉东莱","1","1","2"
"薄太后母德","1","1","2"
"太后母德慈","1","1","2"
"后母德慈仁","1","1","2"
"孝文皇帝贤","1","1","2"
"文皇帝贤明","1","1","2"
"武都郡兵讨","1","1","2"
"春正月辛未","2","0","2"
"东夷倭奴国","1","1","2"
"夷倭奴国王","1","1","2"
"国王遣使奉","2","0","2"
"文皇帝制度","1","1","2"
"建平元年十","1","1","2"
"平元年十二","1","1","2"
"十二月甲子","2","0","2"
"赤光照室中","1","1","2"
"方士夏贺良","1","1","2"
"称陈圣刘太","1","1","2"
"陈圣刘太平","1","1","2"
"圣刘太平皇","1","1","2"
"刘太平皇帝","1","1","2"
"道士西门君","1","1","2"
"士西门君惠","1","1","2"
"葬孝章皇帝","1","1","2"
"公卿大夫统","1","1","2"
"卿大夫统理","1","1","2"
"故太尉邓彪","1","1","2"
"使明知朕意","2","0","2"
"长乐少府桓","1","1","2"
"乐少府桓郁","1","1","2"
"冬十月乙亥","2","0","2"
"安息国遣使","2","0","2"
"息国遣使献","2","0","2"
"国遣使献师","2","0","2"
"遣使献师子","2","0","2"
"永元元年春","1","1","2"
"元元年春三","1","1","2"
"辽将军邓鸿","1","1","2"
"皆免归田里","2","0","2"
"年春正月丁","2","0","2"
"春正月丁丑","2","0","2"
"上郡属国都","1","1","2"
"郡属国都尉","1","1","2"
"属国都尉官","1","1","2"
"封故淮阳王","1","1","2"
"赐公卿下佐","2","0","2"
"公卿下佐史","2","0","2"
"卿下佐史钱","2","0","2"
"取伊吾卢地","1","1","2"
"车师前后王","1","1","2"
"兵攻西域长","1","1","2"
"攻西域长史","1","1","2"
"秋七月乙卯","2","0","2"
"中郎将班固","1","1","2"
"左谷蠡王师","1","1","2"
"谷蠡王师子","1","1","2"
"囚死罪赎缣","1","1","2"
"布两户共一","1","1","2"
"两户共一匹","1","1","2"
"母阳公主长","2","0","2"
"阳公主长公","2","0","2"
"公主长公主","2","0","2"
"冬十月癸未","2","0","2"
"千石长吏下","2","0","2"
"望长陵东门","1","1","2"
"遣使者中牢","2","0","2"
"使者中牢祠","2","0","2"
"北匈奴右谷","1","1","2"
"匈奴右谷蠡","1","1","2"
"奴右谷蠡王","1","1","2"
"右谷蠡王於","1","1","2"
"谷蠡王於除","1","1","2"
"大将军左校","1","1","2"
"将军左校尉","1","1","2"
"军左校尉耿","1","1","2"
"校尉耿夔授","1","1","2"
"尉耿夔授玺","1","1","2"
"夏四月丙辰","2","0","2"
"射声校尉郭","1","1","2"
"声校尉郭璜","1","1","2"
"叠弟步兵校","1","1","2"
"弟步兵校尉","1","1","2"
"谒者仆射收","1","1","2"
"宪大将军印","1","1","2"
"武陵零陵澧","1","1","2"
"陵零陵澧中","1","1","2"
"零陵澧中蛮","1","1","2"
"京师离宫果","1","1","2"
"师离宫果园","1","1","2"
"离宫果园上","1","1","2"
"宫果园上林","1","1","2"
"勿收假税二","2","0","2"
"收假税二岁","2","0","2"
"护羌校尉贯","1","1","2"
"羌校尉贯友","1","1","2"
"校尉贯友讨","1","1","2"
"遣谒者分行","2","0","2"
"流民所过郡","1","1","2"
"民所过郡国","1","1","2"
"西域都护班","1","1","2"
"域都护班超","1","1","2"
"都护班超大","1","1","2"
"光禄勋邓鸿","1","1","2"
"奴中郎将杜","1","1","2"
"乌桓校尉任","1","1","2"
"桓校尉任尚","1","1","2"
"校尉任尚率","1","1","2"
"武陵溇中蛮","2","0","2"
"陵溇中蛮叛","2","0","2"
"民欲占者一","2","0","2"
"欲占者一级","2","0","2"
"州四郡贫民","1","1","2"
"南匈奴右温","1","1","2"
"匈奴右温禺","1","1","2"
"奴右温禺犊","1","1","2"
"温禺犊王叛","1","1","2"
"度辽将军庞","1","1","2"
"辽将军庞奋","1","1","2"
"斩右温禺犊","1","1","2"
"南宫宣室殿","1","1","2"
"宫宣室殿火","1","1","2"
"域长史王林","1","1","2"
"东太守祭参","1","1","2"
"太后窦氏崩","2","0","2"
"葬章德皇后","1","1","2"
"烧羌寇陇西","2","0","2"
"骑校尉赵世","1","1","2"
"校尉赵世等","1","1","2"
"尉赵世等讨","1","1","2"
"追尊皇妣梁","1","1","2"
"尊皇妣梁贵","1","1","2"
"皇妣梁贵人","1","1","2"
"改葬恭怀梁","1","1","2"
"葬恭怀梁皇","1","1","2"
"恭怀梁皇后","1","1","2"
"禄勋河南吕","1","1","2"
"勋河南吕盖","1","1","2"
"十年春三月","1","1","2"
"年春三月壬","2","0","2"
"春三月壬戌","2","0","2"
"太常太山巢","1","1","2"
"常太山巢堪","1","1","2"
"置右校尉官","1","1","2"
"秋七月辛卯","2","0","2"
"京师冬宿雪","2","0","2"
"赐博士员弟","2","0","2"
"日南象林蛮","1","1","2"
"南象林蛮夷","1","1","2"
"大司农张禹","1","1","2"
"王金印紫绶","1","1","2"
"北宫盛馔门","1","1","2"
"宫盛馔门阁","1","1","2"
"护羌校尉周","1","1","2"
"羌校尉周鲔","1","1","2"
"校尉周鲔击","1","1","2"
"尉周鲔击烧","1","1","2"
"举孝廉一人","1","1","2"
"光禄勋鲁恭","1","1","2"
"春二月乙卯","1","1","2"
"西部都尉戍","1","1","2"
"督荆州兵讨","1","1","2"
"置象林将兵","1","1","2"
"象林将兵长","1","1","2"
"林将兵长史","1","1","2"
"将兵长史官","1","1","2"
"废皇后阴氏","1","1","2"
"父特进纲杀","2","0","2"
"秋七月甲寅","2","0","2"
"象林县更赋","1","1","2"
"冬十月甲申","2","0","2"
"立贵人邓氏","1","1","2"
"大司农徐防","1","1","2"
"郡国上计补","1","1","2"
"国上计补郎","1","1","2"
"上计补郎官","1","1","2"
"十五年春闰","1","1","2"
"诏令百姓鳏","1","1","2"
"皆半入年田","2","0","2"
"冬十月辛卯","2","0","2"
"大鸿胪陈宠","1","1","2"
"兴元年春正","1","1","2"
"引三署郎召","1","1","2"
"三署郎召见","1","1","2"
"守耿夔击貊","1","1","2"
"耿夔击貊人","1","1","2"
"十二月辛未","2","0","2"
"帝崩章德前","2","0","2"
"崩章德前殿","2","0","2"
"南海献龙眼","1","1","2"
"元兴元年十","1","1","2"
"兴元年十二","1","1","2"
"延平元年春","1","1","2"
"鲜卑寇渔阳","2","0","2"
"渔阳太守张","1","1","2"
"阳太守张显","1","1","2"
"太守张显追","1","1","2"
"守张显追击","1","1","2"
"郡国三十七","1","1","2"
"靡丽难成物","2","0","2"
"犹托名公族","1","1","2"
"王侯家奴婢","1","1","2"
"侯家奴婢姓","1","1","2"
"家奴婢姓刘","1","1","2"
"敕司隶校尉","2","0","2"
"刺史垂头塞","1","1","2"
"史垂头塞耳","1","1","2"
"邓太后特诏","1","1","2"
"太后兄车骑","1","1","2"
"祜质性忠孝","1","1","2"
"延平元年秋","1","1","2"
"平元年秋八","1","1","2"
"元年秋八月","1","1","2"
"皇帝懿德巍","1","1","2"
"帝懿德巍巍","1","1","2"
"孝章帝世嫡","1","1","2"
"章帝世嫡皇","1","1","2"
"帝世嫡皇孙","1","1","2"
"太后犹临朝","2","0","2"
"使司空持节","2","0","2"
"灾郡国公田","1","1","2"
"分清河国封","1","1","2"
"清河国封帝","1","1","2"
"河国封帝弟","1","1","2"
"外僬侥种夷","1","1","2"
"夷贡献内属","2","0","2"
"葬清河孝王","1","1","2"
"长乐卫尉鲁","1","1","2"
"乐卫尉鲁恭","1","1","2"
"诏封北海王","1","1","2"
"睦孙寿光侯","1","1","2"
"外夜郎蛮夷","1","1","2"
"夜郎蛮夷举","1","1","2"
"皇太后母阴","1","1","2"
"后母阴氏新","1","1","2"
"母阴氏新野","1","1","2"
"阴氏新野君","1","1","2"
"先零种羌叛","1","1","2"
"太尉徐防免","1","1","2"
"司空尹勤免","1","1","2"
"供宗庙园陵","1","1","2"
"诏死罪下亡","2","0","2"
"罪下亡命赎","2","0","2"
"新城山泉水","1","1","2"
"城山泉水大","1","1","2"
"司空周章密","1","1","2"
"空周章密谋","1","1","2"
"周章密谋废","1","1","2"
"章密谋废立","1","1","2"
"十二月乙卯","2","0","2"
"颍川太守张","1","1","2"
"川太守张敏","1","1","2"
"禄大夫樊准","1","1","2"
"汉阳城中火","1","1","2"
"烧杀三千五","1","1","2"
"杀三千五百","1","1","2"
"三千五百七","1","1","2"
"千五百七十","1","1","2"
"五百七十人","1","1","2"
"千石长吏明","1","1","2"
"王国官属墨","1","1","2"
"国官属墨绶","1","1","2"
"官属墨绶下","1","1","2"
"都尉任仁讨","1","1","2"
"大鸿胪九江","1","1","2"
"鸿胪九江夏","1","1","2"
"胪九江夏勤","1","1","2"
"虎贲羽林郎","1","1","2"
"张伯路等寇","1","1","2"
"种宿麦蔬食","1","1","2"
"败五原郡兵","1","1","2"
"郡国四十一","1","1","2"
"凉二州大饥","1","1","2"
"年春正月元","1","1","2"
"春正月元日","1","1","2"
"周文光等攻","1","1","2"
"中丞王宗督","1","1","2"
"丞王宗督青","1","1","2"
"王宗督青州","1","1","2"
"宗督青州刺","1","1","2"
"督青州刺史","1","1","2"
"青州刺史法","1","1","2"
"州刺史法雄","1","1","2"
"太守耿夔讨","1","1","2"
"守耿夔讨破","1","1","2"
"耿夔讨破南","1","1","2"
"夔讨破南单","1","1","2"
"雍二营都尉","1","1","2"
"二营都尉官","1","1","2"
"太尉张禹免","1","1","2"
"郡国贡献太","1","1","2"
"国贡献太官","1","1","2"
"贡献太官口","1","1","2"
"献太官口食","1","1","2"
"赦凉州河西","1","1","2"
"诸侯相举贤","1","1","2"
"侯相举贤良","1","1","2"
"郡国八雨水","1","1","2"
"诏令中二千","1","1","2"
"令中二千石","1","1","2"
"御史唐喜讨","1","1","2"
"汉阳贼王信","1","1","2"
"乌桓校尉吴","1","1","2"
"桓校尉吴祉","1","1","2"
"零羌滇零死","1","1","2"
"子零昌复袭","1","1","2"
"零昌复袭伪","1","1","2"
"昌复袭伪号","1","1","2"
"蝗虫飞过洛","1","1","2"
"虫飞过洛阳","1","1","2"
"勿收年田租","2","0","2"
"贫能存者谷","2","0","2"
"夏四月丁酉","2","0","2"
"大司农山阳","1","1","2"
"司农山阳司","1","1","2"
"农山阳司马","1","1","2"
"山阳司马苞","1","1","2"
"败凉州刺史","1","1","2"
"州刺史皮阳","1","1","2"
"除三辅三岁","1","1","2"
"三辅三岁田","1","1","2"
"辅三岁田租","1","1","2"
"蜀郡青衣道","1","1","2"
"郡青衣道夷","1","1","2"
"中谒者收葬","1","1","2"
"谒者收葬京","1","1","2"
"者收葬京师","1","1","2"
"收葬京师客","1","1","2"
"葬京师客死","1","1","2"
"棺椁朽败者","1","1","2"
"郎将尹就讨","1","1","2"
"夏四月丙午","2","0","2"
"立贵人阎氏","1","1","2"
"太尉司马苞","1","1","2"
"太仆太山马","1","1","2"
"仆太山马英","1","1","2"
"郎将任尚屯","1","1","2"
"光禄勋袁敞","1","1","2"
"修理太原旧","1","1","2"
"理太原旧沟","1","1","2"
"太原旧沟渠","1","1","2"
"上言木连理","2","0","2"
"十二月丁巳","2","0","2"
"护羌校尉任","1","1","2"
"羌校尉任尚","1","1","2"
"冬十一月己","2","0","2"
"京师郡国五","2","0","2"
"师郡国五旱","2","0","2"
"郡国十四地","1","1","2"
"国十四地震","1","1","2"
"三府选掾属","1","1","2"
"府选掾属高","1","1","2"
"能惠利牧养","1","1","2"
"惠利牧养者","1","1","2"
"中郎将选孝","1","1","2"
"郎将选孝廉","1","1","2"
"将选孝廉郎","1","1","2"
"选孝廉郎宽","1","1","2"
"孝廉郎宽博","1","1","2"
"仲春养幼小","1","1","2"
"光禄大夫将","2","0","2"
"邓遵率南单","1","1","2"
"率南单击破","2","0","2"
"益州蜀郡夷","1","1","2"
"卫尉庐江陈","1","1","2"
"尉庐江陈褒","1","1","2"
"光元年春正","1","1","2"
"刺史冯焕率","1","1","2"
"二郡太守讨","1","1","2"
"皇太后邓氏","1","1","2"
"追尊皇考清","1","1","2"
"尊皇考清河","1","1","2"
"皇考清河孝","1","1","2"
"考清河孝王","1","1","2"
"祖妣宋贵人","1","1","2"
"太守蔡讽追","1","1","2"
"守蔡讽追击","1","1","2"
"尊孝德皇元","1","1","2"
"孝德皇元妃","1","1","2"
"德皇元妃耿","1","1","2"
"皇元妃耿氏","1","1","2"
"甘陵大贵人","1","1","2"
"举道士一人","2","0","2"
"辽东属国都","1","1","2"
"东属国都尉","1","1","2"
"属国都尉庞","1","1","2"
"国都尉庞奋","1","1","2"
"伪玺书杀玄","1","1","2"
"玺书杀玄菟","1","1","2"
"书杀玄菟太","1","1","2"
"杀玄菟太守","1","1","2"
"前司徒刘恺","1","1","2"
"鲜卑寇居庸","1","1","2"
"卑寇居庸关","1","1","2"
"幸卫尉冯石","1","1","2"
"卫尉冯石府","1","1","2"
"郡国二十九","1","1","2"
"国二十九雨","1","1","2"
"二十九雨水","1","1","2"
"郡国三十五","1","1","2"
"国三十五地","1","1","2"
"三十五地震","1","1","2"
"大臣二千石","1","1","2"
"上服三年丧","1","1","2"
"光元年春二","1","1","2"
"郡国二十一","1","1","2"
"司空陈褒免","1","1","2"
"宗正彭城刘","1","1","2"
"正彭城刘授","1","1","2"
"封河间王开","2","0","2"
"秋七月癸卯","2","0","2"
"军耿夔讨破","2","0","2"
"死者年七岁","2","0","2"
"者年七岁上","2","0","2"
"益州刺史蜀","1","1","2"
"州刺史蜀郡","1","1","2"
"刺史蜀郡西","1","1","2"
"史蜀郡西部","1","1","2"
"蜀郡西部都","1","1","2"
"郡西部都尉","1","1","2"
"西部都尉讨","1","1","2"
"郡国十一大","1","1","2"
"国十一大风","1","1","2"
"令三署郎通","1","1","2"
"三署郎通达","1","1","2"
"署郎通达经","1","1","2"
"郎通达经术","1","1","2"
"视事三岁上","2","0","2"
"光禄勋东莱","1","1","2"
"禄勋东莱刘","1","1","2"
"十一月甲辰","2","0","2"
"春二月丙子","2","0","2"
"告陈留太守","1","1","2"
"使者祠唐尧","2","0","2"
"者祠唐尧成","2","0","2"
"祠唐尧成阳","2","0","2"
"台县丞霍收","1","1","2"
"长帛五十匹","1","1","2"
"宗祀五帝汶","2","0","2"
"祀五帝汶上","2","0","2"
"五帝汶上明","2","0","2"
"帝汶上明堂","2","0","2"
"太尉杨震免","1","1","2"
"中郎将马翼","1","1","2"
"冀二州灾害","1","1","2"
"左校令丞官","1","1","2"
"罪系囚减罪","1","1","2"
"系囚减罪一","1","1","2"
"囚减罪一等","1","1","2"
"下亡命者赎","2","0","2"
"遣使者祠太","2","0","2"
"使者祠太上","2","0","2"
"者祠太上皇","2","0","2"
"三十六雨水","1","1","2"
"春正月壬午","2","0","2"
"令大将军耿","1","1","2"
"葬孝安皇帝","1","1","2"
"祖父河间孝","1","1","2"
"父河间孝王","1","1","2"
"兄大将军冀","2","0","2"
"冀定策禁中","2","0","2"
"葬孝质皇帝","1","1","2"
"追尊皇祖河","1","1","2"
"尊皇祖河间","1","1","2"
"皇祖河间孝","1","1","2"
"扬二州人多","1","1","2"
"二州人多饿","1","1","2"
"州人多饿死","1","1","2"
"言极谏者一","2","0","2"
"极谏者一人","2","0","2"
"胁驱逐长吏","1","1","2"
"郡国系囚减","1","1","2"
"国系囚减死","1","1","2"
"清河刘文反","1","1","2"
"前太尉李固","1","1","2"
"陈留盗贼李","1","1","2"
"留盗贼李坚","1","1","2"
"彭城诸国王","1","1","2"
"上加帛二匹","1","1","2"
"三年春三月","1","1","2"
"春三月甲申","1","1","2"
"秋七月庚申","1","1","2"
"疾病致医药","2","0","2"
"扶风妖贼裴","1","1","2"
"风妖贼裴优","1","1","2"
"元嘉元年春","1","1","2"
"葬孝崇皇后","1","1","2"
"永兴元年春","1","1","2"
"兴元年春二","1","1","2"
"夏五月丙申","2","0","2"
"郡国三十二","1","1","2"
"司空赵戒免","1","1","2"
"光禄勋房植","1","1","2"
"武陵太守应","1","1","2"
"陵太守应奉","1","1","2"
"太守应奉招","1","1","2"
"二千石行三","2","0","2"
"千石行三年","2","0","2"
"石行三年丧","2","0","2"
"东海朐山崩","1","1","2"
"光禄勋尹颂","1","1","2"
"永寿元年春","1","1","2"
"寿元年春正","1","1","2"
"春正月戊申","2","0","2"
"司空房植免","1","1","2"
"琅邪都尉官","2","0","2"
"安定属国都","1","1","2"
"定属国都尉","1","1","2"
"公孙举等寇","1","1","2"
"九真都尉魏","1","1","2"
"真都尉魏朗","1","1","2"
"冗右仆射官","2","0","2"
"太常北海孙","1","1","2"
"常北海孙朗","1","1","2"
"延熹元年春","1","1","2"
"熹元年春三","1","1","2"
"置鸿德苑令","1","1","2"
"分中山置博","1","1","2"
"中山置博陵","1","1","2"
"山置博陵郡","1","1","2"
"奉孝崇皇园","1","1","2"
"孝崇皇园陵","1","1","2"
"太常胡广太","2","0","2"
"常胡广太尉","2","0","2"
"葬懿献皇后","1","1","2"
"隶校尉张彪","1","1","2"
"立皇后邓氏","1","1","2"
"废懿陵贵人","2","0","2"
"懿陵贵人冢","2","0","2"
"孝质皇帝聪","1","1","2"
"质皇帝聪敏","1","1","2"
"皇帝聪敏早","1","1","2"
"帝聪敏早茂","1","1","2"
"永乐太后亲","1","1","2"
"乐太后亲尊","1","1","2"
"太后亲尊莫","1","1","2"
"后亲尊莫二","1","1","2"
"书令尹勋等","1","1","2"
"令尹勋等激","1","1","2"
"置秘书监官","1","1","2"
"御史中丞赵","1","1","2"
"日南蛮贼率","1","1","2"
"勒姐羌围允","1","1","2"
"姐羌围允街","1","1","2"
"郎将宗资讨","1","1","2"
"春正月辛酉","2","0","2"
"司徒盛允免","1","1","2"
"原陵长寿门","1","1","2"
"益州刺史山","1","1","2"
"州刺史山昱","1","1","2"
"大鸿胪刘宠","1","1","2"
"先零沈氐羌","1","1","2"
"中藏府承禄","1","1","2"
"藏府承禄署","1","1","2"
"秋七月己未","2","0","2"
"南宫承善闼","1","1","2"
"贼焚烧长沙","1","1","2"
"虎牙都尉宗","1","1","2"
"牙都尉宗谦","1","1","2"
"夏四月辛亥","2","0","2"
"太守孙羌讨","1","1","2"
"冬十月丙辰","2","0","2"
"春正月庚寅","2","0","2"
"刺史度尚击","1","1","2"
"史度尚击零","1","1","2"
"度尚击零陵","1","1","2"
"寿张敬侯庙","1","1","2"
"校尉段颎击","2","0","2"
"段颎击煎羌","2","0","2"
"十二月辛丑","2","0","2"
"南宫嘉德署","1","1","2"
"千秋万岁殿","1","1","2"
"皇后邓氏废","1","1","2"
"太山都尉官","1","1","2"
"零陵太守陈","1","1","2"
"陵太守陈球","1","1","2"
"苍梧太守张","1","1","2"
"梧太守张叙","1","1","2"
"桂阳太守任","1","1","2"
"阳太守任胤","1","1","2"
"贵人窦氏皇","2","0","2"
"人窦氏皇后","2","0","2"
"勃海妖贼盖","1","1","2"
"海妖贼盖登","1","1","2"
"妖贼盖登等","1","1","2"
"贼盖登等称","1","1","2"
"盖登等称太","1","1","2"
"登等称太上","1","1","2"
"等称太上皇","1","1","2"
"称太上皇帝","1","1","2"
"原太守刘质","1","1","2"
"光禄勋汝南","1","1","2"
"禄勋汝南宣","1","1","2"
"校尉李膺等","1","1","2"
"尉李膺等二","1","1","2"
"李膺等二百","1","1","2"
"膺等二百余","1","1","2"
"等二百余人","1","1","2"
"永康元年春","1","1","2"
"守公孙域战","1","1","2"
"溺死者七岁","1","1","2"
"曾祖河间孝","1","1","2"
"封解渎亭侯","1","1","2"
"父城门校尉","1","1","2"
"校尉窦武定","1","1","2"
"尉窦武定策","1","1","2"
"守光禄大夫","2","0","2"
"光禄大夫刘","1","1","2"
"建宁元年春","1","1","2"
"司徒胡广参","1","1","2"
"葬孝桓皇帝","1","1","2"
"段颎大破先","2","0","2"
"颎大破先零","2","0","2"
"大破先零羌","2","0","2"
"夏四月戊辰","1","1","2"
"诏公卿下上","2","0","2"
"公卿下上封","2","0","2"
"卿下上封事","2","0","2"
"二千石清高","1","1","2"
"羌将军段颎","2","0","2"
"屯骑校尉冯","1","1","2"
"骑校尉冯述","1","1","2"
"司徒胡广太","2","0","2"
"尊慎园董贵","1","1","2"
"慎园董贵人","1","1","2"
"司空许栩免","1","1","2"
"射虎塞外谷","1","1","2"
"丹阳山越贼","1","1","2"
"阳山越贼围","1","1","2"
"山越贼围太","1","1","2"
"越贼围太守","1","1","2"
"贼围太守陈","1","1","2"
"围太守陈夤","1","1","2"
"冬十月丁亥","2","0","2"
"奏前司空虞","1","1","2"
"前司空虞放","1","1","2"
"长乐太仆曹","1","1","2"
"乐太仆曹节","1","1","2"
"执金吾董宠","1","1","2"
"郁林乌浒民","1","1","2"
"使中谒者巡","1","1","2"
"者巡行致医","2","0","2"
"巡行致医药","2","0","2"
"熹平元年春","1","1","2"
"平元年春三","1","1","2"
"葬桓思皇后","1","1","2"
"太学诸生千","1","1","2"
"学诸生千余","1","1","2"
"会稽人许生","1","1","2"
"杨州刺史臧","2","0","2"
"州刺史臧旻","2","0","2"
"阳太守陈寅","1","1","2"
"北地太守夏","1","1","2"
"地太守夏育","1","1","2"
"太守夏育追","1","1","2"
"守夏育追击","1","1","2"
"节告祠延陵","1","1","2"
"太常南阳刘","1","1","2"
"常南阳刘逸","1","1","2"
"广阳门外屋","1","1","2"
"黑山贼张牛","1","1","2"
"山贼张牛角","1","1","2"
"贼张牛角等","1","1","2"
"张牛角等十","1","1","2"
"牛角等十余","1","1","2"
"角等十余辈","1","1","2"
"宫伯玉等寇","1","1","2"
"夏四月庚戌","2","0","2"
"前司徒陈耽","1","1","2"
"谏议大夫刘","1","1","2"
"议大夫刘陶","1","1","2"
"张温破北宫","1","1","2"
"温破北宫伯","1","1","2"
"破北宫伯玉","1","1","2"
"中郎将董卓","1","1","2"
"郎将董卓讨","1","1","2"
"复修玉堂殿","1","1","2"
"州刺史王敏","1","1","2"
"刺史王敏讨","1","1","2"
"前太尉张延","1","1","2"
"河南尹何苗","1","1","2"
"南尹何苗讨","1","1","2"
"刺史耿鄙讨","1","1","2"
"汉阳太守傅","1","1","2"
"阳太守傅燮","1","1","2"
"太守傅燮战","1","1","2"
"扶风人马腾","1","1","2"
"汉阳人王国","1","1","2"
"零陵人观鹄","1","1","2"
"称平天将军","1","1","2"
"入钱五百万","1","1","2"
"州刺史张懿","1","1","2"
"匈奴左部胡","1","1","2"
"益州黄巾马","1","1","2"
"州黄巾马相","1","1","2"
"射声校尉马","1","1","2"
"声校尉马日","1","1","2"
"尉马日磾太","2","0","2"
"马日磾太尉","2","0","2"
"重票骑将军","2","0","2"
"中郎将孟益","1","1","2"
"郎将孟益率","1","1","2"
"将孟益率骑","1","1","2"
"孟益率骑都","1","1","2"
"益率骑都尉","1","1","2"
"率骑都尉公","1","1","2"
"骑都尉公孙","1","1","2"
"渔阳贼张纯","2","0","2"
"凉州贼王国","1","1","2"
"州贼王国围","1","1","2"
"贼王国围陈","1","1","2"
"王国围陈仓","1","1","2"
"右将军皇甫","1","1","2"
"校尉鲍鸿讨","1","1","2"
"部司马赵瑾","1","1","2"
"司马赵瑾讨","1","1","2"
"将军何进参","1","1","2"
"孝仁皇后董","1","1","2"
"仁皇后董氏","1","1","2"
"葬孝灵皇帝","1","1","2"
"孝仁皇后归","1","1","2"
"仁皇后归葬","1","1","2"
"皇后归葬河","1","1","2"
"后归葬河间","1","1","2"
"归葬河间慎","1","1","2"
"葬河间慎陵","1","1","2"
"杀大将军何","1","1","2"
"将袁术烧东","1","1","2"
"袁术烧东西","1","1","2"
"术烧东西宫","1","1","2"
"北宫德阳殿","1","1","2"
"何进部曲将","1","1","2"
"进部曲将吴","1","1","2"
"部曲将吴匡","1","1","2"
"将军何苗战","1","1","2"
"伪司隶校尉","1","1","2"
"司隶校尉樊","1","1","2"
"隶校尉樊陵","1","1","2"
"河南尹许相","1","1","2"
"尚书卢植追","1","1","2"
"中平六年四","1","1","2"
"平六年四月","1","1","2"
"董卓杀皇太","1","1","2"
"卓杀皇太后","1","1","2"
"杀皇太后何","1","1","2"
"皇太后何氏","1","1","2"
"太中大夫杨","1","1","2"
"中大夫杨彪","1","1","2"
"大夫杨彪司","2","0","2"
"夫杨彪司空","2","0","2"
"故太傅陈蕃","1","1","2"
"将军窦武等","1","1","2"
"葬灵思皇后","1","1","2"
"白波贼寇河","2","0","2"
"波贼寇河东","2","0","2"
"董卓杀弘农","1","1","2"
"卓杀弘农王","1","1","2"
"司徒杨彪免","1","1","2"
"董卓杀城门","1","1","2"
"卓杀城门校","1","1","2"
"杀城门校尉","1","1","2"
"督军校尉周","1","1","2"
"京师百姓悉","1","1","2"
"董卓杀太傅","1","1","2"
"卓杀太傅袁","1","1","2"
"杀太傅袁隗","1","1","2"
"冬十一月庚","2","0","2"
"恭愍三皇后","1","1","2"
"袁术遣将孙","2","0","2"
"术遣将孙坚","2","0","2"
"发掘洛阳诸","1","1","2"
"掘洛阳诸帝","1","1","2"
"洛阳诸帝陵","1","1","2"
"董卓杀卫尉","1","1","2"
"卓杀卫尉张","1","1","2"
"杀卫尉张温","1","1","2"
"山太守应劭","1","1","2"
"东郡太守曹","1","1","2"
"郡太守曹操","1","1","2"
"太守曹操大","1","1","2"
"守曹操大破","1","1","2"
"曹操大破黄","1","1","2"
"操大破黄巾","1","1","2"
"征西将军皇","1","1","2"
"西将军皇甫","1","1","2"
"城门校尉崔","1","1","2"
"门校尉崔烈","1","1","2"
"骑校尉王颀","1","1","2"
"前将军赵谦","1","1","2"
"秋七月庚子","2","0","2"
"禄大夫杨彪","1","1","2"
"太尉皇甫嵩","1","1","2"
"尉皇甫嵩免","1","1","2"
"禄大夫周忠","1","1","2"
"太尉周忠免","1","1","2"
"侍御史裴茂","1","1","2"
"儒生四十余","1","1","2"
"生四十余人","1","1","2"
"司空赵温免","1","1","2"
"兴平元年春","1","1","2"
"尊谥皇妣王","1","1","2"
"谥皇妣王氏","1","1","2"
"分凉州河西","1","1","2"
"谷一斛五十","2","0","2"
"夏四月甲午","2","0","2"
"立贵人伏氏","1","1","2"
"光禄勋邓泉","1","1","2"
"卫尉士孙瑞","1","1","2"
"大长秋苗祀","1","1","2"
"步兵校尉魏","1","1","2"
"兵校尉魏桀","1","1","2"
"董承引白波","1","1","2"
"匈奴左贤王","1","1","2"
"十二月庚辰","1","1","2"
"大司农张义","1","1","2"
"司农张义等","1","1","2"
"春正月癸酉","2","0","2"
"南宫杨安殿","1","1","2"
"安国将军张","1","1","2"
"国将军张杨","1","1","2"
"三年夏四月","1","1","2"
"遣谒者裴茂","1","1","2"
"谒者裴茂率","1","1","2"
"郎将段煨讨","1","1","2"
"置尚书左右","1","1","2"
"尚书左右仆","1","1","2"
"书左右仆射","1","1","2"
"曹操杀董承","1","1","2"
"操杀董承等","1","1","2"
"夏五月庚戌","2","0","2"
"八年冬十月","1","1","2"
"年冬十月己","1","1","2"
"九年秋八月","1","1","2"
"山贼张燕率","1","1","2"
"十二年秋八","1","1","2"
"二年秋八月","1","1","2"
"黄巾贼杀济","1","1","2"
"巾贼杀济南","1","1","2"
"贼杀济南王","1","1","2"
"曹操杀太中","1","1","2"
"操杀太中大","1","1","2"
"杀太中大夫","1","1","2"
"太中大夫孔","1","1","2"
"中大夫孔融","1","1","2"
"十六年秋九","1","1","2"
"六年秋九月","1","1","2"
"十七年夏五","1","1","2"
"年夏五月癸","1","1","2"
"夏五月癸未","1","1","2"
"诛卫尉马腾","1","1","2"
"曹操遣将夏","1","1","2"
"操遣将夏侯","1","1","2"
"遣将夏侯渊","1","1","2"
"曹操杀皇后","1","1","2"
"操杀皇后伏","1","1","2"
"杀皇后伏氏","1","1","2"
"二十年春正","1","1","2"
"立贵人曹氏","1","1","2"
"赐诸王侯公","1","1","2"
"诸王侯公卿","1","1","2"
"二十一年夏","1","1","2"
"十一年夏四","1","1","2"
"一年夏四月","1","1","2"
"冬十月乙卯","2","0","2"
"都山阳浊鹿","1","1","2"
"山阳浊鹿城","1","1","2"
"四皇子封王","1","1","2"
"皇子封王者","1","1","2"
"魏青龙二年","1","1","2"
"青龙二年三","1","1","2"
"龙二年三月","1","1","2"
"谥孝献皇帝","1","1","2"
"汉天子礼仪","1","1","2"
"天子礼仪葬","1","1","2"
"康立五十一","1","1","2"
"立五十一年","1","1","2"
"太子乳母王","1","1","2"
"子乳母王男","1","1","2"
"中常侍刘安","1","1","2"
"征立诸国王","1","1","2"
"立诸国王子","1","1","2"
"门孙程等十","1","1","2"
"孙程等十九","1","1","2"
"程等十九人","1","1","2"
"德阳殿西钟","1","1","2"
"阳殿西钟下","1","1","2"
"尚书令刘光","1","1","2"
"书令刘光等","1","1","2"
"令刘光等奏","1","1","2"
"诏益州刺史","1","1","2"
"赐公卿下钱","2","0","2"
"少府河南陶","1","1","2"
"府河南陶敦","1","1","2"
"延光三年九","1","1","2"
"光三年九月","1","1","2"
"春正月甲寅","2","0","2"
"皇太后阎氏","1","1","2"
"葬安思皇后","1","1","2"
"太常桓焉太","2","0","2"
"大鸿胪朱宠","1","1","2"
"冬十月辛巳","2","0","2"
"司空陶敦免","1","1","2"
"告幽州刺史","1","1","2"
"校尉耿晔率","1","1","2"
"遣使者录囚","2","0","2"
"使者录囚徒","2","0","2"
"太守张朗讨","1","1","2"
"春正月丙子","2","0","2"
"汉阳地陷裂","1","1","2"
"夏四月癸卯","2","0","2"
"太常王龚持","1","1","2"
"太傅桓焉免","1","1","2"
"民入山凿石","1","1","2"
"桂阳太守文","1","1","2"
"阳太守文砻","1","1","2"
"司空张皓免","1","1","2"
"大鸿胪庞参","1","1","2"
"司徒许敬免","1","1","2"
"拘弥国遣使","1","1","2"
"定远侯班始","1","1","2"
"杀妻阴城公","1","1","2"
"妻阴城公主","1","1","2"
"复伊吾屯田","1","1","2"
"置伊吾司马","1","1","2"
"伊吾司马一","1","1","2"
"吾司马一人","1","1","2"
"阗王遣侍子","2","0","2"
"十一月辛亥","1","1","2"
"郡国二千石","1","1","2"
"祷名山岳渎","1","1","2"
"侍中王辅等","1","1","2"
"始作候风地","1","1","2"
"作候风地动","1","1","2"
"候风地动铜","1","1","2"
"风地动铜仪","1","1","2"
"明经下第者","1","1","2"
"郡国耆儒九","1","1","2"
"国耆儒九十","1","1","2"
"耆儒九十人","1","1","2"
"女子九十七","1","1","2"
"子九十七人","1","1","2"
"赐狼所杀者","1","1","2"
"奴中郎将王","1","1","2"
"中郎将王稠","1","1","2"
"郎将王稠率","1","1","2"
"左骨都侯等","1","1","2"
"四十八人补","1","1","2"
"十八人补郎","1","1","2"
"司空王龚免","1","1","2"
"太常鲁国孔","1","1","2"
"常鲁国孔扶","1","1","2"
"鸿胪沛国施","1","1","2"
"胪沛国施延","1","1","2"
"益州盗贼劫","1","1","2"
"车师后部司","1","1","2"
"师后部司马","1","1","2"
"后部司马率","1","1","2"
"后部王加特","1","1","2"
"部王加特奴","1","1","2"
"王加特奴等","1","1","2"
"谋反大逆诸","2","0","2"
"司空孔扶免","1","1","2"
"大司农南郡","1","1","2"
"司农南郡黄","1","1","2"
"农南郡黄尚","1","1","2"
"光禄勋河东","1","1","2"
"禄勋河东王","1","1","2"
"勋河东王卓","1","1","2"
"武都塞上屯","1","1","2"
"都塞上屯羌","1","1","2"
"外羌攻破屯","1","1","2"
"太尉施延免","1","1","2"
"执金吾梁商","1","1","2"
"前太尉庞参","1","1","2"
"前司空王龚","1","1","2"
"武陵太守李","1","1","2"
"陵太守李进","1","1","2"
"光禄勋冯翊","1","1","2"
"禄勋冯翊郭","1","1","2"
"勋冯翊郭虔","1","1","2"
"江夏盗贼杀","1","1","2"
"夏盗贼杀邾","1","1","2"
"会三辅郡守","1","1","2"
"二郡山岸崩","1","1","2"
"太白犯荧惑","2","0","2"
"蔡伯流等率","1","1","2"
"徐州刺史应","1","1","2"
"州刺史应志","1","1","2"
"吴郡丞羊珍","1","1","2"
"郡丞羊珍反","1","1","2"
"九真太守祝","1","1","2"
"真太守祝良","1","1","2"
"刺史张乔慰","1","1","2"
"司徒黄尚免","1","1","2"
"四府掾属刚","1","1","2"
"府掾属刚毅","1","1","2"
"掾属刚毅武","1","1","2"
"属刚毅武猛","1","1","2"
"春正月庚辰","2","0","2"
"弘农太守张","1","1","2"
"农太守张凤","1","1","2"
"尉马贤讨烧","2","0","2"
"马贤讨烧羌","2","0","2"
"故济北惠王","1","1","2"
"将军马续讨","1","1","2"
"奴中郎将陈","1","1","2"
"中郎将陈龟","1","1","2"
"侯国租一岁","2","0","2"
"太守赵冲讨","1","1","2"
"司空郭虔免","1","1","2"
"十一月庚子","2","0","2"
"光禄大夫郭","1","1","2"
"禄大夫郭遵","1","1","2"
"刘班等八人","1","1","2"
"班等八人分","1","1","2"
"司徒刘寿免","1","1","2"
"骑将军张乔","1","1","2"
"司隶校尉赵","1","1","2"
"隶校尉赵峻","1","1","2"
"立南匈奴守","1","1","2"
"南匈奴守义","1","1","2"
"匈奴守义王","1","1","2"
"奴守义王兜","1","1","2"
"守义王兜楼","1","1","2"
"义王兜楼储","1","1","2"
"徐盗贼攻烧","1","1","2"
"盗贼攻烧城","1","1","2"
"地百八十震","2","0","2"
"羌校尉卫琚","1","1","2"
"校尉卫琚追","1","1","2"
"江夏盗贼寇","1","1","2"
"夏盗贼寇掠","1","1","2"
"盗贼寇掠城","1","1","2"
"贼寇掠城邑","1","1","2"
"中郎将马寔","2","0","2"
"击南匈奴左","1","1","2"
"徐盗贼范容","1","1","2"
"周生等寇掠","1","1","2"
"生等寇掠城","1","1","2"
"等寇掠城邑","1","1","2"
"史中丞冯赦","1","1","2"
"中丞冯赦督","1","1","2"
"建康元年立","1","1","2"
"大司农李固","1","1","2"
"葬孝顺皇帝","1","1","2"
"九江太守丘","1","1","2"
"江太守丘腾","1","1","2"
"州刺史尹耀","1","1","2"
"零陵太守刘","1","1","2"
"陵太守刘康","1","1","2"
"校尉赵冲追","1","1","2"
"尉赵冲追击","1","1","2"
"赵冲追击叛","1","1","2"
"冲追击叛羌","1","1","2"
"永憙元年春","1","1","2"
"憙元年春正","1","1","2"
"葬孝冲皇帝","1","1","2"
"豫章太守虞","1","1","2"
"章太守虞续","1","1","2"
"九江都尉滕","1","1","2"
"江都尉滕抚","1","1","2"
"都尉滕抚讨","1","1","2"
"丹阳贼陆宫","1","1","2"
"阳贼陆宫等","1","1","2"
"贼陆宫等围","1","1","2"
"陆宫等围城","1","1","2"
"丹阳太守江","1","1","2"
"阳太守江汉","1","1","2"
"名山大泽能","1","1","2"
"山大泽能兴","1","1","2"
"大泽能兴云","1","1","2"
"广陵太守王","1","1","2"
"陵太守王喜","1","1","2"
"太尉李固免","1","1","2"
"显宗孝明皇","1","1","2"
"宗孝明皇帝","1","1","2"
"中元二年二","1","1","2"
"元二年二月","1","1","2"
"葬光武皇帝","1","1","2"
"中元元年四","1","1","2"
"元元年四月","1","1","2"
"发天水三千","1","1","2"
"天水三千人","1","1","2"
"亡命殊死下","2","0","2"
"永平元年春","1","1","2"
"司空冯鲂持","1","1","2"
"赐升龙旄头","1","1","2"
"葬东海恭王","1","1","2"
"太守祭肜使","1","1","2"
"守祭肜使鲜","1","1","2"
"祭肜使鲜卑","1","1","2"
"击赤山乌桓","1","1","2"
"宗祀光武皇","2","0","2"
"光武皇帝明","2","0","2"
"武皇帝明堂","2","0","2"
"公卿列侯始","1","1","2"
"卿列侯始服","1","1","2"
"列侯始服冠","1","1","2"
"侯始服冠冕","1","1","2"
"光武皇帝建","1","1","2"
"赐天下三老","1","1","2"
"妻郦邑公主","1","1","2"
"春正月癸巳","2","0","2"
"左冯翊郭丹","1","1","2"
"南阳太守虞","1","1","2"
"阳太守虞延","1","1","2"
"立贵人马氏","1","1","2"
"秋八月戊辰","2","0","2"
"太后幸章陵","2","0","2"
"年春二月辛","2","0","2"
"河南尹范迁","1","1","2"
"元氏县田租","1","1","2"
"氏县田租更","1","1","2"
"县田租更赋","1","1","2"
"田租更赋六","1","1","2"
"赐三公帛五","1","1","2"
"三公帛五十","1","1","2"
"公帛五十匹","1","1","2"
"皇太后阴氏","1","1","2"
"葬光烈皇后","1","1","2"
"越骑司马郑","1","1","2"
"骑司马郑众","1","1","2"
"置度辽将军","1","1","2"
"三公募郡国","1","1","2"
"公募郡国中","1","1","2"
"募郡国中都","1","1","2"
"父母同产欲","2","0","2"
"寇西河诸郡","1","1","2"
"九年春三月","1","1","2"
"年春三月辛","2","0","2"
"春三月辛丑","2","0","2"
"郡国死罪囚","1","1","2"
"夏四月甲辰","1","1","2"
"墨绶长吏视","1","1","2"
"绶长吏视事","1","1","2"
"长吏视事三","1","1","2"
"征沛王辅会","2","0","2"
"沛王辅会睢","2","0","2"
"王辅会睢阳","2","0","2"
"十二月甲午","2","0","2"
"东海王政朝","2","0","2"
"外夷哀牢王","1","1","2"
"益州西部都","1","1","2"
"州西部都尉","1","1","2"
"谒者王吴修","1","1","2"
"流民名数欲","2","0","2"
"民名数欲占","2","0","2"
"十四年春三","1","1","2"
"司徒虞延免","1","1","2"
"巨鹿太守南","1","1","2"
"鹿太守南阳","1","1","2"
"死罪缣四十","1","1","2"
"罪缣四十匹","1","1","2"
"城旦司寇五","2","0","2"
"旦司寇五匹","2","0","2"
"定陶恭王陵","1","1","2"
"令天下大酺","2","0","2"
"天下大酺五","2","0","2"
"下大酺五日","2","0","2"
"驸马都尉韩","1","1","2"
"马都尉韩光","1","1","2"
"大司农西河","1","1","2"
"司农西河王","1","1","2"
"罪系囚减死","1","1","2"
"云中太守廉","1","1","2"
"中太守廉范","1","1","2"
"汝南太守鲍","1","1","2"
"南太守鲍昱","1","1","2"
"芝草生殿前","1","1","2"
"西南夷哀牢","1","1","2"
"帝威德怀远","1","1","2"
"常择吉日策","1","1","2"
"择吉日策告","1","1","2"
"吉日策告宗","1","1","2"
"日策告宗庙","1","1","2"
"骑都尉刘张","1","1","2"
"敦煌昆仑塞","1","1","2"
"十八年春三","1","1","2"
"八年春三月","1","1","2"
"年春三月丁","1","1","2"
"春三月丁亥","1","1","2"
"令天下亡命","1","1","2"
"死罪缣三十","1","1","2"
"罪缣三十匹","1","1","2"
"吏人犯罪未","1","1","2"
"人犯罪未发","1","1","2"
"名山大川能","1","1","2"
"山大川能兴","1","1","2"
"大川能兴云","1","1","2"
"川能兴云致","1","1","2"
"兴云致雨者","2","0","2"
"龟兹攻西域","1","1","2"
"兹攻西域都","1","1","2"
"攻西域都护","1","1","2"
"西域都护陈","1","1","2"
"域都护陈睦","1","1","2"
"藏主光烈皇","2","0","2"
"主光烈皇后","2","0","2"
"皇后更衣室","2","0","2"
"帝初作寿陵","1","1","2"
"长二丈五尺","1","1","2"
"吏卒数人供","1","1","2"
"擅议宗庙法","1","1","2"
"二十七世妇","1","1","2"
"八十一女御","1","1","2"
"贵人金印紫","1","1","2"
"人金印紫绶","1","1","2"
"光武郭皇后","1","1","2"
"田宅财产数","1","1","2"
"宅财产数百","1","1","2"
"财产数百万","1","1","2"
"娶真定恭王","1","1","2"
"况小心谨慎","1","1","2"
"况恭谦下士","1","1","2"
"中山王太后","1","1","2"
"后中子右翊","1","1","2"
"中子右翊公","1","1","2"
"婿南阳陈茂","1","1","2"
"恩泽封南侯","1","1","2"
"公卿诸侯亲","1","1","2"
"卿诸侯亲家","1","1","2"
"诸侯亲家饮","1","1","2"
"赏赐金钱缣","1","1","2"
"赐金钱缣帛","1","1","2"
"官太中大夫","2","0","2"
"志士所沉溺","1","1","2"
"更始元年六","1","1","2"
"始元年六月","1","1","2"
"侍中傅俊迎","1","1","2"
"就嗣哀侯后","1","1","2"
"阴贵人乡里","1","1","2"
"贵人乡里良","1","1","2"
"人乡里良家","1","1","2"
"永平三年冬","1","1","2"
"故人诸家子","1","1","2"
"位二十四年","1","1","2"
"明帝性孝爱","1","1","2"
"十七年正月","1","1","2"
"令百官采取","1","1","2"
"席前伏御床","1","1","2"
"母蔺夫人悲","1","1","2"
"蔺夫人悲伤","1","1","2"
"夫人悲伤发","1","1","2"
"人悲伤发疾","1","1","2"
"贲中郎将梁","1","1","2"
"中郎将梁松","1","1","2"
"黄门侍郎窦","1","1","2"
"门侍郎窦固","1","1","2"
"侍郎窦固等","1","1","2"
"权贵所侵侮","1","1","2"
"永平三年春","1","1","2"
"贵人德冠后","2","0","2"
"尊后曰皇太","2","0","2"
"加安车驷马","1","1","2"
"杂帛二千匹","1","1","2"
"信巫祝小医","1","1","2"
"建武末选入","1","1","2"
"武末选入太","1","1","2"
"末选入太子","1","1","2"
"中元二年生","1","1","2"
"元二年生肃","1","1","2"
"二年生肃宗","1","1","2"
"御府杂帛二","1","1","2"
"府杂帛二万","1","1","2"
"杂帛二万匹","1","1","2"
"大司农黄金","1","1","2"
"司农黄金千","1","1","2"
"农黄金千斤","1","1","2"
"宋贵人生皇","1","1","2"
"贵人生皇太","1","1","2"
"人生皇太子","1","1","2"
"益汤沐邑三","1","1","2"
"汤沐邑三千","1","1","2"
"沐邑三千户","1","1","2"
"司空张奋上","1","1","2"
"空张奋上奏","1","1","2"
"前世上官太","1","1","2"
"世上官太后","1","1","2"
"上尊谥曰恭","2","0","2"
"熹邓后入宫","1","1","2"
"中常侍张慎","1","1","2"
"司徒鲁恭持","1","1","2"
"徒鲁恭持节","1","1","2"
"鲁恭持节赐","1","1","2"
"宗亲外内昆","1","1","2"
"亲外内昆弟","1","1","2"
"使修石臼河","1","1","2"
"对左右流涕","1","1","2"
"长子平原王","1","1","2"
"诸皇子夭没","1","1","2"
"先帝早弃天","1","1","2"
"帝早弃天下","1","1","2"
"赐贵人王青","1","1","2"
"贵人王青盖","1","1","2"
"人王青盖车","1","1","2"
"杂帛三千匹","1","1","2"
"白越四千端","1","1","2"
"旧太官汤官","1","1","2"
"宗室同族若","1","1","2"
"北宫增喜观","1","1","2"
"前代外戚宾","1","1","2"
"代外戚宾客","1","1","2"
"爵号太夫人","1","1","2"
"四府掾史五","1","1","2"
"府掾史五十","1","1","2"
"掾史五十余","1","1","2"
"史五十余人","1","1","2"
"东观受读经","1","1","2"
"观受读经传","1","1","2"
"死罪三十六","1","1","2"
"罪三十六人","1","1","2"
"赐公卿百僚","1","1","2"
"平望侯刘毅","1","1","2"
"永宁二年二","1","1","2"
"宁二年二月","1","1","2"
"帝幸宫人李","1","1","2"
"幸宫人李氏","1","1","2"
"万三千五百","1","1","2"
"三千五百户","1","1","2"
"常侍樊丰等","1","1","2"
"侍樊丰等共","1","1","2"
"显兄弟江京","2","0","2"
"将军耿宝位","1","1","2"
"军耿宝位尊","1","1","2"
"耿宝位尊权","1","1","2"
"宝位尊权重","1","1","2"
"党中常侍樊","1","1","2"
"贲中郎将谢","1","1","2"
"中郎将谢恽","1","1","2"
"笃弟大将军","1","1","2"
"弟大将军长","1","1","2"
"大将军长史","1","1","2"
"永婿黄门侍","1","1","2"
"婿黄门侍郎","1","1","2"
"黄门侍郎樊","1","1","2"
"门侍郎樊严","1","1","2"
"侍郎樊严等","1","1","2"
"恭怀皇后弟","1","1","2"
"俱选入掖庭","2","0","2"
"相工茅通见","1","1","2"
"梁小贵人宜","1","1","2"
"小贵人宜配","1","1","2"
"贵人宜配天","1","1","2"
"寿安殿立贵","1","1","2"
"安殿立贵人","1","1","2"
"南蛮夷攻城","1","1","2"
"蛮夷攻城暴","1","1","2"
"夷攻城暴掠","1","1","2"
"委任太尉李","1","1","2"
"任太尉李固","1","1","2"
"将军兄弟委","1","1","2"
"年十三选入","1","1","2"
"十三选入掖","1","1","2"
"三选入掖庭","1","1","2"
"生女舞阳长","1","1","2"
"女舞阳长公","1","1","2"
"议郎卑整上","1","1","2"
"中谒者仆射","1","1","2"
"将作大匠复","1","1","2"
"作大匠复土","1","1","2"
"孝惠皇帝纳","1","1","2"
"黄金二万斤","1","1","2"
"将军梁冀妻","1","1","2"
"永兴中进入","1","1","2"
"兴中进入掖","1","1","2"
"中进入掖庭","1","1","2"
"后本郎中邓","1","1","2"
"本郎中邓香","1","1","2"
"香车骑将军","1","1","2"
"车骑将军安","1","1","2"
"骑将军安阳","1","1","2"
"将军安阳侯","1","1","2"
"军安阳侯印","1","1","2"
"安阳侯印绶","1","1","2"
"宫女五六千","1","1","2"
"桓思窦皇后","1","1","2"
"采女田圣等","1","1","2"
"永康元年冬","1","1","2"
"积怒田圣等","1","1","2"
"建宁四年十","1","1","2"
"宁四年十月","1","1","2"
"黄门令董萌","1","1","2"
"称永乐后属","1","1","2"
"永乐后属请","1","1","2"
"后兄子卫尉","1","1","2"
"何太后临朝","1","1","2"
"兄大将军进","2","0","2"
"弟车骑将军","1","1","2"
"使故中常侍","1","1","2"
"故中常侍夏","1","1","2"
"中常侍夏恽","1","1","2"
"永乐太仆封","1","1","2"
"位二十二年","1","1","2"
"常侍王甫枉","1","1","2"
"太中大夫程","1","1","2"
"中大夫程阿","1","1","2"
"大夫程阿共","1","1","2"
"归宋氏旧茔","1","1","2"
"宋氏旧茔皋","1","1","2"
"氏旧茔皋门","1","1","2"
"旧茔皋门亭","1","1","2"
"问羽林左监","1","1","2"
"羽林左监许","1","1","2"
"林左监许永","1","1","2"
"长七尺一寸","1","1","2"
"舞阳宣德侯","1","1","2"
"法相选入掖","1","1","2"
"相选入掖庭","1","1","2"
"山东义兵大","1","1","2"
"郎中令李儒","1","1","2"
"中令李儒进","1","1","2"
"令李儒进鸩","1","1","2"
"初平元年二","1","1","2"
"平元年二月","1","1","2"
"赐第宅田业","1","1","2"
"追尊王美人","1","1","2"
"光禄大夫持","1","1","2"
"行司空事奉","1","1","2"
"河南尹骆业","1","1","2"
"南尹骆业复","1","1","2"
"尹骆业复土","1","1","2"
"桓帝女阳安","1","1","2"
"帝女阳安公","1","1","2"
"女阳安公主","1","1","2"
"符节令孙徽","1","1","2"
"御史大夫郗","1","1","2"
"史大夫郗虑","1","1","2"
"大夫郗虑持","1","1","2"
"尚书令华歆","1","1","2"
"所生二皇子","1","1","2"
"盈等十九人","1","1","2"
"献穆曹皇后","1","1","2"
"建安十八年","1","1","2"
"山阳公夫人","1","1","2"
"后四十一年","1","1","2"
"魏景元元年","1","1","2"
"车服礼仪皆","1","1","2"
"服礼仪皆依","1","1","2"
"礼仪皆依汉","1","1","2"
"仪皆依汉制","1","1","2"
"蔡邕始追正","1","1","2"
"肃宗孝章皇","1","1","2"
"宗孝章皇帝","1","1","2"
"显宗第五子","1","1","2"
"十八年八月","1","1","2"
"葬孝明皇帝","1","1","2"
"名数流人欲","2","0","2"
"数流人欲占","2","0","2"
"流人欲占者","2","0","2"
"人欲占者人","2","0","2"
"将军耿秉屯","1","1","2"
"救戊己校尉","1","1","2"
"戊己校尉耿","1","1","2"
"己校尉耿恭","1","1","2"
"孝明皇帝圣","1","1","2"
"明皇帝圣德","1","1","2"
"皇帝圣德淳","1","1","2"
"建初元年春","1","1","2"
"诏三州郡国","1","1","2"
"刺史明加督","1","1","2"
"史明加督察","1","1","2"
"太守段彭讨","1","1","2"
"夏五月辛酉","2","0","2"
"秋七月辛亥","2","0","2"
"武陵郡兵讨","1","1","2"
"益州三郡民","1","1","2"
"零陵献芝草","1","1","2"
"南阳太守桓","1","1","2"
"阳太守桓虞","1","1","2"
"皇太后马氏","1","1","2"
"葬明德皇后","1","1","2"
"后学者精进","1","1","2"
"中元元年诏","1","1","2"
"元元年诏书","1","1","2"
"使五官中郎","1","1","2"
"官中郎将魏","1","1","2"
"中郎将魏应","1","1","2"
"郎将魏应承","1","1","2"
"将魏应承制","1","1","2"
"魏应承制问","1","1","2"
"祷五岳四渎","2","0","2"
"豫诸郡兵讨","1","1","2"
"行月令迎气","1","1","2"
"月令迎气乐","1","1","2"
"大司农邓彪","1","1","2"
"赐公钱四十","1","1","2"
"公钱四十万","1","1","2"
"能脱粟瓢饮","1","1","2"
"元氏租赋三","1","1","2"
"皆减本罪一","2","0","2"
"城旦司寇三","2","0","2"
"旦司寇三匹","2","0","2"
"十二月丁亥","1","1","2"
"葬东平宪王","1","1","2"
"恐先师微言","1","1","2"
"大司农郑弘","1","1","2"
"春正月乙酉","2","0","2"
"襄城令刘方","1","1","2"
"山川鬼神应","1","1","2"
"大会外内群","1","1","2"
"会外内群臣","1","1","2"
"一人空虚多","1","1","2"
"人空虚多疚","1","1","2"
"北登太行山","1","1","2"
"夏四月乙巳","1","1","2"
"赐天下吏爵","1","1","2"
"加赐河南女","1","1","2"
"赐河南女子","1","1","2"
"河南女子百","1","1","2"
"南女子百户","1","1","2"
"女子百户牛","1","1","2"
"十二月立春","1","1","2"
"太守三十匹","1","1","2"
"丘陵土地所","1","1","2"
"陵土地所宜","1","1","2"
"人君伐一草","1","1","2"
"元氏七年徭","1","1","2"
"氏七年徭役","1","1","2"
"太尉郑弘免","1","1","2"
"长史班超击","2","0","2"
"击斩疏勒王","1","1","2"
"司徒桓虞免","1","1","2"
"护羌校尉刘","1","1","2"
"羌校尉刘盱","1","1","2"
"校尉刘盱讨","1","1","2"
"赐高年二人","1","1","2"
"高年二人共","1","1","2"
"年二人共布","1","1","2"
"二人共布帛","1","1","2"
"祠沛高原庙","1","1","2"
"死罪缣二十","1","1","2"
"罪缣二十匹","1","1","2"
"钳城旦舂七","1","1","2"
"城旦舂七匹","1","1","2"
"北匈奴屋兰","1","1","2"
"匈奴屋兰储","1","1","2"
"奴屋兰储等","1","1","2"
"屋兰储等率","1","1","2"
"中山王焉朝","2","0","2"
"魏文帝称明","1","1","2"
"文帝称明帝","1","1","2"
"帝称明帝察","1","1","2"
"称明帝察察","1","1","2"
"章帝素知人","1","1","2"
"南阳太守岑","1","1","2"
"阳太守岑公","1","1","2"
"太守岑公孝","1","1","2"
"天下模楷李","1","1","2"
"下模楷李元","1","1","2"
"模楷李元礼","1","1","2"
"畏强御陈仲","1","1","2"
"强御陈仲举","1","1","2"
"天下俊秀王","1","1","2"
"下俊秀王叔","1","1","2"
"俊秀王叔茂","1","1","2"
"尹勋字伯元","1","1","2"
"羊陟字嗣祖","1","1","2"
"孔昱字元世","1","1","2"
"刘儒字叔林","1","1","2"
"母师氏能通","1","1","2"
"师氏能通经","1","1","2"
"氏能通经学","1","1","2"
"赐号义成夫","1","1","2"
"号义成夫人","1","1","2"
"南阳张衡特","1","1","2"
"扶风安陵人","1","1","2"
"司空张温车","2","0","2"
"空张温车骑","2","0","2"
"张温车骑将","2","0","2"
"温车骑将军","2","0","2"
"执金吾袁滂","1","1","2"
"辅国将军伏","1","1","2"
"国将军伏完","1","1","2"
"将军伏完等","1","1","2"
"军伏完等十","1","1","2"
"伏完等十余","1","1","2"
"完等十余人","1","1","2"
"赠沮俊弘农","2","0","2"
"沮俊弘农太","2","0","2"
"俊弘农太守","2","0","2"
"蔡邕字伯喈","1","1","2"
"四方分崩离","1","1","2"
"方分崩离析","1","1","2"
"食邑千二百","1","1","2"
"邑千二百户","1","1","2"
"司空尹勤同","1","1","2"
"空尹勤同日","1","1","2"
"定策立桓帝","1","1","2"
"育阳安乐乡","1","1","2"
"阳安乐乡侯","1","1","2"
"太傅陈蕃参","1","1","2"
"傅陈蕃参录","1","1","2"
"陈蕃参录尚","1","1","2"
"蕃参录尚书","1","1","2"
"常逊言恭色","1","1","2"
"将持节奉策","1","1","2"
"持节奉策赠","1","1","2"
"节奉策赠太","1","1","2"
"奉策赠太傅","1","1","2"
"安乐乡侯印","1","1","2"
"乐乡侯印绶","1","1","2"
"谒者护丧事","1","1","2"
"顺万人思汉","1","1","2"
"努力疾风知","1","1","2"
"力疾风知劲","1","1","2"
"疾风知劲草","1","1","2"
"发兵攻拔邯","1","1","2"
"建前后受敌","1","1","2"
"将军侯进等","1","1","2"
"军侯进等五","1","1","2"
"侯进等五万","1","1","2"
"王常屯涿郡","1","1","2"
"侯进屯渔阳","1","1","2"
"定封淮陵侯","1","1","2"
"显宗女浚仪","1","1","2"
"宗女浚仪长","1","1","2"
"女浚仪长公","1","1","2"
"浚仪长公主","1","1","2"
"祭遵字弟孙","1","1","2"
"定封颍阳侯","1","1","2"
"骑将军刘歆","1","1","2"
"天水伐公孙","1","1","2"
"水伐公孙述","1","1","2"
"河南尹护丧","1","1","2"
"南尹护丧事","1","1","2"
"进屠唐子乡","1","1","2"
"大将军吴汉","1","1","2"
"偏将军景丹","1","1","2"
"偏将军盖延","1","1","2"
"中坚将军杜","1","1","2"
"坚将军杜茂","1","1","2"
"司空王梁免","1","1","2"
"军盖延率四","1","1","2"
"盖延率四将","1","1","2"
"延率四将军","1","1","2"
"更始将苏茂","1","1","2"
"始将苏茂杀","1","1","2"
"将苏茂杀淮","1","1","2"
"苏茂杀淮阳","1","1","2"
"茂杀淮阳太","1","1","2"
"淮阳太守潘","1","1","2"
"阳太守潘蹇","1","1","2"
"太守张丰反","1","1","2"
"楚郡太守孙","1","1","2"
"郡太守孙萌","1","1","2"
"军盖延等七","1","1","2"
"盖延等七将","1","1","2"
"延等七将军","1","1","2"
"徼外蛮夷献","2","0","2"
"平城人贾丹","1","1","2"
"城人贾丹杀","1","1","2"
"人贾丹杀卢","1","1","2"
"贾丹杀卢芳","1","1","2"
"丹杀卢芳将","1","1","2"
"杀卢芳将尹","1","1","2"
"汝南太守欧","1","1","2"
"南太守欧阳","1","1","2"
"追谥兄伯升","1","1","2"
"立贵人阴氏","1","1","2"
"司空窦融免","1","1","2"
"广汉太守蔡","1","1","2"
"汉太守蔡茂","1","1","2"
"司隶校尉苏","1","1","2"
"三十一年夏","1","1","2"
"十一年夏五","1","1","2"
"一年夏五月","1","1","2"
"置辽东西部","1","1","2"
"辽东西部都","1","1","2"
"东西部都尉","1","1","2"
"西部都尉官","1","1","2"
"父清河孝王","1","1","2"
"先帝圣德淑","1","1","2"
"帝圣德淑茂","1","1","2"
"葬孝殇皇帝","1","1","2"
"鱼龙曼延百","1","1","2"
"龙曼延百戏","1","1","2"
"塞外参狼羌","1","1","2"
"分广汉北部","1","1","2"
"先零诸种羌","1","1","2"
"零诸种羌攻","1","1","2"
"诸种羌攻陷","1","1","2"
"种羌攻陷上","1","1","2"
"护羌校尉侯","1","1","2"
"羌校尉侯霸","1","1","2"
"调滨水县谷","1","1","2"
"修理西门豹","1","1","2"
"理西门豹所","1","1","2"
"西门豹所分","1","1","2"
"门豹所分漳","1","1","2"
"豹所分漳水","1","1","2"
"溉公私田畴","1","1","2"
"合浦蛮夷降","1","1","2"
"郡国四十二","1","1","2"
"国四十二地","1","1","2"
"四十二地震","1","1","2"
"沈氐羌寇张","2","0","2"
"氐羌寇张掖","2","0","2"
"郡国三十三","1","1","2"
"国三十三大","1","1","2"
"三十三大风","1","1","2"
"鲜卑寇雁门","2","0","2"
"大司农杜乔","1","1","2"
"太尉杜乔免","1","1","2"
"前太尉胡广","1","1","2"
"五色大鸟见","1","1","2"
"奉孝崇皇祀","1","1","2"
"尊孝崇皇夫","1","1","2"
"孝崇皇夫人","1","1","2"
"崇皇夫人马","1","1","2"
"皇夫人马氏","1","1","2"
"孝崇园贵人","1","1","2"
"太尉赵戒免","1","1","2"
"大司农河内","1","1","2"
"司农河内张","1","1","2"
"农河内张歆","1","1","2"
"光禄勋吴雄","1","1","2"
"域长史王敬","1","1","2"
"太尉袁汤免","1","1","2"
"太尉胡广免","1","1","2"
"蜀郡李伯诈","1","1","2"
"郡李伯诈称","1","1","2"
"李伯诈称宗","1","1","2"
"伯诈称宗室","1","1","2"
"公孙举等反","1","1","2"
"孙举等反叛","1","1","2"
"蜀郡属国夷","1","1","2"
"置太官右监","1","1","2"
"官右监丞官","1","1","2"
"大司农黄琼","1","1","2"
"光禄大夫中","1","1","2"
"禄大夫中山","1","1","2"
"大夫中山祝","1","1","2"
"夫中山祝恬","1","1","2"
"大鸿胪梁国","1","1","2"
"鸿胪梁国盛","1","1","2"
"胪梁国盛允","1","1","2"
"司空虞放免","1","1","2"
"前太尉黄琼","1","1","2"
"卫尉颍川许","1","1","2"
"尉颍川许栩","1","1","2"
"桂阳盗贼李","1","1","2"
"阳盗贼李研","1","1","2"
"盗贼李研等","1","1","2"
"贼李研等寇","1","1","2"
"将军冯绲免","1","1","2"
"司空刘宠免","1","1","2"
"司空周景免","1","1","2"
"广陵人龙尚","1","1","2"
"陵人龙尚等","1","1","2"
"人龙尚等共","1","1","2"
"司徒许栩免","1","1","2"
"太尉陈蕃免","1","1","2"
"光禄勋周景","1","1","2"
"司空刘茂免","1","1","2"
"太中大夫刘","1","1","2"
"中大夫刘矩","1","1","2"
"大鸿胪许栩","1","1","2"
"沛国闻人袭","1","1","2"
"闻人袭太尉","2","0","2"
"太仆长沙刘","1","1","2"
"仆长沙刘嚣","1","1","2"
"太尉刘宠免","1","1","2"
"太中大夫闻","1","1","2"
"中大夫闻人","1","1","2"
"大夫闻人袭","1","1","2"
"大鸿胪桥玄","1","1","2"
"司徒许训免","1","1","2"
"司徒桥玄免","1","1","2"
"前司空许栩","1","1","2"
"太尉李咸免","1","1","2"
"司空杨赐免","1","1","2"
"太常颍川唐","1","1","2"
"常颍川唐珍","1","1","2"
"永乐少府许","1","1","2"
"乐少府许训","1","1","2"
"冲帝母虞美","1","1","2"
"帝母虞美人","1","1","2"
"复崇高山名","1","1","2"
"光禄勋刘宽","1","1","2"
"郡国文学吏","1","1","2"
"司徒袁隗免","1","1","2"
"太仆河内张","1","1","2"
"仆河内张延","1","1","2"
"军皇甫嵩免","1","1","2"
"光禄大夫许","1","1","2"
"禄大夫许相","1","1","2"
"江夏兵赵慈","1","1","2"
"夏兵赵慈反","1","1","2"
"南阳太守秦","1","1","2"
"阳太守秦颉","1","1","2"
"车骑将军赵","1","1","2"
"骑将军赵忠","1","1","2"
"太尉张温免","1","1","2"
"光禄勋沛国","1","1","2"
"禄勋沛国丁","1","1","2"
"勋沛国丁宫","1","1","2"
"洛阳民生男","1","1","2"
"渔阳人张纯","1","1","2"
"北平太守刘","1","1","2"
"平太守刘政","1","1","2"
"辽东太守杨","1","1","2"
"东太守杨终","1","1","2"
"乌桓校尉公","1","1","2"
"桓校尉公綦","1","1","2"
"校尉公綦稠","1","1","2"
"尉公綦稠等","1","1","2"
"大司农曹嵩","1","1","2"
"黄巾余贼郭","1","1","2"
"巾余贼郭太","1","1","2"
"余贼郭太等","1","1","2"
"永乐少府樊","1","1","2"
"乐少府樊陵","1","1","2"
"光禄勋南阳","1","1","2"
"禄勋南阳刘","1","1","2"
"勋南阳刘弘","1","1","2"
"司空刘弘免","1","1","2"
"光禄勋荀爽","1","1","2"
"置汉安都护","1","1","2"
"复中平六年","1","1","2"
"初平元年春","1","1","2"
"光禄勋赵谦","1","1","2"
"光禄大夫种","1","1","2"
"禄大夫种拂","1","1","2"
"州刺史王睿","1","1","2"
"司空种拂免","1","1","2"
"光禄大夫济","1","1","2"
"禄大夫济南","1","1","2"
"大夫济南淳","1","1","2"
"长安宣平城","1","1","2"
"安宣平城门","1","1","2"
"宣平城门外","1","1","2"
"平城门外屋","1","1","2"
"司空杨彪免","1","1","2"
"前益州刺史","1","1","2"
"益州刺史种","1","1","2"
"刺史种劭战","1","1","2"
"伏完等十三","1","1","2"
"完等十三人","1","1","2"
"袁绍大将军","1","1","2"
"袁术杀陈王","1","1","2"
"大司马张杨","1","1","2"
"车骑将军董","1","1","2"
"骑将军董承","1","1","2"
"越骑校尉种","1","1","2"
"骑校尉种辑","1","1","2"
"校尉种辑受","1","1","2"
"守公孙康杀","1","1","2"
"公孙康杀袁","1","1","2"
"孙康杀袁尚","1","1","2"
"司徒赵温免","1","1","2"
"杀刺史韦康","1","1","2"
"司空刘授免","1","1","2"
"长乐少府九","1","1","2"
"乐少府九江","1","1","2"
"少府九江朱","1","1","2"
"府九江朱伥","1","1","2"
"代郡太守李","1","1","2"
"郡太守李超","1","1","2"
"尊谥皇妣李","1","1","2"
"谥皇妣李氏","1","1","2"
"光禄勋许敬","1","1","2"
"上郡归旧土","1","1","2"
"郡国十二蝗","1","1","2"
"海贼曾旌等","1","1","2"
"贼曾旌等寇","1","1","2"
"攻会稽东部","1","1","2"
"会稽东部都","1","1","2"
"稽东部都尉","1","1","2"
"州六郡妖贼","1","1","2"
"六郡妖贼章","1","1","2"
"郡妖贼章河","1","1","2"
"妖贼章河等","1","1","2"
"贼章河等寇","1","1","2"
"南部都尉官","1","1","2"
"日南叛蛮攻","1","1","2"
"九江贼蔡伯","1","1","2"
"江贼蔡伯流","1","1","2"
"贼蔡伯流寇","1","1","2"
"光禄勋长沙","1","1","2"
"禄勋长沙刘","1","1","2"
"勋长沙刘寿","1","1","2"
"左部句龙大","1","1","2"
"部句龙大人","1","1","2"
"句龙大人吾","1","1","2"
"龙大人吾斯","1","1","2"
"句龙吾斯等","1","1","2"
"龙吾斯等东","1","1","2"
"吾斯等东引","1","1","2"
"斯等东引乌","1","1","2"
"等东引乌桓","1","1","2"
"征西将军马","1","1","2"
"西将军马贤","1","1","2"
"安定太守郭","1","1","2"
"定太守郭璜","1","1","2"
"太守郭璜下","1","1","2"
"守郭璜下狱","1","1","2"
"郎将张耽大","1","1","2"
"汉安元年春","1","1","2"
"匈奴左部大","1","1","2"
"奴左部大人","1","1","2"
"左部大人句","1","1","2"
"部大人句龙","1","1","2"
"大人句龙吾","1","1","2"
"人句龙吾斯","1","1","2"
"台耆等反叛","1","1","2"
"人刺杀句龙","1","1","2"
"刺杀句龙吾","1","1","2"
"杀句龙吾斯","1","1","2"
"三郡水涌土","1","1","2"
"郡水涌土裂","1","1","2"
"曾祖父千乘","1","1","2"
"祖父千乘贞","1","1","2"
"父千乘贞王","1","1","2"
"祖父乐安夷","1","1","2"
"父乐安夷王","1","1","2"
"父勃海孝王","1","1","2"
"武十五年封","1","1","2"
"十五年封东","1","1","2"
"五年封东海","1","1","2"
"年封东海公","1","1","2"
"郎将窦固监","1","1","2"
"军马武等二","1","1","2"
"马武等二将","1","1","2"
"武等二将军","1","1","2"
"等二将军讨","1","1","2"
"大司农牟融","1","1","2"
"十三年春二","1","1","2"
"封故广陵王","1","1","2"
"官视事二十","1","1","2"
"视事二十岁","1","1","2"
"官府吏五匹","1","1","2"
"都尉耿秉屯","1","1","2"
"位二十三年","1","1","2"
"后外祖母邓","1","1","2"
"外祖母邓朱","1","1","2"
"赐冯贵人王","1","1","2"
"冯贵人王赤","1","1","2"
"止画工三十","1","1","2"
"画工三十九","1","1","2"
"工三十九种","1","1","2"
"长公主赤绶","1","1","2"
"赐布三万匹","1","1","2"
"显等定策禁","1","1","2"
"等定策禁中","1","1","2"
"迎济北惠王","1","1","2"
"济北惠王子","1","1","2"
"北惠王子北","1","1","2"
"惠王子北乡","1","1","2"
"王子北乡侯","1","1","2"
"美人虞氏子","1","1","2"
"未加美人爵","1","1","2"
"加美人爵号","1","1","2"
"将军梁冀秉","1","1","2"
"军梁冀秉政","1","1","2"
"声伎入孝王","1","1","2"
"冲帝母虞大","1","1","2"
"帝母虞大家","1","1","2"
"帝弟平原王","1","1","2"
"益阳二长公","1","1","2"
"阳二长公主","1","1","2"
"诸国侯三百","1","1","2"
"国侯三百里","1","1","2"
"侯三百里内","1","1","2"
"三百里内者","1","1","2"
"太常案礼仪","1","1","2"
"统袭封昆阳","1","1","2"
"袭封昆阳侯","1","1","2"
"太后临朝定","1","1","2"
"后临朝定策","1","1","2"
"立解犊亭侯","1","1","2"
"帝使中常侍","1","1","2"
"使中常侍迎","1","1","2"
"中常侍迎贵","1","1","2"
"常侍迎贵人","1","1","2"
"居南宫嘉德","1","1","2"
"扶弘农王下","1","1","2"
"弘农王下殿","1","1","2"
"赠前将军印","1","1","2"
"前将军印绶","1","1","2"
"谒者监护丧","1","1","2"
"者监护丧事","1","1","2"
"永昌哀牢夷","1","1","2"
"祭光武皇帝","1","1","2"
"改建初九年","1","1","2"
"加赐男子爵","1","1","2"
"护羌校尉傅","1","1","2"
"羌校尉傅育","1","1","2"
"校尉傅育追","1","1","2"
"尉傅育追击","1","1","2"
"傅育追击叛","1","1","2"
"育追击叛羌","1","1","2"
"光禄勋任隗","1","1","2"
"崔骃字亭伯","1","1","2"
"橐城九十里","1","1","2"
"梁慬字伯威","1","1","2"
"北地弋居人","1","1","2"
"钟离意字子","1","1","2"
"离意字子阿","1","1","2"
"寒朗字伯奇","1","1","2"
"韩说等撰补","1","1","2"
"张禹字伯达","1","1","2"
"赵国襄国人","1","1","2"
"灾异寇贼策","1","1","2"
"异寇贼策免","1","1","2"
"胡广字伯始","1","1","2"
"南郡华容人","1","1","2"
"王霸字元伯","1","1","2"
"骑都尉王梁","1","1","2"
"臧宫等入箕","1","1","2"
"宫等入箕关","1","1","2"
"柏华蛮中贼","1","1","2"
"陈蕃字仲举","1","1","2"
"前后郡守招","1","1","2"
"猛兽虎豹犀","1","1","2"
"兽虎豹犀象","1","1","2"
"太守任光开","1","1","2"
"守任光开门","1","1","2"
"任光开门迎","1","1","2"
"二十九年春","1","1","2"
"十九年春二","1","1","2"
"九年春二月","1","1","2"
"三十年春正","1","1","2"
"肃宗第四子","1","1","2"
"中郎将刘尚","1","1","2"
"恭宗孝安皇","1","1","2"
"宗孝安皇帝","1","1","2"
"永初元年春","1","1","2"
"公卿内外众","1","1","2"
"卿内外众官","1","1","2"
"令公卿郡国","1","1","2"
"郡国十五地","1","1","2"
"国十五地震","1","1","2"
"合浦蛮夷反","1","1","2"
"浦蛮夷反叛","1","1","2"
"侍御史任督","1","1","2"
"二月乙巳朔","2","0","2"
"光禄勋冯石","1","1","2"
"河南尹梁胤","1","1","2"
"屯骑校尉梁","1","1","2"
"越骑校尉梁","1","1","2"
"骑校尉梁忠","1","1","2"
"校尉梁戟等","1","1","2"
"中外宗亲数","1","1","2"
"外宗亲数十","1","1","2"
"宗亲数十人","1","1","2"
"刺史度尚讨","1","1","2"
"杀司隶校尉","1","1","2"
"杀司徒王允","1","1","2"
"冬十月壬辰","1","1","2"
"褒亲愍侯梁","1","1","2"
"亲愍侯梁竦","1","1","2"
"光烈皇后兄","1","1","2"
"烈皇后兄执","1","1","2"
"桓帝懿献梁","1","1","2"
"帝懿献梁皇","1","1","2"
"桓帝邓皇后","1","1","2"
"灵帝宋皇后","1","1","2"
"灵思何皇后","1","1","2"
"尚书贾诩知","1","1","2"
"献帝伏皇后","1","1","2"
"西域假司马","2","0","2"
"域假司马班","2","0","2"
"外蛮夷献生","1","1","2"
"蛮夷献生犀","1","1","2"
"东平郡太守","1","1","2"
"人有各人的","0","2","2"
"罢免的罢免","0","2","2"
"这时朝廷下","0","2","2"
"在朝有谨严","0","2","2"
"朝有谨严静","0","2","2"
"有谨严静穆","0","2","2"
"谨严静穆之","0","2","2"
"严静穆之风","0","2","2"
"上了年纪的","0","2","2"
"向他们询问","0","2","2"
"向朝廷上书","0","2","2"
"朝廷上书说","0","2","2"
"上书说明情","0","2","2"
"书说明情况","0","2","2"
"齐悼惠王的","0","2","2"
"悼惠王的后","0","2","2"
"惠王的后代","0","2","2"
"长者所说的","0","2","2"
"所说的那样","0","2","2"
"这就是不孝","0","2","2"
"记了自己的","0","2","2"
"各有次序了","0","2","2"
"国家的法纪","0","2","2"
"还是因为你","0","2","2"
"是因为你有","0","2","2"
"因为你有事","0","2","2"
"为你有事嘱","0","2","2"
"你有事嘱咐","0","2","2"
"有事嘱咐于","0","2","2"
"事嘱咐于他","0","2","2"
"嘱咐于他而","0","2","2"
"咐于他而接","0","2","2"
"于他而接受","0","2","2"
"他而接受的","0","2","2"
"而接受的呢","0","2","2"
"愿接受你对","0","2","2"
"接受你对我","0","2","2"
"受你对我的","0","2","2"
"你对我的处","0","2","2"
"对我的处罚","0","2","2"
"又袁术越分","0","2","2"
"袁术越分叛","0","2","2"
"术越分叛逆","0","2","2"
"不是一朝一","0","2","2"
"是一朝一夕","0","2","2"
"与日石单随","0","2","2"
"日石单随从","0","2","2"
"将军怎么能","0","2","2"
"军怎么能这","0","2","2"
"现在以肇为","0","2","2"
"在以肇为皇","0","2","2"
"以肇为皇太","0","2","2"
"很有礼貌地","0","2","2"
"于是他埋头","0","2","2"
"是他埋头研","0","2","2"
"他埋头研习","0","2","2"
"埋头研习经","0","2","2"
"头研习经学","0","2","2"
"同族聚成的","0","2","2"
"族聚成的盗","0","2","2"
"聚成的盗贼","0","2","2"
"他们的部众","0","2","2"
"占据他的位","0","2","2"
"据他的位置","0","2","2"
"以陛下耳听","0","2","2"
"陛下耳听四","0","2","2"
"下耳听四方","0","2","2"
"耳听四方的","0","2","2"
"听四方的明","0","2","2"
"四方的明察","0","2","2"
"也有听不到","0","2","2"
"有听不到的","0","2","2"
"听不到的情","0","2","2"
"不到的情况","0","2","2"
"动全部兵力","0","2","2"
"死亡的危险","0","2","2"
"拉着他的手","0","2","2"
"着他的手说","0","2","2"
"常为之流泪","0","2","2"
"有学问的人","0","2","2"
"盖勋却多有","0","2","2"
"勋却多有战","0","2","2"
"却多有战功","0","2","2"
"而她贪得无","0","2","2"
"她贪得无厌","0","2","2"
"就是为了这","0","2","2"
"是为了这个","0","2","2"
"不与他们来","0","2","2"
"与他们来往","0","2","2"
"左雄几次上","0","2","2"
"到这个地步","0","2","2"
"初年到现在","0","2","2"
"弄虚作假的","0","2","2"
"到边远地区","0","2","2"
"作威作福的","0","2","2"
"六十以上的","0","2","2"
"不会有什么","0","2","2"
"有不遵守法","0","2","2"
"顺帝采纳了","0","2","2"
"被废为济阴","0","2","2"
"废为济阴王","0","2","2"
"国家的大典","0","2","2"
"总是人情所","0","2","2"
"是人情所最","0","2","2"
"到皇上的宠","0","2","2"
"皇上的宠爱","0","2","2"
"为天下的人","0","2","2"
"与他在一起","0","2","2"
"都是一样的","0","2","2"
"陈留太守周","0","2","2"
"留太守周防","0","2","2"
"太守周防的","0","2","2"
"守周防的儿","0","2","2"
"周防的儿子","0","2","2"
"京师流行这","0","2","2"
"师流行这样","0","2","2"
"从前郑武姜","0","2","2"
"不能超过他","0","2","2"
"如果我所说","0","2","2"
"贤人的意思","0","2","2"
"以古时候的","0","2","2"
"古时候的圣","0","2","2"
"时候的圣人","0","2","2"
"唐尧虞舜的","0","2","2"
"有好几年了","0","2","2"
"谨慎地挑选","0","2","2"
"周举一个人","0","2","2"
"举一个人答","0","2","2"
"一个人答说","0","2","2"
"没听说有什","0","2","2"
"后来因事免","0","2","2"
"因事免去了","0","2","2"
"用王礼葬他","0","2","2"
"天下太平的","0","2","2"
"本来就不是","0","2","2"
"没有别的什","0","2","2"
"有别的什么","0","2","2"
"为从事中郎","0","2","2"
"问他有什么","0","2","2"
"没有什么不","0","2","2"
"太后临朝理","0","2","2"
"后临朝理政","0","2","2"
"左昭右穆的","0","2","2"
"昭右穆的秩","0","2","2"
"右穆的秩序","0","2","2"
"自己辞职归","0","2","2"
"己辞职归家","0","2","2"
"前后三次被","0","2","2"
"后三次被征","0","2","2"
"住的巷子里","0","2","2"
"江夏郡安陆","0","2","2"
"夏郡安陆县","0","2","2"
"郡安陆县人","0","2","2"
"亲的关系任","0","2","2"
"有生民以来","0","2","2"
"虽然没有什","0","2","2"
"然没有什么","0","2","2"
"没有什么特","0","2","2"
"他们的功业","0","2","2"
"没有什么可","0","2","2"
"于是诏令公","0","2","2"
"朝政的得失","0","2","2"
"帝即位以后","0","2","2"
"皇帝亲耕农","0","2","2"
"帝亲耕农田","0","2","2"
"亲耕农田的","0","2","2"
"宗庙的祭祀","0","2","2"
"我听说先王","0","2","2"
"是这个道理","0","2","2"
"不足的地方","0","2","2"
"二千石以上","0","2","2"
"表扬的礼仪","0","2","2"
"朝廷采纳了","0","2","2"
"一个也没有","0","2","2"
"阿谀依附梁","0","2","2"
"谀依附梁冀","0","2","2"
"因发生地震","0","2","2"
"从前汉高祖","0","2","2"
"创立基业于","0","2","2"
"立基业于危","0","2","2"
"基业于危险","0","2","2"
"业于危险之","0","2","2"
"于危险之中","0","2","2"
"立足于艰难","0","2","2"
"足于艰难之","0","2","2"
"于艰难之际","0","2","2"
"的政治措施","0","2","2"
"与王莽前队","0","2","2"
"兵五千多人","0","2","2"
"缴获了全部","0","2","2"
"获了全部辎","0","2","2"
"了全部辎重","0","2","2"
"有不同的地","0","2","2"
"少有成功的","0","2","2"
"到更始即位","0","2","2"
"子刘章为太","0","2","2"
"刘章为太原","0","2","2"
"章为太原王","0","2","2"
"刘兴为鲁王","0","2","2"
"刘兴为北海","0","2","2"
"兴为北海王","0","2","2"
"等到光武起","0","2","2"
"到光武起兵","0","2","2"
"两个儿子都","0","2","2"
"个儿子都被","0","2","2"
"刘良为国三","0","2","2"
"良为国三老","0","2","2"
"巨鹿都尉刘","0","2","2"
"鹿都尉刘回","0","2","2"
"众侯刘崇起","0","2","2"
"侯刘崇起兵","0","2","2"
"准备攻击王","0","2","2"
"在小长安失","0","2","2"
"小长安失败","0","2","2"
"为太常将军","0","2","2"
"葬于洛阳北","0","2","2"
"于洛阳北芒","0","2","2"
"泗水王刘歙","0","2","2"
"众十多万人","0","2","2"
"封为中山王","0","2","2"
"献帝迁都许","0","2","2"
"公卿大臣和","0","2","2"
"边境地区的","0","2","2"
"受到感动而","0","2","2"
"担任洛阳令","0","2","2"
"跟着老师学","0","2","2"
"于是上书请","0","2","2"
"他在家中去","0","2","2"
"在家中去世","0","2","2"
"百姓养蚕织","0","2","2"
"一个接一个","0","2","2"
"以打猎为业","0","2","2"
"百姓经常到","0","2","2"
"以下的官员","0","2","2"
"在平帝时候","0","2","2"
"好好侍奉上","0","2","2"
"好侍奉上级","0","2","2"
"不是陛下的","0","2","2"
"是陛下的福","0","2","2"
"官吏和百姓","0","2","2"
"自掾史以下","0","2","2"
"以下官员的","0","2","2"
"官员的子孙","0","2","2"
"为河内太守","0","2","2"
"几十万军队","0","2","2"
"有一千多里","0","2","2"
"皇帝称赞他","0","2","2"
"为山阳太守","0","2","2"
"特别茁壮的","0","2","2"
"任射声校尉","0","2","2"
"举他为茂才","0","2","2"
"奸恶狡猾的","0","2","2"
"为兖州刺史","0","2","2"
"被朝廷征召","0","2","2"
"后下诏书说","0","2","2"
"这样的官吏","0","2","2"
"百姓得到好","0","2","2"
"姓得到好处","0","2","2"
"担任豫州刺","0","2","2"
"时天下饥荒","0","2","2"
"的差不多有","0","2","2"
"差不多有一","0","2","2"
"不多有一万","0","2","2"
"多有一万多","0","2","2"
"有一万多人","0","2","2"
"的人都称赞","0","2","2"
"国家的重任","0","2","2"
"病辞去官职","0","2","2"
"听从他的意","0","2","2"
"从他的意见","0","2","2"
"都没有吃的","0","2","2"
"百姓的疾苦","0","2","2"
"百姓的事情","0","2","2"
"的有一百多","0","2","2"
"饥饿的百姓","0","2","2"
"不显露自己","0","2","2"
"显露自己的","0","2","2"
"圣明的时代","0","2","2"
"四次升迁任","0","2","2"
"白天黑夜不","0","2","2"
"授将作大匠","0","2","2"
"当时人称他","0","2","2"
"称他为长者","0","2","2"
"有两个儿子","0","2","2"
"袁术派孙策","0","2","2"
"光武的族兄","0","2","2"
"结交宾客杀","0","2","2"
"马朱鲔等以","0","2","2"
"以刘赐为丞","0","2","2"
"刘赐为丞相","0","2","2"
"光武帝嘉奖","0","2","2"
"封为安成侯","0","2","2"
"陈留郡考城","0","2","2"
"留郡考城县","0","2","2"
"郡考城县人","0","2","2"
"为非作歹的","0","2","2"
"独与母亲住","0","2","2"
"与母亲住在","0","2","2"
"母亲住在一","0","2","2"
"的一举一动","0","2","2"
"仅仅是为了","0","2","2"
"把这件事告","0","2","2"
"这件事告诉","0","2","2"
"件事告诉了","0","2","2"
"融拿着名片","0","2","2"
"拿着名片去","0","2","2"
"自己认为没","0","2","2"
"己认为没有","0","2","2"
"县吏和百姓","0","2","2"
"百姓歌颂他","0","2","2"
"升丹阳太守","0","2","2"
"童恢奉命后","0","2","2"
"到大将军梁","0","2","2"
"将军梁冀的","0","2","2"
"汉朝的制度","0","2","2"
"使天下的人","0","2","2"
"人与人之间","0","2","2"
"看鸟兽的文","0","2","2"
"鸟兽的文采","0","2","2"
"就可以知道","0","2","2"
"国家的府库","0","2","2"
"也可以容忍","0","2","2"
"什么不可以","0","2","2"
"只有君能作","0","2","2"
"就弃官走了","0","2","2"
"有智谋的人","0","2","2"
"与司徒王允","0","2","2"
"董卓长史何","0","2","2"
"又收集汉朝","0","2","2"
"收集汉朝历","0","2","2"
"集汉朝历史","0","2","2"
"穷没有书籍","0","2","2"
"开始被推举","0","2","2"
"始被推举为","0","2","2"
"国家的政治","0","2","2"
"家的政治就","0","2","2"
"地也不能保","0","2","2"
"也不能满足","0","2","2"
"手好闲的人","0","2","2"
"是把中等人","0","2","2"
"因为随便地","0","2","2"
"在下的人为","0","2","2"
"天下太平无","0","2","2"
"下太平无事","0","2","2"
"可一目了然","0","2","2"
"有一万多户","0","2","2"
"因病死在任","0","2","2"
"病死在任上","0","2","2"
"笃实为人称","0","2","2"
"实为人称道","0","2","2"
"与他结为朋","0","2","2"
"的妹妹嫁给","0","2","2"
"去太学学习","0","2","2"
"没有说什么","0","2","2"
"不到一个月","0","2","2"
"当时中常侍","0","2","2"
"时中常侍张","0","2","2"
"的父亲死了","0","2","2"
"都羡慕他的","0","2","2"
"授五官中郎","0","2","2"
"出为平原相","0","2","2"
"袁绍为太尉","0","2","2"
"以他们为荣","0","2","2"
"不能用他们","0","2","2"
"能用他们的","0","2","2"
"王莽为宰衡","0","2","2"
"以他为榜样","0","2","2"
"拜为光禄大","0","2","2"
"为太子太傅","0","2","2"
"拜太中大夫","0","2","2"
"舂陵侯刘敞","0","2","2"
"陵侯刘敞的","0","2","2"
"侯刘敞的同","0","2","2"
"刘敞的同母","0","2","2"
"敞的同母弟","0","2","2"
"向赤眉投降","0","2","2"
"被乱兵所杀","0","2","2"
"帝派遣使者","0","2","2"
"是关西的大","0","2","2"
"为太子少傅","0","2","2"
"被牵连免职","0","2","2"
"年轻时好学","0","2","2"
"教授学生千","0","2","2"
"于是征拜为","0","2","2"
"征拜为太中","0","2","2"
"是为什么呢","0","2","2"
"被称为通儒","0","2","2"
"准备把他们","0","2","2"
"把他们都杀","0","2","2"
"于是放了他","0","2","2"
"是放了他们","0","2","2"
"皇太子刘强","0","2","2"
"建武二十二","0","2","2"
"武二十二年","0","2","2"
"朱浮为大司","0","2","2"
"浮为大司空","0","2","2"
"建武二十三","0","2","2"
"武二十三年","0","2","2"
"贤者的后代","0","2","2"
"有清平的美","0","2","2"
"清平的美称","0","2","2"
"李讠斤为司","0","2","2"
"讠斤为司徒","0","2","2"
"因考究陇西","0","2","2"
"考究陇西太","0","2","2"
"究陇西太守","0","2","2"
"平王刘苍听","0","2","2"
"得皇帝的宠","0","2","2"
"为学生们拾","0","2","2"
"学生们拾柴","0","2","2"
"生们拾柴薪","0","2","2"
"不应州郡征","0","2","2"
"应州郡征召","0","2","2"
"所以当时人","0","2","2"
"当时人称为","0","2","2"
"梁节王刘畅","0","2","2"
"书没有记载","0","2","2"
"巨鹿王刘恭","0","2","2"
"都留在京师","0","2","2"
"等到皇帝死","0","2","2"
"十六年死去","0","2","2"
"不遵守法度","0","2","2"
"彭城靖王刘","0","2","2"
"城靖王刘恭","0","2","2"
"非常器重他","0","2","2"
"等到窦氏失","0","2","2"
"到窦氏失败","0","2","2"
"此名声大显","0","2","2"
"年老多病请","0","2","2"
"老多病请求","0","2","2"
"除儿子周兴","0","2","2"
"儿子周兴为","0","2","2"
"子周兴为郎","0","2","2"
"周兴为郎中","0","2","2"
"武帝的族兄","0","2","2"
"刘嘉为汉中","0","2","2"
"嘉为汉中王","0","2","2"
"送到丞相府","0","2","2"
"到真实情况","0","2","2"
"光武下诏书","0","2","2"
"商容的闾里","0","2","2"
"卓茂为太傅","0","2","2"
"就改名换姓","0","2","2"
"代为二千石","0","2","2"
"为武陵太守","0","2","2"
"因而上书说","0","2","2"
"帝感到奇怪","0","2","2"
"荐举贤良方","0","2","2"
"安定北部边","0","2","2"
"己的儿子一","0","2","2"
"的儿子一样","0","2","2"
"体恤百姓的","0","2","2"
"的制度规定","0","2","2"
"犯死罪的囚","0","2","2"
"死罪的囚犯","0","2","2"
"有疑义的案","0","2","2"
"疑义的案犯","0","2","2"
"像从前一样","0","2","2"
"然而始终不","0","2","2"
"东海王刘臻","0","2","2"
"段赹为太尉","0","2","2"
"等到光武即","0","2","2"
"光武即位后","0","2","2"
"显宗的舅父","0","2","2"
"亲自去看视","0","2","2"
"了南阳太守","0","2","2"
"问候朱晖的","0","2","2"
"候朱晖的起","0","2","2"
"朱晖的起居","0","2","2"
"勉励吧这时","0","2","2"
"不与百姓争","0","2","2"
"与百姓争利","0","2","2"
"于是闭口不","0","2","2"
"派太医看病","0","2","2"
"开始被举为","0","2","2"
"始被举为孝","0","2","2"
"州郡不能制","0","2","2"
"于是提拔他","0","2","2"
"被当时人所","0","2","2"
"没有人出来","0","2","2"
"始终不觉悟","0","2","2"
"竟死在狱中","0","2","2"
"如果死者有","0","2","2"
"果死者有知","0","2","2"
"征拜为尚书","0","2","2"
"做官几十年","0","2","2"
"不和别人交","0","2","2"
"和别人交往","0","2","2"
"提升到司空","0","2","2"
"几次征召他","0","2","2"
"军窦宪出征","0","2","2"
"窦宪出征匈","0","2","2"
"宪出征匈奴","0","2","2"
"不附和自己","0","2","2"
"自己的意见","0","2","2"
"称病请求退","0","2","2"
"皇帝开始亲","0","2","2"
"隐居不做官","0","2","2"
"明利害得失","0","2","2"
"都乡侯刘畅","0","2","2"
"窦宪为车骑","0","2","2"
"宪为车骑将","0","2","2"
"敞上疏谏道","0","2","2"
"观望的态度","0","2","2"
"有杀身之祸","0","2","2"
"升为汝南太","0","2","2"
"的二百多人","0","2","2"
"后来邓皇后","0","2","2"
"讨伐河北时","0","2","2"
"以朱祐为护","0","2","2"
"朱祐为护军","0","2","2"
"长安政治混","0","2","2"
"安政治混乱","0","2","2"
"祭遵与延岑","0","2","2"
"遵与延岑战","0","2","2"
"延岑战于东","0","2","2"
"岑战于东阳","0","2","2"
"的母亲妻子","0","2","2"
"全都平定了","0","2","2"
"建武二十四","0","2","2"
"武二十四年","0","2","2"
"派遣使者到","0","2","2"
"跟从攻击王","0","2","2"
"从攻击王郎","0","2","2"
"大司马可以","0","2","2"
"渔阳郡要阳","0","2","2"
"阳郡要阳县","0","2","2"
"郡要阳县人","0","2","2"
"太守彭宠以","0","2","2"
"追及世祖于","0","2","2"
"攻拔邯郸后","0","2","2"
"归属大司马","0","2","2"
"派遣尚书宗","0","2","2"
"遣使者持符","0","2","2"
"者持符节拜","0","2","2"
"持符节拜王","0","2","2"
"建武四年春","0","2","2"
"而捕虏将军","0","2","2"
"兵一如过去","0","2","2"
"帝下诏书说","0","2","2"
"为济南太守","0","2","2"
"刘英谋反的","0","2","2"
"人都投降了","0","2","2"
"为骠骑大将","0","2","2"
"攻击卢芳将","0","2","2"
"芳将尹由于","0","2","2"
"贾览率领胡","0","2","2"
"览率领胡骑","0","2","2"
"解除刑枷的","0","2","2"
"除刑枷的犯","0","2","2"
"刑枷的犯人","0","2","2"
"于是逃亡到","0","2","2"
"逃亡到匈奴","0","2","2"
"武十九年去","0","2","2"
"因牵连与东","0","2","2"
"牵连与东平","0","2","2"
"连与东平王","0","2","2"
"与东平王等","0","2","2"
"为安乐亭侯","0","2","2"
"到建武六年","0","2","2"
"征召回京师","0","2","2"
"理大司空事","0","2","2"
"备北部边疆","0","2","2"
"呈上将军印","0","2","2"
"十二年去世","0","2","2"
"就学于长安","0","2","2"
"挤满了道途","0","2","2"
"南阳不可以","0","2","2"
"阳不可以问","0","2","2"
"当时显宗为","0","2","2"
"时显宗为东","0","2","2"
"显宗为东海","0","2","2"
"司马吴汉去","0","2","2"
"马吴汉去世","0","2","2"
"刘隆为骠骑","0","2","2"
"隆为骠骑将","0","2","2"
"为积弩将军","0","2","2"
"州全部平定","0","2","2"
"三处受了伤","0","2","2"
"建武二十六","0","2","2"
"武二十六年","0","2","2"
"这样就可以","0","2","2"
"在皇上面前","0","2","2"
"西羌侵犯陇","0","2","2"
"羌侵犯陇右","0","2","2"
"被羌兵打败","0","2","2"
"羌于是率众","0","2","2"
"与楚王刘英","0","2","2"
"难道不是这","0","2","2"
"道不是这样","0","2","2"
"不是这样吗","0","2","2"
"说也说不完","0","2","2"
"的一百多人","0","2","2"
"伯通与官吏","0","2","2"
"通与官吏们","0","2","2"
"与官吏们讲","0","2","2"
"官吏们讲话","0","2","2"
"有何面目呢","0","2","2"
"定天下者不","0","2","2"
"天下者不计","0","2","2"
"下者不计私","0","2","2"
"者不计私仇","0","2","2"
"希勿以前事","0","2","2"
"勿以前事自","0","2","2"
"以前事自误","0","2","2"
"愿留意照顾","0","2","2"
"留意照顾老","0","2","2"
"意照顾老母","0","2","2"
"照顾老母幼","0","2","2"
"凡举事不要","0","2","2"
"举事不要为","0","2","2"
"事不要为亲","0","2","2"
"不要为亲者","0","2","2"
"要为亲者所","0","2","2"
"为亲者所痛","0","2","2"
"而为仇者所","0","2","2"
"为仇者所快","0","2","2"
"自率兵征讨","0","2","2"
"尧舜的盛世","0","2","2"
"以为天地之","0","2","2"
"这不是陛下","0","2","2"
"窦融为大司","0","2","2"
"融为大司空","0","2","2"
"以卖弄国恩","0","2","2"
"卖弄国恩被","0","2","2"
"弄国恩被免","0","2","2"
"国恩被免职","0","2","2"
"水校尉樊矹","0","2","2"
"们并不知道","0","2","2"
"为郡中大姓","0","2","2"
"什么财物呢","0","2","2"
"川盗贼群起","0","2","2"
"当时王莽的","0","2","2"
"视记录囚徒","0","2","2"
"记录囚徒的","0","2","2"
"录囚徒的罪","0","2","2"
"囚徒的罪状","0","2","2"
"范迁为司徒","0","2","2"
"被关进监狱","0","2","2"
"帝采纳了他","0","2","2"
"第五伦为司","0","2","2"
"五伦为司空","0","2","2"
"帝赏赐给他","0","2","2"
"尹勤为司空","0","2","2"
"刘胜为平原","0","2","2"
"胜为平原王","0","2","2"
"邓骘兄弟及","0","2","2"
"太后于南宫","0","2","2"
"伊尹之心则","0","2","2"
"法曹掾燕之","0","2","2"
"曹掾燕之后","0","2","2"
"掾燕之后代","0","2","2"
"但始终不能","0","2","2"
"不接待宾客","0","2","2"
"等到黄琼死","0","2","2"
"的母亲死了","0","2","2"
"年七十二岁","0","2","2"
"的有三千多","0","2","2"
"有三千多人","0","2","2"
"了他们二人","0","2","2"
"都叩头谢罪","0","2","2"
"共刊石颂扬","0","2","2"
"刊石颂扬他","0","2","2"
"岁死了父亲","0","2","2"
"替父亲报仇","0","2","2"
"于是隐居在","0","2","2"
"是隐居在家","0","2","2"
"何进准备诛","0","2","2"
"进准备诛杀","0","2","2"
"准备诛杀宦","0","2","2"
"备诛杀宦官","0","2","2"
"董卓的意旨","0","2","2"
"凶恶不易控","0","2","2"
"恶不易控制","0","2","2"
"老百姓生活","0","2","2"
"没有受过训","0","2","2"
"有受过训练","0","2","2"
"受过训练的","0","2","2"
"过训练的人","0","2","2"
"共同谋划诛","0","2","2"
"同谋划诛杀","0","2","2"
"谋划诛杀董","0","2","2"
"划诛杀董卓","0","2","2"
"情泄漏出去","0","2","2"
"为扬州刺史","0","2","2"
"在路上死了","0","2","2"
"七世祖孔霸","0","2","2"
"当时河南尹","0","2","2"
"州里称赞他","0","2","2"
"弟弟的罪过","0","2","2"
"的贪污分子","0","2","2"
"任青州刺史","0","2","2"
"臣难道可以","0","2","2"
"当时的舆论","0","2","2"
"古时候的人","0","2","2"
"下的人都说","0","2","2"
"一千八百个","0","2","2"
"大多铤而走","0","2","2"
"多铤而走险","0","2","2"
"不再回归正","0","2","2"
"再回归正道","0","2","2"
"就是这个意","0","2","2"
"是这个意思","0","2","2"
"没有比这更","0","2","2"
"从前的典章","0","2","2"
"前的典章制","0","2","2"
"是不合适的","0","2","2"
"写信给曹操","0","2","2"
"曹操上表请","0","2","2"
"又曾经上奏","0","2","2"
"蔺相如小国","0","2","2"
"相如小国的","0","2","2"
"如小国的臣","0","2","2"
"尚且能够相","0","2","2"
"且能够相让","0","2","2"
"贾乱世的武","0","2","2"
"乱世的武夫","0","2","2"
"彼此谦让崇","0","2","2"
"此谦让崇好","0","2","2"
"没有屈原的","0","2","2"
"有屈原的忠","0","2","2"
"窃位就是罪","0","2","2"
"位就是罪过","0","2","2"
"而竟使一些","0","2","2"
"竟使一些多","0","2","2"
"使一些多余","0","2","2"
"一些多余的","0","2","2"
"些多余的议","0","2","2"
"多余的议论","0","2","2"
"这是我引为","0","2","2"
"是我引为惭","0","2","2"
"我引为惭愧","0","2","2"
"引为惭愧恐","0","2","2"
"为惭愧恐惧","0","2","2"
"惭愧恐惧的","0","2","2"
"子儿女都被","0","2","2"
"人对曹操说","0","2","2"
"常侍唐衡的","0","2","2"
"这是帝王的","0","2","2"
"董卓的部将","0","2","2"
"卓的部将李","0","2","2"
"是心中有数","0","2","2"
"心中有数的","0","2","2"
"是天下的要","0","2","2"
"成熟的麦子","0","2","2"
"希望将军考","0","2","2"
"望将军考虑","0","2","2"
"从前晋文公","0","2","2"
"任命荀彧为","0","2","2"
"命荀彧为侍","0","2","2"
"荀彧为侍中","0","2","2"
"袁绍的军队","0","2","2"
"预计的那样","0","2","2"
"十分之一的","0","2","2"
"食邑一千户","0","2","2"
"冀州所统辖","0","2","2"
"州所统辖的","0","2","2"
"那么天下就","0","2","2"
"不能保住自","0","2","2"
"能保住自己","0","2","2"
"保住自己的","0","2","2"
"自己的地盘","0","2","2"
"一旦发生变","0","2","2"
"人安下心来","0","2","2"
"运筹帷幄之","0","2","2"
"我难道可以","0","2","2"
"帝答应了他","0","2","2"
"王莽的虐政","0","2","2"
"不说忠信的","0","2","2"
"说忠信的话","0","2","2"
"不可借给别","0","2","2"
"可借给别人","0","2","2"
"皇上的意思","0","2","2"
"儿子隗恂入","0","2","2"
"请求告老还","0","2","2"
"求告老还乡","0","2","2"
"皇上的身边","0","2","2"
"掌握国家的","0","2","2"
"陛下留心观","0","2","2"
"下留心观察","0","2","2"
"现在公卿大","0","2","2"
"及时定下来","0","2","2"
"这是国家的","0","2","2"
"岑彭被刺客","0","2","2"
"彭被刺客所","0","2","2"
"被刺客所杀","0","2","2"
"皇上下诏让","0","2","2"
"王莽的大司","0","2","2"
"莽的大司空","0","2","2"
"的大司空王","0","2","2"
"不见的东西","0","2","2"
"天下的事情","0","2","2"
"不是国家的","0","2","2"
"及太中大夫","0","2","2"
"不是当务之","0","2","2"
"是当务之急","0","2","2"
"时传父亲的","0","2","2"
"不容于当世","0","2","2"
"宣皇帝在世","0","2","2"
"皇帝在世时","0","2","2"
"听说卫太子","0","2","2"
"说卫太子好","0","2","2"
"于是独自学","0","2","2"
"是独自学习","0","2","2"
"谢曼卿学习","0","2","2"
"继承父亲的","0","2","2"
"承父亲的学","0","2","2"
"皇帝于是召","0","2","2"
"帝于是召见","0","2","2"
"问他是什么","0","2","2"
"他是什么原","0","2","2"
"这是强干弱","0","2","2"
"是强干弱枝","0","2","2"
"尧不得为火","0","2","2"
"贾逵的母亲","0","2","2"
"帝认为很好","0","2","2"
"朝廷怜悯他","0","2","2"
"他两个儿子","0","2","2"
"为二十万字","0","2","2"
"与他交朋友","0","2","2"
"遗书给儿子","0","2","2"
"梁贵人生和","0","2","2"
"贵人生和帝","0","2","2"
"其余四王不","0","2","2"
"余四王不记","0","2","2"
"四王不记母","0","2","2"
"王不记母氏","0","2","2"
"不记母氏姓","0","2","2"
"记母氏姓名","0","2","2"
"二十八年逝","0","2","2"
"十八年逝世","0","2","2"
"弟蠡吾侯刘","0","2","2"
"蠡吾侯刘悝","0","2","2"
"吾侯刘悝为","0","2","2"
"持节与宗正","0","2","2"
"两个闺女都","0","2","2"
"都有才有色","0","2","2"
"皇太子刘肇","0","2","2"
"自己认为是","0","2","2"
"等到窦太后","0","2","2"
"很早就离开","0","2","2"
"早就离开了","0","2","2"
"就离开了父","0","2","2"
"离开了父母","0","2","2"
"诏令给诸王","0","2","2"
"令给诸王羽","0","2","2"
"给诸王羽林","0","2","2"
"王羽林骑各","0","2","2"
"羽林骑各四","0","2","2"
"林骑各四十","0","2","2"
"骑各四十人","0","2","2"
"的全部财物","0","2","2"
"不晓得怎么","0","2","2"
"再没有什么","0","2","2"
"有什么遗憾","0","2","2"
"派司空持节","0","2","2"
"过去的典章","0","2","2"
"广川并入清","0","2","2"
"川并入清河","0","2","2"
"并入清河国","0","2","2"
"追封谥宋扬","0","2","2"
"封谥宋扬为","0","2","2"
"谥宋扬为当","0","2","2"
"宋扬为当阳","0","2","2"
"扬为当阳穆","0","2","2"
"为当阳穆侯","0","2","2"
"等到帝逝世","0","2","2"
"立刘蒜为帝","0","2","2"
"事情被发觉","0","2","2"
"于是逮捕了","0","2","2"
"分太山郡为","0","2","2"
"太山郡为国","0","2","2"
"立七年逝世","0","2","2"
"失去了父亲","0","2","2"
"济北王刘次","0","2","2"
"上不是说过","0","2","2"
"邓太后封刘","0","2","2"
"子刘翼为平","0","2","2"
"治他们的罪","0","2","2"
"立十年逝世","0","2","2"
"以他为崇德","0","2","2"
"他为崇德侯","0","2","2"
"平原怀王刘","0","2","2"
"都乡侯刘硕","0","2","2"
"刘硕为平原","0","2","2"
"硕为平原王","0","2","2"
"夫人马氏为","0","2","2"
"人马氏为孝","0","2","2"
"马氏为孝崇","0","2","2"
"氏为孝崇博","0","2","2"
"为孝崇博园","0","2","2"
"苌为孝仁皇","0","2","2"
"夫人董氏为","0","2","2"
"人董氏为慎","0","2","2"
"董氏为慎园","0","2","2"
"氏为慎园贵","0","2","2"
"派中常侍持","0","2","2"
"接受汉朝的","0","2","2"
"乐安夷王刘","0","2","2"
"安夷王刘宠","0","2","2"
"王刘宠子刘","0","2","2"
"轻时游学京","0","2","2"
"时游学京师","0","2","2"
"出为彭城相","0","2","2"
"朝廷上疏说","0","2","2"
"也无济于事","0","2","2"
"现在皇太子","0","2","2"
"有贤德的人","0","2","2"
"应当处以重","0","2","2"
"我听说尧舜","0","2","2"
"廷派使者吊","0","2","2"
"年轻时通晓","0","2","2"
"轻时通晓经","0","2","2"
"而最近以来","0","2","2"
"使他们富足","0","2","2"
"皇帝没有采","0","2","2"
"只有张纲年","0","2","2"
"有张纲年轻","0","2","2"
"以前的二千","0","2","2"
"前的二千石","0","2","2"
"不服从朝廷","0","2","2"
"深深地考虑","0","2","2"
"朝廷下诏说","0","2","2"
"安帝嘉奖他","0","2","2"
"升为司隶校","0","2","2"
"升汝南太守","0","2","2"
"因地震免官","0","2","2"
"因事获罪免","0","2","2"
"事获罪免官","0","2","2"
"孝文皇帝为","0","2","2"
"这种不好的","0","2","2"
"蘧伯玉以独","0","2","2"
"伯玉以独为","0","2","2"
"玉以独为君","0","2","2"
"以独为君子","0","2","2"
"独为君子可","0","2","2"
"为君子可耻","0","2","2"
"我虽然没有","0","2","2"
"以文才著名","0","2","2"
"隐居不仕的","0","2","2"
"以成绩优秀","0","2","2"
"成绩优秀举","0","2","2"
"绩优秀举高","0","2","2"
"优秀举高第","0","2","2"
"帝采纳他的","0","2","2"
"采纳他的意","0","2","2"
"纳他的意见","0","2","2"
"皇位的继承","0","2","2"
"位的继承人","0","2","2"
"知道他不是","0","2","2"
"同的地方也","0","2","2"
"很得百姓的","0","2","2"
"得百姓的欢","0","2","2"
"百姓的欢心","0","2","2"
"为辽东太守","0","2","2"
"为贤良方正","0","2","2"
"到特殊的赏","0","2","2"
"特殊的赏赐","0","2","2"
"轻时就有名","0","2","2"
"拿不定主意","0","2","2"
"于长平观下","0","2","2"
"与桂阳贼胡","0","2","2"
"于是到朝廷","0","2","2"
"难道可以不","0","2","2"
"暗地与司徒","0","2","2"
"的哥哥侍中","0","2","2"
"出任步兵校","0","2","2"
"任步兵校尉","0","2","2"
"受他们的祸","0","2","2"
"他们的祸害","0","2","2"
"是国家的栋","0","2","2"
"都死在狱中","0","2","2"
"看到更始政","0","2","2"
"到更始政治","0","2","2"
"步兵骑兵二","0","2","2"
"为河南都尉","0","2","2"
"击败平定了","0","2","2"
"在山泽之中","0","2","2"
"襄王法章之","0","2","2"
"王法章之后","0","2","2"
"法章之后代","0","2","2"
"等三千多人","0","2","2"
"朝廷派侍御","0","2","2"
"廷派侍御史","0","2","2"
"派侍御史庞","0","2","2"
"史庞雄督促","0","2","2"
"庞雄督促州","0","2","2"
"雄督促州郡","0","2","2"
"党羽越来越","0","2","2"
"州各郡兵马","0","2","2"
"战争是危险","0","2","2"
"争是危险的","0","2","2"
"是危险的事","0","2","2"
"不敢忘记这","0","2","2"
"姓得到安居","0","2","2"
"有文武才用","0","2","2"
"太守认为他","0","2","2"
"绲将兵督促","0","2","2"
"将兵督促扬","0","2","2"
"兵督促扬州","0","2","2"
"督促扬州刺","0","2","2"
"促扬州刺史","0","2","2"
"州刺史尹火","0","2","2"
"刺史尹火翟","0","2","2"
"邓显讨伐他","0","2","2"
"显讨伐他们","0","2","2"
"掠官吏人民","0","2","2"
"马勉戴皮帽","0","2","2"
"筑营垒在当","0","2","2"
"营垒在当涂","0","2","2"
"垒在当涂山","0","2","2"
"在当涂山中","0","2","2"
"不能制服他","0","2","2"
"能制服他们","0","2","2"
"邳人谢安响","0","2","2"
"人谢安响应","0","2","2"
"南全部平定","0","2","2"
"们怀恨在心","0","2","2"
"做御史中丞","0","2","2"
"朝廷于是拜","0","2","2"
"冯绲为车骑","0","2","2"
"绲为车骑将","0","2","2"
"不痛哭流涕","0","2","2"
"于是大破贼","0","2","2"
"南逃到苍梧","0","2","2"
"阝止刺史张","0","2","2"
"度尚到廷尉","0","2","2"
"能干的名声","0","2","2"
"杨璇于是特","0","2","2"
"璇于是特制","0","2","2"
"于是特制马","0","2","2"
"是特制马车","0","2","2"
"马车数十辆","0","2","2"
"用一排袋子","0","2","2"
"一排袋子盛","0","2","2"
"排袋子盛石","0","2","2"
"袋子盛石灰","0","2","2"
"子盛石灰于","0","2","2"
"盛石灰于车","0","2","2"
"石灰于车上","0","2","2"
"系布索于马","0","2","2"
"布索于马尾","0","2","2"
"约定日期会","0","2","2"
"定日期会战","0","2","2"
"于是叫马车","0","2","2"
"是叫马车在","0","2","2"
"叫马车在前","0","2","2"
"马车在前面","0","2","2"
"贼人不得张","0","2","2"
"人不得张目","0","2","2"
"就用火烧布","0","2","2"
"再叫后车弓","0","2","2"
"叫后车弓弩","0","2","2"
"征鼓鸣声震","0","2","2"
"鼓鸣声震天","0","2","2"
"群贼惊骇四","0","2","2"
"贼惊骇四散","0","2","2"
"追逐伤斩贼","0","2","2"
"逐伤斩贼人","0","2","2"
"伤斩贼人无","0","2","2"
"斩贼人无数","0","2","2"
"将其头目枭","0","2","2"
"其头目枭首","0","2","2"
"头目枭首示","0","2","2"
"目枭首示众","0","2","2"
"郡境以内得","0","2","2"
"境以内得以","0","2","2"
"以内得以安","0","2","2"
"次升迁做了","0","2","2"
"所到之处都","0","2","2"
"任虎贲中郎","0","2","2"
"是他的儿子","0","2","2"
"遭王莽篡位","0","2","2"
"广泛听取意","0","2","2"
"泛听取意见","0","2","2"
"皇帝下诏给","0","2","2"
"三年一礻合","0","2","2"
"年举行一次","0","2","2"
"举行一次礻","0","2","2"
"尊卑的意思","0","2","2"
"这是违背天","0","2","2"
"是违背天意","0","2","2"
"三皇五帝的","0","2","2"
"是想有所作","0","2","2"
"下达给三公","0","2","2"
"为射声校尉","0","2","2"
"问是什么原","0","2","2"
"救活了不少","0","2","2"
"活了不少人","0","2","2"
"任尚书仆射","0","2","2"
"太学里学习","0","2","2"
"慨地对他的","0","2","2"
"他家里贫穷","0","2","2"
"违背他的意","0","2","2"
"背他的意愿","0","2","2"
"表推荐他为","0","2","2"
"之礼接待他","0","2","2"
"自己的志向","0","2","2"
"孔子的学生","0","2","2"
"为左中郎将","0","2","2"
"袁绍与曹操","0","2","2"
"曹操的军队","0","2","2"
"令他的儿子","0","2","2"
"病重不能前","0","2","2"
"重不能前进","0","2","2"
"提出的问题","0","2","2"
"都很有名气","0","2","2"
"有一个儿子","0","2","2"
"辞谢不肯接","0","2","2"
"楚王刘英的","0","2","2"
"征为河南尹","0","2","2"
"太后的哥哥","0","2","2"
"自己的权势","0","2","2"
"檄文到边境","0","2","2"
"文到边境各","0","2","2"
"于是派遣大","0","2","2"
"有十多万人","0","2","2"
"众全部投降","0","2","2"
"张酉甫为太","0","2","2"
"张酉甫于是","0","2","2"
"五次升迁为","0","2","2"
"次升迁为尚","0","2","2"
"升迁为尚书","0","2","2"
"迁为尚书令","0","2","2"
"他们的名字","0","2","2"
"向太后请求","0","2","2"
"都有名于当","0","2","2"
"被大将军何","0","2","2"
"将军何进召","0","2","2"
"军何进召为","0","2","2"
"任命刘表为","0","2","2"
"袁术的部队","0","2","2"
"用什么计策","0","2","2"
"太平的时候","0","2","2"
"解下印绶离","0","2","2"
"下印绶离去","0","2","2"
"被流箭射中","0","2","2"
"箭射中而死","0","2","2"
"剩下的人全","0","2","2"
"到李催等人","0","2","2"
"派使者向天","0","2","2"
"使者向天子","0","2","2"
"者向天子进","0","2","2"
"都心悦诚服","0","2","2"
"人要求援助","0","2","2"
"天下的变化","0","2","2"
"有十万军队","0","2","2"
"而不去援救","0","2","2"
"不如将整个","0","2","2"
"任命韩嵩为","0","2","2"
"曹操亲自率","0","2","2"
"刘表在荆州","0","2","2"
"自己的办法","0","2","2"
"您没有看到","0","2","2"
"他见到刘表","0","2","2"
"拥有整个楚","0","2","2"
"同天子对抗","0","2","2"
"足以抵挡曹","0","2","2"
"以抵挡曹公","0","2","2"
"曹操任命他","0","2","2"
"操任命他为","0","2","2"
"袁绍的叔父","0","2","2"
"叔父太傅袁","0","2","2"
"父太傅袁隗","0","2","2"
"朝廷开始设","0","2","2"
"廷开始设置","0","2","2"
"开始设置西","0","2","2"
"始设置西园","0","2","2"
"任命袁绍为","0","2","2"
"何进调袁绍","0","2","2"
"进调袁绍担","0","2","2"
"调袁绍担任","0","2","2"
"袁绍担任司","0","2","2"
"绍担任司隶","0","2","2"
"担任司隶校","0","2","2"
"率领军队到","0","2","2"
"强大的军队","0","2","2"
"天下的君主","0","2","2"
"是国家大事","0","2","2"
"不是一般人","0","2","2"
"代普施恩惠","0","2","2"
"认为有道理","0","2","2"
"郡太守桥瑁","0","2","2"
"公孙瓒率领","0","2","2"
"率领军队向","0","2","2"
"您比起袁绍","0","2","2"
"起袁绍来又","0","2","2"
"袁绍来又怎","0","2","2"
"绍来又怎么","0","2","2"
"来又怎么样","0","2","2"
"州是天下的","0","2","2"
"自己的德行","0","2","2"
"的士卒驻守","0","2","2"
"又没有听从","0","2","2"
"以天子名义","0","2","2"
"天子名义任","0","2","2"
"子名义任命","0","2","2"
"为奋威将军","0","2","2"
"使国家安定","0","2","2"
"并四个州的","0","2","2"
"四个州的地","0","2","2"
"个州的地盘","0","2","2"
"洛阳的宗庙","0","2","2"
"有谁能够抵","0","2","2"
"为奋武将军","0","2","2"
"心裹猜疑害","0","2","2"
"裹猜疑害怕","0","2","2"
"开硬弓的射","0","2","2"
"硬弓的射手","0","2","2"
"公孙瓒的军","0","2","2"
"孙瓒的军队","0","2","2"
"的军队大败","0","2","2"
"再次打败公","0","2","2"
"次打败公孙","0","2","2"
"打败公孙瓒","0","2","2"
"剩下的人马","0","2","2"
"已经打败了","0","2","2"
"朝廷的恩典","0","2","2"
"寇恂争着危","0","2","2"
"恂争着危害","0","2","2"
"争着危害对","0","2","2"
"着危害对方","0","2","2"
"遇到世祖调","0","2","2"
"到世祖调解","0","2","2"
"世祖调解纠","0","2","2"
"祖调解纠纷","0","2","2"
"最终同车并","0","2","2"
"终同车并出","0","2","2"
"裂痕和仇怨","0","2","2"
"痕和仇怨消","0","2","2"
"和仇怨消除","0","2","2"
"仇怨消除以","0","2","2"
"怨消除以后","0","2","2"
"时的人都赞","0","2","2"
"的人都赞美","0","2","2"
"人都赞美他","0","2","2"
"都赞美他们","0","2","2"
"他率领部众","0","2","2"
"袁绍回来后","0","2","2"
"张燕的军队","0","2","2"
"了他的部队","0","2","2"
"沮授劝说袁","0","2","2"
"授劝说袁绍","0","2","2"
"打对方的主","0","2","2"
"对方的主意","0","2","2"
"现在接来天","0","2","2"
"在接来天子","0","2","2"
"有三个儿子","0","2","2"
"就从这裹开","0","2","2"
"从这裹开始","0","2","2"
"常侍张让等","0","2","2"
"侍张让等人","0","2","2"
"正直的节操","0","2","2"
"安定国家的","0","2","2"
"为勃海太守","0","2","2"
"狡猾的敌人","0","2","2"
"每次作战都","0","2","2"
"实在是因为","0","2","2"
"造成这样的","0","2","2"
"成这样的结","0","2","2"
"这样的结果","0","2","2"
"俸禄为二千","0","2","2"
"禄为二千石","0","2","2"
"于九泉之下","0","2","2"
"辞让不接受","0","2","2"
"大将军职位","0","2","2"
"对自己不利","0","2","2"
"田丰对袁绍","0","2","2"
"丰对袁绍说","0","2","2"
"骄傲的军队","0","2","2"
"拥戴迎接天","0","2","2"
"戴迎接天子","0","2","2"
"周武王讨伐","0","2","2"
"的权宜之计","0","2","2"
"于是将沮授","0","2","2"
"但没来得及","0","2","2"
"曹操的后方","0","2","2"
"绍渡过黄河","0","2","2"
"以道德教化","0","2","2"
"曹操的父亲","0","2","2"
"操的父亲曹","0","2","2"
"的父亲曹嵩","0","2","2"
"上书推荐他","0","2","2"
"曹操在徐州","0","2","2"
"居三公之位","0","2","2"
"州的部队攻","0","2","2"
"什么东西不","0","2","2"
"么东西不能","0","2","2"
"率领一万多","0","2","2"
"就投奔曹操","0","2","2"
"袁绍的部队","0","2","2"
"率领五千步","0","2","2"
"领五千步兵","0","2","2"
"五千步兵和","0","2","2"
"攻打淳于琼","0","2","2"
"两个儿子在","0","2","2"
"个儿子在南","0","2","2"
"现在所说的","0","2","2"
"征召入太尉","0","2","2"
"召入太尉李","0","2","2"
"于是召集公","0","2","2"
"是召集公卿","0","2","2"
"认为说得对","0","2","2"
"的有几万人","0","2","2"
"不同的缘故","0","2","2"
"上书申诉说","0","2","2"
"帝看了他的","0","2","2"
"看了他的奏","0","2","2"
"了他的奏章","0","2","2"
"使远近都知","0","2","2"
"赶快收捕张","0","2","2"
"快收捕张防","0","2","2"
"因公事免官","0","2","2"
"后悔的是做","0","2","2"
"悔的是做朝","0","2","2"
"的是做朝歌","0","2","2"
"是做朝歌长","0","2","2"
"做朝歌长时","0","2","2"
"里面哪能没","0","2","2"
"面哪能没有","0","2","2"
"哪能没有冤","0","2","2"
"能没有冤枉","0","2","2"
"没有冤枉的","0","2","2"
"从此二十余","0","2","2"
"此二十余年","0","2","2"
"家里没有增","0","2","2"
"里没有增加","0","2","2"
"没有增加一","0","2","2"
"有增加一口","0","2","2"
"增加一口人","0","2","2"
"这是获罪于","0","2","2"
"是获罪于天","0","2","2"
"获罪于天的","0","2","2"
"罪于天的缘","0","2","2"
"于天的缘故","0","2","2"
"天的缘故啊","0","2","2"
"的缘故啊虞","0","2","2"
"缘故啊虞恭","0","2","2"
"故啊虞恭有","0","2","2"
"啊虞恭有美","0","2","2"
"虞恭有美才","0","2","2"
"官至上党太","0","2","2"
"至上党太守","0","2","2"
"与左中郎将","0","2","2"
"帝开辟疆土","0","2","2"
"匈奴的右臂","0","2","2"
"赵忠为车骑","0","2","2"
"忠为车骑将","0","2","2"
"弟弟城门校","0","2","2"
"命运决定的","0","2","2"
"有权有势的","0","2","2"
"任汉阳太守","0","2","2"
"于是包围了","0","2","2"
"他的儿子傅","0","2","2"
"现在朝廷不","0","2","2"
"吕尚的功勋","0","2","2"
"世世代代为","0","2","2"
"太公封于齐","0","2","2"
"不敢加害他","0","2","2"
"的警卫部队","0","2","2"
"还未来得及","0","2","2"
"盖勋任京兆","0","2","2"
"勋任京兆尹","0","2","2"
"当时小黄门","0","2","2"
"为越骑校尉","0","2","2"
"请他为功曹","0","2","2"
"样一个人呀","0","2","2"
"是海内的一","0","2","2"
"刺史孔亻由","0","2","2"
"去了袁绍那","0","2","2"
"了袁绍那里","0","2","2"
"佩服他的才","0","2","2"
"所走的道路","0","2","2"
"改过自新的","0","2","2"
"过自新的机","0","2","2"
"自新的机会","0","2","2"
"以前人为鉴","0","2","2"
"前人为鉴戒","0","2","2"
"能同心协力","0","2","2"
"为国家除害","0","2","2"
"曹操包围张","0","2","2"
"操包围张超","0","2","2"
"曹操与袁绍","0","2","2"
"于是到长安","0","2","2"
"到长安学习","0","2","2"
"的高尚品德","0","2","2"
"治国的方法","0","2","2"
"年少时就有","0","2","2"
"有一个男子","0","2","2"
"光烈皇后的","0","2","2"
"皇后的弟弟","0","2","2"
"闭门不与人","0","2","2"
"把女儿嫁给","0","2","2"
"女儿嫁给他","0","2","2"
"修理道路桥","0","2","2"
"理道路桥梁","0","2","2"
"百姓没有不","0","2","2"
"姓没有不去","0","2","2"
"没有不去看","0","2","2"
"有不去看的","0","2","2"
"有老父独自","0","2","2"
"老父独自耕","0","2","2"
"父独自耕种","0","2","2"
"独自耕种不","0","2","2"
"自耕种不止","0","2","2"
"姓得以安宁","0","2","2"
"非常赞赏他","0","2","2"
"没有人知道","0","2","2"
"举通晓经术","0","2","2"
"通晓经术的","0","2","2"
"邓太后去世","0","2","2"
"前朝阳侯刘","0","2","2"
"与群臣相约","0","2","2"
"不是功臣不","0","2","2"
"是功臣不得","0","2","2"
"功臣不得封","0","2","2"
"有什么顾忌","0","2","2"
"道路议论纷","0","2","2"
"路议论纷纷","0","2","2"
"只是因为他","0","2","2"
"么面目见天","0","2","2"
"杨终又上书","0","2","2"
"可以比屋得","0","2","2"
"以比屋得到","0","2","2"
"关起门来自","0","2","2"
"起门来自守","0","2","2"
"召拜为议郎","0","2","2"
"所经过之处","0","2","2"
"认为田氏出","0","2","2"
"为田氏出身","0","2","2"
"朝廷派车骑","0","2","2"
"廷派车骑将","0","2","2"
"臣愚认为可","0","2","2"
"皆以类相从","0","2","2"
"使当其实也","0","2","2"
"杀人的死罪","0","2","2"
"开花就是异","0","2","2"
"没有人敢违","0","2","2"
"帝嘉奖他的","0","2","2"
"为长水校尉","0","2","2"
"伯升为齐武","0","2","2"
"刘良为广阳","0","2","2"
"良为广阳王","0","2","2"
"王的儿子封","0","2","2"
"歙为泗水王","0","2","2"
"刘终为淄川","0","2","2"
"终为淄川王","0","2","2"
"为大将军何","0","2","2"
"刘庆为燕王","0","2","2"
"为虎牙将军","0","2","2"
"扶风郡茂陵","0","2","2"
"风郡茂陵人","0","2","2"
"为庐江太守","0","2","2"
"为千乘太守","0","2","2"
"王莽居摄时","0","2","2"
"为上谷太守","0","2","2"
"吕盖为司徒","0","2","2"
"王梁为大司","0","2","2"
"梁为大司空","0","2","2"
"南阳郡棘阳","0","2","2"
"颍川郡襄城","0","2","2"
"以马武为侍","0","2","2"
"与世祖破王","0","2","2"
"盖延等讨伐","0","2","2"
"延等讨伐刘","0","2","2"
"等讨伐刘永","0","2","2"
"冯鲂持符节","0","2","2"
"邓彪为太尉","0","2","2"
"千乘贞王刘","0","2","2"
"乘贞王刘伉","0","2","2"
"都死在监狱","0","2","2"
"死在监狱中","0","2","2"
"扶风郡平陵","0","2","2"
"常保为广川","0","2","2"
"保为广川王","0","2","2"
"理为甘陵王","0","2","2"
"王刘利子刘","0","2","2"
"刘利子刘康","0","2","2"
"利子刘康为","0","2","2"
"子刘康为济","0","2","2"
"刘康为济南","0","2","2"
"康为济南王","0","2","2"
"尚书·机钤","0","2","2"
"尹睦为太尉","0","2","2"
"刘仲为鲁哀","0","2","2"
"他们的儿子","0","2","2"
"被大将军梁","0","2","2"
"河间孝王为","0","2","2"
"间孝王为孝","0","2","2"
"孝王为孝穆","0","2","2"
"王为孝穆皇","0","2","2"
"夫人赵氏为","0","2","2"
"人赵氏为孝","0","2","2"
"赵氏为孝穆","0","2","2"
"然发生变故","0","2","2"
"在他的门下","0","2","2"
"拥有四个州","0","2","2"
"告诉他母亲","0","2","2"
"树立自己的","0","2","2"
"知是什么人","0","2","2"
"长得很漂亮","0","2","2"
"而他性本淫","0","2","2"
"他性本淫乱","0","2","2"
"有什么办法","0","2","2"
"什么办法呢","0","2","2"
"于冲锋陷阵","0","2","2"
"人前来归顺","0","2","2"
"自此凉州再","0","2","2"
"此凉州再没","0","2","2"
"凉州再没发","0","2","2"
"州再没发生","0","2","2"
"再没发生战","0","2","2"
"父亲的朋友","0","2","2"
"怎么对得起","0","2","2"
"打发他回去","0","2","2"
"对社会作贡","0","2","2"
"社会作贡献","0","2","2"
"于是军士激","0","2","2"
"是军士激怒","0","2","2"
"扩大地盘的","0","2","2"
"没有听到过","0","2","2"
"郅恽志在从","0","2","2"
"恽志在从政","0","2","2"
"既而喟然而","0","2","2"
"而喟然而叹","0","2","2"
"是为人而生","0","2","2"
"于是乘胜攻","0","2","2"
"都自称将军","0","2","2"
"于是大赦天","0","2","2"
"是大赦天下","0","2","2"
"这时长安城","0","2","2"
"长安城中有","0","2","2"
"安城中有人","0","2","2"
"城中有人起","0","2","2"
"中有人起兵","0","2","2"
"把他们杀掉","0","2","2"
"派遣中黄门","0","2","2"
"向更始建议","0","2","2"
"将军王常为","0","2","2"
"将军李通为","0","2","2"
"成败还不可","0","2","2"
"败还不可知","0","2","2"
"把书案都捶","0","2","2"
"书案都捶破","0","2","2"
"案都捶破了","0","2","2"
"天下的英雄","0","2","2"
"更始政治混","0","2","2"
"始政治混乱","0","2","2"
"立刘盆子为","0","2","2"
"刘盆子为帝","0","2","2"
"知道了他们","0","2","2"
"道了他们的","0","2","2"
"了他们的阴","0","2","2"
"他们的阴谋","0","2","2"
"假托有病不","0","2","2"
"他们全都杀","0","2","2"
"更始失败了","0","2","2"
"年轻时以有","0","2","2"
"任命袁术为","0","2","2"
"领豫州刺史","0","2","2"
"又写信给公","0","2","2"
"袁绍知道后","0","2","2"
"袁绍和曹操","0","2","2"
"率领部队进","0","2","2"
"率领剩下的","0","2","2"
"扬州刺史陈","0","2","2"
"的是当涂高","0","2","2"
"天子流离在","0","2","2"
"子流离在外","0","2","2"
"晋文公的霸","0","2","2"
"文公的霸业","0","2","2"
"士人和百姓","0","2","2"
"袁术听了很","0","2","2"
"术听了很不","0","2","2"
"听了很不高","0","2","2"
"了很不高兴","0","2","2"
"宣扬朝廷恩","0","2","2"
"黄河北面的","0","2","2"
"收起武器停","0","2","2"
"起武器停止","0","2","2"
"是天下人的","0","2","2"
"僭称名号的","0","2","2"
"的事告诉吕","0","2","2"
"事告诉吕布","0","2","2"
"曹操于是亲","0","2","2"
"操于是亲自","0","2","2"
"不知道怎么","0","2","2"
"知道怎么办","0","2","2"
"谁都不可能","0","2","2"
"到这种地步","0","2","2"
"士孙瑞秘密","0","2","2"
"了敌人的首","0","2","2"
"敌人的首级","0","2","2"
"的首级回来","0","2","2"
"吕布仗恃自","0","2","2"
"布仗恃自己","0","2","2"
"领司隶校尉","0","2","2"
"人迎接吕布","0","2","2"
"率领军队攻","0","2","2"
"将军的神威","0","2","2"
"三万步兵和","0","2","2"
"万步兵和骑","0","2","2"
"兵和骑兵进","0","2","2"
"所以不得不","0","2","2"
"多步兵和骑","0","2","2"
"被杀死杀伤","0","2","2"
"么也没得到","0","2","2"
"于是亲自率","0","2","2"
"亲自率领一","0","2","2"
"领一千多骑","0","2","2"
"一千多骑兵","0","2","2"
"采纳我的意","0","2","2"
"纳我的意见","0","2","2"
"治理天下的","0","2","2"
"他们的首级","0","2","2"
"二千石的官","0","2","2"
"任命公孙瓒","0","2","2"
"公孙瓒带步","0","2","2"
"孙瓒带步骑","0","2","2"
"瓒带步骑兵","0","2","2"
"的堂弟公孙","0","2","2"
"今车骑将军","0","2","2"
"了郡守县令","0","2","2"
"公孙瓒所任","0","2","2"
"孙瓒所任命","0","2","2"
"瓒所任命的","0","2","2"
"七千多骑兵","0","2","2"
"别人的好处","0","2","2"
"我听说君子","0","2","2"
"带领他的部","0","2","2"
"任为护乌桓","0","2","2"
"为护乌桓校","0","2","2"
"而兼并了他","0","2","2"
"兼并了他的","0","2","2"
"了他的部众","0","2","2"
"曹操攻打陶","0","2","2"
"操攻打陶谦","0","2","2"
"百姓流亡到","0","2","2"
"自己的名姓","0","2","2"
"绑着自己到","0","2","2"
"淳于恭之兄","0","2","2"
"于恭之兄淳","0","2","2"
"恭之兄淳于","0","2","2"
"之兄淳于崇","0","2","2"
"兄淳于崇将","0","2","2"
"淳于崇将被","0","2","2"
"于崇将被强","0","2","2"
"崇将被强盗","0","2","2"
"将被强盗烹","0","2","2"
"被强盗烹食","0","2","2"
"淳于恭请求","0","2","2"
"于恭请求代","0","2","2"
"恭请求代替","0","2","2"
"都得以都免","0","2","2"
"得以都免死","0","2","2"
"做太子舍人","0","2","2"
"遭天下大乱","0","2","2"
"来供养母亲","0","2","2"
"后来几次应","0","2","2"
"来几次应三","0","2","2"
"几次应三公","0","2","2"
"次应三公的","0","2","2"
"应三公的命","0","2","2"
"三公的命令","0","2","2"
"问他这是什","0","2","2"
"他这是什么","0","2","2"
"这是什么意","0","2","2"
"是什么意思","0","2","2"
"不明事理的","0","2","2"
"明事理的话","0","2","2"
"为虎贲中郎","0","2","2"
"举他为方正","0","2","2"
"教授几百人","0","2","2"
"的有一千多","0","2","2"
"免了他的官","0","2","2"
"任颍川太守","0","2","2"
"觉得很奇怪","0","2","2"
"这是什么缘","0","2","2"
"是什么缘故","0","2","2"
"升谏议大夫","0","2","2"
"二十岁以上","0","2","2"
"王莽失败后","0","2","2"
"孔志为褒成","0","2","2"
"志为褒成侯","0","2","2"
"不再应州郡","0","2","2"
"有良好的政","0","2","2"
"因病免职回","0","2","2"
"病免职回家","0","2","2"
"家里很贫困","0","2","2"
"不得已才去","0","2","2"
"投降了王郎","0","2","2"
"行使大将军","0","2","2"
"使大将军事","0","2","2"
"有众十多万","0","2","2"
"派遣大司马","0","2","2"
"而把他杀了","0","2","2"
"到我这里来","0","2","2"
"邳彤举城投","0","2","2"
"彤举城投降","0","2","2"
"世祖便以邳","0","2","2"
"祖便以邳彤","0","2","2"
"便以邳彤为","0","2","2"
"以邳彤为太","0","2","2"
"邳彤为太守","0","2","2"
"听说世祖从","0","2","2"
"说世祖从蓟","0","2","2"
"世祖从蓟回","0","2","2"
"祖从蓟回来","0","2","2"
"都拜为偏将","0","2","2"
"道可以成功","0","2","2"
"地接待了他","0","2","2"
"率领宗族宾","0","2","2"
"领宗族宾客","0","2","2"
"十多万部众","0","2","2"
"第二天一早","0","2","2"
"这时真定王","0","2","2"
"就派遣使者","0","2","2"
"临邑侯刘让","0","2","2"
"恢复了他们","0","2","2"
"耿纯为东郡","0","2","2"
"纯为东郡太","0","2","2"
"对公卿们说","0","2","2"
"将军王常去","0","2","2"
"谥封为成侯","0","2","2"
"为辅威将军","0","2","2"
"耿讠斤为赤","0","2","2"
"讠斤为赤眉","0","2","2"
"斤为赤眉将","0","2","2"
"为赤眉将军","0","2","2"
"的另外一支","0","2","2"
"人没有固定","0","2","2"
"有固定的住","0","2","2"
"用父亲的名","0","2","2"
"父亲的名字","0","2","2"
"亲的名字和","0","2","2"
"的名字和母","0","2","2"
"名字和母亲","0","2","2"
"字和母亲的","0","2","2"
"和母亲的姓","0","2","2"
"自己部族的","0","2","2"
"的附属部落","0","2","2"
"四夷全都背","0","2","2"
"夷全都背叛","0","2","2"
"季历又攻打","0","2","2"
"的部队打败","0","2","2"
"攻打太原的","0","2","2"
"打太原的戎","0","2","2"
"太原的戎人","0","2","2"
"天子的军队","0","2","2"
"夷人交替入","0","2","2"
"人交替入侵","0","2","2"
"周于是向东","0","2","2"
"于是向东迁","0","2","2"
"是向东迁到","0","2","2"
"向东迁到洛","0","2","2"
"东迁到洛邑","0","2","2"
"秦襄公进攻","0","2","2"
"襄公进攻戎","0","2","2"
"公进攻戎人","0","2","2"
"将他们消灭","0","2","2"
"一百多年后","0","2","2"
"一样的东西","0","2","2"
"有几千里远","0","2","2"
"的后代子孙","0","2","2"
"个儿子成为","0","2","2"
"开始设置护","0","2","2"
"设置护羌校","0","2","2"
"各羌人部落","0","2","2"
"羌人部族一","0","2","2"
"边境没发生","0","2","2"
"的夷入侵犯","0","2","2"
"夷入侵犯内","0","2","2"
"入侵犯内地","0","2","2"
"更始和赤眉","0","2","2"
"掾班彪上奏","0","2","2"
"班彪上奏说","0","2","2"
"人披着头发","0","2","2"
"与汉人混杂","0","2","2"
"汉人混杂居","0","2","2"
"人混杂居住","0","2","2"
"从前的制度","0","2","2"
"为护羌校尉","0","2","2"
"其他部族的","0","2","2"
"派中郎将来","0","2","2"
"郎将来歙等","0","2","2"
"事情已记载","0","2","2"
"情已记载在","0","2","2"
"武都的参狼","0","2","2"
"都的参狼羌","0","2","2"
"的参狼羌反","0","2","2"
"参狼羌反叛","0","2","2"
"会合附属部","0","2","2"
"合附属部族","0","2","2"
"太守刘盱派","0","2","2"
"率领五千人","0","2","2"
"杀死一千多","0","2","2"
"死一千多人","0","2","2"
"人全部投降","0","2","2"
"部族中称雄","0","2","2"
"他们的大首","0","2","2"
"们的大首领","0","2","2"
"兵和骑兵侵","0","2","2"
"和骑兵侵犯","0","2","2"
"骑兵侵犯陇","0","2","2"
"兵侵犯陇西","0","2","2"
"侵犯陇西边","0","2","2"
"派谒者张鸿","0","2","2"
"的军队攻打","0","2","2"
"部族内的人","0","2","2"
"人有什么罪","0","2","2"
"又派中郎将","0","2","2"
"军马武等人","0","2","2"
"马武等人攻","0","2","2"
"武等人攻打","0","2","2"
"各部族的羌","0","2","2"
"秉承皇帝旨","0","2","2"
"承皇帝旨意","0","2","2"
"和金城的部","0","2","2"
"金城的部队","0","2","2"
"城的部队在","0","2","2"
"被征召免官","0","2","2"
"等五万多人","0","2","2"
"派行车骑将","0","2","2"
"各自回到原","0","2","2"
"个敌人而死","0","2","2"
"郡的部队赶","0","2","2"
"与捕虏将军","0","2","2"
"入金城边塞","0","2","2"
"杀死四百多","0","2","2"
"死四百多人","0","2","2"
"了二千多人","0","2","2"
"部族的人投","0","2","2"
"族的人投降","0","2","2"
"就派传译的","0","2","2"
"派传译的信","0","2","2"
"传译的信使","0","2","2"
"回到大小榆","0","2","2"
"到大小榆谷","0","2","2"
"在大小榆谷","0","2","2"
"在黄河上面","0","2","2"
"黄河上面造","0","2","2"
"出边关攻打","0","2","2"
"获罪被征召","0","2","2"
"率领北军五","0","2","2"
"督察各郡的","0","2","2"
"虏一千多人","0","2","2"
"原先的地方","0","2","2"
"杀死了他们","0","2","2"
"湟中的月氏","0","2","2"
"他们分别迁","0","2","2"
"侯霸接任校","0","2","2"
"霸接任校尉","0","2","2"
"胁迫其他部","0","2","2"
"迫其他部族","0","2","2"
"郡兵将他们","0","2","2"
"的一个儿子","0","2","2"
"派骑都尉王","0","2","2"
"被征召免职","0","2","2"
"郡的部队与","0","2","2"
"混杂居住的","0","2","2"
"死亡的百姓","0","2","2"
"亡的百姓无","0","2","2"
"的百姓无法","0","2","2"
"百姓无法计","0","2","2"
"姓无法计算","0","2","2"
"于是下诏书","0","2","2"
"派骑都尉任","0","2","2"
"各郡的屯兵","0","2","2"
"三千多人被","0","2","2"
"千多人被杀","0","2","2"
"五营的士兵","0","2","2"
"赏给一百万","0","2","2"
"给一百万钱","0","2","2"
"太守赵博派","0","2","2"
"守赵博派刺","0","2","2"
"赵博派刺客","0","2","2"
"等人率领部","0","2","2"
"人率领部众","0","2","2"
"都尉马贤与","0","2","2"
"切断陇西道","0","2","2"
"断陇西道路","0","2","2"
"马贤率领湟","0","2","2"
"贤率领湟中","0","2","2"
"率领湟中的","0","2","2"
"派中郎将尹","0","2","2"
"班雄驻守三","0","2","2"
"雄驻守三辅","0","2","2"
"犯罪被征召","0","2","2"
"派轻装骑兵","0","2","2"
"在丁奚城的","0","2","2"
"军邓遵率领","0","2","2"
"邓遵率领南","0","2","2"
"杀死八百多","0","2","2"
"死八百多人","0","2","2"
"数目的金银","0","2","2"
"在富平上河","0","2","2"
"上郡的沈氐","0","2","2"
"一千八百人","0","2","2"
"马贤的军队","0","2","2"
"了两千多人","0","2","2"
"人都逃出边","0","2","2"
"都逃出边关","0","2","2"
"率领各部族","0","2","2"
"领各部族的","0","2","2"
"沈氐各部族","0","2","2"
"攻打谷罗城","0","2","2"
"郡的部队和","0","2","2"
"的部队和乌","0","2","2"
"部队和乌桓","0","2","2"
"地肥沃富饶","0","2","2"
"到原来的郡","0","2","2"
"请求让自己","0","2","2"
"于是化解仇","0","2","2"
"是化解仇恨","0","2","2"
"向凉州刺史","0","2","2"
"凉州刺史投","0","2","2"
"州刺史投降","0","2","2"
"了他们的大","0","2","2"
"千多骑兵进","0","2","2"
"多骑兵进犯","0","2","2"
"杀死杀伤官","0","2","2"
"死杀伤官吏","0","2","2"
"杀伤官吏百","0","2","2"
"伤官吏百姓","0","2","2"
"五校士兵和","0","2","2"
"羌一千多人","0","2","2"
"千多人进攻","0","2","2"
"一万五千人","0","2","2"
"赵冲与汉阳","0","2","2"
"冲与汉阳太","0","2","2"
"与汉阳太守","0","2","2"
"一个儿子为","0","2","2"
"个儿子为郎","0","2","2"
"建康元年春","0","2","2"
"还没有完全","0","2","2"
"与他们交战","0","2","2"
"左冯翊梁并","0","2","2"
"是大将军梁","0","2","2"
"桓帝建和二","0","2","2"
"帝建和二年","0","2","2"
"入侵广汉属","0","2","2"
"侵广汉属国","0","2","2"
"史率领板椐","0","2","2"
"率领板椐蛮","0","2","2"
"攻打击败了","0","2","2"
"败了入侵的","0","2","2"
"了入侵的羌","0","2","2"
"入侵的羌人","0","2","2"
"樊稠击败了","0","2","2"
"稠击败了他","0","2","2"
"记载他们的","0","2","2"
"人归附朝廷","0","2","2"
"蜀郡边界外","0","2","2"
"郡边界外的","0","2","2"
"头等人率领","0","2","2"
"到安帝永初","0","2","2"
"边界外的羌","0","2","2"
"界外的羌人","0","2","2"
"骑将军霍去","0","2","2"
"将军霍去病","0","2","2"
"由来已久了","0","2","2"
"僭称天子名","0","2","2"
"称天子名号","0","2","2"
"身体强壮的","0","2","2"
"朝堂上的意","0","2","2"
"堂上的意见","0","2","2"
"官至酒泉太","0","2","2"
"至酒泉太守","0","2","2"
"在东观从事","0","2","2"
"东观从事著","0","2","2"
"观从事著作","0","2","2"
"多次向他问","0","2","2"
"在这个时候","0","2","2"
"我听说帝王","0","2","2"
"把我的奏章","0","2","2"
"然后皇上下","0","2","2"
"职务是掌管","0","2","2"
"的有千多人","0","2","2"
"命令左右的","0","2","2"
"希望你不要","0","2","2"
"有什么可以","0","2","2"
"有治国的才","0","2","2"
"有道德的人","0","2","2"
"父亲大将军","0","2","2"
"亲大将军窦","0","2","2"
"现在您对于","0","2","2"
"在您对于汉","0","2","2"
"您对于汉朝","0","2","2"
"对于汉朝来","0","2","2"
"于汉朝来说","0","2","2"
"正如周公旦","0","2","2"
"召公在周朝","0","2","2"
"舆论认为您","0","2","2"
"论认为您的","0","2","2"
"认为您的功","0","2","2"
"为您的功劳","0","2","2"
"应当辞去大","0","2","2"
"当辞去大赏","0","2","2"
"州郡多次召","0","2","2"
"被任为尚书","0","2","2"
"谋划诛杀宦","0","2","2"
"划诛杀宦官","0","2","2"
"病请求回家","0","2","2"
"征召为司空","0","2","2"
"唐王玄为京","0","2","2"
"王玄为京兆","0","2","2"
"个亡命之徒","0","2","2"
"的情况告诉","0","2","2"
"孔融上书推","0","2","2"
"融上书推荐","0","2","2"
"逃亡到渔阳","0","2","2"
"安乐县县令","0","2","2"
"来听说光武","0","2","2"
"归心于光武","0","2","2"
"突击敌军的","0","2","2"
"击敌军的骑","0","2","2"
"敌军的骑兵","0","2","2"
"派遣吴汉率","0","2","2"
"赶得上他的","0","2","2"
"拜吴汉为大","0","2","2"
"持符节到北","0","2","2"
"率领诸将军","0","2","2"
"军攻击青犊","0","2","2"
"开门迎接汉","0","2","2"
"率领突击骑","0","2","2"
"领突击骑兵","0","2","2"
"吴汉与诸将","0","2","2"
"吴汉为大司","0","2","2"
"汉为大司马","0","2","2"
"投降的达十","0","2","2"
"派遣使者以","0","2","2"
"城都投降了","0","2","2"
"所能做到的","0","2","2"
"从光武上陇","0","2","2"
"等到公孙述","0","2","2"
"分为二十多","0","2","2"
"与公孙述战","0","2","2"
"建武十八年","0","2","2"
"多谋而见疑","0","2","2"
"围刘永于睢","0","2","2"
"刘永于睢阳","0","2","2"
"与他们战于","0","2","2"
"有什么可忧","0","2","2"
"就可以不战","0","2","2"
"为琅笽太守","0","2","2"
"隗嚣和公孙","0","2","2"
"嚣和公孙述","0","2","2"
"诏书回答说","0","2","2"
"颍川郡郏县","0","2","2"
"川郡郏县人","0","2","2"
"他为偏将军","0","2","2"
"跟从击破群","0","2","2"
"从击破群贼","0","2","2"
"公孙述部将","0","2","2"
"一个亭长就","0","2","2"
"平元年去世","0","2","2"
"像高祖一样","0","2","2"
"杀死父亲兄","0","2","2"
"死父亲兄弟","0","2","2"
"为部族首领","0","2","2"
"各有自己的","0","2","2"
"财物全部为","0","2","2"
"的西北方向","0","2","2"
"被冒顿打败","0","2","2"
"乌桓部族首","0","2","2"
"桓部族首领","0","2","2"
"乌桓与匈奴","0","2","2"
"的妻子孩子","0","2","2"
"匈奴向北迁","0","2","2"
"奴向北迁移","0","2","2"
"到朝廷朝拜","0","2","2"
"来朝拜庆贺","0","2","2"
"侦察敌人动","0","2","2"
"察敌人动静","0","2","2"
"接受投降者","0","2","2"
"乌桓人归附","0","2","2"
"乌桓的部族","0","2","2"
"桓的部族首","0","2","2"
"率领二千多","0","2","2"
"领二千多人","0","2","2"
"朝廷于是征","0","2","2"
"廷于是征调","0","2","2"
"败并杀死了","0","2","2"
"攻打并平定","0","2","2"
"打并平定了","0","2","2"
"沿边的九个","0","2","2"
"边的九个郡","0","2","2"
"出边塞离去","0","2","2"
"他们都自称","0","2","2"
"在柳城大败","0","2","2"
"杀害和掳掠","0","2","2"
"掳掠官吏百","0","2","2"
"们全都杀死","0","2","2"
"鲜卑这才和","0","2","2"
"卑这才和汉","0","2","2"
"这才和汉互","0","2","2"
"才和汉互通","0","2","2"
"和汉互通使","0","2","2"
"汉互通使者","0","2","2"
"到辽东接受","0","2","2"
"辽东接受赏","0","2","2"
"东接受赏赐","0","2","2"
"部族首领于","0","2","2"
"人率领部族","0","2","2"
"人多次入侵","0","2","2"
"将军窦宪派","0","2","2"
"次入侵渔阳","0","2","2"
"安帝永初年","0","2","2"
"帝永初年间","0","2","2"
"辽西的鲜卑","0","2","2"
"多鲜卑骑兵","0","2","2"
"黎阳营的士","0","2","2"
"阳营的士兵","0","2","2"
"三千寻迹而","0","2","2"
"领南单于的","0","2","2"
"到度辽将军","0","2","2"
"度辽将军的","0","2","2"
"赏给他们不","0","2","2"
"给他们不同","0","2","2"
"他们不同数","0","2","2"
"们不同数目","0","2","2"
"同数目的彩","0","2","2"
"数目的彩色","0","2","2"
"目的彩色丝","0","2","2"
"自率领一万","0","2","2"
"派从事率领","0","2","2"
"从事率领南","0","2","2"
"出边塞进攻","0","2","2"
"边塞进攻鲜","0","2","2"
"塞进攻鲜卑","0","2","2"
"打败了鲜卑","0","2","2"
"败了鲜卑人","0","2","2"
"下诏书赐给","0","2","2"
"入侵辽东属","0","2","2"
"侵辽东属国","0","2","2"
"率领南匈奴","0","2","2"
"天子下诏书","0","2","2"
"定有过人的","0","2","2"
"占领了匈奴","0","2","2"
"领了匈奴原","0","2","2"
"了匈奴原先","0","2","2"
"匈奴原先的","0","2","2"
"的全部地盘","0","2","2"
"派匈奴中郎","0","2","2"
"将张奂率领","0","2","2"
"张奂率领南","0","2","2"
"奂率领南单","0","2","2"
"越来越严重","0","2","2"
"从右北平以","0","2","2"
"的二十多个","0","2","2"
"二十多个城","0","2","2"
"可以做的条","0","2","2"
"以做的条件","0","2","2"
"居住的地方","0","2","2"
"率领一万骑","0","2","2"
"领一万骑兵","0","2","2"
"死的人达十","0","2","2"
"与他相合的","0","2","2"
"改变自己的","0","2","2"
"握着赵壹的","0","2","2"
"着赵壹的手","0","2","2"
"生徒几百人","0","2","2"
"认为年龄不","0","2","2"
"年二十八岁","0","2","2"
"文章大多散","0","2","2"
"章大多散失","0","2","2"
"大多散失了","0","2","2"
"祢衡的才华","0","2","2"
"了的没有不","0","2","2"
"请收捕治罪","0","2","2"
"没有不叹服","0","2","2"
"有不叹服的","0","2","2"
"为什么不早","0","2","2"
"后来出仕郡","0","2","2"
"请杜笃做从","0","2","2"
"杜笃做从事","0","2","2"
"笃做从事中","0","2","2"
"做从事中郎","0","2","2"
"以文章著名","0","2","2"
"为兰台令史","0","2","2"
"天下无双江","0","2","2"
"下无双江夏","0","2","2"
"无双江夏黄","0","2","2"
"帝废太子为","0","2","2"
"废太子为济","0","2","2"
"上对国家有","0","2","2"
"有什么罪呢","0","2","2"
"忠良正直的","0","2","2"
"几个儿子都","0","2","2"
"他们原来的","0","2","2"
"们原来的爵","0","2","2"
"平阿侯王谭","0","2","2"
"阿侯王谭的","0","2","2"
"侯王谭的儿","0","2","2"
"王谭的儿子","0","2","2"
"我方望没有","0","2","2"
"没有什么功","0","2","2"
"数十骑乘夜","0","2","2"
"隗嚣再次派","0","2","2"
"如果现在不","0","2","2"
"次派遣使者","0","2","2"
"隗嚣终不肯","0","2","2"
"等七将军从","0","2","2"
"七将军从陇","0","2","2"
"将军从陇道","0","2","2"
"他儿子隗恂","0","2","2"
"于是派遣使","0","2","2"
"是派遣使者","0","2","2"
"向公孙述称","0","2","2"
"公孙述称臣","0","2","2"
"被拜为太中","0","2","2"
"隗嚣派遣儿","0","2","2"
"嚣派遣儿子","0","2","2"
"派遣儿子入","0","2","2"
"遣使者迎接","0","2","2"
"公孙述于是","0","2","2"
"向公孙述投","0","2","2"
"他弟弟公孙","0","2","2"
"弟弟公孙恢","0","2","2"
"对公孙述说","0","2","2"
"又有鱼盐铜","0","2","2"
"有鱼盐铜银","0","2","2"
"鱼盐铜银之","0","2","2"
"盐铜银之利","0","2","2"
"浮水转漕运","0","2","2"
"水转漕运输","0","2","2"
"转漕运输之","0","2","2"
"漕运输之便","0","2","2"
"自立为天子","0","2","2"
"将这些东西","0","2","2"
"就写信给公","0","2","2"
"信给公孙述","0","2","2"
"得以专门精","0","2","2"
"以专门精心","0","2","2"
"专门精心策","0","2","2"
"门精心策划","0","2","2"
"分而汉有其","0","2","2"
"天下还没有","0","2","2"
"率领万余人","0","2","2"
"向岑彭投降","0","2","2"
"率领数万人","0","2","2"
"吴汉就杀了","0","2","2"
"是成帝的儿","0","2","2"
"成帝的儿子","0","2","2"
"诈称自己是","0","2","2"
"立王郎为天","0","2","2"
"王郎为天子","0","2","2"
"被王莽杀害","0","2","2"
"拜张步为辅","0","2","2"
"张步为辅汉","0","2","2"
"步为辅汉大","0","2","2"
"为辅汉大将","0","2","2"
"与盖延共同","0","2","2"
"盖延共同攻","0","2","2"
"建武三年春","0","2","2"
"立张步为齐","0","2","2"
"董宪为海西","0","2","2"
"宪为海西王","0","2","2"
"周建于垂惠","0","2","2"
"周建的侄子","0","2","2"
"建的侄子周","0","2","2"
"的侄子周诵","0","2","2"
"侄子周诵造","0","2","2"
"以他为侍中","0","2","2"
"诸将请求进","0","2","2"
"吴汉攻下朐","0","2","2"
"其妻子儿女","0","2","2"
"令王闳通掌","0","2","2"
"王闳通掌郡","0","2","2"
"闳通掌郡事","0","2","2"
"大将军耿攻","0","2","2"
"好上谷太守","0","2","2"
"不接受征召","0","2","2"
"派遣使者去","0","2","2"
"派游击将军","0","2","2"
"自立为燕王","0","2","2"
"是刘氏子孙","0","2","2"
"当继承宗庙","0","2","2"
"骑迎接卢芳","0","2","2"
"就立卢芳为","0","2","2"
"他下面的人","0","2","2"
"卢芳为代王","0","2","2"
"听起来好像","0","2","2"
"的朋友同郡","0","2","2"
"朋友同郡人","0","2","2"
"将近七十岁","0","2","2"
"有志气操守","0","2","2"
"就应想到如","0","2","2"
"应想到如何","0","2","2"
"上天却认为","0","2","2"
"认为他们是","0","2","2"
"天下人一定","0","2","2"
"百姓怎能不","0","2","2"
"老天爷降灾","0","2","2"
"现在京师贵","0","2","2"
"在京师贵戚","0","2","2"
"木需梓豫樟","0","2","2"
"一般官吏和","0","2","2"
"选拔人才时","0","2","2"
"国家的日子","0","2","2"
"家的日子过","0","2","2"
"的日子过得","0","2","2"
"日子过得舒","0","2","2"
"高兴的时候","0","2","2"
"搞歪门邪道","0","2","2"
"得到宽宥赦","0","2","2"
"到宽宥赦免","0","2","2"
"于是改名换","0","2","2"
"是改名换姓","0","2","2"
"是这样的吗","0","2","2"
"官至光禄大","0","2","2"
"至光禄大夫","0","2","2"
"太后听从了","0","2","2"
"想与他相见","0","2","2"
"有什么不能","0","2","2"
"立即派遣使","0","2","2"
"即派遣使者","0","2","2"
"代理大将军","0","2","2"
"理大将军事","0","2","2"
"他为关内侯","0","2","2"
"大逆不道之","0","2","2"
"逆不道之罪","0","2","2"
"为将兵长史","0","2","2"
"前周文王不","0","2","2"
"为友人报仇","0","2","2"
"这是我的私","0","2","2"
"是我的私情","0","2","2"
"这是君的忠","0","2","2"
"是君的忠义","0","2","2"
"这是三代的","0","2","2"
"郭皇后被废","0","2","2"
"与诸侯射的","0","2","2"
"派子弟入学","0","2","2"
"一连几个月","0","2","2"
"以此为标准","0","2","2"
"不做王莽的","0","2","2"
"做王莽的官","0","2","2"
"自己的家乡","0","2","2"
"入朝廷教授","0","2","2"
"人都称赞他","0","2","2"
"侍中淳于恭","0","2","2"
"常达几百人","0","2","2"
"有特别好的","0","2","2"
"当时人敬重","0","2","2"
"时人敬重他","0","2","2"
"在社会上流","0","2","2"
"社会上流行","0","2","2"
"教授生徒经","0","2","2"
"生徒经常几","0","2","2"
"徒经常几百","0","2","2"
"经常几百人","0","2","2"
"自远方来的","0","2","2"
"没收他的财","0","2","2"
"收他的财产","0","2","2"
"太子及诸王","0","2","2"
"坚决辞让不","0","2","2"
"永平十六年","0","2","2"
"调太中大夫","0","2","2"
"再升尚书令","0","2","2"
"因父母年老","0","2","2"
"一万六千人","0","2","2"
"一天一天衰","0","2","2"
"作弘农太守","0","2","2"
"石的俸禄终","0","2","2"
"很远的地方","0","2","2"
"开始在州郡","0","2","2"
"始在州郡做","0","2","2"
"的几个儿子","0","2","2"
"王莽和成卒","0","2","2"
"莽和成卒正","0","2","2"
"追及光武于","0","2","2"
"吴汉率领建","0","2","2"
"汉率领建威","0","2","2"
"率领建威大","0","2","2"
"领建威大将","0","2","2"
"盖延为虎牙","0","2","2"
"中大夫持符","0","2","2"
"夫持符节拜","0","2","2"
"子隗纯为王","0","2","2"
"起初为郡功","0","2","2"
"初为郡功曹","0","2","2"
"后来马融作","0","2","2"
"汝南郡南顿","0","2","2"
"共二十一篇","0","2","2"
"鄯善国王广","0","2","2"
"匈奴使者驻","0","2","2"
"奴使者驻地","0","2","2"
"有什么可遗","0","2","2"
"因直言敢谏","0","2","2"
"不追究责任","0","2","2"
"助我的不够","0","2","2"
"照实际情况","0","2","2"
"咎戾的征兆","0","2","2"
"奖励优待海","0","2","2"
"励优待海内","0","2","2"
"现在正是春","0","2","2"
"都免罪不究","0","2","2"
"所有官员勉","0","2","2"
"有官员勉力","0","2","2"
"搞好本职工","0","2","2"
"明帝命令说","0","2","2"
"安帝采纳了","0","2","2"
"得到好的报","0","2","2"
"到好的报应","0","2","2"
"特别贫困的","0","2","2"
"父母同胞兄","0","2","2"
"母同胞兄弟","0","2","2"
"分别赏赐随","0","2","2"
"别赏赐随行","0","2","2"
"赏赐随行人","0","2","2"
"赐随行人员","0","2","2"
"齐桓公修霸","0","2","2"
"桓公修霸业","0","2","2"
"燕国人卫满","0","2","2"
"国家的风俗","0","2","2"
"地域方圆二","0","2","2"
"域方圆二千","0","2","2"
"方圆二千里","0","2","2"
"土壤适合种","0","2","2"
"壤适合种植","0","2","2"
"适合种植五","0","2","2"
"合种植五谷","0","2","2"
"裹的习俗是","0","2","2"
"率领七八千","0","2","2"
"王派使者来","0","2","2"
"他们生活在","0","2","2"
"他们喜欢养","0","2","2"
"制成的衣服","0","2","2"
"武帝灭掉朝","0","2","2"
"帝灭掉朝鲜","0","2","2"
"属玄菟管辖","0","2","2"
"高句骊派使","0","2","2"
"句骊派使者","0","2","2"
"和帝元兴元","0","2","2"
"那裹的老人","0","2","2"
"裹的老人说","0","2","2"
"有十二个国","0","2","2"
"十二个国家","0","2","2"
"大家一同立","0","2","2"
"他们不知道","0","2","2"
"穿的衣服都","0","2","2"
"从女王国向","0","2","2"
"他们在一起","0","2","2"
"阳太守成缙","0","2","2"
"是说能够用","0","2","2"
"上书告张俭","0","2","2"
"书告张俭与","0","2","2"
"告张俭与同","0","2","2"
"朱并的名字","0","2","2"
"的根本没有","0","2","2"
"被司徒胡广","0","2","2"
"次打败他们","0","2","2"
"发配到左校","0","2","2"
"配到左校劳","0","2","2"
"任长乐少府","0","2","2"
"所以没有遭","0","2","2"
"以没有遭到","0","2","2"
"升太山太守","0","2","2"
"拜他为尚书","0","2","2"
"免官回原籍","0","2","2"
"有不流泪的","0","2","2"
"年三十三岁","0","2","2"
"任为侍御史","0","2","2"
"贪赃枉法的","0","2","2"
"和他的母亲","0","2","2"
"三公都征召","0","2","2"
"公都征召他","0","2","2"
"年八十四岁","0","2","2"
"天下的志气","0","2","2"
"岑晊与张牧","0","2","2"
"桓帝大为震","0","2","2"
"帝大为震怒","0","2","2"
"郭林宗曾经","0","2","2"
"与杀人一样","0","2","2"
"的取名为贾","0","2","2"
"亲戚朋友都","0","2","2"
"要看时间行","0","2","2"
"的小儿子名","0","2","2"
"可不谨慎吗","0","2","2"
"做了车骑将","0","2","2"
"兄弟都被杀","0","2","2"
"哲的臣子去","0","2","2"
"契那样的贤","0","2","2"
"来治理国家","0","2","2"
"杀掠官吏百","0","2","2"
"合纵连横的","0","2","2"
"纵连横的事","0","2","2"
"用他作从事","0","2","2"
"共一百三十","0","2","2"
"犹如生长在","0","2","2"
"都尉窦固出","0","2","2"
"奴使者来了","0","2","2"
"杀死了匈奴","0","2","2"
"死了匈奴使","0","2","2"
"了匈奴使者","0","2","2"
"他们的脑袋","0","2","2"
"派使者出使","0","2","2"
"使者向班超","0","2","2"
"向班超投降","0","2","2"
"永平十八年","0","2","2"
"王侯以下都","0","2","2"
"任命徐干为","0","2","2"
"班超拥抱爱","0","2","2"
"超拥抱爱妻","0","2","2"
"意把他留下","0","2","2"
"把他留下来","0","2","2"
"遣还他们的","0","2","2"
"国都平定了","0","2","2"
"进入他们的","0","2","2"
"入他们的国","0","2","2"
"他们的国境","0","2","2"
"七月三十日","0","2","2"
"帝下诏令说","0","2","2"
"把班超召回","0","2","2"
"微小的功勋","0","2","2"
"现在已经三","0","2","2"
"蒙受皇上像","0","2","2"
"于是罢免了","0","2","2"
"汉朝的官吏","0","2","2"
"替索班报仇","0","2","2"
"索班报仇雪","0","2","2"
"班报仇雪耻","0","2","2"
"帝考虑国家","0","2","2"
"没有不归附","0","2","2"
"归附内地的","0","2","2"
"西域的副校","0","2","2"
"域的副校尉","0","2","2"
"现在如果一","0","2","2"
"有八九千人","0","2","2"
"到梁慬那里","0","2","2"
"梁慬那里投","0","2","2"
"慬那里投降","0","2","2"
"奥革建日逐","0","2","2"
"英明的天子","0","2","2"
"没有一个不","0","2","2"
"第五伦又上","0","2","2"
"五伦又上疏","0","2","2"
"伦又上疏道","0","2","2"
"陛下一片孝","0","2","2"
"下一片孝心","0","2","2"
"的人都觉得","0","2","2"
"原因就在这","0","2","2"
"因就在这里","0","2","2"
"京师尚且如","0","2","2"
"师尚且如此","0","2","2"
"以二千石的","0","2","2"
"二千石的俸","0","2","2"
"认为他很能","0","2","2"
"为他很能干","0","2","2"
"想得到好的","0","2","2"
"近臣尚书以","0","2","2"
"臣尚书以下","0","2","2"
"客授于颍川","0","2","2"
"将军马援到","0","2","2"
"用权宜之计","0","2","2"
"残酷的官吏","0","2","2"
"显宗认为他","0","2","2"
"为破虏将军","0","2","2"
"张温的参军","0","2","2"
"他们的粮道","0","2","2"
"派使者持符","0","2","2"
"张温为太尉","0","2","2"
"君主身边的","0","2","2"
"主身边的恶","0","2","2"
"身边的恶人","0","2","2"
"等劫持少帝","0","2","2"
"为政的根本","0","2","2"
"顺从人们的","0","2","2"
"陈蕃等人的","0","2","2"
"毁坏五铢钱","0","2","2"
"荀爽为司空","0","2","2"
"于是大怒说","0","2","2"
"在诸侯王之","0","2","2"
"诸侯王之上","0","2","2"
"的弟弟董曼","0","2","2"
"谋划杀董卓","0","2","2"
"不知该怎么","0","2","2"
"知该怎么办","0","2","2"
"派他哥哥的","0","2","2"
"哥的儿子李","0","2","2"
"帝派侍御史","0","2","2"
"派侍御史侯","0","2","2"
"帝怀疑赈济","0","2","2"
"怀疑赈济有","0","2","2"
"派侍中刘艾","0","2","2"
"令以下都到","0","2","2"
"廷派谒者仆","0","2","2"
"张济为骠骑","0","2","2"
"济为骠骑将","0","2","2"
"杨定为后将","0","2","2"
"定为后将军","0","2","2"
"杨奉为兴义","0","2","2"
"奉为兴义将","0","2","2"
"为兴义将军","0","2","2"
"董承为安集","0","2","2"
"承为安集将","0","2","2"
"为安集将军","0","2","2"
"张杨为大司","0","2","2"
"杨为大司马","0","2","2"
"杨奉为车骑","0","2","2"
"奉为车骑将","0","2","2"
"韩暹为大将","0","2","2"
"暹为大将军","0","2","2"
"兼任司隶校","0","2","2"
"离开自己的","0","2","2"
"他的部将伍","0","2","2"
"的部将伍习","0","2","2"
"建安十九年","0","2","2"
"蔡邕不得已","0","2","2"
"立于太学门","0","2","2"
"于太学门外","0","2","2"
"没有定下来","0","2","2"
"鲜卑侵犯边","0","2","2"
"卑侵犯边境","0","2","2"
"有不同的说","0","2","2"
"不同的说法","0","2","2"
"三年推举一","0","2","2"
"宣陵孝子为","0","2","2"
"为太子舍人","0","2","2"
"虽说是继承","0","2","2"
"为济阴太守","0","2","2"
"董卓问蔡邕","0","2","2"
"是足可以平","0","2","2"
"足可以平定","0","2","2"
"等到王郎起","0","2","2"
"到王郎起兵","0","2","2"
"大破王匡军","0","2","2"
"的官吏民众","0","2","2"
"逮捕冯忄音","0","2","2"
"这时赤眉军","0","2","2"
"十一帝的神","0","2","2"
"一帝的神主","0","2","2"
"与车骑将军","0","2","2"
"辅汉将军于","0","2","2"
"汉将军于匡","0","2","2"
"没有得到宣","0","2","2"
"假称有病不","0","2","2"
"占据高平县","0","2","2"
"太傅邓禹之","0","2","2"
"没有不震惊","0","2","2"
"年间的诏书","0","2","2"
"抽签的办法","0","2","2"
"限年在四十","0","2","2"
"在四十岁以","0","2","2"
"于是大破敌","0","2","2"
"是大破敌军","0","2","2"
"为虎牙大将","0","2","2"
"光武笑着说","0","2","2"
"王邑于昆阳","0","2","2"
"等到光武为","0","2","2"
"不能胜任军","0","2","2"
"光武对王霸","0","2","2"
"武对王霸说","0","2","2"
"光武令王霸","0","2","2"
"侦察的官吏","0","2","2"
"更封王霸为","0","2","2"
"公孙述派兵","0","2","2"
"孙述派兵援","0","2","2"
"述派兵援救","0","2","2"
"派兵援救隗","0","2","2"
"兵援救隗嚣","0","2","2"
"家里没有私","0","2","2"
"里没有私人","0","2","2"
"没有私人财","0","2","2"
"有私人财产","0","2","2"
"为别驾从事","0","2","2"
"皇上的恩宠","0","2","2"
"左右的宠臣","0","2","2"
"杨秉为太尉","0","2","2"
"小宦官赵津","0","2","2"
"大恶霸张汜","0","2","2"
"恶霸张汜等","0","2","2"
"霸张汜等人","0","2","2"
"侯览的财产","0","2","2"
"桓帝不高兴","0","2","2"
"后执掌朝政","0","2","2"
"陈蕃为太傅","0","2","2"
"太后的父亲","0","2","2"
"有不叹息的","0","2","2"
"署理尚书令","0","2","2"
"杨彪为司徒","0","2","2"
"董卓的部属","0","2","2"
"派虎贲中郎","0","2","2"
"王允推重董","0","2","2"
"允推重董卓","0","2","2"
"梁丘赐战于","0","2","2"
"宛城下部队","0","2","2"
"光武为破虏","0","2","2"
"代行大司马","0","2","2"
"客栈的小吏","0","2","2"
"领全郡投降","0","2","2"
"衰败的局面","0","2","2"
"不能继承大","0","2","2"
"能继承大业","0","2","2"
"六月二十二","0","2","2"
"秋七月初五","0","2","2"
"邓禹为大司","0","2","2"
"禹为大司徒","0","2","2"
"光武到怀县","0","2","2"
"冬十月十八","0","2","2"
"十月十八日","0","2","2"
"从怀县回洛","0","2","2"
"怀县回洛阳","0","2","2"
"迫使他们投","0","2","2"
"派骠骑大将","0","2","2"
"二将军攻打","0","2","2"
"刑罚不得当","0","2","2"
"老百姓就不","0","2","2"
"百姓就不知","0","2","2"
"姓就不知怎","0","2","2"
"知怎样才好","0","2","2"
"刘得为真定","0","2","2"
"他们的意愿","0","2","2"
"盖延攻克睢","0","2","2"
"延攻克睢阳","0","2","2"
"派太中大夫","0","2","2"
"冯异与赤眉","0","2","2"
"异与赤眉军","0","2","2"
"与赤眉军在","0","2","2"
"亲自领兵征","0","2","2"
"自领兵征伐","0","2","2"
"光武帝到宜","0","2","2"
"祖宗的威灵","0","2","2"
"三月十六日","0","2","2"
"五月二十四","0","2","2"
"光武帝回洛","0","2","2"
"武帝回洛阳","0","2","2"
"岑彭率领三","0","2","2"
"彭率领三将","0","2","2"
"领三将军讨","0","2","2"
"三将军讨伐","0","2","2"
"军朱祐率领","0","2","2"
"光武帝到达","0","2","2"
"司马吴汉在","0","2","2"
"领四将军在","0","2","2"
"派捕虏将军","0","2","2"
"十一月十九","0","2","2"
"领二将军在","0","2","2"
"二月二十日","0","2","2"
"光武帝还洛","0","2","2"
"武帝还洛阳","0","2","2"
"领二将军讨","0","2","2"
"王刘良为赵","0","2","2"
"命令中都官","0","2","2"
"国放出在押","0","2","2"
"放出在押囚","0","2","2"
"出在押囚犯","0","2","2"
"除了非处死","0","2","2"
"了非处死不","0","2","2"
"非处死不可","0","2","2"
"一律免除查","0","2","2"
"律免除查办","0","2","2"
"进用温良的","0","2","2"
"用温良的人","0","2","2"
"自己的职事","0","2","2"
"秋七月初四","0","2","2"
"大司徒伏湛","0","2","2"
"贫困不能自","0","2","2"
"公孙述派将","0","2","2"
"光武帝从长","0","2","2"
"武帝从长安","0","2","2"
"高柳攻打卢","0","2","2"
"柳攻打卢芳","0","2","2"
"攻打卢芳将","0","2","2"
"老百姓流离","0","2","2"
"方正各一人","0","2","2"
"都免为平民","0","2","2"
"奴派使者来","0","2","2"
"派使者来献","0","2","2"
"使者来献礼","0","2","2"
"诏令中都官","0","2","2"
"百官各上密","0","2","2"
"日月迫近相","0","2","2"
"月迫近相食","0","2","2"
"八月二十六","0","2","2"
"河间王刘邵","0","2","2"
"十一月十二","0","2","2"
"一月十二日","0","2","2"
"夏六月初六","0","2","2"
"将军在高柳","0","2","2"
"军在高柳攻","0","2","2"
"等五将军在","0","2","2"
"天地之间的","0","2","2"
"打他个大败","0","2","2"
"率领水师讨","0","2","2"
"领水师讨伐","0","2","2"
"水师讨伐公","0","2","2"
"师讨伐公孙","0","2","2"
"四月二十八","0","2","2"
"派间谍刺杀","0","2","2"
"奴仆婢女的","0","2","2"
"阳出现黄龙","0","2","2"
"大败公孙述","0","2","2"
"领同部族人","0","2","2"
"同部族人归","0","2","2"
"部族人归附","0","2","2"
"鲁王刘兴为","0","2","2"
"三月十一日","0","2","2"
"的十分之一","0","2","2"
"一律恢复平","0","2","2"
"律恢复平民","0","2","2"
"恢复平民身","0","2","2"
"复平民身份","0","2","2"
"四月二十九","0","2","2"
"善国派使者","0","2","2"
"国派使者进","0","2","2"
"正月二十三","0","2","2"
"二月二十九","0","2","2"
"光武帝南巡","0","2","2"
"六月二十九","0","2","2"
"玩弄妖法巫","0","2","2"
"弄妖法巫术","0","2","2"
"妖法巫术的","0","2","2"
"翊公刘辅为","0","2","2"
"公刘辅为中","0","2","2"
"刘辅为中山","0","2","2"
"辅为中山王","0","2","2"
"十月二十四","0","2","2"
"六月二十六","0","2","2"
"免南顿县田","0","2","2"
"南顿县田租","0","2","2"
"派武威将军","0","2","2"
"中山王刘辅","0","2","2"
"到乐浪归附","0","2","2"
"将军刘尚打","0","2","2"
"军刘尚打败","0","2","2"
"判处死刑的","0","2","2"
"死刑的囚犯","0","2","2"
"九月十三日","0","2","2"
"南单于派儿","0","2","2"
"单于派儿子","0","2","2"
"朝廷贡献礼","0","2","2"
"廷贡献礼物","0","2","2"
"命令有关部","0","2","2"
"令有关部门","0","2","2"
"能散水就行","0","2","2"
"散水就行了","0","2","2"
"派中郎将段","0","2","2"
"年夏四月二","0","2","2"
"四月二十一","0","2","2"
"率领部族归","0","2","2"
"始进入封地","0","2","2"
"诏令判死刑","0","2","2"
"一律召下蚕","0","2","2"
"律召下蚕室","0","2","2"
"女子实施宫","0","2","2"
"子实施宫刑","0","2","2"
"夏四月初十","0","2","2"
"自斩首以下","0","2","2"
"星出现于紫","0","2","2"
"出现于紫宫","0","2","2"
"光武帝到鲁","0","2","2"
"死刑在押囚","0","2","2"
"刑在押囚犯","0","2","2"
"在押囚犯一","0","2","2"
"押囚犯一律","0","2","2"
"下蚕室实施","0","2","2"
"蚕室实施腐","0","2","2"
"室实施腐刑","0","2","2"
"得了及时雨","0","2","2"
"冬十月初六","0","2","2"
"一月二十九","0","2","2"
"郡兵讨伐叛","0","2","2"
"国王派使者","0","2","2"
"宫前殿逝世","0","2","2"
"千石长吏都","0","2","2"
"从前卫灵公","0","2","2"
"彭城王刘恭","0","2","2"
"下邳王刘衍","0","2","2"
"拜谒世祖庙","0","2","2"
"没收盐铁之","0","2","2"
"收盐铁之利","0","2","2"
"军窦宪出兵","0","2","2"
"出兵鸡鹿塞","0","2","2"
"七月十一日","0","2","2"
"公卿以下至","0","2","2"
"卿以下至佐","0","2","2"
"以下至佐史","0","2","2"
"下至佐史钱","0","2","2"
"钱布各不等","0","2","2"
"秋七月初七","0","2","2"
"夏六月十八","0","2","2"
"六月十八日","0","2","2"
"阳公主为长","0","2","2"
"公主为长公","0","2","2"
"主为长公主","0","2","2"
"阜陵王刘种","0","2","2"
"千石长吏以","0","2","2"
"石长吏以下","0","2","2"
"使者以猪羊","0","2","2"
"枷锁的囚徒","0","2","2"
"夏四月十八","0","2","2"
"四月十八日","0","2","2"
"钱谷各不等","0","2","2"
"不到十分之","0","2","2"
"烧当羌寇掠","0","2","2"
"正月十一日","0","2","2"
"三月二十五","0","2","2"
"这种错误的","0","2","2"
"秋九月初一","0","2","2"
"派中郎将任","0","2","2"
"南单于安国","0","2","2"
"阴阳不调和","0","2","2"
"想得到忠良","0","2","2"
"助我的不足","0","2","2"
"人士各一人","0","2","2"
"送到公车门","0","2","2"
"我将亲自听","0","2","2"
"将亲自听取","0","2","2"
"听取他们的","0","2","2"
"他们的意见","0","2","2"
"派使者内附","0","2","2"
"六月二十三","0","2","2"
"到洛阳官舍","0","2","2"
"车骑将军职","0","2","2"
"骑将军职务","0","2","2"
"代理度辽将","0","2","2"
"理度辽将军","0","2","2"
"德才兼备的","0","2","2"
"六月十六日","0","2","2"
"平民无户籍","0","2","2"
"每人发粟五","0","2","2"
"人发粟五斛","0","2","2"
"中都官对在","0","2","2"
"都官对在押","0","2","2"
"官对在押囚","0","2","2"
"对在押囚犯","0","2","2"
"勉力做好本","0","2","2"
"力做好本职","0","2","2"
"平反冤错假","0","2","2"
"反冤错假案","0","2","2"
"十月二十三","0","2","2"
"十二月初十","0","2","2"
"实际情况免","0","2","2"
"际情况免除","0","2","2"
"太后窦氏逝","0","2","2"
"后窦氏逝世","0","2","2"
"讨伐打败了","0","2","2"
"伐打败了他","0","2","2"
"任光禄勋河","0","2","2"
"王刘畅逝世","0","2","2"
"派使者巡视","0","2","2"
"部族归附内","0","2","2"
"族归附内地","0","2","2"
"陂池捕捞采","0","2","2"
"池捕捞采伐","0","2","2"
"林蛮夷反叛","0","2","2"
"张禹为太尉","0","2","2"
"正月三十日","0","2","2"
"赈济贷给张","0","2","2"
"济贷给张掖","0","2","2"
"令天下今年","0","2","2"
"天下今年田","0","2","2"
"下今年田租","0","2","2"
"人口十万以","0","2","2"
"口十万以上","0","2","2"
"十万以上的","0","2","2"
"鲁恭为司徒","0","2","2"
"王刘政逝世","0","2","2"
"并使他们投","0","2","2"
"特进阴纲自","0","2","2"
"进阴纲自杀","0","2","2"
"秋七月十五","0","2","2"
"七月十五日","0","2","2"
"按实际免除","0","2","2"
"仓廪储粮贷","0","2","2"
"廪储粮贷给","0","2","2"
"济南王刘错","0","2","2"
"慰劳赏赐作","0","2","2"
"劳赏赐作乐","0","2","2"
"琅笽王刘宇","0","2","2"
"徒鲁恭免职","0","2","2"
"赏赐百官随","0","2","2"
"奴派使者称","0","2","2"
"派使者称臣","0","2","2"
"帝在章德前","0","2","2"
"在章德前殿","0","2","2"
"章德前殿逝","0","2","2"
"德前殿逝世","0","2","2"
"籍及流民归","0","2","2"
"及流民归首","0","2","2"
"民归首的每","0","2","2"
"常山王刘章","0","2","2"
"鲜卑寇掠渔","0","2","2"
"卑寇掠渔阳","0","2","2"
"遭到大的忧","0","2","2"
"到大的忧患","0","2","2"
"史家颂赞说","0","2","2"
"将军邓骘在","0","2","2"
"用王青盖车","0","2","2"
"长安侯刘祜","0","2","2"
"为孝和皇帝","0","2","2"
"年秋八月初","0","2","2"
"秋八月初八","0","2","2"
"仍临朝听政","0","2","2"
"郡边外羌人","0","2","2"
"任长乐卫尉","0","2","2"
"令死罪以下","0","2","2"
"逃亡的可以","0","2","2"
"亡的可以赎","0","2","2"
"的可以赎罪","0","2","2"
"皇太后到洛","0","2","2"
"太后到洛阳","0","2","2"
"后到洛阳寺","0","2","2"
"十月二十八","0","2","2"
"卿以下金帛","0","2","2"
"派代理车骑","0","2","2"
"出现于天苑","0","2","2"
"边远地区的","0","2","2"
"我将亲自接","0","2","2"
"二千石下至","0","2","2"
"把他打败并","0","2","2"
"他打败并杀","0","2","2"
"打败并杀掉","0","2","2"
"移与子或同","0","2","2"
"与子或同母","0","2","2"
"每人帛一匹","0","2","2"
"诏令以粮食","0","2","2"
"令以粮食赈","0","2","2"
"无力埋葬的","0","2","2"
"与先零羌在","0","2","2"
"陵澧中蛮反","0","2","2"
"澧中蛮反叛","0","2","2"
"陵蛮再度反","0","2","2"
"蛮再度反叛","0","2","2"
"州郡把他们","0","2","2"
"任尚派兵在","0","2","2"
"有关部门应","0","2","2"
"师及郡国五","0","2","2"
"及郡国五旱","0","2","2"
"每人三斛谷","0","2","2"
"光禄大夫带","0","2","2"
"王刘得逝世","0","2","2"
"王刘安逝世","0","2","2"
"王刘寿逝世","0","2","2"
"赏赐诸园贵","0","2","2"
"卿以下钱帛","0","2","2"
"以下钱帛各","0","2","2"
"下钱帛各不","0","2","2"
"能活命的每","0","2","2"
"活命的每人","0","2","2"
"师及郡国二","0","2","2"
"及郡国二十","0","2","2"
"秘密上书批","0","2","2"
"密上书批评","0","2","2"
"上书批评建","0","2","2"
"书批评建议","0","2","2"
"的每人钱二","0","2","2"
"派使者纳贡","0","2","2"
"活下去的每","0","2","2"
"下去的每人","0","2","2"
"贞节妇人每","0","2","2"
"节妇人每人","0","2","2"
"妇人每人帛","0","2","2"
"王刘开子刘","0","2","2"
"压死溺死的","0","2","2"
"在七岁以上","0","2","2"
"的每人发粟","0","2","2"
"每人发粟三","0","2","2"
"人发粟三斛","0","2","2"
"六月十五日","0","2","2"
"开始命令三","0","2","2"
"帝校猎上林","0","2","2"
"光武皇帝于","0","2","2"
"阳今年田租","0","2","2"
"出今年田租","0","2","2"
"齐王刘无忌","0","2","2"
"北海王刘翼","0","2","2"
"在汶上明堂","0","2","2"
"汶上明堂祭","0","2","2"
"上明堂祭祀","0","2","2"
"明堂祭祀五","0","2","2"
"堂祭祀五帝","0","2","2"
"王刘崇逝世","0","2","2"
"在阙里祭祀","0","2","2"
"阙里祭祀孔","0","2","2"
"里祭祀孔子","0","2","2"
"赏赐褒成侯","0","2","2"
"日南边外蛮","0","2","2"
"太子刘保为","0","2","2"
"子刘保为济","0","2","2"
"刘保为济阴","0","2","2"
"保为济阴王","0","2","2"
"中都官对死","0","2","2"
"都官对死罪","0","2","2"
"刖右脚以下","0","2","2"
"亡命的赎罪","0","2","2"
"使者祭祀太","0","2","2"
"者祭祀太上","0","2","2"
"祭祀太上皇","0","2","2"
"祀太上皇于","0","2","2"
"太上皇于万","0","2","2"
"上皇于万年","0","2","2"
"羊祭祀萧何","0","2","2"
"十二月初七","0","2","2"
"六月二十日","0","2","2"
"梁太后征召","0","2","2"
"派梁冀持符","0","2","2"
"梁冀持符节","0","2","2"
"以王青盖车","0","2","2"
"不能生存的","0","2","2"
"能生存的每","0","2","2"
"生存的每人","0","2","2"
"谋反大逆不","0","2","2"
"反大逆不道","0","2","2"
"悝为勃海王","0","2","2"
"九月二十一","0","2","2"
"年八十以上","0","2","2"
"我们就要修","0","2","2"
"出现于东北","0","2","2"
"九月十四日","0","2","2"
"赎物分别不","0","2","2"
"后梁氏逝世","0","2","2"
"夏五月十九","0","2","2"
"一月二十四","0","2","2"
"安平王刘得","0","2","2"
"闰十二月十","0","2","2"
"报告黄龙出","0","2","2"
"告黄龙出现","0","2","2"
"五月二十二","0","2","2"
"王刘广逝世","0","2","2"
"校尉举荐贤","0","2","2"
"尉举荐贤良","0","2","2"
"没有隔夜的","0","2","2"
"九十岁以上","0","2","2"
"春正月十四","0","2","2"
"韩纟寅为司","0","2","2"
"以上每人赐","0","2","2"
"上每人赐钱","0","2","2"
"每人赐钱二","0","2","2"
"人赐钱二千","0","2","2"
"琅笽都尉官","0","2","2"
"并杀掉他们","0","2","2"
"从右仆射官","0","2","2"
"尉黄琼免职","0","2","2"
"常胡广为太","0","2","2"
"京师雨水多","0","2","2"
"废懿陵为贵","0","2","2"
"懿陵为贵人","0","2","2"
"陵为贵人冢","0","2","2"
"封单超等五","0","2","2"
"校尉段赹在","0","2","2"
"与先零诸种","0","2","2"
"空黄琼免职","0","2","2"
"刘宠为司空","0","2","2"
"诸种羌寇掠","0","2","2"
"秋七月初八","0","2","2"
"诸郡兵讨伐","0","2","2"
"春二月十一","0","2","2"
"冬十月十三","0","2","2"
"十月十三日","0","2","2"
"春正月十八","0","2","2"
"正月十八日","0","2","2"
"四月二十六","0","2","2"
"王刘成逝世","0","2","2"
"有黄龙出现","0","2","2"
"大败并杀掉","0","2","2"
"开始命令郡","0","2","2"
"始命令郡国","0","2","2"
"九月十五日","0","2","2"
"贵人窦氏为","0","2","2"
"人窦氏为皇","0","2","2"
"达十分之四","0","2","2"
"派使者献礼","0","2","2"
"五月十四日","0","2","2"
"二月二十三","0","2","2"
"代理光禄大","0","2","2"
"理光禄大夫","0","2","2"
"任城门校尉","0","2","2"
"赐民爵位及","0","2","2"
"大败先零羌","0","2","2"
"公卿以下各","0","2","2"
"卿以下各秘","0","2","2"
"以下各秘密","0","2","2"
"下各秘密上","0","2","2"
"秘密上书对","0","2","2"
"密上书对国","0","2","2"
"羌将军段赹","0","2","2"
"将军段赹在","0","2","2"
"打败先零羌","0","2","2"
"任司徒胡广","0","2","2"
"司徒胡广为","0","2","2"
"徒胡广为太","0","2","2"
"寇掠幽并二","0","2","2"
"掠幽并二州","0","2","2"
"为孝仁皇后","0","2","2"
"四月二十二","0","2","2"
"管事人参奏","0","2","2"
"者巡视送医","0","2","2"
"巡视送医药","0","2","2"
"扬州刺史臧","0","2","2"
"陵王刘恢逝","0","2","2"
"王刘恢逝世","0","2","2"
"在押囚犯没","0","2","2"
"押囚犯没有","0","2","2"
"囚犯没有判","0","2","2"
"犯没有判决","0","2","2"
"讨伐平息了","0","2","2"
"轻罪在押的","0","2","2"
"罪在押的犯","0","2","2"
"在押的犯人","0","2","2"
"卑寇掠幽州","0","2","2"
"疾疫大流行","0","2","2"
"门外屋自行","0","2","2"
"外屋自行坏","0","2","2"
"屋自行坏圯","0","2","2"
"正月二十一","0","2","2"
"并杀掉了他","0","2","2"
"现于紫宫星","0","2","2"
"石单为太尉","0","2","2"
"董重为骠骑","0","2","2"
"重为骠骑将","0","2","2"
"称无上将军","0","2","2"
"骠骑将军董","0","2","2"
"及陈留王刘","0","2","2"
"大夫杨彪为","0","2","2"
"夫杨彪为司","0","2","2"
"杨彪为司空","0","2","2"
"波贼寇掠河","0","2","2"
"贼寇掠河东","0","2","2"
"董卓自任为","0","2","2"
"十八宿之一","0","2","2"
"八宿之一的","0","2","2"
"术派将领孙","0","2","2"
"派将领孙坚","0","2","2"
"将领孙坚在","0","2","2"
"青州黄巾军","0","2","2"
"与公孙瓒在","0","2","2"
"五月二十日","0","2","2"
"军皇甫嵩为","0","2","2"
"六月十九日","0","2","2"
"淳于嘉为司","0","2","2"
"皇甫嵩免职","0","2","2"
"等名次赐位","0","2","2"
"出现于天市","0","2","2"
"现于天市星","0","2","2"
"琅笽王刘容","0","2","2"
"为灵怀皇后","0","2","2"
"帝耕于藉田","0","2","2"
"夏六月初一","0","2","2"
"自任为车骑","0","2","2"
"任为车骑将","0","2","2"
"一月二十五","0","2","2"
"曹操自任为","0","2","2"
"代车骑将军","0","2","2"
"八月二十四","0","2","2"
"二年三月初","0","2","2"
"乡侯刘懿立","0","2","2"
"侯刘懿立为","0","2","2"
"济阴王刘保","0","2","2"
"乘舆到南宫","0","2","2"
"少帝北乡侯","0","2","2"
"现在大赦天","0","2","2"
"在大赦天下","0","2","2"
"赏赐男子爵","0","2","2"
"流民自动归","0","2","2"
"民自动归首","0","2","2"
"自动归首的","0","2","2"
"动归首的每","0","2","2"
"迁往边远地","0","2","2"
"任太常桓焉","0","2","2"
"太常桓焉为","0","2","2"
"常桓焉为太","0","2","2"
"五月二十七","0","2","2"
"正月二十日","0","2","2"
"诏令以廪粮","0","2","2"
"以廪粮赈贷","0","2","2"
"察记录囚犯","0","2","2"
"记录囚犯的","0","2","2"
"录囚犯的罪","0","2","2"
"囚犯的罪状","0","2","2"
"儿子来朝廷","0","2","2"
"冬十二月初","0","2","2"
"国政失之中","0","2","2"
"政失之中和","0","2","2"
"庞参为太尉","0","2","2"
"使者来朝献","0","2","2"
"者来朝献礼","0","2","2"
"春二月十七","0","2","2"
"于阗王送儿","0","2","2"
"阗王送儿子","0","2","2"
"二千石分别","0","2","2"
"岁以上的四","0","2","2"
"以上的四十","0","2","2"
"尉庞参免职","0","2","2"
"以上的每人","0","2","2"
"秋七月十七","0","2","2"
"七月十七日","0","2","2"
"春二月十六","0","2","2"
"秋七月十二","0","2","2"
"七月十二日","0","2","2"
"和元年春正","0","2","2"
"任光禄勋冯","0","2","2"
"太白星冲犯","0","2","2"
"不收人口税","0","2","2"
"等率领部众","0","2","2"
"马贤讨伐烧","0","2","2"
"贤讨伐烧当","0","2","2"
"民爵位及粟","0","2","2"
"爵位及粟帛","0","2","2"
"十月二十六","0","2","2"
"且冻羌寇掠","0","2","2"
"侯国田租一","0","2","2"
"国田租一年","0","2","2"
"巩唐羌寇掠","0","2","2"
"赵戒为司空","0","2","2"
"十一月初七","0","2","2"
"尉赵峻为太","0","2","2"
"胡广为司徒","0","2","2"
"一百八十处","0","2","2"
"百八十处地","0","2","2"
"八十处地震","0","2","2"
"中郎将马萛","0","2","2"
"年八月初六","0","2","2"
"命令郡国中","0","2","2"
"非斩首不可","0","2","2"
"年二月初五","0","2","2"
"无户口的流","0","2","2"
"户口的流浪","0","2","2"
"口的流浪人","0","2","2"
"的流浪人想","0","2","2"
"流浪人想自","0","2","2"
"浪人想自归","0","2","2"
"人想自归首","0","2","2"
"想自归首的","0","2","2"
"出钱赎罪的","0","2","2"
"司徒李讠斤","0","2","2"
"天下亡命之","0","2","2"
"下亡命之徒","0","2","2"
"舂入缣十匹","0","2","2"
"平定了叛乱","0","2","2"
"在明堂祭祀","0","2","2"
"明堂祭祀光","0","2","2"
"祭祀光武皇","0","2","2"
"令骠骑将军","0","2","2"
"明帝临辟雍","0","2","2"
"第一次举行","0","2","2"
"行大射之礼","0","2","2"
"旱不时发生","0","2","2"
"南单于把他","0","2","2"
"单于把他们","0","2","2"
"于把他们打","0","2","2"
"马四姓子弟","0","2","2"
"帝南巡视察","0","2","2"
"征召沛王刘","0","2","2"
"召沛王刘辅","0","2","2"
"明帝回到洛","0","2","2"
"旦至司寇五","0","2","2"
"至司寇五匹","0","2","2"
"下降及时雨","0","2","2"
"任汝南太守","0","2","2"
"无户籍想归","0","2","2"
"户籍想归首","0","2","2"
"籍想归首的","0","2","2"
"派奉车都尉","0","2","2"
"刖右脚至髡","0","2","2"
"右脚至髡钳","0","2","2"
"放轻罪系囚","0","2","2"
"于光烈皇后","0","2","2"
"皇后更衣别","0","2","2"
"后更衣别室","0","2","2"
"后妃的制度","0","2","2"
"任为黄门侍","0","2","2"
"为黄门侍郎","0","2","2"
"对她的宠爱","0","2","2"
"帝亲自吊丧","0","2","2"
"阳公主为妻","0","2","2"
"明帝永平中","0","2","2"
"刘英谋反事","0","2","2"
"官至太中大","0","2","2"
"至太中大夫","0","2","2"
"弟弟阴讠斤","0","2","2"
"微贱的时候","0","2","2"
"但还没有来","0","2","2"
"诏令三公说","0","2","2"
"显宗明帝即","0","2","2"
"宗明帝即位","0","2","2"
"明帝永平三","0","2","2"
"帝永平三年","0","2","2"
"这时马皇后","0","2","2"
"皇帝的宠幸","0","2","2"
"德为后宫之","0","2","2"
"为后宫之首","0","2","2"
"她身长七尺","0","2","2"
"宫妃嫔没有","0","2","2"
"妃嫔没有不","0","2","2"
"因楚王刘英","0","2","2"
"对外戚封侯","0","2","2"
"太子刘庆为","0","2","2"
"子刘庆为清","0","2","2"
"刘庆为清河","0","2","2"
"庆为清河王","0","2","2"
"窦皇后为皇","0","2","2"
"窦太后去世","0","2","2"
"和章帝合葬","0","2","2"
"上尊谥为恭","0","2","2"
"皇后少年时","0","2","2"
"后少年时很","0","2","2"
"少年时很聪","0","2","2"
"元十四年夏","0","2","2"
"归还资财五","0","2","2"
"还资财五百","0","2","2"
"和熹邓皇后","0","2","2"
"晚上就诵读","0","2","2"
"与阴皇后同","0","2","2"
"邓太后认为","0","2","2"
"邓太后母阴","0","2","2"
"邓太后临朝","0","2","2"
"文王母大任","0","2","2"
"武王母大姒","0","2","2"
"殇帝延平之","0","2","2"
"帝延平之际","0","2","2"
"在位二十年","0","2","2"
"阎显兄弟及","0","2","2"
"显兄弟及江","0","2","2"
"兄弟及江京","0","2","2"
"把他立为帝","0","2","2"
"仪制同于三","0","2","2"
"制同于三公","0","2","2"
"阎太后去世","0","2","2"
"为恭愍皇后","0","2","2"
"陈夫人为渤","0","2","2"
"夫人为渤海","0","2","2"
"人为渤海孝","0","2","2"
"为渤海孝王","0","2","2"
"派司徒持符","0","2","2"
"司徒持符节","0","2","2"
"在位十三年","0","2","2"
"梁冀妻子孙","0","2","2"
"冀妻子孙寿","0","2","2"
"献梁皇后梁","0","2","2"
"皇后梁女莹","0","2","2"
"邓皇后邓猛","0","2","2"
"皇后邓猛女","0","2","2"
"兄大将军何","0","2","2"
"献帝初平元","0","2","2"
"帝初平元年","0","2","2"
"为辅国将军","0","2","2"
"阳王刘延谋","0","2","2"
"祷告五岳四","0","2","2"
"告五岳四渎","0","2","2"
"平王刘羡为","0","2","2"
"律下蚕室施","0","2","2"
"下蚕室施以","0","2","2"
"蚕室施以腐","0","2","2"
"室施以腐刑","0","2","2"
"女子施以宫","0","2","2"
"子施以宫刑","0","2","2"
"都减本罪一","0","2","2"
"西平王刘羡","0","2","2"
"六安王刘恭","0","2","2"
"的地方成了","0","2","2"
"送金城戍守","0","2","2"
"司空张温为","0","2","2"
"空张温为车","0","2","2"
"张温为车骑","0","2","2"
"温为车骑将","0","2","2"
"羌寇掠武都","0","2","2"
"鲜卑寇掠代","0","2","2"
"卑寇掠代郡","0","2","2"
"氐羌寇掠张","0","2","2"
"羌寇掠张掖","0","2","2"
"鲜卑寇掠雁","0","2","2"
"卑寇掠雁门","0","2","2"
"天竺国来献","0","2","2"
"竺国来献礼","0","2","2"
"刘矩为太尉","0","2","2"
"尉刘矩免职","0","2","2"
"许栩为司徒","0","2","2"
"海海水漫溢","0","2","2"
"闻人袭为太","0","2","2"
"人袭为太尉","0","2","2"
"鲜卑寇掠并","0","2","2"
"卑寇掠并州","0","2","2"
"广陵王刘荆","0","2","2"
"夏四月初一","0","2","2"
"夏四月三十","0","2","2"
"四月三十日","0","2","2"
