"N-gram","原文","翻译","Total"
"捕虏将军马武","14","14","28"
"使匈奴中郎将","15","12","27"
"赐天下男子爵","12","15","27"
"建威大将军耿","12","12","24"
"征南大将军岑","11","11","22"
"南大将军岑彭","11","11","22"
"征西大将军冯","10","11","21"
"西大将军冯异","10","11","21"
"建义大将军朱","10","10","20"
"虎牙大将军盖","9","9","18"
"牙大将军盖延","9","9","18"
"伏波将军马援","8","9","17"
"征虏将军祭遵","8","8","16"
"骠骑大将军杜","8","8","16"
"骑大将军杜茂","8","8","16"
"义大将军朱祐","10","5","15"
"郡国中都官系","9","5","14"
"令郡国中都官","4","10","14"
"天下男子爵位","0","14","14"
"武威将军刘尚","6","7","13"
"威大将军耿弇","12","1","13"
"国中都官系囚","9","4","13"
"欲占者人一级","13","0","13"
"车骑将军窦宪","5","7","12"
"车骑将军邓骘","6","6","12"
"度辽将军邓遵","6","6","12"
"扬武将军马成","6","6","12"
"匈奴中郎将张","6","6","12"
"大司马吴汉率","6","6","12"
"赏赐天下男子","0","12","12"
"归首的每人一","0","12","12"
"首的每人一级","0","12","12"
"力田每人三级","0","12","12"
"车骑将军马防","6","5","11"
"车骑将军皇甫","5","6","11"
"骑将军皇甫嵩","5","6","11"
"辽东太守祭肜","6","5","11"
"骠骑将军东平","5","5","10"
"骑将军东平王","5","5","10"
"长沙太守孙坚","5","5","10"
"京兆虎牙都尉","5","5","10"
"度辽将军耿夔","5","5","10"
"汉忠将军王常","5","5","10"
"中都官系囚减","6","4","10"
"都官系囚减死","6","4","10"
"护羌校尉马贤","5","5","10"
"年春正月初一","0","10","10"
"皇后为皇太后","0","10","10"
"年春正月二十","0","10","10"
"元年春正月初","0","10","10"
"拜为太中大夫","0","9","9"
"驸马都尉耿秉","4","4","8"
"游击将军邓隆","4","4","8"
"车骑将军张温","4","4","8"
"虏将军马武等","4","4","8"
"陇西南部都尉","4","4","8"
"平狄将军庞萌","4","4","8"
"奴中郎将张奂","4","4","8"
"辅威将军臧宫","4","4","8"
"城门校尉窦武","4","4","8"
"十三年春正月","4","4","8"
"诏郡国中都官","7","1","8"
"系囚减死一等","5","3","8"
"平元年春正月","4","4","8"
"羌校尉马贤讨","4","4","8"
"减天下死罪一","4","4","8"
"天下死罪一等","4","4","8"
"诏令郡国中都","1","7","8"
"楚王刘英谋反","0","8","8"
"举荐贤良方正","0","8","8"
"前队大夫甄阜","3","4","7"
"将军东平王苍","5","2","7"
"大司马吴汉等","4","3","7"
"虎贲中郎将邓","3","4","7"
"遣大司马吴汉","5","2","7"
"安帝永初元年","3","4","7"
"山阳太守翟超","4","3","7"
"奉车都尉窦固","4","3","7"
"官系囚减死一","5","2","7"
"系囚减死罪一","3","4","7"
"囚减死罪一等","3","4","7"
"北匈奴派使者","0","7","7"
"杀害郡县官吏","0","7","7"
"年春正月初二","0","7","7"
"郡国中都官对","0","7","7"
"参与总领尚书","0","7","7"
"王莽前队大夫","3","3","6"
"纳言将军严尤","3","3","6"
"太山贼公孙举","3","3","6"
"永平十五年封","3","3","6"
"渔阳太守彭宠","3","3","6"
"涿郡太守张丰","3","3","6"
"广陵贼张婴等","4","2","6"
"玄菟太守姚光","3","3","6"
"司隶校尉李膺","3","3","6"
"河内太守王匡","3","3","6"
"左将军皇甫嵩","3","3","6"
"车骑将军冯绲","3","3","6"
"破奸将军侯进","3","3","6"
"讨难将军苏茂","3","3","6"
"横野大将军王","3","3","6"
"野大将军王常","3","3","6"
"陇西太守马援","3","3","6"
"征西校尉任尚","3","3","6"
"汉阳太守张贡","3","3","6"
"谏议大夫马日","3","3","6"
"乌桓校尉耿晔","3","3","6"
"威虏将军冯骏","3","3","6"
"一切募下蚕室","6","0","6"
"河西大将军窦","3","3","6"
"西大将军窦融","3","3","6"
"辽东太守耿夔","3","3","6"
"建武二十七年","1","5","6"
"左车骑将军皇","3","3","6"
"骠骑大将军景","3","3","6"
"骑大将军景丹","3","3","6"
"大将军岑彭率","3","3","6"
"十一年春正月","3","3","6"
"西域长史班超","3","3","6"
"年春正月甲子","6","0","6"
"郡国十三地震","3","3","6"
"名数流民欲占","6","0","6"
"流民欲占者人","6","0","6"
"民欲占者人一","6","0","6"
"初元年春正月","3","3","6"
"匈奴中郎将马","3","3","6"
"护羌校尉段颎","6","0","6"
"髡钳城旦舂十","4","2","6"
"钳城旦舂十匹","4","2","6"
"公卿以下百官","0","6","6"
"跟从平定河北","0","6","6"
"冬十月十九日","0","6","6"
"光武帝回到洛","0","6","6"
"武帝回到洛阳","0","6","6"
"不能活下去的","0","6","6"
"代理车骑将军","0","6","6"
"民无户籍及流","0","6","6"
"无户籍及流民","0","6","6"
"与总领尚书事","0","6","6"
"护羌校尉段赹","0","6","6"
"王莽纳言将军","3","2","5"
"莽纳言将军严","3","2","5"
"秩宗将军陈茂","2","3","5"
"上谷太守耿况","2","3","5"
"身长八尺二寸","2","3","5"
"安帝乳母王圣","3","2","5"
"九江太守邓显","2","3","5"
"江太守邓显讨","2","3","5"
"车骑将军单超","2","3","5"
"车骑将军何苗","2","3","5"
"大将军岑彭围","3","2","5"
"武威太守赵冲","3","2","5"
"莽前队大夫甄","2","3","5"
"杨州刺史刘繇","3","2","5"
"三家皆立博士","4","1","5"
"益州刺史张乔","3","2","5"
"度辽将军耿晔","3","2","5"
"行车骑将军事","4","1","5"
"河南尹邓万世","2","3","5"
"十二年春正月","2","3","5"
"十五年春正月","3","2","5"
"波将军马援率","2","3","5"
"能直言极谏士","5","0","5"
"直言极谏士一","5","0","5"
"言极谏士一人","5","0","5"
"民名数流民欲","5","0","5"
"数流民欲占者","5","0","5"
"辽将军邓遵率","2","3","5"
"遣光禄大夫案","5","0","5"
"光禄大夫案行","5","0","5"
"郡国中都官死","4","1","5"
"国中都官死罪","4","1","5"
"中都官死罪系","4","1","5"
"都官死罪系囚","4","1","5"
"名数欲占者人","5","0","5"
"数欲占者人一","5","0","5"
"被推举为孝廉","0","5","5"
"年轻时为诸生","0","5","5"
"孔子及七十二","0","5","5"
"子及七十二弟","0","5","5"
"及七十二弟子","0","5","5"
"事情已经记载","0","5","5"
"情已经记载在","0","5","5"
"和帝永元四年","0","5","5"
"寻迹而射的士","0","5","5"
"迹而射的士兵","0","5","5"
"儿子入朝侍奉","0","5","5"
"做好本职工作","0","5","5"
"把他们打得大","0","5","5"
"他们打得大败","0","5","5"
"光武帝诏令说","0","5","5"
"四年春正月初","0","5","5"
"年春正月十七","0","5","5"
"春正月十七日","0","5","5"
"司马吴汉率领","0","5","5"
"六月二十四日","0","5","5"
"年春正月十九","0","5","5"
"春正月十九日","0","5","5"
"令天下在押囚","0","5","5"
"天下在押囚犯","0","5","5"
"二年春正月初","0","5","5"
"十分之四以上","0","5","5"
"分之四以上的","0","5","5"
"元年春正月十","0","5","5"
"我以薄德之身","0","5","5"
"仓廪储粮赈济","0","5","5"
"讨伐打败他们","0","5","5"
"鲜卑寇掠辽东","0","5","5"
"光禄大夫巡视","0","5","5"
"夏四月十一日","0","5","5"
"想归首的每人","0","5","5"
"入掖庭为贵人","0","5","5"
"光禄大夫周举","2","2","4"
"斩首三千余级","3","1","4"
"将作谒者王吴","2","2","4"
"大司马朱鲔等","2","2","4"
"大将军梁冀所","3","1","4"
"镇东将军曹操","2","2","4"
"陇西太守邓融","2","2","4"
"蜀郡太守第五","2","2","4"
"郡太守第五伦","2","2","4"
"威将军刘尚等","2","2","4"
"更始幽州牧苗","2","2","4"
"始幽州牧苗曾","2","2","4"
"中常侍曹节等","2","2","4"
"尚书令韩歆上","2","2","4"
"贲中郎将邓骘","2","2","4"
"孝崇博园贵人","2","2","4"
"光禄大夫杜乔","2","2","4"
"大司徒邓禹西","2","2","4"
"海贼张伯路等","2","2","4"
"侍御史庞雄督","2","2","4"
"御史中丞王宗","2","2","4"
"广汉属国都尉","2","2","4"
"荆州刺史刘度","2","2","4"
"南郡太守李肃","2","2","4"
"焚烧长沙郡县","2","2","4"
"长沙太守抗徐","2","2","4"
"沙太守抗徐等","2","2","4"
"山贼公孙举等","2","2","4"
"后车弓弩乱发","2","2","4"
"迁五官中郎将","3","1","4"
"沙太守孙坚杀","2","2","4"
"江夏太守黄祖","2","2","4"
"城门校尉伍琼","2","2","4"
"豫州刺史孔亻","2","2","4"
"执金吾胡母班","2","2","4"
"左中郎将皇甫","2","2","4"
"中郎将皇甫嵩","2","2","4"
"上军校尉蹇硕","2","2","4"
"丹阳太守陈夤","2","2","4"
"皇后兄执金吾","2","2","4"
"永平九年赐号","2","2","4"
"上大将军印绶","1","3","4"
"强弩将军陈俊","2","2","4"
"度辽将军马续","2","2","4"
"廷尉大将军王","2","2","4"
"尉大将军王常","2","2","4"
"赤眉立刘盆子","2","2","4"
"南阳太守张咨","2","2","4"
"大司徒欧阳歙","2","2","4"
"时真定王刘扬","2","2","4"
"司徒掾班彪上","2","2","4"
"陇西太守刘盱","2","2","4"
"金城太守郝崇","2","2","4"
"遣行车骑将军","4","0","4"
"行车骑将军马","3","1","4"
"陇西太守张纡","2","2","4"
"征西将军刘尚","2","2","4"
"金城西部都尉","2","2","4"
"汉阳太守赵博","2","2","4"
"安定太守杜恢","2","2","4"
"兆虎牙都尉耿","2","2","4"
"虎牙都尉耿溥","2","2","4"
"中郎将皇甫规","2","2","4"
"陇西太守孙羌","2","2","4"
"护羌校尉泠征","2","2","4"
"金城太守陈懿","2","2","4"
"将军皇甫嵩讨","2","2","4"
"扬化将军坚镡","2","2","4"
"蜀郡守将史歆","2","2","4"
"太中大夫臧宫","2","2","4"
"虏将军王霸等","2","2","4"
"建武二十一年","2","2","4"
"安帝永初三年","2","2","4"
"中郎将张奂击","3","1","4"
"辽东太守公孙","2","2","4"
"东太守公孙康","2","2","4"
"云中太守成严","2","2","4"
"顺帝永建元年","1","3","4"
"中郎将张奂率","2","2","4"
"虏将军祭遵等","2","2","4"
"遣捕虏将军马","3","1","4"
"遣骠骑大将军","3","1","4"
"狄将军庞萌反","2","2","4"
"武将军马成等","2","2","4"
"代郡太守刘兴","2","2","4"
"朔方太守田飒","2","2","4"
"大将军梁冀威","3","1","4"
"定国上公王匡","2","2","4"
"帝使太中大夫","2","2","4"
"使太中大夫持","2","2","4"
"遣虎牙大将军","3","1","4"
"大将军盖延等","2","2","4"
"光禄大夫伏隆","2","2","4"
"安帝永初五年","2","2","4"
"幽州刺史冯焕","2","2","4"
"辽东太守蔡讽","2","2","4"
"长乐少府李膺","2","2","4"
"颍川太守巴肃","2","2","4"
"河内太守魏朗","2","2","4"
"太尉掾范滂等","2","2","4"
"永昌太守曹鸾","2","2","4"
"车骑将军阎显","2","2","4"
"南阳文学官志","2","2","4"
"大将军梁冀府","2","2","4"
"敦煌太守张朗","2","2","4"
"车骑将军邓鸿","2","2","4"
"围中郎将耿种","2","2","4"
"荡寇将军周慎","2","2","4"
"凉州刺史耿鄙","2","2","4"
"司隶校尉袁绍","2","2","4"
"虎贲中郎将袁","2","2","4"
"贲中郎将袁术","2","2","4"
"光禄大夫杨赐","2","2","4"
"复汉将军邓晔","2","2","4"
"司隶校尉黄琬","2","2","4"
"西州大将军隗","2","2","4"
"州大将军隗嚣","2","2","4"
"大将军朱祐率","2","2","4"
"大将军盖延率","2","2","4"
"十一年春二月","2","2","4"
"十四年春正月","2","2","4"
"十六年春二月","2","2","4"
"十七年春正月","2","2","4"
"匈奴薁鞬日逐","4","0","4"
"奴薁鞬日逐王","4","0","4"
"二十五年春正","2","2","4"
"十六年春正月","2","2","4"
"十八年春正月","2","2","4"
"尊皇后曰皇太","4","0","4"
"皇后曰皇太后","4","0","4"
"洛阳令下狱抵","2","2","4"
"阳令下狱抵罪","2","2","4"
"越骑校尉冯柱","2","2","4"
"度辽将军朱徽","2","2","4"
"十四年春二月","2","2","4"
"王青盖车迎帝","3","1","4"
"凉州河西四郡","2","2","4"
"二千石下黄绶","4","0","4"
"宁元年春正月","2","2","4"
"郡国二十三地","2","2","4"
"国二十三地震","2","2","4"
"京师郡国二十","3","1","4"
"母野王君王圣","2","2","4"
"西域长史班勇","2","2","4"
"校尉举贤良方","4","0","4"
"尉举贤良方正","4","0","4"
"嘉元年春正月","2","2","4"
"荆州刺史度尚","2","2","4"
"令天下系囚罪","4","0","4"
"天下系囚罪未","4","0","4"
"下系囚罪未决","4","0","4"
"下军校尉鲍鸿","2","2","4"
"安元年春正月","2","2","4"
"故中常侍赵忠","2","2","4"
"建元年春正月","2","2","4"
"护乌桓校尉耿","2","2","4"
"遣使匈奴中郎","2","2","4"
"奴中郎将张耽","2","2","4"
"广陵盗贼张婴","1","3","4"
"陵盗贼张婴等","1","3","4"
"护羌校尉赵冲","2","2","4"
"大将军梁冀征","1","3","4"
"右趾髡钳城旦","4","0","4"
"趾髡钳城旦舂","4","0","4"
"十五年春二月","2","2","4"
"光烈皇后更衣","2","2","4"
"资财五百余万","2","2","4"
"酒泉太守段彭","2","2","4"
"封卫将军董承","2","2","4"
"质帝母陈夫人","2","2","4"
"九江盗贼徐凤","1","3","4"
"百姓安居乐业","0","4","4"
"流行这样一句","0","4","4"
"因父亲的关系","0","4","4"
"等到王莽篡位","0","4","4"
"他哥哥的儿子","0","4","4"
"上书请求退职","0","4","4"
"太后临朝听政","0","4","4"
"南阳郡宛县人","0","4","4"
"与骠骑大将军","0","4","4"
"河间孝王刘开","0","4","4"
"为五官中郎将","0","4","4"
"被举荐为孝廉","0","4","4"
"匈奴派使者进","0","4","4"
"奴派使者进贡","0","4","4"
"因病请求退职","0","4","4"
"兖州刺史刘岱","0","4","4"
"少时死了父亲","0","4","4"
"如果不是这样","0","4","4"
"祭祀孔子及七","0","4","4"
"祀孔子及七十","0","4","4"
"作为部族称号","0","4","4"
"领各郡的部队","0","4","4"
"还没有来得及","0","4","4"
"与公孙述将领","0","4","4"
"多个邑落的部","0","4","4"
"个邑落的部众","0","4","4"
"夫余王派使者","0","4","4"
"十二月三十日","0","4","4"
"派大司马吴汉","0","4","4"
"光武帝行进到","0","4","4"
"光武帝下诏说","0","4","4"
"光武帝到长安","0","4","4"
"五月二十一日","0","4","4"
"十二月二十七","0","4","4"
"二月二十七日","0","4","4"
"光武帝派中郎","0","4","4"
"武帝派中郎将","0","4","4"
"夏四月十九日","0","4","4"
"八月二十五日","0","4","4"
"三年春正月初","0","4","4"
"匈奴革建日逐","0","4","4"
"奴革建日逐王","0","4","4"
"革建日逐王比","0","4","4"
"有彗星出现于","0","4","4"
"尊皇后为皇太","0","4","4"
"三年春正月十","0","4","4"
"冬十月十二日","0","4","4"
"穷得不能活下","0","4","4"
"得不能活下去","0","4","4"
"秋七月二十三","0","4","4"
"七月二十三日","0","4","4"
"以仓廪储粮赈","0","4","4"
"彗星出现于天","0","4","4"
"校尉马贤讨伐","0","4","4"
"派光禄大夫巡","0","4","4"
"七岁以上每人","0","4","4"
"十一月二十日","0","4","4"
"冬十一月二十","0","4","4"
"诏令司隶校尉","0","4","4"
"年春正月初三","0","4","4"
"命令天下在押","0","4","4"
"完城旦至司寇","0","4","4"
"年春二月初一","0","4","4"
"尚书仆射虞诩","2","1","3"
"属正梁丘赐战","2","1","3"
"卿举贤良方正","2","1","3"
"诏特赐钱二十","1","2","3"
"特赐钱二十万","1","2","3"
"齐殇王子都乡","2","1","3"
"殇王子都乡侯","2","1","3"
"率征虏将军祭","2","1","3"
"遣尚书宗广持","2","1","3"
"东平王等谋反","1","2","3"
"大司马吴汉薨","3","0","3"
"书令韩歆上疏","2","1","3"
"兄虎贲中郎将","1","2","3"
"司隶校尉段颎","3","0","3"
"追赠敬隐后女","1","2","3"
"赠敬隐后女弟","1","2","3"
"敬隐后女弟小","1","2","3"
"隐后女弟小贵","1","2","3"
"后女弟小贵人","1","2","3"
"女弟小贵人印","1","2","3"
"弟小贵人印绶","1","2","3"
"司徒持节奉策","2","1","3"
"御史中丞冯绲","1","2","3"
"史中丞冯绲将","1","2","3"
"中丞冯绲将兵","1","2","3"
"丞冯绲将兵督","1","2","3"
"斩首四千余级","2","1","3"
"御史中丞盛修","2","1","3"
"特制马车数十","1","2","3"
"司隶校尉举奏","2","1","3"
"后兄车骑将军","2","1","3"
"孙坚杀荆州刺","2","1","3"
"坚杀荆州刺史","2","1","3"
"杀荆州刺史王","2","1","3"
"置西园八校尉","2","1","3"
"兗州刺史刘岱","3","0","3"
"陈留太守张邈","1","2","3"
"广陵太守张超","1","2","3"
"忠臣肝脑涂地","2","1","3"
"朝歌长时杀贼","1","2","3"
"歌长时杀贼数","1","2","3"
"长时杀贼数百","1","2","3"
"时杀贼数百人","1","2","3"
"率丹阳太守陈","2","1","3"
"将军盖延等讨","1","2","3"
"孔子七十二弟","3","0","3"
"子七十二弟子","3","0","3"
"行征西将军刘","2","1","3"
"杀汉中太守董","2","1","3"
"汉中太守董炳","2","1","3"
"斩首四百余级","3","0","3"
"任尚遣兵击破","3","0","3"
"尚遣兵击破先","3","0","3"
"遣兵击破先零","3","0","3"
"兵击破先零羌","3","0","3"
"置陇西南部都","2","1","3"
"斩首六百余级","2","1","3"
"益州刺史率板","3","0","3"
"郎将皇甫规击","2","1","3"
"灵帝建宁三年","1","2","3"
"北宫伯玉等反","2","1","3"
"广汉塞外参狼","2","1","3"
"杀护羌校尉泠","2","1","3"
"议大夫马日磾","3","0","3"
"少府孔融上书","1","2","3"
"率扬武将军马","2","1","3"
"率平狄将军庞","2","1","3"
"公孙述将田戎","2","1","3"
"公孙述将延岑","2","1","3"
"遣伏波将军马","3","0","3"
"南匈奴骨都侯","2","1","3"
"车骑将军何熙","2","1","3"
"南匈奴左部句","2","1","3"
"匈奴左部句龙","2","1","3"
"中太守成严击","2","1","3"
"鲜卑围乌桓校","2","1","3"
"卑围乌桓校尉","2","1","3"
"太守李超战死","1","2","3"
"大将军盖延围","2","1","3"
"将军庞萌反叛","1","2","3"
"琅邪太守陈俊","3","0","3"
"遣扬武将军马","2","1","3"
"击将军邓隆救","2","1","3"
"时大将军梁冀","1","2","3"
"教授常数百人","3","0","3"
"德行恂恂召伯","1","2","3"
"行恂恂召伯春","1","2","3"
"时尚书令韩歆","1","2","3"
"围度辽将军耿","2","1","3"
"顺帝阳嘉元年","1","2","3"
"置玄菟郡屯田","2","1","3"
"玄菟郡屯田六","2","1","3"
"菟郡屯田六部","2","1","3"
"南阳太守成瑨","3","0","3"
"煌郡营兵三百","2","1","3"
"郡营兵三百人","2","1","3"
"马防车骑将军","2","1","3"
"中郎将袁术烧","2","1","3"
"射声校尉沮俊","2","1","3"
"六月二十八日","1","2","3"
"尚书令左雄议","2","1","3"
"南阳太守成王","1","2","3"
"阳太守成王晋","1","2","3"
"吴汉率二将军","2","1","3"
"四年春正月甲","3","0","3"
"击卢芳将贾览","3","0","3"
"年春正月庚子","3","0","3"
"八年春正月己","2","1","3"
"元元年春正月","2","1","3"
"二年春正月辛","3","0","3"
"北匈奴遣使称","3","0","3"
"匈奴遣使称臣","3","0","3"
"所过二千石长","2","1","3"
"过二千石长吏","2","1","3"
"相举贤良方正","2","1","3"
"收洛阳令下狱","2","1","3"
"四年春二月乙","2","1","3"
"年春正月己卯","3","0","3"
"元年春正月戊","3","0","3"
"元年春正月辛","3","0","3"
"年春正月辛卯","2","1","3"
"服御珍膳靡丽","2","1","3"
"御珍膳靡丽难","2","1","3"
"珍膳靡丽难成","2","1","3"
"京师郡国四十","3","0","3"
"元年春正月甲","3","0","3"
"将军邓遵率南","2","1","3"
"辽将军耿夔讨","2","1","3"
"官死罪系囚减","2","1","3"
"乳母野王君王","1","2","3"
"青盖车迎帝入","2","1","3"
"盖车迎帝入南","2","1","3"
"车迎帝入南宫","2","1","3"
"能直言极谏者","3","0","3"
"二年春正月甲","3","0","3"
"羌校尉段颎追","3","0","3"
"校尉段颎追击","3","0","3"
"贲中郎将邓会","1","2","3"
"康元年春正月","1","2","3"
"先零羌寇三辅","3","0","3"
"元年春正月癸","3","0","3"
"中黄门孙程等","1","2","3"
"永建元年春正","1","2","3"
"帝崩玉堂前殿","3","0","3"
"先帝受命中兴","2","1","3"
"流人名数欲占","3","0","3"
"人名数欲占者","3","0","3"
"五年春二月庚","3","0","3"
"祠东海恭王陵","3","0","3"
"司奏立长秋宫","3","0","3"
"身长七尺二寸","1","2","3"
"选入掖庭贵人","3","0","3"
"太后兄大将军","1","2","3"
"征西将军耿秉","1","2","3"
"死罪入缣二十","1","2","3"
"罪入缣二十匹","1","2","3"
"官系囚减死罪","1","2","3"
"年春二月乙巳","3","0","3"
"假司马班超击","2","1","3"
"将他们全部消","0","3","3"
"他们全部消灭","0","3","3"
"天下幸运得很","0","3","3"
"汝南郡汝阳县","0","3","3"
"南郡汝阳县人","0","3","3"
"行这样一句话","0","3","3"
"异发生的原因","0","3","3"
"升为尚书仆射","0","3","3"
"到自己的封地","0","3","3"
"升为桂阳太守","0","3","3"
"他的妻子儿女","0","3","3"
"建武二十八年","0","3","3"
"与大将军窦武","0","3","3"
"五府都征召他","0","3","3"
"不能满足他的","0","3","3"
"将军东平王刘","0","3","3"
"军东平王刘苍","0","3","3"
"弟子自远方来","0","3","3"
"诏令公卿以下","0","3","3"
"尚书令以下都","0","3","3"
"骑将军窦宪出","0","3","3"
"与大司马吴汉","0","3","3"
"卢芳将领贾览","0","3","3"
"世祖讨伐河北","0","3","3"
"呈上大将军印","0","3","3"
"与征南大将军","0","3","3"
"与建威大将军","0","3","3"
"们的妻子儿女","0","3","3"
"召并州牧董卓","0","3","3"
"是怎样一个人","0","3","3"
"太傅马日石单","0","3","3"
"三分天下有其","0","3","3"
"分天下有其二","0","3","3"
"传父亲的学业","0","3","3"
"清河孝王刘庆","0","3","3"
"济北惠王刘寿","0","3","3"
"立十五年逝世","0","3","3"
"司隶校尉段赹","0","3","3"
"年立为皇太子","0","3","3"
"刘翼为平原王","0","3","3"
"河间王刘开子","0","3","3"
"太子为济阴王","0","3","3"
"有什么面目见","0","3","3"
"朝廷派御史中","0","3","3"
"廷派御史中丞","0","3","3"
"派御史中丞冯","0","3","3"
"太守邓显讨伐","0","3","3"
"所经过的地方","0","3","3"
"写信给公孙瓒","0","3","3"
"打败了公孙瓒","0","3","3"
"袁绍攻打公孙","0","3","3"
"绍攻打公孙瓒","0","3","3"
"千步兵和骑兵","0","3","3"
"伯升为大司徒","0","3","3"
"以列侯奉朝请","0","3","3"
"光武为大司马","0","3","3"
"不是刘氏宗室","0","3","3"
"三家都立博士","0","3","3"
"从前孝武皇帝","0","3","3"
"秦国攻打义渠","0","3","3"
"杀了一千多人","0","3","3"
"朝廷派中郎将","0","3","3"
"率领各郡的部","0","3","3"
"被朝廷用囚车","0","3","3"
"朝廷用囚车征","0","3","3"
"廷用囚车征召","0","3","3"
"率领左右羽林","0","3","3"
"领左右羽林军","0","3","3"
"益州刺史率领","0","3","3"
"州刺史率领板","0","3","3"
"没发生什么事","0","3","3"
"与他交为朋友","0","3","3"
"议大夫马日石","0","3","3"
"大夫马日石单","0","3","3"
"解除枷锁的刑","0","3","3"
"除枷锁的刑徒","0","3","3"
"派伏波将军马","0","3","3"
"将军马援率领","0","3","3"
"千寻迹而射的","0","3","3"
"千多个邑落的","0","3","3"
"鲜卑部族首领","0","3","3"
"辽东的鲜卑人","0","3","3"
"十多个城邑为","0","3","3"
"说话结结巴巴","0","3","3"
"不知怎么办才","0","3","3"
"知怎么办才好","0","3","3"
"帝的儿子刘子","0","3","3"
"的儿子刘子舆","0","3","3"
"琅笽太守陈俊","0","3","3"
"后来王莽篡位","0","3","3"
"经常有几百人","0","3","3"
"及光武于广阿","0","3","3"
"百姓流离失所","0","3","3"
"章帝回到洛阳","0","3","3"
"夫余王派儿子","0","3","3"
"于是上书给皇","0","3","3"
"是上书给皇帝","0","3","3"
"公卿以下官员","0","3","3"
"太尉马日石单","0","3","3"
"邯郸派来的使","0","3","3"
"郸派来的使者","0","3","3"
"家属流放到比","0","3","3"
"属流放到比景","0","3","3"
"光武帝到怀县","0","3","3"
"将军岑彭率领","0","3","3"
"六年春正月十","0","3","3"
"帝从长安回洛","0","3","3"
"从长安回洛阳","0","3","3"
"命令司隶校尉","0","3","3"
"派虎牙大将军","0","3","3"
"十月二十二日","0","3","3"
"王派使者进贡","0","3","3"
"打败公孙述将","0","3","3"
"四月二十五日","0","3","3"
"光武帝东巡视","0","3","3"
"武帝东巡视察","0","3","3"
"派儿子入朝侍","0","3","3"
"穷得无法生存","0","3","3"
"得无法生存的","0","3","3"
"皇太后诏令说","0","3","3"
"冬十月十七日","0","3","3"
"七月二十二日","0","3","3"
"淮阳王刘日丙","0","3","3"
"皇帝加冠于首","0","3","3"
"赏赐公卿以下","0","3","3"
"年春正月十一","0","3","3"
"户籍及流民自","0","3","3"
"二月二十二日","0","3","3"
"年春正月十三","0","3","3"
"春正月十三日","0","3","3"
"部为属国都尉","0","3","3"
"死罪以下及逃","0","3","3"
"罪以下及逃亡","0","3","3"
"以下及逃亡的","0","3","3"
"十二月十八日","0","3","3"
"京师及郡国四","0","3","3"
"师及郡国四十","0","3","3"
"郡兵讨伐打败","0","3","3"
"子或同母兄弟","0","3","3"
"同母兄弟的儿","0","3","3"
"母兄弟的儿子","0","3","3"
"春正月二十四","0","3","3"
"正月二十四日","0","3","3"
"实行三年丧服","0","3","3"
"京师及郡国十","0","3","3"
"年春二月十三","0","3","3"
"春二月十三日","0","3","3"
"二年春正月十","0","3","3"
"彗星出现于东","0","3","3"
"二月二十六日","0","3","3"
"任太常胡广为","0","3","3"
"六年春二月十","0","3","3"
"先零羌寇掠三","0","3","3"
"零羌寇掠三辅","0","3","3"
"马日石单为太","0","3","3"
"于二十八宿之","0","3","3"
"年春正月初六","0","3","3"
"夏四月二十三","0","3","3"
"四月二十三日","0","3","3"
"二月二十四日","0","3","3"
"力田每人二级","0","3","3"
"三月二十九日","0","3","3"
"国中都官对系","0","3","3"
"中都官对系囚","0","3","3"
"十一月十一日","0","3","3"
"帝在玉堂前殿","0","3","3"
"在玉堂前殿逝","0","3","3"
"玉堂前殿逝世","0","3","3"
"能兴云致雨的","0","3","3"
"夏四月二十四","0","3","3"
"四月二十四日","0","3","3"
"祭祀东海恭王","0","3","3"
"祀东海恭王陵","0","3","3"
"五年春二月初","0","3","3"
"脚至髡钳城旦","0","3","3"
"至髡钳城旦舂","0","3","3"
"选入掖庭为贵","0","3","3"
"稍迁冀州刺史","2","0","2"
"耆儒年六十上","2","0","2"
"广陵孝廉徐淑","1","1","2"
"济阴太守胡广","1","1","2"
"阴太守胡广等","1","1","2"
"太守胡广等十","1","1","2"
"下邳陈球等三","1","1","2"
"邳陈球等三十","1","1","2"
"陈球等三十余","1","1","2"
"球等三十余人","1","1","2"
"孝安皇帝封江","1","1","2"
"安皇帝封江京","1","1","2"
"先帝时阿母王","1","1","2"
"帝时阿母王圣","1","1","2"
"先帝封野王君","1","1","2"
"郑武姜谋杀严","1","1","2"
"武姜谋杀严公","1","1","2"
"长乐少府朱伥","1","1","2"
"怀表上殿争功","1","1","2"
"仆射黄琼同心","1","1","2"
"射黄琼同心辅","1","1","2"
"黄琼同心辅政","1","1","2"
"坐德阳殿东厢","1","1","2"
"德阳殿东厢请","1","1","2"
"阳殿东厢请雨","1","1","2"
"尚书令成翊世","1","1","2"
"太常桓焉等七","1","1","2"
"常桓焉等七十","1","1","2"
"桓焉等七十人","1","1","2"
"谏议大夫吕勃","1","1","2"
"庶兄僖公代立","1","1","2"
"故光禄大夫周","1","1","2"
"使近臣儒者参","1","1","2"
"近臣儒者参考","1","1","2"
"臣儒者参考政","1","1","2"
"儒者参考政事","1","1","2"
"太中大夫薛包","1","1","2"
"处士巴郡黄错","1","1","2"
"司隶校尉祝恬","1","1","2"
"太中大夫边韶","1","1","2"
"中大夫边韶等","1","1","2"
"前白马令李云","1","1","2"
"引精兵十万南","1","1","2"
"精兵十万南渡","1","1","2"
"兵十万南渡黄","1","1","2"
"十万南渡黄淳","1","1","2"
"万南渡黄淳水","1","1","2"
"号柱天大将军","1","1","2"
"将军张拔剑击","1","1","2"
"军张拔剑击地","1","1","2"
"更始取伯升宝","1","1","2"
"始取伯升宝剑","1","1","2"
"衣御史申屠建","1","1","2"
"御史申屠建随","1","1","2"
"南顿君娶同郡","1","1","2"
"顿君娶同郡樊","1","1","2"
"君娶同郡樊重","1","1","2"
"娶同郡樊重女","1","1","2"
"元帝初元四年","1","1","2"
"族兄安众侯刘","1","1","2"
"兄安众侯刘崇","1","1","2"
"祉娶高陵侯翟","1","1","2"
"娶高陵侯翟宣","1","1","2"
"高陵侯翟宣女","1","1","2"
"上城阳王玺绶","1","1","2"
"列侯奉先人祭","1","1","2"
"侯奉先人祭祀","1","1","2"
"终诱杀湖阳尉","1","1","2"
"大司徒邓禹府","1","1","2"
"决曹史杨邑等","1","1","2"
"阳武令张汜上","1","1","2"
"时入掖庭贵人","2","0","2"
"马都尉耿秉北","1","1","2"
"都尉耿秉北征","1","1","2"
"尉耿秉北征匈","1","1","2"
"耿秉北征匈奴","1","1","2"
"太守第五伦举","1","1","2"
"悼惠王子孝王","1","1","2"
"惠王子孝王将","1","1","2"
"王子孝王将闾","1","1","2"
"少子封牟平侯","1","1","2"
"考城令河内王","1","1","2"
"城令河内王涣","1","1","2"
"京师英雄四集","1","1","2"
"一虎低头闭目","1","1","2"
"诏公卿举贤良","1","1","2"
"公卿举贤良方","1","1","2"
"颍阴令勃海苑","1","1","2"
"阴令勃海苑康","1","1","2"
"大将军窦武谋","1","1","2"
"孝道克称火德","1","1","2"
"东将军曹操府","1","1","2"
"少府孔融侍讲","1","1","2"
"时中常侍侯览","2","0","2"
"中常侍侯览托","1","1","2"
"常侍侯览托太","1","1","2"
"侍侯览托太守","1","1","2"
"侯览托太守高","1","1","2"
"览托太守高伦","1","1","2"
"郡中士大夫送","1","1","2"
"发愤著书数万","1","1","2"
"愤著书数万言","1","1","2"
"光武特诏御史","1","1","2"
"武特诏御史中","1","1","2"
"特诏御史中丞","1","1","2"
"明府位尊德重","1","1","2"
"居中东门候舍","1","1","2"
"舂陵侯敞同产","2","0","2"
"陵侯敞同产弟","2","0","2"
"轻黠游荡废业","1","1","2"
"河南太守同郡","1","1","2"
"南太守同郡陈","1","1","2"
"太守同郡陈遵","1","1","2"
"前将军邓禹西","1","1","2"
"将军邓禹西征","1","1","2"
"军邓禹西征关","1","1","2"
"邓禹西征关中","1","1","2"
"教授诸生千余","2","0","2"
"授诸生千余人","2","0","2"
"子孙邑中徭役","1","1","2"
"公孙弘身服布","1","1","2"
"王良处位优重","1","1","2"
"氏张竦父子喜","1","1","2"
"张竦父子喜文","1","1","2"
"竦父子喜文采","1","1","2"
"杜伯山天子所","1","1","2"
"叔齐耻食周粟","1","1","2"
"帝亲临丧送葬","2","0","2"
"大司马严尤请","1","1","2"
"大司马吴汉辟","2","0","2"
"坐考陇西太守","2","0","2"
"考陇西太守邓","2","0","2"
"西太守邓融事","1","1","2"
"军东平王苍闻","2","0","2"
"东平王苍闻辟","2","0","2"
"信阳侯阴就干","1","1","2"
"车府令徐匡钩","1","1","2"
"大鸿胪魏应代","1","1","2"
"前安邑令毛义","1","1","2"
"常八月长吏存","2","0","2"
"八月长吏存问","2","0","2"
"帝东巡过任城","1","1","2"
"印绶符策付县","1","1","2"
"阴贵人生梁节","1","1","2"
"贵人生梁节王","1","1","2"
"三公上言江陵","1","1","2"
"恭立四十六年","1","1","2"
"掖庭技人哀置","1","1","2"
"中山简王傅婢","1","1","2"
"山简王傅婢李","1","1","2"
"简王傅婢李羽","1","1","2"
"王傅婢李羽生","1","1","2"
"立二十五年薨","2","0","2"
"连上书相告言","1","1","2"
"衍立五十四年","1","1","2"
"言能见鬼神事","1","1","2"
"小妻三十七人","1","1","2"
"尚书陈忠上疏","1","1","2"
"书陈忠上疏荐","1","1","2"
"更始柱功侯李","1","1","2"
"始柱功侯李宝","1","1","2"
"柱功侯李宝所","1","1","2"
"功侯李宝所破","1","1","2"
"更始邓王廖湛","1","1","2"
"置大司农六部","1","1","2"
"大司农六部丞","1","1","2"
"素服亲临送葬","1","1","2"
"讼人许伯等争","1","1","2"
"人许伯等争田","1","1","2"
"中牟名士王方","1","1","2"
"盛夏征召农人","1","1","2"
"命令止四方行","1","1","2"
"令止四方行者","1","1","2"
"十二月阳气潜","1","1","2"
"列卿郡守者数","1","1","2"
"卿郡守者数十","1","1","2"
"郡守者数十人","1","1","2"
"田间奔入宛城","1","1","2"
"白刃劫诸妇女","1","1","2"
"晖望见少府主","1","1","2"
"望见少府主簿","1","1","2"
"武帝时所谓均","1","1","2"
"帝时所谓均输","1","1","2"
"诏使直事郎问","1","1","2"
"窦宪北征匈奴","1","1","2"
"年九月天气郁","1","1","2"
"天地顺道渐渍","1","1","2"
"皇帝选置师傅","1","1","2"
"小心忠笃敦礼","1","1","2"
"年严鲔谋立清","1","1","2"
"严鲔谋立清河","1","1","2"
"鲔谋立清河王","1","1","2"
"谋立清河王蒜","1","1","2"
"同郡赵康叔盛","1","1","2"
"陈胜奋臂一呼","1","1","2"
"顺烈皇后初政","1","1","2"
"烈皇后初政清","1","1","2"
"皇后初政清静","1","1","2"
"减省第宅园池","1","1","2"
"伏见施刑徒朱","1","1","2"
"见施刑徒朱穆","1","1","2"
"中常侍参选士","1","1","2"
"常侍参选士人","1","1","2"
"更选海内清淳","1","1","2"
"黄门侍郎一人","1","1","2"
"博选耆儒宿德","1","1","2"
"太守第五伦代","1","1","2"
"骑将军窦宪征","2","0","2"
"将军窦宪征匈","2","0","2"
"军窦宪征匈奴","2","0","2"
"时河南尹王调","1","1","2"
"陛下思慕山陵","1","1","2"
"门生何融等上","1","1","2"
"生何融等上书","1","1","2"
"何融等上书陈","1","1","2"
"时齐殇王子都","1","1","2"
"王子都乡侯暢","2","0","2"
"窦宪车骑将军","2","0","2"
"皇太后损文母","1","1","2"
"儒术大吏案行","1","1","2"
"术大吏案行属","1","1","2"
"大吏案行属县","1","1","2"
"邓皇后上太傅","1","1","2"
"皇后上太傅禹","1","1","2"
"后上太傅禹冢","1","1","2"
"祐黄金三十斤","1","1","2"
"骑都尉臧宫会","1","1","2"
"都尉臧宫会击","1","1","2"
"尉臧宫会击延","1","1","2"
"臧宫会击延岑","1","1","2"
"宫会击延岑余","1","1","2"
"会击延岑余党","1","1","2"
"击延岑余党阴","1","1","2"
"外孙阴皇后巫","1","1","2"
"孙阴皇后巫蛊","1","1","2"
"阴皇后巫蛊事","1","1","2"
"王莽时举四科","1","1","2"
"朔调连率副贰","1","1","2"
"击王郎将宏","2","0","2"
"平狄将军孙咸","1","1","2"
"旧制骠骑将军","1","1","2"
"制骠骑将军官","1","1","2"
"陕贼苏况攻破","1","1","2"
"贼苏况攻破弘","1","1","2"
"苏况攻破弘农","1","1","2"
"尚书宗广持节","2","0","2"
"大将军杜茂击","1","1","2"
"将军杜茂击佼","1","1","2"
"中郎将王梁击","1","1","2"
"郎将王梁击五","1","1","2"
"将王梁击五校","1","1","2"
"王梁击五校贼","1","1","2"
"持节大将三十","1","1","2"
"茂率捕虏将军","1","1","2"
"率捕虏将军马","1","1","2"
"虏将军马武进","1","1","2"
"将军马武进攻","1","1","2"
"军马武进攻西","1","1","2"
"马武进攻西防","1","1","2"
"雁门太守郭凉","1","1","2"
"遣谒者段忠将","1","1","2"
"定封参蘧乡侯","1","1","2"
"率武威将军刘","1","1","2"
"将军刘尚等破","1","1","2"
"军刘尚等破河","1","1","2"
"刘尚等破河池","1","1","2"
"成行大司空事","2","0","2"
"代骠骑大将军","1","1","2"
"冯异共拒朱鲔","1","1","2"
"诏下州郡检核","2","0","2"
"帝见陈留吏牍","1","1","2"
"见陈留吏牍上","1","1","2"
"帝令虎贲将诘","1","1","2"
"令虎贲将诘问","1","1","2"
"中郎将副伏波","1","1","2"
"郎将副伏波将","1","1","2"
"将副伏波将军","1","1","2"
"副伏波将军马","1","1","2"
"波将军马援击","1","1","2"
"将军马援击交","1","1","2"
"宾客十余人北","1","1","2"
"客十余人北追","1","1","2"
"大将军岑彭击","1","1","2"
"将军岑彭击破","1","1","2"
"军岑彭击破秦","1","1","2"
"岑彭击破秦丰","1","1","2"
"大将军朱祐乘","1","1","2"
"获南阳太守刘","1","1","2"
"高密侯邓禹先","1","1","2"
"必先遍赐列侯","1","1","2"
"监军使者窦固","1","1","2"
"右辅都尉陈讠","1","1","2"
"辅都尉陈讠斤","1","1","2"
"凉州诸郡羌胡","1","1","2"
"州诸郡羌胡兵","1","1","2"
"斩首四千六百","1","1","2"
"首四千六百级","1","1","2"
"中兴二十八将","1","1","2"
"光武遣吴汉诛","1","1","2"
"武遣吴汉诛更","1","1","2"
"遣吴汉诛更始","1","1","2"
"吴汉诛更始幽","1","1","2"
"汉诛更始幽州","1","1","2"
"诛更始幽州牧","1","1","2"
"大将军幽州牧","1","1","2"
"州中名宿涿郡","1","1","2"
"中名宿涿郡王","1","1","2"
"名宿涿郡王岑","1","1","2"
"王莽时故吏二","1","1","2"
"莽时故吏二千","1","1","2"
"时故吏二千石","1","1","2"
"多发诸郡仓谷","1","1","2"
"伯通独中风狂","1","1","2"
"通独中风狂走","1","1","2"
"遣游击将军邓","2","0","2"
"会上谷太守耿","2","0","2"
"尚书令侯霸奏","1","1","2"
"粲然黑白分明","1","1","2"
"守宰数见换易","1","1","2"
"州牧奏二千石","1","1","2"
"牧奏二千石长","1","1","2"
"奏二千石长吏","1","1","2"
"愿陛下留心千","1","1","2"
"陛下留心千里","1","1","2"
"陛下尊敬先圣","1","1","2"
"日车驾亲临观","1","1","2"
"车驾亲临观飨","1","1","2"
"诏书更试五人","1","1","2"
"朱买臣难公孙","1","1","2"
"买臣难公孙弘","1","1","2"
"臣难公孙弘十","1","1","2"
"难公孙弘十策","1","1","2"
"时湖阳大姓虞","1","1","2"
"湖阳大姓虞都","1","1","2"
"阳大姓虞都尉","1","1","2"
"大姓虞都尉反","1","1","2"
"姓虞都尉反城","1","1","2"
"虞都尉反城称","1","1","2"
"都尉反城称兵","1","1","2"
"郏贼延褒等众","1","1","2"
"贼延褒等众三","1","1","2"
"延褒等众三千","1","1","2"
"鲂率吏士七十","1","1","2"
"鲂性矜严公正","1","1","2"
"贵人魏氏宾客","1","1","2"
"人魏氏宾客放","1","1","2"
"高帝母昭灵后","1","1","2"
"帝母昭灵后园","1","1","2"
"母昭灵后园陵","1","1","2"
"陈留督邮虞延","1","1","2"
"新野功曹邓衍","1","1","2"
"人特赐舆马衣","1","1","2"
"特赐舆马衣服","1","1","2"
"同郡河东太守","1","1","2"
"郡河东太守焦","1","1","2"
"河东太守焦贶","1","1","2"
"满补县长令史","1","1","2"
"补县长令史丞","1","1","2"
"县长令史丞尉","1","1","2"
"奏尚书张林阿","1","1","2"
"褐巾布衣素棺","1","1","2"
"巾布衣素棺殡","1","1","2"
"布衣素棺殡殓","1","1","2"
"时中常侍郑众","1","1","2"
"帝兄清河孝王","1","1","2"
"骑将军邓骘兄","1","1","2"
"将军邓骘兄弟","1","1","2"
"虎狼盗贼所害","1","1","2"
"同郡戴良才高","1","1","2"
"郡戴良才高倨","1","1","2"
"戴良才高倨傲","1","1","2"
"郭林宗少游汝","1","1","2"
"林宗少游汝南","1","1","2"
"仆射胡广等上","1","1","2"
"射胡广等上疏","1","1","2"
"胡广等上疏荐","1","1","2"
"四方名士郭林","1","1","2"
"方名士郭林宗","1","1","2"
"名士郭林宗等","1","1","2"
"士郭林宗等数","1","1","2"
"郭林宗等数十","1","1","2"
"林宗等数十人","1","1","2"
"南州高士徐孺","1","1","2"
"州高士徐孺子","1","1","2"
"二弟名声相次","1","1","2"
"常侍曹节等专","1","1","2"
"侍曹节等专执","1","1","2"
"曹节等专执朝","1","1","2"
"节等专执朝事","1","1","2"
"弟子陈留刘操","1","1","2"
"子陈留刘操追","1","1","2"
"陈留刘操追慕","1","1","2"
"申屠蟠禀气玄","1","1","2"
"屠蟠禀气玄妙","1","1","2"
"济阴王子居同","1","1","2"
"京师游士汝南","1","1","2"
"师游士汝南范","1","1","2"
"游士汝南范滂","1","1","2"
"士汝南范滂等","1","1","2"
"大将军何进连","1","1","2"
"陈纪等十四人","1","1","2"
"公卿多遇兵饥","1","1","2"
"大将军何进辅","1","1","2"
"将军何进辅政","1","1","2"
"孔公绪清谈高","1","1","2"
"公绪清谈高论","1","1","2"
"李君通家子弟","1","1","2"
"先人李老君同","1","1","2"
"人李老君同德","1","1","2"
"太中大夫陈炜","1","1","2"
"中大夫陈炜后","1","1","2"
"东莱太史慈求","1","1","2"
"莱太史慈求救","1","1","2"
"鸿豫名实相副","1","1","2"
"敢枉官平哉忠","2","0","2"
"枉官平哉忠非","2","0","2"
"官平哉忠非三","2","0","2"
"平哉忠非三闾","2","0","2"
"使持节侍中守","1","1","2"
"持节侍中守尚","1","1","2"
"节侍中守尚书","1","1","2"
"侍中守尚书令","1","1","2"
"中守尚书令万","1","1","2"
"守尚书令万岁","1","1","2"
"尚书令万岁亭","1","1","2"
"书令万岁亭侯","1","1","2"
"武王未知天命","2","0","2"
"嚣遣子恂入侍","2","0","2"
"侍御史杜林先","1","1","2"
"昭公十七年夏","1","1","2"
"公十七年夏六","1","1","2"
"十七年夏六月","1","1","2"
"七年夏六月甲","1","1","2"
"举渔阳太守郭","1","1","2"
"渔阳太守郭亻","1","1","2"
"征南将军岑彭","1","1","2"
"岑彭刺客所杀","2","0","2"
"兴奉使私买奴","1","1","2"
"奉使私买奴婢","1","1","2"
"王莽大司空王","2","0","2"
"莽大司空王邑","2","0","2"
"大司空王邑辟","2","0","2"
"山阳太守吕羌","1","1","2"
"太中大夫许淑","1","1","2"
"中大夫许淑等","1","1","2"
"大夫许淑等互","1","1","2"
"夫许淑等互相","1","1","2"
"许淑等互相辩","1","1","2"
"淑等互相辩难","1","1","2"
"陛下草创天下","1","1","2"
"愿陛下疑先帝","1","1","2"
"陛下拨乱反正","1","1","2"
"固执虚言传受","1","1","2"
"所谓小辩破言","1","1","2"
"太常选博士四","1","1","2"
"常选博士四人","1","1","2"
"大司农江冯上","1","1","2"
"司农江冯上言","1","1","2"
"司隶校尉督察","1","1","2"
"隶校尉督察三","1","1","2"
"校尉督察三公","1","1","2"
"司徒欧阳歙府","1","1","2"
"问临邑侯刘复","1","1","2"
"逵所著经传义","1","1","2"
"所著经传义诂","1","1","2"
"严氏公羊春秋","1","1","2"
"郡人处士顾奉","1","1","2"
"后兄虎贲中郎","1","1","2"
"诸儒门人追录","1","1","2"
"宋贵人生清河","1","1","2"
"贵人生清河孝","1","1","2"
"人生清河孝王","1","1","2"
"申贵人生济北","1","1","2"
"贵人生济北惠","1","1","2"
"人生济北惠王","1","1","2"
"立桓帝弟蠡吾","1","1","2"
"桓帝弟蠡吾侯","1","1","2"
"帝弟蠡吾侯悝","2","0","2"
"弟蠡吾侯悝勃","2","0","2"
"蠡吾侯悝勃海","2","0","2"
"吾侯悝勃海王","2","0","2"
"中常侍王甫求","2","0","2"
"使尚书令廉忠","1","1","2"
"遣大鸿胪持节","1","1","2"
"嫡后事正义明","1","1","2"
"使小黄门蔡伦","1","1","2"
"小黄门蔡伦考","1","1","2"
"左冯翊沛国刘","1","1","2"
"冯翊沛国刘均","1","1","2"
"翊沛国刘均等","1","1","2"
"沛国刘均等奔","1","1","2"
"国刘均等奔走","1","1","2"
"刘均等奔走解","1","1","2"
"均等奔走解释","1","1","2"
"帝移幸北宫章","1","1","2"
"移幸北宫章德","1","1","2"
"幸北宫章德殿","1","1","2"
"遣诸王侯就国","1","1","2"
"清河王置中尉","1","1","2"
"中黄门送耿姬","1","1","2"
"黄门送耿姬归","1","1","2"
"使长乐谒者仆","1","1","2"
"长乐谒者仆射","1","1","2"
"皇妣左氏曰孝","2","0","2"
"妣左氏曰孝德","2","0","2"
"孝德皇母宋贵","1","1","2"
"德皇母宋贵人","1","1","2"
"皇母宋贵人追","1","1","2"
"母宋贵人追谥","1","1","2"
"大鸿胪奉策书","1","1","2"
"鸿胪奉策书玺","1","1","2"
"胪奉策书玺绶","1","1","2"
"护礼仪侍中刘","1","1","2"
"礼仪侍中刘珍","1","1","2"
"仪侍中刘珍等","1","1","2"
"孝德后异母弟","1","1","2"
"延平立三十五","1","1","2"
"平立三十五年","1","1","2"
"朝臣太尉李固","1","1","2"
"臣太尉李固等","1","1","2"
"南郡妖贼刘鲔","1","1","2"
"寿立三十一年","1","1","2"
"开立四十二年","1","1","2"
"侍御史吴郡沈","1","1","2"
"御史吴郡沈景","1","1","2"
"陔立四十一年","1","1","2"
"元初六年邓太","1","1","2"
"初六年邓太后","1","1","2"
"六年邓太后征","1","1","2"
"中常侍江京等","1","1","2"
"使司徒持节奉","1","1","2"
"徒持节奉策书","1","1","2"
"封帝弟都乡侯","1","1","2"
"夫人马氏孝崇","2","0","2"
"氏孝崇博园贵","2","0","2"
"夫人董氏慎园","2","0","2"
"人董氏慎园贵","2","0","2"
"董氏慎园贵人","2","0","2"
"永元二年分济","1","1","2"
"元二年分济阴","1","1","2"
"邓太后立乐安","1","1","2"
"太后立乐安夷","1","1","2"
"后立乐安夷王","1","1","2"
"辟大将军邓骘","1","1","2"
"大将军邓骘府","1","1","2"
"五迁尚书仆射","2","0","2"
"尚书辩正疑狱","1","1","2"
"安帝废皇太子","1","1","2"
"皇太子济阴王","2","0","2"
"时清河赵腾上","1","1","2"
"陵贼张婴等众","1","1","2"
"贼张婴等众数","1","1","2"
"张婴等众数万","1","1","2"
"婴等众数万人","1","1","2"
"故广陵太守张","1","1","2"
"广陵太守张纲","1","1","2"
"引进郡人黄宪","1","1","2"
"龚深疾宦官专","1","1","2"
"深疾宦官专权","1","1","2"
"大将军梁商特","1","1","2"
"将军梁商特辟","1","1","2"
"同郡刘表时年","1","1","2"
"郡刘表时年十","1","1","2"
"刘表时年十七","1","1","2"
"蘧伯玉耻独君","2","0","2"
"伯玉耻独君子","2","0","2"
"时河南尹田歆","1","1","2"
"八使光禄大夫","1","1","2"
"使光禄大夫杜","1","1","2"
"蜀郡太守刘宣","1","1","2"
"郡太守刘宣等","1","1","2"
"四府条举近臣","1","1","2"
"府条举近臣父","1","1","2"
"条举近臣父兄","1","1","2"
"时永昌太守冶","1","1","2"
"永昌太守冶铸","1","1","2"
"昌太守冶铸黄","1","1","2"
"太守冶铸黄金","1","1","2"
"巴郡人服直聚","1","1","2"
"太守应承讨捕","1","1","2"
"太尉李固上疏","1","1","2"
"尉李固上疏救","1","1","2"
"迁使匈奴中郎","2","0","2"
"辽东乌桓反叛","1","1","2"
"后司隶校尉举","1","1","2"
"百官多避兵冲","1","1","2"
"谏议大夫马宇","1","1","2"
"议大夫马宇共","1","1","2"
"大夫马宇共攻","1","1","2"
"夫马宇共攻李","1","1","2"
"冯贵人配礻付","1","1","2"
"令中常侍赵忠","1","1","2"
"中常侍赵忠监","1","1","2"
"长乐太后尊号","1","1","2"
"大将军窦武同","1","1","2"
"将军窦武同谋","1","1","2"
"永乐太后所亲","1","1","2"
"乐太后所亲知","1","1","2"
"步兵校尉刘纳","1","1","2"
"永乐少府陈球","1","1","2"
"司徒邓禹西征","1","1","2"
"大将军冯异共","1","1","2"
"将军冯异共击","1","1","2"
"军冯异共击关","1","1","2"
"冯异共击关中","1","1","2"
"异共击关中诸","1","1","2"
"共击关中诸营","1","1","2"
"击关中诸营保","1","1","2"
"颍川桑中盗贼","1","1","2"
"川桑中盗贼群","1","1","2"
"贼张伯路等三","1","1","2"
"张伯路等三千","1","1","2"
"遣侍御史庞雄","2","0","2"
"御史庞雄督州","2","0","2"
"平原刘文河等","1","1","2"
"原刘文河等三","1","1","2"
"刘文河等三百","1","1","2"
"遣御史中丞王","2","0","2"
"东莱郡兵独未","1","1","2"
"莱郡兵独未解","1","1","2"
"辽东人李久等","1","1","2"
"东人李久等共","1","1","2"
"周生等相聚反","1","1","2"
"遣御史中丞冯","2","0","2"
"陵贼张婴等复","2","0","2"
"中郎将赵序助","1","1","2"
"郎将赵序助冯","1","1","2"
"将赵序助冯绲","1","1","2"
"余众攻烧东城","1","1","2"
"众攻烧东城县","1","1","2"
"下邳人谢安应","2","0","2"
"邳人谢安应募","2","0","2"
"孟等三千八百","1","1","2"
"时玄菟太守姚","1","1","2"
"辽东都尉庞奋","1","1","2"
"东都尉庞奋使","1","1","2"
"扬州诸郡军事","1","1","2"
"中郎将滕抚击","1","1","2"
"中常侍一人监","1","1","2"
"进击武陵蛮夷","1","1","2"
"监军使者张敞","1","1","2"
"绲将傅婢二人","1","1","2"
"将傅婢二人戎","1","1","2"
"傅婢二人戎服","1","1","2"
"江陵刻石纪功","1","1","2"
"故车骑将军单","1","1","2"
"宦者同郡侯览","1","1","2"
"时冀州刺史朱","1","1","2"
"冀州刺史朱穆","1","1","2"
"苍梧太守望风","1","1","2"
"梧太守望风逃","1","1","2"
"遣御史中丞盛","2","0","2"
"史中丞盛修募","1","1","2"
"中丞盛修募兵","1","1","2"
"丞盛修募兵讨","1","1","2"
"豫章艾县人六","1","1","2"
"章艾县人六百","1","1","2"
"艾县人六百余","1","1","2"
"县人六百余人","1","1","2"
"督荆州刺史刘","1","1","2"
"尚穷追数百里","1","1","2"
"潘鸿作贼十年","1","1","2"
"桂阳贼胡兰等","1","1","2"
"阳贼胡兰等三","1","1","2"
"贼胡兰等三千","1","1","2"
"太守任胤弃城","1","1","2"
"二万六千人救","1","1","2"
"深林远薮椎髻","1","1","2"
"林远薮椎髻鸟","1","1","2"
"远薮椎髻鸟语","1","1","2"
"击太山贼公孙","1","1","2"
"封乌程东乡侯","1","1","2"
"桓帝下诏追增","1","1","2"
"帝下诏追增封","1","1","2"
"下诏追增封徐","1","1","2"
"诏追增封徐五","1","1","2"
"追增封徐五百","1","1","2"
"增封徐五百户","1","1","2"
"前长沙贼胡兰","1","1","2"
"长沙贼胡兰作","1","1","2"
"沙贼胡兰作难","1","1","2"
"贼胡兰作难荆","1","1","2"
"胡兰作难荆州","1","1","2"
"乌伤新阳乡侯","1","1","2"
"使后车弓弩乱","2","0","2"
"荆州刺史赵凯","1","1","2"
"尚书令张温特","1","1","2"
"诸王公列侯庙","1","1","2"
"王公列侯庙会","1","1","2"
"谛定昭穆尊卑","1","1","2"
"孝武太山明堂","1","1","2"
"武太山明堂制","1","1","2"
"太山明堂制度","1","1","2"
"受诏议立七郊","1","1","2"
"汉世礼乐文雅","1","1","2"
"陈留太守马严","1","1","2"
"诏召玄武司马","1","1","2"
"召玄武司马班","1","1","2"
"玄武司马班固","1","1","2"
"东观尽心集作","1","1","2"
"年十二月奏上","1","1","2"
"褒监羽林左骑","1","1","2"
"尚书张敏等奏","1","1","2"
"书张敏等奏褒","1","1","2"
"张敏等奏褒擅","1","1","2"
"同郡孙嵩等四","1","1","2"
"郡孙嵩等四十","1","1","2"
"答北地太守刘","1","1","2"
"大将军何进闻","2","0","2"
"谒者仆射邓公","1","1","2"
"董卓迁都长安","1","1","2"
"山太守应中远","1","1","2"
"驳许慎五经异","1","1","2"
"许慎五经异义","1","1","2"
"答临孝存周礼","1","1","2"
"临孝存周礼难","1","1","2"
"郗虑御史大夫","2","0","2"
"武威太守孟云","1","1","2"
"威太守孟云上","1","1","2"
"太守孟云上书","1","1","2"
"左鹿蠡王阿佟","1","1","2"
"光禄勋耿秉等","1","1","2"
"禄勋耿秉等十","1","1","2"
"勋耿秉等十人","1","1","2"
"降者十余万人","2","0","2"
"一亿九十余万","1","1","2"
"七千四百八十","1","1","2"
"千四百八十万","1","1","2"
"右鹿蠡王於除","1","1","2"
"令入授皇太子","2","0","2"
"赐装钱三十万","1","1","2"
"檄言执金吾府","1","1","2"
"缇骑侯海等五","1","1","2"
"骑侯海等五百","1","1","2"
"侯海等五百人","1","1","2"
"部吏杨章等穷","1","1","2"
"吏杨章等穷究","1","1","2"
"荐魏郡太守徐","1","1","2"
"魏郡太守徐防","1","1","2"
"郡太守徐防代","1","1","2"
"使中黄门问病","1","1","2"
"司隶校尉晏称","1","1","2"
"隶校尉晏称会","1","1","2"
"左中郎将何敞","1","1","2"
"陈宠济南椎成","1","1","2"
"人刺杀齐殇王","1","1","2"
"尚书左丞王龙","1","1","2"
"荐举良吏应顺","1","1","2"
"辟大将军何进","2","0","2"
"大将军何进掾","2","0","2"
"骠骑将军张济","1","1","2"
"长沙太守张羡","1","1","2"
"沙太守张羡率","1","1","2"
"琮娶后妻蔡氏","1","1","2"
"琅邪人诸葛亮","1","1","2"
"将江夏太守黄","1","1","2"
"东曹掾傅巽等","1","1","2"
"诚刘备足御曹","2","0","2"
"刘备足御曹公","2","0","2"
"初置西园八校","2","0","2"
"济北相鲍信等","1","1","2"
"将作大匠吴循","1","1","2"
"冀州刺史严纲","1","1","2"
"寇恂争相危害","2","0","2"
"入朝歌鹿肠山","1","1","2"
"朝歌鹿肠山苍","1","1","2"
"歌鹿肠山苍岩","1","1","2"
"鹿肠山苍岩谷","1","1","2"
"大将军何进忠","1","1","2"
"将作大匠孔融","1","1","2"
"作大匠孔融持","1","1","2"
"左将军刘备杀","1","1","2"
"徐州刺史车胄","1","1","2"
"牧守令长子弟","1","1","2"
"牧守长吏子弟","1","1","2"
"季等数千人攻","1","1","2"
"等数千人攻杀","1","1","2"
"数千人攻杀长","1","1","2"
"千人攻杀长吏","1","1","2"
"诩使二十强弩","1","1","2"
"使二十强弩共","1","1","2"
"二十强弩共射","1","1","2"
"十强弩共射一","1","1","2"
"强弩共射一人","1","1","2"
"谪罚吏人数千","1","1","2"
"罚吏人数千万","1","1","2"
"诏会公卿百官","1","1","2"
"割弃一方万里","1","1","2"
"赵忠车骑将军","2","0","2"
"执金吾甄举等","1","1","2"
"刺史耿鄙委任","1","1","2"
"史耿鄙委任治","1","1","2"
"耿鄙委任治中","1","1","2"
"鄙委任治中程","1","1","2"
"委任治中程球","1","1","2"
"酒泉太守黄衍","1","1","2"
"武威太守倚恃","1","1","2"
"凉州刺史梁鹄","1","1","2"
"护羌校尉夏育","1","1","2"
"句就种羌滇吾","1","1","2"
"佐军校尉袁绍","1","1","2"
"军校尉袁绍同","1","1","2"
"司隶校尉张温","1","1","2"
"隶校尉张温举","1","1","2"
"时小黄门京兆","1","1","2"
"小黄门京兆高","1","1","2"
"黄门京兆高望","1","1","2"
"将军皇甫嵩精","1","1","2"
"军皇甫嵩精兵","1","1","2"
"皇甫嵩精兵三","1","1","2"
"甫嵩精兵三万","1","1","2"
"卓问司徒王允","1","1","2"
"会稽妖贼许昭","1","1","2"
"讨虏校尉公孙","1","1","2"
"男女七八十人","1","1","2"
"见将军呼张陈","1","1","2"
"将军呼张陈留","1","1","2"
"避世墙东王君","1","1","2"
"世墙东王君公","1","1","2"
"博士范升奏毁","1","1","2"
"同郡谭贤伯升","1","1","2"
"雁门殷谟君长","1","1","2"
"将作大匠任隗","1","1","2"
"作大匠任隗举","1","1","2"
"狐兔燕雀所敢","1","1","2"
"食客常三四百","1","1","2"
"客常三四百人","1","1","2"
"关东大豪戴子","1","1","2"
"东大豪戴子高","1","1","2"
"同郡谢季孝问","1","1","2"
"陈留范冉等数","1","1","2"
"留范冉等数百","1","1","2"
"范冉等数百人","1","1","2"
"臣愿圣朝就加","1","1","2"
"尚书郎南阳张","1","1","2"
"书郎南阳张温","1","1","2"
"守外黄令陈留","1","1","2"
"妻子登鹿门山","1","1","2"
"关西孔子杨伯","1","1","2"
"荆州茂才王密","1","1","2"
"名士陈留杨伦","1","1","2"
"士陈留杨伦等","1","1","2"
"故朝阳侯刘护","2","0","2"
"朝阳侯刘护兄","2","0","2"
"阳侯刘护兄瑰","2","0","2"
"帝舅大鸿胪耿","1","1","2"
"舅大鸿胪耿宝","1","1","2"
"大鸿胪耿宝荐","1","1","2"
"鸿胪耿宝荐中","1","1","2"
"胪耿宝荐中常","1","1","2"
"耿宝荐中常侍","1","1","2"
"宝荐中常侍李","1","1","2"
"李常侍国家所","1","1","2"
"常侍国家所重","1","1","2"
"后兄执金吾阎","1","1","2"
"兄执金吾阎显","1","1","2"
"王永等分威共","1","1","2"
"永等分威共权","1","1","2"
"年十二月四日","1","1","2"
"请大将军耿宝","1","1","2"
"大将军耿宝奏","1","1","2"
"弘农太守移良","1","1","2"
"震诸子代邮行","1","1","2"
"诸子代邮行书","1","1","2"
"校书郎班固等","1","1","2"
"鲁文公毁泉台","1","1","2"
"诏将大夫六百","1","1","2"
"将大夫六百石","1","1","2"
"忌故太史令孙","1","1","2"
"故太史令孙懿","1","1","2"
"追感祖母宋贵","1","1","2"
"感祖母宋贵人","1","1","2"
"尚书令高堂芝","1","1","2"
"书令高堂芝等","1","1","2"
"令高堂芝等交","1","1","2"
"高堂芝等交通","1","1","2"
"堂芝等交通属","1","1","2"
"芝等交通属托","1","1","2"
"河南张楷等谋","1","1","2"
"南张楷等谋反","1","1","2"
"孝文皇帝始置","1","1","2"
"文皇帝始置一","1","1","2"
"皇帝始置一经","1","1","2"
"帝始置一经博","1","1","2"
"始置一经博士","1","1","2"
"武帝大合天下","1","1","2"
"录囚徒数百千","1","1","2"
"囚徒数百千人","1","1","2"
"武陵蛮詹山等","1","1","2"
"陵蛮詹山等四","1","1","2"
"蛮詹山等四千","1","1","2"
"詹山等四千余","1","1","2"
"山等四千余人","1","1","2"
"等四千余人反","1","1","2"
"四千余人反叛","1","1","2"
"北军中侯邹靖","1","1","2"
"军中侯邹靖上","1","1","2"
"募陇西羌胡守","1","1","2"
"陇西羌胡守善","1","1","2"
"太守李参沉静","1","1","2"
"诏百官大会朝","1","1","2"
"百官大会朝堂","1","1","2"
"黄巾三十万众","2","0","2"
"巾三十万众入","2","0","2"
"劭纠率文武连","1","1","2"
"前后斩首数千","1","1","2"
"后斩首数千级","1","1","2"
"徐州牧陶谦素","1","1","2"
"安帝时河间人","1","1","2"
"帝时河间人尹","1","1","2"
"时河间人尹次","1","1","2"
"刑罚时轻时重","1","1","2"
"召忽亲死子纠","1","1","2"
"胶西相董仲舒","1","1","2"
"西相董仲舒老","1","1","2"
"相董仲舒老病","1","1","2"
"未足纲纪国体","1","1","2"
"下诸官府郡国","1","1","2"
"刚柔舒急倨敬","1","1","2"
"明将军德盛位","1","1","2"
"恩信化诱殊俗","1","1","2"
"大将军梁冀贵","1","1","2"
"将军梁冀贵戚","1","1","2"
"县令陇西牛述","1","1","2"
"侍中面称朕违","1","1","2"
"故王者赏人必","1","1","2"
"王者赏人必酬","1","1","2"
"封大将军梁商","1","1","2"
"大将军梁商子","1","1","2"
"司隶校尉左雄","1","1","2"
"隶校尉左雄荐","1","1","2"
"平林后部攻新","1","1","2"
"林后部攻新野","1","1","2"
"杀任城相郑遂","1","1","2"
"荀卿十一世孙","1","1","2"
"丹荐乡人长者","1","1","2"
"荐乡人长者代","1","1","2"
"门下掾王望举","1","1","2"
"下掾王望举觞","1","1","2"
"掾王望举觞上","1","1","2"
"王望举觞上寿","1","1","2"
"定策封厨亭侯","1","1","2"
"窦太后复遣使","1","1","2"
"贾贵人生章帝","1","1","2"
"平九年赐号灵","1","1","2"
"九年赐号灵寿","1","1","2"
"年赐号灵寿王","1","1","2"
"平九年赐号重","1","1","2"
"九年赐号重熹","1","1","2"
"年赐号重熹王","1","1","2"
"十五年封乐成","1","1","2"
"五年封乐成王","1","1","2"
"愿陛下加大恩","1","1","2"
"天下知臣蒙恩","1","1","2"
"公孙述遣将侯","1","1","2"
"孙述遣将侯丹","1","1","2"
"武都南击侯丹","1","1","2"
"鲍宣六人同志","1","1","2"
"追赠益州太守","1","1","2"
"三迁五官中郎","1","1","2"
"辅威将军耿植","1","1","2"
"威将军耿植代","1","1","2"
"将军耿植代征","1","1","2"
"军耿植代征南","1","1","2"
"耿植代征南大","1","1","2"
"植代征南大将","1","1","2"
"代征南大将军","1","1","2"
"食邑七千三百","1","1","2"
"邑七千三百户","1","1","2"
"骑都尉臧宫等","1","1","2"
"河内太守寇恂","1","1","2"
"内太守寇恂南","1","1","2"
"太守寇恂南拒","1","1","2"
"守寇恂南拒洛","1","1","2"
"寇恂南拒洛阳","1","1","2"
"王梁主卫作玄","1","1","2"
"梁主卫作玄武","1","1","2"
"督诛虏将军刘","1","1","2"
"诛虏将军刘隆","1","1","2"
"振威将军宋登","1","1","2"
"射声校尉王赏","1","1","2"
"世祖破王寻等","1","1","2"
"尚书令谢躬共","1","1","2"
"书令谢躬共攻","1","1","2"
"令谢躬共攻王","1","1","2"
"谢躬共攻王郎","1","1","2"
"虎牙将军盖延","1","1","2"
"牙将军盖延等","1","1","2"
"显宗追感前世","1","1","2"
"宗追感前世功","1","1","2"
"追感前世功臣","1","1","2"
"二千石长吏多","1","1","2"
"更封杨邑乡侯","1","1","2"
"食三百五十户","1","1","2"
"车驾西尽郡界","1","1","2"
"时大将军窦宪","1","1","2"
"大将军窦宪免","1","1","2"
"袁绍勃海太守","1","1","2"
"豫州刺史郭贡","1","1","2"
"州刺史郭贡率","1","1","2"
"刺史郭贡率兵","1","1","2"
"史郭贡率兵数","1","1","2"
"郭贡率兵数万","1","1","2"
"伎女二十四人","1","1","2"
"子女十一人皆","1","1","2"
"梁太后立安平","1","1","2"
"太后立安平孝","1","1","2"
"后立安平孝王","1","1","2"
"立安平孝王子","1","1","2"
"安平孝王子经","1","1","2"
"平孝王子经侯","1","1","2"
"孝王子经侯理","1","1","2"
"王子经侯理甘","2","0","2"
"子经侯理甘陵","2","0","2"
"经侯理甘陵王","2","0","2"
"王利子康济南","2","0","2"
"利子康济南王","2","0","2"
"大将军何进长","1","1","2"
"将军何进长史","1","1","2"
"球时年六十二","1","1","2"
"历阳贼华孟称","2","0","2"
"阳贼华孟称黑","2","0","2"
"贼华孟称黑帝","2","0","2"
"大司马卫将军","1","1","2"
"礼说三年一闰","1","1","2"
"四姓小侯开学","1","1","2"
"改定章句十五","1","1","2"
"定章句十五万","1","1","2"
"乌桓校尉王元","1","1","2"
"桓校尉王元发","1","1","2"
"鲜卑五千余骑","1","1","2"
"鲜卑征讨叛羌","1","1","2"
"桓帝时征博士","1","1","2"
"太尉杨秉等举","1","1","2"
"尉杨秉等举贤","1","1","2"
"杨秉等举贤良","1","1","2"
"秉等举贤良方","1","1","2"
"等举贤良方正","1","1","2"
"右扶风尹翁归","1","1","2"
"所谓大直若屈","1","1","2"
"罪恶诏书常置","1","1","2"
"悖乎令君器易","2","0","2"
"乎令君器易下","2","0","2"
"令君器易下议","2","0","2"
"斗筲必能叨天","2","0","2"
"筲必能叨天业","2","0","2"
"狂夫竖臣奋矣","2","0","2"
"处士豫章徐稺","1","1","2"
"申屠蟠字子龙","1","1","2"
"孔子二十世孙","1","1","2"
"袁绍地广兵强","1","1","2"
"文丑勇冠三军","1","1","2"
"悝立二十五年","1","1","2"
"乐安国土卑湿","1","1","2"
"小娥姊字大娥","1","1","2"
"追尊河间孝王","1","1","2"
"夫人赵氏曰孝","2","0","2"
"人赵氏曰孝穆","2","0","2"
"颍川突骑安集","1","1","2"
"川突骑安集荆","1","1","2"
"南顿君立皇考","1","1","2"
"顿君立皇考庙","1","1","2"
"三科募求壮士","1","1","2"
"司隶校尉虞诩","1","1","2"
"子源天下义士","1","1","2"
"津城门内第舍","1","1","2"
"震部掾高舒召","1","1","2"
"部掾高舒召大","1","1","2"
"掾高舒召大匠","1","1","2"
"高舒召大匠令","1","1","2"
"舒召大匠令史","1","1","2"
"白虎观论考同","1","1","2"
"虎观论考同异","1","1","2"
"亲故贤能功贵","1","1","2"
"故贤能功贵勤","1","1","2"
"贤能功贵勤宾","1","1","2"
"张等北入南阳","1","1","2"
"破王莽前队大","1","1","2"
"更始入都宛城","1","1","2"
"前钟武侯刘望","1","1","2"
"宠姬韩夫人笑","1","1","2"
"使奋威大将军","1","1","2"
"奋威大将军刘","1","1","2"
"威大将军刘信","1","1","2"
"大将军刘信击","1","1","2"
"太常将军刘祉","1","1","2"
"卫尉大将军张","1","1","2"
"执金吾大将军","1","1","2"
"金吾大将军廖","1","1","2"
"吾大将军廖湛","1","1","2"
"柱天大将军李","1","1","2"
"天大将军李通","1","1","2"
"五威中郎将李","1","1","2"
"威中郎将李轶","1","1","2"
"水衡大将军成","1","1","2"
"衡大将军成丹","1","1","2"
"骠骑大将军宋","1","1","2"
"骑大将军宋佻","1","1","2"
"王常等镇抚关","1","1","2"
"常等镇抚关东","1","1","2"
"更始纳赵萌女","1","1","2"
"安陵人弓林等","1","1","2"
"御史大夫隗嚣","1","1","2"
"史大夫隗嚣合","1","1","2"
"大夫隗嚣合谋","1","1","2"
"侍中刘能卿知","1","1","2"
"妻子车骑百余","1","1","2"
"死者二千余人","2","0","2"
"右辅都尉严本","1","1","2"
"更始常依谢禄","1","1","2"
"始常依谢禄居","1","1","2"
"杀南阳太守张","2","0","2"
"杀杨州刺史陈","2","0","2"
"杨州刺史陈温","2","0","2"
"庐江太守刘勋","1","1","2"
"尚书仆射士孙","1","1","2"
"书仆射士孙瑞","1","1","2"
"稍迁陈留太守","2","0","2"
"曹操东击陶谦","1","1","2"
"辽东属国长史","1","1","2"
"骑将军张温讨","1","1","2"
"张纯等攻击蓟","1","1","2"
"纯等攻击蓟中","1","1","2"
"斩首三万余级","1","1","2"
"车骑将军袁绍","1","1","2"
"虎牙都尉刘勋","1","1","2"
"上谷太守高焉","1","1","2"
"勃海太守印绶","1","1","2"
"海太守印绶授","1","1","2"
"青州刺史田揩","1","1","2"
"诱胡汉数万人","1","1","2"
"渔阳太守邹丹","1","1","2"
"阳太守邹丹战","1","1","2"
"斩首二万余级","1","1","2"
"官属送丧归葬","1","1","2"
"后数应三公命","2","0","2"
"太尉牟融举贤","1","1","2"
"尉牟融举贤良","1","1","2"
"牟融举贤良方","1","1","2"
"融举贤良方正","1","1","2"
"京师贵戚卫尉","1","1","2"
"师贵戚卫尉马","1","1","2"
"贵戚卫尉马廖","1","1","2"
"谏议大夫江革","1","1","2"
"前太尉西曹掾","1","1","2"
"太尉西曹掾蒋","1","1","2"
"尉西曹掾蒋遵","1","1","2"
"南阳魏满字叔","1","1","2"
"阳魏满字叔牙","1","1","2"
"司徒黄琬特辟","1","1","2"
"师大司徒欧阳","1","1","2"
"济阴曹曾字伯","1","1","2"
"阴曹曾字伯山","1","1","2"
"直说书传实事","1","1","2"
"大会孔氏男子","1","1","2"
"会孔氏男子二","1","1","2"
"孔氏男子二十","1","1","2"
"徐州刺史刘福","1","1","2"
"州刺史刘福等","1","1","2"
"弟原乡侯平尚","1","1","2"
"原乡侯平尚幼","1","1","2"
"诏问郡中诸侯","1","1","2"
"州刺史观恂荐","1","1","2"
"时五校官显职","1","1","2"
"五校官显职闲","1","1","2"
"般常将长水胡","1","1","2"
"常将长水胡骑","1","1","2"
"梦见先师东里","1","1","2"
"见先师东里先","1","1","2"
"先师东里先生","1","1","2"
"陈大夫设参门","1","1","2"
"仲尼重明周礼","1","1","2"
"五官掾郭唐等","1","1","2"
"官掾郭唐等同","1","1","2"
"掾郭唐等同心","1","1","2"
"郭唐等同心固","1","1","2"
"唐等同心固守","1","1","2"
"发精兵四千人","1","1","2"
"力子都兵百万","1","1","2"
"渡河入魏郡清","1","1","2"
"河入魏郡清河","1","1","2"
"王郎遣将攻信","1","1","2"
"郎遣将攻信都","1","1","2"
"信都大姓马宠","1","1","2"
"都大姓马宠等","1","1","2"
"大姓马宠等开","1","1","2"
"南方海滨江淮","1","1","2"
"选精骑二千余","1","1","2"
"精骑二千余匹","1","1","2"
"宗族宾客二千","1","1","2"
"族宾客二千余","1","1","2"
"宾客二千余人","1","1","2"
"十余万众射犬","2","0","2"
"遣骑都尉陈副","1","1","2"
"击将军邓隆征","1","1","2"
"奉使见王侯牧","1","1","2"
"使见王侯牧守","1","1","2"
"兵击更始东平","1","1","2"
"击更始东平太","1","1","2"
"更始东平太守","1","1","2"
"始东平太守范","1","1","2"
"东平太守范荆","1","1","2"
"进击太山济南","1","1","2"
"百姓老小数千","1","1","2"
"遣大司空李通","1","1","2"
"盗贼九千余人","1","1","2"
"夏后氏太康失","2","0","2"
"贞王二十五年","1","1","2"
"光禄大夫义渠","1","1","2"
"禄大夫义渠安","1","1","2"
"大夫义渠安国","1","1","2"
"后将军赵充国","1","1","2"
"研十三世孙烧","1","1","2"
"右将军冯奉世","1","1","2"
"将军冯奉世击","1","1","2"
"徒掾班彪上言","2","0","2"
"武都参狼羌反","2","0","2"
"西太守刘盱遣","2","0","2"
"陇西长史田飒","1","1","2"
"遣中郎将窦固","2","0","2"
"将军马武等击","2","0","2"
"肃宗建初元年","1","1","2"
"安夷长宗延追","1","1","2"
"陇西太守孙纯","1","1","2"
"度辽将军吴棠","1","1","2"
"城太守郝崇追","1","1","2"
"武威太守傅育","1","1","2"
"威太守傅育代","1","1","2"
"张掖太守邓训","1","1","2"
"蜀郡太守聂尚","1","1","2"
"居延都尉贯友","1","1","2"
"汉阳太守史充","1","1","2"
"代郡太守吴祉","1","1","2"
"遣行征西将军","2","0","2"
"越骑校尉赵代","1","1","2"
"酒泉太守周鲔","1","1","2"
"金城太守侯霸","1","1","2"
"金城长史上官","1","1","2"
"城长史上官鸿","1","1","2"
"长史上官鸿上","1","1","2"
"帝永初元年夏","1","1","2"
"遣骑都尉王弘","2","0","2"
"骑都尉王弘发","2","0","2"
"遣车骑将军邓","2","0","2"
"西域都护段禧","1","1","2"
"事中郎司马钧","1","1","2"
"中郎司马钧率","1","1","2"
"遣骑都尉任仁","2","0","2"
"骑都尉任仁督","1","1","2"
"汉中太守郑勤","1","1","2"
"中太守郑勤移","1","1","2"
"死者三千余人","2","0","2"
"北军中候朱宠","1","1","2"
"阳太守赵博遣","2","0","2"
"刺客杜习刺杀","1","1","2"
"金银彩帛一亿","1","1","2"
"分兵抄掠武都","1","1","2"
"汉中五官掾程","1","1","2"
"中五官掾程信","1","1","2"
"五官掾程信率","1","1","2"
"汉阳太守庞参","1","1","2"
"遣中郎将尹就","2","0","2"
"屯骑校尉班雄","1","1","2"
"北地太守盛包","1","1","2"
"右扶风都尉皇","1","1","2"
"扶风都尉皇甫","1","1","2"
"风都尉皇甫旗","1","1","2"
"都尉皇甫旗等","1","1","2"
"左鹿蠡王须沈","1","1","2"
"斩首八百余级","2","0","2"
"击破先零羌丁","2","0","2"
"破先零羌丁奚","2","0","2"
"先零羌丁奚城","2","0","2"
"榆鬼等五人刺","1","1","2"
"鬼等五人刺杀","1","1","2"
"州刺史张乔尹","2","0","2"
"刺史张乔尹就","2","0","2"
"史张乔尹就军","2","0","2"
"张乔尹就军屯","2","0","2"
"募效功种号封","1","1","2"
"效功种号封刺","1","1","2"
"功种号封刺杀","1","1","2"
"西河虔人种羌","1","1","2"
"陇西种羌号良","1","1","2"
"西种羌号良等","1","1","2"
"沈氐种羌五千","1","1","2"
"千余人复寇张","2","0","2"
"余人复寇张掖","2","0","2"
"斩首千八百级","2","0","2"
"首虏二千余人","2","0","2"
"凉州刺史宗汉","1","1","2"
"汉阳太守耿种","1","1","2"
"谒者郭璜督促","1","1","2"
"张掖太守马续","1","1","2"
"诣凉州刺史降","2","0","2"
"汉属国都尉击","1","1","2"
"饥指累祖等三","1","1","2"
"指累祖等三百","1","1","2"
"北地太守贾福","1","1","2"
"徙安定居扶风","2","0","2"
"赵冲汉阳太守","2","0","2"
"冲汉阳太守张","2","0","2"
"护羌校尉卫瑶","1","1","2"
"羌校尉卫瑶追","1","1","2"
"校尉卫瑶追击","1","1","2"
"白马羌寇广汉","2","0","2"
"马羌寇广汉属","2","0","2"
"羌寇广汉属国","2","0","2"
"州刺史率板蛮","2","0","2"
"刺史率板蛮讨","2","0","2"
"史率板蛮讨破","2","0","2"
"南阳太守第五","1","1","2"
"阳太守第五访","1","1","2"
"将皇甫规击破","2","0","2"
"西太守孙羌击","1","1","2"
"中郎将张奂追","1","1","2"
"义胡北宫伯玉","2","0","2"
"胡北宫伯玉等","1","1","2"
"广汉塞外白马","1","1","2"
"汉塞外白马羌","1","1","2"
"塞外白马羌豪","1","1","2"
"万七千二百八","1","1","2"
"七千二百八十","1","1","2"
"三万六千九百","1","1","2"
"骠骑将军霍病","2","0","2"
"小史雍丘黄真","1","1","2"
"安丘男子毋丘","1","1","2"
"丘男子毋丘长","1","1","2"
"大将军梁冀表","1","1","2"
"面目见天下人","1","1","2"
"郡国所奏相连","1","1","2"
"诏书疾恶党人","1","1","2"
"中常侍侯览果","1","1","2"
"前孝廉裴瑜送","1","1","2"
"平原吏人奔走","1","1","2"
"太后父大将军","2","0","2"
"后父大将军窦","2","0","2"
"父大将军窦武","2","0","2"
"南郡太守马融","1","1","2"
"护乌桓中郎将","1","1","2"
"乌桓中郎将宗","1","1","2"
"桓中郎将宗员","1","1","2"
"天下诸郡兵征","1","1","2"
"军皇甫嵩讨平","1","1","2"
"皇甫嵩讨平黄","1","1","2"
"甫嵩讨平黄巾","1","1","2"
"大将军何进谋","1","1","2"
"冀州牧袁绍请","1","1","2"
"故北中郎将卢","1","1","2"
"北中郎将卢植","1","1","2"
"植抽白刃严阁","1","1","2"
"骑将军张温西","1","1","2"
"将军张温西征","1","1","2"
"军张温西征关","1","1","2"
"张温西征关中","1","1","2"
"大将军何进举","1","1","2"
"卫将军董承修","1","1","2"
"将军董承修理","1","1","2"
"军董承修理宫","1","1","2"
"董承修理宫室","1","1","2"
"叔向四像居宾","1","1","2"
"向四像居宾位","1","1","2"
"击斩王郎将帅","1","1","2"
"光武将发幽州","1","1","2"
"诸将人人多请","1","1","2"
"时光武南击青","1","1","2"
"光武南击青犊","1","1","2"
"留大将军刘庆","1","1","2"
"魏郡太守陈康","1","1","2"
"郡太守陈康守","1","1","2"
"萧王兵强士附","1","1","2"
"谢躬内背萧王","1","1","2"
"光武北击群贼","1","1","2"
"汉率大司空王","1","1","2"
"率大司空王梁","1","1","2"
"击檀乡贼鄴东","2","0","2"
"西山贼黎伯卿","1","1","2"
"山贼黎伯卿等","1","1","2"
"秦丰战黄邮水","1","1","2"
"丰战黄邮水上","1","1","2"
"选四部精兵黄","1","1","2"
"四部精兵黄头","1","1","2"
"部精兵黄头吴","1","1","2"
"精兵黄头吴河","1","1","2"
"兵黄头吴河等","1","1","2"
"乌桓突骑三千","1","1","2"
"北击清河长直","1","1","2"
"贼率五万余人","1","1","2"
"步骑二万余人","1","1","2"
"骑二万余人进","1","1","2"
"二万余人进逼","1","1","2"
"万余人进逼成","1","1","2"
"余人进逼成都","1","1","2"
"副将武威将军","1","1","2"
"将武威将军刘","1","1","2"
"万余人劫刘尚","1","1","2"
"诸君逾越险阻","1","1","2"
"刘尚二处受围","1","1","2"
"汉使护军高午","1","1","2"
"虏将军马武北","1","1","2"
"将军马武北击","1","1","2"
"军马武北击匈","1","1","2"
"马武北击匈奴","1","1","2"
"郡守将史歆反","1","1","2"
"蜀三郡兵围成","1","1","2"
"三郡兵围成都","1","1","2"
"徐容等惶恐解","1","1","2"
"容等惶恐解散","1","1","2"
"渔阳都尉严宣","1","1","2"
"驸马都尉马武","1","1","2"
"护军都尉马成","1","1","2"
"偏将军王霸等","1","1","2"
"将军王霸等南","1","1","2"
"军王霸等南伐","1","1","2"
"王霸等南伐刘","1","1","2"
"霸等南伐刘永","1","1","2"
"周建等三万余","1","1","2"
"建等三万余人","1","1","2"
"等三万余人救","1","1","2"
"狄将军庞萌攻","1","1","2"
"将军庞萌攻西","1","1","2"
"军庞萌攻西防","1","1","2"
"将贲休举兰陵","1","1","2"
"贲休举兰陵城","1","1","2"
"讨虏将军王霸","1","1","2"
"将军王霸等会","1","1","2"
"追奔二十余里","1","1","2"
"五校引退入渔","1","1","2"
"校引退入渔阳","1","1","2"
"大司马吴汉承","1","1","2"
"虏将军祭遵击","2","0","2"
"击更始将左防","1","1","2"
"大将军岑彭相","1","1","2"
"岑彭等破荆门","1","1","2"
"溺死者万余人","1","1","2"
"蜀将王元举众","1","1","2"
"兵入小雒郭门","1","1","2"
"妖巫维汜弟子","1","1","2"
"巫维汜弟子单","1","1","2"
"维汜弟子单臣","1","1","2"
"黎阳营数千人","1","1","2"
"公卿诸侯王问","1","1","2"
"卿诸侯王问方","1","1","2"
"诸侯王问方略","1","1","2"
"虚侯马武上书","1","1","2"
"臣恐陛下仁恩","1","1","2"
"屯田警备传闻","1","1","2"
"置护乌桓校尉","1","1","2"
"度辽将军范明","1","1","2"
"辽将军范明友","1","1","2"
"旦等九百二十","1","1","2"
"等九百二十二","1","1","2"
"九百二十二人","1","1","2"
"百二十二人率","1","1","2"
"帝永初三年夏","1","1","2"
"顺帝阳嘉四年","1","1","2"
"帝阳嘉四年冬","1","1","2"
"辽将军耿晔率","1","1","2"
"中郎将张耽击","2","0","2"
"郎将张耽击破","2","0","2"
"乌桓校尉邢举","1","1","2"
"东太守祭肜击","1","1","2"
"诣辽东受赏赐","2","0","2"
"等率种人诣阙","2","0","2"
"赤山乌桓歆志","1","1","2"
"山乌桓歆志贲","1","1","2"
"乌桓歆志贲等","1","1","2"
"大将军窦宪遣","2","0","2"
"右校尉耿夔击","1","1","2"
"鲜卑寇右北平","2","0","2"
"渔阳太守击破","2","0","2"
"发积射士三千","2","0","2"
"积射士三千人","2","0","2"
"中郎将马续率","1","1","2"
"乌桓校尉徐常","1","1","2"
"幽州刺史庞参","1","1","2"
"帝永建元年秋","1","1","2"
"兵步骑万余人","2","0","2"
"千余骑寇辽东","2","0","2"
"匈奴中郎将赵","1","1","2"
"奴中郎将赵稠","1","1","2"
"匈奴骨都侯夫","1","1","2"
"奴骨都侯夫沈","1","1","2"
"骨都侯夫沈等","1","1","2"
"夫沈金印紫绶","1","1","2"
"郎将张奂率南","2","0","2"
"将张奂率南单","2","0","2"
"印绶封檀石槐","1","1","2"
"护羌校尉田晏","1","1","2"
"破鲜卑中郎将","1","1","2"
"匈奴中郎将臧","1","1","2"
"司徒袁逢受计","1","1","2"
"州郡争致礼命","1","1","2"
"余所作杂文数","1","1","2"
"所作杂文数十","1","1","2"
"作杂文数十篇","1","1","2"
"荐县人申徒蟠","1","1","2"
"县人申徒蟠等","1","1","2"
"处士平原祢衡","1","1","2"
"贾谊求试属国","1","1","2"
"夏太守黄祖性","1","1","2"
"太守黄祖性急","1","1","2"
"共读蔡邕所作","1","1","2"
"读蔡邕所作碑","1","1","2"
"蔡邕所作碑文","1","1","2"
"外高祖破羌将","1","1","2"
"高祖破羌将军","1","1","2"
"祖破羌将军辛","1","1","2"
"破羌将军辛武","1","1","2"
"羌将军辛武贤","1","1","2"
"沛国史岑子孝","1","1","2"
"天下双江夏黄","2","0","2"
"下双江夏黄童","2","0","2"
"谒者仆射刘珍","1","1","2"
"者仆射刘珍等","1","1","2"
"帝废太子济阴","2","0","2"
"废太子济阴王","2","0","2"
"所谓神道设教","1","1","2"
"汉复元年七月","1","1","2"
"秦始皇毁坏谥","1","1","2"
"始皇毁坏谥法","1","1","2"
"生者奔亡流散","1","1","2"
"击杀雍州牧陈","1","1","2"
"杀雍州牧陈庆","1","1","2"
"安定大尹王向","1","1","2"
"光武叔父国三","1","1","2"
"武叔父国三老","1","1","2"
"夜斩平城门关","1","1","2"
"称西州上将军","1","1","2"
"陈仓人吕鲔拥","1","1","2"
"仓人吕鲔拥众","1","1","2"
"人吕鲔拥众数","1","1","2"
"吕鲔拥众数万","1","1","2"
"数千百人踯躅","1","1","2"
"智士计功割地","1","1","2"
"遣建威大将军","1","1","2"
"等七将军陇道","2","0","2"
"七将军陇道伐","2","0","2"
"将军祭遵等击","1","1","2"
"军祭遵等击破","1","1","2"
"行巡守番须口","1","1","2"
"王孟塞鸡头道","1","1","2"
"使王遵持节监","1","1","2"
"王遵持节监大","1","1","2"
"遵持节监大司","1","1","2"
"持节监大司马","1","1","2"
"节监大司马吴","1","1","2"
"监大司马吴汉","1","1","2"
"大司马吴汉留","1","1","2"
"司马吴汉留屯","1","1","2"
"王元入蜀求救","1","1","2"
"将军岑彭围西","1","1","2"
"军岑彭围西城","1","1","2"
"将军盖延围上","1","1","2"
"盖延等攻破落","1","1","2"
"延等攻破落门","1","1","2"
"威将军臧宫破","1","1","2"
"将军臧宫破延","1","1","2"
"军臧宫破延岑","1","1","2"
"大司徒司直杜","1","1","2"
"司徒司直杜林","1","1","2"
"太中大夫马援","1","1","2"
"使人诈称汉使","1","1","2"
"人诈称汉使者","1","1","2"
"选精兵千余人","1","1","2"
"更始遣柱功侯","1","1","2"
"始遣柱功侯李","1","1","2"
"遣柱功侯李宝","1","1","2"
"益州刺史张忠","1","1","2"
"蜀地沃野千里","1","1","2"
"建武元年四月","1","1","2"
"关中豪杰吕鲔","1","1","2"
"中豪杰吕鲔等","1","1","2"
"会聚兵甲数十","1","1","2"
"聚兵甲数十万","1","1","2"
"兵甲数十万人","1","1","2"
"符命鬼神瑞应","1","1","2"
"虏将军冯骏等","1","1","2"
"威将军臧宫所","1","1","2"
"更始元年十二","1","1","2"
"始元年十二月","1","1","2"
"东郡太守翟义","1","1","2"
"谏议大夫杜威","1","1","2"
"议大夫杜威持","1","1","2"
"平帝外家卫氏","1","1","2"
"诸豪杰沛人周","1","1","2"
"豪杰沛人周建","1","1","2"
"杰沛人周建等","1","1","2"
"西防贼帅山阳","1","1","2"
"防贼帅山阳佼","1","1","2"
"步辅汉大将军","2","0","2"
"永遣使立张步","1","1","2"
"司马吴汉等围","1","1","2"
"马吴汉等围苏","1","1","2"
"吴汉等围苏茂","1","1","2"
"盖延等合军围","1","1","2"
"苏茂将五校兵","2","0","2"
"大将军杜茂攻","1","1","2"
"将军杜茂攻佼","1","1","2"
"夜弃辎重逃奔","1","1","2"
"招诱五校余贼","1","1","2"
"诱五校余贼步","1","1","2"
"五校余贼步骑","1","1","2"
"校余贼步骑数","1","1","2"
"余贼步骑数千","1","1","2"
"贼步骑数千人","1","1","2"
"庞萌走入缯山","1","1","2"
"吴汉校尉韩湛","1","1","2"
"汉校尉韩湛追","1","1","2"
"校尉韩湛追斩","1","1","2"
"妻子逃奔临淮","1","1","2"
"太守陈俊追击","1","1","2"
"王莽叔父平阿","1","1","2"
"莽叔父平阿侯","1","1","2"
"东郡三十余万","1","1","2"
"郡三十余万户","1","1","2"
"江贼王州公等","1","1","2"
"将军马成等击","1","1","2"
"光武镇慰河北","1","1","2"
"问幽州牧朱浮","1","1","2"
"前吴汉北发兵","1","1","2"
"吴汉北发兵时","1","1","2"
"将军邓隆救蓟","1","1","2"
"发轻骑三千袭","1","1","2"
"苍头子密等三","1","1","2"
"头子密等三人","1","1","2"
"渠王入五原塞","1","1","2"
"胡骑击杀代郡","1","1","2"
"骑击杀代郡太","1","1","2"
"击杀代郡太守","1","1","2"
"杀代郡太守刘","1","1","2"
"五原太守李兴","1","1","2"
"原太守李兴兄","1","1","2"
"太守李兴兄弟","1","1","2"
"云中太守桥扈","1","1","2"
"中太守桥扈恐","1","1","2"
"太守桥扈恐惧","1","1","2"
"贾览共攻云中","1","1","2"
"随昱留守九原","1","1","2"
"陛下圣德高明","1","1","2"
"闵林相攻连月","1","1","2"
"著书三十余篇","1","1","2"
"天下百郡千县","1","1","2"
"后世圣人易棺","2","0","2"
"世圣人易棺椁","2","0","2"
"度辽将军皇甫","1","1","2"
"辽将军皇甫规","1","1","2"
"将军皇甫规解","1","1","2"
"偏将军随弟屯","1","1","2"
"延岑护军邓仲","1","1","2"
"岑护军邓仲况","1","1","2"
"护军邓仲况拥","1","1","2"
"军邓仲况拥兵","1","1","2"
"先避害然后求","1","1","2"
"避害然后求利","1","1","2"
"镇星绕带天街","1","1","2"
"东海董宪迷惑","1","1","2"
"邓太后使中常","1","1","2"
"太后使中常侍","1","1","2"
"汉三百五十年","1","1","2"
"中常侍张逵等","1","1","2"
"诬罔大将军梁","1","1","2"
"罔大将军梁商","1","1","2"
"大将军梁商专","1","1","2"
"将军梁冀威权","1","1","2"
"军梁冀威权倾","1","1","2"
"梁冀威权倾朝","1","1","2"
"上名录者三千","1","1","2"
"郡文学掾史春","1","1","2"
"文学掾史春秋","1","1","2"
"学掾史春秋飨","1","1","2"
"掾史春秋飨射","1","1","2"
"史春秋飨射常","1","1","2"
"莽令元后下诏","1","1","2"
"人所归者天所","1","1","2"
"将军共同吉凶","1","1","2"
"群臣莫敢正言","1","1","2"
"哀帝时任司隶","1","1","2"
"帝时任司隶校","1","1","2"
"时任司隶校尉","1","1","2"
"都尉路平承望","1","1","2"
"遣谏议大夫储","1","1","2"
"谏议大夫储大","1","1","2"
"议大夫储大伯","1","1","2"
"上将军列侯印","1","1","2"
"将军列侯印绶","1","1","2"
"同心客百余人","1","1","2"
"更始河内太守","1","1","2"
"董宪裨将屯兵","1","1","2"
"丰等共会观视","1","1","2"
"太中大夫张湛","1","1","2"
"诸郡守多下狱","1","1","2"
"将军亲率士卒","1","1","2"
"恽友人董子张","1","1","2"
"太守欧阳歙请","1","1","2"
"西部督邮繇延","1","1","2"
"门下掾郑敬进","1","1","2"
"客居江夏教授","1","1","2"
"陛下远猎山林","1","1","2"
"尊养三老五更","1","1","2"
"千八百五十室","1","1","2"
"定兰台漆书经","1","1","2"
"兰台漆书经字","1","1","2"
"赏赐珍玩束帛","1","1","2"
"太常试经第一","1","1","2"
"军东平王苍所","1","1","2"
"赐车马财物遣","1","1","2"
"赐冢茔陪园陵","1","1","2"
"显宗特诏补北","1","1","2"
"宗特诏补北宫","1","1","2"
"特诏补北宫卫","1","1","2"
"诏补北宫卫士","1","1","2"
"补北宫卫士令","1","1","2"
"劝课掾史弟子","1","1","2"
"大司空杜林更","1","1","2"
"司空杜林更受","1","1","2"
"苍授梁人戴德","1","1","2"
"草创五郊祭祀","1","1","2"
"公羊严氏春秋","1","1","2"
"北地太守廖信","1","1","2"
"隶校尉举奏免","1","1","2"
"一岁三百六十","1","1","2"
"岁三百六十日","1","1","2"
"三百五十九日","1","1","2"
"百五十九日斋","1","1","2"
"会稽顾奉等数","1","1","2"
"稽顾奉等数百","1","1","2"
"顾奉等数百人","1","1","2"
"春秋公羊解诂","1","1","2"
"春秋左氏传解","1","1","2"
"春秋左氏条例","1","1","2"
"河东人乐详条","1","1","2"
"公车司马令谢","1","1","2"
"昆避难河南负","1","1","2"
"避难河南负犊","1","1","2"
"难河南负犊山","1","1","2"
"河南负犊山中","1","1","2"
"诸王小侯五十","1","1","2"
"王小侯五十余","1","1","2"
"小侯五十余人","1","1","2"
"诏赐洛阳第舍","1","1","2"
"说经铿铿杨子","1","1","2"
"经铿铿杨子行","1","1","2"
"辟司徒冯勤府","1","1","2"
"张掖属国都尉","1","1","2"
"成丹西入南郡","1","1","2"
"国将哀章守洛","1","1","2"
"将哀章守洛阳","1","1","2"
"遣定国上公王","1","1","2"
"国上公王匡攻","1","1","2"
"上公王匡攻洛","1","1","2"
"公王匡攻洛阳","1","1","2"
"西屏大将军申","1","1","2"
"屏大将军申屠","1","1","2"
"大将军申屠建","1","1","2"
"使苏茂拒赤眉","1","1","2"
"死者三万余人","1","1","2"
"始昌传族子胜","1","1","2"
"引兵击破白奢","1","1","2"
"兵击破白奢贼","1","1","2"
"遣尚书令谢躬","1","1","2"
"尚书令谢躬率","1","1","2"
"六将军攻王郎","1","1","2"
"偏将军冯异击","1","1","2"
"将军冯异击昌","1","1","2"
"军冯异击昌城","1","1","2"
"冯异击昌城五","1","1","2"
"异击昌城五楼","1","1","2"
"击昌城五楼贼","1","1","2"
"昌城五楼贼张","1","1","2"
"城五楼贼张文","1","1","2"
"五楼贼张文等","1","1","2"
"陈俊等守广乐","1","1","2"
"兵助盖延围刘","1","1","2"
"助盖延围刘永","1","1","2"
"盖延围刘永睢","2","0","2"
"延围刘永睢阳","2","0","2"
"汉率建威大将","2","0","2"
"率建威大将军","2","0","2"
"忠将军王常等","1","1","2"
"率征南大将军","1","1","2"
"大将军岑彭等","1","1","2"
"将军岑彭等伐","1","1","2"
"军岑彭等伐公","1","1","2"
"岑彭等伐公孙","1","1","2"
"彭等伐公孙述","1","1","2"
"永弃城走湖陵","1","1","2"
"太中大夫持节","2","0","2"
"乡人号曰文德","1","1","2"
"人号曰文德先","1","1","2"
"号曰文德先生","1","1","2"
"王莽国师刘歆","1","1","2"
"莽国师刘歆引","1","1","2"
"遣使聘请平陵","1","1","2"
"使聘请平陵人","1","1","2"
"聘请平陵人方","1","1","2"
"请平陵人方望","1","1","2"
"白虎将军隗崔","1","1","2"
"明威将军王遵","1","1","2"
"云旗将军周宗","1","1","2"
"旗将军周宗等","1","1","2"
"前王莽平河大","1","1","2"
"王莽平河大尹","1","1","2"
"莽平河大尹长","1","1","2"
"平河大尹长安","1","1","2"
"河大尹长安谷","1","1","2"
"大尹长安谷恭","1","1","2"
"大司空扶安王","1","1","2"
"司空扶安王印","1","1","2"
"空扶安王印绶","1","1","2"
"扶安王印绶授","1","1","2"
"使将军侯丹开","1","1","2"
"将军侯丹开白","1","1","2"
"军侯丹开白水","1","1","2"
"侯丹开白水关","1","1","2"
"多刻天下牧守","1","1","2"
"备置公卿百官","1","1","2"
"更始讨难将军","1","1","2"
"朱鲔等守洛阳","1","1","2"
"光武遣光禄大","1","1","2"
"武遣光禄大夫","1","1","2"
"遣光禄大夫伏","1","1","2"
"禄大夫伏隆持","1","1","2"
"大夫伏隆持节","2","0","2"
"发步骑三千人","1","1","2"
"使左南将军七","1","1","2"
"左南将军七八","1","1","2"
"南将军七八千","1","1","2"
"将军七八千骑","1","1","2"
"尚书韩立等共","1","1","2"
"书韩立等共立","1","1","2"
"曾祖母匈奴谷","1","1","2"
"祖母匈奴谷蠡","1","1","2"
"母匈奴谷蠡浑","1","1","2"
"匈奴谷蠡浑邪","1","1","2"
"奴谷蠡浑邪王","1","1","2"
"三水属国羌胡","1","1","2"
"仲长统字公理","1","1","2"
"刘歆等共典校","1","1","2"
"歆等共典校书","1","1","2"
"郡县督促发遣","1","1","2"
"连上西北二方","1","1","2"
"宦者褒信侯李","1","1","2"
"者褒信侯李元","1","1","2"
"褒信侯李元等","1","1","2"
"申屠刚字巨卿","1","1","2"
"遇积弩将军傅","1","1","2"
"积弩将军傅俊","1","1","2"
"弩将军傅俊东","1","1","2"
"试明经下第补","1","1","2"
"明经下第补弟","1","1","2"
"经下第补弟子","1","1","2"
"除郡国耆儒皆","1","1","2"
"郡国耆儒皆补","1","1","2"
"国耆儒皆补郎","1","1","2"
"丁宽授田王孙","1","1","2"
"王孙授沛人施","1","1","2"
"孙授沛人施雠","1","1","2"
"京氏四家皆立","1","1","2"
"氏四家皆立博","1","1","2"
"四家皆立博士","1","1","2"
"大司空宋弘荐","1","1","2"
"赐葬显节陵下","1","1","2"
"会稽澹台敬伯","1","1","2"
"古经五十六篇","1","1","2"
"事大鸿胪王临","1","1","2"
"欧阳歙字正思","1","1","2"
"凉州刺史皮杨","1","1","2"
"卖饼北海市中","1","1","2"
"司徒邓禹西击","1","1","2"
"徒邓禹西击赤","1","1","2"
"邓禹西击赤眉","1","1","2"
"齐胡母子都传","1","1","2"
"公授东海孟卿","1","1","2"
"孟卿授鲁人眭","1","1","2"
"卿授鲁人眭孟","1","1","2"
"眭孟授东海严","1","1","2"
"孟授东海严彭","1","1","2"
"授东海严彭祖","1","1","2"
"驳何休所驳汉","1","1","2"
"何休所驳汉事","1","1","2"
"休所驳汉事六","1","1","2"
"所驳汉事六十","1","1","2"
"驳汉事六十条","1","1","2"
"使良才抱朴逃","1","1","2"
"走彭城武原县","1","1","2"
"时辽东太守祭","1","1","2"
"东太守祭肜威","1","1","2"
"桓帝延熹四年","1","1","2"
"台将二万余人","2","0","2"
"玄菟太守公孙","1","1","2"
"菟太守公孙域","1","1","2"
"辽西大尹田谭","1","1","2"
"西大尹田谭追","1","1","2"
"大尹田谭追击","1","1","2"
"句骊蚕支落大","1","1","2"
"骊蚕支落大加","1","1","2"
"蚕支落大加戴","1","1","2"
"支落大加戴升","1","1","2"
"落大加戴升等","1","1","2"
"帝元兴元年春","1","1","2"
"东太守蔡讽等","1","1","2"
"犯辽东西安平","1","1","2"
"高句骊盖马大","1","1","2"
"句骊盖马大山","1","1","2"
"属乐浪东部都","1","1","2"
"乐浪东部都尉","1","1","2"
"建武中元二年","1","1","2"
"倭国王帅升等","1","1","2"
"天下规矩房伯","1","1","2"
"下规矩房伯武","1","1","2"
"师获印周仲进","1","1","2"
"汝南太守宗资","1","1","2"
"汝南太守范孟","1","1","2"
"南太守范孟博","1","1","2"
"南阳宗资主画","1","1","2"
"阳宗资主画诺","1","1","2"
"流言转入太学","1","1","2"
"诸生三万余人","1","1","2"
"渤海公族进阶","1","1","2"
"同乡二十四人","1","1","2"
"昌太守曹鸾上","1","1","2"
"太守曹鸾上书","1","1","2"
"守曹鸾上书大","1","1","2"
"纲纪文章荡然","1","1","2"
"司徒胡广所辟","2","0","2"
"大司农刘祐等","1","1","2"
"左校刑徒前廷","1","1","2"
"校刑徒前廷尉","1","1","2"
"刑徒前廷尉冯","1","1","2"
"徒前廷尉冯绲","1","1","2"
"大将军窦武共","1","1","2"
"蜀郡告归乡里","1","1","2"
"太傅陈蕃辅政","1","1","2"
"同囚乡人殷陶","1","1","2"
"县令郭揖大惊","1","1","2"
"龙舒君归黄泉","1","1","2"
"劾奏河间相曹","1","1","2"
"奏河间相曹鼎","1","1","2"
"腾使大将军梁","1","1","2"
"使大将军梁冀","1","1","2"
"司隶校尉许冰","1","1","2"
"幽州刺史杨熙","1","1","2"
"凉州刺史刘恭","1","1","2"
"益州刺史庞艾","1","1","2"
"中常侍侯览家","1","1","2"
"同郡二十四人","1","1","2"
"张俭知名天下","1","1","2"
"中常侍侯览使","1","1","2"
"豫章太守王永","1","1","2"
"章太守王永奏","1","1","2"
"太守王永奏事","1","1","2"
"守王永奏事中","1","1","2"
"王永奏事中官","1","1","2"
"吴郡太守徐参","1","1","2"
"卿相牧守五十","1","1","2"
"相牧守五十三","1","1","2"
"牧守五十三人","1","1","2"
"山阳张俭杀常","1","1","2"
"阳张俭杀常侍","1","1","2"
"张俭杀常侍侯","1","1","2"
"俭杀常侍侯览","1","1","2"
"州刺史第五种","1","1","2"
"说城门校尉窦","1","1","2"
"司徒王允等共","1","1","2"
"杀一大尹赎二","1","1","2"
"一大尹赎二千","1","1","2"
"大尹赎二千人","1","1","2"
"见足下体淳淑","1","1","2"
"前后奏记数十","1","1","2"
"侍中贾逵质正","1","1","2"
"中贾逵质正大","1","1","2"
"贾逵质正大义","1","1","2"
"辽将军邓遵所","1","1","2"
"时阎太后称制","1","1","2"
"将军兄弟传祚","1","1","2"
"孙程立济阴王","1","1","2"
"大将军梁商初","1","1","2"
"将军梁商初开","1","1","2"
"少府窦章共荐","1","1","2"
"少府何豹上书","1","1","2"
"帝王公侯卿大","1","1","2"
"王公侯卿大夫","1","1","2"
"太中大夫陆贾","1","1","2"
"中大夫陆贾记","1","1","2"
"大夫陆贾记录","1","1","2"
"太史令司马迁","1","1","2"
"史令司马迁采","1","1","2"
"立龟兹人兜题","1","1","2"
"龟兹侍子白霸","1","1","2"
"疏勒都尉番辰","1","1","2"
"遣卫侯李邑护","1","1","2"
"卫侯李邑护送","1","1","2"
"侯李邑护送乌","1","1","2"
"李邑护送乌孙","1","1","2"
"邑护送乌孙使","1","1","2"
"护送乌孙使者","1","1","2"
"焉耆左侯元孟","1","1","2"
"国相腹久等十","1","1","2"
"相腹久等十七","1","1","2"
"腹久等十七人","1","1","2"
"西域五十余国","1","1","2"
"军司马班超安","1","1","2"
"西域都护定远","1","1","2"
"域都护定远侯","1","1","2"
"卿大夫咸怀一","1","1","2"
"大夫咸怀一切","1","1","2"
"戊己校尉任尚","1","1","2"
"会叛羌寇三辅","2","0","2"
"敦煌太守曹宗","1","1","2"
"敦煌郡营兵三","1","1","2"
"长乐卫尉镡显","1","1","2"
"前部五千余人","1","1","2"
"匈奴持节使者","1","1","2"
"立后部故王子","1","1","2"
"后部故王子加","1","1","2"
"部故王子加特","1","1","2"
"故王子加特奴","1","1","2"
"国兵四万余人","1","1","2"
"遣子诣阙贡献","2","0","2"
"河西四郡羌胡","1","1","2"
"西四郡羌胡五","1","1","2"
"四郡羌胡五千","1","1","2"
"郡羌胡五千骑","1","1","2"
"西域长史赵博","1","1","2"
"说龟兹王白霸","1","1","2"
"骆驼畜产数万","1","1","2"
"驼畜产数万头","1","1","2"
"大豪三百余人","1","1","2"
"大司农何熙行","1","1","2"
"司农何熙行车","1","1","2"
"农何熙行车骑","1","1","2"
"何熙行车骑将","1","1","2"
"熙行车骑将军","1","1","2"
"羽林五校营士","1","1","2"
"缘边十郡兵二","1","1","2"
"边十郡兵二万","1","1","2"
"十郡兵二万余","1","1","2"
"郡兵二万余人","1","1","2"
"东太守耿夔率","1","1","2"
"耿夔共击匈奴","1","1","2"
"夔共击匈奴奥","1","1","2"
"中郎将耿种美","2","0","2"
"郎将耿种美稷","2","0","2"
"校书郎马融上","1","1","2"
"书郎马融上书","1","1","2"
"护羌校尉庞参","1","1","2"
"淮阳国医工长","1","1","2"
"会稽太守上书","1","1","2"
"虎贲中郎将窦","1","1","2"
"贲中郎将窦宪","1","1","2"
"二千石奉终身","2","0","2"
"加赐钱五十万","1","1","2"
"大司徒侯霸府","1","1","2"
"围武威将军刘","1","1","2"
"司马吕种守沅","1","1","2"
"马吕种守沅陵","1","1","2"
"吕种守沅陵长","1","1","2"
"肃宗大会群臣","1","1","2"
"三老吏人上书","1","1","2"
"老吏人上书陈","1","1","2"
"西域戊己校尉","1","1","2"
"罕河关群盗反","1","1","2"
"河关群盗反叛","1","1","2"
"司马扶风马腾","1","1","2"
"将军皇甫嵩击","1","1","2"
"隶校尉袁绍谋","1","1","2"
"中常侍段珪等","1","1","2"
"常侍段珪等劫","1","1","2"
"段珪等劫少帝","2","0","2"
"珪等劫少帝陈","2","0","2"
"等劫少帝陈留","2","0","2"
"劫少帝陈留王","2","0","2"
"议太后迫永乐","2","0","2"
"吏部尚书汉阳","1","1","2"
"部尚书汉阳周","1","1","2"
"侍中汝南伍琼","1","1","2"
"黄巾余党郭太","1","1","2"
"巾余党郭太等","1","1","2"
"内太守王匡屯","1","1","2"
"太守王匡屯兵","1","1","2"
"守王匡屯兵河","1","1","2"
"王匡屯兵河阳","1","1","2"
"匡屯兵河阳津","1","1","2"
"坚进洛阳宣阳","1","1","2"
"进洛阳宣阳城","1","1","2"
"洛阳宣阳城门","1","1","2"
"东中郎将董越","1","1","2"
"越骑校尉汝南","1","1","2"
"骑校尉汝南伍","1","1","2"
"校尉汝南伍孚","1","1","2"
"仆射士孙瑞谋","1","1","2"
"令骑都尉李肃","1","1","2"
"布应声持矛刺","1","1","2"
"宣平城门楼上","1","1","2"
"张济镇东将军","2","0","2"
"御史裴茂讯诏","2","0","2"
"史裴茂讯诏狱","2","0","2"
"右中郎将刘范","1","1","2"
"中郎将杜禀合","1","1","2"
"郎将杜禀合兵","1","1","2"
"帝使侍御史侯","2","0","2"
"使侍御史侯汶","2","0","2"
"侍御史侯汶太","2","0","2"
"御史侯汶太仓","2","0","2"
"史侯汶太仓米","2","0","2"
"侯汶太仓米豆","2","0","2"
"使侍中刘艾司","2","0","2"
"奏收侯汶考实","2","0","2"
"安西将军杨定","1","1","2"
"司空张喜等十","1","1","2"
"空张喜等十余","1","1","2"
"张喜等十余人","1","1","2"
"谒者仆射皇甫","1","1","2"
"者仆射皇甫郦","1","1","2"
"令虎贲王昌追","1","1","2"
"虎贲王昌追杀","1","1","2"
"郭汜车骑将军","2","0","2"
"杨奉兴义将军","2","0","2"
"宁辑将军段煨","1","1","2"
"南匈奴右贤王","1","1","2"
"执金吾伏完等","1","1","2"
"金吾伏完等数","1","1","2"
"吾伏完等数十","1","1","2"
"伏完等数十人","1","1","2"
"河内太守张杨","1","1","2"
"河东太守王邑","1","1","2"
"东太守王邑奉","1","1","2"
"太守王邑奉献","1","1","2"
"杨奉车骑将军","2","0","2"
"左将军刘备诱","1","1","2"
"谒者仆射裴茂","1","1","2"
"关中诸将段煨","1","1","2"
"中诸将段煨等","1","1","2"
"长水校尉种辑","1","1","2"
"攻杀凉州刺史","1","1","2"
"杀凉州刺史韦","1","1","2"
"凉州刺史韦康","1","1","2"
"称河首平汉王","1","1","2"
"陈留太守督促","1","1","2"
"五官中郎将堂","1","1","2"
"侍中祭酒乐松","1","1","2"
"幽州刺史杨熹","1","1","2"
"益州刺史庞芝","1","1","2"
"凉州刺史刘虔","1","1","2"
"丧服三十六日","1","1","2"
"七十二弟子像","1","1","2"
"使中常侍曹节","1","1","2"
"永乐门史霍玉","1","1","2"
"屯骑校尉盖升","1","1","2"
"光禄大夫桥玄","1","1","2"
"小文超取选举","1","1","2"
"将作大匠阳球","1","1","2"
"属吏张宛长休","1","1","2"
"吏张宛长休百","1","1","2"
"张宛长休百日","1","1","2"
"托河内郡吏李","1","1","2"
"河内郡吏李奇","1","1","2"
"侍御史胡母班","1","1","2"
"居五原安阳县","1","1","2"
"五原太守王智","1","1","2"
"补诸列传四十","1","1","2"
"诸列传四十二","1","1","2"
"列传四十二篇","1","1","2"
"愿明公威德加","1","1","2"
"盖延等击铜马","1","1","2"
"抗威将军刘均","1","1","2"
"分麾下精兵二","1","1","2"
"麾下精兵二万","1","1","2"
"下精兵二万人","1","1","2"
"建武元年正月","1","1","2"
"箕关将入河东","1","1","2"
"更始大将军樊","1","1","2"
"始大将军樊参","1","1","2"
"刘均等合军十","1","1","2"
"禹率轻骑急追","1","1","2"
"河东太守杨宝","1","1","2"
"持节中郎将弭","1","1","2"
"遣奉车都尉授","1","1","2"
"更始中郎将左","1","1","2"
"始中郎将左辅","1","1","2"
"中郎将左辅都","1","1","2"
"郎将左辅都尉","1","1","2"
"将左辅都尉公","1","1","2"
"左辅都尉公乘","1","1","2"
"辅都尉公乘歙","1","1","2"
"西河太守宗育","1","1","2"
"河太守宗育遣","1","1","2"
"更始诸将王匡","1","1","2"
"车骑将军邓弘","1","1","2"
"骑将军邓弘击","1","1","2"
"将军邓弘击赤","1","1","2"
"军邓弘击赤眉","1","1","2"
"护复汉将军邓","1","1","2"
"门下掾闵业共","1","1","2"
"更始大司马朱","1","1","2"
"始大司马朱鲔","1","1","2"
"寇恂文武备足","1","1","2"
"高祖留萧何镇","1","1","2"
"收租四百万斛","1","1","2"
"使讨难将军苏","1","1","2"
"光武传闻朱鲔","1","1","2"
"武传闻朱鲔破","1","1","2"
"密人贾期连兵","1","1","2"
"使骠骑将军杜","1","1","2"
"骠骑将军杜茂","1","1","2"
"颍川迫近京师","1","1","2"
"属大司马吴汉","1","1","2"
"率太中大夫窦","1","1","2"
"太中大夫窦士","1","1","2"
"武威太守梁统","1","1","2"
"威太守梁统等","1","1","2"
"太守梁统等围","1","1","2"
"遣军师皇甫文","1","1","2"
"高峻精兵万人","1","1","2"
"五迁桂阳太守","1","1","2"
"光禄大夫行服","1","1","2"
"御史中丞周纡","1","1","2"
"纡前失窦氏旨","1","1","2"
"吏人赙送前后","1","1","2"
"太傅张禹参录","1","1","2"
"傅张禹参录尚","1","1","2"
"张禹参录尚书","1","1","2"
"禹参录尚书事","1","1","2"
"见孔子垂经典","1","1","2"
"愿陛下留意下","1","1","2"
"书令左雄议郡","1","1","2"
"令左雄议郡举","1","1","2"
"左雄议郡举孝","1","1","2"
"雄议郡举孝廉","1","1","2"
"尚书仆射胡广","1","1","2"
"公台三十余年","1","1","2"
"十二州二十五","1","1","2"
"二州二十五官","1","1","2"
"州二十五官箴","1","1","2"
"灵帝思感旧德","1","1","2"
"铜马数十万众","1","1","2"
"手杀伤数十人","1","1","2"
"愿陛下微行数","1","1","2"
"光武司隶校尉","2","0","2"
"郎移檄购光武","2","0","2"
"虏将军马武东","1","1","2"
"将军马武东讨","1","1","2"
"军马武东讨周","1","1","2"
"马武东讨周建","1","1","2"
"五校兵四千余","1","1","2"
"校兵四千余人","1","1","2"
"兵四千余人救","1","1","2"
"遮击马武军粮","1","1","2"
"霸军中壮士路","1","1","2"
"军中壮士路润","1","1","2"
"中壮士路润等","1","1","2"
"壮士路润等数","1","1","2"
"士路润等数十","1","1","2"
"路润等数十人","1","1","2"
"匈奴左南将军","1","1","2"
"大将军杜茂会","1","1","2"
"将军杜茂会攻","1","1","2"
"军杜茂会攻卢","1","1","2"
"杜茂会攻卢芳","1","1","2"
"茂会攻卢芳将","1","1","2"
"会攻卢芳将尹","1","1","2"
"刑徒六千余人","1","1","2"
"新城蛮中山贼","1","1","2"
"城蛮中山贼张","1","1","2"
"蛮中山贼张满","1","1","2"
"遵引兵南击邓","1","1","2"
"引兵南击邓奉","1","1","2"
"兵南击邓奉弟","1","1","2"
"骁骑将军刘喜","1","1","2"
"遣护军傅玄袭","1","1","2"
"护军傅玄袭击","1","1","2"
"公孙述遣兵救","2","0","2"
"博士范升上疏","1","1","2"
"征虏将军颍阳","1","1","2"
"虏将军颍阳侯","1","1","2"
"中郎将黄琬共","1","1","2"
"前太原太守刘","1","1","2"
"前山阳太守翟","1","1","2"
"前司隶校尉李","1","1","2"
"高阳乡侯印绶","1","1","2"
"济阴太守单匡","1","1","2"
"中常侍车骑将","1","1","2"
"常侍车骑将军","1","1","2"
"王生一日千里","1","1","2"
"小黄门晋阳赵","1","1","2"
"黄门晋阳赵津","1","1","2"
"门晋阳赵津贪","1","1","2"
"晋阳赵津贪横","1","1","2"
"董卓迁都关中","1","1","2"
"石室图书秘纬","1","1","2"
"尚书郑公业等","1","1","2"
"执金吾士孙瑞","1","1","2"
"布驻马青琐门","1","1","2"
"驻马青琐门外","1","1","2"
"吏平陵令赵戬","1","1","2"
"平陵令赵戬弃","1","1","2"
"陵令赵戬弃官","1","1","2"
"令赵戬弃官营","1","1","2"
"赵戬弃官营丧","1","1","2"
"司隶校尉胡种","1","1","2"
"遣虎贲中郎将","2","0","2"
"虎贲中郎将奉","1","1","2"
"相国钟繇长史","1","1","2"
"世祖光武皇帝","1","1","2"
"发生舂陵节侯","1","1","2"
"买生郁林太守","1","1","2"
"外生巨鹿都尉","1","1","2"
"更始元年正月","1","1","2"
"成国上公王凤","1","1","2"
"骠骑大将军宗","1","1","2"
"骑大将军宗佻","1","1","2"
"五威将军李轶","1","1","2"
"威将军李轶等","1","1","2"
"将军李轶等十","1","1","2"
"军李轶等十三","1","1","2"
"诸将贪惜财货","1","1","2"
"刘将军平生见","1","1","2"
"将军平生见小","1","1","2"
"军平生见小敌","1","1","2"
"将军行大司马","2","0","2"
"王郎大将李育","1","1","2"
"尚书仆射谢躬","1","1","2"
"书仆射谢躬讨","1","1","2"
"王郎守将王饶","1","1","2"
"郎守将王饶坚","1","1","2"
"守将王饶坚守","1","1","2"
"遣侍御史持节","2","0","2"
"邓禹率六裨将","1","1","2"
"舞阴王李轶等","1","1","2"
"建武元年春正","1","1","2"
"武元年春正月","1","1","2"
"平陵人方望立","1","1","2"
"陵人方望立前","1","1","2"
"马武等十二将","1","1","2"
"武等十二将军","1","1","2"
"等十二将军追","1","1","2"
"难将军苏茂攻","1","1","2"
"将军苏茂攻温","1","1","2"
"刘秀发兵捕道","2","0","2"
"千秋亭五成陌","1","1","2"
"更始定国公王","1","1","2"
"始定国公王匡","1","1","2"
"率强弩将军陈","1","1","2"
"化将军坚镡等","1","1","2"
"将军坚镡等十","1","1","2"
"军坚镡等十一","1","1","2"
"坚镡等十一将","1","1","2"
"镡等十一将军","1","1","2"
"更始廪丘王田","1","1","2"
"始廪丘王田立","1","1","2"
"司马吴汉率九","1","1","2"
"更始复汉将军","1","1","2"
"始复汉将军邓","1","1","2"
"太中大夫宋弘","1","1","2"
"大将军景丹率","1","1","2"
"将军景丹率征","1","1","2"
"军景丹率征虏","1","1","2"
"景丹率征虏将","1","1","2"
"丹率征虏将军","1","1","2"
"将军祭遵等二","1","1","2"
"军祭遵等二将","1","1","2"
"祭遵等二将军","1","1","2"
"阳太守彭宠反","1","1","2"
"执金吾贾复率","1","1","2"
"金吾贾复率二","1","1","2"
"吾贾复率二将","1","1","2"
"贾复率二将军","1","1","2"
"更始郾王尹遵","1","1","2"
"骁骑将军刘植","1","1","2"
"封更始元氏王","1","1","2"
"更始元氏王歙","1","1","2"
"破虏将军邓奉","1","1","2"
"偏将军冯异代","1","1","2"
"太中大夫伏隆","1","1","2"
"南顿君上四庙","1","1","2"
"大司徒邓禹免","1","1","2"
"步杀光禄大夫","1","1","2"
"杀光禄大夫伏","1","1","2"
"禄大夫伏隆反","1","1","2"
"大司徒司直伏","1","1","2"
"司徒司直伏湛","1","1","2"
"刘永将苏茂战","1","1","2"
"将军岑彭率三","2","0","2"
"军岑彭率三将","2","0","2"
"岑彭率三将军","2","0","2"
"右将军邓禹率","1","1","2"
"虏将军祭遵率","1","1","2"
"太中大夫徐恽","1","1","2"
"中大夫徐恽擅","1","1","2"
"杀临淮太守刘","1","1","2"
"临淮太守刘度","1","1","2"
"武将军马成率","1","1","2"
"六年春正月丙","2","0","2"
"三辅遭难赤眉","1","1","2"
"卢芳将贾览高","2","0","2"
"芳将贾览高柳","2","0","2"
"乐浪太守王遵","1","1","2"
"前将军李通率","1","1","2"
"大司空宋弘免","1","1","2"
"使中郎将报命","2","0","2"
"年春正月丙申","2","0","2"
"云中太守乔扈","1","1","2"
"射声二校尉官","1","1","2"
"司隶校尉傅抗","1","1","2"
"大将军窦融率","1","1","2"
"将军窦融率五","1","1","2"
"置青巾左校尉","1","1","2"
"青巾左校尉官","1","1","2"
"大将军冯异等","1","1","2"
"将军冯异等五","1","1","2"
"军冯异等五将","1","1","2"
"冯异等五将军","1","1","2"
"置护羌校尉官","1","1","2"
"捕虏将军王霸","1","1","2"
"将军王霸等五","1","1","2"
"军王霸等五将","1","1","2"
"王霸等五将军","1","1","2"
"歙等大破隗纯","1","1","2"
"率舟师伐公孙","2","0","2"
"舟师伐公孙述","2","0","2"
"公孙述将王元","1","1","2"
"公孙述将侯丹","1","1","2"
"孙述将延岑战","1","1","2"
"刺杀征南大将","1","1","2"
"杀征南大将军","1","1","2"
"西太守马援击","1","1","2"
"公孙述将谢丰","1","1","2"
"九真徼外蛮夷","2","0","2"
"外蛮夷张游率","1","1","2"
"参狼羌寇武都","2","0","2"
"西太守马援讨","1","1","2"
"三年春正月庚","2","0","2"
"年春正月庚申","2","0","2"
"虏将军马武屯","1","1","2"
"一百三十七人","1","1","2"
"殷绍嘉公孔安","1","1","2"
"周承休公姬武","1","1","2"
"沛郡太守韩歆","1","1","2"
"三百六十五人","1","1","2"
"送公孙述瞽师","1","1","2"
"外白马羌豪率","1","1","2"
"匈奴遣使奉献","2","0","2"
"年春正月辛丑","2","0","2"
"大司徒韩歆免","1","1","2"
"大司马吴汉上","1","1","2"
"司马吴汉上书","1","1","2"
"马吴汉上书请","1","1","2"
"吴汉上书请封","1","1","2"
"汉上书请封皇","1","1","2"
"上书请封皇子","1","1","2"
"封立兄弟诸子","1","1","2"
"射声三校尉官","1","1","2"
"改青巾左校尉","1","1","2"
"州郡检核垦田","1","1","2"
"大将军杜茂免","1","1","2"
"诸郡守十余人","1","1","2"
"虎贲中郎将马","1","1","2"
"贲中郎将马援","1","1","2"
"骠骑将军段志","1","1","2"
"右翊公辅中山","2","0","2"
"翊公辅中山王","2","0","2"
"十八年春二月","1","1","2"
"楼船将军段志","1","1","2"
"船将军段志等","1","1","2"
"十九年春正月","1","1","2"
"中大夫臧宫围","1","1","2"
"九真贼都阳等","1","1","2"
"鲁三国公爵王","1","1","2"
"置函谷关都尉","1","1","2"
"二十年春二月","1","1","2"
"左中郎将刘隆","1","1","2"
"东夷韩国人率","1","1","2"
"济阳县徭役六","1","1","2"
"二十一年春正","1","1","2"
"车师王等十六","1","1","2"
"师王等十六国","1","1","2"
"二十二年春闰","1","1","2"
"薁鞬日逐王遣","2","0","2"
"鞬日逐王遣使","2","0","2"
"二十三年春正","1","1","2"
"陈留太守玉况","1","1","2"
"二十四年春正","1","1","2"
"年春正月乙亥","2","0","2"
"中山太守马成","1","1","2"
"山太守马成讨","1","1","2"
"波将军马援等","1","1","2"
"二十六年春正","1","1","2"
"将作大匠窦融","1","1","2"
"作大匠窦融上","1","1","2"
"中郎将段郴授","1","1","2"
"置使匈奴中郎","1","1","2"
"二十七年夏四","1","1","2"
"十七年夏四月","1","1","2"
"夷率种人内属","2","0","2"
"二十八年春正","1","1","2"
"年春正月己巳","1","1","2"
"死罪系囚皆一","2","0","2"
"罪系囚皆一切","2","0","2"
"系囚皆一切募","2","0","2"
"囚皆一切募下","2","0","2"
"皆一切募下蚕","2","0","2"
"冬十一月丁酉","1","1","2"
"中元元年春正","1","1","2"
"司隶校尉东莱","1","1","2"
"薄太后母德慈","1","1","2"
"太后母德慈仁","1","1","2"
"孝文皇帝贤明","1","1","2"
"年春正月辛未","2","0","2"
"东夷倭奴国王","1","1","2"
"国王遣使奉献","2","0","2"
"孝文皇帝制度","1","1","2"
"建平元年十二","1","1","2"
"平元年十二月","1","1","2"
"称陈圣刘太平","1","1","2"
"陈圣刘太平皇","1","1","2"
"圣刘太平皇帝","1","1","2"
"道士西门君惠","1","1","2"
"公卿大夫统理","1","1","2"
"长乐少府桓郁","1","1","2"
"安息国遣使献","2","0","2"
"息国遣使献师","2","0","2"
"国遣使献师子","2","0","2"
"永元元年春三","1","1","2"
"元元年春三月","1","1","2"
"度辽将军邓鸿","1","1","2"
"年春正月丁丑","2","0","2"
"上郡属国都尉","1","1","2"
"郡属国都尉官","1","1","2"
"赐公卿下佐史","2","0","2"
"公卿下佐史钱","2","0","2"
"兵攻西域长史","1","1","2"
"攻西域长史班","1","1","2"
"左谷蠡王师子","1","1","2"
"三年春正月甲","2","0","2"
"布两户共一匹","1","1","2"
"母阳公主长公","2","0","2"
"阳公主长公主","2","0","2"
"二千石长吏下","2","0","2"
"遣使者中牢祠","2","0","2"
"北匈奴右谷蠡","1","1","2"
"匈奴右谷蠡王","1","1","2"
"奴右谷蠡王於","1","1","2"
"右谷蠡王於除","1","1","2"
"大将军左校尉","1","1","2"
"将军左校尉耿","1","1","2"
"军左校尉耿夔","1","1","2"
"左校尉耿夔授","1","1","2"
"校尉耿夔授玺","1","1","2"
"射声校尉郭璜","1","1","2"
"叠弟步兵校尉","1","1","2"
"宪大将军印绶","1","1","2"
"武陵零陵澧中","1","1","2"
"陵零陵澧中蛮","1","1","2"
"零陵澧中蛮叛","1","1","2"
"京师离宫果园","1","1","2"
"师离宫果园上","1","1","2"
"离宫果园上林","1","1","2"
"勿收假税二岁","2","0","2"
"护羌校尉贯友","1","1","2"
"羌校尉贯友讨","1","1","2"
"流民所过郡国","1","1","2"
"西域都护班超","1","1","2"
"域都护班超大","1","1","2"
"匈奴中郎将杜","1","1","2"
"奴中郎将杜崇","1","1","2"
"护乌桓校尉任","1","1","2"
"乌桓校尉任尚","1","1","2"
"桓校尉任尚率","1","1","2"
"武陵溇中蛮叛","2","0","2"
"流民欲占者一","2","0","2"
"民欲占者一级","2","0","2"
"南匈奴右温禺","1","1","2"
"匈奴右温禺犊","1","1","2"
"奴右温禺犊王","1","1","2"
"右温禺犊王叛","1","1","2"
"度辽将军庞奋","1","1","2"
"斩右温禺犊王","1","1","2"
"南宫宣室殿火","1","1","2"
"西域长史王林","1","1","2"
"辽东太守祭参","1","1","2"
"皇太后窦氏崩","2","0","2"
"越骑校尉赵世","1","1","2"
"骑校尉赵世等","1","1","2"
"校尉赵世等讨","1","1","2"
"追尊皇妣梁贵","1","1","2"
"尊皇妣梁贵人","1","1","2"
"改葬恭怀梁皇","1","1","2"
"葬恭怀梁皇后","1","1","2"
"禄勋河南吕盖","1","1","2"
"年春三月壬戌","2","0","2"
"太常太山巢堪","1","1","2"
"赐博士员弟子","2","0","2"
"日南象林蛮夷","1","1","2"
"南象林蛮夷反","1","1","2"
"北宫盛馔门阁","1","1","2"
"护羌校尉周鲔","1","1","2"
"羌校尉周鲔击","1","1","2"
"校尉周鲔击烧","1","1","2"
"年春二月乙卯","1","1","2"
"城西部都尉戍","1","1","2"
"置象林将兵长","1","1","2"
"象林将兵长史","1","1","2"
"林将兵长史官","1","1","2"
"郡国上计补郎","1","1","2"
"国上计补郎官","1","1","2"
"皆半入年田租","2","0","2"
"元兴元年春正","1","1","2"
"兴元年春正月","1","1","2"
"引三署郎召见","1","1","2"
"东太守耿夔击","1","1","2"
"太守耿夔击貊","1","1","2"
"守耿夔击貊人","1","1","2"
"帝崩章德前殿","2","0","2"
"元兴元年十二","1","1","2"
"兴元年十二月","1","1","2"
"延平元年春正","1","1","2"
"渔阳太守张显","1","1","2"
"阳太守张显追","1","1","2"
"太守张显追击","1","1","2"
"膳靡丽难成物","2","0","2"
"王侯家奴婢姓","1","1","2"
"侯家奴婢姓刘","1","1","2"
"刺史垂头塞耳","1","1","2"
"太后兄车骑将","1","1","2"
"兄车骑将军邓","1","1","2"
"延平元年秋八","1","1","2"
"平元年秋八月","1","1","2"
"皇帝懿德巍巍","1","1","2"
"孝章帝世嫡皇","1","1","2"
"章帝世嫡皇孙","1","1","2"
"分清河国封帝","1","1","2"
"清河国封帝弟","1","1","2"
"长乐卫尉鲁恭","1","1","2"
"外夜郎蛮夷举","1","1","2"
"皇太后母阴氏","1","1","2"
"太后母阴氏新","1","1","2"
"后母阴氏新野","1","1","2"
"母阴氏新野君","1","1","2"
"诏死罪下亡命","2","0","2"
"死罪下亡命赎","2","0","2"
"新城山泉水大","1","1","2"
"司空周章密谋","1","1","2"
"空周章密谋废","1","1","2"
"周章密谋废立","1","1","2"
"颍川太守张敏","1","1","2"
"光禄大夫樊准","1","1","2"
"烧杀三千五百","1","1","2"
"杀三千五百七","1","1","2"
"三千五百七十","1","1","2"
"千五百七十人","1","1","2"
"二千石长吏明","1","1","2"
"王国官属墨绶","1","1","2"
"国官属墨绶下","1","1","2"
"骑都尉任仁讨","1","1","2"
"大鸿胪九江夏","1","1","2"
"鸿胪九江夏勤","1","1","2"
"贼张伯路等寇","1","1","2"
"四年春正月元","1","1","2"
"年春正月元日","1","1","2"
"史中丞王宗督","1","1","2"
"中丞王宗督青","1","1","2"
"丞王宗督青州","1","1","2"
"王宗督青州刺","1","1","2"
"宗督青州刺史","1","1","2"
"督青州刺史法","1","1","2"
"青州刺史法雄","1","1","2"
"东太守耿夔讨","1","1","2"
"太守耿夔讨破","1","1","2"
"守耿夔讨破南","1","1","2"
"耿夔讨破南单","1","1","2"
"雍二营都尉官","1","1","2"
"郡国贡献太官","1","1","2"
"国贡献太官口","1","1","2"
"贡献太官口食","1","1","2"
"赦凉州河西四","1","1","2"
"诸侯相举贤良","1","1","2"
"侯相举贤良方","1","1","2"
"诏令中二千石","1","1","2"
"令中二千石下","1","1","2"
"中二千石下黄","2","0","2"
"侍御史唐喜讨","1","1","2"
"护乌桓校尉吴","1","1","2"
"乌桓校尉吴祉","1","1","2"
"先零羌滇零死","1","1","2"
"子零昌复袭伪","1","1","2"
"零昌复袭伪号","1","1","2"
"七年春正月庚","2","0","2"
"蝗虫飞过洛阳","1","1","2"
"元初元年春正","1","1","2"
"大司农山阳司","1","1","2"
"司农山阳司马","1","1","2"
"农山阳司马苞","1","1","2"
"败凉州刺史皮","1","1","2"
"凉州刺史皮阳","1","1","2"
"除三辅三岁田","1","1","2"
"三辅三岁田租","1","1","2"
"蜀郡青衣道夷","1","1","2"
"中谒者收葬京","1","1","2"
"谒者收葬京师","1","1","2"
"者收葬京师客","1","1","2"
"收葬京师客死","1","1","2"
"中郎将尹就讨","1","1","2"
"太仆太山马英","1","1","2"
"中郎将任尚屯","1","1","2"
"武陵澧中蛮叛","2","0","2"
"修理太原旧沟","1","1","2"
"理太原旧沟渠","1","1","2"
"护羌校尉任尚","1","1","2"
"京师郡国五旱","2","0","2"
"郡国十四地震","1","1","2"
"三府选掾属高","1","1","2"
"能惠利牧养者","1","1","2"
"中郎将选孝廉","1","1","2"
"郎将选孝廉郎","1","1","2"
"将选孝廉郎宽","1","1","2"
"选孝廉郎宽博","1","1","2"
"军邓遵率南单","1","1","2"
"永宁元年春正","1","1","2"
"卫尉庐江陈褒","1","1","2"
"建光元年春正","1","1","2"
"光元年春正月","1","1","2"
"州刺史冯焕率","1","1","2"
"追尊皇考清河","1","1","2"
"尊皇考清河孝","1","1","2"
"皇考清河孝王","1","1","2"
"东太守蔡讽追","1","1","2"
"太守蔡讽追击","1","1","2"
"尊孝德皇元妃","1","1","2"
"孝德皇元妃耿","1","1","2"
"德皇元妃耿氏","1","1","2"
"辽东属国都尉","1","1","2"
"东属国都尉庞","1","1","2"
"属国都尉庞奋","1","1","2"
"伪玺书杀玄菟","1","1","2"
"玺书杀玄菟太","1","1","2"
"书杀玄菟太守","1","1","2"
"杀玄菟太守姚","1","1","2"
"鲜卑寇居庸关","1","1","2"
"郡国二十九雨","1","1","2"
"国二十九雨水","1","1","2"
"郡国三十五地","1","1","2"
"国三十五地震","1","1","2"
"延光元年春二","1","1","2"
"光元年春二月","1","1","2"
"师郡国二十一","1","1","2"
"宗正彭城刘授","1","1","2"
"封河间王开子","2","0","2"
"将军耿夔讨破","2","0","2"
"死者年七岁上","2","0","2"
"者年七岁上钱","2","0","2"
"益州刺史蜀郡","1","1","2"
"州刺史蜀郡西","1","1","2"
"刺史蜀郡西部","1","1","2"
"史蜀郡西部都","1","1","2"
"蜀郡西部都尉","1","1","2"
"郡西部都尉讨","1","1","2"
"郡国十一大风","1","1","2"
"令三署郎通达","1","1","2"
"三署郎通达经","1","1","2"
"署郎通达经术","1","1","2"
"光禄勋东莱刘","1","1","2"
"年春二月丙子","2","0","2"
"使者祠唐尧成","2","0","2"
"者祠唐尧成阳","2","0","2"
"宗祀五帝汶上","2","0","2"
"祀五帝汶上明","2","0","2"
"五帝汶上明堂","2","0","2"
"奴中郎将马翼","1","1","2"
"死罪系囚减罪","1","1","2"
"罪系囚减罪一","1","1","2"
"系囚减罪一等","1","1","2"
"遣使者祠太上","2","0","2"
"使者祠太上皇","2","0","2"
"年春正月壬午","2","0","2"
"令大将军耿宝","1","1","2"
"祖父河间孝王","1","1","2"
"追尊皇祖河间","1","1","2"
"尊皇祖河间孝","1","1","2"
"皇祖河间孝王","1","1","2"
"扬二州人多饿","1","1","2"
"二州人多饿死","1","1","2"
"直言极谏者一","2","0","2"
"言极谏者一人","2","0","2"
"郡国系囚减死","1","1","2"
"国系囚减死罪","1","1","2"
"陈留盗贼李坚","1","1","2"
"三年春三月甲","1","1","2"
"年春三月甲申","1","1","2"
"扶风妖贼裴优","1","1","2"
"冬十一月辛巳","2","0","2"
"元嘉元年春正","1","1","2"
"永兴元年春二","1","1","2"
"兴元年春二月","1","1","2"
"武陵太守应奉","1","1","2"
"陵太守应奉招","1","1","2"
"二千石行三年","2","0","2"
"千石行三年丧","2","0","2"
"永寿元年春正","1","1","2"
"寿元年春正月","1","1","2"
"年春正月戊申","2","0","2"
"安定属国都尉","1","1","2"
"贼公孙举等寇","1","1","2"
"九真都尉魏朗","1","1","2"
"太常北海孙朗","1","1","2"
"延熹元年春三","1","1","2"
"熹元年春三月","1","1","2"
"分中山置博陵","1","1","2"
"中山置博陵郡","1","1","2"
"奉孝崇皇园陵","1","1","2"
"太常胡广太尉","2","0","2"
"司隶校尉张彪","1","1","2"
"废懿陵贵人冢","2","0","2"
"孝质皇帝聪敏","1","1","2"
"质皇帝聪敏早","1","1","2"
"皇帝聪敏早茂","1","1","2"
"永乐太后亲尊","1","1","2"
"乐太后亲尊莫","1","1","2"
"太后亲尊莫二","1","1","2"
"尚书令尹勋等","1","1","2"
"书令尹勋等激","1","1","2"
"三年春正月丙","2","0","2"
"勒姐羌围允街","1","1","2"
"中郎将宗资讨","1","1","2"
"年春正月辛酉","2","0","2"
"益州刺史山昱","1","1","2"
"中藏府承禄署","1","1","2"
"贼焚烧长沙郡","1","1","2"
"兆虎牙都尉宗","1","1","2"
"虎牙都尉宗谦","1","1","2"
"西太守孙羌讨","1","1","2"
"年春正月庚寅","2","0","2"
"州刺史度尚击","1","1","2"
"刺史度尚击零","1","1","2"
"史度尚击零陵","1","1","2"
"羌校尉段颎击","2","0","2"
"零陵太守陈球","1","1","2"
"苍梧太守张叙","1","1","2"
"桂阳太守任胤","1","1","2"
"立贵人窦氏皇","2","0","2"
"贵人窦氏皇后","2","0","2"
"勃海妖贼盖登","1","1","2"
"海妖贼盖登等","1","1","2"
"妖贼盖登等称","1","1","2"
"贼盖登等称太","1","1","2"
"盖登等称太上","1","1","2"
"登等称太上皇","1","1","2"
"等称太上皇帝","1","1","2"
"太原太守刘质","1","1","2"
"光禄勋汝南宣","1","1","2"
"隶校尉李膺等","1","1","2"
"校尉李膺等二","1","1","2"
"尉李膺等二百","1","1","2"
"李膺等二百余","1","1","2"
"膺等二百余人","1","1","2"
"永康元年春正","1","1","2"
"太守公孙域战","1","1","2"
"曾祖河间孝王","1","1","2"
"父城门校尉窦","1","1","2"
"门校尉窦武定","1","1","2"
"校尉窦武定策","1","1","2"
"建宁元年春正","1","1","2"
"段颎大破先零","2","0","2"
"颎大破先零羌","2","0","2"
"诏公卿下上封","2","0","2"
"公卿下上封事","2","0","2"
"破羌将军段颎","2","0","2"
"屯骑校尉冯述","1","1","2"
"尊慎园董贵人","1","1","2"
"丹阳山越贼围","1","1","2"
"阳山越贼围太","1","1","2"
"山越贼围太守","1","1","2"
"越贼围太守陈","1","1","2"
"贼围太守陈夤","1","1","2"
"奏前司空虞放","1","1","2"
"长乐太仆曹节","1","1","2"
"者巡行致医药","2","0","2"
"熹平元年春三","1","1","2"
"平元年春三月","1","1","2"
"太学诸生千余","1","1","2"
"学诸生千余人","1","1","2"
"杨州刺史臧旻","2","0","2"
"丹阳太守陈寅","1","1","2"
"北地太守夏育","1","1","2"
"地太守夏育追","1","1","2"
"太守夏育追击","1","1","2"
"太常南阳刘逸","1","1","2"
"黑山贼张牛角","1","1","2"
"山贼张牛角等","1","1","2"
"贼张牛角等十","1","1","2"
"张牛角等十余","1","1","2"
"牛角等十余辈","1","1","2"
"北宫伯玉等寇","1","1","2"
"谏议大夫刘陶","1","1","2"
"张温破北宫伯","1","1","2"
"温破北宫伯玉","1","1","2"
"中郎将董卓讨","1","1","2"
"荆州刺史王敏","1","1","2"
"州刺史王敏讨","1","1","2"
"河南尹何苗讨","1","1","2"
"州刺史耿鄙讨","1","1","2"
"汉阳太守傅燮","1","1","2"
"阳太守傅燮战","1","1","2"
"南匈奴左部胡","1","1","2"
"益州黄巾马相","1","1","2"
"射声校尉马日","1","1","2"
"中郎将孟益率","1","1","2"
"郎将孟益率骑","1","1","2"
"将孟益率骑都","1","1","2"
"孟益率骑都尉","1","1","2"
"益率骑都尉公","1","1","2"
"率骑都尉公孙","1","1","2"
"凉州贼王国围","1","1","2"
"州贼王国围陈","1","1","2"
"贼王国围陈仓","1","1","2"
"右将军皇甫嵩","1","1","2"
"军校尉鲍鸿讨","1","1","2"
"部司马赵瑾讨","1","1","2"
"大将军何进参","1","1","2"
"孝仁皇后董氏","1","1","2"
"孝仁皇后归葬","1","1","2"
"仁皇后归葬河","1","1","2"
"皇后归葬河间","1","1","2"
"后归葬河间慎","1","1","2"
"归葬河间慎陵","1","1","2"
"杀大将军何进","1","1","2"
"郎将袁术烧东","1","1","2"
"将袁术烧东西","1","1","2"
"袁术烧东西宫","1","1","2"
"何进部曲将吴","1","1","2"
"进部曲将吴匡","1","1","2"
"骑将军何苗战","1","1","2"
"伪司隶校尉樊","1","1","2"
"司隶校尉樊陵","1","1","2"
"中平六年四月","1","1","2"
"董卓杀皇太后","1","1","2"
"卓杀皇太后何","1","1","2"
"杀皇太后何氏","1","1","2"
"太中大夫杨彪","1","1","2"
"大夫杨彪司空","2","0","2"
"大将军窦武等","1","1","2"
"白波贼寇河东","2","0","2"
"董卓杀弘农王","1","1","2"
"董卓杀城门校","1","1","2"
"卓杀城门校尉","1","1","2"
"杀城门校尉伍","1","1","2"
"董卓杀太傅袁","1","1","2"
"卓杀太傅袁隗","1","1","2"
"袁术遣将孙坚","2","0","2"
"发掘洛阳诸帝","1","1","2"
"掘洛阳诸帝陵","1","1","2"
"董卓杀卫尉张","1","1","2"
"卓杀卫尉张温","1","1","2"
"太山太守应劭","1","1","2"
"东郡太守曹操","1","1","2"
"郡太守曹操大","1","1","2"
"太守曹操大破","1","1","2"
"守曹操大破黄","1","1","2"
"曹操大破黄巾","1","1","2"
"征西将军皇甫","1","1","2"
"西将军皇甫嵩","1","1","2"
"城门校尉崔烈","1","1","2"
"越骑校尉王颀","1","1","2"
"光禄大夫杨彪","1","1","2"
"太尉皇甫嵩免","1","1","2"
"光禄大夫周忠","1","1","2"
"侍御史裴茂讯","1","1","2"
"儒生四十余人","1","1","2"
"兴平元年春正","1","1","2"
"追尊谥皇妣王","1","1","2"
"尊谥皇妣王氏","1","1","2"
"分凉州河西四","1","1","2"
"谷一斛五十万","2","0","2"
"步兵校尉魏桀","1","1","2"
"大司农张义等","1","1","2"
"建安元年春正","1","1","2"
"年春正月癸酉","2","0","2"
"安国将军张杨","1","1","2"
"遣谒者裴茂率","1","1","2"
"中郎将段煨讨","1","1","2"
"置尚书左右仆","1","1","2"
"尚书左右仆射","1","1","2"
"曹操杀董承等","1","1","2"
"八年冬十月己","1","1","2"
"年冬十月己巳","1","1","2"
"十二年秋八月","1","1","2"
"黄巾贼杀济南","1","1","2"
"巾贼杀济南王","1","1","2"
"曹操杀太中大","1","1","2"
"操杀太中大夫","1","1","2"
"杀太中大夫孔","1","1","2"
"太中大夫孔融","1","1","2"
"十六年秋九月","1","1","2"
"十七年夏五月","1","1","2"
"七年夏五月癸","1","1","2"
"年夏五月癸未","1","1","2"
"曹操遣将夏侯","1","1","2"
"操遣将夏侯渊","1","1","2"
"曹操杀皇后伏","1","1","2"
"操杀皇后伏氏","1","1","2"
"二十年春正月","1","1","2"
"赐诸王侯公卿","1","1","2"
"二十一年夏四","1","1","2"
"十一年夏四月","1","1","2"
"五年春正月庚","2","0","2"
"都山阳浊鹿城","1","1","2"
"四皇子封王者","1","1","2"
"魏青龙二年三","1","1","2"
"青龙二年三月","1","1","2"
"汉天子礼仪葬","1","1","2"
"康立五十一年","1","1","2"
"太子乳母王男","1","1","2"
"征立诸国王子","1","1","2"
"黄门孙程等十","1","1","2"
"门孙程等十九","1","1","2"
"孙程等十九人","1","1","2"
"德阳殿西钟下","1","1","2"
"尚书令刘光等","1","1","2"
"书令刘光等奏","1","1","2"
"少府河南陶敦","1","1","2"
"延光三年九月","1","1","2"
"年春正月甲寅","2","0","2"
"桓校尉耿晔率","1","1","2"
"遣使者录囚徒","2","0","2"
"煌太守张朗讨","1","1","2"
"年春正月丙子","2","0","2"
"桂阳太守文砻","1","1","2"
"杀妻阴城公主","1","1","2"
"置伊吾司马一","1","1","2"
"伊吾司马一人","1","1","2"
"冬十一月辛亥","1","1","2"
"阳嘉元年春正","1","1","2"
"始作候风地动","1","1","2"
"作候风地动铜","1","1","2"
"候风地动铜仪","1","1","2"
"郡国耆儒九十","1","1","2"
"国耆儒九十人","1","1","2"
"女子九十七人","1","1","2"
"匈奴中郎将王","1","1","2"
"奴中郎将王稠","1","1","2"
"中郎将王稠率","1","1","2"
"四十八人补郎","1","1","2"
"太常鲁国孔扶","1","1","2"
"鸿胪沛国施延","1","1","2"
"车师后部司马","1","1","2"
"师后部司马率","1","1","2"
"后部王加特奴","1","1","2"
"部王加特奴等","1","1","2"
"大司农南郡黄","1","1","2"
"司农南郡黄尚","1","1","2"
"光禄勋河东王","1","1","2"
"禄勋河东王卓","1","1","2"
"武都塞上屯羌","1","1","2"
"外羌攻破屯官","1","1","2"
"武陵太守李进","1","1","2"
"光禄勋冯翊郭","1","1","2"
"禄勋冯翊郭虔","1","1","2"
"江夏盗贼杀邾","1","1","2"
"徐州刺史应志","1","1","2"
"吴郡丞羊珍反","1","1","2"
"九真太守祝良","1","1","2"
"四府掾属刚毅","1","1","2"
"府掾属刚毅武","1","1","2"
"掾属刚毅武猛","1","1","2"
"年春正月庚辰","2","0","2"
"弘农太守张凤","1","1","2"
"校尉马贤讨烧","2","0","2"
"尉马贤讨烧羌","2","0","2"
"辽将军马续讨","1","1","2"
"匈奴中郎将陈","1","1","2"
"奴中郎将陈龟","1","1","2"
"威太守赵冲讨","1","1","2"
"光禄大夫郭遵","1","1","2"
"刘班等八人分","1","1","2"
"车骑将军张乔","1","1","2"
"司隶校尉赵峻","1","1","2"
"立南匈奴守义","1","1","2"
"南匈奴守义王","1","1","2"
"匈奴守义王兜","1","1","2"
"奴守义王兜楼","1","1","2"
"守义王兜楼储","1","1","2"
"徐盗贼攻烧城","1","1","2"
"护羌校尉卫琚","1","1","2"
"羌校尉卫琚追","1","1","2"
"江夏盗贼寇掠","1","1","2"
"夏盗贼寇掠城","1","1","2"
"盗贼寇掠城邑","1","1","2"
"奴中郎将马寔","2","0","2"
"击南匈奴左部","1","1","2"
"周生等寇掠城","1","1","2"
"生等寇掠城邑","1","1","2"
"御史中丞冯赦","1","1","2"
"史中丞冯赦督","1","1","2"
"九江太守丘腾","1","1","2"
"零陵太守刘康","1","1","2"
"羌校尉赵冲追","1","1","2"
"校尉赵冲追击","1","1","2"
"尉赵冲追击叛","1","1","2"
"赵冲追击叛羌","1","1","2"
"永憙元年春正","1","1","2"
"憙元年春正月","1","1","2"
"豫章太守虞续","1","1","2"
"九江都尉滕抚","1","1","2"
"江都尉滕抚讨","1","1","2"
"丹阳贼陆宫等","1","1","2"
"阳贼陆宫等围","1","1","2"
"贼陆宫等围城","1","1","2"
"丹阳太守江汉","1","1","2"
"名山大泽能兴","1","1","2"
"山大泽能兴云","1","1","2"
"广陵太守王喜","1","1","2"
"显宗孝明皇帝","1","1","2"
"中元二年二月","1","1","2"
"中元元年四月","1","1","2"
"发天水三千人","1","1","2"
"永平元年春正","1","1","2"
"东太守祭肜使","1","1","2"
"太守祭肜使鲜","1","1","2"
"守祭肜使鲜卑","1","1","2"
"宗祀光武皇帝","2","0","2"
"祀光武皇帝明","2","0","2"
"光武皇帝明堂","2","0","2"
"公卿列侯始服","1","1","2"
"卿列侯始服冠","1","1","2"
"列侯始服冠冕","1","1","2"
"年春正月癸巳","2","0","2"
"南阳太守虞延","1","1","2"
"元氏县田租更","1","1","2"
"氏县田租更赋","1","1","2"
"县田租更赋六","1","1","2"
"赐三公帛五十","1","1","2"
"三公帛五十匹","1","1","2"
"越骑司马郑众","1","1","2"
"三公募郡国中","1","1","2"
"公募郡国中都","1","1","2"
"募郡国中都官","1","1","2"
"年春三月辛丑","2","0","2"
"墨绶长吏视事","1","1","2"
"绶长吏视事三","1","1","2"
"征沛王辅会睢","2","0","2"
"沛王辅会睢阳","2","0","2"
"益州西部都尉","1","1","2"
"作谒者王吴修","1","1","2"
"流民名数欲占","2","0","2"
"民名数欲占者","2","0","2"
"十四年春三月","1","1","2"
"巨鹿太守南阳","1","1","2"
"死罪缣四十匹","1","1","2"
"完城旦司寇五","2","0","2"
"城旦司寇五匹","2","0","2"
"令天下大酺五","2","0","2"
"天下大酺五日","2","0","2"
"驸马都尉韩光","1","1","2"
"大司农西河王","1","1","2"
"死罪系囚减死","1","1","2"
"罪系囚减死罪","1","1","2"
"云中太守廉范","1","1","2"
"汝南太守鲍昱","1","1","2"
"太常择吉日策","1","1","2"
"常择吉日策告","1","1","2"
"择吉日策告宗","1","1","2"
"吉日策告宗庙","1","1","2"
"遣奉车都尉窦","2","0","2"
"十八年春三月","1","1","2"
"八年春三月丁","1","1","2"
"年春三月丁亥","1","1","2"
"死罪缣三十匹","1","1","2"
"吏人犯罪未发","1","1","2"
"人犯罪未发觉","1","1","2"
"名山大川能兴","1","1","2"
"山大川能兴云","1","1","2"
"大川能兴云致","1","1","2"
"川能兴云致雨","1","1","2"
"能兴云致雨者","2","0","2"
"龟兹攻西域都","1","1","2"
"兹攻西域都护","1","1","2"
"攻西域都护陈","1","1","2"
"西域都护陈睦","1","1","2"
"藏主光烈皇后","2","0","2"
"主光烈皇后更","2","0","2"
"烈皇后更衣室","2","0","2"
"贵人金印紫绶","1","1","2"
"田宅财产数百","1","1","2"
"宅财产数百万","1","1","2"
"后中子右翊公","1","1","2"
"公卿诸侯亲家","1","1","2"
"卿诸侯亲家饮","1","1","2"
"赏赐金钱缣帛","1","1","2"
"更始元年六月","1","1","2"
"阴贵人乡里良","1","1","2"
"贵人乡里良家","1","1","2"
"母蔺夫人悲伤","1","1","2"
"蔺夫人悲伤发","1","1","2"
"夫人悲伤发疾","1","1","2"
"虎贲中郎将梁","1","1","2"
"贲中郎将梁松","1","1","2"
"黄门侍郎窦固","1","1","2"
"门侍郎窦固等","1","1","2"
"尊后曰皇太后","2","0","2"
"建武末选入太","1","1","2"
"武末选入太子","1","1","2"
"末选入太子宫","1","1","2"
"中元二年生肃","1","1","2"
"元二年生肃宗","1","1","2"
"御府杂帛二万","1","1","2"
"府杂帛二万匹","1","1","2"
"大司农黄金千","1","1","2"
"司农黄金千斤","1","1","2"
"宋贵人生皇太","1","1","2"
"贵人生皇太子","1","1","2"
"益汤沐邑三千","1","1","2"
"汤沐邑三千户","1","1","2"
"司空张奋上奏","1","1","2"
"前世上官太后","1","1","2"
"司徒鲁恭持节","1","1","2"
"徒鲁恭持节赐","1","1","2"
"宗亲外内昆弟","1","1","2"
"先帝早弃天下","1","1","2"
"赐贵人王青盖","1","1","2"
"贵人王青盖车","1","1","2"
"前代外戚宾客","1","1","2"
"四府掾史五十","1","1","2"
"府掾史五十余","1","1","2"
"掾史五十余人","1","1","2"
"东观受读经传","1","1","2"
"死罪三十六人","1","1","2"
"永宁二年二月","1","1","2"
"帝幸宫人李氏","1","1","2"
"万三千五百户","1","1","2"
"中常侍樊丰等","1","1","2"
"常侍樊丰等共","1","1","2"
"大将军耿宝位","1","1","2"
"将军耿宝位尊","1","1","2"
"军耿宝位尊权","1","1","2"
"耿宝位尊权重","1","1","2"
"党中常侍樊丰","1","1","2"
"虎贲中郎将谢","1","1","2"
"贲中郎将谢恽","1","1","2"
"笃弟大将军长","1","1","2"
"弟大将军长史","1","1","2"
"永婿黄门侍郎","1","1","2"
"婿黄门侍郎樊","1","1","2"
"黄门侍郎樊严","1","1","2"
"门侍郎樊严等","1","1","2"
"梁小贵人宜配","1","1","2"
"小贵人宜配天","1","1","2"
"寿安殿立贵人","1","1","2"
"日南蛮夷攻城","1","1","2"
"南蛮夷攻城暴","1","1","2"
"蛮夷攻城暴掠","1","1","2"
"委任太尉李固","1","1","2"
"年十三选入掖","1","1","2"
"十三选入掖庭","1","1","2"
"生女舞阳长公","1","1","2"
"女舞阳长公主","1","1","2"
"将作大匠复土","1","1","2"
"大将军梁冀妻","1","1","2"
"永兴中进入掖","1","1","2"
"兴中进入掖庭","1","1","2"
"后本郎中邓香","1","1","2"
"香车骑将军安","1","1","2"
"车骑将军安阳","1","1","2"
"骑将军安阳侯","1","1","2"
"将军安阳侯印","1","1","2"
"军安阳侯印绶","1","1","2"
"建宁四年十月","1","1","2"
"称永乐后属请","1","1","2"
"后兄大将军进","2","0","2"
"使故中常侍夏","1","1","2"
"故中常侍夏恽","1","1","2"
"中常侍王甫枉","1","1","2"
"太中大夫程阿","1","1","2"
"中大夫程阿共","1","1","2"
"归宋氏旧茔皋","1","1","2"
"宋氏旧茔皋门","1","1","2"
"氏旧茔皋门亭","1","1","2"
"问羽林左监许","1","1","2"
"羽林左监许永","1","1","2"
"法相选入掖庭","1","1","2"
"郎中令李儒进","1","1","2"
"中令李儒进鸩","1","1","2"
"初平元年二月","1","1","2"
"河南尹骆业复","1","1","2"
"南尹骆业复土","1","1","2"
"桓帝女阳安公","1","1","2"
"帝女阳安公主","1","1","2"
"御史大夫郗虑","1","1","2"
"史大夫郗虑持","1","1","2"
"车服礼仪皆依","1","1","2"
"服礼仪皆依汉","1","1","2"
"礼仪皆依汉制","1","1","2"
"肃宗孝章皇帝","1","1","2"
"名数流人欲占","2","0","2"
"数流人欲占者","2","0","2"
"流人欲占者人","2","0","2"
"人欲占者人一","2","0","2"
"西将军耿秉屯","1","1","2"
"救戊己校尉耿","1","1","2"
"戊己校尉耿恭","1","1","2"
"孝明皇帝圣德","1","1","2"
"明皇帝圣德淳","1","1","2"
"建初元年春正","1","1","2"
"刺史明加督察","1","1","2"
"泉太守段彭讨","1","1","2"
"南阳太守桓虞","1","1","2"
"中元元年诏书","1","1","2"
"使五官中郎将","1","1","2"
"五官中郎将魏","1","1","2"
"官中郎将魏应","1","1","2"
"中郎将魏应承","1","1","2"
"郎将魏应承制","1","1","2"
"将魏应承制问","1","1","2"
"行月令迎气乐","1","1","2"
"赐公钱四十万","1","1","2"
"皆减本罪一等","2","0","2"
"完城旦司寇三","2","0","2"
"城旦司寇三匹","2","0","2"
"年春正月乙酉","2","0","2"
"大会外内群臣","1","1","2"
"一人空虚多疚","1","1","2"
"加赐河南女子","1","1","2"
"赐河南女子百","1","1","2"
"河南女子百户","1","1","2"
"南女子百户牛","1","1","2"
"丘陵土地所宜","1","1","2"
"元氏七年徭役","1","1","2"
"域长史班超击","2","0","2"
"护羌校尉刘盱","1","1","2"
"羌校尉刘盱讨","1","1","2"
"赐高年二人共","1","1","2"
"高年二人共布","1","1","2"
"年二人共布帛","1","1","2"
"死罪缣二十匹","1","1","2"
"钳城旦舂七匹","1","1","2"
"北匈奴屋兰储","1","1","2"
"匈奴屋兰储等","1","1","2"
"奴屋兰储等率","1","1","2"
"魏文帝称明帝","1","1","2"
"文帝称明帝察","1","1","2"
"帝称明帝察察","1","1","2"
"南阳太守岑公","1","1","2"
"阳太守岑公孝","1","1","2"
"天下模楷李元","1","1","2"
"下模楷李元礼","1","1","2"
"畏强御陈仲举","1","1","2"
"天下俊秀王叔","1","1","2"
"下俊秀王叔茂","1","1","2"
"母师氏能通经","1","1","2"
"师氏能通经学","1","1","2"
"赐号义成夫人","1","1","2"
"司空张温车骑","2","0","2"
"空张温车骑将","2","0","2"
"张温车骑将军","2","0","2"
"辅国将军伏完","1","1","2"
"国将军伏完等","1","1","2"
"将军伏完等十","1","1","2"
"军伏完等十余","1","1","2"
"伏完等十余人","1","1","2"
"赠沮俊弘农太","2","0","2"
"沮俊弘农太守","2","0","2"
"四方分崩离析","1","1","2"
"食邑千二百户","1","1","2"
"司空尹勤同日","1","1","2"
"育阳安乐乡侯","1","1","2"
"太傅陈蕃参录","1","1","2"
"傅陈蕃参录尚","1","1","2"
"陈蕃参录尚书","1","1","2"
"蕃参录尚书事","1","1","2"
"将持节奉策赠","1","1","2"
"持节奉策赠太","1","1","2"
"节奉策赠太傅","1","1","2"
"安乐乡侯印绶","1","1","2"
"努力疾风知劲","1","1","2"
"力疾风知劲草","1","1","2"
"发兵攻拔邯郸","1","1","2"
"奸将军侯进等","1","1","2"
"将军侯进等五","1","1","2"
"军侯进等五万","1","1","2"
"显宗女浚仪长","1","1","2"
"宗女浚仪长公","1","1","2"
"女浚仪长公主","1","1","2"
"骁骑将军刘歆","1","1","2"
"天水伐公孙述","1","1","2"
"河南尹护丧事","1","1","2"
"中坚将军杜茂","1","1","2"
"大司空王梁免","1","1","2"
"将军盖延率四","1","1","2"
"军盖延率四将","1","1","2"
"盖延率四将军","1","1","2"
"更始将苏茂杀","1","1","2"
"始将苏茂杀淮","1","1","2"
"将苏茂杀淮阳","1","1","2"
"苏茂杀淮阳太","1","1","2"
"茂杀淮阳太守","1","1","2"
"杀淮阳太守潘","1","1","2"
"淮阳太守潘蹇","1","1","2"
"郡太守张丰反","1","1","2"
"杀楚郡太守孙","1","1","2"
"楚郡太守孙萌","1","1","2"
"将军盖延等七","1","1","2"
"军盖延等七将","1","1","2"
"盖延等七将军","1","1","2"
"日南徼外蛮夷","2","0","2"
"南徼外蛮夷献","2","0","2"
"平城人贾丹杀","1","1","2"
"城人贾丹杀卢","1","1","2"
"人贾丹杀卢芳","1","1","2"
"贾丹杀卢芳将","1","1","2"
"丹杀卢芳将尹","1","1","2"
"汝南太守欧阳","1","1","2"
"南太守欧阳歙","1","1","2"
"大司空窦融免","1","1","2"
"广汉太守蔡茂","1","1","2"
"三十一年夏五","1","1","2"
"十一年夏五月","1","1","2"
"置辽东西部都","1","1","2"
"辽东西部都尉","1","1","2"
"东西部都尉官","1","1","2"
"先帝圣德淑茂","1","1","2"
"鱼龙曼延百戏","1","1","2"
"汉塞外参狼羌","1","1","2"
"先零诸种羌攻","1","1","2"
"零诸种羌攻陷","1","1","2"
"诸种羌攻陷上","1","1","2"
"护羌校尉侯霸","1","1","2"
"修理西门豹所","1","1","2"
"理西门豹所分","1","1","2"
"西门豹所分漳","1","1","2"
"门豹所分漳水","1","1","2"
"郡国四十二地","1","1","2"
"国四十二地震","1","1","2"
"沈氐羌寇张掖","2","0","2"
"郡国三十三大","1","1","2"
"国三十三大风","1","1","2"
"尊孝崇皇夫人","1","1","2"
"孝崇皇夫人马","1","1","2"
"崇皇夫人马氏","1","1","2"
"大司农河内张","1","1","2"
"司农河内张歆","1","1","2"
"西域长史王敬","1","1","2"
"蜀郡李伯诈称","1","1","2"
"郡李伯诈称宗","1","1","2"
"李伯诈称宗室","1","1","2"
"贼公孙举等反","1","1","2"
"公孙举等反叛","1","1","2"
"置太官右监丞","1","1","2"
"太官右监丞官","1","1","2"
"光禄大夫中山","1","1","2"
"禄大夫中山祝","1","1","2"
"大夫中山祝恬","1","1","2"
"大鸿胪梁国盛","1","1","2"
"鸿胪梁国盛允","1","1","2"
"卫尉颍川许栩","1","1","2"
"桂阳盗贼李研","1","1","2"
"阳盗贼李研等","1","1","2"
"盗贼李研等寇","1","1","2"
"骑将军冯绲免","1","1","2"
"广陵人龙尚等","1","1","2"
"陵人龙尚等共","1","1","2"
"太中大夫刘矩","1","1","2"
"太仆长沙刘嚣","1","1","2"
"太中大夫闻人","1","1","2"
"中大夫闻人袭","1","1","2"
"太常颍川唐珍","1","1","2"
"永乐少府许训","1","1","2"
"冲帝母虞美人","1","1","2"
"太仆河内张延","1","1","2"
"将军皇甫嵩免","1","1","2"
"光禄大夫许相","1","1","2"
"江夏兵赵慈反","1","1","2"
"杀南阳太守秦","1","1","2"
"南阳太守秦颉","1","1","2"
"车骑将军赵忠","1","1","2"
"光禄勋沛国丁","1","1","2"
"禄勋沛国丁宫","1","1","2"
"右北平太守刘","1","1","2"
"北平太守刘政","1","1","2"
"辽东太守杨终","1","1","2"
"护乌桓校尉公","1","1","2"
"乌桓校尉公綦","1","1","2"
"桓校尉公綦稠","1","1","2"
"校尉公綦稠等","1","1","2"
"黄巾余贼郭太","1","1","2"
"巾余贼郭太等","1","1","2"
"永乐少府樊陵","1","1","2"
"光禄勋南阳刘","1","1","2"
"禄勋南阳刘弘","1","1","2"
"初平元年春正","1","1","2"
"光禄大夫种拂","1","1","2"
"荆州刺史王睿","1","1","2"
"光禄大夫济南","1","1","2"
"禄大夫济南淳","1","1","2"
"长安宣平城门","1","1","2"
"安宣平城门外","1","1","2"
"宣平城门外屋","1","1","2"
"左中郎将刘范","1","1","2"
"前益州刺史种","1","1","2"
"益州刺史种劭","1","1","2"
"州刺史种劭战","1","1","2"
"伏完等十三人","1","1","2"
"车骑将军董承","1","1","2"
"越骑校尉种辑","1","1","2"
"骑校尉种辑受","1","1","2"
"太守公孙康杀","1","1","2"
"守公孙康杀袁","1","1","2"
"公孙康杀袁尚","1","1","2"
"长乐少府九江","1","1","2"
"乐少府九江朱","1","1","2"
"少府九江朱伥","1","1","2"
"代郡太守李超","1","1","2"
"郡太守李超战","1","1","2"
"追尊谥皇妣李","1","1","2"
"尊谥皇妣李氏","1","1","2"
"海贼曾旌等寇","1","1","2"
"攻会稽东部都","1","1","2"
"会稽东部都尉","1","1","2"
"州六郡妖贼章","1","1","2"
"六郡妖贼章河","1","1","2"
"郡妖贼章河等","1","1","2"
"妖贼章河等寇","1","1","2"
"西南部都尉官","1","1","2"
"九江贼蔡伯流","1","1","2"
"江贼蔡伯流寇","1","1","2"
"光禄勋长沙刘","1","1","2"
"禄勋长沙刘寿","1","1","2"
"奴左部句龙大","1","1","2"
"左部句龙大人","1","1","2"
"部句龙大人吾","1","1","2"
"句龙大人吾斯","1","1","2"
"句龙吾斯等东","1","1","2"
"龙吾斯等东引","1","1","2"
"吾斯等东引乌","1","1","2"
"斯等东引乌桓","1","1","2"
"征西将军马贤","1","1","2"
"安定太守郭璜","1","1","2"
"定太守郭璜下","1","1","2"
"太守郭璜下狱","1","1","2"
"中郎将张耽大","1","1","2"
"汉安元年春正","1","1","2"
"南匈奴左部大","1","1","2"
"匈奴左部大人","1","1","2"
"奴左部大人句","1","1","2"
"左部大人句龙","1","1","2"
"部大人句龙吾","1","1","2"
"大人句龙吾斯","1","1","2"
"人刺杀句龙吾","1","1","2"
"刺杀句龙吾斯","1","1","2"
"三郡水涌土裂","1","1","2"
"曾祖父千乘贞","1","1","2"
"祖父千乘贞王","1","1","2"
"祖父乐安夷王","1","1","2"
"建武十五年封","1","1","2"
"武十五年封东","1","1","2"
"十五年封东海","1","1","2"
"五年封东海公","1","1","2"
"中郎将窦固监","1","1","2"
"将军马武等二","1","1","2"
"军马武等二将","1","1","2"
"马武等二将军","1","1","2"
"武等二将军讨","1","1","2"
"十三年春二月","1","1","2"
"官视事二十岁","1","1","2"
"马都尉耿秉屯","1","1","2"
"后外祖母邓朱","1","1","2"
"赐冯贵人王赤","1","1","2"
"冯贵人王赤绶","1","1","2"
"止画工三十九","1","1","2"
"画工三十九种","1","1","2"
"显等定策禁中","1","1","2"
"迎济北惠王子","1","1","2"
"济北惠王子北","1","1","2"
"北惠王子北乡","1","1","2"
"惠王子北乡侯","1","1","2"
"未加美人爵号","1","1","2"
"大将军梁冀秉","1","1","2"
"将军梁冀秉政","1","1","2"
"冲帝母虞大家","1","1","2"
"益阳二长公主","1","1","2"
"诸国侯三百里","1","1","2"
"国侯三百里内","1","1","2"
"侯三百里内者","1","1","2"
"统袭封昆阳侯","1","1","2"
"太后临朝定策","1","1","2"
"帝使中常侍迎","1","1","2"
"使中常侍迎贵","1","1","2"
"中常侍迎贵人","1","1","2"
"居南宫嘉德殿","1","1","2"
"扶弘农王下殿","1","1","2"
"赠前将军印绶","1","1","2"
"谒者监护丧事","1","1","2"
"护羌校尉傅育","1","1","2"
"羌校尉傅育追","1","1","2"
"校尉傅育追击","1","1","2"
"尉傅育追击叛","1","1","2"
"傅育追击叛羌","1","1","2"
"钟离意字子阿","1","1","2"
"灾异寇贼策免","1","1","2"
"臧宫等入箕关","1","1","2"
"猛兽虎豹犀象","1","1","2"
"太守任光开门","1","1","2"
"守任光开门迎","1","1","2"
"二十九年春二","1","1","2"
"十九年春二月","1","1","2"
"九年春二月丁","1","1","2"
"三十年春正月","1","1","2"
"恭宗孝安皇帝","1","1","2"
"永初元年春正","1","1","2"
"公卿内外众官","1","1","2"
"令公卿郡国举","1","1","2"
"郡国十五地震","1","1","2"
"合浦蛮夷反叛","1","1","2"
"春二月乙巳朔","2","0","2"
"越骑校尉梁忠","1","1","2"
"中外宗亲数十","1","1","2"
"外宗亲数十人","1","1","2"
"州刺史度尚讨","1","1","2"
"杀司隶校尉黄","1","1","2"
"二十四年春二","1","1","2"
"褒亲愍侯梁竦","1","1","2"
"光烈皇后兄执","1","1","2"
"烈皇后兄执金","1","1","2"
"桓帝懿献梁皇","1","1","2"
"帝懿献梁皇后","1","1","2"
"西域假司马班","2","0","2"
"域假司马班超","2","0","2"
"外蛮夷献生犀","1","1","2"
"各人有各人的","0","2","2"
"这时朝廷下诏","0","2","2"
"在朝有谨严静","0","2","2"
"朝有谨严静穆","0","2","2"
"有谨严静穆之","0","2","2"
"谨严静穆之风","0","2","2"
"向朝廷上书说","0","2","2"
"上书说明情况","0","2","2"
"齐悼惠王的后","0","2","2"
"悼惠王的后代","0","2","2"
"忘记了自己的","0","2","2"
"还是因为你有","0","2","2"
"是因为你有事","0","2","2"
"因为你有事嘱","0","2","2"
"为你有事嘱咐","0","2","2"
"你有事嘱咐于","0","2","2"
"有事嘱咐于他","0","2","2"
"事嘱咐于他而","0","2","2"
"嘱咐于他而接","0","2","2"
"咐于他而接受","0","2","2"
"于他而接受的","0","2","2"
"他而接受的呢","0","2","2"
"愿接受你对我","0","2","2"
"接受你对我的","0","2","2"
"受你对我的处","0","2","2"
"你对我的处罚","0","2","2"
"又袁术越分叛","0","2","2"
"袁术越分叛逆","0","2","2"
"不是一朝一夕","0","2","2"
"与日石单随从","0","2","2"
"将军怎么能这","0","2","2"
"军怎么能这样","0","2","2"
"现在以肇为皇","0","2","2"
"在以肇为皇太","0","2","2"
"以肇为皇太子","0","2","2"
"于是他埋头研","0","2","2"
"是他埋头研习","0","2","2"
"他埋头研习经","0","2","2"
"埋头研习经学","0","2","2"
"同族聚成的盗","0","2","2"
"族聚成的盗贼","0","2","2"
"占据他的位置","0","2","2"
"以陛下耳听四","0","2","2"
"陛下耳听四方","0","2","2"
"下耳听四方的","0","2","2"
"耳听四方的明","0","2","2"
"听四方的明察","0","2","2"
"也有听不到的","0","2","2"
"有听不到的情","0","2","2"
"听不到的情况","0","2","2"
"拉着他的手说","0","2","2"
"盖勋却多有战","0","2","2"
"勋却多有战功","0","2","2"
"而她贪得无厌","0","2","2"
"就是为了这个","0","2","2"
"不与他们来往","0","2","2"
"被废为济阴王","0","2","2"
"总是人情所最","0","2","2"
"得到皇上的宠","0","2","2"
"到皇上的宠爱","0","2","2"
"陈留太守周防","0","2","2"
"留太守周防的","0","2","2"
"太守周防的儿","0","2","2"
"守周防的儿子","0","2","2"
"京师流行这样","0","2","2"
"师流行这样一","0","2","2"
"也不能超过他","0","2","2"
"所以古时候的","0","2","2"
"以古时候的圣","0","2","2"
"古时候的圣人","0","2","2"
"周举一个人答","0","2","2"
"举一个人答说","0","2","2"
"没听说有什么","0","2","2"
"没有别的什么","0","2","2"
"灾异发生的原","0","2","2"
"梁太后临朝理","0","2","2"
"太后临朝理政","0","2","2"
"左昭右穆的秩","0","2","2"
"昭右穆的秩序","0","2","2"
"自己辞职归家","0","2","2"
"前后三次被征","0","2","2"
"江夏郡安陆县","0","2","2"
"夏郡安陆县人","0","2","2"
"父亲的关系任","0","2","2"
"虽然没有什么","0","2","2"
"然没有什么特","0","2","2"
"皇帝亲耕农田","0","2","2"
"帝亲耕农田的","0","2","2"
"阿谀依附梁冀","0","2","2"
"创立基业于危","0","2","2"
"立基业于危险","0","2","2"
"基业于危险之","0","2","2"
"业于危险之中","0","2","2"
"立足于艰难之","0","2","2"
"足于艰难之际","0","2","2"
"与王莽前队大","0","2","2"
"缴获了全部辎","0","2","2"
"获了全部辎重","0","2","2"
"有不同的地方","0","2","2"
"子刘章为太原","0","2","2"
"刘章为太原王","0","2","2"
"刘兴为北海王","0","2","2"
"等到光武起兵","0","2","2"
"刘良为国三老","0","2","2"
"巨鹿都尉刘回","0","2","2"
"安众侯刘崇起","0","2","2"
"众侯刘崇起兵","0","2","2"
"回到自己的封","0","2","2"
"在小长安失败","0","2","2"
"葬于洛阳北芒","0","2","2"
"献帝迁都许昌","0","2","2"
"他在家中去世","0","2","2"
"好好侍奉上级","0","2","2"
"不是陛下的福","0","2","2"
"百姓得到好处","0","2","2"
"担任豫州刺史","0","2","2"
"的差不多有一","0","2","2"
"差不多有一万","0","2","2"
"不多有一万多","0","2","2"
"多有一万多人","0","2","2"
"听从他的意见","0","2","2"
"不显露自己的","0","2","2"
"司马朱鲔等以","0","2","2"
"以刘赐为丞相","0","2","2"
"陈留郡考城县","0","2","2"
"留郡考城县人","0","2","2"
"独与母亲住在","0","2","2"
"与母亲住在一","0","2","2"
"把这件事告诉","0","2","2"
"这件事告诉了","0","2","2"
"融拿着名片去","0","2","2"
"自己认为没有","0","2","2"
"到大将军梁冀","0","2","2"
"大将军梁冀的","0","2","2"
"使天下的人都","0","2","2"
"看鸟兽的文采","0","2","2"
"收集汉朝历史","0","2","2"
"开始被推举为","0","2","2"
"国家的政治就","0","2","2"
"也不能满足他","0","2","2"
"游手好闲的人","0","2","2"
"天下太平无事","0","2","2"
"因病死在任上","0","2","2"
"笃实为人称道","0","2","2"
"与他结为朋友","0","2","2"
"当时中常侍张","0","2","2"
"授五官中郎将","0","2","2"
"不能用他们的","0","2","2"
"舂陵侯刘敞的","0","2","2"
"陵侯刘敞的同","0","2","2"
"侯刘敞的同母","0","2","2"
"刘敞的同母弟","0","2","2"
"征拜为太中大","0","2","2"
"于是放了他们","0","2","2"
"建武二十二年","0","2","2"
"朱浮为大司空","0","2","2"
"建武二十三年","0","2","2"
"有清平的美称","0","2","2"
"李讠斤为司徒","0","2","2"
"因考究陇西太","0","2","2"
"考究陇西太守","0","2","2"
"究陇西太守邓","0","2","2"
"东平王刘苍听","0","2","2"
"为学生们拾柴","0","2","2"
"学生们拾柴薪","0","2","2"
"不应州郡征召","0","2","2"
"彭城靖王刘恭","0","2","2"
"等到窦氏失败","0","2","2"
"因年老多病请","0","2","2"
"年老多病请求","0","2","2"
"除儿子周兴为","0","2","2"
"儿子周兴为郎","0","2","2"
"子周兴为郎中","0","2","2"
"光武帝的族兄","0","2","2"
"刘嘉为汉中王","0","2","2"
"荐举贤良方正","0","2","2"
"自己的儿子一","0","2","2"
"己的儿子一样","0","2","2"
"犯死罪的囚犯","0","2","2"
"有疑义的案犯","0","2","2"
"等到光武即位","0","2","2"
"问候朱晖的起","0","2","2"
"候朱晖的起居","0","2","2"
"不与百姓争利","0","2","2"
"开始被举为孝","0","2","2"
"始被举为孝廉","0","2","2"
"如果死者有知","0","2","2"
"不和别人交往","0","2","2"
"将军窦宪出征","0","2","2"
"军窦宪出征匈","0","2","2"
"窦宪出征匈奴","0","2","2"
"窦太后临朝听","0","2","2"
"子都乡侯刘畅","0","2","2"
"窦宪为车骑将","0","2","2"
"宪为车骑将军","0","2","2"
"升为汝南太守","0","2","2"
"以朱祐为护军","0","2","2"
"长安政治混乱","0","2","2"
"祭遵与延岑战","0","2","2"
"遵与延岑战于","0","2","2"
"与延岑战于东","0","2","2"
"延岑战于东阳","0","2","2"
"建武二十四年","0","2","2"
"跟从攻击王郎","0","2","2"
"渔阳郡要阳县","0","2","2"
"阳郡要阳县人","0","2","2"
"派遣尚书宗广","0","2","2"
"派遣使者持符","0","2","2"
"遣使者持符节","0","2","2"
"使者持符节拜","0","2","2"
"为骠骑大将军","0","2","2"
"卢芳将尹由于","0","2","2"
"贾览率领胡骑","0","2","2"
"解除刑枷的犯","0","2","2"
"除刑枷的犯人","0","2","2"
"建武十九年去","0","2","2"
"武十九年去世","0","2","2"
"因牵连与东平","0","2","2"
"牵连与东平王","0","2","2"
"连与东平王等","0","2","2"
"与东平王等谋","0","2","2"
"代理大司空事","0","2","2"
"呈上将军印绶","0","2","2"
"南阳不可以问","0","2","2"
"当时显宗为东","0","2","2"
"时显宗为东海","0","2","2"
"大司马吴汉去","0","2","2"
"司马吴汉去世","0","2","2"
"刘隆为骠骑将","0","2","2"
"隆为骠骑将军","0","2","2"
"建武二十六年","0","2","2"
"西羌侵犯陇右","0","2","2"
"难道不是这样","0","2","2"
"道不是这样吗","0","2","2"
"他们的妻子儿","0","2","2"
"伯通与官吏们","0","2","2"
"通与官吏们讲","0","2","2"
"与官吏们讲话","0","2","2"
"定天下者不计","0","2","2"
"天下者不计私","0","2","2"
"下者不计私仇","0","2","2"
"希勿以前事自","0","2","2"
"勿以前事自误","0","2","2"
"愿留意照顾老","0","2","2"
"留意照顾老母","0","2","2"
"意照顾老母幼","0","2","2"
"照顾老母幼弟","0","2","2"
"凡举事不要为","0","2","2"
"举事不要为亲","0","2","2"
"事不要为亲者","0","2","2"
"不要为亲者所","0","2","2"
"要为亲者所痛","0","2","2"
"而为仇者所快","0","2","2"
"窦融为大司空","0","2","2"
"以卖弄国恩被","0","2","2"
"卖弄国恩被免","0","2","2"
"弄国恩被免职","0","2","2"
"长水校尉樊矹","0","2","2"
"颍川盗贼群起","0","2","2"
"记录囚徒的罪","0","2","2"
"录囚徒的罪状","0","2","2"
"帝采纳了他的","0","2","2"
"第五伦为司空","0","2","2"
"刘胜为平原王","0","2","2"
"法曹掾燕之后","0","2","2"
"曹掾燕之后代","0","2","2"
"时年七十二岁","0","2","2"
"的有三千多人","0","2","2"
"共刊石颂扬他","0","2","2"
"于是隐居在家","0","2","2"
"何进准备诛杀","0","2","2"
"进准备诛杀宦","0","2","2"
"准备诛杀宦官","0","2","2"
"凶恶不易控制","0","2","2"
"没有受过训练","0","2","2"
"有受过训练的","0","2","2"
"受过训练的人","0","2","2"
"共同谋划诛杀","0","2","2"
"同谋划诛杀董","0","2","2"
"谋划诛杀董卓","0","2","2"
"事情泄漏出去","0","2","2"
"天下的人都说","0","2","2"
"大多铤而走险","0","2","2"
"不再回归正道","0","2","2"
"就是这个意思","0","2","2"
"从前的典章制","0","2","2"
"前的典章制度","0","2","2"
"蔺相如小国的","0","2","2"
"相如小国的臣","0","2","2"
"如小国的臣子","0","2","2"
"尚且能够相让","0","2","2"
"贾乱世的武夫","0","2","2"
"彼此谦让崇好","0","2","2"
"没有屈原的忠","0","2","2"
"窃位就是罪过","0","2","2"
"而竟使一些多","0","2","2"
"竟使一些多余","0","2","2"
"使一些多余的","0","2","2"
"一些多余的议","0","2","2"
"些多余的议论","0","2","2"
"这是我引为惭","0","2","2"
"是我引为惭愧","0","2","2"
"我引为惭愧恐","0","2","2"
"引为惭愧恐惧","0","2","2"
"为惭愧恐惧的","0","2","2"
"妻子儿女都被","0","2","2"
"中常侍唐衡的","0","2","2"
"董卓的部将李","0","2","2"
"是心中有数的","0","2","2"
"希望将军考虑","0","2","2"
"任命荀彧为侍","0","2","2"
"命荀彧为侍中","0","2","2"
"冀州所统辖的","0","2","2"
"不能保住自己","0","2","2"
"不说忠信的话","0","2","2"
"不可借给别人","0","2","2"
"请求告老还乡","0","2","2"
"陛下留心观察","0","2","2"
"岑彭被刺客所","0","2","2"
"彭被刺客所杀","0","2","2"
"王莽的大司空","0","2","2"
"莽的大司空王","0","2","2"
"的大司空王邑","0","2","2"
"当时尚书令韩","0","2","2"
"不是当务之急","0","2","2"
"时传父亲的学","0","2","2"
"孝宣皇帝在世","0","2","2"
"宣皇帝在世时","0","2","2"
"听说卫太子好","0","2","2"
"于是独自学习","0","2","2"
"继承父亲的学","0","2","2"
"承父亲的学业","0","2","2"
"问他是什么原","0","2","2"
"这是强干弱枝","0","2","2"
"梁贵人生和帝","0","2","2"
"其余四王不记","0","2","2"
"余四王不记母","0","2","2"
"四王不记母氏","0","2","2"
"王不记母氏姓","0","2","2"
"不记母氏姓名","0","2","2"
"立二十八年逝","0","2","2"
"二十八年逝世","0","2","2"
"弟蠡吾侯刘悝","0","2","2"
"蠡吾侯刘悝为","0","2","2"
"很早就离开了","0","2","2"
"早就离开了父","0","2","2"
"就离开了父母","0","2","2"
"诏令给诸王羽","0","2","2"
"令给诸王羽林","0","2","2"
"给诸王羽林骑","0","2","2"
"诸王羽林骑各","0","2","2"
"王羽林骑各四","0","2","2"
"羽林骑各四十","0","2","2"
"林骑各四十人","0","2","2"
"没有什么遗憾","0","2","2"
"广川并入清河","0","2","2"
"川并入清河国","0","2","2"
"追封谥宋扬为","0","2","2"
"封谥宋扬为当","0","2","2"
"谥宋扬为当阳","0","2","2"
"宋扬为当阳穆","0","2","2"
"扬为当阳穆侯","0","2","2"
"是永元二年封","0","2","2"
"分太山郡为国","0","2","2"
"上不是说过吗","0","2","2"
"子刘翼为平原","0","2","2"
"以他为崇德侯","0","2","2"
"刘硕为平原王","0","2","2"
"夫人马氏为孝","0","2","2"
"人马氏为孝崇","0","2","2"
"氏为孝崇博园","0","2","2"
"为孝崇博园贵","0","2","2"
"夫人董氏为慎","0","2","2"
"人董氏为慎园","0","2","2"
"董氏为慎园贵","0","2","2"
"氏为慎园贵人","0","2","2"
"乐安夷王刘宠","0","2","2"
"年轻时游学京","0","2","2"
"轻时游学京师","0","2","2"
"朝廷派使者吊","0","2","2"
"廷派使者吊祭","0","2","2"
"年轻时通晓经","0","2","2"
"皇帝没有采纳","0","2","2"
"只有张纲年轻","0","2","2"
"以前的二千石","0","2","2"
"升为司隶校尉","0","2","2"
"因事获罪免官","0","2","2"
"蘧伯玉以独为","0","2","2"
"伯玉以独为君","0","2","2"
"玉以独为君子","0","2","2"
"以独为君子可","0","2","2"
"独为君子可耻","0","2","2"
"以成绩优秀举","0","2","2"
"成绩优秀举高","0","2","2"
"绩优秀举高第","0","2","2"
"帝采纳他的意","0","2","2"
"采纳他的意见","0","2","2"
"皇位的继承人","0","2","2"
"很得百姓的欢","0","2","2"
"得百姓的欢心","0","2","2"
"到特殊的赏赐","0","2","2"
"年轻时就有名","0","2","2"
"战于长平观下","0","2","2"
"与桂阳贼胡兰","0","2","2"
"出任步兵校尉","0","2","2"
"受他们的祸害","0","2","2"
"是国家的栋梁","0","2","2"
"看到更始政治","0","2","2"
"齐襄王法章之","0","2","2"
"襄王法章之后","0","2","2"
"王法章之后代","0","2","2"
"朝廷派侍御史","0","2","2"
"派侍御史庞雄","0","2","2"
"御史庞雄督促","0","2","2"
"史庞雄督促州","0","2","2"
"庞雄督促州郡","0","2","2"
"雄督促州郡兵","0","2","2"
"派御史中丞王","0","2","2"
"战争是危险的","0","2","2"
"争是危险的事","0","2","2"
"百姓得到安居","0","2","2"
"冯绲将兵督促","0","2","2"
"绲将兵督促扬","0","2","2"
"将兵督促扬州","0","2","2"
"兵督促扬州刺","0","2","2"
"督促扬州刺史","0","2","2"
"促扬州刺史尹","0","2","2"
"扬州刺史尹火","0","2","2"
"州刺史尹火翟","0","2","2"
"守邓显讨伐他","0","2","2"
"邓显讨伐他们","0","2","2"
"筑营垒在当涂","0","2","2"
"营垒在当涂山","0","2","2"
"垒在当涂山中","0","2","2"
"不能制服他们","0","2","2"
"下邳人谢安响","0","2","2"
"邳人谢安响应","0","2","2"
"冯绲为车骑将","0","2","2"
"绲为车骑将军","0","2","2"
"派御史中丞盛","0","2","2"
"交阝止刺史张","0","2","2"
"杨璇于是特制","0","2","2"
"璇于是特制马","0","2","2"
"于是特制马车","0","2","2"
"是特制马车数","0","2","2"
"制马车数十辆","0","2","2"
"用一排袋子盛","0","2","2"
"一排袋子盛石","0","2","2"
"排袋子盛石灰","0","2","2"
"袋子盛石灰于","0","2","2"
"子盛石灰于车","0","2","2"
"盛石灰于车上","0","2","2"
"系布索于马尾","0","2","2"
"约定日期会战","0","2","2"
"于是叫马车在","0","2","2"
"是叫马车在前","0","2","2"
"叫马车在前面","0","2","2"
"贼人不得张目","0","2","2"
"再叫后车弓弩","0","2","2"
"叫后车弓弩乱","0","2","2"
"征鼓鸣声震天","0","2","2"
"群贼惊骇四散","0","2","2"
"追逐伤斩贼人","0","2","2"
"逐伤斩贼人无","0","2","2"
"伤斩贼人无数","0","2","2"
"将其头目枭首","0","2","2"
"其头目枭首示","0","2","2"
"头目枭首示众","0","2","2"
"郡境以内得以","0","2","2"
"境以内得以安","0","2","2"
"以内得以安宁","0","2","2"
"任虎贲中郎将","0","2","2"
"广泛听取意见","0","2","2"
"年举行一次礻","0","2","2"
"这是违背天意","0","2","2"
"是想有所作为","0","2","2"
"救活了不少人","0","2","2"
"违背他的意愿","0","2","2"
"上表推荐他为","0","2","2"
"病重不能前进","0","2","2"
"檄文到边境各","0","2","2"
"的有十多万人","0","2","2"
"五次升迁为尚","0","2","2"
"次升迁为尚书","0","2","2"
"被大将军何进","0","2","2"
"大将军何进召","0","2","2"
"将军何进召为","0","2","2"
"解下印绶离去","0","2","2"
"派使者向天子","0","2","2"
"使者向天子进","0","2","2"
"足以抵挡曹公","0","2","2"
"曹操任命他为","0","2","2"
"叔父太傅袁隗","0","2","2"
"朝廷开始设置","0","2","2"
"开始设置西园","0","2","2"
"何进调袁绍担","0","2","2"
"进调袁绍担任","0","2","2"
"调袁绍担任司","0","2","2"
"袁绍担任司隶","0","2","2"
"绍担任司隶校","0","2","2"
"担任司隶校尉","0","2","2"
"东郡太守桥瑁","0","2","2"
"您比起袁绍来","0","2","2"
"比起袁绍来又","0","2","2"
"起袁绍来又怎","0","2","2"
"袁绍来又怎么","0","2","2"
"绍来又怎么样","0","2","2"
"以天子名义任","0","2","2"
"天子名义任命","0","2","2"
"并四个州的地","0","2","2"
"四个州的地盘","0","2","2"
"心裹猜疑害怕","0","2","2"
"能开硬弓的射","0","2","2"
"开硬弓的射手","0","2","2"
"公孙瓒的军队","0","2","2"
"再次打败公孙","0","2","2"
"次打败公孙瓒","0","2","2"
"寇恂争着危害","0","2","2"
"恂争着危害对","0","2","2"
"争着危害对方","0","2","2"
"遇到世祖调解","0","2","2"
"到世祖调解纠","0","2","2"
"世祖调解纠纷","0","2","2"
"最终同车并出","0","2","2"
"裂痕和仇怨消","0","2","2"
"痕和仇怨消除","0","2","2"
"和仇怨消除以","0","2","2"
"仇怨消除以后","0","2","2"
"当时的人都赞","0","2","2"
"时的人都赞美","0","2","2"
"的人都赞美他","0","2","2"
"人都赞美他们","0","2","2"
"并了他的部队","0","2","2"
"沮授劝说袁绍","0","2","2"
"打对方的主意","0","2","2"
"现在接来天子","0","2","2"
"就从这裹开始","0","2","2"
"常侍张让等人","0","2","2"
"造成这样的结","0","2","2"
"成这样的结果","0","2","2"
"俸禄为二千石","0","2","2"
"田丰对袁绍说","0","2","2"
"拥戴迎接天子","0","2","2"
"曹操的父亲曹","0","2","2"
"操的父亲曹嵩","0","2","2"
"什么东西不能","0","2","2"
"率领五千步兵","0","2","2"
"领五千步兵和","0","2","2"
"五千步兵和骑","0","2","2"
"两个儿子在南","0","2","2"
"征召入太尉李","0","2","2"
"于是召集公卿","0","2","2"
"帝看了他的奏","0","2","2"
"看了他的奏章","0","2","2"
"使远近都知道","0","2","2"
"赶快收捕张防","0","2","2"
"后悔的是做朝","0","2","2"
"悔的是做朝歌","0","2","2"
"的是做朝歌长","0","2","2"
"是做朝歌长时","0","2","2"
"做朝歌长时杀","0","2","2"
"里面哪能没有","0","2","2"
"面哪能没有冤","0","2","2"
"哪能没有冤枉","0","2","2"
"能没有冤枉的","0","2","2"
"从此二十余年","0","2","2"
"家里没有增加","0","2","2"
"里没有增加一","0","2","2"
"没有增加一口","0","2","2"
"有增加一口人","0","2","2"
"这是获罪于天","0","2","2"
"是获罪于天的","0","2","2"
"获罪于天的缘","0","2","2"
"罪于天的缘故","0","2","2"
"于天的缘故啊","0","2","2"
"天的缘故啊虞","0","2","2"
"的缘故啊虞恭","0","2","2"
"缘故啊虞恭有","0","2","2"
"故啊虞恭有美","0","2","2"
"啊虞恭有美才","0","2","2"
"官至上党太守","0","2","2"
"与左中郎将皇","0","2","2"
"赵忠为车骑将","0","2","2"
"忠为车骑将军","0","2","2"
"弟弟城门校尉","0","2","2"
"盖勋任京兆尹","0","2","2"
"怎样一个人呀","0","2","2"
"州刺史孔亻由","0","2","2"
"去了袁绍那里","0","2","2"
"改过自新的机","0","2","2"
"过自新的机会","0","2","2"
"以前人为鉴戒","0","2","2"
"曹操包围张超","0","2","2"
"把女儿嫁给他","0","2","2"
"修理道路桥梁","0","2","2"
"百姓没有不去","0","2","2"
"姓没有不去看","0","2","2"
"没有不去看的","0","2","2"
"有老父独自耕","0","2","2"
"老父独自耕种","0","2","2"
"父独自耕种不","0","2","2"
"独自耕种不止","0","2","2"
"前朝阳侯刘护","0","2","2"
"不是功臣不得","0","2","2"
"是功臣不得封","0","2","2"
"道路议论纷纷","0","2","2"
"什么面目见天","0","2","2"
"么面目见天下","0","2","2"
"可以比屋得到","0","2","2"
"关起门来自守","0","2","2"
"认为田氏出身","0","2","2"
"朝廷派车骑将","0","2","2"
"廷派车骑将军","0","2","2"
"刘良为广阳王","0","2","2"
"刘终为淄川王","0","2","2"
"为大将军何进","0","2","2"
"扶风郡茂陵人","0","2","2"
"王梁为大司空","0","2","2"
"与世祖破王寻","0","2","2"
"军盖延等讨伐","0","2","2"
"盖延等讨伐刘","0","2","2"
"延等讨伐刘永","0","2","2"
"千乘贞王刘伉","0","2","2"
"都死在监狱中","0","2","2"
"常保为广川王","0","2","2"
"王刘利子刘康","0","2","2"
"刘利子刘康为","0","2","2"
"利子刘康为济","0","2","2"
"子刘康为济南","0","2","2"
"刘康为济南王","0","2","2"
"被大将军梁冀","0","2","2"
"河间孝王为孝","0","2","2"
"间孝王为孝穆","0","2","2"
"孝王为孝穆皇","0","2","2"
"夫人赵氏为孝","0","2","2"
"人赵氏为孝穆","0","2","2"
"不知是什么人","0","2","2"
"而他性本淫乱","0","2","2"
"有什么办法呢","0","2","2"
"自此凉州再没","0","2","2"
"此凉州再没发","0","2","2"
"凉州再没发生","0","2","2"
"州再没发生战","0","2","2"
"再没发生战事","0","2","2"
"对社会作贡献","0","2","2"
"于是军士激怒","0","2","2"
"郅恽志在从政","0","2","2"
"既而喟然而叹","0","2","2"
"于是大赦天下","0","2","2"
"这时长安城中","0","2","2"
"时长安城中有","0","2","2"
"长安城中有人","0","2","2"
"安城中有人起","0","2","2"
"城中有人起兵","0","2","2"
"成败还不可知","0","2","2"
"把书案都捶破","0","2","2"
"书案都捶破了","0","2","2"
"更始政治混乱","0","2","2"
"眉立刘盆子为","0","2","2"
"知道了他们的","0","2","2"
"道了他们的阴","0","2","2"
"了他们的阴谋","0","2","2"
"又写信给公孙","0","2","2"
"扬州刺史陈温","0","2","2"
"天子流离在外","0","2","2"
"晋文公的霸业","0","2","2"
"袁术听了很不","0","2","2"
"术听了很不高","0","2","2"
"听了很不高兴","0","2","2"
"收起武器停止","0","2","2"
"的事告诉吕布","0","2","2"
"曹操于是亲自","0","2","2"
"不知道怎么办","0","2","2"
"了敌人的首级","0","2","2"
"吕布仗恃自己","0","2","2"
"三万步兵和骑","0","2","2"
"万步兵和骑兵","0","2","2"
"步兵和骑兵进","0","2","2"
"多步兵和骑兵","0","2","2"
"什么也没得到","0","2","2"
"率领一千多骑","0","2","2"
"领一千多骑兵","0","2","2"
"采纳我的意见","0","2","2"
"公孙瓒带步骑","0","2","2"
"孙瓒带步骑兵","0","2","2"
"公孙瓒所任命","0","2","2"
"孙瓒所任命的","0","2","2"
"任为护乌桓校","0","2","2"
"为护乌桓校尉","0","2","2"
"任车骑将军张","0","2","2"
"而兼并了他的","0","2","2"
"兼并了他的部","0","2","2"
"并了他的部众","0","2","2"
"曹操攻打陶谦","0","2","2"
"淳于恭之兄淳","0","2","2"
"于恭之兄淳于","0","2","2"
"恭之兄淳于崇","0","2","2"
"之兄淳于崇将","0","2","2"
"兄淳于崇将被","0","2","2"
"淳于崇将被强","0","2","2"
"于崇将被强盗","0","2","2"
"崇将被强盗烹","0","2","2"
"将被强盗烹食","0","2","2"
"淳于恭请求代","0","2","2"
"于恭请求代替","0","2","2"
"都得以都免死","0","2","2"
"后来几次应三","0","2","2"
"来几次应三公","0","2","2"
"几次应三公的","0","2","2"
"次应三公的命","0","2","2"
"应三公的命令","0","2","2"
"问他这是什么","0","2","2"
"这是什么意思","0","2","2"
"不明事理的话","0","2","2"
"为虎贲中郎将","0","2","2"
"的有一千多人","0","2","2"
"这是什么缘故","0","2","2"
"我听说贤明的","0","2","2"
"孔志为褒成侯","0","2","2"
"因病免职回家","0","2","2"
"行使大将军事","0","2","2"
"派遣大司马吴","0","2","2"
"邳彤举城投降","0","2","2"
"世祖便以邳彤","0","2","2"
"祖便以邳彤为","0","2","2"
"便以邳彤为太","0","2","2"
"以邳彤为太守","0","2","2"
"听说世祖从蓟","0","2","2"
"说世祖从蓟回","0","2","2"
"世祖从蓟回来","0","2","2"
"都拜为偏将军","0","2","2"
"率领宗族宾客","0","2","2"
"这时真定王刘","0","2","2"
"耿纯为东郡太","0","2","2"
"纯为东郡太守","0","2","2"
"大将军王常去","0","2","2"
"耿讠斤为赤眉","0","2","2"
"讠斤为赤眉将","0","2","2"
"斤为赤眉将军","0","2","2"
"人没有固定的","0","2","2"
"没有固定的住","0","2","2"
"用父亲的名字","0","2","2"
"父亲的名字和","0","2","2"
"亲的名字和母","0","2","2"
"的名字和母亲","0","2","2"
"名字和母亲的","0","2","2"
"字和母亲的姓","0","2","2"
"四夷全都背叛","0","2","2"
"攻打太原的戎","0","2","2"
"打太原的戎人","0","2","2"
"夷人交替入侵","0","2","2"
"周于是向东迁","0","2","2"
"于是向东迁到","0","2","2"
"是向东迁到洛","0","2","2"
"向东迁到洛邑","0","2","2"
"秦襄公进攻戎","0","2","2"
"襄公进攻戎人","0","2","2"
"设置护羌校尉","0","2","2"
"各羌人部族一","0","2","2"
"的夷入侵犯内","0","2","2"
"夷入侵犯内地","0","2","2"
"徒掾班彪上奏","0","2","2"
"掾班彪上奏说","0","2","2"
"与汉人混杂居","0","2","2"
"汉人混杂居住","0","2","2"
"派中郎将来歙","0","2","2"
"中郎将来歙等","0","2","2"
"事情已记载在","0","2","2"
"武都的参狼羌","0","2","2"
"都的参狼羌反","0","2","2"
"的参狼羌反叛","0","2","2"
"会合附属部族","0","2","2"
"西太守刘盱派","0","2","2"
"杀死一千多人","0","2","2"
"他们的大首领","0","2","2"
"步兵和骑兵侵","0","2","2"
"兵和骑兵侵犯","0","2","2"
"骑兵侵犯陇西","0","2","2"
"将军马武等人","0","2","2"
"军马武等人攻","0","2","2"
"马武等人攻打","0","2","2"
"各部族的羌人","0","2","2"
"秉承皇帝旨意","0","2","2"
"和金城的部队","0","2","2"
"金城的部队在","0","2","2"
"派行车骑将军","0","2","2"
"与捕虏将军马","0","2","2"
"杀死四百多人","0","2","2"
"部族的人投降","0","2","2"
"就派传译的信","0","2","2"
"派传译的信使","0","2","2"
"回到大小榆谷","0","2","2"
"在黄河上面造","0","2","2"
"侯霸接任校尉","0","2","2"
"胁迫其他部族","0","2","2"
"派骑都尉王弘","0","2","2"
"派车骑将军邓","0","2","2"
"各郡的部队与","0","2","2"
"死亡的百姓无","0","2","2"
"亡的百姓无法","0","2","2"
"的百姓无法计","0","2","2"
"百姓无法计算","0","2","2"
"派骑都尉任仁","0","2","2"
"三千多人被杀","0","2","2"
"赏给一百万钱","0","2","2"
"阳太守赵博派","0","2","2"
"太守赵博派刺","0","2","2"
"守赵博派刺客","0","2","2"
"骑都尉马贤与","0","2","2"
"切断陇西道路","0","2","2"
"马贤率领湟中","0","2","2"
"贤率领湟中的","0","2","2"
"派中郎将尹就","0","2","2"
"班雄驻守三辅","0","2","2"
"将军邓遵率领","0","2","2"
"军邓遵率领南","0","2","2"
"杀死八百多人","0","2","2"
"建光元年春天","0","2","2"
"人都逃出边关","0","2","2"
"率领各部族的","0","2","2"
"各郡的部队和","0","2","2"
"郡的部队和乌","0","2","2"
"的部队和乌桓","0","2","2"
"回到原来的郡","0","2","2"
"于是化解仇恨","0","2","2"
"向凉州刺史投","0","2","2"
"凉州刺史投降","0","2","2"
"千多骑兵进犯","0","2","2"
"杀死杀伤官吏","0","2","2"
"死杀伤官吏百","0","2","2"
"杀伤官吏百姓","0","2","2"
"赵冲与汉阳太","0","2","2"
"冲与汉阳太守","0","2","2"
"与汉阳太守张","0","2","2"
"一个儿子为郎","0","2","2"
"领护羌校尉卫","0","2","2"
"是大将军梁冀","0","2","2"
"桓帝建和二年","0","2","2"
"入侵广汉属国","0","2","2"
"刺史率领板椐","0","2","2"
"史率领板椐蛮","0","2","2"
"了入侵的羌人","0","2","2"
"樊稠击败了他","0","2","2"
"稠击败了他们","0","2","2"
"蜀郡边界外的","0","2","2"
"边界外的羌人","0","2","2"
"骠骑将军霍去","0","2","2"
"骑将军霍去病","0","2","2"
"僭称天子名号","0","2","2"
"朝堂上的意见","0","2","2"
"官至酒泉太守","0","2","2"
"在东观从事著","0","2","2"
"东观从事著作","0","2","2"
"命令左右的人","0","2","2"
"父亲大将军窦","0","2","2"
"亲大将军窦武","0","2","2"
"现在您对于汉","0","2","2"
"在您对于汉朝","0","2","2"
"您对于汉朝来","0","2","2"
"对于汉朝来说","0","2","2"
"舆论认为您的","0","2","2"
"论认为您的功","0","2","2"
"认为您的功劳","0","2","2"
"应当辞去大赏","0","2","2"
"谋划诛杀宦官","0","2","2"
"唐王玄为京兆","0","2","2"
"府孔融上书推","0","2","2"
"孔融上书推荐","0","2","2"
"突击敌军的骑","0","2","2"
"击敌军的骑兵","0","2","2"
"开门迎接汉兵","0","2","2"
"率领突击骑兵","0","2","2"
"吴汉为大司马","0","2","2"
"围刘永于睢阳","0","2","2"
"就可以不战而","0","2","2"
"隗嚣和公孙述","0","2","2"
"颍川郡郏县人","0","2","2"
"跟从击破群贼","0","2","2"
"杀死父亲兄弟","0","2","2"
"乌桓部族首领","0","2","2"
"匈奴向北迁移","0","2","2"
"侦察敌人动静","0","2","2"
"乌桓的部族首","0","2","2"
"桓的部族首领","0","2","2"
"率领二千多人","0","2","2"
"朝廷于是征调","0","2","2"
"攻打并平定了","0","2","2"
"沿边的九个郡","0","2","2"
"掳掠官吏百姓","0","2","2"
"鲜卑这才和汉","0","2","2"
"卑这才和汉互","0","2","2"
"这才和汉互通","0","2","2"
"才和汉互通使","0","2","2"
"和汉互通使者","0","2","2"
"到辽东接受赏","0","2","2"
"辽东接受赏赐","0","2","2"
"大将军窦宪派","0","2","2"
"安帝永初年间","0","2","2"
"黎阳营的士兵","0","2","2"
"三千寻迹而射","0","2","2"
"率领南单于的","0","2","2"
"赏给他们不同","0","2","2"
"给他们不同数","0","2","2"
"他们不同数目","0","2","2"
"们不同数目的","0","2","2"
"不同数目的彩","0","2","2"
"同数目的彩色","0","2","2"
"数目的彩色丝","0","2","2"
"目的彩色丝帛","0","2","2"
"派从事率领南","0","2","2"
"出边塞进攻鲜","0","2","2"
"边塞进攻鲜卑","0","2","2"
"打败了鲜卑人","0","2","2"
"入侵辽东属国","0","2","2"
"占领了匈奴原","0","2","2"
"领了匈奴原先","0","2","2"
"了匈奴原先的","0","2","2"
"派匈奴中郎将","0","2","2"
"郎将张奂率领","0","2","2"
"将张奂率领南","0","2","2"
"张奂率领南单","0","2","2"
"奂率领南单于","0","2","2"
"的二十多个城","0","2","2"
"二十多个城邑","0","2","2"
"可以做的条件","0","2","2"
"率领一万骑兵","0","2","2"
"握着赵壹的手","0","2","2"
"时年二十八岁","0","2","2"
"文章大多散失","0","2","2"
"章大多散失了","0","2","2"
"没有不叹服的","0","2","2"
"请杜笃做从事","0","2","2"
"杜笃做从事中","0","2","2"
"笃做从事中郎","0","2","2"
"天下无双江夏","0","2","2"
"下无双江夏黄","0","2","2"
"无双江夏黄童","0","2","2"
"安帝废太子为","0","2","2"
"帝废太子为济","0","2","2"
"废太子为济阴","0","2","2"
"上对国家有利","0","2","2"
"他们原来的爵","0","2","2"
"平阿侯王谭的","0","2","2"
"阿侯王谭的儿","0","2","2"
"侯王谭的儿子","0","2","2"
"没有什么功劳","0","2","2"
"等七将军从陇","0","2","2"
"七将军从陇道","0","2","2"
"于是派遣使者","0","2","2"
"向公孙述称臣","0","2","2"
"被拜为太中大","0","2","2"
"隗嚣派遣儿子","0","2","2"
"派遣使者迎接","0","2","2"
"向公孙述投降","0","2","2"
"又有鱼盐铜银","0","2","2"
"有鱼盐铜银之","0","2","2"
"鱼盐铜银之利","0","2","2"
"浮水转漕运输","0","2","2"
"水转漕运输之","0","2","2"
"转漕运输之便","0","2","2"
"就写信给公孙","0","2","2"
"写信给公孙述","0","2","2"
"得以专门精心","0","2","2"
"以专门精心策","0","2","2"
"专门精心策划","0","2","2"
"是成帝的儿子","0","2","2"
"成帝的儿子刘","0","2","2"
"立王郎为天子","0","2","2"
"拜张步为辅汉","0","2","2"
"张步为辅汉大","0","2","2"
"步为辅汉大将","0","2","2"
"为辅汉大将军","0","2","2"
"与盖延共同攻","0","2","2"
"立张步为齐王","0","2","2"
"董宪为海西王","0","2","2"
"周建的侄子周","0","2","2"
"建的侄子周诵","0","2","2"
"的侄子周诵造","0","2","2"
"令王闳通掌郡","0","2","2"
"王闳通掌郡事","0","2","2"
"威大将军耿攻","0","2","2"
"好上谷太守耿","0","2","2"
"派游击将军邓","0","2","2"
"的朋友同郡人","0","2","2"
"就应想到如何","0","2","2"
"这难道不是对","0","2","2"
"老百姓怎能不","0","2","2"
"现在京师贵戚","0","2","2"
"国家的日子过","0","2","2"
"家的日子过得","0","2","2"
"得到宽宥赦免","0","2","2"
"于是改名换姓","0","2","2"
"官至光禄大夫","0","2","2"
"立即派遣使者","0","2","2"
"代理大将军事","0","2","2"
"大逆不道之罪","0","2","2"
"以前周文王不","0","2","2"
"这是我的私情","0","2","2"
"这是君的忠义","0","2","2"
"不做王莽的官","0","2","2"
"当时人敬重他","0","2","2"
"时人敬重他的","0","2","2"
"在社会上流行","0","2","2"
"教授生徒经常","0","2","2"
"授生徒经常几","0","2","2"
"生徒经常几百","0","2","2"
"徒经常几百人","0","2","2"
"没收他的财产","0","2","2"
"千石的俸禄终","0","2","2"
"开始在州郡做","0","2","2"
"始在州郡做官","0","2","2"
"王莽和成卒正","0","2","2"
"追及光武于广","0","2","2"
"吴汉率领建威","0","2","2"
"汉率领建威大","0","2","2"
"率领建威大将","0","2","2"
"领建威大将军","0","2","2"
"太中大夫持符","0","2","2"
"中大夫持符节","0","2","2"
"大夫持符节拜","0","2","2"
"起初为郡功曹","0","2","2"
"在匈奴使者驻","0","2","2"
"匈奴使者驻地","0","2","2"
"帮助我的不够","0","2","2"
"奖励优待海内","0","2","2"
"冬十一月初二","0","2","2"
"所有官员勉力","0","2","2"
"搞好本职工作","0","2","2"
"得到好的报应","0","2","2"
"父母同胞兄弟","0","2","2"
"母同胞兄弟想","0","2","2"
"分别赏赐随行","0","2","2"
"别赏赐随行人","0","2","2"
"赏赐随行人员","0","2","2"
"齐桓公修霸业","0","2","2"
"地域方圆二千","0","2","2"
"域方圆二千里","0","2","2"
"土壤适合种植","0","2","2"
"适合种植五谷","0","2","2"
"那裹的习俗是","0","2","2"
"余王派使者来","0","2","2"
"武帝灭掉朝鲜","0","2","2"
"高句骊派使者","0","2","2"
"和帝元兴元年","0","2","2"
"那裹的老人说","0","2","2"
"有十二个国家","0","2","2"
"南阳太守成缙","0","2","2"
"中常侍侯览的","0","2","2"
"上书告张俭与","0","2","2"
"书告张俭与同","0","2","2"
"发配到左校劳","0","2","2"
"所以没有遭到","0","2","2"
"没有不流泪的","0","2","2"
"三公都征召他","0","2","2"
"桓帝大为震怒","0","2","2"
"做了车骑将军","0","2","2"
"杀掠官吏百姓","0","2","2"
"合纵连横的事","0","2","2"
"匈奴使者来了","0","2","2"
"杀死了匈奴使","0","2","2"
"死了匈奴使者","0","2","2"
"班超拥抱爱妻","0","2","2"
"意把他留下来","0","2","2"
"进入他们的国","0","2","2"
"入他们的国境","0","2","2"
"到现在已经三","0","2","2"
"替索班报仇雪","0","2","2"
"索班报仇雪耻","0","2","2"
"西域的副校尉","0","2","2"
"到梁慬那里投","0","2","2"
"梁慬那里投降","0","2","2"
"奥革建日逐王","0","2","2"
"第五伦又上疏","0","2","2"
"五伦又上疏道","0","2","2"
"陛下一片孝心","0","2","2"
"原因就在这里","0","2","2"
"京师尚且如此","0","2","2"
"以二千石的俸","0","2","2"
"二千石的俸禄","0","2","2"
"认为他很能干","0","2","2"
"近臣尚书以下","0","2","2"
"波将军马援到","0","2","2"
"派使者持符节","0","2","2"
"君主身边的恶","0","2","2"
"主身边的恶人","0","2","2"
"在诸侯王之上","0","2","2"
"不知该怎么办","0","2","2"
"派他哥哥的儿","0","2","2"
"哥哥的儿子李","0","2","2"
"帝派侍御史侯","0","2","2"
"派侍御史侯汶","0","2","2"
"帝怀疑赈济有","0","2","2"
"书令以下都到","0","2","2"
"朝廷派谒者仆","0","2","2"
"廷派谒者仆射","0","2","2"
"张济为骠骑将","0","2","2"
"济为骠骑将军","0","2","2"
"杨定为后将军","0","2","2"
"杨奉为兴义将","0","2","2"
"奉为兴义将军","0","2","2"
"董承为安集将","0","2","2"
"承为安集将军","0","2","2"
"张杨为大司马","0","2","2"
"杨奉为车骑将","0","2","2"
"奉为车骑将军","0","2","2"
"韩暹为大将军","0","2","2"
"兼任司隶校尉","0","2","2"
"他的部将伍习","0","2","2"
"立于太学门外","0","2","2"
"鲜卑侵犯边境","0","2","2"
"有不同的说法","0","2","2"
"三年推举一人","0","2","2"
"是足可以平定","0","2","2"
"等到王郎起兵","0","2","2"
"十一帝的神主","0","2","2"
"辅汉将军于匡","0","2","2"
"在四十岁以上","0","2","2"
"于是大破敌军","0","2","2"
"为虎牙大将军","0","2","2"
"光武对王霸说","0","2","2"
"公孙述派兵援","0","2","2"
"孙述派兵援救","0","2","2"
"述派兵援救隗","0","2","2"
"派兵援救隗嚣","0","2","2"
"家里没有私人","0","2","2"
"里没有私人财","0","2","2"
"没有私人财产","0","2","2"
"大恶霸张汜等","0","2","2"
"恶霸张汜等人","0","2","2"
"没有不叹息的","0","2","2"
"派虎贲中郎将","0","2","2"
"王允推重董卓","0","2","2"
"不能继承大业","0","2","2"
"邓禹为大司徒","0","2","2"
"冬十月十八日","0","2","2"
"从怀县回洛阳","0","2","2"
"迫使他们投降","0","2","2"
"派骠骑大将军","0","2","2"
"老百姓就不知","0","2","2"
"百姓就不知怎","0","2","2"
"不知怎样才好","0","2","2"
"盖延攻克睢阳","0","2","2"
"冯异与赤眉军","0","2","2"
"异与赤眉军在","0","2","2"
"亲自领兵征伐","0","2","2"
"五月二十四日","0","2","2"
"光武帝回洛阳","0","2","2"
"军岑彭率领三","0","2","2"
"岑彭率领三将","0","2","2"
"彭率领三将军","0","2","2"
"率领三将军讨","0","2","2"
"领三将军讨伐","0","2","2"
"将军朱祐率领","0","2","2"
"大司马吴汉在","0","2","2"
"率领四将军在","0","2","2"
"派捕虏将军马","0","2","2"
"十一月十九日","0","2","2"
"率领二将军在","0","2","2"
"十二月二十日","0","2","2"
"五年春正月十","0","2","2"
"光武帝还洛阳","0","2","2"
"率领二将军讨","0","2","2"
"领二将军讨伐","0","2","2"
"国放出在押囚","0","2","2"
"放出在押囚犯","0","2","2"
"除了非处死不","0","2","2"
"了非处死不可","0","2","2"
"一律免除查办","0","2","2"
"进用温良的人","0","2","2"
"光武帝从长安","0","2","2"
"武帝从长安回","0","2","2"
"在高柳攻打卢","0","2","2"
"高柳攻打卢芳","0","2","2"
"柳攻打卢芳将","0","2","2"
"老百姓流离失","0","2","2"
"匈奴派使者来","0","2","2"
"派使者来献礼","0","2","2"
"日月迫近相食","0","2","2"
"八月二十六日","0","2","2"
"冬十月二十二","0","2","2"
"十一月十二日","0","2","2"
"将军在高柳攻","0","2","2"
"军在高柳攻打","0","2","2"
"秋八月二十五","0","2","2"
"率领水师讨伐","0","2","2"
"领水师讨伐公","0","2","2"
"水师讨伐公孙","0","2","2"
"师讨伐公孙述","0","2","2"
"夏四月二十八","0","2","2"
"四月二十八日","0","2","2"
"率领同部族人","0","2","2"
"领同部族人归","0","2","2"
"同部族人归附","0","2","2"
"一律恢复平民","0","2","2"
"律恢复平民身","0","2","2"
"恢复平民身份","0","2","2"
"夏四月二十九","0","2","2"
"四月二十九日","0","2","2"
"国派使者进贡","0","2","2"
"春正月二十三","0","2","2"
"正月二十三日","0","2","2"
"二月二十九日","0","2","2"
"六月二十九日","0","2","2"
"玩弄妖法巫术","0","2","2"
"弄妖法巫术的","0","2","2"
"右翊公刘辅为","0","2","2"
"翊公刘辅为中","0","2","2"
"公刘辅为中山","0","2","2"
"刘辅为中山王","0","2","2"
"冬十月二十四","0","2","2"
"十月二十四日","0","2","2"
"六月二十六日","0","2","2"
"免南顿县田租","0","2","2"
"派武威将军刘","0","2","2"
"威将军刘尚打","0","2","2"
"将军刘尚打败","0","2","2"
"四年春正月十","0","2","2"
"南单于派儿子","0","2","2"
"朝廷贡献礼物","0","2","2"
"命令有关部门","0","2","2"
"能散水就行了","0","2","2"
"年夏四月二十","0","2","2"
"夏四月二十一","0","2","2"
"四月二十一日","0","2","2"
"一律召下蚕室","0","2","2"
"女子实施宫刑","0","2","2"
"彗星出现于紫","0","2","2"
"星出现于紫宫","0","2","2"
"死刑在押囚犯","0","2","2"
"在押囚犯一律","0","2","2"
"下蚕室实施腐","0","2","2"
"蚕室实施腐刑","0","2","2"
"十一月二十九","0","2","2"
"一月二十九日","0","2","2"
"二千石长吏都","0","2","2"
"没收盐铁之利","0","2","2"
"将军窦宪出兵","0","2","2"
"秋七月十一日","0","2","2"
"二年春正月二","0","2","2"
"赐公卿以下至","0","2","2"
"公卿以下至佐","0","2","2"
"卿以下至佐史","0","2","2"
"以下至佐史钱","0","2","2"
"夏六月十八日","0","2","2"
"比阳公主为长","0","2","2"
"阳公主为长公","0","2","2"
"公主为长公主","0","2","2"
"二千石长吏以","0","2","2"
"千石长吏以下","0","2","2"
"夏四月十八日","0","2","2"
"春正月十一日","0","2","2"
"三月二十五日","0","2","2"
"派中郎将任尚","0","2","2"
"我将亲自听取","0","2","2"
"六月二十三日","0","2","2"
"车骑将军职务","0","2","2"
"代理度辽将军","0","2","2"
"平民无户籍及","0","2","2"
"每人发粟五斛","0","2","2"
"中都官对在押","0","2","2"
"都官对在押囚","0","2","2"
"官对在押囚犯","0","2","2"
"勉力做好本职","0","2","2"
"力做好本职工","0","2","2"
"平反冤错假案","0","2","2"
"冬十月二十三","0","2","2"
"十月二十三日","0","2","2"
"实际情况免除","0","2","2"
"皇太后窦氏逝","0","2","2"
"太后窦氏逝世","0","2","2"
"讨伐打败了他","0","2","2"
"伐打败了他们","0","2","2"
"部族归附内地","0","2","2"
"陂池捕捞采伐","0","2","2"
"象林蛮夷反叛","0","2","2"
"赈济贷给张掖","0","2","2"
"令天下今年田","0","2","2"
"天下今年田租","0","2","2"
"人口十万以上","0","2","2"
"口十万以上的","0","2","2"
"并使他们投降","0","2","2"
"特进阴纲自杀","0","2","2"
"秋七月十五日","0","2","2"
"以仓廪储粮贷","0","2","2"
"仓廪储粮贷给","0","2","2"
"慰劳赏赐作乐","0","2","2"
"司徒鲁恭免职","0","2","2"
"匈奴派使者称","0","2","2"
"奴派使者称臣","0","2","2"
"十二月二十二","0","2","2"
"帝在章德前殿","0","2","2"
"在章德前殿逝","0","2","2"
"章德前殿逝世","0","2","2"
"户籍及流民归","0","2","2"
"籍及流民归首","0","2","2"
"及流民归首的","0","2","2"
"流民归首的每","0","2","2"
"民归首的每人","0","2","2"
"鲜卑寇掠渔阳","0","2","2"
"遭到大的忧患","0","2","2"
"骑将军邓骘在","0","2","2"
"用王青盖车迎","0","2","2"
"蜀郡边外羌人","0","2","2"
"令死罪以下及","0","2","2"
"逃亡的可以赎","0","2","2"
"亡的可以赎罪","0","2","2"
"皇太后到洛阳","0","2","2"
"太后到洛阳寺","0","2","2"
"冬十月二十八","0","2","2"
"十月二十八日","0","2","2"
"兵讨伐打败他","0","2","2"
"派代理车骑将","0","2","2"
"星出现于天苑","0","2","2"
"往边远地区的","0","2","2"
"中二千石下至","0","2","2"
"把他打败并杀","0","2","2"
"他打败并杀掉","0","2","2"
"七年春正月十","0","2","2"
"移与子或同母","0","2","2"
"与子或同母兄","0","2","2"
"诏令以粮食赈","0","2","2"
"令以粮食赈济","0","2","2"
"武陵澧中蛮反","0","2","2"
"陵澧中蛮反叛","0","2","2"
"武陵蛮再度反","0","2","2"
"陵蛮再度反叛","0","2","2"
"冬十一月初九","0","2","2"
"京师及郡国五","0","2","2"
"师及郡国五旱","0","2","2"
"赏赐诸园贵人","0","2","2"
"卿以下钱帛各","0","2","2"
"以下钱帛各不","0","2","2"
"下钱帛各不等","0","2","2"
"不能活命的每","0","2","2"
"能活命的每人","0","2","2"
"京师及郡国二","0","2","2"
"师及郡国二十","0","2","2"
"秘密上书批评","0","2","2"
"密上书批评建","0","2","2"
"上书批评建议","0","2","2"
"的每人钱二千","0","2","2"
"能活下去的每","0","2","2"
"活下去的每人","0","2","2"
"贞节妇人每人","0","2","2"
"节妇人每人帛","0","2","2"
"封河间王刘开","0","2","2"
"间王刘开子刘","0","2","2"
"的每人发粟三","0","2","2"
"每人发粟三斛","0","2","2"
"帝校猎上林苑","0","2","2"
"在汶上明堂祭","0","2","2"
"汶上明堂祭祀","0","2","2"
"上明堂祭祀五","0","2","2"
"明堂祭祀五帝","0","2","2"
"在阙里祭祀孔","0","2","2"
"阙里祭祀孔子","0","2","2"
"里祭祀孔子及","0","2","2"
"废皇太子刘保","0","2","2"
"皇太子刘保为","0","2","2"
"太子刘保为济","0","2","2"
"子刘保为济阴","0","2","2"
"刘保为济阴王","0","2","2"
"国中都官对死","0","2","2"
"中都官对死罪","0","2","2"
"派使者祭祀太","0","2","2"
"使者祭祀太上","0","2","2"
"者祭祀太上皇","0","2","2"
"祭祀太上皇于","0","2","2"
"祀太上皇于万","0","2","2"
"太上皇于万年","0","2","2"
"四年春正月二","0","2","2"
"派梁冀持符节","0","2","2"
"不能生存的每","0","2","2"
"能生存的每人","0","2","2"
"谋反大逆不道","0","2","2"
"九月二十一日","0","2","2"
"荐贤良方正能","0","2","2"
"星出现于东北","0","2","2"
"赎物分别不等","0","2","2"
"夏五月十九日","0","2","2"
"十一月二十四","0","2","2"
"一月二十四日","0","2","2"
"报告黄龙出现","0","2","2"
"告黄龙出现于","0","2","2"
"夏五月二十二","0","2","2"
"五月二十二日","0","2","2"
"校尉举荐贤良","0","2","2"
"尉举荐贤良方","0","2","2"
"九十岁以上的","0","2","2"
"年春正月十四","0","2","2"
"春正月十四日","0","2","2"
"岁以上每人赐","0","2","2"
"以上每人赐钱","0","2","2"
"上每人赐钱二","0","2","2"
"每人赐钱二千","0","2","2"
"元年春三月初","0","2","2"
"太尉黄琼免职","0","2","2"
"太常胡广为太","0","2","2"
"常胡广为太尉","0","2","2"
"废懿陵为贵人","0","2","2"
"懿陵为贵人冢","0","2","2"
"羌校尉段赹在","0","2","2"
"司空黄琼免职","0","2","2"
"诸郡兵讨伐打","0","2","2"
"年春二月十一","0","2","2"
"春二月十一日","0","2","2"
"冬十月十三日","0","2","2"
"年春正月十八","0","2","2"
"春正月十八日","0","2","2"
"四月二十六日","0","2","2"
"秋七月二十二","0","2","2"
"开始命令郡国","0","2","2"
"立贵人窦氏为","0","2","2"
"贵人窦氏为皇","0","2","2"
"人窦氏为皇后","0","2","2"
"十二月二十三","0","2","2"
"二月二十三日","0","2","2"
"代理光禄大夫","0","2","2"
"令公卿以下各","0","2","2"
"公卿以下各秘","0","2","2"
"卿以下各秘密","0","2","2"
"以下各秘密上","0","2","2"
"下各秘密上书","0","2","2"
"各秘密上书对","0","2","2"
"秘密上书对国","0","2","2"
"破羌将军段赹","0","2","2"
"羌将军段赹在","0","2","2"
"任司徒胡广为","0","2","2"
"司徒胡广为太","0","2","2"
"寇掠幽并二州","0","2","2"
"夏四月二十二","0","2","2"
"四月二十二日","0","2","2"
"者巡视送医药","0","2","2"
"陵王刘恢逝世","0","2","2"
"下在押囚犯没","0","2","2"
"在押囚犯没有","0","2","2"
"押囚犯没有判","0","2","2"
"囚犯没有判决","0","2","2"
"犯没有判决的","0","2","2"
"轻罪在押的犯","0","2","2"
"罪在押的犯人","0","2","2"
"鲜卑寇掠幽州","0","2","2"
"门外屋自行坏","0","2","2"
"外屋自行坏圯","0","2","2"
"春正月二十一","0","2","2"
"正月二十一日","0","2","2"
"现于紫宫星座","0","2","2"
"尉马日石单为","0","2","2"
"日石单为太尉","0","2","2"
"董重为骠骑将","0","2","2"
"重为骠骑将军","0","2","2"
"骠骑将军董重","0","2","2"
"及陈留王刘协","0","2","2"
"大夫杨彪为司","0","2","2"
"夫杨彪为司空","0","2","2"
"白波贼寇掠河","0","2","2"
"波贼寇掠河东","0","2","2"
"二十八宿之一","0","2","2"
"十八宿之一的","0","2","2"
"袁术派将领孙","0","2","2"
"术派将领孙坚","0","2","2"
"派将领孙坚在","0","2","2"
"将军皇甫嵩为","0","2","2"
"星出现于天市","0","2","2"
"出现于天市星","0","2","2"
"自任为车骑将","0","2","2"
"任为车骑将军","0","2","2"
"十一月二十五","0","2","2"
"一月二十五日","0","2","2"
"八月二十四日","0","2","2"
"八年春正月初","0","2","2"
"夏四月二十五","0","2","2"
"北乡侯刘懿立","0","2","2"
"乡侯刘懿立为","0","2","2"
"赐公卿以下钱","0","2","2"
"现在大赦天下","0","2","2"
"赏赐男子爵位","0","2","2"
"流民自动归首","0","2","2"
"民自动归首的","0","2","2"
"自动归首的每","0","2","2"
"动归首的每人","0","2","2"
"迁往边远地区","0","2","2"
"任太常桓焉为","0","2","2"
"太常桓焉为太","0","2","2"
"夏五月二十七","0","2","2"
"五月二十七日","0","2","2"
"察记录囚犯的","0","2","2"
"记录囚犯的罪","0","2","2"
"录囚犯的罪状","0","2","2"
"国政失之中和","0","2","2"
"使者来朝献礼","0","2","2"
"年春二月十七","0","2","2"
"春二月十七日","0","2","2"
"于阗王送儿子","0","2","2"
"二年春二月十","0","2","2"
"岁以上的四十","0","2","2"
"太尉庞参免职","0","2","2"
"秋七月十七日","0","2","2"
"四年春二月十","0","2","2"
"年春二月十六","0","2","2"
"春二月十六日","0","2","2"
"秋七月十二日","0","2","2"
"和元年春正月","0","2","2"
"尉马贤讨伐烧","0","2","2"
"马贤讨伐烧当","0","2","2"
"贤讨伐烧当羌","0","2","2"
"民爵位及粟帛","0","2","2"
"冬十月二十六","0","2","2"
"十月二十六日","0","2","2"
"五年春二月十","0","2","2"
"侯国田租一年","0","2","2"
"一百八十处地","0","2","2"
"百八十处地震","0","2","2"
"奴中郎将马萛","0","2","2"
"命令郡国中都","0","2","2"
"无户口的流浪","0","2","2"
"户口的流浪人","0","2","2"
"口的流浪人想","0","2","2"
"的流浪人想自","0","2","2"
"流浪人想自归","0","2","2"
"浪人想自归首","0","2","2"
"人想自归首的","0","2","2"
"天下亡命之徒","0","2","2"
"在明堂祭祀光","0","2","2"
"明堂祭祀光武","0","2","2"
"堂祭祀光武皇","0","2","2"
"祭祀光武皇帝","0","2","2"
"南单于把他们","0","2","2"
"单于把他们打","0","2","2"
"征召沛王刘辅","0","2","2"
"明帝回到洛阳","0","2","2"
"城旦至司寇五","0","2","2"
"旦至司寇五匹","0","2","2"
"无户籍想归首","0","2","2"
"户籍想归首的","0","2","2"
"籍想归首的每","0","2","2"
"派奉车都尉窦","0","2","2"
"刖右脚至髡钳","0","2","2"
"右脚至髡钳城","0","2","2"
"于光烈皇后更","0","2","2"
"烈皇后更衣别","0","2","2"
"皇后更衣别室","0","2","2"
"任为黄门侍郎","0","2","2"
"王刘英谋反事","0","2","2"
"官至太中大夫","0","2","2"
"但还没有来得","0","2","2"
"显宗明帝即位","0","2","2"
"明帝永平三年","0","2","2"
"德为后宫之首","0","2","2"
"她身长七尺二","0","2","2"
"宫妃嫔没有不","0","2","2"
"氵比阳公主为","0","2","2"
"废皇太子刘庆","0","2","2"
"皇太子刘庆为","0","2","2"
"太子刘庆为清","0","2","2"
"子刘庆为清河","0","2","2"
"刘庆为清河王","0","2","2"
"窦皇后为皇太","0","2","2"
"皇后少年时很","0","2","2"
"后少年时很聪","0","2","2"
"永元十四年夏","0","2","2"
"归还资财五百","0","2","2"
"还资财五百余","0","2","2"
"邓太后母阴氏","0","2","2"
"殇帝延平之际","0","2","2"
"阎显兄弟及江","0","2","2"
"显兄弟及江京","0","2","2"
"仪制同于三公","0","2","2"
"陈夫人为渤海","0","2","2"
"夫人为渤海孝","0","2","2"
"人为渤海孝王","0","2","2"
"为渤海孝王妃","0","2","2"
"派司徒持符节","0","2","2"
"梁冀妻子孙寿","0","2","2"
"懿献梁皇后梁","0","2","2"
"献梁皇后梁女","0","2","2"
"梁皇后梁女莹","0","2","2"
"邓皇后邓猛女","0","2","2"
"后兄大将军何","0","2","2"
"兄大将军何进","0","2","2"
"献帝初平元年","0","2","2"
"淮阳王刘延谋","0","2","2"
"阳王刘延谋反","0","2","2"
"理车骑将军马","0","2","2"
"祷告五岳四渎","0","2","2"
"一律下蚕室施","0","2","2"
"律下蚕室施以","0","2","2"
"下蚕室施以腐","0","2","2"
"蚕室施以腐刑","0","2","2"
"女子施以宫刑","0","2","2"
"都减本罪一等","0","2","2"
"司空张温为车","0","2","2"
"空张温为车骑","0","2","2"
"张温为车骑将","0","2","2"
"温为车骑将军","0","2","2"
"鲜卑寇掠代郡","0","2","2"
"沈氐羌寇掠张","0","2","2"
"氐羌寇掠张掖","0","2","2"
"鲜卑寇掠雁门","0","2","2"
"天竺国来献礼","0","2","2"
"太尉刘矩免职","0","2","2"
"闻人袭为太尉","0","2","2"
"鲜卑寇掠并州","0","2","2"
"夏四月三十日","0","2","2"
