"N-gram","原文","翻译","Total"
"征南大将军岑彭","11","11","22"
"征西大将军冯异","10","11","21"
"虎牙大将军盖延","9","9","18"
"骠骑大将军杜茂","8","8","16"
"建义大将军朱祐","10","5","15"
"赐天下男子爵位","0","14","14"
"建威大将军耿弇","12","1","13"
"郡国中都官系囚","9","4","13"
"赏赐天下男子爵","0","12","12"
"归首的每人一级","0","12","12"
"车骑将军皇甫嵩","5","6","11"
"使匈奴中郎将张","6","5","11"
"骠骑将军东平王","5","5","10"
"国中都官系囚减","6","4","10"
"中都官系囚减死","6","4","10"
"捕虏将军马武等","4","4","8"
"匈奴中郎将张奂","4","4","8"
"护羌校尉马贤讨","4","4","8"
"减天下死罪一等","4","4","8"
"诏令郡国中都官","1","7","8"
"骑将军东平王苍","5","2","7"
"都官系囚减死一","5","2","7"
"官系囚减死一等","5","2","7"
"系囚减死罪一等","3","4","7"
"横野大将军王常","3","3","6"
"河西大将军窦融","3","3","6"
"左车骑将军皇甫","3","3","6"
"骠骑大将军景丹","3","3","6"
"南大将军岑彭率","3","3","6"
"流民欲占者人一","6","0","6"
"民欲占者人一级","6","0","6"
"令郡国中都官系","3","3","6"
"髡钳城旦舂十匹","4","2","6"
"光武帝回到洛阳","0","6","6"
"令郡国中都官对","0","6","6"
"参与总领尚书事","0","6","6"
"王莽纳言将军严","3","2","5"
"莽纳言将军严尤","3","2","5"
"九江太守邓显讨","2","3","5"
"南大将军岑彭围","3","2","5"
"王莽前队大夫甄","2","3","5"
"莽前队大夫甄阜","2","3","5"
"伏波将军马援率","2","3","5"
"能直言极谏士一","5","0","5"
"直言极谏士一人","5","0","5"
"民名数流民欲占","5","0","5"
"名数流民欲占者","5","0","5"
"度辽将军邓遵率","2","3","5"
"遣光禄大夫案行","5","0","5"
"使匈奴中郎将马","3","2","5"
"郡国中都官死罪","4","1","5"
"国中都官死罪系","4","1","5"
"中都官死罪系囚","4","1","5"
"名数欲占者人一","5","0","5"
"数欲占者人一级","5","0","5"
"孔子及七十二弟","0","5","5"
"子及七十二弟子","0","5","5"
"事情已经记载在","0","5","5"
"寻迹而射的士兵","0","5","5"
"把他们打得大败","0","5","5"
"年春正月十七日","0","5","5"
"大司马吴汉率领","0","5","5"
"年春正月十九日","0","5","5"
"令天下在押囚犯","0","5","5"
"十分之四以上的","0","5","5"
"民无户籍及流民","0","5","5"
"想归首的每人一","0","5","5"
"蜀郡太守第五伦","2","2","4"
"武威将军刘尚等","2","2","4"
"更始幽州牧苗曾","2","2","4"
"虎贲中郎将邓骘","2","2","4"
"长沙太守抗徐等","2","2","4"
"太山贼公孙举等","2","2","4"
"长沙太守孙坚杀","2","2","4"
"左中郎将皇甫嵩","2","2","4"
"廷尉大将军王常","2","2","4"
"行车骑将军马防","3","1","4"
"京兆虎牙都尉耿","2","2","4"
"兆虎牙都尉耿溥","2","2","4"
"骑将军皇甫嵩讨","2","2","4"
"辽东太守公孙康","2","2","4"
"奴中郎将张奂率","2","2","4"
"征虏将军祭遵等","2","2","4"
"遣捕虏将军马武","3","1","4"
"平狄将军庞萌反","2","2","4"
"扬武将军马成等","2","2","4"
"帝使太中大夫持","2","2","4"
"遣虎牙大将军盖","3","1","4"
"牙大将军盖延等","2","2","4"
"虎贲中郎将袁术","2","2","4"
"西州大将军隗嚣","2","2","4"
"义大将军朱祐率","2","2","4"
"牙大将军盖延率","2","2","4"
"匈奴薁鞬日逐王","4","0","4"
"二十五年春正月","2","2","4"
"尊皇后曰皇太后","4","0","4"
"洛阳令下狱抵罪","2","2","4"
"诏郡国中都官系","4","0","4"
"数流民欲占者人","4","0","4"
"郡国二十三地震","2","2","4"
"校尉举贤良方正","4","0","4"
"令天下系囚罪未","4","0","4"
"天下系囚罪未决","4","0","4"
"护乌桓校尉耿晔","2","2","4"
"遣使匈奴中郎将","2","2","4"
"匈奴中郎将张耽","2","2","4"
"广陵盗贼张婴等","1","3","4"
"右趾髡钳城旦舂","4","0","4"
"趾髡钳城旦舂十","4","0","4"
"匈奴派使者进贡","0","4","4"
"祭祀孔子及七十","0","4","4"
"祀孔子及七十二","0","4","4"
"多个邑落的部众","0","4","4"
"十二月二十七日","0","4","4"
"光武帝派中郎将","0","4","4"
"匈奴革建日逐王","0","4","4"
"奴革建日逐王比","0","4","4"
"尊皇后为皇太后","0","4","4"
"穷得不能活下去","0","4","4"
"得不能活下去的","0","4","4"
"秋七月二十三日","0","4","4"
"以仓廪储粮赈济","0","4","4"
"羌校尉马贤讨伐","0","4","4"
"派光禄大夫巡视","0","4","4"
"命令天下在押囚","0","4","4"
"诏特赐钱二十万","1","2","3"
"齐殇王子都乡侯","2","1","3"
"率征虏将军祭遵","2","1","3"
"尚书令韩歆上疏","2","1","3"
"兄虎贲中郎将邓","1","2","3"
"追赠敬隐后女弟","1","2","3"
"赠敬隐后女弟小","1","2","3"
"敬隐后女弟小贵","1","2","3"
"隐后女弟小贵人","1","2","3"
"后女弟小贵人印","1","2","3"
"女弟小贵人印绶","1","2","3"
"御史中丞冯绲将","1","2","3"
"史中丞冯绲将兵","1","2","3"
"中丞冯绲将兵督","1","2","3"
"孙坚杀荆州刺史","2","1","3"
"坚杀荆州刺史王","2","1","3"
"朝歌长时杀贼数","1","2","3"
"歌长时杀贼数百","1","2","3"
"长时杀贼数百人","1","2","3"
"孔子七十二弟子","3","0","3"
"遣大司马吴汉等","2","1","3"
"行征西将军刘尚","2","1","3"
"杀汉中太守董炳","2","1","3"
"任尚遣兵击破先","3","0","3"
"尚遣兵击破先零","3","0","3"
"遣兵击破先零羌","3","0","3"
"置陇西南部都尉","2","1","3"
"中郎将皇甫规击","2","1","3"
"杀护羌校尉泠征","2","1","3"
"谏议大夫马日磾","3","0","3"
"率扬武将军马成","2","1","3"
"率平狄将军庞萌","2","1","3"
"遣伏波将军马援","3","0","3"
"南匈奴左部句龙","2","1","3"
"云中太守成严击","2","1","3"
"鲜卑围乌桓校尉","2","1","3"
"牙大将军盖延围","2","1","3"
"遣骠骑大将军杜","2","1","3"
"狄将军庞萌反叛","1","2","3"
"遣扬武将军马成","2","1","3"
"游击将军邓隆救","2","1","3"
"德行恂恂召伯春","1","2","3"
"时尚书令韩歆上","1","2","3"
"围度辽将军耿晔","2","1","3"
"置玄菟郡屯田六","2","1","3"
"玄菟郡屯田六部","2","1","3"
"煌郡营兵三百人","2","1","3"
"贲中郎将袁术烧","2","1","3"
"南阳太守成王晋","1","2","3"
"北匈奴遣使称臣","3","0","3"
"所过二千石长吏","2","1","3"
"收洛阳令下狱抵","2","1","3"
"服御珍膳靡丽难","2","1","3"
"御珍膳靡丽难成","2","1","3"
"辽将军邓遵率南","2","1","3"
"度辽将军耿夔讨","2","1","3"
"都官死罪系囚减","2","1","3"
"乳母野王君王圣","1","2","3"
"王青盖车迎帝入","2","1","3"
"青盖车迎帝入南","2","1","3"
"盖车迎帝入南宫","2","1","3"
"护羌校尉段颎追","3","0","3"
"羌校尉段颎追击","3","0","3"
"虎贲中郎将邓会","1","2","3"
"奴中郎将张奂击","2","1","3"
"永建元年春正月","1","2","3"
"流人名数欲占者","3","0","3"
"人名数欲占者人","3","0","3"
"死罪入缣二十匹","1","2","3"
"都官系囚减死罪","1","2","3"
"官系囚减死罪一","1","2","3"
"将他们全部消灭","0","3","3"
"汝南郡汝阳县人","0","3","3"
"流行这样一句话","0","3","3"
"骑将军东平王刘","0","3","3"
"将军东平王刘苍","0","3","3"
"车骑将军窦宪出","0","3","3"
"呈上大将军印绶","0","3","3"
"与征南大将军岑","0","3","3"
"与建威大将军耿","0","3","3"
"三分天下有其二","0","3","3"
"朝廷派御史中丞","0","3","3"
"江太守邓显讨伐","0","3","3"
"北匈奴派使者进","0","3","3"
"袁绍攻打公孙瓒","0","3","3"
"率领各郡的部队","0","3","3"
"被朝廷用囚车征","0","3","3"
"朝廷用囚车征召","0","3","3"
"率领左右羽林军","0","3","3"
"益州刺史率领板","0","3","3"
"谏议大夫马日石","0","3","3"
"议大夫马日石单","0","3","3"
"解除枷锁的刑徒","0","3","3"
"派伏波将军马援","0","3","3"
"波将军马援率领","0","3","3"
"千寻迹而射的士","0","3","3"
"千多个邑落的部","0","3","3"
"不知怎么办才好","0","3","3"
"帝的儿子刘子舆","0","3","3"
"于是上书给皇帝","0","3","3"
"邯郸派来的使者","0","3","3"
"家属流放到比景","0","3","3"
"大将军岑彭率领","0","3","3"
"帝从长安回洛阳","0","3","3"
"派虎牙大将军盖","0","3","3"
"光武帝东巡视察","0","3","3"
"派儿子入朝侍奉","0","3","3"
"穷得无法生存的","0","3","3"
"无户籍及流民自","0","3","3"
"年春正月十三日","0","3","3"
"死罪以下及逃亡","0","3","3"
"罪以下及逃亡的","0","3","3"
"京师及郡国四十","0","3","3"
"有彗星出现于天","0","3","3"
"元年春正月初二","0","3","3"
"同母兄弟的儿子","0","3","3"
"年春正月二十四","0","3","3"
"春正月二十四日","0","3","3"
"年春二月十三日","0","3","3"
"先零羌寇掠三辅","0","3","3"
"夏四月二十三日","0","3","3"
"郡国中都官对系","0","3","3"
"国中都官对系囚","0","3","3"
"帝在玉堂前殿逝","0","3","3"
"在玉堂前殿逝世","0","3","3"
"夏四月二十四日","0","3","3"
"祭祀东海恭王陵","0","3","3"
"脚至髡钳城旦舂","0","3","3"
"选入掖庭为贵人","0","3","3"
"济阴太守胡广等","1","1","2"
"阴太守胡广等十","1","1","2"
"下邳陈球等三十","1","1","2"
"邳陈球等三十余","1","1","2"
"陈球等三十余人","1","1","2"
"孝安皇帝封江京","1","1","2"
"先帝时阿母王圣","1","1","2"
"郑武姜谋杀严公","1","1","2"
"仆射黄琼同心辅","1","1","2"
"射黄琼同心辅政","1","1","2"
"坐德阳殿东厢请","1","1","2"
"德阳殿东厢请雨","1","1","2"
"太常桓焉等七十","1","1","2"
"常桓焉等七十人","1","1","2"
"故光禄大夫周举","1","1","2"
"使近臣儒者参考","1","1","2"
"近臣儒者参考政","1","1","2"
"臣儒者参考政事","1","1","2"
"太中大夫边韶等","1","1","2"
"引精兵十万南渡","1","1","2"
"精兵十万南渡黄","1","1","2"
"兵十万南渡黄淳","1","1","2"
"十万南渡黄淳水","1","1","2"
"将军张拔剑击地","1","1","2"
"更始取伯升宝剑","1","1","2"
"衣御史申屠建随","1","1","2"
"南顿君娶同郡樊","1","1","2"
"顿君娶同郡樊重","1","1","2"
"君娶同郡樊重女","1","1","2"
"族兄安众侯刘崇","1","1","2"
"祉娶高陵侯翟宣","1","1","2"
"娶高陵侯翟宣女","1","1","2"
"列侯奉先人祭祀","1","1","2"
"驸马都尉耿秉北","1","1","2"
"马都尉耿秉北征","1","1","2"
"都尉耿秉北征匈","1","1","2"
"尉耿秉北征匈奴","1","1","2"
"悼惠王子孝王将","1","1","2"
"惠王子孝王将闾","1","1","2"
"考城令河内王涣","1","1","2"
"诏公卿举贤良方","1","1","2"
"公卿举贤良方正","1","1","2"
"颍阴令勃海苑康","1","1","2"
"镇东将军曹操府","1","1","2"
"中常侍侯览托太","1","1","2"
"常侍侯览托太守","1","1","2"
"侍侯览托太守高","1","1","2"
"侯览托太守高伦","1","1","2"
"发愤著书数万言","1","1","2"
"光武特诏御史中","1","1","2"
"武特诏御史中丞","1","1","2"
"舂陵侯敞同产弟","2","0","2"
"河南太守同郡陈","1","1","2"
"南太守同郡陈遵","1","1","2"
"前将军邓禹西征","1","1","2"
"将军邓禹西征关","1","1","2"
"军邓禹西征关中","1","1","2"
"教授诸生千余人","2","0","2"
"氏张竦父子喜文","1","1","2"
"张竦父子喜文采","1","1","2"
"坐考陇西太守邓","2","0","2"
"考陇西太守邓融","2","0","2"
"陇西太守邓融事","1","1","2"
"将军东平王苍闻","2","0","2"
"军东平王苍闻辟","2","0","2"
"常八月长吏存问","2","0","2"
"阴贵人生梁节王","1","1","2"
"中山简王傅婢李","1","1","2"
"山简王傅婢李羽","1","1","2"
"简王傅婢李羽生","1","1","2"
"尚书陈忠上疏荐","1","1","2"
"更始柱功侯李宝","1","1","2"
"始柱功侯李宝所","1","1","2"
"柱功侯李宝所破","1","1","2"
"置大司农六部丞","1","1","2"
"讼人许伯等争田","1","1","2"
"命令止四方行者","1","1","2"
"列卿郡守者数十","1","1","2"
"卿郡守者数十人","1","1","2"
"晖望见少府主簿","1","1","2"
"武帝时所谓均输","1","1","2"
"年严鲔谋立清河","1","1","2"
"严鲔谋立清河王","1","1","2"
"鲔谋立清河王蒜","1","1","2"
"顺烈皇后初政清","1","1","2"
"烈皇后初政清静","1","1","2"
"伏见施刑徒朱穆","1","1","2"
"中常侍参选士人","1","1","2"
"郡太守第五伦代","1","1","2"
"车骑将军窦宪征","2","0","2"
"骑将军窦宪征匈","2","0","2"
"将军窦宪征匈奴","2","0","2"
"门生何融等上书","1","1","2"
"生何融等上书陈","1","1","2"
"时齐殇王子都乡","1","1","2"
"殇王子都乡侯暢","2","0","2"
"儒术大吏案行属","1","1","2"
"术大吏案行属县","1","1","2"
"邓皇后上太傅禹","1","1","2"
"皇后上太傅禹冢","1","1","2"
"骑都尉臧宫会击","1","1","2"
"都尉臧宫会击延","1","1","2"
"尉臧宫会击延岑","1","1","2"
"臧宫会击延岑余","1","1","2"
"宫会击延岑余党","1","1","2"
"会击延岑余党阴","1","1","2"
"外孙阴皇后巫蛊","1","1","2"
"孙阴皇后巫蛊事","1","1","2"
"旧制骠骑将军官","1","1","2"
"陕贼苏况攻破弘","1","1","2"
"贼苏况攻破弘农","1","1","2"
"遣尚书宗广持节","2","0","2"
"骑大将军杜茂击","1","1","2"
"大将军杜茂击佼","1","1","2"
"中郎将王梁击五","1","1","2"
"郎将王梁击五校","1","1","2"
"将王梁击五校贼","1","1","2"
"茂率捕虏将军马","1","1","2"
"率捕虏将军马武","1","1","2"
"捕虏将军马武进","1","1","2"
"虏将军马武进攻","1","1","2"
"将军马武进攻西","1","1","2"
"军马武进攻西防","1","1","2"
"率武威将军刘尚","1","1","2"
"威将军刘尚等破","1","1","2"
"将军刘尚等破河","1","1","2"
"军刘尚等破河池","1","1","2"
"代骠骑大将军杜","1","1","2"
"帝见陈留吏牍上","1","1","2"
"帝令虎贲将诘问","1","1","2"
"中郎将副伏波将","1","1","2"
"郎将副伏波将军","1","1","2"
"将副伏波将军马","1","1","2"
"副伏波将军马援","1","1","2"
"伏波将军马援击","1","1","2"
"波将军马援击交","1","1","2"
"宾客十余人北追","1","1","2"
"南大将军岑彭击","1","1","2"
"大将军岑彭击破","1","1","2"
"将军岑彭击破秦","1","1","2"
"军岑彭击破秦丰","1","1","2"
"义大将军朱祐乘","1","1","2"
"右辅都尉陈讠斤","1","1","2"
"凉州诸郡羌胡兵","1","1","2"
"斩首四千六百级","1","1","2"
"光武遣吴汉诛更","1","1","2"
"武遣吴汉诛更始","1","1","2"
"遣吴汉诛更始幽","1","1","2"
"吴汉诛更始幽州","1","1","2"
"汉诛更始幽州牧","1","1","2"
"诛更始幽州牧苗","1","1","2"
"州中名宿涿郡王","1","1","2"
"中名宿涿郡王岑","1","1","2"
"王莽时故吏二千","1","1","2"
"莽时故吏二千石","1","1","2"
"伯通独中风狂走","1","1","2"
"遣游击将军邓隆","2","0","2"
"会上谷太守耿况","2","0","2"
"州牧奏二千石长","1","1","2"
"牧奏二千石长吏","1","1","2"
"愿陛下留心千里","1","1","2"
"日车驾亲临观飨","1","1","2"
"朱买臣难公孙弘","1","1","2"
"买臣难公孙弘十","1","1","2"
"臣难公孙弘十策","1","1","2"
"时湖阳大姓虞都","1","1","2"
"湖阳大姓虞都尉","1","1","2"
"阳大姓虞都尉反","1","1","2"
"大姓虞都尉反城","1","1","2"
"姓虞都尉反城称","1","1","2"
"虞都尉反城称兵","1","1","2"
"郏贼延褒等众三","1","1","2"
"贼延褒等众三千","1","1","2"
"贵人魏氏宾客放","1","1","2"
"高帝母昭灵后园","1","1","2"
"帝母昭灵后园陵","1","1","2"
"人特赐舆马衣服","1","1","2"
"同郡河东太守焦","1","1","2"
"郡河东太守焦贶","1","1","2"
"满补县长令史丞","1","1","2"
"补县长令史丞尉","1","1","2"
"褐巾布衣素棺殡","1","1","2"
"巾布衣素棺殡殓","1","1","2"
"车骑将军邓骘兄","1","1","2"
"骑将军邓骘兄弟","1","1","2"
"同郡戴良才高倨","1","1","2"
"郡戴良才高倨傲","1","1","2"
"郭林宗少游汝南","1","1","2"
"仆射胡广等上疏","1","1","2"
"射胡广等上疏荐","1","1","2"
"四方名士郭林宗","1","1","2"
"方名士郭林宗等","1","1","2"
"名士郭林宗等数","1","1","2"
"士郭林宗等数十","1","1","2"
"郭林宗等数十人","1","1","2"
"南州高士徐孺子","1","1","2"
"中常侍曹节等专","1","1","2"
"常侍曹节等专执","1","1","2"
"侍曹节等专执朝","1","1","2"
"曹节等专执朝事","1","1","2"
"弟子陈留刘操追","1","1","2"
"子陈留刘操追慕","1","1","2"
"申屠蟠禀气玄妙","1","1","2"
"京师游士汝南范","1","1","2"
"师游士汝南范滂","1","1","2"
"游士汝南范滂等","1","1","2"
"大将军何进辅政","1","1","2"
"孔公绪清谈高论","1","1","2"
"先人李老君同德","1","1","2"
"太中大夫陈炜后","1","1","2"
"东莱太史慈求救","1","1","2"
"敢枉官平哉忠非","2","0","2"
"枉官平哉忠非三","2","0","2"
"官平哉忠非三闾","2","0","2"
"使持节侍中守尚","1","1","2"
"持节侍中守尚书","1","1","2"
"节侍中守尚书令","1","1","2"
"侍中守尚书令万","1","1","2"
"中守尚书令万岁","1","1","2"
"守尚书令万岁亭","1","1","2"
"尚书令万岁亭侯","1","1","2"
"昭公十七年夏六","1","1","2"
"公十七年夏六月","1","1","2"
"十七年夏六月甲","1","1","2"
"举渔阳太守郭亻","1","1","2"
"兴奉使私买奴婢","1","1","2"
"王莽大司空王邑","2","0","2"
"莽大司空王邑辟","2","0","2"
"太中大夫许淑等","1","1","2"
"中大夫许淑等互","1","1","2"
"大夫许淑等互相","1","1","2"
"夫许淑等互相辩","1","1","2"
"许淑等互相辩难","1","1","2"
"太常选博士四人","1","1","2"
"大司农江冯上言","1","1","2"
"司隶校尉督察三","1","1","2"
"隶校尉督察三公","1","1","2"
"逵所著经传义诂","1","1","2"
"后兄虎贲中郎将","1","1","2"
"宋贵人生清河孝","1","1","2"
"贵人生清河孝王","1","1","2"
"申贵人生济北惠","1","1","2"
"贵人生济北惠王","1","1","2"
"立桓帝弟蠡吾侯","1","1","2"
"帝弟蠡吾侯悝勃","2","0","2"
"弟蠡吾侯悝勃海","2","0","2"
"蠡吾侯悝勃海王","2","0","2"
"使小黄门蔡伦考","1","1","2"
"左冯翊沛国刘均","1","1","2"
"冯翊沛国刘均等","1","1","2"
"翊沛国刘均等奔","1","1","2"
"沛国刘均等奔走","1","1","2"
"国刘均等奔走解","1","1","2"
"刘均等奔走解释","1","1","2"
"帝移幸北宫章德","1","1","2"
"移幸北宫章德殿","1","1","2"
"中黄门送耿姬归","1","1","2"
"使长乐谒者仆射","1","1","2"
"皇妣左氏曰孝德","2","0","2"
"孝德皇母宋贵人","1","1","2"
"德皇母宋贵人追","1","1","2"
"皇母宋贵人追谥","1","1","2"
"大鸿胪奉策书玺","1","1","2"
"鸿胪奉策书玺绶","1","1","2"
"护礼仪侍中刘珍","1","1","2"
"礼仪侍中刘珍等","1","1","2"
"延平立三十五年","1","1","2"
"朝臣太尉李固等","1","1","2"
"侍御史吴郡沈景","1","1","2"
"元初六年邓太后","1","1","2"
"初六年邓太后征","1","1","2"
"使司徒持节奉策","1","1","2"
"司徒持节奉策书","1","1","2"
"氏孝崇博园贵人","2","0","2"
"夫人董氏慎园贵","2","0","2"
"人董氏慎园贵人","2","0","2"
"永元二年分济阴","1","1","2"
"邓太后立乐安夷","1","1","2"
"太后立乐安夷王","1","1","2"
"辟大将军邓骘府","1","1","2"
"广陵贼张婴等众","1","1","2"
"陵贼张婴等众数","1","1","2"
"贼张婴等众数万","1","1","2"
"张婴等众数万人","1","1","2"
"故广陵太守张纲","1","1","2"
"龚深疾宦官专权","1","1","2"
"大将军梁商特辟","1","1","2"
"同郡刘表时年十","1","1","2"
"郡刘表时年十七","1","1","2"
"蘧伯玉耻独君子","2","0","2"
"八使光禄大夫杜","1","1","2"
"使光禄大夫杜乔","1","1","2"
"蜀郡太守刘宣等","1","1","2"
"四府条举近臣父","1","1","2"
"府条举近臣父兄","1","1","2"
"时永昌太守冶铸","1","1","2"
"永昌太守冶铸黄","1","1","2"
"昌太守冶铸黄金","1","1","2"
"太尉李固上疏救","1","1","2"
"迁使匈奴中郎将","2","0","2"
"谏议大夫马宇共","1","1","2"
"议大夫马宇共攻","1","1","2"
"大夫马宇共攻李","1","1","2"
"令中常侍赵忠监","1","1","2"
"大将军窦武同谋","1","1","2"
"永乐太后所亲知","1","1","2"
"大司徒邓禹西征","1","1","2"
"西大将军冯异共","1","1","2"
"大将军冯异共击","1","1","2"
"将军冯异共击关","1","1","2"
"军冯异共击关中","1","1","2"
"冯异共击关中诸","1","1","2"
"异共击关中诸营","1","1","2"
"共击关中诸营保","1","1","2"
"颍川桑中盗贼群","1","1","2"
"海贼张伯路等三","1","1","2"
"贼张伯路等三千","1","1","2"
"遣侍御史庞雄督","2","0","2"
"侍御史庞雄督州","2","0","2"
"平原刘文河等三","1","1","2"
"原刘文河等三百","1","1","2"
"遣御史中丞王宗","2","0","2"
"东莱郡兵独未解","1","1","2"
"辽东人李久等共","1","1","2"
"广陵贼张婴等复","2","0","2"
"中郎将赵序助冯","1","1","2"
"郎将赵序助冯绲","1","1","2"
"余众攻烧东城县","1","1","2"
"下邳人谢安应募","2","0","2"
"时玄菟太守姚光","1","1","2"
"辽东都尉庞奋使","1","1","2"
"绲将傅婢二人戎","1","1","2"
"将傅婢二人戎服","1","1","2"
"故车骑将军单超","1","1","2"
"时冀州刺史朱穆","1","1","2"
"苍梧太守望风逃","1","1","2"
"遣御史中丞盛修","2","0","2"
"御史中丞盛修募","1","1","2"
"史中丞盛修募兵","1","1","2"
"中丞盛修募兵讨","1","1","2"
"豫章艾县人六百","1","1","2"
"章艾县人六百余","1","1","2"
"艾县人六百余人","1","1","2"
"督荆州刺史刘度","1","1","2"
"桂阳贼胡兰等三","1","1","2"
"阳贼胡兰等三千","1","1","2"
"深林远薮椎髻鸟","1","1","2"
"林远薮椎髻鸟语","1","1","2"
"击太山贼公孙举","1","1","2"
"桓帝下诏追增封","1","1","2"
"帝下诏追增封徐","1","1","2"
"下诏追增封徐五","1","1","2"
"诏追增封徐五百","1","1","2"
"追增封徐五百户","1","1","2"
"前长沙贼胡兰作","1","1","2"
"长沙贼胡兰作难","1","1","2"
"沙贼胡兰作难荆","1","1","2"
"贼胡兰作难荆州","1","1","2"
"使后车弓弩乱发","2","0","2"
"诸王公列侯庙会","1","1","2"
"孝武太山明堂制","1","1","2"
"武太山明堂制度","1","1","2"
"诏召玄武司马班","1","1","2"
"召玄武司马班固","1","1","2"
"尚书张敏等奏褒","1","1","2"
"书张敏等奏褒擅","1","1","2"
"同郡孙嵩等四十","1","1","2"
"驳许慎五经异义","1","1","2"
"答临孝存周礼难","1","1","2"
"武威太守孟云上","1","1","2"
"威太守孟云上书","1","1","2"
"光禄勋耿秉等十","1","1","2"
"禄勋耿秉等十人","1","1","2"
"七千四百八十万","1","1","2"
"缇骑侯海等五百","1","1","2"
"骑侯海等五百人","1","1","2"
"部吏杨章等穷究","1","1","2"
"荐魏郡太守徐防","1","1","2"
"魏郡太守徐防代","1","1","2"
"司隶校尉晏称会","1","1","2"
"辟大将军何进掾","2","0","2"
"长沙太守张羡率","1","1","2"
"将江夏太守黄祖","1","1","2"
"诚刘备足御曹公","2","0","2"
"初置西园八校尉","2","0","2"
"入朝歌鹿肠山苍","1","1","2"
"朝歌鹿肠山苍岩","1","1","2"
"歌鹿肠山苍岩谷","1","1","2"
"将作大匠孔融持","1","1","2"
"季等数千人攻杀","1","1","2"
"等数千人攻杀长","1","1","2"
"数千人攻杀长吏","1","1","2"
"诩使二十强弩共","1","1","2"
"使二十强弩共射","1","1","2"
"二十强弩共射一","1","1","2"
"十强弩共射一人","1","1","2"
"谪罚吏人数千万","1","1","2"
"刺史耿鄙委任治","1","1","2"
"史耿鄙委任治中","1","1","2"
"耿鄙委任治中程","1","1","2"
"鄙委任治中程球","1","1","2"
"佐军校尉袁绍同","1","1","2"
"司隶校尉张温举","1","1","2"
"时小黄门京兆高","1","1","2"
"小黄门京兆高望","1","1","2"
"左将军皇甫嵩精","1","1","2"
"将军皇甫嵩精兵","1","1","2"
"军皇甫嵩精兵三","1","1","2"
"皇甫嵩精兵三万","1","1","2"
"率丹阳太守陈夤","1","1","2"
"见将军呼张陈留","1","1","2"
"避世墙东王君公","1","1","2"
"将作大匠任隗举","1","1","2"
"食客常三四百人","1","1","2"
"关东大豪戴子高","1","1","2"
"陈留范冉等数百","1","1","2"
"留范冉等数百人","1","1","2"
"尚书郎南阳张温","1","1","2"
"名士陈留杨伦等","1","1","2"
"故朝阳侯刘护兄","2","0","2"
"朝阳侯刘护兄瑰","2","0","2"
"帝舅大鸿胪耿宝","1","1","2"
"舅大鸿胪耿宝荐","1","1","2"
"大鸿胪耿宝荐中","1","1","2"
"鸿胪耿宝荐中常","1","1","2"
"胪耿宝荐中常侍","1","1","2"
"耿宝荐中常侍李","1","1","2"
"李常侍国家所重","1","1","2"
"皇后兄执金吾阎","1","1","2"
"后兄执金吾阎显","1","1","2"
"王永等分威共权","1","1","2"
"请大将军耿宝奏","1","1","2"
"震诸子代邮行书","1","1","2"
"诏将大夫六百石","1","1","2"
"忌故太史令孙懿","1","1","2"
"追感祖母宋贵人","1","1","2"
"尚书令高堂芝等","1","1","2"
"书令高堂芝等交","1","1","2"
"令高堂芝等交通","1","1","2"
"高堂芝等交通属","1","1","2"
"堂芝等交通属托","1","1","2"
"河南张楷等谋反","1","1","2"
"孝文皇帝始置一","1","1","2"
"文皇帝始置一经","1","1","2"
"皇帝始置一经博","1","1","2"
"帝始置一经博士","1","1","2"
"录囚徒数百千人","1","1","2"
"武陵蛮詹山等四","1","1","2"
"陵蛮詹山等四千","1","1","2"
"蛮詹山等四千余","1","1","2"
"詹山等四千余人","1","1","2"
"山等四千余人反","1","1","2"
"等四千余人反叛","1","1","2"
"北军中侯邹靖上","1","1","2"
"募陇西羌胡守善","1","1","2"
"诏百官大会朝堂","1","1","2"
"黄巾三十万众入","2","0","2"
"前后斩首数千级","1","1","2"
"安帝时河间人尹","1","1","2"
"帝时河间人尹次","1","1","2"
"胶西相董仲舒老","1","1","2"
"西相董仲舒老病","1","1","2"
"大将军梁冀贵戚","1","1","2"
"故王者赏人必酬","1","1","2"
"封大将军梁商子","1","1","2"
"司隶校尉左雄荐","1","1","2"
"平林后部攻新野","1","1","2"
"丹荐乡人长者代","1","1","2"
"门下掾王望举觞","1","1","2"
"下掾王望举觞上","1","1","2"
"掾王望举觞上寿","1","1","2"
"永平九年赐号灵","1","1","2"
"平九年赐号灵寿","1","1","2"
"九年赐号灵寿王","1","1","2"
"永平九年赐号重","1","1","2"
"平九年赐号重熹","1","1","2"
"九年赐号重熹王","1","1","2"
"十五年封乐成王","1","1","2"
"公孙述遣将侯丹","1","1","2"
"三迁五官中郎将","1","1","2"
"辅威将军耿植代","1","1","2"
"威将军耿植代征","1","1","2"
"将军耿植代征南","1","1","2"
"军耿植代征南大","1","1","2"
"耿植代征南大将","1","1","2"
"植代征南大将军","1","1","2"
"代征南大将军岑","1","1","2"
"食邑七千三百户","1","1","2"
"河内太守寇恂南","1","1","2"
"内太守寇恂南拒","1","1","2"
"太守寇恂南拒洛","1","1","2"
"守寇恂南拒洛阳","1","1","2"
"王梁主卫作玄武","1","1","2"
"督诛虏将军刘隆","1","1","2"
"尚书令谢躬共攻","1","1","2"
"书令谢躬共攻王","1","1","2"
"令谢躬共攻王郎","1","1","2"
"虎牙将军盖延等","1","1","2"
"牙将军盖延等讨","1","1","2"
"显宗追感前世功","1","1","2"
"宗追感前世功臣","1","1","2"
"时大将军窦宪免","1","1","2"
"豫州刺史郭贡率","1","1","2"
"州刺史郭贡率兵","1","1","2"
"刺史郭贡率兵数","1","1","2"
"史郭贡率兵数万","1","1","2"
"梁太后立安平孝","1","1","2"
"太后立安平孝王","1","1","2"
"后立安平孝王子","1","1","2"
"立安平孝王子经","1","1","2"
"安平孝王子经侯","1","1","2"
"平孝王子经侯理","1","1","2"
"王子经侯理甘陵","2","0","2"
"子经侯理甘陵王","2","0","2"
"王利子康济南王","2","0","2"
"大将军何进长史","1","1","2"
"历阳贼华孟称黑","2","0","2"
"阳贼华孟称黑帝","2","0","2"
"改定章句十五万","1","1","2"
"乌桓校尉王元发","1","1","2"
"太尉杨秉等举贤","1","1","2"
"尉杨秉等举贤良","1","1","2"
"杨秉等举贤良方","1","1","2"
"秉等举贤良方正","1","1","2"
"悖乎令君器易下","2","0","2"
"乎令君器易下议","2","0","2"
"斗筲必能叨天业","2","0","2"
"夫人赵氏曰孝穆","2","0","2"
"颍川突骑安集荆","1","1","2"
"南顿君立皇考庙","1","1","2"
"震部掾高舒召大","1","1","2"
"部掾高舒召大匠","1","1","2"
"掾高舒召大匠令","1","1","2"
"高舒召大匠令史","1","1","2"
"白虎观论考同异","1","1","2"
"亲故贤能功贵勤","1","1","2"
"故贤能功贵勤宾","1","1","2"
"破王莽前队大夫","1","1","2"
"使奋威大将军刘","1","1","2"
"奋威大将军刘信","1","1","2"
"威大将军刘信击","1","1","2"
"执金吾大将军廖","1","1","2"
"金吾大将军廖湛","1","1","2"
"柱天大将军李通","1","1","2"
"五威中郎将李轶","1","1","2"
"水衡大将军成丹","1","1","2"
"骠骑大将军宋佻","1","1","2"
"王常等镇抚关东","1","1","2"
"御史大夫隗嚣合","1","1","2"
"史大夫隗嚣合谋","1","1","2"
"更始常依谢禄居","1","1","2"
"杀南阳太守张咨","2","0","2"
"杀杨州刺史陈温","2","0","2"
"尚书仆射士孙瑞","1","1","2"
"车骑将军张温讨","1","1","2"
"张纯等攻击蓟中","1","1","2"
"勃海太守印绶授","1","1","2"
"渔阳太守邹丹战","1","1","2"
"太尉牟融举贤良","1","1","2"
"尉牟融举贤良方","1","1","2"
"牟融举贤良方正","1","1","2"
"京师贵戚卫尉马","1","1","2"
"师贵戚卫尉马廖","1","1","2"
"前太尉西曹掾蒋","1","1","2"
"太尉西曹掾蒋遵","1","1","2"
"南阳魏满字叔牙","1","1","2"
"师大司徒欧阳歙","1","1","2"
"济阴曹曾字伯山","1","1","2"
"大会孔氏男子二","1","1","2"
"会孔氏男子二十","1","1","2"
"徐州刺史刘福等","1","1","2"
"弟原乡侯平尚幼","1","1","2"
"时五校官显职闲","1","1","2"
"般常将长水胡骑","1","1","2"
"梦见先师东里先","1","1","2"
"见先师东里先生","1","1","2"
"五官掾郭唐等同","1","1","2"
"官掾郭唐等同心","1","1","2"
"掾郭唐等同心固","1","1","2"
"郭唐等同心固守","1","1","2"
"渡河入魏郡清河","1","1","2"
"王郎遣将攻信都","1","1","2"
"信都大姓马宠等","1","1","2"
"都大姓马宠等开","1","1","2"
"选精骑二千余匹","1","1","2"
"宗族宾客二千余","1","1","2"
"族宾客二千余人","1","1","2"
"游击将军邓隆征","1","1","2"
"奉使见王侯牧守","1","1","2"
"兵击更始东平太","1","1","2"
"击更始东平太守","1","1","2"
"更始东平太守范","1","1","2"
"始东平太守范荆","1","1","2"
"光禄大夫义渠安","1","1","2"
"禄大夫义渠安国","1","1","2"
"右将军冯奉世击","1","1","2"
"司徒掾班彪上言","2","0","2"
"陇西太守刘盱遣","2","0","2"
"虏将军马武等击","2","0","2"
"金城太守郝崇追","1","1","2"
"武威太守傅育代","1","1","2"
"遣行车骑将军马","2","0","2"
"遣行征西将军刘","2","0","2"
"金城长史上官鸿","1","1","2"
"城长史上官鸿上","1","1","2"
"安帝永初元年夏","1","1","2"
"遣骑都尉王弘发","2","0","2"
"遣车骑将军邓骘","2","0","2"
"事中郎司马钧率","1","1","2"
"汉中太守郑勤移","1","1","2"
"汉阳太守赵博遣","2","0","2"
"汉中五官掾程信","1","1","2"
"中五官掾程信率","1","1","2"
"右扶风都尉皇甫","1","1","2"
"扶风都尉皇甫旗","1","1","2"
"风都尉皇甫旗等","1","1","2"
"兵击破先零羌丁","2","0","2"
"击破先零羌丁奚","2","0","2"
"破先零羌丁奚城","2","0","2"
"榆鬼等五人刺杀","1","1","2"
"益州刺史张乔尹","2","0","2"
"州刺史张乔尹就","2","0","2"
"刺史张乔尹就军","2","0","2"
"史张乔尹就军屯","2","0","2"
"募效功种号封刺","1","1","2"
"效功种号封刺杀","1","1","2"
"陇西种羌号良等","1","1","2"
"千余人复寇张掖","2","0","2"
"广汉属国都尉击","1","1","2"
"饥指累祖等三百","1","1","2"
"赵冲汉阳太守张","2","0","2"
"冲汉阳太守张贡","2","0","2"
"护羌校尉卫瑶追","1","1","2"
"羌校尉卫瑶追击","1","1","2"
"白马羌寇广汉属","2","0","2"
"马羌寇广汉属国","2","0","2"
"益州刺史率板蛮","2","0","2"
"州刺史率板蛮讨","2","0","2"
"刺史率板蛮讨破","2","0","2"
"南阳太守第五访","1","1","2"
"郎将皇甫规击破","2","0","2"
"陇西太守孙羌击","1","1","2"
"胡北宫伯玉等反","1","1","2"
"广汉塞外白马羌","1","1","2"
"汉塞外白马羌豪","1","1","2"
"万七千二百八十","1","1","2"
"安丘男子毋丘长","1","1","2"
"后父大将军窦武","2","0","2"
"护乌桓中郎将宗","1","1","2"
"乌桓中郎将宗员","1","1","2"
"将军皇甫嵩讨平","1","1","2"
"军皇甫嵩讨平黄","1","1","2"
"皇甫嵩讨平黄巾","1","1","2"
"故北中郎将卢植","1","1","2"
"车骑将军张温西","1","1","2"
"骑将军张温西征","1","1","2"
"将军张温西征关","1","1","2"
"军张温西征关中","1","1","2"
"卫将军董承修理","1","1","2"
"将军董承修理宫","1","1","2"
"军董承修理宫室","1","1","2"
"叔向四像居宾位","1","1","2"
"时光武南击青犊","1","1","2"
"魏郡太守陈康守","1","1","2"
"汉率大司空王梁","1","1","2"
"西山贼黎伯卿等","1","1","2"
"秦丰战黄邮水上","1","1","2"
"选四部精兵黄头","1","1","2"
"四部精兵黄头吴","1","1","2"
"部精兵黄头吴河","1","1","2"
"精兵黄头吴河等","1","1","2"
"步骑二万余人进","1","1","2"
"骑二万余人进逼","1","1","2"
"二万余人进逼成","1","1","2"
"万余人进逼成都","1","1","2"
"副将武威将军刘","1","1","2"
"将武威将军刘尚","1","1","2"
"捕虏将军马武北","1","1","2"
"虏将军马武北击","1","1","2"
"将军马武北击匈","1","1","2"
"军马武北击匈奴","1","1","2"
"蜀郡守将史歆反","1","1","2"
"蜀三郡兵围成都","1","1","2"
"徐容等惶恐解散","1","1","2"
"偏将军王霸等南","1","1","2"
"将军王霸等南伐","1","1","2"
"军王霸等南伐刘","1","1","2"
"王霸等南伐刘永","1","1","2"
"周建等三万余人","1","1","2"
"建等三万余人救","1","1","2"
"平狄将军庞萌攻","1","1","2"
"狄将军庞萌攻西","1","1","2"
"将军庞萌攻西防","1","1","2"
"将贲休举兰陵城","1","1","2"
"讨虏将军王霸等","1","1","2"
"虏将军王霸等会","1","1","2"
"五校引退入渔阳","1","1","2"
"征虏将军祭遵击","2","0","2"
"南大将军岑彭相","1","1","2"
"妖巫维汜弟子单","1","1","2"
"巫维汜弟子单臣","1","1","2"
"公卿诸侯王问方","1","1","2"
"卿诸侯王问方略","1","1","2"
"度辽将军范明友","1","1","2"
"旦等九百二十二","1","1","2"
"等九百二十二人","1","1","2"
"九百二十二人率","1","1","2"
"安帝永初三年夏","1","1","2"
"顺帝阳嘉四年冬","1","1","2"
"度辽将军耿晔率","1","1","2"
"中郎将张耽击破","2","0","2"
"辽东太守祭肜击","1","1","2"
"赤山乌桓歆志贲","1","1","2"
"山乌桓歆志贲等","1","1","2"
"发积射士三千人","2","0","2"
"顺帝永建元年秋","1","1","2"
"匈奴中郎将赵稠","1","1","2"
"南匈奴骨都侯夫","1","1","2"
"匈奴骨都侯夫沈","1","1","2"
"奴骨都侯夫沈等","1","1","2"
"中郎将张奂率南","2","0","2"
"郎将张奂率南单","2","0","2"
"余所作杂文数十","1","1","2"
"所作杂文数十篇","1","1","2"
"荐县人申徒蟠等","1","1","2"
"江夏太守黄祖性","1","1","2"
"夏太守黄祖性急","1","1","2"
"共读蔡邕所作碑","1","1","2"
"读蔡邕所作碑文","1","1","2"
"外高祖破羌将军","1","1","2"
"高祖破羌将军辛","1","1","2"
"祖破羌将军辛武","1","1","2"
"破羌将军辛武贤","1","1","2"
"天下双江夏黄童","2","0","2"
"谒者仆射刘珍等","1","1","2"
"帝废太子济阴王","2","0","2"
"秦始皇毁坏谥法","1","1","2"
"击杀雍州牧陈庆","1","1","2"
"光武叔父国三老","1","1","2"
"陈仓人吕鲔拥众","1","1","2"
"仓人吕鲔拥众数","1","1","2"
"人吕鲔拥众数万","1","1","2"
"遣建威大将军耿","1","1","2"
"等七将军陇道伐","2","0","2"
"虏将军祭遵等击","1","1","2"
"将军祭遵等击破","1","1","2"
"使王遵持节监大","1","1","2"
"王遵持节监大司","1","1","2"
"遵持节监大司马","1","1","2"
"持节监大司马吴","1","1","2"
"节监大司马吴汉","1","1","2"
"监大司马吴汉留","1","1","2"
"大司马吴汉留屯","1","1","2"
"大将军岑彭围西","1","1","2"
"将军岑彭围西城","1","1","2"
"大将军盖延围上","1","1","2"
"盖延等攻破落门","1","1","2"
"辅威将军臧宫破","1","1","2"
"威将军臧宫破延","1","1","2"
"将军臧宫破延岑","1","1","2"
"大司徒司直杜林","1","1","2"
"使人诈称汉使者","1","1","2"
"更始遣柱功侯李","1","1","2"
"始遣柱功侯李宝","1","1","2"
"关中豪杰吕鲔等","1","1","2"
"会聚兵甲数十万","1","1","2"
"聚兵甲数十万人","1","1","2"
"威虏将军冯骏等","1","1","2"
"辅威将军臧宫所","1","1","2"
"更始元年十二月","1","1","2"
"谏议大夫杜威持","1","1","2"
"诸豪杰沛人周建","1","1","2"
"豪杰沛人周建等","1","1","2"
"西防贼帅山阳佼","1","1","2"
"大司马吴汉等围","1","1","2"
"司马吴汉等围苏","1","1","2"
"马吴汉等围苏茂","1","1","2"
"骑大将军杜茂攻","1","1","2"
"大将军杜茂攻佼","1","1","2"
"招诱五校余贼步","1","1","2"
"诱五校余贼步骑","1","1","2"
"五校余贼步骑数","1","1","2"
"校余贼步骑数千","1","1","2"
"余贼步骑数千人","1","1","2"
"吴汉校尉韩湛追","1","1","2"
"汉校尉韩湛追斩","1","1","2"
"王莽叔父平阿侯","1","1","2"
"东郡三十余万户","1","1","2"
"武将军马成等击","1","1","2"
"前吴汉北发兵时","1","1","2"
"击将军邓隆救蓟","1","1","2"
"苍头子密等三人","1","1","2"
"胡骑击杀代郡太","1","1","2"
"骑击杀代郡太守","1","1","2"
"击杀代郡太守刘","1","1","2"
"杀代郡太守刘兴","1","1","2"
"五原太守李兴兄","1","1","2"
"原太守李兴兄弟","1","1","2"
"云中太守桥扈恐","1","1","2"
"中太守桥扈恐惧","1","1","2"
"后世圣人易棺椁","2","0","2"
"度辽将军皇甫规","1","1","2"
"辽将军皇甫规解","1","1","2"
"延岑护军邓仲况","1","1","2"
"岑护军邓仲况拥","1","1","2"
"护军邓仲况拥兵","1","1","2"
"先避害然后求利","1","1","2"
"邓太后使中常侍","1","1","2"
"诬罔大将军梁商","1","1","2"
"罔大将军梁商专","1","1","2"
"时大将军梁冀威","1","1","2"
"大将军梁冀威权","1","1","2"
"将军梁冀威权倾","1","1","2"
"军梁冀威权倾朝","1","1","2"
"郡文学掾史春秋","1","1","2"
"文学掾史春秋飨","1","1","2"
"学掾史春秋飨射","1","1","2"
"掾史春秋飨射常","1","1","2"
"哀帝时任司隶校","1","1","2"
"帝时任司隶校尉","1","1","2"
"遣谏议大夫储大","1","1","2"
"谏议大夫储大伯","1","1","2"
"上将军列侯印绶","1","1","2"
"定兰台漆书经字","1","1","2"
"将军东平王苍所","1","1","2"
"显宗特诏补北宫","1","1","2"
"宗特诏补北宫卫","1","1","2"
"特诏补北宫卫士","1","1","2"
"诏补北宫卫士令","1","1","2"
"大司空杜林更受","1","1","2"
"司隶校尉举奏免","1","1","2"
"一岁三百六十日","1","1","2"
"三百五十九日斋","1","1","2"
"会稽顾奉等数百","1","1","2"
"稽顾奉等数百人","1","1","2"
"昆避难河南负犊","1","1","2"
"避难河南负犊山","1","1","2"
"难河南负犊山中","1","1","2"
"诸王小侯五十余","1","1","2"
"王小侯五十余人","1","1","2"
"说经铿铿杨子行","1","1","2"
"国将哀章守洛阳","1","1","2"
"遣定国上公王匡","1","1","2"
"定国上公王匡攻","1","1","2"
"国上公王匡攻洛","1","1","2"
"上公王匡攻洛阳","1","1","2"
"西屏大将军申屠","1","1","2"
"屏大将军申屠建","1","1","2"
"引兵击破白奢贼","1","1","2"
"遣尚书令谢躬率","1","1","2"
"偏将军冯异击昌","1","1","2"
"将军冯异击昌城","1","1","2"
"军冯异击昌城五","1","1","2"
"冯异击昌城五楼","1","1","2"
"异击昌城五楼贼","1","1","2"
"击昌城五楼贼张","1","1","2"
"昌城五楼贼张文","1","1","2"
"城五楼贼张文等","1","1","2"
"兵助盖延围刘永","1","1","2"
"盖延围刘永睢阳","2","0","2"
"汉率建威大将军","2","0","2"
"率建威大将军耿","2","0","2"
"汉忠将军王常等","1","1","2"
"率征南大将军岑","1","1","2"
"南大将军岑彭等","1","1","2"
"大将军岑彭等伐","1","1","2"
"将军岑彭等伐公","1","1","2"
"军岑彭等伐公孙","1","1","2"
"岑彭等伐公孙述","1","1","2"
"使太中大夫持节","2","0","2"
"乡人号曰文德先","1","1","2"
"人号曰文德先生","1","1","2"
"王莽国师刘歆引","1","1","2"
"遣使聘请平陵人","1","1","2"
"使聘请平陵人方","1","1","2"
"聘请平陵人方望","1","1","2"
"云旗将军周宗等","1","1","2"
"前王莽平河大尹","1","1","2"
"王莽平河大尹长","1","1","2"
"莽平河大尹长安","1","1","2"
"平河大尹长安谷","1","1","2"
"河大尹长安谷恭","1","1","2"
"大司空扶安王印","1","1","2"
"司空扶安王印绶","1","1","2"
"空扶安王印绶授","1","1","2"
"使将军侯丹开白","1","1","2"
"将军侯丹开白水","1","1","2"
"军侯丹开白水关","1","1","2"
"光武遣光禄大夫","1","1","2"
"武遣光禄大夫伏","1","1","2"
"遣光禄大夫伏隆","1","1","2"
"光禄大夫伏隆持","1","1","2"
"使左南将军七八","1","1","2"
"左南将军七八千","1","1","2"
"南将军七八千骑","1","1","2"
"尚书韩立等共立","1","1","2"
"曾祖母匈奴谷蠡","1","1","2"
"祖母匈奴谷蠡浑","1","1","2"
"母匈奴谷蠡浑邪","1","1","2"
"匈奴谷蠡浑邪王","1","1","2"
"刘歆等共典校书","1","1","2"
"宦者褒信侯李元","1","1","2"
"者褒信侯李元等","1","1","2"
"遇积弩将军傅俊","1","1","2"
"积弩将军傅俊东","1","1","2"
"试明经下第补弟","1","1","2"
"明经下第补弟子","1","1","2"
"除郡国耆儒皆补","1","1","2"
"郡国耆儒皆补郎","1","1","2"
"王孙授沛人施雠","1","1","2"
"京氏四家皆立博","1","1","2"
"氏四家皆立博士","1","1","2"
"大司徒邓禹西击","1","1","2"
"司徒邓禹西击赤","1","1","2"
"徒邓禹西击赤眉","1","1","2"
"孟卿授鲁人眭孟","1","1","2"
"眭孟授东海严彭","1","1","2"
"孟授东海严彭祖","1","1","2"
"驳何休所驳汉事","1","1","2"
"何休所驳汉事六","1","1","2"
"休所驳汉事六十","1","1","2"
"所驳汉事六十条","1","1","2"
"时辽东太守祭肜","1","1","2"
"辽东太守祭肜威","1","1","2"
"玄菟太守公孙域","1","1","2"
"辽西大尹田谭追","1","1","2"
"西大尹田谭追击","1","1","2"
"句骊蚕支落大加","1","1","2"
"骊蚕支落大加戴","1","1","2"
"蚕支落大加戴升","1","1","2"
"支落大加戴升等","1","1","2"
"辽东太守蔡讽等","1","1","2"
"高句骊盖马大山","1","1","2"
"属乐浪东部都尉","1","1","2"
"天下规矩房伯武","1","1","2"
"汝南太守范孟博","1","1","2"
"南阳宗资主画诺","1","1","2"
"永昌太守曹鸾上","1","1","2"
"昌太守曹鸾上书","1","1","2"
"太守曹鸾上书大","1","1","2"
"左校刑徒前廷尉","1","1","2"
"校刑徒前廷尉冯","1","1","2"
"刑徒前廷尉冯绲","1","1","2"
"劾奏河间相曹鼎","1","1","2"
"腾使大将军梁冀","1","1","2"
"豫章太守王永奏","1","1","2"
"章太守王永奏事","1","1","2"
"太守王永奏事中","1","1","2"
"守王永奏事中官","1","1","2"
"卿相牧守五十三","1","1","2"
"相牧守五十三人","1","1","2"
"山阳张俭杀常侍","1","1","2"
"阳张俭杀常侍侯","1","1","2"
"张俭杀常侍侯览","1","1","2"
"说城门校尉窦武","1","1","2"
"杀一大尹赎二千","1","1","2"
"一大尹赎二千人","1","1","2"
"侍中贾逵质正大","1","1","2"
"中贾逵质正大义","1","1","2"
"度辽将军邓遵所","1","1","2"
"大将军梁商初开","1","1","2"
"帝王公侯卿大夫","1","1","2"
"太中大夫陆贾记","1","1","2"
"中大夫陆贾记录","1","1","2"
"太史令司马迁采","1","1","2"
"遣卫侯李邑护送","1","1","2"
"卫侯李邑护送乌","1","1","2"
"侯李邑护送乌孙","1","1","2"
"李邑护送乌孙使","1","1","2"
"邑护送乌孙使者","1","1","2"
"国相腹久等十七","1","1","2"
"相腹久等十七人","1","1","2"
"西域都护定远侯","1","1","2"
"卿大夫咸怀一切","1","1","2"
"敦煌郡营兵三百","1","1","2"
"立后部故王子加","1","1","2"
"后部故王子加特","1","1","2"
"部故王子加特奴","1","1","2"
"河西四郡羌胡五","1","1","2"
"西四郡羌胡五千","1","1","2"
"四郡羌胡五千骑","1","1","2"
"骆驼畜产数万头","1","1","2"
"大司农何熙行车","1","1","2"
"司农何熙行车骑","1","1","2"
"农何熙行车骑将","1","1","2"
"何熙行车骑将军","1","1","2"
"熙行车骑将军事","1","1","2"
"缘边十郡兵二万","1","1","2"
"边十郡兵二万余","1","1","2"
"十郡兵二万余人","1","1","2"
"辽东太守耿夔率","1","1","2"
"耿夔共击匈奴奥","1","1","2"
"围中郎将耿种美","2","0","2"
"中郎将耿种美稷","2","0","2"
"校书郎马融上书","1","1","2"
"虎贲中郎将窦宪","1","1","2"
"围武威将军刘尚","1","1","2"
"司马吕种守沅陵","1","1","2"
"马吕种守沅陵长","1","1","2"
"三老吏人上书陈","1","1","2"
"罕河关群盗反叛","1","1","2"
"左将军皇甫嵩击","1","1","2"
"司隶校尉袁绍谋","1","1","2"
"中常侍段珪等劫","1","1","2"
"段珪等劫少帝陈","2","0","2"
"珪等劫少帝陈留","2","0","2"
"等劫少帝陈留王","2","0","2"
"吏部尚书汉阳周","1","1","2"
"黄巾余党郭太等","1","1","2"
"河内太守王匡屯","1","1","2"
"内太守王匡屯兵","1","1","2"
"太守王匡屯兵河","1","1","2"
"守王匡屯兵河阳","1","1","2"
"王匡屯兵河阳津","1","1","2"
"坚进洛阳宣阳城","1","1","2"
"进洛阳宣阳城门","1","1","2"
"越骑校尉汝南伍","1","1","2"
"骑校尉汝南伍孚","1","1","2"
"御史裴茂讯诏狱","2","0","2"
"中郎将杜禀合兵","1","1","2"
"帝使侍御史侯汶","2","0","2"
"使侍御史侯汶太","2","0","2"
"侍御史侯汶太仓","2","0","2"
"御史侯汶太仓米","2","0","2"
"史侯汶太仓米豆","2","0","2"
"司空张喜等十余","1","1","2"
"空张喜等十余人","1","1","2"
"谒者仆射皇甫郦","1","1","2"
"令虎贲王昌追杀","1","1","2"
"执金吾伏完等数","1","1","2"
"金吾伏完等数十","1","1","2"
"吾伏完等数十人","1","1","2"
"河东太守王邑奉","1","1","2"
"东太守王邑奉献","1","1","2"
"关中诸将段煨等","1","1","2"
"攻杀凉州刺史韦","1","1","2"
"杀凉州刺史韦康","1","1","2"
"属吏张宛长休百","1","1","2"
"吏张宛长休百日","1","1","2"
"托河内郡吏李奇","1","1","2"
"补诸列传四十二","1","1","2"
"诸列传四十二篇","1","1","2"
"分麾下精兵二万","1","1","2"
"麾下精兵二万人","1","1","2"
"更始大将军樊参","1","1","2"
"更始中郎将左辅","1","1","2"
"始中郎将左辅都","1","1","2"
"中郎将左辅都尉","1","1","2"
"郎将左辅都尉公","1","1","2"
"将左辅都尉公乘","1","1","2"
"左辅都尉公乘歙","1","1","2"
"西河太守宗育遣","1","1","2"
"车骑将军邓弘击","1","1","2"
"骑将军邓弘击赤","1","1","2"
"将军邓弘击赤眉","1","1","2"
"护复汉将军邓晔","1","1","2"
"更始大司马朱鲔","1","1","2"
"始大司马朱鲔等","1","1","2"
"使讨难将军苏茂","1","1","2"
"光武传闻朱鲔破","1","1","2"
"使骠骑将军杜茂","1","1","2"
"率太中大夫窦士","1","1","2"
"武威太守梁统等","1","1","2"
"威太守梁统等围","1","1","2"
"太傅张禹参录尚","1","1","2"
"傅张禹参录尚书","1","1","2"
"张禹参录尚书事","1","1","2"
"尚书令左雄议郡","1","1","2"
"书令左雄议郡举","1","1","2"
"令左雄议郡举孝","1","1","2"
"左雄议郡举孝廉","1","1","2"
"十二州二十五官","1","1","2"
"二州二十五官箴","1","1","2"
"捕虏将军马武东","1","1","2"
"虏将军马武东讨","1","1","2"
"将军马武东讨周","1","1","2"
"军马武东讨周建","1","1","2"
"五校兵四千余人","1","1","2"
"校兵四千余人救","1","1","2"
"霸军中壮士路润","1","1","2"
"军中壮士路润等","1","1","2"
"中壮士路润等数","1","1","2"
"壮士路润等数十","1","1","2"
"士路润等数十人","1","1","2"
"骑大将军杜茂会","1","1","2"
"大将军杜茂会攻","1","1","2"
"将军杜茂会攻卢","1","1","2"
"军杜茂会攻卢芳","1","1","2"
"杜茂会攻卢芳将","1","1","2"
"茂会攻卢芳将尹","1","1","2"
"新城蛮中山贼张","1","1","2"
"城蛮中山贼张满","1","1","2"
"遵引兵南击邓奉","1","1","2"
"引兵南击邓奉弟","1","1","2"
"遣护军傅玄袭击","1","1","2"
"征虏将军颍阳侯","1","1","2"
"前山阳太守翟超","1","1","2"
"前司隶校尉李膺","1","1","2"
"中常侍车骑将军","1","1","2"
"小黄门晋阳赵津","1","1","2"
"黄门晋阳赵津贪","1","1","2"
"门晋阳赵津贪横","1","1","2"
"布驻马青琐门外","1","1","2"
"吏平陵令赵戬弃","1","1","2"
"平陵令赵戬弃官","1","1","2"
"陵令赵戬弃官营","1","1","2"
"令赵戬弃官营丧","1","1","2"
"骠骑大将军宗佻","1","1","2"
"五威将军李轶等","1","1","2"
"威将军李轶等十","1","1","2"
"将军李轶等十三","1","1","2"
"刘将军平生见小","1","1","2"
"将军平生见小敌","1","1","2"
"尚书仆射谢躬讨","1","1","2"
"王郎守将王饶坚","1","1","2"
"郎守将王饶坚守","1","1","2"
"建武元年春正月","1","1","2"
"平陵人方望立前","1","1","2"
"马武等十二将军","1","1","2"
"武等十二将军追","1","1","2"
"讨难将军苏茂攻","1","1","2"
"难将军苏茂攻温","1","1","2"
"更始定国公王匡","1","1","2"
"率强弩将军陈俊","1","1","2"
"扬化将军坚镡等","1","1","2"
"化将军坚镡等十","1","1","2"
"将军坚镡等十一","1","1","2"
"军坚镡等十一将","1","1","2"
"坚镡等十一将军","1","1","2"
"更始廪丘王田立","1","1","2"
"大司马吴汉率九","1","1","2"
"更始复汉将军邓","1","1","2"
"始复汉将军邓晔","1","1","2"
"骑大将军景丹率","1","1","2"
"大将军景丹率征","1","1","2"
"将军景丹率征虏","1","1","2"
"军景丹率征虏将","1","1","2"
"景丹率征虏将军","1","1","2"
"丹率征虏将军祭","1","1","2"
"虏将军祭遵等二","1","1","2"
"将军祭遵等二将","1","1","2"
"军祭遵等二将军","1","1","2"
"渔阳太守彭宠反","1","1","2"
"执金吾贾复率二","1","1","2"
"金吾贾复率二将","1","1","2"
"吾贾复率二将军","1","1","2"
"封更始元氏王歙","1","1","2"
"步杀光禄大夫伏","1","1","2"
"杀光禄大夫伏隆","1","1","2"
"光禄大夫伏隆反","1","1","2"
"大司徒司直伏湛","1","1","2"
"大将军岑彭率三","2","0","2"
"将军岑彭率三将","2","0","2"
"军岑彭率三将军","2","0","2"
"征虏将军祭遵率","1","1","2"
"太中大夫徐恽擅","1","1","2"
"杀临淮太守刘度","1","1","2"
"扬武将军马成率","1","1","2"
"击卢芳将贾览高","2","0","2"
"卢芳将贾览高柳","2","0","2"
"西大将军窦融率","1","1","2"
"大将军窦融率五","1","1","2"
"置青巾左校尉官","1","1","2"
"遣大司马吴汉率","2","0","2"
"西大将军冯异等","1","1","2"
"大将军冯异等五","1","1","2"
"将军冯异等五将","1","1","2"
"军冯异等五将军","1","1","2"
"捕虏将军王霸等","1","1","2"
"虏将军王霸等五","1","1","2"
"将军王霸等五将","1","1","2"
"军王霸等五将军","1","1","2"
"率舟师伐公孙述","2","0","2"
"公孙述将延岑战","1","1","2"
"刺杀征南大将军","1","1","2"
"杀征南大将军岑","1","1","2"
"陇西太守马援击","1","1","2"
"陇西太守马援讨","1","1","2"
"捕虏将军马武屯","1","1","2"
"大司马吴汉上书","1","1","2"
"司马吴汉上书请","1","1","2"
"马吴汉上书请封","1","1","2"
"吴汉上书请封皇","1","1","2"
"汉上书请封皇子","1","1","2"
"骑大将军杜茂免","1","1","2"
"虎贲中郎将马援","1","1","2"
"右翊公辅中山王","2","0","2"
"楼船将军段志等","1","1","2"
"太中大夫臧宫围","1","1","2"
"二十一年春正月","1","1","2"
"车师王等十六国","1","1","2"
"奴薁鞬日逐王遣","2","0","2"
"薁鞬日逐王遣使","2","0","2"
"二十三年春正月","1","1","2"
"二十四年春正月","1","1","2"
"中山太守马成讨","1","1","2"
"伏波将军马援等","1","1","2"
"二十六年春正月","1","1","2"
"将作大匠窦融上","1","1","2"
"置使匈奴中郎将","1","1","2"
"二十七年夏四月","1","1","2"
"二十八年春正月","1","1","2"
"十八年春正月己","1","1","2"
"八年春正月己巳","1","1","2"
"死罪系囚皆一切","2","0","2"
"罪系囚皆一切募","2","0","2"
"系囚皆一切募下","2","0","2"
"囚皆一切募下蚕","2","0","2"
"皆一切募下蚕室","2","0","2"
"中元元年春正月","1","1","2"
"薄太后母德慈仁","1","1","2"
"二年春正月辛未","2","0","2"
"建平元年十二月","1","1","2"
"称陈圣刘太平皇","1","1","2"
"陈圣刘太平皇帝","1","1","2"
"安息国遣使献师","2","0","2"
"息国遣使献师子","2","0","2"
"永元元年春三月","1","1","2"
"上郡属国都尉官","1","1","2"
"赐公卿下佐史钱","2","0","2"
"兵攻西域长史班","1","1","2"
"攻西域长史班超","1","1","2"
"母阳公主长公主","2","0","2"
"过二千石长吏下","2","0","2"
"北匈奴右谷蠡王","1","1","2"
"匈奴右谷蠡王於","1","1","2"
"奴右谷蠡王於除","1","1","2"
"大将军左校尉耿","1","1","2"
"将军左校尉耿夔","1","1","2"
"军左校尉耿夔授","1","1","2"
"左校尉耿夔授玺","1","1","2"
"武陵零陵澧中蛮","1","1","2"
"陵零陵澧中蛮叛","1","1","2"
"京师离宫果园上","1","1","2"
"师离宫果园上林","1","1","2"
"护羌校尉贯友讨","1","1","2"
"西域都护班超大","1","1","2"
"使匈奴中郎将杜","1","1","2"
"匈奴中郎将杜崇","1","1","2"
"护乌桓校尉任尚","1","1","2"
"乌桓校尉任尚率","1","1","2"
"流民欲占者一级","2","0","2"
"南匈奴右温禺犊","1","1","2"
"匈奴右温禺犊王","1","1","2"
"奴右温禺犊王叛","1","1","2"
"越骑校尉赵世等","1","1","2"
"骑校尉赵世等讨","1","1","2"
"追尊皇妣梁贵人","1","1","2"
"改葬恭怀梁皇后","1","1","2"
"日南象林蛮夷反","1","1","2"
"护羌校尉周鲔击","1","1","2"
"羌校尉周鲔击烧","1","1","2"
"十四年春二月乙","1","1","2"
"四年春二月乙卯","1","1","2"
"金城西部都尉戍","1","1","2"
"置象林将兵长史","1","1","2"
"象林将兵长史官","1","1","2"
"郡国上计补郎官","1","1","2"
"元兴元年春正月","1","1","2"
"辽东太守耿夔击","1","1","2"
"东太守耿夔击貊","1","1","2"
"太守耿夔击貊人","1","1","2"
"元兴元年十二月","1","1","2"
"延平元年春正月","1","1","2"
"平元年春正月辛","2","0","2"
"渔阳太守张显追","1","1","2"
"阳太守张显追击","1","1","2"
"珍膳靡丽难成物","2","0","2"
"王侯家奴婢姓刘","1","1","2"
"太后兄车骑将军","1","1","2"
"兄车骑将军邓骘","1","1","2"
"延平元年秋八月","1","1","2"
"孝章帝世嫡皇孙","1","1","2"
"分清河国封帝弟","1","1","2"
"太后母阴氏新野","1","1","2"
"后母阴氏新野君","1","1","2"
"司空周章密谋废","1","1","2"
"空周章密谋废立","1","1","2"
"烧杀三千五百七","1","1","2"
"杀三千五百七十","1","1","2"
"三千五百七十人","1","1","2"
"王国官属墨绶下","1","1","2"
"大鸿胪九江夏勤","1","1","2"
"海贼张伯路等寇","1","1","2"
"四年春正月元日","1","1","2"
"御史中丞王宗督","1","1","2"
"史中丞王宗督青","1","1","2"
"中丞王宗督青州","1","1","2"
"丞王宗督青州刺","1","1","2"
"王宗督青州刺史","1","1","2"
"宗督青州刺史法","1","1","2"
"督青州刺史法雄","1","1","2"
"辽东太守耿夔讨","1","1","2"
"东太守耿夔讨破","1","1","2"
"太守耿夔讨破南","1","1","2"
"守耿夔讨破南单","1","1","2"
"郡国贡献太官口","1","1","2"
"国贡献太官口食","1","1","2"
"赦凉州河西四郡","1","1","2"
"诸侯相举贤良方","1","1","2"
"侯相举贤良方正","1","1","2"
"诏令中二千石下","1","1","2"
"中二千石下黄绶","2","0","2"
"护乌桓校尉吴祉","1","1","2"
"子零昌复袭伪号","1","1","2"
"元初元年春正月","1","1","2"
"大司农山阳司马","1","1","2"
"司农山阳司马苞","1","1","2"
"败凉州刺史皮阳","1","1","2"
"除三辅三岁田租","1","1","2"
"中谒者收葬京师","1","1","2"
"谒者收葬京师客","1","1","2"
"者收葬京师客死","1","1","2"
"修理太原旧沟渠","1","1","2"
"中郎将选孝廉郎","1","1","2"
"郎将选孝廉郎宽","1","1","2"
"将选孝廉郎宽博","1","1","2"
"将军邓遵率南单","1","1","2"
"永宁元年春正月","1","1","2"
"建光元年春正月","1","1","2"
"幽州刺史冯焕率","1","1","2"
"追尊皇考清河孝","1","1","2"
"尊皇考清河孝王","1","1","2"
"辽东太守蔡讽追","1","1","2"
"东太守蔡讽追击","1","1","2"
"尊孝德皇元妃耿","1","1","2"
"孝德皇元妃耿氏","1","1","2"
"辽东属国都尉庞","1","1","2"
"东属国都尉庞奋","1","1","2"
"伪玺书杀玄菟太","1","1","2"
"玺书杀玄菟太守","1","1","2"
"书杀玄菟太守姚","1","1","2"
"杀玄菟太守姚光","1","1","2"
"郡国二十九雨水","1","1","2"
"郡国三十五地震","1","1","2"
"延光元年春二月","1","1","2"
"京师郡国二十一","1","1","2"
"辽将军耿夔讨破","2","0","2"
"死者年七岁上钱","2","0","2"
"益州刺史蜀郡西","1","1","2"
"州刺史蜀郡西部","1","1","2"
"刺史蜀郡西部都","1","1","2"
"史蜀郡西部都尉","1","1","2"
"蜀郡西部都尉讨","1","1","2"
"令三署郎通达经","1","1","2"
"三署郎通达经术","1","1","2"
"使者祠唐尧成阳","2","0","2"
"宗祀五帝汶上明","2","0","2"
"祀五帝汶上明堂","2","0","2"
"匈奴中郎将马翼","1","1","2"
"诏郡国中都官死","2","0","2"
"死罪系囚减罪一","1","1","2"
"罪系囚减罪一等","1","1","2"
"遣使者祠太上皇","2","0","2"
"追尊皇祖河间孝","1","1","2"
"尊皇祖河间孝王","1","1","2"
"扬二州人多饿死","1","1","2"
"能直言极谏者一","2","0","2"
"直言极谏者一人","2","0","2"
"郡国系囚减死罪","1","1","2"
"国系囚减死罪一","1","1","2"
"二年春正月甲子","2","0","2"
"三年春三月甲申","1","1","2"
"元嘉元年春正月","1","1","2"
"永兴元年春二月","1","1","2"
"武陵太守应奉招","1","1","2"
"二千石行三年丧","2","0","2"
"永寿元年春正月","1","1","2"
"山贼公孙举等寇","1","1","2"
"延熹元年春三月","1","1","2"
"分中山置博陵郡","1","1","2"
"孝质皇帝聪敏早","1","1","2"
"质皇帝聪敏早茂","1","1","2"
"永乐太后亲尊莫","1","1","2"
"乐太后亲尊莫二","1","1","2"
"尚书令尹勋等激","1","1","2"
"贼焚烧长沙郡县","1","1","2"
"京兆虎牙都尉宗","1","1","2"
"兆虎牙都尉宗谦","1","1","2"
"陇西太守孙羌讨","1","1","2"
"荆州刺史度尚击","1","1","2"
"州刺史度尚击零","1","1","2"
"刺史度尚击零陵","1","1","2"
"护羌校尉段颎击","2","0","2"
"立贵人窦氏皇后","2","0","2"
"勃海妖贼盖登等","1","1","2"
"海妖贼盖登等称","1","1","2"
"妖贼盖登等称太","1","1","2"
"贼盖登等称太上","1","1","2"
"盖登等称太上皇","1","1","2"
"登等称太上皇帝","1","1","2"
"司隶校尉李膺等","1","1","2"
"隶校尉李膺等二","1","1","2"
"校尉李膺等二百","1","1","2"
"尉李膺等二百余","1","1","2"
"李膺等二百余人","1","1","2"
"永康元年春正月","1","1","2"
"父城门校尉窦武","1","1","2"
"城门校尉窦武定","1","1","2"
"门校尉窦武定策","1","1","2"
"建宁元年春正月","1","1","2"
"段颎大破先零羌","2","0","2"
"诏公卿下上封事","2","0","2"
"丹阳山越贼围太","1","1","2"
"阳山越贼围太守","1","1","2"
"山越贼围太守陈","1","1","2"
"越贼围太守陈夤","1","1","2"
"熹平元年春三月","1","1","2"
"太学诸生千余人","1","1","2"
"北地太守夏育追","1","1","2"
"地太守夏育追击","1","1","2"
"黑山贼张牛角等","1","1","2"
"山贼张牛角等十","1","1","2"
"贼张牛角等十余","1","1","2"
"张牛角等十余辈","1","1","2"
"张温破北宫伯玉","1","1","2"
"荆州刺史王敏讨","1","1","2"
"凉州刺史耿鄙讨","1","1","2"
"汉阳太守傅燮战","1","1","2"
"中郎将孟益率骑","1","1","2"
"郎将孟益率骑都","1","1","2"
"将孟益率骑都尉","1","1","2"
"孟益率骑都尉公","1","1","2"
"益率骑都尉公孙","1","1","2"
"凉州贼王国围陈","1","1","2"
"州贼王国围陈仓","1","1","2"
"下军校尉鲍鸿讨","1","1","2"
"孝仁皇后归葬河","1","1","2"
"仁皇后归葬河间","1","1","2"
"皇后归葬河间慎","1","1","2"
"后归葬河间慎陵","1","1","2"
"中郎将袁术烧东","1","1","2"
"郎将袁术烧东西","1","1","2"
"将袁术烧东西宫","1","1","2"
"何进部曲将吴匡","1","1","2"
"车骑将军何苗战","1","1","2"
"伪司隶校尉樊陵","1","1","2"
"董卓杀皇太后何","1","1","2"
"卓杀皇太后何氏","1","1","2"
"董卓杀城门校尉","1","1","2"
"卓杀城门校尉伍","1","1","2"
"杀城门校尉伍琼","1","1","2"
"董卓杀太傅袁隗","1","1","2"
"发掘洛阳诸帝陵","1","1","2"
"董卓杀卫尉张温","1","1","2"
"东郡太守曹操大","1","1","2"
"郡太守曹操大破","1","1","2"
"太守曹操大破黄","1","1","2"
"守曹操大破黄巾","1","1","2"
"征西将军皇甫嵩","1","1","2"
"兴平元年春正月","1","1","2"
"追尊谥皇妣王氏","1","1","2"
"分凉州河西四郡","1","1","2"
"建安元年春正月","1","1","2"
"安元年春正月癸","2","0","2"
"元年春正月癸酉","2","0","2"
"置尚书左右仆射","1","1","2"
"八年冬十月己巳","1","1","2"
"黄巾贼杀济南王","1","1","2"
"曹操杀太中大夫","1","1","2"
"操杀太中大夫孔","1","1","2"
"杀太中大夫孔融","1","1","2"
"十七年夏五月癸","1","1","2"
"七年夏五月癸未","1","1","2"
"曹操遣将夏侯渊","1","1","2"
"曹操杀皇后伏氏","1","1","2"
"二十一年夏四月","1","1","2"
"魏青龙二年三月","1","1","2"
"中黄门孙程等十","1","1","2"
"黄门孙程等十九","1","1","2"
"门孙程等十九人","1","1","2"
"尚书令刘光等奏","1","1","2"
"乌桓校尉耿晔率","1","1","2"
"敦煌太守张朗讨","1","1","2"
"置伊吾司马一人","1","1","2"
"阳嘉元年春正月","1","1","2"
"始作候风地动铜","1","1","2"
"作候风地动铜仪","1","1","2"
"郡国耆儒九十人","1","1","2"
"使匈奴中郎将王","1","1","2"
"匈奴中郎将王稠","1","1","2"
"奴中郎将王稠率","1","1","2"
"车师后部司马率","1","1","2"
"后部王加特奴等","1","1","2"
"大司农南郡黄尚","1","1","2"
"光禄勋河东王卓","1","1","2"
"光禄勋冯翊郭虔","1","1","2"
"四府掾属刚毅武","1","1","2"
"府掾属刚毅武猛","1","1","2"
"羌校尉马贤讨烧","2","0","2"
"校尉马贤讨烧羌","2","0","2"
"度辽将军马续讨","1","1","2"
"使匈奴中郎将陈","1","1","2"
"匈奴中郎将陈龟","1","1","2"
"武威太守赵冲讨","1","1","2"
"立南匈奴守义王","1","1","2"
"南匈奴守义王兜","1","1","2"
"匈奴守义王兜楼","1","1","2"
"奴守义王兜楼储","1","1","2"
"护羌校尉卫琚追","1","1","2"
"江夏盗贼寇掠城","1","1","2"
"夏盗贼寇掠城邑","1","1","2"
"匈奴中郎将马寔","2","0","2"
"周生等寇掠城邑","1","1","2"
"御史中丞冯赦督","1","1","2"
"护羌校尉赵冲追","1","1","2"
"羌校尉赵冲追击","1","1","2"
"校尉赵冲追击叛","1","1","2"
"尉赵冲追击叛羌","1","1","2"
"永憙元年春正月","1","1","2"
"九江都尉滕抚讨","1","1","2"
"丹阳贼陆宫等围","1","1","2"
"阳贼陆宫等围城","1","1","2"
"名山大泽能兴云","1","1","2"
"永平元年春正月","1","1","2"
"辽东太守祭肜使","1","1","2"
"东太守祭肜使鲜","1","1","2"
"太守祭肜使鲜卑","1","1","2"
"宗祀光武皇帝明","2","0","2"
"祀光武皇帝明堂","2","0","2"
"公卿列侯始服冠","1","1","2"
"卿列侯始服冠冕","1","1","2"
"元氏县田租更赋","1","1","2"
"氏县田租更赋六","1","1","2"
"赐三公帛五十匹","1","1","2"
"三公募郡国中都","1","1","2"
"公募郡国中都官","1","1","2"
"墨绶长吏视事三","1","1","2"
"征沛王辅会睢阳","2","0","2"
"将作谒者王吴修","1","1","2"
"流民名数欲占者","2","0","2"
"民名数欲占者人","2","0","2"
"完城旦司寇五匹","2","0","2"
"令天下大酺五日","2","0","2"
"令郡国中都官死","1","1","2"
"官死罪系囚减死","1","1","2"
"死罪系囚减死罪","1","1","2"
"罪系囚减死罪一","1","1","2"
"太常择吉日策告","1","1","2"
"常择吉日策告宗","1","1","2"
"择吉日策告宗庙","1","1","2"
"遣奉车都尉窦固","2","0","2"
"十八年春三月丁","1","1","2"
"八年春三月丁亥","1","1","2"
"吏人犯罪未发觉","1","1","2"
"名山大川能兴云","1","1","2"
"山大川能兴云致","1","1","2"
"大川能兴云致雨","1","1","2"
"龟兹攻西域都护","1","1","2"
"兹攻西域都护陈","1","1","2"
"攻西域都护陈睦","1","1","2"
"藏主光烈皇后更","2","0","2"
"主光烈皇后更衣","2","0","2"
"光烈皇后更衣室","2","0","2"
"田宅财产数百万","1","1","2"
"公卿诸侯亲家饮","1","1","2"
"阴贵人乡里良家","1","1","2"
"母蔺夫人悲伤发","1","1","2"
"蔺夫人悲伤发疾","1","1","2"
"虎贲中郎将梁松","1","1","2"
"黄门侍郎窦固等","1","1","2"
"建武末选入太子","1","1","2"
"武末选入太子宫","1","1","2"
"中元二年生肃宗","1","1","2"
"御府杂帛二万匹","1","1","2"
"大司农黄金千斤","1","1","2"
"宋贵人生皇太子","1","1","2"
"益汤沐邑三千户","1","1","2"
"司徒鲁恭持节赐","1","1","2"
"赐贵人王青盖车","1","1","2"
"四府掾史五十余","1","1","2"
"府掾史五十余人","1","1","2"
"中常侍樊丰等共","1","1","2"
"大将军耿宝位尊","1","1","2"
"将军耿宝位尊权","1","1","2"
"军耿宝位尊权重","1","1","2"
"虎贲中郎将谢恽","1","1","2"
"笃弟大将军长史","1","1","2"
"永婿黄门侍郎樊","1","1","2"
"婿黄门侍郎樊严","1","1","2"
"黄门侍郎樊严等","1","1","2"
"梁小贵人宜配天","1","1","2"
"日南蛮夷攻城暴","1","1","2"
"南蛮夷攻城暴掠","1","1","2"
"年十三选入掖庭","1","1","2"
"生女舞阳长公主","1","1","2"
"永兴中进入掖庭","1","1","2"
"香车骑将军安阳","1","1","2"
"车骑将军安阳侯","1","1","2"
"骑将军安阳侯印","1","1","2"
"将军安阳侯印绶","1","1","2"
"使故中常侍夏恽","1","1","2"
"太中大夫程阿共","1","1","2"
"归宋氏旧茔皋门","1","1","2"
"宋氏旧茔皋门亭","1","1","2"
"问羽林左监许永","1","1","2"
"郎中令李儒进鸩","1","1","2"
"河南尹骆业复土","1","1","2"
"桓帝女阳安公主","1","1","2"
"御史大夫郗虑持","1","1","2"
"车服礼仪皆依汉","1","1","2"
"服礼仪皆依汉制","1","1","2"
"名数流人欲占者","2","0","2"
"数流人欲占者人","2","0","2"
"流人欲占者人一","2","0","2"
"人欲占者人一级","2","0","2"
"征西将军耿秉屯","1","1","2"
"救戊己校尉耿恭","1","1","2"
"孝明皇帝圣德淳","1","1","2"
"建初元年春正月","1","1","2"
"酒泉太守段彭讨","1","1","2"
"使五官中郎将魏","1","1","2"
"五官中郎将魏应","1","1","2"
"官中郎将魏应承","1","1","2"
"中郎将魏应承制","1","1","2"
"郎将魏应承制问","1","1","2"
"完城旦司寇三匹","2","0","2"
"加赐河南女子百","1","1","2"
"赐河南女子百户","1","1","2"
"河南女子百户牛","1","1","2"
"西域长史班超击","2","0","2"
"护羌校尉刘盱讨","1","1","2"
"赐高年二人共布","1","1","2"
"高年二人共布帛","1","1","2"
"北匈奴屋兰储等","1","1","2"
"匈奴屋兰储等率","1","1","2"
"魏文帝称明帝察","1","1","2"
"文帝称明帝察察","1","1","2"
"南阳太守岑公孝","1","1","2"
"天下模楷李元礼","1","1","2"
"天下俊秀王叔茂","1","1","2"
"母师氏能通经学","1","1","2"
"司空张温车骑将","2","0","2"
"空张温车骑将军","2","0","2"
"辅国将军伏完等","1","1","2"
"国将军伏完等十","1","1","2"
"将军伏完等十余","1","1","2"
"军伏完等十余人","1","1","2"
"赠沮俊弘农太守","2","0","2"
"太傅陈蕃参录尚","1","1","2"
"傅陈蕃参录尚书","1","1","2"
"陈蕃参录尚书事","1","1","2"
"将持节奉策赠太","1","1","2"
"持节奉策赠太傅","1","1","2"
"努力疾风知劲草","1","1","2"
"破奸将军侯进等","1","1","2"
"奸将军侯进等五","1","1","2"
"将军侯进等五万","1","1","2"
"显宗女浚仪长公","1","1","2"
"宗女浚仪长公主","1","1","2"
"大将军盖延率四","1","1","2"
"将军盖延率四将","1","1","2"
"军盖延率四将军","1","1","2"
"更始将苏茂杀淮","1","1","2"
"始将苏茂杀淮阳","1","1","2"
"将苏茂杀淮阳太","1","1","2"
"苏茂杀淮阳太守","1","1","2"
"茂杀淮阳太守潘","1","1","2"
"杀淮阳太守潘蹇","1","1","2"
"涿郡太守张丰反","1","1","2"
"杀楚郡太守孙萌","1","1","2"
"大将军盖延等七","1","1","2"
"将军盖延等七将","1","1","2"
"军盖延等七将军","1","1","2"
"日南徼外蛮夷献","2","0","2"
"平城人贾丹杀卢","1","1","2"
"城人贾丹杀卢芳","1","1","2"
"人贾丹杀卢芳将","1","1","2"
"贾丹杀卢芳将尹","1","1","2"
"汝南太守欧阳歙","1","1","2"
"三十一年夏五月","1","1","2"
"置辽东西部都尉","1","1","2"
"辽东西部都尉官","1","1","2"
"广汉塞外参狼羌","1","1","2"
"先零诸种羌攻陷","1","1","2"
"零诸种羌攻陷上","1","1","2"
"修理西门豹所分","1","1","2"
"理西门豹所分漳","1","1","2"
"西门豹所分漳水","1","1","2"
"郡国四十二地震","1","1","2"
"郡国三十三大风","1","1","2"
"尊孝崇皇夫人马","1","1","2"
"孝崇皇夫人马氏","1","1","2"
"大司农河内张歆","1","1","2"
"蜀郡李伯诈称宗","1","1","2"
"郡李伯诈称宗室","1","1","2"
"贼公孙举等反叛","1","1","2"
"置太官右监丞官","1","1","2"
"光禄大夫中山祝","1","1","2"
"禄大夫中山祝恬","1","1","2"
"大鸿胪梁国盛允","1","1","2"
"桂阳盗贼李研等","1","1","2"
"阳盗贼李研等寇","1","1","2"
"车骑将军冯绲免","1","1","2"
"广陵人龙尚等共","1","1","2"
"太中大夫闻人袭","1","1","2"
"骑将军皇甫嵩免","1","1","2"
"杀南阳太守秦颉","1","1","2"
"光禄勋沛国丁宫","1","1","2"
"右北平太守刘政","1","1","2"
"护乌桓校尉公綦","1","1","2"
"乌桓校尉公綦稠","1","1","2"
"桓校尉公綦稠等","1","1","2"
"黄巾余贼郭太等","1","1","2"
"光禄勋南阳刘弘","1","1","2"
"初平元年春正月","1","1","2"
"杀荆州刺史王睿","1","1","2"
"光禄大夫济南淳","1","1","2"
"长安宣平城门外","1","1","2"
"安宣平城门外屋","1","1","2"
"前益州刺史种劭","1","1","2"
"益州刺史种劭战","1","1","2"
"越骑校尉种辑受","1","1","2"
"东太守公孙康杀","1","1","2"
"太守公孙康杀袁","1","1","2"
"守公孙康杀袁尚","1","1","2"
"长乐少府九江朱","1","1","2"
"乐少府九江朱伥","1","1","2"
"代郡太守李超战","1","1","2"
"追尊谥皇妣李氏","1","1","2"
"攻会稽东部都尉","1","1","2"
"州六郡妖贼章河","1","1","2"
"六郡妖贼章河等","1","1","2"
"郡妖贼章河等寇","1","1","2"
"陇西南部都尉官","1","1","2"
"九江贼蔡伯流寇","1","1","2"
"光禄勋长沙刘寿","1","1","2"
"匈奴左部句龙大","1","1","2"
"奴左部句龙大人","1","1","2"
"左部句龙大人吾","1","1","2"
"部句龙大人吾斯","1","1","2"
"句龙吾斯等东引","1","1","2"
"龙吾斯等东引乌","1","1","2"
"吾斯等东引乌桓","1","1","2"
"安定太守郭璜下","1","1","2"
"定太守郭璜下狱","1","1","2"
"奴中郎将张耽大","1","1","2"
"汉安元年春正月","1","1","2"
"南匈奴左部大人","1","1","2"
"匈奴左部大人句","1","1","2"
"奴左部大人句龙","1","1","2"
"左部大人句龙吾","1","1","2"
"部大人句龙吾斯","1","1","2"
"人刺杀句龙吾斯","1","1","2"
"曾祖父千乘贞王","1","1","2"
"建武十五年封东","1","1","2"
"武十五年封东海","1","1","2"
"十五年封东海公","1","1","2"
"虏将军马武等二","1","1","2"
"将军马武等二将","1","1","2"
"军马武等二将军","1","1","2"
"马武等二将军讨","1","1","2"
"驸马都尉耿秉屯","1","1","2"
"赐冯贵人王赤绶","1","1","2"
"止画工三十九种","1","1","2"
"迎济北惠王子北","1","1","2"
"济北惠王子北乡","1","1","2"
"北惠王子北乡侯","1","1","2"
"大将军梁冀秉政","1","1","2"
"诸国侯三百里内","1","1","2"
"国侯三百里内者","1","1","2"
"帝使中常侍迎贵","1","1","2"
"使中常侍迎贵人","1","1","2"
"护羌校尉傅育追","1","1","2"
"羌校尉傅育追击","1","1","2"
"校尉傅育追击叛","1","1","2"
"尉傅育追击叛羌","1","1","2"
"太守任光开门迎","1","1","2"
"二十九年春二月","1","1","2"
"十九年春二月丁","1","1","2"
"永初元年春正月","1","1","2"
"年春二月乙巳朔","2","0","2"
"中外宗亲数十人","1","1","2"
"荆州刺史度尚讨","1","1","2"
"杀司隶校尉黄琬","1","1","2"
"二十四年春二月","1","1","2"
"光烈皇后兄执金","1","1","2"
"烈皇后兄执金吾","1","1","2"
"桓帝懿献梁皇后","1","1","2"
"西域假司马班超","2","0","2"
"域假司马班超击","2","0","2"
"在朝有谨严静穆","0","2","2"
"朝有谨严静穆之","0","2","2"
"有谨严静穆之风","0","2","2"
"齐悼惠王的后代","0","2","2"
"还是因为你有事","0","2","2"
"是因为你有事嘱","0","2","2"
"因为你有事嘱咐","0","2","2"
"为你有事嘱咐于","0","2","2"
"你有事嘱咐于他","0","2","2"
"有事嘱咐于他而","0","2","2"
"事嘱咐于他而接","0","2","2"
"嘱咐于他而接受","0","2","2"
"咐于他而接受的","0","2","2"
"于他而接受的呢","0","2","2"
"愿接受你对我的","0","2","2"
"接受你对我的处","0","2","2"
"受你对我的处罚","0","2","2"
"又袁术越分叛逆","0","2","2"
"将军怎么能这样","0","2","2"
"现在以肇为皇太","0","2","2"
"在以肇为皇太子","0","2","2"
"于是他埋头研习","0","2","2"
"是他埋头研习经","0","2","2"
"他埋头研习经学","0","2","2"
"同族聚成的盗贼","0","2","2"
"以陛下耳听四方","0","2","2"
"陛下耳听四方的","0","2","2"
"下耳听四方的明","0","2","2"
"耳听四方的明察","0","2","2"
"也有听不到的情","0","2","2"
"有听不到的情况","0","2","2"
"盖勋却多有战功","0","2","2"
"得到皇上的宠爱","0","2","2"
"陈留太守周防的","0","2","2"
"留太守周防的儿","0","2","2"
"太守周防的儿子","0","2","2"
"京师流行这样一","0","2","2"
"师流行这样一句","0","2","2"
"所以古时候的圣","0","2","2"
"以古时候的圣人","0","2","2"
"周举一个人答说","0","2","2"
"灾异发生的原因","0","2","2"
"梁太后临朝理政","0","2","2"
"左昭右穆的秩序","0","2","2"
"江夏郡安陆县人","0","2","2"
"因父亲的关系任","0","2","2"
"虽然没有什么特","0","2","2"
"皇帝亲耕农田的","0","2","2"
"创立基业于危险","0","2","2"
"立基业于危险之","0","2","2"
"基业于危险之中","0","2","2"
"立足于艰难之际","0","2","2"
"与王莽前队大夫","0","2","2"
"缴获了全部辎重","0","2","2"
"子刘章为太原王","0","2","2"
"安众侯刘崇起兵","0","2","2"
"回到自己的封地","0","2","2"
"的差不多有一万","0","2","2"
"差不多有一万多","0","2","2"
"不多有一万多人","0","2","2"
"大司马朱鲔等以","0","2","2"
"陈留郡考城县人","0","2","2"
"独与母亲住在一","0","2","2"
"把这件事告诉了","0","2","2"
"也不能满足他的","0","2","2"
"舂陵侯刘敞的同","0","2","2"
"陵侯刘敞的同母","0","2","2"
"侯刘敞的同母弟","0","2","2"
"征拜为太中大夫","0","2","2"
"因考究陇西太守","0","2","2"
"考究陇西太守邓","0","2","2"
"究陇西太守邓融","0","2","2"
"军东平王刘苍听","0","2","2"
"为学生们拾柴薪","0","2","2"
"因年老多病请求","0","2","2"
"除儿子周兴为郎","0","2","2"
"儿子周兴为郎中","0","2","2"
"自己的儿子一样","0","2","2"
"问候朱晖的起居","0","2","2"
"开始被举为孝廉","0","2","2"
"骑将军窦宪出征","0","2","2"
"将军窦宪出征匈","0","2","2"
"军窦宪出征匈奴","0","2","2"
"窦太后临朝听政","0","2","2"
"窦宪为车骑将军","0","2","2"
"祭遵与延岑战于","0","2","2"
"遵与延岑战于东","0","2","2"
"与延岑战于东阳","0","2","2"
"渔阳郡要阳县人","0","2","2"
"派遣使者持符节","0","2","2"
"遣使者持符节拜","0","2","2"
"与骠骑大将军杜","0","2","2"
"解除刑枷的犯人","0","2","2"
"建武十九年去世","0","2","2"
"因牵连与东平王","0","2","2"
"牵连与东平王等","0","2","2"
"连与东平王等谋","0","2","2"
"与东平王等谋反","0","2","2"
"当时显宗为东海","0","2","2"
"大司马吴汉去世","0","2","2"
"刘隆为骠骑将军","0","2","2"
"难道不是这样吗","0","2","2"
"他们的妻子儿女","0","2","2"
"伯通与官吏们讲","0","2","2"
"通与官吏们讲话","0","2","2"
"定天下者不计私","0","2","2"
"天下者不计私仇","0","2","2"
"希勿以前事自误","0","2","2"
"愿留意照顾老母","0","2","2"
"留意照顾老母幼","0","2","2"
"意照顾老母幼弟","0","2","2"
"凡举事不要为亲","0","2","2"
"举事不要为亲者","0","2","2"
"事不要为亲者所","0","2","2"
"不要为亲者所痛","0","2","2"
"以卖弄国恩被免","0","2","2"
"卖弄国恩被免职","0","2","2"
"记录囚徒的罪状","0","2","2"
"法曹掾燕之后代","0","2","2"
"何进准备诛杀宦","0","2","2"
"进准备诛杀宦官","0","2","2"
"没有受过训练的","0","2","2"
"有受过训练的人","0","2","2"
"共同谋划诛杀董","0","2","2"
"同谋划诛杀董卓","0","2","2"
"从前的典章制度","0","2","2"
"蔺相如小国的臣","0","2","2"
"相如小国的臣子","0","2","2"
"而竟使一些多余","0","2","2"
"竟使一些多余的","0","2","2"
"使一些多余的议","0","2","2"
"一些多余的议论","0","2","2"
"这是我引为惭愧","0","2","2"
"是我引为惭愧恐","0","2","2"
"我引为惭愧恐惧","0","2","2"
"引为惭愧恐惧的","0","2","2"
"任命荀彧为侍中","0","2","2"
"岑彭被刺客所杀","0","2","2"
"王莽的大司空王","0","2","2"
"莽的大司空王邑","0","2","2"
"当时尚书令韩歆","0","2","2"
"时传父亲的学业","0","2","2"
"孝宣皇帝在世时","0","2","2"
"继承父亲的学业","0","2","2"
"其余四王不记母","0","2","2"
"余四王不记母氏","0","2","2"
"四王不记母氏姓","0","2","2"
"王不记母氏姓名","0","2","2"
"立二十八年逝世","0","2","2"
"弟蠡吾侯刘悝为","0","2","2"
"很早就离开了父","0","2","2"
"早就离开了父母","0","2","2"
"诏令给诸王羽林","0","2","2"
"令给诸王羽林骑","0","2","2"
"给诸王羽林骑各","0","2","2"
"诸王羽林骑各四","0","2","2"
"王羽林骑各四十","0","2","2"
"羽林骑各四十人","0","2","2"
"广川并入清河国","0","2","2"
"追封谥宋扬为当","0","2","2"
"封谥宋扬为当阳","0","2","2"
"谥宋扬为当阳穆","0","2","2"
"宋扬为当阳穆侯","0","2","2"
"子刘翼为平原王","0","2","2"
"夫人马氏为孝崇","0","2","2"
"氏为孝崇博园贵","0","2","2"
"为孝崇博园贵人","0","2","2"
"夫人董氏为慎园","0","2","2"
"人董氏为慎园贵","0","2","2"
"董氏为慎园贵人","0","2","2"
"年轻时游学京师","0","2","2"
"朝廷派使者吊祭","0","2","2"
"蘧伯玉以独为君","0","2","2"
"伯玉以独为君子","0","2","2"
"玉以独为君子可","0","2","2"
"以独为君子可耻","0","2","2"
"以成绩优秀举高","0","2","2"
"成绩优秀举高第","0","2","2"
"帝采纳他的意见","0","2","2"
"很得百姓的欢心","0","2","2"
"齐襄王法章之后","0","2","2"
"襄王法章之后代","0","2","2"
"派侍御史庞雄督","0","2","2"
"侍御史庞雄督促","0","2","2"
"御史庞雄督促州","0","2","2"
"史庞雄督促州郡","0","2","2"
"庞雄督促州郡兵","0","2","2"
"派御史中丞王宗","0","2","2"
"战争是危险的事","0","2","2"
"廷派御史中丞冯","0","2","2"
"派御史中丞冯绲","0","2","2"
"丞冯绲将兵督促","0","2","2"
"冯绲将兵督促扬","0","2","2"
"绲将兵督促扬州","0","2","2"
"将兵督促扬州刺","0","2","2"
"兵督促扬州刺史","0","2","2"
"督促扬州刺史尹","0","2","2"
"促扬州刺史尹火","0","2","2"
"扬州刺史尹火翟","0","2","2"
"太守邓显讨伐他","0","2","2"
"守邓显讨伐他们","0","2","2"
"筑营垒在当涂山","0","2","2"
"营垒在当涂山中","0","2","2"
"下邳人谢安响应","0","2","2"
"冯绲为车骑将军","0","2","2"
"杨璇于是特制马","0","2","2"
"璇于是特制马车","0","2","2"
"于是特制马车数","0","2","2"
"是特制马车数十","0","2","2"
"特制马车数十辆","0","2","2"
"用一排袋子盛石","0","2","2"
"一排袋子盛石灰","0","2","2"
"排袋子盛石灰于","0","2","2"
"袋子盛石灰于车","0","2","2"
"子盛石灰于车上","0","2","2"
"于是叫马车在前","0","2","2"
"是叫马车在前面","0","2","2"
"再叫后车弓弩乱","0","2","2"
"叫后车弓弩乱发","0","2","2"
"追逐伤斩贼人无","0","2","2"
"逐伤斩贼人无数","0","2","2"
"将其头目枭首示","0","2","2"
"其头目枭首示众","0","2","2"
"郡境以内得以安","0","2","2"
"境以内得以安宁","0","2","2"
"五次升迁为尚书","0","2","2"
"被大将军何进召","0","2","2"
"大将军何进召为","0","2","2"
"派使者向天子进","0","2","2"
"何进调袁绍担任","0","2","2"
"进调袁绍担任司","0","2","2"
"调袁绍担任司隶","0","2","2"
"袁绍担任司隶校","0","2","2"
"绍担任司隶校尉","0","2","2"
"您比起袁绍来又","0","2","2"
"比起袁绍来又怎","0","2","2"
"起袁绍来又怎么","0","2","2"
"袁绍来又怎么样","0","2","2"
"以天子名义任命","0","2","2"
"并四个州的地盘","0","2","2"
"能开硬弓的射手","0","2","2"
"再次打败公孙瓒","0","2","2"
"寇恂争着危害对","0","2","2"
"恂争着危害对方","0","2","2"
"遇到世祖调解纠","0","2","2"
"到世祖调解纠纷","0","2","2"
"裂痕和仇怨消除","0","2","2"
"痕和仇怨消除以","0","2","2"
"和仇怨消除以后","0","2","2"
"当时的人都赞美","0","2","2"
"时的人都赞美他","0","2","2"
"的人都赞美他们","0","2","2"
"造成这样的结果","0","2","2"
"曹操的父亲曹嵩","0","2","2"
"率领五千步兵和","0","2","2"
"领五千步兵和骑","0","2","2"
"五千步兵和骑兵","0","2","2"
"帝看了他的奏章","0","2","2"
"后悔的是做朝歌","0","2","2"
"悔的是做朝歌长","0","2","2"
"的是做朝歌长时","0","2","2"
"是做朝歌长时杀","0","2","2"
"做朝歌长时杀贼","0","2","2"
"里面哪能没有冤","0","2","2"
"面哪能没有冤枉","0","2","2"
"哪能没有冤枉的","0","2","2"
"家里没有增加一","0","2","2"
"里没有增加一口","0","2","2"
"没有增加一口人","0","2","2"
"这是获罪于天的","0","2","2"
"是获罪于天的缘","0","2","2"
"获罪于天的缘故","0","2","2"
"罪于天的缘故啊","0","2","2"
"于天的缘故啊虞","0","2","2"
"天的缘故啊虞恭","0","2","2"
"的缘故啊虞恭有","0","2","2"
"缘故啊虞恭有美","0","2","2"
"故啊虞恭有美才","0","2","2"
"与左中郎将皇甫","0","2","2"
"赵忠为车骑将军","0","2","2"
"是怎样一个人呀","0","2","2"
"豫州刺史孔亻由","0","2","2"
"改过自新的机会","0","2","2"
"百姓没有不去看","0","2","2"
"姓没有不去看的","0","2","2"
"有老父独自耕种","0","2","2"
"老父独自耕种不","0","2","2"
"父独自耕种不止","0","2","2"
"不是功臣不得封","0","2","2"
"有什么面目见天","0","2","2"
"什么面目见天下","0","2","2"
"朝廷派车骑将军","0","2","2"
"将军盖延等讨伐","0","2","2"
"军盖延等讨伐刘","0","2","2"
"盖延等讨伐刘永","0","2","2"
"王刘利子刘康为","0","2","2"
"刘利子刘康为济","0","2","2"
"利子刘康为济南","0","2","2"
"子刘康为济南王","0","2","2"
"河间孝王为孝穆","0","2","2"
"间孝王为孝穆皇","0","2","2"
"夫人赵氏为孝穆","0","2","2"
"自此凉州再没发","0","2","2"
"此凉州再没发生","0","2","2"
"凉州再没发生战","0","2","2"
"州再没发生战事","0","2","2"
"这时长安城中有","0","2","2"
"时长安城中有人","0","2","2"
"长安城中有人起","0","2","2"
"安城中有人起兵","0","2","2"
"把书案都捶破了","0","2","2"
"赤眉立刘盆子为","0","2","2"
"知道了他们的阴","0","2","2"
"道了他们的阴谋","0","2","2"
"又写信给公孙瓒","0","2","2"
"袁术听了很不高","0","2","2"
"术听了很不高兴","0","2","2"
"三万步兵和骑兵","0","2","2"
"率领一千多骑兵","0","2","2"
"公孙瓒带步骑兵","0","2","2"
"公孙瓒所任命的","0","2","2"
"任为护乌桓校尉","0","2","2"
"任车骑将军张温","0","2","2"
"而兼并了他的部","0","2","2"
"兼并了他的部众","0","2","2"
"淳于恭之兄淳于","0","2","2"
"于恭之兄淳于崇","0","2","2"
"恭之兄淳于崇将","0","2","2"
"之兄淳于崇将被","0","2","2"
"兄淳于崇将被强","0","2","2"
"淳于崇将被强盗","0","2","2"
"于崇将被强盗烹","0","2","2"
"崇将被强盗烹食","0","2","2"
"淳于恭请求代替","0","2","2"
"后来几次应三公","0","2","2"
"来几次应三公的","0","2","2"
"几次应三公的命","0","2","2"
"次应三公的命令","0","2","2"
"派遣大司马吴汉","0","2","2"
"世祖便以邳彤为","0","2","2"
"祖便以邳彤为太","0","2","2"
"便以邳彤为太守","0","2","2"
"听说世祖从蓟回","0","2","2"
"说世祖从蓟回来","0","2","2"
"这时真定王刘扬","0","2","2"
"耿纯为东郡太守","0","2","2"
"野大将军王常去","0","2","2"
"耿讠斤为赤眉将","0","2","2"
"讠斤为赤眉将军","0","2","2"
"用父亲的名字和","0","2","2"
"父亲的名字和母","0","2","2"
"亲的名字和母亲","0","2","2"
"的名字和母亲的","0","2","2"
"名字和母亲的姓","0","2","2"
"攻打太原的戎人","0","2","2"
"周于是向东迁到","0","2","2"
"于是向东迁到洛","0","2","2"
"是向东迁到洛邑","0","2","2"
"秦襄公进攻戎人","0","2","2"
"的夷入侵犯内地","0","2","2"
"司徒掾班彪上奏","0","2","2"
"徒掾班彪上奏说","0","2","2"
"与汉人混杂居住","0","2","2"
"武都的参狼羌反","0","2","2"
"都的参狼羌反叛","0","2","2"
"陇西太守刘盱派","0","2","2"
"千步兵和骑兵侵","0","2","2"
"步兵和骑兵侵犯","0","2","2"
"虏将军马武等人","0","2","2"
"将军马武等人攻","0","2","2"
"军马武等人攻打","0","2","2"
"和金城的部队在","0","2","2"
"与捕虏将军马武","0","2","2"
"就派传译的信使","0","2","2"
"领各郡的部队与","0","2","2"
"死亡的百姓无法","0","2","2"
"亡的百姓无法计","0","2","2"
"的百姓无法计算","0","2","2"
"汉阳太守赵博派","0","2","2"
"阳太守赵博派刺","0","2","2"
"太守赵博派刺客","0","2","2"
"马贤率领湟中的","0","2","2"
"辽将军邓遵率领","0","2","2"
"将军邓遵率领南","0","2","2"
"各郡的部队和乌","0","2","2"
"郡的部队和乌桓","0","2","2"
"向凉州刺史投降","0","2","2"
"杀死杀伤官吏百","0","2","2"
"死杀伤官吏百姓","0","2","2"
"赵冲与汉阳太守","0","2","2"
"冲与汉阳太守张","0","2","2"
"与汉阳太守张贡","0","2","2"
"州刺史率领板椐","0","2","2"
"刺史率领板椐蛮","0","2","2"
"樊稠击败了他们","0","2","2"
"骠骑将军霍去病","0","2","2"
"在东观从事著作","0","2","2"
"父亲大将军窦武","0","2","2"
"现在您对于汉朝","0","2","2"
"在您对于汉朝来","0","2","2"
"您对于汉朝来说","0","2","2"
"舆论认为您的功","0","2","2"
"论认为您的功劳","0","2","2"
"少府孔融上书推","0","2","2"
"府孔融上书推荐","0","2","2"
"突击敌军的骑兵","0","2","2"
"乌桓的部族首领","0","2","2"
"鲜卑这才和汉互","0","2","2"
"卑这才和汉互通","0","2","2"
"这才和汉互通使","0","2","2"
"才和汉互通使者","0","2","2"
"到辽东接受赏赐","0","2","2"
"三千寻迹而射的","0","2","2"
"赏给他们不同数","0","2","2"
"给他们不同数目","0","2","2"
"他们不同数目的","0","2","2"
"们不同数目的彩","0","2","2"
"不同数目的彩色","0","2","2"
"同数目的彩色丝","0","2","2"
"数目的彩色丝帛","0","2","2"
"出边塞进攻鲜卑","0","2","2"
"占领了匈奴原先","0","2","2"
"领了匈奴原先的","0","2","2"
"中郎将张奂率领","0","2","2"
"郎将张奂率领南","0","2","2"
"将张奂率领南单","0","2","2"
"张奂率领南单于","0","2","2"
"的二十多个城邑","0","2","2"
"二十多个城邑为","0","2","2"
"文章大多散失了","0","2","2"
"请杜笃做从事中","0","2","2"
"杜笃做从事中郎","0","2","2"
"天下无双江夏黄","0","2","2"
"下无双江夏黄童","0","2","2"
"安帝废太子为济","0","2","2"
"帝废太子为济阴","0","2","2"
"废太子为济阴王","0","2","2"
"平阿侯王谭的儿","0","2","2"
"阿侯王谭的儿子","0","2","2"
"等七将军从陇道","0","2","2"
"被拜为太中大夫","0","2","2"
"又有鱼盐铜银之","0","2","2"
"有鱼盐铜银之利","0","2","2"
"浮水转漕运输之","0","2","2"
"水转漕运输之便","0","2","2"
"就写信给公孙述","0","2","2"
"得以专门精心策","0","2","2"
"以专门精心策划","0","2","2"
"是成帝的儿子刘","0","2","2"
"成帝的儿子刘子","0","2","2"
"拜张步为辅汉大","0","2","2"
"张步为辅汉大将","0","2","2"
"步为辅汉大将军","0","2","2"
"周建的侄子周诵","0","2","2"
"建的侄子周诵造","0","2","2"
"令王闳通掌郡事","0","2","2"
"建威大将军耿攻","0","2","2"
"好上谷太守耿况","0","2","2"
"派游击将军邓隆","0","2","2"
"国家的日子过得","0","2","2"
"当时人敬重他的","0","2","2"
"授生徒经常几百","0","2","2"
"生徒经常几百人","0","2","2"
"开始在州郡做官","0","2","2"
"追及光武于广阿","0","2","2"
"吴汉率领建威大","0","2","2"
"汉率领建威大将","0","2","2"
"率领建威大将军","0","2","2"
"领建威大将军耿","0","2","2"
"使太中大夫持符","0","2","2"
"太中大夫持符节","0","2","2"
"中大夫持符节拜","0","2","2"
"在匈奴使者驻地","0","2","2"
"父母同胞兄弟想","0","2","2"
"分别赏赐随行人","0","2","2"
"别赏赐随行人员","0","2","2"
"地域方圆二千里","0","2","2"
"夫余王派使者来","0","2","2"
"上书告张俭与同","0","2","2"
"杀死了匈奴使者","0","2","2"
"进入他们的国境","0","2","2"
"替索班报仇雪耻","0","2","2"
"到梁慬那里投降","0","2","2"
"第五伦又上疏道","0","2","2"
"以二千石的俸禄","0","2","2"
"伏波将军马援到","0","2","2"
"君主身边的恶人","0","2","2"
"派他哥哥的儿子","0","2","2"
"他哥哥的儿子李","0","2","2"
"帝派侍御史侯汶","0","2","2"
"尚书令以下都到","0","2","2"
"朝廷派谒者仆射","0","2","2"
"张济为骠骑将军","0","2","2"
"杨奉为兴义将军","0","2","2"
"董承为安集将军","0","2","2"
"杨奉为车骑将军","0","2","2"
"公孙述派兵援救","0","2","2"
"孙述派兵援救隗","0","2","2"
"述派兵援救隗嚣","0","2","2"
"家里没有私人财","0","2","2"
"里没有私人财产","0","2","2"
"大恶霸张汜等人","0","2","2"
"老百姓就不知怎","0","2","2"
"冯异与赤眉军在","0","2","2"
"将军岑彭率领三","0","2","2"
"军岑彭率领三将","0","2","2"
"岑彭率领三将军","0","2","2"
"率领三将军讨伐","0","2","2"
"大将军朱祐率领","0","2","2"
"四年春正月初二","0","2","2"
"派捕虏将军马武","0","2","2"
"率领二将军讨伐","0","2","2"
"国放出在押囚犯","0","2","2"
"除了非处死不可","0","2","2"
"光武帝从长安回","0","2","2"
"武帝从长安回洛","0","2","2"
"在高柳攻打卢芳","0","2","2"
"高柳攻打卢芳将","0","2","2"
"老百姓流离失所","0","2","2"
"冬十月二十二日","0","2","2"
"派大司马吴汉率","0","2","2"
"将军在高柳攻打","0","2","2"
"秋八月二十五日","0","2","2"
"率领水师讨伐公","0","2","2"
"领水师讨伐公孙","0","2","2"
"水师讨伐公孙述","0","2","2"
"夏四月二十八日","0","2","2"
"率领同部族人归","0","2","2"
"领同部族人归附","0","2","2"
"三年春正月初一","0","2","2"
"一律恢复平民身","0","2","2"
"律恢复平民身份","0","2","2"
"夏四月二十九日","0","2","2"
"春正月二十三日","0","2","2"
"玩弄妖法巫术的","0","2","2"
"右翊公刘辅为中","0","2","2"
"翊公刘辅为中山","0","2","2"
"公刘辅为中山王","0","2","2"
"冬十月二十四日","0","2","2"
"派武威将军刘尚","0","2","2"
"武威将军刘尚打","0","2","2"
"威将军刘尚打败","0","2","2"
"夏四月二十一日","0","2","2"
"彗星出现于紫宫","0","2","2"
"下蚕室实施腐刑","0","2","2"
"十一月二十九日","0","2","2"
"二年春正月二十","0","2","2"
"赐公卿以下至佐","0","2","2"
"公卿以下至佐史","0","2","2"
"卿以下至佐史钱","0","2","2"
"比阳公主为长公","0","2","2"
"阳公主为长公主","0","2","2"
"二千石长吏以下","0","2","2"
"年春正月十一日","0","2","2"
"平民无户籍及流","0","2","2"
"中都官对在押囚","0","2","2"
"都官对在押囚犯","0","2","2"
"勉力做好本职工","0","2","2"
"力做好本职工作","0","2","2"
"冬十月二十三日","0","2","2"
"皇太后窦氏逝世","0","2","2"
"讨伐打败了他们","0","2","2"
"令天下今年田租","0","2","2"
"人口十万以上的","0","2","2"
"以仓廪储粮贷给","0","2","2"
"北匈奴派使者称","0","2","2"
"匈奴派使者称臣","0","2","2"
"十二月二十二日","0","2","2"
"帝在章德前殿逝","0","2","2"
"在章德前殿逝世","0","2","2"
"无户籍及流民归","0","2","2"
"户籍及流民归首","0","2","2"
"籍及流民归首的","0","2","2"
"及流民归首的每","0","2","2"
"流民归首的每人","0","2","2"
"民归首的每人一","0","2","2"
"平元年春正月十","0","2","2"
"元年春正月十三","0","2","2"
"车骑将军邓骘在","0","2","2"
"令死罪以下及逃","0","2","2"
"逃亡的可以赎罪","0","2","2"
"皇太后到洛阳寺","0","2","2"
"冬十月二十八日","0","2","2"
"郡兵讨伐打败他","0","2","2"
"派代理车骑将军","0","2","2"
"把他打败并杀掉","0","2","2"
"初元年春正月初","0","2","2"
"移与子或同母兄","0","2","2"
"与子或同母兄弟","0","2","2"
"诏令以粮食赈济","0","2","2"
"武陵澧中蛮反叛","0","2","2"
"武陵蛮再度反叛","0","2","2"
"京师及郡国五旱","0","2","2"
"卿以下钱帛各不","0","2","2"
"以下钱帛各不等","0","2","2"
"不能活命的每人","0","2","2"
"京师及郡国二十","0","2","2"
"秘密上书批评建","0","2","2"
"密上书批评建议","0","2","2"
"不能活下去的每","0","2","2"
"能活下去的每人","0","2","2"
"贞节妇人每人帛","0","2","2"
"封河间王刘开子","0","2","2"
"河间王刘开子刘","0","2","2"
"的每人发粟三斛","0","2","2"
"在汶上明堂祭祀","0","2","2"
"汶上明堂祭祀五","0","2","2"
"上明堂祭祀五帝","0","2","2"
"在阙里祭祀孔子","0","2","2"
"阙里祭祀孔子及","0","2","2"
"里祭祀孔子及七","0","2","2"
"废皇太子刘保为","0","2","2"
"皇太子刘保为济","0","2","2"
"太子刘保为济阴","0","2","2"
"子刘保为济阴王","0","2","2"
"郡国中都官对死","0","2","2"
"国中都官对死罪","0","2","2"
"派使者祭祀太上","0","2","2"
"使者祭祀太上皇","0","2","2"
"者祭祀太上皇于","0","2","2"
"祭祀太上皇于万","0","2","2"
"祀太上皇于万年","0","2","2"
"四年春正月二十","0","2","2"
"不能生存的每人","0","2","2"
"二年春正月十九","0","2","2"
"举荐贤良方正能","0","2","2"
"彗星出现于东北","0","2","2"
"十一月二十四日","0","2","2"
"报告黄龙出现于","0","2","2"
"夏五月二十二日","0","2","2"
"校尉举荐贤良方","0","2","2"
"尉举荐贤良方正","0","2","2"
"元年春正月十四","0","2","2"
"年春正月十四日","0","2","2"
"七岁以上每人赐","0","2","2"
"岁以上每人赐钱","0","2","2"
"以上每人赐钱二","0","2","2"
"上每人赐钱二千","0","2","2"
"任太常胡广为太","0","2","2"
"太常胡广为太尉","0","2","2"
"废懿陵为贵人冢","0","2","2"
"护羌校尉段赹在","0","2","2"
"诸郡兵讨伐打败","0","2","2"
"年春二月十一日","0","2","2"
"年春正月十八日","0","2","2"
"秋七月二十二日","0","2","2"
"立贵人窦氏为皇","0","2","2"
"贵人窦氏为皇后","0","2","2"
"十二月二十三日","0","2","2"
"元年春正月初三","0","2","2"
"诏令公卿以下各","0","2","2"
"令公卿以下各秘","0","2","2"
"公卿以下各秘密","0","2","2"
"卿以下各秘密上","0","2","2"
"以下各秘密上书","0","2","2"
"下各秘密上书对","0","2","2"
"各秘密上书对国","0","2","2"
"破羌将军段赹在","0","2","2"
"任司徒胡广为太","0","2","2"
"夏四月二十二日","0","2","2"
"天下在押囚犯没","0","2","2"
"下在押囚犯没有","0","2","2"
"在押囚犯没有判","0","2","2"
"押囚犯没有判决","0","2","2"
"囚犯没有判决的","0","2","2"
"轻罪在押的犯人","0","2","2"
"门外屋自行坏圯","0","2","2"
"年春正月二十一","0","2","2"
"春正月二十一日","0","2","2"
"尉马日石单为太","0","2","2"
"马日石单为太尉","0","2","2"
"董重为骠骑将军","0","2","2"
"大夫杨彪为司空","0","2","2"
"白波贼寇掠河东","0","2","2"
"于二十八宿之一","0","2","2"
"二十八宿之一的","0","2","2"
"袁术派将领孙坚","0","2","2"
"术派将领孙坚在","0","2","2"
"彗星出现于天市","0","2","2"
"星出现于天市星","0","2","2"
"自任为车骑将军","0","2","2"
"冬十一月二十五","0","2","2"
"十一月二十五日","0","2","2"
"夏四月二十五日","0","2","2"
"北乡侯刘懿立为","0","2","2"
"赏赐公卿以下钱","0","2","2"
"建元年春正月初","0","2","2"
"流民自动归首的","0","2","2"
"民自动归首的每","0","2","2"
"自动归首的每人","0","2","2"
"动归首的每人一","0","2","2"
"任太常桓焉为太","0","2","2"
"夏五月二十七日","0","2","2"
"二年春正月初一","0","2","2"
"察记录囚犯的罪","0","2","2"
"记录囚犯的罪状","0","2","2"
"四年春正月初一","0","2","2"
"年春二月十七日","0","2","2"
"二年春二月十三","0","2","2"
"年春二月十六日","0","2","2"
"校尉马贤讨伐烧","0","2","2"
"尉马贤讨伐烧当","0","2","2"
"马贤讨伐烧当羌","0","2","2"
"冬十月二十六日","0","2","2"
"一百八十处地震","0","2","2"
"匈奴中郎将马萛","0","2","2"
"命令郡国中都官","0","2","2"
"无户口的流浪人","0","2","2"
"户口的流浪人想","0","2","2"
"口的流浪人想自","0","2","2"
"的流浪人想自归","0","2","2"
"流浪人想自归首","0","2","2"
"浪人想自归首的","0","2","2"
"在明堂祭祀光武","0","2","2"
"明堂祭祀光武皇","0","2","2"
"堂祭祀光武皇帝","0","2","2"
"三年春正月十七","0","2","2"
"南单于把他们打","0","2","2"
"十五年春二月初","0","2","2"
"至髡钳城旦舂十","0","2","2"
"完城旦至司寇五","0","2","2"
"城旦至司寇五匹","0","2","2"
"无户籍想归首的","0","2","2"
"户籍想归首的每","0","2","2"
"籍想归首的每人","0","2","2"
"派奉车都尉窦固","0","2","2"
"刖右脚至髡钳城","0","2","2"
"右脚至髡钳城旦","0","2","2"
"于光烈皇后更衣","0","2","2"
"光烈皇后更衣别","0","2","2"
"烈皇后更衣别室","0","2","2"
"楚王刘英谋反事","0","2","2"
"但还没有来得及","0","2","2"
"她身长七尺二寸","0","2","2"
"废皇太子刘庆为","0","2","2"
"皇太子刘庆为清","0","2","2"
"太子刘庆为清河","0","2","2"
"子刘庆为清河王","0","2","2"
"窦皇后为皇太后","0","2","2"
"皇后少年时很聪","0","2","2"
"归还资财五百余","0","2","2"
"还资财五百余万","0","2","2"
"阎显兄弟及江京","0","2","2"
"陈夫人为渤海孝","0","2","2"
"夫人为渤海孝王","0","2","2"
"人为渤海孝王妃","0","2","2"
"懿献梁皇后梁女","0","2","2"
"献梁皇后梁女莹","0","2","2"
"太后兄大将军何","0","2","2"
"后兄大将军何进","0","2","2"
"淮阳王刘延谋反","0","2","2"
"代理车骑将军马","0","2","2"
"理车骑将军马防","0","2","2"
"一律下蚕室施以","0","2","2"
"律下蚕室施以腐","0","2","2"
"下蚕室施以腐刑","0","2","2"
"司空张温为车骑","0","2","2"
"空张温为车骑将","0","2","2"
"张温为车骑将军","0","2","2"
"沈氐羌寇掠张掖","0","2","2"
"元年春正月初一","0","2","2"
"五年春二月初一","0","2","2"
