"N-gram","原文","翻译","Total"
"赏赐天下男子爵位","0","11","11"
"郡国中都官系囚减","6","4","10"
"国中都官系囚减死","6","4","10"
"骠骑将军东平王苍","5","2","7"
"使匈奴中郎将张奂","4","3","7"
"中都官系囚减死一","5","2","7"
"都官系囚减死一等","5","2","7"
"左车骑将军皇甫嵩","3","3","6"
"征南大将军岑彭率","3","3","6"
"流民欲占者人一级","6","0","6"
"令郡国中都官系囚","3","3","6"
"王莽纳言将军严尤","3","2","5"
"征南大将军岑彭围","3","2","5"
"王莽前队大夫甄阜","2","3","5"
"能直言极谏士一人","5","0","5"
"郡国中都官死罪系","4","1","5"
"国中都官死罪系囚","4","1","5"
"名数欲占者人一级","5","0","5"
"孔子及七十二弟子","0","5","5"
"想归首的每人一级","0","5","5"
"京兆虎牙都尉耿溥","2","2","4"
"车骑将军皇甫嵩讨","2","2","4"
"匈奴中郎将张奂率","2","2","4"
"遣虎牙大将军盖延","3","1","4"
"虎牙大将军盖延等","2","2","4"
"建义大将军朱祐率","2","2","4"
"虎牙大将军盖延率","2","2","4"
"民名数流民欲占者","4","0","4"
"诏郡国中都官系囚","4","0","4"
"名数流民欲占者人","4","0","4"
"数流民欲占者人一","4","0","4"
"令天下系囚罪未决","4","0","4"
"遣使匈奴中郎将张","2","2","4"
"使匈奴中郎将张耽","2","2","4"
"右趾髡钳城旦舂十","4","0","4"
"趾髡钳城旦舂十匹","4","0","4"
"祭祀孔子及七十二","0","4","4"
"祀孔子及七十二弟","0","4","4"
"匈奴革建日逐王比","0","4","4"
"穷得不能活下去的","0","4","4"
"诏令郡国中都官对","0","4","4"
"护羌校尉马贤讨伐","0","4","4"
"命令天下在押囚犯","0","4","4"
"追赠敬隐后女弟小","1","2","3"
"赠敬隐后女弟小贵","1","2","3"
"敬隐后女弟小贵人","1","2","3"
"隐后女弟小贵人印","1","2","3"
"后女弟小贵人印绶","1","2","3"
"御史中丞冯绲将兵","1","2","3"
"史中丞冯绲将兵督","1","2","3"
"孙坚杀荆州刺史王","2","1","3"
"朝歌长时杀贼数百","1","2","3"
"歌长时杀贼数百人","1","2","3"
"任尚遣兵击破先零","3","0","3"
"尚遣兵击破先零羌","3","0","3"
"虎牙大将军盖延围","2","1","3"
"遣骠骑大将军杜茂","2","1","3"
"平狄将军庞萌反叛","1","2","3"
"置玄菟郡屯田六部","2","1","3"
"虎贲中郎将袁术烧","2","1","3"
"收洛阳令下狱抵罪","2","1","3"
"服御珍膳靡丽难成","2","1","3"
"度辽将军邓遵率南","2","1","3"
"中都官死罪系囚减","2","1","3"
"王青盖车迎帝入南","2","1","3"
"青盖车迎帝入南宫","2","1","3"
"护羌校尉段颎追击","3","0","3"
"匈奴中郎将张奂击","2","1","3"
"流人名数欲占者人","3","0","3"
"人名数欲占者人一","3","0","3"
"中都官系囚减死罪","1","2","3"
"都官系囚减死罪一","1","2","3"
"官系囚减死罪一等","1","2","3"
"骠骑将军东平王刘","0","3","3"
"骑将军东平王刘苍","0","3","3"
"与征南大将军岑彭","0","3","3"
"九江太守邓显讨伐","0","3","3"
"北匈奴派使者进贡","0","3","3"
"被朝廷用囚车征召","0","3","3"
"谏议大夫马日石单","0","3","3"
"伏波将军马援率领","0","3","3"
"千寻迹而射的士兵","0","3","3"
"千多个邑落的部众","0","3","3"
"南大将军岑彭率领","0","3","3"
"派虎牙大将军盖延","0","3","3"
"民无户籍及流民自","0","3","3"
"死罪以下及逃亡的","0","3","3"
"年春正月二十四日","0","3","3"
"令郡国中都官对系","0","3","3"
"郡国中都官对系囚","0","3","3"
"帝在玉堂前殿逝世","0","3","3"
"济阴太守胡广等十","1","1","2"
"下邳陈球等三十余","1","1","2"
"邳陈球等三十余人","1","1","2"
"仆射黄琼同心辅政","1","1","2"
"坐德阳殿东厢请雨","1","1","2"
"太常桓焉等七十人","1","1","2"
"使近臣儒者参考政","1","1","2"
"近臣儒者参考政事","1","1","2"
"引精兵十万南渡黄","1","1","2"
"精兵十万南渡黄淳","1","1","2"
"兵十万南渡黄淳水","1","1","2"
"南顿君娶同郡樊重","1","1","2"
"顿君娶同郡樊重女","1","1","2"
"祉娶高陵侯翟宣女","1","1","2"
"驸马都尉耿秉北征","1","1","2"
"马都尉耿秉北征匈","1","1","2"
"都尉耿秉北征匈奴","1","1","2"
"悼惠王子孝王将闾","1","1","2"
"诏公卿举贤良方正","1","1","2"
"中常侍侯览托太守","1","1","2"
"常侍侯览托太守高","1","1","2"
"侍侯览托太守高伦","1","1","2"
"光武特诏御史中丞","1","1","2"
"河南太守同郡陈遵","1","1","2"
"前将军邓禹西征关","1","1","2"
"将军邓禹西征关中","1","1","2"
"氏张竦父子喜文采","1","1","2"
"坐考陇西太守邓融","2","0","2"
"骑将军东平王苍闻","2","0","2"
"将军东平王苍闻辟","2","0","2"
"中山简王傅婢李羽","1","1","2"
"山简王傅婢李羽生","1","1","2"
"更始柱功侯李宝所","1","1","2"
"始柱功侯李宝所破","1","1","2"
"列卿郡守者数十人","1","1","2"
"年严鲔谋立清河王","1","1","2"
"严鲔谋立清河王蒜","1","1","2"
"顺烈皇后初政清静","1","1","2"
"蜀郡太守第五伦代","1","1","2"
"车骑将军窦宪征匈","2","0","2"
"骑将军窦宪征匈奴","2","0","2"
"门生何融等上书陈","1","1","2"
"时齐殇王子都乡侯","1","1","2"
"齐殇王子都乡侯暢","2","0","2"
"儒术大吏案行属县","1","1","2"
"邓皇后上太傅禹冢","1","1","2"
"骑都尉臧宫会击延","1","1","2"
"都尉臧宫会击延岑","1","1","2"
"尉臧宫会击延岑余","1","1","2"
"臧宫会击延岑余党","1","1","2"
"宫会击延岑余党阴","1","1","2"
"外孙阴皇后巫蛊事","1","1","2"
"陕贼苏况攻破弘农","1","1","2"
"骠骑大将军杜茂击","1","1","2"
"骑大将军杜茂击佼","1","1","2"
"中郎将王梁击五校","1","1","2"
"郎将王梁击五校贼","1","1","2"
"茂率捕虏将军马武","1","1","2"
"率捕虏将军马武进","1","1","2"
"捕虏将军马武进攻","1","1","2"
"虏将军马武进攻西","1","1","2"
"将军马武进攻西防","1","1","2"
"率武威将军刘尚等","1","1","2"
"武威将军刘尚等破","1","1","2"
"威将军刘尚等破河","1","1","2"
"将军刘尚等破河池","1","1","2"
"代骠骑大将军杜茂","1","1","2"
"中郎将副伏波将军","1","1","2"
"郎将副伏波将军马","1","1","2"
"将副伏波将军马援","1","1","2"
"副伏波将军马援击","1","1","2"
"伏波将军马援击交","1","1","2"
"征南大将军岑彭击","1","1","2"
"南大将军岑彭击破","1","1","2"
"大将军岑彭击破秦","1","1","2"
"将军岑彭击破秦丰","1","1","2"
"建义大将军朱祐乘","1","1","2"
"光武遣吴汉诛更始","1","1","2"
"武遣吴汉诛更始幽","1","1","2"
"遣吴汉诛更始幽州","1","1","2"
"吴汉诛更始幽州牧","1","1","2"
"汉诛更始幽州牧苗","1","1","2"
"诛更始幽州牧苗曾","1","1","2"
"州中名宿涿郡王岑","1","1","2"
"王莽时故吏二千石","1","1","2"
"州牧奏二千石长吏","1","1","2"
"朱买臣难公孙弘十","1","1","2"
"买臣难公孙弘十策","1","1","2"
"时湖阳大姓虞都尉","1","1","2"
"湖阳大姓虞都尉反","1","1","2"
"阳大姓虞都尉反城","1","1","2"
"大姓虞都尉反城称","1","1","2"
"姓虞都尉反城称兵","1","1","2"
"郏贼延褒等众三千","1","1","2"
"高帝母昭灵后园陵","1","1","2"
"同郡河东太守焦贶","1","1","2"
"满补县长令史丞尉","1","1","2"
"褐巾布衣素棺殡殓","1","1","2"
"车骑将军邓骘兄弟","1","1","2"
"同郡戴良才高倨傲","1","1","2"
"仆射胡广等上疏荐","1","1","2"
"四方名士郭林宗等","1","1","2"
"方名士郭林宗等数","1","1","2"
"名士郭林宗等数十","1","1","2"
"士郭林宗等数十人","1","1","2"
"中常侍曹节等专执","1","1","2"
"常侍曹节等专执朝","1","1","2"
"侍曹节等专执朝事","1","1","2"
"弟子陈留刘操追慕","1","1","2"
"京师游士汝南范滂","1","1","2"
"师游士汝南范滂等","1","1","2"
"敢枉官平哉忠非三","2","0","2"
"枉官平哉忠非三闾","2","0","2"
"使持节侍中守尚书","1","1","2"
"持节侍中守尚书令","1","1","2"
"节侍中守尚书令万","1","1","2"
"侍中守尚书令万岁","1","1","2"
"中守尚书令万岁亭","1","1","2"
"守尚书令万岁亭侯","1","1","2"
"昭公十七年夏六月","1","1","2"
"公十七年夏六月甲","1","1","2"
"王莽大司空王邑辟","2","0","2"
"太中大夫许淑等互","1","1","2"
"中大夫许淑等互相","1","1","2"
"大夫许淑等互相辩","1","1","2"
"夫许淑等互相辩难","1","1","2"
"司隶校尉督察三公","1","1","2"
"后兄虎贲中郎将邓","1","1","2"
"兄虎贲中郎将邓骘","1","1","2"
"宋贵人生清河孝王","1","1","2"
"申贵人生济北惠王","1","1","2"
"帝弟蠡吾侯悝勃海","2","0","2"
"弟蠡吾侯悝勃海王","2","0","2"
"左冯翊沛国刘均等","1","1","2"
"冯翊沛国刘均等奔","1","1","2"
"翊沛国刘均等奔走","1","1","2"
"沛国刘均等奔走解","1","1","2"
"国刘均等奔走解释","1","1","2"
"帝移幸北宫章德殿","1","1","2"
"孝德皇母宋贵人追","1","1","2"
"德皇母宋贵人追谥","1","1","2"
"大鸿胪奉策书玺绶","1","1","2"
"护礼仪侍中刘珍等","1","1","2"
"元初六年邓太后征","1","1","2"
"使司徒持节奉策书","1","1","2"
"夫人董氏慎园贵人","2","0","2"
"邓太后立乐安夷王","1","1","2"
"广陵贼张婴等众数","1","1","2"
"陵贼张婴等众数万","1","1","2"
"贼张婴等众数万人","1","1","2"
"同郡刘表时年十七","1","1","2"
"八使光禄大夫杜乔","1","1","2"
"四府条举近臣父兄","1","1","2"
"时永昌太守冶铸黄","1","1","2"
"永昌太守冶铸黄金","1","1","2"
"谏议大夫马宇共攻","1","1","2"
"议大夫马宇共攻李","1","1","2"
"征西大将军冯异共","1","1","2"
"西大将军冯异共击","1","1","2"
"大将军冯异共击关","1","1","2"
"将军冯异共击关中","1","1","2"
"军冯异共击关中诸","1","1","2"
"冯异共击关中诸营","1","1","2"
"异共击关中诸营保","1","1","2"
"海贼张伯路等三千","1","1","2"
"遣侍御史庞雄督州","2","0","2"
"平原刘文河等三百","1","1","2"
"中郎将赵序助冯绲","1","1","2"
"绲将傅婢二人戎服","1","1","2"
"御史中丞盛修募兵","1","1","2"
"史中丞盛修募兵讨","1","1","2"
"豫章艾县人六百余","1","1","2"
"章艾县人六百余人","1","1","2"
"桂阳贼胡兰等三千","1","1","2"
"深林远薮椎髻鸟语","1","1","2"
"击太山贼公孙举等","1","1","2"
"桓帝下诏追增封徐","1","1","2"
"帝下诏追增封徐五","1","1","2"
"下诏追增封徐五百","1","1","2"
"诏追增封徐五百户","1","1","2"
"前长沙贼胡兰作难","1","1","2"
"长沙贼胡兰作难荆","1","1","2"
"沙贼胡兰作难荆州","1","1","2"
"孝武太山明堂制度","1","1","2"
"诏召玄武司马班固","1","1","2"
"尚书张敏等奏褒擅","1","1","2"
"武威太守孟云上书","1","1","2"
"光禄勋耿秉等十人","1","1","2"
"缇骑侯海等五百人","1","1","2"
"荐魏郡太守徐防代","1","1","2"
"入朝歌鹿肠山苍岩","1","1","2"
"朝歌鹿肠山苍岩谷","1","1","2"
"季等数千人攻杀长","1","1","2"
"等数千人攻杀长吏","1","1","2"
"诩使二十强弩共射","1","1","2"
"使二十强弩共射一","1","1","2"
"二十强弩共射一人","1","1","2"
"刺史耿鄙委任治中","1","1","2"
"史耿鄙委任治中程","1","1","2"
"耿鄙委任治中程球","1","1","2"
"时小黄门京兆高望","1","1","2"
"左将军皇甫嵩精兵","1","1","2"
"将军皇甫嵩精兵三","1","1","2"
"军皇甫嵩精兵三万","1","1","2"
"陈留范冉等数百人","1","1","2"
"故朝阳侯刘护兄瑰","2","0","2"
"帝舅大鸿胪耿宝荐","1","1","2"
"舅大鸿胪耿宝荐中","1","1","2"
"大鸿胪耿宝荐中常","1","1","2"
"鸿胪耿宝荐中常侍","1","1","2"
"胪耿宝荐中常侍李","1","1","2"
"皇后兄执金吾阎显","1","1","2"
"尚书令高堂芝等交","1","1","2"
"书令高堂芝等交通","1","1","2"
"令高堂芝等交通属","1","1","2"
"高堂芝等交通属托","1","1","2"
"孝文皇帝始置一经","1","1","2"
"文皇帝始置一经博","1","1","2"
"皇帝始置一经博士","1","1","2"
"武陵蛮詹山等四千","1","1","2"
"陵蛮詹山等四千余","1","1","2"
"蛮詹山等四千余人","1","1","2"
"詹山等四千余人反","1","1","2"
"山等四千余人反叛","1","1","2"
"安帝时河间人尹次","1","1","2"
"胶西相董仲舒老病","1","1","2"
"门下掾王望举觞上","1","1","2"
"下掾王望举觞上寿","1","1","2"
"永平九年赐号灵寿","1","1","2"
"平九年赐号灵寿王","1","1","2"
"永平九年赐号重熹","1","1","2"
"平九年赐号重熹王","1","1","2"
"辅威将军耿植代征","1","1","2"
"威将军耿植代征南","1","1","2"
"将军耿植代征南大","1","1","2"
"军耿植代征南大将","1","1","2"
"耿植代征南大将军","1","1","2"
"植代征南大将军岑","1","1","2"
"代征南大将军岑彭","1","1","2"
"河内太守寇恂南拒","1","1","2"
"内太守寇恂南拒洛","1","1","2"
"太守寇恂南拒洛阳","1","1","2"
"尚书令谢躬共攻王","1","1","2"
"书令谢躬共攻王郎","1","1","2"
"虎牙将军盖延等讨","1","1","2"
"显宗追感前世功臣","1","1","2"
"豫州刺史郭贡率兵","1","1","2"
"州刺史郭贡率兵数","1","1","2"
"刺史郭贡率兵数万","1","1","2"
"梁太后立安平孝王","1","1","2"
"太后立安平孝王子","1","1","2"
"后立安平孝王子经","1","1","2"
"立安平孝王子经侯","1","1","2"
"安平孝王子经侯理","1","1","2"
"王子经侯理甘陵王","2","0","2"
"历阳贼华孟称黑帝","2","0","2"
"太尉杨秉等举贤良","1","1","2"
"尉杨秉等举贤良方","1","1","2"
"杨秉等举贤良方正","1","1","2"
"悖乎令君器易下议","2","0","2"
"震部掾高舒召大匠","1","1","2"
"部掾高舒召大匠令","1","1","2"
"掾高舒召大匠令史","1","1","2"
"亲故贤能功贵勤宾","1","1","2"
"破王莽前队大夫甄","1","1","2"
"使奋威大将军刘信","1","1","2"
"奋威大将军刘信击","1","1","2"
"执金吾大将军廖湛","1","1","2"
"御史大夫隗嚣合谋","1","1","2"
"太尉牟融举贤良方","1","1","2"
"尉牟融举贤良方正","1","1","2"
"京师贵戚卫尉马廖","1","1","2"
"前太尉西曹掾蒋遵","1","1","2"
"大会孔氏男子二十","1","1","2"
"梦见先师东里先生","1","1","2"
"五官掾郭唐等同心","1","1","2"
"官掾郭唐等同心固","1","1","2"
"掾郭唐等同心固守","1","1","2"
"信都大姓马宠等开","1","1","2"
"宗族宾客二千余人","1","1","2"
"兵击更始东平太守","1","1","2"
"击更始东平太守范","1","1","2"
"更始东平太守范荆","1","1","2"
"光禄大夫义渠安国","1","1","2"
"捕虏将军马武等击","2","0","2"
"遣行车骑将军马防","2","0","2"
"遣行征西将军刘尚","2","0","2"
"金城长史上官鸿上","1","1","2"
"汉中五官掾程信率","1","1","2"
"右扶风都尉皇甫旗","1","1","2"
"扶风都尉皇甫旗等","1","1","2"
"遣兵击破先零羌丁","2","0","2"
"兵击破先零羌丁奚","2","0","2"
"击破先零羌丁奚城","2","0","2"
"益州刺史张乔尹就","2","0","2"
"州刺史张乔尹就军","2","0","2"
"刺史张乔尹就军屯","2","0","2"
"募效功种号封刺杀","1","1","2"
"赵冲汉阳太守张贡","2","0","2"
"护羌校尉卫瑶追击","1","1","2"
"白马羌寇广汉属国","2","0","2"
"益州刺史率板蛮讨","2","0","2"
"州刺史率板蛮讨破","2","0","2"
"中郎将皇甫规击破","2","0","2"
"广汉塞外白马羌豪","1","1","2"
"护乌桓中郎将宗员","1","1","2"
"骑将军皇甫嵩讨平","1","1","2"
"将军皇甫嵩讨平黄","1","1","2"
"军皇甫嵩讨平黄巾","1","1","2"
"车骑将军张温西征","1","1","2"
"骑将军张温西征关","1","1","2"
"将军张温西征关中","1","1","2"
"卫将军董承修理宫","1","1","2"
"将军董承修理宫室","1","1","2"
"选四部精兵黄头吴","1","1","2"
"四部精兵黄头吴河","1","1","2"
"部精兵黄头吴河等","1","1","2"
"步骑二万余人进逼","1","1","2"
"骑二万余人进逼成","1","1","2"
"二万余人进逼成都","1","1","2"
"副将武威将军刘尚","1","1","2"
"捕虏将军马武北击","1","1","2"
"虏将军马武北击匈","1","1","2"
"将军马武北击匈奴","1","1","2"
"偏将军王霸等南伐","1","1","2"
"将军王霸等南伐刘","1","1","2"
"军王霸等南伐刘永","1","1","2"
"周建等三万余人救","1","1","2"
"率平狄将军庞萌攻","1","1","2"
"平狄将军庞萌攻西","1","1","2"
"狄将军庞萌攻西防","1","1","2"
"讨虏将军王霸等会","1","1","2"
"征南大将军岑彭相","1","1","2"
"妖巫维汜弟子单臣","1","1","2"
"公卿诸侯王问方略","1","1","2"
"旦等九百二十二人","1","1","2"
"等九百二十二人率","1","1","2"
"赤山乌桓歆志贲等","1","1","2"
"南匈奴骨都侯夫沈","1","1","2"
"匈奴骨都侯夫沈等","1","1","2"
"奴中郎将张奂率南","2","0","2"
"中郎将张奂率南单","2","0","2"
"余所作杂文数十篇","1","1","2"
"江夏太守黄祖性急","1","1","2"
"共读蔡邕所作碑文","1","1","2"
"外高祖破羌将军辛","1","1","2"
"高祖破羌将军辛武","1","1","2"
"祖破羌将军辛武贤","1","1","2"
"陈仓人吕鲔拥众数","1","1","2"
"仓人吕鲔拥众数万","1","1","2"
"征虏将军祭遵等击","1","1","2"
"虏将军祭遵等击破","1","1","2"
"使王遵持节监大司","1","1","2"
"王遵持节监大司马","1","1","2"
"遵持节监大司马吴","1","1","2"
"持节监大司马吴汉","1","1","2"
"节监大司马吴汉留","1","1","2"
"监大司马吴汉留屯","1","1","2"
"南大将军岑彭围西","1","1","2"
"大将军岑彭围西城","1","1","2"
"牙大将军盖延围上","1","1","2"
"辅威将军臧宫破延","1","1","2"
"威将军臧宫破延岑","1","1","2"
"更始遣柱功侯李宝","1","1","2"
"会聚兵甲数十万人","1","1","2"
"诸豪杰沛人周建等","1","1","2"
"遣大司马吴汉等围","1","1","2"
"大司马吴汉等围苏","1","1","2"
"司马吴汉等围苏茂","1","1","2"
"骠骑大将军杜茂攻","1","1","2"
"骑大将军杜茂攻佼","1","1","2"
"招诱五校余贼步骑","1","1","2"
"诱五校余贼步骑数","1","1","2"
"五校余贼步骑数千","1","1","2"
"校余贼步骑数千人","1","1","2"
"吴汉校尉韩湛追斩","1","1","2"
"遣扬武将军马成等","1","1","2"
"扬武将军马成等击","1","1","2"
"游击将军邓隆救蓟","1","1","2"
"胡骑击杀代郡太守","1","1","2"
"骑击杀代郡太守刘","1","1","2"
"击杀代郡太守刘兴","1","1","2"
"五原太守李兴兄弟","1","1","2"
"云中太守桥扈恐惧","1","1","2"
"度辽将军皇甫规解","1","1","2"
"延岑护军邓仲况拥","1","1","2"
"岑护军邓仲况拥兵","1","1","2"
"诬罔大将军梁商专","1","1","2"
"时大将军梁冀威权","1","1","2"
"大将军梁冀威权倾","1","1","2"
"将军梁冀威权倾朝","1","1","2"
"郡文学掾史春秋飨","1","1","2"
"文学掾史春秋飨射","1","1","2"
"学掾史春秋飨射常","1","1","2"
"哀帝时任司隶校尉","1","1","2"
"遣谏议大夫储大伯","1","1","2"
"骑将军东平王苍所","1","1","2"
"显宗特诏补北宫卫","1","1","2"
"宗特诏补北宫卫士","1","1","2"
"特诏补北宫卫士令","1","1","2"
"会稽顾奉等数百人","1","1","2"
"时尚书令韩歆上疏","1","1","2"
"昆避难河南负犊山","1","1","2"
"避难河南负犊山中","1","1","2"
"诸王小侯五十余人","1","1","2"
"遣定国上公王匡攻","1","1","2"
"定国上公王匡攻洛","1","1","2"
"国上公王匡攻洛阳","1","1","2"
"西屏大将军申屠建","1","1","2"
"偏将军冯异击昌城","1","1","2"
"将军冯异击昌城五","1","1","2"
"军冯异击昌城五楼","1","1","2"
"冯异击昌城五楼贼","1","1","2"
"异击昌城五楼贼张","1","1","2"
"击昌城五楼贼张文","1","1","2"
"昌城五楼贼张文等","1","1","2"
"汉率建威大将军耿","2","0","2"
"率建威大将军耿弇","2","0","2"
"率征南大将军岑彭","1","1","2"
"征南大将军岑彭等","1","1","2"
"南大将军岑彭等伐","1","1","2"
"大将军岑彭等伐公","1","1","2"
"将军岑彭等伐公孙","1","1","2"
"军岑彭等伐公孙述","1","1","2"
"帝使太中大夫持节","2","0","2"
"乡人号曰文德先生","1","1","2"
"遣使聘请平陵人方","1","1","2"
"使聘请平陵人方望","1","1","2"
"前王莽平河大尹长","1","1","2"
"王莽平河大尹长安","1","1","2"
"莽平河大尹长安谷","1","1","2"
"平河大尹长安谷恭","1","1","2"
"大司空扶安王印绶","1","1","2"
"司空扶安王印绶授","1","1","2"
"使将军侯丹开白水","1","1","2"
"将军侯丹开白水关","1","1","2"
"光武遣光禄大夫伏","1","1","2"
"武遣光禄大夫伏隆","1","1","2"
"遣光禄大夫伏隆持","1","1","2"
"使左南将军七八千","1","1","2"
"左南将军七八千骑","1","1","2"
"曾祖母匈奴谷蠡浑","1","1","2"
"祖母匈奴谷蠡浑邪","1","1","2"
"母匈奴谷蠡浑邪王","1","1","2"
"宦者褒信侯李元等","1","1","2"
"遇积弩将军傅俊东","1","1","2"
"试明经下第补弟子","1","1","2"
"除郡国耆儒皆补郎","1","1","2"
"京氏四家皆立博士","1","1","2"
"大司徒邓禹西击赤","1","1","2"
"司徒邓禹西击赤眉","1","1","2"
"眭孟授东海严彭祖","1","1","2"
"驳何休所驳汉事六","1","1","2"
"何休所驳汉事六十","1","1","2"
"休所驳汉事六十条","1","1","2"
"时辽东太守祭肜威","1","1","2"
"辽西大尹田谭追击","1","1","2"
"句骊蚕支落大加戴","1","1","2"
"骊蚕支落大加戴升","1","1","2"
"蚕支落大加戴升等","1","1","2"
"永昌太守曹鸾上书","1","1","2"
"昌太守曹鸾上书大","1","1","2"
"左校刑徒前廷尉冯","1","1","2"
"校刑徒前廷尉冯绲","1","1","2"
"豫章太守王永奏事","1","1","2"
"章太守王永奏事中","1","1","2"
"太守王永奏事中官","1","1","2"
"卿相牧守五十三人","1","1","2"
"山阳张俭杀常侍侯","1","1","2"
"阳张俭杀常侍侯览","1","1","2"
"杀一大尹赎二千人","1","1","2"
"侍中贾逵质正大义","1","1","2"
"太中大夫陆贾记录","1","1","2"
"遣卫侯李邑护送乌","1","1","2"
"卫侯李邑护送乌孙","1","1","2"
"侯李邑护送乌孙使","1","1","2"
"李邑护送乌孙使者","1","1","2"
"国相腹久等十七人","1","1","2"
"敦煌郡营兵三百人","1","1","2"
"立后部故王子加特","1","1","2"
"后部故王子加特奴","1","1","2"
"河西四郡羌胡五千","1","1","2"
"西四郡羌胡五千骑","1","1","2"
"大司农何熙行车骑","1","1","2"
"司农何熙行车骑将","1","1","2"
"农何熙行车骑将军","1","1","2"
"何熙行车骑将军事","1","1","2"
"缘边十郡兵二万余","1","1","2"
"边十郡兵二万余人","1","1","2"
"围中郎将耿种美稷","2","0","2"
"司马吕种守沅陵长","1","1","2"
"段珪等劫少帝陈留","2","0","2"
"珪等劫少帝陈留王","2","0","2"
"河内太守王匡屯兵","1","1","2"
"内太守王匡屯兵河","1","1","2"
"太守王匡屯兵河阳","1","1","2"
"守王匡屯兵河阳津","1","1","2"
"坚进洛阳宣阳城门","1","1","2"
"越骑校尉汝南伍孚","1","1","2"
"帝使侍御史侯汶太","2","0","2"
"使侍御史侯汶太仓","2","0","2"
"侍御史侯汶太仓米","2","0","2"
"御史侯汶太仓米豆","2","0","2"
"司空张喜等十余人","1","1","2"
"执金吾伏完等数十","1","1","2"
"金吾伏完等数十人","1","1","2"
"河东太守王邑奉献","1","1","2"
"攻杀凉州刺史韦康","1","1","2"
"属吏张宛长休百日","1","1","2"
"补诸列传四十二篇","1","1","2"
"分麾下精兵二万人","1","1","2"
"更始中郎将左辅都","1","1","2"
"始中郎将左辅都尉","1","1","2"
"中郎将左辅都尉公","1","1","2"
"郎将左辅都尉公乘","1","1","2"
"将左辅都尉公乘歙","1","1","2"
"车骑将军邓弘击赤","1","1","2"
"骑将军邓弘击赤眉","1","1","2"
"更始大司马朱鲔等","1","1","2"
"武威太守梁统等围","1","1","2"
"太傅张禹参录尚书","1","1","2"
"傅张禹参录尚书事","1","1","2"
"尚书令左雄议郡举","1","1","2"
"书令左雄议郡举孝","1","1","2"
"令左雄议郡举孝廉","1","1","2"
"十二州二十五官箴","1","1","2"
"捕虏将军马武东讨","1","1","2"
"虏将军马武东讨周","1","1","2"
"将军马武东讨周建","1","1","2"
"五校兵四千余人救","1","1","2"
"霸军中壮士路润等","1","1","2"
"军中壮士路润等数","1","1","2"
"中壮士路润等数十","1","1","2"
"壮士路润等数十人","1","1","2"
"骠骑大将军杜茂会","1","1","2"
"骑大将军杜茂会攻","1","1","2"
"大将军杜茂会攻卢","1","1","2"
"将军杜茂会攻卢芳","1","1","2"
"军杜茂会攻卢芳将","1","1","2"
"杜茂会攻卢芳将尹","1","1","2"
"新城蛮中山贼张满","1","1","2"
"遵引兵南击邓奉弟","1","1","2"
"小黄门晋阳赵津贪","1","1","2"
"黄门晋阳赵津贪横","1","1","2"
"吏平陵令赵戬弃官","1","1","2"
"平陵令赵戬弃官营","1","1","2"
"陵令赵戬弃官营丧","1","1","2"
"五威将军李轶等十","1","1","2"
"威将军李轶等十三","1","1","2"
"刘将军平生见小敌","1","1","2"
"王郎守将王饶坚守","1","1","2"
"马武等十二将军追","1","1","2"
"讨难将军苏茂攻温","1","1","2"
"扬化将军坚镡等十","1","1","2"
"化将军坚镡等十一","1","1","2"
"将军坚镡等十一将","1","1","2"
"军坚镡等十一将军","1","1","2"
"更始复汉将军邓晔","1","1","2"
"骠骑大将军景丹率","1","1","2"
"骑大将军景丹率征","1","1","2"
"大将军景丹率征虏","1","1","2"
"将军景丹率征虏将","1","1","2"
"军景丹率征虏将军","1","1","2"
"景丹率征虏将军祭","1","1","2"
"丹率征虏将军祭遵","1","1","2"
"率征虏将军祭遵等","1","1","2"
"征虏将军祭遵等二","1","1","2"
"虏将军祭遵等二将","1","1","2"
"将军祭遵等二将军","1","1","2"
"执金吾贾复率二将","1","1","2"
"金吾贾复率二将军","1","1","2"
"步杀光禄大夫伏隆","1","1","2"
"杀光禄大夫伏隆反","1","1","2"
"南大将军岑彭率三","2","0","2"
"大将军岑彭率三将","2","0","2"
"将军岑彭率三将军","2","0","2"
"击卢芳将贾览高柳","2","0","2"
"河西大将军窦融率","1","1","2"
"西大将军窦融率五","1","1","2"
"征西大将军冯异等","1","1","2"
"西大将军冯异等五","1","1","2"
"大将军冯异等五将","1","1","2"
"将军冯异等五将军","1","1","2"
"捕虏将军王霸等五","1","1","2"
"虏将军王霸等五将","1","1","2"
"将军王霸等五将军","1","1","2"
"刺杀征南大将军岑","1","1","2"
"杀征南大将军岑彭","1","1","2"
"大司马吴汉上书请","1","1","2"
"司马吴汉上书请封","1","1","2"
"马吴汉上书请封皇","1","1","2"
"吴汉上书请封皇子","1","1","2"
"骠骑大将军杜茂免","1","1","2"
"匈奴薁鞬日逐王遣","2","0","2"
"奴薁鞬日逐王遣使","2","0","2"
"二十八年春正月己","1","1","2"
"十八年春正月己巳","1","1","2"
"死罪系囚皆一切募","2","0","2"
"罪系囚皆一切募下","2","0","2"
"系囚皆一切募下蚕","2","0","2"
"囚皆一切募下蚕室","2","0","2"
"称陈圣刘太平皇帝","1","1","2"
"安息国遣使献师子","2","0","2"
"兵攻西域长史班超","1","1","2"
"所过二千石长吏下","2","0","2"
"北匈奴右谷蠡王於","1","1","2"
"匈奴右谷蠡王於除","1","1","2"
"大将军左校尉耿夔","1","1","2"
"将军左校尉耿夔授","1","1","2"
"军左校尉耿夔授玺","1","1","2"
"武陵零陵澧中蛮叛","1","1","2"
"京师离宫果园上林","1","1","2"
"使匈奴中郎将杜崇","1","1","2"
"护乌桓校尉任尚率","1","1","2"
"南匈奴右温禺犊王","1","1","2"
"匈奴右温禺犊王叛","1","1","2"
"越骑校尉赵世等讨","1","1","2"
"护羌校尉周鲔击烧","1","1","2"
"十四年春二月乙卯","1","1","2"
"置象林将兵长史官","1","1","2"
"辽东太守耿夔击貊","1","1","2"
"东太守耿夔击貊人","1","1","2"
"渔阳太守张显追击","1","1","2"
"御珍膳靡丽难成物","2","0","2"
"太后母阴氏新野君","1","1","2"
"司空周章密谋废立","1","1","2"
"烧杀三千五百七十","1","1","2"
"杀三千五百七十人","1","1","2"
"御史中丞王宗督青","1","1","2"
"史中丞王宗督青州","1","1","2"
"中丞王宗督青州刺","1","1","2"
"丞王宗督青州刺史","1","1","2"
"王宗督青州刺史法","1","1","2"
"宗督青州刺史法雄","1","1","2"
"辽东太守耿夔讨破","1","1","2"
"东太守耿夔讨破南","1","1","2"
"太守耿夔讨破南单","1","1","2"
"郡国贡献太官口食","1","1","2"
"诸侯相举贤良方正","1","1","2"
"大司农山阳司马苞","1","1","2"
"中谒者收葬京师客","1","1","2"
"谒者收葬京师客死","1","1","2"
"中郎将选孝廉郎宽","1","1","2"
"郎将选孝廉郎宽博","1","1","2"
"辽将军邓遵率南单","1","1","2"
"追尊皇考清河孝王","1","1","2"
"辽东太守蔡讽追击","1","1","2"
"尊孝德皇元妃耿氏","1","1","2"
"辽东属国都尉庞奋","1","1","2"
"伪玺书杀玄菟太守","1","1","2"
"玺书杀玄菟太守姚","1","1","2"
"书杀玄菟太守姚光","1","1","2"
"度辽将军耿夔讨破","2","0","2"
"益州刺史蜀郡西部","1","1","2"
"州刺史蜀郡西部都","1","1","2"
"刺史蜀郡西部都尉","1","1","2"
"史蜀郡西部都尉讨","1","1","2"
"令三署郎通达经术","1","1","2"
"宗祀五帝汶上明堂","2","0","2"
"诏郡国中都官死罪","2","0","2"
"死罪系囚减罪一等","1","1","2"
"追尊皇祖河间孝王","1","1","2"
"能直言极谏者一人","2","0","2"
"郡国系囚减死罪一","1","1","2"
"国系囚减死罪一等","1","1","2"
"太山贼公孙举等寇","1","1","2"
"孝质皇帝聪敏早茂","1","1","2"
"永乐太后亲尊莫二","1","1","2"
"京兆虎牙都尉宗谦","1","1","2"
"荆州刺史度尚击零","1","1","2"
"州刺史度尚击零陵","1","1","2"
"勃海妖贼盖登等称","1","1","2"
"海妖贼盖登等称太","1","1","2"
"妖贼盖登等称太上","1","1","2"
"贼盖登等称太上皇","1","1","2"
"盖登等称太上皇帝","1","1","2"
"司隶校尉李膺等二","1","1","2"
"隶校尉李膺等二百","1","1","2"
"校尉李膺等二百余","1","1","2"
"尉李膺等二百余人","1","1","2"
"父城门校尉窦武定","1","1","2"
"城门校尉窦武定策","1","1","2"
"丹阳山越贼围太守","1","1","2"
"阳山越贼围太守陈","1","1","2"
"山越贼围太守陈夤","1","1","2"
"北地太守夏育追击","1","1","2"
"黑山贼张牛角等十","1","1","2"
"山贼张牛角等十余","1","1","2"
"贼张牛角等十余辈","1","1","2"
"中郎将孟益率骑都","1","1","2"
"郎将孟益率骑都尉","1","1","2"
"将孟益率骑都尉公","1","1","2"
"孟益率骑都尉公孙","1","1","2"
"凉州贼王国围陈仓","1","1","2"
"孝仁皇后归葬河间","1","1","2"
"仁皇后归葬河间慎","1","1","2"
"皇后归葬河间慎陵","1","1","2"
"贲中郎将袁术烧东","1","1","2"
"中郎将袁术烧东西","1","1","2"
"郎将袁术烧东西宫","1","1","2"
"董卓杀皇太后何氏","1","1","2"
"董卓杀城门校尉伍","1","1","2"
"卓杀城门校尉伍琼","1","1","2"
"东郡太守曹操大破","1","1","2"
"郡太守曹操大破黄","1","1","2"
"太守曹操大破黄巾","1","1","2"
"曹操杀太中大夫孔","1","1","2"
"操杀太中大夫孔融","1","1","2"
"十七年夏五月癸未","1","1","2"
"中黄门孙程等十九","1","1","2"
"黄门孙程等十九人","1","1","2"
"护乌桓校尉耿晔率","1","1","2"
"始作候风地动铜仪","1","1","2"
"使匈奴中郎将王稠","1","1","2"
"匈奴中郎将王稠率","1","1","2"
"四府掾属刚毅武猛","1","1","2"
"护羌校尉马贤讨烧","2","0","2"
"羌校尉马贤讨烧羌","2","0","2"
"使匈奴中郎将陈龟","1","1","2"
"立南匈奴守义王兜","1","1","2"
"南匈奴守义王兜楼","1","1","2"
"匈奴守义王兜楼储","1","1","2"
"江夏盗贼寇掠城邑","1","1","2"
"使匈奴中郎将马寔","2","0","2"
"护羌校尉赵冲追击","1","1","2"
"羌校尉赵冲追击叛","1","1","2"
"校尉赵冲追击叛羌","1","1","2"
"丹阳贼陆宫等围城","1","1","2"
"辽东太守祭肜使鲜","1","1","2"
"东太守祭肜使鲜卑","1","1","2"
"宗祀光武皇帝明堂","2","0","2"
"公卿列侯始服冠冕","1","1","2"
"元氏县田租更赋六","1","1","2"
"三公募郡国中都官","1","1","2"
"流民名数欲占者人","2","0","2"
"民名数欲占者人一","2","0","2"
"诏令郡国中都官死","1","1","2"
"令郡国中都官死罪","1","1","2"
"都官死罪系囚减死","1","1","2"
"官死罪系囚减死罪","1","1","2"
"死罪系囚减死罪一","1","1","2"
"罪系囚减死罪一等","1","1","2"
"太常择吉日策告宗","1","1","2"
"常择吉日策告宗庙","1","1","2"
"十八年春三月丁亥","1","1","2"
"名山大川能兴云致","1","1","2"
"山大川能兴云致雨","1","1","2"
"龟兹攻西域都护陈","1","1","2"
"兹攻西域都护陈睦","1","1","2"
"藏主光烈皇后更衣","2","0","2"
"主光烈皇后更衣室","2","0","2"
"母蔺夫人悲伤发疾","1","1","2"
"建武末选入太子宫","1","1","2"
"四府掾史五十余人","1","1","2"
"大将军耿宝位尊权","1","1","2"
"将军耿宝位尊权重","1","1","2"
"永婿黄门侍郎樊严","1","1","2"
"婿黄门侍郎樊严等","1","1","2"
"日南蛮夷攻城暴掠","1","1","2"
"香车骑将军安阳侯","1","1","2"
"车骑将军安阳侯印","1","1","2"
"骑将军安阳侯印绶","1","1","2"
"归宋氏旧茔皋门亭","1","1","2"
"车服礼仪皆依汉制","1","1","2"
"名数流人欲占者人","2","0","2"
"数流人欲占者人一","2","0","2"
"流人欲占者人一级","2","0","2"
"使五官中郎将魏应","1","1","2"
"五官中郎将魏应承","1","1","2"
"官中郎将魏应承制","1","1","2"
"中郎将魏应承制问","1","1","2"
"加赐河南女子百户","1","1","2"
"赐河南女子百户牛","1","1","2"
"赐高年二人共布帛","1","1","2"
"北匈奴屋兰储等率","1","1","2"
"魏文帝称明帝察察","1","1","2"
"司空张温车骑将军","2","0","2"
"辅国将军伏完等十","1","1","2"
"国将军伏完等十余","1","1","2"
"将军伏完等十余人","1","1","2"
"太傅陈蕃参录尚书","1","1","2"
"傅陈蕃参录尚书事","1","1","2"
"将持节奉策赠太傅","1","1","2"
"破奸将军侯进等五","1","1","2"
"奸将军侯进等五万","1","1","2"
"显宗女浚仪长公主","1","1","2"
"牙大将军盖延率四","1","1","2"
"大将军盖延率四将","1","1","2"
"将军盖延率四将军","1","1","2"
"更始将苏茂杀淮阳","1","1","2"
"始将苏茂杀淮阳太","1","1","2"
"将苏茂杀淮阳太守","1","1","2"
"苏茂杀淮阳太守潘","1","1","2"
"茂杀淮阳太守潘蹇","1","1","2"
"牙大将军盖延等七","1","1","2"
"大将军盖延等七将","1","1","2"
"将军盖延等七将军","1","1","2"
"平城人贾丹杀卢芳","1","1","2"
"城人贾丹杀卢芳将","1","1","2"
"人贾丹杀卢芳将尹","1","1","2"
"置辽东西部都尉官","1","1","2"
"先零诸种羌攻陷上","1","1","2"
"修理西门豹所分漳","1","1","2"
"理西门豹所分漳水","1","1","2"
"尊孝崇皇夫人马氏","1","1","2"
"蜀郡李伯诈称宗室","1","1","2"
"光禄大夫中山祝恬","1","1","2"
"桂阳盗贼李研等寇","1","1","2"
"车骑将军皇甫嵩免","1","1","2"
"护乌桓校尉公綦稠","1","1","2"
"乌桓校尉公綦稠等","1","1","2"
"坚杀荆州刺史王睿","1","1","2"
"长安宣平城门外屋","1","1","2"
"前益州刺史种劭战","1","1","2"
"辽东太守公孙康杀","1","1","2"
"东太守公孙康杀袁","1","1","2"
"太守公孙康杀袁尚","1","1","2"
"长乐少府九江朱伥","1","1","2"
"州六郡妖贼章河等","1","1","2"
"六郡妖贼章河等寇","1","1","2"
"置陇西南部都尉官","1","1","2"
"南匈奴左部句龙大","1","1","2"
"匈奴左部句龙大人","1","1","2"
"奴左部句龙大人吾","1","1","2"
"左部句龙大人吾斯","1","1","2"
"句龙吾斯等东引乌","1","1","2"
"龙吾斯等东引乌桓","1","1","2"
"安定太守郭璜下狱","1","1","2"
"匈奴中郎将张耽大","1","1","2"
"南匈奴左部大人句","1","1","2"
"匈奴左部大人句龙","1","1","2"
"奴左部大人句龙吾","1","1","2"
"左部大人句龙吾斯","1","1","2"
"建武十五年封东海","1","1","2"
"武十五年封东海公","1","1","2"
"捕虏将军马武等二","1","1","2"
"虏将军马武等二将","1","1","2"
"将军马武等二将军","1","1","2"
"军马武等二将军讨","1","1","2"
"迎济北惠王子北乡","1","1","2"
"济北惠王子北乡侯","1","1","2"
"诸国侯三百里内者","1","1","2"
"帝使中常侍迎贵人","1","1","2"
"护羌校尉傅育追击","1","1","2"
"羌校尉傅育追击叛","1","1","2"
"校尉傅育追击叛羌","1","1","2"
"二十九年春二月丁","1","1","2"
"光烈皇后兄执金吾","1","1","2"
"西域假司马班超击","2","0","2"
"在朝有谨严静穆之","0","2","2"
"朝有谨严静穆之风","0","2","2"
"还是因为你有事嘱","0","2","2"
"是因为你有事嘱咐","0","2","2"
"因为你有事嘱咐于","0","2","2"
"为你有事嘱咐于他","0","2","2"
"你有事嘱咐于他而","0","2","2"
"有事嘱咐于他而接","0","2","2"
"事嘱咐于他而接受","0","2","2"
"嘱咐于他而接受的","0","2","2"
"咐于他而接受的呢","0","2","2"
"愿接受你对我的处","0","2","2"
"接受你对我的处罚","0","2","2"
"现在以肇为皇太子","0","2","2"
"于是他埋头研习经","0","2","2"
"是他埋头研习经学","0","2","2"
"以陛下耳听四方的","0","2","2"
"陛下耳听四方的明","0","2","2"
"下耳听四方的明察","0","2","2"
"也有听不到的情况","0","2","2"
"陈留太守周防的儿","0","2","2"
"留太守周防的儿子","0","2","2"
"京师流行这样一句","0","2","2"
"师流行这样一句话","0","2","2"
"所以古时候的圣人","0","2","2"
"创立基业于危险之","0","2","2"
"立基业于危险之中","0","2","2"
"与王莽前队大夫甄","0","2","2"
"的差不多有一万多","0","2","2"
"差不多有一万多人","0","2","2"
"舂陵侯刘敞的同母","0","2","2"
"陵侯刘敞的同母弟","0","2","2"
"因考究陇西太守邓","0","2","2"
"考究陇西太守邓融","0","2","2"
"将军东平王刘苍听","0","2","2"
"除儿子周兴为郎中","0","2","2"
"车骑将军窦宪出征","0","2","2"
"骑将军窦宪出征匈","0","2","2"
"将军窦宪出征匈奴","0","2","2"
"祭遵与延岑战于东","0","2","2"
"遵与延岑战于东阳","0","2","2"
"派遣使者持符节拜","0","2","2"
"与骠骑大将军杜茂","0","2","2"
"因牵连与东平王等","0","2","2"
"牵连与东平王等谋","0","2","2"
"连与东平王等谋反","0","2","2"
"伯通与官吏们讲话","0","2","2"
"定天下者不计私仇","0","2","2"
"愿留意照顾老母幼","0","2","2"
"留意照顾老母幼弟","0","2","2"
"凡举事不要为亲者","0","2","2"
"举事不要为亲者所","0","2","2"
"事不要为亲者所痛","0","2","2"
"以卖弄国恩被免职","0","2","2"
"何进准备诛杀宦官","0","2","2"
"没有受过训练的人","0","2","2"
"共同谋划诛杀董卓","0","2","2"
"蔺相如小国的臣子","0","2","2"
"而竟使一些多余的","0","2","2"
"竟使一些多余的议","0","2","2"
"使一些多余的议论","0","2","2"
"这是我引为惭愧恐","0","2","2"
"是我引为惭愧恐惧","0","2","2"
"我引为惭愧恐惧的","0","2","2"
"王莽的大司空王邑","0","2","2"
"当时尚书令韩歆上","0","2","2"
"其余四王不记母氏","0","2","2"
"余四王不记母氏姓","0","2","2"
"四王不记母氏姓名","0","2","2"
"很早就离开了父母","0","2","2"
"诏令给诸王羽林骑","0","2","2"
"令给诸王羽林骑各","0","2","2"
"给诸王羽林骑各四","0","2","2"
"诸王羽林骑各四十","0","2","2"
"王羽林骑各四十人","0","2","2"
"追封谥宋扬为当阳","0","2","2"
"封谥宋扬为当阳穆","0","2","2"
"谥宋扬为当阳穆侯","0","2","2"
"氏为孝崇博园贵人","0","2","2"
"夫人董氏为慎园贵","0","2","2"
"人董氏为慎园贵人","0","2","2"
"蘧伯玉以独为君子","0","2","2"
"伯玉以独为君子可","0","2","2"
"玉以独为君子可耻","0","2","2"
"以成绩优秀举高第","0","2","2"
"齐襄王法章之后代","0","2","2"
"派侍御史庞雄督促","0","2","2"
"侍御史庞雄督促州","0","2","2"
"御史庞雄督促州郡","0","2","2"
"史庞雄督促州郡兵","0","2","2"
"朝廷派御史中丞冯","0","2","2"
"廷派御史中丞冯绲","0","2","2"
"派御史中丞冯绲将","0","2","2"
"中丞冯绲将兵督促","0","2","2"
"丞冯绲将兵督促扬","0","2","2"
"冯绲将兵督促扬州","0","2","2"
"绲将兵督促扬州刺","0","2","2"
"将兵督促扬州刺史","0","2","2"
"兵督促扬州刺史尹","0","2","2"
"督促扬州刺史尹火","0","2","2"
"促扬州刺史尹火翟","0","2","2"
"江太守邓显讨伐他","0","2","2"
"太守邓显讨伐他们","0","2","2"
"筑营垒在当涂山中","0","2","2"
"杨璇于是特制马车","0","2","2"
"璇于是特制马车数","0","2","2"
"于是特制马车数十","0","2","2"
"是特制马车数十辆","0","2","2"
"用一排袋子盛石灰","0","2","2"
"一排袋子盛石灰于","0","2","2"
"排袋子盛石灰于车","0","2","2"
"袋子盛石灰于车上","0","2","2"
"于是叫马车在前面","0","2","2"
"再叫后车弓弩乱发","0","2","2"
"追逐伤斩贼人无数","0","2","2"
"将其头目枭首示众","0","2","2"
"郡境以内得以安宁","0","2","2"
"被大将军何进召为","0","2","2"
"何进调袁绍担任司","0","2","2"
"进调袁绍担任司隶","0","2","2"
"调袁绍担任司隶校","0","2","2"
"袁绍担任司隶校尉","0","2","2"
"您比起袁绍来又怎","0","2","2"
"比起袁绍来又怎么","0","2","2"
"起袁绍来又怎么样","0","2","2"
"寇恂争着危害对方","0","2","2"
"遇到世祖调解纠纷","0","2","2"
"裂痕和仇怨消除以","0","2","2"
"痕和仇怨消除以后","0","2","2"
"当时的人都赞美他","0","2","2"
"时的人都赞美他们","0","2","2"
"率领五千步兵和骑","0","2","2"
"领五千步兵和骑兵","0","2","2"
"后悔的是做朝歌长","0","2","2"
"悔的是做朝歌长时","0","2","2"
"的是做朝歌长时杀","0","2","2"
"是做朝歌长时杀贼","0","2","2"
"做朝歌长时杀贼数","0","2","2"
"里面哪能没有冤枉","0","2","2"
"面哪能没有冤枉的","0","2","2"
"家里没有增加一口","0","2","2"
"里没有增加一口人","0","2","2"
"这是获罪于天的缘","0","2","2"
"是获罪于天的缘故","0","2","2"
"获罪于天的缘故啊","0","2","2"
"罪于天的缘故啊虞","0","2","2"
"于天的缘故啊虞恭","0","2","2"
"天的缘故啊虞恭有","0","2","2"
"的缘故啊虞恭有美","0","2","2"
"缘故啊虞恭有美才","0","2","2"
"与左中郎将皇甫嵩","0","2","2"
"百姓没有不去看的","0","2","2"
"有老父独自耕种不","0","2","2"
"老父独自耕种不止","0","2","2"
"有什么面目见天下","0","2","2"
"将军盖延等讨伐刘","0","2","2"
"军盖延等讨伐刘永","0","2","2"
"王刘利子刘康为济","0","2","2"
"刘利子刘康为济南","0","2","2"
"利子刘康为济南王","0","2","2"
"河间孝王为孝穆皇","0","2","2"
"自此凉州再没发生","0","2","2"
"此凉州再没发生战","0","2","2"
"凉州再没发生战事","0","2","2"
"这时长安城中有人","0","2","2"
"时长安城中有人起","0","2","2"
"长安城中有人起兵","0","2","2"
"知道了他们的阴谋","0","2","2"
"袁术听了很不高兴","0","2","2"
"而兼并了他的部众","0","2","2"
"淳于恭之兄淳于崇","0","2","2"
"于恭之兄淳于崇将","0","2","2"
"恭之兄淳于崇将被","0","2","2"
"之兄淳于崇将被强","0","2","2"
"兄淳于崇将被强盗","0","2","2"
"淳于崇将被强盗烹","0","2","2"
"于崇将被强盗烹食","0","2","2"
"后来几次应三公的","0","2","2"
"来几次应三公的命","0","2","2"
"几次应三公的命令","0","2","2"
"世祖便以邳彤为太","0","2","2"
"祖便以邳彤为太守","0","2","2"
"听说世祖从蓟回来","0","2","2"
"横野大将军王常去","0","2","2"
"耿讠斤为赤眉将军","0","2","2"
"用父亲的名字和母","0","2","2"
"父亲的名字和母亲","0","2","2"
"亲的名字和母亲的","0","2","2"
"的名字和母亲的姓","0","2","2"
"周于是向东迁到洛","0","2","2"
"于是向东迁到洛邑","0","2","2"
"司徒掾班彪上奏说","0","2","2"
"武都的参狼羌反叛","0","2","2"
"千步兵和骑兵侵犯","0","2","2"
"捕虏将军马武等人","0","2","2"
"虏将军马武等人攻","0","2","2"
"将军马武等人攻打","0","2","2"
"率领各郡的部队与","0","2","2"
"死亡的百姓无法计","0","2","2"
"亡的百姓无法计算","0","2","2"
"汉阳太守赵博派刺","0","2","2"
"阳太守赵博派刺客","0","2","2"
"度辽将军邓遵率领","0","2","2"
"辽将军邓遵率领南","0","2","2"
"各郡的部队和乌桓","0","2","2"
"杀死杀伤官吏百姓","0","2","2"
"赵冲与汉阳太守张","0","2","2"
"冲与汉阳太守张贡","0","2","2"
"益州刺史率领板椐","0","2","2"
"州刺史率领板椐蛮","0","2","2"
"现在您对于汉朝来","0","2","2"
"在您对于汉朝来说","0","2","2"
"舆论认为您的功劳","0","2","2"
"少府孔融上书推荐","0","2","2"
"派伏波将军马援率","0","2","2"
"鲜卑这才和汉互通","0","2","2"
"卑这才和汉互通使","0","2","2"
"这才和汉互通使者","0","2","2"
"三千寻迹而射的士","0","2","2"
"赏给他们不同数目","0","2","2"
"给他们不同数目的","0","2","2"
"他们不同数目的彩","0","2","2"
"们不同数目的彩色","0","2","2"
"不同数目的彩色丝","0","2","2"
"同数目的彩色丝帛","0","2","2"
"占领了匈奴原先的","0","2","2"
"奴中郎将张奂率领","0","2","2"
"中郎将张奂率领南","0","2","2"
"郎将张奂率领南单","0","2","2"
"将张奂率领南单于","0","2","2"
"的二十多个城邑为","0","2","2"
"请杜笃做从事中郎","0","2","2"
"天下无双江夏黄童","0","2","2"
"安帝废太子为济阴","0","2","2"
"帝废太子为济阴王","0","2","2"
"平阿侯王谭的儿子","0","2","2"
"又有鱼盐铜银之利","0","2","2"
"浮水转漕运输之便","0","2","2"
"得以专门精心策划","0","2","2"
"是成帝的儿子刘子","0","2","2"
"成帝的儿子刘子舆","0","2","2"
"拜张步为辅汉大将","0","2","2"
"张步为辅汉大将军","0","2","2"
"周建的侄子周诵造","0","2","2"
"授生徒经常几百人","0","2","2"
"吴汉率领建威大将","0","2","2"
"汉率领建威大将军","0","2","2"
"率领建威大将军耿","0","2","2"
"帝使太中大夫持符","0","2","2"
"使太中大夫持符节","0","2","2"
"太中大夫持符节拜","0","2","2"
"分别赏赐随行人员","0","2","2"
"派他哥哥的儿子李","0","2","2"
"公孙述派兵援救隗","0","2","2"
"孙述派兵援救隗嚣","0","2","2"
"家里没有私人财产","0","2","2"
"大将军岑彭率领三","0","2","2"
"将军岑彭率领三将","0","2","2"
"军岑彭率领三将军","0","2","2"
"义大将军朱祐率领","0","2","2"
"光武帝从长安回洛","0","2","2"
"武帝从长安回洛阳","0","2","2"
"在高柳攻打卢芳将","0","2","2"
"派大司马吴汉率领","0","2","2"
"率领水师讨伐公孙","0","2","2"
"领水师讨伐公孙述","0","2","2"
"率领同部族人归附","0","2","2"
"一律恢复平民身份","0","2","2"
"右翊公刘辅为中山","0","2","2"
"翊公刘辅为中山王","0","2","2"
"武威将军刘尚打败","0","2","2"
"赐公卿以下至佐史","0","2","2"
"公卿以下至佐史钱","0","2","2"
"比阳公主为长公主","0","2","2"
"平民无户籍及流民","0","2","2"
"中都官对在押囚犯","0","2","2"
"勉力做好本职工作","0","2","2"
"北匈奴派使者称臣","0","2","2"
"帝在章德前殿逝世","0","2","2"
"民无户籍及流民归","0","2","2"
"无户籍及流民归首","0","2","2"
"户籍及流民归首的","0","2","2"
"籍及流民归首的每","0","2","2"
"及流民归首的每人","0","2","2"
"流民归首的每人一","0","2","2"
"民归首的每人一级","0","2","2"
"平元年春正月十三","0","2","2"
"元年春正月十三日","0","2","2"
"令死罪以下及逃亡","0","2","2"
"移与子或同母兄弟","0","2","2"
"诏令郡国中都官系","0","2","2"
"卿以下钱帛各不等","0","2","2"
"秘密上书批评建议","0","2","2"
"不能活下去的每人","0","2","2"
"封河间王刘开子刘","0","2","2"
"在汶上明堂祭祀五","0","2","2"
"汶上明堂祭祀五帝","0","2","2"
"在阙里祭祀孔子及","0","2","2"
"阙里祭祀孔子及七","0","2","2"
"里祭祀孔子及七十","0","2","2"
"废皇太子刘保为济","0","2","2"
"皇太子刘保为济阴","0","2","2"
"太子刘保为济阴王","0","2","2"
"令郡国中都官对死","0","2","2"
"郡国中都官对死罪","0","2","2"
"派使者祭祀太上皇","0","2","2"
"使者祭祀太上皇于","0","2","2"
"者祭祀太上皇于万","0","2","2"
"祭祀太上皇于万年","0","2","2"
"二年春正月十九日","0","2","2"
"校尉举荐贤良方正","0","2","2"
"元年春正月十四日","0","2","2"
"七岁以上每人赐钱","0","2","2"
"岁以上每人赐钱二","0","2","2"
"以上每人赐钱二千","0","2","2"
"任太常胡广为太尉","0","2","2"
"立贵人窦氏为皇后","0","2","2"
"诏令公卿以下各秘","0","2","2"
"令公卿以下各秘密","0","2","2"
"公卿以下各秘密上","0","2","2"
"卿以下各秘密上书","0","2","2"
"以下各秘密上书对","0","2","2"
"下各秘密上书对国","0","2","2"
"令天下在押囚犯没","0","2","2"
"天下在押囚犯没有","0","2","2"
"下在押囚犯没有判","0","2","2"
"在押囚犯没有判决","0","2","2"
"押囚犯没有判决的","0","2","2"
"年春正月二十一日","0","2","2"
"于二十八宿之一的","0","2","2"
"袁术派将领孙坚在","0","2","2"
"彗星出现于天市星","0","2","2"
"冬十一月二十五日","0","2","2"
"永建元年春正月初","0","2","2"
"建元年春正月初二","0","2","2"
"流民自动归首的每","0","2","2"
"民自动归首的每人","0","2","2"
"自动归首的每人一","0","2","2"
"动归首的每人一级","0","2","2"
"察记录囚犯的罪状","0","2","2"
"二年春二月十三日","0","2","2"
"羌校尉马贤讨伐烧","0","2","2"
"校尉马贤讨伐烧当","0","2","2"
"尉马贤讨伐烧当羌","0","2","2"
"使匈奴中郎将马萛","0","2","2"
"无户口的流浪人想","0","2","2"
"户口的流浪人想自","0","2","2"
"口的流浪人想自归","0","2","2"
"的流浪人想自归首","0","2","2"
"流浪人想自归首的","0","2","2"
"在明堂祭祀光武皇","0","2","2"
"明堂祭祀光武皇帝","0","2","2"
"三年春正月十七日","0","2","2"
"脚至髡钳城旦舂十","0","2","2"
"至髡钳城旦舂十匹","0","2","2"
"完城旦至司寇五匹","0","2","2"
"无户籍想归首的每","0","2","2"
"户籍想归首的每人","0","2","2"
"籍想归首的每人一","0","2","2"
"刖右脚至髡钳城旦","0","2","2"
"右脚至髡钳城旦舂","0","2","2"
"于光烈皇后更衣别","0","2","2"
"光烈皇后更衣别室","0","2","2"
"废皇太子刘庆为清","0","2","2"
"皇太子刘庆为清河","0","2","2"
"太子刘庆为清河王","0","2","2"
"归还资财五百余万","0","2","2"
"陈夫人为渤海孝王","0","2","2"
"夫人为渤海孝王妃","0","2","2"
"懿献梁皇后梁女莹","0","2","2"
"太后兄大将军何进","0","2","2"
"代理车骑将军马防","0","2","2"
"一律下蚕室施以腐","0","2","2"
"律下蚕室施以腐刑","0","2","2"
"司空张温为车骑将","0","2","2"
"空张温为车骑将军","0","2","2"
