"N-gram","北史","北史翻译","Total"
"开府仪同三","95","94","189"
"府仪同三司","95","94","189"
"尚书左仆射","63","62","125"
"骠骑大将军","60","57","117"
"尚书右仆射","54","60","114"
"事黄门侍郎","49","45","94"
"神武帝高欢","0","63","63"
"车骑大将军","24","24","48"
"给事黄门侍","0","45","45"
"左光禄大夫","21","21","42"
"通直散骑常","20","21","41"
"直散骑常侍","20","21","41"
"文襄帝高澄","0","40","40"
"都督中外诸","19","19","38"
"督中外诸军","19","19","38"
"金紫光禄大","18","18","36"
"紫光禄大夫","18","18","36"
"中外诸军事","17","18","35"
"柱国大将军","16","18","34"
"大将军宇文","16","16","32"
"周文帝宇文","0","31","31"
"文帝宇文泰","0","31","31"
"翊卫大将军","15","15","30"
"灵太后临朝","16","14","30"
"年春正月初","0","30","30"
"武卫大将军","15","14","29"
"派使者朝贡","0","29","29"
"员外散骑侍","15","12","27"
"外散骑侍郎","15","12","27"
"右光禄大夫","14","13","27"
"广宁王孝珩","16","11","27"
"任吏部尚书","0","27","27"
"哥哥的儿子","0","27","27"
"仪同大将军","13","13","26"
"为尚书右仆","0","26","26"
"又被任命为","0","26","26"
"晋公宇文护","1","24","25"
"为散骑常侍","0","25","25"
"左翊卫大将","12","12","24"
"征南大将军","11","13","24"
"二年春正月","12","12","24"
"通直散骑侍","12","11","23"
"直散骑侍郎","12","11","23"
"骁卫大将军","11","12","23"
"为骠骑大将","0","23","23"
"晋封爵位为","0","23","23"
"朝廷下诏命","0","23","23"
"隋文帝受禅","12","10","22"
"右卫大将军","11","11","22"
"银青光禄大","11","11","22"
"青光禄大夫","11","11","22"
"为尚书左仆","0","22","22"
"他被任命为","0","22","22"
"冢宰宇文护","11","10","21"
"将军宇文述","10","10","20"
"朝廷命他为","0","20","20"
"于骑马射箭","0","20","20"
"父亲的爵位","0","20","20"
"清河王元怿","0","20","20"
"齐神武帝高","0","19","19"
"朝廷追赠他","0","19","19"
"任给事黄门","0","19","19"
"周孝闵帝践","18","0","18"
"加散骑常侍","15","3","18"
"卫大将军宇","9","9","18"
"员外散骑常","9","9","18"
"外散骑常侍","9","9","18"
"十州诸军事","9","9","18"
"齐王宇文宪","0","18","18"
"廷追赠他为","0","18","18"
"原来的官职","0","18","18"
"孝武帝入关","6","11","17"
"河南洛阳人","8","9","17"
"北豫州刺史","9","8","17"
"为仪同三司","0","17","17"
"隋文帝杨坚","0","17","17"
"为开府仪同","0","17","17"
"被免去官职","0","17","17"
"为录尚书事","0","17","17"
"文宣帝高洋","0","17","17"
"中军大将军","8","8","16"
"大冢宰宇文","8","8","16"
"左卫大将军","9","7","16"
"五年春正月","8","8","16"
"太上皇帝诏","15","1","16"
"东徐州刺史","7","9","16"
"孝武帝西迁","0","16","16"
"皇帝下诏说","0","16","16"
"东南道行台","7","8","15"
"隋文帝丞相","15","0","15"
"安丰王延明","10","5","15"
"吏部尚书李","7","8","15"
"善于骑马射","0","15","15"
"领军大将军","0","15","15"
"朝廷封他为","0","15","15"
"过了一年多","0","15","15"
"因建立军功","0","15","15"
"多次升迁至","0","15","15"
"月二十一日","0","15","15"
"春正月初一","0","15","15"
"任命为尚书","0","15","15"
"北周的军队","0","15","15"
"破六韩拔陵","6","8","14"
"陈将吴明彻","9","5","14"
"殿中侍御史","7","7","14"
"元年春正月","7","7","14"
"三年春正月","7","7","14"
"天柱大将军","2","12","14"
"刺史的职务","0","14","14"
"为车骑大将","0","14","14"
"自己的儿子","0","14","14"
"帝十分高兴","0","14","14"
"帝非常高兴","0","14","14"
"任尚书右仆","0","14","14"
"咸阳王元禧","0","14","14"
"彭城王元勰","0","14","14"
"任散骑常侍","0","14","14"
"后临朝听政","0","14","14"
"被任命为尚","0","14","14"
"南道大行台","6","7","13"
"内史下大夫","7","6","13"
"州刺史宇文","6","7","13"
"道行台尚书","6","7","13"
"部尚书樊子","6","7","13"
"南平公长孙","6","7","13"
"平公长孙嵩","6","7","13"
"四年春正月","6","7","13"
"京畿大都督","7","6","13"
"跟随宇文泰","0","13","13"
"州刺史的职","0","13","13"
"拉着他的手","0","13","13"
"为行军总管","0","13","13"
"任定州刺史","0","13","13"
"东魏孝静帝","0","13","13"
"兼散骑常侍","0","13","13"
"车驾从晋阳","0","13","13"
"三州诸军事","7","5","12"
"开府仪同大","6","6","12"
"府仪同大将","6","6","12"
"大行台左丞","6","6","12"
"右武卫大将","6","6","12"
"城阳王元徽","1","11","12"
"右骁卫大将","6","6","12"
"兰陵王长恭","7","5","12"
"部尚书李神","6","6","12"
"司徒左长史","6","6","12"
"广阳王元深","1","11","12"
"侯莫陈悦的","0","12","12"
"了他的建议","0","12","12"
"采纳了他的","0","12","12"
"不大一会儿","0","12","12"
"为光禄大夫","0","12","12"
"兼任吏部尚","0","12","12"
"高阳王元雍","0","12","12"
"任城王元澄","0","12","12"
"宣武帝即位","0","12","12"
"从晋阳归来","0","12","12"
"孝闵帝践阼","11","0","11"
"南道行台尚","5","6","11"
"尚书樊子盖","5","6","11"
"道行军总管","6","5","11"
"左武卫大将","6","5","11"
"除事黄门侍","11","0","11"
"将军屈突通","5","6","11"
"文明太后临","6","5","11"
"明太后临朝","6","5","11"
"咸阳王禧等","8","3","11"
"屯卫大将军","6","5","11"
"南秦州刺史","5","6","11"
"平秦王归彦","7","4","11"
"为柱国大将","0","11","11"
"朝廷加封他","0","11","11"
"作为自己的","0","11","11"
"原来的职务","0","11","11"
"都派使者朝","0","11","11"
"任中书侍郎","0","11","11"
"的两个儿子","0","11","11"
"任冀州刺史","0","11","11"
"任青州刺史","0","11","11"
"常山王高演","0","11","11"
"有见识的人","0","11","11"
"太后临朝听","0","11","11"
"为度支尚书","0","11","11"
"的职务不变","0","11","11"
"内史中大夫","5","5","10"
"上开府仪同","5","5","10"
"大统十三年","3","7","10"
"黄门侍郎裴","5","5","10"
"门侍郎裴矩","5","5","10"
"大行台尚书","5","5","10"
"加开府仪同","9","1","10"
"行台尚书令","5","5","10"
"州道行军总","5","5","10"
"后部羽葆鼓","6","4","10"
"部羽葆鼓吹","6","4","10"
"尚书令王肃","5","5","10"
"镇西大将军","5","5","10"
"山阳侯奚斤","5","5","10"
"尚书令李崇","5","5","10"
"七年春正月","5","5","10"
"年春正月甲","9","1","10"
"抚军大将军","5","5","10"
"食邑一万户","1","9","10"
"安德王延宗","6","4","10"
"御史中尉李","5","5","10"
"这样的事情","0","10","10"
"孝闵帝即位","0","10","10"
"亲近的人说","0","10","10"
"加封为开府","0","10","10"
"廷加封他为","0","10","10"
"的一个儿子","0","10","10"
"武帝宇文邕","0","10","10"
"以原来的官","0","10","10"
"南兖州刺史","0","10","10"
"任梁州刺史","0","10","10"
"孝庄帝即位","0","10","10"
"贡地方特产","0","10","10"
"年春正月十","0","10","10"
"驾从晋阳归","0","10","10"
"长广王高湛","0","10","10"
"任齐州刺史","0","10","10"
"朝廷任命他","0","10","10"
"左右的人说","0","10","10"
"四州诸军事","5","4","9"
"授开府仪同","6","3","9"
"迁事黄门侍","9","0","9"
"州总管长史","4","5","9"
"赠开府仪同","5","4","9"
"州刺史司马","5","4","9"
"诏散骑常侍","9","0","9"
"吏部尚书元","4","5","9"
"年春正月壬","9","0","9"
"豫州刺史高","5","4","9"
"河间王孝琬","5","4","9"
"御史中尉王","4","5","9"
"史中尉王显","4","5","9"
"齐将陈显达","4","5","9"
"清河东武城","5","4","9"
"河东武城人","5","4","9"
"镇南大将军","4","5","9"
"莫多娄敬显","5","4","9"
"听从了他的","0","9","9"
"对亲近的人","0","9","9"
"被任命为大","0","9","9"
"封为散骑常","0","9","9"
"宇文泰认为","0","9","9"
"周孝闵帝即","0","9","9"
"帝即皇帝位","0","9","9"
"被任命为太","0","9","9"
"知道这件事","0","9","9"
"为中书侍郎","0","9","9"
"任兖州刺史","0","9","9"
"为定州刺史","0","9","9"
"隋文帝开皇","0","9","9"
"隋炀帝即位","0","9","9"
"骁勇果敢之","0","9","9"
"勇果敢之士","0","9","9"
"一天比一天","0","9","9"
"为吏部尚书","0","9","9"
"京兆王元愉","0","9","9"
"齐天保初年","0","9","9"
"武成帝高湛","0","9","9"
"为给事黄门","0","9","9"
"进贡地方特","0","9","9"
"的女儿为妻","0","9","9"
"任御史中尉","0","9","9"
"任命尚书令","0","9","9"
"太上皇帝下","0","9","9"
"上皇帝下诏","0","9","9"
"封宇文泰为","0","9","9"
"任都官尚书","0","9","9"
"了父亲的爵","0","9","9"
"任尚书左仆","0","9","9"
"尔朱荣死后","0","9","9"
"对左右的人","0","9","9"
"西兖州刺史","0","9","9"
"赵郡王高睿","0","9","9"
"进位大将军","8","0","8"
"侯莫陈悦所","6","2","8"
"行台慕容绍","4","4","8"
"台慕容绍宗","4","4","8"
"二州诸军事","4","4","8"
"御正中大夫","4","4","8"
"侍郎薛道衡","4","4","8"
"内史侍郎虞","4","4","8"
"史侍郎虞世","4","4","8"
"侍郎虞世基","4","4","8"
"大行台右丞","4","4","8"
"武陵王萧纪","2","6","8"
"南青州刺史","5","3","8"
"中外府记室","4","4","8"
"吏部尚书牛","4","4","8"
"部尚书牛弘","4","4","8"
"卫大将军元","4","4","8"
"兵部尚书柳","4","4","8"
"部尚书柳述","4","4","8"
"月二十八日","1","7","8"
"二月十五日","1","7","8"
"部尚书卫玄","4","4","8"
"前后部羽葆","5","3","8"
"中书监高闾","4","4","8"
"待诏文林馆","6","2","8"
"迁散骑常侍","8","0","8"
"部尚书宇文","4","4","8"
"护东夷校尉","4","4","8"
"遣使贡方物","8","0","8"
"月二十六日","1","7","8"
"六年春正月","4","4","8"
"北新侯安同","4","4","8"
"祖文宣皇帝","4","4","8"
"贞阳侯萧明","3","5","8"
"东扬州刺史","4","4","8"
"候卫大将军","4","4","8"
"征北大将军","3","5","8"
"尚书李神俊","5","3","8"
"东雍州刺史","5","3","8"
"北海王元颢","1","7","8"
"侯莫陈悦害","2","6","8"
"我们这些人","0","8","8"
"人们都认为","0","8","8"
"是这个样子","0","8","8"
"被侯莫陈悦","0","8","8"
"跟随尔朱荣","0","8","8"
"自古以来的","0","8","8"
"周齐王宇文","0","8","8"
"朝廷内外都","0","8","8"
"为雍州刺史","0","8","8"
"人们都称赞","0","8","8"
"他为使持节","0","8","8"
"封为大将军","0","8","8"
"廷下诏命他","0","8","8"
"他的一个儿","0","8","8"
"武帝即位后","0","8","8"
"朝廷任命为","0","8","8"
"没有多余的","0","8","8"
"有一百多人","0","8","8"
"朝廷授予他","0","8","8"
"任晋州刺史","0","8","8"
"他哥哥的儿","0","8","8"
"人们议论起","0","8","8"
"们议论起来","0","8","8"
"当时人们都","0","8","8"
"便上表请求","0","8","8"
"了他的意见","0","8","8"
"立功被授予","0","8","8"
"文帝为丞相","0","8","8"
"继承父亲的","0","8","8"
"任黄门侍郎","0","8","8"
"文帝受禅即","0","8","8"
"帝受禅即位","0","8","8"
"步兵和骑兵","0","8","8"
"北魏孝明帝","0","8","8"
"李业兴回答","0","8","8"
"业兴回答说","0","8","8"
"任秦州刺史","0","8","8"
"文宣帝亲自","0","8","8"
"孝武帝初年","0","8","8"
"皇帝的车驾","0","8","8"
"月二十四日","0","8","8"
"皇帝从晋阳","0","8","8"
"清河王高岳","0","8","8"
"宁王孝珩为","0","8","8"
"加封宇文泰","0","8","8"
"贺拔岳的部","0","8","8"
"皇帝南征时","0","8","8"
"承袭了父亲","0","8","8"
"任徐州刺史","0","8","8"
"明元帝即位","0","8","8"
"为冀州刺史","0","8","8"
"孝文帝南征","0","8","8"
"廷任命他为","0","8","8"
"被任命为侍","0","8","8"
"被任命为中","0","8","8"
"兵进入洛阳","0","8","8"
"调出京城任","0","8","8"
"位骠骑大将","7","0","7"
"莫多娄贷文","3","4","7"
"尉迟迥作乱","5","2","7"
"莫陈悦所害","6","1","7"
"进位上柱国","7","0","7"
"迁吏部尚书","7","0","7"
"孝闵帝践祚","7","0","7"
"授通直散骑","2","5","7"
"丞相府司马","3","4","7"
"丞相府右长","3","4","7"
"相府右长史","3","4","7"
"加仪同三司","6","1","7"
"左武卫将军","3","4","7"
"左骁卫大将","3","4","7"
"迁尚书右仆","7","0","7"
"位上大将军","6","1","7"
"左仆射杨素","4","3","7"
"魏孝武帝入","3","4","7"
"周大冢宰宇","4","3","7"
"右御卫将军","4","3","7"
"卫将军屈突","3","4","7"
"前后部鼓吹","4","3","7"
"右屯卫将军","3","4","7"
"追赠假黄钺","2","5","7"
"本州大中正","3","4","7"
"左屯卫大将","4","3","7"
"咸阳王斛律","3","4","7"
"大统十二年","1","6","7"
"黄门侍郎元","4","3","7"
"年春正月辛","7","0","7"
"湘东王萧绎","2","5","7"
"平原王段韶","4","3","7"
"梁贞阳侯萧","3","4","7"
"平秦王高归","1","6","7"
"秦王高归彦","1","6","7"
"丞相斛律光","3","4","7"
"纥豆陵伊利","3","4","7"
"史中尉李彪","4","3","7"
"除尚书左仆","7","0","7"
"他就是这样","0","7","7"
"是什么原因","0","7","7"
"居住的地方","0","7","7"
"杨玄感造反","0","7","7"
"才免于一死","0","7","7"
"因此称赞他","0","7","7"
"听从他的意","0","7","7"
"从他的意见","0","7","7"
"纳了他的建","0","7","7"
"任行军总管","0","7","7"
"为益州总管","0","7","7"
"为行军元帅","0","7","7"
"对他的礼遇","0","7","7"
"加封为散骑","0","7","7"
"不经营家产","0","7","7"
"从小聪明敏","0","7","7"
"为驸马都尉","0","7","7"
"将他们打败","0","7","7"
"军渡过黄河","0","7","7"
"将他们全部","0","7","7"
"恢复了他的","0","7","7"
"怎么能因为","0","7","7"
"文帝杨坚任","0","7","7"
"杨坚任北周","0","7","7"
"朝廷下诏说","0","7","7"
"东魏将领侯","0","7","7"
"魏将领侯景","0","7","7"
"朝廷命他率","0","7","7"
"西魏的军队","0","7","7"
"任雍州刺史","0","7","7"
"被朝廷任命","0","7","7"
"因母亲去世","0","7","7"
"管辖的地方","0","7","7"
"家中没有多","0","7","7"
"中没有多余","0","7","7"
"命他为尚书","0","7","7"
"为右光禄大","0","7","7"
"着他的手说","0","7","7"
"他因建立军","0","7","7"
"他的父亲杨","0","7","7"
"因立功被授","0","7","7"
"任度支尚书","0","7","7"
"任命刘璠为","0","7","7"
"为黄门侍郎","0","7","7"
"后十分高兴","0","7","7"
"上表请求辞","0","7","7"
"任城王高氵","0","7","7"
"城王高氵皆","0","7","7"
"为上大将军","0","7","7"
"擅长骑马射","0","7","7"
"长骑马射箭","0","7","7"
"议论这件事","0","7","7"
"任刑部尚书","0","7","7"
"宣武帝初年","0","7","7"
"的典章制度","0","7","7"
"没有固定的","0","7","7"
"为中书舍人","0","7","7"
"官吏百姓都","0","7","7"
"炀帝即位后","0","7","7"
"下诏恢复他","0","7","7"
"使者进贡地","0","7","7"
"者进贡地方","0","7","7"
"打败了他们","0","7","7"
"他们的意见","0","7","7"
"令兼散骑常","0","7","7"
"月二十七日","0","7","7"
"夏四月二十","0","7","7"
"便任命他为","0","7","7"
"年春正月二","0","7","7"
"春正月二十","0","7","7"
"上党王高涣","0","7","7"
"过了很久才","0","7","7"
"被御史弹劾","0","7","7"
"命为尚书左","0","7","7"
"孝庄帝初年","0","7","7"
"了他的请求","0","7","7"
"朝廷又下诏","0","7","7"
"任豫州刺史","0","7","7"
"继承了父亲","0","7","7"
"恢复原来的","0","7","7"
"被朝廷疏远","0","7","7"
"封他为开府","0","7","7"
"州刺史任上","0","7","7"
"为徐州刺史","0","7","7"
"安德王高延","0","7","7"
"德王高延宗","0","7","7"
"武贲郎将费","3","3","6"
"贲郎将费青","3","3","6"
"郎将费青奴","3","3","6"
"岳侯莫陈悦","6","0","6"
"八州诸军事","3","3","6"
"仆射周惠达","3","3","6"
"授骠骑大将","5","1","6"
"十四州诸军","3","3","6"
"州总管司马","3","3","6"
"东魏将侯景","6","0","6"
"武卫将军高","3","3","6"
"部尚书卢恺","3","3","6"
"南兗州刺史","6","0","6"
"明月照长安","3","3","6"
"除度支尚书","6","0","6"
"相府行参军","3","3","6"
"遣黄门侍郎","5","1","6"
"太府卿元文","3","3","6"
"府卿元文都","3","3","6"
"右武卫将军","3","3","6"
"武卫将军皇","3","3","6"
"卫将军皇甫","3","3","6"
"右翊卫大将","3","3","6"
"州总管宇文","3","3","6"
"周武帝平齐","6","0","6"
"正月十五日","2","4","6"
"左仆射高颎","6","0","6"
"第一纪甲子","3","3","6"
"十一月二十","1","5","6"
"十二月十五","1","5","6"
"上仪同三司","3","3","6"
"朝请大夫张","3","3","6"
"请大夫张镇","3","3","6"
"刑部尚书卫","3","3","6"
"都督十州诸","3","3","6"
"督十州诸军","3","3","6"
"冀州大中正","3","3","6"
"黄门侍郎张","3","3","6"
"散骑常侍李","3","3","6"
"河间邢子才","6","0","6"
"中书侍郎李","3","3","6"
"东北道行台","3","3","6"
"太子中庶子","3","3","6"
"司宗中大夫","3","3","6"
"迁尚书左丞","6","0","6"
"太仆卿杨义","3","3","6"
"仆卿杨义臣","3","3","6"
"北道大行台","3","3","6"
"齐受东魏禅","3","3","6"
"兵部侍郎斛","3","3","6"
"部侍郎斛斯","3","3","6"
"侍郎斛斯政","3","3","6"
"司徒潘相乐","3","3","6"
"州刺史长孙","3","3","6"
"宜都王穆寿","3","3","6"
"京兆王子推","3","3","6"
"遣中书舍人","5","1","6"
"沃野镇人破","3","3","6"
"野镇人破六","3","3","6"
"镇人破六韩","3","3","6"
"人破六韩拔","3","3","6"
"开府行参军","3","3","6"
"司徒录事参","3","3","6"
"徒录事参军","3","3","6"
"姚兴遣使朝","6","0","6"
"兴遣使朝贡","6","0","6"
"四年春二月","3","3","6"
"年春正月丙","6","0","6"
"尚书祠部郎","3","3","6"
"书祠部郎中","3","3","6"
"平原王高隆","2","4","6"
"威宗景烈皇","3","3","6"
"宗景烈皇帝","3","3","6"
"圣寿堂御览","3","3","6"
"关西大行台","3","3","6"
"书左仆射杨","3","3","6"
"尚书令杨素","3","3","6"
"黄门侍郎王","3","3","6"
"兵部尚书段","3","3","6"
"部尚书段文","3","3","6"
"尚书段文振","3","3","6"
"御卫将军陈","3","3","6"
"除齐州刺史","6","0","6"
"丞相高阳王","3","3","6"
"州刺史高聪","3","3","6"
"太常卿刘芳","3","3","6"
"中军大都督","3","3","6"
"刺史萧宝夤","3","3","6"
"御史中尉元","3","3","6"
"黄门侍郎崔","3","3","6"
"镇北大将军","3","3","6"
"都督南征诸","3","3","6"
"督南征诸军","3","3","6"
"南征诸军事","3","3","6"
"徐州刺史元","3","3","6"
"刺史元法僧","3","3","6"
"西兗州刺史","6","0","6"
"尚书令高肇","3","3","6"
"司徒右长史","3","3","6"
"赠吏部尚书","4","2","6"
"南大将军尉","3","3","6"
"大将军尉元","3","3","6"
"加骠骑大将","6","0","6"
"赠青州刺史","5","1","6"
"应诏王道习","3","3","6"
"周将宇文神","3","3","6"
"司会中大夫","3","3","6"
"开皇十八年","1","5","6"
"扬州大中正","3","3","6"
"青州刺史沈","3","3","6"
"州刺史沈文","3","3","6"
"刺史沈文秀","3","3","6"
"侯莫陈悦等","2","4","6"
"六州大都督","3","3","6"
"上党王元天","1","5","6"
"党王元天穆","1","5","6"
"二月十三日","1","5","6"
"兰陵王高长","1","5","6"
"陵王高长恭","1","5","6"
"应侯莫陈崇","3","3","6"
"就是所说的","0","6","6"
"为什么这样","0","6","6"
"莫陈悦害死","0","6","6"
"讨伐侯莫陈","0","6","6"
"伐侯莫陈悦","0","6","6"
"宇文泰对他","0","6","6"
"封为骠骑大","0","6","6"
"宇文泰平定","0","6","6"
"军队驻扎在","0","6","6"
"敌人打得大","0","6","6"
"人打得大败","0","6","6"
"将敌人打败","0","6","6"
"宇文化及杀","0","6","6"
"被流矢射中","0","6","6"
"跟随孝武帝","0","6","6"
"帝采纳了他","0","6","6"
"子弟的身份","0","6","6"
"因而在那里","0","6","6"
"贺拔岳被侯","0","6","6"
"拔岳被侯莫","0","6","6"
"岳被侯莫陈","0","6","6"
"宇文护被诛","0","6","6"
"封为上柱国","0","6","6"
"孝文帝太和","0","6","6"
"因立有军功","0","6","6"
"朝廷又命他","0","6","6"
"加封为侍中","0","6","6"
"文帝听说后","0","6","6"
"高欢的军队","0","6","6"
"们都称赞他","0","6","6"
"都称赞他的","0","6","6"
"受东魏禅让","0","6","6"
"小聪明敏捷","0","6","6"
"封他的一个","0","6","6"
"一个儿子为","0","6","6"
"帝杨坚任北","0","6","6"
"女儿嫁给他","0","6","6"
"贺拔岳的军","0","6","6"
"朝廷便命他","0","6","6"
"闵帝即皇帝","0","6","6"
"孝武帝即位","0","6","6"
"他被晋爵为","0","6","6"
"朝廷晋封他","0","6","6"
"他被晋封为","0","6","6"
"没有人知道","0","6","6"
"多余的钱财","0","6","6"
"对朝臣们说","0","6","6"
"的有一百多","0","6","6"
"自己的意见","0","6","6"
"被朝廷封为","0","6","6"
"为国子博士","0","6","6"
"把女儿嫁给","0","6","6"
"将他们放还","0","6","6"
"要害的地方","0","6","6"
"追赠他为太","0","6","6"
"宇文泰率军","0","6","6"
"有两个儿子","0","6","6"
"率精锐骑兵","0","6","6"
"事情没有成","0","6","6"
"情没有成功","0","6","6"
"文帝对他说","0","6","6"
"为大丞相府","0","6","6"
"承父亲的爵","0","6","6"
"晋爵位为公","0","6","6"
"州刺史之职","0","6","6"
"喜怒不形于","0","6","6"
"怒不形于色","0","6","6"
"文帝任丞相","0","6","6"
"炀帝巡幸江","0","6","6"
"帝巡幸江都","0","6","6"
"任礼部尚书","0","6","6"
"没有人能和","0","6","6"
"平定陈国之","0","6","6"
"任太学博士","0","6","6"
"周武帝平定","0","6","6"
"武帝平定齐","0","6","6"
"文帝非常高","0","6","6"
"隋文帝即位","0","6","6"
"有一千多人","0","6","6"
"他的两个儿","0","6","6"
"行军总管之","0","6","6"
"军总管之职","0","6","6"
"没有人敢于","0","6","6"
"以行军总管","0","6","6"
"左仆射高赹","0","6","6"
"任光禄大夫","0","6","6"
"没有人能够","0","6","6"
"所在的地方","0","6","6"
"任中书舍人","0","6","6"
"的妻子儿女","0","6","6"
"太后临朝执","0","6","6"
"后临朝执政","0","6","6"
"的人都认为","0","6","6"
"广平王元怀","0","6","6"
"十分之二三","0","6","6"
"任国子祭酒","0","6","6"
"武帝对他说","0","6","6"
"天下的人都","0","6","6"
"进入文林馆","0","6","6"
"举荐为秀才","0","6","6"
"领中书舍人","0","6","6"
"尔朱世隆等","0","6","6"
"后来被任命","0","6","6"
"来被任命为","0","6","6"
"孝文帝迁都","0","6","6"
"从晋阳回京","0","6","6"
"派他的弟弟","0","6","6"
"派使者进贡","0","6","6"
"等朝见进贡","0","6","6"
"道武帝亲自","0","6","6"
"冬十月二十","0","6","6"
"月二十五日","0","6","6"
"冬十一月初","0","6","6"
"十二月二十","0","6","6"
"秋七月初一","0","6","6"
"侯莫陈相为","0","6","6"
"有文学才能","0","6","6"
"为太皇太后","0","6","6"
"帝听从了他","0","6","6"
"领精锐骑兵","0","6","6"
"宇文泰派开","0","6","6"
"文泰派开府","0","6","6"
"的第二个儿","0","6","6"
"第二个儿子","0","6","6"
"善于写文章","0","6","6"
"二州的刺史","0","6","6"
"王公以下官","0","6","6"
"公以下官员","0","6","6"
"是尔朱荣的","0","6","6"
"任并州刺史","0","6","6"
"他的儿子元","0","6","6"
"袭了父亲的","0","6","6"
"封他的儿子","0","6","6"
"承袭父亲的","0","6","6"
"尔朱荣进入","0","6","6"
"朝廷下诏让","0","6","6"
"侍中的职务","0","6","6"
"阳王元禧等","0","6","6"
"宣武帝下诏","0","6","6"
"汝南王元悦","0","6","6"
"国子监祭酒","0","6","6"
"承了父亲的","0","6","6"
"向朝廷请求","0","6","6"
"害怕他的威","0","6","6"
"任命为中书","0","6","6"
"亲自到他家","0","6","6"
"他上表请求","0","6","6"
"他回到京城","0","6","6"
"他为大将军","0","6","6"
"孝文帝对他","0","6","6"
"为青州刺史","0","6","6"
"任岐州刺史","0","6","6"
"孝明帝正光","0","6","6"
"自己的孩子","0","6","6"
"有很高的声","0","6","6"
"广宁王高孝","0","6","6"
"宁王高孝珩","0","6","6"
"周武帝宇文","0","6","6"
"同意了他的","0","6","6"
"朝廷赐爵为","0","6","6"
"上表请求解","0","6","6"
"建立军功被","0","6","6"
"齐文襄帝高","0","6","6"
"朝廷下诏恢","0","6","6"
"廷下诏恢复","0","6","6"
"他原来的官","0","6","6"
"琅邪王高俨","0","6","6"
"尔朱荣与元","0","6","6"
"投奔尔朱荣","0","6","6"
"武帝高欢的","0","6","6"
"宇文宪率军","0","6","6"
"进位骠骑大","5","0","5"
"晋公护执政","5","0","5"
"遣武贲郎将","4","1","5"
"宇文化弑逆","5","0","5"
"能左右驰射","4","1","5"
"黄金三十斤","3","2","5"
"河南大行台","2","3","5"
"迁尚书左仆","5","0","5"
"宇文护执政","3","2","5"
"魏废帝元年","2","3","5"
"尉迟迥举兵","2","3","5"
"御史大夫裴","2","3","5"
"史大夫裴蕴","2","3","5"
"百升飞上天","2","3","5"
"北徐州刺史","3","2","5"
"府谘议参军","5","0","5"
"武帝亲总万","5","0","5"
"帝亲总万机","5","0","5"
"开皇二十年","2","3","5"
"户部尚书樊","2","3","5"
"除中书侍郎","5","0","5"
"进位上大将","5","0","5"
"十一月庚戍","3","2","5"
"月二十九日","1","4","5"
"授仪同三司","4","1","5"
"赐物五千段","5","0","5"
"加金紫光禄","3","2","5"
"鸿胪监护丧","4","1","5"
"胪监护丧事","4","1","5"
"虏男女数千","3","2","5"
"总管韦孝宽","3","2","5"
"军屈突通等","2","3","5"
"赠左光禄大","3","2","5"
"生七十二人","2","3","5"
"迁国子祭酒","5","0","5"
"济阴王晖业","5","0","5"
"累迁尚书左","5","0","5"
"东荆州刺史","2","3","5"
"灵太后反政","5","0","5"
"开皇十七年","1","4","5"
"安南大将军","3","2","5"
"上党王长孙","2","3","5"
"蠕蠕主阿瑰","5","0","5"
"帝诏散骑常","5","0","5"
"汝阴公长孙","2","3","5"
"阴公长孙道","2","3","5"
"公长孙道生","2","3","5"
"东平公元仪","1","4","5"
"公长孙嵩等","2","3","5"
"寿光侯叔孙","2","3","5"
"魏恭帝元年","2","3","5"
"州刺史王琳","3","2","5"
"太上皇帝晋","5","0","5"
"上皇帝晋阳","5","0","5"
"东安王娄睿","2","3","5"
"上洛王思宗","3","2","5"
"东青州刺史","3","2","5"
"右丞相斛律","2","3","5"
"右丞相高阿","2","3","5"
"侍中斛律孝","2","3","5"
"中斛律孝卿","2","3","5"
"灵州刺史曹","2","3","5"
"州刺史曹泥","2","3","5"
"豆陵伊利等","2","3","5"
"开府独孤信","2","3","5"
"宋将裴方明","2","3","5"
"高阳王雍等","3","2","5"
"雍州刺史曹","2","3","5"
"州刺史曹武","2","3","5"
"累迁尚书令","5","0","5"
"刺史宇文胄","2","3","5"
"除都官尚书","5","0","5"
"尚书右外兵","2","3","5"
"督陇右诸军","3","2","5"
"雍州刺史萧","2","3","5"
"除散骑常侍","5","0","5"
"将宇文神举","3","2","5"
"迁中书侍郎","5","0","5"
"大统十六年","1","4","5"
"相州刺史李","2","3","5"
"书令赵彦深","2","3","5"
"镇南将军崔","2","3","5"
"南将军崔亮","2","3","5"
"论国家大事","1","4","5"
"西南道大行","2","3","5"
"大都督高岳","2","3","5"
"魏孝武帝西","1","4","5"
"十三环金带","3","2","5"
"仪同三司高","1","4","5"
"同意他的意","0","5","5"
"意他的意见","0","5","5"
"了一个多月","0","5","5"
"自己的生命","0","5","5"
"文官制度建","0","5","5"
"官制度建立","0","5","5"
"宇文护执掌","0","5","5"
"被朝廷授予","0","5","5"
"李密的军队","0","5","5"
"他跟随尔朱","0","5","5"
"晋位为柱国","0","5","5"
"朝廷赠封他","0","5","5"
"廷赠封他为","0","5","5"
"骑在马上向","0","5","5"
"在马上向左","0","5","5"
"马上向左右","0","5","5"
"上向左右两","0","5","5"
"帝听从他的","0","5","5"
"的形势已经","0","5","5"
"尉迟迥的军","0","5","5"
"并将他斩首","0","5","5"
"文护被诛杀","0","5","5"
"高阿那肱为","0","5","5"
"他没有接受","0","5","5"
"军功被封为","0","5","5"
"他为骠骑大","0","5","5"
"以防备敌人","0","5","5"
"任职的地方","0","5","5"
"朝臣们议论","0","5","5"
"下诏命他为","0","5","5"
"宇文泰知道","0","5","5"
"封他为柱国","0","5","5"
"赵王宇文招","0","5","5"
"将领吴明彻","0","5","5"
"征讨吐谷浑","0","5","5"
"地位和声望","0","5","5"
"兼尚书右仆","0","5","5"
"加封他为太","0","5","5"
"赠他的父亲","0","5","5"
"他跟随宇文","0","5","5"
"东魏的军队","0","5","5"
"廷晋封他为","0","5","5"
"他的二儿子","0","5","5"
"和过去一样","0","5","5"
"特殊的礼遇","0","5","5"
"封爵位为公","0","5","5"
"到东都洛阳","0","5","5"
"适逢杨玄感","0","5","5"
"碑歌颂他的","0","5","5"
"歌颂他的功","0","5","5"
"颂他的功德","0","5","5"
"他为大行台","0","5","5"
"负责铨选人","0","5","5"
"责铨选人才","0","5","5"
"杰出的人才","0","5","5"
"有多余的钱","0","5","5"
"公卿大臣都","0","5","5"
"后非常高兴","0","5","5"
"朝廷下诏不","0","5","5"
"为刑部尚书","0","5","5"
"来的官职兼","0","5","5"
"跟随炀帝到","0","5","5"
"炀帝的意思","0","5","5"
"追赠他为司","0","5","5"
"任南兖州刺","0","5","5"
"宇文护的母","0","5","5"
"文护的母亲","0","5","5"
"任他为都督","0","5","5"
"任仪同三司","0","5","5"
"了他的爵位","0","5","5"
"纳了他的意","0","5","5"
"十分敬重他","0","5","5"
"文帝十分高","0","5","5"
"不知道这件","0","5","5"
"府咨议参军","0","5","5"
"文帝接受禅","0","5","5"
"被立为太子","0","5","5"
"皇太子杨广","0","5","5"
"为内史侍郎","0","5","5"
"有人能和他","0","5","5"
"的几个儿子","0","5","5"
"当时没有人","0","5","5"
"是书籍的第","0","5","5"
"开始的时候","0","5","5"
"帝平定齐国","0","5","5"
"圣明的君主","0","5","5"
"当时的人都","0","5","5"
"的有一千多","0","5","5"
"的官职爵位","0","5","5"
"没有一个人","0","5","5"
"任瀛州刺史","0","5","5"
"赏赐十分丰","0","5","5"
"赐十分丰厚","0","5","5"
"炀帝非常高","0","5","5"
"人都认为他","0","5","5"
"隋文帝为丞","0","5","5"
"任命他为大","0","5","5"
"的第五个儿","0","5","5"
"第五个儿子","0","5","5"
"大业十一年","0","5","5"
"聚集在一起","0","5","5"
"到了这种地","0","5","5"
"了这种地步","0","5","5"
"留守京城的","0","5","5"
"又跟随炀帝","0","5","5"
"军队被打败","0","5","5"
"孝文帝初年","0","5","5"
"封为清河郡","0","5","5"
"无缘无故地","0","5","5"
"等二十多人","0","5","5"
"郡设置博士","0","5","5"
"武帝高欢因","0","5","5"
"文林馆待诏","0","5","5"
"等人的事迹","0","5","5"
"人的事迹为","0","5","5"
"济阴王元晖","0","5","5"
"任御史中丞","0","5","5"
"任命颜之推","0","5","5"
"命颜之推为","0","5","5"
"任通直散骑","0","5","5"
"多次上表请","0","5","5"
"为平州刺史","0","5","5"
"朱世隆等人","0","5","5"
"隋开皇初年","0","5","5"
"治理国家的","0","5","5"
"孝文帝亲自","0","5","5"
"为平东将军","0","5","5"
"为殿中尚书","0","5","5"
"功被任命为","0","5","5"
"为中散大夫","0","5","5"
"这是喜庆之","0","5","5"
"被征召入朝","0","5","5"
"为员外散骑","0","5","5"
"张胄玄连日","0","5","5"
"胄玄连日伺","0","5","5"
"玄连日伺望","0","5","5"
"迁都洛阳后","0","5","5"
"娶公主为妻","0","5","5"
"帝拉着他的","0","5","5"
"为镇东将军","0","5","5"
"十多个国家","0","5","5"
"后来太武帝","0","5","5"
"帝亲自征讨","0","5","5"
"太武帝即位","0","5","5"
"派使者请求","0","5","5"
"派中书舍人","0","5","5"
"道武帝担心","0","5","5"
"王公以下的","0","5","5"
"十一月初一","0","5","5"
"令有关部门","0","5","5"
"姚兴派使者","0","5","5"
"秋七月初九","0","5","5"
"八月十四日","0","5","5"
"是神武帝的","0","5","5"
"第二天早晨","0","5","5"
"后为皇太后","0","5","5"
"死罪以下囚","0","5","5"
"罪以下囚犯","0","5","5"
"人前来问聘","0","5","5"
"公家和私人","0","5","5"
"从晋阳出发","0","5","5"
"文宣帝驾崩","0","5","5"
"十岁以上的","0","5","5"
"赵郡王睿又","0","5","5"
"第三个儿子","0","5","5"
"冯翊王高润","0","5","5"
"皇帝的儿子","0","5","5"
"五品以上的","0","5","5"
"皇帝下诏令","0","5","5"
"宇文泰带领","0","5","5"
"宇文泰到达","0","5","5"
"帝加封宇文","0","5","5"
"宇文泰的儿","0","5","5"
"文泰的儿子","0","5","5"
"中山公宇文","0","5","5"
"山公宇文护","0","5","5"
"不久又被任","0","5","5"
"久又被任命","0","5","5"
"德高望重的","0","5","5"
"临朝听政时","0","5","5"
"了十分高兴","0","5","5"
"孝昭帝即位","0","5","5"
"皇帝下诏让","0","5","5"
"袭父亲的爵","0","5","5"
"灵太后下诏","0","5","5"
"对群臣们说","0","5","5"
"被任命为内","0","5","5"
"被任命为给","0","5","5"
"任命为给事","0","5","5"
"出任冀州刺","0","5","5"
"任益州刺史","0","5","5"
"朱荣进入洛","0","5","5"
"荣进入洛阳","0","5","5"
"被御史中尉","0","5","5"
"追赠为司空","0","5","5"
"打了他一百","0","5","5"
"有关方面上","0","5","5"
"关方面上奏","0","5","5"
"父亲的封爵","0","5","5"
"表达自己的","0","5","5"
"朝廷内外的","0","5","5"
"朝廷下诏加","0","5","5"
"被任命为司","0","5","5"
"任命为侍中","0","5","5"
"州刺史的官","0","5","5"
"任相州刺史","0","5","5"
"他的兄弟们","0","5","5"
"在皇帝身边","0","5","5"
"命他为都督","0","5","5"
"他对别人说","0","5","5"
"元帝即位后","0","5","5"
"他过去的功","0","5","5"
"过去的功勋","0","5","5"
"武帝听从了","0","5","5"
"为天下第一","0","5","5"
"太武帝十分","0","5","5"
"任光州刺史","0","5","5"
"他又升任为","0","5","5"
"常对别人说","0","5","5"
"承袭了爵位","0","5","5"
"朝野上下都","0","5","5"
"朝廷授给他","0","5","5"
"给他的赏赐","0","5","5"
"他的父亲高","0","5","5"
"任西兖州刺","0","5","5"
"兼任散骑常","0","5","5"
"赐给他布帛","0","5","5"
"被朝廷处死","0","5","5"
"跟随孝文帝","0","5","5"
"中山王元英","0","5","5"
"襄帝高澄的","0","5","5"
"魏孝明帝正","0","5","5"
"帝对他十分","0","5","5"
"朝廷赐给他","0","5","5"
"朝廷任他为","0","5","5"
"他调出京城","0","5","5"
"见识的人都","0","5","5"
"朝廷同意了","0","5","5"
"情况告诉给","0","5","5"
"表请求解除","0","5","5"
"为清河郡公","0","5","5"
"的儿子杨玄","0","5","5"
"心里很不安","0","5","5"
"他为开府仪","0","5","5"
"这个数字是","0","5","5"
"距都城九里","0","5","5"
"距都城六里","0","5","5"
"襄帝高澄任","0","5","5"
"廷下诏命李","0","5","5"
"下诏命李崇","0","5","5"
"他多次升迁","0","5","5"
"魏孝静帝的","0","5","5"
"朱荣与元天","0","5","5"
"荣与元天穆","0","5","5"
"东海王元晔","0","5","5"
"尔朱荣率兵","0","5","5"
"拔岳的部下","0","5","5"
"武成帝即位","0","5","5"
"文襄帝的第","0","5","5"
"静帝的禅让","0","5","5"
"卫王宇文直","0","5","5"
"武贲郎将刘","2","2","4"
"贲郎将刘长","2","2","4"
"郎将刘长恭","2","2","4"
"武贲郎将裴","2","2","4"
"贲郎将裴仁","2","2","4"
"郎将裴仁基","2","2","4"
"武阳郡丞元","2","2","4"
"阳郡丞元宝","2","2","4"
"郡丞元宝藏","2","2","4"
"淮阳太守赵","2","2","4"
"东南道大行","2","2","4"
"长史贺若统","2","2","4"
"宕昌王梁弥","2","2","4"
"渭州人郑五","2","2","4"
"州人郑五丑","2","2","4"
"将吴明彻吕","4","0","4"
"吴明彻吕梁","4","0","4"
"迁仪同三司","4","0","4"
"进位柱国大","4","0","4"
"位柱国大将","4","0","4"
"十八州诸军","2","2","4"
"隋文帝辅政","4","0","4"
"左军大都督","2","2","4"
"行南秦州事","3","1","4"
"除华州刺史","4","0","4"
"都督韦孝宽","2","2","4"
"河南诸军事","2","2","4"
"十二州诸军","2","2","4"
"加授开府仪","1","3","4"
"宰宇文护执","2","2","4"
"上柱国元谐","2","2","4"
"冯翊王元季","2","2","4"
"翊王元季海","2","2","4"
"凉州刺史宇","2","2","4"
"刺史宇文仲","2","2","4"
"行台樊子鹄","2","2","4"
"十三州诸军","2","2","4"
"进骠骑大将","4","0","4"
"宰宇文护见","2","2","4"
"书侍御史梁","2","2","4"
"侍御史梁毗","2","2","4"
"进位光禄大","4","0","4"
"位光禄大夫","4","0","4"
"时年八十二","2","2","4"
"京兆杜陵人","2","2","4"
"殿中尚书长","2","2","4"
"中尚书长孙","2","2","4"
"麟趾殿学士","2","2","4"
"长史叱罗协","2","2","4"
"相斛律明月","2","2","4"
"司徒高敖曹","2","2","4"
"除大丞相府","4","0","4"
"府刑狱参军","2","2","4"
"梁武陵王萧","2","2","4"
"北雍州刺史","2","2","4"
"丞相府行参","2","2","4"
"隋开皇元年","3","1","4"
"总管府司录","2","2","4"
"大将军元旻","4","0","4"
"光禄大夫段","2","2","4"
"禄大夫段达","2","2","4"
"部尚书韦津","2","2","4"
"将军皇甫逸","4","0","4"
"帝令韦孝宽","2","2","4"
"吴州总管宇","2","2","4"
"齐任城王湝","4","0","4"
"尚书令杨遵","2","2","4"
"书令杨遵彦","2","2","4"
"迁中书舍人","3","1","4"
"黄门侍郎颜","2","2","4"
"御正下大夫","2","2","4"
"督内外诸军","2","2","4"
"内外诸军事","2","2","4"
"达奚长儒率","1","3","4"
"武候大将军","4","0","4"
"刺史上官政","2","2","4"
"林邑王梵志","2","2","4"
"赐义臣姓杨","2","2","4"
"太平公史万","2","2","4"
"平公史万岁","2","2","4"
"授光禄大夫","2","2","4"
"礼部尚书杨","2","2","4"
"部尚书杨玄","2","2","4"
"尚书杨玄感","2","2","4"
"影一丈二尺","2","2","4"
"上元第一纪","2","2","4"
"元第一纪甲","2","2","4"
"贼帅卢明月","2","2","4"
"河北道行台","2","2","4"
"北道行台右","2","2","4"
"道行台右仆","2","2","4"
"行台右仆射","2","2","4"
"隋文帝作相","4","0","4"
"食邑一千户","1","3","4"
"赐物二千段","4","0","4"
"河南赞务裴","2","2","4"
"南赞务裴弘","2","2","4"
"赞务裴弘策","2","2","4"
"加光禄大夫","3","1","4"
"太府中大夫","2","2","4"
"右御卫大将","2","2","4"
"御卫大将军","2","2","4"
"监门直阁庞","2","2","4"
"门直阁庞玉","2","2","4"
"迁通直散骑","4","0","4"
"宰宇文护引","3","1","4"
"迁左光禄大","4","0","4"
"武卫将军屈","2","2","4"
"武贲郎将司","2","2","4"
"贲郎将司马","2","2","4"
"郎将司马德","2","2","4"
"武贲郎将元","2","2","4"
"贲郎将元礼","2","2","4"
"直阁裴虔通","2","2","4"
"内史舍人元","2","2","4"
"史舍人元敏","2","2","4"
"鹰扬郎将孟","2","2","4"
"扬郎将孟景","2","2","4"
"直长许弘仁","2","2","4"
"城门郎唐奉","2","2","4"
"门郎唐奉义","2","2","4"
"医正张恺等","2","2","4"
"晋陵人管崇","2","2","4"
"将军吐万绪","2","2","4"
"右司郎卢楚","2","2","4"
"雍二州刺史","3","1","4"
"博陵长公主","2","2","4"
"太尉高阳王","2","2","4"
"太傅清河王","2","2","4"
"侍中崔光等","2","2","4"
"置博士二人","1","3","4"
"学生六十人","2","2","4"
"散骑侍郎李","2","2","4"
"加中军大将","3","1","4"
"吏部尚书卢","2","2","4"
"学生七十二","1","3","4"
"除太学博士","4","0","4"
"州录事参军","2","2","4"
"散骑常侍张","2","2","4"
"中书监阳休","2","2","4"
"书侍郎李德","2","2","4"
"侍郎李德林","2","2","4"
"范阳卢思道","3","1","4"
"吏部尚书宗","2","2","4"
"部尚书宗懔","2","2","4"
"赐物五百段","4","0","4"
"太子中舍人","2","2","4"
"卫大将军屈","2","2","4"
"大将军屈突","2","2","4"
"行台郎中郭","2","2","4"
"除中书舍人","4","0","4"
"平原王段孝","2","2","4"
"原王段孝先","2","2","4"
"太史令王亮","2","2","4"
"四术周髀宗","2","2","4"
"国子祭酒何","2","2","4"
"计一百八十","2","2","4"
"一百八十二","2","2","4"
"行一百七十","2","2","4"
"慕容白曜平","2","2","4"
"罗州刺史冯","2","2","4"
"工部尚书宇","2","2","4"
"尚书宇文恺","2","2","4"
"赐温明秘器","3","1","4"
"将军侯吕芬","2","2","4"
"散骑常侍封","2","2","4"
"假散骑常侍","2","2","4"
"赠车骑大将","3","1","4"
"都督辽海诸","2","2","4"
"督辽海诸军","2","2","4"
"辽海诸军事","2","2","4"
"东夷中郎将","2","2","4"
"武贲郎将陈","2","2","4"
"大夫张镇州","2","2","4"
"淮阳公皮豹","2","2","4"
"阳公皮豹子","2","2","4"
"公皮豹子等","2","2","4"
"仇池镇将杨","2","2","4"
"池镇将杨灵","2","2","4"
"镇将杨灵珍","2","2","4"
"大都督侯莫","2","2","4"
"都督侯莫陈","2","2","4"
"者二十余人","4","0","4"
"大将军豆卢","2","2","4"
"将军豆卢宁","2","2","4"
"大将军达奚","2","2","4"
"党王长孙观","2","2","4"
"莫折念生反","2","2","4"
"随水草畜牧","2","2","4"
"西魏大统初","1","3","4"
"将军冯孝慈","2","2","4"
"许公宇文述","2","2","4"
"一千三百里","2","2","4"
"永兴元年冬","2","2","4"
"平阳王长孙","2","2","4"
"阳王长孙翰","2","2","4"
"官军千余里","2","2","4"
"左仆射安原","2","2","4"
"仆射安原等","2","2","4"
"司空长孙道","2","2","4"
"空长孙道生","2","2","4"
"陇西王源贺","2","2","4"
"纥奚勿六跋","2","2","4"
"中书舍人穆","2","2","4"
"褶一具内中","2","2","4"
"一具内中宛","2","2","4"
"具内中宛具","2","2","4"
"怀朔镇将杨","2","2","4"
"朔镇将杨钧","2","2","4"
"散骑常侍王","2","2","4"
"录尚书事高","2","2","4"
"书左仆射元","2","2","4"
"侍中安丰王","2","2","4"
"部尚书元修","2","2","4"
"尚书元修义","2","2","4"
"中书舍人冯","2","2","4"
"折豆浑十升","2","2","4"
"阿瑰遣吐豆","4","0","4"
"吐豆登郁久","3","1","4"
"豆登郁久闾","3","1","4"
"登郁久闾譬","2","2","4"
"登注子库提","4","0","4"
"大人阿富提","2","2","4"
"人阿富提等","2","2","4"
"率轻骑五千","2","2","4"
"行台兵部尚","2","2","4"
"台兵部尚书","2","2","4"
"户部中大夫","2","2","4"
"相州大中正","2","2","4"
"号骠骑将军","3","1","4"
"宜城王奚斤","2","2","4"
"大姓九十九","2","2","4"
"始祖神元皇","2","2","4"
"祖神元皇帝","2","2","4"
"年春正月戊","4","0","4"
"北部大人叔","2","2","4"
"部大人叔孙","2","2","4"
"大人叔孙普","2","2","4"
"人叔孙普洛","2","2","4"
"太史令晁崇","2","2","4"
"尚书吏部郎","2","2","4"
"年春二月丁","3","1","4"
"元年春二月","2","2","4"
"春正月甲寅","3","1","4"
"昌黎王慕容","2","2","4"
"黎王慕容伯","2","2","4"
"使者巡行天","2","2","4"
"者巡行天下","2","2","4"
"部将王仲德","2","2","4"
"州刺史尉建","2","2","4"
"春正月壬辰","4","0","4"
"八年春正月","2","2","4"
"宜都公穆观","2","2","4"
"王思政颍川","4","0","4"
"将军王思政","2","2","4"
"显祖文宣皇","2","2","4"
"司空潘相乐","2","2","4"
"萧绎遣使朝","4","0","4"
"绎遣使朝贡","4","0","4"
"库莫奚遣使","4","0","4"
"莫奚遣使朝","4","0","4"
"奚遣使朝贡","4","0","4"
"司空司马子","2","2","4"
"西魏废帝元","1","3","4"
"年春正月癸","4","0","4"
"河东王潘相","2","2","4"
"南豫州刺史","2","2","4"
"大都督萧轨","2","2","4"
"司空侯莫陈","2","2","4"
"空侯莫陈相","2","2","4"
"仪同三司娄","2","2","4"
"五百八十九","2","2","4"
"豫州刺史司","2","2","4"
"十年春正月","2","2","4"
"等二十五家","2","2","4"
"仆射高德正","2","2","4"
"乾明元年二","2","2","4"
"明元年二月","2","2","4"
"三千六百日","2","2","4"
"侍中燕子献","2","2","4"
"省录尚书事","2","2","4"
"侍中宋钦道","2","2","4"
"名殷字正道","2","2","4"
"仆射赵彦深","2","2","4"
"上皇帝诏散","4","0","4"
"皇帝诏散骑","4","0","4"
"太祖献武皇","2","2","4"
"祖献武皇帝","2","2","4"
"太上皇帝幸","4","0","4"
"上皇帝幸晋","4","0","4"
"皇帝幸晋阳","4","0","4"
"高祖文宣皇","2","2","4"
"吏部尚书尉","2","2","4"
"冯翊王润太","4","0","4"
"左丞相斛律","2","2","4"
"丞相斛律金","2","2","4"
"仆射胡长仁","2","2","4"
"年春正月乙","4","0","4"
"散骑常侍裴","2","2","4"
"阳王斛律光","2","2","4"
"安定王贺拔","2","2","4"
"定王贺拔仁","2","2","4"
"书侍御史王","2","2","4"
"侍御史王子","2","2","4"
"皇后斛律氏","2","2","4"
"北平王仁坚","2","2","4"
"尚书令唐邕","2","2","4"
"司徒赵彦深","2","2","4"
"武平元年六","2","2","4"
"平元年六月","2","2","4"
"刺史侯莫陈","2","2","4"
"解拔弥俄突","2","2","4"
"大都督赵贵","2","2","4"
"州刺史万俟","2","2","4"
"秦州刺史李","2","2","4"
"前秦州刺史","2","2","4"
"东魏陕州刺","2","2","4"
"魏陕州刺史","2","2","4"
"陕州刺史李","2","2","4"
"州刺史李徽","2","2","4"
"刺史李徽伯","2","2","4"
"帝遣大将军","4","0","4"
"梁司州刺史","3","1","4"
"大都督苻贵","2","2","4"
"大将军杨忠","2","2","4"
"淮南道行台","2","2","4"
"尚书都令史","2","2","4"
"将作大匠宇","2","2","4"
"作大匠宇文","2","2","4"
"大匠宇文恺","2","2","4"
"卫大将军李","2","2","4"
"大将军李景","2","2","4"
"大理卿梁毗","2","2","4"
"大将军姚辩","2","2","4"
"国遣使贡方","4","0","4"
"右屯卫大将","2","2","4"
"卫大将军张","2","2","4"
"右翊卫将军","2","2","4"
"伊吾吐屯设","2","2","4"
"吾吐屯设等","2","2","4"
"右候卫大将","2","2","4"
"右候卫将军","2","2","4"
"贼帅司马长","2","2","4"
"帅司马长安","2","2","4"
"将军潘长文","2","2","4"
"武贲郎将高","2","2","4"
"民部尚书樊","2","2","4"
"卫将军陈棱","1","3","4"
"光禄大夫张","2","2","4"
"武贲郎将王","2","2","4"
"文明太皇太","2","2","4"
"明太皇太后","2","2","4"
"长秋卿白整","2","2","4"
"问侍中崔光","2","2","4"
"清觞满杯酌","2","2","4"
"宣华夫人陈","2","2","4"
"华夫人陈氏","2","2","4"
"门侍郎元岩","2","2","4"
"建兴公古弼","2","2","4"
"员外郎冯俊","2","2","4"
"永安侯魏勤","2","2","4"
"长史卢阳乌","2","2","4"
"除尚书右仆","4","0","4"
"仆射萧宝夤","2","2","4"
"河南邑中正","2","2","4"
"门侍郎崔光","2","2","4"
"州刺史穆泰","2","2","4"
"统军傅竖眼","2","2","4"
"米四十万石","2","2","4"
"刺史司马悦","2","2","4"
"州刺史元法","2","2","4"
"太府少卿李","2","2","4"
"柱国韦孝宽","2","2","4"
"武兴王杨集","2","2","4"
"兴王杨集始","2","2","4"
"齐天保元年","2","2","4"
"豫州刺史裴","2","2","4"
"裴叔业寿春","4","0","4"
"中书侍郎邢","2","2","4"
"征东大将军","2","2","4"
"部大人刘库","2","2","4"
"大人刘库仁","2","2","4"
"都督前锋诸","2","2","4"
"督前锋诸军","2","2","4"
"前锋诸军事","2","2","4"
"将军公孙表","2","2","4"
"军公孙表等","2","2","4"
"监军侍御史","2","2","4"
"东郡太守申","2","2","4"
"郡太守申谟","2","2","4"
"光侯叔孙建","1","3","4"
"赠冀州刺史","3","1","4"
"史中尉元匡","2","2","4"
"太常少卿元","2","2","4"
"时雍州刺史","3","1","4"
"二十州诸军","2","2","4"
"书右外兵郎","2","2","4"
"右外兵郎中","2","2","4"
"文集二十卷","1","3","4"
"定州大中正","2","2","4"
"冀州镇东府","2","2","4"
"州镇东府长","2","2","4"
"镇东府长史","2","2","4"
"州刺史萧宝","2","2","4"
"尚书长孙渴","2","2","4"
"书长孙渴侯","2","2","4"
"文襄大将军","3","1","4"
"南部尚书陆","2","2","4"
"部尚书陆丽","2","2","4"
"尚书左外兵","2","2","4"
"书左外兵郎","2","2","4"
"护西戎校尉","2","2","4"
"宝夤使持节","2","2","4"
"中尉郦道元","2","2","4"
"行台长孙承","2","2","4"
"台长孙承业","2","2","4"
"司空行参军","2","2","4"
"尚书考功郎","2","2","4"
"书考功郎中","2","2","4"
"高祖文皇帝","2","2","4"
"左丞宋游道","2","2","4"
"州刺史李神","2","2","4"
"右仆射元罗","2","2","4"
"州刺史高仲","2","2","4"
"刺史高仲密","2","2","4"
"荥州刺史宇","1","3","4"
"南徐州刺史","2","2","4"
"南道大都督","3","1","4"
"宋青州刺史","2","2","4"
"假仪同三司","2","2","4"
"金墉中书外","2","2","4"
"墉中书外省","2","2","4"
"中书外省考","2","2","4"
"中书监高允","2","2","4"
"太原晋阳人","2","2","4"
"秦二州刺史","3","1","4"
"御史中尉崔","2","2","4"
"假镇南将军","3","1","4"
"都督陇右诸","2","2","4"
"陇右诸军事","2","2","4"
"都督征蛮诸","2","2","4"
"督征蛮诸军","2","2","4"
"征蛮诸军事","2","2","4"
"都督北讨诸","2","2","4"
"督北讨诸军","2","2","4"
"北讨诸军事","2","2","4"
"尚书二千石","2","2","4"
"黄门高道穆","2","2","4"
"河东闻喜人","2","2","4"
"骅骝马一匹","2","2","4"
"尚书殿中郎","2","2","4"
"齐州大中正","2","2","4"
"太尉记室参","2","2","4"
"尉记室参军","2","2","4"
"大行台郎中","2","2","4"
"赠尚书左仆","2","2","4"
"府仓曹参军","2","2","4"
"背上下大斧","2","2","4"
"刺史尉庆宾","2","2","4"
"太宰元天穆","2","2","4"
"中书舍人温","2","2","4"
"书舍人温子","2","2","4"
"舍人温子升","2","2","4"
"武卫将军奚","2","2","4"
"卫将军奚毅","2","2","4"
"九月十五日","1","3","4"
"行台尉迟菩","2","2","4"
"台尉迟菩萨","2","2","4"
"宇文孝伯等","2","2","4"
"右厢大都督","2","2","4"
"侯伏侯元进","1","3","4"
"刺史李世哲","2","2","4"
"左卫将军刘","2","2","4"
"卫将军刘丰","2","2","4"
"将军刘丰等","2","2","4"
"军厍狄伏连","2","2","4"
"卫大将军段","2","2","4"
"中外府司马","2","2","4"
"慧登等二十","2","2","4"
"黄门郎崔季","2","2","4"
"门郎崔季舒","2","2","4"
"大司马斛律","2","2","4"
"司马斛律金","2","2","4"
"大将军斛律","2","2","4"
"将军斛律光","2","2","4"
"大丞相功曹","2","2","4"
"大行台都官","2","2","4"
"行台都官郎","2","2","4"
"膳部下大夫","2","2","4"
"三月十八日","1","3","4"
"吏部下大夫","2","2","4"
"齐将斛律明","2","2","4"
"将斛律明月","2","2","4"
"加授上开府","1","3","4"
"左候卫大将","2","2","4"
"广宁石门人","2","2","4"
"怎么能这样","0","4","4"
"就是这样被","0","4","4"
"周武帝亲自","0","4","4"
"与宇文泰的","0","4","4"
"自己的感情","0","4","4"
"都认为这是","0","4","4"
"文帝的意思","0","4","4"
"他的弟弟杨","0","4","4"
"一类的事情","0","4","4"
"帝亲自带兵","0","4","4"
"像他说的那","0","4","4"
"他说的那样","0","4","4"
"有什么益处","0","4","4"
"因立功被封","0","4","4"
"立功被封为","0","4","4"
"公宇文护执","0","4","4"
"文护执掌朝","0","4","4"
"赏赐给他的","0","4","4"
"他坚决推辞","0","4","4"
"所亲近的人","0","4","4"
"从了他的建","0","4","4"
"领精锐部队","0","4","4"
"有一万多人","0","4","4"
"数百名骑兵","0","4","4"
"被他的部下","0","4","4"
"侦察的骑兵","0","4","4"
"跟着尔朱荣","0","4","4"
"进入朝廷任","0","4","4"
"任武卫将军","0","4","4"
"随孝武帝入","0","4","4"
"马被流矢射","0","4","4"
"下诏命宇文","0","4","4"
"封他为太傅","0","4","4"
"向左右两边","0","4","4"
"左右两边射","0","4","4"
"右两边射箭","0","4","4"
"武帝采纳了","0","4","4"
"晋位为大将","0","4","4"
"位为大将军","0","4","4"
"对周围的人","0","4","4"
"周围的人说","0","4","4"
"迟迥的军队","0","4","4"
"免去他的官","0","4","4"
"他的祖先是","0","4","4"
"家子弟的身","0","4","4"
"工于骑马射","0","4","4"
"至仪同三司","0","4","4"
"他被封为大","0","4","4"
"被封为大司","0","4","4"
"他所亲近的","0","4","4"
"为他的父亲","0","4","4"
"请求作为内","0","4","4"
"求作为内应","0","4","4"
"北魏孝文帝","0","4","4"
"的功劳最多","0","4","4"
"任荆州刺史","0","4","4"
"任员外散骑","0","4","4"
"帝西迁长安","0","4","4"
"被封为侍中","0","4","4"
"宇文泰亲自","0","4","4"
"兼尚书左仆","0","4","4"
"帝宇文泰的","0","4","4"
"任秦州总管","0","4","4"
"他为大司马","0","4","4"
"的军队失利","0","4","4"
"复了他的官","0","4","4"
"任内史下大","0","4","4"
"封为开府仪","0","4","4"
"南陈将领吴","0","4","4"
"陈将领吴明","0","4","4"
"认识他的人","0","4","4"
"识他的人都","0","4","4"
"的父亲去世","0","4","4"
"越王宇文盛","0","4","4"
"任襄州总管","0","4","4"
"他认为自己","0","4","4"
"跟他开玩笑","0","4","4"
"他开玩笑说","0","4","4"
"文帝赐给他","0","4","4"
"跟随大军征","0","4","4"
"随大军征讨","0","4","4"
"拔岳的军队","0","4","4"
"改封爵位为","0","4","4"
"追赠他的父","0","4","4"
"孝闵帝即皇","0","4","4"
"朝廷赠封为","0","4","4"
"随孝武帝西","0","4","4"
"朝廷另外封","0","4","4"
"另外封他为","0","4","4"
"念他过去的","0","4","4"
"任命为都督","0","4","4"
"岳阳王萧鮞","0","4","4"
"封他为尚书","0","4","4"
"孝闵帝称帝","0","4","4"
"草书和隶书","0","4","4"
"萧宝夤失败","0","4","4"
"立碑歌颂他","0","4","4"
"以表彰他的","0","4","4"
"派他的将领","0","4","4"
"与公卿大臣","0","4","4"
"他们的名字","0","4","4"
"一定会成为","0","4","4"
"自己的责任","0","4","4"
"这是因为他","0","4","4"
"下诏不允许","0","4","4"
"险要的地方","0","4","4"
"们都认为他","0","4","4"
"被封为尚书","0","4","4"
"不久又恢复","0","4","4"
"帝对群臣说","0","4","4"
"他跟随炀帝","0","4","4"
"是什么意思","0","4","4"
"炀帝的旨意","0","4","4"
"过了一个多","0","4","4"
"他为上柱国","0","4","4"
"广泛涉猎经","0","4","4"
"的官吏百姓","0","4","4"
"弟弟的儿子","0","4","4"
"于是下令各","0","4","4"
"被授予尚书","0","4","4"
"许他的请求","0","4","4"
"了很长时间","0","4","4"
"有多少人马","0","4","4"
"握着他的手","0","4","4"
"议论起来都","0","4","4"
"怎么能长久","0","4","4"
"江陵被平定","0","4","4"
"军打得大败","0","4","4"
"又恢复了他","0","4","4"
"为东宫太子","0","4","4"
"请求将他们","0","4","4"
"晋升爵位为","0","4","4"
"兼黄门侍郎","0","4","4"
"封宇文泰的","0","4","4"
"为录事参军","0","4","4"
"西魏文帝大","0","4","4"
"魏文帝大统","0","4","4"
"晋爵位为侯","0","4","4"
"受到人们的","0","4","4"
"任著作佐郎","0","4","4"
"节闵帝即位","0","4","4"
"美好的名声","0","4","4"
"的人都不能","0","4","4"
"任工部尚书","0","4","4"
"岁时死了父","0","4","4"
"时死了父亲","0","4","4"
"任骠骑大将","0","4","4"
"有十个儿子","0","4","4"
"帝接受禅让","0","4","4"
"知道了这件","0","4","4"
"道了这件事","0","4","4"
"集文武百官","0","4","4"
"文帝听到后","0","4","4"
"将军皇甫无","0","4","4"
"军皇甫无逸","0","4","4"
"希望陛下能","0","4","4"
"齐公宇文宪","0","4","4"
"十七岁那年","0","4","4"
"人能和他相","0","4","4"
"能和他相比","0","4","4"
"这是书籍的","0","4","4"
"准这种乐器","0","4","4"
"东宫太子时","0","4","4"
"北部边境的","0","4","4"
"任右卫大将","0","4","4"
"武侯大将军","0","4","4"
"隋炀帝继位","0","4","4"
"为骁骑将军","0","4","4"
"任沧州刺史","0","4","4"
"任开府仪同","0","4","4"
"文帝开皇初","0","4","4"
"帝开皇初年","0","4","4"
"上仪同之职","0","4","4"
"率步兵和骑","0","4","4"
"不痛哭流涕","0","4","4"
"将实情告诉","0","4","4"
"听从他的建","0","4","4"
"从他的建议","0","4","4"
"设置文武百","0","4","4"
"置文武百官","0","4","4"
"帝更加高兴","0","4","4"
"的所作所为","0","4","4"
"皇太子杨勇","0","4","4"
"文武百官都","0","4","4"
"定陈国之战","0","4","4"
"穿着华丽的","0","4","4"
"三品以上的","0","4","4"
"于是赏赐给","0","4","4"
"追赠开府仪","0","4","4"
"文帝受禅继","0","4","4"
"帝受禅继位","0","4","4"
"的礼节对待","0","4","4"
"当时人们的","0","4","4"
"帝为丞相时","0","4","4"
"品以上官员","0","4","4"
"授予仪同三","0","4","4"
"予仪同三司","0","4","4"
"人都称赞他","0","4","4"
"私人铸造的","0","4","4"
"炀帝继位后","0","4","4"
"为金紫光禄","0","4","4"
"将军来护儿","0","4","4"
"文化及杀害","0","4","4"
"北海王元详","0","4","4"
"在皇帝面前","0","4","4"
"他们安置在","0","4","4"
"任中书博士","0","4","4"
"元颢进入洛","0","4","4"
"颢进入洛阳","0","4","4"
"在这个时候","0","4","4"
"孝静帝武定","0","4","4"
"武成帝河清","0","4","4"
"亲自拉着他","0","4","4"
"都流传于世","0","4","4"
"没有这样的","0","4","4"
"天下百姓的","0","4","4"
"实在是因为","0","4","4"
"受到皇帝的","0","4","4"
"可以称得上","0","4","4"
"河间人邢子","0","4","4"
"文宣帝天保","0","4","4"
"阴王元晖业","0","4","4"
"的女儿嫁给","0","4","4"
"帝高兴地说","0","4","4"
"为散骑侍郎","0","4","4"
"崔季舒等人","0","4","4"
"丞相高阿那","0","4","4"
"相高阿那肱","0","4","4"
"高阿那肱等","0","4","4"
"有才能的人","0","4","4"
"次上表请求","0","4","4"
"你为什么不","0","4","4"
"才苏醒过来","0","4","4"
"隋朝开皇初","0","4","4"
"朝开皇初年","0","4","4"
"一个多月后","0","4","4"
"母亲杀死父","0","4","4"
"亲杀死父亲","0","4","4"
"被任命为定","0","4","4"
"任命为定州","0","4","4"
"命为定州刺","0","4","4"
"尉迟迥叛乱","0","4","4"
"为相州刺史","0","4","4"
"到的人无不","0","4","4"
"当时孝文帝","0","4","4"
"不久加封为","0","4","4"
"隋文帝接受","0","4","4"
"活着时一样","0","4","4"
"宣帝即位后","0","4","4"
"至散骑常侍","0","4","4"
"与吏部尚书","0","4","4"
"议论的人都","0","4","4"
"文帝迁都洛","0","4","4"
"帝迁都洛阳","0","4","4"
"灵太后重新","0","4","4"
"诏恢复他的","0","4","4"
"的儿子慕容","0","4","4"
"他为车骑大","0","4","4"
"领护东夷校","0","4","4"
"领东夷校尉","0","4","4"
"率领他的部","0","4","4"
"自立为仇池","0","4","4"
"立为仇池公","0","4","4"
"向晋朝称藩","0","4","4"
"使者朝见进","0","4","4"
"者朝见进贡","0","4","4"
"为征南大将","0","4","4"
"到京师朝见","0","4","4"
"为镇南将军","0","4","4"
"太武帝下诏","0","4","4"
"进贡地方物","0","4","4"
"派黄门侍郎","0","4","4"
"是一条道路","0","4","4"
"十五员将出","0","4","4"
"五员将出兵","0","4","4"
"阿那瞔派他","0","4","4"
"那瞔派他的","0","4","4"
"请求把自己","0","4","4"
"人都认为是","0","4","4"
"太武帝征讨","0","4","4"
"后来孝文帝","0","4","4"
"任太子舍人","0","4","4"
"道武帝即位","0","4","4"
"昭成皇帝的","0","4","4"
"慕容垂派儿","0","4","4"
"容垂派儿子","0","4","4"
"帝亲自领兵","0","4","4"
"的文武官员","0","4","4"
"前来投降的","0","4","4"
"十分之五六","0","4","4"
"夏四月初一","0","4","4"
"诏令有关部","0","4","4"
"定法律条令","0","4","4"
"十二月初二","0","4","4"
"春正月初七","0","4","4"
"他打得大败","0","4","4"
"俘虏了他的","0","4","4"
"兴派使者朝","0","4","4"
"帝身体不适","0","4","4"
"皇帝的长子","0","4","4"
"春正月初二","0","4","4"
"秋七月初四","0","4","4"
"赐王公以下","0","4","4"
"秋七月初二","0","4","4"
"所经过的地","0","4","4"
"以皇后的礼","0","4","4"
"皇后的礼节","0","4","4"
"秋七月二十","0","4","4"
"帝回到京城","0","4","4"
"十二月初八","0","4","4"
"了豫州刺史","0","4","4"
"到邺城朝见","0","4","4"
"冀州的渤海","0","4","4"
"神武帝去世","0","4","4"
"原王高隆之","0","4","4"
"平阳王高淹","0","4","4"
"阳王高淹为","0","4","4"
"萧绎派使者","0","4","4"
"绎派使者朝","0","4","4"
"因事被免职","0","4","4"
"宣帝亲自到","0","4","4"
"谥号为文宣","0","4","4"
"的妻子李氏","0","4","4"
"当时人称他","0","4","4"
"时人称他为","0","4","4"
"是文宣帝的","0","4","4"
"文宣帝到晋","0","4","4"
"宣帝到晋阳","0","4","4"
"任命开府仪","0","4","4"
"命开府仪同","0","4","4"
"太上皇帝从","0","4","4"
"上皇帝从晋","0","4","4"
"有关方面奏","0","4","4"
"东平王俨为","0","4","4"
"陵王长恭为","0","4","4"
"任城王氵皆","0","4","4"
"城王氵皆为","0","4","4"
"八月二十一","0","4","4"
"不知怎么办","0","4","4"
"知怎么办好","0","4","4"
"莫陈悦的军","0","4","4"
"有雄才大略","0","4","4"
"的儿子宇文","0","4","4"
"侯莫陈悦为","0","4","4"
"北齐神武帝","0","4","4"
"派他的部将","0","4","4"
"宇文泰派大","0","4","4"
"率领精锐骑","0","4","4"
"献文帝即位","0","4","4"
"文帝即位后","0","4","4"
"孝文帝下诏","0","4","4"
"忧虑和恐惧","0","4","4"
"让左右的人","0","4","4"
"太后的父亲","0","4","4"
"我又有什么","0","4","4"
"有什么面目","0","4","4"
"追赠为司徒","0","4","4"
"昭帝即位后","0","4","4"
"让他的弟弟","0","4","4"
"哥哥的女儿","0","4","4"
"孝静帝初年","0","4","4"
"进入洛阳时","0","4","4"
"人称他们为","0","4","4"
"帝亲自到他","0","4","4"
"孝文帝去世","0","4","4"
"为尚书仆射","0","4","4"
"他承袭了父","0","4","4"
"和南平公长","0","4","4"
"皇帝赐给他","0","4","4"
"命为给事黄","0","4","4"
"又下诏让元","0","4","4"
"他死在家中","0","4","4"
"大逆不道的","0","4","4"
"逆不道的事","0","4","4"
"被任命为开","0","4","4"
"任命为开府","0","4","4"
"皇后的妹妹","0","4","4"
"武帝对他很","0","4","4"
"兼任御史中","0","4","4"
"被任命为冀","0","4","4"
"任命为冀州","0","4","4"
"命为冀州刺","0","4","4"
"尔朱天光的","0","4","4"
"有三个儿子","0","4","4"
"上表请求免","0","4","4"
"朝廷任命元","0","4","4"
"他性情耿直","0","4","4"
"帝很器重他","0","4","4"
"任命为度支","0","4","4"
"命为度支尚","0","4","4"
"出任兖州刺","0","4","4"
"家人的礼节","0","4","4"
"自己的志向","0","4","4"
"所了解的人","0","4","4"
"中郎将兼管","0","4","4"
"为通直散骑","0","4","4"
"去世而离职","0","4","4"
"不久被任命","0","4","4"
"久被任命为","0","4","4"
"任殿中尚书","0","4","4"
"天子的儿子","0","4","4"
"是什么样的","0","4","4"
"什么样的人","0","4","4"
"将他的头颅","0","4","4"
"后来又兼任","0","4","4"
"官吏和百姓","0","4","4"
"任为度支尚","0","4","4"
"到尔朱兆那","0","4","4"
"尔朱兆那里","0","4","4"
"安丰王元延","0","4","4"
"丰王元延明","0","4","4"
"刺史的官职","0","4","4"
"追赠他为假","0","4","4"
"又以原来的","0","4","4"
"任他为中书","0","4","4"
"于烈的儿子","0","4","4"
"烈的儿子于","0","4","4"
"孝文帝听说","0","4","4"
"优厚的礼遇","0","4","4"
"达自己的心","0","4","4"
"自己的心情","0","4","4"
"了解他的人","0","4","4"
"有父亲的风","0","4","4"
"父亲的风范","0","4","4"
"上表请求让","0","4","4"
"命他为侍中","0","4","4"
"他为尚书令","0","4","4"
"为安东将军","0","4","4"
"任外朝大人","0","4","4"
"们都佩服他","0","4","4"
"都佩服他的","0","4","4"
"任国子监祭","0","4","4"
"处置国家大","0","4","4"
"于栗石单说","0","4","4"
"兼武卫将军","0","4","4"
"崇训宫卫尉","0","4","4"
"灵太后下令","0","4","4"
"文宣帝认为","0","4","4"
"升为尚书右","0","4","4"
"在众人面前","0","4","4"
"出使回来后","0","4","4"
"太武帝对他","0","4","4"
"为御史中尉","0","4","4"
"前去安抚慰","0","4","4"
"上表请求将","0","4","4"
"他怀恨在心","0","4","4"
"兼中书侍郎","0","4","4"
"还有什么可","0","4","4"
"为尚书右丞","0","4","4"
"母亲去世而","0","4","4"
"朝廷下诏同","0","4","4"
"廷下诏同意","0","4","4"
"就可以得到","0","4","4"
"他又转任为","0","4","4"
"都害怕他的","0","4","4"
"为银青光禄","0","4","4"
"自己的功劳","0","4","4"
"当时人们称","0","4","4"
"朝廷下诏将","0","4","4"
"廷下诏将他","0","4","4"
"被举荐为秀","0","4","4"
"兼中书舍人","0","4","4"
"坚任北周的","0","4","4"
"以原来的职","0","4","4"
"炀帝命裴矩","0","4","4"
"一带的土地","0","4","4"
"因建立功勋","0","4","4"
"问他为什么","0","4","4"
"朝廷赠给他","0","4","4"
"对他十分器","0","4","4"
"他十分器重","0","4","4"
"为齐州刺史","0","4","4"
"将他调出京","0","4","4"
"朝廷百官都","0","4","4"
"皇帝的起居","0","4","4"
"被朝廷重用","0","4","4"
"后部鼓吹的","0","4","4"
"奏请朝廷任","0","4","4"
"因母亲年迈","0","4","4"
"们兄弟三人","0","4","4"
"廷下诏加封","0","4","4"
"下诏加封他","0","4","4"
"诏加封他为","0","4","4"
"他为给事黄","0","4","4"
"很高的声誉","0","4","4"
"怒气冲冲地","0","4","4"
"儿子杨玄感","0","4","4"
"车京丧车一","0","4","4"
"声望越来越","0","4","4"
"望越来越高","0","4","4"
"与元天穆一","0","4","4"
"元天穆一起","0","4","4"
"王元禧等人","0","4","4"
"到京城洛阳","0","4","4"
"都城六里的","0","4","4"
"高澄任他为","0","4","4"
"武成帝驾崩","0","4","4"
"朝廷的诏书","0","4","4"
"兼任尚书右","0","4","4"
"灵太后十分","0","4","4"
"著作的职务","0","4","4"
"宣武帝不同","0","4","4"
"武帝不同意","0","4","4"
"认为不应该","0","4","4"
"从小就有志","0","4","4"
"小就有志气","0","4","4"
"就有志气节","0","4","4"
"有志气节操","0","4","4"
"被朝廷赐爵","0","4","4"
"对贺拔胜说","0","4","4"
"的才能器识","0","4","4"
"朝廷下诏允","0","4","4"
"廷下诏允许","0","4","4"
"这样的人才","0","4","4"
"的父亲尔朱","0","4","4"
"尔朱荣听说","0","4","4"
"朱荣听说后","0","4","4"
"鼓吹的仪仗","0","4","4"
"与尔朱天光","0","4","4"
"被高欢打败","0","4","4"
"兼任尚书左","0","4","4"
"尔朱荣的妻","0","4","4"
"朱荣的妻子","0","4","4"
"在信都起兵","0","4","4"
"恢复他原来","0","4","4"
"复他原来的","0","4","4"
"尔朱荣讨伐","0","4","4"
"加封他为开","0","4","4"
"赵郡王高琛","0","4","4"
"封他为司空","0","4","4"
"赠他为假黄","0","4","4"
"他为假黄钺","0","4","4"
"的第三个儿","0","4","4"
"跟随神武帝","0","4","4"
"随神武帝高","0","4","4"
"武帝高欢任","0","4","4"
"高欢任晋州","0","4","4"
"欢任晋州刺","0","4","4"
"高欢率兵进","0","4","4"
"在战场上牺","0","4","4"
"战场上牺牲","0","4","4"
"孝静帝的禅","0","4","4"
"又改封为东","0","4","4"
"赐给穆提婆","0","4","4"
"他的儿子李","0","4","4"
"悦害贺拔岳","3","0","3"
"贼帅李文相","2","1","3"
"关内大都督","2","1","3"
"魏孝武西迁","3","0","3"
"颍州长史贺","2","1","3"
"州长史贺若","2","1","3"
"良家子镇武","3","0","3"
"家子镇武川","3","0","3"
"累迁仪同三","3","0","3"
"除岐州刺史","3","0","3"
"进车骑大将","3","0","3"
"高仲密北豫","3","0","3"
"仲密北豫州","3","0","3"
"率步骑十万","3","0","3"
"堰洧水灌城","3","0","3"
"大统十一年","1","2","3"
"南梁州刺史","2","1","3"
"国公梁士彦","2","1","3"
"行台韩长业","2","1","3"
"台韩长业攻","2","1","3"
"韩长业攻陷","2","1","3"
"长业攻陷潞","2","1","3"
"业攻陷潞州","2","1","3"
"城人郭子胜","2","1","3"
"正中大夫颜","2","1","3"
"阁内大都督","2","1","3"
"文帝禽窦泰","3","0","3"
"爵博陵郡公","2","1","3"
"岳阳王萧詧","3","0","3"
"时晋公护执","3","0","3"
"会杨玄感作","3","0","3"
"赠秦州刺史","2","1","3"
"行台萧宝夤","1","2","3"
"梁岳阳王萧","2","1","3"
"六州诸军事","1","2","3"
"陈湘州刺史","2","1","3"
"时年四十九","2","1","3"
"虞世基参掌","2","1","3"
"赐姓宇文氏","3","0","3"
"丞相斛律明","1","2","3"
"贺兰愿德等","1","2","3"
"除通直散骑","3","0","3"
"封平阳县子","2","1","3"
"周文帝东讨","1","2","3"
"封襄城县男","2","1","3"
"西道大行台","2","1","3"
"授内史中大","1","2","3"
"太子左庶子","2","1","3"
"迁开府仪同","3","0","3"
"道行军元帅","2","1","3"
"摄吏部尚书","3","0","3"
"隋文献皇后","2","1","3"
"六十律相生","1","2","3"
"累迁中书舍","2","1","3"
"加通直散骑","3","0","3"
"府外兵参军","2","1","3"
"骑兵二千人","1","2","3"
"死者十八九","3","0","3"
"右武候大将","3","0","3"
"行军总管击","3","0","3"
"功加上开府","3","0","3"
"突厥达头汗","3","0","3"
"厥达头汗犯","3","0","3"
"达头汗犯塞","3","0","3"
"钦州刺史宁","1","2","3"
"帝复征辽东","3","0","3"
"杞国公宇文","1","2","3"
"晋王广镇扬","3","0","3"
"王广镇扬州","3","0","3"
"位银青光禄","2","1","3"
"日影一丈二","1","2","3"
"八月二十八","1","2","3"
"八月二十九","1","2","3"
"月十五日夜","1","2","3"
"时工部尚书","2","1","3"
"封襄阳县公","2","1","3"
"蒲山公李宽","1","2","3"
"府鹰扬郎将","1","2","3"
"樊子盖固谏","3","0","3"
"加右光禄大","3","0","3"
"益州总管长","1","2","3"
"上表乞骸骨","3","0","3"
"加上仪同三","2","1","3"
"迁书侍御史","3","0","3"
"宇文护引中","3","0","3"
"文护引中外","3","0","3"
"应州刺史唐","2","1","3"
"州刺史唐君","2","1","3"
"刺史唐君明","2","1","3"
"汉王谅作乱","3","0","3"
"行军总管韦","2","1","3"
"军总管韦孝","2","1","3"
"卫大将军护","3","0","3"
"将司马德戡","2","1","3"
"义宁二年三","1","2","3"
"宁二年三月","1","2","3"
"遣将军吐万","2","1","3"
"死者数万人","2","1","3"
"太武左昭仪","2","1","3"
"大将军开府","1","2","3"
"中崔光等奏","2","1","3"
"明帝服小功","2","1","3"
"帝服小功服","2","1","3"
"国子太学生","2","1","3"
"子太学生员","2","1","3"
"学生四十人","1","2","3"
"生三十六人","2","1","3"
"范阳卢景裕","2","1","3"
"汉武帝元狩","1","2","3"
"济阴温子升","3","0","3"
"安平李德林","2","1","3"
"加伏波将军","2","1","3"
"春秋左氏传","1","2","3"
"琅邪临沂人","2","1","3"
"丞相高阿肱","3","0","3"
"遣太仆卿杨","2","1","3"
"魏彭城王韶","1","2","3"
"府长流参军","2","1","3"
"位开府仪同","3","0","3"
"府墨曹参军","3","0","3"
"大饣追薄饼","1","2","3"
"五州诸军事","2","1","3"
"开皇十四年","1","2","3"
"十一月朔旦","1","2","3"
"子祭酒何妥","1","2","3"
"文献皇后崩","3","0","3"
"左屯卫将军","2","1","3"
"一千五百户","1","2","3"
"宕昌公王遇","1","2","3"
"斛律明月后","1","2","3"
"遣散骑常侍","3","0","3"
"安德王韩轨","1","2","3"
"男女数千人","1","2","3"
"皮豹子等率","1","2","3"
"首五千余级","2","1","3"
"文明太后崩","3","0","3"
"斩首万余级","2","1","3"
"略阳王羯兒","3","0","3"
"中书舍人徐","1","2","3"
"书舍人徐纥","1","2","3"
"中安丰王延","2","1","3"
"门侍郎元纂","2","1","3"
"瑰遣吐豆登","3","0","3"
"遣吐豆登郁","3","0","3"
"太子庵罗辰","2","1","3"
"弟登注俟利","1","2","3"
"注次子铁伐","2","1","3"
"罗辰父子北","1","2","3"
"获庵罗辰妻","2","1","3"
"申州刺史李","1","2","3"
"州刺史李惠","1","2","3"
"赠雍州刺史","2","1","3"
"皇帝位晋阳","3","0","3"
"垂遣子贺驎","3","0","3"
"慕容垂遣子","3","0","3"
"夏四月丙寅","2","1","3"
"死者十五六","3","0","3"
"高凉王乐真","2","1","3"
"使者巡行州","3","0","3"
"加征南大将","2","1","3"
"冬十月辛巳","3","0","3"
"者三百余人","3","0","3"
"诏南平公长","3","0","3"
"三年春二月","1","2","3"
"诏使者巡行","3","0","3"
"镇军大将军","2","1","3"
"立太平王焘","1","2","3"
"宋守将毛德","1","2","3"
"守将毛德祖","1","2","3"
"刺史司马世","2","1","3"
"史司马世云","2","1","3"
"遣行台尚书","2","1","3"
"魏帝立皇太","1","2","3"
"帝立皇太子","1","2","3"
"时年二十九","3","0","3"
"迁神主太庙","3","0","3"
"王萧绎遣使","3","0","3"
"年春正月丁","3","0","3"
"秋七月己卯","3","0","3"
"契丹遣使朝","3","0","3"
"丹遣使朝贡","3","0","3"
"太保贺拔仁","1","2","3"
"西魏恭帝元","1","2","3"
"东王潘相乐","2","1","3"
"常山王演等","3","0","3"
"湘州刺史王","2","1","3"
"夏四月庚午","3","0","3"
"周冢宰宇文","2","1","3"
"左仆射杨愔","3","0","3"
"州刺史段韶","1","2","3"
"元景式等二","1","2","3"
"景式等二十","1","2","3"
"式等二十五","1","2","3"
"夏四月癸亥","2","1","3"
"帝名殷字正","2","1","3"
"武皇帝神武","2","1","3"
"靺鞨遣使朝","3","0","3"
"鞨遣使朝贡","3","0","3"
"部尚书尉瑾","2","1","3"
"国遣使朝贡","3","0","3"
"任城王湝太","3","0","3"
"宁王孝珩司","3","0","3"
"改威宗景烈","2","1","3"
"宁王孝珩等","2","1","3"
"王孝珩等守","2","1","3"
"神武帝非常","1","2","3"
"改封安定郡","2","1","3"
"太守慕容思","1","2","3"
"东魏北豫州","2","1","3"
"魏北豫州刺","2","1","3"
"州刺史高慎","2","1","3"
"都督苻贵镇","2","1","3"
"秋七月癸丑","3","0","3"
"设鱼龙曼延","2","1","3"
"将军薛世雄","2","1","3"
"左候卫将军","1","2","3"
"候卫将军屈","1","2","3"
"十二月戊寅","2","1","3"
"北平公冯夙","1","2","3"
"谓彭城王勰","3","0","3"
"彭城王勰曰","3","0","3"
"献皇后独孤","1","2","3"
"皇后独孤氏","1","2","3"
"城人赵洛周","2","1","3"
"卫将军郭琼","1","2","3"
"广阳王深等","2","1","3"
"赐东园秘器","3","0","3"
"隋文帝总百","3","0","3"
"文帝总百揆","3","0","3"
"灵太后所信","2","1","3"
"通直郎宋维","1","2","3"
"冀二州刺史","3","0","3"
"迁尚书右丞","3","0","3"
"迁秦州刺史","3","0","3"
"迁齐州刺史","3","0","3"
"广平王洛侯","1","2","3"
"累迁事黄门","3","0","3"
"刺史曹武请","1","2","3"
"寻吏部尚书","3","0","3"
"遣统军傅竖","2","1","3"
"赠尚书右仆","3","0","3"
"授度支尚书","2","1","3"
"加羽葆鼓吹","2","1","3"
"徐州大都督","2","1","3"
"节度诸军事","2","1","3"
"食邑三千户","1","2","3"
"黄门侍郎李","2","1","3"
"中尉李平所","2","1","3"
"尉李平所弹","2","1","3"
"中书舍人李","2","1","3"
"亲信二十人","1","2","3"
"太二十一年","3","0","3"
"齐豫州刺史","2","1","3"
"叔业寿春内","3","0","3"
"幽州刺史王","1","2","3"
"州刺史王永","1","2","3"
"太武征赫连","3","0","3"
"孝文追录先","3","0","3"
"文追录先朝","3","0","3"
"追录先朝功","3","0","3"
"录先朝功臣","3","0","3"
"公孙表等讨","2","1","3"
"青二州刺史","2","1","3"
"将陈显达入","1","2","3"
"咸阳王禧谋","2","1","3"
"阳王禧谋反","2","1","3"
"常少卿元端","2","1","3"
"六韩拔陵首","2","1","3"
"元法僧彭城","3","0","3"
"道武平中山","3","0","3"
"除豫州刺史","3","0","3"
"内都下大夫","1","2","3"
"诏令树碑纪","1","2","3"
"家员外散骑","3","0","3"
"襄大将军主","2","1","3"
"大将军主簿","2","1","3"
"时相州刺史","2","1","3"
"城人白早生","3","0","3"
"告扬州刺史","2","1","3"
"御史中尉郦","1","2","3"
"史中尉郦道","1","2","3"
"除仪同三司","3","0","3"
"中书令高允","1","2","3"
"二万人专习","3","0","3"
"吏部尚书邢","1","2","3"
"部尚书邢峦","1","2","3"
"月二十二日","1","2","3"
"黄帝二十五","3","0","3"
"帝二十五子","3","0","3"
"太尉行参军","1","2","3"
"太师咸阳王","1","2","3"
"师咸阳王长","1","2","3"
"咸阳王长史","1","2","3"
"大丞相府右","1","2","3"
"御伯中大夫","1","2","3"
"陕四州刺史","1","2","3"
"北豫三州刺","1","2","3"
"豫三州刺史","1","2","3"
"假平南将军","2","1","3"
"大将军鹿愿","1","2","3"
"御史张子阶","2","1","3"
"除兗州刺史","3","0","3"
"加抚军将军","2","1","3"
"队主巩荣贵","2","1","3"
"马前叩头请","1","2","3"
"中书令赵彦","1","2","3"
"封清河郡公","3","0","3"
"穆讨平邢杲","2","1","3"
"齐将裴叔业","2","1","3"
"都督江西诸","2","1","3"
"督江西诸军","2","1","3"
"江西诸军事","2","1","3"
"州刺史李叔","1","2","3"
"宣武临东堂","3","0","3"
"文明太后召","1","2","3"
"员外郎卢思","1","2","3"
"外郎卢思道","1","2","3"
"陇西李神俊","3","0","3"
"同县赵奉伯","1","2","3"
"县赵奉伯家","1","2","3"
"进号骠骑将","2","1","3"
"迁车骑大将","3","0","3"
"游击将军赵","1","2","3"
"击将军赵祖","1","2","3"
"将军赵祖悦","1","2","3"
"司空事中郎","3","0","3"
"西衮州刺史","3","0","3"
"濮阳太守崔","1","2","3"
"阳太守崔巨","1","2","3"
"太守崔巨伦","1","2","3"
"司徒彭城王","2","1","3"
"司徒胡国珍","1","2","3"
"太子步兵校","1","2","3"
"子步兵校尉","1","2","3"
"吏部尚书后","1","2","3"
"法曹行参军","2","1","3"
"辟固事中郎","3","0","3"
"博士张天龙","1","2","3"
"尚书三公郎","1","2","3"
"书三公郎中","1","2","3"
"录尚书事长","1","2","3"
"尚书事长孙","1","2","3"
"书事长孙承","1","2","3"
"事长孙承业","1","2","3"
"盲老公背上","2","1","3"
"老公背上下","2","1","3"
"公背上下大","2","1","3"
"将万俟丑奴","1","2","3"
"行台万俟道","1","2","3"
"台万俟道洛","1","2","3"
"黄门侍郎杨","1","2","3"
"总大都督杜","1","2","3"
"大都督杜德","1","2","3"
"都督杜德等","1","2","3"
"督杜德等追","1","2","3"
"杜德等追讨","1","2","3"
"元颢入洛阳","1","2","3"
"神武尖山人","2","1","3"
"万俟受洛干","1","2","3"
"萧宝夤西征","2","1","3"
"封长乐郡公","3","0","3"
"破六韩伯升","1","2","3"
"兄弟十五人","1","2","3"
"黄钺大将军","1","2","3"
"魏昭成皇帝","2","1","3"
"孝武帝西入","1","2","3"
"贺拔伏恩等","1","2","3"
"摄行台左丞","3","0","3"
"中外府主簿","1","2","3"
"九十二列传","1","2","3"
"一百一十卷","1","2","3"
"一百三十卷","2","1","3"
"黄门侍郎卢","1","2","3"
"司武尉迟运","1","2","3"
"侯莫陈崇功","2","1","3"
"魏太子西巡","2","1","3"
"后乐平公主","2","1","3"
"晋将刘裕灭","1","2","3"
"河东汾阴人","2","1","3"
"随慕容德南","1","2","3"
"慕容德南渡","1","2","3"
"孝文帝赐名","1","2","3"
"顺阳太守王","1","2","3"
"阳太守王青","1","2","3"
"太守王青石","1","2","3"
"有什么用呢","0","3","3"
"不可改变的","0","3","3"
"被朝廷征用","0","3","3"
"这就是所说","0","3","3"
"很高的官位","0","3","3"
"没有别的想","0","3","3"
"有别的想法","0","3","3"
"与敌兵交战","0","3","3"
"的礼仪对待","0","3","3"
"人没有一个","0","3","3"
"怎么能够相","0","3","3"
"没有听说过","0","3","3"
"的孝行感动","0","3","3"
"孝行感动了","0","3","3"
"文帝于是就","0","3","3"
"戍所的头领","0","3","3"
"把史万岁的","0","3","3"
"难道不是因","0","3","3"
"道不是因为","0","3","3"
"什么原因呢","0","3","3"
"特别喜爱文","0","3","3"
"别喜爱文学","0","3","3"
"这件事的人","0","3","3"
"件事的人都","0","3","3"
"参加葬礼的","0","3","3"
"陈悦害死贺","0","3","3"
"悦害死贺拔","0","3","3"
"害死贺拔岳","0","3","3"
"他被封为骠","0","3","3"
"被封为骠骑","0","3","3"
"随宇文泰平","0","3","3"
"跟从宇文泰","0","3","3"
"与齐神武帝","0","3","3"
"他因立功被","0","3","3"
"被晋封爵位","0","3","3"
"将他的首级","0","3","3"
"护执掌朝政","0","3","3"
"赐给他的东","0","3","3"
"给他的东西","0","3","3"
"他与自己的","0","3","3"
"认为不能这","0","3","3"
"为不能这样","0","3","3"
"郁郁不得志","0","3","3"
"越王杨侗派","0","3","3"
"派武贲郎将","0","3","3"
"亲自率领精","0","3","3"
"自率领精锐","0","3","3"
"率领精锐部","0","3","3"
"在东都洛阳","0","3","3"
"驻扎在洛口","0","3","3"
"的军队相持","0","3","3"
"东都洛阳的","0","3","3"
"王世充的军","0","3","3"
"世充的军队","0","3","3"
"魏正光末年","0","3","3"
"跟随元天穆","0","3","3"
"元天穆平定","0","3","3"
"天穆平定邢","0","3","3"
"穆平定邢杲","0","3","3"
"军占据洛阳","0","3","3"
"对他十分信","0","3","3"
"他十分信任","0","3","3"
"的马被流矢","0","3","3"
"失败的消息","0","3","3"
"宇文贵等人","0","3","3"
"将他们斩首","0","3","3"
"朝廷命宇文","0","3","3"
"为益州刺史","0","3","3"
"他被晋位为","0","3","3"
"又迁任为大","0","3","3"
"迁任为大司","0","3","3"
"赠封他为太","0","3","3"
"能骑在马上","0","3","3"
"观察他们的","0","3","3"
"被封为仪同","0","3","3"
"封为仪同三","0","3","3"
"朝廷派他与","0","3","3"
"参与朝廷大","0","3","3"
"与朝廷大事","0","3","3"
"又改封他为","0","3","3"
"隋文帝因此","0","3","3"
"他们的阴谋","0","3","3"
"而在那里安","0","3","3"
"在那里安家","0","3","3"
"跟随贺拔岳","0","3","3"
"没有来得及","0","3","3"
"迎接周文帝","0","3","3"
"他跟随武帝","0","3","3"
"父亲的功劳","0","3","3"
"他的父亲王","0","3","3"
"他为柱国大","0","3","3"
"晋封为上柱","0","3","3"
"他为益州总","0","3","3"
"杨坚辅助朝","0","3","3"
"坚辅助朝政","0","3","3"
"听说梁睿率","0","3","3"
"魏孝文帝太","0","3","3"
"为冠军将军","0","3","3"
"他因立有军","0","3","3"
"立有军功被","0","3","3"
"为岐州刺史","0","3","3"
"为泾州刺史","0","3","3"
"任命为大都","0","3","3"
"命为大都督","0","3","3"
"大声呼喊着","0","3","3"
"也没有怨言","0","3","3"
"西魏军队失","0","3","3"
"魏军队失利","0","3","3"
"他为雍州刺","0","3","3"
"心里很不高","0","3","3"
"里很不高兴","0","3","3"
"他的性情又","0","3","3"
"所任职的地","0","3","3"
"封他为太尉","0","3","3"
"武帝西迁长","0","3","3"
"各种各样的","0","3","3"
"高仲密献出","0","3","3"
"仲密献出北","0","3","3"
"密献出北豫","0","3","3"
"献出北豫州","0","3","3"
"数千名骑兵","0","3","3"
"认为如果不","0","3","3"
"东魏将领高","0","3","3"
"大统十四年","0","3","3"
"被封为大将","0","3","3"
"也没有什么","0","3","3"
"城中的人说","0","3","3"
"命左右随从","0","3","3"
"升为尚书左","0","3","3"
"的精锐部队","0","3","3"
"文泰认为他","0","3","3"
"他为大都督","0","3","3"
"和颜悦色地","0","3","3"
"他被封为小","0","3","3"
"晋封他为柱","0","3","3"
"孝宽的军队","0","3","3"
"的军队大败","0","3","3"
"了他的官爵","0","3","3"
"为上开府仪","0","3","3"
"被晋封为柱","0","3","3"
"晋封为柱国","0","3","3"
"都委托给他","0","3","3"
"听到这些话","0","3","3"
"太子是国家","0","3","3"
"蒙受先帝的","0","3","3"
"从小就有远","0","3","3"
"小就有远大","0","3","3"
"他的父亲去","0","3","3"
"是国家的重","0","3","3"
"坚任北周丞","0","3","3"
"任北周丞相","0","3","3"
"个女儿嫁给","0","3","3"
"给他的儿子","0","3","3"
"他的礼遇更","0","3","3"
"给他晋爵为","0","3","3"
"之间的关系","0","3","3"
"有什么办法","0","3","3"
"以良家子弟","0","3","3"
"良家子弟的","0","3","3"
"在那里定居","0","3","3"
"贺拔胜的弟","0","3","3"
"拔胜的弟弟","0","3","3"
"弟弟贺拔岳","0","3","3"
"派来的使者","0","3","3"
"廷便命他为","0","3","3"
"为卫大将军","0","3","3"
"朝廷下诏任","0","3","3"
"将领侯景等","0","3","3"
"他的部下杀","0","3","3"
"的部下杀死","0","3","3"
"为太子太保","0","3","3"
"己的儿子们","0","3","3"
"他母亲去世","0","3","3"
"陈述自己的","0","3","3"
"迁任为尚书","0","3","3"
"国都派使者","0","3","3"
"帝亲临朝堂","0","3","3"
"自己的心腹","0","3","3"
"廷另外封他","0","3","3"
"将敌兵打败","0","3","3"
"封为使持节","0","3","3"
"朝廷改封他","0","3","3"
"廷改封他为","0","3","3"
"改封他为安","0","3","3"
"渡过黄河进","0","3","3"
"宇文护被武","0","3","3"
"文护被武帝","0","3","3"
"都由他来决","0","3","3"
"由他来决定","0","3","3"
"自己的姓名","0","3","3"
"就失去父亲","0","3","3"
"派人将他们","0","3","3"
"文泰平定侯","0","3","3"
"泰平定侯莫","0","3","3"
"平定侯莫陈","0","3","3"
"定侯莫陈悦","0","3","3"
"宇文泰在邙","0","3","3"
"文泰在邙山","0","3","3"
"泰在邙山与","0","3","3"
"得到他们的","0","3","3"
"他们的欢心","0","3","3"
"他为尚书左","0","3","3"
"朝廷授他为","0","3","3"
"公主嫁给他","0","3","3"
"他为仪同三","0","3","3"
"为车骑将军","0","3","3"
"封为上仪同","0","3","3"
"打了一百杖","0","3","3"
"天子的车驾","0","3","3"
"母亲去世离","0","3","3"
"亲去世离职","0","3","3"
"他以原来的","0","3","3"
"宣读朝廷的","0","3","3"
"他又迁任为","0","3","3"
"杨玄感反叛","0","3","3"
"为秦州刺史","0","3","3"
"上表请求朝","0","3","3"
"表请求朝廷","0","3","3"
"他任行台郎","0","3","3"
"任行台郎中","0","3","3"
"为平西将军","0","3","3"
"都冲锋陷阵","0","3","3"
"东魏将领段","0","3","3"
"朝廷又授予","0","3","3"
"廷又授予他","0","3","3"
"留下来镇守","0","3","3"
"兵将他打败","0","3","3"
"为荆州刺史","0","3","3"
"他为行台郎","0","3","3"
"为行台郎中","0","3","3"
"辅助天子的","0","3","3"
"把他留下来","0","3","3"
"铨选人才的","0","3","3"
"贤能的人才","0","3","3"
"不知道应该","0","3","3"
"之所以这样","0","3","3"
"说没有人才","0","3","3"
"有什么不同","0","3","3"
"有什么两样","0","3","3"
"选拔人才的","0","3","3"
"在官位上去","0","3","3"
"官位上去世","0","3","3"
"年四十九岁","0","3","3"
"宇文泰十分","0","3","3"
"认为他说得","0","3","3"
"成年人一样","0","3","3"
"他继承父爵","0","3","3"
"继承父爵为","0","3","3"
"廷下诏不允","0","3","3"
"时局的变化","0","3","3"
"便奏请朝廷","0","3","3"
"赋税和劳役","0","3","3"
"没有忧虑了","0","3","3"
"封为尚书右","0","3","3"
"隋文帝认为","0","3","3"
"近的百姓都","0","3","3"
"又任命他为","0","3","3"
"任命他为尚","0","3","3"
"帝亲手写诏","0","3","3"
"亲手写诏书","0","3","3"
"授予开府仪","0","3","3"
"予开府仪同","0","3","3"
"受到朝廷的","0","3","3"
"后来他跟随","0","3","3"
"随炀帝到达","0","3","3"
"炀帝不高兴","0","3","3"
"帝更加恼怒","0","3","3"
"宇文化及失","0","3","3"
"文化及失败","0","3","3"
"封他为上柱","0","3","3"
"他又被任命","0","3","3"
"所到之处都","0","3","3"
"年八十二岁","0","3","3"
"为辅国将军","0","3","3"
"赠他为司空","0","3","3"
"太守的职务","0","3","3"
"在要害的地","0","3","3"
"增加的食邑","0","3","3"
"不应该这样","0","3","3"
"再发动进攻","0","3","3"
"允许他的请","0","3","3"
"认为怎么样","0","3","3"
"位为上柱国","0","3","3"
"哥的儿子魏","0","3","3"
"得十分周到","0","3","3"
"他率领军队","0","3","3"
"率领军队到","0","3","3"
"领军队到达","0","3","3"
"宇文泰准备","0","3","3"
"宇文泰又派","0","3","3"
"的大恩大德","0","3","3"
"论起来都很","0","3","3"
"并将他杀死","0","3","3"
"左右的人劝","0","3","3"
"互相告诫说","0","3","3"
"么能长久地","0","3","3"
"在士卒前面","0","3","3"
"认为自己的","0","3","3"
"朝野人士都","0","3","3"
"知道他不会","0","3","3"
"有英雄豪杰","0","3","3"
"英雄豪杰的","0","3","3"
"的乱臣贼子","0","3","3"
"在文帝面前","0","3","3"
"隋文帝问他","0","3","3"
"看了他一眼","0","3","3"
"立即将他斩","0","3","3"
"即将他斩首","0","3","3"
"隋文帝听说","0","3","3"
"公卿大臣们","0","3","3"
"到边远的地","0","3","3"
"边远的地方","0","3","3"
"任命为大丞","0","3","3"
"命为大丞相","0","3","3"
"独孤信等人","0","3","3"
"为营州刺史","0","3","3"
"从小就有才","0","3","3"
"同意他的看","0","3","3"
"意他的看法","0","3","3"
"被免官除名","0","3","3"
"命他为大行","0","3","3"
"任恒州刺史","0","3","3"
"少年时就有","0","3","3"
"任夏州刺史","0","3","3"
"任行台左丞","0","3","3"
"丞相府从事","0","3","3"
"府从事中郎","0","3","3"
"任凤州刺史","0","3","3"
"周武帝十分","0","3","3"
"任命张轨为","0","3","3"
"散骑侍郎之","0","3","3"
"骑侍郎之职","0","3","3"
"参与军国大","0","3","3"
"与军国大事","0","3","3"
"任尚书左丞","0","3","3"
"太行山以东","0","3","3"
"的军队讨伐","0","3","3"
"为行台左丞","0","3","3"
"兼任给事黄","0","3","3"
"运送物品的","0","3","3"
"是我家的千","0","3","3"
"我家的千里","0","3","3"
"家的千里驹","0","3","3"
"授予大都督","0","3","3"
"永嘉之乱时","0","3","3"
"当时的人认","0","3","3"
"时的人认为","0","3","3"
"到了这个时","0","3","3"
"了这个时候","0","3","3"
"平定侯景之","0","3","3"
"周文帝因为","0","3","3"
"有文集二十","0","3","3"
"十分信任他","0","3","3"
"任命为雍州","0","3","3"
"了不起的人","0","3","3"
"为中外府记","0","3","3"
"武帝亲自执","0","3","3"
"帝亲自执政","0","3","3"
"给他绢一百","0","3","3"
"他绢一百匹","0","3","3"
"到这个地步","0","3","3"
"皇帝的旨意","0","3","3"
"性聪明颖悟","0","3","3"
"有文韬武略","0","3","3"
"大破突厥军","0","3","3"
"接受禅让即","0","3","3"
"禅让即皇帝","0","3","3"
"让即皇帝位","0","3","3"
"文帝知道了","0","3","3"
"于是就下诏","0","3","3"
"有什么区别","0","3","3"
"派遣使者到","0","3","3"
"废立太子的","0","3","3"
"把天下交给","0","3","3"
"任吏部侍郎","0","3","3"
"还未来得及","0","3","3"
"是天下人的","0","3","3"
"病得很厉害","0","3","3"
"非常尊重他","0","3","3"
"帝每次外出","0","3","3"
"元文都等人","0","3","3"
"任兵部尚书","0","3","3"
"李密为太尉","0","3","3"
"你们这些人","0","3","3"
"尉迟迥起兵","0","3","3"
"文帝的信任","0","3","3"
"朝臣没有人","0","3","3"
"臣没有人能","0","3","3"
"节制调度诸","0","3","3"
"前后赏赐的","0","3","3"
"不会有什么","0","3","3"
"交给有司处","0","3","3"
"再没有人敢","0","3","3"
"本来就没有","0","3","3"
"知道这种情","0","3","3"
"道这种情况","0","3","3"
"周武帝保定","0","3","3"
"升任礼部尚","0","3","3"
"循环为宫之","0","3","3"
"环为宫之法","0","3","3"
"遇更为丰隆","0","3","3"
"博览经史典","0","3","3"
"览经史典籍","0","3","3"
"齐任城王高","0","3","3"
"任命李德林","0","3","3"
"命李德林为","0","3","3"
"加授通直散","0","3","3"
"孝顺而闻名","0","3","3"
"与黄门侍郎","0","3","3"
"下大夫之职","0","3","3"
"军队不能渡","0","3","3"
"队不能渡河","0","3","3"
"自古以来都","0","3","3"
"到了这个地","0","3","3"
"如果这样的","0","3","3"
"果这样的话","0","3","3"
"右武侯大将","0","3","3"
"于是被诛杀","0","3","3"
"隋文帝任丞","0","3","3"
"任左卫将军","0","3","3"
"十五岁那年","0","3","3"
"周武帝天和","0","3","3"
"跟随周武帝","0","3","3"
"令达奚长儒","0","3","3"
"达奚长儒的","0","3","3"
"州二州刺史","0","3","3"
"跟随父亲在","0","3","3"
"国的战役中","0","3","3"
"是身先士卒","0","3","3"
"被除去名籍","0","3","3"
"平定陈国的","0","3","3"
"定陈国的战","0","3","3"
"陈国的战役","0","3","3"
"高智慧等人","0","3","3"
"总管之职跟","0","3","3"
"的金银财宝","0","3","3"
"罪应当斩首","0","3","3"
"恢复他的官","0","3","3"
"领行军总管","0","3","3"
"与突厥军相","0","3","3"
"突厥军相遇","0","3","3"
"了一百多里","0","3","3"
"在什么地方","0","3","3"
"任命尚书右","0","3","3"
"从四面八方","0","3","3"
"其父尉迟崇","0","3","3"
"打击突厥军","0","3","3"
"赏赐非常丰","0","3","3"
"赐非常丰厚","0","3","3"
"不知道发生","0","3","3"
"知道发生了","0","3","3"
"道发生了什","0","3","3"
"发生了什么","0","3","3"
"生了什么事","0","3","3"
"为左光禄大","0","3","3"
"周宣帝继位","0","3","3"
"文帝不高兴","0","3","3"
"的恩宠礼遇","0","3","3"
"自己的职责","0","3","3"
"事情的形势","0","3","3"
"跟从韦孝宽","0","3","3"
"从韦孝宽讨","0","3","3"
"韦孝宽讨伐","0","3","3"
"隋文帝十分","0","3","3"
"把这种情况","0","3","3"
"任并州总管","0","3","3"
"追赠大将军","0","3","3"
"文帝的旨意","0","3","3"
"任太常少卿","0","3","3"
"炀帝十分高","0","3","3"
"以下的官员","0","3","3"
"至那天日影","0","3","3"
"日影长一尺","0","3","3"
"至日影长一","0","3","3"
"圣明的帝王","0","3","3"
"之世太阳运","0","3","3"
"世太阳运行","0","3","3"
"率领文武百","0","3","3"
"领文武百官","0","3","3"
"任内史舍人","0","3","3"
"朝中大臣没","0","3","3"
"中大臣没有","0","3","3"
"大臣没有人","0","3","3"
"自己的性命","0","3","3"
"认为这样做","0","3","3"
"晋王杨广镇","0","3","3"
"王杨广镇守","0","3","3"
"二人的才能","0","3","3"
"百姓都称赞","0","3","3"
"姓都称赞他","0","3","3"
"的父老乡亲","0","3","3"
"出兵信州道","0","3","3"
"兼任行军总","0","3","3"
"都认为他冤","0","3","3"
"认为他冤枉","0","3","3"
"和身边的人","0","3","3"
"违背他的意","0","3","3"
"任命他为左","0","3","3"
"发配到岭南","0","3","3"
"任步兵校尉","0","3","3"
"到了隋文帝","0","3","3"
"文帝嘉奖他","0","3","3"
"帝嘉奖他的","0","3","3"
"炀帝对他说","0","3","3"
"任命来护儿","0","3","3"
"为右骁卫大","0","3","3"
"第六个儿子","0","3","3"
"和樊子盖一","0","3","3"
"大业十二年","0","3","3"
"宇文述为左","0","3","3"
"任金紫光禄","0","3","3"
"任左光禄大","0","3","3"
"宇文化及叛","0","3","3"
"文化及叛乱","0","3","3"
"帝赏赐给他","0","3","3"
"任凉州刺史","0","3","3"
"是赏赐给他","0","3","3"
"炀帝车驾到","0","3","3"
"回东都洛阳","0","3","3"
"任命卫玄为","0","3","3"
"是国家的根","0","3","3"
"国家的根本","0","3","3"
"受到当时人","0","3","3"
"时人们的称","0","3","3"
"为襄州总管","0","3","3"
"声望都很高","0","3","3"
"五品以上官","0","3","3"
"都心悦诚服","0","3","3"
"待他很有礼","0","3","3"
"王谦的部将","0","3","3"
"帝很赞赏他","0","3","3"
"适逢汉王杨","0","3","3"
"逢汉王杨谅","0","3","3"
"文帝高兴地","0","3","3"
"不到二十岁","0","3","3"
"赏赐的财物","0","3","3"
"在炀帝身边","0","3","3"
"为安州刺史","0","3","3"
"对宇文述说","0","3","3"
"宇文化及为","0","3","3"
"宇文述请求","0","3","3"
"宇文述率兵","0","3","3"
"像当初一样","0","3","3"
"炀帝到辽东","0","3","3"
"征讨杨玄感","0","3","3"
"逼东都洛阳","0","3","3"
"卫大将军来","0","3","3"
"大将军来护","0","3","3"
"和文武百官","0","3","3"
"告诉宇文化","0","3","3"
"诉宇文化及","0","3","3"
"知道事情的","0","3","3"
"宇文化及到","0","3","3"
"过了十多天","0","3","3"
"击宇文化及","0","3","3"
"文帝开皇年","0","3","3"
"帝开皇年间","0","3","3"
"有十多万人","0","3","3"
"几十名骑兵","0","3","3"
"阴谋告诉了","0","3","3"
"让他们各自","0","3","3"
"非常高兴地","0","3","3"
"常高兴地说","0","3","3"
"任驸马都尉","0","3","3"
"任洛州刺史","0","3","3"
"不同的地方","0","3","3"
"文帝太和十","0","3","3"
"太和十九年","0","3","3"
"礼节对待他","0","3","3"
"给他们衣服","0","3","3"
"宣武帝驾崩","0","3","3"
"太和十五年","0","3","3"
"和侍中崔光","0","3","3"
"灵太后亲自","0","3","3"
"有一个儿子","0","3","3"
"天下分崩离","0","3","3"
"下分崩离析","0","3","3"
"设置博士二","0","3","3"
"各有自己的","0","3","3"
"太和十七年","0","3","3"
"太和二十二","0","3","3"
"和二十二年","0","3","3"
"左右的神位","0","3","3"
"作为永久的","0","3","3"
"任济州刺史","0","3","3"
"上表请求追","0","3","3"
"举荐为孝廉","0","3","3"
"北魏宣武帝","0","3","3"
"散骑常侍之","0","3","3"
"骑常侍之职","0","3","3"
"魏孝静帝天","0","3","3"
"孝静帝天平","0","3","3"
"郑玄的解释","0","3","3"
"如果不相信","0","3","3"
"梁武帝又问","0","3","3"
"夏朝的正月","0","3","3"
"怎么能允许","0","3","3"
"文襄皇帝的","0","3","3"
"齐后主武平","0","3","3"
"齐武成帝河","0","3","3"
"自拉着他的","0","3","3"
"孝庄帝永安","0","3","3"
"周明帝武成","0","3","3"
"下百姓的心","0","3","3"
"是有原因的","0","3","3"
"采纳他的建","0","3","3"
"纳他的建议","0","3","3"
"议论别人的","0","3","3"
"奸邪的音乐","0","3","3"
"和吏部尚书","0","3","3"
"隋开皇年间","0","3","3"
"为太学博士","0","3","3"
"到皇帝的宠","0","3","3"
"一个接一个","0","3","3"
"间人邢子才","0","3","3"
"北齐文宣帝","0","3","3"
"齐文宣帝天","0","3","3"
"任仁州刺史","0","3","3"
"入文林馆待","0","3","3"
"认为写得很","0","3","3"
"孝明帝熙平","0","3","3"
"东平王元匡","0","3","3"
"四面八方的","0","3","3"
"回到京城后","0","3","3"
"武帝嘉奖他","0","3","3"
"周明帝即位","0","3","3"
"周静帝大象","0","3","3"
"梁朝湘东王","0","3","3"
"授予奉朝请","0","3","3"
"黄门侍郎之","0","3","3"
"门侍郎之职","0","3","3"
"阿那肱等人","0","3","3"
"听说他的名","0","3","3"
"弟弟的女儿","0","3","3"
"人能够比得","0","3","3"
"能够比得上","0","3","3"
"派人对他说","0","3","3"
"身边的人说","0","3","3"
"召集文武百","0","3","3"
"的图书典籍","0","3","3"
"有这样的事","0","3","3"
"被他的话感","0","3","3"
"他的话感动","0","3","3"
"有文才武略","0","3","3"
"赏赐物品五","0","3","3"
"领十多万人","0","3","3"
"成这个样子","0","3","3"
"朝廷又赐给","0","3","3"
"廷又赐给他","0","3","3"
"坚决推辞不","0","3","3"
"人都以为是","0","3","3"
"百姓的父母","0","3","3"
"被任命为南","0","3","3"
"有才干的人","0","3","3"
"告诉他们说","0","3","3"
"任博陵太守","0","3","3"
"惊异他的才","0","3","3"
"异他的才能","0","3","3"
"封爵位为安","0","3","3"
"在他们的家","0","3","3"
"依照法律应","0","3","3"
"结拜为兄弟","0","3","3"
"他们的疾苦","0","3","3"
"有四个儿子","0","3","3"
"军功被任命","0","3","3"
"任命为大将","0","3","3"
"命为大将军","0","3","3"
"很长时间不","0","3","3"
"却没有什么","0","3","3"
"的人都很惊","0","3","3"
"人都很惊奇","0","3","3"
"过了一会儿","0","3","3"
"用这种方法","0","3","3"
"忽然看见一","0","3","3"
"然看见一个","0","3","3"
"吴遵世卜筮","0","3","3"
"任中散大夫","0","3","3"
"什么地方的","0","3","3"
"官至散骑常","0","3","3"
"与他的儿子","0","3","3"
"派人到他家","0","3","3"
"第二年乙卯","0","3","3"
"与岁月合德","0","3","3"
"赐给他衣服","0","3","3"
"不是一般人","0","3","3"
"古代历法不","0","3","3"
"代历法不同","0","3","3"
"张胄玄认为","0","3","3"
"初一与十五","0","3","3"
"古代历法的","0","3","3"
"召请姚僧垣","0","3","3"
"为当时人所","0","3","3"
"的几个孩子","0","3","3"
"他的儿子长","0","3","3"
"为工部尚书","0","3","3"
"听说后感叹","0","3","3"
"说后感叹道","0","3","3"
"凉州平定后","0","3","3"
"武帝询问他","0","3","3"
"他为卫将军","0","3","3"
"去自己的官","0","3","3"
"太后重新执","0","3","3"
"后重新执政","0","3","3"
"为领军大将","0","3","3"
"穆提婆听说","0","3","3"
"他们的罪状","0","3","3"
"为龙骧将军","0","3","3"
"聚集一万多","0","3","3"
"集一万多人","0","3","3"
"派散骑常侍","0","3","3"
"接受东魏禅","0","3","3"
"千精锐骑兵","0","3","3"
"以西的地方","0","3","3"
"和他的弟弟","0","3","3"
"乘其不备杀","0","3","3"
"姑母的儿子","0","3","3"
"做秦州刺史","0","3","3"
"终于平定了","0","3","3"
"保宗的弟弟","0","3","3"
"依例降为公","0","3","3"
"授予他都督","0","3","3"
"道迁率汉中","0","3","3"
"派使者和宋","0","3","3"
"使者和宋交","0","3","3"
"派使者朝见","0","3","3"
"太武帝征伐","0","3","3"
"兄长的儿子","0","3","3"
"长孙观等人","0","3","3"
"献文帝下诏","0","3","3"
"文明太后去","0","3","3"
"明太后去世","0","3","3"
"兼员外散骑","0","3","3"
"诏令皇太子","0","3","3"
"听从他们的","0","3","3"
"从他们的意","0","3","3"
"十六个国家","0","3","3"
"免去奴隶身","0","3","3"
"去奴隶身份","0","3","3"
"的弟弟斛律","0","3","3"
"的十分之二","0","3","3"
"太武帝亲自","0","3","3"
"太武帝出兵","0","3","3"
"率十五员将","0","3","3"
"远远逃走了","0","3","3"
"略阳王羯儿","0","3","3"
"到皇帝面前","0","3","3"
"迎接阿那瞔","0","3","3"
"上表请求回","0","3","3"
"武帝下诏让","0","3","3"
"温豆拔等人","0","3","3"
"瞔派他的吐","0","3","3"
"帝征讨蠕蠕","0","3","3"
"举荐自己所","0","3","3"
"慕容文等人","0","3","3"
"到慕容垂那","0","3","3"
"慕容垂那里","0","3","3"
"儿子慕容贺","0","3","3"
"垂派儿子慕","0","3","3"
"派儿子慕容","0","3","3"
"派使者前来","0","3","3"
"使者前来朝","0","3","3"
"道武帝攻打","0","3","3"
"派使者来朝","0","3","3"
"使者来朝贡","0","3","3"
"道武帝到达","0","3","3"
"帝的车驾到","0","3","3"
"春正月十四","0","3","3"
"正月十四日","0","3","3"
"三月十一日","0","3","3"
"道武帝进军","0","3","3"
"道武帝来到","0","3","3"
"使者巡行各","0","3","3"
"制定法律条","0","3","3"
"在南郊祭祀","0","3","3"
"二月十二日","0","3","3"
"帝到达晋阳","0","3","3"
"以王爵回府","0","3","3"
"越来越厉害","0","3","3"
"听到消息后","0","3","3"
"得难以自制","0","3","3"
"问民间疾苦","0","3","3"
"年春二月二","0","3","3"
"春二月二十","0","3","3"
"东郊大阅兵","0","3","3"
"赏赐王公以","0","3","3"
"月二十三日","0","3","3"
"诏令使者巡","0","3","3"
"令使者巡行","0","3","3"
"四月二十一","0","3","3"
"数量多少不","0","3","3"
"量多少不等","0","3","3"
"经过的地方","0","3","3"
"夏四月初五","0","3","3"
"十一月初五","0","3","3"
"观察民间风","0","3","3"
"察民间风俗","0","3","3"
"夏四月初四","0","3","3"
"冬十月初六","0","3","3"
"皇帝车驾回","0","3","3"
"夏四月初二","0","3","3"
"二月十八日","0","3","3"
"的有十分之","0","3","3"
"宣武帝去世","0","3","3"
"东魏渤海王","0","3","3"
"魏渤海王高","0","3","3"
"渤海王高欢","0","3","3"
"到合适的人","0","3","3"
"高澄到邺城","0","3","3"
"澄到邺城朝","0","3","3"
"二月十七日","0","3","3"
"不说一句话","0","3","3"
"的人都感到","0","3","3"
"神武帝十分","0","3","3"
"武帝十分赞","0","3","3"
"帝十分赞赏","0","3","3"
"和平时一样","0","3","3"
"都十分震惊","0","3","3"
"李氏为皇后","0","3","3"
"死罪以下的","0","3","3"
"封文襄帝的","0","3","3"
"冬十月初三","0","3","3"
"王萧绎派使","0","3","3"
"驾从晋阳回","0","3","3"
"司马子如因","0","3","3"
"冬十月初八","0","3","3"
"梁国国君萧","0","3","3"
"可朱浑道元","0","3","3"
"朱浑道元为","0","3","3"
"为梁朝国君","0","3","3"
"一百多里路","0","3","3"
"秋八月初三","0","3","3"
"广王高湛为","0","3","3"
"秦王归彦为","0","3","3"
"彭城王高氵","0","3","3"
"城王高氵攸","0","3","3"
"他们全部杀","0","3","3"
"宣帝的皇后","0","3","3"
"有不同意见","0","3","3"
"不同意见的","0","3","3"
"的雄才大略","0","3","3"
"到东山游玩","0","3","3"
"有什么关系","0","3","3"
"打一百多下","0","3","3"
"帝大笑起来","0","3","3"
"所以当时人","0","3","3"
"对武成帝说","0","3","3"
"文宣帝十分","0","3","3"
"立为皇太子","0","3","3"
"问他是什么","0","3","3"
"的人无不赞","0","3","3"
"人无不赞叹","0","3","3"
"便赏赐给他","0","3","3"
"后来文宣帝","0","3","3"
"尊称皇太后","0","3","3"
"皇后为皇太","0","3","3"
"间王孝琬为","0","3","3"
"并省录尚书","0","3","3"
"郡王睿又为","0","3","3"
"可朱浑天和","0","3","3"
"军国大事都","0","3","3"
"莫陈相为太","0","3","3"
"睿又为太尉","0","3","3"
"太上皇帝令","0","3","3"
"太上皇帝前","0","3","3"
"上皇帝前往","0","3","3"
"皇帝前往晋","0","3","3"
"帝前往晋阳","0","3","3"
"皇帝下诏任","0","3","3"
"十二月初三","0","3","3"
"并省尚书令","0","3","3"
"王氵皆为太","0","3","3"
"王孝珩为司","0","3","3"
"冯翊王润为","0","3","3"
"任命录尚书","0","3","3"
"命录尚书事","0","3","3"
"帝听说以后","0","3","3"
"八月十五日","0","3","3"
"军队和国家","0","3","3"
"德王延宗为","0","3","3"
"后很不高兴","0","3","3"
"陈德信等人","0","3","3"
"埋葬在长安","0","3","3"
"自己当皇帝","0","3","3"
"自己家里的","0","3","3"
"对贺拔岳说","0","3","3"
"听后十分高","0","3","3"
"到侯莫陈悦","0","3","3"
"为武卫将军","0","3","3"
"贺拔岳的尸","0","3","3"
"拔岳的尸体","0","3","3"
"贺拔岳被害","0","3","3"
"杀害贺拔岳","0","3","3"
"莫陈悦的部","0","3","3"
"陈悦的部下","0","3","3"
"宇文泰军中","0","3","3"
"宇文泰便命","0","3","3"
"文泰便命令","0","3","3"
"宇文泰领兵","0","3","3"
"被封为驸马","0","3","3"
"封为驸马都","0","3","3"
"让有关部门","0","3","3"
"一定认为我","0","3","3"
"贺拔胜追赶","0","3","3"
"宇文泰的军","0","3","3"
"文泰的军队","0","3","3"
"全部俘虏了","0","3","3"
"部俘虏了他","0","3","3"
"于是宇文泰","0","3","3"
"拥立孝庄帝","0","3","3"
"宇文泰为太","0","3","3"
"文泰为太师","0","3","3"
"文泰派大将","0","3","3"
"泰派大将军","0","3","3"
"朝司州刺史","0","3","3"
"帝封宇文泰","0","3","3"
"公宇文护和","0","3","3"
"愿意为他效","0","3","3"
"意为他效命","0","3","3"
"被任命为武","0","3","3"
"为武卫大将","0","3","3"
"大将军职务","0","3","3"
"把他们斩首","0","3","3"
"十一月初三","0","3","3"
"夏四月初三","0","3","3"
"为礼部尚书","0","3","3"
"任命大理卿","0","3","3"
"冬十月初七","0","3","3"
"启民可汗派","0","3","3"
"派他哥哥的","0","3","3"
"上表请求改","0","3","3"
"吐谷浑国王","0","3","3"
"赏赐各有差","0","3","3"
"赐各有差别","0","3","3"
"礼节接待他","0","3","3"
"打败他并将","0","3","3"
"败他并将他","0","3","3"
"他并将他斩","0","3","3"
"打败了贼帅","0","3","3"
"人家的女儿","0","3","3"
"才免于被杀","0","3","3"
"皇太后去世","0","3","3"
"孝文帝正在","0","3","3"
"孝文帝前往","0","3","3"
"知道自己的","0","3","3"
"太和十四年","0","3","3"
"服丧期满后","0","3","3"
"到孝文帝的","0","3","3"
"回到洛阳后","0","3","3"
"左右的人退","0","3","3"
"右的人退下","0","3","3"
"帝在显阳殿","0","3","3"
"是皇帝的亲","0","3","3"
"自从武成帝","0","3","3"
"当成自己的","0","3","3"
"被废为庶人","0","3","3"
"皇帝听从了","0","3","3"
"国家的大事","0","3","3"
"的各种事情","0","3","3"
"晋王杨广当","0","3","3"
"寄托自己的","0","3","3"
"尔朱荣一起","0","3","3"
"着尔朱荣的","0","3","3"
"亲的爵位为","0","3","3"
"照规定降爵","0","3","3"
"后来他历任","0","3","3"
"皇帝亲自到","0","3","3"
"采纳他的意","0","3","3"
"纳他的意见","0","3","3"
"我怎么能够","0","3","3"
"任从事中郎","0","3","3"
"为扬州刺史","0","3","3"
"节闵帝初年","0","3","3"
"追赠为尚书","0","3","3"
"而怀恨在心","0","3","3"
"所生的儿子","0","3","3"
"以车裂的刑","0","3","3"
"道武帝到贺","0","3","3"
"武帝到贺兰","0","3","3"
"帝到贺兰部","0","3","3"
"开玩笑地说","0","3","3"
"又没有威望","0","3","3"
"命为尚书令","0","3","3"
"道武帝非常","0","3","3"
"一点也没有","0","3","3"
"的有三千多","0","3","3"
"有三千多家","0","3","3"
"后来遇到大","0","3","3"
"来遇到大赦","0","3","3"
"喝了许多酒","0","3","3"
"为豫州刺史","0","3","3"
"迁都洛阳时","0","3","3"
"当他去世时","0","3","3"
"任光禄少卿","0","3","3"
"在彭城反叛","0","3","3"
"建造了一座","0","3","3"
"姬库根等人","0","3","3"
"太后因为元","0","3","3"
"任命他为太","0","3","3"
"他承袭父亲","0","3","3"
"臣没有人敢","0","3","3"
"尚书李神亻","0","3","3"
"书李神亻隽","0","3","3"
"所写的文章","0","3","3"
"被有见识的","0","3","3"
"见识的人所","0","3","3"
"并州刺史高","0","3","3"
"为尚书左丞","0","3","3"
"我私下认为","0","3","3"
"帝亲临吊唁","0","3","3"
"仆射的职务","0","3","3"
"下诏恢复了","0","3","3"
"诏恢复了他","0","3","3"
"位和声望都","0","3","3"
"跟从皇帝到","0","3","3"
"从皇帝到达","0","3","3"
"事而被免职","0","3","3"
"这件事报告","0","3","3"
"帝亲理朝政","0","3","3"
"被任命为度","0","3","3"
"皇帝在东堂","0","3","3"
"封为东平郡","0","3","3"
"了父亲的封","0","3","3"
"加封他为侍","0","3","3"
"封他为侍中","0","3","3"
"赞成这件事","0","3","3"
"任命为吏部","0","3","3"
"命为吏部尚","0","3","3"
"所说的那样","0","3","3"
"齐的雍州刺","0","3","3"
"的雍州刺史","0","3","3"
"十分高兴地","0","3","3"
"理日常事务","0","3","3"
"表请求免去","0","3","3"
"任命为太子","0","3","3"
"在州中任职","0","3","3"
"又有什么用","0","3","3"
"上表进谏说","0","3","3"
"人都认为这","0","3","3"
"为太常少卿","0","3","3"
"因父亲去世","0","3","3"
"父亲去世而","0","3","3"
"亲去世而离","0","3","3"
"在朝廷任职","0","3","3"
"他一向听说","0","3","3"
"衣服和帽子","0","3","3"
"皇帝知道以","0","3","3"
"帝知道以后","0","3","3"
"孝文帝十分","0","3","3"
"孝文帝因为","0","3","3"
"太和二十年","0","3","3"
"他为吏部尚","0","3","3"
"命他为使持","0","3","3"
"中有才学的","0","3","3"
"任命元略为","0","3","3"
"豫章王萧综","0","3","3"
"为西兖州刺","0","3","3"
"对他的信任","0","3","3"
"为安北将军","0","3","3"
"见到的人无","0","3","3"
"他兼任吏部","0","3","3"
"除掉尔朱荣","0","3","3"
"到别的地方","0","3","3"
"了他的封爵","0","3","3"
"郑懿的女儿","0","3","3"
"文帝下诏说","0","3","3"
"又加封他为","0","3","3"
"了他一百杖","0","3","3"
"任幽州刺史","0","3","3"
"弟尔朱世隆","0","3","3"
"因为他的父","0","3","3"
"任太子太保","0","3","3"
"多次上表辞","0","3","3"
"是天子的儿","0","3","3"
"兼录尚书事","0","3","3"
"在河阴遇害","0","3","3"
"请求朝廷让","0","3","3"
"求朝廷让他","0","3","3"
"封为彭城王","0","3","3"
"答应了他的","0","3","3"
"被任命为使","0","3","3"
"任命为使持","0","3","3"
"命为使持节","0","3","3"
"任命元勰为","0","3","3"
"过了许久才","0","3","3"
"任命他为都","0","3","3"
"的儿子于忠","0","3","3"
"有才学的人","0","3","3"
"很得当时人","0","3","3"
"自我保全的","0","3","3"
"儿子元冠受","0","3","3"
"事情不论大","0","3","3"
"情不论大小","0","3","3"
"一年多以后","0","3","3"
"皇后的父亲","0","3","3"
"皇帝的舅舅","0","3","3"
"对宣武帝说","0","3","3"
"他身边的人","0","3","3"
"以表达自己","0","3","3"
"命他为大司","0","3","3"
"皇帝的女儿","0","3","3"
"中正的职务","0","3","3"
"是德高望重","0","3","3"
"攻打赫连昌","0","3","3"
"他又领兵进","0","3","3"
"朝廷的大政","0","3","3"
"用鍂车京车","0","3","3"
"陪葬于金陵","0","3","3"
"了他的儿子","0","3","3"
"他的父亲和","0","3","3"
"任命为著作","0","3","3"
"从年轻时就","0","3","3"
"参与处置国","0","3","3"
"与处置国家","0","3","3"
"为著作佐郎","0","3","3"
"很符合皇帝","0","3","3"
"符合皇帝的","0","3","3"
"对他的宠信","0","3","3"
"文明皇后临","0","3","3"
"明皇后临朝","0","3","3"
"皇后临朝听","0","3","3"
"上表说自己","0","3","3"
"为领军将军","0","3","3"
"便以有病为","0","3","3"
"以有病为由","0","3","3"
"迁任散骑常","0","3","3"
"任命于忠为","0","3","3"
"为华州刺史","0","3","3"
"军国事务繁","0","3","3"
"为常山郡公","0","3","3"
"请求将自己","0","3","3"
"任命为司空","0","3","3"
"帝哥哥的儿","0","3","3"
"这是我家的","0","3","3"
"周围的人都","0","3","3"
"文成帝即位","0","3","3"
"追赠为太尉","0","3","3"
"他继承了父","0","3","3"
"跟随太武帝","0","3","3"
"慕容白曜的","0","3","3"
"容白曜的军","0","3","3"
"崇古的母亲","0","3","3"
"他的曾祖父","0","3","3"
"这个孩子将","0","3","3"
"个孩子将来","0","3","3"
"成帝即位后","0","3","3"
"李敷兄弟的","0","3","3"
"负责选拔官","0","3","3"
"他身高八尺","0","3","3"
"萧宝夤反叛","0","3","3"
"被任命为平","0","3","3"
"道武帝平定","0","3","3"
"武帝平定中","0","3","3"
"帝平定中山","0","3","3"
"为瀛州刺史","0","3","3"
"转任尚书右","0","3","3"
"他为散骑常","0","3","3"
"盖吴的两个","0","3","3"
"吴的两个叔","0","3","3"
"的两个叔叔","0","3","3"
"的利害关系","0","3","3"
"还没有决定","0","3","3"
"占据着险要","0","3","3"
"名声越来越","0","3","3"
"听说后十分","0","3","3"
"加封散骑常","0","3","3"
"封散骑常侍","0","3","3"
"因为战功晋","0","3","3"
"任行台尚书","0","3","3"
"任为尚书右","0","3","3"
"被征召回京","0","3","3"
"在家中去世","0","3","3"
"的叔父司马","0","3","3"
"任郢州刺史","0","3","3"
"朝廷允许他","0","3","3"
"长孙承业的","0","3","3"
"是自己的儿","0","3","3"
"朝廷给他的","0","3","3"
"廷给他的赏","0","3","3"
"为幽州刺史","0","3","3"
"怕他的威严","0","3","3"
"封他为大将","0","3","3"
"现在在哪里","0","3","3"
"下人都认为","0","3","3"
"王从事中郎","0","3","3"
"公以下的大","0","3","3"
"以下的大臣","0","3","3"
"两万人专门","0","3","3"
"万人专门练","0","3","3"
"人专门练习","0","3","3"
"高闾回答说","0","3","3"
"为平北将军","0","3","3"
"赏赐给他布","0","3","3"
"黄帝有二十","0","3","3"
"帝有二十五","0","3","3"
"人都佩服他","0","3","3"
"至左光禄大","0","3","3"
"爵为永宁县","0","3","3"
"他出任岐州","0","3","3"
"出任岐州刺","0","3","3"
"任命郑道邕","0","3","3"
"命郑道邕为","0","3","3"
"闵帝即位后","0","3","3"
"不久又后悔","0","3","3"
"天下太平无","0","3","3"
"下太平无事","0","3","3"
"不分白天黑","0","3","3"
"分白天黑夜","0","3","3"
"随孝文帝南","0","3","3"
"的官职兼任","0","3","3"
"北齐灭亡后","0","3","3"
"入朝廷任司","0","3","3"
"时无人可比","0","3","3"
"被调出京城","0","3","3"
"都怀念他的","0","3","3"
"了很不高兴","0","3","3"
"发给他俸禄","0","3","3"
"为中书博士","0","3","3"
"朝廷请求封","0","3","3"
"帝被他的话","0","3","3"
"齐文宣帝高","0","3","3"
"北周的宰相","0","3","3"
"去安抚慰劳","0","3","3"
"帝看了十分","0","3","3"
"看了十分高","0","3","3"
"突厥的军队","0","3","3"
"来的职务兼","0","3","3"
"派他的从子","0","3","3"
"能得到人们","0","3","3"
"得到人们的","0","3","3"
"一百多骑兵","0","3","3"
"光禄大夫衔","0","3","3"
"任义阳太守","0","3","3"
"带兵进入洛","0","3","3"
"加封为骠骑","0","3","3"
"泰的儿子们","0","3","3"
"在你的身上","0","3","3"
"给他布帛一","0","3","3"
"对他的处罚","0","3","3"
"便辞去官职","0","3","3"
"朝臣们大多","0","3","3"
"孝昭帝高演","0","3","3"
"为征虏将军","0","3","3"
"君臣之间的","0","3","3"
"意了他的请","0","3","3"
"替自己辩解","0","3","3"
"所有的亲戚","0","3","3"
"太和二十一","0","3","3"
"和二十一年","0","3","3"
"十里的地方","0","3","3"
"远远近近的","0","3","3"
"当时年龄才","0","3","3"
"的父亲杨津","0","3","3"
"他的堂兄杨","0","3","3"
"为并州刺史","0","3","3"
"执政大臣们","0","3","3"
"他被封为上","0","3","3"
"命他为行军","0","3","3"
"他的儿子杨","0","3","3"
"建立丰功伟","0","3","3"
"立丰功伟业","0","3","3"
"所有的儿子","0","3","3"
"炀帝的行宫","0","3","3"
"让他参与朝","0","3","3"
"玄感的军队","0","3","3"
"每天都有数","0","3","3"
"不能很好地","0","3","3"
"卫玄的军队","0","3","3"
"远大的志向","0","3","3"
"看见的人都","0","3","3"
"宣武帝在东","0","3","3"
"武帝在东堂","0","3","3"
"称赞他说得","0","3","3"
"人们称他为","0","3","3"
"郑玄注释说","0","3","3"
"郊学校读书","0","3","3"
"城八里的郊","0","3","3"
"八里的郊外","0","3","3"
"距都城七里","0","3","3"
"的确凿证据","0","3","3"
"城九里的郊","0","3","3"
"九里的郊外","0","3","3"
"都城九里的","0","3","3"
"西郊距都城","0","3","3"
"郊距都城九","0","3","3"
"城六里的郊","0","3","3"
"六里的郊外","0","3","3"
"帝高澄任他","0","3","3"
"朝廷的机密","0","3","3"
"从这里开始","0","3","3"
"自己的两个","0","3","3"
"到京城朝拜","0","3","3"
"宣武帝到东","0","3","3"
"官员的标准","0","3","3"
"年以上的升","0","3","3"
"也因此称赞","0","3","3"
"复原来的职","0","3","3"
"被人们称赞","0","3","3"
"人们都佩服","0","3","3"
"迁任尚书令","0","3","3"
"襄帝高澄在","0","3","3"
"对他怀恨在","0","3","3"
"着为他送行","0","3","3"
"三个儿子的","0","3","3"
"他兼任侍中","0","3","3"
"李崇的儿子","0","3","3"
"他奏报朝廷","0","3","3"
"人们都说他","0","3","3"
"因犯罪被免","0","3","3"
"犯罪被免官","0","3","3"
"变成了雄鸡","0","3","3"
"朝廷命崔光","0","3","3"
"崔光上表劝","0","3","3"
"的情况告诉","0","3","3"
"又迁任尚书","0","3","3"
"升任为度支","0","3","3"
"面色严肃地","0","3","3"
"被盗贼杀害","0","3","3"
"的儿子裴植","0","3","3"
"节闵帝元恭","0","3","3"
"向海神下拜","0","3","3"
"傅永为统军","0","3","3"
"率领的军队","0","3","3"
"心里很不满","0","3","3"
"里很不满意","0","3","3"
"请求朝廷任","0","3","3"
"自己所了解","0","3","3"
"己所了解的","0","3","3"
"任东徐州刺","0","3","3"
"萧综的军主","0","3","3"
"尔朱仲远的","0","3","3"
"下诏命他与","0","3","3"
"任幽州中正","0","3","3"
"财货被免去","0","3","3"
"货被免去官","0","3","3"
"怎么能赶得","0","3","3"
"么能赶得上","0","3","3"
"监修起居注","0","3","3"
"河间的邢子","0","3","3"
"贺拔胜一起","0","3","3"
"修皇帝的起","0","3","3"
"帝的起居注","0","3","3"
"梁朝的使者","0","3","3"
"加封为特进","0","3","3"
"被授予开府","0","3","3"
"人们称赞他","0","3","3"
"他出谋划策","0","3","3"
"侍奉文襄帝","0","3","3"
"文宣帝将他","0","3","3"
"帝同意了他","0","3","3"
"武成帝认为","0","3","3"
"打了他二百","0","3","3"
"自到他家里","0","3","3"
"讨论国家大","0","3","3"
"任用的人都","0","3","3"
"他的父亲尔","0","3","3"
"尔朱荣率军","0","3","3"
"向洛阳进发","0","3","3"
"向朝廷谢罪","0","3","3"
"封尔朱荣为","0","3","3"
"元颢的军队","0","3","3"
"鍂车京丧车","0","3","3"
"京丧车一辆","0","3","3"
"尔朱荣的从","0","3","3"
"告诉了高欢","0","3","3"
"尔朱荣被处","0","3","3"
"朱荣被处死","0","3","3"
"间互相猜疑","0","3","3"
"女儿为皇后","0","3","3"
"在韩陵被高","0","3","3"
"韩陵被高欢","0","3","3"
"陵被高欢打","0","3","3"
"孝明帝末年","0","3","3"
"和尔朱世隆","0","3","3"
"与尔朱度律","0","3","3"
"尔朱度律等","0","3","3"
"尔朱天光等","0","3","3"
"朱天光等人","0","3","3"
"看见一个人","0","3","3"
"并州的政务","0","3","3"
"改封为广宗","0","3","3"
"破六韩忄刃","0","3","3"
"六韩忄刃夤","0","3","3"
"率一千骑兵","0","3","3"
"得到他十分","0","3","3"
"到他十分高","0","3","3"
"他十分高兴","0","3","3"
"拥立节闵帝","0","3","3"
"高欢在信都","0","3","3"
"欢在信都起","0","3","3"
"尔朱荣被杀","0","3","3"
"因参与拥立","0","3","3"
"诏恢复他原","0","3","3"
"他的弟弟斛","0","3","3"
"里很不安稳","0","3","3"
"劝说孝武帝","0","3","3"
"中的职务不","0","3","3"
"罪被免去官","0","3","3"
"尔朱荣任他","0","3","3"
"朱荣任他为","0","3","3"
"朱荣被朝廷","0","3","3"
"荣被朝廷处","0","3","3"
"尔朱兆领兵","0","3","3"
"朱兆领兵进","0","3","3"
"兆领兵进入","0","3","3"
"领兵进入洛","0","3","3"
"仲远的兵马","0","3","3"
"孝武帝西奔","0","3","3"
"武帝西奔长","0","3","3"
"帝西奔长安","0","3","3"
"跟随杜洛周","0","3","3"
"随尔朱荣讨","0","3","3"
"自己乘坐的","0","3","3"
"尔朱氏的军","0","3","3"
"朱氏的军队","0","3","3"
"他被朝廷任","0","3","3"
"高祖孝文帝","0","3","3"
"孝武帝被迫","0","3","3"
"武帝被迫西","0","3","3"
"从小失去父","0","3","3"
"魏孝静帝武","0","3","3"
"为东南道行","0","3","3"
"讨伐蠕蠕族","0","3","3"
"参与朝廷机","0","3","3"
"与朝廷机密","0","3","3"
"他们的亲属","0","3","3"
"广泛涉猎文","0","3","3"
"他率军到达","0","3","3"
"天生的聪明","0","3","3"
"将他养在宫","0","3","3"
"他养在宫中","0","3","3"
"对他的恩遇","0","3","3"
"宣帝高洋即","0","3","3"
"帝高洋即皇","0","3","3"
"高洋即皇帝","0","3","3"
"洋即皇帝位","0","3","3"
"时年仅三十","0","3","3"
"另外被封为","0","3","3"
"北齐灭亡的","0","3","3"
"孝昭帝认为","0","3","3"
"任郑州刺史","0","3","3"
"封为长乐郡","0","3","3"
"为长乐郡公","0","3","3"
"应该怎么办","0","3","3"
"人们议论认","0","3","3"
"们议论认为","0","3","3"
"奏报给文宣","0","3","3"
"报给文宣帝","0","3","3"
"史的职务不","0","3","3"
"神武帝的第","0","3","3"
"神武帝对他","0","3","3"
"被官吏百姓","0","3","3"
"将敌人打得","0","3","3"
"我是神武帝","0","3","3"
"神武帝的儿","0","3","3"
"武帝的儿子","0","3","3"
"出京城任沧","0","3","3"
"京城任沧州","0","3","3"
"帝的第三个","0","3","3"
"北齐的军队","0","3","3"
"范阳王高绍","0","3","3"
"阳王高绍义","0","3","3"
"武士刘桃枝","0","3","3"
"朱荣率兵进","0","3","3"
"南梁贞阳侯","0","3","3"
"帝高欢任晋","0","3","3"
"在韩陵打败","0","3","3"
"韩陵打败尔","0","3","3"
"陵打败尔朱","0","3","3"
"打败尔朱氏","0","3","3"
"原来的官爵","0","3","3"
"杀死和士开","0","3","3"
"跟着高欢在","0","3","3"
"北齐受东魏","0","3","3"
"帝宇文泰率","0","3","3"
"他跟随高欢","0","3","3"
"在天地之间","0","3","3"
"孝明帝孝昌","0","3","3"
"负责监修国","0","3","3"
"责监修国史","0","3","3"
"接受东魏孝","0","3","3"
"受东魏孝静","0","3","3"
"文宣帝末年","0","3","3"
"颇受百姓拥","0","3","3"
"受百姓拥戴","0","3","3"
"封爵位为侯","0","3","3"
"子斛律武都","0","3","3"
"与他的弟弟","0","3","3"
"朝廷命杜弼","0","3","3"
"因建立功劳","0","3","3"
"代理行台左","0","3","3"
"理行台左丞","0","3","3"
"详细地叙述","0","3","3"
"命魏收起草","0","3","3"
"魏收起草诏","0","3","3"
"收起草诏书","0","3","3"
"的从叔魏季","0","3","3"
"从叔魏季景","0","3","3"
"与魏收关系","0","3","3"
"乙佛凤等人","0","3","3"
"宇文护掌握","0","3","3"
"的恩遇更加","0","3","3"
"恩遇更加隆","0","3","3"
"遇更加隆重","0","3","3"
"被晋爵为公","0","3","3"
"孝伯和王轨","0","3","3"
"改封为东平","0","3","3"
"功被授予都","0","3","3"
"被授予都督","0","3","3"
"公宇文护掌","0","3","3"
"诏命宇文宪","0","3","3"
"又命宇文宪","0","3","3"
"命宇文宪率","0","3","3"
"接应侯莫陈","0","3","3"
"命他为原州","0","3","3"
"他为原州刺","0","3","3"
"为原州刺史","0","3","3"
"的儿子李植","0","3","3"
"封他为骠骑","0","3","3"
"李贤的儿子","0","3","3"
"率步骑二千","2","0","2"
"解褐奉朝请","2","0","2"
"左右莫悯默","2","0","2"
"东魏将莫多","2","0","2"
"魏将莫多娄","2","0","2"
"将莫多娄贷","2","0","2"
"多娄贷文率","1","1","2"
"娄贷文率众","1","1","2"
"国子助教包","1","1","2"
"子助教包恺","1","1","2"
"亲卫大都督","1","1","2"
"退谓所亲曰","2","0","2"
"平原贼帅郝","2","0","2"
"原贼帅郝孝","2","0","2"
"贼帅郝孝德","2","0","2"
"通守张须陀","1","1","2"
"义宁元年春","1","1","2"
"越王侗遣武","2","0","2"
"王侗遣武贲","2","0","2"
"侗遣武贲郎","2","0","2"
"烧丰都市归","1","1","2"
"裴仁基武牢","2","0","2"
"王世充率江","1","1","2"
"世充率江淮","1","1","2"
"充率江淮劲","1","1","2"
"贼帅徐圆朗","1","1","2"
"单雄信等告","1","1","2"
"水者数万人","1","1","2"
"刑部尚书王","1","1","2"
"部尚书王轨","1","1","2"
"尚书王轨守","1","1","2"
"记室参军李","1","1","2"
"室参军李俭","1","1","2"
"金等骁将十","1","1","2"
"入洛口仓城","1","1","2"
"昌黎大棘人","1","1","2"
"六韩拔陵围","1","1","2"
"刺史源子邕","1","1","2"
"进爵化政郡","2","0","2"
"爵化政郡公","2","0","2"
"独孤信入洛","2","0","2"
"东魏颍州长","1","1","2"
"魏颍州长史","1","1","2"
"昌王梁弥定","1","1","2"
"隆州人开府","1","1","2"
"州人开府李","1","1","2"
"人开府李光","1","1","2"
"开府李光易","1","1","2"
"隆州人李拓","1","1","2"
"命开府叱奴","1","1","2"
"除益州刺史","1","1","2"
"游军二十四","1","1","2"
"军二十四部","1","1","2"
"贺兰祥讨吐","2","0","2"
"兰祥讨吐谷","2","0","2"
"祥讨吐谷浑","2","0","2"
"帝攻拔晋州","2","0","2"
"轨破陈将吴","2","0","2"
"破陈将吴明","2","0","2"
"令高颎驰驿","2","0","2"
"右军大将军","2","0","2"
"原州刺史史","1","1","2"
"州刺史史归","1","1","2"
"封彭城郡公","2","0","2"
"周孝闵践阼","2","0","2"
"司录贺若昂","1","1","2"
"录贺若昂奉","1","1","2"
"总管长史乙","1","1","2"
"管长史乙弗","1","1","2"
"长史乙弗虔","1","1","2"
"益州刺史达","1","1","2"
"州刺史达奚","1","1","2"
"隆州刺史高","1","1","2"
"州刺史高阿","1","1","2"
"睿行军元帅","2","0","2"
"大将军乙弗","1","1","2"
"将军乙弗虔","1","1","2"
"楚国公豆卢","1","1","2"
"所署大将军","2","0","2"
"大将军苻子","1","1","2"
"将军苻子英","1","1","2"
"京兆霸城人","1","1","2"
"除荆州刺史","2","0","2"
"迁泾州刺史","2","0","2"
"右仆射周惠","1","1","2"
"射周惠达召","1","1","2"
"相冀等十州","1","1","2"
"冀等十州刺","1","1","2"
"等十州刺史","1","1","2"
"汉司徒允后","2","0","2"
"思政容貌魁","1","1","2"
"宿勤明达等","1","1","2"
"洛阳四面受","1","1","2"
"阳四面受敌","1","1","2"
"解所服金带","2","0","2"
"东魏将高岳","2","0","2"
"帅都督贺兰","1","1","2"
"都督贺兰愿","1","1","2"
"督贺兰愿德","1","1","2"
"七州十二镇","1","1","2"
"东魏太尉高","1","1","2"
"魏太尉高岳","1","1","2"
"仪同刘丰生","1","1","2"
"同刘丰生等","1","1","2"
"步骑十万攻","2","0","2"
"遣通直散骑","2","0","2"
"散骑常侍赵","1","1","2"
"骑常侍赵彦","1","1","2"
"常侍赵彦深","1","1","2"
"士卒八千人","1","1","2"
"诸将多异同","2","0","2"
"宇文升等六","1","1","2"
"文升等六军","1","1","2"
"安州刺史乐","1","1","2"
"州刺史乐广","1","1","2"
"梁州刺史杨","1","1","2"
"州刺史杨乾","1","1","2"
"刺史杨乾运","1","1","2"
"侯吕陵始等","1","1","2"
"纪益州刺史","1","1","2"
"益州刺史萧","1","1","2"
"梁州刺史史","1","1","2"
"州刺史史欣","1","1","2"
"刺史史欣景","1","1","2"
"幽州刺史赵","1","1","2"
"州刺史赵拔","1","1","2"
"刺史赵拔扈","1","1","2"
"史赵拔扈等","1","1","2"
"益潼等十二","1","1","2"
"潼等十二州","1","1","2"
"等十二州诸","1","1","2"
"大长公主年","1","1","2"
"秦渭等十四","1","1","2"
"渭等十四州","1","1","2"
"等十四州诸","1","1","2"
"陇右大都督","1","1","2"
"晋公护东伐","2","0","2"
"子魏安郡公","1","1","2"
"郧国公韦孝","1","1","2"
"国公韦孝宽","1","1","2"
"公韦孝宽代","1","1","2"
"正破六韩裒","1","1","2"
"总管府长史","1","1","2"
"管府长史晋","1","1","2"
"府长史晋昶","1","1","2"
"长史晋昶等","1","1","2"
"郕国公梁士","2","0","2"
"乐安公元谐","1","1","2"
"化政公宇文","1","1","2"
"政公宇文忻","1","1","2"
"濮阳公宇文","1","1","2"
"阳公宇文述","1","1","2"
"武乡公崔弘","1","1","2"
"乡公崔弘度","1","1","2"
"清河公杨素","1","1","2"
"陇西公李询","1","1","2"
"延寿公仲文","2","0","2"
"刺史宇文弁","1","1","2"
"西道行台韩","1","1","2"
"道行台韩长","1","1","2"
"执刺史赵威","2","0","2"
"署城人郭子","2","0","2"
"人郭子胜刺","2","0","2"
"郭子胜刺史","2","0","2"
"上仪同赫连","1","1","2"
"仪同赫连士","1","1","2"
"同赫连士猷","1","1","2"
"上大将军宇","1","1","2"
"将军宇文威","1","1","2"
"军宇文威攻","1","1","2"
"上开府莒州","1","1","2"
"开府莒州刺","1","1","2"
"府莒州刺史","1","1","2"
"莒州刺史乌","1","1","2"
"州刺史乌丸","1","1","2"
"刺史乌丸尼","1","1","2"
"开府尉迟俊","1","1","2"
"府尉迟俊率","1","1","2"
"尉迟俊率胶","1","1","2"
"南道行台席","1","1","2"
"道行台席毗","1","1","2"
"开府梁子康","1","1","2"
"小御正崔达","1","1","2"
"赐姓乌丸氏","1","1","2"
"迁内史下大","2","0","2"
"将诛晋公护","2","0","2"
"徐州总管梁","1","1","2"
"州总管梁士","1","1","2"
"总管梁士彦","1","1","2"
"小内史贺若","1","1","2"
"内史贺若弼","1","1","2"
"荷先帝厚恩","2","0","2"
"内史杜虔信","1","1","2"
"中大夫颜仪","2","0","2"
"郧州总管司","1","1","2"
"总管司马消","1","1","2"
"管司马消难","1","1","2"
"司马消难举","1","1","2"
"马消难举兵","1","1","2"
"消难举兵反","1","1","2"
"帝遣使劳问","2","0","2"
"太常卿苏威","1","1","2"
"御史大夫杨","1","1","2"
"史大夫杨素","1","1","2"
"仪同王奉孝","1","1","2"
"帝复令大理","2","0","2"
"大理正赵绰","1","1","2"
"时年四十六","1","1","2"
"渔阳王袁肆","1","1","2"
"阳王袁肆周","1","1","2"
"迁武卫将军","2","0","2"
"进爵浮阳郡","2","0","2"
"爵浮阳郡公","2","0","2"
"都督三荆州","1","1","2"
"督三荆州诸","1","1","2"
"三荆州诸军","1","1","2"
"荆州诸军事","1","1","2"
"东魏刺史辛","1","1","2"
"魏刺史辛纂","1","1","2"
"都督杨忠等","1","1","2"
"魏将侯景等","2","0","2"
"将侯景等围","2","0","2"
"陇右十一州","1","1","2"
"右十一州大","1","1","2"
"十一州大都","1","1","2"
"一州大都督","1","1","2"
"赤水蕃王梁","1","1","2"
"史宇文仲州","2","0","2"
"进封卫国公","2","0","2"
"时年五十五","1","1","2"
"侯景南奔梁","1","1","2"
"扶风平陵人","1","1","2"
"后汉大鸿胪","1","1","2"
"赐姓纥豆陵","1","1","2"
"姓纥豆陵氏","1","1","2"
"身长八尺二","2","0","2"
"长八尺二寸","2","0","2"
"硃荣破葛荣","2","0","2"
"时葛荣帅韩","2","0","2"
"骠骑将军侯","1","1","2"
"骑将军侯深","1","1","2"
"随东南道行","1","1","2"
"南道行台樊","1","1","2"
"道行台樊子","1","1","2"
"台樊子鹄追","1","1","2"
"遣元树入寇","2","0","2"
"卫将军高金","1","1","2"
"将军高金龙","1","1","2"
"周文帝禽窦","2","0","2"
"除原州刺史","2","0","2"
"柱国赵贵分","1","1","2"
"左二军总管","1","1","2"
"平凉公元亨","1","1","2"
"凉公元亨同","1","1","2"
"公元亨同心","1","1","2"
"开皇四年八","1","1","2"
"皇四年八月","1","1","2"
"建安长公主","1","1","2"
"梁雍州刺史","1","1","2"
"魏废帝二年","1","1","2"
"寻尚书左仆","2","0","2"
"岐等十三州","1","1","2"
"等十三州诸","1","1","2"
"太子宗卫率","1","1","2"
"子宗卫率长","1","1","2"
"宗卫率长史","1","1","2"
"尚书令建平","1","1","2"
"书令建平王","1","1","2"
"右翊卫长史","1","1","2"
"营建临朔宫","1","1","2"
"本官武贲郎","2","0","2"
"官武贲郎将","2","0","2"
"杨玄感作逆","2","0","2"
"魏行台萧宝","1","1","2"
"秦州大中正","1","1","2"
"皆先登陷阵","2","0","2"
"东魏将段琛","2","0","2"
"仪同李延孙","1","1","2"
"同李延孙相","1","1","2"
"东魏将王元","2","0","2"
"魏将王元轨","2","0","2"
"功授大行台","2","0","2"
"授大行台左","2","0","2"
"侯景举河南","2","0","2"
"仆射王思政","1","1","2"
"梁元帝江陵","2","0","2"
"叛将杜岸乘","1","1","2"
"梁将柳仲礼","1","1","2"
"刺史黄道玉","1","1","2"
"应六州诸军","1","1","2"
"北司二州诸","1","1","2"
"司二州诸军","1","1","2"
"转安州刺史","2","0","2"
"梁定州刺史","1","1","2"
"定州刺史李","1","1","2"
"州刺史李洪","1","1","2"
"刺史李洪远","1","1","2"
"授荆州刺史","2","0","2"
"总管十七州","1","1","2"
"管十七州诸","1","1","2"
"十七州诸军","1","1","2"
"七州诸军事","1","1","2"
"湘州刺史华","1","1","2"
"州刺史华皎","1","1","2"
"大行台度支","1","1","2"
"行台度支尚","1","1","2"
"台度支尚书","1","1","2"
"苏尚书平生","1","1","2"
"尚书平生谦","1","1","2"
"尚书令史麻","1","1","2"
"书令史麻瑶","1","1","2"
"令史麻瑶越","1","1","2"
"周明帝二年","1","1","2"
"配享文帝庙","2","0","2"
"哀毁若成人","2","0","2"
"文献皇后对","1","1","2"
"持书侍御史","1","1","2"
"御史梁毗劾","2","0","2"
"持节巡抚江","1","1","2"
"节巡抚江南","1","1","2"
"户部尚书张","1","1","2"
"部尚书张婴","1","1","2"
"内史令杨素","1","1","2"
"国子博士何","1","1","2"
"子博士何妥","1","1","2"
"礼部尚书卢","1","1","2"
"吏部侍郎薛","1","1","2"
"部侍郎薛道","1","1","2"
"尚书右丞王","1","1","2"
"书右丞王弘","1","1","2"
"考功侍郎李","1","1","2"
"功侍郎李同","1","1","2"
"请黎阳人王","1","1","2"
"黎阳人王孝","1","1","2"
"阳人王孝逸","1","1","2"
"上柱国虞庆","1","1","2"
"帝谓群臣曰","2","0","2"
"进右光禄大","2","0","2"
"郎虞世基参","1","1","2"
"世基参掌朝","1","1","2"
"基参掌朝政","1","1","2"
"子鸿胪少卿","1","1","2"
"关中简黜大","1","1","2"
"中简黜大使","1","1","2"
"御史张行本","1","1","2"
"东都阊阖门","1","1","2"
"都阊阖门内","1","1","2"
"雍州大中正","1","1","2"
"随冯翊公长","1","1","2"
"冯翊公长孙","1","1","2"
"翊公长孙承","1","1","2"
"公长孙承业","1","1","2"
"长孙承业西","1","1","2"
"孙承业西征","1","1","2"
"荆州刺史源","1","1","2"
"州刺史源子","1","1","2"
"刺史源子恭","1","1","2"
"史源子恭镇","1","1","2"
"获刺史冯邕","1","1","2"
"阳州刺史牛","1","1","2"
"州刺史牛道","1","1","2"
"摄南汾州事","2","0","2"
"进授大都督","2","0","2"
"连营数十里","1","1","2"
"仓曹参军祖","1","1","2"
"曹参军祖孝","1","1","2"
"参军祖孝征","1","1","2"
"死者十四五","2","0","2"
"尚书长孙绍","1","1","2"
"书长孙绍远","1","1","2"
"司门下大夫","1","1","2"
"门下大夫尹","1","1","2"
"下大夫尹公","1","1","2"
"大夫尹公正","1","1","2"
"开府姚岳监","1","1","2"
"长史辛道宪","1","1","2"
"史辛道宪启","1","1","2"
"辛道宪启陈","1","1","2"
"参军曲岩颇","1","1","2"
"少年一举平","1","1","2"
"等十一州十","1","1","2"
"十一州十五","1","1","2"
"一州十五镇","1","1","2"
"州十五镇诸","1","1","2"
"十五镇诸军","1","1","2"
"五镇诸军事","1","1","2"
"陈刺史吴文","1","1","2"
"刺史吴文立","1","1","2"
"史吴文立果","1","1","2"
"大都督贺兰","1","1","2"
"都督贺兰贵","1","1","2"
"仪同梁子康","1","1","2"
"仪同薛公礼","1","1","2"
"同薛公礼等","1","1","2"
"怀县永桥城","1","1","2"
"时年七十二","1","1","2"
"帝信任司会","1","1","2"
"信任司会李","1","1","2"
"任司会李植","1","1","2"
"司会李植等","1","1","2"
"贺拔岳西征","1","1","2"
"周文战芒山","2","0","2"
"尚书员外郎","1","1","2"
"相府记室参","1","1","2"
"府记室参军","1","1","2"
"记室参军事","1","1","2"
"元帅府长史","1","1","2"
"甚敌人所惮","2","0","2"
"行军总管杜","1","1","2"
"军总管杜彦","1","1","2"
"陈将鲁广达","1","1","2"
"嫉妒心太猛","1","1","2"
"上谓侍臣曰","2","0","2"
"弼谓高颎曰","2","0","2"
"史万岁三人","1","1","2"
"突厥启人汗","2","0","2"
"时年六十四","1","1","2"
"梁州刺史杜","1","1","2"
"州刺史杜怀","1","1","2"
"刺史杜怀宝","1","1","2"
"史杜怀宝等","1","1","2"
"大丞相府帐","1","1","2"
"丞相府帐内","1","1","2"
"相府帐内都","1","1","2"
"府帐内都督","1","1","2"
"御史中尉董","1","1","2"
"史中尉董绍","1","1","2"
"沙等十四州","1","1","2"
"等十四州兵","1","1","2"
"相府刑狱参","1","1","2"
"说城主杨贤","1","1","2"
"陵王萧纪果","1","1","2"
"阳王元徽逃","1","1","2"
"王元徽逃难","1","1","2"
"元徽逃难投","1","1","2"
"土豪王覆怜","1","1","2"
"豪王覆怜等","1","1","2"
"王覆怜等阴","1","1","2"
"覆怜等阴谋","1","1","2"
"怜等阴谋举","1","1","2"
"等阴谋举事","1","1","2"
"诱说东魏城","1","1","2"
"说东魏城堡","1","1","2"
"州刺史车折","1","1","2"
"行台斛律俱","1","1","2"
"太保尉景攻","1","1","2"
"保尉景攻陷","1","1","2"
"尉景攻陷正","1","1","2"
"景攻陷正平","1","1","2"
"行台薛修义","1","1","2"
"建二州诸军","1","1","2"
"魏平凉郡守","1","1","2"
"贺拔岳侯莫","2","0","2"
"拔岳侯莫陈","2","0","2"
"引录事参军","2","0","2"
"赐姓侯吕陵","1","1","2"
"姓侯吕陵氏","1","1","2"
"赐爵三水县","1","1","2"
"爵三水县伯","1","1","2"
"丞相府事中","2","0","2"
"相府事中郎","2","0","2"
"西凉州刺史","1","1","2"
"后骠骑大将","2","0","2"
"燕三州刺史","1","1","2"
"济北临邑人","1","1","2"
"宇文公文足","1","1","2"
"非愚管所测","2","0","2"
"陇右府长史","1","1","2"
"魏淮南郡守","1","1","2"
"终齐州刺史","1","1","2"
"魏孝庄帝令","1","1","2"
"孝庄帝令司","1","1","2"
"庄帝令司空","1","1","2"
"帝令司空杨","1","1","2"
"令司空杨津","1","1","2"
"行台吏部郎","1","1","2"
"行河东郡事","2","0","2"
"南荆州刺史","1","1","2"
"祭文翁学堂","1","1","2"
"袭爵繁昌县","1","1","2"
"爵繁昌县公","1","1","2"
"巴州万荣郡","1","1","2"
"州万荣郡人","1","1","2"
"万荣郡人反","1","1","2"
"荣郡人反叛","1","1","2"
"昂奴婢二十","1","1","2"
"魏辅国将军","1","1","2"
"赠蒙州刺史","1","1","2"
"杲学涉经史","1","1","2"
"孝武妹新丰","1","1","2"
"武妹新丰公","1","1","2"
"妹新丰公主","1","1","2"
"凤州人仇周","1","1","2"
"州人仇周贡","1","1","2"
"人仇周贡等","1","1","2"
"开府赵昶合","1","1","2"
"顼柱国大将","1","1","2"
"朝亲睦九族","1","1","2"
"小载师下大","1","1","2"
"载师下大夫","1","1","2"
"都督元定等","1","1","2"
"帝遣黄门侍","2","0","2"
"黄门侍郎徐","1","1","2"
"门侍郎徐陵","1","1","2"
"司城中大夫","1","1","2"
"元定军将士","1","1","2"
"司仓中大夫","1","1","2"
"开府贺拔华","1","1","2"
"赐爵义兴县","1","1","2"
"爵义兴县伯","1","1","2"
"迁工部尚书","2","0","2"
"梁大同六年","1","1","2"
"累迁吏部尚","2","0","2"
"南台书侍御","1","1","2"
"台书侍御史","1","1","2"
"国子祭酒沛","1","1","2"
"子祭酒沛国","1","1","2"
"上黄侯萧晔","1","1","2"
"轻车府主簿","1","1","2"
"随会平王室","1","1","2"
"徒然慕昔风","1","1","2"
"梁元帝承制","2","0","2"
"平北府司马","1","1","2"
"令长史刘孝","1","1","2"
"长史刘孝胜","1","1","2"
"中记室韦登","1","1","2"
"记室韦登私","1","1","2"
"周文帝素闻","2","0","2"
"齐桓存三亡","1","1","2"
"迁黄门侍郎","2","0","2"
"职清白简亮","1","1","2"
"掌朝下大夫","1","1","2"
"赐爵文安县","1","1","2"
"爵文安县子","1","1","2"
"检校中书侍","1","1","2"
"校中书侍郎","1","1","2"
"时天下大同","1","1","2"
"率长史夏侯","1","1","2"
"长史夏侯福","1","1","2"
"付执法者推","2","0","2"
"伯父太尉公","1","1","2"
"尚书功论郎","1","1","2"
"安二州刺史","1","1","2"
"人相顾失色","1","1","2"
"累迁开府仪","2","0","2"
"赐爵永康县","1","1","2"
"爵永康县公","1","1","2"
"东京少冢宰","1","1","2"
"山东人多流","1","1","2"
"容谓群臣曰","2","0","2"
"历观前代帝","1","1","2"
"观前代帝王","1","1","2"
"太常少卿辛","1","1","2"
"遣褒公宇文","1","1","2"
"褒公宇文述","1","1","2"
"公宇文述深","1","1","2"
"宇文述深交","1","1","2"
"文述深交杨","1","1","2"
"述深交杨约","1","1","2"
"晋王孝悌恭","1","1","2"
"王孝悌恭俭","1","1","2"
"新丰人王辅","1","1","2"
"丰人王辅贤","1","1","2"
"皇太子废退","1","1","2"
"应开怀欢乐","1","1","2"
"刘居士余党","1","1","2"
"朔黄金百斤","1","1","2"
"太史令袁充","1","1","2"
"史令袁充进","1","1","2"
"太子家令邹","1","1","2"
"子家令邹文","1","1","2"
"家令邹文腾","1","1","2"
"左卫率司马","1","1","2"
"卫率司马夏","1","1","2"
"率司马夏侯","1","1","2"
"司马夏侯福","1","1","2"
"典膳监元淹","1","1","2"
"吏部侍郎萧","1","1","2"
"部侍郎萧子","1","1","2"
"侍郎萧子宝","1","1","2"
"主玺下士何","1","1","2"
"玺下士何竦","1","1","2"
"妻妾子孙皆","1","1","2"
"车骑将军阎","1","1","2"
"骑将军阎毗","1","1","2"
"东郡公崔君","1","1","2"
"郡公崔君绰","1","1","2"
"游骑尉沈福","1","1","2"
"骑尉沈福宝","1","1","2"
"仇太翼等四","1","1","2"
"太翼等四人","1","1","2"
"副将作大匠","1","1","2"
"将作大匠高","1","1","2"
"作大匠高龙","1","1","2"
"大匠高龙叉","1","1","2"
"率更令晋文","1","1","2"
"更令晋文建","1","1","2"
"散骑侍郎判","1","1","2"
"骑侍郎判司","1","1","2"
"侍郎判司农","1","1","2"
"郎判司农少","1","1","2"
"判司农少卿","1","1","2"
"司农少卿事","1","1","2"
"农少卿事元","1","1","2"
"少卿事元衡","1","1","2"
"杨难敌五百","1","1","2"
"难敌五百段","1","1","2"
"文林郎杨孝","1","1","2"
"林郎杨孝政","1","1","2"
"郎杨孝政上","1","1","2"
"贝州长史裴","1","1","2"
"州长史裴肃","1","1","2"
"训生长宁王","1","1","2"
"生长宁王俨","1","1","2"
"成姬生颍川","1","1","2"
"姬生颍川王","1","1","2"
"迁秦州总管","2","0","2"
"山南道行台","1","1","2"
"山南道行军","1","1","2"
"南道行军元","1","1","2"
"督三十总管","1","1","2"
"授扬州总管","1","1","2"
"四十四州诸","1","1","2"
"武卫将军刘","1","1","2"
"大都督皇甫","1","1","2"
"都督皇甫统","1","1","2"
"督皇甫统上","1","1","2"
"皇甫统上表","1","1","2"
"甫统上表请","1","1","2"
"二十年六月","1","1","2"
"俊长女永丰","1","1","2"
"长女永丰公","1","1","2"
"女永丰公主","1","1","2"
"令通事舍人","1","1","2"
"侗常留守东","1","1","2"
"常留守东都","1","1","2"
"摄户部尚书","1","1","2"
"户部尚书韦","1","1","2"
"文都内史令","2","0","2"
"洛阳称段达","1","1","2"
"阳称段达等","1","1","2"
"遣使者盖琮","1","1","2"
"云定兴等十","1","1","2"
"定兴等十人","1","1","2"
"兴等十人入","1","1","2"
"等十人入见","1","1","2"
"望神色凛然","1","1","2"
"位谏议大夫","2","0","2"
"赐姓独孤氏","1","1","2"
"爵武阳县伯","2","0","2"
"襄州总管府","1","1","2"
"州总管府司","1","1","2"
"赠礼部尚书","1","1","2"
"遣邗公杨惠","1","1","2"
"令崔仲方监","1","1","2"
"突厥屡边患","2","0","2"
"左军大将军","2","0","2"
"会陈宣帝殂","2","0","2"
"主宠姬张丽","1","1","2"
"宠姬张丽华","1","1","2"
"功加上柱国","1","1","2"
"将军卢贲等","1","1","2"
"尚书都事姜","1","1","2"
"书都事姜晔","1","1","2"
"楚州行参军","1","1","2"
"州行参军李","1","1","2"
"行参军李君","1","1","2"
"参军李君才","1","1","2"
"夫人贺拔氏","1","1","2"
"贺若弼先献","1","1","2"
"若弼先献十","1","1","2"
"蒋山苦战破","1","1","2"
"山苦战破贼","1","1","2"
"荧惑入太微","2","0","2"
"独孤皇后知","1","1","2"
"斋居读佛经","1","1","2"
"上柱国王积","1","1","2"
"上柱国贺若","1","1","2"
"柱国贺若弼","1","1","2"
"刑部尚书薛","1","1","2"
"部尚书薛胄","1","1","2"
"户部尚书斛","1","1","2"
"部尚书斛律","1","1","2"
"尚书斛律孝","1","1","2"
"书斛律孝卿","1","1","2"
"尚书柳述等","1","1","2"
"徒弃本逐末","1","1","2"
"太常丞李懿","1","1","2"
"太府卿何稠","1","1","2"
"余立功立事","1","1","2"
"遣谒者陈农","1","1","2"
"遣秘书郎郑","1","1","2"
"秘书郎郑默","1","1","2"
"书郎郑默删","1","1","2"
"郎郑默删定","1","1","2"
"郑默删定旧","1","1","2"
"梁人阮孝绪","1","1","2"
"公私典籍重","1","1","2"
"私典籍重本","1","1","2"
"十二管相宫","2","0","2"
"天地四方阴","1","1","2"
"地四方阴阳","1","1","2"
"故小黄令焦","1","1","2"
"小黄令焦延","1","1","2"
"黄令焦延寿","1","1","2"
"中吕上生执","1","1","2"
"吕上生执始","1","1","2"
"六十律清浊","1","1","2"
"太子舍人张","1","1","2"
"子舍人张光","1","1","2"
"大帝使素女","1","1","2"
"晋内书监荀","1","1","2"
"内书监荀勖","1","1","2"
"五声十二律","1","1","2"
"杨素恃才矜","1","1","2"
"论新礼降杀","1","1","2"
"新礼降杀轻","1","1","2"
"礼降杀轻重","1","1","2"
"帝下诏除期","1","1","2"
"下诏除期练","1","1","2"
"吏部侍郎高","1","1","2"
"部侍郎高孝","1","1","2"
"侍郎高孝基","1","1","2"
"晋家山吏部","1","1","2"
"魏代卢尚书","1","1","2"
"莫言先哲异","1","1","2"
"赐同席饮食","1","1","2"
"魏湖州户曹","1","1","2"
"令杨遵彦考","1","1","2"
"门侍郎颜推","2","0","2"
"推同判文林","1","1","2"
"同判文林馆","1","1","2"
"判文林馆事","1","1","2"
"神武公纥豆","1","1","2"
"武公纥豆陵","1","1","2"
"公纥豆陵毅","1","1","2"
"陛下圣德感","1","1","2"
"爵成安县男","1","1","2"
"隋文帝初受","1","1","2"
"令邗国公杨","1","1","2"
"邗国公杨惠","1","1","2"
"内外兵马事","1","1","2"
"都督内外诸","1","1","2"
"郧公韦孝宽","1","1","2"
"九锡殊礼诏","1","1","2"
"锡殊礼诏策","1","1","2"
"殊礼诏策笺","1","1","2"
"礼诏策笺表","1","1","2"
"诏策笺表玺","1","1","2"
"策笺表玺书","1","1","2"
"卫国县市店","1","1","2"
"国县市店八","1","1","2"
"县市店八十","1","1","2"
"市店八十区","1","1","2"
"车驾幸晋阳","2","0","2"
"时年六十一","1","1","2"
"京兆栎阳人","1","1","2"
"越王盛讨平","2","0","2"
"史下大夫高","1","1","2"
"偏将达奚长","1","1","2"
"将达奚长儒","1","1","2"
"寻迁尚书右","2","0","2"
"任城县千户","1","1","2"
"岭南人李世","1","1","2"
"南人李世贤","1","1","2"
"桂州道行军","1","1","2"
"眺山川形势","1","1","2"
"慈州刺史上","1","1","2"
"州刺史上官","1","1","2"
"左将军勇猛","1","1","2"
"将军勇猛中","1","1","2"
"军勇猛中大","1","1","2"
"勇猛中大夫","1","1","2"
"功进位大将","2","0","2"
"王谦举兵蜀","2","0","2"
"凉州总管独","1","1","2"
"州总管独孤","1","1","2"
"总管独孤罗","1","1","2"
"原州总管元","1","1","2"
"州总管元褒","1","1","2"
"灵州总管贺","1","1","2"
"州总管贺若","1","1","2"
"总管贺若谊","1","1","2"
"管贺若谊等","1","1","2"
"贺若谊等发","1","1","2"
"万岁令左右","2","0","2"
"诣辕门请效","2","0","2"
"高智慧等作","2","0","2"
"智慧等作乱","2","0","2"
"慧等作乱江","2","0","2"
"等作乱江南","2","0","2"
"行军总管杨","2","0","2"
"军总管杨素","2","0","2"
"万岁行军总","2","0","2"
"岁行军总管","2","0","2"
"晋王府军事","1","1","2"
"大将军李药","1","1","2"
"将军李药王","1","1","2"
"万岁谒东宫","1","1","2"
"赐爵河阴县","1","1","2"
"爵河阴县侯","1","1","2"
"仆射杨素言","1","1","2"
"交州道行军","1","1","2"
"度支侍郎敬","1","1","2"
"支侍郎敬德","1","1","2"
"侍郎敬德亮","1","1","2"
"尚书右丞李","1","1","2"
"书右丞李纲","1","1","2"
"州刺史宁长","1","1","2"
"刺史宁长真","1","1","2"
"州刺史李晕","1","1","2"
"大业元年正","1","1","2"
"业元年正月","1","1","2"
"邑王梵志弃","1","1","2"
"王梵志弃城","1","1","2"
"隋文帝定州","2","0","2"
"文帝定州总","2","0","2"
"帝定州总管","2","0","2"
"下诏赐义臣","1","1","2"
"诏赐义臣姓","1","1","2"
"代州总管李","1","1","2"
"州总管李景","1","1","2"
"亚将王拔骁","1","1","2"
"将王拔骁勇","1","1","2"
"车骑将军杨","1","1","2"
"骑将军杨思","1","1","2"
"将军杨思恩","1","1","2"
"军杨思恩请","1","1","2"
"思恩气貌雄","1","1","2"
"连营八十里","1","1","2"
"北连段文振","1","1","2"
"清河张金称","1","1","2"
"遣将军段达","1","1","2"
"义臣率辽东","1","1","2"
"臣率辽东兵","1","1","2"
"功进位光禄","2","0","2"
"昉见静帝幼","1","1","2"
"沛国公郑译","1","1","2"
"司马消难相","1","1","2"
"马消难相继","1","1","2"
"改封舒国公","1","1","2"
"治书侍御史","1","1","2"
"上柱国梁士","1","1","2"
"柱国梁士彦","1","1","2"
"国公宇文忻","1","1","2"
"柱国舒国公","1","1","2"
"国舒国公刘","1","1","2"
"赐姓叱罗氏","1","1","2"
"功授上柱国","1","1","2"
"劝隋文帝杀","1","1","2"
"杀周室诸王","1","1","2"
"衍先开仓赈","1","1","2"
"帖上台宿卫","2","0","2"
"迁掌朝大夫","2","0","2"
"度支二曹郎","1","1","2"
"扬州总管司","1","1","2"
"熙州李英林","1","1","2"
"行军总管讨","2","0","2"
"迁御史大夫","2","0","2"
"直道九十里","1","1","2"
"将伊阙令皇","1","1","2"
"伊阙令皇甫","1","1","2"
"阙令皇甫诩","1","1","2"
"江都郡丞王","1","1","2"
"都郡丞王世","1","1","2"
"郡丞王世充","1","1","2"
"赐爵江夏公","1","1","2"
"丁二十四万","1","1","2"
"二十四万三","1","1","2"
"十四万三千","1","1","2"
"口六十四万","1","1","2"
"六十四万一","1","1","2"
"十四万一千","1","1","2"
"四万一千五","1","1","2"
"万一千五百","1","1","2"
"司隶大夫薛","1","1","2"
"隶大夫薛道","1","1","2"
"大夫薛道衡","1","1","2"
"令虞世基奏","1","1","2"
"时军国多务","2","0","2"
"进位银青光","2","0","2"
"江阳长张惠","1","1","2"
"阳长张惠绍","1","1","2"
"遣范富娄等","1","1","2"
"取梁公萧钜","1","1","2"
"陈郡阳夏人","1","1","2"
"一丈二尺七","1","1","2"
"丈二尺七寸","1","1","2"
"二尺七寸二","1","1","2"
"尺七寸二分","1","1","2"
"一丈二尺六","1","1","2"
"丈二尺六寸","1","1","2"
"二尺六寸三","1","1","2"
"尺六寸三分","1","1","2"
"一丈二尺八","1","1","2"
"丈二尺八寸","1","1","2"
"夏影一尺四","2","0","2"
"影一尺四寸","2","0","2"
"一尺四寸八","1","1","2"
"尺四寸八分","1","1","2"
"一尺四寸五","1","1","2"
"尺四寸五分","1","1","2"
"春秋元命包","1","1","2"
"仁寿四年甲","1","1","2"
"寿四年甲子","1","1","2"
"四年甲子岁","1","1","2"
"太史丞高智","1","1","2"
"史丞高智宝","1","1","2"
"命四十九年","1","1","2"
"天正十一月","2","0","2"
"正十一月庚","2","0","2"
"一月庚戍冬","2","0","2"
"二十八日夜","1","1","2"
"九月四日夜","1","1","2"
"北斗主杀伐","1","1","2"
"岁星主福德","1","1","2"
"荧惑守羽林","2","0","2"
"九月七日退","1","1","2"
"年十一月二","1","1","2"
"一月二十日","1","1","2"
"月二十日夜","1","1","2"
"帅卢明月营","1","1","2"
"乾元初九爻","1","1","2"
"京兆郡丞乐","1","1","2"
"兆郡丞乐运","1","1","2"
"晋王广镇州","2","0","2"
"突厥寇甘州","2","0","2"
"帝令侯莫陈","1","1","2"
"令侯莫陈昶","1","1","2"
"南司州刺史","1","1","2"
"南定州刺史","1","1","2"
"元帅窦荣定","1","1","2"
"转吏部侍郎","2","0","2"
"杨素信州道","2","0","2"
"太子虞候率","1","1","2"
"上尝亲临释","2","0","2"
"尝亲临释奠","2","0","2"
"元帅汉王府","1","1","2"
"帅汉王府司","1","1","2"
"汉王府司马","1","1","2"
"吴三州总管","1","1","2"
"除泉州刺史","2","0","2"
"相国外兵曹","1","1","2"
"改封万安县","1","1","2"
"封万安县公","1","1","2"
"扬州总管长","1","1","2"
"迁刑部尚书","2","0","2"
"检校刑部尚","1","1","2"
"校刑部尚书","1","1","2"
"刑部尚书事","1","1","2"
"圆通留守京","1","1","2"
"通留守京师","1","1","2"
"小司右上士","1","1","2"
"叔父梁州刺","1","1","2"
"父梁州刺史","1","1","2"
"宁州刺史赵","1","1","2"
"州刺史赵郡","1","1","2"
"刺史赵郡公","1","1","2"
"史赵郡公李","1","1","2"
"赵郡公李安","1","1","2"
"乡人陶武子","1","1","2"
"功授仪同三","1","1","2"
"进位上开府","2","0","2"
"子总管统兵","1","1","2"
"余党盛道延","1","1","2"
"平壤道行军","1","1","2"
"壤道行军总","1","1","2"
"检校东莱郡","1","1","2"
"校东莱郡太","1","1","2"
"东莱郡太守","1","1","2"
"平壤六十里","1","1","2"
"高丽主高元","1","1","2"
"列阵数十里","1","1","2"
"副将周法尚","1","1","2"
"宇文述等众","1","1","2"
"文述等众军","1","1","2"
"杜城府鹰扬","1","1","2"
"城府鹰扬郎","1","1","2"
"将周法尚等","1","1","2"
"周法尚等议","1","1","2"
"公路府鹰扬","1","1","2"
"东阳郡太守","1","1","2"
"高丽奢卑等","1","1","2"
"丽奢卑等二","1","1","2"
"叛臣斛斯政","1","1","2"
"长史崔君肃","1","1","2"
"选精骑溃围","2","0","2"
"北陈二郡太","1","1","2"
"陈二郡太守","1","1","2"
"改封上蔡县","1","1","2"
"封上蔡县伯","1","1","2"
"齐三州刺史","1","1","2"
"遣光禄少卿","1","1","2"
"光禄少卿柳","1","1","2"
"禄少卿柳謇","1","1","2"
"改授银青光","1","1","2"
"授银青光禄","1","1","2"
"子盖检校武","1","1","2"
"盖检校武威","1","1","2"
"检校武威太","1","1","2"
"校武威太守","1","1","2"
"遣河南赞务","1","1","2"
"国子祭酒杨","1","1","2"
"子祭酒杨汪","1","1","2"
"遣越王留守","1","1","2"
"越王留守东","1","1","2"
"王留守东都","1","1","2"
"汾水北村坞","1","1","2"
"检校熊州事","1","1","2"
"封同轨郡公","1","1","2"
"检校右御卫","1","1","2"
"校右御卫大","1","1","2"
"侑留守京师","1","1","2"
"武贲郎将张","1","1","2"
"贲郎将张峻","1","1","2"
"遣通议大夫","1","1","2"
"通议大夫斛","1","1","2"
"议大夫斛斯","1","1","2"
"大夫斛斯万","1","1","2"
"夫斛斯万善","1","1","2"
"宇文述等合","1","1","2"
"遣内史舍人","1","1","2"
"内史舍人封","1","1","2"
"史舍人封德","1","1","2"
"舍人封德彝","1","1","2"
"人封德彝驰","1","1","2"
"授刑部下大","1","1","2"
"刑部下大夫","1","1","2"
"位散骑常侍","2","0","2"
"右庶子刘荣","1","1","2"
"通事舍人赵","1","1","2"
"事舍人赵元","1","1","2"
"舍人赵元恺","1","1","2"
"荣位高任重","1","1","2"
"元恺引左卫","1","1","2"
"恺引左卫率","1","1","2"
"引左卫率崔","1","1","2"
"天官都上士","1","1","2"
"谔见隋文帝","1","1","2"
"考功二曹侍","1","1","2"
"功二曹侍郎","1","1","2"
"谔见礼教凋","1","1","2"
"泗州刺史司","1","1","2"
"刺史司马幼","1","1","2"
"累迁通直散","2","0","2"
"遂伯下大夫","1","1","2"
"赐爵平遥县","1","1","2"
"爵平遥县伯","1","1","2"
"邛二州刺史","1","1","2"
"护引中外府","2","0","2"
"引中外府记","2","0","2"
"宁州总管掾","1","1","2"
"屯田二侍郎","1","1","2"
"余种秽良田","1","1","2"
"娶雍州长史","1","1","2"
"陛下留心政","1","1","2"
"右仆射杨素","1","1","2"
"巡河北五十","1","1","2"
"河北五十二","1","1","2"
"北五十二州","1","1","2"
"绢布二百匹","1","1","2"
"加员外散骑","2","0","2"
"夏官府下士","1","1","2"
"尚书都官侍","1","1","2"
"书都官侍郎","1","1","2"
"刑部侍郎辛","1","1","2"
"书侍御史柳","1","1","2"
"累迁大都督","2","0","2"
"迁赵郡太守","2","0","2"
"将军梁伯隐","1","1","2"
"蜀郡都尉段","1","1","2"
"郡都尉段钟","1","1","2"
"都尉段钟葵","1","1","2"
"尉段钟葵讨","1","1","2"
"碣石道军将","1","1","2"
"江南刘元进","1","1","2"
"令大理司直","1","1","2"
"大理司直梁","1","1","2"
"理司直梁敬","1","1","2"
"司直梁敬真","1","1","2"
"大夫张镇周","1","1","2"
"主欢斯渴刺","1","1","2"
"欢斯渴刺兜","1","1","2"
"刺史元务本","1","1","2"
"赐爵信安侯","1","1","2"
"帝幸江都宫","2","0","2"
"葬吴公台下","2","0","2"
"沃野镇军主","1","1","2"
"英果中大夫","1","1","2"
"赐爵博陵郡","1","1","2"
"述行军总管","2","0","2"
"行军总管元","1","1","2"
"军总管元契","1","1","2"
"落丛公燕荣","1","1","2"
"皇太子失爱","2","0","2"
"大王才能盖","1","1","2"
"王才能盖世","1","1","2"
"士尚南阳公","2","0","2"
"尚南阳公主","2","0","2"
"寻加开府仪","2","0","2"
"铁勒契弊歌","1","1","2"
"将军二百人","1","1","2"
"左卫将军张","1","1","2"
"卫将军张瑾","1","1","2"
"平壤城三十","1","1","2"
"壤城三十里","1","1","2"
"三十万五千","1","1","2"
"十万五千人","1","1","2"
"二千七百人","1","1","2"
"将军杨义臣","1","1","2"
"军杨义臣率","1","1","2"
"杨义臣率兵","1","1","2"
"杨玄感作乱","2","0","2"
"玄感逼东都","2","0","2"
"大将军护兒","2","0","2"
"阌乡皇天原","1","1","2"
"突厥围雁门","2","0","2"
"遣司宫魏氏","1","1","2"
"班剑四十人","2","0","2"
"校尉元武达","1","1","2"
"阁裴虔通互","1","1","2"
"裴虔通互相","1","1","2"
"转告内史舍","1","1","2"
"告内史舍人","1","1","2"
"符玺郎牛方","1","1","2"
"玺郎牛方裕","1","1","2"
"勋侍杨士览","1","1","2"
"三月十五日","1","1","2"
"劫十二卫武","1","1","2"
"二年三月一","1","1","2"
"年三月一日","1","1","2"
"候卫武贲冯","1","1","2"
"卫武贲冯普","1","1","2"
"武贲冯普乐","1","1","2"
"将军独孤盛","1","1","2"
"遣家僮庄桃","1","1","2"
"家僮庄桃树","1","1","2"
"遣令狐行达","1","1","2"
"宿公麦孟才","1","1","2"
"折冲郎将沈","1","1","2"
"冲郎将沈光","1","1","2"
"郎将沈光等","1","1","2"
"将陈智略率","1","1","2"
"遣淮安王神","1","1","2"
"淮安王神通","1","1","2"
"安王神通安","1","1","2"
"王神通安抚","1","1","2"
"神通安抚山","1","1","2"
"通安抚山东","1","1","2"
"齐州贼帅王","1","1","2"
"州贼帅王薄","1","1","2"
"大陆县城下","1","1","2"
"突厥义城公","1","1","2"
"厥义城公主","1","1","2"
"兵部员外郎","1","1","2"
"拥众十余万","2","0","2"
"厌次人格谦","1","1","2"
"光禄大夫裴","1","1","2"
"禄大夫裴仁","1","1","2"
"大夫裴仁基","1","1","2"
"前后百余战","2","0","2"
"遣女婿张志","1","1","2"
"东太阳门外","1","1","2"
"命尚书左仆","1","1","2"
"总督内外诸","1","1","2"
"偃师北山上","1","1","2"
"长史邴元真","1","1","2"
"司马郑虔象","1","1","2"
"孔子闭房记","1","1","2"
"建元曰开明","1","1","2"
"叔父乐陵公","1","1","2"
"氐羌皆归附","2","0","2"
"女博陵长公","1","1","2"
"常伯夫相继","1","1","2"
"中书侍郎贾","1","1","2"
"书侍郎贾元","1","1","2"
"侍郎贾元寿","1","1","2"
"水浆入口三","2","0","2"
"浆入口三日","2","0","2"
"改封京兆郡","1","1","2"
"封京兆郡公","1","1","2"
"安平献王故","2","0","2"
"平献王故事","2","0","2"
"姑高平公主","1","1","2"
"都督甄琛等","1","1","2"
"督甄琛等二","1","1","2"
"甄琛等二十","1","1","2"
"等二十余人","2","0","2"
"征南将军元","1","1","2"
"南将军元遥","1","1","2"
"将军元遥等","1","1","2"
"士直寝邢豹","1","1","2"
"伊盆生等十","1","1","2"
"赠营州刺史","2","0","2"
"海公姚逵平","1","1","2"
"公姚逵平北","1","1","2"
"姚逵平北府","1","1","2"
"赐爵武始侯","1","1","2"
"封安定郡公","2","0","2"
"国珍妻皇甫","1","1","2"
"珍妻皇甫氏","1","1","2"
"任城王澄奏","2","0","2"
"太师高阳王","1","1","2"
"太保广平王","1","1","2"
"怀入居门下","1","1","2"
"后侍中崔光","2","0","2"
"国珍上表陈","1","1","2"
"国珍使持节","1","1","2"
"骑大将军开","1","1","2"
"太上君景明","1","1","2"
"上君景明三","1","1","2"
"君景明三年","1","1","2"
"曰灵文夫人","1","1","2"
"封新平郡君","1","1","2"
"长安县公主","1","1","2"
"神龟元年四","1","1","2"
"龟元年四月","1","1","2"
"元年四月七","1","1","2"
"年四月七日","1","1","2"
"东园温明秘","2","0","2"
"园温明秘器","2","0","2"
"大鸿胪持节","1","1","2"
"鸿胪持节监","1","1","2"
"太后问清河","1","1","2"
"后问清河王","1","1","2"
"武贲班剑百","2","0","2"
"贲班剑百人","2","0","2"
"赐物三千段","2","0","2"
"一千五百石","1","1","2"
"灵太后服齐","1","1","2"
"太后服齐衰","1","1","2"
"天兴二年春","1","1","2"
"增国子太学","2","0","2"
"太学生员三","2","0","2"
"学生员三千","2","0","2"
"生员三千人","2","0","2"
"命乐师入学","2","0","2"
"乐师入学习","2","0","2"
"师入学习舞","2","0","2"
"始光三年春","1","1","2"
"郡立博士二","2","0","2"
"立博士二人","2","0","2"
"学生一百人","1","1","2"
"郡立博士一","2","0","2"
"立博士一人","2","0","2"
"命祭酒崔光","1","1","2"
"祭酒崔光讲","1","1","2"
"置国子生三","1","1","2"
"国子生三十","1","1","2"
"子生三十六","1","1","2"
"中书舍人卢","1","1","2"
"书舍人卢景","1","1","2"
"舍人卢景宣","1","1","2"
"人卢景宣讲","1","1","2"
"教授太原公","1","1","2"
"时中书监高","2","0","2"
"秘书令李彪","1","1","2"
"门侍郎张彝","1","1","2"
"黄门侍郎邢","1","1","2"
"门侍郎邢峦","1","1","2"
"令四门博士","1","1","2"
"儒生四十人","1","1","2"
"除光禄大夫","2","0","2"
"号惠蔚法师","1","1","2"
"赠瀛州刺史","1","1","2"
"范阳孙买德","1","1","2"
"知阳平馆陶","1","1","2"
"阳平馆陶赵","1","1","2"
"平馆陶赵世","1","1","2"
"馆陶赵世业","1","1","2"
"陶赵世业家","1","1","2"
"任城太守李","1","1","2"
"骑侍郎李业","1","1","2"
"侍郎李业兴","1","1","2"
"屯骑校尉张","1","1","2"
"骑校尉张洪","1","1","2"
"荡寇将军张","1","1","2"
"寇将军张龙","1","1","2"
"赐爵长子伯","1","1","2"
"封屯留县子","1","1","2"
"部郎中辛术","1","1","2"
"营构大匠高","1","1","2"
"构大匠高隆","1","1","2"
"骑常侍李谐","1","1","2"
"吏部郎卢元","1","1","2"
"部郎卢元明","1","1","2"
"孝经援神契","1","1","2"
"中候运衡篇","1","1","2"
"九宫行棋历","1","1","2"
"九百八十七","1","1","2"
"仆射崔暹引","1","1","2"
"上篇第一卷","1","1","2"
"兵部尹公正","1","1","2"
"晋河南将军","1","1","2"
"河南将军熊","1","1","2"
"南将军熊光","1","1","2"
"冀州长史郑","1","1","2"
"州长史郑大","1","1","2"
"士开二人相","1","1","2"
"开二人相对","1","1","2"
"赐爵容城县","2","0","2"
"爵容城县男","1","1","2"
"吏部尚书清","1","1","2"
"部尚书清河","1","1","2"
"司徒崔浩学","1","1","2"
"时王思政镇","1","1","2"
"外史下大夫","1","1","2"
"庄公三十一","1","1","2"
"公三十一年","1","1","2"
"三十一年冬","1","1","2"
"僖公二十一","1","1","2"
"公二十一年","1","1","2"
"二十一年夏","1","1","2"
"汉惠帝二年","1","1","2"
"惠帝二年夏","1","1","2"
"十四万六千","1","1","2"
"四万六千人","1","1","2"
"武帝元狩三","1","1","2"
"帝元狩三年","1","1","2"
"元狩三年夏","1","1","2"
"助教顾良戏","1","1","2"
"除国子博士","2","0","2"
"魏文侯问子","1","1","2"
"文侯问子夏","1","1","2"
"郎薛道衡等","1","1","2"
"寻国子祭酒","2","0","2"
"三十六科鬼","1","1","2"
"十六科鬼神","1","1","2"
"六科鬼神感","1","1","2"
"科鬼神感应","1","1","2"
"鬼神感应等","1","1","2"
"神感应等大","1","1","2"
"感应等大义","1","1","2"
"著作郎王劭","1","1","2"
"内史省考定","1","1","2"
"内史令博陵","1","1","2"
"尚书韦世康","1","1","2"
"书韦世康问","1","1","2"
"诸儒修定五","2","0","2"
"儒修定五礼","2","0","2"
"尚书牛弘建","1","1","2"
"书牛弘建议","1","1","2"
"老吏抱案死","1","1","2"
"纳言杨达举","1","1","2"
"河东裴敬宪","1","1","2"
"乐安孙彦举","1","1","2"
"范阳卢元明","2","0","2"
"通直郎萧放","1","1","2"
"齐州录事参","1","1","2"
"录事参军萧","1","1","2"
"事参军萧悫","1","1","2"
"赵州功曹参","1","1","2"
"州功曹参军","1","1","2"
"功曹参军颜","1","1","2"
"奏立文林馆","2","0","2"
"太子太师徐","1","1","2"
"散骑侍郎韦","1","1","2"
"骑侍郎韦道","1","1","2"
"侍郎韦道逊","1","1","2"
"太子舍人王","1","1","2"
"子舍人王劭","1","1","2"
"卫尉丞李孝","1","1","2"
"尉丞李孝基","1","1","2"
"中侍御史魏","1","1","2"
"侍御史魏澹","1","1","2"
"中散大夫刘","1","1","2"
"散大夫刘仲","1","1","2"
"大夫刘仲威","1","1","2"
"考功郎中崔","1","1","2"
"功郎中崔子","1","1","2"
"郎中崔子枢","1","1","2"
"省主客郎中","1","1","2"
"主客郎中卢","1","1","2"
"客郎中卢思","1","1","2"
"郎中卢思道","1","1","2"
"司空东阁祭","1","1","2"
"空东阁祭酒","1","1","2"
"东阁祭酒崔","1","1","2"
"阁祭酒崔德","1","1","2"
"祭酒崔德立","1","1","2"
"太傅行参军","1","1","2"
"傅行参军崔","1","1","2"
"太学博士诸","1","1","2"
"学博士诸葛","1","1","2"
"博士诸葛汉","1","1","2"
"奉朝请郑公","1","1","2"
"朝请郑公超","1","1","2"
"中侍御史郑","1","1","2"
"侍御史郑子","1","1","2"
"御史郑子信","1","1","2"
"史郑子信等","1","1","2"
"命特进崔季","1","1","2"
"特进崔季舒","1","1","2"
"仁州刺史刘","1","1","2"
"州刺史刘逖","1","1","2"
"仆射段孝言","1","1","2"
"者十三四焉","2","0","2"
"广平宋孝王","1","1","2"
"信都刘善经","1","1","2"
"拟饮马长城","1","1","2"
"饮马长城窟","1","1","2"
"齐人范阳卢","1","1","2"
"人范阳卢思","1","1","2"
"河东薛道衡","1","1","2"
"赵郡李元操","1","1","2"
"陈人会稽虞","1","1","2"
"人会稽虞世","1","1","2"
"会稽虞世基","1","1","2"
"高阳许善心","1","1","2"
"阳许善心等","1","1","2"
"州左将军长","1","1","2"
"左将军长史","1","1","2"
"行济阴郡事","1","1","2"
"侯山祠堂碑","1","1","2"
"山祠堂碑文","1","1","2"
"孙搴等二十","1","1","2"
"搴等二十四","1","1","2"
"等二十四人","1","1","2"
"吏部郎中李","1","1","2"
"部郎中李奖","1","1","2"
"黄门郎徐纥","1","1","2"
"南主客郎中","1","1","2"
"上党王天穆","2","0","2"
"时录尚书事","1","1","2"
"太尉长史宋","1","1","2"
"尉长史宋游","1","1","2"
"长史宋游道","1","1","2"
"史宋游道收","1","1","2"
"国子祭酒萧","1","1","2"
"子祭酒萧子","1","1","2"
"祭酒萧子云","1","1","2"
"宣城王文学","1","1","2"
"元帝平侯景","2","0","2"
"镇军将军胡","1","1","2"
"军将军胡僧","1","1","2"
"太府卿黄罗","1","1","2"
"府卿黄罗汉","1","1","2"
"褒都督城西","1","1","2"
"都督城西诸","1","1","2"
"督城西诸军","1","1","2"
"城西诸军事","1","1","2"
"授太子少保","1","1","2"
"梁简文帝命","1","1","2"
"除御史中丞","2","0","2"
"司水下大夫","1","1","2"
"司宪中大夫","1","1","2"
"镇西墨曹参","1","1","2"
"西墨曹参军","1","1","2"
"中抚军府外","1","1","2"
"抚军府外兵","1","1","2"
"军府外兵参","1","1","2"
"行台郎中王","1","1","2"
"大将军李穆","1","1","2"
"令中书郎段","1","1","2"
"中书郎段孝","1","1","2"
"书郎段孝信","1","1","2"
"文集三十卷","1","1","2"
"中书令孔奂","1","1","2"
"书令孔奂见","1","1","2"
"秘书监河东","1","1","2"
"大夫裴蕴等","1","1","2"
"位金紫光禄","1","1","2"
"遣太常丞元","1","1","2"
"太常丞元善","1","1","2"
"常丞元善达","1","1","2"
"太子詹事江","1","1","2"
"子詹事江总","1","1","2"
"詹事江总举","1","1","2"
"授度支郎中","1","1","2"
"散骑常侍聘","2","0","2"
"荐儒者徐文","1","1","2"
"儒者徐文远","1","1","2"
"副纳言杨达","1","1","2"
"冀州道大使","1","1","2"
"御史大夫梁","1","1","2"
"史大夫梁毗","1","1","2"
"杨汪等二十","1","1","2"
"加授朝散大","1","1","2"
"授朝散大夫","1","1","2"
"左亲侍武贲","1","1","2"
"亲侍武贲郎","1","1","2"
"侍武贲郎将","1","1","2"
"博士杨轨等","1","1","2"
"士杨轨等二","1","1","2"
"杨轨等二百","1","1","2"
"授左侍上士","1","1","2"
"疾风知劲草","1","1","2"
"帅王薄北连","1","1","2"
"王薄北连豆","1","1","2"
"薄北连豆子","1","1","2"
"北连豆子贼","1","1","2"
"连豆子贼孙","1","1","2"
"豆子贼孙宣","1","1","2"
"子贼孙宣雅","1","1","2"
"司隶刺史裴","1","1","2"
"隶刺史裴操","1","1","2"
"河南道十二","1","1","2"
"南道十二郡","1","1","2"
"道十二郡黜","1","1","2"
"十二郡黜陟","1","1","2"
"二郡黜陟讨","1","1","2"
"郡黜陟讨捕","1","1","2"
"黜陟讨捕大","1","1","2"
"陟讨捕大使","1","1","2"
"韦义节等攻","1","1","2"
"君素金紫光","1","1","2"
"素金紫光禄","1","1","2"
"慕容氏渔阳","1","1","2"
"容氏渔阳太","1","1","2"
"氏渔阳太守","1","1","2"
"冯弘城周太","1","1","2"
"弘城周太守","1","1","2"
"道大行台左","1","1","2"
"新昌男转授","1","1","2"
"长广王晔主","2","0","2"
"授平州刺史","2","0","2"
"神武丞相府","1","1","2"
"武丞相府右","1","1","2"
"三公曹第六","1","1","2"
"公曹第六十","1","1","2"
"曹第六十六","1","1","2"
"第六十六条","1","1","2"
"三公郎封君","1","1","2"
"公郎封君义","1","1","2"
"天下未母国","2","0","2"
"台郎中郭秀","1","1","2"
"吏部郎中崔","1","1","2"
"部郎中崔暹","1","1","2"
"清河王岳司","2","0","2"
"河王岳司州","2","0","2"
"王岳司州牧","2","0","2"
"河间王国郎","1","1","2"
"间王国郎中","1","1","2"
"王国郎中令","1","1","2"
"识河间王郎","1","1","2"
"河间王郎中","1","1","2"
"间王郎中孟","1","1","2"
"王郎中孟业","1","1","2"
"令点检百官","1","1","2"
"东燕县人班","1","1","2"
"燕县人班映","1","1","2"
"县人班映祖","1","1","2"
"王段孝先相","1","1","2"
"段孝先相府","1","1","2"
"孝先相府行","1","1","2"
"先相府行参","1","1","2"
"长乐武强人","1","1","2"
"荆州刺史曹","1","1","2"
"州刺史曹芝","1","1","2"
"南清河太守","1","1","2"
"县人魏双成","1","1","2"
"村人魏子宾","1","1","2"
"冀州绎幕县","1","1","2"
"州绎幕县人","1","1","2"
"绎幕县人成","1","1","2"
"幕县人成氏","1","1","2"
"任清河太守","1","1","2"
"徐州行台左","1","1","2"
"州行台左丞","1","1","2"
"徐州城中五","1","1","2"
"州城中五级","1","1","2"
"城中五级寺","1","1","2"
"宣帝营建东","1","1","2"
"爵安定郡公","1","1","2"
"百姓王陇客","1","1","2"
"百姓王元寿","1","1","2"
"姓王元寿等","1","1","2"
"赐爵安阳男","1","1","2"
"永昌王仁随","1","1","2"
"昌王仁随太","1","1","2"
"王仁随太武","1","1","2"
"仁随太武南","1","1","2"
"随太武南征","1","1","2"
"益二州刺史","1","1","2"
"赤葩渴郎羌","1","1","2"
"除殿中尚书","2","0","2"
"位仪同三司","2","0","2"
"爵武山郡公","1","1","2"
"女婿京兆杜","1","1","2"
"婿京兆杜宁","1","1","2"
"受乡人吊唁","1","1","2"
"平北将军蔡","1","1","2"
"北将军蔡道","1","1","2"
"将军蔡道恭","1","1","2"
"中山王英平","1","1","2"
"造闲居佛寺","1","1","2"
"延昌二年冬","1","1","2"
"嵩高道场寺","1","1","2"
"寿春道人惠","1","1","2"
"春道人惠需","1","1","2"
"学者数百人","1","1","2"
"者数百人苦","1","1","2"
"太极真人徐","1","1","2"
"极真人徐君","1","1","2"
"真人徐君降","1","1","2"
"东海徐先生","1","1","2"
"骠骑军谋祭","1","1","2"
"骑军谋祭酒","1","1","2"
"冯弘太史令","1","1","2"
"弘太史令闵","1","1","2"
"太史令闵盛","1","1","2"
"太史赵樊生","1","1","2"
"后太史令赵","1","1","2"
"太史令赵胜","1","1","2"
"州人高崇祖","1","1","2"
"除中散大夫","2","0","2"
"散骑常侍孙","1","1","2"
"骑常侍孙僧","1","1","2"
"常侍孙僧化","1","1","2"
"太史胡世荣","1","1","2"
"太史令张宠","1","1","2"
"中书舍人孙","1","1","2"
"书舍人孙子","1","1","2"
"舍人孙子良","1","1","2"
"人孙子良等","1","1","2"
"中散大夫孙","1","1","2"
"散大夫孙安","1","1","2"
"大夫孙安都","1","1","2"
"夫孙安都共","1","1","2"
"毛鸿宾等九","1","1","2"
"太傅梁览家","1","1","2"
"温泉东间骊","1","1","2"
"泉东间骊山","1","1","2"
"丰王延明召","1","1","2"
"太守慕容保","1","1","2"
"守慕容保乐","1","1","2"
"中外府田曹","1","1","2"
"外府田曹参","1","1","2"
"府田曹参军","1","1","2"
"丞相仓曹祖","1","1","2"
"太史令尹咸","1","1","2"
"齐文襄引大","2","0","2"
"文襄引大将","2","0","2"
"襄引大将军","2","0","2"
"引大将军府","2","0","2"
"赵郡王等奉","1","1","2"
"郡王等奉太","1","1","2"
"王等奉太后","1","1","2"
"入荆州汶阳","1","1","2"
"荆州汶阳郡","1","1","2"
"州汶阳郡高","1","1","2"
"蛮贼文道期","1","1","2"
"弟子八百人","1","1","2"
"进见王僧辩","1","1","2"
"武陵王纪果","1","1","2"
"取寿王佛殿","1","1","2"
"天保六年春","1","1","2"
"清河王岳进","1","1","2"
"河王岳进军","1","1","2"
"安湘郡公宋","1","1","2"
"湘郡公宋莅","1","1","2"
"城南十二里","1","1","2"
"奴婢二百人","1","1","2"
"随晋元帝过","1","1","2"
"晋元帝过江","1","1","2"
"南郡江陵县","1","1","2"
"尚书宗懔等","1","1","2"
"周文帝一见","1","1","2"
"少宗伯斛斯","1","1","2"
"太史中大夫","1","1","2"
"大定元年正","1","1","2"
"定元年正月","1","1","2"
"长沙宣武王","1","1","2"
"桃汤苇火驱","1","1","2"
"汤苇火驱逐","1","1","2"
"方圆五六百","1","1","2"
"圆五六百步","1","1","2"
"族人萧平仲","1","1","2"
"宇文左率深","1","1","2"
"怀远坊南门","1","1","2"
"远坊南门东","1","1","2"
"将军许知常","1","1","2"
"冀州刺史赵","1","1","2"
"太史令刘晖","1","1","2"
"史令刘晖等","1","1","2"
"内史通事颜","1","1","2"
"一百八十六","1","1","2"
"百八十六年","1","1","2"
"令合朔加时","2","0","2"
"检前代加时","1","1","2"
"百八十二日","2","0","2"
"八十二日行","2","0","2"
"十二日行一","2","0","2"
"二日行一百","2","0","2"
"行一百八十","1","1","2"
"一百八十度","1","1","2"
"日行一百七","2","0","2"
"一百七十六","1","1","2"
"百七十六度","1","1","2"
"行黄道内十","1","1","2"
"黄道内十三","1","1","2"
"三十六度内","1","1","2"
"一百七十七","1","1","2"
"百七十七度","1","1","2"
"行九十二度","1","1","2"
"木火土金四","1","1","2"
"火土金四星","1","1","2"
"文明太后时","1","1","2"
"赠安东将军","2","0","2"
"吴兴武康人","1","1","2"
"晋安王府谘","1","1","2"
"安王府谘议","1","1","2"
"金州刺史伊","1","1","2"
"州刺史伊娄","1","1","2"
"刺史伊娄穆","1","1","2"
"襄乐公贺兰","1","1","2"
"乐公贺兰隆","1","1","2"
"永世公叱伏","1","1","2"
"世公叱伏列","1","1","2"
"公叱伏列椿","1","1","2"
"遂伯中大夫","1","1","2"
"太医下大夫","1","1","2"
"迁上开府仪","1","1","2"
"僧垣医术高","1","1","2"
"垣医术高妙","1","1","2"
"武陵王谘议","1","1","2"
"陵王谘议参","1","1","2"
"王谘议参军","1","1","2"
"献金线锦袍","1","1","2"
"桂州俚李光","1","1","2"
"州俚李光仕","1","1","2"
"帅庞靖等相","1","1","2"
"分遣建州开","1","1","2"
"遣建州开府","1","1","2"
"建州开府梁","1","1","2"
"州开府梁昵","1","1","2"
"开府梁昵讨","1","1","2"
"州刺史冯暄","1","1","2"
"刺史冯暄讨","1","1","2"
"选部郎薛迈","1","1","2"
"部郎薛迈等","1","1","2"
"书宇文恺造","1","1","2"
"宇文恺造辽","1","1","2"
"文恺造辽水","1","1","2"
"恺造辽水桥","1","1","2"
"卫大将军麦","1","1","2"
"大将军麦铁","1","1","2"
"将军麦铁杖","1","1","2"
"州刺史冯融","1","1","2"
"子高凉太守","1","1","2"
"广州都督萧","1","1","2"
"州都督萧勃","1","1","2"
"都督萧勃征","1","1","2"
"督萧勃征兵","1","1","2"
"高州刺史李","1","1","2"
"州刺史李迁","1","1","2"
"刺史李迁仕","1","1","2"
"主帅杜平虏","1","1","2"
"长城侯陈霸","1","1","2"
"城侯陈霸先","1","1","2"
"侯陈霸先会","1","1","2"
"平越中郎将","1","1","2"
"高凉郡太夫","1","1","2"
"凉郡太夫人","1","1","2"
"宪油络驷马","1","1","2"
"油络驷马安","1","1","2"
"络驷马安车","1","1","2"
"驷马安车一","1","1","2"
"宋康郡夫人","1","1","2"
"禺人王仲宣","1","1","2"
"人王仲宣反","1","1","2"
"夫人幕府署","1","1","2"
"人幕府署长","1","1","2"
"幕府署长史","1","1","2"
"时番州总管","1","1","2"
"番州总管赵","1","1","2"
"州总管赵讷","1","1","2"
"总管赵讷贪","1","1","2"
"赐夫人临振","1","1","2"
"夫人临振县","1","1","2"
"人临振县汤","1","1","2"
"临振县汤沐","1","1","2"
"邑一千五百","1","1","2"
"河南长孙氏","1","1","2"
"徒游长安城","1","1","2"
"赠平远将军","1","1","2"
"文明太后亲","1","1","2"
"昌公王遇监","1","1","2"
"内侍长董丑","1","1","2"
"侍长董丑奴","1","1","2"
"南二十里大","1","1","2"
"太原晋阳故","1","1","2"
"位殿中侍御","2","0","2"
"绫罗户人乐","1","1","2"
"罗户人乐葵","1","1","2"
"陇东人张乾","1","1","2"
"东人张乾王","1","1","2"
"中曹侍御尚","1","1","2"
"曹侍御尚书","1","1","2"
"殿中侍御尚","1","1","2"
"中侍御尚书","1","1","2"
"赐黄金八十","1","1","2"
"黄金八十斤","1","1","2"
"西郊乐阳殿","1","1","2"
"司徒冯诞同","1","1","2"
"陈留公主所","1","1","2"
"留公主所告","1","1","2"
"中常侍贾粲","1","1","2"
"常侍贾粲假","1","1","2"
"乘步挽入殿","2","0","2"
"步挽入殿门","2","0","2"
"奉车都尉周","1","1","2"
"车都尉周恃","1","1","2"
"大贤真正都","1","1","2"
"贤真正都督","1","1","2"
"都督三十人","1","1","2"
"阳王斛律明","1","1","2"
"王斛律明月","1","1","2"
"宜阳王赵彦","1","1","2"
"阳王赵彦深","1","1","2"
"诛斛律明月","2","0","2"
"省事徐孝远","1","1","2"
"军将军侯吕","1","1","2"
"穆提婆共处","1","1","2"
"监造晋阳宫","1","1","2"
"随石季龙迁","1","1","2"
"子四十二人","1","1","2"
"子卫大将军","1","1","2"
"焉违等二人","1","1","2"
"汉武帝元封","1","1","2"
"武帝元封四","1","1","2"
"帝元封四年","1","1","2"
"丽遣使朝贡","2","0","2"
"玄菟太守蔡","1","1","2"
"菟太守蔡风","1","1","2"
"灵帝建宁二","1","1","2"
"帝建宁二年","1","1","2"
"玄菟太守耿","1","1","2"
"菟太守耿临","1","1","2"
"太守耿临讨","1","1","2"
"司马宣王率","1","1","2"
"马宣王率众","1","1","2"
"宣王率众讨","1","1","2"
"将军王颀追","1","1","2"
"昌黎大棘城","1","1","2"
"玄孙乙弗利","1","1","2"
"孙乙弗利频","1","1","2"
"魏建国四年","1","1","2"
"辽东南一千","1","1","2"
"黄金二百斤","1","1","2"
"白银四百斤","1","1","2"
"骑常侍封拨","1","1","2"
"常侍封拨诏","1","1","2"
"乐平王丕等","2","0","2"
"尚书李敷等","1","1","2"
"散骑常侍程","1","1","2"
"骑常侍程骏","1","1","2"
"谒者仆射李","1","1","2"
"者仆射李安","1","1","2"
"仆射李安上","1","1","2"
"策赠车骑大","2","0","2"
"护东夷中郎","1","1","2"
"安宁东将军","1","1","2"
"周建德六年","1","1","2"
"改封高丽王","1","1","2"
"共细布一疋","1","1","2"
"始祖夫余神","1","1","2"
"营州总管韦","1","1","2"
"州总管韦世","1","1","2"
"总管韦世冲","1","1","2"
"表称辽东粪","1","1","2"
"称辽东粪土","1","1","2"
"辽东粪土臣","1","1","2"
"东粪土臣元","1","1","2"
"郎斛斯政亡","2","0","2"
"斛斯政亡入","2","0","2"
"斯政亡入高","2","0","2"
"政亡入高丽","2","0","2"
"送斛斯政赎","1","1","2"
"斛斯政赎罪","1","1","2"
"龙北数百里","1","1","2"
"莫弗纥何辰","1","1","2"
"吐六干部等","1","1","2"
"莫贺弗勿干","1","1","2"
"贺弗勿干率","1","1","2"
"初真等三十","1","1","2"
"真等三十人","1","1","2"
"天保四年九","1","1","2"
"保四年九月","1","1","2"
"王姓欢斯氏","1","1","2"
"海师何蛮等","1","1","2"
"夷邪夕国人","1","1","2"
"夫张镇州率","1","1","2"
"张镇州率兵","1","1","2"
"中郎将郭昌","1","1","2"
"养外甥令狐","1","1","2"
"外甥令狐茂","1","1","2"
"甥令狐茂搜","1","1","2"
"晋咸安元年","1","1","2"
"夷夏千余家","1","1","2"
"称龙骧将军","1","1","2"
"号征西将军","2","0","2"
"二十部护军","1","1","2"
"宋元嘉正朔","1","1","2"
"时宋梁州刺","1","1","2"
"宋梁州刺史","1","1","2"
"梁州刺史甄","1","1","2"
"州刺史甄法","1","1","2"
"刺史甄法护","1","1","2"
"刺史萧思话","1","1","2"
"史萧思话代","1","1","2"
"萧思话代任","1","1","2"
"保宗征南大","1","1","2"
"宗征南大将","1","1","2"
"保显镇西将","1","1","2"
"显镇西将军","1","1","2"
"人七千余家","1","1","2"
"方明克仇池","2","0","2"
"保宗弟文德","2","0","2"
"弟文德先逃","1","1","2"
"秦河梁三州","1","1","2"
"河梁三州牧","1","1","2"
"诏淮阳公皮","1","1","2"
"保宗妻公主","1","1","2"
"宗妻公主送","1","1","2"
"赐爵仇池公","1","1","2"
"尚书右丞张","1","1","2"
"书右丞张普","1","1","2"
"右丞张普惠","1","1","2"
"东益州刺史","1","1","2"
"益州刺史魏","1","1","2"
"州刺史魏子","1","1","2"
"刺史魏子建","1","1","2"
"公熙大行贿","1","1","2"
"熙大行贿赂","1","1","2"
"秦贼莫折天","1","1","2"
"贼莫折天生","1","1","2"
"宋荆州刺史","1","1","2"
"荆州刺史刘","1","1","2"
"州刺史刘义","1","1","2"
"刺史刘义宣","1","1","2"
"文度武兴镇","1","1","2"
"度武兴镇将","1","1","2"
"征西将军皮","1","1","2"
"西将军皮欢","1","1","2"
"将军皮欢喜","1","1","2"
"军皮欢喜攻","1","1","2"
"护南蛮校尉","1","1","2"
"进号镇南将","2","0","2"
"号镇南将军","2","0","2"
"夏侯道迁汉","2","0","2"
"侯道迁汉中","2","0","2"
"梁白马戍主","1","1","2"
"白马戍主尹","1","1","2"
"马戍主尹天","1","1","2"
"戍主尹天保","1","1","2"
"主尹天保率","1","1","2"
"安西将军邢","1","1","2"
"西将军邢峦","1","1","2"
"建武将军傅","1","1","2"
"武将军傅竖","1","1","2"
"将军傅竖眼","1","1","2"
"军傅竖眼攻","1","1","2"
"前后镇将唐","1","1","2"
"后镇将唐法","1","1","2"
"镇将唐法乐","1","1","2"
"氐豪仇石柱","1","1","2"
"豪仇石柱等","1","1","2"
"朝廷西南忧","2","0","2"
"南岐州氐苻","1","1","2"
"岐州氐苻寿","1","1","2"
"督侯莫陈顺","1","1","2"
"渭州刺史长","1","1","2"
"刺史长孙澄","1","1","2"
"氐帅梁道显","1","1","2"
"鼠仁等相继","1","1","2"
"仁等相继归","1","1","2"
"等相继归附","1","1","2"
"氐帅盖闹等","1","1","2"
"宕昌羌獠甘","1","1","2"
"刺史叱罗协","1","1","2"
"将军宇文贵","1","1","2"
"宗人杨崇集","1","1","2"
"凤州固道氐","1","1","2"
"州固道氐魏","1","1","2"
"固道氐魏天","1","1","2"
"道氐魏天王","1","1","2"
"氐魏天王等","1","1","2"
"军豆卢宁等","1","1","2"
"兴州人段吒","1","1","2"
"仪同刘崇义","1","1","2"
"沙州氐帅开","1","1","2"
"州氐帅开府","1","1","2"
"氐帅开府杨","1","1","2"
"帅开府杨永","1","1","2"
"开府杨永安","1","1","2"
"将军达奚儒","1","1","2"
"军达奚儒讨","1","1","2"
"辽东鲜卑徒","1","1","2"
"东鲜卑徒河","1","1","2"
"鲜卑徒河涉","1","1","2"
"卑徒河涉归","1","1","2"
"辇后鼓吹大","1","1","2"
"后鼓吹大曲","1","1","2"
"子树洛干等","1","1","2"
"弟乌纥提立","1","1","2"
"宋文帝元嘉","1","1","2"
"文帝元嘉三","1","1","2"
"帝元嘉三年","1","1","2"
"先公车骑舍","1","1","2"
"命母弟慕利","1","1","2"
"母弟慕利延","1","1","2"
"侍郎谢大宁","1","1","2"
"张华等三人","1","1","2"
"太武征凉州","2","0","2"
"慕利延兄子","2","0","2"
"弟叱力延等","1","1","2"
"叱力延等八","1","1","2"
"力延等八人","1","1","2"
"延等八人逃","1","1","2"
"晋王伏罗率","1","1","2"
"斩首五千余","1","1","2"
"众一万三千","1","1","2"
"一万三千落","1","1","2"
"万三千落归","1","1","2"
"女国金酒器","1","1","2"
"胡王金钏等","1","1","2"
"王金钏等物","1","1","2"
"定阳侯曹安","1","1","2"
"诏阳平王新","1","1","2"
"阳平王新成","1","1","2"
"建安王穆六","1","1","2"
"安王穆六头","1","1","2"
"南郡公李惠","1","1","2"
"事中公孙拔","1","1","2"
"获驼马二十","1","1","2"
"驼马二十余","1","1","2"
"马二十余万","1","1","2"
"诏上党王长","1","1","2"
"王长孙观等","1","1","2"
"长孙观等率","2","0","2"
"诏平西将军","1","1","2"
"广川公皮欢","1","1","2"
"川公皮欢喜","1","1","2"
"公皮欢喜率","1","1","2"
"良利守洮阳","2","0","2"
"子度易侯立","1","1","2"
"一百二十匹","1","1","2"
"子伏连筹立","1","1","2"
"世子贺鲁头","1","1","2"
"都督西垂诸","1","1","2"
"督西垂诸军","1","1","2"
"西垂诸军事","1","1","2"
"护西戎中郎","1","1","2"
"西戎中郎将","1","1","2"
"西海郡开国","1","1","2"
"海郡开国公","1","1","2"
"麾旗章绶饰","1","1","2"
"遣员外散骑","2","0","2"
"骑常侍张礼","1","1","2"
"伏连筹上表","1","1","2"
"连筹上表申","1","1","2"
"秦州城人莫","1","1","2"
"州城人莫折","1","1","2"
"城人莫折念","1","1","2"
"人莫折念生","1","1","2"
"凉州城人万","1","1","2"
"东西三千里","1","1","2"
"南北千余里","1","1","2"
"坐金狮子床","1","1","2"
"北界气候多","1","1","2"
"界气候多寒","1","1","2"
"俗贫多富少","1","1","2"
"能日行千里","1","1","2"
"齐神武作相","1","1","2"
"散骑常侍傅","1","1","2"
"骑常侍傅灵","1","1","2"
"凉州刺史史","1","1","2"
"州刺史史宁","1","1","2"
"仆射乞伏触","1","1","2"
"射乞伏触状","1","1","2"
"将军翟潘密","1","1","2"
"二百四十人","1","1","2"
"驼骡六百头","1","1","2"
"汗袭击夸吕","1","1","2"
"宇文贵率兵","1","1","2"
"夸吕前后三","1","1","2"
"遣使献方物","2","0","2"
"龙涸王莫昌","1","1","2"
"涸王莫昌率","1","1","2"
"柱国元谐率","1","1","2"
"河西总管定","1","1","2"
"西总管定城","1","1","2"
"总管定城王","1","1","2"
"管定城王钟","1","1","2"
"定城王钟利","1","1","2"
"城王钟利房","1","1","2"
"高宁王移兹","1","1","2"
"州刺史皮子","1","1","2"
"刺史皮子信","1","1","2"
"汶州总管梁","1","1","2"
"州总管梁远","1","1","2"
"秦州总管河","1","1","2"
"州总管河间","1","1","2"
"总管河间王","1","1","2"
"叠州刺史杜","1","1","2"
"州刺史杜祭","1","1","2"
"刺史杜祭请","1","1","2"
"名王拓拔木","1","1","2"
"王拓拔木弥","1","1","2"
"拓拔木弥请","1","1","2"
"千余家归化","1","1","2"
"河南王移兹","1","1","2"
"南王移兹裒","1","1","2"
"王移兹裒死","1","1","2"
"令观德王雄","1","1","2"
"发天下轻罪","1","1","2"
"大宝王泥洛","1","1","2"
"宝王泥洛周","1","1","2"
"分立五十五","1","1","2"
"河西王沮渠","1","1","2"
"西王沮渠牧","1","1","2"
"王沮渠牧犍","1","1","2"
"长弟乐平王","1","1","2"
"弟乐平王丕","1","1","2"
"西行二千里","1","1","2"
"莎车西行一","1","1","2"
"车西行一百","1","1","2"
"西行一百里","1","1","2"
"遣侍御史韦","1","1","2"
"侍御史韦节","1","1","2"
"令闻喜公裴","1","1","2"
"闻喜公裴矩","1","1","2"
"置西戎校尉","1","1","2"
"曷多汗兄诰","1","1","2"
"多汗兄诰归","1","1","2"
"长孙肥轻骑","1","1","2"
"孙肥轻骑追","1","1","2"
"仑数人奔匹","1","1","2"
"数人奔匹候","1","1","2"
"人奔匹候跋","1","1","2"
"高车斛律部","1","1","2"
"吴颉等十五","1","1","2"
"颉等十五人","1","1","2"
"材官将军突","2","0","2"
"子度拔年少","1","1","2"
"譬历辰部落","1","1","2"
"斛律宗人悦","1","1","2"
"律宗人悦侯","1","1","2"
"斛律穹庐后","1","1","2"
"高车叱洛侯","1","1","2"
"仑季父仆浑","1","1","2"
"号牟汗纥升","1","1","2"
"牟汗纥升盖","1","1","2"
"阳侯奚斤等","1","1","2"
"侯奚斤等追","1","1","2"
"始光元年秋","1","1","2"
"东平公娥清","1","1","2"
"附国高车追","1","1","2"
"国高车追击","1","1","2"
"过汉将窦宪","1","1","2"
"平城三千七","1","1","2"
"城三千七百","1","1","2"
"三千七百余","1","1","2"
"千七百余里","1","1","2"
"东西五千余","1","1","2"
"西五千余里","1","1","2"
"南北三千里","1","1","2"
"部杀大檀种","1","1","2"
"后归降三十","1","1","2"
"归降三十余","1","1","2"
"降三十余万","1","1","2"
"戎马百余万","1","1","2"
"马百余万匹","1","1","2"
"遣左仆射安","2","0","2"
"射安原等讨","2","0","2"
"高车诸部望","2","0","2"
"车诸部望军","2","0","2"
"诸部望军降","2","0","2"
"部望军降者","2","0","2"
"望军降者数","2","0","2"
"军降者数十","2","0","2"
"降者数十万","2","0","2"
"大檀部落衰","1","1","2"
"檀部落衰弱","1","1","2"
"吴提上下感","1","1","2"
"使者纳吴提","1","1","2"
"左右数百人","1","1","2"
"献马二千匹","1","1","2"
"车驾幸五原","2","0","2"
"河东公贺多","1","1","2"
"东公贺多罗","1","1","2"
"十五将东道","2","0","2"
"督十五将西","2","0","2"
"十五将西道","2","0","2"
"大泽向涿邪","1","1","2"
"泽向涿邪山","1","1","2"
"浚稽北向天","1","1","2"
"稽北向天山","1","1","2"
"时漠北大旱","1","1","2"
"西伐沮渠牧","1","1","2"
"伐沮渠牧犍","1","1","2"
"都王穆寿辅","1","1","2"
"长乐王嵇敬","1","1","2"
"将帅五百人","1","1","2"
"子吐贺真立","1","1","2"
"高凉王东道","2","0","2"
"吐贺真新立","1","1","2"
"号受罗部真","1","1","2"
"东阳公元丕","1","1","2"
"任城王云等","1","1","2"
"济南公罗乌","1","1","2"
"南公罗乌拔","1","1","2"
"斩首五万级","1","1","2"
"返六千余里","1","1","2"
"称太平元年","1","1","2"
"石洛候谋反","1","1","2"
"十六年八月","1","1","2"
"左仆射陆睿","1","1","2"
"军斛律桓等","1","1","2"
"斛律桓等十","1","1","2"
"律桓等十二","1","1","2"
"内高车阿伏","1","1","2"
"率众十余万","1","1","2"
"众十余万西","1","1","2"
"奚勿六跋朝","1","1","2"
"蠕蠕远祖社","1","1","2"
"高车王弥俄","1","1","2"
"车王弥俄突","1","1","2"
"号豆罗伏拔","1","1","2"
"豆罗伏拔豆","1","1","2"
"罗伏拔豆伐","1","1","2"
"称建昌元年","1","1","2"
"永平四年九","1","1","2"
"平四年九月","1","1","2"
"沙门洪宣奉","1","1","2"
"门洪宣奉献","1","1","2"
"洪宣奉献珠","1","1","2"
"延昌三年冬","1","1","2"
"骁骑将军马","1","1","2"
"骑将军马义","1","1","2"
"将军马义舒","1","1","2"
"遣使俟斤尉","2","0","2"
"使俟斤尉建","2","0","2"
"巩顾礼等朝","1","1","2"
"神龟元年二","1","1","2"
"龟元年二月","1","1","2"
"明帝临显阳","2","0","2"
"帝临显阳殿","2","0","2"
"顾礼等二十","1","1","2"
"礼等二十人","1","1","2"
"舍人徐纥宣","1","1","2"
"屋引副升牟","1","1","2"
"丑奴母子欣","1","1","2"
"丑奴母子抱","1","1","2"
"力发示发率","1","1","2"
"弟乙居伐轻","1","1","2"
"乙居伐轻骑","1","1","2"
"侍中陆希道","1","1","2"
"散骑常侍孟","1","1","2"
"骑常侍孟威","1","1","2"
"黄门郎元纂","1","1","2"
"中书舍人曹","1","1","2"
"书舍人曹道","1","1","2"
"舍人曹道宣","1","1","2"
"舍人常景问","1","1","2"
"巩顾礼等使","1","1","2"
"付舍人常景","1","1","2"
"等五十四人","1","1","2"
"五十四人请","1","1","2"
"明帝临西堂","2","0","2"
"书舍人穆弼","1","1","2"
"舍人穆弼宣","1","1","2"
"细明光人马","1","1","2"
"明光人马铠","1","1","2"
"光人马铠一","1","1","2"
"人马铠一具","1","1","2"
"铁人马铠六","1","1","2"
"人马铠六具","1","1","2"
"露丝银缠槊","1","1","2"
"丝银缠槊二","1","1","2"
"银缠槊二张","1","1","2"
"赤漆槊十张","1","1","2"
"黑漆槊十张","1","1","2"
"露丝弓二张","1","1","2"
"漆柘弓六张","1","1","2"
"黑漆弓十张","1","1","2"
"赤漆鼓角二","1","1","2"
"漆鼓角二十","1","1","2"
"鼓角二十具","1","1","2"
"私府绣袍一","1","1","2"
"内者绯纳袄","1","1","2"
"者绯纳袄一","1","1","2"
"内者杂彩千","1","1","2"
"者杂彩千段","1","1","2"
"口袴褶一具","2","0","2"
"袴褶一具内","2","0","2"
"百子帐十八","1","1","2"
"子帐十八具","1","1","2"
"黄布幕六张","1","1","2"
"画盘器十合","1","1","2"
"粟二十万石","1","1","2"
"诏侍中崔光","2","0","2"
"俟力发婆罗","1","1","2"
"力发婆罗门","1","1","2"
"发婆罗门率","1","1","2"
"时安北将军","1","1","2"
"使者牒云具","1","1","2"
"者牒云具仁","1","1","2"
"俟斤丘升头","1","1","2"
"斤丘升头六","1","1","2"
"丘升头六人","1","1","2"
"蠕蠕元退社","1","1","2"
"浑河旃等二","1","1","2"
"河旃等二人","1","1","2"
"骑常侍王遵","1","1","2"
"常侍王遵业","1","1","2"
"蠕蠕后主俟","1","1","2"
"蠕后主俟匿","1","1","2"
"后主俟匿伐","1","1","2"
"尚书事高阳","1","1","2"
"书事高阳王","1","1","2"
"事高阳王雍","1","1","2"
"左仆射元钦","1","1","2"
"门侍郎张烈","1","1","2"
"结山吐若奚","1","1","2"
"山吐若奚泉","1","1","2"
"敦煌北西海","1","1","2"
"煌北西海郡","1","1","2"
"西吐若奚泉","1","1","2"
"令州镇上佐","1","1","2"
"三年十二月","1","1","2"
"牛羊数十万","1","1","2"
"书令李崇等","1","1","2"
"塞三千余里","2","0","2"
"孝昌元年春","1","1","2"
"敕连头兵伐","1","1","2"
"郁久闾弥娥","1","1","2"
"久闾弥娥等","1","1","2"
"闾弥娥等朝","1","1","2"
"太昌元年六","1","1","2"
"昌元年六月","1","1","2"
"乌勾兰树升","1","1","2"
"勾兰树升伐","1","1","2"
"兰树升伐等","1","1","2"
"树升伐等朝","1","1","2"
"永熙二年四","1","1","2"
"熙二年四月","1","1","2"
"时舍人元翌","1","1","2"
"元象元年五","1","1","2"
"象元年五月","1","1","2"
"掠肆州秀容","1","1","2"
"相府功曹参","1","1","2"
"府功曹参军","1","1","2"
"功曹参军张","1","1","2"
"曹参军张徽","1","1","2"
"参军张徽纂","1","1","2"
"赤铺步落坚","1","1","2"
"铺步落坚胡","1","1","2"
"亲公主结成","1","1","2"
"蠕蠕主雪耻","1","1","2"
"蠕主雪耻报","1","1","2"
"莫何莫缘游","1","1","2"
"何莫缘游大","1","1","2"
"莫缘游大力","1","1","2"
"缘游大力等","1","1","2"
"游大力等朝","1","1","2"
"散骑常侍太","1","1","2"
"骑常侍太府","1","1","2"
"常侍太府卿","1","1","2"
"侍太府卿罗","1","1","2"
"太府卿罗念","1","1","2"
"散骑常侍中","1","1","2"
"骑常侍中书","1","1","2"
"常侍中书舍","1","1","2"
"侍中书舍人","1","1","2"
"书舍人穆景","1","1","2"
"舍人穆景相","1","1","2"
"人穆景相等","1","1","2"
"莫何折豆浑","1","1","2"
"豆浑十升等","1","1","2"
"浑十升等朝","1","1","2"
"妹乐安公主","1","1","2"
"乐安公主许","1","1","2"
"兰陵郡长公","1","1","2"
"陵郡长公主","1","1","2"
"郁久闾譬浑","1","1","2"
"利莫何折豆","1","1","2"
"宗正卿元寿","1","1","2"
"太常卿孟韶","1","1","2"
"常卿孟韶等","1","1","2"
"卿孟韶等送","1","1","2"
"孟韶等送公","1","1","2"
"韶等送公主","1","1","2"
"登郁久闾匿","1","1","2"
"郁久闾匿伏","1","1","2"
"利阿夷普掘","1","1","2"
"齐神武第九","1","1","2"
"子长广公湛","1","1","2"
"郁久闾譬掘","1","1","2"
"利莫何游大","1","1","2"
"齐神武威德","1","1","2"
"神武威德日","1","1","2"
"武威德日盛","1","1","2"
"吐豆发郁久","1","1","2"
"豆发郁久闾","1","1","2"
"发郁久闾汗","1","1","2"
"郁久闾汗拔","1","1","2"
"久闾汗拔姻","1","1","2"
"闾汗拔姻姬","1","1","2"
"汗拔姻姬等","1","1","2"
"拔姻姬等送","1","1","2"
"姻姬等送女","1","1","2"
"典签齐人淳","1","1","2"
"阿瑰突厥所","2","0","2"
"瑰突厥所破","2","0","2"
"子庵罗辰瑰","2","0","2"
"庵罗辰瑰弟","2","0","2"
"罗辰瑰弟登","2","0","2"
"辰瑰弟登注","2","0","2"
"瑰弟登注俟","2","0","2"
"余众立注次","2","0","2"
"众立注次子","2","0","2"
"立注次子铁","2","0","2"
"次子铁伐主","2","0","2"
"注子库提北","2","0","2"
"阿富提等所","2","0","2"
"富提等所杀","2","0","2"
"国人复立库","2","0","2"
"人复立库提","2","0","2"
"复立库提主","2","0","2"
"立阿瑰子庵","2","0","2"
"阿瑰子庵罗","2","0","2"
"瑰子庵罗辰","2","0","2"
"子庵罗辰主","2","0","2"
"追突厥朔方","2","0","2"
"庵罗辰父子","1","1","2"
"辰父子北遁","2","0","2"
"蠕蠕部数万","2","0","2"
"庵罗辰妻子","2","0","2"
"生口三万余","2","0","2"
"口三万余人","1","1","2"
"亲率轻骑五","2","0","2"
"轻骑五千追","1","1","2"
"西魏恭帝二","1","1","2"
"魏恭帝二年","1","1","2"
"率部千余家","1","1","2"
"部千余家奔","1","1","2"
"千余家奔关","1","1","2"
"余家奔关中","1","1","2"
"鹿浑海西北","1","1","2"
"浑海西北百","1","1","2"
"海西北百余","1","1","2"
"西北百余里","1","1","2"
"牛马羊二十","1","1","2"
"马羊二十余","1","1","2"
"羊二十余万","1","1","2"
"亲勒六军中","2","0","2"
"勒六军中道","2","0","2"
"驳髯水西北","1","1","2"
"杂种三十余","2","0","2"
"将西北绝漠","2","0","2"
"西北绝漠千","2","0","2"
"北绝漠千余","2","0","2"
"绝漠千余里","2","0","2"
"破遗迸七部","2","0","2"
"高车众鹿苑","2","0","2"
"高车侄利曷","1","1","2"
"车侄利曷莫","1","1","2"
"侄利曷莫弗","1","1","2"
"利曷莫弗敕","1","1","2"
"曷莫弗敕力","1","1","2"
"莫弗敕力犍","1","1","2"
"弗敕力犍率","1","1","2"
"高车解批莫","1","1","2"
"车解批莫弗","1","1","2"
"解批莫弗幡","1","1","2"
"批莫弗幡豆","1","1","2"
"莫弗幡豆建","1","1","2"
"赐爵孟都公","2","0","2"
"都督宇文福","1","1","2"
"督宇文福追","1","1","2"
"人慰劳树者","1","1","2"
"荥州刺史邵","1","1","2"
"州刺史邵国","1","1","2"
"刺史邵国公","1","1","2"
"史邵国公宇","1","1","2"
"邵国公宇文","1","1","2"
"国公宇文胄","1","1","2"
"东楚州刺史","1","1","2"
"楚州刺史费","1","1","2"
"东潼州刺史","1","1","2"
"潼州刺史曹","1","1","2"
"州刺史曹孝","1","1","2"
"刺史曹孝达","1","1","2"
"南豳州刺史","1","1","2"
"西南道行台","1","1","2"
"南道行台兵","1","1","2"
"道行台兵部","1","1","2"
"二十四州诸","1","1","2"
"追尊元德太","1","1","2"
"尊元德太子","1","1","2"
"后袭封临泾","1","1","2"
"袭封临泾公","1","1","2"
"转内史下大","2","0","2"
"授散骑常侍","1","1","2"
"宋秘书丞王","1","1","2"
"秘书丞王俭","1","1","2"
"书丞王俭依","1","1","2"
"作乐府歌词","1","1","2"
"撰定圆丘五","1","1","2"
"定圆丘五帝","1","1","2"
"圆丘五帝凯","1","1","2"
"丘五帝凯乐","1","1","2"
"立春木王火","1","1","2"
"春木王火相","1","1","2"
"立夏火王土","1","1","2"
"夏火王土相","1","1","2"
"立秋金王水","1","1","2"
"秋金王水相","1","1","2"
"立冬水王木","1","1","2"
"冬水王木相","1","1","2"
"明六律六吕","1","1","2"
"学行敦时俗","1","1","2"
"纳言云阁上","1","1","2"
"礼仪皇运初","1","1","2"
"文集十二卷","1","1","2"
"营新都总监","1","1","2"
"右中军熊渠","1","1","2"
"中军熊渠中","1","1","2"
"军熊渠中大","1","1","2"
"熊渠中大夫","1","1","2"
"历太子舍人","2","0","2"
"晋安王文学","1","1","2"
"内史都上士","1","1","2"
"长白山头百","1","1","2"
"白山头百战","1","1","2"
"山头百战场","1","1","2"
"检校河南内","1","1","2"
"校河南内史","1","1","2"
"太原道十九","1","1","2"
"原道十九州","1","1","2"
"学生八十人","1","1","2"
"武邑郡中正","1","1","2"
"瀛州刺史宇","1","1","2"
"刺史宇文亢","1","1","2"
"史宇文亢召","1","1","2"
"命散骑常侍","1","1","2"
"骑常侍封孝","1","1","2"
"常侍封孝琰","1","1","2"
"前乐陵太守","1","1","2"
"乐陵太守郑","1","1","2"
"陵太守郑元","1","1","2"
"太守郑元礼","1","1","2"
"卫尉少卿杜","1","1","2"
"尉少卿杜台","1","1","2"
"少卿杜台卿","1","1","2"
"散骑常侍杨","1","1","2"
"骑常侍杨训","1","1","2"
"州长史羊肃","1","1","2"
"散骑侍郎马","1","1","2"
"骑侍郎马元","1","1","2"
"侍郎马元熙","1","1","2"
"省三公郎中","1","1","2"
"三公郎中刘","1","1","2"
"公郎中刘珉","1","1","2"
"府行参军李","1","1","2"
"行参军李师","1","1","2"
"参军李师上","1","1","2"
"前济州长史","1","1","2"
"济州长史李","1","1","2"
"州长史李翥","1","1","2"
"前广武太守","1","1","2"
"广武太守魏","1","1","2"
"州司马萧溉","1","1","2"
"前幽州长史","1","1","2"
"幽州长史陆","1","1","2"
"州长史陆仁","1","1","2"
"长史陆仁惠","1","1","2"
"郑州司马江","1","1","2"
"州司马江旰","1","1","2"
"前通直散骑","1","1","2"
"散骑侍郎辛","1","1","2"
"骑侍郎辛德","1","1","2"
"侍郎辛德源","1","1","2"
"通直郎封孝","1","1","2"
"直郎封孝骞","1","1","2"
"省右户郎元","1","1","2"
"右户郎元行","1","1","2"
"户郎元行恭","1","1","2"
"司徒户曹参","1","1","2"
"徒户曹参军","1","1","2"
"户曹参军古","1","1","2"
"曹参军古道","1","1","2"
"参军古道子","1","1","2"
"前司空功曹","1","1","2"
"司空功曹参","1","1","2"
"空功曹参军","1","1","2"
"获嘉令崔德","1","1","2"
"嘉令崔德儒","1","1","2"
"事中李元楷","1","1","2"
"太尉中兵参","1","1","2"
"尉中兵参军","1","1","2"
"中兵参军刘","1","1","2"
"兵参军刘儒","1","1","2"
"参军刘儒行","1","1","2"
"司空祭酒阳","1","1","2"
"空祭酒阳辟","1","1","2"
"祭酒阳辟疆","1","1","2"
"士曹参军卢","1","1","2"
"曹参军卢公","1","1","2"
"参军卢公顺","1","1","2"
"司空中兵参","1","1","2"
"空中兵参军","1","1","2"
"中兵参军周","1","1","2"
"兵参军周子","1","1","2"
"参军周子深","1","1","2"
"府行参军王","1","1","2"
"行参军王友","1","1","2"
"参军王友伯","1","1","2"
"乙速孤佛保","1","1","2"
"一百二十卷","1","1","2"
"一百四十二","1","1","2"
"百四十二卷","1","1","2"
"帝王养生方","1","1","2"
"镇西湘东王","1","1","2"
"西湘东王府","1","1","2"
"湘东王府中","1","1","2"
"东王府中记","1","1","2"
"王府中记室","1","1","2"
"府中记室参","1","1","2"
"中记室参军","1","1","2"
"小畿伯下大","1","1","2"
"畿伯下大夫","1","1","2"
"湖二州刺史","1","1","2"
"爵高密郡公","1","1","2"
"骑侍郎李敖","1","1","2"
"号征西大将","1","1","2"
"征西大将军","1","1","2"
"遣大鸿胪公","1","1","2"
"大鸿胪公孙","1","1","2"
"鸿胪公孙轨","1","1","2"
"督梁州刺史","1","1","2"
"大鸿胪崔颐","1","1","2"
"护西羌校尉","1","1","2"
"秦梁二州牧","1","1","2"
"乌纥提一名","1","1","2"
"纥提一名大","1","1","2"
"提一名大孩","1","1","2"
"弟慕利延立","1","1","2"
"改封西平王","1","1","2"
"西平临羌城","1","1","2"
"东西四千里","1","1","2"
"南北二千里","1","1","2"
"子吐奴傀立","1","1","2"
"子地粟袁立","1","1","2"
"地粟袁长子","1","1","2"
"粟袁长子匹","1","1","2"
"袁长子匹候","1","1","2"
"长子匹候跋","1","1","2"
"王长孙翰等","1","1","2"
"将军安原等","1","1","2"
"军安原等西","1","1","2"
"拔等率千余","1","1","2"
"等率千余家","1","1","2"
"廷尉元洪超","1","1","2"
"敦煌安置婆","1","1","2"
"煌安置婆罗","1","1","2"
"安置婆罗门","1","1","2"
"司徒长孙翰","1","1","2"
"尚书令刘洁","1","1","2"
"书令刘洁等","1","1","2"
"统国三十六","2","0","2"
"节皇帝贷立","1","1","2"
"元皇帝俟立","1","1","2"
"故时人号曰","2","0","2"
"神元皇帝立","1","1","2"
"魏景元二年","1","1","2"
"征北将军卫","1","1","2"
"太祖道武皇","1","1","2"
"祖道武皇帝","1","1","2"
"建国三十四","1","1","2"
"国三十四年","1","1","2"
"三十四年七","1","1","2"
"十四年七月","1","1","2"
"四年七月七","1","1","2"
"年七月七日","1","1","2"
"南部大人长","1","1","2"
"部大人长孙","1","1","2"
"大人长孙嵩","1","1","2"
"葬昭成皇帝","1","1","2"
"旧臣长孙犍","1","1","2"
"乞伏国仁私","1","1","2"
"登国元年春","1","1","2"
"国元年春正","1","1","2"
"僭皇帝位长","2","0","2"
"叔孙普洛等","1","1","2"
"孙普洛等十","1","1","2"
"普洛等十三","1","1","2"
"洛等十三人","1","1","2"
"诸乌丸亡奔","2","0","2"
"乌丸亡奔卫","2","0","2"
"丸亡奔卫辰","2","0","2"
"弩山幸牛川","2","0","2"
"二年夏五月","1","1","2"
"征兵慕容垂","2","0","2"
"三年夏五月","1","1","2"
"北征库莫奚","1","1","2"
"乞伏国仁死","1","1","2"
"讨叱突邻部","1","1","2"
"五年春三月","1","1","2"
"年春三月甲","1","1","2"
"春三月甲申","1","1","2"
"容垂遣子贺","2","0","2"
"陈留公虔等","1","1","2"
"留公虔等西","1","1","2"
"冬十月戊戌","1","1","2"
"十一月戊辰","1","1","2"
"卫辰父子奔","1","1","2"
"帝南征薛干","1","1","2"
"南征薛干部","1","1","2"
"十年秋七月","1","1","2"
"皇始元年春","1","1","2"
"始元年春正","1","1","2"
"陈留公虔死","1","1","2"
"皇太后贺氏","1","1","2"
"左司马许谦","1","1","2"
"司马许谦上","1","1","2"
"将军封真等","1","1","2"
"辽西王农弃","1","1","2"
"西王农弃城","1","1","2"
"辅国将军奚","1","1","2"
"国将军奚牧","1","1","2"
"信都三城下","2","0","2"
"诏东平公仪","2","0","2"
"冠军将军王","1","1","2"
"军将军王建","1","1","2"
"左军将军李","1","1","2"
"军将军李栗","1","1","2"
"将军李栗等","1","1","2"
"军李栗等攻","1","1","2"
"宜都王慕容","1","1","2"
"都王慕容凤","1","1","2"
"辅国将军张","1","1","2"
"国将军张骧","1","1","2"
"护军将军徐","1","1","2"
"军将军徐超","1","1","2"
"秘书监崔逞","1","1","2"
"书监崔逞等","1","1","2"
"史令晁崇奏","1","1","2"
"帝进军新市","1","1","2"
"降者二万余","2","0","2"
"者二万余人","2","0","2"
"天兴元年春","1","1","2"
"兴元年春正","1","1","2"
"略阳公遵镇","1","1","2"
"右军将军尹","1","1","2"
"军将军尹国","1","1","2"
"安南将军长","1","1","2"
"南将军长孙","1","1","2"
"将军长孙嵩","1","1","2"
"章武诸郡群","2","0","2"
"武诸郡群盗","2","0","2"
"略阳公遵等","1","1","2"
"略阳公遵代","1","1","2"
"历阳公穆崇","1","1","2"
"鹿公长孙嵩","1","1","2"
"封略阳公遵","1","1","2"
"辽西公意列","1","1","2"
"西公意列谋","1","1","2"
"公意列谋反","1","1","2"
"书吏部郎中","1","1","2"
"吏部郎中邓","1","1","2"
"仪曹郎中董","1","1","2"
"曹郎中董谧","1","1","2"
"郎中董谧撰","1","1","2"
"三公郎中王","1","1","2"
"公郎中王德","1","1","2"
"吏部尚书崔","1","1","2"
"部尚书崔宏","1","1","2"
"尚书崔宏总","1","1","2"
"左丞相卫王","1","1","2"
"丞相卫王仪","1","1","2"
"尚书崔宏等","1","1","2"
"徙六州二十","1","1","2"
"六州二十二","1","1","2"
"州二十二郡","1","1","2"
"神元皇帝配","1","1","2"
"凉王乐真等","1","1","2"
"王乐真等七","1","1","2"
"乐真等七军","1","1","2"
"范阳人卢溥","1","1","2"
"称幽州刺史","1","1","2"
"幽州刺史封","1","1","2"
"州刺史封沓","1","1","2"
"刺史封沓干","1","1","2"
"秃发乌孤死","1","1","2"
"谒者仆射张","1","1","2"
"者仆射张济","1","1","2"
"十二月丙申","2","0","2"
"凉武昭王李","1","1","2"
"武昭王李玄","1","1","2"
"昭王李玄盛","1","1","2"
"春二月丁亥","2","0","2"
"者巡行州郡","2","0","2"
"刺史长孙肥","1","1","2"
"史长孙肥南","1","1","2"
"书左仆射狄","1","1","2"
"左仆射狄伯","1","1","2"
"仆射狄伯支","1","1","2"
"下四品将军","1","1","2"
"加车骑大将","2","0","2"
"子悦硃提王","2","0","2"
"将军伊谓大","1","1","2"
"主司马德宗","2","0","2"
"天赐元年春","1","1","2"
"赐元年春二","1","1","2"
"帝临昭阳殿","2","0","2"
"授著作郎王","1","1","2"
"著作郎王宜","1","1","2"
"作郎王宜弟","1","1","2"
"兵法孤虚立","1","1","2"
"法孤虚立成","1","1","2"
"孤虚立成图","1","1","2"
"行幸豺山宫","2","0","2"
"观九十九泉","2","0","2"
"养子高云杀","1","1","2"
"帝服寒食散","2","0","2"
"永兴二年九","1","1","2"
"兴二年九月","1","1","2"
"葬盛乐金陵","2","0","2"
"泰常五年改","1","1","2"
"常五年改谥","1","1","2"
"兴元年冬十","1","1","2"
"元年冬十月","1","1","2"
"提王悦谋反","1","1","2"
"兵将军山阳","1","1","2"
"将军山阳侯","1","1","2"
"军山阳侯奚","1","1","2"
"阳侯奚斤巡","1","1","2"
"十二月戊戌","2","0","2"
"新侯安同等","1","1","2"
"侯安同等持","1","1","2"
"安同等持节","1","1","2"
"同等持节巡","1","1","2"
"等持节巡行","1","1","2"
"定二州诸山","2","0","2"
"二州诸山居","2","0","2"
"州诸山居杂","2","0","2"
"诸山居杂胡","2","0","2"
"王慕容伯兒","2","0","2"
"慕容伯兒谋","2","0","2"
"容伯兒谋反","2","0","2"
"冬十一月丁","2","0","2"
"临畿陂观渔","2","0","2"
"年春正月己","2","0","2"
"春正月己巳","2","0","2"
"阳平王熙等","1","1","2"
"平王熙等十","1","1","2"
"王熙等十二","1","1","2"
"秋七月己巳","2","0","2"
"前军奚斤等","1","1","2"
"大室西南巡","1","1","2"
"冬十一月癸","2","0","2"
"神瑞元年春","1","1","2"
"瑞元年春正","1","1","2"
"春正月辛酉","2","0","2"
"乞伏炽盘灭","1","1","2"
"马邑侯元陋","1","1","2"
"邑侯元陋孙","1","1","2"
"十二月丙戌","2","0","2"
"春正月丙辰","2","0","2"
"复所过田租","2","0","2"
"所过田租半","2","0","2"
"长乐王处文","1","1","2"
"兗州刺史尉","2","0","2"
"仲德遂入滑","2","0","2"
"德遂入滑台","2","0","2"
"十二月己酉","2","0","2"
"三年春三月","1","1","2"
"征东将军长","1","1","2"
"东将军长孙","1","1","2"
"将军长孙道","1","1","2"
"军长孙道生","1","1","2"
"正月壬辰朔","2","0","2"
"夏四月庚辰","2","0","2"
"秋八月辛未","2","0","2"
"南阳王意文","1","1","2"
"宣武皇帝体","1","1","2"
"淮南侯司马","1","1","2"
"南侯司马国","1","1","2"
"池阳侯司马","1","1","2"
"阳侯司马道","1","1","2"
"侯司马道赐","1","1","2"
"晋恭帝禅位","1","1","2"
"秋七月丁酉","2","0","2"
"六年春二月","1","1","2"
"夏六月乙酉","2","0","2"
"加卫大将军","2","0","2"
"加抚军大将","2","0","2"
"辅国大将军","1","1","2"
"诏司空奚斤","2","0","2"
"司空奚斤等","1","1","2"
"诏皇太子率","2","0","2"
"皇太子率百","2","0","2"
"北新公安同","1","1","2"
"班赐王公下","2","0","2"
"三会屋侯泉","1","1","2"
"司空奚斤所","1","1","2"
"十二月庚子","2","0","2"
"葬云中金陵","2","0","2"
"神武晋州刺","2","0","2"
"武晋州刺史","2","0","2"
"晋州刺史韦","1","1","2"
"州刺史韦孝","1","1","2"
"刺史韦孝宽","1","1","2"
"复前大将军","2","0","2"
"魏中兴元年","1","1","2"
"吏部郎崔暹","1","1","2"
"州刺史高元","1","1","2"
"刺史高元成","1","1","2"
"襄州刺史李","1","1","2"
"州刺史李密","1","1","2"
"广州刺史暴","1","1","2"
"州刺史暴显","1","1","2"
"刺史暴显等","1","1","2"
"祠部郎中元","1","1","2"
"长秋卿刘思","1","1","2"
"秋卿刘思逸","1","1","2"
"淮南王宣洪","1","1","2"
"华山王大器","1","1","2"
"济北王徽等","1","1","2"
"武定六年正","1","1","2"
"定六年正月","1","1","2"
"州刺史石长","1","1","2"
"刺史石长宣","1","1","2"
"大行台慕容","1","1","2"
"大都督刘丰","1","1","2"
"行台尚书辛","1","1","2"
"台尚书辛术","1","1","2"
"食冀州勃海","2","0","2"
"瀛州河间五","2","0","2"
"州河间五郡","2","0","2"
"西魏大将军","1","1","2"
"魏大将军王","1","1","2"
"大将军王思","1","1","2"
"请魏帝立皇","1","1","2"
"馆客王昙哲","1","1","2"
"太尉彭城王","1","1","2"
"尉彭城王韶","1","1","2"
"空潘相乐奉","1","1","2"
"邑二十万户","1","1","2"
"尚书令高隆","1","1","2"
"天保元年夏","1","1","2"
"保元年夏五","1","1","2"
"元年夏五月","1","1","2"
"皇兄文襄王","1","1","2"
"太后皇太后","2","0","2"
"诏改封崇圣","1","1","2"
"改封崇圣侯","1","1","2"
"封崇圣侯孔","1","1","2"
"崇圣侯孔长","1","1","2"
"大司马娄昭","1","1","2"
"书左仆射慕","1","1","2"
"左仆射慕容","1","1","2"
"仆射慕容绍","1","1","2"
"射慕容绍宗","1","1","2"
"定州刺史段","1","1","2"
"州刺史段荣","1","1","2"
"故御史中尉","2","0","2"
"御史中尉刘","1","1","2"
"史中尉刘贵","1","1","2"
"御史中尉窦","1","1","2"
"史中尉窦泰","1","1","2"
"殷州刺史刘","1","1","2"
"州刺史刘丰","1","1","2"
"济州刺史蔡","1","1","2"
"诏立王子殷","1","1","2"
"太师库狄干","2","0","2"
"仪同三司司","1","1","2"
"同三司司马","1","1","2"
"三司司马子","1","1","2"
"州死罪下囚","2","0","2"
"秋七月辛亥","2","0","2"
"石经五十二","1","1","2"
"辽东郡开国","1","1","2"
"东郡开国公","1","1","2"
"承制邵陵王","1","1","2"
"制邵陵王萧","1","1","2"
"邵陵王萧纶","1","1","2"
"皇太子入居","2","0","2"
"梁湘东王萧","2","0","2"
"东王萧绎遣","2","0","2"
"周文帝见军","1","1","2"
"文帝见军容","1","1","2"
"神武皇帝配","1","1","2"
"太尉彭乐谋","1","1","2"
"尉彭乐谋反","1","1","2"
"梁承制湘东","1","1","2"
"承制湘东王","1","1","2"
"新四州刺史","1","1","2"
"侯景废梁简","1","1","2"
"景废梁简文","1","1","2"
"废梁简文帝","1","1","2"
"夏四月壬申","1","1","2"
"南道行台辛","1","1","2"
"道行台辛术","1","1","2"
"吏部尚书杨","1","1","2"
"清河王岳等","1","1","2"
"立三十六戍","1","1","2"
"春正月丙子","2","0","2"
"送蠕蠕铁伐","1","1","2"
"十一月己未","2","0","2"
"十二月己未","2","0","2"
"春正月癸丑","2","0","2"
"什长路晖礼","1","1","2"
"遂留情耽湎","2","0","2"
"周文帝废西","1","1","2"
"文帝废西魏","1","1","2"
"太子少师侯","1","1","2"
"子少师侯莫","1","1","2"
"少师侯莫陈","1","1","2"
"师侯莫陈相","1","1","2"
"诏常山王演","2","0","2"
"梁将王僧辩","1","1","2"
"晋安王萧方","1","1","2"
"安王萧方智","1","1","2"
"春正月壬寅","2","0","2"
"孝珩广宁王","2","0","2"
"秦州刺史徐","1","1","2"
"州刺史徐嗣","1","1","2"
"刺史徐嗣徽","1","1","2"
"豫州刺史任","1","1","2"
"州刺史任约","1","1","2"
"刺史任约等","1","1","2"
"都督柳达摩","1","1","2"
"督柳达摩等","1","1","2"
"夫一百八十","1","1","2"
"一百八十万","1","1","2"
"百八十万人","1","1","2"
"封司空侯莫","1","1","2"
"凉风堂读尚","1","1","2"
"风堂读尚书","1","1","2"
"都督萧轨等","1","1","2"
"同三司娄睿","1","1","2"
"都督李希光","1","1","2"
"梁湘州刺史","2","0","2"
"山东寡妇二","1","1","2"
"东寡妇二千","1","1","2"
"寡妇二千六","1","1","2"
"妇二千六百","1","1","2"
"二千六百人","1","1","2"
"一百五十三","1","1","2"
"八年春三月","1","1","2"
"冀州人刘向","1","1","2"
"河南十三州","1","1","2"
"周闵帝元年","1","1","2"
"宰宇文护杀","1","1","2"
"宇文护杀闵","1","1","2"
"文护杀闵帝","1","1","2"
"九年春二月","1","1","2"
"刺史司马消","1","1","2"
"史司马消难","1","1","2"
"畿内老人刘","1","1","2"
"内老人刘奴","1","1","2"
"老人刘奴等","1","1","2"
"人刘奴等九","1","1","2"
"刘奴等九百","1","1","2"
"奴等九百四","1","1","2"
"等九百四十","1","1","2"
"九百四十三","1","1","2"
"百四十三人","1","1","2"
"冀州刺史段","1","1","2"
"常山王演大","2","0","2"
"太尉长乐郡","1","1","2"
"尉长乐郡公","1","1","2"
"长乐郡公尉","1","1","2"
"乐郡公尉粲","1","1","2"
"肆州刺史濮","1","1","2"
"州刺史濮阳","1","1","2"
"刺史濮阳公","1","1","2"
"史濮阳公娄","1","1","2"
"濮阳公娄仲","1","1","2"
"阳公娄仲远","1","1","2"
"侍中高德正","1","1","2"
"封皇子绍廉","1","1","2"
"始平公元世","1","1","2"
"东平公元景","1","1","2"
"平公元景式","1","1","2"
"公元景式等","1","1","2"
"特进元韶等","1","1","2"
"进元韶等十","1","1","2"
"元韶等十九","1","1","2"
"韶等十九家","1","1","2"
"封皇子绍义","1","1","2"
"左仆射高德","1","1","2"
"晋阳宫德阳","1","1","2"
"阳宫德阳堂","1","1","2"
"郡人张思进","1","1","2"
"河边羖历","2","0","2"
"人常见群羊","1","1","2"
"尚食丞李集","1","1","2"
"置百保军士","1","1","2"
"令都督高阿","1","1","2"
"都督高元海","1","1","2"
"令平秦王高","1","1","2"
"大司农穆子","1","1","2"
"司农穆子容","1","1","2"
"刀子剺腹藁","2","0","2"
"刺都督尉子","1","1","2"
"都督尉子耀","1","1","2"
"魏乐安王元","1","1","2"
"乐安王元昂","1","1","2"
"典御丞李集","1","1","2"
"马子入石室","1","1","2"
"问太山道士","1","1","2"
"十年十月十","1","1","2"
"年十月十日","1","1","2"
"赵彦深执政","1","1","2"
"国子博士邢","1","1","2"
"子博士邢峙","1","1","2"
"博士邢峙侍","1","1","2"
"士邢峙侍讲","1","1","2"
"国子助教许","1","1","2"
"子助教许散","1","1","2"
"助教许散愁","1","1","2"
"内外百官普","1","1","2"
"尊皇太后太","2","0","2"
"皇太后太皇","2","0","2"
"太后太皇太","2","0","2"
"后太皇太后","2","0","2"
"九州军人七","1","1","2"
"州军人七十","1","1","2"
"周武成元年","1","1","2"
"乾明元年春","1","1","2"
"明元年春正","1","1","2"
"尚书令杨愔","2","0","2"
"书右仆射燕","1","1","2"
"右仆射燕子","1","1","2"
"仆射燕子献","1","1","2"
"散骑常侍郑","1","1","2"
"骑常侍郑子","1","1","2"
"常侍郑子默","1","1","2"
"大丞相常山","1","1","2"
"丞相常山王","1","1","2"
"文襄第二子","2","0","2"
"仪同三司刘","1","1","2"
"同三司刘洪","1","1","2"
"三司刘洪徽","1","1","2"
"太皇太后令","2","0","2"
"皇建二年九","1","1","2"
"建二年九月","1","1","2"
"皇建二年秋","1","1","2"
"文宣命邢邵","2","0","2"
"宣命邢邵制","2","0","2"
"命邢邵制帝","2","0","2"
"邢邵制帝名","2","0","2"
"邵制帝名殷","2","0","2"
"制帝名殷字","2","0","2"
"天保七年五","1","1","2"
"保七年五月","1","1","2"
"七年五月五","1","1","2"
"年五月五日","1","1","2"
"天统元年夏","1","1","2"
"统元年夏四","1","1","2"
"元年夏四月","1","1","2"
"改河清四年","1","1","2"
"书右仆射赵","1","1","2"
"右仆射赵彦","1","1","2"
"骑常侍王季","1","1","2"
"常侍王季高","1","1","2"
"十一月癸未","2","0","2"
"献武皇帝神","2","0","2"
"封太上皇帝","1","1","2"
"散骑常侍韦","1","1","2"
"骑常侍韦道","1","1","2"
"常侍韦道儒","1","1","2"
"十二月乙丑","2","0","2"
"京官执事散","1","1","2"
"官执事散官","1","1","2"
"执事散官三","1","1","2"
"事散官三品","1","1","2"
"散骑常侍司","1","1","2"
"骑常侍司马","1","1","2"
"常侍司马幼","1","1","2"
"书左仆射赵","1","1","2"
"左仆射赵彦","1","1","2"
"省尚书右仆","1","1","2"
"书右仆射娄","1","1","2"
"右仆射娄定","1","1","2"
"仆射娄定远","1","1","2"
"赵郡王琛配","1","1","2"
"配飨神武庙","2","0","2"
"飨神武庙廷","2","0","2"
"春正月壬子","2","0","2"
"夏四月辛未","2","0","2"
"书右仆射胡","1","1","2"
"右仆射胡长","1","1","2"
"侍中斛斯文","1","1","2"
"中斛斯文略","1","1","2"
"骑常侍李翥","1","1","2"
"安成王顼废","1","1","2"
"中山宫人等","1","1","2"
"州太官官口","1","1","2"
"靺鞨国遣使","2","0","2"
"鞨国遣使朝","2","0","2"
"金凤等三台","1","1","2"
"侍中叱列长","1","1","2"
"司空徐显秀","1","1","2"
"省尚书令娄","1","1","2"
"尚书令娄定","1","1","2"
"书令娄定远","1","1","2"
"冬十月壬戌","2","0","2"
"中书监魏收","1","1","2"
"武平元年春","1","1","2"
"平元年春正","1","1","2"
"骑常侍裴献","1","1","2"
"百济王余昌","2","0","2"
"济王余昌使","2","0","2"
"王余昌使持","2","0","2"
"余昌使持节","2","0","2"
"城王湝太师","2","0","2"
"仪同三司徐","1","1","2"
"仪同三司唐","1","1","2"
"同三司唐邕","1","1","2"
"王孝珩司徒","2","0","2"
"散骑常侍刘","1","1","2"
"骑常侍刘环","1","1","2"
"杀录尚书事","1","1","2"
"军库狄伏连","1","1","2"
"御史王子宣","1","1","2"
"史王子宣等","1","1","2"
"书右仆射冯","1","1","2"
"右仆射冯子","1","1","2"
"仆射冯子琮","1","1","2"
"州界内死罪","1","1","2"
"侍中赫连子","1","1","2"
"中赫连子悦","1","1","2"
"宁王孝珩录","2","0","2"
"王孝珩录尚","2","0","2"
"孝珩录尚书","2","0","2"
"珩录尚书事","2","0","2"
"省吏部尚书","1","1","2"
"吏部尚书高","1","1","2"
"部尚书高元","1","1","2"
"尚书高元海","1","1","2"
"左仆射唐邕","1","1","2"
"弟幽州行台","1","1","2"
"荆山公丰乐","1","1","2"
"废皇后斛律","1","1","2"
"右昭仪胡氏","1","1","2"
"特进许季良","1","1","2"
"彭城王宝德","1","1","2"
"修文殿御览","1","1","2"
"弘德夫人穆","1","1","2"
"德夫人穆氏","1","1","2"
"废皇后胡氏","1","1","2"
"省尚书令高","1","1","2"
"尚书令高阿","1","1","2"
"高阿肱录尚","2","0","2"
"阿肱录尚书","2","0","2"
"肱录尚书事","2","0","2"
"散骑常侍崔","1","1","2"
"骑常侍崔象","1","1","2"
"左皇后穆氏","1","1","2"
"中书监段孝","1","1","2"
"书监段孝言","1","1","2"
"仪同三司尉","1","1","2"
"同三司尉破","1","1","2"
"三司尉破胡","1","1","2"
"长孙洪略等","1","1","2"
"尚书事高阿","1","1","2"
"开府王师罗","1","1","2"
"六年春三月","1","1","2"
"妖贼郑子饶","1","1","2"
"瀛六州大水","1","1","2"
"司空赵彦深","1","1","2"
"斛律阿列罗","1","1","2"
"家长处死刑","1","1","2"
"周齐王宪相","1","1","2"
"欲向北朔州","2","0","2"
"安德王廷宗","2","0","2"
"襄城王彦道","1","1","2"
"宁王孝珩奏","1","1","2"
"王孝珩奏请","1","1","2"
"隆化二年春","1","1","2"
"化二年春正","1","1","2"
"中书侍郎薛","1","1","2"
"书侍郎薛道","1","1","2"
"侍中陈德信","1","1","2"
"中陈德信等","1","1","2"
"劝太上皇帝","1","1","2"
"斛律孝卿送","1","1","2"
"律孝卿送禅","1","1","2"
"宜州刺史穆","1","1","2"
"州刺史穆提","1","1","2"
"刺史穆提婆","1","1","2"
"史穆提婆谋","1","1","2"
"穆提婆谋反","1","1","2"
"大丞相隋公","1","1","2"
"斛律光死后","1","1","2"
"者五百余人","2","0","2"
"识者后主名","2","0","2"
"慕容晃所灭","1","1","2"
"召秦州刺史","1","1","2"
"秦州刺史侯","1","1","2"
"州刺史侯莫","1","1","2"
"史侯莫陈悦","1","1","2"
"侯莫陈悦东","1","1","2"
"莫陈悦东下","1","1","2"
"夏州刺史解","1","1","2"
"州刺史解拔","1","1","2"
"刺史解拔弥","1","1","2"
"史解拔弥俄","1","1","2"
"流人纥豆陵","1","1","2"
"人纥豆陵伊","1","1","2"
"通使齐神武","2","0","2"
"魏永熙三年","1","1","2"
"永熙三年正","1","1","2"
"熙三年正月","1","1","2"
"侯莫陈悦贪","1","1","2"
"都督寇洛年","1","1","2"
"都督弥姐元","1","1","2"
"督弥姐元进","1","1","2"
"时齐神武遣","2","0","2"
"常侍张华原","1","1","2"
"义宁太守王","1","1","2"
"宁太守王基","1","1","2"
"武卫将军元","1","1","2"
"卫将军元毗","1","1","2"
"秦州刺史万","1","1","2"
"刺史万俟普","1","1","2"
"史万俟普拨","1","1","2"
"时南秦州刺","1","1","2"
"州刺史李弼","1","1","2"
"令大都督梁","1","1","2"
"大都督梁御","1","1","2"
"都督梁御率","1","1","2"
"关西大都督","1","1","2"
"令前秦州刺","1","1","2"
"秦州刺史骆","1","1","2"
"州刺史骆超","1","1","2"
"骑一千赴洛","2","0","2"
"帝谓左右曰","2","0","2"
"遣大都督李","1","1","2"
"大都督李贤","1","1","2"
"斛斯椿争权","1","1","2"
"加授大将军","2","0","2"
"冯翊长公主","1","1","2"
"大统元年正","1","1","2"
"统元年正月","1","1","2"
"封安定郡王","1","1","2"
"二十四条新","1","1","2"
"建忠王万俟","1","1","2"
"忠王万俟普","1","1","2"
"王万俟普拨","1","1","2"
"高昂围洛州","1","1","2"
"达奚武等十","1","1","2"
"奚武等十二","1","1","2"
"武等十二将","1","1","2"
"禽东魏陕州","2","0","2"
"人种树一株","1","1","2"
"李弼等十二","1","1","2"
"薛崇礼弃城","1","1","2"
"仪同宇文贵","1","1","2"
"士一万五千","1","1","2"
"一万五千人","1","1","2"
"华州刺史宇","1","1","2"
"刺史宇文导","1","1","2"
"太傅梁景睿","1","1","2"
"将王元轨弃","1","1","2"
"王元轨弃城","1","1","2"
"帝遣开府李","2","0","2"
"遣开府李弼","2","0","2"
"七年十一月","1","1","2"
"行十二条制","1","1","2"
"右军若干惠","1","1","2"
"开府达奚武","1","1","2"
"府达奚武等","1","1","2"
"十二条新制","1","1","2"
"十一年十月","1","1","2"
"瓜州人张保","1","1","2"
"开府若干惠","1","1","2"
"瓜州都督令","1","1","2"
"州都督令狐","1","1","2"
"都督令狐延","1","1","2"
"十三年正月","1","1","2"
"东魏河南大","1","1","2"
"魏河南大行","1","1","2"
"南大行台侯","1","1","2"
"大行台侯景","1","1","2"
"开府王思政","1","1","2"
"魏帝诏封帝","2","0","2"
"魏帝进帝位","2","0","2"
"帝进帝位太","2","0","2"
"进帝位太师","2","0","2"
"魏太子巡抚","1","1","2"
"太子巡抚西","1","1","2"
"遣大将军赵","2","0","2"
"大将军赵贵","1","1","2"
"司州刺史柳","1","1","2"
"州刺史柳仲","1","1","2"
"刺史柳仲礼","1","1","2"
"梁竟陵郡守","1","1","2"
"竟陵郡守孙","1","1","2"
"遣开府杨忠","1","1","2"
"开府杨忠攻","1","1","2"
"府杨忠攻克","1","1","2"
"杨忠攻克随","1","1","2"
"忠攻克随州","1","1","2"
"十六年正月","1","1","2"
"总督留守诸","1","1","2"
"督留守诸军","1","1","2"
"大将军王雄","1","1","2"
"将军达奚武","1","1","2"
"废帝元年春","1","1","2"
"梁州刺史宜","1","1","2"
"州刺史宜丰","1","1","2"
"刺史宜丰侯","1","1","2"
"史宜丰侯萧","1","1","2"
"宜丰侯萧修","1","1","2"
"东梁州百姓","1","1","2"
"梁州百姓围","1","1","2"
"魏安公尉迟","1","1","2"
"尚书元烈谋","1","1","2"
"改州四十六","1","1","2"
"改县三百三","1","1","2"
"县三百三十","1","1","2"
"中山公护大","2","0","2"
"山公护大将","2","0","2"
"公护大将军","2","0","2"
"护大将军杨","2","0","2"
"广州刺史王","1","1","2"
"遣大将军豆","1","1","2"
"中山公护受","2","0","2"
"孝闵帝受禅","1","1","2"
"文献独孤皇","1","1","2"
"献独孤皇后","1","1","2"
"北道行台尚","1","1","2"
"安道公李彻","1","1","2"
"眉上双骨隆","1","1","2"
"湘州刺史施","1","1","2"
"州刺史施文","1","1","2"
"刺史施文庆","1","1","2"
"散骑常侍沈","1","1","2"
"骑常侍沈客","1","1","2"
"常侍沈客卿","1","1","2"
"市令汤慧朗","1","1","2"
"刑法监徐析","1","1","2"
"书都令史暨","1","1","2"
"都令史暨慧","1","1","2"
"备身将军崔","1","1","2"
"身将军崔彭","1","1","2"
"龙门东接长","1","1","2"
"门东接长平","1","1","2"
"爱民治国者","1","1","2"
"右卫率周罗","1","1","2"
"诏尚书令杨","2","0","2"
"匠宇文恺营","1","1","2"
"宇文恺营建","1","1","2"
"文恺营建东","1","1","2"
"恺营建东京","1","1","2"
"使幽枉必达","1","1","2"
"将巡历淮海","1","1","2"
"徙天下富商","1","1","2"
"天下富商大","1","1","2"
"下富商大贾","1","1","2"
"郡男女七百","1","1","2"
"男女七百万","1","1","2"
"门侍郎王弘","1","1","2"
"赤舰楼船等","1","1","2"
"大将军刘仲","1","1","2"
"将军刘仲方","1","1","2"
"义丰侯韦冲","1","1","2"
"卫大将军郭","1","1","2"
"大将军郭衍","1","1","2"
"将军李景后","2","0","2"
"冬十月己丑","2","0","2"
"大将军崔仲","1","1","2"
"将军崔仲方","1","1","2"
"将军宇文恺","1","1","2"
"许善心制定","1","1","2"
"太府少卿何","1","1","2"
"府少卿何稠","1","1","2"
"太府丞云定","1","1","2"
"府丞云定兴","1","1","2"
"州县送羽毛","1","1","2"
"冀州刺史杨","1","1","2"
"州刺史杨文","1","1","2"
"刺史杨文思","1","1","2"
"兵部尚书李","1","1","2"
"部尚书李通","1","1","2"
"古贤人君子","2","0","2"
"太子太师杨","1","1","2"
"子太师杨素","1","1","2"
"卫尉卿卫玄","1","1","2"
"罗等二十七","1","1","2"
"等二十七人","1","1","2"
"楚国公杨素","1","1","2"
"灵州刺史段","1","1","2"
"州刺史段文","1","1","2"
"刺史段文振","1","1","2"
"春正月癸亥","2","0","2"
"帝王观风俗","1","1","2"
"刑部尚书宇","1","1","2"
"尚书宇文弼","2","0","2"
"故太师李穆","1","1","2"
"发河北十余","1","1","2"
"河北十余郡","1","1","2"
"子毗黎伽特","1","1","2"
"三千五百人","1","1","2"
"杀光禄大夫","1","1","2"
"光禄大夫贺","1","1","2"
"礼部尚书宇","1","1","2"
"书左仆射苏","1","1","2"
"左仆射苏威","1","1","2"
"余万筑长城","2","0","2"
"御史大夫张","1","1","2"
"史大夫张衡","1","1","2"
"户部尚书杨","1","1","2"
"部尚书杨文","1","1","2"
"尚书杨文思","1","1","2"
"太府卿元寿","1","1","2"
"鸿胪卿杨玄","1","1","2"
"胪卿杨玄感","1","1","2"
"工部尚书卫","1","1","2"
"大理卿长孙","1","1","2"
"理卿长孙炽","1","1","2"
"司朝谒者崔","1","1","2"
"朝谒者崔毅","1","1","2"
"使突厥处罗","1","1","2"
"屯田主事常","1","1","2"
"田主事常骏","1","1","2"
"河内太守张","1","1","2"
"内太守张定","1","1","2"
"突厥意利珍","1","1","2"
"厥意利珍豆","1","1","2"
"意利珍豆启","1","1","2"
"利珍豆启民","1","1","2"
"发丁男二十","1","1","2"
"朝散大夫黄","1","1","2"
"散大夫黄亘","1","1","2"
"内史元寿南","1","1","2"
"史元寿南屯","1","1","2"
"卿杨义臣东","1","1","2"
"杨义臣东屯","1","1","2"
"将军张寿西","1","1","2"
"军张寿西屯","1","1","2"
"大将军张定","1","1","2"
"遣左光禄大","1","1","2"
"光禄大夫梁","1","1","2"
"禄大夫梁默","1","1","2"
"翊卫将军李","1","1","2"
"卫将军李琼","1","1","2"
"将军李琼等","1","1","2"
"军李琼等追","1","1","2"
"贲郎将陈棱","1","1","2"
"改封安德王","1","1","2"
"封安德王雄","1","1","2"
"鸿胪卿史祥","1","1","2"
"冬十月壬申","1","1","2"
"刑部尚书梁","1","1","2"
"部尚书梁毗","1","1","2"
"光禄大夫长","1","1","2"
"禄大夫长孙","1","1","2"
"大夫长孙炽","1","1","2"
"崖人王万昌","1","1","2"
"陇西太守韩","1","1","2"
"西太守韩洪","1","1","2"
"真定侯郭衍","1","1","2"
"卫大将军姚","1","1","2"
"武威太守樊","1","1","2"
"威太守樊子","1","1","2"
"太守樊子盖","1","1","2"
"东平太守吐","1","1","2"
"平太守吐万","1","1","2"
"太守吐万绪","1","1","2"
"突厥处罗多","1","1","2"
"厥处罗多利","1","1","2"
"一百一十三","1","1","2"
"百一十三万","1","1","2"
"一十三万三","1","1","2"
"十三万三千","1","1","2"
"三万三千八","1","1","2"
"万三千八百","1","1","2"
"卫大将军卫","1","1","2"
"大将军卫玄","1","1","2"
"回授文武职","1","1","2"
"女华容公主","1","1","2"
"华容公主嫁","1","1","2"
"光禄大夫韩","1","1","2"
"禄大夫韩寿","1","1","2"
"败将宇文述","1","1","2"
"仲文等除名","1","1","2"
"斩尚书右丞","1","1","2"
"尚书右丞刘","1","1","2"
"书右丞刘士","1","1","2"
"右丞刘士龙","1","1","2"
"九年春正月","1","1","2"
"雄武等郎将","1","1","2"
"武等郎将官","1","1","2"
"尚书卫玄镇","1","1","2"
"右骁卫将军","1","1","2"
"骁卫将军李","1","1","2"
"卫将军李浑","1","1","2"
"济北人韩进","1","1","2"
"北人韩进洛","1","1","2"
"人韩进洛聚","1","1","2"
"济北人孟海","1","1","2"
"北人孟海公","1","1","2"
"工部尚书樊","1","1","2"
"北海人郭方","1","1","2"
"海人郭方预","1","1","2"
"人郭方预聚","1","1","2"
"济北人甄宝","1","1","2"
"北人甄宝车","1","1","2"
"人甄宝车聚","1","1","2"
"河南赞理裴","1","1","2"
"南赞理裴弘","1","1","2"
"赞理裴弘策","1","1","2"
"军宇文述等","2","0","2"
"宇文述等破","2","0","2"
"文述等破杨","2","0","2"
"述等破杨玄","2","0","2"
"等破杨玄感","2","0","2"
"破杨玄感阌","2","0","2"
"杨玄感阌乡","2","0","2"
"余杭人刘元","1","1","2"
"杭人刘元进","1","1","2"
"葛国公赵元","1","1","2"
"国公赵元淑","1","1","2"
"济阴人吴海","1","1","2"
"阴人吴海流","1","1","2"
"东海人彭孝","1","1","2"
"海人彭孝才","1","1","2"
"梁慧尚聚众","1","1","2"
"慧尚聚众四","1","1","2"
"尚聚众四万","1","1","2"
"太守虞荷等","1","1","2"
"东阳人李三","1","1","2"
"贼帅吕明星","1","1","2"
"等众十余万","2","0","2"
"清河贼张金","1","1","2"
"河贼张金称","1","1","2"
"海贼帅格谦","1","1","2"
"候卫将军郭","1","1","2"
"卫将军郭荣","1","1","2"
"候卫将军冯","1","1","2"
"卫将军冯孝","1","1","2"
"弟朝散大夫","1","1","2"
"扶风人向海","1","1","2"
"风人向海明","1","1","2"
"卿杨义臣击","1","1","2"
"扶风人唐弼","1","1","2"
"风人唐弼举","1","1","2"
"人唐弼举兵","1","1","2"
"榆林太守董","1","1","2"
"林太守董纯","1","1","2"
"贼帅宋世谟","1","1","2"
"延安人刘迦","1","1","2"
"安人刘迦论","1","1","2"
"贼帅郑文雅","1","1","2"
"太守杨景祥","1","1","2"
"守杨景祥死","1","1","2"
"司马长安破","2","0","2"
"军潘长文讨","2","0","2"
"贼帅王德仁","1","1","2"
"江都丞王世","1","1","2"
"都丞王世充","1","1","2"
"贲郎将高建","1","1","2"
"郎将高建毗","1","1","2"
"贼帅颜宣政","1","1","2"
"贼帅杨仲绪","1","1","2"
"帅杨仲绪等","1","1","2"
"卫大将军光","1","1","2"
"大将军光禄","1","1","2"
"将军光禄大","1","1","2"
"军光禄大夫","1","1","2"
"将作监光禄","1","1","2"
"作监光禄大","1","1","2"
"监光禄大夫","1","1","2"
"光禄大夫李","1","1","2"
"禄大夫李敏","1","1","2"
"大将军张寿","1","1","2"
"率骑数十万","2","0","2"
"彭城人魏骐","1","1","2"
"帅卢明月聚","1","1","2"
"卢明月聚众","1","1","2"
"明月聚众十","1","1","2"
"东海贼李子","1","1","2"
"海贼李子通","1","1","2"
"贼帅王须拔","1","1","2"
"十二年春正","1","1","2"
"春正月甲午","2","0","2"
"雁门人翟松","1","1","2"
"门人翟松柏","1","1","2"
"东海贼卢公","1","1","2"
"海贼卢公暹","1","1","2"
"贼卢公暹率","1","1","2"
"济北公樊子","1","1","2"
"北公樊子盖","1","1","2"
"检校民部尚","1","1","2"
"校民部尚书","1","1","2"
"民部尚书韦","1","1","2"
"司郎卢楚等","1","1","2"
"奉信郎崔民","1","1","2"
"信郎崔民象","1","1","2"
"冯翊人孙华","1","1","2"
"高凉通守洗","1","1","2"
"奉信郎王爱","1","1","2"
"信郎王爱仁","1","1","2"
"贼帅赵万海","1","1","2"
"东海人杜伏","1","1","2"
"海人杜伏威","1","1","2"
"安定人荔非","1","1","2"
"定人荔非世","1","1","2"
"人荔非世雄","1","1","2"
"荔非世雄杀","1","1","2"
"鄱阳贼操天","1","1","2"
"阳贼操天成","1","1","2"
"行左翊卫大","1","1","2"
"鄱阳人林士","1","1","2"
"阳人林士弘","1","1","2"
"十三年春正","1","1","2"
"海贼窦建德","1","1","2"
"贼窦建德设","1","1","2"
"聚众万余人","2","0","2"
"朔方人梁师","1","1","2"
"方人梁师都","1","1","2"
"人梁师都杀","1","1","2"
"郡丞唐世宗","1","1","2"
"禄大夫张世","1","1","2"
"大夫张世隆","1","1","2"
"贼帅王子英","1","1","2"
"马邑校尉刘","1","1","2"
"邑校尉刘武","1","1","2"
"校尉刘武周","1","1","2"
"尉刘武周杀","1","1","2"
"太守王仁恭","1","1","2"
"光禄少卿房","1","1","2"
"贲郎将王智","1","1","2"
"郎将王智辩","1","1","2"
"庐江人张子","1","1","2"
"江人张子路","1","1","2"
"卫将军陈稜","2","0","2"
"贼帅李通德","1","1","2"
"屯卫将军张","1","1","2"
"卫将军张镇","1","1","2"
"将军张镇州","1","1","2"
"军张镇州击","1","1","2"
"金城校尉薛","1","1","2"
"城校尉薛举","1","1","2"
"称西秦霸王","1","1","2"
"贼帅房宪伯","1","1","2"
"阳太守赵佗","1","1","2"
"太守赵佗等","1","1","2"
"武威人李轨","1","1","2"
"武牙郎将宋","1","1","2"
"牙郎将宋老","1","1","2"
"郎将宋老生","1","1","2"
"帅李文相攻","1","1","2"
"太原阳世洛","1","1","2"
"原阳世洛聚","1","1","2"
"鄱阳人董景","1","1","2"
"阳人董景珍","1","1","2"
"贲郎将高毗","1","1","2"
"重文献皇后","1","1","2"
"献明皇后贺","1","1","2"
"明皇后贺氏","1","1","2"
"东部大人野","1","1","2"
"部大人野干","1","1","2"
"弟外朝大人","1","1","2"
"丞相乙浑谋","2","0","2"
"中常侍双蒙","1","1","2"
"常侍双蒙等","1","1","2"
"北海王详奉","1","1","2"
"秋卿白整等","1","1","2"
"卿白整等入","1","1","2"
"阳王禧等知","1","1","2"
"京兆山北县","1","1","2"
"西林园法流","1","1","2"
"林园法流堂","1","1","2"
"云龙大司马","1","1","2"
"龙大司马门","1","1","2"
"化光造物含","1","1","2"
"光造物含气","1","1","2"
"造物含气贞","1","1","2"
"改葬文昭高","1","1","2"
"长秋卿刘腾","1","1","2"
"秋卿刘腾等","1","1","2"
"幽太后北宫","2","0","2"
"左卫将军奚","1","1","2"
"卫将军奚康","1","1","2"
"将军奚康生","1","1","2"
"鸿胪少卿谷","1","1","2"
"胪少卿谷会","1","1","2"
"淮阳长公主","1","1","2"
"子秦州刺史","1","1","2"
"中常侍曹宠","1","1","2"
"文帝山陵毕","2","0","2"
"齐武明皇后","1","1","2"
"武明皇后娄","1","1","2"
"明皇后娄氏","1","1","2"
"尊太皇太后","2","0","2"
"受遗诏辅政","2","0","2"
"下诏立武成","1","1","2"
"诏立武成帝","1","1","2"
"冯翊太妃郑","1","1","2"
"翊太妃郑氏","1","1","2"
"父子夫妻相","1","1","2"
"良马五十匹","1","1","2"
"文宣皇后李","1","1","2"
"宣皇后李氏","1","1","2"
"赵郡李希宗","1","1","2"
"太原公夫人","1","1","2"
"降居昭信宫","1","1","2"
"太原王绍德","1","1","2"
"挂宝装胡床","1","1","2"
"舍人魏僧伽","1","1","2"
"郑庄公克段","1","1","2"
"转入侍中宋","1","1","2"
"入侍中宋钦","1","1","2"
"中宋钦道家","1","1","2"
"女侍中陆太","1","1","2"
"侍中陆太姬","1","1","2"
"中陆太姬知","1","1","2"
"折冲将军元","1","1","2"
"冲将军元正","1","1","2"
"将军元正烈","1","1","2"
"皇后造七宝","2","0","2"
"后造七宝车","2","0","2"
"黄花势欲落","1","1","2"
"淑妃弹琵琶","1","1","2"
"犹忆昔时怜","1","1","2"
"宣皇后杨氏","1","1","2"
"宣政元年闰","1","1","2"
"政元年闰六","1","1","2"
"元年闰六月","1","1","2"
"天元大皇后","1","1","2"
"天中大皇后","1","1","2"
"幽州总管阴","1","1","2"
"州总管阴寿","1","1","2"
"子都督崔长","1","1","2"
"都督崔长仁","1","1","2"
"督崔长仁犯","1","1","2"
"爱妾云氏害","1","1","2"
"仁寿二年八","1","1","2"
"寿二年八月","1","1","2"
"后宣华夫人","1","1","2"
"容华夫人蔡","1","1","2"
"华夫人蔡氏","1","1","2"
"时独孤皇后","1","1","2"
"独孤皇后性","1","1","2"
"愍皇后萧氏","1","1","2"
"大唐贞观四","1","1","2"
"唐贞观四年","1","1","2"
"咸阳王坦恃","1","1","2"
"孔雀老武官","1","1","2"
"谋害齐文襄","1","1","2"
"怀朔镇都大","1","1","2"
"朔镇都大将","1","1","2"
"长史郑子湛","1","1","2"
"除济州刺史","2","0","2"
"齐州城人赵","1","1","2"
"州城人赵洛","1","1","2"
"丹杨王萧赞","1","1","2"
"济南太守房","1","1","2"
"南太守房士","1","1","2"
"除南兗州刺","2","0","2"
"右卫将军郭","1","1","2"
"广阳王深北","1","1","2"
"世袭州刺史","2","0","2"
"府主簿河间","1","1","2"
"青州北海界","1","1","2"
"青州刺史元","1","1","2"
"州刺史元世","1","1","2"
"都督李叔仁","1","1","2"
"入大司马门","2","0","2"
"位都官尚书","2","0","2"
"时淮南王佗","1","1","2"
"淮阳王尉元","1","1","2"
"河东王苟颓","1","1","2"
"时文明太后","2","0","2"
"臣哉邻哉邻","1","1","2"
"哉邻哉邻哉","1","1","2"
"邻哉邻哉臣","1","1","2"
"哉邻哉臣哉","1","1","2"
"邻哉臣哉君","1","1","2"
"广陵王羽留","1","1","2"
"陵王羽留守","1","1","2"
"王羽留守京","1","1","2"
"燕州刺史穆","1","1","2"
"州刺史穆罴","1","1","2"
"刺史穆罴进","1","1","2"
"前怀州刺史","1","1","2"
"怀州刺史青","1","1","2"
"州刺史青龙","1","1","2"
"秦州刺史吕","1","1","2"
"州刺史吕受","1","1","2"
"刺史吕受恩","1","1","2"
"史吕受恩等","1","1","2"
"元业等兄弟","1","1","2"
"新兴王俊讨","1","1","2"
"武都王杨保","1","1","2"
"都王杨保宗","1","1","2"
"秦州主簿边","1","1","2"
"中尉李彪争","1","1","2"
"尉李彪争路","1","1","2"
"所谓王孙公","1","1","2"
"谓王孙公子","1","1","2"
"志令主吏收","2","0","2"
"令主吏收系","2","0","2"
"徙封东平公","2","0","2"
"赐爵建忠伯","1","1","2"
"州刺史裴芬","1","1","2"
"赠尚书仆射","2","0","2"
"斤行左丞相","2","0","2"
"州刺史元六","1","1","2"
"刺史元六头","1","1","2"
"史元六头荒","1","1","2"
"元六头荒淫","1","1","2"
"行唐公苻洛","1","1","2"
"唐公苻洛等","1","1","2"
"道武幸贺兰","2","0","2"
"武幸贺兰部","2","0","2"
"置中山行台","1","1","2"
"者三千余家","2","0","2"
"弟中兵参军","1","1","2"
"中兵参军薛","1","1","2"
"兵参军薛修","1","1","2"
"参军薛修义","1","1","2"
"三公郎中崔","1","1","2"
"公郎中崔鸿","1","1","2"
"郎中崔鸿上","1","1","2"
"中崔鸿上疏","1","1","2"
"次郡一千匹","1","1","2"
"下郡五百匹","1","1","2"
"晖检括丁户","1","1","2"
"调绢五万匹","1","1","2"
"征尚书左仆","2","0","2"
"东平王匡共","1","1","2"
"招集儒士崔","1","1","2"
"集儒士崔鸿","1","1","2"
"儒士崔鸿等","1","1","2"
"二百七十卷","1","1","2"
"羽葆班剑鼓","1","1","2"
"葆班剑鼓吹","1","1","2"
"班剑鼓吹二","1","1","2"
"剑鼓吹二十","1","1","2"
"鼓吹二十人","1","1","2"
"封晋阳县伯","1","1","2"
"弯弓三百斤","2","0","2"
"常山王素等","1","1","2"
"山王素等三","1","1","2"
"王素等三十","1","1","2"
"等三十余人","2","0","2"
"武伯下大夫","1","1","2"
"转司宪大夫","1","1","2"
"位光禄少卿","2","0","2"
"慕容永东迁","1","1","2"
"余莫题等七","1","1","2"
"莫题等七姓","1","1","2"
"叔孙普洛节","1","1","2"
"西宫端门前","1","1","2"
"宫端门前北","1","1","2"
"端门前北面","1","1","2"
"城南都街生","1","1","2"
"聘乙氏公主","1","1","2"
"文下诏褒美","2","0","2"
"梁郡太守程","1","1","2"
"郡太守程灵","1","1","2"
"太守程灵虬","1","1","2"
"郡人孙天恩","1","1","2"
"人孙天恩家","1","1","2"
"都督西戎诸","1","1","2"
"督西戎诸军","1","1","2"
"西戎诸军事","1","1","2"
"护西域校尉","1","1","2"
"南平王一人","1","1","2"
"都督九州诸","1","1","2"
"督九州诸军","1","1","2"
"清河王怿亲","2","0","2"
"司染都尉韩","1","1","2"
"染都尉韩文","1","1","2"
"都尉韩文殊","1","1","2"
"侍中刘腾密","1","1","2"
"中刘腾密谋","1","1","2"
"主食中黄门","1","1","2"
"食中黄门胡","1","1","2"
"中黄门胡度","1","1","2"
"正光五年秋","1","1","2"
"灵太后对明","1","1","2"
"太后对明帝","1","1","2"
"中书舍人韩","1","1","2"
"书舍人韩子","1","1","2"
"追赠尚书令","2","0","2"
"南秦王杨难","1","1","2"
"时中书侍郎","1","1","2"
"中书侍郎高","1","1","2"
"日者董道秀","2","0","2"
"侍中崔光见","1","1","2"
"兄安丰王延","1","1","2"
"尚书郎范阳","1","1","2"
"时侍中穆绍","1","1","2"
"舍人陈建孙","1","1","2"
"司徒崔光等","1","1","2"
"累迁尚书右","2","0","2"
"二万五千斛","1","1","2"
"牛羊三万六","1","1","2"
"羊三万六千","1","1","2"
"三万六千头","1","1","2"
"令中郎将段","1","1","2"
"中郎将段彬","1","1","2"
"置安集掾史","1","1","2"
"孚持白武幡","1","1","2"
"州人张孟都","1","1","2"
"崔思哲等八","1","1","2"
"思哲等八人","1","1","2"
"除冀州刺史","2","0","2"
"太乐令公孙","1","1","2"
"乐令公孙崇","1","1","2"
"令公孙崇修","1","1","2"
"公孙崇修造","1","1","2"
"孙崇修造金","1","1","2"
"崇修造金石","1","1","2"
"常卿刘芳请","1","1","2"
"问太乐令张","1","1","2"
"太乐令张乾","1","1","2"
"乐令张乾龟","1","1","2"
"令张乾龟等","1","1","2"
"十二月十二","1","1","2"
"时吏部尚书","1","1","2"
"吏部尚书樊","1","1","2"
"尚书樊子鹄","1","1","2"
"前妻叔袁纥","1","1","2"
"妻叔袁纥氏","1","1","2"
"累迁秦州刺","2","0","2"
"累迁左光禄","2","0","2"
"海人李归伯","1","1","2"
"都督北征诸","1","1","2"
"督北征诸军","1","1","2"
"北征诸军事","1","1","2"
"乐良王长命","1","1","2"
"尚书令任城","1","1","2"
"书令任城王","1","1","2"
"令任城王澄","1","1","2"
"左仆射元晖","1","1","2"
"位中散大夫","1","1","2"
"父尚书仆射","1","1","2"
"济济富群英","1","1","2"
"临淮公孝友","1","1","2"
"入御史中尉","2","0","2"
"位太中大夫","2","0","2"
"史中尉元纂","1","1","2"
"中尉元纂所","1","1","2"
"左仆射萧宝","1","1","2"
"授内史舍人","1","1","2"
"大业十三年","1","1","2"
"将军黄桃树","1","1","2"
"者前后相属","2","0","2"
"除肆州刺史","2","0","2"
"常卿刘芳议","2","0","2"
"加镇东将军","2","0","2"
"广平殇王洛","1","1","2"
"平殇王洛侯","1","1","2"
"中书监荀勖","1","1","2"
"书监荀勖所","1","1","2"
"监荀勖所造","1","1","2"
"孝文皇帝德","1","1","2"
"除平州刺史","2","0","2"
"除征南大将","2","0","2"
"中书令李冲","1","1","2"
"引见皇信堂","2","0","2"
"子产铸刑书","1","1","2"
"太常卿王谌","1","1","2"
"遣使吊祭焉","2","0","2"
"引见王公侍","1","1","2"
"见王公侍臣","1","1","2"
"取乾道曲成","1","1","2"
"崔休等赋诗","1","1","2"
"坐公事免官","2","0","2"
"恆州刺史穆","2","0","2"
"遣书侍御史","1","1","2"
"书侍御史李","1","1","2"
"侍御史李焕","1","1","2"
"御史李焕先","1","1","2"
"安乐侯元隆","1","1","2"
"乐侯元隆等","1","1","2"
"任一群妇女","1","1","2"
"澄总督二镇","1","1","2"
"王神念等进","1","1","2"
"奉朝请韩元","1","1","2"
"朝请韩元昭","1","1","2"
"前门下录事","1","1","2"
"门下录事姚","1","1","2"
"下录事姚敬","1","1","2"
"录事姚敬贤","1","1","2"
"澄骏马一匹","1","1","2"
"太上公等佛","1","1","2"
"大司马齐王","1","1","2"
"司马齐王攸","1","1","2"
"赠仪同三司","2","0","2"
"寻除事黄门","2","0","2"
"中山王熙兵","2","0","2"
"除吏部尚书","2","0","2"
"止车门外先","1","1","2"
"车门外先谒","1","1","2"
"仆射李思冲","1","1","2"
"问都令史徐","1","1","2"
"都令史徐仵","1","1","2"
"三公曹令史","1","1","2"
"门下通事令","1","1","2"
"下通事令史","1","1","2"
"通事令史王","1","1","2"
"事令史王才","1","1","2"
"令史王才达","1","1","2"
"黄门侍郎山","1","1","2"
"门侍郎山伟","1","1","2"
"侍郎山伟巡","1","1","2"
"元仆射清苦","1","1","2"
"将陈显达率","1","1","2"
"皇兴二年封","2","0","2"
"二十年五月","1","1","2"
"死者数十人","2","0","2"
"刺史穆泰谋","1","1","2"
"史穆泰谋反","1","1","2"
"司州刺史蔡","1","1","2"
"州刺史蔡道","1","1","2"
"刺史蔡道恭","1","1","2"
"史蔡道恭忧","1","1","2"
"梁将二十五","1","1","2"
"将二十五人","1","1","2"
"将四十二人","1","1","2"
"军大将军临","1","1","2"
"大将军临川","1","1","2"
"将军临川王","1","1","2"
"军临川王萧","1","1","2"
"临川王萧宏","1","1","2"
"书左仆射柳","1","1","2"
"京兆王愉反","2","0","2"
"假征东将军","1","1","2"
"都督冀州诸","1","1","2"
"督冀州诸军","1","1","2"
"冀州诸军事","1","1","2"
"郢州刺史娄","1","1","2"
"州刺史娄悦","1","1","2"
"县瓠人白早","1","1","2"
"瓠人白早生","1","1","2"
"人白早生等","1","1","2"
"白早生等杀","1","1","2"
"假征南将军","1","1","2"
"支将二十人","1","1","2"
"长史柳元章","1","1","2"
"魏郡太守李","1","1","2"
"郡太守李孝","1","1","2"
"太守李孝怡","1","1","2"
"尚书左丞卢","1","1","2"
"书左丞卢同","1","1","2"
"上党屯留县","1","1","2"
"光禄大夫刁","1","1","2"
"禄大夫刁双","1","1","2"
"除秦州刺史","2","0","2"
"时灵太后专","1","1","2"
"灵太后专制","1","1","2"
"府少卿李苗","1","1","2"
"诏赠假黄钺","2","0","2"
"上柱国韦孝","1","1","2"
"郧州总管宇","1","1","2"
"总管宇文亮","1","1","2"
"管宇文亮反","1","1","2"
"都督临淮王","1","1","2"
"尚书李宪等","1","1","2"
"河间人信都","1","1","2"
"间人信都芳","1","1","2"
"廷尉卿李冲","1","1","2"
"骠骑谘议参","1","1","2"
"骑谘议参军","1","1","2"
"中书博士范","1","1","2"
"书博士范阳","1","1","2"
"博士范阳卢","1","1","2"
"士范阳卢神","1","1","2"
"范阳卢神宝","1","1","2"
"冀州人苏僧","1","1","2"
"等三千人称","1","1","2"
"谓司空穆亮","2","0","2"
"仆射李冲曰","2","0","2"
"景明二年春","1","1","2"
"召禧等入光","1","1","2"
"禧等入光极","1","1","2"
"等入光极殿","1","1","2"
"李伯尚谋反","1","1","2"
"兵直入金墉","1","1","2"
"斋帅刘小苟","1","1","2"
"太尉公同死","1","1","2"
"奈何作事误","1","1","2"
"洛水湛湛弥","1","1","2"
"水湛湛弥岸","1","1","2"
"湛湛弥岸长","1","1","2"
"河内太守陆","1","1","2"
"御史中尉樊","1","1","2"
"史中尉樊子","1","1","2"
"中尉樊子鹄","1","1","2"
"徐州刺史杜","1","1","2"
"州刺史杜德","1","1","2"
"舍人李昭等","1","1","2"
"树等五人相","1","1","2"
"等五人相继","1","1","2"
"五人相继南","1","1","2"
"封咸阳郡王","2","0","2"
"散骑侍郎彭","1","1","2"
"骑侍郎彭贵","1","1","2"
"侍郎彭贵平","1","1","2"
"郎彭贵平酒","1","1","2"
"彭贵平酒醉","1","1","2"
"散骑常侍卢","1","1","2"
"骑常侍卢阳","1","1","2"
"常侍卢阳乌","1","1","2"
"干都督中外","1","1","2"
"史中尉李平","1","1","2"
"后岐州刺史","2","0","2"
"队主高保愿","1","1","2"
"保愿等五人","1","1","2"
"游击将军王","1","1","2"
"除大司农卿","2","0","2"
"欲迁都晋阳","2","0","2"
"太尉元丕留","1","1","2"
"尉元丕留守","1","1","2"
"尚书令陆睿","1","1","2"
"左仆射元赞","1","1","2"
"守尚书尉羽","1","1","2"
"左丞公孙良","1","1","2"
"右丞乞伏义","1","1","2"
"丞乞伏义受","1","1","2"
"散骑常侍元","1","1","2"
"骑常侍元景","1","1","2"
"谏议大夫李","1","1","2"
"议大夫李彦","1","1","2"
"中庶子游肇","1","1","2"
"淫员外郎冯","1","1","2"
"外郎冯俊兴","1","1","2"
"迁冀州刺史","2","0","2"
"二十一年封","2","0","2"
"仆射郭祚劝","1","1","2"
"本官录尚书","2","0","2"
"官录尚书事","2","0","2"
"齐郡顺王简","1","1","2"
"雍同时遇害","1","1","2"
"爵高阳县公","1","1","2"
"参决军国大","2","0","2"
"令黄门侍郎","1","1","2"
"彭城国太妃","1","1","2"
"帝南讨汉阳","1","1","2"
"加鼓吹一部","2","0","2"
"正中军大将","1","1","2"
"中书舍人张","1","1","2"
"书舍人张儒","1","1","2"
"州刺史裴叔","1","1","2"
"刺史裴叔业","1","1","2"
"勰都督南征","1","1","2"
"汝阴太守王","1","1","2"
"阴太守王果","1","1","2"
"时咸阳王禧","1","1","2"
"广平王暴虐","1","1","2"
"勰高阳王雍","2","0","2"
"朝士才学者","2","0","2"
"书令高肇性","1","1","2"
"郎中令魏偃","1","1","2"
"永平元年九","1","1","2"
"平元年九月","1","1","2"
"阳太守郑仲","1","1","2"
"太守郑仲明","1","1","2"
"贼帅宿勤明","1","1","2"
"永安二年四","1","1","2"
"安二年四月","1","1","2"
"谏议大夫元","1","1","2"
"议大夫元昭","1","1","2"
"大夫元昭业","1","1","2"
"十七年七月","1","1","2"
"临光极东堂","1","1","2"
"中庶子高道","1","1","2"
"庶子高道悦","1","1","2"
"太子太傅穆","1","1","2"
"子太傅穆亮","1","1","2"
"书侍郎邢峦","1","1","2"
"二十二年冬","1","1","2"
"御史台令史","1","1","2"
"史台令史龙","1","1","2"
"台令史龙文","1","1","2"
"令史龙文观","1","1","2"
"侍御史贾尚","1","1","2"
"彭城刘长文","1","1","2"
"府长史卢阳","1","1","2"
"托右中郎将","1","1","2"
"右中郎将赵","1","1","2"
"中郎将赵郡","1","1","2"
"顺皇后召李","1","1","2"
"儒学宾客严","1","1","2"
"学宾客严怀","1","1","2"
"宾客严怀真","1","1","2"
"客严怀真等","1","1","2"
"长史羊灵引","1","1","2"
"尚书李平讨","1","1","2"
"彭城王勰甚","2","0","2"
"正光元年七","1","1","2"
"光元年七月","1","1","2"
"除定州刺史","2","0","2"
"刘库仁字没","1","1","2"
"库仁字没根","1","1","2"
"建国三十九","1","1","2"
"国三十九年","1","1","2"
"外孙梁眷知","1","1","2"
"加征东大将","1","1","2"
"长孙道生等","1","1","2"
"中山长公主","1","1","2"
"昌王梁弥机","1","1","2"
"王梁弥机死","1","1","2"
"吐谷浑所逼","1","1","2"
"琅邪长公主","1","1","2"
"时河南尹李","1","1","2"
"河南尹李奖","1","1","2"
"南部大人刘","1","1","2"
"典宿卫禁旅","2","0","2"
"略阳公元遵","1","1","2"
"阳公元遵等","1","1","2"
"破高车诸部","1","1","2"
"进击侯莫陈","1","1","2"
"击侯莫陈部","1","1","2"
"长孙嵩等八","1","1","2"
"孙嵩等八人","1","1","2"
"晋兵大将军","1","1","2"
"吴兵将军公","1","1","2"
"兵将军公孙","1","1","2"
"公孙表等南","1","1","2"
"孙表等南征","1","1","2"
"武征赫连昌","2","0","2"
"义兵将军封","1","1","2"
"兵将军封礼","1","1","2"
"将军封礼等","1","1","2"
"军侍御史安","1","1","2"
"侍御史安颉","1","1","2"
"万骑大将军","1","1","2"
"安同等十三","1","1","2"
"同等十三人","1","1","2"
"等十三人迭","2","0","2"
"十三人迭典","2","0","2"
"三人迭典庶","2","0","2"
"人迭典庶事","2","0","2"
"刘裕伐姚泓","2","0","2"
"刺史尉建率","1","1","2"
"平原镇大将","1","1","2"
"宋将檀道济","1","1","2"
"凉州镇大将","1","1","2"
"安息王侍子","1","1","2"
"侯贺护持节","1","1","2"
"冀青二州刺","2","0","2"
"太仆丘堆等","1","1","2"
"琅邪王司马","1","1","2"
"邪王司马楚","1","1","2"
"禽宋将硃修","2","0","2"
"李元德东郡","2","0","2"
"元德东郡太","2","0","2"
"德东郡太守","2","0","2"
"帅叱奴根等","1","1","2"
"南安公元顺","1","1","2"
"跋等十三人","1","1","2"
"卫王仪南攻","1","1","2"
"建等攻城六","1","1","2"
"等攻城六十","1","1","2"
"共立慕容普","2","0","2"
"随大都督源","1","1","2"
"大都督源子","1","1","2"
"都督源子邕","1","1","2"
"督源子邕讨","1","1","2"
"授员外散骑","2","0","2"
"散骑常侍郎","1","1","2"
"假员外散骑","1","1","2"
"行台长孙子","1","1","2"
"台长孙子彦","1","1","2"
"长孙子彦镇","1","1","2"
"监修国史事","1","1","2"
"进仪同三司","2","0","2"
"国人马多少","1","1","2"
"马一百万匹","1","1","2"
"位司徒右长","2","0","2"
"阳平公侍郎","1","1","2"
"迁著作佐郎","2","0","2"
"叛将张愿所","1","1","2"
"加周兵将军","1","1","2"
"旧功臣庾岳","1","1","2"
"都公穆观等","1","1","2"
"元城侯元屈","1","1","2"
"城侯元屈等","1","1","2"
"侯元屈等问","1","1","2"
"泰常三年夏","1","1","2"
"赠相州刺史","2","0","2"
"宁朔将军公","1","1","2"
"朔将军公孙","1","1","2"
"将军公孙兰","1","1","2"
"黑槊公麾下","1","1","2"
"宋兵将军周","1","1","2"
"迁外都大官","2","0","2"
"太子翊军校","1","1","2"
"子翊军校尉","1","1","2"
"景明二年正","1","1","2"
"明二年正月","1","1","2"
"将作大匠王","1","1","2"
"作大匠王遇","1","1","2"
"本官使持节","2","0","2"
"尚书李崇分","1","1","2"
"部尚书元晖","1","1","2"
"度支尚书元","1","1","2"
"支尚书元匡","1","1","2"
"河南尹元苌","1","1","2"
"南尹元苌等","1","1","2"
"右卫将军侯","1","1","2"
"卫将军侯刚","1","1","2"
"迎明帝东宫","2","0","2"
"事中孙莲等","1","1","2"
"百官禄四分","2","0","2"
"书左仆射郭","1","1","2"
"左仆射郭祚","1","1","2"
"傅清河王等","1","1","2"
"神龟元年三","1","1","2"
"龟元年三月","1","1","2"
"奏太常少卿","1","1","2"
"千牛备身杨","1","1","2"
"牛备身杨保","1","1","2"
"备身杨保元","1","1","2"
"大行台元纂","1","1","2"
"铠曹参军事","1","1","2"
"斛律野谷禄","1","1","2"
"律野谷禄等","1","1","2"
"列河等三万","1","1","2"
"析郭岭迎接","1","1","2"
"随广阳王征","1","1","2"
"天光齐神武","2","0","2"
"防城大都督","1","1","2"
"天子令诸侯","2","0","2"
"大丞相府长","1","1","2"
"丞相府长史","1","1","2"
"大丞相长史","1","1","2"
"将军杨忠等","1","1","2"
"军杨忠等先","1","1","2"
"常山公平梁","1","1","2"
"山公平梁歌","1","1","2"
"侯莫陈崇等","1","1","2"
"莫陈崇等参","1","1","2"
"陈崇等参议","1","1","2"
"崇等参议朝","1","1","2"
"等参议朝政","1","1","2"
"谯王俭监护","1","1","2"
"等二十州诸","1","1","2"
"太原王延业","1","1","2"
"魏安丰王延","1","1","2"
"累迁秘书监","2","0","2"
"舍人李文师","1","1","2"
"追赠吏部尚","1","1","2"
"部将高苟子","1","1","2"
"赐爵建兴公","1","1","2"
"陇右诸军讨","1","1","2"
"上谷人上书","1","1","2"
"功劳将军元","1","1","2"
"劳将军元屈","1","1","2"
"将军元屈等","1","1","2"
"南康公秋邻","1","1","2"
"赐爵新息公","1","1","2"
"襄城公卢鲁","1","1","2"
"城公卢鲁元","1","1","2"
"公卢鲁元等","1","1","2"
"卢鲁元等七","1","1","2"
"鲁元等七人","1","1","2"
"赐爵高都侯","1","1","2"
"宋徐州刺史","1","1","2"
"徐州刺史薛","1","1","2"
"州刺史薛安","1","1","2"
"刺史薛安都","1","1","2"
"州刺史毕众","1","1","2"
"刺史毕众敬","1","1","2"
"镇东将军孔","1","1","2"
"东将军孔伯","1","1","2"
"将军孔伯恭","1","1","2"
"宋东平太守","1","1","2"
"东平太守申","1","1","2"
"平太守申纂","1","1","2"
"太守申纂屯","1","1","2"
"州刺史房崇","1","1","2"
"获崇吉母妻","2","0","2"
"将军尉元请","1","1","2"
"将军长孙观","1","1","2"
"军长孙观等","1","1","2"
"瑕丘进攻历","1","1","2"
"丘进攻历城","1","1","2"
"州刺史梁邹","1","1","2"
"守将刘休宾","1","1","2"
"平齐郡怀宁","1","1","2"
"八十五万斛","1","1","2"
"始昌子苏坦","1","1","2"
"海封恺友善","1","1","2"
"太武平赫连","2","0","2"
"武平赫连昌","2","0","2"
"晋平阳太守","1","1","2"
"大将军右司","1","1","2"
"将军右司马","1","1","2"
"尚书右中兵","1","1","2"
"书右中兵郎","1","1","2"
"先帝所亲信","1","1","2"
"赠定州刺史","1","1","2"
"顿丘卫国人","1","1","2"
"殿中都官尚","1","1","2"
"中都官尚书","1","1","2"
"女婿郁林公","1","1","2"
"婿郁林公司","1","1","2"
"郁林公司马","1","1","2"
"林公司马弥","1","1","2"
"公司马弥陀","1","1","2"
"北幽州刺史","1","1","2"
"取幽州刺史","1","1","2"
"幽州刺史李","1","1","2"
"州刺史李崇","1","1","2"
"赐爵扶风公","1","1","2"
"谓女婿裴攸","2","0","2"
"女婿裴攸曰","2","0","2"
"平寿侯张谠","1","1","2"
"寿侯张谠见","1","1","2"
"知文明太后","1","1","2"
"赐爵宜阳侯","1","1","2"
"赠征东大将","1","1","2"
"人千余家推","1","1","2"
"河南郡太守","1","1","2"
"南雍州刺史","1","1","2"
"加安南将军","1","1","2"
"豫二州侨郡","2","0","2"
"二州侨郡益","2","0","2"
"魏舒见主人","1","1","2"
"司空府主簿","1","1","2"
"时灵太后临","2","0","2"
"长史杜林道","1","1","2"
"史杜林道攻","1","1","2"
"杜林道攻克","1","1","2"
"瀛三州诸军","1","1","2"
"小宗伯卢辩","1","1","2"
"道元执法清","1","1","2"
"刺史寇祖礼","1","1","2"
"诏道元持节","2","0","2"
"持节黄门侍","2","0","2"
"节黄门侍郎","2","0","2"
"大都督李崇","1","1","2"
"都督李崇筹","1","1","2"
"史元法僧彭","2","0","2"
"摄行台尚书","1","1","2"
"除御史中尉","2","0","2"
"史萧宝夤反","1","1","2"
"城阳王徽素","1","1","2"
"台郎中郭子","1","1","2"
"郎中郭子帙","1","1","2"
"历位尚书郎","2","0","2"
"东道十三州","1","1","2"
"道十三州使","1","1","2"
"时禁网疏阔","2","0","2"
"颍川太守邵","1","1","2"
"川太守邵招","1","1","2"
"梁将李洪芝","1","1","2"
"司州刺史陈","1","1","2"
"州刺史陈庆","1","1","2"
"广州刺史赵","1","1","2"
"州刺史赵育","1","1","2"
"右丞韦孝宽","1","1","2"
"丞韦孝宽等","1","1","2"
"外兵参军王","1","1","2"
"贼吕穆等二","1","1","2"
"吕穆等二人","1","1","2"
"西平公安颉","1","1","2"
"河内太守丘","1","1","2"
"内太守丘陈","1","1","2"
"武牢镇大将","1","1","2"
"安定镇大将","1","1","2"
"怀荒镇大将","1","1","2"
"司州刺史常","1","1","2"
"州刺史常珍","1","1","2"
"刺史常珍奇","1","1","2"
"位京兆王子","2","0","2"
"持节奉皇帝","2","0","2"
"节奉皇帝玺","2","0","2"
"延兴四年薨","2","0","2"
"赐爵清河县","2","0","2"
"爵清河县伯","2","0","2"
"帐内大都督","1","1","2"
"除太子庶子","2","0","2"
"黄众宝等作","1","1","2"
"众宝等作乱","1","1","2"
"连结二千余","1","1","2"
"结二千余里","1","1","2"
"腾沿江南下","1","1","2"
"涪陵郡守兰","1","1","2"
"陵郡守兰休","1","1","2"
"郡守兰休祖","1","1","2"
"奴婢八百口","1","1","2"
"将章昭达围","1","1","2"
"李迁哲等率","1","1","2"
"迁哲等率步","1","1","2"
"迁哲等守外","1","1","2"
"哲等守外城","1","1","2"
"陈将程文季","1","1","2"
"宣政元年冬","1","1","2"
"中常侍宗爱","1","1","2"
"常侍宗爱等","1","1","2"
"侍宗爱等所","1","1","2"
"宗爱等所杀","1","1","2"
"羽林中郎刘","1","1","2"
"林中郎刘尼","1","1","2"
"迎文成苑中","2","0","2"
"高阳王雍常","1","1","2"
"除卫大将军","2","0","2"
"河间邢邵所","1","1","2"
"间邢邵所赏","1","1","2"
"历文襄大将","2","0","2"
"文章十四卷","1","1","2"
"帅赤阿突等","1","1","2"
"赤阿突等数","1","1","2"
"阿突等数百","1","1","2"
"突等数百人","1","1","2"
"亲临太师冯","1","1","2"
"临太师冯熙","1","1","2"
"都督三州诸","1","1","2"
"督三州诸军","1","1","2"
"西平乐都人","1","1","2"
"河西王秃发","1","1","2"
"乞伏炽盘所","1","1","2"
"伏炽盘所灭","1","1","2"
"五城吐京胡","1","1","2"
"改封陇西王","1","1","2"
"都督诸军事","1","1","2"
"陇西王印绶","1","1","2"
"时沃野镇人","1","1","2"
"时北海王颢","1","1","2"
"贼帅康维摩","1","1","2"
"贼帅契官斤","1","1","2"
"贼帅纥单步","1","1","2"
"帅纥单步胡","1","1","2"
"纥单步胡提","1","1","2"
"率宿勤明达","1","1","2"
"都督李神轨","1","1","2"
"督李神轨先","1","1","2"
"将吴明彻寇","2","0","2"
"吴明彻寇淮","2","0","2"
"明彻寇淮南","2","0","2"
"授仪同大将","1","1","2"
"司成下大夫","1","1","2"
"左外兵郎中","1","1","2"
"益州总管司","1","1","2"
"平二州刺史","1","1","2"
"检校徐州总","1","1","2"
"校徐州总管","1","1","2"
"宗爱杀南安","2","0","2"
"爱杀南安王","2","0","2"
"参军杨承祖","1","1","2"
"军杨承祖所","1","1","2"
"杨承祖所杀","1","1","2"
"山阳公奚斤","1","1","2"
"阳公奚斤略","1","1","2"
"淮南公皮豹","1","1","2"
"南公皮豹子","1","1","2"
"济阴公卢中","1","1","2"
"阴公卢中山","1","1","2"
"公卢中山等","1","1","2"
"卢中山等督","1","1","2"
"中山等督运","1","1","2"
"时镇北将军","1","1","2"
"镇北将军封","1","1","2"
"北将军封沓","1","1","2"
"云中镇大将","1","1","2"
"赠征南大将","1","1","2"
"时汝南上蔡","1","1","2"
"镇南将军元","1","1","2"
"南将军元英","1","1","2"
"人白早生谋","1","1","2"
"惠连等三人","1","1","2"
"驰告扬州刺","2","0","2"
"江州刺史陈","1","1","2"
"州刺史陈伯","1","1","2"
"长史褚胄等","1","1","2"
"文智等三人","1","1","2"
"文荣等三人","1","1","2"
"宝夤接对报","2","0","2"
"夤接对报复","2","0","2"
"中山王英南","2","0","2"
"乘胜攻钟离","2","0","2"
"南阳长公主","1","1","2"
"戍主傅文骥","1","1","2"
"假安南将军","1","1","2"
"除瀛州刺史","2","0","2"
"梁将康绚浮","2","0","2"
"将康绚浮山","2","0","2"
"都督东讨军","1","1","2"
"督东讨军事","1","1","2"
"梁将垣孟孙","1","1","2"
"徐州刺史张","1","1","2"
"州刺史张豹","1","1","2"
"刺史张豹子","1","1","2"
"史张豹子等","1","1","2"
"谓宜明加禁","2","0","2"
"宜明加禁断","2","0","2"
"大都督崔延","1","1","2"
"都督崔延伯","1","1","2"
"天水人吕伯","1","1","2"
"水人吕伯度","1","1","2"
"人吕伯度兄","1","1","2"
"吕伯度兄弟","1","1","2"
"金城王莫折","1","1","2"
"城王莫折普","1","1","2"
"王莫折普贤","1","1","2"
"西讨大都督","1","1","2"
"常山王杜粲","1","1","2"
"问河东柳楷","1","1","2"
"鸾生十子九","1","1","2"
"生十子九子","1","1","2"
"将郭子恢等","1","1","2"
"奔万俟丑奴","1","1","2"
"遣贺拔岳等","1","1","2"
"黄门侍郎高","1","1","2"
"门侍郎高道","1","1","2"
"侍郎高道穆","1","1","2"
"太仆驼牛署","1","1","2"
"仆驼牛署赐","1","1","2"
"驼牛署赐死","1","1","2"
"妹建德公主","1","1","2"
"齐废主东昏","1","1","2"
"废主东昏侯","1","1","2"
"孝昌元年秋","1","1","2"
"寿阳长公主","1","1","2"
"左仆射杨遵","1","1","2"
"仆射杨遵彦","1","1","2"
"文士作挽歌","2","0","2"
"丞相西阁祭","1","1","2"
"相西阁祭酒","1","1","2"
"柱国宇文神","1","1","2"
"国宇文神举","1","1","2"
"宇文神举讨","1","1","2"
"文神举讨平","1","1","2"
"内史侍郎事","1","1","2"
"荆州开府长","1","1","2"
"州开府长史","1","1","2"
"判都官尚书","1","1","2"
"相州刺史奚","1","1","2"
"州刺史奚康","1","1","2"
"刺史奚康生","1","1","2"
"黄门侍郎慰","1","1","2"
"门侍郎慰劳","1","1","2"
"侍郎慰劳使","1","1","2"
"大将军府刑","1","1","2"
"将军府刑狱","1","1","2"
"军府刑狱参","1","1","2"
"前后百数人","2","0","2"
"魏下邳太守","1","1","2"
"本郡范阳王","1","1","2"
"乡郡公主虚","1","1","2"
"西魏救兵将","1","1","2"
"咸阳王同名","1","1","2"
"孝文赐名焉","2","0","2"
"冀青二州中","1","1","2"
"青二州中正","1","1","2"
"赐爵建康子","1","1","2"
"中书博士转","1","1","2"
"左户三曹郎","1","1","2"
"户三曹郎中","1","1","2"
"北豫州司马","1","1","2"
"退田易鞭布","1","1","2"
"田易鞭布威","1","1","2"
"易鞭布威德","1","1","2"
"爵范阳县侯","1","1","2"
"郯国公王轨","1","1","2"
"春秋宝乾图","1","1","2"
"杂彩五百段","2","0","2"
"弱水等赭都","1","1","2"
"奴婢一百二","1","1","2"
"婢一百二十","1","1","2"
"五舅河间邢","1","1","2"
"舅河间邢晏","1","1","2"
"车千秋分一","1","1","2"
"郎中陈元康","1","1","2"
"河间太守崔","1","1","2"
"间太守崔谌","1","1","2"
"清河太守辛","1","1","2"
"河太守辛术","1","1","2"
"前司徒侯景","1","1","2"
"凉州总管长","1","1","2"
"加位上开府","1","1","2"
"爵高都郡公","1","1","2"
"河北行台兵","1","1","2"
"北行台兵部","1","1","2"
"诸葛亮八阵","1","1","2"
"千人三十里","1","1","2"
"万人三百里","1","1","2"
"计十万人一","1","1","2"
"上千万岁寿","1","1","2"
"思太皇太后","1","1","2"
"车驾南讨汉","2","0","2"
"驾南讨汉阳","2","0","2"
"黄石公三略","1","1","2"
"太武平凉州","2","0","2"
"乐平王事中","2","0","2"
"平王事中郎","2","0","2"
"授著作佐郎","2","0","2"
"内史侍郎李","1","1","2"
"史侍郎李元","1","1","2"
"侍郎李元操","1","1","2"
"周保定二年","1","1","2"
"邵州人杨令","1","1","2"
"天子延千年","1","1","2"
"河龙正月辰","2","0","2"
"龙正月辰见","2","0","2"
"太平政犹能","2","0","2"
"平政犹能均","2","0","2"
"惟平均鸣条","2","0","2"
"武元皇帝改","1","1","2"
"元皇帝改封","1","1","2"
"武元皇帝果","1","1","2"
"亳州刺史纥","1","1","2"
"州刺史纥豆","1","1","2"
"刺史纥豆陵","1","1","2"
"史纥豆陵恭","1","1","2"
"老子庙前古","1","1","2"
"子庙前古枯","1","1","2"
"庙前古枯树","1","1","2"
"仙人玉女乘","1","1","2"
"人玉女乘云","1","1","2"
"皇隋灵感志","1","1","2"
"八月二十二","1","1","2"
"二十四日卯","1","1","2"
"十四日卯时","1","1","2"
"仁寿大兴宫","1","1","2"
"叔向戮叔鱼","1","1","2"
"代文武名臣","1","1","2"
"纪传一百卷","1","1","2"
"谘议刘孟良","1","1","2"
"议刘孟良等","1","1","2"
"除卫尉少卿","2","0","2"
"司马王君馥","1","1","2"
"随刘备入蜀","1","1","2"
"赠诗五十韵","1","1","2"
"御史二命士","1","1","2"
"行台尚书吏","1","1","2"
"台尚书吏部","1","1","2"
"尚书令江总","1","1","2"
"解褐过侍郎","2","0","2"
"杨素专掌朝","1","1","2"
"祖文皇帝颂","1","1","2"
"司隶刺史房","1","1","2"
"隶刺史房彦","1","1","2"
"刺史房彦谦","1","1","2"
"左中郎将京","1","1","2"
"中郎将京兆","1","1","2"
"郎将京兆韦","1","1","2"
"将京兆韦潜","1","1","2"
"京兆韦潜度","1","1","2"
"世胄蹑高位","1","1","2"
"关中形胜地","1","1","2"
"业寿春内附","2","0","2"
"奚康生等率","1","1","2"
"隶都督李崇","2","0","2"
"都督李崇讨","1","1","2"
"督李崇讨平","1","1","2"
"释褐奉朝请","2","0","2"
"临风想玄度","1","1","2"
"对酒思公荣","1","1","2"
"佗容貌魁伟","1","1","2"
"除中书博士","2","0","2"
"田敬宗等部","1","1","2"
"敬宗等部落","1","1","2"
"太原公开府","2","0","2"
"除清河太守","2","0","2"
"时清河王岳","2","0","2"
"侍中高德政","1","1","2"
"释褐太学博","2","0","2"
"褐太学博士","2","0","2"
"俚帅王仲宣","1","1","2"
"部将周师举","1","1","2"
"赠骠骑大将","2","0","2"
"时西域诸蕃","1","1","2"
"伊吾经蒲类","1","1","2"
"吾经蒲类海","1","1","2"
"南婆罗门国","1","1","2"
"婆罗门国等","1","1","2"
"史蜀胡悉忽","1","1","2"
"四方盗贼蜂","1","1","2"
"河北道宣抚","1","1","2"
"北道宣抚大","1","1","2"
"道宣抚大使","1","1","2"
"转尚书右仆","2","0","2"
"长史李公淹","1","1","2"
"孝武齐神武","2","0","2"
"武齐神武隙","2","0","2"
"武卫将军王","1","1","2"
"卫将军王思","1","1","2"
"丞相府士曹","1","1","2"
"相府士曹参","1","1","2"
"府士曹参军","1","1","2"
"司邑下大夫","1","1","2"
"司空许国公","1","1","2"
"空许国公宇","1","1","2"
"许国公宇文","1","1","2"
"国公宇文贵","1","1","2"
"小司空北海","1","1","2"
"司空北海公","1","1","2"
"空北海公申","1","1","2"
"朔州总管长","1","1","2"
"肃见皇太子","1","1","2"
"左庶子张衡","1","1","2"
"中外府参军","1","1","2"
"总管府中郎","1","1","2"
"慕容绍宗讨","2","0","2"
"人理所能延","1","1","2"
"尚书卢恺一","1","1","2"
"书卢恺一见","1","1","2"
"内史侍郎薛","1","1","2"
"史侍郎薛道","1","1","2"
"门侍郎张衡","1","1","2"
"后隋政渐乱","2","0","2"
"彦谦直道守","2","0","2"
"谦直道守常","2","0","2"
"颇执政者所","2","0","2"
"执政者所嫉","2","0","2"
"尚书都官郎","1","1","2"
"书都官郎中","1","1","2"
"汲郡太守翟","1","1","2"
"郡太守翟嵩","1","1","2"
"造金银器物","1","1","2"
"尚书左丞司","1","1","2"
"书左丞司马","1","1","2"
"左丞司马子","1","1","2"
"丞司马子瑞","1","1","2"
"司马子瑞奏","1","1","2"
"子瑞奏弹义","2","0","2"
"瑞奏弹义云","2","0","2"
"天保元年四","1","1","2"
"保元年四月","1","1","2"
"义云遣御史","2","0","2"
"云遣御史张","2","0","2"
"遣御史张子","2","0","2"
"史张子阶诣","2","0","2"
"张子阶诣州","2","0","2"
"子阶诣州采","2","0","2"
"阶诣州采风","2","0","2"
"诣州采风闻","2","0","2"
"先禁典签家","2","0","2"
"禁典签家客","2","0","2"
"典签家客等","2","0","2"
"遂除度支尚","2","0","2"
"太山钜平人","1","1","2"
"鲁郡太守崔","1","1","2"
"郡太守崔邪","1","1","2"
"太守崔邪利","1","1","2"
"假节龙骧将","1","1","2"
"节龙骧将军","1","1","2"
"队副杨明达","1","1","2"
"博士刘台龙","1","1","2"
"灵太后令曰","2","0","2"
"梁豫州刺史","1","1","2"
"州刺史裴邃","1","1","2"
"寿春人李瓜","1","1","2"
"春人李瓜花","1","1","2"
"庄帝将图硃","2","0","2"
"帝将图硃荣","2","0","2"
"父韦义远招","1","1","2"
"孝文赐改焉","2","0","2"
"宫舆曹少卿","1","1","2"
"安西将军元","1","1","2"
"西将军元丽","1","1","2"
"将军元丽讨","1","1","2"
"薄骨律二镇","1","1","2"
"太中大夫王","1","1","2"
"中大夫王通","1","1","2"
"高平镇将郎","1","1","2"
"平镇将郎育","1","1","2"
"镇将郎育等","1","1","2"
"三百四十顷","1","1","2"
"百八十四人","1","1","2"
"号车骑大将","1","1","2"
"城西张方桥","1","1","2"
"监曹奏事令","1","1","2"
"征南府长史","1","1","2"
"迁骁骑将军","2","0","2"
"北道大都督","1","1","2"
"贼帅鲜修礼","2","0","2"
"钜鹿人赵略","1","1","2"
"铁券二十枚","1","1","2"
"祖吐豆发率","1","1","2"
"刺史李神等","1","1","2"
"然密问医人","2","0","2"
"赐爵魏昌男","1","1","2"
"元颢入洛时","1","1","2"
"友人中直侍","1","1","2"
"人中直侍郎","1","1","2"
"长史慕容白","1","1","2"
"史慕容白泽","1","1","2"
"遣队主巩荣","2","0","2"
"主巩荣贵防","2","0","2"
"巩荣贵防禁","2","0","2"
"荣贵防禁送","2","0","2"
"贵防禁送都","2","0","2"
"愔谓荣贵曰","2","0","2"
"仆百世忠臣","2","0","2"
"前叩头请罪","1","1","2"
"东入田横岛","1","1","2"
"太守王元景","1","1","2"
"光州刺史奚","1","1","2"
"州刺史奚思","1","1","2"
"刺史奚思业","1","1","2"
"黄门侍郎郑","1","1","2"
"门侍郎郑子","1","1","2"
"侍郎郑子默","1","1","2"
"郎郑子默受","1","1","2"
"郑子默受遗","1","1","2"
"子默受遗诏","1","1","2"
"默受遗诏辅","1","1","2"
"宋钦道面奏","1","1","2"
"都督叱利骚","1","1","2"
"开府成休宁","1","1","2"
"太皇太后临","2","0","2"
"令赵彦深代","1","1","2"
"复三州刺史","1","1","2"
"封清河县子","2","0","2"
"战士八百人","1","1","2"
"素行军元帅","2","0","2"
"百余艘屯兵","1","1","2"
"余艘屯兵守","1","1","2"
"开府王长袭","1","1","2"
"大将军刘仁","1","1","2"
"将军刘仁恩","1","1","2"
"南康内史吕","1","1","2"
"康内史吕仲","1","1","2"
"内史吕仲肃","1","1","2"
"信州刺史顾","1","1","2"
"州刺史顾觉","1","1","2"
"刺史顾觉镇","1","1","2"
"荆州刺史陈","1","1","2"
"州刺史陈纪","1","1","2"
"刺史陈纪镇","1","1","2"
"岳阳王陈叔","1","1","2"
"阳王陈叔慎","1","1","2"
"王陈叔慎请","1","1","2"
"晋陵顾世兴","1","1","2"
"都督鲍迁等","1","1","2"
"贼帅陆孟孙","1","1","2"
"五原公元契","1","1","2"
"原公元契镇","1","1","2"
"智慧遁守闽","2","0","2"
"慧遁守闽越","2","0","2"
"泉州人王国","1","1","2"
"州人王国庆","1","1","2"
"军将军独孤","1","1","2"
"将军独孤陀","1","1","2"
"黄金四十斤","1","1","2"
"灵州道行军","1","1","2"
"仁寿宫大监","1","1","2"
"素作威作福","1","1","2"
"侍郎元岩等","1","1","2"
"郎元岩等入","1","1","2"
"河北道安抚","1","1","2"
"北道安抚大","1","1","2"
"道安抚大使","1","1","2"
"介州刺史梁","1","1","2"
"州刺史梁修","1","1","2"
"刺史梁修罗","1","1","2"
"二千五百户","1","1","2"
"赠光禄大夫","2","0","2"
"河十郡太守","1","1","2"
"番州刺史薛","1","1","2"
"州刺史薛道","1","1","2"
"刺史薛道衡","1","1","2"
"贲郎将王仲","1","1","2"
"郎将王仲伯","1","1","2"
"汲郡赞治赵","1","1","2"
"郡赞治赵怀","1","1","2"
"赞治赵怀义","1","1","2"
"治赵怀义等","1","1","2"
"弟武贲郎将","1","1","2"
"县尉元务本","1","1","2"
"书樊子盖等","1","1","2"
"顾破家灭族","1","1","2"
"必能安天下","2","0","2"
"尚书卫玄率","1","1","2"
"军屈突通屯","1","1","2"
"前户部尚书","1","1","2"
"户部尚书李","1","1","2"
"部尚书李子","1","1","2"
"尚书李子雄","1","1","2"
"书李子雄计","1","1","2"
"弟积善步行","1","1","2"
"郡丞周旋玉","1","1","2"
"兄弟功名盖","1","1","2"
"弟功名盖世","1","1","2"
"城人等推宽","2","0","2"
"人等推宽守","2","0","2"
"等推宽守御","2","0","2"
"大行台北征","1","1","2"
"行台北征葛","1","1","2"
"台北征葛荣","1","1","2"
"华州大中正","1","1","2"
"大将军长史","1","1","2"
"二十年七月","1","1","2"
"豫州刺史萧","1","1","2"
"州刺史萧懿","1","1","2"
"交州刺史李","1","1","2"
"刺史李叔献","1","1","2"
"史李叔献屯","1","1","2"
"寻散骑常侍","2","0","2"
"都督淮南诸","1","1","2"
"督淮南诸军","1","1","2"
"淮南诸军事","1","1","2"
"彭城丛亭里","1","1","2"
"城丛亭里人","1","1","2"
"芳随伯母房","1","1","2"
"史沈文秀建","1","1","2"
"沈文秀建威","1","1","2"
"文秀建威府","1","1","2"
"南部尚书李","1","1","2"
"部尚书李敷","1","1","2"
"司徒崔浩弟","1","1","2"
"明太后召入","1","1","2"
"造三字石经","1","1","2"
"徐州大中正","1","1","2"
"徐州刺史沈","1","1","2"
"州刺史沈陵","1","1","2"
"内设师保教","2","0","2"
"使国子学焉","2","0","2"
"立四门博士","1","1","2"
"近郊五十里","2","0","2"
"王畿内千里","1","1","2"
"建武二年正","1","1","2"
"武二年正月","1","1","2"
"阳城南七里","1","1","2"
"阳城北四里","1","1","2"
"太常少卿陆","1","1","2"
"公孙崇等十","1","1","2"
"尚书仆射高","1","1","2"
"书仆射高肇","1","1","2"
"尚书·逸篇","2","0","2"
"云太社惟松","2","0","2"
"中书郎李愔","2","0","2"
"门侍郎王松","1","1","2"
"侍郎王松年","1","1","2"
"妹夫卢士游","1","1","2"
"要行台尚书","1","1","2"
"行台尚书卢","1","1","2"
"台尚书卢潜","1","1","2"
"尚书卢潜陷","1","1","2"
"廷尉公孙良","1","1","2"
"尉公孙良举","1","1","2"
"门下金墉中","2","0","2"
"下金墉中书","2","0","2"
"书外省考论","2","0","2"
"外省考论律","2","0","2"
"省考论律令","2","0","2"
"护军将军高","1","1","2"
"军将军高显","1","1","2"
"通直郎徐纥","1","1","2"
"扬子云等四","1","1","2"
"加宁远将军","1","1","2"
"百官作释奠","1","1","2"
"官作释奠诗","1","1","2"
"光禄大夫高","1","1","2"
"禄大夫高聪","1","1","2"
"卫将军羊深","1","1","2"
"魏车骑将军","1","1","2"
"刺史孙小委","1","1","2"
"太原太守王","1","1","2"
"原太守王希","1","1","2"
"太守王希彦","1","1","2"
"转吏部尚书","2","0","2"
"年上迁半阶","2","0","2"
"寻加散骑常","2","0","2"
"转太中大夫","1","1","2"
"御史中尉甄","1","1","2"
"除安西将军","2","0","2"
"直后万贰兴","1","1","2"
"一百二十八","1","1","2"
"三千二百七","1","1","2"
"千二百七十","1","1","2"
"二百七十年","1","1","2"
"事五百八十","1","1","2"
"瀛州大中正","1","1","2"
"诏峦使持节","2","0","2"
"军傅竖眼讨","1","1","2"
"都督东讨诸","1","1","2"
"督东讨诸军","1","1","2"
"东讨诸军事","1","1","2"
"史中尉崔亮","1","1","2"
"巴西太守庞","1","1","2"
"西太守庞景","1","1","2"
"太守庞景仁","1","1","2"
"化生等二十","1","1","2"
"豫州城人白","2","0","2"
"州城人白早","2","0","2"
"齐苟仁率众","1","1","2"
"武临东堂劳","2","0","2"
"大将胡孝智","1","1","2"
"都督南讨诸","1","1","2"
"督南讨诸军","1","1","2"
"南讨诸军事","1","1","2"
"梁将齐苟仁","1","1","2"
"将齐苟仁等","1","1","2"
"齐苟仁等二","1","1","2"
"苟仁等二十","1","1","2"
"仁等二十一","1","1","2"
"等二十一人","1","1","2"
"河东裴伯茂","2","0","2"
"军元叉所礼","1","1","2"
"尚书令元罗","1","1","2"
"书令元罗镇","1","1","2"
"累迁中书侍","2","0","2"
"高祖孝文皇","1","1","2"
"祖孝文皇帝","1","1","2"
"妻兄李伯伦","1","1","2"
"妻弟李季节","1","1","2"
"副骠骑大将","1","1","2"
"禧都督左翼","1","1","2"
"都督左翼诸","1","1","2"
"督左翼诸军","1","1","2"
"左翼诸军事","1","1","2"
"卜冀州诈称","1","1","2"
"冀州诈称犯","1","1","2"
"州诈称犯罪","1","1","2"
"诏崇使持节","2","0","2"
"群氐皆弃灵","2","0","2"
"氐皆弃灵珍","2","0","2"
"皆弃灵珍散","2","0","2"
"弃灵珍散归","2","0","2"
"灵珍众减太","2","0","2"
"珍众减太半","2","0","2"
"命统军慕容","1","1","2"
"统军慕容拒","1","1","2"
"军慕容拒率","1","1","2"
"齐梁州刺史","1","1","2"
"梁州刺史阴","1","1","2"
"州刺史阴广","1","1","2"
"刺史阴广宗","1","1","2"
"王思考率众","1","1","2"
"鲁北燕等聚","1","1","2"
"北燕等聚众","1","1","2"
"燕等聚众反","1","1","2"
"等聚众反叛","1","1","2"
"游击将军李","1","1","2"
"击将军李晖","1","1","2"
"将军李晖光","1","1","2"
"军李晖光镇","1","1","2"
"崇分遣诸将","2","0","2"
"寿春县人苟","1","1","2"
"春县人苟泰","1","1","2"
"定州流人解","1","1","2"
"州流人解庆","1","1","2"
"流人解庆宾","1","1","2"
"人解庆宾兄","1","1","2"
"解庆宾兄弟","1","1","2"
"认城外死尸","1","1","2"
"军兵苏显甫","1","1","2"
"扬州相国城","1","1","2"
"州相国城内","1","1","2"
"州人裴绚等","1","1","2"
"王神念率水","1","1","2"
"神念率水军","1","1","2"
"念率水军溯","1","1","2"
"率水军溯淮","1","1","2"
"梁霍州司马","1","1","2"
"霍州司马田","1","1","2"
"州司马田休","1","1","2"
"司马田休等","1","1","2"
"灵太后玺书","2","0","2"
"将军崔亮救","1","1","2"
"镇东将军萧","1","1","2"
"东将军萧宝","1","1","2"
"将军萧宝夤","1","1","2"
"崔亮合攻硖","1","1","2"
"亮合攻硖石","1","1","2"
"安北将军李","1","1","2"
"北将军李叔","1","1","2"
"将军李叔仁","1","1","2"
"射萧宝夤等","1","1","2"
"北讨大都督","1","1","2"
"抚军将军崔","1","1","2"
"军将军崔暹","1","1","2"
"时除安乐王","2","0","2"
"除安乐王鉴","2","0","2"
"安乐王鉴徐","2","0","2"
"乐王鉴徐州","2","0","2"
"王鉴徐州刺","2","0","2"
"鉴徐州刺史","2","0","2"
"徐州刺史讨","2","0","2"
"迁司徒左长","2","0","2"
"七十二弟子","1","1","2"
"冀州城南十","1","1","2"
"州城南十六","1","1","2"
"城南十六里","1","1","2"
"统军叔孙头","1","1","2"
"军叔孙头追","1","1","2"
"信都八十里","1","1","2"
"侍御史王显","1","1","2"
"镇将任款请","1","1","2"
"赵祖悦逼寿","2","0","2"
"祖悦逼寿春","2","0","2"
"安南将军崔","1","1","2"
"南将军崔延","1","1","2"
"将军崔延伯","1","1","2"
"王慧龙云太","2","0","2"
"慧龙云太原","2","0","2"
"龙云太原人","2","0","2"
"七帝坊十字","1","1","2"
"宋冀州刺史","1","1","2"
"冀州刺史崔","1","1","2"
"州刺史崔道","1","1","2"
"刺史崔道固","1","1","2"
"史崔道固共","1","1","2"
"秘书丞李彪","1","1","2"
"书丞李彪参","1","1","2"
"光李彪共撰","2","0","2"
"李彪共撰国","2","0","2"
"彪共撰国书","2","0","2"
"专史事任光","2","0","2"
"典事史元显","1","1","2"
"散骑侍郎赵","1","1","2"
"骑侍郎赵邕","1","1","2"
"宣帝黄龙元","1","1","2"
"帝黄龙元年","1","1","2"
"丞相府史家","1","1","2"
"陛下人父母","2","0","2"
"永平元年秋","1","1","2"
"黄门郎孙惠","1","1","2"
"门郎孙惠蔚","1","1","2"
"郎孙惠蔚代","1","1","2"
"熙平元年二","1","1","2"
"平元年二月","1","1","2"
"正光元年冬","1","1","2"
"安能久事笔","2","0","2"
"能久事笔砚","2","0","2"
"青州大中正","1","1","2"
"迁度支尚书","2","0","2"
"宣传左右郭","1","1","2"
"传左右郭神","1","1","2"
"左右郭神安","1","1","2"
"侍中卢昶宣","1","1","2"
"梁左游击将","1","1","2"
"左游击将军","1","1","2"
"军赵祖悦率","1","1","2"
"齐王萧宝夤","1","1","2"
"部尚书李冲","1","1","2"
"济州辅国府","1","1","2"
"州辅国府司","1","1","2"
"辅国府司马","1","1","2"
"刺史元俊忧","1","1","2"
"秘书监祖莹","1","1","2"
"骠骑行参军","1","1","2"
"南衮州刺史","2","0","2"
"司马李元护","1","1","2"
"叔业兄子植","2","0","2"
"中书舍人裴","1","1","2"
"书舍人裴穆","1","1","2"
"舍人裴穆慰","1","1","2"
"豫州刺史薛","1","1","2"
"州刺史薛真","1","1","2"
"刺史薛真度","1","1","2"
"韦伯昕奉表","1","1","2"
"景明元年正","1","1","2"
"明元年正月","1","1","2"
"征南将军田","1","1","2"
"南将军田益","1","1","2"
"将军田益宗","1","1","2"
"子皇甫仲达","1","1","2"
"都水使者韦","1","1","2"
"水使者韦俊","1","1","2"
"使者韦俊等","1","1","2"
"夏侯道迁姊","2","0","2"
"梁秦二州刺","1","1","2"
"瀛二州刺史","1","1","2"
"梦见征虏将","1","1","2"
"见征虏将军","1","1","2"
"征虏将军房","1","1","2"
"虏将军房世","1","1","2"
"将军房世宝","1","1","2"
"前京城太守","1","1","2"
"京城太守赵","1","1","2"
"城太守赵卓","1","1","2"
"秘书监郑道","1","1","2"
"书监郑道昭","1","1","2"
"监郑道昭暴","1","1","2"
"郑道昭暴病","1","1","2"
"辽东襄平人","1","1","2"
"带汝阴太守","2","0","2"
"州人柳世明","1","1","2"
"人柳世明图","1","1","2"
"葛荣等相继","1","1","2"
"镇南府长史","1","1","2"
"徒彭城王勰","2","0","2"
"广陵侯元衍","1","1","2"
"长史贾思祖","1","1","2"
"司马陆希道","1","1","2"
"英东征钟离","1","1","2"
"人曰唯傅灵","2","0","2"
"文武才干足","1","1","2"
"羊兰隔河相","1","1","2"
"兰隔河相对","1","1","2"
"宋辅国司马","1","1","2"
"辅国司马刘","1","1","2"
"衡州刺史张","1","1","2"
"州刺史张齐","1","1","2"
"赐骅骝马一","2","0","2"
"遣北梁州长","1","1","2"
"北梁州长史","1","1","2"
"梁州长史锡","1","1","2"
"州长史锡休","1","1","2"
"长史锡休儒","1","1","2"
"史锡休儒等","1","1","2"
"见天下多事","1","1","2"
"齐将崔慧景","1","1","2"
"历事黄门侍","2","0","2"
"接舆释游论","1","1","2"
"齐遣散骑常","2","0","2"
"骑常侍裴昭","1","1","2"
"常侍裴昭明","1","1","2"
"散骑侍郎谢","1","1","2"
"骑侍郎谢竣","1","1","2"
"侍郎谢竣等","1","1","2"
"尚书李冲选","1","1","2"
"散骑常侍庾","1","1","2"
"骑常侍庾荜","1","1","2"
"散骑侍郎何","1","1","2"
"骑侍郎何宪","1","1","2"
"书邢宗庆等","1","1","2"
"侍御史张思","1","1","2"
"御史张思宁","1","1","2"
"左右二都水","1","1","2"
"右二都水事","1","1","2"
"雕镂作琵琶","1","1","2"
"军主程兵润","1","1","2"
"城人吕文欣","1","1","2"
"人吕文欣杀","1","1","2"
"台樊子鹄讨","1","1","2"
"东南道三徐","1","1","2"
"南道三徐行","1","1","2"
"道三徐行台","1","1","2"
"都督贺拔胜","1","1","2"
"督贺拔胜等","1","1","2"
"荥阳人郑荣","1","1","2"
"阳人郑荣业","1","1","2"
"人郑荣业反","1","1","2"
"关右大行台","1","1","2"
"大将军刘昶","1","1","2"
"议参军袁济","1","1","2"
"郡县府佐统","1","1","2"
"县府佐统军","1","1","2"
"能一心奉公","1","1","2"
"尚书度支郎","1","1","2"
"书度支郎中","1","1","2"
"录事参军卢","1","1","2"
"事参军卢思","1","1","2"
"参军卢思道","1","1","2"
"军卢思道私","1","1","2"
"赵郡王睿等","2","0","2"
"州人郑播宗","1","1","2"
"人郑播宗等","1","1","2"
"郑播宗等七","1","1","2"
"播宗等七百","1","1","2"
"尚书郎十年","1","1","2"
"幽州刺史胡","1","1","2"
"州刺史胡泥","1","1","2"
"侍中李冲等","1","1","2"
"州大中正房","1","1","2"
"大中正房千","1","1","2"
"中正房千秋","1","1","2"
"幽州平北府","1","1","2"
"州平北府长","1","1","2"
"平北府长史","1","1","2"
"宋王刘昶征","1","1","2"
"大将军府参","1","1","2"
"将军府参军","1","1","2"
"军府参军事","1","1","2"
"南北二都赋","1","1","2"
"行台七兵郎","1","1","2"
"赠辅国将军","1","1","2"
"太保长孙承","1","1","2"
"保长孙承业","1","1","2"
"行台贺拔胜","1","1","2"
"收散骑常侍","2","0","2"
"昭帝留心政","1","1","2"
"祠部三尚书","1","1","2"
"国子助教熊","1","1","2"
"子助教熊安","1","1","2"
"助教熊安生","1","1","2"
"太常卿卢元","1","1","2"
"常卿卢元明","1","1","2"
"尚书仆射崔","1","1","2"
"书仆射崔暹","1","1","2"
"除开府仪同","2","0","2"
"引入文林馆","1","1","2"
"思伯弟思同","2","0","2"
"书舍人冯元","1","1","2"
"舍人冯元兴","1","1","2"
"广州刺史郑","1","1","2"
"国子祭酒韩","1","1","2"
"子祭酒韩子","1","1","2"
"祭酒韩子熙","1","1","2"
"中书博士张","1","1","2"
"书博士张天","1","1","2"
"士张天龙讲","1","1","2"
"赵郡李孝怡","1","1","2"
"书令王肃曾","1","1","2"
"门侍郎李琰","1","1","2"
"幽州大中正","1","1","2"
"尚书仪曹郎","1","1","2"
"书仪曹郎中","1","1","2"
"冀州刺史万","1","1","2"
"刺史万俟受","1","1","2"
"史万俟受洛","1","1","2"
"开府仓曹参","1","1","2"
"公主远嫁诗","1","1","2"
"连珠孔雀罗","1","1","2"
"珠孔雀罗等","1","1","2"
"参军元景献","1","1","2"
"尚书令元世","1","1","2"
"书令元世俊","1","1","2"
"胶州刺史司","1","1","2"
"司马世云家","1","1","2"
"中外府功曹","1","1","2"
"仓督成祖等","1","1","2"
"功曹参军赵","1","1","2"
"曹参军赵彦","1","1","2"
"参军赵彦深","1","1","2"
"过典签高景","1","1","2"
"典签高景略","1","1","2"
"事中郎王士","1","1","2"
"中郎王士阙","1","1","2"
"田曹参军孙","1","1","2"
"曹参军孙子","1","1","2"
"参军孙子宽","1","1","2"
"黄门郎高德","1","1","2"
"门郎高德正","1","1","2"
"中书侍郎陆","1","1","2"
"书侍郎陆元","1","1","2"
"侍郎陆元规","1","1","2"
"文宣皇帝改","1","1","2"
"黄门侍郎刘","1","1","2"
"门侍郎刘逖","1","1","2"
"侍中尚书令","1","1","2"
"中尚书令赵","1","1","2"
"尚书令赵彦","1","1","2"
"侍中左仆射","1","1","2"
"中左仆射元","1","1","2"
"左仆射元文","1","1","2"
"仆射元文遥","1","1","2"
"尚书尉瑾内","1","1","2"
"书尉瑾内外","1","1","2"
"赵彦深心腹","1","1","2"
"妻兄郑道盖","1","1","2"
"兄郑道盖奏","1","1","2"
"帝问韩长鸾","2","0","2"
"司农卿尹子","1","1","2"
"农卿尹子华","1","1","2"
"府少卿李叔","1","1","2"
"少卿李叔元","1","1","2"
"平准令张叔","1","1","2"
"准令张叔略","1","1","2"
"令张叔略等","1","1","2"
"张叔略等结","1","1","2"
"南营州录事","1","1","2"
"营州录事参","1","1","2"
"元海郑州刺","2","0","2"
"海郑州刺史","2","0","2"
"御史中丞丽","1","1","2"
"史中丞丽伯","1","1","2"
"中丞丽伯律","1","1","2"
"劾主书王子","1","1","2"
"主书王子冲","1","1","2"
"录事参军王","1","1","2"
"忽闻箫鼓音","2","0","2"
"武泰元年四","1","1","2"
"泰元年四月","1","1","2"
"言丞相高阳","1","1","2"
"州人郭罗察","1","1","2"
"幽州人刘灵","1","1","2"
"州人刘灵助","1","1","2"
"人刘灵助善","1","1","2"
"黄门侍郎祖","1","1","2"
"门侍郎祖莹","1","1","2"
"刺史李神俊","1","1","2"
"史李神俊闭","1","1","2"
"李神俊闭门","1","1","2"
"都督河北畿","1","1","2"
"督河北畿外","1","1","2"
"河北畿外诸","1","1","2"
"北畿外诸军","1","1","2"
"畿外诸军事","1","1","2"
"荣将讨葛荣","2","0","2"
"永安二年春","1","1","2"
"元天穆先平","1","1","2"
"黄门郎杨侃","1","1","2"
"定州曲阳县","1","1","2"
"都督侯深讨","1","1","2"
"时万俟丑奴","2","0","2"
"萧宝夤拥众","1","1","2"
"都督贺拔岳","1","1","2"
"莫陈悦等入","1","1","2"
"陈悦等入关","1","1","2"
"悦等入关讨","1","1","2"
"骑兵参军刘","1","1","2"
"兵参军刘贵","1","1","2"
"参军许周劝","1","1","2"
"胶东侯李侃","1","1","2"
"书侍郎邢子","1","1","2"
"侍郎邢子才","1","1","2"
"州人高荣祖","1","1","2"
"长星扫大角","1","1","2"
"下行台郎中","1","1","2"
"行台郎中李","1","1","2"
"台郎中李显","1","1","2"
"都督郭罗察","1","1","2"
"城阳王徽杨","2","0","2"
"阳王徽杨侃","2","0","2"
"高贵乡公同","1","1","2"
"贵乡公同日","1","1","2"
"乡公同日死","1","1","2"
"道乡公同日","1","1","2"
"乡公同日生","1","1","2"
"见光禄卿鲁","1","1","2"
"光禄卿鲁安","1","1","2"
"禄卿鲁安等","1","1","2"
"时年三十八","1","1","2"
"见天子射中","1","1","2"
"司直刘季明","1","1","2"
"马上弹琵琶","1","1","2"
"庄帝步云龙","2","0","2"
"帝步云龙门","2","0","2"
"河西人纥豆","1","1","2"
"西人纥豆陵","1","1","2"
"侍中源子恭","1","1","2"
"黄门郎窦瑗","1","1","2"
"天光等败韩","2","0","2"
"光等败韩陵","2","0","2"
"长孙承业等","1","1","2"
"舍人郭崇报","1","1","2"
"斩阊阖门外","2","0","2"
"扬灰簸土觅","1","1","2"
"灰簸土觅真","1","1","2"
"簸土觅真珠","1","1","2"
"三徐大行台","1","1","2"
"督东道诸军","1","1","2"
"东道诸军事","1","1","2"
"门高道穆等","1","1","2"
"北乡郡公主","1","1","2"
"尚书郎宋游","1","1","2"
"书郎宋游道","1","1","2"
"部尚书元世","1","1","2"
"尚书元世俊","1","1","2"
"河内太守田","1","1","2"
"内太守田帖","1","1","2"
"书都令史谢","1","1","2"
"都令史谢远","1","1","2"
"都官郎中穆","1","1","2"
"官郎中穆子","1","1","2"
"郎中穆子容","1","1","2"
"等九州行台","1","1","2"
"高平镇城人","1","1","2"
"平镇城人赫","1","1","2"
"镇城人赫贵","1","1","2"
"城人赫贵连","1","1","2"
"人赫贵连恩","1","1","2"
"赫贵连恩等","1","1","2"
"贼帅破六韩","1","1","2"
"萧宝夤相拒","2","0","2"
"宝夤相拒安","2","0","2"
"夤相拒安定","2","0","2"
"建义元年夏","1","1","2"
"天光使持节","2","0","2"
"大都督武卫","1","1","2"
"都督武卫将","1","1","2"
"督武卫将军","1","1","2"
"武卫将军贺","1","1","2"
"卫将军贺拔","1","1","2"
"将军贺拔岳","1","1","2"
"督侯莫陈悦","1","1","2"
"莫陈悦等讨","1","1","2"
"东雍赤水蜀","1","1","2"
"天光令贺拔","1","1","2"
"光令贺拔岳","1","1","2"
"令贺拔岳率","1","1","2"
"投略阳贼帅","2","0","2"
"略阳贼帅王","2","0","2"
"阳贼帅王庆","2","0","2"
"贼帅王庆云","2","0","2"
"道洛骁果绝","2","0","2"
"洛骁果绝伦","2","0","2"
"庆云所居永","2","0","2"
"云所居永洛","2","0","2"
"所居永洛城","2","0","2"
"荣大将军府","1","1","2"
"会硃兆入洛","2","0","2"
"都督贾显智","1","1","2"
"置阁内都督","1","1","2"
"阁内都督部","1","1","2"
"内都督部曲","1","1","2"
"前驱大都督","1","1","2"
"门侍郎杨宽","1","1","2"
"帝遂敕椿停","2","0","2"
"遂敕椿停行","2","0","2"
"三十州诸军","1","1","2"
"司乐下大夫","1","1","2"
"司乐中大夫","1","1","2"
"内史宇文孝","1","1","2"
"史宇文孝伯","1","1","2"
"狱卒张元平","1","1","2"
"隋文帝践极","2","0","2"
"平城镇长史","1","1","2"
"都督府仓曹","1","1","2"
"督府仓曹参","1","1","2"
"西荆州大中","1","1","2"
"荆州大中正","1","1","2"
"太山太守彭","1","1","2"
"山太守彭穆","1","1","2"
"太守彭穆参","1","1","2"
"青州刺史大","1","1","2"
"州刺史大野","1","1","2"
"刺史大野拔","1","1","2"
"史大野拔率","1","1","2"
"同三司娄昭","1","1","2"
"三司娄昭等","1","1","2"
"中军副都督","1","1","2"
"除燕州刺史","2","0","2"
"太守卢文伟","1","1","2"
"东莱王贵平","2","0","2"
"行台仆射魏","1","1","2"
"台仆射魏兰","1","1","2"
"仆射魏兰根","1","1","2"
"深仪同三司","1","1","2"
"州刺史樊子","1","1","2"
"刺史樊子鹄","1","1","2"
"人刘桃符等","1","1","2"
"前胶州刺史","1","1","2"
"胶州刺史贾","1","1","2"
"州刺史贾璐","1","1","2"
"廷尉卿崔光","1","1","2"
"尉卿崔光韶","1","1","2"
"肆州刺史尉","1","1","2"
"州刺史尉庆","1","1","2"
"元天穆北征","1","1","2"
"天穆北征葛","1","1","2"
"穆北征葛荣","1","1","2"
"府长史元颖","1","1","2"
"大都督高敖","1","1","2"
"都督高敖曹","1","1","2"
"大破东魏军","1","1","2"
"前军大都督","1","1","2"
"左厢大都督","1","1","2"
"征西将军侯","1","1","2"
"西将军侯莫","1","1","2"
"将军侯莫陈","1","1","2"
"军侯莫陈悦","1","1","2"
"大行台尉迟","1","1","2"
"仆射万俟行","1","1","2"
"射万俟行丑","1","1","2"
"分精兵数十","1","1","2"
"太尉侯伏侯","1","1","2"
"尉侯伏侯元","1","1","2"
"夏州人宿勤","1","1","2"
"州人宿勤明","1","1","2"
"人宿勤明达","1","1","2"
"宿勤明达降","1","1","2"
"助侯莫陈悦","1","1","2"
"关中大行台","1","1","2"
"都督关中二","1","1","2"
"督关中二十","1","1","2"
"关中二十州","1","1","2"
"中二十州诸","1","1","2"
"州刺史李景","1","1","2"
"中兵参军豆","1","1","2"
"兵参军豆卢","1","1","2"
"参军豆卢光","1","1","2"
"见京都礼义","1","1","2"
"侯莫陈悦宴","1","1","2"
"刺史李叔仁","1","1","2"
"鸿宾奉献酒","1","1","2"
"乡郡二郡太","1","1","2"
"郡二郡太守","1","1","2"
"羊深等八人","1","1","2"
"廷尉少卿袁","1","1","2"
"尉少卿袁翻","1","1","2"
"公卿士大夫","1","1","2"
"尚书崔孝芬","1","1","2"
"司空胄曹参","1","1","2"
"空胄曹参军","1","1","2"
"尚书左丞宋","1","1","2"
"书左丞宋游","1","1","2"
"书侍郎李绘","1","1","2"
"侍郎李绘等","1","1","2"
"郎李绘等追","1","1","2"
"累迁散骑常","2","0","2"
"淮南经略使","1","1","2"
"徐州刺史郭","1","1","2"
"州刺史郭志","1","1","2"
"刺史郭志杀","1","1","2"
"濮阳太守戴","1","1","2"
"阳太守戴僧","1","1","2"
"太守戴僧施","1","1","2"
"侍中赵思贤","1","1","2"
"州刺史郭元","1","1","2"
"刺史郭元建","1","1","2"
"河南尹李平","1","1","2"
"前刺史李世","1","1","2"
"永安五铢钱","1","1","2"
"置司直十人","1","1","2"
"司直纠劾失","1","1","2"
"直纠劾失实","1","1","2"
"事后母孝闻","2","0","2"
"沮渠蒙逊曾","1","1","2"
"州刺史李世","1","1","2"
"身长八尺五","1","1","2"
"长八尺五寸","1","1","2"
"伟寻进侍中","2","0","2"
"黄门郎元顺","1","1","2"
"书二千石郎","1","1","2"
"仪曹郎袁升","1","1","2"
"外兵郎李奂","1","1","2"
"国史典书高","1","1","2"
"史典书高法","1","1","2"
"典书高法显","1","1","2"
"商贾二曹令","1","1","2"
"泾州平西府","1","1","2"
"州平西府长","1","1","2"
"平西府长史","1","1","2"
"刺史皇甫集","1","1","2"
"西北道行台","1","1","2"
"前锋大都督","1","1","2"
"大将军元天","1","1","2"
"将军元天穆","1","1","2"
"军元天穆讨","1","1","2"
"元天穆讨平","1","1","2"
"天穆讨平邢","1","1","2"
"睿小名须拔","2","0","2"
"特神武所爱","2","0","2"
"北朔州刺史","1","1","2"
"立大都督府","1","1","2"
"尚书省分理","1","1","2"
"大都督府长","1","1","2"
"都督府长史","1","1","2"
"华阳长公主","1","1","2"
"摄录尚书事","1","1","2"
"时年三十六","2","0","2"
"六州军事都","1","1","2"
"州军事都督","1","1","2"
"侍中孙腾等","1","1","2"
"西南道大都","1","1","2"
"军刘丰等相","1","1","2"
"徒潘相乐等","1","1","2"
"郢州刺史陆","1","1","2"
"州刺史陆法","1","1","2"
"妇人薛氏入","1","1","2"
"人薛氏入宫","1","1","2"
"仪同苟子溢","1","1","2"
"同苟子溢尤","1","1","2"
"宜阳公王世","1","1","2"
"阳公王世积","1","1","2"
"百年皇太子","2","0","2"
"中兴寺内白","1","1","2"
"兴寺内白凫","1","1","2"
"寺内白凫翁","1","1","2"
"四方侧听声","1","1","2"
"方侧听声雍","1","1","2"
"侧听声雍雍","1","1","2"
"说梁孝王惧","1","1","2"
"齐二州刺史","1","1","2"
"主上假太后","2","0","2"
"上假太后令","2","0","2"
"假太后令夺","2","0","2"
"朔州道行台","1","1","2"
"斫骨光弁奉","1","1","2"
"行台郎王行","1","1","2"
"台郎王行思","1","1","2"
"行台左丞王","1","1","2"
"台左丞王尚","1","1","2"
"妇人王氏私","1","1","2"
"人王氏私通","1","1","2"
"魏上党王元","1","1","2"
"除军大将军","2","0","2"
"都督成休宁","1","1","2"
"督成休宁列","1","1","2"
"郎中令吕思","1","1","2"
"中令吕思礼","1","1","2"
"冀州长史宇","1","1","2"
"州长史宇文","1","1","2"
"长史宇文仲","1","1","2"
"史宇文仲鸾","1","1","2"
"司马李祖挹","1","1","2"
"长乐郡守尉","1","1","2"
"乐郡守尉普","1","1","2"
"郡守尉普兴","1","1","2"
"守尉普兴等","1","1","2"
"令赵郡王睿","2","0","2"
"永安简平王","1","1","2"
"壮士刘桃枝","1","1","2"
"仪同刘郁捷","1","1","2"
"彭城景思王","1","1","2"
"长史韦道建","1","1","2"
"御史中丞崔","1","1","2"
"史中丞崔昂","1","1","2"
"右仆射魏收","1","1","2"
"河清三年三","1","1","2"
"清三年三月","1","1","2"
"白子礼等数","1","1","2"
"子礼等数十","1","1","2"
"礼等数十人","1","1","2"
"上党刚肃王","1","1","2"
"送梁王萧明","1","1","2"
"库真都督破","1","1","2"
"真都督破六","1","1","2"
"都督破六韩","1","1","2"
"督破六韩伯","1","1","2"
"时年二十六","2","0","2"
"青州人崔蔚","1","1","2"
"州人崔蔚波","1","1","2"
"人崔蔚波等","1","1","2"
"周齐王宪伐","2","0","2"
"隋开皇三年","1","1","2"
"高阳康穆王","1","1","2"
"护军长史张","1","1","2"
"开府王回洛","1","1","2"
"州大都督独","1","1","2"
"大都督独孤","1","1","2"
"都督独孤枝","1","1","2"
"督独孤枝侵","1","1","2"
"河南道行台","1","1","2"
"河南康献王","1","1","2"
"作水堂龙舟","1","1","2"
"叛臣乞扶令","1","1","2"
"孝琬叩马谏","2","0","2"
"请委赵郡王","2","0","2"
"委赵郡王部","2","0","2"
"赵郡王部分","2","0","2"
"河南种谷河","1","1","2"
"南种谷河北","1","1","2"
"种谷河北生","1","1","2"
"白杨树头金","1","1","2"
"杨树头金鸡","1","1","2"
"孝琬时时对","1","1","2"
"武卫赫连辅","1","1","2"
"卫赫连辅玄","1","1","2"
"魏孝静皇帝","1","1","2"
"累迁州刺史","2","0","2"
"兰陵王入阵","1","1","2"
"陵王入阵曲","1","1","2"
"武平四年五","1","1","2"
"平四年五月","1","1","2"
"行参军阳士","1","1","2"
"参军阳士深","1","1","2"
"晋昌王唐邕","1","1","2"
"齐昌王莫多","1","1","2"
"昌王莫多娄","1","1","2"
"王莫多娄敬","1","1","2"
"武卫将军相","1","1","2"
"卫将军相里","1","1","2"
"将军相里僧","1","1","2"
"军相里僧伽","1","1","2"
"开府韩骨胡","1","1","2"
"侯莫陈洛州","1","1","2"
"尚书令史沮","1","1","2"
"书令史沮山","1","1","2"
"武卫兰芙蓉","1","1","2"
"御上士张寿","1","1","2"
"十二月十三","1","1","2"
"太守郑道盖","1","1","2"
"博士任方荣","1","1","2"
"北朔州总管","1","1","2"
"前长史赵穆","1","1","2"
"奴等数十人","1","1","2"
"灵州刺史袁","1","1","2"
"州刺史袁洪","1","1","2"
"刺史袁洪猛","1","1","2"
"将军宇文恩","1","1","2"
"乐陵王百年","2","0","2"
"河清三年五","1","1","2"
"清三年五月","1","1","2"
"博陵人贾德","1","1","2"
"陵人贾德胄","1","1","2"
"人贾德胄教","1","1","2"
"贾德胄教百","1","1","2"
"德胄教百年","1","1","2"
"玄都苑凉风","1","1","2"
"都苑凉风堂","1","1","2"
"五月五日辰","1","1","2"
"月五日辰时","1","1","2"
"五月五日生","1","1","2"
"御史王子宜","1","1","2"
"开府高舍洛","1","1","2"
"中常侍刘辟","1","1","2"
"常侍刘辟强","1","1","2"
"侍中冯子琮","1","1","2"
"都督翟显贵","1","1","2"
"琅邪王聪明","1","1","2"
"卫大将军赵","1","1","2"
"大将军赵元","1","1","2"
"将军赵元侃","1","1","2"
"州人韩木兰","1","1","2"
"人韩木兰等","1","1","2"
"累加仪同三","2","0","2"
"丞相记室孙","1","1","2"
"相记室孙搴","1","1","2"
"累迁御史中","2","0","2"
"迁御史中尉","2","0","2"
"梁人刘乌黑","1","1","2"
"遣王思政颍","2","0","2"
"都督宗正珍","1","1","2"
"正平四郡大","1","1","2"
"平四郡大都","1","1","2"
"四郡大都督","1","1","2"
"西魏北华州","1","1","2"
"魏北华州刺","1","1","2"
"北华州刺史","1","1","2"
"华州刺史薛","1","1","2"
"州刺史薛崇","1","1","2"
"刺史薛崇礼","1","1","2"
"外府司马房","1","1","2"
"府司马房毓","1","1","2"
"仪同长孙子","1","1","2"
"同长孙子彦","1","1","2"
"见东雍州刺","1","1","2"
"雍州刺史潘","1","1","2"
"州刺史潘相","1","1","2"
"刺史潘相乐","1","1","2"
"梁司徒陆法","1","1","2"
"梁大都督侯","1","1","2"
"任约率水陆","1","1","2"
"怀州刺史平","1","1","2"
"州刺史平鉴","1","1","2"
"刺史平鉴等","1","1","2"
"行台侯莫陈","1","1","2"
"台侯莫陈崇","1","1","2"
"仪同韩永兴","1","1","2"
"大都督侯深","1","1","2"
"洛州四十里","1","1","2"
"督将僚佐四","1","1","2"
"将僚佐四十","1","1","2"
"僚佐四十八","1","1","2"
"佐四十八人","1","1","2"
"开府中兵参","1","1","2"
"府中兵参军","1","1","2"
"库直正都督","1","1","2"
"迁殿中尚书","2","0","2"
"贺拔伏恩救","1","1","2"
"东秦州刺史","1","1","2"
"七月刈禾太","1","1","2"
"月刈禾太早","1","1","2"
"九月啖糕未","1","1","2"
"本欲寻山射","1","1","2"
"欲寻山射虎","1","1","2"
"激箭旁中赵","1","1","2"
"箭旁中赵老","1","1","2"
"随魏孝武帝","1","1","2"
"武帝西入关","1","1","2"
"堂一百三十","1","1","2"
"一百三十步","1","1","2"
"授行台尚书","2","0","2"
"河阳行台左","1","1","2"
"阳行台左丞","1","1","2"
"北道行台仆","1","1","2"
"道行台仆射","1","1","2"
"河阳道行台","1","1","2"
"办马槽二千","1","1","2"
"军总管崔彦","1","1","2"
"总管崔彦睦","1","1","2"
"行台尉相贵","1","1","2"
"平原公主寡","1","1","2"
"执子司徒中","2","0","2"
"子司徒中兵","2","0","2"
"司徒中兵慧","2","0","2"
"徒中兵慧登","2","0","2"
"中兵慧登等","2","0","2"
"兵慧登等二","2","0","2"
"登等二十人","2","0","2"
"等二十人前","2","0","2"
"仪同三司崔","1","1","2"
"同三司崔孝","1","1","2"
"三司崔孝芬","1","1","2"
"太仆卿任集","1","1","2"
"瀛州刺史元","1","1","2"
"州刺史元晏","1","1","2"
"怀朔镇省事","1","1","2"
"迁大行台郎","2","0","2"
"进爵阳平郡","2","0","2"
"爵阳平郡公","2","0","2"
"史中尉崔暹","1","1","2"
"粳米五百石","1","1","2"
"封须昌县公","2","0","2"
"云阝州总管","1","1","2"
"蜀公尉迟回","1","1","2"
"命襄州总管","1","1","2"
"襄州总管王","1","1","2"
"州总管王谊","1","1","2"
"泰勋戚居台","2","0","2"
"作御史中尉","1","1","2"
"封厍狄干等","1","1","2"
"刺史费穆送","1","1","2"
"封章武郡王","2","0","2"
"魏谯王元孝","1","1","2"
"谯王元孝友","1","1","2"
"薛公长孙览","1","1","2"
"梁将严超达","1","1","2"
"将严超达等","1","1","2"
"仪同三司敬","1","1","2"
"同三司敬显","1","1","2"
"三司敬显俊","1","1","2"
"司敬显俊等","1","1","2"
"太尉兰陵王","1","1","2"
"斛律光先率","1","1","2"
"魏黄门郎元","1","1","2"
"中书黄门侍","1","1","2"
"书黄门侍郎","1","1","2"
"寻除中书监","2","0","2"
"高祖倍侯利","1","1","2"
"书舍人李若","1","1","2"
"舍人李若误","1","1","2"
"人李若误奏","1","1","2"
"侍中高文遥","1","1","2"
"中高文遥将","1","1","2"
"外戚梁冀等","1","1","2"
"长史莫孝晖","1","1","2"
"周大司马尉","1","1","2"
"大司马尉迟","1","1","2"
"庸公王雄等","1","1","2"
"周将宇文桀","1","1","2"
"光率步骑五","2","0","2"
"率步骑五万","2","0","2"
"罕公普屯威","1","1","2"
"国韦孝宽等","1","1","2"
"柱国纥干广","1","1","2"
"国纥干广略","1","1","2"
"纥干广略围","1","1","2"
"周建安等四","1","1","2"
"敕令便放兵","2","0","2"
"令便放兵散","2","0","2"
"九升八合粟","1","1","2"
"角斗定非真","1","1","2"
"将留何处人","1","1","2"
"周将韦孝宽","1","1","2"
"将韦孝宽惧","1","1","2"
"令曹魏祖奏","1","1","2"
"丞相府佐封","1","1","2"
"相府佐封士","1","1","2"
"二千石郎邢","1","1","2"
"千石郎邢祖","1","1","2"
"石郎邢祖信","1","1","2"
"祖信少年时","1","1","2"
"追赠上柱国","2","0","2"
"天统元年五","1","1","2"
"统元年五月","1","1","2"
"军贺拔伏恩","1","1","2"
"拔伏恩等十","1","1","2"
"军大将军鲜","1","1","2"
"洛州行台仆","1","1","2"
"州行台仆射","1","1","2"
"行台仆射独","1","1","2"
"台仆射独孤","1","1","2"
"仆射独孤永","1","1","2"
"射独孤永业","1","1","2"
"命中外府司","1","1","2"
"外府司马李","1","1","2"
"府司马李义","1","1","2"
"司马李义深","1","1","2"
"相府城局李","1","1","2"
"府城局李士","1","1","2"
"城局李士略","1","1","2"
"搴少时温子","2","0","2"
"少时温子升","2","0","2"
"时温子升齐","2","0","2"
"温子升齐名","2","0","2"
"范阳卢道虔","1","1","2"
"必须乘胜追","1","1","2"
"累迁大行台","2","0","2"
"元康金五十","1","1","2"
"康金五十斤","1","1","2"
"时年四十三","1","1","2"
"库直纥奚舍","1","1","2"
"直纥奚舍乐","1","1","2"
"仓头薛丰洛","1","1","2"
"头薛丰洛率","1","1","2"
"州牧任城王","1","1","2"
"相高阳王等","1","1","2"
"高阳王等多","1","1","2"
"相府法曹辛","1","1","2"
"府法曹辛子","1","1","2"
"法曹辛子炎","1","1","2"
"曹辛子炎咨","1","1","2"
"阳侯萧明等","1","1","2"
"一人使天下","2","0","2"
"人使天下人","2","0","2"
"显阳殿讲说","1","1","2"
"阳殿讲说佛","1","1","2"
"朝廷弼行颍","2","0","2"
"廷弼行颍州","2","0","2"
"武成下坐临","2","0","2"
"成下坐临视","2","0","2"
"郎中封静哲","1","1","2"
"中封静哲所","1","1","2"
"楚州人东方","1","1","2"
"州人东方白","1","1","2"
"人东方白额","1","1","2"
"主书杜永珍","1","1","2"
"本姓屋引氏","1","1","2"
"州刺史侯景","1","1","2"
"丞相右长史","1","1","2"
"广平太守羊","1","1","2"
"平太守羊敦","1","1","2"
"广宗太守窦","1","1","2"
"宗太守窦瑗","1","1","2"
"平原太守许","1","1","2"
"原太守许季","1","1","2"
"太守许季良","1","1","2"
"守许季良等","1","1","2"
"大丞相左长","1","1","2"
"丞相左长史","1","1","2"
"知子莫若父","1","1","2"
"尚书敬显俊","1","1","2"
"黄门侍郎袁","1","1","2"
"门侍郎袁猛","1","1","2"
"州童子佛寺","1","1","2"
"荐主书郭敬","1","1","2"
"立军府安置","1","1","2"
"斛律孝卿总","1","1","2"
"多娄敬显等","1","1","2"
"事中郎封长","1","1","2"
"中郎封长业","1","1","2"
"记室参军平","1","1","2"
"室参军平涛","1","1","2"
"中书舍人分","1","1","2"
"太尉东阁祭","1","1","2"
"尉东阁祭酒","1","1","2"
"大将军府功","1","1","2"
"将军府功曹","1","1","2"
"大丞相府功","1","1","2"
"齐州清河太","1","1","2"
"州清河太守","1","1","2"
"位中书舍人","2","0","2"
"丞相功曹参","1","1","2"
"相功曹参军","1","1","2"
"台都官郎中","1","1","2"
"宜阳国太妃","1","1","2"
"尚书驾部郎","1","1","2"
"书驾部郎中","1","1","2"
"胡长粲辅导","1","1","2"
"长粲辅导太","1","1","2"
"粲辅导太子","1","1","2"
"省祠部尚书","1","1","2"
"子琮监造大","1","1","2"
"琮监造大明","1","1","2"
"监造大明宫","1","1","2"
"卫大将军侯","1","1","2"
"大将军侯吕","1","1","2"
"尚书兵部郎","1","1","2"
"加朝请大夫","1","1","2"
"江都郡丞事","1","1","2"
"梁郡通守杨","1","1","2"
"郡通守杨汪","1","1","2"
"尚书承务郎","1","1","2"
"宣城公赵国","1","1","2"
"城公赵国李","1","1","2"
"公赵国李孝","1","1","2"
"赵国李孝伯","1","1","2"
"司徒记室参","1","1","2"
"徒记室参军","1","1","2"
"北主客郎中","1","1","2"
"黄门郎贾思","1","1","2"
"门郎贾思同","1","1","2"
"郎贾思同侍","1","1","2"
"贾思同侍立","1","1","2"
"朕托体孝文","1","1","2"
"赖尚书辛雄","1","1","2"
"书右仆射高","1","1","2"
"右仆射高隆","1","1","2"
"御史中尉高","1","1","2"
"史中尉高仲","1","1","2"
"中尉高仲密","1","1","2"
"故尚书令陈","1","1","2"
"尚书令陈留","1","1","2"
"书令陈留公","1","1","2"
"令陈留公继","1","1","2"
"陈留公继伯","1","1","2"
"想彼境内宁","1","1","2"
"彼境内宁静","1","1","2"
"想境内清晏","1","1","2"
"西门豹祠宴","1","1","2"
"门豹祠宴集","1","1","2"
"魏收惊蛱蝶","1","1","2"
"黄门侍郎颢","1","1","2"
"门侍郎颢等","1","1","2"
"折简召长安","1","1","2"
"州刺史崔圣","1","1","2"
"刺史崔圣念","1","1","2"
"吏部郎中尉","1","1","2"
"部郎中尉瑾","1","1","2"
"通直常侍房","1","1","2"
"直常侍房延","1","1","2"
"司空司马辛","1","1","2"
"空司马辛元","1","1","2"
"司马辛元植","1","1","2"
"国子博士刁","1","1","2"
"子博士刁柔","1","1","2"
"尚书郎高孝","1","1","2"
"书郎高孝干","1","1","2"
"合一百三十","2","0","2"
"除梁州刺史","2","0","2"
"右仆射高德","1","1","2"
"射高德正二","1","1","2"
"高德正二人","1","1","2"
"皇居新殿台","1","1","2"
"居新殿台赋","1","1","2"
"魏太常刘芳","1","1","2"
"中书郎崔肇","1","1","2"
"书郎崔肇师","1","1","2"
"皇太子纳郑","1","1","2"
"太子纳郑良","1","1","2"
"子纳郑良娣","1","1","2"
"延宗纳赵郡","1","1","2"
"宗纳赵郡李","1","1","2"
"纳赵郡李祖","1","1","2"
"赵郡李祖收","1","1","2"
"中山太守阳","1","1","2"
"山太守阳休","1","1","2"
"太子舍人卢","1","1","2"
"子舍人卢询","1","1","2"
"舍人卢询祖","1","1","2"
"司空主簿李","1","1","2"
"空主簿李翥","1","1","2"
"侍中高元海","1","1","2"
"都官尚书毕","1","1","2"
"官尚书毕义","1","1","2"
"尚书毕义云","1","1","2"
"弘农华阴人","1","1","2"
"行台礼部侍","1","1","2"
"台礼部侍郎","1","1","2"
"七十八列传","1","1","2"
"司马迁创立","1","1","2"
"马迁创立纪","1","1","2"
"迁创立纪传","1","1","2"
"兰根身长八","1","1","2"
"根身长八尺","1","1","2"
"北海王国侍","1","1","2"
"海王国侍郎","1","1","2"
"史侯莫陈仲","1","1","2"
"南岐四州诸","1","1","2"
"岐四州诸军","1","1","2"
"四州行台尚","1","1","2"
"州行台尚书","1","1","2"
"总管十三州","1","1","2"
"管十三州诸","1","1","2"
"破侯莫陈悦","1","1","2"
"赖都督侯伏","1","1","2"
"柱国贺兰祥","1","1","2"
"小司马尉迟","1","1","2"
"司马尉迟纲","1","1","2"
"马尉迟纲等","1","1","2"
"宁负略阳公","1","1","2"
"立左右十二","1","1","2"
"左右十二军","1","1","2"
"汝叔母纥干","2","0","2"
"同乡人姬库","1","1","2"
"乡人姬库根","1","1","2"
"贺拔阿斗泥","1","1","2"
"尉迟迥前锋","2","0","2"
"大将军权景","1","1","2"
"郑公达奚武","1","1","2"
"公达奚武等","1","1","2"
"密卫王直图","2","0","2"
"七年三月十","1","1","2"
"年三月十八","1","1","2"
"宫伯长孙览","1","1","2"
"伯长孙览等","1","1","2"
"大将军莒国","1","1","2"
"将军莒国公","1","1","2"
"弟大将军万","1","1","2"
"大将军万寿","1","1","2"
"大将军刘勇","1","1","2"
"中外府司录","1","1","2"
"外府司录尹","1","1","2"
"府司录尹公","1","1","2"
"司录尹公正","1","1","2"
"部下大夫李","1","1","2"
"下大夫李安","1","1","2"
"大夫李安等","1","1","2"
"开府宇文德","1","1","2"
"委弃杂畜辎","2","0","2"
"弃杂畜辎重","2","0","2"
"杂畜辎重胜","2","0","2"
"畜辎重胜数","2","0","2"
"折草作旌旗","1","1","2"
"尚书直事郎","1","1","2"
"书直事郎中","1","1","2"
"小吏部下大","1","1","2"
"宇文神举等","1","1","2"
"宗师中大夫","1","1","2"
"累迁右宫伯","2","0","2"
"司卫上大夫","1","1","2"
"宇文孝伯实","1","1","2"
"右宫伯中大","1","1","2"
"宫伯中大夫","1","1","2"
"司武上大夫","1","1","2"
"幽州人卢昌","1","1","2"
"州人卢昌期","1","1","2"
"门侍郎卢思","1","1","2"
"侍郎卢思道","1","1","2"
"文孝伯等屡","1","1","2"
"司马消难反","1","1","2"
"文宣叱奴皇","1","1","2"
"宣叱奴皇后","1","1","2"
"齐将独孤永","1","1","2"
"将独孤永业","1","1","2"
"筑崇德等五","1","1","2"
"齐将新蔡王","1","1","2"
"将新蔡王康","1","1","2"
"新蔡王康德","1","1","2"
"柱国宇文盛","1","1","2"
"国宇文盛运","1","1","2"
"齐平原王段","1","1","2"
"开府裴文举","1","1","2"
"内史王谊谋","1","1","2"
"将军宇文盛","1","1","2"
"军宇文盛守","1","1","2"
"柱国侯莫陈","1","1","2"
"国侯莫陈芮","1","1","2"
"开府宇文忻","1","1","2"
"府宇文忻殿","1","1","2"
"骁将贺兰豹","1","1","2"
"将贺兰豹子","1","1","2"
"宪率所部先","1","1","2"
"第二子安城","1","1","2"
"二子安城公","1","1","2"
"稽胡刘没铎","1","1","2"
"司卫长孙览","1","1","2"
"小冢宰宇文","1","1","2"
"冢宰宇文孝","1","1","2"
"宰宇文孝伯","1","1","2"
"大将军安邑","1","1","2"
"将军安邑公","1","1","2"
"军安邑公王","1","1","2"
"安邑公王兴","1","1","2"
"上开府独孤","1","1","2"
"开府独孤熊","1","1","2"
"开府豆卢绍","1","1","2"
"府豆卢绍等","1","1","2"
"贺拔公国士","1","1","2"
"开府宇文盛","1","1","2"
"府宇文盛告","1","1","2"
"陇西成纪人","1","1","2"
"都督长孙邪","1","1","2"
"督长孙邪利","1","1","2"
"后应侯莫陈","2","0","2"
"州人豆卢狼","1","1","2"
"都督大野树","1","1","2"
"瓜州诸军事","1","1","2"
"中侍上士尉","1","1","2"
"侍上士尉迟","1","1","2"
"上士尉迟恺","1","1","2"
"三环金带一","1","1","2"
"州置总管府","2","0","2"
"少侍伯大夫","1","1","2"
"少承御大夫","1","1","2"
"大丞相府司","1","1","2"
"史高仲密请","1","1","2"
"弘农等二十","1","1","2"
"农等二十一","1","1","2"
"等二十一郡","1","1","2"
"二十一郡诸","1","1","2"
"十一郡诸军","1","1","2"
"一郡诸军事","1","1","2"
"讨侯莫陈悦","1","1","2"
"安定国中尉","1","1","2"
"谋害宇文护","1","1","2"
"时年七十七","1","1","2"
"黄门侍郎监","1","1","2"
"门侍郎监护","1","1","2"
"爵广平郡公","2","0","2"
"拒齐将斛律","1","1","2"
"开府李三王","1","1","2"
"大将军赵达","1","1","2"
"晋泰始七年","1","1","2"
"南宁州刺史","1","1","2"
"宁州刺史徐","1","1","2"
"州刺史徐文","1","1","2"
"刺史徐文盛","1","1","2"
"后员外散骑","2","0","2"
"宣皇帝推寅","1","1","2"
"皇帝推寅立","1","1","2"
"社仑等率部","1","1","2"
"仑等率部落","1","1","2"
"兰汗杀慕容","1","1","2"
"汗杀慕容宝","1","1","2"
"秃发利鹿孤","1","1","2"
"发利鹿孤死","1","1","2"
"相州刺史庾","1","1","2"
"州刺史庾岳","1","1","2"
"司马德宗复","1","1","2"
"马德宗复位","1","1","2"
"泰常元年春","1","1","2"
"常元年春二","1","1","2"
"春二月丁未","1","1","2"
"献怀长公主","1","1","2"
"同三司高归","1","1","2"
"三司高归彦","1","1","2"
"徐州刺史高","1","1","2"
"州刺史高思","1","1","2"
"刺史高思宗","1","1","2"
"营州刺史高","1","1","2"
"州刺史高长","1","1","2"
"刺史高长弼","1","1","2"
"卫将军高普","1","1","2"
"卫将军高子","1","1","2"
"将军高子瑗","1","1","2"
"北中郎将高","1","1","2"
"中郎将高显","1","1","2"
"郎将高显国","1","1","2"
"前太子庶子","1","1","2"
"太子庶子高","1","1","2"
"子庶子高睿","1","1","2"
"扬州县开国","1","1","2"
"州县开国公","1","1","2"
"县开国公高","1","1","2"
"开国公高孝","1","1","2"
"国公高孝绪","1","1","2"
"州刺史贺拔","1","1","2"
"刺史贺拔仁","1","1","2"
"殷州刺史韩","1","1","2"
"州刺史韩轨","1","1","2"
"司徒公彭乐","1","1","2"
"司空公潘相","1","1","2"
"空公潘相乐","1","1","2"
"夏四月壬辰","1","1","2"
"改封上党王","1","1","2"
"封上党王绍","1","1","2"
"上党王绍仁","1","1","2"
"广阳王绍义","1","1","2"
"诏封皇子仁","1","1","2"
"封皇子仁机","1","1","2"
"太师贺拔仁","1","1","2"
"太傅侯莫陈","1","1","2"
"傅侯莫陈相","1","1","2"
"大司马娄睿","1","1","2"
"左仆射胡长","1","1","2"
"中书监唐邕","1","1","2"
"封孝昭皇帝","1","1","2"
"录尚书事赵","1","1","2"
"尚书事赵彦","1","1","2"
"书事赵彦深","1","1","2"
"右仆射唐邕","1","1","2"
"吏部尚书冯","1","1","2"
"部尚书冯子","1","1","2"
"尚书冯子琮","1","1","2"
"翊王润太尉","2","0","2"
"仪同三司贺","1","1","2"
"同三司贺拔","1","1","2"
"三司贺拔伏","1","1","2"
"司贺拔伏恩","1","1","2"
"慕容钟葵等","1","1","2"
"容钟葵等宿","1","1","2"
"钟葵等宿卫","1","1","2"
"葵等宿卫近","1","1","2"
"等宿卫近臣","1","1","2"
"宿卫近臣三","1","1","2"
"卫近臣三十","1","1","2"
"奉诏巡抚东","1","1","2"
"诏巡抚东南","1","1","2"
"上柱国宇文","1","1","2"
"柱国宇文述","1","1","2"
"上柱国郭衍","1","1","2"
"大将军左光","1","1","2"
"将军左光禄","1","1","2"
"军左光禄大","1","1","2"
"光禄大夫麦","1","1","2"
"禄大夫麦铁","1","1","2"
"大夫麦铁杖","1","1","2"
"武贲郎将钱","1","1","2"
"贲郎将钱士","1","1","2"
"郎将钱士雄","1","1","2"
"光禄大夫郑","1","1","2"
"禄大夫郑荣","1","1","2"
"屯卫将军宇","1","1","2"
"卫将军宇文","1","1","2"
"将军宇文化","1","1","2"
"监门直阁裴","1","1","2"
"门直阁裴虔","1","1","2"
"将作少监宇","1","1","2"
"作少监宇文","1","1","2"
"少监宇文智","1","1","2"
"武勇郎将赵","1","1","2"
"勇郎将赵行","1","1","2"
"郎将赵行枢","1","1","2"
"符玺郎李覆","1","1","2"
"千牛左右李","1","1","2"
"牛左右李孝","1","1","2"
"左右李孝本","1","1","2"
"宣武灵皇后","1","1","2"
"武灵皇后胡","1","1","2"
"灵皇后胡氏","1","1","2"
"安定临泾人","1","1","2"
"武成皇后胡","1","1","2"
"成皇后胡氏","1","1","2"
"诏赠左光禄","1","1","2"
"改封平凉王","1","1","2"
"节度西道诸","1","1","2"
"度西道诸军","1","1","2"
"西道诸军事","1","1","2"
"摄右翊卫将","1","1","2"
"长安镇都大","1","1","2"
"安镇都大将","1","1","2"
"七兵殿中二","1","1","2"
"兵殿中二尚","1","1","2"
"殿中二尚书","1","1","2"
"除骠骑大将","2","0","2"
"石季龙乐安","1","1","2"
"季龙乐安太","1","1","2"
"龙乐安太守","1","1","2"
"苻丕左主客","1","1","2"
"丕左主客郎","1","1","2"
"慕容永秘书","1","1","2"
"容永秘书监","1","1","2"
"义州刺史韩","1","1","2"
"州刺史韩显","1","1","2"
"凉州大中正","1","1","2"
"都督齐州刺","1","1","2"
"督齐州刺史","1","1","2"
"魏尚书仆射","1","1","2"
"晋吏部尚书","1","1","2"
"大象元年夏","1","1","2"
"荧阳汴水北","1","1","2"
"秦州总管录","1","1","2"
"州总管录事","1","1","2"
"总管录事参","1","1","2"
"管录事参军","1","1","2"
"扬州刺史长","1","1","2"
"刺史长孙承","1","1","2"
"史长孙承业","1","1","2"
"撰郑玄所注","1","1","2"
"周官·仪礼","2","0","2"
"徐州人地录","1","1","2"
"急就篇续注","1","1","2"
"就篇续注音","1","1","2"
"篇续注音义","1","1","2"
"续注音义证","1","1","2"
"毛诗笺音义","1","1","2"
"诗笺音义证","1","1","2"
"司空骑兵参","1","1","2"
"空骑兵参军","1","1","2"
"东京司宗中","1","1","2"
"京司宗中大","1","1","2"
"东京都官尚","1","1","2"
"京都官尚书","1","1","2"
"大行台前驱","1","1","2"
"行台前驱都","1","1","2"
"台前驱都督","1","1","2"
"长乐信都人","1","1","2"
"北燕主冯弘","1","1","2"
"魏恭帝三年","1","1","2"
"武定四年十","1","1","2"
"定四年十一","1","1","2"
"四年十一月","1","1","2"
"仪同三司韩","1","1","2"
"令左卫元斌","1","1","2"
"军斛斯椿镇","1","1","2"
"立魏南阳王","1","1","2"
"魏南阳王宝","1","1","2"
"南阳王宝炬","1","1","2"
"十七年三月","1","1","2"
"恭帝元年四","1","1","2"
"帝元年四月","1","1","2"
"大将军段文","1","1","2"
"将军段文振","1","1","2"
"文帝文皇后","1","1","2"
"帝文皇后乙","1","1","2"
"文皇后乙弗","1","1","2"
"皇后乙弗氏","1","1","2"
"仪膂力过人","1","1","2"
"改封东平王","1","1","2"
"禄大夫张安","1","1","2"
"大夫张安期","1","1","2"
"七百二十一","1","1","2"
"百二十一人","1","1","2"
"河西属卫辰","1","1","2"
"宰元天穆见","1","1","2"
"新息公王洛","1","1","2"
"位都水使者","1","1","2"
"博陵安平人","1","1","2"
"武元皇帝身","1","1","2"
"郎虞世基等","1","1","2"
"事中李孝贞","1","1","2"
"侍郎元纂等","1","1","2"
"尚书省大会","1","1","2"
"鸿胪少卿阳","1","1","2"
"胪少卿阳休","1","1","2"
"刺史皇甫绩","1","1","2"
"贼帅汪文进","1","1","2"
"应诏左右赵","1","1","2"
"诏左右赵桃","1","1","2"
"左右赵桃弓","1","1","2"
"英南讨三关","1","1","2"
"后智等随慕","1","1","2"
"智等随慕容","1","1","2"
"等随慕容德","1","1","2"
"城外送客亭","1","1","2"
"上谷居庸人","1","1","2"
"济阴乘氏人","1","1","2"
"丝管韵未成","1","1","2"
"东魏郡肥乡","1","1","2"
"魏郡肥乡人","1","1","2"
"门下录事常","1","1","2"
"下录事常景","1","1","2"
"廷尉监张彪","1","1","2"
"尉监张彪等","1","1","2"
"齐郡益都人","1","1","2"
"武卫将军费","1","1","2"
"卫将军费穆","1","1","2"
"书右仆射元","1","1","2"
"广牧富昌人","1","1","2"
"代郡平城人","1","1","2"
"胜南投肆州","1","1","2"
"陇西狄道人","1","1","2"
"大钱重十二","1","1","2"
"钱重十二铢","1","1","2"
"长史宋钦道","1","1","2"
"军厍狄士文","1","1","2"
"使娄子彦载","2","0","2"
"琅邪下邳人","1","1","2"
"中黄门等监","1","1","2"
"咸阳石安人","1","1","2"
"太常卿段孝","1","1","2"
"常卿段孝言","1","1","2"
"太安捍殊人","1","1","2"
"朔州敕勒部","1","1","2"
"州敕勒部人","1","1","2"
"中山曲阳人","1","1","2"
"上谷昌平人","1","1","2"
"齐安王纳子","1","1","2"
"安王纳子琮","1","1","2"
"钜鹿下曲阳","1","1","2"
"鹿下曲阳人","1","1","2"
"天水南安人","1","1","2"
"授徐州总管","1","1","2"
"秦会拥众十","1","1","2"
"会拥众十万","1","1","2"
"李密的意见","0","2","2"
"从洛阳出发","0","2","2"
"如果不是这","0","2","2"
"果不是这样","0","2","2"
"也应当遵守","0","2","2"
"是不可改变","0","2","2"
"没有谋反的","0","2","2"
"武帝亲自到","0","2","2"
"他脱去布衣","0","2","2"
"赏赐给他丝","0","2","2"
"到天明也不","0","2","2"
"苏绰与宇文","0","2","2"
"绰与宇文泰","0","2","2"
"宇文泰的意","0","2","2"
"文泰的意见","0","2","2"
"泰的意见相","0","2","2"
"的意见相同","0","2","2"
"根据自己的","0","2","2"
"百姓叫苦连","0","2","2"
"姓叫苦连天","0","2","2"
"与他推心置","0","2","2"
"他推心置腹","0","2","2"
"他平生的志","0","2","2"
"处理一切事","0","2","2"
"都和他估计","0","2","2"
"和他估计的","0","2","2"
"他估计的一","0","2","2"
"估计的一样","0","2","2"
"在我们前面","0","2","2"
"就来不及了","0","2","2"
"今天怎么能","0","2","2"
"东魏军队才","0","2","2"
"将他的军队","0","2","2"
"的军队打得","0","2","2"
"军队打得大","0","2","2"
"队打得大败","0","2","2"
"没有一个不","0","2","2"
"是我们这些","0","2","2"
"隐藏起来的","0","2","2"
"把他们全部","0","2","2"
"说过这样的","0","2","2"
"们都认为这","0","2","2"
"高赹的儿子","0","2","2"
"生出这样的","0","2","2"
"再参预朝政","0","2","2"
"做官的意思","0","2","2"
"史万岁的功","0","2","2"
"万岁的功劳","0","2","2"
"令手下的人","0","2","2"
"不是他所能","0","2","2"
"文帝生气地","0","2","2"
"的弟弟杨约","0","2","2"
"不是因为你","0","2","2"
"孝顺廉洁之","0","2","2"
"顺廉洁之士","0","2","2"
"都是这个样","0","2","2"
"到鲜于灵馥","0","2","2"
"鲜于灵馥的","0","2","2"
"于灵馥的学","0","2","2"
"所有的东西","0","2","2"
"各种事物都","0","2","2"
"种事物都能","0","2","2"
"是否一定能","0","2","2"
"于是就把这","0","2","2"
"当时的舆论","0","2","2"
"时的舆论都","0","2","2"
"因守母丧而","0","2","2"
"悲伤过度以","0","2","2"
"伤过度以至","0","2","2"
"过度以至于","0","2","2"
"度以至于损","0","2","2"
"以至于损伤","0","2","2"
"至于损伤了","0","2","2"
"于损伤了身","0","2","2"
"损伤了身体","0","2","2"
"是这样的吗","0","2","2"
"自己捆绑起","0","2","2"
"己捆绑起来","0","2","2"
"什么遗憾的","0","2","2"
"送来的财物","0","2","2"
"一点也不接","0","2","2"
"谋反作乱的","0","2","2"
"反作乱的人","0","2","2"
"淮河两岸商","0","2","2"
"献文帝亲自","0","2","2"
"文帝亲自带","0","2","2"
"市一样热闹","0","2","2"
"人们不能猜","0","2","2"
"们不能猜度","0","2","2"
"正像他说的","0","2","2"
"按他说的办","0","2","2"
"太阳运行快","0","2","2"
"又服一剂药","0","2","2"
"什么益处呢","0","2","2"
"尔朱天光西","0","2","2"
"攻破赤水蜀","0","2","2"
"说侯莫陈悦","0","2","2"
"侯莫陈悦想","0","2","2"
"莫陈悦想回","0","2","2"
"陈悦想回秦","0","2","2"
"悦想回秦州","0","2","2"
"是侯莫陈悦","0","2","2"
"安抚和慰问","0","2","2"
"文泰对他说","0","2","2"
"魏大统初年","0","2","2"
"白间杂的马","0","2","2"
"他又跟从宇","0","2","2"
"又跟从宇文","0","2","2"
"因遭受敌人","0","2","2"
"被打得大败","0","2","2"
"功被晋封爵","0","2","2"
"又跟随宇文","0","2","2"
"宇文泰向东","0","2","2"
"东魏将领莫","0","2","2"
"魏将领莫多","0","2","2"
"将领莫多娄","0","2","2"
"领莫多娄贷","0","2","2"
"为西魏大军","0","2","2"
"西魏大军到","0","2","2"
"魏大军到来","0","2","2"
"便不战而退","0","2","2"
"随宇文泰与","0","2","2"
"宇文泰与高","0","2","2"
"文泰与高欢","0","2","2"
"封他为太师","0","2","2"
"朝廷前后赏","0","2","2"
"廷前后赏赐","0","2","2"
"前后赏赐给","0","2","2"
"后赏赐给他","0","2","2"
"他性情沉稳","0","2","2"
"文帝的庙庭","0","2","2"
"他文武兼备","0","2","2"
"他被朝廷授","0","2","2"
"让他与自己","0","2","2"
"自己的弟弟","0","2","2"
"攻打东都洛","0","2","2"
"打东都洛阳","0","2","2"
"杨玄感却说","0","2","2"
"官员的家属","0","2","2"
"杨玄感率军","0","2","2"
"很快就可以","0","2","2"
"杨玄感准备","0","2","2"
"准备西入关","0","2","2"
"备西入关中","0","2","2"
"强大的军队","0","2","2"
"说他要谋反","0","2","2"
"与杨玄感的","0","2","2"
"人身上带着","0","2","2"
"首领郝孝德","0","2","2"
"阵势等待敌","0","2","2"
"把敌人打得","0","2","2"
"另外统率一","0","2","2"
"侗派武贲郎","0","2","2"
"占据洛口仓","0","2","2"
"十个骑兵到","0","2","2"
"被流箭射中","0","2","2"
"阳贼兵首领","0","2","2"
"贼兵首领张","0","2","2"
"之间的土地","0","2","2"
"的贼兵首领","0","2","2"
"翟让的部将","0","2","2"
"统领所有的","0","2","2"
"的哥哥翟宽","0","2","2"
"为什么要杀","0","2","2"
"武贲郎将杨","0","2","2"
"幸免于一死","0","2","2"
"文化及杀死","0","2","2"
"杀死隋炀帝","0","2","2"
"然后到朝廷","0","2","2"
"宇文化及率","0","2","2"
"对随从的人","0","2","2"
"随从的人说","0","2","2"
"宇文化及十","0","2","2"
"粮食已经吃","0","2","2"
"食已经吃完","0","2","2"
"李密在童山","0","2","2"
"宇文化及将","0","2","2"
"向李密投降","0","2","2"
"的人越来越","0","2","2"
"人越来越少","0","2","2"
"即将进入洛","0","2","2"
"他的心难道","0","2","2"
"他的祖先为","0","2","2"
"被朝廷追赠","0","2","2"
"朝廷追赠为","0","2","2"
"廷追赠为柱","0","2","2"
"追赠为柱国","0","2","2"
"见一位老人","0","2","2"
"命宇文贵为","0","2","2"
"随尔朱荣在","0","2","2"
"尔朱荣在滏","0","2","2"
"朱荣在滏口","0","2","2"
"为郢州刺史","0","2","2"
"武帝入关西","0","2","2"
"晋爵为化政","0","2","2"
"爵为化政郡","0","2","2"
"为化政郡公","0","2","2"
"他善于骑马","0","2","2"
"有将帅才能","0","2","2"
"他与独孤信","0","2","2"
"与独孤信进","0","2","2"
"独孤信进入","0","2","2"
"孤信进入洛","0","2","2"
"信进入洛阳","0","2","2"
"东魏的行台","0","2","2"
"的部将都认","0","2","2"
"部将都认为","0","2","2"
"与敌人短兵","0","2","2"
"一只金制的","0","2","2"
"只金制的酒","0","2","2"
"金制的酒器","0","2","2"
"对公卿们说","0","2","2"
"并将他们斩","0","2","2"
"廷下诏命宇","0","2","2"
"将他们送往","0","2","2"
"他们送往京","0","2","2"
"廷命宇文贵","0","2","2"
"被晋位为柱","0","2","2"
"他又被晋封","0","2","2"
"又被晋封为","0","2","2"
"封为许国公","0","2","2"
"过去的爵位","0","2","2"
"任为大司空","0","2","2"
"迁任为太保","0","2","2"
"人们因此称","0","2","2"
"们因此称赞","0","2","2"
"常对亲近的","0","2","2"
"请求朝廷派","0","2","2"
"他与自己一","0","2","2"
"与自己一起","0","2","2"
"武帝攻打晋","0","2","2"
"帝攻打晋州","0","2","2"
"无往而不胜","0","2","2"
"形势已经形","0","2","2"
"势已经形成","0","2","2"
"与乌丸轨一","0","2","2"
"乌丸轨一起","0","2","2"
"对他礼遇甚","0","2","2"
"礼遇甚为优","0","2","2"
"驻扎在河阳","0","2","2"
"精锐三千人","0","2","2"
"的军队失败","0","2","2"
"常参与朝廷","0","2","2"
"朝廷大事的","0","2","2"
"右领军大将","0","2","2"
"实行的办法","0","2","2"
"朝廷又改封","0","2","2"
"廷又改封他","0","2","2"
"隋文帝曾经","0","2","2"
"对朝廷有二","0","2","2"
"朝廷有二心","0","2","2"
"去他的官职","0","2","2"
"在蒲州举兵","0","2","2"
"的祖先是北","0","2","2"
"祖先是北魏","0","2","2"
"先是北魏的","0","2","2"
"任殿中将军","0","2","2"
"败万俟丑奴","0","2","2"
"他单人独骑","0","2","2"
"因功被封为","0","2","2"
"被封为泾县","0","2","2"
"议迎接周文","0","2","2"
"接周文帝宇","0","2","2"
"宇文泰派他","0","2","2"
"命侯莫陈崇","0","2","2"
"随宇文泰攻","0","2","2"
"改封为彭城","0","2","2"
"位为柱国大","0","2","2"
"感到很奇怪","0","2","2"
"对他所亲近","0","2","2"
"占卜的人说","0","2","2"
"武帝在大德","0","2","2"
"帝在大德殿","0","2","2"
"召集所有的","0","2","2"
"的公卿大臣","0","2","2"
"按照正常的","0","2","2"
"因为父亲的","0","2","2"
"为父亲的功","0","2","2"
"亲的功劳被","0","2","2"
"封为安乐县","0","2","2"
"郡公的爵号","0","2","2"
"议论认为他","0","2","2"
"论认为他的","0","2","2"
"廷命他为益","0","2","2"
"命他为益州","0","2","2"
"采用了他的","0","2","2"
"的兵马讨伐","0","2","2"
"王谦任命的","0","2","2"
"率众号称十","0","2","2"
"众号称十万","0","2","2"
"达奚其心等","0","2","2"
"任命的大将","0","2","2"
"命的大将军","0","2","2"
"不知道他们","0","2","2"
"知道他们已","0","2","2"
"说梁睿率大","0","2","2"
"梁睿率大军","0","2","2"
"命达奚其心","0","2","2"
"世代都是州","0","2","2"
"代都是州郡","0","2","2"
"帝太和年间","0","2","2"
"有知人之明","0","2","2"
"让他率领精","0","2","2"
"他率领精锐","0","2","2"
"氐族和羌族","0","2","2"
"朝廷命王罴","0","2","2"
"有人对他说","0","2","2"
"辞去这个职","0","2","2"
"去这个职务","0","2","2"
"朝廷的显贵","0","2","2"
"人力物力都","0","2","2"
"有军功被封","0","2","2"
"城墙没有被","0","2","2"
"廷内外都有","0","2","2"
"为本州刺史","0","2","2"
"城中粮食吃","0","2","2"
"是孝文皇帝","0","2","2"
"我们的国家","0","2","2"
"他被封爵为","0","2","2"
"元颢率南朝","0","2","2"
"颢率南朝军","0","2","2"
"率南朝军队","0","2","2"
"南朝军队占","0","2","2"
"朝军队占据","0","2","2"
"军队占据洛","0","2","2"
"队占据洛阳","0","2","2"
"接受了元颢","0","2","2"
"受了元颢的","0","2","2"
"代行南秦州","0","2","2"
"秦州刺史的","0","2","2"
"当地的首领","0","2","2"
"的同党都已","0","2","2"
"你们何必再","0","2","2"
"武帝西迁后","0","2","2"
"任华州刺史","0","2","2"
"高欢率军进","0","2","2"
"欢率军进攻","0","2","2"
"在床上没有","0","2","2"
"床上没有起","0","2","2"
"上没有起来","0","2","2"
"百姓互相告","0","2","2"
"姓互相告发","0","2","2"
"的咽喉要道","0","2","2"
"派使者慰劳","0","2","2"
"积累前后功","0","2","2"
"累前后功勋","0","2","2"
"各种不同的","0","2","2"
"军队返回后","0","2","2"
"命他为雍州","0","2","2"
"渡过黄河向","0","2","2"
"过黄河向南","0","2","2"
"他心里很不","0","2","2"
"他所任职的","0","2","2"
"他死在任上","0","2","2"
"汉代司徒王","0","2","2"
"代司徒王允","0","2","2"
"司徒王允的","0","2","2"
"徒王允的后","0","2","2"
"王允的后代","0","2","2"
"早就听说了","0","2","2"
"就听说了他","0","2","2"
"帝登皇帝位","0","2","2"
"皇宫的宿卫","0","2","2"
"崤山和函谷","0","2","2"
"山和函谷关","0","2","2"
"的军队到达","0","2","2"
"为太原郡公","0","2","2"
"任命为光禄","0","2","2"
"是宇文氏的","0","2","2"
"心中常不自","0","2","2"
"中常不自安","0","2","2"
"佩带的金带","0","2","2"
"被敌人包围","0","2","2"
"跟从他的人","0","2","2"
"认为玉壁地","0","2","2"
"为玉壁地处","0","2","2"
"驻扎在这里","0","2","2"
"被授予骠骑","0","2","2"
"授予骠骑大","0","2","2"
"予骠骑大将","0","2","2"
"出北豫州归","0","2","2"
"文泰亲自率","0","2","2"
"宇文泰已经","0","2","2"
"领数千名骑","0","2","2"
"宇文泰让他","0","2","2"
"利用机会进","0","2","2"
"两军一万多","0","2","2"
"军一万多人","0","2","2"
"宇文泰听说","0","2","2"
"兵进向豫州","0","2","2"
"暗中派人送","0","2","2"
"优厚地抚慰","0","2","2"
"兰愿德等人","0","2","2"
"希望他们能","0","2","2"
"宇文泰便把","0","2","2"
"生等人率领","0","2","2"
"用火箭射击","0","2","2"
"东魏军队的","0","2","2"
"善于射箭的","0","2","2"
"没有什么益","0","2","2"
"慕容绍宗等","0","2","2"
"容绍宗等人","0","2","2"
"他左右的人","0","2","2"
"大将军身上","0","2","2"
"亲近的人也","0","2","2"
"一把白羽毛","0","2","2"
"左右随从将","0","2","2"
"齐文宣帝受","0","2","2"
"魏禅让称帝","0","2","2"
"为兖州刺史","0","2","2"
"他的父亲尉","0","2","2"
"被任命为驸","0","2","2"
"任命为驸马","0","2","2"
"命为驸马都","0","2","2"
"他被封为侍","0","2","2"
"他又迁升为","0","2","2"
"迁升为尚书","0","2","2"
"兼领军将军","0","2","2"
"宇文泰因此","0","2","2"
"文泰因此很","0","2","2"
"与邻国修好","0","2","2"
"他的弟弟武","0","2","2"
"可以图取呀","0","2","2"
"便与朝臣们","0","2","2"
"与朝臣们议","0","2","2"
"多持不同意","0","2","2"
"持不同意见","0","2","2"
"魏军队到来","0","2","2"
"的梁州刺史","0","2","2"
"到西魏朝廷","0","2","2"
"将军队驻扎","0","2","2"
"兵将他包围","0","2","2"
"文武官员到","0","2","2"
"命他为大都","0","2","2"
"加上原来的","0","2","2"
"上原来的共","0","2","2"
"原来的共十","0","2","2"
"平蜀的功劳","0","2","2"
"百姓都怀念","0","2","2"
"他的性情十","0","2","2"
"的性情十分","0","2","2"
"性情十分孝","0","2","2"
"情十分孝顺","0","2","2"
"过去在京城","0","2","2"
"都和颜悦色","0","2","2"
"文泰知道他","0","2","2"
"将他调回朝","0","2","2"
"为他立碑歌","0","2","2"
"又晋封他为","0","2","2"
"公宇文护东","0","2","2"
"宇文护东伐","0","2","2"
"任相州总管","0","2","2"
"兄弟的儿子","0","2","2"
"江淮之间的","0","2","2"
"讨伐尉迟迥","0","2","2"
"韦孝宽为元","0","2","2"
"孝宽为元帅","0","2","2"
"延寿公于仲","0","2","2"
"寿公于仲文","0","2","2"
"尉迟迥派他","0","2","2"
"人郭子胜为","0","2","2"
"郭子胜为刺","0","2","2"
"子胜为刺史","0","2","2"
"韦孝宽的军","0","2","2"
"首先登上城","0","2","2"
"他们全部擒","0","2","2"
"们全部擒获","0","2","2"
"意将他释放","0","2","2"
"不能匡救时","0","2","2"
"能匡救时弊","0","2","2"
"代在魏做官","0","2","2"
"他迁任内史","0","2","2"
"帝准备诛杀","0","2","2"
"准备诛杀晋","0","2","2"
"备诛杀晋公","0","2","2"
"诛杀晋公宇","0","2","2"
"杀晋公宇文","0","2","2"
"被封为上开","0","2","2"
"封为上开府","0","2","2"
"二十名骑兵","0","2","2"
"帝征讨吐谷","0","2","2"
"宣帝在军中","0","2","2"
"郑译等人都","0","2","2"
"军队回来后","0","2","2"
"帝大为恼怒","0","2","2"
"郑译等人的","0","2","2"
"也认为很对","0","2","2"
"的奇异才能","0","2","2"
"有什么过错","0","2","2"
"知道陛下您","0","2","2"
"今天为什么","0","2","2"
"子是国家的","0","2","2"
"怎么能轻易","0","2","2"
"武帝的胡须","0","2","2"
"武帝认为他","0","2","2"
"帝认为他说","0","2","2"
"认为他说的","0","2","2"
"是为了国家","0","2","2"
"为自己打算","0","2","2"
"受先帝的厚","0","2","2"
"先帝的厚恩","0","2","2"
"将王轨杀害","0","2","2"
"大夫颜之仪","0","2","2"
"宣帝不采纳","0","2","2"
"他的人都很","0","2","2"
"的人都很悲","0","2","2"
"人都很悲伤","0","2","2"
"朝臣在闵帝","0","2","2"
"臣在闵帝面","0","2","2"
"在闵帝面前","0","2","2"
"被齐军打败","0","2","2"
"他周围的人","0","2","2"
"叛乱平定后","0","2","2"
"朝廷封他的","0","2","2"
"廷封他的一","0","2","2"
"到外地任职","0","2","2"
"皇太子即位","0","2","2"
"大军还未到","0","2","2"
"自称河南王","0","2","2"
"朝廷派使者","0","2","2"
"把自己的第","0","2","2"
"儿嫁给他的","0","2","2"
"他的儿子王","0","2","2"
"的儿子王奉","0","2","2"
"儿子王奉孝","0","2","2"
"周静帝禅让","0","2","2"
"的礼遇更加","0","2","2"
"礼遇更加优","0","2","2"
"到他的府第","0","2","2"
"朝廷赏赐的","0","2","2"
"天下人的心","0","2","2"
"帝为表彰他","0","2","2"
"晋爵为郢国","0","2","2"
"爵为郢国公","0","2","2"
"的人也有不","0","2","2"
"隋文帝对他","0","2","2"
"文帝对他的","0","2","2"
"人告发了他","0","2","2"
"又有什么办","0","2","2"
"弟的身份从","0","2","2"
"而在那里定","0","2","2"
"父亲独孤库","0","2","2"
"亲独孤库者","0","2","2"
"任领人酋长","0","2","2"
"杀死卫可环","0","2","2"
"被葛荣抓住","0","2","2"
"称他为独孤","0","2","2"
"他跟随大军","0","2","2"
"他的大都督","0","2","2"
"胜的弟弟贺","0","2","2"
"的弟弟贺拔","0","2","2"
"宇文泰统率","0","2","2"
"统率贺拔岳","0","2","2"
"率贺拔岳的","0","2","2"
"朝廷派来的","0","2","2"
"事情发生在","0","2","2"
"为浮阳郡公","0","2","2"
"被东魏攻陷","0","2","2"
"那里的百姓","0","2","2"
"他的父母都","0","2","2"
"的父母都在","0","2","2"
"梁武帝问他","0","2","2"
"武帝被他的","0","2","2"
"下诏任他为","0","2","2"
"军收复弘农","0","2","2"
"亲去世的消","0","2","2"
"去世的消息","0","2","2"
"领兵围攻洛","0","2","2"
"坚持了十多","0","2","2"
"持了十多天","0","2","2"
"宇文泰命他","0","2","2"
"宇文泰因为","0","2","2"
"廷命他率兵","0","2","2"
"独孤信率军","0","2","2"
"才停止追击","0","2","2"
"史宇文仲和","0","2","2"
"宇文仲和占","0","2","2"
"文仲和占据","0","2","2"
"仲和占据州","0","2","2"
"和占据州城","0","2","2"
"不接受别人","0","2","2"
"命独孤信率","0","2","2"
"封为大司马","0","2","2"
"封为义宁县","0","2","2"
"为武成县侯","0","2","2"
"请求回朝任","0","2","2"
"求回朝任职","0","2","2"
"宇文泰不同","0","2","2"
"文泰不同意","0","2","2"
"人又告诉他","0","2","2"
"向朝廷陈述","0","2","2"
"任为尚书令","0","2","2"
"他在家中自","0","2","2"
"因外出打猎","0","2","2"
"官吏百姓有","0","2","2"
"任雁门太守","0","2","2"
"带来的灾难","0","2","2"
"他的子孙因","0","2","2"
"的子孙因而","0","2","2"
"身高八尺二","0","2","2"
"高八尺二寸","0","2","2"
"朱荣打败葛","0","2","2"
"荣打败葛荣","0","2","2"
"葛荣的别帅","0","2","2"
"荣的别帅韩","0","2","2"
"朱荣的军队","0","2","2"
"派使者朝拜","0","2","2"
"远方的客人","0","2","2"
"武帝十分高","0","2","2"
"孝武帝与高","0","2","2"
"武帝与高欢","0","2","2"
"的心腹爪牙","0","2","2"
"临时的住所","0","2","2"
"为真定县公","0","2","2"
"宇文泰打败","0","2","2"
"文泰打败窦","0","2","2"
"泰打败窦泰","0","2","2"
"西魏军队败","0","2","2"
"魏军队败退","0","2","2"
"被东魏的军","0","2","2"
"东魏的高仲","0","2","2"
"魏的高仲密","0","2","2"
"的高仲密献","0","2","2"
"兵奋力进攻","0","2","2"
"出任泾州刺","0","2","2"
"任泾州刺史","0","2","2"
"州城北有一","0","2","2"
"官吏百姓怀","0","2","2"
"吏百姓怀念","0","2","2"
"被晋爵为广","0","2","2"
"率军渡过黄","0","2","2"
"把他们打得","0","2","2"
"他们打得大","0","2","2"
"们打得大败","0","2","2"
"被封为柱国","0","2","2"
"封为柱国大","0","2","2"
"和名望都很","0","2","2"
"天下还未平","0","2","2"
"下还未平定","0","2","2"
"为理由拒绝","0","2","2"
"事情才停下","0","2","2"
"情才停下来","0","2","2"
"任宜州刺史","0","2","2"
"了他的职务","0","2","2"
"征拜他为太","0","2","2"
"与敌人交战","0","2","2"
"有什么遗憾","0","2","2"
"迟迥举兵反","0","2","2"
"迥举兵反叛","0","2","2"
"他特殊的礼","0","2","2"
"上朝参拜天","0","2","2"
"朝参拜天子","0","2","2"
"不报自己的","0","2","2"
"报自己的姓","0","2","2"
"弟的身份入","0","2","2"
"长公主为妻","0","2","2"
"合乎礼仪的","0","2","2"
"他与晋公宇","0","2","2"
"与晋公宇文","0","2","2"
"在宇文泰的","0","2","2"
"东魏将领薛","0","2","2"
"随宇文泰在","0","2","2"
"在邙山与东","0","2","2"
"邙山与东魏","0","2","2"
"山与东魏军","0","2","2"
"为博陵郡公","0","2","2"
"州刺史职务","0","2","2"
"不到一个月","0","2","2"
"流离失所的","0","2","2"
"都得到他们","0","2","2"
"到他们的欢","0","2","2"
"出现的情况","0","2","2"
"与南梁通好","0","2","2"
"就交给所司","0","2","2"
"宇文泰后来","0","2","2"
"命他为刺史","0","2","2"
"授他为小司","0","2","2"
"都起了很大","0","2","2"
"起了很大作","0","2","2"
"了很大作用","0","2","2"
"赠封为太师","0","2","2"
"周武帝见了","0","2","2"
"封他为仪同","0","2","2"
"杨坚受禅称","0","2","2"
"坚受禅称帝","0","2","2"
"被打了一百","0","2","2"
"沦为官府的","0","2","2"
"为官府的奴","0","2","2"
"官府的奴婢","0","2","2"
"从属的车子","0","2","2"
"为八十一辆","0","2","2"
"没有根据的","0","2","2"
"帝平定南陈","0","2","2"
"送到东都洛","0","2","2"
"命他复职任","0","2","2"
"他复职任事","0","2","2"
"领武贲郎将","0","2","2"
"去世后赠封","0","2","2"
"世后赠封为","0","2","2"
"少小聪明颖","0","2","2"
"小聪明颖悟","0","2","2"
"帝宇文泰平","0","2","2"
"封为平西将","0","2","2"
"有智谋胆略","0","2","2"
"他都冲锋陷","0","2","2"
"他率领三千","0","2","2"
"家躲藏起来","0","2","2"
"魏将领段琛","0","2","2"
"封为大行台","0","2","2"
"他又率军进","0","2","2"
"的制度规定","0","2","2"
"赐给他许多","0","2","2"
"任广州刺史","0","2","2"
"土地前来归","0","2","2"
"朝廷命景宣","0","2","2"
"领本部人马","0","2","2"
"的军队不满","0","2","2"
"全部委托给","0","2","2"
"派来的刺史","0","2","2"
"不过是一个","0","2","2"
"他们的党羽","0","2","2"
"攻克并俘获","0","2","2"
"位为骠骑大","0","2","2"
"占领的地方","0","2","2"
"的地方设置","0","2","2"
"派兵将他打","0","2","2"
"受朝廷重用","0","2","2"
"不肯听从他","0","2","2"
"肯听从他的","0","2","2"
"听从他的指","0","2","2"
"从他的指挥","0","2","2"
"卫公宇文直","0","2","2"
"任汾州刺史","0","2","2"
"帝宇文泰在","0","2","2"
"便任他为行","0","2","2"
"任他为行台","0","2","2"
"遇到疑难问","0","2","2"
"到疑难问题","0","2","2"
"他有辅助天","0","2","2"
"有辅助天子","0","2","2"
"助天子的才","0","2","2"
"天子的才干","0","2","2"
"宇文泰与公","0","2","2"
"文泰与公卿","0","2","2"
"泰与公卿大","0","2","2"
"是什么地方","0","2","2"
"他善于辞令","0","2","2"
"参与国家的","0","2","2"
"与国家的机","0","2","2"
"国家的机密","0","2","2"
"对道理认识","0","2","2"
"的关键在于","0","2","2"
"清静自己的","0","2","2"
"静自己的内","0","2","2"
"自己的内心","0","2","2"
"不可能得到","0","2","2"
"要求人们射","0","2","2"
"求人们射中","0","2","2"
"身还不能自","0","2","2"
"天下自然就","0","2","2"
"下自然就会","0","2","2"
"他们的力量","0","2","2"
"的守土官吏","0","2","2"
"这样才可以","0","2","2"
"他们的本业","0","2","2"
"其中的一个","0","2","2"
"个人的才干","0","2","2"
"的地方没有","0","2","2"
"道德高尚的","0","2","2"
"一个时代的","0","2","2"
"授予的官职","0","2","2"
"予的官职不","0","2","2"
"不能使他们","0","2","2"
"而加以任用","0","2","2"
"没有什么不","0","2","2"
"那些凡夫俗","0","2","2"
"些凡夫俗子","0","2","2"
"不善良不贤","0","2","2"
"善良不贤能","0","2","2"
"良不贤能的","0","2","2"
"不贤能的人","0","2","2"
"个人的情况","0","2","2"
"他们之所以","0","2","2"
"还没有平定","0","2","2"
"又命令百官","0","2","2"
"为自己的责","0","2","2"
"处理的事情","0","2","2"
"感动了周围","0","2","2"
"动了周围的","0","2","2"
"了周围的人","0","2","2"
"拿不定主意","0","2","2"
"为他说得很","0","2","2"
"他说得很对","0","2","2"
"埋葬的那一","0","2","2"
"葬的那一天","0","2","2"
"都在世上流","0","2","2"
"周文帝的庙","0","2","2"
"悲哀痛苦的","0","2","2"
"哀痛苦的情","0","2","2"
"痛苦的情形","0","2","2"
"和成年人一","0","2","2"
"为美阳县公","0","2","2"
"宇文护见到","0","2","2"
"文护见到他","0","2","2"
"宇文护专擅","0","2","2"
"他的从父的","0","2","2"
"突厥人与周","0","2","2"
"厥人与周朝","0","2","2"
"和他的妻子","0","2","2"
"与他交谈后","0","2","2"
"他的父亲为","0","2","2"
"以观察时局","0","2","2"
"观察时局的","0","2","2"
"察时局的变","0","2","2"
"文帝亲近和","0","2","2"
"亲近和重用","0","2","2"
"与高赹一起","0","2","2"
"高赹一起掌","0","2","2"
"赹一起掌管","0","2","2"
"一起掌管朝","0","2","2"
"起掌管朝政","0","2","2"
"脸色都变了","0","2","2"
"准备把他杀","0","2","2"
"就没有忧虑","0","2","2"
"于是赐给他","0","2","2"
"赐给他两匹","0","2","2"
"御史梁毗弹","0","2","2"
"史梁毗弹劾","0","2","2"
"自己的主张","0","2","2"
"实现自己的","0","2","2"
"今天的情况","0","2","2"
"任户部尚书","0","2","2"
"又迁任吏部","0","2","2"
"迁任吏部尚","0","2","2"
"都认为他很","0","2","2"
"认为他很有","0","2","2"
"他被封为尚","0","2","2"
"平定南陈之","0","2","2"
"定南陈之后","0","2","2"
"一些繁琐的","0","2","2"
"他回到朝廷","0","2","2"
"将他们迁移","0","2","2"
"远近的百姓","0","2","2"
"百姓都惊恐","0","2","2"
"有不同的意","0","2","2"
"不同的意见","0","2","2"
"的人十个中","0","2","2"
"人十个中就","0","2","2"
"十个中就有","0","2","2"
"王弘为太子","0","2","2"
"虞庆则等人","0","2","2"
"去他的官爵","0","2","2"
"让他以开府","0","2","2"
"他以开府的","0","2","2"
"有道德的人","0","2","2"
"文帝到泰山","0","2","2"
"文帝对群臣","0","2","2"
"他的性情凶","0","2","2"
"的性情凶狠","0","2","2"
"违背他的人","0","2","2"
"背他的人就","0","2","2"
"最大的缺点","0","2","2"
"他为尚书右","0","2","2"
"文帝到仁寿","0","2","2"
"帝到仁寿宫","0","2","2"
"被朝廷诛杀","0","2","2"
"授予太常卿","0","2","2"
"炀帝征讨辽","0","2","2"
"帝征讨辽东","0","2","2"
"朝廷命他到","0","2","2"
"都替他们感","0","2","2"
"替他们感到","0","2","2"
"手写诏书说","0","2","2"
"代帝王的旧","0","2","2"
"朝中的元老","0","2","2"
"国家的栋梁","0","2","2"
"出自己的意","0","2","2"
"到朝廷的重","0","2","2"
"能与他相比","0","2","2"
"炀帝才停止","0","2","2"
"帝返回京城","0","2","2"
"帝开始同意","0","2","2"
"宇文述等人","0","2","2"
"文述等人的","0","2","2"
"喊着他的名","0","2","2"
"着他的名字","0","2","2"
"帝不高兴地","0","2","2"
"讨伐辽东的","0","2","2"
"迎合炀帝的","0","2","2"
"合炀帝的旨","0","2","2"
"是罪该万死","0","2","2"
"他随炀帝到","0","2","2"
"的变化而变","0","2","2"
"变化而变化","0","2","2"
"朝臣们讨论","0","2","2"
"己的意见不","0","2","2"
"朝廷派兵征","0","2","2"
"廷派兵征讨","0","2","2"
"从少年时就","0","2","2"
"任大行台右","0","2","2"
"到朝廷请求","0","2","2"
"郡太守职务","0","2","2"
"他以都督的","0","2","2"
"为政的方法","0","2","2"
"了东魏将领","0","2","2"
"以本将军的","0","2","2"
"本将军的职","0","2","2"
"将军的职务","0","2","2"
"孝宽深以为","0","2","2"
"宽深以为患","0","2","2"
"善于书法的","0","2","2"
"于书法的人","0","2","2"
"南汾州的政","0","2","2"
"汾州的政务","0","2","2"
"境内一片肃","0","2","2"
"内一片肃然","0","2","2"
"东魏兵士又","0","2","2"
"魏兵士又在","0","2","2"
"对韦孝宽说","0","2","2"
"你为何不投","0","2","2"
"为何不投降","0","2","2"
"便将他杀死","0","2","2"
"守城的将士","0","2","2"
"感动和激励","0","2","2"
"了感到奇怪","0","2","2"
"是下令各州","0","2","2"
"百里的地方","0","2","2"
"授予尚书右","0","2","2"
"予尚书右仆","0","2","2"
"赐姓为宇文","0","2","2"
"姓为宇文氏","0","2","2"
"为麟趾殿学","0","2","2"
"当时有一个","0","2","2"
"没有开化的","0","2","2"
"晋升为柱国","0","2","2"
"造一座城堡","0","2","2"
"的子孙虽然","0","2","2"
"北修筑城堡","0","2","2"
"加的食邑连","0","2","2"
"的食邑连同","0","2","2"
"断绝齐军的","0","2","2"
"多次请求辞","0","2","2"
"他率军攻克","0","2","2"
"帝大声笑着","0","2","2"
"车驾回到京","0","2","2"
"驾回到京城","0","2","2"
"又任行军元","0","2","2"
"任行军元帅","0","2","2"
"梁士彦进攻","0","2","2"
"尉迟迥如果","0","2","2"
"率数百名骑","0","2","2"
"招待得十分","0","2","2"
"待得十分周","0","2","2"
"征发关中兵","0","2","2"
"发关中兵马","0","2","2"
"打败尉迟迥","0","2","2"
"尉迟迥的儿","0","2","2"
"迟迥的儿子","0","2","2"
"迥的儿子尉","0","2","2"
"的儿子尉迟","0","2","2"
"率两名骑兵","0","2","2"
"哪里想着会","0","2","2"
"对僚属们说","0","2","2"
"能与别人一","0","2","2"
"他的性情贪","0","2","2"
"的性情贪婪","0","2","2"
"了晋公宇文","0","2","2"
"宇文护因为","0","2","2"
"文泰知道了","0","2","2"
"的党羽全部","0","2","2"
"敌人认为他","0","2","2"
"右的人劝他","0","2","2"
"因立功晋爵","0","2","2"
"立功晋爵为","0","2","2"
"的军队在邙","0","2","2"
"军队在邙山","0","2","2"
"贺兰祥等人","0","2","2"
"宇文泰去世","0","2","2"
"周孝闵帝称","0","2","2"
"他少年时与","0","2","2"
"大丈夫应当","0","2","2"
"丈夫应当建","0","2","2"
"夫应当建立","0","2","2"
"应当建立功","0","2","2"
"当建立功名","0","2","2"
"冲在士卒前","0","2","2"
"得到的俸禄","0","2","2"
"贺拔岳被杀","0","2","2"
"宇文泰感叹","0","2","2"
"跟着宇文泰","0","2","2"
"时人们都认","0","2","2"
"认为他必定","0","2","2"
"为他必定会","0","2","2"
"坐在那里不","0","2","2"
"在那里不动","0","2","2"
"为自己的意","0","2","2"
"对宇文泰说","0","2","2"
"人们都说李","0","2","2"
"都有类于此","0","2","2"
"有见识和度","0","2","2"
"见识和度量","0","2","2"
"给他的父亲","0","2","2"
"受他的影响","0","2","2"
"宇文泰听了","0","2","2"
"陵被平定后","0","2","2"
"的士大夫都","0","2","2"
"告诉宇文泰","0","2","2"
"雄豪杰的仪","0","2","2"
"豪杰的仪表","0","2","2"
"命他与自己","0","2","2"
"与自己的儿","0","2","2"
"平定南陈的","0","2","2"
"大举讨伐陈","0","2","2"
"后主陈叔宝","0","2","2"
"符合我的心","0","2","2"
"合我的心意","0","2","2"
"盛大的事情","0","2","2"
"水深火热之","0","2","2"
"深火热之中","0","2","2"
"擒获陈叔宝","0","2","2"
"晋位为上柱","0","2","2"
"他因此坐罪","0","2","2"
"隋军大举进","0","2","2"
"军大举进攻","0","2","2"
"大举进攻陈","0","2","2"
"举进攻陈国","0","2","2"
"被任命为行","0","2","2"
"接受朝廷的","0","2","2"
"陈军打得大","0","2","2"
"恨自己没有","0","2","2"
"于是把他交","0","2","2"
"是把他交给","0","2","2"
"是你的功劳","0","2","2"
"为自己的功","0","2","2"
"他关进监狱","0","2","2"
"是我的旧友","0","2","2"
"都知道他们","0","2","2"
"知道他们的","0","2","2"
"复了他的爵","0","2","2"
"弼对高赹说","0","2","2"
"任荆州总管","0","2","2"
"帝西迁之后","0","2","2"
"他为兼给事","0","2","2"
"为兼给事黄","0","2","2"
"兼给事黄门","0","2","2"
"出使南梁的","0","2","2"
"使南梁的魏","0","2","2"
"南梁的魏兴","0","2","2"
"并送到京城","0","2","2"
"他晋升爵位","0","2","2"
"升爵位为武","0","2","2"
"又一次出使","0","2","2"
"朝廷命董绍","0","2","2"
"派兵接应他","0","2","2"
"便率领骑兵","0","2","2"
"他为营州刺","0","2","2"
"渭州刺史的","0","2","2"
"开始向朝廷","0","2","2"
"为渠州刺史","0","2","2"
"怕他的军威","0","2","2"
"小就有才干","0","2","2"
"跟随大军到","0","2","2"
"的前一天晚","0","2","2"
"前一天晚上","0","2","2"
"率领的人马","0","2","2"
"请求派兵援","0","2","2"
"池中的蛟龙","0","2","2"
"跟从达奚武","0","2","2"
"军队出发后","0","2","2"
"写了一封书","0","2","2"
"了一封书信","0","2","2"
"发配到边远","0","2","2"
"配到边远的","0","2","2"
"了他的官职","0","2","2"
"肆杀害朝臣","0","2","2"
"大军渡过黄","0","2","2"
"散骑常侍等","0","2","2"
"骑常侍等职","0","2","2"
"功被授予大","0","2","2"
"授予大行台","0","2","2"
"军队乘势进","0","2","2"
"队乘势进攻","0","2","2"
"正平郡太守","0","2","2"
"的建州刺史","0","2","2"
"势力逐渐强","0","2","2"
"的人都知道","0","2","2"
"当地的土人","0","2","2"
"保全了军队","0","2","2"
"派一支奇兵","0","2","2"
"从别的道路","0","2","2"
"为骠骑将军","0","2","2"
"为大行台尚","0","2","2"
"廷命他率军","0","2","2"
"边境二十多","0","2","2"
"境二十多年","0","2","2"
"与齐军作战","0","2","2"
"侯莫陈悦杀","0","2","2"
"莫陈悦杀害","0","2","2"
"这是上天的","0","2","2"
"周文帝采纳","0","2","2"
"文帝采纳了","0","2","2"
"相府从事中","0","2","2"
"任丞相府司","0","2","2"
"因为这件事","0","2","2"
"免除他们的","0","2","2"
"他们的徭役","0","2","2"
"前后几任刺","0","2","2"
"后几任刺史","0","2","2"
"都没有办法","0","2","2"
"当地人没有","0","2","2"
"地人没有防","0","2","2"
"人没有防备","0","2","2"
"请求辞官还","0","2","2"
"求辞官还乡","0","2","2"
"然后才开始","0","2","2"
"官至卫尉少","0","2","2"
"至卫尉少卿","0","2","2"
"自幼喜爱读","0","2","2"
"幼喜爱读书","0","2","2"
"初住在洛阳","0","2","2"
"为莫逆之交","0","2","2"
"人们的称赞","0","2","2"
"朱氏失败后","0","2","2"
"为记室参军","0","2","2"
"掌管机密要","0","2","2"
"管机密要务","0","2","2"
"了侯莫陈悦","0","2","2"
"领军斛斯椿","0","2","2"
"相比怎么样","0","2","2"
"确实像你说","0","2","2"
"实像你说的","0","2","2"
"像你说的这","0","2","2"
"你说的这样","0","2","2"
"章武公宇文","0","2","2"
"武公宇文导","0","2","2"
"公宇文导为","0","2","2"
"任南青州刺","0","2","2"
"年时就有气","0","2","2"
"时就有气节","0","2","2"
"论因此而对","0","2","2"
"因此而对他","0","2","2"
"勤勤恳恳地","0","2","2"
"少年时就因","0","2","2"
"因文采出众","0","2","2"
"为北道行台","0","2","2"
"行山以东的","0","2","2"
"起用辛庆之","0","2","2"
"用辛庆之为","0","2","2"
"辛庆之为行","0","2","2"
"庆之为行台","0","2","2"
"孝庄帝驾崩","0","2","2"
"帝驾崩的消","0","2","2"
"驾崩的消息","0","2","2"
"跟随周文帝","0","2","2"
"官仪同三司","0","2","2"
"求华丽奢侈","0","2","2"
"读书人的风","0","2","2"
"书人的风度","0","2","2"
"同族兄弟之","0","2","2"
"族兄弟之子","0","2","2"
"的志向和行","0","2","2"
"志向和行为","0","2","2"
"相面的人对","0","2","2"
"世世代代都","0","2","2"
"世代代都有","0","2","2"
"没有人能赶","0","2","2"
"十八岁那年","0","2","2"
"命他为行台","0","2","2"
"归附北魏的","0","2","2"
"襄城县男爵","0","2","2"
"需要的东西","0","2","2"
"州的军事都","0","2","2"
"任通州刺史","0","2","2"
"到宇文护被","0","2","2"
"兼任度支尚","0","2","2"
"归还鲁山郡","0","2","2"
"周文帝于是","0","2","2"
"帝对杜杲说","0","2","2"
"是周朝的恩","0","2","2"
"是这个原因","0","2","2"
"杜杲回国时","0","2","2"
"次出使陈国","0","2","2"
"任命杜杲为","0","2","2"
"当初并没有","0","2","2"
"宣帝又派人","0","2","2"
"都不能让他","0","2","2"
"任同州刺史","0","2","2"
"很快又升任","0","2","2"
"升任工部尚","0","2","2"
"哭死而又苏","0","2","2"
"死而又苏醒","0","2","2"
"梁元帝即位","0","2","2"
"迁至吏部尚","0","2","2"
"至吏部尚书","0","2","2"
"到江陵平定","0","2","2"
"九岁时死了","0","2","2"
"很会写文章","0","2","2"
"正言厉色地","0","2","2"
"有不悦之色","0","2","2"
"拄着木杖才","0","2","2"
"着木杖才能","0","2","2"
"只有刘璠一","0","2","2"
"慷慨有大志","0","2","2"
"任北徐州刺","0","2","2"
"并委以重任","0","2","2"
"命为雍州刺","0","2","2"
"又任命刘璠","0","2","2"
"命刘璠为中","0","2","2"
"的军队已到","0","2","2"
"一个了不起","0","2","2"
"个了不起的","0","2","2"
"王都赶不上","0","2","2"
"帝没有答应","0","2","2"
"周明帝初年","0","2","2"
"升迁至掌朝","0","2","2"
"贬出京城任","0","2","2"
"任河内太守","0","2","2"
"尉迟迥发动","0","2","2"
"迟迥发动叛","0","2","2"
"迥发动叛乱","0","2","2"
"隋文帝登基","0","2","2"
"任谏议大夫","0","2","2"
"赐给他绢一","0","2","2"
"和从前一样","0","2","2"
"受到太子的","0","2","2"
"又以本官领","0","2","2"
"就有成年人","0","2","2"
"有成年人的","0","2","2"
"特别器重他","0","2","2"
"遗憾的是我","0","2","2"
"百姓的礼节","0","2","2"
"不久又晋升","0","2","2"
"久又晋升为","0","2","2"
"河间王杨弘","0","2","2"
"生性聪明颖","0","2","2"
"至开府仪同","0","2","2"
"帝任丞相时","0","2","2"
"官拜大将军","0","2","2"
"出兵灵州道","0","2","2"
"晋位上柱国","0","2","2"
"任蒲州刺史","0","2","2"
"晋王杨广入","0","2","2"
"为扬州总管","0","2","2"
"房陵王杨勇","0","2","2"
"封为博平县","0","2","2"
"受禅让即皇","0","2","2"
"文帝于是作","0","2","2"
"帝于是作罢","0","2","2"
"怎么能够承","0","2","2"
"么能够承担","0","2","2"
"准备分赐给","0","2","2"
"皇太子之位","0","2","2"
"就是这样的","0","2","2"
"帝知道了这","0","2","2"
"内外百官都","0","2","2"
"是就下诏书","0","2","2"
"就下诏书说","0","2","2"
"没有什么区","0","2","2"
"有许多宠幸","0","2","2"
"更加不高兴","0","2","2"
"杨勇的罪过","0","2","2"
"是充数而已","0","2","2"
"竟有这样的","0","2","2"
"皇后的意思","0","2","2"
"皇后哭着说","0","2","2"
"恐怕他被人","0","2","2"
"说太子没有","0","2","2"
"立太子的意","0","2","2"
"太子的意思","0","2","2"
"在里面休息","0","2","2"
"于是朝廷内","0","2","2"
"是朝廷内外","0","2","2"
"东宫的罪过","0","2","2"
"会大富大贵","0","2","2"
"刚回到京师","0","2","2"
"什么事情都","0","2","2"
"得到了赏赐","0","2","2"
"到了赏赐的","0","2","2"
"云定兴之女","0","2","2"
"天下人之心","0","2","2"
"以安定天下","0","2","2"
"汉武帝准备","0","2","2"
"我实在没有","0","2","2"
"让他们知道","0","2","2"
"帝流着泪说","0","2","2"
"我私下听说","0","2","2"
"文帝派使者","0","2","2"
"命令薛道衡","0","2","2"
"怎么可能呢","0","2","2"
"皆籍没入官","0","2","2"
"全部没收归","0","2","2"
"立晋王杨广","0","2","2"
"晋王杨广为","0","2","2"
"杨广为皇太","0","2","2"
"广为皇太子","0","2","2"
"文帝在仁寿","0","2","2"
"帝在仁寿宫","0","2","2"
"大将军之职","0","2","2"
"任山南道行","0","2","2"
"因奢侈纵欲","0","2","2"
"天下人的父","0","2","2"
"像周公那样","0","2","2"
"周公那样的","0","2","2"
"公那样的人","0","2","2"
"遣使者奉表","0","2","2"
"上表请求恢","0","2","2"
"表请求恢复","0","2","2"
"文帝不答应","0","2","2"
"准备赐给秦","0","2","2"
"备赐给秦王","0","2","2"
"文帝和皇后","0","2","2"
"炀帝每次外","0","2","2"
"每次外出巡","0","2","2"
"留守东都洛","0","2","2"
"守东都洛阳","0","2","2"
"叛乱平息后","0","2","2"
"宇文化及弑","0","2","2"
"文都为内史","0","2","2"
"都为内史令","0","2","2"
"秦王杨浩为","0","2","2"
"任李密为太","0","2","2"
"被王世充杀","0","2","2"
"王世充杀害","0","2","2"
"认为王世充","0","2","2"
"朕还有什么","0","2","2"
"还有什么希","0","2","2"
"有什么希望","0","2","2"
"王世充又派","0","2","2"
"事情泄露了","0","2","2"
"到杨侗那里","0","2","2"
"饮下这杯酒","0","2","2"
"没有得到允","0","2","2"
"有得到允许","0","2","2"
"从辽东回到","0","2","2"
"和妻子儿女","0","2","2"
"皇后因为高","0","2","2"
"王宇文宪任","0","2","2"
"愿效犬马之","0","2","2"
"效犬马之劳","0","2","2"
"迟迥起兵作","0","2","2"
"迥起兵作乱","0","2","2"
"文帝令韦孝","0","2","2"
"命令崔仲方","0","2","2"
"合文帝的意","0","2","2"
"忠孝不能两","0","2","2"
"孝不能两全","0","2","2"
"得到文帝的","0","2","2"
"任命高颎为","0","2","2"
"表请求辞职","0","2","2"
"受到很高的","0","2","2"
"很高的奖赏","0","2","2"
"怎么能够让","0","2","2"
"么能够让他","0","2","2"
"屡屡侵犯边","0","2","2"
"屡侵犯边境","0","2","2"
"边的槐树下","0","2","2"
"左领军大将","0","2","2"
"制调度诸军","0","2","2"
"文帝曾经问","0","2","2"
"帝曾经问高","0","2","2"
"文帝亲自到","0","2","2"
"赏赐的物品","0","2","2"
"命高颎为元","0","2","2"
"高颎为元帅","0","2","2"
"太子杨勇失","0","2","2"
"子杨勇失宠","0","2","2"
"皇后对文帝","0","2","2"
"后对文帝说","0","2","2"
"帝听到后很","0","2","2"
"非常不高兴","0","2","2"
"当面欺骗陛","0","2","2"
"面欺骗陛下","0","2","2"
"更加愤愤不","0","2","2"
"加愤愤不平","0","2","2"
"总管宇文瞖","0","2","2"
"给有司处置","0","2","2"
"没有人敢说","0","2","2"
"有人敢说话","0","2","2"
"称天下第一","0","2","2"
"周天元因喜","0","2","2"
"天元因喜好","0","2","2"
"恐怕成为后","0","2","2"
"怕成为后患","0","2","2"
"话奏知炀帝","0","2","2"
"他的几个儿","0","2","2"
"以天下为己","0","2","2"
"天下为己任","0","2","2"
"有人知道这","0","2","2"
"对他的父亲","0","2","2"
"到这个时候","0","2","2"
"特别重视经","0","2","2"
"别重视经籍","0","2","2"
"定侯景之乱","0","2","2"
"之类的书籍","0","2","2"
"牛弘的建议","0","2","2"
"于是颁布诏","0","2","2"
"王制作音乐","0","2","2"
"停止的时候","0","2","2"
"用黄钟为宫","0","2","2"
"圣人制作音","0","2","2"
"人制作音乐","0","2","2"
"制作循环为","0","2","2"
"作循环为宫","0","2","2"
"不知是什么","0","2","2"
"虞世基等人","0","2","2"
"杨素对牛弘","0","2","2"
"素对牛弘说","0","2","2"
"人都很佩服","0","2","2"
"怀疑他是否","0","2","2"
"这个时候最","0","2","2"
"帝为东宫太","0","2","2"
"对他的儿子","0","2","2"
"非同寻常的","0","2","2"
"跟随炀帝巡","0","2","2"
"恩遇更为丰","0","2","2"
"李德林自幼","0","2","2"
"自幼聪明机","0","2","2"
"幼聪明机敏","0","2","2"
"德林的父亲","0","2","2"
"看重他的才","0","2","2"
"王即皇帝位","0","2","2"
"另掌机密要","0","2","2"
"得到朝廷的","0","2","2"
"令修撰国史","0","2","2"
"门侍郎颜之","0","2","2"
"侍郎颜之推","0","2","2"
"次升迁至仪","0","2","2"
"升迁至仪同","0","2","2"
"迁至仪同三","0","2","2"
"平定齐国的","0","2","2"
"麒麟凤凰这","0","2","2"
"感化的结果","0","2","2"
"对李德林说","0","2","2"
"您一定不要","0","2","2"
"告诉隋文帝","0","2","2"
"诉隋文帝说","0","2","2"
"的军队不能","0","2","2"
"有其他想法","0","2","2"
"有什么举动","0","2","2"
"给他加官晋","0","2","2"
"他加官晋爵","0","2","2"
"敕令李德林","0","2","2"
"和九环金带","0","2","2"
"李德林撰写","0","2","2"
"应该亲自到","0","2","2"
"车驾到晋阳","0","2","2"
"说他的父亲","0","2","2"
"了这个地步","0","2","2"
"安葬的时候","0","2","2"
"羽林军一百","0","2","2"
"以供丧事之","0","2","2"
"供丧事之用","0","2","2"
"以太牢之礼","0","2","2"
"太牢之礼祭","0","2","2"
"牢之礼祭之","0","2","2"
"进入仕途之","0","2","2"
"入仕途之后","0","2","2"
"曾经对人说","0","2","2"
"没有什么可","0","2","2"
"因才学出众","0","2","2"
"竟然没有得","0","2","2"
"然没有得到","0","2","2"
"的豪门大族","0","2","2"
"突厥人侵犯","0","2","2"
"人侵犯边境","0","2","2"
"虞庆则出使","0","2","2"
"女儿嫁给虞","0","2","2"
"上柱国之职","0","2","2"
"杯为文帝祝","0","2","2"
"为文帝祝寿","0","2","2"
"战胜的道理","0","2","2"
"于是就互相","0","2","2"
"不久又改任","0","2","2"
"虞庆则领兵","0","2","2"
"怕事情暴露","0","2","2"
"牵连被免官","0","2","2"
"得炀帝的欢","0","2","2"
"炀帝的欢心","0","2","2"
"凛然不可侵","0","2","2"
"然不可侵犯","0","2","2"
"帝不知道这","0","2","2"
"真是一位壮","0","2","2"
"是一位壮士","0","2","2"
"他家的东西","0","2","2"
"怎么能够这","0","2","2"
"么能够这样","0","2","2"
"文帝赏赐给","0","2","2"
"州三州刺史","0","2","2"
"朝廷认为元","0","2","2"
"北部的夷族","0","2","2"
"亲近的大臣","0","2","2"
"参与了谋划","0","2","2"
"追究东宫太","0","2","2"
"究东宫太子","0","2","2"
"东宫太子的","0","2","2"
"是为了防备","0","2","2"
"爵为安乐公","0","2","2"
"武帝天和年","0","2","2"
"帝天和年间","0","2","2"
"周武帝宣政","0","2","2"
"武帝宣政元","0","2","2"
"帝宣政元年","0","2","2"
"升为大将军","0","2","2"
"诏令达奚长","0","2","2"
"晋升为上大","0","2","2"
"升为上大将","0","2","2"
"又重新聚集","0","2","2"
"就没有什么","0","2","2"
"炀帝大业年","0","2","2"
"帝大业年间","0","2","2"
"史万岁跟随","0","2","2"
"兵打仗的时","0","2","2"
"打仗的时候","0","2","2"
"是一个奇异","0","2","2"
"一个奇异的","0","2","2"
"个奇异的人","0","2","2"
"跟随梁士彦","0","2","2"
"三军将士无","0","2","2"
"军将士无不","0","2","2"
"都是身先士","0","2","2"
"平定尉迟迥","0","2","2"
"史万岁因功","0","2","2"
"任上大将军","0","2","2"
"发配到敦煌","0","2","2"
"人没有人敢","0","2","2"
"功加授上开","0","2","2"
"智慧等人在","0","2","2"
"慧等人在江","0","2","2"
"等人在江南","0","2","2"
"人在江南发","0","2","2"
"在江南发动","0","2","2"
"江南发动叛","0","2","2"
"南发动叛乱","0","2","2"
"之人都认为","0","2","2"
"左领军将军","0","2","2"
"军将军之职","0","2","2"
"史万岁为行","0","2","2"
"万岁为行军","0","2","2"
"岁为行军总","0","2","2"
"派遣使者请","0","2","2"
"遣使者请求","0","2","2"
"使者请求投","0","2","2"
"者请求投降","0","2","2"
"因功晋位柱","0","2","2"
"功晋位柱国","0","2","2"
"史万岁受到","0","2","2"
"没有把他带","0","2","2"
"有把他带回","0","2","2"
"把他带回京","0","2","2"
"他带回京师","0","2","2"
"文帝认为他","0","2","2"
"帝认为他是","0","2","2"
"任河州刺史","0","2","2"
"可汗率兵侵","0","2","2"
"汗率兵侵犯","0","2","2"
"率兵侵犯边","0","2","2"
"兵侵犯边塞","0","2","2"
"察的骑兵答","0","2","2"
"的骑兵答道","0","2","2"
"大败突厥军","0","2","2"
"实际上是在","0","2","2"
"跟随韦孝宽","0","2","2"
"因功加授开","0","2","2"
"功加授开府","0","2","2"
"分别的时候","0","2","2"
"亲自率领大","0","2","2"
"为仪同大将","0","2","2"
"任定州总管","0","2","2"
"文帝曾经言","0","2","2"
"帝曾经言及","0","2","2"
"行军总管的","0","2","2"
"军总管的身","0","2","2"
"总管的身份","0","2","2"
"又侵犯边境","0","2","2"
"汉王杨谅造","0","2","2"
"王杨谅造反","0","2","2"
"任朔州总管","0","2","2"
"带着几个骑","0","2","2"
"没有不痛哭","0","2","2"
"有不痛哭流","0","2","2"
"痛哭流涕的","0","2","2"
"了什么事情","0","2","2"
"宇文述一起","0","2","2"
"升为左光禄","0","2","2"
"炀帝派遣将","0","2","2"
"帝派遣将军","0","2","2"
"又兴盛起来","0","2","2"
"因军功晋位","0","2","2"
"不久又升任","0","2","2"
"武帝入关中","0","2","2"
"受到宣帝的","0","2","2"
"到宣帝的亲","0","2","2"
"宣帝的亲昵","0","2","2"
"隋文帝因为","0","2","2"
"隋文帝辅佐","0","2","2"
"文帝辅佐朝","0","2","2"
"帝辅佐朝政","0","2","2"
"宣帝的弟弟","0","2","2"
"众人的情绪","0","2","2"
"确实是这样","0","2","2"
"文帝的心腹","0","2","2"
"得到的赏赐","0","2","2"
"当时的人说","0","2","2"
"因母亲年老","0","2","2"
"所受到的恩","0","2","2"
"受到的恩宠","0","2","2"
"到的恩宠礼","0","2","2"
"的许多事情","0","2","2"
"文帝受命的","0","2","2"
"和他们交往","0","2","2"
"后来事情败","0","2","2"
"来事情败露","0","2","2"
"张扬他的罪","0","2","2"
"人能够抵挡","0","2","2"
"和梁士彦交","0","2","2"
"梁士彦交情","0","2","2"
"士彦交情甚","0","2","2"
"彦交情甚厚","0","2","2"
"到朝堂之上","0","2","2"
"情的形势已","0","2","2"
"形势已经这","0","2","2"
"势已经这样","0","2","2"
"因军功累迁","0","2","2"
"至仪同大将","0","2","2"
"突厥进犯边","0","2","2"
"开凿水渠引","0","2","2"
"先开仓赈济","0","2","2"
"文帝十分称","0","2","2"
"为朔州总管","0","2","2"
"跟从晋王杨","0","2","2"
"从晋王杨广","0","2","2"
"与贼兵交战","0","2","2"
"成为皇太子","0","2","2"
"死于仁寿宫","0","2","2"
"王起兵造反","0","2","2"
"又跟从炀帝","0","2","2"
"皇帝的意思","0","2","2"
"常常对人说","0","2","2"
"与身边的人","0","2","2"
"任扬州总管","0","2","2"
"王为皇太子","0","2","2"
"炀帝更加高","0","2","2"
"赏赐给公卿","0","2","2"
"诸侯王府第","0","2","2"
"都没有能够","0","2","2"
"临幸汾阳宫","0","2","2"
"炀帝又临幸","0","2","2"
"因此而受到","0","2","2"
"杨玄感认为","0","2","2"
"这样做很不","0","2","2"
"把这些事情","0","2","2"
"这些事情都","0","2","2"
"唐高祖武德","0","2","2"
"高祖武德初","0","2","2"
"祖武德初年","0","2","2"
"任直阁将军","0","2","2"
"对国家没有","0","2","2"
"加授上仪同","0","2","2"
"才不敢再说","0","2","2"
"升任开府仪","0","2","2"
"都有好名声","0","2","2"
"在这种情况","0","2","2"
"六品以下以","0","2","2"
"官员百姓都","0","2","2"
"为御史大夫","0","2","2"
"一起参与掌","0","2","2"
"起参与掌管","0","2","2"
"大大小小的","0","2","2"
"裴蕴知道炀","0","2","2"
"蕴知道炀帝","0","2","2"
"知道炀帝讨","0","2","2"
"道炀帝讨厌","0","2","2"
"贺若弼等人","0","2","2"
"心中不能自","0","2","2"
"中不能自安","0","2","2"
"可以得到数","0","2","2"
"鼠窃狗盗之","0","2","2"
"知道炀帝的","0","2","2"
"道炀帝的意","0","2","2"
"的官员属吏","0","2","2"
"京城之外的","0","2","2"
"造反的事情","0","2","2"
"于是被杀害","0","2","2"
"穿着粗布衣","0","2","2"
"陈国被消灭","0","2","2"
"国被消灭后","0","2","2"
"东宫的官员","0","2","2"
"冬至那天日","0","2","2"
"那天日影一","0","2","2"
"天日影一丈","0","2","2"
"自此以后逐","0","2","2"
"此以后逐渐","0","2","2"
"以后逐渐缩","0","2","2"
"后逐渐缩短","0","2","2"
"到了开皇十","0","2","2"
"影长一尺四","0","2","2"
"长一尺四寸","0","2","2"
"开皇十六年","0","2","2"
"夏至日影长","0","2","2"
"日影短而白","0","2","2"
"影短而白昼","0","2","2"
"短而白昼长","0","2","2"
"平之世太阳","0","2","2"
"古以来都没","0","2","2"
"以来都没有","0","2","2"
"赏赐很是优","0","2","2"
"赐很是优厚","0","2","2"
"帝刚刚即位","0","2","2"
"尧承受天命","0","2","2"
"岁月正是十","0","2","2"
"月正是十一","0","2","2"
"正是十一月","0","2","2"
"是十一月庚","0","2","2"
"一月庚戍日","0","2","2"
"月庚戍日冬","0","2","2"
"庚戍日冬至","0","2","2"
"的财物以万","0","2","2"
"跟随炀帝征","0","2","2"
"隋炀帝刚刚","0","2","2"
"把百姓放在","0","2","2"
"斗大的流星","0","2","2"
"这是国家的","0","2","2"
"去年十一月","0","2","2"
"朝中官员都","0","2","2"
"任敷州刺史","0","2","2"
"如果杀掉他","0","2","2"
"了他的名声","0","2","2"
"为兵部尚书","0","2","2"
"以至于灭亡","0","2","2"
"杨广镇守并","0","2","2"
"广镇守并州","0","2","2"
"选择忠贞善","0","2","2"
"择忠贞善良","0","2","2"
"不心悦诚服","0","2","2"
"有什么怨言","0","2","2"
"帝非常喜爱","0","2","2"
"有三十多个","0","2","2"
"当世人认为","0","2","2"
"授上仪同之","0","2","2"
"精锐的骑兵","0","2","2"
"里地势险要","0","2","2"
"任尚书右丞","0","2","2"
"令宇文弼持","0","2","2"
"宇文弼持节","0","2","2"
"升任尚书左","0","2","2"
"突厥兵进犯","0","2","2"
"军司马之职","0","2","2"
"杨素出兵信","0","2","2"
"素出兵信州","0","2","2"
"打败陈国将","0","2","2"
"败陈国将领","0","2","2"
"了周公制定","0","2","2"
"任并州长史","0","2","2"
"又征召入京","0","2","2"
"历任显要职","0","2","2"
"任显要职位","0","2","2"
"赐给他食物","0","2","2"
"兼任刑部尚","0","2","2"
"得文帝的信","0","2","2"
"管之职跟从","0","2","2"
"功晋位大将","0","2","2"
"晋位大将军","0","2","2"
"改任刑部尚","0","2","2"
"疾病发作而","0","2","2"
"病发作而死","0","2","2"
"北周武帝天","0","2","2"
"私下告诉了","0","2","2"
"不是北方人","0","2","2"
"任命李哲为","0","2","2"
"兄弟二人都","0","2","2"
"任卫州刺史","0","2","2"
"一直不停地","0","2","2"
"后来因事受","0","2","2"
"而被除去名","0","2","2"
"应该为国家","0","2","2"
"等到长大成","0","2","2"
"讲述这件事","0","2","2"
"来护儿就用","0","2","2"
"周朝的军队","0","2","2"
"覆盖了江面","0","2","2"
"难以和他们","0","2","2"
"以和他们争","0","2","2"
"和他们争斗","0","2","2"
"高智慧的余","0","2","2"
"智慧的余党","0","2","2"
"赏赐物品二","0","2","2"
"赐物品二千","0","2","2"
"奴婢一百人","0","2","2"
"诏令来护儿","0","2","2"
"任千牛备身","0","2","2"
"改任瀛州刺","0","2","2"
"命来护儿为","0","2","2"
"来护儿为右","0","2","2"
"护儿为右骁","0","2","2"
"儿为右骁卫","0","2","2"
"为左骁卫大","0","2","2"
"宠礼遇更为","0","2","2"
"礼遇更为丰","0","2","2"
"着华丽的衣","0","2","2"
"华丽的衣服","0","2","2"
"财物二千段","0","2","2"
"品以上的官","0","2","2"
"以上的官员","0","2","2"
"的第六个儿","0","2","2"
"适逢宇文述","0","2","2"
"赏赐财物五","0","2","2"
"赐财物五千","0","2","2"
"财物五千段","0","2","2"
"先前的封爵","0","2","2"
"等人都认为","0","2","2"
"国家的事情","0","2","2"
"宇文述在阌","0","2","2"
"文述在阌乡","0","2","2"
"炀帝答应了","0","2","2"
"认为不可这","0","2","2"
"为不可这样","0","2","2"
"告诉众人说","0","2","2"
"被突厥兵围","0","2","2"
"突厥兵围困","0","2","2"
"来护儿和樊","0","2","2"
"护儿和樊子","0","2","2"
"儿和樊子盖","0","2","2"
"炀帝才作罢","0","2","2"
"来护儿劝谏","0","2","2"
"常常聚集在","0","2","2"
"不敢再说话","0","2","2"
"被抓了起来","0","2","2"
"凶恶的叛逆","0","2","2"
"还能再说什","0","2","2"
"能再说什么","0","2","2"
"再说什么呢","0","2","2"
"允许他遇事","0","2","2"
"许他遇事不","0","2","2"
"对樊子盖说","0","2","2"
"回到东都洛","0","2","2"
"杨玄感叛乱","0","2","2"
"精锐部队攻","0","2","2"
"帝车驾到高","0","2","2"
"车驾到高阳","0","2","2"
"到炀帝的行","0","2","2"
"玉麒麟符节","0","2","2"
"子委托给你","0","2","2"
"炀帝车驾回","0","2","2"
"帝车驾回东","0","2","2"
"车驾回东都","0","2","2"
"驾回东都洛","0","2","2"
"有这样一个","0","2","2"
"跟从炀帝车","0","2","2"
"从炀帝车驾","0","2","2"
"精锐骑兵突","0","2","2"
"诏令征回京","0","2","2"
"令征回京师","0","2","2"
"送葬的有一","0","2","2"
"的有一万多","0","2","2"
"郡的百姓官","0","2","2"
"的百姓官员","0","2","2"
"临死的时候","0","2","2"
"帝为藩王时","0","2","2"
"周武帝即位","0","2","2"
"卫玄任检校","0","2","2"
"对待师傅的","0","2","2"
"待师傅的礼","0","2","2"
"必死的决心","0","2","2"
"三军将士莫","0","2","2"
"军将士莫不","0","2","2"
"兵才稍稍退","0","2","2"
"才稍稍退却","0","2","2"
"赐给他良田","0","2","2"
"樊子盖一起","0","2","2"
"求告老还乡","0","2","2"
"到当时人们","0","2","2"
"因军功封为","0","2","2"
"是梁武帝的","0","2","2"
"授予员外散","0","2","2"
"予员外散骑","0","2","2"
"大多遵循古","0","2","2"
"多遵循古代","0","2","2"
"文帝开皇元","0","2","2"
"帝开皇元年","0","2","2"
"升为散骑常","0","2","2"
"有什么大事","0","2","2"
"小小的过失","0","2","2"
"把奇装异服","0","2","2"
"奇装异服和","0","2","2"
"装异服和怪","0","2","2"
"异服和怪异","0","2","2"
"个人被处死","0","2","2"
"见隋文帝有","0","2","2"
"升任书侍御","0","2","2"
"任书侍御史","0","2","2"
"在京城之外","0","2","2"
"实在有损于","0","2","2"
"到这种情况","0","2","2"
"这种情况的","0","2","2"
"以上官员的","0","2","2"
"嗜好和欲望","0","2","2"
"没有比这个","0","2","2"
"魏国的三祖","0","2","2"
"公私文章翰","0","2","2"
"私文章翰墨","0","2","2"
"古代帝王的","0","2","2"
"有这样的人","0","2","2"
"自古以来就","0","2","2"
"官至书侍御","0","2","2"
"至书侍御史","0","2","2"
"就能作文章","0","2","2"
"次升迁至通","0","2","2"
"升迁至通直","0","2","2"
"迁至通直散","0","2","2"
"至通直散骑","0","2","2"
"从洛阳出兵","0","2","2"
"每次都不能","0","2","2"
"向群臣询问","0","2","2"
"有文集十卷","0","2","2"
"用为中外府","0","2","2"
"帝认为柳彧","0","2","2"
"守京城的人","0","2","2"
"柳彧上表说","0","2","2"
"是留守京城","0","2","2"
"任命上柱国","0","2","2"
"贿赂公然盛","0","2","2"
"赂公然盛行","0","2","2"
"岂敢不竭尽","0","2","2"
"奏请的事情","0","2","2"
"都有自己的","0","2","2"
"繁琐的事务","0","2","2"
"从外面进来","0","2","2"
"事情的来龙","0","2","2"
"情的来龙去","0","2","2"
"的来龙去脉","0","2","2"
"每逢正月十","0","2","2"
"逢正月十五","0","2","2"
"男男女女都","0","2","2"
"事情发生变","0","2","2"
"世人都称赞","0","2","2"
"跟随行军总","0","2","2"
"随行军总管","0","2","2"
"高兴地采纳","0","2","2"
"兴地采纳了","0","2","2"
"做这样的事","0","2","2"
"帝非常愤怒","0","2","2"
"赵绰回答说","0","2","2"
"他物品三百","0","2","2"
"人铸造的钱","0","2","2"
"后赏赐的财","0","2","2"
"使者前往吊","0","2","2"
"抓起来杀了","0","2","2"
"炀帝身边侍","0","2","2"
"就可以知道","0","2","2"
"可以知道了","0","2","2"
"从狱中提出","0","2","2"
"恐怕鱼俱罗","0","2","2"
"诏令鱼俱罗","0","2","2"
"贼兵的势力","0","2","2"
"受到炀帝的","0","2","2"
"少年时骁悍","0","2","2"
"年时骁悍英","0","2","2"
"时骁悍英勇","0","2","2"
"以后再作打","0","2","2"
"后再作打算","0","2","2"
"俘虏男女数","0","2","2"
"炀帝又征讨","0","2","2"
"帝又征讨辽","0","2","2"
"又征讨辽东","0","2","2"
"贼兵元帅孟","0","2","2"
"兵元帅孟讠","0","2","2"
"元帅孟讠襄","0","2","2"
"为炀帝送葬","0","2","2"
"葬在吴公台","0","2","2"
"在吴公台下","0","2","2"
"父亲的军功","0","2","2"
"宇文述生性","0","2","2"
"宇文护十分","0","2","2"
"十分喜爱他","0","2","2"
"以本官兼领","0","2","2"
"宇文述以行","0","2","2"
"文述以行军","0","2","2"
"述以行军总","0","2","2"
"升为上柱国","0","2","2"
"率领行军总","0","2","2"
"改任安州总","0","2","2"
"任安州总管","0","2","2"
"广镇守扬州","0","2","2"
"向宇文述请","0","2","2"
"多金银财宝","0","2","2"
"认为宇文述","0","2","2"
"宇文士及娶","0","2","2"
"文士及娶南","0","2","2"
"士及娶南阳","0","2","2"
"及娶南阳公","0","2","2"
"娶南阳公主","0","2","2"
"文述为左卫","0","2","2"
"炀帝巡幸榆","0","2","2"
"帝巡幸榆林","0","2","2"
"拥有强大的","0","2","2"
"宇文述每天","0","2","2"
"宇文述领兵","0","2","2"
"赐给宇文述","0","2","2"
"宫中卫士都","0","2","2"
"金银财宝堆","0","2","2"
"银财宝堆积","0","2","2"
"财宝堆积如","0","2","2"
"宝堆积如山","0","2","2"
"高丽的时候","0","2","2"
"有什么损害","0","2","2"
"每次战斗都","0","2","2"
"取得的胜利","0","2","2"
"又派遣使者","0","2","2"
"到皇帝所在","0","2","2"
"皇帝所在的","0","2","2"
"帝所在的地","0","2","2"
"跟随炀帝东","0","2","2"
"随炀帝东征","0","2","2"
"帝十分恐惧","0","2","2"
"炀帝驾幸江","0","2","2"
"帝驾幸江都","0","2","2"
"有什么话说","0","2","2"
"望陛下能够","0","2","2"
"准备亲自前","0","2","2"
"阳公主为妻","0","2","2"
"和宇文智及","0","2","2"
"的勇猛果敢","0","2","2"
"司马德戡又","0","2","2"
"不知该怎么","0","2","2"
"知该怎么办","0","2","2"
"该怎么办才","0","2","2"
"怎么办才好","0","2","2"
"裴虔通等人","0","2","2"
"虔通等人说","0","2","2"
"和他们一起","0","2","2"
"正张恺等人","0","2","2"
"宫中和外界","0","2","2"
"认为说得对","0","2","2"
"人不能一心","0","2","2"
"宴会的机会","0","2","2"
"许弘仁等人","0","2","2"
"集一千多人","0","2","2"
"率领几百名","0","2","2"
"臣不敢造反","0","2","2"
"不知道事情","0","2","2"
"不忍心杀他","0","2","2"
"很久才被释","0","2","2"
"久才被释放","0","2","2"
"被宇文化及","0","2","2"
"向东都洛阳","0","2","2"
"东都洛阳进","0","2","2"
"都洛阳进发","0","2","2"
"都没有成功","0","2","2"
"为什么不杀","0","2","2"
"宇文化及自","0","2","2"
"把宇文化及","0","2","2"
"宇文化及的","0","2","2"
"首级传送到","0","2","2"
"逐步升迁至","0","2","2"
"违犯法纪的","0","2","2"
"树立个人的","0","2","2"
"造反的时候","0","2","2"
"拥兵十多万","0","2","2"
"鱼俱罗讨伐","0","2","2"
"带着几十名","0","2","2"
"着几十名骑","0","2","2"
"十名骑兵逃","0","2","2"
"王世充打败","0","2","2"
"没有缘由自","0","2","2"
"进逼东都洛","0","2","2"
"当时天气寒","0","2","2"
"时天气寒冷","0","2","2"
"死在路途上","0","2","2"
"王世充收罗","0","2","2"
"派遣使者进","0","2","2"
"众人都很高","0","2","2"
"人都很高兴","0","2","2"
"我们的军队","0","2","2"
"说出这些话","0","2","2"
"后十分害怕","0","2","2"
"的阴谋告诉","0","2","2"
"王世充派人","0","2","2"
"皇帝抓起来","0","2","2"
"打败宇文化","0","2","2"
"败宇文化及","0","2","2"
"埋伏在山谷","0","2","2"
"的军队十分","0","2","2"
"随宇文化及","0","2","2"
"尚书省作为","0","2","2"
"自己的官府","0","2","2"
"喜欢骑马射","0","2","2"
"部落的人都","0","2","2"
"拘泥小的礼","0","2","2"
"泥小的礼节","0","2","2"
"文皇帝即位","0","2","2"
"任内都大官","0","2","2"
"太后的旨意","0","2","2"
"伤害了百姓","0","2","2"
"害了百姓和","0","2","2"
"了百姓和耕","0","2","2"
"百姓和耕牛","0","2","2"
"安平献王的","0","2","2"
"孝文帝服丧","0","2","2"
"宣武帝元恪","0","2","2"
"为平原郡公","0","2","2"
"三人同一天","0","2","2"
"赐给他们衣","0","2","2"
"在华林都亭","0","2","2"
"阳王元禧被","0","2","2"
"娶宣武帝的","0","2","2"
"武帝的姑姑","0","2","2"
"升任尚书令","0","2","2"
"被立为皇后","0","2","2"
"宣武帝延昌","0","2","2"
"他而不加责","0","2","2"
"而不加责备","0","2","2"
"任命高肇为","0","2","2"
"在神兽门外","0","2","2"
"众人都感到","0","2","2"
"孝明帝元诩","0","2","2"
"登上太极殿","0","2","2"
"尉高阳王元","0","2","2"
"高肇的罪恶","0","2","2"
"高肇的亲信","0","2","2"
"的礼仪安葬","0","2","2"
"的尸体运出","0","2","2"
"孝明帝继位","0","2","2"
"加授胡国珍","0","2","2"
"追赠胡国珍","0","2","2"
"侍中之职依","0","2","2"
"中之职依旧","0","2","2"
"赏赐各有不","0","2","2"
"赐各有不同","0","2","2"
"侍中崔光一","0","2","2"
"灵太后因胡","0","2","2"
"谥号为昭灵","0","2","2"
"设置守护陵","0","2","2"
"改封冯翊君","0","2","2"
"虽然年纪老","0","2","2"
"然年纪老迈","0","2","2"
"监督察看丧","0","2","2"
"督察看丧事","0","2","2"
"小功服丧服","0","2","2"
"在太极东堂","0","2","2"
"太极东堂举","0","2","2"
"极东堂举行","0","2","2"
"东堂举行祭","0","2","2"
"堂举行祭吊","0","2","2"
"是命中注定","0","2","2"
"我只有一个","0","2","2"
"只有一个儿","0","2","2"
"所以才这样","0","2","2"
"在洛阳安葬","0","2","2"
"兼领太尉公","0","2","2"
"特殊的礼仪","0","2","2"
"没有被淹没","0","2","2"
"认为天下可","0","2","2"
"为天下可以","0","2","2"
"道武帝命令","0","2","2"
"有才学之士","0","2","2"
"设置博士一","0","2","2"
"置博士一人","0","2","2"
"迁都洛阳之","0","2","2"
"都洛阳之后","0","2","2"
"太学和四门","0","2","2"
"获得很高的","0","2","2"
"得很高的官","0","2","2"
"都荡然无存","0","2","2"
"儒家的学术","0","2","2"
"家的学术思","0","2","2"
"的学术思想","0","2","2"
"将他们安置","0","2","2"
"受到特殊的","0","2","2"
"教授皇太子","0","2","2"
"圣人留下的","0","2","2"
"刻苦学习的","0","2","2"
"郑玄注释的","0","2","2"
"都是出自徐","0","2","2"
"是出自徐遵","0","2","2"
"出自徐遵明","0","2","2"
"自徐遵明的","0","2","2"
"熊安生的学","0","2","2"
"有十分之二","0","2","2"
"不放在心上","0","2","2"
"文帝太和初","0","2","2"
"帝太和初年","0","2","2"
"上书请求让","0","2","2"
"孝文帝曾经","0","2","2"
"领御史中尉","0","2","2"
"武帝即位之","0","2","2"
"在秘书省专","0","2","2"
"秘书省专门","0","2","2"
"代替崔光任","0","2","2"
"替崔光任著","0","2","2"
"崔光任著作","0","2","2"
"兼任著作郎","0","2","2"
"光禄大夫之","0","2","2"
"禄大夫之职","0","2","2"
"北魏初年以","0","2","2"
"魏初年以来","0","2","2"
"皇帝的心意","0","2","2"
"人到山东求","0","2","2"
"认真学习了","0","2","2"
"一同参与其","0","2","2"
"同参与其事","0","2","2"
"孝武帝永熙","0","2","2"
"徐遵明的学","0","2","2"
"遵明的学生","0","2","2"
"的人还很少","0","2","2"
"就博览百家","0","2","2"
"的历法始于","0","2","2"
"授著作郎之","0","2","2"
"著作郎之职","0","2","2"
"的事情很多","0","2","2"
"卢元明出使","0","2","2"
"曾经听说过","0","2","2"
"用的是郑玄","0","2","2"
"的是郑玄的","0","2","2"
"是郑玄的解","0","2","2"
"中没有记载","0","2","2"
"有什么奇怪","0","2","2"
"什么奇怪的","0","2","2"
"么能够相信","0","2","2"
"能够相信呢","0","2","2"
"称王天下的","0","2","2"
"天下的大业","0","2","2"
"而承受天命","0","2","2"
"是夏朝的正","0","2","2"
"个月是正月","0","2","2"
"梁武帝又说","0","2","2"
"孔子是道德","0","2","2"
"子是道德完","0","2","2"
"是道德完善","0","2","2"
"道德完善的","0","2","2"
"德完善的人","0","2","2"
"的人不会失","0","2","2"
"人不会失去","0","2","2"
"不会失去其","0","2","2"
"没有大的变","0","2","2"
"有大的变故","0","2","2"
"这一类的事","0","2","2"
"有还是没有","0","2","2"
"齐文襄皇帝","0","2","2"
"他学识渊博","0","2","2"
"任四门博士","0","2","2"
"明白他的意","0","2","2"
"白他的意思","0","2","2"
"任国子博士","0","2","2"
"贵族的子弟","0","2","2"
"果然像他说","0","2","2"
"然像他说的","0","2","2"
"的地方很多","0","2","2"
"不知不觉地","0","2","2"
"的地方是在","0","2","2"
"北齐后主武","0","2","2"
"成帝河清年","0","2","2"
"帝河清年间","0","2","2"
"奇怪地问他","0","2","2"
"周武帝对他","0","2","2"
"周武帝又说","0","2","2"
"以我的愚见","0","2","2"
"武帝非常高","0","2","2"
"北魏太武帝","0","2","2"
"魏太武帝时","0","2","2"
"他的从祖父","0","2","2"
"太武帝时任","0","2","2"
"楷书和篆书","0","2","2"
"和范阳人卢","0","2","2"
"范阳人卢道","0","2","2"
"北魏孝庄帝","0","2","2"
"庄帝永安年","0","2","2"
"帝永安年间","0","2","2"
"北魏孝武帝","0","2","2"
"王思政镇守","0","2","2"
"像爱护儿子","0","2","2"
"爱护儿子一","0","2","2"
"护儿子一样","0","2","2"
"能够不慎重","0","2","2"
"认为这一年","0","2","2"
"上天的责备","0","2","2"
"天下的百姓","0","2","2"
"下的百姓就","0","2","2"
"从事政治的","0","2","2"
"根据才能而","0","2","2"
"的职责所在","0","2","2"
"帝采纳他的","0","2","2"
"帝刚刚设立","0","2","2"
"这就是他的","0","2","2"
"就是他的不","0","2","2"
"在是因为这","0","2","2"
"是因为这些","0","2","2"
"没有一次不","0","2","2"
"访诸位公卿","0","2","2"
"如今做官的","0","2","2"
"今做官的人","0","2","2"
"产生了仇隙","0","2","2"
"这样说的话","0","2","2"
"达到了就没","0","2","2"
"到了就没有","0","2","2"
"雅正的音乐","0","2","2"
"的音乐感动","0","2","2"
"音乐感动人","0","2","2"
"国家很快就","0","2","2"
"就要灭亡了","0","2","2"
"的音乐结束","0","2","2"
"则无一不和","0","2","2"
"不知道乐音","0","2","2"
"知道乐音的","0","2","2"
"不能和他谈","0","2","2"
"能和他谈论","0","2","2"
"好像古时的","0","2","2"
"清商三调和","0","2","2"
"商三调和四","0","2","2"
"三调和四时","0","2","2"
"调和四时舞","0","2","2"
"文帝下诏让","0","2","2"
"何妥的建议","0","2","2"
"背着书箱到","0","2","2"
"着书箱到处","0","2","2"
"中官员大多","0","2","2"
"上秘密奏章","0","2","2"
"他很有礼貌","0","2","2"
"的太子杨勇","0","2","2"
"和各州县的","0","2","2"
"任命为太学","0","2","2"
"命为太学博","0","2","2"
"的司马相如","0","2","2"
"幼小的时候","0","2","2"
"皇帝的宠幸","0","2","2"
"朝廷的赏赐","0","2","2"
"遗留下来的","0","2","2"
"人中的俊杰","0","2","2"
"华丽的词章","0","2","2"
"式屡屡变化","0","2","2"
"他们的才能","0","2","2"
"足可以称得","0","2","2"
"没有听说有","0","2","2"
"的同族兄弟","0","2","2"
"宣帝天保年","0","2","2"
"帝天保年间","0","2","2"
"孝昭帝皇建","0","2","2"
"魏收撰写的","0","2","2"
"设立文林馆","0","2","2"
"书监阳休之","0","2","2"
"令通直散骑","0","2","2"
"颜之推等人","0","2","2"
"交给所司安","0","2","2"
"给所司安置","0","2","2"
"有十分之三","0","2","2"
"十分之三四","0","2","2"
"徐陵和庾信","0","2","2"
"帝即位之初","0","2","2"
"当时的文人","0","2","2"
"附录于其家","0","2","2"
"录于其家传","0","2","2"
"自称是太原","0","2","2"
"称是太原人","0","2","2"
"为写得很好","0","2","2"
"明帝熙平初","0","2","2"
"帝熙平初年","0","2","2"
"的弹劾奏章","0","2","2"
"阳王元深任","0","2","2"
"任东北道行","0","2","2"
"面八方的章","0","2","2"
"八方的章表","0","2","2"
"方的章表奏","0","2","2"
"没有做官的","0","2","2"
"修撰起居注","0","2","2"
"温子癉参与","0","2","2"
"温子癉撰写","0","2","2"
"朱兆进入洛","0","2","2"
"兆进入洛阳","0","2","2"
"温子癉的文","0","2","2"
"子癉的文章","0","2","2"
"武帝称赞他","0","2","2"
"帝称赞他说","0","2","2"
"古往今来的","0","2","2"
"亲戚的关系","0","2","2"
"梁元帝继位","0","2","2"
"元帝平定侯","0","2","2"
"帝平定侯景","0","2","2"
"朝中的官员","0","2","2"
"人一起来到","0","2","2"
"周文帝高兴","0","2","2"
"殷不害等人","0","2","2"
"常常从容地","0","2","2"
"王褒与庾信","0","2","2"
"中大夫之职","0","2","2"
"父亲庾肩吾","0","2","2"
"腰带长达十","0","2","2"
"带长达十围","0","2","2"
"梁朝太子中","0","2","2"
"士卒一千多","0","2","2"
"卒一千多人","0","2","2"
"于是就留在","0","2","2"
"百姓都感到","0","2","2"
"静帝大象年","0","2","2"
"颜之推为中","0","2","2"
"只带着妻子","0","2","2"
"带着妻子儿","0","2","2"
"着妻子儿女","0","2","2"
"跟从文宣帝","0","2","2"
"这种情况告","0","2","2"
"种情况告诉","0","2","2"
"都由他决定","0","2","2"
"颜之推的计","0","2","2"
"之推的计谋","0","2","2"
"平原郡太守","0","2","2"
"上表现出来","0","2","2"
"见到虞世基","0","2","2"
"召见虞世基","0","2","2"
"次升迁至尚","0","2","2"
"升迁至尚书","0","2","2"
"迁至尚书左","0","2","2"
"赐给他一匹","0","2","2"
"到了陈朝灭","0","2","2"
"了陈朝灭亡","0","2","2"
"这样一个人","0","2","2"
"任内史侍郎","0","2","2"
"帝派人对他","0","2","2"
"参与掌管朝","0","2","2"
"突厥军围困","0","2","2"
"兵散去之后","0","2","2"
"盗贼一天比","0","2","2"
"贼一天比一","0","2","2"
"帝没有听从","0","2","2"
"虞世基知道","0","2","2"
"又因为高赹","0","2","2"
"帝身边侍奉","0","2","2"
"有什么变化","0","2","2"
"特别受到宠","0","2","2"
"别受到宠爱","0","2","2"
"中有才能的","0","2","2"
"化及杀害炀","0","2","2"
"及杀害炀帝","0","2","2"
"知这个消息","0","2","2"
"文帝不允许","0","2","2"
"帝派遣使者","0","2","2"
"授许善心通","0","2","2"
"对身边的人","0","2","2"
"原有的官职","0","2","2"
"物品一千段","0","2","2"
"许善心在座","0","2","2"
"善心在座位","0","2","2"
"心在座位上","0","2","2"
"和皇后一起","0","2","2"
"收藏的图书","0","2","2"
"兼任黄门侍","0","2","2"
"京城的官员","0","2","2"
"许善心没有","0","2","2"
"赐物品五百","0","2","2"
"物品五百段","0","2","2"
"供个人役使","0","2","2"
"许善心认为","0","2","2"
"过了一个月","0","2","2"
"跟从炀帝至","0","2","2"
"议大夫之职","0","2","2"
"高尚的节操","0","2","2"
"活着的时候","0","2","2"
"是圣明的君","0","2","2"
"就可以成为","0","2","2"
"古代所说的","0","2","2"
"张元回答说","0","2","2"
"有仁爱之心","0","2","2"
"祖父的眼睛","0","2","2"
"被周朝军队","0","2","2"
"周朝军队俘","0","2","2"
"因而进入关","0","2","2"
"而进入关中","0","2","2"
"的人认为是","0","2","2"
"到他的尸体","0","2","2"
"忍心加罪于","0","2","2"
"赐物品五千","0","2","2"
"物品五千段","0","2","2"
"有很好的政","0","2","2"
"坚贞的节操","0","2","2"
"打开粮仓赈","0","2","2"
"开粮仓赈济","0","2","2"
"仓赈济饥民","0","2","2"
"过了几十天","0","2","2"
"派遣使者慰","0","2","2"
"遣使者慰劳","0","2","2"
"张须陀率兵","0","2","2"
"打了三十多","0","2","2"
"了三十多仗","0","2","2"
"屈突通的军","0","2","2"
"突通的军队","0","2","2"
"的军队被打","0","2","2"
"身边的人都","0","2","2"
"秉承皇帝旨","0","2","2"
"承皇帝旨意","0","2","2"
"所能知道的","0","2","2"
"也知道事情","0","2","2"
"任尔朱荣的","0","2","2"
"长广王元晔","0","2","2"
"广王元晔为","0","2","2"
"广陵王元恭","0","2","2"
"清正廉洁的","0","2","2"
"孩子不告发","0","2","2"
"告发而处死","0","2","2"
"便是孩子所","0","2","2"
"是孩子所杀","0","2","2"
"天下没有无","0","2","2"
"下没有无母","0","2","2"
"没有无母之","0","2","2"
"有无母之国","0","2","2"
"不知道这种","0","2","2"
"知道这种孩","0","2","2"
"道这种孩子","0","2","2"
"将到什么地","0","2","2"
"到什么地方","0","2","2"
"是以礼相待","0","2","2"
"齐神武帝的","0","2","2"
"能自我保全","0","2","2"
"孟业回答说","0","2","2"
"中的重要职","0","2","2"
"用马鞭抽打","0","2","2"
"的人都以为","0","2","2"
"帝河清三年","0","2","2"
"郡中百姓都","0","2","2"
"开玩笑地问","0","2","2"
"京城地区的","0","2","2"
"在南清河郡","0","2","2"
"南清河郡以","0","2","2"
"其中的原因","0","2","2"
"官至乐陵太","0","2","2"
"至乐陵太守","0","2","2"
"有一百多个","0","2","2"
"容易得到的","0","2","2"
"当时人们把","0","2","2"
"处理政事的","0","2","2"
"还有什么值","0","2","2"
"有什么值得","0","2","2"
"向他询问自","0","2","2"
"任尚书三公","0","2","2"
"是被冤枉的","0","2","2"
"徐州刺史的","0","2","2"
"的有数十人","0","2","2"
"在北周做官","0","2","2"
"安置在自己","0","2","2"
"置在自己身","0","2","2"
"在自己身边","0","2","2"
"很惊异他的","0","2","2"
"做汴州刺史","0","2","2"
"受禅即位后","0","2","2"
"为安定郡公","0","2","2"
"是为了救济","0","2","2"
"有可取之处","0","2","2"
"的人无不悲","0","2","2"
"孝文帝派人","0","2","2"
"有触犯禁令","0","2","2"
"安抚他们的","0","2","2"
"抚他们的妻","0","2","2"
"他们的妻子","0","2","2"
"们的妻子儿","0","2","2"
"封为长乐县","0","2","2"
"动全部精锐","0","2","2"
"全部精锐部","0","2","2"
"部精锐部队","0","2","2"
"车驾回宫后","0","2","2"
"追赠司徒公","0","2","2"
"以军功被任","0","2","2"
"用木棒打死","0","2","2"
"就是这个样","0","2","2"
"妻子儿女到","0","2","2"
"到集市上买","0","2","2"
"的接连不断","0","2","2"
"您怎么能长","0","2","2"
"便恢复了他","0","2","2"
"为广州总管","0","2","2"
"他们的行为","0","2","2"
"是慕容宝的","0","2","2"
"年轻时胸怀","0","2","2"
"轻时胸怀大","0","2","2"
"征召他为中","0","2","2"
"不涉及世俗","0","2","2"
"为什么还要","0","2","2"
"希望用这种","0","2","2"
"停留十多天","0","2","2"
"不感到惊异","0","2","2"
"多不见记载","0","2","2"
"听说他的大","0","2","2"
"说他的大名","0","2","2"
"经书上所说","0","2","2"
"书上所说的","0","2","2"
"羽毛装饰的","0","2","2"
"到哪里去了","0","2","2"
"姚泓灭亡后","0","2","2"
"在门下外省","0","2","2"
"满座的人都","0","2","2"
"倒盖在身上","0","2","2"
"对周文帝说","0","2","2"
"后来隐居在","0","2","2"
"把他举荐给","0","2","2"
"给他一匹瘦","0","2","2"
"他一匹瘦弱","0","2","2"
"一匹瘦弱的","0","2","2"
"匹瘦弱的马","0","2","2"
"书没有写成","0","2","2"
"孝武帝准备","0","2","2"
"让吴遵世卜","0","2","2"
"任命他为中","0","2","2"
"元氏没有儿","0","2","2"
"氏没有儿子","0","2","2"
"不知道什么","0","2","2"
"知道什么地","0","2","2"
"道什么地方","0","2","2"
"么地方的人","0","2","2"
"文宣帝即位","0","2","2"
"这件事怎么","0","2","2"
"都认为是神","0","2","2"
"现在为什么","0","2","2"
"在为什么不","0","2","2"
"按照他的话","0","2","2"
"能有什么作","0","2","2"
"有什么作为","0","2","2"
"来告诉陆法","0","2","2"
"告诉陆法和","0","2","2"
"马拴在石碓","0","2","2"
"元帝对他的","0","2","2"
"让陆法和做","0","2","2"
"封他为司徒","0","2","2"
"梁元帝派人","0","2","2"
"一定能打败","0","2","2"
"官职和爵位","0","2","2"
"文宣帝听说","0","2","2"
"帝在昭阳殿","0","2","2"
"一个年轻的","0","2","2"
"朝湘东王萧","0","2","2"
"皇帝开始听","0","2","2"
"对他特别优","0","2","2"
"他特别优待","0","2","2"
"如果不是您","0","2","2"
"沦为奴婢的","0","2","2"
"请求告老还","0","2","2"
"在夜间召见","0","2","2"
"是君主的象","0","2","2"
"君主的象征","0","2","2"
"十二时辰的","0","2","2"
"在二月份的","0","2","2"
"二月份的甲","0","2","2"
"帝准备迁都","0","2","2"
"爵位为公爵","0","2","2"
"他的儿子庾","0","2","2"
"请求辞去职","0","2","2"
"求辞去职务","0","2","2"
"常派人到他","0","2","2"
"到他家询问","0","2","2"
"就是至尊天","0","2","2"
"是至尊天子","0","2","2"
"至尊天子的","0","2","2"
"尊天子的本","0","2","2"
"天子的本命","0","2","2"
"人行走的门","0","2","2"
"献皇后死后","0","2","2"
"占卜二千年","0","2","2"
"占卜二百世","0","2","2"
"与百官相伴","0","2","2"
"百官相伴出","0","2","2"
"官相伴出现","0","2","2"
"是大吉大利","0","2","2"
"深深地感谢","0","2","2"
"帝召见与他","0","2","2"
"皇上惊奇他","0","2","2"
"论的人都认","0","2","2"
"都认为他是","0","2","2"
"大多不应验","0","2","2"
"升为员外散","0","2","2"
"让日月相会","0","2","2"
"增减的标准","0","2","2"
"总计一百八","0","2","2"
"百八十二天","0","2","2"
"八十二天而","0","2","2"
"十二天而运","0","2","2"
"二天而运行","0","2","2"
"天而运行一","0","2","2"
"而运行一百","0","2","2"
"运行一百七","0","2","2"
"古以来的各","0","2","2"
"以来的各个","0","2","2"
"来的各个历","0","2","2"
"的各个历法","0","2","2"
"要多一全天","0","2","2"
"十三天有余","0","2","2"
"三天有余而","0","2","2"
"那么在黄道","0","2","2"
"么在黄道之","0","2","2"
"与古代历法","0","2","2"
"出现在雨水","0","2","2"
"现在雨水节","0","2","2"
"在雨水节气","0","2","2"
"出现的天数","0","2","2"
"平常早晨出","0","2","2"
"常早晨出现","0","2","2"
"早晨出现在","0","2","2"
"完全遮掩太","0","2","2"
"全遮掩太阳","0","2","2"
"容白曜平定","0","2","2"
"被抓住送到","0","2","2"
"诏书褒扬赞","0","2","2"
"书褒扬赞美","0","2","2"
"阳王禧等人","0","2","2"
"跟随皇上到","0","2","2"
"在南齐做官","0","2","2"
"请姚僧垣到","0","2","2"
"病很快好了","0","2","2"
"皇帝亲自带","0","2","2"
"金带以及衣","0","2","2"
"带以及衣服","0","2","2"
"不可一一记","0","2","2"
"可一一记载","0","2","2"
"他的几个孩","0","2","2"
"皇上非常高","0","2","2"
"上非常高兴","0","2","2"
"驻扎在衡岭","0","2","2"
"放他们回去","0","2","2"
"人都心悦诚","0","2","2"
"心里不高兴","0","2","2"
"告诫他的儿","0","2","2"
"诫他的儿子","0","2","2"
"皇帝又命令","0","2","2"
"升为右光禄","0","2","2"
"被窦建德俘","0","2","2"
"窦建德俘获","0","2","2"
"喜好互相攻","0","2","2"
"好互相攻杀","0","2","2"
"他的儿子高","0","2","2"
"李迁仕果然","0","2","2"
"进入氵赣石","0","2","2"
"册封夫人为","0","2","2"
"派她的孙子","0","2","2"
"她的孙子冯","0","2","2"
"岭南全部安","0","2","2"
"南全部安定","0","2","2"
"下诏书褒扬","0","2","2"
"到达十多个","0","2","2"
"刘昶的女儿","0","2","2"
"又苏醒过来","0","2","2"
"穿着麻布衣","0","2","2"
"着麻布衣服","0","2","2"
"时继承父亲","0","2","2"
"太后临朝称","0","2","2"
"后临朝称制","0","2","2"
"因此得到赏","0","2","2"
"李冲哥哥的","0","2","2"
"哥的儿子李","0","2","2"
"在太原晋阳","0","2","2"
"经常在皇上","0","2","2"
"在皇上面前","0","2","2"
"提升封号为","0","2","2"
"的父亲抱睹","0","2","2"
"父亲抱睹生","0","2","2"
"任命为殿中","0","2","2"
"为殿中侍御","0","2","2"
"太后担心他","0","2","2"
"孝明帝亲自","0","2","2"
"废掉灵太后","0","2","2"
"的有四十多","0","2","2"
"刘腾收养的","0","2","2"
"的其他人都","0","2","2"
"在后主面前","0","2","2"
"韩凤与穆提","0","2","2"
"凤与穆提婆","0","2","2"
"工匠为自己","0","2","2"
"匠为自己建","0","2","2"
"后主从晋阳","0","2","2"
"主从晋阳回","0","2","2"
"不敢抬头看","0","2","2"
"晋永嘉之乱","0","2","2"
"达到十多万","0","2","2"
"魏道武帝登","0","2","2"
"道武帝登国","0","2","2"
"的儿子姚兴","0","2","2"
"这个地方的","0","2","2"
"多次侵犯辽","0","2","2"
"次侵犯辽东","0","2","2"
"降服的胡人","0","2","2"
"认为他很像","0","2","2"
"他为平州刺","0","2","2"
"的弟弟慕容","0","2","2"
"慕容垂的儿","0","2","2"
"容垂的儿子","0","2","2"
"儿子慕容宝","0","2","2"
"开始派使者","0","2","2"
"太武帝嘉奖","0","2","2"
"严厉责备他","0","2","2"
"恭敬地接受","0","2","2"
"在东堂召见","0","2","2"
"诏令提升延","0","2","2"
"令提升延为","0","2","2"
"和以前一样","0","2","2"
"派遣使臣到","0","2","2"
"到齐接受东","0","2","2"
"齐接受东魏","0","2","2"
"成为使持节","0","2","2"
"帝任命汤为","0","2","2"
"接受禅让后","0","2","2"
"使者到京城","0","2","2"
"管内外事务","0","2","2"
"灵柩停放在","0","2","2"
"率领一万多","0","2","2"
"下诏免去他","0","2","2"
"诏免去他的","0","2","2"
"征召元入朝","0","2","2"
"车驾渡过辽","0","2","2"
"贡进献一直","0","2","2"
"领他的部落","0","2","2"
"把尸体放在","0","2","2"
"接纳了他们","0","2","2"
"允许他们居","0","2","2"
"许他们居住","0","2","2"
"个地方的人","0","2","2"
"国王居住的","0","2","2"
"不过十多人","0","2","2"
"固定的标准","0","2","2"
"羽骑尉朱宽","0","2","2"
"国使者来朝","0","2","2"
"帝派武贲郎","0","2","2"
"用武力将他","0","2","2"
"其不备杀掉","0","2","2"
"又向晋朝称","0","2","2"
"重新自立为","0","2","2"
"杨国的儿子","0","2","2"
"国的儿子杨","0","2","2"
"的儿子杨安","0","2","2"
"自称征西将","0","2","2"
"称征西将军","0","2","2"
"皇帝下诏命","0","2","2"
"帝下诏命杨","0","2","2"
"之自己说名","0","2","2"
"自己说名叫","0","2","2"
"宗的弟弟文","0","2","2"
"的弟弟文德","0","2","2"
"豹子等率领","0","2","2"
"俘获他的妻","0","2","2"
"获他的妻子","0","2","2"
"为什么背叛","0","2","2"
"他们的地方","0","2","2"
"们的地方物","0","2","2"
"的地方物产","0","2","2"
"夏侯道迁率","0","2","2"
"侯道迁率汉","0","2","2"
"平定了他们","0","2","2"
"讨伐平定了","0","2","2"
"杀掉他们的","0","2","2"
"群马争斗相","0","2","2"
"竭尽股肱之","0","2","2"
"尽股肱之力","0","2","2"
"公孙的子嗣","0","2","2"
"枝箭折断它","0","2","2"
"派他的侍郎","0","2","2"
"把他送到京","0","2","2"
"公卿在朝堂","0","2","2"
"王忠于朝廷","0","2","2"
"又和宋交好","0","2","2"
"封他为陇西","0","2","2"
"他为陇西王","0","2","2"
"为抚军将军","0","2","2"
"就率领他的","0","2","2"
"慕利延兄长","0","2","2"
"利延兄长的","0","2","2"
"延兄长的儿","0","2","2"
"的儿子拾寅","0","2","2"
"者和宋交好","0","2","2"
"武帝派使者","0","2","2"
"为镇西大将","0","2","2"
"不是国家的","0","2","2"
"了他们的意","0","2","2"
"可以一举平","0","2","2"
"以一举平定","0","2","2"
"远远地逃走","0","2","2"
"孙观等人率","0","2","2"
"良利守卫洮","0","2","2"
"利守卫洮阳","0","2","2"
"贡地方物产","0","2","2"
"请求讨伐他","0","2","2"
"到那个国家","0","2","2"
"申述自己的","0","2","2"
"述自己的意","0","2","2"
"折念生反叛","0","2","2"
"追随水草畜","0","2","2"
"他们的风俗","0","2","2"
"派员外散骑","0","2","2"
"他的妻子儿","0","2","2"
"进献地方物","0","2","2"
"献地方物产","0","2","2"
"那个国家大","0","2","2"
"个国家大乱","0","2","2"
"得众人之心","0","2","2"
"又来侵犯边","0","2","2"
"于是就停止","0","2","2"
"有三十六个","0","2","2"
"五十五个王","0","2","2"
"五十多个国","0","2","2"
"有什么好处","0","2","2"
"太武帝认为","0","2","2"
"行二千里到","0","2","2"
"行一千三百","0","2","2"
"千三百里到","0","2","2"
"西域的事情","0","2","2"
"入朝的机会","0","2","2"
"分为两部分","0","2","2"
"昭成帝驾崩","0","2","2"
"像过去一样","0","2","2"
"社山仑率领","0","2","2"
"的四个儿子","0","2","2"
"袭击匹候跋","0","2","2"
"让他和儿子","0","2","2"
"他和儿子们","0","2","2"
"材官将军和","0","2","2"
"官将军和突","0","2","2"
"击打败了他","0","2","2"
"听说道武帝","0","2","2"
"道武帝征伐","0","2","2"
"想让你们的","0","2","2"
"把政事委托","0","2","2"
"步鹿真和社","0","2","2"
"年轻的妻子","0","2","2"
"听说了这件","0","2","2"
"说了这件事","0","2","2"
"封他为上谷","0","2","2"
"武帝亲自征","0","2","2"
"帝听后大笑","0","2","2"
"离官军千余","0","2","2"
"派左仆射安","0","2","2"
"到达已尼陂","0","2","2"
"赏赐给他们","0","2","2"
"帝大为高兴","0","2","2"
"太武帝巡视","0","2","2"
"率领十五员","0","2","2"
"领十五员将","0","2","2"
"员将出兵东","0","2","2"
"将出兵东路","0","2","2"
"员将出兵西","0","2","2"
"将出兵西路","0","2","2"
"武帝出兵中","0","2","2"
"帝出兵中路","0","2","2"
"穆寿辅佐景","0","2","2"
"寿辅佐景穆","0","2","2"
"太武帝北伐","0","2","2"
"高凉王那出","0","2","2"
"凉王那出兵","0","2","2"
"王那出兵东","0","2","2"
"那出兵东路","0","2","2"
"阳王羯儿出","0","2","2"
"王羯儿出兵","0","2","2"
"屡次进犯边","0","2","2"
"使者请求和","0","2","2"
"者请求和解","0","2","2"
"国人都认为","0","2","2"
"那盖做首领","0","2","2"
"向西征伐高","0","2","2"
"西征伐高车","0","2","2"
"使者俟斤尉","0","2","2"
"者俟斤尉比","0","2","2"
"俟斤尉比建","0","2","2"
"明帝到显阳","0","2","2"
"帝到显阳殿","0","2","2"
"派莫何去汾","0","2","2"
"和阿那瞔的","0","2","2"
"阿那瞔启奏","0","2","2"
"阿那瞔请求","0","2","2"
"阿那瞔再拜","0","2","2"
"收集逃散的","0","2","2"
"明帝到西堂","0","2","2"
"张和白目毛","0","2","2"
"漆槊十张和","0","2","2"
"漆盾六幡和","0","2","2"
"盾六幡和刀","0","2","2"
"口裤褶一具","0","2","2"
"裤褶一具内","0","2","2"
"的从父兄弟","0","2","2"
"郊外迎接他","0","2","2"
"蠕蠕的使者","0","2","2"
"阿那瞔恢复","0","2","2"
"投顺归化的","0","2","2"
"诏令兼散骑","0","2","2"
"他们原来的","0","2","2"
"遇到大饥荒","0","2","2"
"出使阿那瞔","0","2","2"
"阿那瞔又派","0","2","2"
"孝庄帝下诏","0","2","2"
"孝武帝进入","0","2","2"
"当初阿那瞔","0","2","2"
"到阿那瞔出","0","2","2"
"阿那瞔出使","0","2","2"
"阿那瞔的女","0","2","2"
"那瞔的女儿","0","2","2"
"个人说听从","0","2","2"
"儿子庵罗辰","0","2","2"
"兼通直散骑","0","2","2"
"请求满足他","0","2","2"
"封为兰陵郡","0","2","2"
"吐登郁久闾","0","2","2"
"派他的吐豆","0","2","2"
"求把自己的","0","2","2"
"阿那瞔被突","0","2","2"
"那瞔被突厥","0","2","2"
"被突厥打败","0","2","2"
"登注的儿子","0","2","2"
"注的儿子库","0","2","2"
"的儿子库提","0","2","2"
"部众立登注","0","2","2"
"铁伐不久被","0","2","2"
"伐不久被契","0","2","2"
"不久被契丹","0","2","2"
"阿富提等杀","0","2","2"
"国人又立库","0","2","2"
"人又立库提","0","2","2"
"文宣帝于是","0","2","2"
"辰父子北逃","0","2","2"
"宣帝神色自","0","2","2"
"宣帝又亲自","0","2","2"
"帝又亲自征","0","2","2"
"又亲自征讨","0","2","2"
"亲自征讨蠕","0","2","2"
"自征讨蠕蠕","0","2","2"
"打败他们的","0","2","2"
"来太武帝征","0","2","2"
"武帝征讨蠕","0","2","2"
"畜牧繁衍生","0","2","2"
"牧繁衍生息","0","2","2"
"高山不摧自","0","2","2"
"山不摧自崩","0","2","2"
"槲树不扶自","0","2","2"
"树不扶自竖","0","2","2"
"转任内史下","0","2","2"
"秘书监之职","0","2","2"
"任右光禄大","0","2","2"
"卷流行于世","0","2","2"
"历任太子舍","0","2","2"
"官骠骑大将","0","2","2"
"为临颍县伯","0","2","2"
"汤为使持节","0","2","2"
"太武帝派遣","0","2","2"
"兼任尚书行","0","2","2"
"任尚书行台","0","2","2"
"太武帝不听","0","2","2"
"的儿子名叫","0","2","2"
"到合适的地","0","2","2"
"合适的地方","0","2","2"
"所以当时的","0","2","2"
"正是庚子年","0","2","2"
"都来归附他","0","2","2"
"定襄的盛乐","0","2","2"
"各部落的首","0","2","2"
"部落的首领","0","2","2"
"太子的身份","0","2","2"
"对神元皇帝","0","2","2"
"假传旨意杀","0","2","2"
"当道武帝即","0","2","2"
"明帝的儿子","0","2","2"
"母亲是献明","0","2","2"
"于是大赦天","0","2","2"
"是大赦天下","0","2","2"
"寻常的孩子","0","2","2"
"依附刘库仁","0","2","2"
"天下的大志","0","2","2"
"的弟弟刘眷","0","2","2"
"慕容日韦的","0","2","2"
"刘库仁的儿","0","2","2"
"库仁的儿子","0","2","2"
"仁的儿子刘","0","2","2"
"的儿子刘显","0","2","2"
"刘显杀了刘","0","2","2"
"显杀了刘眷","0","2","2"
"杀了刘眷而","0","2","2"
"即位于晋阳","0","2","2"
"春正月初六","0","2","2"
"大会各部落","0","2","2"
"会各部落首","0","2","2"
"各部落首领","0","2","2"
"部落首领于","0","2","2"
"落首领于牛","0","2","2"
"首领于牛川","0","2","2"
"入侵南部边","0","2","2"
"道武帝杀了","0","2","2"
"武帝担心有","0","2","2"
"帝担心有内","0","2","2"
"担心有内乱","0","2","2"
"便北越阴山","0","2","2"
"派他的儿子","0","2","2"
"子慕容贺领","0","2","2"
"慕容贺领兵","0","2","2"
"道武帝从弩","0","2","2"
"武帝从弩山","0","2","2"
"全部招降了","0","2","2"
"慕容垂派使","0","2","2"
"容垂派使者","0","2","2"
"年夏五月初","0","2","2"
"者前来朝贡","0","2","2"
"去见慕容垂","0","2","2"
"使者去见慕","0","2","2"
"者去见慕容","0","2","2"
"了那里的人","0","2","2"
"他的小儿子","0","2","2"
"回归河南宫","0","2","2"
"到木固阳塞","0","2","2"
"木固阳塞外","0","2","2"
"慕容宝进犯","0","2","2"
"容宝进犯五","0","2","2"
"宝进犯五原","0","2","2"
"武帝亲自领","0","2","2"
"从王公以下","0","2","2"
"到达云中的","0","2","2"
"六月十五日","0","2","2"
"帝亲自带领","0","2","2"
"九月十八日","0","2","2"
"山以东各地","0","2","2"
"带领所有人","0","2","2"
"领所有人马","0","2","2"
"帝受惊而起","0","2","2"
"慕容宝的军","0","2","2"
"容宝的军队","0","2","2"
"来投降的人","0","2","2"
"道武帝认为","0","2","2"
"对他们进行","0","2","2"
"他们进行招","0","2","2"
"的爵位为王","0","2","2"
"冬十月初二","0","2","2"
"作为防守的","0","2","2"
"在这里定都","0","2","2"
"卫王仪镇守","0","2","2"
"皇帝准备回","0","2","2"
"过去增加了","0","2","2"
"增加了许多","0","2","2"
"有关部门商","0","2","2"
"关部门商议","0","2","2"
"他成为天下","0","2","2"
"成为天下之","0","2","2"
"的地方官员","0","2","2"
"由皇帝亲自","0","2","2"
"到朝廷上书","0","2","2"
"朝廷上书说","0","2","2"
"帝亲自统率","0","2","2"
"打败了高车","0","2","2"
"连同他的儿","0","2","2"
"同他的儿子","0","2","2"
"违法乱纪者","0","2","2"
"有关部门在","0","2","2"
"五月十七日","0","2","2"
"年春二月十","0","2","2"
"春二月十二","0","2","2"
"者巡行各州","0","2","2"
"沮渠蒙逊自","0","2","2"
"为凉州刺史","0","2","2"
"道武帝越过","0","2","2"
"把他打得大","0","2","2"
"的剩余部众","0","2","2"
"武帝不答应","0","2","2"
"陈留桓王的","0","2","2"
"的儿子悦为","0","2","2"
"儿子悦为朱","0","2","2"
"子悦为朱提","0","2","2"
"悦为朱提王","0","2","2"
"晋帝司马德","0","2","2"
"帝司马德宗","0","2","2"
"的络绎不绝","0","2","2"
"有二千多人","0","2","2"
"春正月初八","0","2","2"
"前往豺山宫","0","2","2"
"夏四月十五","0","2","2"
"四月十五日","0","2","2"
"行至豺山宫","0","2","2"
"秃发亻辱檀","0","2","2"
"服用寒食散","0","2","2"
"几天不吃饭","0","2","2"
"以往的成败","0","2","2"
"朝廷内外人","0","2","2"
"人心惶惶不","0","2","2"
"心惶惶不安","0","2","2"
"被杀死的有","0","2","2"
"的有三百多","0","2","2"
"有三百多人","0","2","2"
"便大赦天下","0","2","2"
"帝聪明睿智","0","2","2"
"明元帝一向","0","2","2"
"帝一向十分","0","2","2"
"悲伤得难以","0","2","2"
"伤得难以自","0","2","2"
"道武帝知道","0","2","2"
"武帝知道后","0","2","2"
"诏令南平公","0","2","2"
"令南平公长","0","2","2"
"访问民间疾","0","2","2"
"爵位为王爵","0","2","2"
"长孙嵩等人","0","2","2"
"到后把他们","0","2","2"
"二月二十一","0","2","2"
"挑选宫女中","0","2","2"
"的杂种胡人","0","2","2"
"问他们的疾","0","2","2"
"三月十三日","0","2","2"
"五月二十一","0","2","2"
"王慕容伯儿","0","2","2"
"慕容伯儿谋","0","2","2"
"容伯儿谋反","0","2","2"
"在东郊大阅","0","2","2"
"由山阳侯奚","0","2","2"
"到去畿陂观","0","2","2"
"去畿陂观渔","0","2","2"
"王公以下直","0","2","2"
"公以下直至","0","2","2"
"冬十一月二","0","2","2"
"南阳王拓跋","0","2","2"
"阳王拓跋良","0","2","2"
"多少不等的","0","2","2"
"阳侯奚斤为","0","2","2"
"等十二位将","0","2","2"
"十二位将领","0","2","2"
"八月十一日","0","2","2"
"十一月十二","0","2","2"
"一月十二日","0","2","2"
"在西宫大摆","0","2","2"
"西宫大摆筵","0","2","2"
"宫大摆筵席","0","2","2"
"大摆筵席宴","0","2","2"
"摆筵席宴请","0","2","2"
"筵席宴请群","0","2","2"
"席宴请群臣","0","2","2"
"皇帝答应了","0","2","2"
"以下直至士","0","2","2"
"下直至士兵","0","2","2"
"不依法行事","0","2","2"
"依法行事的","0","2","2"
"十二月初一","0","2","2"
"免除一年租","0","2","2"
"减免一半田","0","2","2"
"免一半田租","0","2","2"
"太牢的祭礼","0","2","2"
"牢的祭礼祭","0","2","2"
"兖州刺史尉","0","2","2"
"问民众疾苦","0","2","2"
"在城南建造","0","2","2"
"皇帝回到京","0","2","2"
"派使者祭祀","0","2","2"
"所经过地方","0","2","2"
"山大举狩猎","0","2","2"
"到达屋窦城","0","2","2"
"六月十三日","0","2","2"
"秋七月十五","0","2","2"
"七月十五日","0","2","2"
"赐随从人员","0","2","2"
"随从人员聚","0","2","2"
"从人员聚饮","0","2","2"
"交战马一匹","0","2","2"
"三月十六日","0","2","2"
"加封大将军","0","2","2"
"太平王焘为","0","2","2"
"平王焘为皇","0","2","2"
"王焘为皇太","0","2","2"
"焘为皇太子","0","2","2"
"宋武帝死去","0","2","2"
"令皇太子带","0","2","2"
"皇帝大怒不","0","2","2"
"帝大怒不允","0","2","2"
"大怒不允许","0","2","2"
"着本部人马","0","2","2"
"有五万多人","0","2","2"
"青州和兖州","0","2","2"
"兖州和豫州","0","2","2"
"将毛德祖坚","0","2","2"
"毛德祖坚守","0","2","2"
"闰四月十一","0","2","2"
"四月十一日","0","2","2"
"发生大瘟疫","0","2","2"
"皇太子带领","0","2","2"
"九月十一日","0","2","2"
"冬十月初十","0","2","2"
"周围长二十","0","2","2"
"长孙嵩以下","0","2","2"
"皇帝的孙子","0","2","2"
"兆王元愉的","0","2","2"
"武帝去世后","0","2","2"
"从孝武帝入","0","2","2"
"给罪人减刑","0","2","2"
"安定公宇文","0","2","2"
"定公宇文泰","0","2","2"
"宇文泰为柱","0","2","2"
"文泰为柱国","0","2","2"
"长孙承业去","0","2","2"
"任命广陵王","0","2","2"
"命广陵王欣","0","2","2"
"广陵王欣为","0","2","2"
"陵王欣为太","0","2","2"
"夏四月初七","0","2","2"
"谥号为文皇","0","2","2"
"号为文皇帝","0","2","2"
"当时他只有","0","2","2"
"只有十二岁","0","2","2"
"在于得到合","0","2","2"
"于得到合适","0","2","2"
"得到合适的","0","2","2"
"合适的人才","0","2","2"
"仍兼任吏部","0","2","2"
"很少有廉洁","0","2","2"
"朝投降过来","0","2","2"
"投降过来的","0","2","2"
"他们的子弟","0","2","2"
"不要拘于常","0","2","2"
"要拘于常规","0","2","2"
"正月二十七","0","2","2"
"因此被牵连","0","2","2"
"此被牵连而","0","2","2"
"其他人全部","0","2","2"
"三月十七日","0","2","2"
"臣们以及各","0","2","2"
"的范围之内","0","2","2"
"杂务人员以","0","2","2"
"务人员以及","0","2","2"
"四月十九日","0","2","2"
"五月二十四","0","2","2"
"率领军队从","0","2","2"
"六月十二日","0","2","2"
"掌管厨房的","0","2","2"
"接受魏帝的","0","2","2"
"太史上奏说","0","2","2"
"把刀放在盘","0","2","2"
"刀放在盘子","0","2","2"
"放在盘子下","0","2","2"
"在盘子下面","0","2","2"
"怎么这么快","0","2","2"
"年正月十一","0","2","2"
"正月十一日","0","2","2"
"神武帝的遗","0","2","2"
"帝的二儿子","0","2","2"
"有一个名字","0","2","2"
"一个名字叫","0","2","2"
"神武帝曾经","0","2","2"
"曾经带着几","0","2","2"
"经带着几个","0","2","2"
"宣帝内心虽","0","2","2"
"帝内心虽然","0","2","2"
"神武帝又让","0","2","2"
"十分赞赏并","0","2","2"
"内外都十分","0","2","2"
"外都十分震","0","2","2"
"晋封宣帝为","0","2","2"
"瀛州的河间","0","2","2"
"帝到达邺城","0","2","2"
"在太极前殿","0","2","2"
"王为文穆皇","0","2","2"
"为文穆皇帝","0","2","2"
"为文穆皇后","0","2","2"
"命令有关方","0","2","2"
"令有关方面","0","2","2"
"太后为皇太","0","2","2"
"神主迁入太","0","2","2"
"主迁入太庙","0","2","2"
"免交一年租","0","2","2"
"交一年租赋","0","2","2"
"太师厍狄干","0","2","2"
"师厍狄干为","0","2","2"
"司马子如为","0","2","2"
"并州死罪以","0","2","2"
"州死罪以下","0","2","2"
"罪以下的囚","0","2","2"
"以下的囚犯","0","2","2"
"以下囚犯减","0","2","2"
"下至庶民百","0","2","2"
"至庶民百姓","0","2","2"
"封好上奏朝","0","2","2"
"好上奏朝廷","0","2","2"
"讨论新的法","0","2","2"
"论新的法令","0","2","2"
"东王萧绎派","0","2","2"
"宣帝亲自领","0","2","2"
"高欢还没有","0","2","2"
"欢还没有死","0","2","2"
"二月二十六","0","2","2"
"库莫奚都派","0","2","2"
"莫奚都派使","0","2","2"
"奚都派使者","0","2","2"
"王萧绎为梁","0","2","2"
"空司马子如","0","2","2"
"地前来归降","0","2","2"
"秋七月初八","0","2","2"
"都带领部众","0","2","2"
"领军队南征","0","2","2"
"为梁国国君","0","2","2"
"任命吏部尚","0","2","2"
"命吏部尚书","0","2","2"
"冬十月初一","0","2","2"
"春正月十三","0","2","2"
"正月十三日","0","2","2"
"宣帝亲自带","0","2","2"
"库莫奚派使","0","2","2"
"莫奚派使者","0","2","2"
"奚派使者朝","0","2","2"
"一千多里路","0","2","2"
"便前往晋阳","0","2","2"
"把他们安置","0","2","2"
"正月二十六","0","2","2"
"敌人的骑兵","0","2","2"
"契丹都派使","0","2","2"
"丹都派使者","0","2","2"
"给罪犯减刑","0","2","2"
"令常山王高","0","2","2"
"帝亲自来到","0","2","2"
"正月二十一","0","2","2"
"给军士当配","0","2","2"
"军士当配偶","0","2","2"
"十万人修建","0","2","2"
"山王高演在","0","2","2"
"来的十分之","0","2","2"
"冬十月十日","0","2","2"
"二月二十四","0","2","2"
"帝从晋阳出","0","2","2"
"的湘州刺史","0","2","2"
"十二月十四","0","2","2"
"二月十四日","0","2","2"
"尉粲为太尉","0","2","2"
"永安王高浚","0","2","2"
"王高氵攸为","0","2","2"
"高氵攸为兼","0","2","2"
"高阳王高为","0","2","2"
"阳王高为尚","0","2","2"
"王高为尚书","0","2","2"
"高为尚书左","0","2","2"
"因公而除服","0","2","2"
"的有十多人","0","2","2"
"有二百多人","0","2","2"
"帝大惊失色","0","2","2"
"宣帝听说后","0","2","2"
"河边羊殳瞕","0","2","2"
"接受魏帝禅","0","2","2"
"受魏帝禅位","0","2","2"
"就是皇帝的","0","2","2"
"不能这样做","0","2","2"
"斛律金请求","0","2","2"
"司马子如在","0","2","2"
"皇帝便假称","0","2","2"
"的各种用具","0","2","2"
"高阿那肱率","0","2","2"
"所说的人数","0","2","2"
"曾经有一回","0","2","2"
"于酒色之中","0","2","2"
"有时在盛夏","0","2","2"
"时在盛夏酷","0","2","2"
"都觉得难以","0","2","2"
"宣帝已经喝","0","2","2"
"帝已经喝醉","0","2","2"
"太后十分惊","0","2","2"
"皇后的母亲","0","2","2"
"的母亲崔氏","0","2","2"
"恐惧的模样","0","2","2"
"死罪的囚犯","0","2","2"
"亲自用箭射","0","2","2"
"让他在身边","0","2","2"
"彭城王氵攸","0","2","2"
"的人都十分","0","2","2"
"不魂飞胆丧","0","2","2"
"披散着头发","0","2","2"
"犯有死罪的","0","2","2"
"有死罪的囚","0","2","2"
"一向以严厉","0","2","2"
"改年号为天","0","2","2"
"又有什么可","0","2","2"
"武成帝在位","0","2","2"
"成帝在位时","0","2","2"
"谥号为景烈","0","2","2"
"他生性聪明","0","2","2"
"他是什么原","0","2","2"
"文宣帝经常","0","2","2"
"在宫中举行","0","2","2"
"在座的人无","0","2","2"
"座的人无不","0","2","2"
"但都比不上","0","2","2"
"称皇太后为","0","2","2"
"皇太后为太","0","2","2"
"太后为太皇","0","2","2"
"后为太皇太","0","2","2"
"六十岁以上","0","2","2"
"十一月初二","0","2","2"
"任命右丞相","0","2","2"
"王高湛为太","0","2","2"
"常山王演为","0","2","2"
"王归彦为司","0","2","2"
"而进入宫廷","0","2","2"
"禀告大丞相","0","2","2"
"封为济南王","0","2","2"
"年纪十七岁","0","2","2"
"当继承皇位","0","2","2"
"也参与了这","0","2","2"
"孝昭帝便派","0","2","2"
"昭帝便派归","0","2","2"
"帝便派归彦","0","2","2"
"便派归彦立","0","2","2"
"派归彦立即","0","2","2"
"归彦立即驰","0","2","2"
"彦立即驰赴","0","2","2"
"立即驰赴晋","0","2","2"
"即驰赴晋阳","0","2","2"
"驰赴晋阳杀","0","2","2"
"赴晋阳杀害","0","2","2"
"晋阳杀害了","0","2","2"
"阳杀害了废","0","2","2"
"杀害了废帝","0","2","2"
"帝十分厌恶","0","2","2"
"文宣帝听从","0","2","2"
"宣帝听从了","0","2","2"
"帝听从了可","0","2","2"
"听从了可是","0","2","2"
"从了可是却","0","2","2"
"了可是却又","0","2","2"
"可是却又很","0","2","2"
"是却又很生","0","2","2"
"却又很生气","0","2","2"
"殷朝是兄终","0","2","2"
"朝是兄终弟","0","2","2"
"是兄终弟及","0","2","2"
"正字是一止","0","2","2"
"在我的身后","0","2","2"
"我的身后儿","0","2","2"
"的身后儿子","0","2","2"
"身后儿子不","0","2","2"
"后儿子不得","0","2","2"
"儿子不得帝","0","2","2"
"子不得帝位","0","2","2"
"不得帝位啊","0","2","2"
"得帝位啊邢","0","2","2"
"帝位啊邢邵","0","2","2"
"位啊邢邵听","0","2","2"
"啊邢邵听后","0","2","2"
"邢邵听后大","0","2","2"
"邵听后大惊","0","2","2"
"请求改换名","0","2","2"
"求改换名字","0","2","2"
"是武成皇帝","0","2","2"
"正月十六日","0","2","2"
"武成帝禅位","0","2","2"
"翊王高润为","0","2","2"
"斛律光为大","0","2","2"
"律光为大将","0","2","2"
"光为大将军","0","2","2"
"安王娄睿又","0","2","2"
"娄睿又为太","0","2","2"
"射赵彦深为","0","2","2"
"六月十一日","0","2","2"
"彗星出现在","0","2","2"
"太上皇帝派","0","2","2"
"上皇帝派兼","0","2","2"
"皇帝派兼散","0","2","2"
"帝派兼散骑","0","2","2"
"派兼散骑常","0","2","2"
"帝从晋阳回","0","2","2"
"文宣帝的谥","0","2","2"
"宣帝的谥号","0","2","2"
"交给有关部","0","2","2"
"给有关部门","0","2","2"
"太上皇帝到","0","2","2"
"为威宗景烈","0","2","2"
"帝从晋阳归","0","2","2"
"到陈国问聘","0","2","2"
"陈人前来问","0","2","2"
"平地雪厚二","0","2","2"
"地雪厚二尺","0","2","2"
"七品以上的","0","2","2"
"月初一为朔","0","2","2"
"初一为朔日","0","2","2"
"普遍晋爵二","0","2","2"
"遍晋爵二级","0","2","2"
"上皇帝令兼","0","2","2"
"皇帝令兼散","0","2","2"
"帝令兼散骑","0","2","2"
"帝下诏任命","0","2","2"
"东平王高俨","0","2","2"
"皇帝巡幸晋","0","2","2"
"帝巡幸晋阳","0","2","2"
"十一月初九","0","2","2"
"皇帝下诏以","0","2","2"
"配享于神武","0","2","2"
"享于神武帝","0","2","2"
"春正月十六","0","2","2"
"命尚书右仆","0","2","2"
"射胡长仁为","0","2","2"
"十二月初十","0","2","2"
"尊称太上皇","0","2","2"
"国派使者朝","0","2","2"
"任命中书监","0","2","2"
"王馀昌为使","0","2","2"
"馀昌为使持","0","2","2"
"昌为使持节","0","2","2"
"氵皆为太师","0","2","2"
"徐之才为尚","0","2","2"
"之才为尚书","0","2","2"
"唐邕为尚书","0","2","2"
"孝珩为司徒","0","2","2"
"皇帝的谥号","0","2","2"
"从晋州道出","0","2","2"
"晋州道出发","0","2","2"
"翊王润为太","0","2","2"
"内死罪以下","0","2","2"
"王孝珩为录","0","2","2"
"孝珩为录尚","0","2","2"
"珩为录尚书","0","2","2"
"仆射唐邕为","0","2","2"
"平王仁坚为","0","2","2"
"十二月初四","0","2","2"
"为建德元年","0","2","2"
"阿那肱为录","0","2","2"
"那肱为录尚","0","2","2"
"肱为录尚书","0","2","2"
"周人前来问","0","2","2"
"了他的尸体","0","2","2"
"他的妻子李","0","2","2"
"皇帝听说以","0","2","2"
"夏四月十六","0","2","2"
"四月十六日","0","2","2"
"赵彦深为司","0","2","2"
"帝对朝臣们","0","2","2"
"要去北朔州","0","2","2"
"留下安德王","0","2","2"
"皇帝告诉他","0","2","2"
"延宗为相国","0","2","2"
"众人的意见","0","2","2"
"为德昌元年","0","2","2"
"被周军俘虏","0","2","2"
"他虽是这样","0","2","2"
"虽是这样说","0","2","2"
"但却不拿出","0","2","2"
"却不拿出东","0","2","2"
"不拿出东西","0","2","2"
"拿出东西来","0","2","2"
"赏赐给将士","0","2","2"
"赐给将士们","0","2","2"
"皇帝听后很","0","2","2"
"斛律孝卿在","0","2","2"
"会望气的人","0","2","2"
"望气的人说","0","2","2"
"年纪只有八","0","2","2"
"纪只有八岁","0","2","2"
"帝为太上皇","0","2","2"
"带一百多骑","0","2","2"
"让侍中斛律","0","2","2"
"派高阿那肱","0","2","2"
"派人告诉太","0","2","2"
"在很远的地","0","2","2"
"很远的地方","0","2","2"
"后来果然都","0","2","2"
"的有百人以","0","2","2"
"有百人以上","0","2","2"
"韩长鸾等人","0","2","2"
"被封为王爵","0","2","2"
"封为王爵的","0","2","2"
"有三十多人","0","2","2"
"被封为郡君","0","2","2"
"大张旗鼓地","0","2","2"
"自己穿着破","0","2","2"
"只有这件事","0","2","2"
"见识的人认","0","2","2"
"识的人认为","0","2","2"
"灭亡的征兆","0","2","2"
"觉得十分惊","0","2","2"
"拜为驸马都","0","2","2"
"六韩拔陵叛","0","2","2"
"没有到天上","0","2","2"
"面色有紫光","0","2","2"
"人们望见后","0","2","2"
"们望见后都","0","2","2"
"望见后都十","0","2","2"
"见后都十分","0","2","2"
"后都十分敬","0","2","2"
"都十分敬畏","0","2","2"
"十分敬畏他","0","2","2"
"他跟随父亲","0","2","2"
"任他为将军","0","2","2"
"了万俟丑奴","0","2","2"
"百姓都十分","0","2","2"
"姓都十分高","0","2","2"
"都十分高兴","0","2","2"
"的弟弟尔朱","0","2","2"
"弟弟尔朱显","0","2","2"
"弟尔朱显寿","0","2","2"
"贺拔岳听后","0","2","2"
"陈悦的军中","0","2","2"
"文泰带领轻","0","2","2"
"泰带领轻骑","0","2","2"
"骑兵作为先","0","2","2"
"宇文泰被封","0","2","2"
"文泰被封为","0","2","2"
"被封为左丞","0","2","2"
"帝除掉尔朱","0","2","2"
"统率精锐骑","0","2","2"
"听从了他们","0","2","2"
"从了他们的","0","2","2"
"拔岳的军中","0","2","2"
"这个地方时","0","2","2"
"拔岳的部众","0","2","2"
"给侯莫陈悦","0","2","2"
"为什么放了","0","2","2"
"和侯莫陈悦","0","2","2"
"在沙苑失败","0","2","2"
"回侯莫陈悦","0","2","2"
"陈悦的军队","0","2","2"
"侯莫陈悦已","0","2","2"
"是国家的大","0","2","2"
"准备讨伐侯","0","2","2"
"备讨伐侯莫","0","2","2"
"最终一无所","0","2","2"
"终一无所成","0","2","2"
"下诏任宇文","0","2","2"
"诏任宇文泰","0","2","2"
"任宇文泰为","0","2","2"
"宇文泰为大","0","2","2"
"害贺拔岳的","0","2","2"
"交给宇文泰","0","2","2"
"宇文泰进军","0","2","2"
"宇文泰留下","0","2","2"
"哥的儿子宇","0","2","2"
"儿子宇文导","0","2","2"
"派使者前往","0","2","2"
"宇文导追赶","0","2","2"
"大家都非常","0","2","2"
"领步骑兵五","0","2","2"
"魏帝加封宇","0","2","2"
"骑兵一千人","0","2","2"
"以和他对抗","0","2","2"
"宇文泰领着","0","2","2"
"俘虏了士兵","0","2","2"
"为都督中外","0","2","2"
"宇文泰坚决","0","2","2"
"文帝答应了","0","2","2"
"封他为安定","0","2","2"
"那么高欢就","0","2","2"
"么高欢就会","0","2","2"
"定认为我们","0","2","2"
"拔胜追赶并","0","2","2"
"武帝很害怕","0","2","2"
"带领军队前","0","2","2"
"渡过黄河后","0","2","2"
"为寡不敌众","0","2","2"
"命令将士们","0","2","2"
"十多里路远","0","2","2"
"的各州人马","0","2","2"
"打开城门接","0","2","2"
"开城门接纳","0","2","2"
"贺拔胜等人","0","2","2"
"人追赶并抓","0","2","2"
"追赶并抓住","0","2","2"
"并抓住了他","0","2","2"
"将领和官吏","0","2","2"
"击败了他们","0","2","2"
"和敌军对阵","0","2","2"
"虏了他的部","0","2","2"
"关闭城门坚","0","2","2"
"闭城门坚守","0","2","2"
"大军东征时","0","2","2"
"东魏投降的","0","2","2"
"魏投降的士","0","2","2"
"投降的士兵","0","2","2"
"守慕容思庆","0","2","2"
"又屯守华州","0","2","2"
"泰派开府李","0","2","2"
"派开府李弼","0","2","2"
"十二条制度","0","2","2"
"武帝高欢入","0","2","2"
"几天之内没","0","2","2"
"天之内没有","0","2","2"
"被贺拔胜追","0","2","2"
"在白水大阅","0","2","2"
"白水大阅兵","0","2","2"
"泰派开府独","0","2","2"
"派开府独孤","0","2","2"
"府独孤信前","0","2","2"
"独孤信前去","0","2","2"
"孤信前去征","0","2","2"
"信前去征讨","0","2","2"
"独孤信讨平","0","2","2"
"了他的计谋","0","2","2"
"宇文泰的长","0","2","2"
"为宁都郡公","0","2","2"
"宇文泰曾经","0","2","2"
"立孝庄帝有","0","2","2"
"孝庄帝有功","0","2","2"
"封为宁都县","0","2","2"
"宇文泰护卫","0","2","2"
"文泰护卫魏","0","2","2"
"泰护卫魏太","0","2","2"
"护卫魏太子","0","2","2"
"到达京城后","0","2","2"
"派大将军赵","0","2","2"
"兵救援王思","0","2","2"
"救援王思政","0","2","2"
"梁朝司州刺","0","2","2"
"派大都督苻","0","2","2"
"在这里设置","0","2","2"
"能改变他的","0","2","2"
"魏恭帝封宇","0","2","2"
"恭帝封宇文","0","2","2"
"宇文护和大","0","2","2"
"文护和大将","0","2","2"
"护和大将军","0","2","2"
"和大将军杨","0","2","2"
"带领步骑兵","0","2","2"
"为奴婢的有","0","2","2"
"立萧鮞为梁","0","2","2"
"后来大多灭","0","2","2"
"来大多灭绝","0","2","2"
"大多灭绝了","0","2","2"
"魏恭帝加封","0","2","2"
"恭帝加封宇","0","2","2"
"命令中山公","0","2","2"
"令中山公宇","0","2","2"
"命辅助嗣子","0","2","2"
"追尊号为文","0","2","2"
"见到他的人","0","2","2"
"都愿意为他","0","2","2"
"被晋封为太","0","2","2"
"晋封为太尉","0","2","2"
"军来护儿为","0","2","2"
"为右武侯大","0","2","2"
"王治理天下","0","2","2"
"有一艺可取","0","2","2"
"量情给予食","0","2","2"
"品以上的给","0","2","2"
"任命大将军","0","2","2"
"为民部尚书","0","2","2"
"尚书宇文瞖","0","2","2"
"可汗派使者","0","2","2"
"汗派使者请","0","2","2"
"可汗前来朝","0","2","2"
"汗前来朝见","0","2","2"
"都派使者进","0","2","2"
"表请求改变","0","2","2"
"启民可汗和","0","2","2"
"民可汗和他","0","2","2"
"可汗和他部","0","2","2"
"汗和他部落","0","2","2"
"和他部落里","0","2","2"
"一百多万人","0","2","2"
"多万人修筑","0","2","2"
"万人修筑长","0","2","2"
"人修筑长城","0","2","2"
"有十分之五","0","2","2"
"为户部尚书","0","2","2"
"贡地方物品","0","2","2"
"为左屯卫大","0","2","2"
"二十多万人","0","2","2"
"军宇文述在","0","2","2"
"击败吐谷浑","0","2","2"
"国派使者进","0","2","2"
"高望重的老","0","2","2"
"望重的老人","0","2","2"
"所居住的地","0","2","2"
"打败了敌军","0","2","2"
"男女十多万","0","2","2"
"女十多万人","0","2","2"
"鱼龙曼延等","0","2","2"
"龙曼延等百","0","2","2"
"曼延等百戏","0","2","2"
"听他们的意","0","2","2"
"一万七千人","0","2","2"
"安德王雄为","0","2","2"
"前往江都宫","0","2","2"
"以南地区的","0","2","2"
"年纪九十岁","0","2","2"
"任命右候卫","0","2","2"
"皇帝前往辽","0","2","2"
"帝前往辽东","0","2","2"
"能打败他们","0","2","2"
"聚集几万人","0","2","2"
"聚合一万多","0","2","2"
"合一万多人","0","2","2"
"裴弘策领兵","0","2","2"
"派左翊卫大","0","2","2"
"屈突通等飞","0","2","2"
"突通等飞传","0","2","2"
"通等飞传命","0","2","2"
"等飞传命令","0","2","2"
"飞传命令发","0","2","2"
"传命令发兵","0","2","2"
"以征讨杨玄","0","2","2"
"秋七月初七","0","2","2"
"赋税和徭役","0","2","2"
"领兵几万人","0","2","2"
"带领几千人","0","2","2"
"炀帝派将军","0","2","2"
"各有部众十","0","2","2"
"部众十万人","0","2","2"
"帝到达怀远","0","2","2"
"到达怀远镇","0","2","2"
"司马长安攻","0","2","2"
"马长安攻下","0","2","2"
"自称为天子","0","2","2"
"军潘长文前","0","2","2"
"聚众几万人","0","2","2"
"了他的部众","0","2","2"
"男女几千人","0","2","2"
"领一万多人","0","2","2"
"众十多万人","0","2","2"
"带领几十万","0","2","2"
"才停止行动","0","2","2"
"一万多人当","0","2","2"
"万多人当强","0","2","2"
"多人当强盗","0","2","2"
"领部众渡过","0","2","2"
"部众渡过淮","0","2","2"
"众渡过淮河","0","2","2"
"有大流星如","0","2","2"
"领几十万人","0","2","2"
"有两只大鸟","0","2","2"
"反而被打败","0","2","2"
"皇帝前往江","0","2","2"
"帝前往江都","0","2","2"
"称为长乐王","0","2","2"
"自称为大丞","0","2","2"
"称为大丞相","0","2","2"
"人都感到惊","0","2","2"
"文献皇后的","0","2","2"
"是隋文帝的","0","2","2"
"上下相互欺","0","2","2"
"下相互欺骗","0","2","2"
"南行一百多","0","2","2"
"行一百多里","0","2","2"
"偷偷地告诉","0","2","2"
"到了贺兰部","0","2","2"
"要杀害我的","0","2","2"
"秦王觚出使","0","2","2"
"便把她附葬","0","2","2"
"把她附葬于","0","2","2"
"她附葬于盛","0","2","2"
"附葬于盛乐","0","2","2"
"葬于盛乐的","0","2","2"
"于盛乐的金","0","2","2"
"盛乐的金陵","0","2","2"
"因犯法而被","0","2","2"
"抚养和教育","0","2","2"
"皇帝生前所","0","2","2"
"了很久才苏","0","2","2"
"很久才苏醒","0","2","2"
"久才苏醒过","0","2","2"
"太皇太后去","0","2","2"
"太皇太后的","0","2","2"
"没有文采的","0","2","2"
"有文采的缦","0","2","2"
"文采的缦缯","0","2","2"
"采的缦缯而","0","2","2"
"的缦缯而已","0","2","2"
"临朝听政以","0","2","2"
"朝听政以后","0","2","2"
"太皇太后很","0","2","2"
"赏赐的东西","0","2","2"
"一样对待他","0","2","2"
"设宴招待群","0","2","2"
"宴招待群臣","0","2","2"
"让群臣各自","0","2","2"
"高望重的人","0","2","2"
"到太皇太后","0","2","2"
"太皇太后死","0","2","2"
"不知道自己","0","2","2"
"当迁都洛阳","0","2","2"
"迁都洛阳以","0","2","2"
"都洛阳以后","0","2","2"
"太师冯熙的","0","2","2"
"的两个女儿","0","2","2"
"只有十四岁","0","2","2"
"得到孝文帝","0","2","2"
"宋王刘昶的","0","2","2"
"同母所生的","0","2","2"
"感到忧虑和","0","2","2"
"到忧虑和恐","0","2","2"
"的母亲常氏","0","2","2"
"孝文帝回到","0","2","2"
"文帝回到洛","0","2","2"
"帝回到洛阳","0","2","2"
"文明太后的","0","2","2"
"孝文帝便赐","0","2","2"
"文帝病重时","0","2","2"
"原来的规定","0","2","2"
"在别的宫中","0","2","2"
"询问侍中崔","0","2","2"
"听了十分高","0","2","2"
"大司马门出","0","2","2"
"让王公以下","0","2","2"
"上表请求皇","0","2","2"
"胡太后幽禁","0","2","2"
"太后幽禁在","0","2","2"
"后幽禁在北","0","2","2"
"幽禁在北宫","0","2","2"
"自从刘腾死","0","2","2"
"从刘腾死后","0","2","2"
"处发生叛乱","0","2","2"
"陛下是天下","0","2","2"
"他们也都是","0","2","2"
"帝突然死去","0","2","2"
"潘嫔的女儿","0","2","2"
"应当另外选","0","2","2"
"当另外选择","0","2","2"
"都十分吃惊","0","2","2"
"太后的妹妹","0","2","2"
"后的礼节把","0","2","2"
"的礼节把她","0","2","2"
"皇后的缘故","0","2","2"
"又有什么面","0","2","2"
"统一天下的","0","2","2"
"天下的志向","0","2","2"
"了又有什么","0","2","2"
"我们又有什","0","2","2"
"们又有什么","0","2","2"
"文宣帝准备","0","2","2"
"坚决不同意","0","2","2"
"尊封为皇太","0","2","2"
"封为皇太后","0","2","2"
"疏远和忌恨","0","2","2"
"帝时梦见龙","0","2","2"
"时梦见龙在","0","2","2"
"性格严肃刚","0","2","2"
"生了一个女","0","2","2"
"尔朱荣的女","0","2","2"
"朱荣的女儿","0","2","2"
"武帝高兴地","0","2","2"
"被封为太妃","0","2","2"
"武明皇后也","0","2","2"
"明皇后也被","0","2","2"
"皇后也被断","0","2","2"
"后也被断绝","0","2","2"
"也被断绝往","0","2","2"
"被断绝往来","0","2","2"
"司马子如说","0","2","2"
"子继承您的","0","2","2"
"封为太原公","0","2","2"
"立李氏为皇","0","2","2"
"后十分恐慌","0","2","2"
"皇后的衣服","0","2","2"
"武成帝死后","0","2","2"
"因罪而被杀","0","2","2"
"斛律光的女","0","2","2"
"律光的女儿","0","2","2"
"国家的重要","0","2","2"
"册立为皇后","0","2","2"
"皇帝下诏书","0","2","2"
"册立穆皇后","0","2","2"
"立穆皇后以","0","2","2"
"穆皇后以后","0","2","2"
"作为使者前","0","2","2"
"为使者前去","0","2","2"
"帝下诏让他","0","2","2"
"冯淑妃一起","0","2","2"
"帝把冯淑妃","0","2","2"
"把冯淑妃赐","0","2","2"
"冯淑妃赐给","0","2","2"
"的哥哥李询","0","2","2"
"为皇太子妃","0","2","2"
"入宫向皇帝","0","2","2"
"入宫侍候皇","0","2","2"
"宫侍候皇帝","0","2","2"
"对自己不利","0","2","2"
"北周大司马","0","2","2"
"周宣帝的皇","0","2","2"
"有关方面官","0","2","2"
"关方面官员","0","2","2"
"这是古代的","0","2","2"
"照法律应判","0","2","2"
"怎么能够不","0","2","2"
"皇后的侄女","0","2","2"
"我身为天子","0","2","2"
"对他很是亲","0","2","2"
"他很是亲近","0","2","2"
"很是亲近和","0","2","2"
"他心中怀恨","0","2","2"
"就不会这样","0","2","2"
"帝还是藩王","0","2","2"
"还是藩王时","0","2","2"
"当文献皇后","0","2","2"
"文献皇后去","0","2","2"
"献皇后去世","0","2","2"
"下诏封她为","0","2","2"
"皇太子一起","0","2","2"
"宣华夫人和","0","2","2"
"另外的房间","0","2","2"
"都互相看着","0","2","2"
"文帝很喜欢","0","2","2"
"认为这样不","0","2","2"
"便写了一篇","0","2","2"
"来寄托自己","0","2","2"
"托自己的感","0","2","2"
"有离叛之心","0","2","2"
"向皇帝上奏","0","2","2"
"的兵士们都","0","2","2"
"元鸷跟尔朱","0","2","2"
"杀了尔朱荣","0","2","2"
"又跟着尔朱","0","2","2"
"尔朱荣的侄","0","2","2"
"朱荣的侄子","0","2","2"
"在宫中值班","0","2","2"
"都大惊失色","0","2","2"
"封他的爵位","0","2","2"
"按照规定降","0","2","2"
"赐封为艾陵","0","2","2"
"封为艾陵伯","0","2","2"
"任北中郎将","0","2","2"
"邢杲之乱时","0","2","2"
"人人难以自","0","2","2"
"人难以自保","0","2","2"
"始终难以改","0","2","2"
"终难以改变","0","2","2"
"派右卫将军","0","2","2"
"你怎么这样","0","2","2"
"为尔朱荣的","0","2","2"
"前往洛阳时","0","2","2"
"庄帝继位后","0","2","2"
"封为上党王","0","2","2"
"世袭并州刺","0","2","2"
"袭并州刺史","0","2","2"
"河间人邢杲","0","2","2"
"被打败以后","0","2","2"
"州人称他们","0","2","2"
"从了他的意","0","2","2"
"庄帝回宫后","0","2","2"
"封他为太宰","0","2","2"
"给羽葆鼓吹","0","2","2"
"他是尔朱荣","0","2","2"
"乘坐的车马","0","2","2"
"和待遇都很","0","2","2"
"待遇都很高","0","2","2"
"到这种程度","0","2","2"
"和尔朱荣一","0","2","2"
"跟随皇帝前","0","2","2"
"随皇帝前往","0","2","2"
"乘坐人抬的","0","2","2"
"皇帝和太后","0","2","2"
"丕上疏致谢","0","2","2"
"当皇帝南征","0","2","2"
"推辞责任呢","0","2","2"
"未来的事情","0","2","2"
"他多次上表","0","2","2"
"丕留守京城","0","2","2"
"的前妻生的","0","2","2"
"前妻生的儿","0","2","2"
"妻生的儿子","0","2","2"
"等人密谋将","0","2","2"
"想法告诉了","0","2","2"
"谋逆的罪名","0","2","2"
"孝文帝常常","0","2","2"
"文帝去世时","0","2","2"
"不久又下诏","0","2","2"
"久又下诏让","0","2","2"
"武帝征讨赫","0","2","2"
"帝征讨赫连","0","2","2"
"征讨赫连昌","0","2","2"
"讨赫连昌时","0","2","2"
"因功又被任","0","2","2"
"功又被任命","0","2","2"
"被免去官爵","0","2","2"
"将裴方明攻","0","2","2"
"大声喊叫说","0","2","2"
"文德当主帅","0","2","2"
"因功被任命","0","2","2"
"为内都大官","0","2","2"
"降低身份和","0","2","2"
"可以分道而","0","2","2"
"以分道而行","0","2","2"
"中尉王显上","0","2","2"
"尉王显上奏","0","2","2"
"王显上奏说","0","2","2"
"女子当奴婢","0","2","2"
"被任命为雍","0","2","2"
"皇帝下诏封","0","2","2"
"本性聪明机","0","2","2"
"送给赫连屈","0","2","2"
"给赫连屈丐","0","2","2"
"元绍叛乱时","0","2","2"
"为自己的心","0","2","2"
"被赐爵为长","0","2","2"
"出任定州刺","0","2","2"
"帝有九个儿","0","2","2"
"有九个儿子","0","2","2"
"犯南部边境","0","2","2"
"便抓了萛君","0","2","2"
"抓了萛君和","0","2","2"
"了萛君和斤","0","2","2"
"将他们在长","0","2","2"
"他们在长安","0","2","2"
"们在长安处","0","2","2"
"在长安处以","0","2","2"
"长安处以车","0","2","2"
"安处以车裂","0","2","2"
"处以车裂的","0","2","2"
"车裂的刑罚","0","2","2"
"到贺兰部时","0","2","2"
"跟从道武帝","0","2","2"
"他回答得很","0","2","2"
"便开玩笑地","0","2","2"
"不是我所能","0","2","2"
"并州平定以","0","2","2"
"州平定以后","0","2","2"
"的妻子周氏","0","2","2"
"中山平定后","0","2","2"
"人们都感到","0","2","2"
"并赏赐给他","0","2","2"
"有名气的人","0","2","2"
"宽恕了他们","0","2","2"
"多次发生变","0","2","2"
"十五个儿子","0","2","2"
"敌人果然起","0","2","2"
"人果然起了","0","2","2"
"果然起了疑","0","2","2"
"然起了疑心","0","2","2"
"起了疑心而","0","2","2"
"了疑心而退","0","2","2"
"疑心而退避","0","2","2"
"的二十多人","0","2","2"
"便坐在那里","0","2","2"
"立即将他们","0","2","2"
"前来归附的","0","2","2"
"朝廷召他任","0","2","2"
"嫉妒他的才","0","2","2"
"妒他的才能","0","2","2"
"说他的坏话","0","2","2"
"文字大多没","0","2","2"
"字大多没有","0","2","2"
"御史中尉弹","0","2","2"
"史中尉弹劾","0","2","2"
"从小深沉机","0","2","2"
"小深沉机敏","0","2","2"
"晋升为侍中","0","2","2"
"皇帝的宠信","0","2","2"
"的机密大事","0","2","2"
"召回任尚书","0","2","2"
"回任尚书左","0","2","2"
"吏部选用官","0","2","2"
"部选用官员","0","2","2"
"选用官员的","0","2","2"
"用官员的事","0","2","2"
"官员的事情","0","2","2"
"和任城王澄","0","2","2"
"一百二十人","0","2","2"
"孝文帝告诫","0","2","2"
"所以授职给","0","2","2"
"以授职给赞","0","2","2"
"希望有助于","0","2","2"
"望有助于弘","0","2","2"
"有助于弘扬","0","2","2"
"助于弘扬教","0","2","2"
"于弘扬教化","0","2","2"
"能拉开三百","0","2","2"
"拉开三百斤","0","2","2"
"是什么样子","0","2","2"
"神武帝因为","0","2","2"
"文帝因为他","0","2","2"
"帝因为他是","0","2","2"
"因为他是功","0","2","2"
"为他是功臣","0","2","2"
"他是功臣的","0","2","2"
"是功臣的儿","0","2","2"
"功臣的儿子","0","2","2"
"对他很敬重","0","2","2"
"例降为公爵","0","2","2"
"文帝受禅时","0","2","2"
"召回任太常","0","2","2"
"回任太常卿","0","2","2"
"皇帝派使者","0","2","2"
"使者送医送","0","2","2"
"者送医送药","0","2","2"
"容貌魁梧雄","0","2","2"
"朱提王拓跋","0","2","2"
"提王拓跋悦","0","2","2"
"对他格外亲","0","2","2"
"后来又被任","0","2","2"
"来又被任命","0","2","2"
"不道的事情","0","2","2"
"等三十多人","0","2","2"
"担任并州刺","0","2","2"
"征讨蠕蠕时","0","2","2"
"儿子们一起","0","2","2"
"子们一起游","0","2","2"
"们一起游玩","0","2","2"
"被任命为仪","0","2","2"
"任命为仪同","0","2","2"
"他的儿子名","0","2","2"
"武帝赦免了","0","2","2"
"以安定人心","0","2","2"
"武帝赞赏他","0","2","2"
"任司隶校尉","0","2","2"
"的人无不十","0","2","2"
"人无不十分","0","2","2"
"武帝非常恼","0","2","2"
"帝去世以后","0","2","2"
"报告道武帝","0","2","2"
"谋告诉了他","0","2","2"
"容垂那里求","0","2","2"
"才稍微安定","0","2","2"
"作为游戏取","0","2","2"
"为游戏取乐","0","2","2"
"朝野人心惶","0","2","2"
"野人心惶惶","0","2","2"
"肥如侯贺护","0","2","2"
"不久又改封","0","2","2"
"乙氏公主的","0","2","2"
"孝文帝下令","0","2","2"
"他们的心意","0","2","2"
"的话没有不","0","2","2"
"话没有不听","0","2","2"
"鉴上表请求","0","2","2"
"皇帝赐名为","0","2","2"
"们都害怕他","0","2","2"
"孝文帝特别","0","2","2"
"文帝特别对","0","2","2"
"帝特别对他","0","2","2"
"向朝廷奏事","0","2","2"
"穿丧服参加","0","2","2"
"别人家的女","0","2","2"
"人家的女子","0","2","2"
"因而被御史","0","2","2"
"而被御史弹","0","2","2"
"了灵太后的","0","2","2"
"过去的办法","0","2","2"
"又请求恢复","0","2","2"
"儿子们也都","0","2","2"
"赠给假黄钺","0","2","2"
"查没有实据","0","2","2"
"成为自己的","0","2","2"
"坐在显阳殿","0","2","2"
"向皇帝报告","0","2","2"
"在宫中值日","0","2","2"
"在千秋门外","0","2","2"
"在其他地方","0","2","2"
"元法僧以徐","0","2","2"
"法僧以徐州","0","2","2"
"灵太后多次","0","2","2"
"听说以后十","0","2","2"
"说以后十分","0","2","2"
"担心被罢免","0","2","2"
"皇帝的宠爱","0","2","2"
"咸阳王禧因","0","2","2"
"他的弟弟元","0","2","2"
"如果不是遇","0","2","2"
"果不是遇到","0","2","2"
"后来灵太后","0","2","2"
"元叉和他弟","0","2","2"
"叉和他弟弟","0","2","2"
"和他弟弟元","0","2","2"
"他弟弟元爪","0","2","2"
"灵太后因为","0","2","2"
"妹妹的缘故","0","2","2"
"任命为内史","0","2","2"
"到馆舍去接","0","2","2"
"初来归附的","0","2","2"
"太武帝大怒","0","2","2"
"占卜的董道","0","2","2"
"卜的董道秀","0","2","2"
"明元帝末年","0","2","2"
"以保全自己","0","2","2"
"就是这个人","0","2","2"
"他便上表请","0","2","2"
"向朝廷进言","0","2","2"
"御史中尉的","0","2","2"
"任东道行台","0","2","2"
"便投奔梁朝","0","2","2"
"梁武帝派他","0","2","2"
"武帝派他的","0","2","2"
"为由请求回","0","2","2"
"爱惜他是个","0","2","2"
"难以违背他","0","2","2"
"以违背他的","0","2","2"
"没有人敢劝","0","2","2"
"皇帝又不肯","0","2","2"
"尔朱兆带兵","0","2","2"
"从东掖门出","0","2","2"
"被敌人抓获","0","2","2"
"他博览群书","0","2","2"
"识的人所讥","0","2","2"
"的人所讥笑","0","2","2"
"没有生儿子","0","2","2"
"从小就有美","0","2","2"
"至尚书右丞","0","2","2"
"任为尚书左","0","2","2"
"便上表朝廷","0","2","2"
"上表朝廷请","0","2","2"
"表朝廷请求","0","2","2"
"如果不这样","0","2","2"
"果不这样做","0","2","2"
"朝廷不肯听","0","2","2"
"廷不肯听从","0","2","2"
"把他安置在","0","2","2"
"有关部门将","0","2","2"
"到冀州以后","0","2","2"
"仍被任命为","0","2","2"
"到洛阳以后","0","2","2"
"被讨平之后","0","2","2"
"在太和年间","0","2","2"
"当时蠕蠕国","0","2","2"
"皇帝亲临吊","0","2","2"
"武帝将要进","0","2","2"
"为中军大都","0","2","2"
"元仲景一百","0","2","2"
"有很好的名","0","2","2"
"很好的名声","0","2","2"
"为南兖州刺","0","2","2"
"他自称为大","0","2","2"
"自称为大乘","0","2","2"
"个人就可以","0","2","2"
"人就可以当","0","2","2"
"萧宝夤派遣","0","2","2"
"皇室宗族的","0","2","2"
"济阴王元郁","0","2","2"
"他为人刚毅","0","2","2"
"为人刚毅正","0","2","2"
"人刚毅正直","0","2","2"
"亲近和宠信","0","2","2"
"的哥哥的儿","0","2","2"
"的儿子元诞","0","2","2"
"恢复了王爵","0","2","2"
"曾经梦见有","0","2","2"
"经梦见有人","0","2","2"
"和声望都很","0","2","2"
"为什么不打","0","2","2"
"任太中大夫","0","2","2"
"到这里以后","0","2","2"
"正好遇到大","0","2","2"
"好遇到大赦","0","2","2"
"至齐州刺史","0","2","2"
"皇帝下诏不","0","2","2"
"等人的情况","0","2","2"
"大声喊叫起","0","2","2"
"声喊叫起来","0","2","2"
"任命元修义","0","2","2"
"他虽然到了","0","2","2"
"虽然到了长","0","2","2"
"然到了长安","0","2","2"
"却没有干出","0","2","2"
"没有干出什","0","2","2"
"有干出什么","0","2","2"
"干出什么好","0","2","2"
"出什么好事","0","2","2"
"任右侍上士","0","2","2"
"至御史大夫","0","2","2"
"因事而被免","0","2","2"
"在当时很有","0","2","2"
"当时很有声","0","2","2"
"时很有声誉","0","2","2"
"文都和段达","0","2","2"
"为原州总管","0","2","2"
"这是臣下的","0","2","2"
"是臣下的罪","0","2","2"
"臣下的罪责","0","2","2"
"下的罪责之","0","2","2"
"被任命为齐","0","2","2"
"为齐郡太守","0","2","2"
"皇帝的行宫","0","2","2"
"人打了他一","0","2","2"
"在自己家里","0","2","2"
"二年所封的","0","2","2"
"文帝很器重","0","2","2"
"向皇帝进谏","0","2","2"
"宣武帝亲理","0","2","2"
"亲理朝政后","0","2","2"
"为肆州刺史","0","2","2"
"元匡上奏说","0","2","2"
"元匡被任命","0","2","2"
"匡被任命为","0","2","2"
"诬告和毁坏","0","2","2"
"判处元匡死","0","2","2"
"处元匡死刑","0","2","2"
"安慰和勉励","0","2","2"
"国家的重大","0","2","2"
"请求允许他","0","2","2"
"怎么能说是","0","2","2"
"加封他为安","0","2","2"
"为安南将军","0","2","2"
"于是下诏说","0","2","2"
"是自古以来","0","2","2"
"所制定的尺","0","2","2"
"制定的尺度","0","2","2"
"廷下诏让交","0","2","2"
"下诏让交付","0","2","2"
"诏让交付门","0","2","2"
"让交付门下","0","2","2"
"九卿议定上","0","2","2"
"卿议定上奏","0","2","2"
"兼尚书行台","0","2","2"
"第四个儿子","0","2","2"
"四个儿子元","0","2","2"
"为征北大将","0","2","2"
"任命他为征","0","2","2"
"这个孩子的","0","2","2"
"表彰他的功","0","2","2"
"征召他入朝","0","2","2"
"陛下为天下","0","2","2"
"为抚军大将","0","2","2"
"皇帝诏令元","0","2","2"
"元澄跟从皇","0","2","2"
"澄跟从皇帝","0","2","2"
"皇帝到达邺","0","2","2"
"被任命为吏","0","2","2"
"动则以万计","0","2","2"
"车驾回到洛","0","2","2"
"驾回到洛阳","0","2","2"
"皇帝对他说","0","2","2"
"你所说的那","0","2","2"
"南齐的雍州","0","2","2"
"史曹武请求","0","2","2"
"和咸阳王禧","0","2","2"
"意见不一致","0","2","2"
"从皇帝南征","0","2","2"
"帝在清徽堂","0","2","2"
"在清徽堂引","0","2","2"
"清徽堂引见","0","2","2"
"叫这个名字","0","2","2"
"唐尧这样的","0","2","2"
"尧这样的明","0","2","2"
"这样的明君","0","2","2"
"让黄门侍郎","0","2","2"
"又兼任吏部","0","2","2"
"恒州刺史穆","0","2","2"
"分高兴地说","0","2","2"
"皇帝对左右","0","2","2"
"任命元澄为","0","2","2"
"为什么没有","0","2","2"
"处理日常事","0","2","2"
"改任元澄为","0","2","2"
"元澄为尚书","0","2","2"
"相信了他的","0","2","2"
"信了他的话","0","2","2"
"皇帝下诏同","0","2","2"
"帝下诏同意","0","2","2"
"为东扬州刺","0","2","2"
"皇帝不答应","0","2","2"
"的皇亲国戚","0","2","2"
"以表示自己","0","2","2"
"发生得十分","0","2","2"
"又上奏有关","0","2","2"
"向他们征收","0","2","2"
"就难以维持","0","2","2"
"这样就能够","0","2","2"
"朝廷不答应","0","2","2"
"大多不称职","0","2","2"
"他在州中任","0","2","2"
"州中任职时","0","2","2"
"却没有一点","0","2","2"
"功勋登记簿","0","2","2"
"考核官吏的","0","2","2"
"窃取官职的","0","2","2"
"取官职的人","0","2","2"
"许了他的请","0","2","2"
"女侍中的官","0","2","2"
"侍中的官职","0","2","2"
"给予特殊的","0","2","2"
"的第四位儿","0","2","2"
"第四位儿子","0","2","2"
"承袭了他的","0","2","2"
"有他父亲的","0","2","2"
"有什么不可","0","2","2"
"什么不可以","0","2","2"
"知道以后大","0","2","2"
"道以后大怒","0","2","2"
"后被任命为","0","2","2"
"任命为太常","0","2","2"
"命为太常少","0","2","2"
"世人都认为","0","2","2"
"都认为是他","0","2","2"
"以报效国家","0","2","2"
"难道是朝廷","0","2","2"
"他出任恒州","0","2","2"
"出任恒州刺","0","2","2"
"国家的祸患","0","2","2"
"担任给事黄","0","2","2"
"中山王元熙","0","2","2"
"元顺在西游","0","2","2"
"顺在西游园","0","2","2"
"在灵太后的","0","2","2"
"陛下怎么能","0","2","2"
"下怎么能因","0","2","2"
"么能因为一","0","2","2"
"朝廷派尚书","0","2","2"
"徐纥一起在","0","2","2"
"太后的面前","0","2","2"
"派出去担任","0","2","2"
"任护军将军","0","2","2"
"在旁边侍奉","0","2","2"
"于是振衣而","0","2","2"
"是振衣而起","0","2","2"
"食邑二千户","0","2","2"
"很久说不出","0","2","2"
"久说不出话","0","2","2"
"说不出话来","0","2","2"
"天子的叔叔","0","2","2"
"的命令扔到","0","2","2"
"命令扔到地","0","2","2"
"令扔到地上","0","2","2"
"是国君的象","0","2","2"
"国君的象征","0","2","2"
"也是必然的","0","2","2"
"后来任司徒","0","2","2"
"被他的奴仆","0","2","2"
"赠为尚书右","0","2","2"
"武帝即位时","0","2","2"
"是皇兴二年","0","2","2"
"皇兴二年所","0","2","2"
"并告诫他说","0","2","2"
"是宗室至亲","0","2","2"
"帝因为他曾","0","2","2"
"于朝廷内外","0","2","2"
"特地宽恕了","0","2","2"
"地宽恕了他","0","2","2"
"任镇北大将","0","2","2"
"可以让他们","0","2","2"
"下诏让元英","0","2","2"
"诏让元英带","0","2","2"
"让元英带领","0","2","2"
"三关的守军","0","2","2"
"一直追赶到","0","2","2"
"朝廷下诏交","0","2","2"
"廷下诏交付","0","2","2"
"多次打败了","0","2","2"
"了他的计策","0","2","2"
"听说过他的","0","2","2"
"他的子弟也","0","2","2"
"自恨没有能","0","2","2"
"有人告诉他","0","2","2"
"任城王的府","0","2","2"
"城王的府第","0","2","2"
"自己的亲属","0","2","2"
"任西河太守","0","2","2"
"来归附的人","0","2","2"
"帝嘉奖了他","0","2","2"
"选拔官员的","0","2","2"
"去官职和封","0","2","2"
"帝明白他的","0","2","2"
"明白他的心","0","2","2"
"白他的心意","0","2","2"
"他辞去官职","0","2","2"
"帝舅舅的女","0","2","2"
"舅舅的女儿","0","2","2"
"他从小聪明","0","2","2"
"从小聪明机","0","2","2"
"小聪明机敏","0","2","2"
"任外都大官","0","2","2"
"他们怎么能","0","2","2"
"太和十八年","0","2","2"
"都难以和他","0","2","2"
"配祭于太庙","0","2","2"
"朝廷召回担","0","2","2"
"廷召回担任","0","2","2"
"封为上大将","0","2","2"
"郡王的儿子","0","2","2"
"孝文帝很喜","0","2","2"
"帝很喜欢他","0","2","2"
"向朝廷表达","0","2","2"
"才被任命为","0","2","2"
"廷任命元琛","0","2","2"
"任命元琛为","0","2","2"
"命元琛为行","0","2","2"
"元琛为行台","0","2","2"
"仍充任都督","0","2","2"
"依然掌管秦","0","2","2"
"然掌管秦州","0","2","2"
"掌管秦州事","0","2","2"
"管秦州事务","0","2","2"
"久又恢复了","0","2","2"
"为太中大夫","0","2","2"
"不经营产业","0","2","2"
"他和中山王","0","2","2"
"风流倜傥的","0","2","2"
"的声誉方面","0","2","2"
"派豫章王萧","0","2","2"
"都安居乐业","0","2","2"
"延明的孙子","0","2","2"
"任他为使持","0","2","2"
"这件事受到","0","2","2"
"李冲的女儿","0","2","2"
"荥阳郑懿的","0","2","2"
"阳郑懿的女","0","2","2"
"是年长的弟","0","2","2"
"年长的弟弟","0","2","2"
"禧对此表示","0","2","2"
"对此表示赞","0","2","2"
"此表示赞同","0","2","2"
"咸阳王禧说","0","2","2"
"对司空穆亮","0","2","2"
"仆射李冲说","0","2","2"
"礼遇特别优","0","2","2"
"妻子的哥哥","0","2","2"
"穿着红衣服","0","2","2"
"一起投奔梁","0","2","2"
"武帝很器重","0","2","2"
"两州的刺史","0","2","2"
"封为魏郡王","0","2","2"
"贺拔岳杀死","0","2","2"
"一起到邺城","0","2","2"
"为太子舍人","0","2","2"
"元坦的哥哥","0","2","2"
"坦的哥哥元","0","2","2"
"接受了他们","0","2","2"
"受了他们的","0","2","2"
"又起用他为","0","2","2"
"被任命为都","0","2","2"
"皇帝的住所","0","2","2"
"以王爵回家","0","2","2"
"元谧和他的","0","2","2"
"任大司农卿","0","2","2"
"是灵太后的","0","2","2"
"皇帝的仪仗","0","2","2"
"便将这件事","0","2","2"
"说不能这样","0","2","2"
"尔朱荣大怒","0","2","2"
"关你什么事","0","2","2"
"你就是今天","0","2","2"
"就是今天把","0","2","2"
"是今天把我","0","2","2"
"今天把我打","0","2","2"
"天把我打碎","0","2","2"
"把我打碎头","0","2","2"
"我打碎头颅","0","2","2"
"打碎头颅流","0","2","2"
"碎头颅流下","0","2","2"
"头颅流下肠","0","2","2"
"颅流下肠子","0","2","2"
"我也不害怕","0","2","2"
"帝和尔朱荣","0","2","2"
"我仔细考虑","0","2","2"
"仔细考虑了","0","2","2"
"但因为他的","0","2","2"
"州刺史的任","0","2","2"
"刺史的任上","0","2","2"
"任命元羽为","0","2","2"
"孝文帝准备","0","2","2"
"帝和几位弟","0","2","2"
"和几位弟弟","0","2","2"
"希望他能够","0","2","2"
"表请求辞去","0","2","2"
"皇帝不允许","0","2","2"
"孝文帝亲临","0","2","2"
"又对守尚书","0","2","2"
"如果没有成","0","2","2"
"实在不称职","0","2","2"
"是想让你们","0","2","2"
"是广陵王的","0","2","2"
"宣武帝亲临","0","2","2"
"我是天子的","0","2","2"
"改任冀州刺","0","2","2"
"配给亲信二","0","2","2"
"给亲信二十","0","2","2"
"任命元雍为","0","2","2"
"于忠假传旨","0","2","2"
"忠假传旨意","0","2","2"
"太后又临朝","0","2","2"
"后又临朝听","0","2","2"
"又临朝听政","0","2","2"
"鞭打一百下","0","2","2"
"廷又下诏让","0","2","2"
"处置日常政","0","2","2"
"有人能够比","0","2","2"
"够比得上他","0","2","2"
"当清河王元","0","2","2"
"跟随文宣帝","0","2","2"
"献文帝驾崩","0","2","2"
"又转任中书","0","2","2"
"改了一个字","0","2","2"
"皇帝前往代","0","2","2"
"帝前往代都","0","2","2"
"皇帝大笑起","0","2","2"
"因为喝醉了","0","2","2"
"为喝醉了酒","0","2","2"
"应了他的请","0","2","2"
"我听说国家","0","2","2"
"元勰回答说","0","2","2"
"元勰推辞说","0","2","2"
"家人的身份","0","2","2"
"皇帝身体不","0","2","2"
"理军国大事","0","2","2"
"命元勰为司","0","2","2"
"元勰为司徒","0","2","2"
"陈显达入侵","0","2","2"
"他对元勰说","0","2","2"
"皇帝在行宫","0","2","2"
"帝在行宫去","0","2","2"
"在行宫去世","0","2","2"
"文帝身体不","0","2","2"
"帝身体不好","0","2","2"
"皇帝去世的","0","2","2"
"道德博闻为","0","2","2"
"德博闻为文","0","2","2"
"治理天地为","0","2","2"
"理天地为文","0","2","2"
"可上尊号为","0","2","2"
"上尊号为孝","0","2","2"
"尊号为孝文","0","2","2"
"号为孝文皇","0","2","2"
"为孝文皇帝","0","2","2"
"陵称为长陵","0","2","2"
"孝文帝的遗","0","2","2"
"的豫州刺史","0","2","2"
"寿春前来归","0","2","2"
"春前来归降","0","2","2"
"又任命元勰","0","2","2"
"他为录尚书","0","2","2"
"常在皇帝身","0","2","2"
"皇帝派于忠","0","2","2"
"帝对元勰说","0","2","2"
"朝廷又任命","0","2","2"
"元勰和高阳","0","2","2"
"勰和高阳王","0","2","2"
"和高阳王元","0","2","2"
"坚持认为不","0","2","2"
"向朝廷上奏","0","2","2"
"心里感到很","0","2","2"
"朝廷追赠元","0","2","2"
"将他藏在自","0","2","2"
"他藏在自己","0","2","2"
"藏在自己家","0","2","2"
"神武帝后来","0","2","2"
"城的地牢里","0","2","2"
"讨伐宿勤明","0","2","2"
"伐宿勤明达","0","2","2"
"的亲近的人","0","2","2"
"都受到他的","0","2","2"
"元颢失败后","0","2","2"
"不喜欢读书","0","2","2"
"地向他进谏","0","2","2"
"才安静下来","0","2","2"
"后十分吃惊","0","2","2"
"和咸阳王元","0","2","2"
"打了一百多","0","2","2"
"便是国家的","0","2","2"
"给他衣服和","0","2","2"
"他衣服和食","0","2","2"
"衣服和食物","0","2","2"
"在京城附近","0","2","2"
"喜欢写文章","0","2","2"
"派尚书李平","0","2","2"
"便关闭城门","0","2","2"
"皇帝下诏将","0","2","2"
"帝下诏将他","0","2","2"
"因为是皇帝","0","2","2"
"为是皇帝的","0","2","2"
"是皇帝的舅","0","2","2"
"帝的舅舅而","0","2","2"
"不可以轻易","0","2","2"
"左丘明认为","0","2","2"
"臣子的道理","0","2","2"
"下诏赐给他","0","2","2"
"诏赐给他衣","0","2","2"
"在城西南的","0","2","2"
"有德行又是","0","2","2"
"太后的妹夫","0","2","2"
"元叉的同党","0","2","2"
"人都害怕他","0","2","2"
"平文皇帝的","0","2","2"
"宗室的女儿","0","2","2"
"为南部大人","0","2","2"
"和卫辰分别","0","2","2"
"卫辰分别统","0","2","2"
"辰分别统率","0","2","2"
"赐给刘库仁","0","2","2"
"刺史王永驻","0","2","2"
"史王永驻守","0","2","2"
"王永驻守于","0","2","2"
"永驻守于蓟","0","2","2"
"驻守于蓟城","0","2","2"
"皇后的哥哥","0","2","2"
"功被赐爵为","0","2","2"
"总管机要大","0","2","2"
"管机要大事","0","2","2"
"来侵犯边塞","0","2","2"
"的人说的话","0","2","2"
"被当时人所","0","2","2"
"鄙视和嘲笑","0","2","2"
"任侍御中散","0","2","2"
"任司州中正","0","2","2"
"移居永乐宫","0","2","2"
"你们一起商","0","2","2"
"们一起商议","0","2","2"
"任命他为侍","0","2","2"
"着他对别人","0","2","2"
"晋爵位为王","0","2","2"
"是南部大人","0","2","2"
"一家世代忠","0","2","2"
"在止车门右","0","2","2"
"止车门右侧","0","2","2"
"为天部大人","0","2","2"
"便请求朝廷","0","2","2"
"太武帝攻打","0","2","2"
"武帝攻打赫","0","2","2"
"帝攻打赫连","0","2","2"
"打赫连昌时","0","2","2"
"人都来归顺","0","2","2"
"又领兵进入","0","2","2"
"领兵进入安","0","2","2"
"兵进入安定","0","2","2"
"以此来羞辱","0","2","2"
"此来羞辱他","0","2","2"
"他为安东将","0","2","2"
"帝不肯听从","0","2","2"
"赐给他安车","0","2","2"
"论朝廷的大","0","2","2"
"上下都十分","0","2","2"
"奚斤的爵位","0","2","2"
"孝文帝追记","0","2","2"
"文帝追记前","0","2","2"
"帝追记前朝","0","2","2"
"追记前朝的","0","2","2"
"记前朝的功","0","2","2"
"前朝的功臣","0","2","2"
"参预军国大","0","2","2"
"出使慕容垂","0","2","2"
"追念他过去","0","2","2"
"等聚众叛乱","0","2","2"
"他治军严格","0","2","2"
"享年七十三","0","2","2"
"年七十三岁","0","2","2"
"赐葬于金陵","0","2","2"
"他办事细心","0","2","2"
"办事细心严","0","2","2"
"事细心严密","0","2","2"
"没有出现过","0","2","2"
"有出现过错","0","2","2"
"道武帝去世","0","2","2"
"明元帝在外","0","2","2"
"表面上虽然","0","2","2"
"明元帝身边","0","2","2"
"元帝身边只","0","2","2"
"帝身边只有","0","2","2"
"赐爵为安成","0","2","2"
"帝亲临致哀","0","2","2"
"赐给皇帝所","0","2","2"
"给皇帝所用","0","2","2"
"皇帝所用的","0","2","2"
"帝所用的丧","0","2","2"
"所用的丧物","0","2","2"
"用的丧物棺","0","2","2"
"的丧物棺材","0","2","2"
"丧物棺材等","0","2","2"
"鍂车京车载","0","2","2"
"车京车载着","0","2","2"
"由卫士们当","0","2","2"
"卫士们当先","0","2","2"
"士们当先导","0","2","2"
"跟随皇帝到","0","2","2"
"道武帝听从","0","2","2"
"又晋封爵位","0","2","2"
"兵等待敌人","0","2","2"
"宋将到彦之","0","2","2"
"父亲和哥哥","0","2","2"
"成帝去世后","0","2","2"
"武帝的军队","0","2","2"
"的父辈和兄","0","2","2"
"父辈和兄弟","0","2","2"
"又固执己见","0","2","2"
"他跟随孝武","0","2","2"
"被任命为著","0","2","2"
"命为著作郎","0","2","2"
"后来皇帝的","0","2","2"
"来皇帝的车","0","2","2"
"有水的地方","0","2","2"
"问是什么原","0","2","2"
"年轻时就喜","0","2","2"
"帝早就听说","0","2","2"
"早就听说他","0","2","2"
"就听说他的","0","2","2"
"说他的名声","0","2","2"
"置国家大事","0","2","2"
"成帝驾崩时","0","2","2"
"是防御边患","0","2","2"
"防御边患的","0","2","2"
"为司徒右长","0","2","2"
"他为黄门侍","0","2","2"
"我认为应当","0","2","2"
"安抚新归附","0","2","2"
"抚新归附的","0","2","2"
"新归附的人","0","2","2"
"帝称赞他们","0","2","2"
"请求朝廷宣","0","2","2"
"求朝廷宣布","0","2","2"
"就是人们所","0","2","2"
"是人们所说","0","2","2"
"人们所说的","0","2","2"
"人所信服的","0","2","2"
"有能比得上","0","2","2"
"帝默然不语","0","2","2"
"从小就学习","0","2","2"
"爵位为新安","0","2","2"
"轻而易举地","0","2","2"
"统率的军队","0","2","2"
"任命为侍御","0","2","2"
"命为侍御中","0","2","2"
"为侍御中散","0","2","2"
"帝十分宠爱","0","2","2"
"十分宠爱他","0","2","2"
"有六个儿子","0","2","2"
"孝文帝年幼","0","2","2"
"罪的人很多","0","2","2"
"任命于烈为","0","2","2"
"命于烈为领","0","2","2"
"于烈为领军","0","2","2"
"太和二十三","0","2","2"
"和二十三年","0","2","2"
"对彭城王元","0","2","2"
"城王元勰说","0","2","2"
"以办事干练","0","2","2"
"于是任命于","0","2","2"
"抚摸着他的","0","2","2"
"情报告朝廷","0","2","2"
"因继母去世","0","2","2"
"以自己没有","0","2","2"
"到东宫迎接","0","2","2"
"势越来越大","0","2","2"
"了仪同三司","0","2","2"
"他趁国家大","0","2","2"
"趁国家大灾","0","2","2"
"国家大灾难","0","2","2"
"家大灾难时","0","2","2"
"没有臣下之","0","2","2"
"有臣下之心","0","2","2"
"太后下令说","0","2","2"
"赐爵为灵寿","0","2","2"
"灵太后这才","0","2","2"
"灵太后不答","0","2","2"
"太后不答应","0","2","2"
"命为尚书右","0","2","2"
"去世的弟弟","0","2","2"
"应当谥为武","0","2","2"
"先设下埋伏","0","2","2"
"当军队到达","0","2","2"
"军队到达白","0","2","2"
"军队停留在","0","2","2"
"队停留在中","0","2","2"
"停留在中山","0","2","2"
"跟着尔朱天","0","2","2"
"着尔朱天光","0","2","2"
"尔朱天光与","0","2","2"
"神武帝在韩","0","2","2"
"武帝在韩陵","0","2","2"
"被任命为北","0","2","2"
"兼大行台尚","0","2","2"
"当时为雍州","0","2","2"
"时为雍州刺","0","2","2"
"肯定采用下","0","2","2"
"定采用下策","0","2","2"
"于谨坚决辞","0","2","2"
"谨坚决辞谢","0","2","2"
"任命为大司","0","2","2"
"于谨原是和","0","2","2"
"谨原是和周","0","2","2"
"原是和周文","0","2","2"
"是和周文帝","0","2","2"
"和周文帝同","0","2","2"
"周文帝同列","0","2","2"
"文帝同列的","0","2","2"
"帝同列的朝","0","2","2"
"同列的朝官","0","2","2"
"所以宇文护","0","2","2"
"以宇文护一","0","2","2"
"宇文护一向","0","2","2"
"文护一向十","0","2","2"
"护一向十分","0","2","2"
"一向十分敬","0","2","2"
"向十分敬重","0","2","2"
"自王公以下","0","2","2"
"自己的智慧","0","2","2"
"告诫自己的","0","2","2"
"礼遇十分隆","0","2","2"
"遇十分隆重","0","2","2"
"南王元悦任","0","2","2"
"王元景等人","0","2","2"
"每次见到王","0","2","2"
"高隆之向他","0","2","2"
"官至秘书监","0","2","2"
"为七兵尚书","0","2","2"
"文宣帝更加","0","2","2"
"迁徙到幽州","0","2","2"
"的话告诉了","0","2","2"
"南方的敌人","0","2","2"
"方的敌人也","0","2","2"
"后来他又升","0","2","2"
"来他又升任","0","2","2"
"虽然政务繁","0","2","2"
"然政务繁忙","0","2","2"
"向皇帝陈奏","0","2","2"
"走了一百多","0","2","2"
"人们认为他","0","2","2"
"他多次跟随","0","2","2"
"大臣都认为","0","2","2"
"升迁为尚书","0","2","2"
"迁为尚书令","0","2","2"
"私下对他的","0","2","2"
"对他侧目而","0","2","2"
"他侧目而视","0","2","2"
"他谨慎小心","0","2","2"
"从来没有过","0","2","2"
"来没有过失","0","2","2"
"他们的情况","0","2","2"
"们出来迎接","0","2","2"
"继承了他的","0","2","2"
"承了他的爵","0","2","2"
"太武帝出征","0","2","2"
"实情告诉了","0","2","2"
"情告诉了他","0","2","2"
"叹息了很久","0","2","2"
"白曜的军队","0","2","2"
"便弃城逃走","0","2","2"
"房崇古的母","0","2","2"
"古的母亲和","0","2","2"
"的母亲和妻","0","2","2"
"母亲和妻子","0","2","2"
"停留在那里","0","2","2"
"公孙表上奏","0","2","2"
"道武颇为赞","0","2","2"
"武颇为赞赏","0","2","2"
"他为自己的","0","2","2"
"皇帝因为他","0","2","2"
"因为他是旧","0","2","2"
"他跟随御驾","0","2","2"
"太武帝平定","0","2","2"
"武帝平定赫","0","2","2"
"帝平定赫连","0","2","2"
"平定赫连昌","0","2","2"
"众人面前表","0","2","2"
"人面前表彰","0","2","2"
"都是公孙轨","0","2","2"
"是公孙轨之","0","2","2"
"公孙轨之罪","0","2","2"
"官拜秘书监","0","2","2"
"帝问李先道","0","2","2"
"的聪明才智","0","2","2"
"先朝的老臣","0","2","2"
"年轻时因为","0","2","2"
"从中书博士","0","2","2"
"至中书侍郎","0","2","2"
"参与谋划军","0","2","2"
"太武帝待他","0","2","2"
"武帝待他十","0","2","2"
"帝待他十分","0","2","2"
"待他十分亲","0","2","2"
"太武帝叹道","0","2","2"
"太武帝非常","0","2","2"
"武帝非常尊","0","2","2"
"帝非常尊重","0","2","2"
"称他为李公","0","2","2"
"从中书学生","0","2","2"
"出任相州刺","0","2","2"
"他为政清廉","0","2","2"
"对他的女婿","0","2","2"
"敷兄弟的罪","0","2","2"
"他出任侍中","0","2","2"
"对你的厚德","0","2","2"
"为什么不能","0","2","2"
"想要用偏远","0","2","2"
"要用偏远蛮","0","2","2"
"用偏远蛮夷","0","2","2"
"偏远蛮夷之","0","2","2"
"远蛮夷之众","0","2","2"
"与中原大国","0","2","2"
"中原大国抗","0","2","2"
"原大国抗衡","0","2","2"
"在洛阳设置","0","2","2"
"洛阳设置雍","0","2","2"
"阳设置雍州","0","2","2"
"设置雍州的","0","2","2"
"置雍州的郡","0","2","2"
"雍州的郡县","0","2","2"
"州的郡县安","0","2","2"
"的郡县安置","0","2","2"
"郡县安置那","0","2","2"
"县安置那些","0","2","2"
"安置那些流","0","2","2"
"置那些流民","0","2","2"
"百姓的身份","0","2","2"
"都不以为然","0","2","2"
"和百姓们的","0","2","2"
"为孝文帝的","0","2","2"
"为左军将军","0","2","2"
"用礼让之道","0","2","2"
"因而不敢逼","0","2","2"
"为洛州刺史","0","2","2"
"国家和军队","0","2","2"
"帝亲自拉着","0","2","2"
"他常对别人","0","2","2"
"为书侍御史","0","2","2"
"任冀州镇东","0","2","2"
"官吏都害怕","0","2","2"
"吏都害怕他","0","2","2"
"又出任为东","0","2","2"
"出任为东荆","0","2","2"
"任为东荆州","0","2","2"
"为东荆州刺","0","2","2"
"后来郦道元","0","2","2"
"下诏任命郦","0","2","2"
"诏任命郦道","0","2","2"
"任命郦道元","0","2","2"
"命郦道元为","0","2","2"
"郦道元为持","0","2","2"
"道元为持节","0","2","2"
"为持节兼黄","0","2","2"
"持节兼黄门","0","2","2"
"节兼黄门侍","0","2","2"
"元法僧在彭","0","2","2"
"法僧在彭城","0","2","2"
"僧在彭城反","0","2","2"
"李平过去的","0","2","2"
"被任命为御","0","2","2"
"任命为御史","0","2","2"
"命为御史中","0","2","2"
"启奏灵太后","0","2","2"
"丘念的性命","0","2","2"
"两个儿子都","0","2","2"
"官拜宣威将","0","2","2"
"拜宣威将军","0","2","2"
"历任尚书郎","0","2","2"
"平定中山时","0","2","2"
"太武帝因为","0","2","2"
"武帝因为他","0","2","2"
"兼任北部尚","0","2","2"
"任北部尚书","0","2","2"
"跟随尔朱兆","0","2","2"
"和行台侯景","0","2","2"
"周文帝派他","0","2","2"
"韦孝宽等人","0","2","2"
"后来转任尚","0","2","2"
"来转任尚书","0","2","2"
"任尚书右外","0","2","2"
"升任为太子","0","2","2"
"后来他又转","0","2","2"
"来他又转任","0","2","2"
"不知礼数的","0","2","2"
"知礼数的人","0","2","2"
"不再有上下","0","2","2"
"又和高凉王","0","2","2"
"和高凉王那","0","2","2"
"盖吴一个人","0","2","2"
"是因为他们","0","2","2"
"平定了这次","0","2","2"
"定了这次叛","0","2","2"
"了这次叛乱","0","2","2"
"从年轻时起","0","2","2"
"陆瞨就担任","0","2","2"
"瞨就担任内","0","2","2"
"就担任内都","0","2","2"
"担任内都下","0","2","2"
"任内都下大","0","2","2"
"他任散骑常","0","2","2"
"人向朝廷请","0","2","2"
"封为建安王","0","2","2"
"旨前去安抚","0","2","2"
"去安抚慰问","0","2","2"
"都欢欣鼓舞","0","2","2"
"给京兆王子","0","2","2"
"皇帝的玉玺","0","2","2"
"传给孝文帝","0","2","2"
"赐爵为清河","0","2","2"
"爵为清河县","0","2","2"
"为太子庶子","0","2","2"
"帝下诏令陆","0","2","2"
"下诏令陆腾","0","2","2"
"李广嗣和李","0","2","2"
"广嗣和李武","0","2","2"
"陆腾升迁为","0","2","2"
"率领大军进","0","2","2"
"由于山路崎","0","2","2"
"于山路崎岖","0","2","2"
"山路崎岖艰","0","2","2"
"路崎岖艰险","0","2","2"
"难以出兵偷","0","2","2"
"以出兵偷袭","0","2","2"
"于是陆腾测","0","2","2"
"是陆腾测量","0","2","2"
"陆腾测量山","0","2","2"
"腾测量山川","0","2","2"
"测量山川地","0","2","2"
"量山川地势","0","2","2"
"在方便处开","0","2","2"
"方便处开路","0","2","2"
"又下诏命陆","0","2","2"
"下诏命陆腾","0","2","2"
"诏命陆腾征","0","2","2"
"命陆腾征讨","0","2","2"
"才安定下来","0","2","2"
"帝下诏令树","0","2","2"
"下诏令树碑","0","2","2"
"令树碑纪念","0","2","2"
"树碑纪念功","0","2","2"
"碑纪念功绩","0","2","2"
"打开城门迎","0","2","2"
"皇苑中恭迎","0","2","2"
"为太子太傅","0","2","2"
"难以预料的","0","2","2"
"于是飞驰赴","0","2","2"
"是飞驰赴京","0","2","2"
"被任命为卫","0","2","2"
"兼任七兵尚","0","2","2"
"任七兵尚书","0","2","2"
"一个人总管","0","2","2"
"个人总管青","0","2","2"
"得当时人们","0","2","2"
"人们的称誉","0","2","2"
"加上他为人","0","2","2"
"上他为人谦","0","2","2"
"他为人谦虚","0","2","2"
"对别人宽厚","0","2","2"
"人们都尊敬","0","2","2"
"们都尊敬爱","0","2","2"
"都尊敬爱戴","0","2","2"
"尊敬爱戴他","0","2","2"
"年轻时机智","0","2","2"
"陆瞫每次都","0","2","2"
"命为中书侍","0","2","2"
"都是公主所","0","2","2"
"是公主所生","0","2","2"
"为吏部郎中","0","2","2"
"时年仅四十","0","2","2"
"年仅四十八","0","2","2"
"仅四十八岁","0","2","2"
"别人的缺点","0","2","2"
"自己的长处","0","2","2"
"当时的人们","0","2","2"
"孝文帝想要","0","2","2"
"坐罪被免除","0","2","2"
"秃发亻辱擅","0","2","2"
"帝对他说道","0","2","2"
"源贺随驾征","0","2","2"
"贺随驾征讨","0","2","2"
"他善于抚慰","0","2","2"
"并和南部尚","0","2","2"
"和南部尚书","0","2","2"
"陆丽抱着文","0","2","2"
"丽抱着文成","0","2","2"
"决定国策的","0","2","2"
"的兄弟子侄","0","2","2"
"到北部边境","0","2","2"
"这样的建议","0","2","2"
"接受这样的","0","2","2"
"被封为太尉","0","2","2"
"询他的意见","0","2","2"
"时爱好文学","0","2","2"
"统万的叛逆","0","2","2"
"万的叛逆之","0","2","2"
"的叛逆之徒","0","2","2"
"纷纷起来为","0","2","2"
"纷起来为寇","0","2","2"
"与之相呼应","0","2","2"
"世代蒙受国","0","2","2"
"代蒙受国家","0","2","2"
"接受了他的","0","2","2"
"后来萧宝夤","0","2","2"
"改封他为阳","0","2","2"
"年轻时就很","0","2","2"
"魏永安年间","0","2","2"
"为尚书祠部","0","2","2"
"被授予秘书","0","2","2"
"授予秘书监","0","2","2"
"他升任为尚","0","2","2"
"升任为尚书","0","2","2"
"为徐州总管","0","2","2"
"太武帝见到","0","2","2"
"武帝见到他","0","2","2"
"帝见到他后","0","2","2"
"见到他后很","0","2","2"
"到他后很赏","0","2","2"
"他后很赏识","0","2","2"
"拜为羽林中","0","2","2"
"为羽林中郎","0","2","2"
"赐爵为昌国","0","2","2"
"爵为昌国子","0","2","2"
"了殿中尚书","0","2","2"
"刘尼被任命","0","2","2"
"尼被任命为","0","2","2"
"任命为内行","0","2","2"
"命为内行长","0","2","2"
"任命为司徒","0","2","2"
"另外赐给他","0","2","2"
"赐给他四十","0","2","2"
"他的父亲司","0","2","2"
"的父亲司马","0","2","2"
"后来被他的","0","2","2"
"他的叔父司","0","2","2"
"司马楚之以","0","2","2"
"被授予荆州","0","2","2"
"司马楚之在","0","2","2"
"司马楚之与","0","2","2"
"司马楚之的","0","2","2"
"领护西戎校","0","2","2"
"他的首级送","0","2","2"
"齐废帝宝卷","0","2","2"
"废帝宝卷的","0","2","2"
"帝宝卷的同","0","2","2"
"宝卷的同母","0","2","2"
"卷的同母弟","0","2","2"
"的同母弟弟","0","2","2"
"的礼节接待","0","2","2"
"封为梁郡公","0","2","2"
"又上表请求","0","2","2"
"和中山王英","0","2","2"
"免去他的死","0","2","2"
"去他的死罪","0","2","2"
"康绚在浮山","0","2","2"
"命为殿中尚","0","2","2"
"被任为都督","0","2","2"
"有什么可说","0","2","2"
"什么可说的","0","2","2"
"东西两省的","0","2","2"
"西两省的文","0","2","2"
"两省的文武","0","2","2"
"省的文武闲","0","2","2"
"品行的好坏","0","2","2"
"国家的兴亡","0","2","2"
"又怎么能够","0","2","2"
"此十分忧虑","0","2","2"
"向萧宝夤投","0","2","2"
"萧宝夤投降","0","2","2"
"立下的大功","0","2","2"
"被万俟丑奴","0","2","2"
"为征西将军","0","2","2"
"授给他尚书","0","2","2"
"原来的封爵","0","2","2"
"对他产生了","0","2","2"
"您还有什么","0","2","2"
"尔朱天光派","0","2","2"
"派遣贺拔岳","0","2","2"
"万俟丑奴和","0","2","2"
"俟丑奴和萧","0","2","2"
"丑奴和萧宝","0","2","2"
"奴和萧宝夤","0","2","2"
"朝廷的事情","0","2","2"
"庄帝同意他","0","2","2"
"帝同意他的","0","2","2"
"带着酒食来","0","2","2"
"他的妻子也","0","2","2"
"尔朱兆攻入","0","2","2"
"将他的遗体","0","2","2"
"把他看成是","0","2","2"
"文宣帝去世","0","2","2"
"被免职回家","0","2","2"
"周武帝灭齐","0","2","2"
"亲去世而守","0","2","2"
"去世而守丧","0","2","2"
"没有多长时","0","2","2"
"有多长时间","0","2","2"
"采纳他的计","0","2","2"
"他推辞有病","0","2","2"
"推辞有病不","0","2","2"
"任命他为司","0","2","2"
"皇帝任命元","0","2","2"
"以此来求得","0","2","2"
"吏部的功勋","0","2","2"
"部的功勋登","0","2","2"
"的功勋登记","0","2","2"
"在功勋簿上","0","2","2"
"元叉所信任","0","2","2"
"中山王熙的","0","2","2"
"评论者对此","0","2","2"
"卢同的哥哥","0","2","2"
"同的哥哥卢","0","2","2"
"为大将军府","0","2","2"
"前后有一百","0","2","2"
"任命卢勇为","0","2","2"
"当时他才十","0","2","2"
"他的祖父高","0","2","2"
"的黄门侍郎","0","2","2"
"止盗贼的方","0","2","2"
"没有什么理","0","2","2"
"有什么理由","0","2","2"
"一起被朝廷","0","2","2"
"起被朝廷征","0","2","2"
"被朝廷征召","0","2","2"
"追赠为青州","0","2","2"
"赠为青州刺","0","2","2"
"弟弟崔仲让","0","2","2"
"不去拜访他","0","2","2"
"为政的情况","0","2","2"
"们都以他为","0","2","2"
"军功被任为","0","2","2"
"周宣帝即位","0","2","2"
"他又劝隋文","0","2","2"
"又劝隋文帝","0","2","2"
"奏上平陈的","0","2","2"
"任命为国子","0","2","2"
"为国子祭酒","0","2","2"
"在显阳殿讲","0","2","2"
"都肃然起敬","0","2","2"
"对他更加敬","0","2","2"
"管礼仪制度","0","2","2"
"自古以来忠","0","2","2"
"任凉州总管","0","2","2"
"攻破吐谷浑","0","2","2"
"没有后顾之","0","2","2"
"有后顾之忧","0","2","2"
"就成为孤儿","0","2","2"
"召高闾和中","0","2","2"
"高闾和中书","0","2","2"
"闾和中书令","0","2","2"
"和中书令高","0","2","2"
"书令高允进","0","2","2"
"令高允进入","0","2","2"
"高允进入宫","0","2","2"
"允进入宫中","0","2","2"
"进入宫中参","0","2","2"
"入宫中参与","0","2","2"
"宫中参与处","0","2","2"
"中参与处置","0","2","2"
"置国家大政","0","2","2"
"赐给他爵号","0","2","2"
"给他爵号为","0","2","2"
"他爵号为安","0","2","2"
"爵号为安乐","0","2","2"
"号为安乐子","0","2","2"
"高闾向皇帝","0","2","2"
"闾向皇帝上","0","2","2"
"的治国之道","0","2","2"
"也不能成为","0","2","2"
"北大将军府","0","2","2"
"一个月时间","0","2","2"
"屡次侵犯边","0","2","2"
"在行宫朝见","0","2","2"
"倍于对方就","0","2","2"
"城团团围住","0","2","2"
"这样圣明的","0","2","2"
"高闾多次上","0","2","2"
"闾多次上表","0","2","2"
"次上表辞谢","0","2","2"
"皇帝以优诏","0","2","2"
"帝以优诏授","0","2","2"
"以优诏授予","0","2","2"
"优诏授予光","0","2","2"
"诏授予光禄","0","2","2"
"授予光禄大","0","2","2"
"予光禄大夫","0","2","2"
"金制的印章","0","2","2"
"制的印章和","0","2","2"
"的印章和紫","0","2","2"
"印章和紫色","0","2","2"
"章和紫色的","0","2","2"
"和紫色的绶","0","2","2"
"紫色的绶带","0","2","2"
"由吏部尚书","0","2","2"
"尚书邢峦亲","0","2","2"
"书邢峦亲自","0","2","2"
"邢峦亲自送","0","2","2"
"峦亲自送往","0","2","2"
"亲自送往高","0","2","2"
"自送往高闾","0","2","2"
"送往高闾家","0","2","2"
"往高闾家中","0","2","2"
"高闾家中拜","0","2","2"
"闾家中拜授","0","2","2"
"帝在东堂接","0","2","2"
"在东堂接见","0","2","2"
"谥号为文贞","0","2","2"
"他在中书省","0","2","2"
"以精通儒学","0","2","2"
"精通儒学而","0","2","2"
"通儒学而著","0","2","2"
"儒学而著称","0","2","2"
"有什么差别","0","2","2"
"在社会上流","0","2","2"
"社会上流行","0","2","2"
"乐平王从事","0","2","2"
"平王从事中","0","2","2"
"之等人一起","0","2","2"
"等人一起议","0","2","2"
"他为员外散","0","2","2"
"边得到一块","0","2","2"
"河龙以正月","0","2","2"
"龙以正月辰","0","2","2"
"只有平均才","0","2","2"
"有平均才不","0","2","2"
"平均才不会","0","2","2"
"均才不会有","0","2","2"
"才不会有枝","0","2","2"
"不会有枝条","0","2","2"
"会有枝条鸣","0","2","2"
"有枝条鸣响","0","2","2"
"所以要风于","0","2","2"
"以要风于亳","0","2","2"
"要风于亳地","0","2","2"
"亳地也就是","0","2","2"
"地也就是陈","0","2","2"
"也就是陈留","0","2","2"
"因此诛杀了","0","2","2"
"了亳州刺史","0","2","2"
"赏赐给他五","0","2","2"
"赐给他五百","0","2","2"
"大玉石上有","0","2","2"
"二百八十多","0","2","2"
"文帝更加高","0","2","2"
"了他的奏章","0","2","2"
"得清清楚楚","0","2","2"
"所以黄帝有","0","2","2"
"以黄帝有二","0","2","2"
"有二十五位","0","2","2"
"二十五位儿","0","2","2"
"十五位儿子","0","2","2"
"共有十四人","0","2","2"
"有十四人得","0","2","2"
"十四人得到","0","2","2"
"四人得到姓","0","2","2"
"其中只有青","0","2","2"
"中只有青阳","0","2","2"
"夷鼓两人和","0","2","2"
"鼓两人和黄","0","2","2"
"两人和黄帝","0","2","2"
"人和黄帝同","0","2","2"
"和黄帝同样","0","2","2"
"黄帝同样姓","0","2","2"
"帝同样姓姬","0","2","2"
"他专心致志","0","2","2"
"魏孝昌初年","0","2","2"
"他踏上仕途","0","2","2"
"任为太尉行","0","2","2"
"为太尉行参","0","2","2"
"逐渐凭战功","0","2","2"
"渐凭战功升","0","2","2"
"凭战功升至","0","2","2"
"战功升至左","0","2","2"
"功升至左光","0","2","2"
"升至左光禄","0","2","2"
"后来孝武帝","0","2","2"
"来孝武帝西","0","2","2"
"他跟随入关","0","2","2"
"官拜司徒左","0","2","2"
"拜司徒左长","0","2","2"
"领临洮王友","0","2","2"
"赐爵为永宁","0","2","2"
"为永宁县侯","0","2","2"
"就因为能力","0","2","2"
"因为能力强","0","2","2"
"为能力强而","0","2","2"
"能力强而闻","0","2","2"
"力强而闻名","0","2","2"
"已有四万户","0","2","2"
"有四万户之","0","2","2"
"四万户之多","0","2","2"
"每年考核政","0","2","2"
"年考核政绩","0","2","2"
"他都为天下","0","2","2"
"都为天下第","0","2","2"
"周文帝赐信","0","2","2"
"文帝赐信对","0","2","2"
"帝赐信对他","0","2","2"
"赐信对他赞","0","2","2"
"信对他赞叹","0","2","2"
"对他赞叹夸","0","2","2"
"他赞叹夸奖","0","2","2"
"后来他被征","0","2","2"
"来他被征召","0","2","2"
"他被征召回","0","2","2"
"征召回京拜","0","2","2"
"召回京拜为","0","2","2"
"回京拜为京","0","2","2"
"京拜为京兆","0","2","2"
"拜为京兆尹","0","2","2"
"他出使回来","0","2","2"
"合皇帝的旨","0","2","2"
"升任为仪同","0","2","2"
"任为仪同三","0","2","2"
"当时周文帝","0","2","2"
"时周文帝东","0","2","2"
"郑道邕为大","0","2","2"
"道邕为大丞","0","2","2"
"邕为大丞相","0","2","2"
"封为金乡县","0","2","2"
"为金乡县男","0","2","2"
"人分别掌管","0","2","2"
"加封郑道邕","0","2","2"
"封郑道邕为","0","2","2"
"郑道邕为骠","0","2","2"
"道邕为骠骑","0","2","2"
"邕为骠骑大","0","2","2"
"又历任御伯","0","2","2"
"历任御伯中","0","2","2"
"任御伯中大","0","2","2"
"读书人听了","0","2","2"
"书人听了没","0","2","2"
"人听了没有","0","2","2"
"听了没有不","0","2","2"
"了没有不称","0","2","2"
"没有不称赞","0","2","2"
"有不称赞的","0","2","2"
"官府和百姓","0","2","2"
"府和百姓都","0","2","2"
"时人们都称","0","2","2"
"像神一样明","0","2","2"
"神一样明断","0","2","2"
"到泰山封禅","0","2","2"
"他又被授予","0","2","2"
"执法宽缓公","0","2","2"
"法宽缓公平","0","2","2"
"被评价为胜","0","2","2"
"评价为胜任","0","2","2"
"价为胜任职","0","2","2"
"为胜任职守","0","2","2"
"朝廷的大臣","0","2","2"
"在道路上死","0","2","2"
"道路上死去","0","2","2"
"不随便与人","0","2","2"
"随便与人交","0","2","2"
"被授予著作","0","2","2"
"授予著作佐","0","2","2"
"予著作佐郎","0","2","2"
"更何况其他","0","2","2"
"何况其他人","0","2","2"
"况其他人呢","0","2","2"
"为孝文帝所","0","2","2"
"孝文帝所赏","0","2","2"
"文帝所赏识","0","2","2"
"上用很高的","0","2","2"
"的礼遇对待","0","2","2"
"礼遇对待他","0","2","2"
"把他当作心","0","2","2"
"他当作心腹","0","2","2"
"时政的得失","0","2","2"
"的良苦用心","0","2","2"
"薛姓是蜀地","0","2","2"
"姓是蜀地人","0","2","2"
"以表示对他","0","2","2"
"时父亲去世","0","2","2"
"对他大加赞","0","2","2"
"他大加赞赏","0","2","2"
"北齐武成帝","0","2","2"
"朝廷命他与","0","2","2"
"授予尚书左","0","2","2"
"与范阳的卢","0","2","2"
"范阳的卢思","0","2","2"
"阳的卢思道","0","2","2"
"他逐渐被重","0","2","2"
"逐渐被重用","0","2","2"
"武帝授予他","0","2","2"
"又进入朝廷","0","2","2"
"坐在军帐中","0","2","2"
"江南必被克","0","2","2"
"南必被克复","0","2","2"
"被克复的原","0","2","2"
"克复的原因","0","2","2"
"复的原因之","0","2","2"
"听后高兴地","0","2","2"
"后高兴地说","0","2","2"
"爱惜他的才","0","2","2"
"惜他的才干","0","2","2"
"对他十分礼","0","2","2"
"他十分礼貌","0","2","2"
"仪同三司的","0","2","2"
"文帝对杨素","0","2","2"
"他家的大门","0","2","2"
"晋封他为上","0","2","2"
"赐给物品一","0","2","2"
"给物品一百","0","2","2"
"争相与他交","0","2","2"
"的名声更大","0","2","2"
"对朝廷实在","0","2","2"
"官吏和老百","0","2","2"
"吏和老百姓","0","2","2"
"知道他一定","0","2","2"
"而薛道衡却","0","2","2"
"薛道衡却听","0","2","2"
"道衡却听不","0","2","2"
"衡却听不进","0","2","2"
"却听不进去","0","2","2"
"他的妻子被","0","2","2"
"天下人都认","0","2","2"
"有文集七十","0","2","2"
"文集七十卷","0","2","2"
"校尉的职务","0","2","2"
"节闵帝普泰","0","2","2"
"武帝高欢起","0","2","2"
"帝高欢起兵","0","2","2"
"强有力的人","0","2","2"
"有力的人物","0","2","2"
"虽然独处幽","0","2","2"
"然独处幽室","0","2","2"
"被任为奉朝","0","2","2"
"任为奉朝请","0","2","2"
"这样杰出的","0","2","2"
"对同僚们说","0","2","2"
"正是所说的","0","2","2"
"随孝文帝征","0","2","2"
"孝文帝征讨","0","2","2"
"文帝征讨宛","0","2","2"
"裴叔业献出","0","2","2"
"叔业献出寿","0","2","2"
"业献出寿春","0","2","2"
"隶属都督李","0","2","2"
"属都督李崇","0","2","2"
"率军驻扎在","0","2","2"
"军驻扎在城","0","2","2"
"他回到京师","0","2","2"
"对他都很畏","0","2","2"
"他都很畏惧","0","2","2"
"像车轮那样","0","2","2"
"车轮那样大","0","2","2"
"时人们称他","0","2","2"
"互相传告说","0","2","2"
"服和帽子都","0","2","2"
"是怎么一回","0","2","2"
"怎么一回事","0","2","2"
"后来被封为","0","2","2"
"参加朝廷的","0","2","2"
"加朝廷的宴","0","2","2"
"朝廷的宴会","0","2","2"
"下诏将他交","0","2","2"
"便与他的妻","0","2","2"
"与他的妻子","0","2","2"
"他的妻子乘","0","2","2"
"的妻子乘车","0","2","2"
"妻子乘车西","0","2","2"
"子乘车西逃","0","2","2"
"当时在晋阳","0","2","2"
"是当时的名","0","2","2"
"当时的名流","0","2","2"
"让之从此节","0","2","2"
"之从此节哀","0","2","2"
"从此节哀自","0","2","2"
"此节哀自勉","0","2","2"
"兄弟五人都","0","2","2"
"又兼任散骑","0","2","2"
"的中书舍人","0","2","2"
"美好的政声","0","2","2"
"密奏文宣帝","0","2","2"
"脱去布衣进","0","2","2"
"去布衣进入","0","2","2"
"布衣进入仕","0","2","2"
"衣进入仕途","0","2","2"
"他的官职没","0","2","2"
"的官职没有","0","2","2"
"对他十分亲","0","2","2"
"他十分亲近","0","2","2"
"任北周的宰","0","2","2"
"裴矩与大将","0","2","2"
"矩与大将军","0","2","2"
"与大将军鹿","0","2","2"
"将军鹿愿率","0","2","2"
"军鹿愿率兵","0","2","2"
"鹿愿率兵赴","0","2","2"
"愿率兵赴援","0","2","2"
"有这样的臣","0","2","2"
"这样的臣僚","0","2","2"
"我还忧虑什","0","2","2"
"还忧虑什么","0","2","2"
"突厥日益强","0","2","2"
"氏家的女儿","0","2","2"
"揭发了这件","0","2","2"
"发了这件事","0","2","2"
"献皇后驾崩","0","2","2"
"营建东都洛","0","2","2"
"建东都洛阳","0","2","2"
"由此可以知","0","2","2"
"此可以知道","0","2","2"
"黄河以西的","0","2","2"
"河以西的地","0","2","2"
"无法表达我","0","2","2"
"炀帝看了十","0","2","2"
"守这些地方","0","2","2"
"他为银青光","0","2","2"
"着华丽的绸","0","2","2"
"穿着鲜艳的","0","2","2"
"他一起筹划","0","2","2"
"先帝早就想","0","2","2"
"帝早就想征","0","2","2"
"早就想征伐","0","2","2"
"就想征伐它","0","2","2"
"他又跟随炀","0","2","2"
"随炀帝到辽","0","2","2"
"因为他们部","0","2","2"
"为他们部落","0","2","2"
"他们部落内","0","2","2"
"们部落内有","0","2","2"
"部落内有很","0","2","2"
"落内有很多","0","2","2"
"内有很多胡","0","2","2"
"有很多胡人","0","2","2"
"都十分凶狠","0","2","2"
"十分凶狠狡","0","2","2"
"分凶狠狡黠","0","2","2"
"去教唆突厥","0","2","2"
"教唆突厥人","0","2","2"
"率领数十万","0","2","2"
"帝十分恼怒","0","2","2"
"超过别人的","0","2","2"
"虽然担任这","0","2","2"
"然担任这些","0","2","2"
"担任这些职","0","2","2"
"任这些职务","0","2","2"
"都能得到人","0","2","2"
"到人们的欢","0","2","2"
"人们的欢心","0","2","2"
"杨浩为皇帝","0","2","2"
"封为蔡国公","0","2","2"
"朝廷中没有","0","2","2"
"征辟他为主","0","2","2"
"辟他为主簿","0","2","2"
"明帝正光时","0","2","2"
"又升任义阳","0","2","2"
"升任义阳太","0","2","2"
"孝武帝元修","0","2","2"
"同他的看法","0","2","2"
"等到孝武帝","0","2","2"
"到孝武帝西","0","2","2"
"与官军一起","0","2","2"
"宇文泰便对","0","2","2"
"笑着对他说","0","2","2"
"反复无常的","0","2","2"
"复无常的人","0","2","2"
"有鉴别能力","0","2","2"
"廷赠给他太","0","2","2"
"长史的职务","0","2","2"
"周宣帝宇文","0","2","2"
"听了很不高","0","2","2"
"给朝廷上书","0","2","2"
"是天赐的良","0","2","2"
"国家的元勋","0","2","2"
"如果怙恶不","0","2","2"
"果怙恶不悛","0","2","2"
"被人们所称","0","2","2"
"人们所称道","0","2","2"
"为谒者仆射","0","2","2"
"与北周接壤","0","2","2"
"很高的声望","0","2","2"
"们都感到很","0","2","2"
"都感到很惊","0","2","2"
"感到很惊异","0","2","2"
"官吏百姓无","0","2","2"
"吏百姓无不","0","2","2"
"周的军队进","0","2","2"
"他布帛一百","0","2","2"
"布帛一百匹","0","2","2"
"前面说的那","0","2","2"
"也为之动容","0","2","2"
"提拔他为都","0","2","2"
"他十分看重","0","2","2"
"汉王杨谅反","0","2","2"
"王杨谅反叛","0","2","2"
"皇帝的诏命","0","2","2"
"长长地叹息","0","2","2"
"彦谦坚守正","0","2","2"
"谦坚守正道","0","2","2"
"颇为执政的","0","2","2"
"为执政的权","0","2","2"
"执政的权要","0","2","2"
"政的权要嫉","0","2","2"
"的权要嫉恨","0","2","2"
"任泾阳县县","0","2","2"
"泾阳县县令","0","2","2"
"他的儿子房","0","2","2"
"没有表现出","0","2","2"
"了不以为然","0","2","2"
"任司徒左长","0","2","2"
"天到南都报","0","2","2"
"到南都报到","0","2","2"
"任北豫州刺","0","2","2"
"所以义云受","0","2","2"
"以义云受他","0","2","2"
"义云受他保","0","2","2"
"云受他保护","0","2","2"
"为了密切和","0","2","2"
"了密切和他","0","2","2"
"密切和他的","0","2","2"
"切和他的关","0","2","2"
"和他的关系","0","2","2"
"义云无所不","0","2","2"
"云无所不用","0","2","2"
"孝昭帝病重","0","2","2"
"武成帝对他","0","2","2"
"给予后部鼓","0","2","2"
"予后部鼓吹","0","2","2"
"等到高归彦","0","2","2"
"竟没有给他","0","2","2"
"是大逆不道","0","2","2"
"将军的职衔","0","2","2"
"谥号的标准","0","2","2"
"一个人身上","0","2","2"
"攻打白捺的","0","2","2"
"打白捺的谎","0","2","2"
"死的有数十","0","2","2"
"派自己的儿","0","2","2"
"也点燃烽火","0","2","2"
"点燃烽火响","0","2","2"
"燃烽火响应","0","2","2"
"出了很大的","0","2","2"
"了很大的力","0","2","2"
"他任岐州刺","0","2","2"
"以后再图谋","0","2","2"
"后再图谋大","0","2","2"
"孝庄帝重新","0","2","2"
"庄帝重新回","0","2","2"
"帝重新回到","0","2","2"
"求解除自己","0","2","2"
"任他为侍中","0","2","2"
"他的从兄杨","0","2","2"
"帝很赞许他","0","2","2"
"孝文帝被他","0","2","2"
"文帝被他的","0","2","2"
"便开始进粥","0","2","2"
"只剩下一千","0","2","2"
"剩下一千多","0","2","2"
"杨椿在定州","0","2","2"
"廷同意了他","0","2","2"
"明帝和灵太","0","2","2"
"帝和灵太后","0","2","2"
"哥的儿子杨","0","2","2"
"可以不上朝","0","2","2"
"流着眼泪说","0","2","2"
"赐给他丝绸","0","2","2"
"的亲戚朋友","0","2","2"
"们兄弟几个","0","2","2"
"有权有势的","0","2","2"
"权有势的人","0","2","2"
"我们兄弟间","0","2","2"
"兄弟间互相","0","2","2"
"曾说过一个","0","2","2"
"说过一个人","0","2","2"
"别人的坏话","0","2","2"
"的文韬武略","0","2","2"
"在朝廷内外","0","2","2"
"人们没有不","0","2","2"
"里的地方被","0","2","2"
"被盗贼抢劫","0","2","2"
"把情况告诉","0","2","2"
"况告诉给了","0","2","2"
"告诉给了他","0","2","2"
"将这件事报","0","2","2"
"件事报告给","0","2","2"
"着某种颜色","0","2","2"
"某种颜色的","0","2","2"
"种颜色的马","0","2","2"
"有一个老婆","0","2","2"
"一个老婆婆","0","2","2"
"贼兵首领鲜","0","2","2"
"兵首领鲜于","0","2","2"
"首领鲜于修","0","2","2"
"领鲜于修礼","0","2","2"
"形势十分危","0","2","2"
"势十分危急","0","2","2"
"军队才得以","0","2","2"
"他任定州刺","0","2","2"
"上下对他都","0","2","2"
"下对他都很","0","2","2"
"元洪业等人","0","2","2"
"城内的北人","0","2","2"
"城中所有的","0","2","2"
"中所有的北","0","2","2"
"所有的北人","0","2","2"
"有的北人必","0","2","2"
"的北人必须","0","2","2"
"北人必须全","0","2","2"
"人必须全部","0","2","2"
"必须全部杀","0","2","2"
"须全部杀死","0","2","2"
"加封他为卫","0","2","2"
"封他为卫将","0","2","2"
"情况报告给","0","2","2"
"又被葛荣拘","0","2","2"
"任领军将军","0","2","2"
"还没有出发","0","2","2"
"二儿子杨逸","0","2","2"
"命他为司空","0","2","2"
"兼任尚书令","0","2","2"
"尔朱兆等人","0","2","2"
"追赠为大将","0","2","2"
"赠为大将军","0","2","2"
"任命他为给","0","2","2"
"命他为给事","0","2","2"
"中书舍人职","0","2","2"
"时年龄才二","0","2","2"
"年龄才二十","0","2","2"
"龄才二十九","0","2","2"
"才二十九岁","0","2","2"
"没有比他更","0","2","2"
"有比他更年","0","2","2"
"比他更年轻","0","2","2"
"他更年轻的","0","2","2"
"尔朱仲远也","0","2","2"
"一个月以内","0","2","2"
"祭奠他的到","0","2","2"
"奠他的到处","0","2","2"
"他的到处不","0","2","2"
"的到处不断","0","2","2"
"后十分惊奇","0","2","2"
"曾对别人说","0","2","2"
"在千里之外","0","2","2"
"没有不敬佩","0","2","2"
"有不敬佩和","0","2","2"
"不敬佩和惊","0","2","2"
"敬佩和惊异","0","2","2"
"佩和惊异的","0","2","2"
"的人都说他","0","2","2"
"杜洛周攻陷","0","2","2"
"的堂兄杨侃","0","2","2"
"迎接孝庄帝","0","2","2"
"河间人邢邵","0","2","2"
"杨愔请求父","0","2","2"
"愔请求父亲","0","2","2"
"请求父亲收","0","2","2"
"求父亲收留","0","2","2"
"父亲收留他","0","2","2"
"才落到这种","0","2","2"
"落到这种处","0","2","2"
"到这种处境","0","2","2"
"和他一起逃","0","2","2"
"他一起逃跑","0","2","2"
"的马前叩头","0","2","2"
"高欢命他写","0","2","2"
"他被朝廷征","0","2","2"
"担任原来的","0","2","2"
"自己的衣帽","0","2","2"
"礼貌地将他","0","2","2"
"貌地将他送","0","2","2"
"地将他送回","0","2","2"
"孝昭帝诛杀","0","2","2"
"就有很高的","0","2","2"
"廷赐给他的","0","2","2"
"成自己的责","0","2","2"
"对他十分惊","0","2","2"
"都分给亲友","0","2","2"
"有一个叫李","0","2","2"
"秘密地报告","0","2","2"
"密地报告给","0","2","2"
"王拜受职务","0","2","2"
"太皇太后在","0","2","2"
"忠贞而获罪","0","2","2"
"能赶得上的","0","2","2"
"他善于写文","0","2","2"
"工于草书和","0","2","2"
"于草书和隶","0","2","2"
"他上表申辩","0","2","2"
"以至于好多","0","2","2"
"至于好多次","0","2","2"
"无道的昏君","0","2","2"
"帝答应了他","0","2","2"
"赐给他一根","0","2","2"
"跟随齐王宇","0","2","2"
"随齐王宇文","0","2","2"
"立军功被封","0","2","2"
"被封为清河","0","2","2"
"为清河县子","0","2","2"
"率军队驻扎","0","2","2"
"任北周的丞","0","2","2"
"北周的丞相","0","2","2"
"因而获罪被","0","2","2"
"而获罪被免","0","2","2"
"大举讨伐南","0","2","2"
"举讨伐南陈","0","2","2"
"他为行军元","0","2","2"
"子杨玄感为","0","2","2"
"命杨素为行","0","2","2"
"杨素为行军","0","2","2"
"队发动进攻","0","2","2"
"将他打得大","0","2","2"
"的部下全部","0","2","2"
"军队十分强","0","2","2"
"杨素领兵进","0","2","2"
"派人骑快马","0","2","2"
"杀死高智慧","0","2","2"
"差得太远了","0","2","2"
"与敌人开战","0","2","2"
"将他们处死","0","2","2"
"二百人进攻","0","2","2"
"被委以重任","0","2","2"
"军国大事的","0","2","2"
"他平定贼寇","0","2","2"
"如不给予奖","0","2","2"
"不给予奖赏","0","2","2"
"怎么能申张","0","2","2"
"么能申张劝","0","2","2"
"能申张劝勉","0","2","2"
"申张劝勉奖","0","2","2"
"张劝勉奖励","0","2","2"
"劝勉奖励功","0","2","2"
"勉奖励功臣","0","2","2"
"奖励功臣的","0","2","2"
"励功臣的风","0","2","2"
"功臣的风气","0","2","2"
"臣的风气可","0","2","2"
"的风气可再","0","2","2"
"风气可再封","0","2","2"
"气可再封他","0","2","2"
"可再封他的","0","2","2"
"再封他的一","0","2","2"
"个儿子为义","0","2","2"
"儿子为义康","0","2","2"
"子为义康郡","0","2","2"
"为义康郡公","0","2","2"
"子子孙孙继","0","2","2"
"子孙孙继承","0","2","2"
"孙孙继承不","0","2","2"
"孙继承不断","0","2","2"
"其余赏赐仍","0","2","2"
"余赏赐仍按","0","2","2"
"赏赐仍按旧","0","2","2"
"赐仍按旧章","0","2","2"
"杨素受文帝","0","2","2"
"他的兄弟杨","0","2","2"
"有的儿子没","0","2","2"
"的儿子没有","0","2","2"
"儿子没有任","0","2","2"
"子没有任何","0","2","2"
"没有任何汗","0","2","2"
"有任何汗马","0","2","2"
"任何汗马功","0","2","2"
"何汗马功劳","0","2","2"
"都位至柱国","0","2","2"
"的辅政大臣","0","2","2"
"负责尚书省","0","2","2"
"跟随文帝到","0","2","2"
"废为庶人的","0","2","2"
"率军十余万","0","2","2"
"布帛五千段","0","2","2"
"前后给他的","0","2","2"
"后给他的赏","0","2","2"
"负责料理丧","0","2","2"
"责料理丧事","0","2","2"
"的丰功伟业","0","2","2"
"们大多认为","0","2","2"
"官吏对他敬","0","2","2"
"吏对他敬重","0","2","2"
"对他敬重佩","0","2","2"
"他敬重佩服","0","2","2"
"都称赞他有","0","2","2"
"称赞他有才","0","2","2"
"赞他有才能","0","2","2"
"帝对他很是","0","2","2"
"并让他参与","0","2","2"
"黎阳负责督","0","2","2"
"阳负责督运","0","2","2"
"负责督运粮","0","2","2"
"杨玄感起事","0","2","2"
"为怀州刺史","0","2","2"
"杨玄感的军","0","2","2"
"的每天都有","0","2","2"
"蒙受国家的","0","2","2"
"的子孙替我","0","2","2"
"一旦到了这","0","2","2"
"旦到了这种","0","2","2"
"人将他比作","0","2","2"
"的兄弟杨玄","0","2","2"
"兵接踵而来","0","2","2"
"李子雄计议","0","2","2"
"挥军渡过黄","0","2","2"
"等人的军队","0","2","2"
"后来竟成为","0","2","2"
"来竟成为宦","0","2","2"
"竟成为宦官","0","2","2"
"自己的心意","0","2","2"
"是做臣子的","0","2","2"
"利用这个机","0","2","2"
"用这个机会","0","2","2"
"就可以长久","0","2","2"
"杨约到京城","0","2","2"
"封他为内史","0","2","2"
"他不久去世","0","2","2"
"就有远大的","0","2","2"
"有远大的志","0","2","2"
"首领阿那王","0","2","2"
"领阿那王襄","0","2","2"
"才回到京城","0","2","2"
"孝庄帝元子","0","2","2"
"庄帝元子攸","0","2","2"
"以都督的职","0","2","2"
"军队还未回","0","2","2"
"成为国家的","0","2","2"
"此对他更加","0","2","2"
"他的从弟尔","0","2","2"
"的从弟尔朱","0","2","2"
"从弟尔朱世","0","2","2"
"听说孝庄帝","0","2","2"
"他任给事黄","0","2","2"
"高欢有矛盾","0","2","2"
"后来跟随孝","0","2","2"
"地说出自己","0","2","2"
"说出自己的","0","2","2"
"朝廷命王肃","0","2","2"
"授给他持节","0","2","2"
"大中正的职","0","2","2"
"南齐将领裴","0","2","2"
"齐将领裴叔","0","2","2"
"将领裴叔业","0","2","2"
"兄弟几个都","0","2","2"
"元澄认为他","0","2","2"
"皇族宗室都","0","2","2"
"有多余的财","0","2","2"
"多余的财产","0","2","2"
"任宋青州刺","0","2","2"
"被沈文秀杀","0","2","2"
"沈文秀杀害","0","2","2"
"被授予中书","0","2","2"
"升任他为太","0","2","2"
"文帝对他十","0","2","2"
"妇女用麻束","0","2","2"
"女用麻束发","0","2","2"
"男子戴帽子","0","2","2"
"子戴帽子而","0","2","2"
"戴帽子而妇","0","2","2"
"帽子而妇女","0","2","2"
"子而妇女用","0","2","2"
"而妇女用簪","0","2","2"
"连连称赞他","0","2","2"
"连称赞他说","0","2","2"
"又兼任侍中","0","2","2"
"中正的官职","0","2","2"
"居住在武门","0","2","2"
"周代的老师","0","2","2"
"古代的帝王","0","2","2"
"王建立国家","0","2","2"
"公卿大臣的","0","2","2"
"过去的情况","0","2","2"
"或者在城内","0","2","2"
"或者在城外","0","2","2"
"在都城的四","0","2","2"
"四郊的学校","0","2","2"
"郑玄的注释","0","2","2"
"在四郊设立","0","2","2"
"四郊设立学","0","2","2"
"郊设立学校","0","2","2"
"距都城五十","0","2","2"
"都城五十里","0","2","2"
"出任青州刺","0","2","2"
"在郊外祭祀","0","2","2"
"是距城八里","0","2","2"
"距城八里的","0","2","2"
"里的郊外啊","0","2","2"
"东郊距城八","0","2","2"
"郊距城八里","0","2","2"
"距城七里的","0","2","2"
"城七里的郊","0","2","2"
"七里的郊外","0","2","2"
"南郊距都城","0","2","2"
"郊距都城七","0","2","2"
"卢植解释说","0","2","2"
"郑玄解释说","0","2","2"
"城西南的未","0","2","2"
"西南的未地","0","2","2"
"距都城五里","0","2","2"
"里的真实证","0","2","2"
"的真实证据","0","2","2"
"在距都城六","0","2","2"
"北郊距城六","0","2","2"
"郊距城六里","0","2","2"
"年间的旧例","0","2","2"
"设在洛阳城","0","2","2"
"过去的典章","0","2","2"
"去的典章制","0","2","2"
"置已经很久","0","2","2"
"学的读书人","0","2","2"
"司徒的职责","0","2","2"
"祭坛四周的","0","2","2"
"祭谷神的稷","0","2","2"
"太社内只种","0","2","2"
"代都不相同","0","2","2"
"宣武帝听从","0","2","2"
"刘芳的意见","0","2","2"
"刘芳举荐他","0","2","2"
"宣武帝不允","0","2","2"
"武帝不允许","0","2","2"
"喜好骑马射","0","2","2"
"为开府参军","0","2","2"
"选用了员外","0","2","2"
"用了员外郎","0","2","2"
"了员外郎卢","0","2","2"
"郎卢思道的","0","2","2"
"卢思道的八","0","2","2"
"思道的八首","0","2","2"
"刘逖的二首","0","2","2"
"其他人多的","0","2","2"
"他人多的也","0","2","2"
"人多的也不","0","2","2"
"多的也不过","0","2","2"
"的也不过三","0","2","2"
"也不过三四","0","2","2"
"不过三四首","0","2","2"
"参与朝廷的","0","2","2"
"与朝廷的机","0","2","2"
"廷的机密大","0","2","2"
"出使南陈的","0","2","2"
"使南陈的使","0","2","2"
"私下里对和","0","2","2"
"下里对和士","0","2","2"
"里对和士开","0","2","2"
"对和士开说","0","2","2"
"出京城任外","0","2","2"
"京城任外职","0","2","2"
"告诉给他们","0","2","2"
"这两个人都","0","2","2"
"祖王廷因事","0","2","2"
"王廷因事被","0","2","2"
"廷因事被朝","0","2","2"
"因事被朝廷","0","2","2"
"被调出朝廷","0","2","2"
"从小聪明过","0","2","2"
"小聪明过人","0","2","2"
"在金墉中书","0","2","2"
"送给宣武帝","0","2","2"
"都很有才干","0","2","2"
"以本官的职","0","2","2"
"本官的职务","0","2","2"
"官的职务兼","0","2","2"
"的人都佩服","0","2","2"
"把自己的两","0","2","2"
"都不认识他","0","2","2"
"今后一定会","0","2","2"
"博览经典史","0","2","2"
"他清廉谨慎","0","2","2"
"希望陛下整","0","2","2"
"望陛下整修","0","2","2"
"陛下整修这","0","2","2"
"下整修这座","0","2","2"
"整修这座山","0","2","2"
"跟在他的后","0","2","2"
"在他的后面","0","2","2"
"官职已经很","0","2","2"
"职已经很久","0","2","2"
"下诏采纳他","0","2","2"
"诏采纳他的","0","2","2"
"人们又因此","0","2","2"
"太极殿建成","0","2","2"
"并州大中正","0","2","2"
"下诏命郭祚","0","2","2"
"朝廷采纳了","0","2","2"
"廷采纳了他","0","2","2"
"传呼开道至","0","2","2"
"武帝到东宫","0","2","2"
"考察官员的","0","2","2"
"察官员的标","0","2","2"
"可以照顾以","0","2","2"
"以照顾以前","0","2","2"
"照顾以前的","0","2","2"
"顾以前的情","0","2","2"
"以前的情况","0","2","2"
"任职在六年","0","2","2"
"职在六年以","0","2","2"
"在六年以上","0","2","2"
"六年以上的","0","2","2"
"以上的升半","0","2","2"
"上的升半级","0","2","2"
"考绩在上下","0","2","2"
"绩在上下者","0","2","2"
"任为左仆射","0","2","2"
"同意他的建","0","2","2"
"意他的建议","0","2","2"
"替他奏闻朝","0","2","2"
"他奏闻朝廷","0","2","2"
"至青州刺史","0","2","2"
"览经典史书","0","2","2"
"到下面巡视","0","2","2"
"又恢复原来","0","2","2"
"任安西将军","0","2","2"
"人们称赞为","0","2","2"
"很是称赞他","0","2","2"
"规模宏大的","0","2","2"
"朝廷给他增","0","2","2"
"廷给他增加","0","2","2"
"都没有接受","0","2","2"
"等人一起被","0","2","2"
"很被孝文帝","0","2","2"
"到司空府的","0","2","2"
"兼御史中尉","0","2","2"
"东南方面的","0","2","2"
"宣武帝同意","0","2","2"
"有什么功劳","0","2","2"
"什么功劳呢","0","2","2"
"朝廷给他封","0","2","2"
"看见他十分","0","2","2"
"见他十分惊","0","2","2"
"河东的裴伯","0","2","2"
"东的裴伯茂","0","2","2"
"陇西人李神","0","2","2"
"西人李神俊","0","2","2"
"与陈郡的袁","0","2","2"
"陈郡的袁翻","0","2","2"
"他倾刻写成","0","2","2"
"邢邵的文章","0","2","2"
"家的这个小","0","2","2"
"迁任中书侍","0","2","2"
"向他征询意","0","2","2"
"他征询意见","0","2","2"
"才发给他俸","0","2","2"
"灵太后看到","0","2","2"
"以往戎马不","0","2","2"
"往戎马不息","0","2","2"
"没有对学校","0","2","2"
"有对学校社","0","2","2"
"对学校社庙","0","2","2"
"学校社庙加","0","2","2"
"校社庙加以","0","2","2"
"社庙加以修","0","2","2"
"庙加以修缮","0","2","2"
"官位已经很","0","2","2"
"位已经很高","0","2","2"
"邢邵过去就","0","2","2"
"任命的诏书","0","2","2"
"小小的越国","0","2","2"
"生三个儿子","0","2","2"
"他被授予太","0","2","2"
"文人学士之","0","2","2"
"天降甘露的","0","2","2"
"降甘露的祥","0","2","2"
"甘露的祥瑞","0","2","2"
"其中的要旨","0","2","2"
"有错误的书","0","2","2"
"优厚的赏赐","0","2","2"
"过了几个月","0","2","2"
"被任命为河","0","2","2"
"领步兵和骑","0","2","2"
"诏命李崇为","0","2","2"
"命李崇为使","0","2","2"
"李崇为使持","0","2","2"
"崇为使持节","0","2","2"
"氐人都离开","0","2","2"
"人都离开杨","0","2","2"
"都离开杨灵","0","2","2"
"离开杨灵珍","0","2","2"
"开杨灵珍逃","0","2","2"
"杨灵珍逃散","0","2","2"
"灵珍的人马","0","2","2"
"珍的人马顿","0","2","2"
"的人马顿时","0","2","2"
"人马顿时少","0","2","2"
"马顿时少了","0","2","2"
"顿时少了一","0","2","2"
"时少了一大","0","2","2"
"少了一大半","0","2","2"
"李崇挥军进","0","2","2"
"崇挥军进占","0","2","2"
"挥军进占赤","0","2","2"
"军进占赤土","0","2","2"
"进攻杨灵珍","0","2","2"
"为梁州刺史","0","2","2"
"看见小孩在","0","2","2"
"见小孩在同","0","2","2"
"小孩在同县","0","2","2"
"孩在同县赵","0","2","2"
"在同县赵奉","0","2","2"
"赵奉伯家里","0","2","2"
"是自己的孩","0","2","2"
"水灌入城内","0","2","2"
"爱惜自己的","0","2","2"
"有大将的谋","0","2","2"
"大将的谋略","0","2","2"
"勇壮士兵数","0","2","2"
"几乎无所不","0","2","2"
"乎无所不至","0","2","2"
"章武王元融","0","2","2"
"蠕蠕族首领","0","2","2"
"蠕族首领阿","0","2","2"
"族首领阿那","0","2","2"
"诏命李崇以","0","2","2"
"的职务兼任","0","2","2"
"孝明帝看了","0","2","2"
"帝看了连连","0","2","2"
"看了连连称","0","2","2"
"了连连称赞","0","2","2"
"太后不允许","0","2","2"
"跟随李崇北","0","2","2"
"受牵连被免","0","2","2"
"朝廷任安东","0","2","2"
"廷任安东王","0","2","2"
"任安东王元","0","2","2"
"安东王元鉴","0","2","2"
"东王元鉴为","0","2","2"
"王元鉴为徐","0","2","2"
"元鉴为徐州","0","2","2"
"鉴为徐州刺","0","2","2"
"被元法僧打","0","2","2"
"元法僧打败","0","2","2"
"单人独骑逃","0","2","2"
"人独骑逃了","0","2","2"
"独骑逃了回","0","2","2"
"骑逃了回来","0","2","2"
"廷又下诏恢","0","2","2"
"又下诏恢复","0","2","2"
"任他为徐州","0","2","2"
"史的官职不","0","2","2"
"的官职不变","0","2","2"
"见到了他的","0","2","2"
"命他以本官","0","2","2"
"王显代替李","0","2","2"
"显代替李平","0","2","2"
"代替李平为","0","2","2"
"替李平为御","0","2","2"
"李平为御史","0","2","2"
"平为御史中","0","2","2"
"李平被加封","0","2","2"
"平被加封为","0","2","2"
"被加封为散","0","2","2"
"恢复了他原","0","2","2"
"复了他原来","0","2","2"
"了他原来的","0","2","2"
"将领赵祖悦","0","2","2"
"领赵祖悦进","0","2","2"
"赵祖悦进逼","0","2","2"
"祖悦进逼寿","0","2","2"
"悦进逼寿春","0","2","2"
"的头颅送到","0","2","2"
"远远地超过","0","2","2"
"范阳的卢元","0","2","2"
"而杨遵彦中","0","2","2"
"杨遵彦中途","0","2","2"
"遵彦中途患","0","2","2"
"彦中途患病","0","2","2"
"中途患病回","0","2","2"
"途患病回来","0","2","2"
"竟没有成行","0","2","2"
"南梁的使者","0","2","2"
"襄帝高澄派","0","2","2"
"迁任秘书监","0","2","2"
"你自己身上","0","2","2"
"失实的地方","0","2","2"
"元氏改嫁给","0","2","2"
"孝文帝赐给","0","2","2"
"容德南渡黄","0","2","2"
"德南渡黄河","0","2","2"
"参与修撰国","0","2","2"
"廷的大政方","0","2","2"
"的大政方针","0","2","2"
"一起撰写国","0","2","2"
"李彪被解除","0","2","2"
"彪被解除著","0","2","2"
"被解除著作","0","2","2"
"解除著作的","0","2","2"
"除著作的职","0","2","2"
"朝廷专门把","0","2","2"
"廷专门把写","0","2","2"
"专门把写史","0","2","2"
"门把写史的","0","2","2"
"把写史的事","0","2","2"
"写史的事交","0","2","2"
"史的事交给","0","2","2"
"的事交给崔","0","2","2"
"事交给崔光","0","2","2"
"李彪不久因","0","2","2"
"彪不久因犯","0","2","2"
"不久因犯罪","0","2","2"
"久因犯罪被","0","2","2"
"帝当太子时","0","2","2"
"表请求将自","0","2","2"
"求将自己的","0","2","2"
"的君主看了","0","2","2"
"应该对他们","0","2","2"
"元愉的妾李","0","2","2"
"愉的妾李氏","0","2","2"
"还在襁褓中","0","2","2"
"当太子的老","0","2","2"
"太子的老师","0","2","2"
"东宫的侍臣","0","2","2"
"宫的侍臣一","0","2","2"
"的侍臣一起","0","2","2"
"侍臣一起对","0","2","2"
"臣一起对崔","0","2","2"
"一起对崔光","0","2","2"
"起对崔光叩","0","2","2"
"对崔光叩拜","0","2","2"
"元深的赏赐","0","2","2"
"深的赏赐各","0","2","2"
"的赏赐各有","0","2","2"
"安抚内外臣","0","2","2"
"抚内外臣民","0","2","2"
"崔光最为有","0","2","2"
"光最为有力","0","2","2"
"下诏允许他","0","2","2"
"县侯的爵位","0","2","2"
"光上表劝谏","0","2","2"
"的君臣关系","0","2","2"
"到郊庙祭祀","0","2","2"
"京兆王元继","0","2","2"
"他上表坚决","0","2","2"
"上表坚决推","0","2","2"
"不与任何人","0","2","2"
"的人所轻视","0","2","2"
"灵太后的父","0","2","2"
"后的父亲胡","0","2","2"
"的父亲胡国","0","2","2"
"父亲胡国珍","0","2","2"
"你还能记得","0","2","2"
"任尚书二千","0","2","2"
"朝廷命崔亮","0","2","2"
"很被宣武帝","0","2","2"
"孝明帝初年","0","2","2"
"从水陆两路","0","2","2"
"向敌人进攻","0","2","2"
"因立有战功","0","2","2"
"率部分军队","0","2","2"
"以至失去了","0","2","2"
"的人都称赞","0","2","2"
"其中的道理","0","2","2"
"有功勋的人","0","2","2"
"下诏不同意","0","2","2"
"并同意他的","0","2","2"
"同意他的请","0","2","2"
"意他的请求","0","2","2"
"我耻于没有","0","2","2"
"耻于没有辞","0","2","2"
"于没有辞让","0","2","2"
"没有辞让的","0","2","2"
"有辞让的道","0","2","2"
"辞让的道德","0","2","2"
"孝文帝称赞","0","2","2"
"文帝称赞他","0","2","2"
"官吏百姓对","0","2","2"
"吏百姓对他","0","2","2"
"百姓对他既","0","2","2"
"对他既敬畏","0","2","2"
"他既敬畏又","0","2","2"
"既敬畏又喜","0","2","2"
"不望风披靡","0","2","2"
"任为廷尉卿","0","2","2"
"为什么反而","0","2","2"
"被尔朱荣杀","0","2","2"
"尔朱荣杀害","0","2","2"
"他的儿子与","0","2","2"
"对他更加尊","0","2","2"
"的立身行事","0","2","2"
"我去世之后","0","2","2"
"不要向朝廷","0","2","2"
"要向朝廷请","0","2","2"
"廷请求封赠","0","2","2"
"一口松木棺","0","2","2"
"有事变发生","0","2","2"
"席法友等人","0","2","2"
"法友等人推","0","2","2"
"友等人推举","0","2","2"
"等人推举叔","0","2","2"
"人推举叔业","0","2","2"
"推举叔业哥","0","2","2"
"举叔业哥哥","0","2","2"
"叔业哥哥的","0","2","2"
"业哥哥的儿","0","2","2"
"哥的儿子裴","0","2","2"
"儿子裴植监","0","2","2"
"子裴植监管","0","2","2"
"裴植监管州","0","2","2"
"植监管州事","0","2","2"
"武帝下诏命","0","2","2"
"再升任为度","0","2","2"
"当作自己的","0","2","2"
"看了他的奏","0","2","2"
"他神色自若","0","2","2"
"将他埋葬在","0","2","2"
"赠封为尚书","0","2","2"
"夏侯道迁的","0","2","2"
"武帝对他十","0","2","2"
"他被濮阳太","0","2","2"
"被濮阳太守","0","2","2"
"守崔巨伦驱","0","2","2"
"崔巨伦驱逐","0","2","2"
"便丢弃州城","0","2","2"
"他为中书令","0","2","2"
"恭恭敬敬地","0","2","2"
"告诫他不要","0","2","2"
"终于不肯向","0","2","2"
"于不肯向海","0","2","2"
"不肯向海神","0","2","2"
"肯向海神下","0","2","2"
"州刺史等职","0","2","2"
"常侍的职务","0","2","2"
"认为他是一","0","2","2"
"为他是一个","0","2","2"
"赠封他为青","0","2","2"
"封他为青州","0","2","2"
"他为青州刺","0","2","2"
"地方长官的","0","2","2"
"遵照他的遗","0","2","2"
"照他的遗嘱","0","2","2"
"人都去投奔","0","2","2"
"百姓都愿意","0","2","2"
"的妻子皇甫","0","2","2"
"妻子皇甫氏","0","2","2"
"等到引见之","0","2","2"
"到引见之后","0","2","2"
"看到皇甫氏","0","2","2"
"到皇甫氏已","0","2","2"
"皇甫氏已年","0","2","2"
"甫氏已年近","0","2","2"
"氏已年近六","0","2","2"
"已年近六十","0","2","2"
"南朝的人有","0","2","2"
"朝的人有特","0","2","2"
"的人有特殊","0","2","2"
"人有特殊的","0","2","2"
"有特殊的爱","0","2","2"
"特殊的爱好","0","2","2"
"能珍重夫妻","0","2","2"
"珍重夫妻间","0","2","2"
"重夫妻间的","0","2","2"
"夫妻间的情","0","2","2"
"妻间的情义","0","2","2"
"泛涉猎经史","0","2","2"
"到长安拜谒","0","2","2"
"朝廷又命傅","0","2","2"
"廷又命傅永","0","2","2"
"对他十分尊","0","2","2"
"情十分深厚","0","2","2"
"一带的军队","0","2","2"
"的有数千人","0","2","2"
"不听从他的","0","2","2"
"廷又命他任","0","2","2"
"命傅永为统","0","2","2"
"率领马步两","0","2","2"
"领马步两军","0","2","2"
"马步两军一","0","2","2"
"父亲葬在北","0","2","2"
"亲葬在北邙","0","2","2"
"在他的封地","0","2","2"
"太后听从了","0","2","2"
"后听从了她","0","2","2"
"听从了她的","0","2","2"
"从了她的意","0","2","2"
"了她的意见","0","2","2"
"便葬在东清","0","2","2"
"葬在东清河","0","2","2"
"百斤的大弓","0","2","2"
"向左右两旁","0","2","2"
"左右两旁射","0","2","2"
"右两旁射箭","0","2","2"
"他性情豪爽","0","2","2"
"十人骑马逃","0","2","2"
"兄弟三人都","0","2","2"
"都有雄才大","0","2","2"
"他高声说道","0","2","2"
"就是傅灵越","0","2","2"
"又将他送到","0","2","2"
"求朝廷任命","0","2","2"
"他的俸禄和","0","2","2"
"少数民族的","0","2","2"
"不侵害百姓","0","2","2"
"侵害百姓的","0","2","2"
"害百姓的任","0","2","2"
"百姓的任何","0","2","2"
"姓的任何利","0","2","2"
"的任何利益","0","2","2"
"朝廷命竖眼","0","2","2"
"廷命竖眼为","0","2","2"
"委任官职的","0","2","2"
"天都有数百","0","2","2"
"都有数百人","0","2","2"
"亲自写玺书","0","2","2"
"赐给他骅骝","0","2","2"
"给他骅骝马","0","2","2"
"他骅骝马一","0","2","2"
"守王青石世","0","2","2"
"王青石世代","0","2","2"
"青石世代在","0","2","2"
"石世代在南","0","2","2"
"世代在南朝","0","2","2"
"代在南朝做","0","2","2"
"在南朝做官","0","2","2"
"荐自己所了","0","2","2"
"被齐军围困","0","2","2"
"为司空长史","0","2","2"
"历任给事黄","0","2","2"
"因年老辞官","0","2","2"
"右丞的职务","0","2","2"
"齐派散骑常","0","2","2"
"朝服参加丧","0","2","2"
"服参加丧礼","0","2","2"
"出自什么典","0","2","2"
"自什么典章","0","2","2"
"已经很长时","0","2","2"
"经很长时间","0","2","2"
"说罢又大笑","0","2","2"
"罢又大笑起","0","2","2"
"又大笑起来","0","2","2"
"屈己达人的","0","2","2"
"人住在一起","0","2","2"
"所应该做的","0","2","2"
"率大军到达","0","2","2"
"人专门负责","0","2","2"
"伊河和洛河","0","2","2"
"便启奏朝廷","0","2","2"
"出任平阳太","0","2","2"
"任平阳太守","0","2","2"
"任殿中侍御","0","2","2"
"还没有到达","0","2","2"
"他为什么要","0","2","2"
"被封为金紫","0","2","2"
"封为金紫光","0","2","2"
"至中书舍人","0","2","2"
"被宣武帝所","0","2","2"
"朝廷却没有","0","2","2"
"却没有接受","0","2","2"
"人无所畏惧","0","2","2"
"尔朱天光任","0","2","2"
"帝也很器重","0","2","2"
"也很器重他","0","2","2"
"为御史中丞","0","2","2"
"提笔一挥而","0","2","2"
"笔一挥而就","0","2","2"
"宇文泰看后","0","2","2"
"兼领中书舍","0","2","2"
"他参与朝廷","0","2","2"
"到尚书省去","0","2","2"
"有关的事情","0","2","2"
"接受别人的","0","2","2"
"真正的人才","0","2","2"
"边境的人民","0","2","2"
"被举荐的人","0","2","2"
"举荐他的人","0","2","2"
"下令让他们","0","2","2"
"兼领给事黄","0","2","2"
"领给事黄门","0","2","2"
"掌管朝廷的","0","2","2"
"王瞴父的女","0","2","2"
"瞴父的女儿","0","2","2"
"他与赵郡王","0","2","2"
"他任吏部尚","0","2","2"
"臣们的意思","0","2","2"
"因任幽州中","0","2","2"
"幽州中正时","0","2","2"
"州中正时受","0","2","2"
"中正时受人","0","2","2"
"正时受人财","0","2","2"
"时受人财货","0","2","2"
"受人财货被","0","2","2"
"人财货被免","0","2","2"
"情况告诉了","0","2","2"
"任为大将军","0","2","2"
"空洞虚无的","0","2","2"
"来讽喻朝廷","0","2","2"
"他奏请朝廷","0","2","2"
"不是真正的","0","2","2"
"阳伯彦等人","0","2","2"
"与贺拔胜一","0","2","2"
"他听说高欢","0","2","2"
"为大行台郎","0","2","2"
"您如果接受","0","2","2"
"如果接受天","0","2","2"
"果接受天命","0","2","2"
"终会占有关","0","2","2"
"会占有关右","0","2","2"
"占有关右一","0","2","2"
"有关右一带","0","2","2"
"关右一带的","0","2","2"
"右一带的土","0","2","2"
"专门负责起","0","2","2"
"门负责起草","0","2","2"
"受魏孝静帝","0","2","2"
"文宣帝受禅","0","2","2"
"心里十分恼","0","2","2"
"朝廷的礼仪","0","2","2"
"被封为始平","0","2","2"
"任中山太守","0","2","2"
"休之任他为","0","2","2"
"之任他为国","0","2","2"
"任他为国子","0","2","2"
"他为国子博","0","2","2"
"读书人因此","0","2","2"
"书人因此都","0","2","2"
"人因此都心","0","2","2"
"因此都心归","0","2","2"
"此都心归朝","0","2","2"
"都心归朝廷","0","2","2"
"襄帝高澄亲","0","2","2"
"的儿子阳辟","0","2","2"
"儿子阳辟疆","0","2","2"
"自己的看法","0","2","2"
"休之建议应","0","2","2"
"之建议应以","0","2","2"
"建议应以天","0","2","2"
"议应以天保","0","2","2"
"应以天保元","0","2","2"
"以天保元年","0","2","2"
"天保元年为","0","2","2"
"保元年为北","0","2","2"
"元年为北齐","0","2","2"
"年为北齐的","0","2","2"
"为北齐的起","0","2","2"
"北齐的起始","0","2","2"
"齐的起始断","0","2","2"
"的起始断限","0","2","2"
"起始断限年","0","2","2"
"始断限年代","0","2","2"
"魏收在世时","0","2","2"
"文章虽然不","0","2","2"
"章虽然不瑰","0","2","2"
"虽然不瑰丽","0","2","2"
"然不瑰丽华","0","2","2"
"不瑰丽华美","0","2","2"
"却也典雅端","0","2","2"
"也典雅端正","0","2","2"
"被人们所鄙","0","2","2"
"人们所鄙视","0","2","2"
"他们的衣服","0","2","2"
"的衣服脱掉","0","2","2"
"人们议论说","0","2","2"
"学习经典史","0","2","2"
"习经典史籍","0","2","2"
"喜好写文章","0","2","2"
"有远大的前","0","2","2"
"将他召入宫","0","2","2"
"他召入宫中","0","2","2"
"负责监修起","0","2","2"
"责监修起居","0","2","2"
"孝庄帝平定","0","2","2"
"他常对人说","0","2","2"
"人们也因此","0","2","2"
"们也因此称","0","2","2"
"帝高欢因此","0","2","2"
"他出入于青","0","2","2"
"出入于青楼","0","2","2"
"入于青楼妓","0","2","2"
"于青楼妓馆","0","2","2"
"元士亮等人","0","2","2"
"士亮等人作","0","2","2"
"亮等人作声","0","2","2"
"等人作声色","0","2","2"
"人作声色之","0","2","2"
"作声色之游","0","2","2"
"他的妻子是","0","2","2"
"州一级的建","0","2","2"
"一级的建制","0","2","2"
"襄帝高澄将","0","2","2"
"囚禁的地方","0","2","2"
"宣帝高洋接","0","2","2"
"他的哥哥高","0","2","2"
"丞相的职务","0","2","2"
"他任意从教","0","2","2"
"任意从教判","0","2","2"
"意从教判那","0","2","2"
"从教判那里","0","2","2"
"教判那里取","0","2","2"
"判那里取东","0","2","2"
"那里取东西","0","2","2"
"并且偷走官","0","2","2"
"且偷走官藏","0","2","2"
"偷走官藏的","0","2","2"
"流配在街市","0","2","2"
"配在街市里","0","2","2"
"在街市里巷","0","2","2"
"制造胡桃油","0","2","2"
"文宣帝每次","0","2","2"
"给长广王高","0","2","2"
"他为中书侍","0","2","2"
"跳胡人的舞","0","2","2"
"胡人的舞蹈","0","2","2"
"和士开忌恨","0","2","2"
"知道武成帝","0","2","2"
"武成帝同意","0","2","2"
"成帝同意了","0","2","2"
"意了他的奏","0","2","2"
"成帝认为太","0","2","2"
"帝认为太子","0","2","2"
"认为太子高","0","2","2"
"为太子高讳","0","2","2"
"太子高讳是","0","2","2"
"子高讳是自","0","2","2"
"高讳是自己","0","2","2"
"讳是自己的","0","2","2"
"是自己的长","0","2","2"
"自己的长子","0","2","2"
"古以来就没","0","2","2"
"以来就没有","0","2","2"
"帝的儿子都","0","2","2"
"是除旧布新","0","2","2"
"除旧布新的","0","2","2"
"和士开的罪","0","2","2"
"赵彦深等人","0","2","2"
"才会有今天","0","2","2"
"能赶得上我","0","2","2"
"皇帝的宝座","0","2","2"
"武成帝愈加","0","2","2"
"成帝愈加恼","0","2","2"
"帝愈加恼怒","0","2","2"
"堵住他的嘴","0","2","2"
"流放到光州","0","2","2"
"虽然是一个","0","2","2"
"他为海州刺","0","2","2"
"为海州刺史","0","2","2"
"为什么不早","0","2","2"
"后主听从了","0","2","2"
"逐渐被朝廷","0","2","2"
"封为燕郡公","0","2","2"
"他十分厌恶","0","2","2"
"老母不得语","0","2","2"
"与广宁王高","0","2","2"
"有做大臣的","0","2","2"
"替自己分辩","0","2","2"
"为郑州刺史","0","2","2"
"坐在御榻上","0","2","2"
"朝廷对他的","0","2","2"
"自从和士开","0","2","2"
"用的人都很","0","2","2"
"任为徐州刺","0","2","2"
"要求面见后","0","2","2"
"求面见后主","0","2","2"
"将他追回来","0","2","2"
"免去了他的","0","2","2"
"提婆听说后","0","2","2"
"城得以保全","0","2","2"
"他的祖先居","0","2","2"
"的祖先居住","0","2","2"
"被封为散骑","0","2","2"
"百里的土地","0","2","2"
"继任为酋长","0","2","2"
"怎么忍心再","0","2","2"
"父亲尔朱新","0","2","2"
"亲尔朱新兴","0","2","2"
"天到京城朝","0","2","2"
"请求朝廷将","0","2","2"
"求朝廷将他","0","2","2"
"封为博陵郡","0","2","2"
"尔朱荣上表","0","2","2"
"他的从子尔","0","2","2"
"的从子尔朱","0","2","2"
"从子尔朱天","0","2","2"
"子尔朱天光","0","2","2"
"了尔朱荣的","0","2","2"
"尔朱荣的打","0","2","2"
"朱荣的打算","0","2","2"
"所有的官员","0","2","2"
"在孝庄帝的","0","2","2"
"传位的禅文","0","2","2"
"着皇帝的车","0","2","2"
"北边来的人","0","2","2"
"孝庄帝左右","0","2","2"
"帝想杀掉他","0","2","2"
"孝庄帝同意","0","2","2"
"人们的情绪","0","2","2"
"又奏请朝廷","0","2","2"
"加封尔朱荣","0","2","2"
"有百万之众","0","2","2"
"将敌兵打得","0","2","2"
"敌兵打得大","0","2","2"
"兵打得大败","0","2","2"
"他为大丞相","0","2","2"
"与尔朱荣会","0","2","2"
"高道穆等人","0","2","2"
"乘夜渡过黄","0","2","2"
"夜渡过黄河","0","2","2"
"为天柱大将","0","2","2"
"阳县的县令","0","2","2"
"大臣的礼节","0","2","2"
"孝庄帝派尔","0","2","2"
"庄帝派尔朱","0","2","2"
"尔朱荣派他","0","2","2"
"擒获万俟丑","0","2","2"
"获万俟丑奴","0","2","2"
"将他们送到","0","2","2"
"对尔朱荣说","0","2","2"
"老兄你一起","0","2","2"
"以称得上是","0","2","2"
"再用来打仗","0","2","2"
"听说尔朱荣","0","2","2"
"说尔朱荣在","0","2","2"
"尔朱荣在北","0","2","2"
"尔朱荣手下","0","2","2"
"朱荣手下的","0","2","2"
"询问尔朱荣","0","2","2"
"掉尔朱荣的","0","2","2"
"阳王元徽和","0","2","2"
"王元徽和杨","0","2","2"
"元徽和杨侃","0","2","2"
"孝庄帝召见","0","2","2"
"对温子升说","0","2","2"
"尔朱世隆不","0","2","2"
"在明光殿东","0","2","2"
"因饮酒过量","0","2","2"
"尔朱荣的儿","0","2","2"
"朱荣的儿子","0","2","2"
"荣的儿子尔","0","2","2"
"的儿子尔朱","0","2","2"
"尔朱荣虽然","0","2","2"
"以骑马射箭","0","2","2"
"园饮酒射箭","0","2","2"
"有人劝阻他","0","2","2"
"襄帝高澄曾","0","2","2"
"都由您来决","0","2","2"
"由您来决定","0","2","2"
"父亲尔朱荣","0","2","2"
"写一篇好的","0","2","2"
"一篇好的传","0","2","2"
"篇好的传记","0","2","2"
"与猛兽格斗","0","2","2"
"元颢的儿子","0","2","2"
"颢的儿子元","0","2","2"
"的儿子元冠","0","2","2"
"孝庄帝回到","0","2","2"
"庄帝回到京","0","2","2"
"封他为车骑","0","2","2"
"授予他大将","0","2","2"
"予他大将军","0","2","2"
"与尔朱世隆","0","2","2"
"一时四散逃","0","2","2"
"时四散逃走","0","2","2"
"押送孝庄帝","0","2","2"
"尔朱兆准备","0","2","2"
"去世的父亲","0","2","2"
"孝庄帝被囚","0","2","2"
"庄帝被囚禁","0","2","2"
"尔朱兆进攻","0","2","2"
"加封为都督","0","2","2"
"尔朱兆与尔","0","2","2"
"朱兆与尔朱","0","2","2"
"兆与尔朱仲","0","2","2"
"与尔朱仲远","0","2","2"
"尔朱仲远等","0","2","2"
"大一会儿就","0","2","2"
"便向尔朱兆","0","2","2"
"的女儿为皇","0","2","2"
"将领的才能","0","2","2"
"被授予仪同","0","2","2"
"他狼狈逃出","0","2","2"
"在闾阖门外","0","2","2"
"头颅悬挂在","0","2","2"
"家门前的树","0","2","2"
"门前的树上","0","2","2"
"又兼任尚书","0","2","2"
"朝廷又加封","0","2","2"
"尔朱度律一","0","2","2"
"朱度律一起","0","2","2"
"骑兵从晋阳","0","2","2"
"之间互相猜","0","2","2"
"他又与尔朱","0","2","2"
"一起在韩陵","0","2","2"
"不是好的计","0","2","2"
"又率领众人","0","2","2"
"封他为乐平","0","2","2"
"与尔朱兆在","0","2","2"
"平定洛阳后","0","2","2"
"对他非常恼","0","2","2"
"他非常恼恨","0","2","2"
"到自己家里","0","2","2"
"他性情聪明","0","2","2"
"任尚书令后","0","2","2"
"等人在韩陵","0","2","2"
"和他的兄弟","0","2","2"
"握槊的游戏","0","2","2"
"他对妻子说","0","2","2"
"尚书令和仆","0","2","2"
"书令和仆射","0","2","2"
"告诉给世隆","0","2","2"
"的衣着打扮","0","2","2"
"孝明帝驾崩","0","2","2"
"的事委托给","0","2","2"
"事委托给他","0","2","2"
"他与元天穆","0","2","2"
"管并州的政","0","2","2"
"丑奴又与萧","0","2","2"
"奴又与萧宝","0","2","2"
"又与萧宝夤","0","2","2"
"与萧宝夤在","0","2","2"
"萧宝夤在安","0","2","2"
"宝夤在安定","0","2","2"
"夤在安定对","0","2","2"
"在安定对峙","0","2","2"
"便命尔朱天","0","2","2"
"命尔朱天光","0","2","2"
"尔朱天光为","0","2","2"
"朱天光为使","0","2","2"
"天光为使持","0","2","2"
"光为使持节","0","2","2"
"讨伐万俟丑","0","2","2"
"伐万俟丑奴","0","2","2"
"贺拔岳率一","0","2","2"
"拔岳率一千","0","2","2"
"岳率一千骑","0","2","2"
"委任的行台","0","2","2"
"的军队进至","0","2","2"
"敌人的行台","0","2","2"
"人的行台万","0","2","2"
"的行台万俟","0","2","2"
"又与贺拔岳","0","2","2"
"莫陈悦等人","0","2","2"
"贼兵首领王","0","2","2"
"兵首领王庆","0","2","2"
"首领王庆云","0","2","2"
"又埋伏士兵","0","2","2"
"埋伏士兵在","0","2","2"
"伏士兵在木","0","2","2"
"士兵在木枪","0","2","2"
"兵在木枪里","0","2","2"
"在木枪里面","0","2","2"
"一带的人都","0","2","2"
"带的人都来","0","2","2"
"的人都来归","0","2","2"
"贺拔岳听说","0","2","2"
"封爵位为广","0","2","2"
"听说尔朱兆","0","2","2"
"高欢又将他","0","2","2"
"父亲斛斯足","0","2","2"
"目的无法实","0","2","2"
"的无法实现","0","2","2"
"他因参与拥","0","2","2"
"为城阳郡公","0","2","2"
"他的父亲斛","0","2","2"
"劝说尔朱世","0","2","2"
"说尔朱世隆","0","2","2"
"尔朱度律与","0","2","2"
"朱度律与尔","0","2","2"
"度律与尔朱","0","2","2"
"律与尔朱兆","0","2","2"
"贾显智等人","0","2","2"
"们全部杀死","0","2","2"
"将他们的头","0","2","2"
"他们的头颅","0","2","2"
"命斛斯椿为","0","2","2"
"恐怕会发生","0","2","2"
"斛斯椿一起","0","2","2"
"他历任司徒","0","2","2"
"年四十三岁","0","2","2"
"孝武帝亲自","0","2","2"
"追赠他为大","0","2","2"
"建立的功勋","0","2","2"
"廷封他为司","0","2","2"
"宣帝不同意","0","2","2"
"坐罪被免去","0","2","2"
"郑译谱写的","0","2","2"
"译谱写的新","0","2","2"
"谱写的新乐","0","2","2"
"不师法往古","0","2","2"
"复他的官爵","0","2","2"
"授予他太子","0","2","2"
"回到尔朱荣","0","2","2"
"到尔朱荣那","0","2","2"
"尔朱荣那里","0","2","2"
"他为晋州刺","0","2","2"
"为晋州刺史","0","2","2"
"所以他在台","0","2","2"
"以他在台阁","0","2","2"
"连续升迁并","0","2","2"
"续升迁并受","0","2","2"
"升迁并受到","0","2","2"
"迁并受到重","0","2","2"
"并受到重用","0","2","2"
"尔朱荣被朝","0","2","2"
"便渡过黄河","0","2","2"
"德等追讨尔","0","2","2"
"等追讨尔朱","0","2","2"
"追讨尔朱仲","0","2","2"
"讨尔朱仲远","0","2","2"
"仲远逃向梁","0","2","2"
"杜德收编了","0","2","2"
"德收编了仲","0","2","2"
"收编了仲远","0","2","2"
"编了仲远的","0","2","2"
"了仲远的兵","0","2","2"
"升任为吏部","0","2","2"
"任为吏部尚","0","2","2"
"责选拔官吏","0","2","2"
"向敌兵投降","0","2","2"
"归顺尔朱荣","0","2","2"
"厚地对待他","0","2","2"
"任命为平州","0","2","2"
"命为平州刺","0","2","2"
"东莱王元贵","0","2","2"
"莱王元贵平","0","2","2"
"他便将贵平","0","2","2"
"便将贵平抓","0","2","2"
"将贵平抓获","0","2","2"
"海王元晔即","0","2","2"
"孝武帝末年","0","2","2"
"汝阳王元暹","0","2","2"
"的军队包围","0","2","2"
"你们兄弟三","0","2","2"
"投靠了尔朱","0","2","2"
"靠了尔朱荣","0","2","2"
"被孝庄帝杀","0","2","2"
"朝廷命贺拔","0","2","2"
"廷命贺拔胜","0","2","2"
"命贺拔胜为","0","2","2"
"位为尚书令","0","2","2"
"武帝高欢与","0","2","2"
"朝廷下诏封","0","2","2"
"封他为太保","0","2","2"
"与周文帝宇","0","2","2"
"都督的身份","0","2","2"
"自己的名字","0","2","2"
"被高欢杀害","0","2","2"
"亲手写信给","0","2","2"
"对我的恩遇","0","2","2"
"很长时间的","0","2","2"
"他骑在马上","0","2","2"
"骑在马上射","0","2","2"
"在马上射击","0","2","2"
"马上射击飞","0","2","2"
"上射击飞鸟","0","2","2"
"十中其五六","0","2","2"
"与敌人对垒","0","2","2"
"魏文帝元宝","0","2","2"
"文帝元宝炬","0","2","2"
"帝元宝炬的","0","2","2"
"他的哥哥贺","0","2","2"
"的哥哥贺拔","0","2","2"
"哥哥贺拔胜","0","2","2"
"贺拔岳前去","0","2","2"
"拔岳前去讨","0","2","2"
"岳前去讨伐","0","2","2"
"为尔朱天光","0","2","2"
"贺拔岳在渭","0","2","2"
"了侯伏侯元","0","2","2"
"廷命他为都","0","2","2"
"给后部鼓吹","0","2","2"
"他被加封为","0","2","2"
"接受贺拔岳","0","2","2"
"受贺拔岳的","0","2","2"
"与侯莫陈悦","0","2","2"
"贺拔岳召请","0","2","2"
"雍州刺史等","0","2","2"
"他跟着尔朱","0","2","2"
"率领众人入","0","2","2"
"宇文泰那里","0","2","2"
"侯莫陈悦被","0","2","2"
"被授予大都","0","2","2"
"晋爵为昌国","0","2","2"
"爵为昌国伯","0","2","2"
"任贺拔岳的","0","2","2"
"在兄弟当中","0","2","2"
"他最为轻财","0","2","2"
"最为轻财好","0","2","2"
"为轻财好施","0","2","2"
"他被朝廷封","0","2","2"
"家里的东西","0","2","2"
"朝廷下特诏","0","2","2"
"武帝拉着他","0","2","2"
"你能做到的","0","2","2"
"河王元怿任","0","2","2"
"请他任左曹","0","2","2"
"的人全部被","0","2","2"
"们为所欲为","0","2","2"
"行为卑劣的","0","2","2"
"专门侍奉他","0","2","2"
"对公卿大臣","0","2","2"
"十岁的老人","0","2","2"
"岁的老人授","0","2","2"
"八十岁的老","0","2","2"
"帝被迫西入","0","2","2"
"小失去父亲","0","2","2"
"的人任长史","0","2","2"
"监察扬州的","0","2","2"
"察扬州的军","0","2","2"
"扬州的军队","0","2","2"
"仆射高隆之","0","2","2"
"高隆之共同","0","2","2"
"朝廷任辛术","0","2","2"
"廷任辛术为","0","2","2"
"任辛术为东","0","2","2"
"辛术为东南","0","2","2"
"术为东南道","0","2","2"
"封为江夏县","0","2","2"
"为江夏县男","0","2","2"
"北齐天保元","0","2","2"
"文宣帝听到","0","2","2"
"宣帝听到奏","0","2","2"
"帝听到奏报","0","2","2"
"听到奏报后","0","2","2"
"官吏大多不","0","2","2"
"清廉正直的","0","2","2"
"廉正直的人","0","2","2"
"他历任司州","0","2","2"
"牧腱的女儿","0","2","2"
"的父亲高崇","0","2","2"
"孝庄帝命他","0","2","2"
"四方的官吏","0","2","2"
"方的官吏百","0","2","2"
"吏百姓都知","0","2","2"
"百姓都知道","0","2","2"
"姓都知道皇","0","2","2"
"都知道皇帝","0","2","2"
"知道皇帝在","0","2","2"
"道皇帝在哪","0","2","2"
"皇帝在哪里","0","2","2"
"朝廷机密大","0","2","2"
"廷机密大事","0","2","2"
"机密大事的","0","2","2"
"密大事的商","0","2","2"
"人铸造的薄","0","2","2"
"铸造的薄钱","0","2","2"
"每斤铜可铸","0","2","2"
"斤铜可铸二","0","2","2"
"铜可铸二百","0","2","2"
"可铸二百多","0","2","2"
"拿着红色木","0","2","2"
"着红色木棒","0","2","2"
"红色木棒的","0","2","2"
"高道穆命军","0","2","2"
"道穆命军卒","0","2","2"
"穆命军卒用","0","2","2"
"命军卒用木","0","2","2"
"军卒用木棒","0","2","2"
"卒用木棒将","0","2","2"
"用木棒将她","0","2","2"
"木棒将她坐","0","2","2"
"棒将她坐的","0","2","2"
"将她坐的车","0","2","2"
"她坐的车子","0","2","2"
"坐的车子打","0","2","2"
"的车子打坏","0","2","2"
"与御史一起","0","2","2"
"作恶被惩处","0","2","2"
"也不会喊冤","0","2","2"
"病辞去官职","0","2","2"
"少年以侍奉","0","2","2"
"年以侍奉后","0","2","2"
"以侍奉后母","0","2","2"
"侍奉后母孝","0","2","2"
"奉后母孝顺","0","2","2"
"后母孝顺闻","0","2","2"
"母孝顺闻名","0","2","2"
"人民不堪忍","0","2","2"
"民不堪忍受","0","2","2"
"他们的父母","0","2","2"
"不能使他屈","0","2","2"
"能使他屈服","0","2","2"
"不是因为钱","0","2","2"
"是因为钱铸","0","2","2"
"因为钱铸造","0","2","2"
"为钱铸造得","0","2","2"
"任奏事中散","0","2","2"
"泛涉猎文学","0","2","2"
"以后又正名","0","2","2"
"后又正名为","0","2","2"
"又正名为士","0","2","2"
"正名为士郎","0","2","2"
"参与纂修皇","0","2","2"
"与纂修皇帝","0","2","2"
"纂修皇帝的","0","2","2"
"尔朱荣在河","0","2","2"
"朱荣在河阴","0","2","2"
"节闵帝即皇","0","2","2"
"任卫大将军","0","2","2"
"涉猎文史经","0","2","2"
"猎文史经典","0","2","2"
"朝廷命费穆","0","2","2"
"为兼尚书右","0","2","2"
"生的聪明敏","0","2","2"
"的聪明敏慧","0","2","2"
"很为神武帝","0","2","2"
"为神武帝高","0","2","2"
"武帝高欢喜","0","2","2"
"帝高欢喜爱","0","2","2"
"命游娘做他","0","2","2"
"游娘做他的","0","2","2"
"娘做他的母","0","2","2"
"做他的母亲","0","2","2"
"他的恩遇不","0","2","2"
"的恩遇不同","0","2","2"
"恩遇不同于","0","2","2"
"遇不同于其","0","2","2"
"不同于其他","0","2","2"
"同于其他子","0","2","2"
"于其他子侄","0","2","2"
"郡王高琛的","0","2","2"
"开玩笑对他","0","2","2"
"玩笑对他说","0","2","2"
"武帝怀疑他","0","2","2"
"神武帝很是","0","2","2"
"没有能赶上","0","2","2"
"他的母亲去","0","2","2"
"的母亲去世","0","2","2"
"长时间斋戒","0","2","2"
"年龄才十七","0","2","2"
"龄才十七岁","0","2","2"
"一位优秀的","0","2","2"
"亲自指挥军","0","2","2"
"自指挥军队","0","2","2"
"山王高演等","0","2","2"
"邺城奉迎武","0","2","2"
"城奉迎武成","0","2","2"
"奉迎武成帝","0","2","2"
"后主天统时","0","2","2"
"后主高纬亲","0","2","2"
"主高纬亲自","0","2","2"
"到他家里看","0","2","2"
"他家里看望","0","2","2"
"他才止住哭","0","2","2"
"才止住哭声","0","2","2"
"大家都认为","0","2","2"
"述自己的志","0","2","2"
"武成帝去世","0","2","2"
"到了宫殿门","0","2","2"
"了宫殿门口","0","2","2"
"出宫走到永","0","2","2"
"宫走到永巷","0","2","2"
"年仅三十六","0","2","2"
"仅三十六岁","0","2","2"
"武帝高欢从","0","2","2"
"他的母亲山","0","2","2"
"的母亲山氏","0","2","2"
"在别的屋子","0","2","2"
"武帝见了他","0","2","2"
"久加封为开","0","2","2"
"他管辖的地","0","2","2"
"高岳率领军","0","2","2"
"岳率领军队","0","2","2"
"并将他擒获","0","2","2"
"下来镇守邺","0","2","2"
"的军队攻克","0","2","2"
"声越来越大","0","2","2"
"到自己家中","0","2","2"
"薛氏的姐姐","0","2","2"
"了别人家的","0","2","2"
"赠他为太师","0","2","2"
"爵位为清河","0","2","2"
"的军队打败","0","2","2"
"后主不听从","0","2","2"
"问他北齐灭","0","2","2"
"他北齐灭亡","0","2","2"
"齐灭亡的原","0","2","2"
"灭亡的原因","0","2","2"
"授予他开府","0","2","2"
"你们父子二","0","2","2"
"们父子二人","0","2","2"
"他为行军总","0","2","2"
"功被授予上","0","2","2"
"被授予上开","0","2","2"
"授予上开府","0","2","2"
"予上开府的","0","2","2"
"上开府的官","0","2","2"
"开府的官职","0","2","2"
"赐给物品三","0","2","2"
"给物品三千","0","2","2"
"物品三千段","0","2","2"
"武帝又命他","0","2","2"
"他任济州刺","0","2","2"
"任他的长史","0","2","2"
"把情况奏报","0","2","2"
"情况奏报给","0","2","2"
"任原来的官","0","2","2"
"参与机密大","0","2","2"
"与机密大事","0","2","2"
"诛杀杨忄音","0","2","2"
"高百年为皇","0","2","2"
"百年为皇太","0","2","2"
"年为皇太子","0","2","2"
"斛律丰乐为","0","2","2"
"河南王高孝","0","2","2"
"南王高孝瑜","0","2","2"
"现在召集文","0","2","2"
"在召集文武","0","2","2"
"拿出这个诏","0","2","2"
"出这个诏命","0","2","2"
"抓捕斛律丰","0","2","2"
"捕斛律丰乐","0","2","2"
"将高归彦斩","0","2","2"
"高归彦斩首","0","2","2"
"推举济南王","0","2","2"
"举济南王称","0","2","2"
"济南王称帝","0","2","2"
"用正道去讨","0","2","2"
"正道去讨伐","0","2","2"
"道去讨伐邪","0","2","2"
"去讨伐邪恶","0","2","2"
"这是万世难","0","2","2"
"是万世难逢","0","2","2"
"万世难逢的","0","2","2"
"世难逢的好","0","2","2"
"难逢的好机","0","2","2"
"逢的好机会","0","2","2"
"的好机会呀","0","2","2"
"好机会呀高","0","2","2"
"机会呀高湛","0","2","2"
"会呀高湛听","0","2","2"
"呀高湛听了","0","2","2"
"高湛听了大","0","2","2"
"湛听了大为","0","2","2"
"听了大为高","0","2","2"
"了大为高兴","0","2","2"
"但又狐疑不","0","2","2"
"又狐疑不决","0","2","2"
"竟没有按他","0","2","2"
"没有按他的","0","2","2"
"有按他的意","0","2","2"
"按他的意见","0","2","2"
"他的意见办","0","2","2"
"成为天下的","0","2","2"
"为天下的君","0","2","2"
"天下的君主","0","2","2"
"与祖王廷共","0","2","2"
"祖王廷共同","0","2","2"
"共同执掌朝","0","2","2"
"同执掌朝政","0","2","2"
"祖王廷请求","0","2","2"
"奉文襄帝高","0","2","2"
"为左卫大将","0","2","2"
"官至尚书令","0","2","2"
"建立功勋代","0","2","2"
"立功勋代行","0","2","2"
"功勋代行河","0","2","2"
"勋代行河州","0","2","2"
"代行河州牧","0","2","2"
"行河州牧守","0","2","2"
"赠他为司徒","0","2","2"
"他已有九岁","0","2","2"
"已有九岁时","0","2","2"
"高欢见了又","0","2","2"
"欢见了又悲","0","2","2"
"见了又悲又","0","2","2"
"了又悲又喜","0","2","2"
"他为徐州刺","0","2","2"
"归彦为平秦","0","2","2"
"彦为平秦王","0","2","2"
"他善于侍奉","0","2","2"
"文宣帝诛杀","0","2","2"
"赐给他钱币","0","2","2"
"命赵郡王高","0","2","2"
"私下里问他","0","2","2"
"刘桃枝将他","0","2","2"
"刀将他杀死","0","2","2"
"可用这两件","0","2","2"
"用这两件武","0","2","2"
"这两件武器","0","2","2"
"两件武器威","0","2","2"
"件武器威吓","0","2","2"
"武器威吓人","0","2","2"
"帝高欢的第","0","2","2"
"见解大有长","0","2","2"
"解大有长进","0","2","2"
"们集合在一","0","2","2"
"府中的幕僚","0","2","2"
"至朝廷任侍","0","2","2"
"朝廷任侍中","0","2","2"
"他又转任司","0","2","2"
"领大宗正卿","0","2","2"
"又迁任太师","0","2","2"
"高归彦的叛","0","2","2"
"归彦的叛乱","0","2","2"
"他的妃子郑","0","2","2"
"的妃子郑氏","0","2","2"
"送给他鍂车","0","2","2"
"给他鍂车京","0","2","2"
"他鍂车京丧","0","2","2"
"廷封他为上","0","2","2"
"自神武帝以","0","2","2"
"文洛是文宣","0","2","2"
"洛是文宣帝","0","2","2"
"文宣帝的家","0","2","2"
"宣帝的家奴","0","2","2"
"积累功劳当","0","2","2"
"累功劳当上","0","2","2"
"功劳当上了","0","2","2"
"劳当上了刺","0","2","2"
"当上了刺史","0","2","2"
"天保初年受","0","2","2"
"保初年受封","0","2","2"
"封为正平郡","0","2","2"
"为正平郡公","0","2","2"
"一个骑马的","0","2","2"
"个骑马的人","0","2","2"
"官吏百姓所","0","2","2"
"吏百姓所怀","0","2","2"
"百姓所怀念","0","2","2"
"弟十五人只","0","2","2"
"十五人只剩","0","2","2"
"五人只剩下","0","2","2"
"人只剩下我","0","2","2"
"只剩下我一","0","2","2"
"剩下我一个","0","2","2"
"遭逢宗庙瓦","0","2","2"
"逢宗庙瓦解","0","2","2"
"今日如果死","0","2","2"
"也无愧于祖","0","2","2"
"无愧于祖先","0","2","2"
"愧于祖先的","0","2","2"
"于祖先的坟","0","2","2"
"祖先的坟陵","0","2","2"
"武帝的第十","0","2","2"
"的第十一个","0","2","2"
"第十一个儿","0","2","2"
"十一个儿子","0","2","2"
"天保元年受","0","2","2"
"保元年受封","0","2","2"
"在文宣帝的","0","2","2"
"官吏的职责","0","2","2"
"北齐受禅代","0","2","2"
"参与了预谋","0","2","2"
"武成帝在晋","0","2","2"
"成帝在晋阳","0","2","2"
"说赵郡王高","0","2","2"
"高睿以及和","0","2","2"
"睿以及和士","0","2","2"
"以及和士开","0","2","2"
"武成帝因此","0","2","2"
"州道的兵马","0","2","2"
"呼延族与莫","0","2","2"
"延族与莫多","0","2","2"
"族与莫多敬","0","2","2"
"与莫多敬显","0","2","2"
"莫多敬显从","0","2","2"
"多敬显从游","0","2","2"
"敬显从游豫","0","2","2"
"显从游豫园","0","2","2"
"从游豫园带","0","2","2"
"游豫园带兵","0","2","2"
"豫园带兵出","0","2","2"
"园带兵出来","0","2","2"
"韩长鸾害怕","0","2","2"
"长鸾害怕他","0","2","2"
"鸾害怕他有","0","2","2"
"害怕他有变","0","2","2"
"怕他有变故","0","2","2"
"城任沧州刺","0","2","2"
"北齐的叛臣","0","2","2"
"宇文宪听了","0","2","2"
"北齐的君臣","0","2","2"
"帝坚持让他","0","2","2"
"河间王高孝","0","2","2"
"间王高孝琬","0","2","2"
"周的军队攻","0","2","2"
"孝琬拦马叩","0","2","2"
"琬拦马叩谏","0","2","2"
"请求委派赵","0","2","2"
"求委派赵郡","0","2","2"
"委派赵郡王","0","2","2"
"派赵郡王高","0","2","2"
"郡王高琛统","0","2","2"
"王高琛统率","0","2","2"
"高琛统率军","0","2","2"
"琛统率军队","0","2","2"
"一定会军威","0","2","2"
"定会军威雄","0","2","2"
"会军威雄壮","0","2","2"
"武成帝听从","0","2","2"
"成帝听从了","0","2","2"
"从了他的话","0","2","2"
"武成帝派人","0","2","2"
"帝正出的儿","0","2","2"
"正出的儿子","0","2","2"
"各王都在宫","0","2","2"
"王都在宫内","0","2","2"
"气冲冲地说","0","2","2"
"被周军包围","0","2","2"
"将士们共同","0","2","2"
"历任司州牧","0","2","2"
"他被免去官","0","2","2"
"对他进行杖","0","2","2"
"你为什么要","0","2","2"
"听说北周的","0","2","2"
"忽然出现墨","0","2","2"
"然出现墨写","0","2","2"
"出现墨写的","0","2","2"
"现墨写的字","0","2","2"
"这是什么样","0","2","2"
"什么样的小","0","2","2"
"防守的据点","0","2","2"
"派大将军宇","0","2","2"
"乐陵王高百","0","2","2"
"陵王高百年","0","2","2"
"知道自己不","0","2","2"
"他夺过她的","0","2","2"
"夺过她的小","0","2","2"
"过她的小孩","0","2","2"
"她的小孩儿","0","2","2"
"的小孩儿喂","0","2","2"
"小孩儿喂波","0","2","2"
"孩儿喂波斯","0","2","2"
"儿喂波斯狗","0","2","2"
"武成帝的第","0","2","2"
"封为东平王","0","2","2"
"一定大有作","0","2","2"
"定大有作为","0","2","2"
"为什么还说","0","2","2"
"身上佩带的","0","2","2"
"恐怕人心不","0","2","2"
"派右卫大将","0","2","2"
"立即将他杀","0","2","2"
"仅仅够用而","0","2","2"
"仅够用而已","0","2","2"
"尔朱兆失败","0","2","2"
"荣的妻子和","0","2","2"
"的妻子和尔","0","2","2"
"妻子和尔朱","0","2","2"
"命他的哥哥","0","2","2"
"官至御史中","0","2","2"
"至御史中尉","0","2","2"
"又与大都督","0","2","2"
"与大都督高","0","2","2"
"都督高岳在","0","2","2"
"督高岳在寒","0","2","2"
"高岳在寒山","0","2","2"
"岳在寒山擒","0","2","2"
"在寒山擒获","0","2","2"
"寒山擒获南","0","2","2"
"山擒获南梁","0","2","2"
"擒获南梁贞","0","2","2"
"获南梁贞阳","0","2","2"
"又回军涡阳","0","2","2"
"东魏的将领","0","2","2"
"心里十分厌","0","2","2"
"里十分厌恶","0","2","2"
"修义看到天","0","2","2"
"义看到天下","0","2","2"
"看到天下纷","0","2","2"
"到天下纷乱","0","2","2"
"天下纷乱扰","0","2","2"
"下纷乱扰攘","0","2","2"
"也举兵反叛","0","2","2"
"自称为黄钺","0","2","2"
"称为黄钺大","0","2","2"
"为黄钺大将","0","2","2"
"率兵进入洛","0","2","2"
"高欢命他为","0","2","2"
"如果晋州失","0","2","2"
"北齐天保初","0","2","2"
"芦荻和水草","0","2","2"
"人十分高兴","0","2","2"
"文宣帝拉着","0","2","2"
"宣帝拉着他","0","2","2"
"为赵州刺史","0","2","2"
"后主天统四","0","2","2"
"主天统四年","0","2","2"
"赐给他金银","0","2","2"
"归附尔朱荣","0","2","2"
"官至直阁将","0","2","2"
"至直阁将军","0","2","2"
"被天子知遇","0","2","2"
"喜欢聚敛财","0","2","2"
"欢聚敛财富","0","2","2"
"对人十分严","0","2","2"
"诏命杀死和","0","2","2"
"命杀死和士","0","2","2"
"的人都受到","0","2","2"
"朝廷每年赐","0","2","2"
"廷每年赐给","0","2","2"
"每年赐给他","0","2","2"
"镇守北部边","0","2","2"
"守北部边境","0","2","2"
"他跟着高欢","0","2","2"
"重要的地方","0","2","2"
"打败北周的","0","2","2"
"迁任为司徒","0","2","2"
"他不会长久","0","2","2"
"都督的职衔","0","2","2"
"明帝正光年","0","2","2"
"帝正光年间","0","2","2"
"高欢的亲信","0","2","2"
"都立下战功","0","2","2"
"知道应该怎","0","2","2"
"道应该怎么","0","2","2"
"赠他为太尉","0","2","2"
"张各有三石","0","2","2"
"各有三石力","0","2","2"
"有三石力量","0","2","2"
"三石力量的","0","2","2"
"和士开死后","0","2","2"
"他与各位将","0","2","2"
"与各位将领","0","2","2"
"去讨伐稽胡","0","2","2"
"了他们家的","0","2","2"
"命为中书舍","0","2","2"
"迁任行台尚","0","2","2"
"得不到富贵","0","2","2"
"任神武帝高","0","2","2"
"了一个女儿","0","2","2"
"自己的兄弟","0","2","2"
"任录尚书事","0","2","2"
"文宣帝曾到","0","2","2"
"高澄去世后","0","2","2"
"遵彦的前妻","0","2","2"
"文宣帝听后","0","2","2"
"这不是大臣","0","2","2"
"不是大臣应","0","2","2"
"是大臣应有","0","2","2"
"大臣应有的","0","2","2"
"臣应有的品","0","2","2"
"应有的品质","0","2","2"
"即将接受东","0","2","2"
"将接受东魏","0","2","2"
"他又追想和","0","2","2"
"又追想和恼","0","2","2"
"追想和恼怒","0","2","2"
"想和恼怒起","0","2","2"
"和恼怒起高","0","2","2"
"恼怒起高隆","0","2","2"
"怒起高隆之","0","2","2"
"起高隆之来","0","2","2"
"把高隆之的","0","2","2"
"高隆之的儿","0","2","2"
"隆之的儿子","0","2","2"
"司徒中兵高","0","2","2"
"徒中兵高慧","0","2","2"
"中兵高慧登","0","2","2"
"兵高慧登等","0","2","2"
"高慧登等二","0","2","2"
"登等二十多","0","2","2"
"二十多人抓","0","2","2"
"十多人抓到","0","2","2"
"多人抓到面","0","2","2"
"人抓到面前","0","2","2"
"慧登乞求饶","0","2","2"
"登乞求饶命","0","2","2"
"文宣帝又派","0","2","2"
"魏孝明帝孝","0","2","2"
"明帝孝昌时","0","2","2"
"迁任大行台","0","2","2"
"前后建立的","0","2","2"
"后建立的功","0","2","2"
"晋爵为阳平","0","2","2"
"爵为阳平郡","0","2","2"
"为阳平郡公","0","2","2"
"很被信任和","0","2","2"
"被封为须昌","0","2","2"
"封为须昌县","0","2","2"
"为须昌县公","0","2","2"
"他的人都因","0","2","2"
"的人都因此","0","2","2"
"又因此称赞","0","2","2"
"又认为他是","0","2","2"
"他尽量安抚","0","2","2"
"高欢的女儿","0","2","2"
"叔父司马子","0","2","2"
"父司马子如","0","2","2"
"彦深出身寒","0","2","2"
"深出身寒微","0","2","2"
"勇气和胆略","0","2","2"
"欢率兵进讨","0","2","2"
"颇有豪侠之","0","2","2"
"有豪侠之气","0","2","2"
"他的妻子常","0","2","2"
"的妻子常山","0","2","2"
"妻子常山君","0","2","2"
"高欢的妹妹","0","2","2"
"任这个官职","0","2","2"
"方圆百里的","0","2","2"
"当时人们传","0","2","2"
"时人们传说","0","2","2"
"他是武明皇","0","2","2"
"是武明皇后","0","2","2"
"武明皇后的","0","2","2"
"让他在自己","0","2","2"
"把军国大事","0","2","2"
"与朝廷同心","0","2","2"
"朝廷同心同","0","2","2"
"廷同心同德","0","2","2"
"护的母亲阎","0","2","2"
"的母亲阎氏","0","2","2"
"送还他的母","0","2","2"
"还他的母亲","0","2","2"
"认为宇文护","0","2","2"
"派一个使者","0","2","2"
"王高长恭率","0","2","2"
"周军打得溃","0","2","2"
"军打得溃不","0","2","2"
"打得溃不成","0","2","2"
"得溃不成军","0","2","2"
"为广平郡公","0","2","2"
"将周军打得","0","2","2"
"道武帝拓跋","0","2","2"
"武帝拓跋王","0","2","2"
"帝拓跋王圭","0","2","2"
"用匈奴人的","0","2","2"
"朝廷命斛律","0","2","2"
"廷命斛律金","0","2","2"
"命斛律金为","0","2","2"
"宇文泰率兵","0","2","2"
"很看重他的","0","2","2"
"儿子高澄说","0","2","2"
"命斛律金的","0","2","2"
"斛律金的孙","0","2","2"
"孙子斛律武","0","2","2"
"他为右丞相","0","2","2"
"文宣帝赐给","0","2","2"
"长子斛律光","0","2","2"
"当时无人可","0","2","2"
"父亲斛律金","0","2","2"
"太子的妃子","0","2","2"
"在冬天凿开","0","2","2"
"建立功勋的","0","2","2"
"立功勋的人","0","2","2"
"斛律光的军","0","2","2"
"弟弟斛律羡","0","2","2"
"斛律光的家","0","2","2"
"他们的脊背","0","2","2"
"请求解去自","0","2","2"
"求解去自己","0","2","2"
"解去自己的","0","2","2"
"哥哥斛律光","0","2","2"
"他们都没有","0","2","2"
"自己的军帐","0","2","2"
"追赠他为吏","0","2","2"
"赠他为吏部","0","2","2"
"人们称之为","0","2","2"
"他的性格温","0","2","2"
"因犯罪被处","0","2","2"
"犯罪被处死","0","2","2"
"打败了侯景","0","2","2"
"赏给元康金","0","2","2"
"特殊的功勋","0","2","2"
"十三岁那年","0","2","2"
"对杨忄音说","0","2","2"
"认为那里是","0","2","2"
"从中间走过","0","2","2"
"得魂飞胆丧","0","2","2"
"如果必定是","0","2","2"
"帝称赞他回","0","2","2"
"称赞他回答","0","2","2"
"赞他回答得","0","2","2"
"廷命杜弼任","0","2","2"
"命杜弼任军","0","2","2"
"杜弼任军司","0","2","2"
"使天下的人","0","2","2"
"又会怎么样","0","2","2"
"会怎么样呢","0","2","2"
"宣帝高洋任","0","2","2"
"帝高洋任东","0","2","2"
"高洋任东魏","0","2","2"
"洋任东魏的","0","2","2"
"封为长安县","0","2","2"
"死了还会转","0","2","2"
"了还会转生","0","2","2"
"本来是为了","0","2","2"
"如果人死了","0","2","2"
"果人死了又","0","2","2"
"人死了又能","0","2","2"
"死了又能聚","0","2","2"
"了又能聚集","0","2","2"
"又能聚集成","0","2","2"
"能聚集成人","0","2","2"
"不应该说无","0","2","2"
"应该说无所","0","2","2"
"该说无所不","0","2","2"
"说无所不至","0","2","2"
"无所不至啊","0","2","2"
"在所任职的","0","2","2"
"他还在众人","0","2","2"
"还在众人面","0","2","2"
"众人面前批","0","2","2"
"人面前批评","0","2","2"
"面前批评高","0","2","2"
"前批评高德","0","2","2"
"批评高德正","0","2","2"
"济的人很多","0","2","2"
"他管辖的区","0","2","2"
"管辖的区域","0","2","2"
"儿子房子远","0","2","2"
"极为赞赏他","0","2","2"
"以昭示天下","0","2","2"
"家的女儿结","0","2","2"
"的女儿结婚","0","2","2"
"台府不予理","0","2","2"
"府不予理睬","0","2","2"
"人们把他比","0","2","2"
"赞他说得好","0","2","2"
"自古以来没","0","2","2"
"古以来没有","0","2","2"
"在江淮一带","0","2","2"
"赠封他为司","0","2","2"
"管骑兵的事","0","2","2"
"骑兵的事务","0","2","2"
"像你这样的","0","2","2"
"所以没有让","0","2","2"
"以没有让你","0","2","2"
"没有让你到","0","2","2"
"有让你到州","0","2","2"
"让你到州中","0","2","2"
"你到州中任","0","2","2"
"到州中任职","0","2","2"
"事态的发展","0","2","2"
"请求朝廷在","0","2","2"
"任州刺史的","0","2","2"
"迁任尚书右","0","2","2"
"斛律孝卿轻","0","2","2"
"律孝卿轻慢","0","2","2"
"又迁任凤州","0","2","2"
"迁任凤州刺","0","2","2"
"样的事情不","0","2","2"
"的事情不断","0","2","2"
"事情不断发","0","2","2"
"情不断发生","0","2","2"
"他被御史台","0","2","2"
"被御史台和","0","2","2"
"御史台和左","0","2","2"
"史台和左丞","0","2","2"
"台和左丞弹","0","2","2"
"和左丞弹劾","0","2","2"
"但都被天子","0","2","2"
"都被天子批","0","2","2"
"被天子批准","0","2","2"
"天子批准免","0","2","2"
"子批准免于","0","2","2"
"批准免于追","0","2","2"
"准免于追究","0","2","2"
"司空从事中","0","2","2"
"空从事中郎","0","2","2"
"他任大将军","0","2","2"
"命他宣读朝","0","2","2"
"他宣读朝廷","0","2","2"
"他们的姓名","0","2","2"
"有突出的政","0","2","2"
"突出的政绩","0","2","2"
"能理解我的","0","2","2"
"他温柔谨慎","0","2","2"
"冯子琮的儿","0","2","2"
"子琮的儿子","0","2","2"
"任尚书驾部","0","2","2"
"他与胡长粲","0","2","2"
"的荣华富贵","0","2","2"
"便哭了起来","0","2","2"
"魏收的才学","0","2","2"
"又兼中书侍","0","2","2"
"时年才二十","0","2","2"
"年才二十六","0","2","2"
"才二十六岁","0","2","2"
"大将军的职","0","2","2"
"朝廷命他任","0","2","2"
"间的邢子才","0","2","2"
"副手出使南","0","2","2"
"手出使南梁","0","2","2"
"人的才能器","0","2","2"
"都被南梁佩","0","2","2"
"被南梁佩服","0","2","2"
"他被召至晋","0","2","2"
"被召至晋阳","0","2","2"
"任中外府主","0","2","2"
"顿丘的李庶","0","2","2"
"曾对魏收说","0","2","2"
"不要认为我","0","2","2"
"加封魏收为","0","2","2"
"曾到东山游","0","2","2"
"到东山游览","0","2","2"
"当政的国号","0","2","2"
"都赶不上他","0","2","2"
"魏收又转任","0","2","2"
"共有十二纪","0","2","2"
"共一百一十","0","2","2"
"事情记载在","0","2","2"
"认为魏收撰","0","2","2"
"因与魏收关","0","2","2"
"魏收关系不","0","2","2"
"收关系不密","0","2","2"
"关系不密切","0","2","2"
"所以他不给","0","2","2"
"以他不给立","0","2","2"
"他不给立传","0","2","2"
"因为是魏收","0","2","2"
"为是魏收的","0","2","2"
"是魏收的亲","0","2","2"
"魏收的亲戚","0","2","2"
"便为他立传","0","2","2"
"并且放在首","0","2","2"
"且放在首位","0","2","2"
"们共同商议","0","2","2"
"传位给常山","0","2","2"
"位给常山王","0","2","2"
"猪三牲祭品","0","2","2"
"解我的意思","0","2","2"
"按理不应该","0","2","2"
"妃子的母亲","0","2","2"
"李忄音也不","0","2","2"
"忄音也不奏","0","2","2"
"音也不奏知","0","2","2"
"事情渐渐沉","0","2","2"
"情渐渐沉寂","0","2","2"
"负责起草诏","0","2","2"
"责起草诏诰","0","2","2"
"后对别人说","0","2","2"
"高元海凡俗","0","2","2"
"元海凡俗平","0","2","2"
"海凡俗平庸","0","2","2"
"出他们的名","0","2","2"
"对皇帝的称","0","2","2"
"太子的名字","0","2","2"
"给他哥哥的","0","2","2"
"的儿子魏周","0","2","2"
"儿子魏周达","0","2","2"
"请求将爵位","0","2","2"
"求将爵位授","0","2","2"
"将爵位授给","0","2","2"
"朝廷同意他","0","2","2"
"专擅朝廷大","0","2","2"
"擅朝廷大权","0","2","2"
"他的母亲李","0","2","2"
"的母亲李氏","0","2","2"
"等待大军到","0","2","2"
"待大军到来","0","2","2"
"大军到来后","0","2","2"
"宇文护认为","0","2","2"
"孝闵帝宇文","0","2","2"
"闵帝宇文觉","0","2","2"
"他为大冢宰","0","2","2"
"告诉了他们","0","2","2"
"宇文护便派","0","2","2"
"到宇文护的","0","2","2"
"略阳公宇文","0","2","2"
"阳公宇文觉","0","2","2"
"宇文觉是正","0","2","2"
"文觉是正出","0","2","2"
"朝廷封宇文","0","2","2"
"生下你们兄","0","2","2"
"下你们兄弟","0","2","2"
"你的叔母纥","0","2","2"
"的叔母纥干","0","2","2"
"战乱带来的","0","2","2"
"乱带来的灾","0","2","2"
"时不能看见","0","2","2"
"不能看见母","0","2","2"
"能看见母亲","0","2","2"
"看见母亲受","0","2","2"
"现在来到邺","0","2","2"
"在来到邺城","0","2","2"
"齐主的恩遇","0","2","2"
"主的恩遇更","0","2","2"
"齐朝应运趋","0","2","2"
"朝应运趋时","0","2","2"
"忧虑自己的","0","2","2"
"就是让山岳","0","2","2"
"是让山岳负","0","2","2"
"让山岳负载","0","2","2"
"也难以载完","0","2","2"
"行家人的礼","0","2","2"
"共二十万人","0","2","2"
"与卫王宇文","0","2","2"
"武帝又命宦","0","2","2"
"帝又命宦官","0","2","2"
"又命宦官何","0","2","2"
"命宦官何泉","0","2","2"
"宦官何泉用","0","2","2"
"官何泉用御","0","2","2"
"何泉用御刀","0","2","2"
"泉用御刀砍","0","2","2"
"用御刀砍杀","0","2","2"
"御刀砍杀他","0","2","2"
"却不能砍伤","0","2","2"
"不能砍伤他","0","2","2"
"除掉宇文护","0","2","2"
"杀死宇文护","0","2","2"
"帝宇文泰同","0","2","2"
"宇文泰同族","0","2","2"
"文泰同族人","0","2","2"
"泰同族人的","0","2","2"
"同族人的儿","0","2","2"
"族人的儿子","0","2","2"
"命将诬告的","0","2","2"
"将诬告的人","0","2","2"
"诬告的人斩","0","2","2"
"告的人斩首","0","2","2"
"丢掉牲畜粮","0","2","2"
"掉牲畜粮草","0","2","2"
"牲畜粮草等","0","2","2"
"畜粮草等物","0","2","2"
"粮草等物品","0","2","2"
"草等物品不","0","2","2"
"等物品不可","0","2","2"
"物品不可胜","0","2","2"
"品不可胜数","0","2","2"
"从此不敢再","0","2","2"
"此不敢再来","0","2","2"
"时任子都督","0","2","2"
"朝廷任司会","0","2","2"
"任司会中大","0","2","2"
"与武帝一起","0","2","2"
"说太子的过","0","2","2"
"太子的过失","0","2","2"
"周军大举东","0","2","2"
"密谋这件事","0","2","2"
"这些人一定","0","2","2"
"与越王宇文","0","2","2"
"孝武帝采纳","0","2","2"
"他善于射箭","0","2","2"
"为东平郡公","0","2","2"
"总管的职务","0","2","2"
"宇文宪骑马","0","2","2"
"他的功劳最","0","2","2"
"的同母兄弟","0","2","2"
"宇文宪对他","0","2","2"
"武尉迟运关","0","2","2"
"尉迟运关闭","0","2","2"
"迟运关闭宫","0","2","2"
"运关闭宫门","0","2","2"
"他无法进入","0","2","2"
"命取回来赐","0","2","2"
"取回来赐给","0","2","2"
"回来赐给他","0","2","2"
"宇文宪亲自","0","2","2"
"文宪亲自督","0","2","2"
"宇文护掌管","0","2","2"
"文护掌管朝","0","2","2"
"护掌管朝政","0","2","2"
"公宇文护被","0","2","2"
"护被武帝诛","0","2","2"
"被武帝诛杀","0","2","2"
"武帝召宇文","0","2","2"
"帝召宇文宪","0","2","2"
"武帝亲自围","0","2","2"
"帝亲自围攻","0","2","2"
"陈王宇文纯","0","2","2"
"武帝又命宇","0","2","2"
"帝又命宇文","0","2","2"
"马前去观察","0","2","2"
"宇文宪攻打","0","2","2"
"人与宇文宪","0","2","2"
"在黄河以西","0","2","2"
"升任为高平","0","2","2"
"李贤与他的","0","2","2"
"贤与他的弟","0","2","2"
"他的弟弟李","0","2","2"
"的弟弟李远","0","2","2"
"李穆等暗中","0","2","2"
"穆等暗中接","0","2","2"
"等暗中接应","0","2","2"
"暗中接应侯","0","2","2"
"中接应侯莫","0","2","2"
"廷命他为原","0","2","2"
"颁布诏书说","0","2","2"
"的十三环金","0","2","2"
"个人被授予","0","2","2"
"奴隶身份的","0","2","2"
"又设立许多","0","2","2"
"设立许多哨","0","2","2"
"立许多哨卡","0","2","2"
"防备敌人进","0","2","2"
"备敌人进攻","0","2","2"
"州设置总管","0","2","2"
"设置总管府","0","2","2"
"胆量和力气","0","2","2"
"量和力气都","0","2","2"
"和力气都超","0","2","2"
"力气都超过","0","2","2"
"气都超过常","0","2","2"
"都超过常人","0","2","2"
"封为广宗县","0","2","2"
"为广宗县公","0","2","2"
"李远兄弟几","0","2","2"
"远兄弟几人","0","2","2"
"廷授予他都","0","2","2"
"百姓们都很","0","2","2"
"姓们都很怀","0","2","2"
"们都很怀念","0","2","2"
"都很怀念他","0","2","2"
"按常理而论","0","2","2"
"实在是难以","0","2","2"
"在是难以救","0","2","2"
"是难以救援","0","2","2"
"如果派奇兵","0","2","2"
"果派奇兵出","0","2","2"
"派奇兵出其","0","2","2"
"奇兵出其不","0","2","2"
"兵出其不意","0","2","2"
"事情或许可","0","2","2"
"情或许可以","0","2","2"
"或许可以成","0","2","2"
"许可以成功","0","2","2"
"宇文泰率领","0","2","2"
"有这种打算","0","2","2"
"的儿子为平","0","2","2"
"儿子为平高","0","2","2"
"李远的儿子","0","2","2"
"李荣和李才","0","2","2"
"又封他的儿","0","2","2"
"的儿子李雄","0","2","2"
"儿子李雄为","0","2","2"
"子李雄为密","0","2","2"
"李雄为密国","0","2","2"
"雄为密国公","0","2","2"
"二河盛产军","0","2","2"
"河盛产军马","0","2","2"
"盛产军马明","0","2","2"
"产军马明珠","0","2","2"
"宁州有盐井","0","2","2"
"州有盐井和","0","2","2"
"有盐井和珍","0","2","2"
"盐井和珍奇","0","2","2"
"井和珍奇的","0","2","2"
"和珍奇的犀","0","2","2"
"珍奇的犀牛","0","2","2"
"奇的犀牛角","0","2","2"
"州地处偏远","0","2","2"
"看到奏章十","0","2","2"
"到奏章十分","0","2","2"
"奏章十分高","0","2","2"
"章十分高兴","0","2","2"
"是由您所造","0","2","2"
"而回到京城","0","2","2"
"没有一天不","0","2","2"
"都以礼相待","0","2","2"
"就担心罪过","0","2","2"
"担心罪过产","0","2","2"
"心罪过产生","0","2","2"
"所珍惜的是","0","2","2"
"珍惜的是素","0","2","2"
"惜的是素雅","0","2","2"
"的是素雅整","0","2","2"
"是素雅整洁","0","2","2"
"不追求奇服","0","2","2"
"追求奇服异","0","2","2"
"求奇服异彩","0","2","2"
"我现在奉诏","0","2","2"
"现在奉诏前","0","2","2"
"在奉诏前去","0","2","2"
"奉诏前去代","0","2","2"
"诏前去代理","0","2","2"
"只需朝廷一","0","2","2"
"需朝廷一道","0","2","2"
"朝廷一道圣","0","2","2"
"廷一道圣旨","0","2","2"
"一道圣旨就","0","2","2"
"道圣旨就行","0","2","2"
"圣旨就行了","0","2","2"
"徐州刚被梁","0","2","2"
"州刚被梁军","0","2","2"
"刚被梁军占","0","2","2"
"被梁军占领","0","2","2"
"边境上十分","0","2","2"
"境上十分混","0","2","2"
"上十分混乱","0","2","2"
"那些阿谀奉","0","2","2"
"些阿谀奉承","0","2","2"
"这件事实在","0","2","2"
"件事实在是","0","2","2"
"事实在是我","0","2","2"
"实在是我干","0","2","2"
"在是我干的","0","2","2"
"将他的尸骨","0","2","2"
"捆绑着送给","0","2","2"
"自称为大单","0","2","2"
"称为大单于","0","2","2"
"第一军可从","0","2","2"
"第二军可从","0","2","2"
"第三军可从","0","2","2"
"第四军可从","0","2","2"
"第五军可从","0","2","2"
"第六军可从","0","2","2"
"第七军可从","0","2","2"
"第八军可从","0","2","2"
"第九军可从","0","2","2"
"第十军可从","0","2","2"
"第十一军可","0","2","2"
"十一军可从","0","2","2"
"第十二军可","0","2","2"
"十二军可从","0","2","2"
"太和九年所","0","2","2"
"和九年所封","0","2","2"
"为可以乘机","0","2","2"
