"N-gram","原文","翻译","Total"
"南兖兖徐青冀五","9","5","14"
"兖兖徐青冀五州","9","5","14"
"金星白天出现在","0","14","14"
"星白天出现在午","0","14","14"
"白天出现在午位","0","14","14"
"督南兖兖徐青冀","8","4","12"
"天出现在午位上","0","12","12"
"号开府仪同三司","7","4","11"
"进入井宿的空隙","0","11","11"
"入井宿的空隙中","0","11","11"
"升器具大小的流","0","11","11"
"器具大小的流星","0","11","11"
"甘美的雨露降在","0","11","11"
"州竟陵司州随郡","10","0","10"
"督雍梁南北秦四","7","3","10"
"雍梁南北秦四州","7","3","10"
"都督扬南徐二州","5","4","9"
"南徐二州诸军事","5","4","9"
"郢州竟陵司州随","9","0","9"
"月进入井宿的空","0","9","9"
"星顺行进入太微","0","9","9"
"顺行进入太微垣","0","9","9"
"将军职依前未变","0","9","9"
"都督中外诸军事","4","4","8"
"本号开府仪同三","7","1","8"
"督扬南徐二州诸","4","4","8"
"扬南徐二州诸军","4","4","8"
"前后部羽葆鼓吹","4","4","8"
"州郢州竟陵司州","8","0","8"
"都督湘州诸军事","4","4","8"
"东井南辕西头第","7","0","7"
"竟陵司州随郡军","7","0","7"
"陵司州随郡军事","7","0","7"
"中书舍人茹法亮","4","3","7"
"班剑仪仗二十人","0","7","7"
"月冲犯轩辕星的","0","7","7"
"辕西头第一颗星","0","7","7"
"井宿南辕西头第","0","7","7"
"太微垣西部上将","0","7","7"
"微垣西部上将星","0","7","7"
"星顺行进入羽林","0","7","7"
"顺行进入羽林星","0","7","7"
"江州刺史晋安王","3","3","6"
"豫州刺史垣崇祖","3","3","6"
"豫州郢州西阳司","6","0","6"
"州郢州西阳司州","6","0","6"
"郢州西阳司州汝","6","0","6"
"州西阳司州汝南","6","0","6"
"西阳司州汝南二","6","0","6"
"阳司州汝南二郡","6","0","6"
"太子中庶子梁王","3","3","6"
"豫州刺史裴叔业","3","3","6"
"右卫将军左兴盛","3","3","6"
"东井北辕西头第","6","0","6"
"东井北辕东头第","6","0","6"
"老人星见南方丙","6","0","6"
"人星见南方丙上","6","0","6"
"梁州刺史范柏年","3","3","6"
"都督雍梁南北秦","4","2","6"
"梁南北秦四州郢","6","0","6"
"南北秦四州郢州","6","0","6"
"北秦四州郢州竟","6","0","6"
"秦四州郢州竟陵","6","0","6"
"四州郢州竟陵司","6","0","6"
"汶阳太守刘孝庆","3","3","6"
"兖徐青冀五州军","3","3","6"
"徐青冀五州军事","3","3","6"
"梁州刺史阴智伯","3","3","6"
"祠部郎何佟之建","0","6","6"
"部郎何佟之建议","0","6","6"
"生出一珥形云气","0","6","6"
"井宿北辕西头第","0","6","6"
"辕西头第二颗星","0","6","6"
"太微垣右执法星","0","6","6"
"有颗流星像三升","0","6","6"
"老人星出现在南","0","6","6"
"人星出现在南方","0","6","6"
"星出现在南方丙","0","6","6"
"出现在南方丙位","0","6","6"
"没有接受任职命","0","6","6"
"有接受任职命令","0","6","6"
"河南王吐谷浑拾","3","2","5"
"南王吐谷浑拾寅","3","2","5"
"江州刺史陈显达","2","3","5"
"扬州刺史始安王","2","3","5"
"都督行留诸军事","2","3","5"
"太子步兵校尉伏","2","3","5"
"子步兵校尉伏曼","2","3","5"
"步兵校尉伏曼容","2","3","5"
"太微西蕃上将星","5","0","5"
"督豫州郢州西阳","5","0","5"
"庐陵王中军长史","3","2","5"
"食邑三百七十户","2","3","5"
"建安王萧宝寅为","0","5","5"
"尚书令王俭建议","0","5","5"
"各生出一珥形云","0","5","5"
"冲犯太微垣西部","0","5","5"
"月冲犯井宿北辕","0","5","5"
"在房宿北头第一","0","5","5"
"月运行进入氐宿","0","5","5"
"太微垣左执法星","0","5","5"
"月在运行中遮掩","0","5","5"
"星顺行进入井宿","0","5","5"
"星顺行进入舆鬼","0","5","5"
"火星冲犯太微垣","0","5","5"
"鹅卵大小的流星","0","5","5"
"颗流星像三升器","0","5","5"
"流星像三升器具","0","5","5"
"沈攸之起兵发难","0","5","5"
"是太祖皇帝的第","0","5","5"
"司州的随郡军事","0","5","5"
"直阁将军曹道刚","4","0","4"
"王司徒中兵参军","2","2","4"
"州刺史晋安王子","3","1","4"
"中书舍人孙千龄","2","2","4"
"宁朔将军高道庆","2","2","4"
"甲仗五十人入殿","4","0","4"
"护军将军陈显达","2","2","4"
"冀二州刺史卢绍","2","2","4"
"晋熙王镇西长史","2","2","4"
"中书舍人綦母珍","2","2","4"
"遣平西将军王广","2","2","4"
"遣中护军王玄邈","2","2","4"
"司州汝南二郡军","4","0","4"
"州汝南二郡军事","4","0","4"
"徐州刺史萧惠休","2","2","4"
"度支尚书崔慧景","2","2","4"
"刺史始安王遥光","3","1","4"
"护军将军崔慧景","2","2","4"
"前南谯太守王灵","2","2","4"
"南谯太守王灵秀","2","2","4"
"骁骑将军薛元嗣","2","2","4"
"冠军将军王珍国","2","2","4"
"巴西梓潼二郡太","3","1","4"
"西梓潼二郡太守","3","1","4"
"梓潼二郡太守刘","2","2","4"
"潼二郡太守刘山","2","2","4"
"二郡太守刘山阳","2","2","4"
"巴西太守鲁休烈","2","2","4"
"巴东太守萧惠训","2","2","4"
"年正月六日辛未","2","2","4"
"永平二年正月辛","2","2","4"
"平二年正月辛未","2","2","4"
"国子助教谢昙济","2","2","4"
"永明元年十二月","2","2","4"
"永明二年十一月","2","2","4"
"永明元年十一月","2","2","4"
"井北辕西头第一","4","0","4"
"北辕西头第一星","4","0","4"
"井南辕西头第二","4","0","4"
"南辕西头第二星","4","0","4"
"北头第一上相星","2","2","4"
"西南星东北一尺","2","2","4"
"井北辕东头第一","4","0","4"
"北辕东头第一星","4","0","4"
"右股大赤星西北","2","2","4"
"犯太微西蕃上将","4","0","4"
"永明元年六月己","2","2","4"
"明元年六月己酉","2","2","4"
"建元元年十一月","2","2","4"
"建元四年二月辛","2","2","4"
"元四年二月辛卯","2","2","4"
"二十八爪支子花","2","2","4"
"征西将军萧思话","2","2","4"
"年五月二十一日","2","2","4"
"辅国将军骁骑将","2","2","4"
"国将军骁骑将军","2","2","4"
"宁朔将军刘怀珍","2","2","4"
"兖徐青冀五州诸","3","1","4"
"徐青冀五州诸军","3","1","4"
"青冀五州诸军事","3","1","4"
"卫将军左兴盛假","2","2","4"
"督青冀二州刺史","2","2","4"
"梁南秦二州刺史","3","1","4"
"梁州刺史崔慧景","2","2","4"
"南阳太守房伯玉","2","2","4"
"长沙王车骑长史","2","2","4"
"督郢司二州军事","2","2","4"
"竟陵文宣王子良","2","2","4"
"都督扬州诸军事","2","2","4"
"虎贲中郎将潘敞","2","2","4"
"新安王北中郎参","2","2","4"
"安王北中郎参军","2","2","4"
"晋安王征北谘议","2","2","4"
"晋寿太守王洪范","2","2","4"
"赠金紫光禄大夫","2","2","4"
"会稽郡丞张思祖","2","2","4"
"南部尚书李思冲","2","2","4"
"荆州刺史薛真度","2","2","4"
"北遂安左郡太守","2","2","4"
"都督缘海诸军事","2","2","4"
"西秦河二州刺史","2","2","4"
"听从了他的建议","0","4","4"
"领军将军李安民","0","4","4"
"给班剑仪仗二十","0","4","4"
"将军晋安王萧宝","0","4","4"
"左仆射王俭建议","0","4","4"
"所以对应的数字","0","4","4"
"以对应的数字是","0","4","4"
"南北部各生出一","0","4","4"
"北部各生出一珥","0","4","4"
"部各生出一珥形","0","4","4"
"宿北辕西头第一","0","4","4"
"北辕西头第一颗","0","4","4"
"月冲犯南斗的第","0","4","4"
"冲犯房宿北头第","0","4","4"
"井宿北辕束头第","0","4","4"
"宿南辕西头第二","0","4","4"
"南辕西头第二颗","0","4","4"
"房宿北头第一颗","0","4","4"
"宿北头第一颗星","0","4","4"
"冲犯太微垣右执","0","4","4"
"犯太微垣右执法","0","4","4"
"在运行中遮掩冲","0","4","4"
"运行中遮掩冲犯","0","4","4"
"星冲犯南斗的第","0","4","4"
"金星顺行进入羽","0","4","4"
"星顺行进入氐宿","0","4","4"
"金星顺行到太微","0","4","4"
"星顺行到太微垣","0","4","4"
"顺行进入舆鬼星","0","4","4"
"火星顺行进入舆","0","4","4"
"星顺行在土星西","0","4","4"
"有颗鹅卵大小的","0","4","4"
"颗鹅卵大小的流","0","4","4"
"二升器具大小的","0","4","4"
"现在南方丙位上","0","4","4"
"金丝织成五彩图","0","4","4"
"丝织成五彩图案","0","4","4"
"参加礼仪时所乘","0","4","4"
"加礼仪时所乘坐","0","4","4"
"火光上生出精怪","0","4","4"
"暴风剧烈浪峰冲","0","4","4"
"风剧烈浪峰冲上","0","4","4"
"剧烈浪峰冲上渡","0","4","4"
"食邑一千五百户","0","4","4"
"他没有接受任职","0","4","4"
"他哥哥的儿子王","0","4","4"
"哥哥的儿子王俭","0","4","4"
"太祖皇帝的第十","0","4","4"
"兰陵郡兰陵县人","0","4","4"
"宋明帝泰始初年","0","4","4"
"宋顺帝升明年间","0","4","4"
"会稽太守寻阳王","1","2","3"
"徐州刺史薛安都","1","2","3"
"刺史晋安王子勋","2","1","3"
"鳏寡孤独能存者","3","0","3"
"车驾幸中堂听讼","3","0","3"
"将军竟陵王子良","3","0","3"
"行宕昌王梁弥颉","2","1","3"
"吴兴太守西昌侯","2","1","3"
"将军建安王子真","3","0","3"
"进号骠骑大将军","3","0","3"
"永明五年十一月","2","1","3"
"将军晋安王宝义","3","0","3"
"辅国将军申希祖","2","1","3"
"辅国将军刘山阳","2","1","3"
"州刺史始安王遥","2","1","3"
"镇军将军萧颖胄","1","2","3"
"晋明帝太宁三年","1","2","3"
"祠部郎何佟议曰","3","0","3"
"国子助教桑惠度","2","1","3"
"兵校尉伏曼容上","1","2","3"
"校尉伏曼容上表","1","2","3"
"永明元年正月己","2","1","3"
"明元年正月己亥","2","1","3"
"月犯东井南辕西","3","0","3"
"犯东井南辕西头","3","0","3"
"井南辕西头第一","3","0","3"
"南辕西头第一星","3","0","3"
"北辕东头第二星","3","0","3"
"辕西头第二星南","3","0","3"
"右股第一星东北","3","0","3"
"第一星东北一尺","3","0","3"
"月东井北辕东头","3","0","3"
"太微东蕃南头上","3","0","3"
"微东蕃南头上相","3","0","3"
"东蕃南头上相星","3","0","3"
"荧惑犯太微右执","3","0","3"
"惑犯太微右执法","3","0","3"
"南行一丈没空中","3","0","3"
"临江郡建元二年","2","1","3"
"巴西太守柳弘称","2","1","3"
"太子竟陵王子良","3","0","3"
"中兵参军萧惠朗","2","1","3"
"西阳王抚军法曹","2","1","3"
"伯父豫州刺史护","2","1","3"
"朔将军刘怀珍征","2","1","3"
"督会稽东阳临海","3","0","3"
"会稽东阳临海永","3","0","3"
"稽东阳临海永嘉","3","0","3"
"阳临海永嘉新安","2","1","3"
"临海永嘉新安五","2","1","3"
"海永嘉新安五郡","2","1","3"
"永嘉新安五郡军","2","1","3"
"嘉新安五郡军事","2","1","3"
"都督南兖兖徐青","2","1","3"
"宋元嘉二十七年","2","1","3"
"征虏将军戴僧静","2","1","3"
"虏将军戴僧静等","2","1","3"
"戍主辅国将军殷","2","1","3"
"辅国将军殷公愍","2","1","3"
"将军左兴盛假节","2","1","3"
"安成王抚军参军","2","1","3"
"迁金紫光禄大夫","2","1","3"
"兖州缘淮诸军事","2","1","3"
"督梁南北秦沙四","2","1","3"
"梁南北秦沙四州","2","1","3"
"豫章王司空谘议","2","1","3"
"督会稽东阳新安","3","0","3"
"阳新安临海永嘉","2","1","3"
"新安临海永嘉五","2","1","3"
"安临海永嘉五郡","2","1","3"
"淮南宣城二郡太","2","1","3"
"南宣城二郡太守","2","1","3"
"都督司州诸军事","1","2","3"
"大司马谘议参军","1","2","3"
"安成王抚军行参","2","1","3"
"成王抚军行参军","2","1","3"
"益州刺史萧惠开","1","2","3"
"裴叔业寿春降虏","3","0","3"
"右卫将军播正屯","1","2","3"
"新野太守刘思忌","2","1","3"
"北襄城太守成公","2","1","3"
"襄城太守成公期","2","1","3"
"荆州刺史豫章王","2","1","3"
"高丽王乐浪公高","2","1","3"
"都督营平二州诸","2","1","3"
"督营平二州诸军","2","1","3"
"营平二州诸军事","2","1","3"
"都督西秦河沙三","2","1","3"
"督西秦河沙三州","2","1","3"
"西秦河沙三州诸","2","1","3"
"秦河沙三州诸军","2","1","3"
"河沙三州诸军事","2","1","3"
"郁林王即皇帝位","0","3","3"
"直合将军曹道刚","0","3","3"
"调任太子中庶子","0","3","3"
"竟陵王萧子良为","0","3","3"
"晋安王萧子懋为","0","3","3"
"随郡王萧子隆为","0","3","3"
"将军建安王萧子","0","3","3"
"军建安王萧子真","0","3","3"
"刺史安陆王萧子","0","3","3"
"史安陆王萧子敬","0","3","3"
"司州的汝南二郡","0","3","3"
"州的汝南二郡军","0","3","3"
"的汝南二郡军事","0","3","3"
"右卫将军萧坦之","0","3","3"
"军晋安王萧宝义","0","3","3"
"晋安王萧宝义为","0","3","3"
"任命辅国将军张","0","3","3"
"说明堂有五个房","0","3","3"
"明堂有五个房间","0","3","3"
"由通关八座丞郎","0","3","3"
"郊祭与明堂祭祀","0","3","3"
"郎何佟之建议说","0","3","3"
"用瓠瓜剖成的瓢","0","3","3"
"丧期削减一年的","0","3","3"
"元年至升明三年","0","3","3"
"时光色恢复正常","0","3","3"
"毕宿左股第一颗","0","3","3"
"部有一背形云气","0","3","3"
"冲犯轩辕星的女","0","3","3"
"犯轩辕星的女主","0","3","3"
"轩辕星的女主星","0","3","3"
"冲犯南斗的第五","0","3","3"
"犯南斗的第五颗","0","3","3"
"南斗的第五颗星","0","3","3"
"月冲犯井宿南辕","0","3","3"
"冲犯井宿南辕西","0","3","3"
"犯井宿南辕西头","0","3","3"
"宿南辕西头第一","0","3","3"
"南辕西头第一颗","0","3","3"
"房宿北头第二颗","0","3","3"
"宿北头第二颗星","0","3","3"
"月运行进入井宿","0","3","3"
"房宿北头第一上","0","3","3"
"月运行进入羽林","0","3","3"
"运行进入羽林星","0","3","3"
"在井宿南辕西头","0","3","3"
"西头第二颗星南","0","3","3"
"宿北辕束头第一","0","3","3"
"北辕束头第一颗","0","3","3"
"辕束头第一颗星","0","3","3"
"毕宿右股第一颗","0","3","3"
"宿右股第一颗星","0","3","3"
"右股第一颗星东","0","3","3"
"股第一颗星东北","0","3","3"
"第一颗星东北一","0","3","3"
"一颗星东北一尺","0","3","3"
"月运行在太微垣","0","3","3"
"遮掩冲犯太微垣","0","3","3"
"月运行在危宿方","0","3","3"
"运行在危宿方位","0","3","3"
"星顺行冲犯太微","0","3","3"
"顺行冲犯太微垣","0","3","3"
"犯太微垣西部上","0","3","3"
"金星顺行进入太","0","3","3"
"冲犯太微垣上将","0","3","3"
"犯太微垣上将星","0","3","3"
"星顺行进入轩辕","0","3","3"
"顺行到太微垣西","0","3","3"
"行到太微垣西部","0","3","3"
"星顺行在木星西","0","3","3"
"火星顺行进入井","0","3","3"
"火星顺行进入太","0","3","3"
"星冲犯太微垣右","0","3","3"
"火星冲犯亢宿南","0","3","3"
"火星顺行进入羽","0","3","3"
"火星顺行在土星","0","3","3"
"有颗流星像二升","0","3","3"
"颗五升器具大小","0","3","3"
"五升器具大小的","0","3","3"
"有颗鸭卵大小的","0","3","3"
"颗鸭卵大小的流","0","3","3"
"鸭卵大小的流星","0","3","3"
"行一丈消失在空","0","3","3"
"一丈消失在空中","0","3","3"
"消失后如同连珠","0","3","3"
"星像三升器具一","0","3","3"
"像三升器具一样","0","3","3"
"三升器具一样大","0","3","3"
"织成五彩图案的","0","3","3"
"定所崇尚的颜色","0","3","3"
"石头上的文字是","0","3","3"
"戌亥方位上刮来","0","3","3"
"迅猛浪峰冲上渡","0","3","3"
"猛浪峰冲上渡口","0","3","3"
"州以及郢州的竟","0","3","3"
"以及郢州的竟陵","0","3","3"
"进号为冠军将军","0","3","3"
"被授予宁朔将军","0","3","3"
"将军之职依旧不","0","3","3"
"军之职依旧不变","0","3","3"
"采纳了他的意见","0","3","3"
"当时的人为此说","0","3","3"
"进号为征虏将军","0","3","3"
"攸之起兵发难事","0","3","3"
"原本官职依前不","0","3","3"
"本官职依前不变","0","3","3"
"俸禄为中二千石","0","3","3"
"在永泰元年被杀","0","3","3"
"南兰陵郡兰陵县","0","3","3"
"郁林王隆昌元年","0","3","3"
"齐太祖建元元年","0","3","3"
"当时人认为这是","0","3","3"
"但没有正式拜授","0","3","3"
"闻虏主拓跋焘向","2","0","2"
"虏主拓跋焘向彭","2","0","2"
"主拓跋焘向彭城","2","0","2"
"盘龙表年老才弱","2","0","2"
"宋升明二年九月","1","1","2"
"升明二年九月赠","1","1","2"
"兰陵县中都乡中","1","1","2"
"陵县中都乡中都","1","1","2"
"县中都乡中都里","1","1","2"
"帅安平公乙旃眷","1","1","2"
"青州刺史萧思话","1","1","2"
"征南大将军檀道","1","1","2"
"南大将军檀道济","1","1","2"
"兖州刺史竺灵秀","1","1","2"
"都督长沙王义欣","1","1","2"
"辅国镇北中兵参","1","1","2"
"国镇北中兵参军","1","1","2"
"梁州刺史甄法护","1","1","2"
"州刺史甄法护弃","1","1","2"
"刺史甄法护弃城","1","1","2"
"伪魏兴太守薛健","1","1","2"
"秦二州刺史赵温","1","1","2"
"二州刺史赵温先","1","1","2"
"江夏王司徒中兵","1","1","2"
"夏王司徒中兵参","1","1","2"
"封晋兴县五等男","1","1","2"
"宋大将军彭城王","1","1","2"
"大将军彭城王义","1","1","2"
"将军彭城王义康","1","1","2"
"雍州刺史萧思话","1","1","2"
"州刺史萧思话镇","1","1","2"
"安蛮司马刘康祖","1","1","2"
"蛮司马刘康祖救","1","1","2"
"江夏王大司马参","1","1","2"
"夏王大司马参军","1","1","2"
"西阳王抚军参军","1","1","2"
"新安王子鸾盛宠","2","0","2"
"北中郎中兵参军","1","1","2"
"稽太守寻阳王子","1","1","2"
"太守寻阳王子房","1","1","2"
"山阳太守程天祚","1","1","2"
"徐州刺史申令孙","1","1","2"
"巴陵王卫军司马","1","1","2"
"伪龙骧将军任皇","1","1","2"
"镇西参军刘越绪","1","1","2"
"桂阳王征北司马","1","1","2"
"都督北讨前锋诸","1","1","2"
"督北讨前锋诸军","1","1","2"
"北讨前锋诸军事","1","1","2"
"督南兖徐二州诸","1","1","2"
"南兖徐二州诸军","1","1","2"
"兖徐二州诸军事","1","1","2"
"遣冠军将军吴喜","1","1","2"
"骁骑将军阮佃夫","1","1","2"
"右军将军王道隆","1","1","2"
"三齐射手七百人","1","1","2"
"司空主簿萧惠朗","1","1","2"
"空主簿萧惠朗数","1","1","2"
"主簿萧惠朗数百","1","1","2"
"簿萧惠朗数百人","1","1","2"
"萧惠朗数百人突","1","1","2"
"左右将戴仲绪举","1","1","2"
"冠军将军沈怀明","1","1","2"
"都督南兖徐兖青","1","1","2"
"督南兖徐兖青冀","1","1","2"
"南兖徐兖青冀五","1","1","2"
"兖徐兖青冀五州","1","1","2"
"徐兖青冀五州军","1","1","2"
"兖青冀五州军事","1","1","2"
"南徐州刺史建平","1","1","2"
"徐州刺史建平王","1","1","2"
"党陈奉伯等二十","1","1","2"
"陈奉伯等二十五","1","1","2"
"奉伯等二十五人","1","1","2"
"杨玉夫等二十五","1","1","2"
"玉夫等二十五人","1","1","2"
"前湘州刺史王蕴","1","1","2"
"尚书令刘秉见太","1","1","2"
"书令刘秉见太祖","1","1","2"
"直阁将军卜伯兴","2","0","2"
"阁将军卜伯兴等","2","0","2"
"将军卜伯兴等严","1","1","2"
"金虎符第一第五","2","0","2"
"虎符第一第五左","2","0","2"
"竹使符第一第十","2","0","2"
"使符第一第十左","2","0","2"
"尚书右仆射王俭","1","1","2"
"寡孤独能存者谷","2","0","2"
"广兴郡公沈昙亮","1","1","2"
"兴郡公沈昙亮等","1","1","2"
"司徒褚渊等三十","1","1","2"
"徒褚渊等三十一","1","1","2"
"褚渊等三十一人","1","1","2"
"散骑常侍十二人","1","1","2"
"骑常侍十二人巡","1","1","2"
"遣外监典事四人","1","1","2"
"试守武平太守行","1","1","2"
"守武平太守行交","1","1","2"
"武平太守行交州","1","1","2"
"平太守行交州府","1","1","2"
"太守行交州府事","1","1","2"
"伪茄芦镇主阴平","1","1","2"
"茄芦镇主阴平公","1","1","2"
"芦镇主阴平公杨","1","1","2"
"镇主阴平公杨广","1","1","2"
"主阴平公杨广香","1","1","2"
"遣军将军李安民","2","0","2"
"骠骑大将军豫章","1","1","2"
"骑大将军豫章王","1","1","2"
"军将军李安民等","1","1","2"
"宁朔将军沈景德","1","1","2"
"世子吐谷浑易度","1","1","2"
"子吐谷浑易度侯","1","1","2"
"中书舍人桓景真","1","1","2"
"晋熙王安西谘议","1","1","2"
"平西将军黄回等","1","1","2"
"右卫将军吕安国","1","1","2"
"左卫将军垣崇祖","1","1","2"
"冠军将军垣荣祖","1","1","2"
"护军将军长沙王","1","1","2"
"镇北将军竟陵王","1","1","2"
"北将军竟陵王子","2","0","2"
"建元四年三月前","2","0","2"
"左光禄大夫王僧","1","1","2"
"光禄大夫王僧虔","1","1","2"
"征北将军竟陵王","1","1","2"
"车驾幸玄武湖讲","2","0","2"
"驾幸玄武湖讲武","2","0","2"
"司农刘楷交州刺","2","0","2"
"农刘楷交州刺史","2","0","2"
"豫章王世子子响","2","0","2"
"司徒竟陵王子良","2","0","2"
"兴太守西昌侯鸾","2","0","2"
"车骑将军竟陵王","1","1","2"
"骠骑将军临川王","1","1","2"
"都官尚书沈文季","1","1","2"
"征虏将军晋安王","1","1","2"
"辅国将军建安王","1","1","2"
"遣丹阳尹萧景先","1","1","2"
"祠部尚书安成王","1","1","2"
"车驾幸琅邪城讲","2","0","2"
"驾幸琅邪城讲武","2","0","2"
"祠部尚书武陵王","1","1","2"
"开府仪同三司临","1","1","2"
"府仪同三司临川","1","1","2"
"仪同三司临川王","1","1","2"
"尚书左仆射柳世","1","1","2"
"书左仆射柳世隆","1","1","2"
"左卫将军建安王","1","1","2"
"零陵王司马药师","1","1","2"
"会稽太守安陆侯","1","1","2"
"行河南王世子休","1","1","2"
"河南王世子休留","1","1","2"
"江夏王锋南徐州","2","0","2"
"三月十五日曹郎","1","1","2"
"右卫将军王玄邈","1","1","2"
"赐天下父后者爵","2","0","2"
"天下父后者爵一","2","0","2"
"下父后者爵一级","2","0","2"
"孝子顺孙义夫节","1","1","2"
"子顺孙义夫节妇","1","1","2"
"州刺史陈显达镇","1","1","2"
"明五年十一月戊","1","1","2"
"五年十一月戊子","1","1","2"
"开府仪同三司武","1","1","2"
"府仪同三司武陵","1","1","2"
"仪同三司武陵王","1","1","2"
"尚书右仆射鄱阳","1","1","2"
"书右仆射鄱阳王","1","1","2"
"中军将军新安王","1","1","2"
"督南豫州诸军事","1","1","2"
"车骑大将军陈显","1","1","2"
"骑大将军陈显达","1","1","2"
"尚书左仆射王晏","1","1","2"
"骠骑大将军鄱阳","1","1","2"
"骑大将军鄱阳王","1","1","2"
"骁骑将军河东王","1","1","2"
"安西将军王玄邈","1","1","2"
"前九真太守宋慈","1","1","2"
"九真太守宋慈明","1","1","2"
"中军大将军随郡","1","1","2"
"军大将军随郡王","1","1","2"
"南兖州刺史安陆","1","1","2"
"兖州刺史安陆王","1","1","2"
"刺史安陆王子敬","2","0","2"
"中护军王玄邈讨","1","1","2"
"湘州刺史南平王","1","1","2"
"郢州刺史晋熙王","1","1","2"
"南豫州刺史宜都","1","1","2"
"豫州刺史宜都王","1","1","2"
"扬州刺史宣城公","1","1","2"
"中军将军桂阳王","1","1","2"
"抚军将军衡阳王","1","1","2"
"侍中秘书监江夏","1","1","2"
"中秘书监江夏王","1","1","2"
"镇军将军建安王","1","1","2"
"晋惠帝太安二年","1","1","2"
"补武陵王左常侍","1","1","2"
"大司马寻阳公王","1","1","2"
"司马寻阳公王敬","1","1","2"
"辅国将军闻喜公","1","1","2"
"宁朔将军丰城公","1","1","2"
"丰城公遥昌豫州","2","0","2"
"征虏将军江夏王","1","1","2"
"加太尉陈显达使","1","1","2"
"太尉陈显达使持","1","1","2"
"尉陈显达使持节","1","1","2"
"都督西北征讨诸","1","1","2"
"督西北征讨诸军","1","1","2"
"西北征讨诸军事","1","1","2"
"南徐州侨旧民丁","1","1","2"
"晋安王宝义南徐","2","0","2"
"安王宝义南徐州","2","0","2"
"右卫将军庐陵王","1","1","2"
"北中郎将建安王","1","1","2"
"中郎将建安王宝","2","0","2"
"郎将建安王宝夤","2","0","2"
"诏申明守长六周","1","1","2"
"前军将军阴广宗","1","1","2"
"宁州刺史李庆宗","1","1","2"
"征虏将军萧季敞","1","1","2"
"遣太子中庶子梁","1","1","2"
"遣度支尚书崔慧","1","1","2"
"支尚书崔慧景率","1","1","2"
"尚书崔慧景率众","1","1","2"
"中军大将军徐孝","1","1","2"
"军大将军徐孝嗣","1","1","2"
"遣太尉陈显达持","1","1","2"
"太尉陈显达持节","1","1","2"
"遣左卫将军萧惠","1","1","2"
"左卫将军萧惠休","1","1","2"
"卫将军萧惠休假","1","1","2"
"将军萧惠休假节","1","1","2"
"军萧惠休假节援","1","1","2"
"平西将军萧遥欣","1","1","2"
"西中郎长史刘暄","1","1","2"
"大司马会稽太守","1","1","2"
"司马会稽太守王","1","1","2"
"马会稽太守王敬","1","1","2"
"遣辅国将军刘山","1","1","2"
"国将军刘山阳率","1","1","2"
"将军刘山阳率军","1","1","2"
"军刘山阳率军东","1","1","2"
"刘山阳率军东讨","1","1","2"
"北中郎将司马元","1","1","2"
"后湖水头经过宫","1","1","2"
"湖水头经过宫内","1","1","2"
"镇北将军晋安王","1","1","2"
"宝义进号征北大","1","1","2"
"义进号征北大将","1","1","2"
"进号征北大将军","1","1","2"
"南中郎将建安王","1","1","2"
"冠军将军南康王","1","1","2"
"北中郎将邵陵王","1","1","2"
"右卫将军崔惠景","1","1","2"
"征北大将军晋安","1","1","2"
"北大将军晋安王","1","1","2"
"大将军晋安王宝","2","0","2"
"江陵公宝览始安","2","0","2"
"陵公宝览始安王","2","0","2"
"东徐州刺史沈陵","1","1","2"
"辅国将军裴叔业","1","1","2"
"军将军崔慧景加","1","1","2"
"将军崔慧景加平","1","1","2"
"军崔慧景加平南","1","1","2"
"崔慧景加平南将","1","1","2"
"慧景加平南将军","1","1","2"
"征虏将军邵陵王","1","1","2"
"南徐州刺史江夏","1","1","2"
"徐州刺史江夏王","1","1","2"
"尚书右仆射萧懿","1","1","2"
"守五兵尚书陆慧","1","1","2"
"五兵尚书陆慧晓","1","1","2"
"西中郎长史萧颖","1","1","2"
"中郎长史萧颖胄","1","1","2"
"时加寅漏上八刻","1","1","2"
"骠骑大将军晋安","1","1","2"
"骑大将军晋安王","1","1","2"
"宁朔将军王珍国","1","1","2"
"骠骑将军沈徽孚","1","1","2"
"辅国将军张欣泰","1","1","2"
"遣平西将军陈伯","1","1","2"
"雍州刺史张欣泰","1","1","2"
"谯太守王灵秀率","1","1","2"
"太守王灵秀率石","1","1","2"
"守王灵秀率石头","1","1","2"
"王灵秀率石头文","1","1","2"
"灵秀率石头文武","1","1","2"
"辅国将军申胄监","1","1","2"
"国将军申胄监豫","1","1","2"
"将军申胄监豫州","1","1","2"
"军申胄监豫州事","1","1","2"
"光禄大夫张瑰镇","1","1","2"
"士总督西讨诸军","1","1","2"
"总督西讨诸军事","1","1","2"
"车骑将军建安王","1","1","2"
"前辅国将军鲁休","1","1","2"
"辅国将军鲁休烈","1","1","2"
"辅国长史赵越尝","1","1","2"
"宁朔将军徐元瑜","1","1","2"
"雍州刺史王珍国","1","1","2"
"教黄门五六十人","1","1","2"
"置射雉场二百九","1","1","2"
"射雉场二百九十","1","1","2"
"雉场二百九十六","1","1","2"
"场二百九十六处","1","1","2"
"城中阁道西掖门","1","1","2"
"中阁道西掖门内","1","1","2"
"陈显达一战便败","1","1","2"
"西上阁入后宫断","1","1","2"
"太祖高皇帝肇基","2","0","2"
"祖高皇帝肇基骏","2","0","2"
"高皇帝肇基骏命","2","0","2"
"世祖武皇帝系明","2","0","2"
"祖武皇帝系明下","2","0","2"
"武皇帝系明下武","2","0","2"
"高宗明皇帝重隆","2","0","2"
"宗明皇帝重隆景","2","0","2"
"明皇帝重隆景业","2","0","2"
"长史萧颖胄杀辅","1","1","2"
"史萧颖胄杀辅国","1","1","2"
"萧颖胄杀辅国将","1","1","2"
"颖胄杀辅国将军","1","1","2"
"都督前锋诸军事","1","1","2"
"西中郎将南康王","1","1","2"
"西中郎府南康国","1","1","2"
"郢州刺史张冲拒","1","1","2"
"州刺史张冲拒守","1","1","2"
"骠骑将军薛元嗣","1","1","2"
"骑将军薛元嗣等","1","1","2"
"将军薛元嗣等固","1","1","2"
"军薛元嗣等固城","1","1","2"
"尚书令萧颖胄行","1","1","2"
"书令萧颖胄行荆","1","1","2"
"令萧颖胄行荆州","1","1","2"
"萧颖胄行荆州刺","1","1","2"
"颖胄行荆州刺史","1","1","2"
"冠军将军庄丘黑","1","1","2"
"吴子阳十三军救","1","1","2"
"征虏将军王茂先","1","1","2"
"虏将军王茂先击","1","1","2"
"将军王茂先击破","1","1","2"
"黄门郎萧澹行荆","1","1","2"
"门郎萧澹行荆州","1","1","2"
"郎萧澹行荆州府","1","1","2"
"扬州刺史晋安王","1","1","2"
"大司马钱二千万","1","1","2"
"大司马都督中外","1","1","2"
"司马都督中外诸","1","1","2"
"马都督中外诸军","1","1","2"
"大司马长史王亮","1","1","2"
"尚书令王俭制定","1","1","2"
"书令王俭制定新","1","1","2"
"殿中郎司马宪议","1","1","2"
"魏文帝黄初二年","1","1","2"
"文帝黄初二年正","1","1","2"
"帝黄初二年正月","1","1","2"
"年十月殷祀宗庙","1","1","2"
"通关八座丞郎博","1","1","2"
"关八座丞郎博士","1","1","2"
"宋元嘉三十年正","1","1","2"
"元嘉三十年正月","1","1","2"
"国子祭酒张绪等","1","1","2"
"子祭酒张绪等十","1","1","2"
"祭酒张绪等十七","1","1","2"
"酒张绪等十七人","1","1","2"
"元嘉十六年正月","1","1","2"
"嘉十六年正月六","1","1","2"
"十六年正月六日","1","1","2"
"六年正月六日辛","1","1","2"
"晋成帝咸康元年","1","1","2"
"成帝咸康元年正","1","1","2"
"帝咸康元年正月","1","1","2"
"元封元年四月癸","1","1","2"
"封元年四月癸卯","1","1","2"
"后汉永平二年正","1","1","2"
"汉永平二年正月","1","1","2"
"元始五年正月六","1","1","2"
"始五年正月六日","1","1","2"
"五年正月六日辛","1","1","2"
"知祭天地南北郊","2","0","2"
"祭天地南北郊矣","2","0","2"
"国子助教徐景嵩","1","1","2"
"命百县雩祀百辟","2","0","2"
"百县雩祀百辟卿","2","0","2"
"县雩祀百辟卿士","2","0","2"
"子助教谢昙济议","2","0","2"
"十五年十一月晋","1","1","2"
"五年十一月晋侯","1","1","2"
"年十一月晋侯周","1","1","2"
"豫章王妃庾氏四","1","1","2"
"子助教桑惠度议","2","0","2"
"骠骑大将军王敬","1","1","2"
"将军李安民六人","1","1","2"
"尚书令徐孝嗣议","2","0","2"
"仪曹称治礼学士","1","1","2"
"皇帝黑瓒阶东西","2","0","2"
"帝黑瓒阶东西向","2","0","2"
"前军长史刘绘议","1","1","2"
"率诸侯朝日东郊","2","0","2"
"魏秘书监薛循请","1","1","2"
"护诸府司马谘议","1","1","2"
"诸府司马谘议经","1","1","2"
"府司马谘议经除","1","1","2"
"司马谘议经除敕","1","1","2"
"马谘议经除敕者","1","1","2"
"国子助教曹思文","1","1","2"
"子助教曹思文上","1","1","2"
"助教曹思文上表","1","1","2"
"宜通关八座丞郎","2","0","2"
"宋初博士司马道","1","1","2"
"初博士司马道敬","1","1","2"
"穆妃七月二十四","1","1","2"
"司徒褚渊等二十","1","1","2"
"徒褚渊等二十人","1","1","2"
"二年正月二十四","1","1","2"
"年正月二十四日","1","1","2"
"三月二十九日祥","1","1","2"
"国子博士刘警等","1","1","2"
"晋武帝泰始二年","1","1","2"
"祠天地五郊夕牲","1","1","2"
"天地五郊夕牲歌","1","1","2"
"太祖高皇帝配飨","2","0","2"
"光武庙登歌一章","1","1","2"
"武庙登歌一章二","1","1","2"
"庙登歌一章二十","1","1","2"
"登歌一章二十六","1","1","2"
"歌一章二十六句","1","1","2"
"庙乐歌诗十六章","1","1","2"
"玄武司马班固奏","1","1","2"
"祀先农先蚕夕牲","1","1","2"
"先农先蚕夕牲歌","1","1","2"
"农先蚕夕牲歌诗","1","1","2"
"泰始五年太仆傅","1","1","2"
"始五年太仆傅玄","1","1","2"
"五年太仆傅玄撰","1","1","2"
"行白者君追汝句","1","1","2"
"白者君追汝句骊","1","1","2"
"者君追汝句骊马","1","1","2"
"孝建元年升明三","2","0","2"
"建元年升明三年","2","0","2"
"孝建二年四月十","1","1","2"
"建二年四月十三","1","1","2"
"孝建三年十二月","1","1","2"
"建三年十二月一","1","1","2"
"三年十二月一日","1","1","2"
"大明二年十二月","1","1","2"
"明二年十二月二","1","1","2"
"二年十二月二十","1","1","2"
"年十二月二十六","1","1","2"
"六年十一月十五","1","1","2"
"年十一月十五日","1","1","2"
"泰始三年正月十","1","1","2"
"始三年正月十七","1","1","2"
"三年正月十七日","1","1","2"
"六年九月二十七","1","1","2"
"年九月二十七日","1","1","2"
"泰始四年四月二","1","1","2"
"始四年四月二十","1","1","2"
"四年四月二十四","1","1","2"
"年四月二十四日","1","1","2"
"泰始七年六月十","1","1","2"
"始七年六月十七","1","1","2"
"七年六月十七日","1","1","2"
"元徽四年十月十","1","1","2"
"元徽五年七月一","1","1","2"
"徽五年七月一日","1","1","2"
"升明二年六月二","1","1","2"
"明二年六月二十","1","1","2"
"二年六月二十日","1","1","2"
"升明二年十月一","1","1","2"
"建元二年九月甲","1","1","2"
"元二年九月甲午","1","1","2"
"明元年十二月乙","1","1","2"
"元年十二月乙巳","1","1","2"
"十年十二月癸未","1","1","2"
"隆昌元年五月甲","1","1","2"
"昌元年五月甲戌","1","1","2"
"永明二年四月丁","2","0","2"
"三年十一月戊寅","1","1","2"
"十年十二月丁酉","1","1","2"
"四年十一月午时","1","1","2"
"二年闰正月乙酉","1","1","2"
"五年十一月丁亥","1","1","2"
"元年十二月未时","1","1","2"
"建元元年六月甲","1","1","2"
"元元年六月甲申","1","1","2"
"三年十一月庚寅","1","1","2"
"元年十二月乙酉","1","1","2"
"月三晕太微荧惑","2","0","2"
"明元年十一月己","1","1","2"
"元年十一月己未","1","1","2"
"建元元年七月丁","1","1","2"
"元元年七月丁未","1","1","2"
"月行入东井旷中","2","0","2"
"月犯轩辕女主星","2","0","2"
"月犯东井北辕西","2","0","2"
"犯东井北辕西头","2","0","2"
"犯房北头第二星","2","0","2"
"犯东井北辕东头","2","0","2"
"井北辕东头第二","2","0","2"
"月犯南斗第六星","2","0","2"
"东南星西北一尺","1","1","2"
"西南星东南五寸","1","1","2"
"房北头第一星西","2","0","2"
"北头第二次相星","1","1","2"
"头第二次相星西","1","1","2"
"第二次相星西北","1","1","2"
"二次相星西北八","1","1","2"
"次相星西北八寸","1","1","2"
"牵牛中星南二寸","1","1","2"
"头第一上相星东","1","1","2"
"第一上相星东北","1","1","2"
"一上相星东北一","1","1","2"
"上相星东北一尺","1","1","2"
"左角星西北九寸","1","1","2"
"西南星东北三寸","1","1","2"
"北头上相星北一","1","1","2"
"头上相星北一尺","1","1","2"
"头第一上相星北","1","1","2"
"第一上相星北一","1","1","2"
"一上相星北一尺","1","1","2"
"楗闭星东北一尺","1","1","2"
"毕右股第一星东","2","0","2"
"楗闭星西北八寸","1","1","2"
"辕东头第一星北","2","0","2"
"月亢南头第二星","2","0","2"
"牵牛中星南九寸","1","1","2"
"左执法星南四寸","1","1","2"
"右执法星东南六","1","1","2"
"执法星东南六寸","1","1","2"
"右执法星南二寸","1","1","2"
"星西北二尺五寸","1","1","2"
"东南头上相星南","1","1","2"
"南头上相星南八","1","1","2"
"头上相星南八寸","1","1","2"
"南头上相星西南","1","1","2"
"头上相星西南五","1","1","2"
"上相星西南五寸","1","1","2"
"牵牛南星北五寸","1","1","2"
"轩辕女主星南四","1","1","2"
"辕女主星南四寸","1","1","2"
"轩辕左民星东北","1","1","2"
"辕左民星东北七","1","1","2"
"左民星东北七寸","1","1","2"
"行太微西蕃上将","2","0","2"
"右角大民星南八","1","1","2"
"角大民星南八寸","1","1","2"
"右股大赤星东北","1","1","2"
"股大赤星东北四","1","1","2"
"大赤星东北四寸","1","1","2"
"轩辕女主星西九","1","1","2"
"辕女主星西九寸","1","1","2"
"左执法星北二尺","1","1","2"
"执法星北二尺七","1","1","2"
"法星北二尺七寸","1","1","2"
"股大赤星西北五","1","1","2"
"大赤星西北五寸","1","1","2"
"十一年正月辛酉","1","1","2"
"轩辕女主星北八","1","1","2"
"辕女主星北八寸","1","1","2"
"东北星西南六寸","1","1","2"
"西建星东南一寸","1","1","2"
"股大赤星西北六","1","1","2"
"大赤星西北六寸","1","1","2"
"入东井北辕西头","2","0","2"
"井北辕西头第二","2","0","2"
"北辕西头第二星","2","0","2"
"隆昌元年正月辛","1","1","2"
"昌元年正月辛亥","1","1","2"
"辕西头第一星东","2","0","2"
"西头第一星东北","2","0","2"
"行犯太微西蕃上","2","0","2"
"右执法星西北一","1","1","2"
"执法星西北一尺","1","1","2"
"太白行犯太微左","2","0","2"
"白行犯太微左执","2","0","2"
"行犯太微左执法","2","0","2"
"犯房北头第一星","2","0","2"
"女主星东北一尺","1","1","2"
"主星东北一尺二","1","1","2"
"星东北一尺二寸","1","1","2"
"微西蕃上将星西","2","0","2"
"西蕃上将星西南","2","0","2"
"上将星西南五寸","1","1","2"
"左执法星西北四","1","1","2"
"执法星西北四寸","1","1","2"
"右执法星东南四","1","1","2"
"执法星东南四寸","1","1","2"
"南第二左股次将","1","1","2"
"第二左股次将星","1","1","2"
"二左股次将星西","1","1","2"
"左股次将星西南","1","1","2"
"股次将星西南一","1","1","2"
"次将星西南一尺","1","1","2"
"星西南二尺五寸","1","1","2"
"西南二尺五寸斗","1","1","2"
"轩辕女主星南七","1","1","2"
"辕女主星南七尺","1","1","2"
"上将星西南一尺","1","1","2"
"楗闭星西南七寸","1","1","2"
"轩辕大星东八寸","1","1","2"
"十一年正月戊辰","1","1","2"
"东北星西南四寸","1","1","2"
"入轩辕大星北一","1","1","2"
"轩辕大星北一尺","1","1","2"
"辕大星北一尺二","1","1","2"
"大星北一尺二寸","1","1","2"
"进贤星西南四寸","1","1","2"
"楗闭星西北六寸","1","1","2"
"西建东星西南一","1","1","2"
"建东星西南一尺","1","1","2"
"建元元年五月己","1","1","2"
"元元年五月己未","1","1","2"
"荧惑犯太微西蕃","2","0","2"
"惑犯太微西蕃上","2","0","2"
"荧惑犯南斗第五","2","0","2"
"惑犯南斗第五星","2","0","2"
"星东南二尺五寸","1","1","2"
"氐西南星北七寸","2","0","2"
"西北星东南二寸","1","1","2"
"左股星西北一寸","1","1","2"
"十一年二月庚戌","1","1","2"
"星东北一尺四寸","1","1","2"
"五诸侯东星北四","1","1","2"
"诸侯东星北四寸","1","1","2"
"隆昌元年三月乙","1","1","2"
"昌元年三月乙丑","1","1","2"
"舆鬼积尸星东北","1","1","2"
"鬼积尸星东北七","1","1","2"
"积尸星东北七寸","1","1","2"
"建元四年正月己","1","1","2"
"元四年正月己卯","1","1","2"
"永明元年五月甲","1","1","2"
"明元年五月甲午","1","1","2"
"四年闰二月丙辰","1","1","2"
"岁星犯太微上将","2","0","2"
"十一年九月丙辰","1","1","2"
"四年十二月辛巳","1","1","2"
"七年十二月戊辰","1","1","2"
"星西南一尺一寸","1","1","2"
"泣西星东北七寸","1","1","2"
"建元元年十月癸","1","1","2"
"元元年十月癸酉","1","1","2"
"西南行一丈余没","2","0","2"
"黄帝座星西二尺","1","1","2"
"东北大星东二尺","1","1","2"
"十一年二月壬寅","1","1","2"
"东北行一丈五尺","1","1","2"
"元元年十一月戊","1","1","2"
"元年十一月戊辰","1","1","2"
"永明三年八月丁","1","1","2"
"明三年八月丁酉","1","1","2"
"九年闰七月戊寅","1","1","2"
"十一年九月丙寅","1","1","2"
"永明十年七月癸","1","1","2"
"明十年七月癸酉","1","1","2"
"十一年九月甲午","1","1","2"
"八年十一月乙未","1","1","2"
"十一年七月丙辰","1","1","2"
"置持节督州牧八","1","1","2"
"持节督州牧八人","1","1","2"
"义兴郡永明二年","1","1","2"
"临沂江乘兰陵承","1","1","2"
"沂江乘兰陵承建","1","1","2"
"江乘兰陵承建武","1","1","2"
"乘兰陵承建武三","1","1","2"
"兰陵承建武三年","1","1","2"
"淮阴东阳淮浦建","1","1","2"
"阴东阳淮浦建武","1","1","2"
"东阳淮浦建武二","1","1","2"
"阳淮浦建武二年","1","1","2"
"司吾武阳建武三","1","1","2"
"吾武阳建武三年","1","1","2"
"东莞莒姑幕建武","1","1","2"
"莞莒姑幕建武三","1","1","2"
"莒姑幕建武三年","1","1","2"
"武城清河贝丘绎","1","1","2"
"城清河贝丘绎幕","1","1","2"
"清河贝丘绎幕建","1","1","2"
"河贝丘绎幕建武","1","1","2"
"贝丘绎幕建武二","1","1","2"
"丘绎幕建武二年","1","1","2"
"平郡宋太始五年","1","1","2"
"郡宋太始五年侨","1","1","2"
"宋太始五年侨置","1","1","2"
"晋元帝永昌元年","1","1","2"
"伪扬州刺史王浃","1","1","2"
"请辅国将军张畅","1","1","2"
"冠军长史沈宪启","1","1","2"
"广陵郡建元四年","1","1","2"
"北中郎将荀羡北","1","1","2"
"光禄大夫吕安国","1","1","2"
"丘南东莞永明元","1","1","2"
"南东莞永明元年","1","1","2"
"西江督护陈伯绍","1","1","2"
"吴春俚郡永明六","1","1","2"
"春俚郡永明六年","1","1","2"
"诸台府郎令史职","1","1","2"
"台府郎令史职吏","1","1","2"
"主簿舍人御属二","1","1","2"
"簿舍人御属二人","1","1","2"
"晋江左中丞司隶","1","1","2"
"江左中丞司隶分","1","1","2"
"治书侍御史二人","1","1","2"
"御史中丞冯赦讨","1","1","2"
"鸾鸟立花趺衔铃","2","0","2"
"太尉左长史王俭","1","1","2"
"爪支子花二十八","1","1","2"
"晋皇后乘云母油","1","1","2"
"皇后乘云母油画","1","1","2"
"后乘云母油画安","1","1","2"
"乘云母油画安车","1","1","2"
"施黑耳后户皂轮","2","0","2"
"宋明帝泰始四年","1","1","2"
"公主会见大首髻","1","1","2"
"晋光禄大夫何祯","1","1","2"
"光禄大夫何祯解","1","1","2"
"西将军萧思话见","1","1","2"
"汉四百二十五年","1","1","2"
"会稽剡县刻石山","1","1","2"
"肃然入草应天符","1","1","2"
"雍州刺史萧赤斧","1","1","2"
"前淮南太守孙奉","1","1","2"
"淮南太守孙奉伯","1","1","2"
"元嘉十七年六月","1","1","2"
"嘉十七年六月己","1","1","2"
"阳郡清水县平泉","1","1","2"
"东平寿张安乐村","1","1","2"
"南豫州刺史建安","1","1","2"
"豫州刺史建安王","1","1","2"
"州刺史建安王子","1","1","2"
"刺史建安王子真","1","1","2"
"陵县获白雀一头","2","0","2"
"阳羡县获白乌一","2","0","2"
"羡县获白乌一头","2","0","2"
"江宁县北界赖乡","1","1","2"
"宁县北界赖乡齐","1","1","2"
"县北界赖乡齐平","1","1","2"
"北界赖乡齐平里","1","1","2"
"界赖乡齐平里三","1","1","2"
"赖乡齐平里三成","1","1","2"
"乡齐平里三成逻","1","1","2"
"齐平里三成逻门","1","1","2"
"平里三成逻门外","1","1","2"
"里三成逻门外路","1","1","2"
"三成逻门外路东","1","1","2"
"山阴县孔广家园","1","1","2"
"芳林园凤光殿西","1","1","2"
"秣陵县斗场里安","1","1","2"
"陵县斗场里安明","1","1","2"
"县斗场里安明寺","1","1","2"
"甘露降南郡桐树","2","0","2"
"羽林监崔士亮献","1","1","2"
"郢州监利县天井","1","1","2"
"州监利县天井湖","1","1","2"
"武陵沅头都尉治","1","1","2"
"十一年四月辛巳","1","1","2"
"永泰元年十二月","1","1","2"
"泰元年十二月二","1","1","2"
"元年十二月二十","1","1","2"
"年十二月二十九","1","1","2"
"永元元年五月二","1","1","2"
"元元年五月二十","1","1","2"
"元年五月二十一","1","1","2"
"建元四年五月戊","1","1","2"
"元四年五月戊午","1","1","2"
"永明元年九月乙","1","1","2"
"明元年九月乙丑","1","1","2"
"十一年四月辛亥","1","1","2"
"六年十一月戊申","1","1","2"
"元元年十一月庚","1","1","2"
"元年十一月庚戌","1","1","2"
"四年十一月甲寅","1","1","2"
"永明四年二月丙","1","1","2"
"明四年二月丙寅","1","1","2"
"十一年二月庚寅","1","1","2"
"建武元年三月乙","1","1","2"
"武元年三月乙酉","1","1","2"
"永元元年七月十","1","1","2"
"元元年七月十二","1","1","2"
"元年七月十二日","1","1","2"
"石阳县长溪水冲","1","1","2"
"阳县长溪水冲激","1","1","2"
"县长溪水冲激山","1","1","2"
"长溪水冲激山麓","1","1","2"
"建元二年闰六月","1","1","2"
"元二年闰六月丙","1","1","2"
"二年闰六月丙戌","1","1","2"
"永明八年四月六","1","1","2"
"明八年四月六日","1","1","2"
"明元年十一月癸","1","1","2"
"元年十一月癸卯","1","1","2"
"年十一月癸卯夜","1","1","2"
"明二年十一月己","1","1","2"
"二年十一月己亥","1","1","2"
"六年十一月庚戌","1","1","2"
"世祖镇盆城拒沈","2","0","2"
"祖镇盆城拒沈攸","2","0","2"
"州刺史范柏年诱","1","1","2"
"刺史范柏年诱降","1","1","2"
"史范柏年诱降晋","1","1","2"
"范柏年诱降晋寿","1","1","2"
"问金紫光禄大夫","1","1","2"
"金紫光禄大夫张","1","1","2"
"紫光禄大夫张绪","1","1","2"
"宋顺帝车骑谘议","1","1","2"
"顺帝车骑谘议参","1","1","2"
"帝车骑谘议参军","1","1","2"
"镇军府长史萧顺","1","1","2"
"都督江州豫州新","2","0","2"
"督江州豫州新蔡","2","0","2"
"江州豫州新蔡晋","2","0","2"
"州豫州新蔡晋熙","2","0","2"
"豫州新蔡晋熙二","2","0","2"
"州新蔡晋熙二郡","2","0","2"
"新蔡晋熙二郡军","1","1","2"
"蔡晋熙二郡军事","1","1","2"
"南蛮司马崔慧景","1","1","2"
"中兵参军虞欣祖","1","1","2"
"托中书侍郎刘绘","1","1","2"
"南康侯子恪吴郡","2","0","2"
"褚渊能迟行缓步","1","1","2"
"金镂柄银柱琵琶","1","1","2"
"僧虔连名上表谏","1","1","2"
"故太宰文简公褚","1","1","2"
"太宰文简公褚渊","1","1","2"
"抚军法曹行参军","1","1","2"
"晋熙王安西司马","1","1","2"
"督郢州司州义阳","2","0","2"
"义阳诸军事平西","1","1","2"
"阳诸军事平西将","1","1","2"
"诸军事平西将军","1","1","2"
"军事平西将军郢","1","1","2"
"事平西将军郢州","1","1","2"
"平西将军郢州刺","1","1","2"
"西将军郢州刺史","1","1","2"
"将军郢州刺史闻","1","1","2"
"军郢州刺史闻喜","1","1","2"
"郢州刺史闻喜县","1","1","2"
"州刺史闻喜县开","1","1","2"
"刺史闻喜县开国","1","1","2"
"史闻喜县开国侯","1","1","2"
"闻喜县开国侯黄","1","1","2"
"喜县开国侯黄回","1","1","2"
"员外散骑常侍辅","1","1","2"
"外散骑常侍辅国","1","1","2"
"散骑常侍辅国将","1","1","2"
"骑常侍辅国将军","1","1","2"
"常侍辅国将军骁","1","1","2"
"侍辅国将军骁骑","1","1","2"
"将军骁骑将军重","1","1","2"
"军骁骑将军重安","1","1","2"
"骁骑将军重安县","1","1","2"
"骑将军重安县开","1","1","2"
"将军重安县开国","1","1","2"
"军重安县开国子","1","1","2"
"重安县开国子军","1","1","2"
"安县开国子军主","1","1","2"
"县开国子军主王","1","1","2"
"开国子军主王敬","1","1","2"
"开国男军主王宜","1","1","2"
"屯骑校尉陈承叔","1","1","2"
"右军将军葛阳县","1","1","2"
"军将军葛阳县开","1","1","2"
"将军葛阳县开国","1","1","2"
"军葛阳县开国男","1","1","2"
"葛阳县开国男彭","1","1","2"
"阳县开国男彭文","1","1","2"
"骠骑行参军振武","1","1","2"
"骑行参军振武将","1","1","2"
"行参军振武将军","1","1","2"
"屯骑校尉苟元宾","1","1","2"
"抚军参军郭文考","1","1","2"
"抚军中兵参军程","1","1","2"
"军中兵参军程隐","1","1","2"
"中兵参军程隐俊","1","1","2"
"奉朝请诸袭光等","1","1","2"
"骁骑将军周盘龙","1","1","2"
"屯骑校尉王洪范","1","1","2"
"骑校尉王洪范等","1","1","2"
"竟陵司州随郡诸","2","0","2"
"陵司州随郡诸军","2","0","2"
"司州随郡诸军事","2","0","2"
"豫司二州诸军事","2","0","2"
"左光禄大夫贞阳","1","1","2"
"光禄大夫贞阳公","1","1","2"
"禄大夫贞阳公世","1","1","2"
"大夫贞阳公世隆","1","1","2"
"宋金紫光禄大夫","2","0","2"
"殿中将军卞白龙","1","1","2"
"中将军卞白龙令","1","1","2"
"队主强弩将军郭","1","1","2"
"主强弩将军郭罗","1","1","2"
"强弩将军郭罗云","1","1","2"
"鄱阳王北中郎长","1","1","2"
"阳王北中郎长史","1","1","2"
"行南徐州府州事","1","1","2"
"假节督广陵诸军","1","1","2"
"节督广陵诸军事","1","1","2"
"慕容德伪吏部尚","1","1","2"
"容德伪吏部尚书","1","1","2"
"新安王国上将军","1","1","2"
"义阳王征北行参","1","1","2"
"阳王征北行参军","1","1","2"
"亲近数十人夜救","1","1","2"
"近数十人夜救祖","1","1","2"
"数十人夜救祖隆","1","1","2"
"城都将东徐州刺","1","1","2"
"都将东徐州刺史","1","1","2"
"将东徐州刺史成","1","1","2"
"东徐州刺史成固","1","1","2"
"徐州刺史成固公","1","1","2"
"伪彭城镇将平阳","1","1","2"
"彭城镇将平阳公","1","1","2"
"邵陵王南中郎司","1","1","2"
"陵王南中郎司马","1","1","2"
"遣伪梁王郁豆眷","1","1","2"
"都督号平西将军","1","1","2"
"宁朔将军孙景育","1","1","2"
"平西将军山阳王","1","1","2"
"随府转参骠骑军","1","1","2"
"府转参骠骑军事","1","1","2"
"新野太守刘攘兵","1","1","2"
"驾傅宣等守江陵","1","1","2"
"傅宣等守江陵城","1","1","2"
"随郡太守刘道宗","1","1","2"
"朔将军高道庆乘","1","1","2"
"安成王车骑参军","1","1","2"
"都督会稽东阳临","2","0","2"
"临海永嘉五郡军","2","0","2"
"海永嘉五郡军事","2","0","2"
"都督豫州郢州西","2","0","2"
"东阳临海永嘉新","2","0","2"
"后员外郎虞长耀","1","1","2"
"城局参军徐庶家","1","1","2"
"台传御史钟离祖","1","1","2"
"传御史钟离祖愿","1","1","2"
"太子舍人少安等","1","1","2"
"长子黄门郎元迁","1","1","2"
"徐州刺史徐玄庆","1","1","2"
"州刺史徐玄庆杀","1","1","2"
"兴盛军容袁文旷","2","0","2"
"东海王板行参军","1","1","2"
"司空参军高敬祖","1","1","2"
"都督益宁二州军","1","1","2"
"督益宁二州军事","1","1","2"
"舞阴戍主辅国将","2","0","2"
"阴戍主辅国将军","2","0","2"
"主辅国将军殷公","2","0","2"
"平北将军崔慧景","1","1","2"
"左卫将军左兴盛","1","1","2"
"将军骁骑将军徐","1","1","2"
"军骁骑将军徐世","1","1","2"
"置三百八十八人","1","1","2"
"伪阳平太守郭杜","1","1","2"
"阳平太守郭杜羝","1","1","2"
"虏竹邑戍主白仲","1","1","2"
"竹邑戍主白仲都","1","1","2"
"伪淮阳太守梁恶","1","1","2"
"军主张灵庆等五","1","1","2"
"主张灵庆等五千","1","1","2"
"免官削爵付东冶","2","0","2"
"辅国将军垣闳屯","1","1","2"
"晋熙王征虏司马","1","1","2"
"冀三州缘淮前锋","1","1","2"
"三州缘淮前锋诸","1","1","2"
"州缘淮前锋诸军","1","1","2"
"缘淮前锋诸军事","1","1","2"
"南中郎将中兵参","1","1","2"
"中郎将中兵参军","1","1","2"
"郎将中兵参军临","1","1","2"
"将中兵参军临湘","1","1","2"
"中兵参军临湘令","1","1","2"
"兵参军临湘令韩","1","1","2"
"参军临湘令韩幼","1","1","2"
"军临湘令韩幼宗","1","1","2"
"遣军主任候伯行","1","1","2"
"回同卫将军袁粲","1","1","2"
"遣中书舍人茹法","2","0","2"
"陵王骠骑行参军","1","1","2"
"南琅邪济阴二郡","1","1","2"
"琅邪济阴二郡太","1","1","2"
"邪济阴二郡太守","1","1","2"
"吴郡晋陵防郡队","1","1","2"
"郡晋陵防郡队主","1","1","2"
"兖州刺史沈僧荣","1","1","2"
"州刺史沈僧荣镇","1","1","2"
"军主佼长生等攻","1","1","2"
"主佼长生等攻破","1","1","2"
"佼长生等攻破贼","1","1","2"
"会稽鄞县边海山","1","1","2"
"稽鄞县边海山谷","1","1","2"
"鄞县边海山谷中","1","1","2"
"平西将军黄回乘","1","1","2"
"迁竟陵王镇北司","1","1","2"
"竟陵王镇北司马","1","1","2"
"督交广二州军事","1","1","2"
"盘龙督司州军事","1","1","2"
"助豫州刺史垣崇","1","1","2"
"州刺史垣崇祖决","1","1","2"
"盘龙率辅国将军","1","1","2"
"龙率辅国将军张","1","1","2"
"率辅国将军张倪","1","1","2"
"子奉叔单马率二","1","1","2"
"奉叔单马率二百","1","1","2"
"戍主皇甫仲贤率","1","1","2"
"都督青冀二州军","1","1","2"
"督青冀二州军事","1","1","2"
"广州刺史萧季敞","1","1","2"
"长沙王镇军司马","1","1","2"
"安陆王北中郎左","1","1","2"
"陆王北中郎左军","1","1","2"
"王北中郎左军司","1","1","2"
"北中郎左军司马","1","1","2"
"都督徐州诸军事","1","1","2"
"时豫州刺史崔慧","1","1","2"
"豫州刺史崔慧景","1","1","2"
"都督江州诸军事","1","1","2"
"持节督司州征讨","1","1","2"
"敕齐郡太守刘怀","1","1","2"
"齐郡太守刘怀慰","1","1","2"
"孙法先谋乱伏法","1","1","2"
"华山太守康元隆","1","1","2"
"巴东王子响杀僚","2","0","2"
"东王子响杀僚佐","2","0","2"
"庐陵王中军司马","1","1","2"
"文惠太子竟陵王","2","0","2"
"惠太子竟陵王子","2","0","2"
"向思奴四十余人","1","1","2"
"世祖冠军府参军","1","1","2"
"元徽五年七月六","1","1","2"
"徽五年七月六日","1","1","2"
"五年七月六日夜","1","1","2"
"莞琅邪二郡朐山","1","1","2"
"琅邪二郡朐山戍","1","1","2"
"邪二郡朐山戍北","1","1","2"
"二郡朐山戍北徐","1","1","2"
"立天水郡略阳县","1","1","2"
"青州刺史颜师伯","1","1","2"
"虏遣清水公拾贲","1","1","2"
"遣清水公拾贲敕","1","1","2"
"清水公拾贲敕文","1","1","2"
"补晋安王子勋夹","1","1","2"
"晋安王子勋夹毂","1","1","2"
"安王子勋夹毂队","1","1","2"
"王子勋夹毂队主","1","1","2"
"江州刺史王景文","1","1","2"
"州刺史王景文诱","1","1","2"
"刺史王景文诱降","1","1","2"
"虎令辅国将军朱","1","1","2"
"令辅国将军朱公","1","1","2"
"辅国将军朱公恩","1","1","2"
"伪虎威将军襄城","1","1","2"
"虎威将军襄城太","1","1","2"
"威将军襄城太守","1","1","2"
"将军襄城太守帛","1","1","2"
"巴东王子响荆州","2","0","2"
"谧转尚书度支郎","1","1","2"
"江夏王义恭第十","1","1","2"
"夏王义恭第十五","1","1","2"
"王义恭第十五女","1","1","2"
"建平王景素冠军","1","1","2"
"平王景素冠军长","1","1","2"
"王景素冠军长史","1","1","2"
"柳元景抚军板行","1","1","2"
"元景抚军板行参","1","1","2"
"景抚军板行参军","1","1","2"
"晋安王子勋镇军","1","1","2"
"安王子勋镇军行","1","1","2"
"王子勋镇军行参","1","1","2"
"子勋镇军行参军","1","1","2"
"太祖冠军刑狱参","1","1","2"
"祖冠军刑狱参军","1","1","2"
"随太祖太尉府转","1","1","2"
"太祖太尉府转中","1","1","2"
"祖太尉府转中兵","1","1","2"
"武陵王征虏司马","1","1","2"
"安成王冠军司马","1","1","2"
"豫章王太尉谘议","1","1","2"
"宠子新安王东中","1","1","2"
"子新安王东中郎","1","1","2"
"新安王东中郎长","1","1","2"
"安王东中郎长史","1","1","2"
"始安王征虏二府","1","1","2"
"安王征虏二府长","1","1","2"
"王征虏二府长史","1","1","2"
"朝舍钱三十六万","1","1","2"
"会稽东阳新安临","2","0","2"
"稽东阳新安临海","2","0","2"
"东阳新安临海永","2","0","2"
"南平王右军主簿","1","1","2"
"都督北讨诸军事","1","1","2"
"竟陵王征北长史","1","1","2"
"迁安成王车骑长","1","1","2"
"安成王车骑长史","1","1","2"
"左光禄仪同三司","1","1","2"
"中军建平王主簿","1","1","2"
"西阳王抚军谘议","1","1","2"
"安陆王后军司马","1","1","2"
"晋熙二郡诸军事","1","1","2"
"金紫光禄大夫阮","1","1","2"
"紫光禄大夫阮韬","1","1","2"
"景文等二十一人","1","1","2"
"刺史江夏王刘义","1","1","2"
"史江夏王刘义恭","1","1","2"
"豫章王子尚抚军","1","1","2"
"章王子尚抚军长","1","1","2"
"王子尚抚军长史","1","1","2"
"新安王子鸾北中","1","1","2"
"安王子鸾北中郎","1","1","2"
"王子鸾北中郎长","1","1","2"
"子鸾北中郎长史","1","1","2"
"改授左光禄大夫","1","1","2"
"庄严寺听僧达道","1","1","2"
"严寺听僧达道人","1","1","2"
"寺听僧达道人讲","1","1","2"
"路太后外亲朱仁","1","1","2"
"太后外亲朱仁弥","1","1","2"
"后外亲朱仁弥犯","1","1","2"
"外亲朱仁弥犯罪","1","1","2"
"安成王车骑录事","1","1","2"
"骁骑将军傅坚意","1","1","2"
"骑将军傅坚意检","1","1","2"
"将军傅坚意检定","1","1","2"
"扬州等九郡四号","1","1","2"
"州等九郡四号黄","1","1","2"
"等九郡四号黄籍","1","1","2"
"宋元嘉二十八年","1","1","2"
"陈郡谢俨同丞相","1","1","2"
"郡谢俨同丞相义","1","1","2"
"谢俨同丞相义宣","1","1","2"
"俨同丞相义宣反","1","1","2"
"辅师府录事参军","1","1","2"
"尚书右丞荣彦远","1","1","2"
"邵陵二王军府镇","1","1","2"
"迁邵陵王安南长","1","1","2"
"邵陵王安南长史","1","1","2"
"寻宋世载祀六十","1","1","2"
"转西阳王抚军法","1","1","2"
"阳王抚军法曹参","1","1","2"
"王抚军法曹参军","1","1","2"
"晋安王安西记室","1","1","2"
"安王安西记室参","1","1","2"
"王安西记室参军","1","1","2"
"转司徒录事参军","1","1","2"
"转骠骑谘议参军","1","1","2"
"冠军庐陵王子卿","1","1","2"
"巴陵王征西参军","1","1","2"
"迁庐陵王中军长","1","1","2"
"晋平王骠骑板谘","1","1","2"
"平王骠骑板谘议","1","1","2"
"迁豫章王太尉司","1","1","2"
"豫章王太尉司马","1","1","2"
"晋安王南中郎长","1","1","2"
"安王南中郎长史","1","1","2"
"徙庐陵王中军长","1","1","2"
"罗太妃生武陵昭","1","1","2"
"太妃生武陵昭王","1","1","2"
"任太妃生安成恭","1","1","2"
"太妃生安成恭王","1","1","2"
"区贵人生衡阳王","1","1","2"
"都督荆湘雍益梁","1","1","2"
"督荆湘雍益梁巴","1","1","2"
"荆湘雍益梁巴宁","1","1","2"
"湘雍益梁巴宁南","1","1","2"
"雍益梁巴宁南北","1","1","2"
"益梁巴宁南北秦","1","1","2"
"梁巴宁南北秦九","1","1","2"
"巴宁南北秦九州","1","1","2"
"宁南北秦九州诸","1","1","2"
"南北秦九州诸军","1","1","2"
"北秦九州诸军事","1","1","2"
"赠开府仪同三司","1","1","2"
"高三尺六寸六分","1","1","2"
"晋大司马桓温女","1","1","2"
"使扬州刺史始安","1","1","2"
"除新安王北中郎","2","0","2"
"新安王北中郎行","1","1","2"
"安王北中郎行参","1","1","2"
"王北中郎行参军","1","1","2"
"新安王抚军参军","1","1","2"
"王景文安南谘议","1","1","2"
"景文安南谘议参","1","1","2"
"文安南谘议参军","1","1","2"
"羊希恭宁朔府参","1","1","2"
"希恭宁朔府参军","1","1","2"
"王景文镇南参军","1","1","2"
"桂阳王征南参军","1","1","2"
"世祖中军谘议参","1","1","2"
"祖中军谘议参军","1","1","2"
"随王子隆带彭城","1","1","2"
"王子隆带彭城郡","1","1","2"
"汝南新蔡二郡太","1","1","2"
"南新蔡二郡太守","1","1","2"
"转宗悫宁蛮府主","1","1","2"
"宗悫宁蛮府主簿","1","1","2"
"建安王司徒骑兵","1","1","2"
"安王司徒骑兵参","1","1","2"
"王司徒骑兵参军","1","1","2"
"转桂阳王征北中","1","1","2"
"桂阳王征北中兵","1","1","2"
"阳王征北中兵参","1","1","2"
"王征北中兵参军","1","1","2"
"迁通直散骑侍郎","1","1","2"
"汉寿人邵荣兴六","1","1","2"
"转晋熙王抚军中","1","1","2"
"晋熙王抚军中军","1","1","2"
"熙王抚军中军二","1","1","2"
"王抚军中军二府","1","1","2"
"抚军中军二府长","1","1","2"
"军中军二府长史","1","1","2"
"平西记室参军夏","1","1","2"
"西记室参军夏侯","1","1","2"
"记室参军夏侯恭","1","1","2"
"室参军夏侯恭叔","1","1","2"
"参军夏侯恭叔上","1","1","2"
"军夏侯恭叔上书","1","1","2"
"义阳人夏伯宜杀","1","1","2"
"北襄城太守李荣","1","1","2"
"襄城太守李荣公","1","1","2"
"城太守李荣公归","1","1","2"
"太守李荣公归降","1","1","2"
"行北兖州缘淮诸","1","1","2"
"北兖州缘淮诸军","1","1","2"
"始兴王前军长史","1","1","2"
"监益宁二州诸军","1","1","2"
"益宁二州诸军事","1","1","2"
"宣阳门外行马内","1","1","2"
"阳门外行马内驱","1","1","2"
"晋熙王安西中兵","1","1","2"
"熙王安西中兵参","1","1","2"
"王安西中兵参军","1","1","2"
"北中郎征虏司马","1","1","2"
"海陵王国上军将","1","1","2"
"陵王国上军将军","1","1","2"
"除世祖宁朔府司","1","1","2"
"世祖宁朔府司马","1","1","2"
"随府转抚军中兵","1","1","2"
"府转抚军中兵参","1","1","2"
"转抚军中兵参军","1","1","2"
"世祖征虏府司马","1","1","2"
"世祖抚军中军二","1","1","2"
"祖抚军中军二府","1","1","2"
"抚军中军二府司","1","1","2"
"军中军二府司马","1","1","2"
"遣辅国将军中兵","1","1","2"
"辅国将军中兵参","1","1","2"
"国将军中兵参军","1","1","2"
"洛州刺史昌黎王","1","1","2"
"遣宁朔将军王僧","1","1","2"
"宁朔将军王僧炳","1","1","2"
"假节征虏将军丹","1","1","2"
"节征虏将军丹阳","1","1","2"
"征虏将军丹阳尹","1","1","2"
"虏将军丹阳尹新","1","1","2"
"将军丹阳尹新吴","1","1","2"
"军丹阳尹新吴侯","1","1","2"
"丹阳尹新吴侯景","1","1","2"
"阳尹新吴侯景先","1","1","2"
"晋熙王抚军中兵","1","1","2"
"熙王抚军中兵参","1","1","2"
"王抚军中兵参军","1","1","2"
"庐陵王后军长史","1","1","2"
"雍州刺史梁王将","1","1","2"
"前汶阳太守刘孝","1","1","2"
"前永平太守刘熙","1","1","2"
"前建威将军陈秀","1","1","2"
"副军主李元履收","1","1","2"
"遣宁朔将军王法","1","1","2"
"宁朔将军王法度","1","1","2"
"朔将军王法度向","1","1","2"
"将军王法度向巴","1","1","2"
"军王法度向巴陵","1","1","2"
"二千户开国县侯","1","1","2"
"遣冠军将军杨公","1","1","2"
"遣西中郎参军邓","1","1","2"
"西中郎参军邓元","1","1","2"
"竟陵太守曹景宗","1","1","2"
"右丞江诠等参议","1","1","2"
"行事张宝积送江","1","1","2"
"事张宝积送江陵","1","1","2"
"阳太守刘孝庆进","1","1","2"
"宜都太守郑法绍","1","1","2"
"颖胄府长史张炽","1","1","2"
"遣宁朔将军范僧","1","1","2"
"宁朔将军范僧简","1","1","2"
"督湘东衡阳零陵","1","1","2"
"湘东衡阳零陵桂","1","1","2"
"东衡阳零陵桂阳","1","1","2"
"衡阳零陵桂阳营","1","1","2"
"阳零陵桂阳营阳","1","1","2"
"零陵桂阳营阳五","1","1","2"
"陵桂阳营阳五郡","1","1","2"
"长史刘坦守州城","1","1","2"
"破汶阳太守刘孝","1","1","2"
"使吏部尚书何戢","2","0","2"
"除豫章王骠骑记","1","1","2"
"豫章王骠骑记室","1","1","2"
"章王骠骑记室参","1","1","2"
"王骠骑记室参军","1","1","2"
"王景素征北主簿","1","1","2"
"记室参军大司马","1","1","2"
"室参军大司马军","1","1","2"
"参军大司马军事","1","1","2"
"转刘秉后军长史","1","1","2"
"骠骑谘议沈宪等","1","1","2"
"谘议参骠骑大将","1","1","2"
"议参骠骑大将军","1","1","2"
"参骠骑大将军军","1","1","2"
"骠骑大将军军事","1","1","2"
"骑大将军军事沈","1","1","2"
"大将军军事沈宪","1","1","2"
"彭城令张道欣等","1","1","2"
"青州刺史刘道隆","1","1","2"
"州刺史刘道隆失","1","1","2"
"刺史刘道隆失火","1","1","2"
"史刘道隆失火烧","1","1","2"
"右卫将军薛安都","1","1","2"
"穆皇后生文惠太","1","1","2"
"皇后生文惠太子","1","1","2"
"二十二皇子早亡","1","1","2"
"宋邵陵王左军行","1","1","2"
"邵陵王左军行参","1","1","2"
"陵王左军行参军","1","1","2"
"八千五百五十四","1","1","2"
"千五百五十四顷","1","1","2"
"殿中将军邯郸超","1","1","2"
"中将军邯郸超上","1","1","2"
"将军邯郸超上书","1","1","2"
"军邯郸超上书谏","1","1","2"
"使虎贲中郎将潘","1","1","2"
"大鸿胪持节监护","1","1","2"
"江陵公宝览等住","1","1","2"
"中书舍人沈徽孚","1","1","2"
"弟永新侯昭颖逃","1","1","2"
"都督南豫豫司三","1","1","2"
"督南豫豫司三州","1","1","2"
"南豫豫司三州军","1","1","2"
"豫豫司三州军事","1","1","2"
"徙都督荆湘梁雍","1","1","2"
"都督荆湘梁雍南","1","1","2"
"督荆湘梁雍南北","1","1","2"
"荆湘梁雍南北秦","1","1","2"
"湘梁雍南北秦六","1","1","2"
"梁雍南北秦六州","1","1","2"
"雍南北秦六州军","1","1","2"
"南北秦六州军事","1","1","2"
"监南兖兖徐青冀","1","1","2"
"城局参军乐贲开","1","1","2"
"钱敬道鞭杖五十","1","1","2"
"南阳王前军长史","1","1","2"
"吏部尚书王僧虔","1","1","2"
"骠骑豫章王司空","1","1","2"
"骑豫章王司空谘","1","1","2"
"章王司空谘议参","1","1","2"
"王司空谘议参军","1","1","2"
"宋彭城长史张畅","1","1","2"
"转惠开辅国府参","1","1","2"
"惠开辅国府参军","1","1","2"
"邵陵王南中郎三","1","1","2"
"陵王南中郎三府","1","1","2"
"王南中郎三府参","1","1","2"
"南中郎三府参军","1","1","2"
"太守闻喜公子良","1","1","2"
"文惠太子中军录","1","1","2"
"惠太子中军录事","1","1","2"
"太子中军录事参","1","1","2"
"子中军录事参军","1","1","2"
"始兴王前军谘议","1","1","2"
"设空假名难空假","2","0","2"
"空假名难空假名","2","0","2"
"车骑将军臧质家","1","1","2"
"北中郎司马萧毅","1","1","2"
"台队主刘明达等","1","1","2"
"射声校尉阴玄智","1","1","2"
"南中郎司马萧季","1","1","2"
"中郎司马萧季敞","1","1","2"
"郎司马萧季敞袭","1","1","2"
"竟陵王镇北征北","1","1","2"
"陵王镇北征北参","1","1","2"
"王镇北征北参军","1","1","2"
"始兴内史萧季敞","1","1","2"
"南阳太守萧颖基","1","1","2"
"督徐州征讨军事","1","1","2"
"延明主帅黄文济","1","1","2"
"竟陵王征北参军","1","1","2"
"庐陵王中军功曹","1","1","2"
"陵王中军功曹记","1","1","2"
"王中军功曹记室","1","1","2"
"晋安王镇北长史","1","1","2"
"虎贲中郎将许准","1","1","2"
"庐江王太尉长史","1","1","2"
"时会稽太守王敬","1","1","2"
"军主前军将军陈","1","1","2"
"主前军将军陈天","1","1","2"
"前军将军陈天福","1","1","2"
"左军将军中宿县","1","1","2"
"御史中丞徐孝嗣","1","1","2"
"平东将军吴郡太","1","1","2"
"东将军吴郡太守","1","1","2"
"豫州刺史丰城公","1","1","2"
"尚书令徐孝嗣守","1","1","2"
"书令徐孝嗣守卫","1","1","2"
"令徐孝嗣守卫宫","1","1","2"
"徐孝嗣守卫宫城","1","1","2"
"昭略怒骂徐孝嗣","1","1","2"
"召骁骑将军垣历","1","1","2"
"骁骑将军垣历生","1","1","2"
"太子右卫率左兴","1","1","2"
"子右卫率左兴盛","1","1","2"
"抚军长史沈昭略","1","1","2"
"南北秦七州军事","1","1","2"
"吏部尚书褚渊见","1","1","2"
"安成王骠骑谘议","1","1","2"
"长沙王中军长史","1","1","2"
"安成王抚军主簿","1","1","2"
"顺帝车骑骠骑行","1","1","2"
"帝车骑骠骑行参","1","1","2"
"车骑骠骑行参军","1","1","2"
"宜都王冠军长史","1","1","2"
"西阳王抚军长史","1","1","2"
"庐陵王右军长史","1","1","2"
"长沙王镇军谘议","1","1","2"
"沙王镇军谘议参","1","1","2"
"王镇军谘议参军","1","1","2"
"始兴王前将军安","1","1","2"
"兴王前将军安西","1","1","2"
"王前将军安西谘","1","1","2"
"前将军安西谘议","1","1","2"
"西阳王左军长史","1","1","2"
"晋熙王冠军长史","1","1","2"
"晋安王镇北司马","1","1","2"
"西阳王征虏长史","1","1","2"
"征西将军蔡兴宗","1","1","2"
"安成王征虏参军","1","1","2"
"宋安成王车骑法","1","1","2"
"安成王车骑法曹","1","1","2"
"成王车骑法曹行","1","1","2"
"王车骑法曹行参","1","1","2"
"车骑法曹行参军","1","1","2"
"镇西外兵曹参军","1","1","2"
"安陆王护军司马","1","1","2"
"助国子祭酒何胤","1","1","2"
"晋安王征北长史","1","1","2"
"绘请尚书令徐孝","1","1","2"
"请尚书令徐孝嗣","1","1","2"
"建安王车骑长史","1","1","2"
"南兖州刺史张稷","1","1","2"
"兖州刺史张稷总","1","1","2"
"国子博士范云等","1","1","2"
"安陆王冠军主簿","1","1","2"
"校籍令史俞公喜","1","1","2"
"十一月二十一日","1","1","2"
"雍州都留田文喜","1","1","2"
"中书舍人吕文显","1","1","2"
"宁蛮长史裴叔业","1","1","2"
"故宁蛮长史刘兴","1","1","2"
"宁蛮长史刘兴祖","1","1","2"
"蛮长史刘兴祖忠","1","1","2"
"建平王征北长史","1","1","2"
"桂阳王征南中兵","1","1","2"
"骠骑太尉南中郎","1","1","2"
"骑太尉南中郎参","1","1","2"
"太尉南中郎参军","1","1","2"
"西阳王冠军司马","1","1","2"
"寿太守王洪范代","1","1","2"
"冀二州北讨诸军","1","1","2"
"二州北讨诸军事","1","1","2"
"庐陵王北中郎司","1","1","2"
"陵王北中郎司马","1","1","2"
"江夏王前军长史","1","1","2"
"建安王征虏长史","1","1","2"
"司州刺史申希祖","1","1","2"
"时竟陵太守房僧","1","1","2"
"竟陵太守房僧寄","1","1","2"
"遣军主曹景宗等","1","1","2"
"中兵参军陈光静","1","1","2"
"兵参军陈光静等","1","1","2"
"梓潼二郡太守吴","1","1","2"
"潼二郡太守吴子","1","1","2"
"二郡太守吴子阳","1","1","2"
"陈虎牙等十三军","1","1","2"
"长史江夏内史程","1","1","2"
"史江夏内史程茂","1","1","2"
"吏青州治中房长","1","1","2"
"青州治中房长瑜","1","1","2"
"晋熙王冠军司马","1","1","2"
"马头太守李僧护","1","1","2"
"头太守李僧护等","1","1","2"
"太守李僧护等五","1","1","2"
"守李僧护等五万","1","1","2"
"李僧护等五万人","1","1","2"
"伪徐州刺史广陵","1","1","2"
"徐州刺史广陵王","1","1","2"
"州刺史广陵王率","1","1","2"
"人中书舍人裴长","1","1","2"
"中书舍人裴长穆","1","1","2"
"遣护军将军崔慧","1","1","2"
"征虏将军豫州刺","1","1","2"
"虏将军豫州刺史","1","1","2"
"将军豫州刺史萧","1","1","2"
"军豫州刺史萧懿","1","1","2"
"豫州刺史萧懿督","1","1","2"
"武陵王安西司马","1","1","2"
"都督梁南北秦沙","1","1","2"
"南北秦沙四州军","1","1","2"
"北秦沙四州军事","1","1","2"
"中兵参军王图南","1","1","2"
"兵参军王图南率","1","1","2"
"军主前宁州刺史","1","1","2"
"主前宁州刺史董","1","1","2"
"前宁州刺史董仲","1","1","2"
"宁州刺史董仲民","1","1","2"
"都督中军大将军","1","1","2"
"督中军大将军彭","1","1","2"
"中军大将军彭城","1","1","2"
"军大将军彭城王","1","1","2"
"大将军彭城王元","1","1","2"
"将军彭城王元勰","1","1","2"
"军彭城王元勰分","1","1","2"
"时辅国将军徐世","1","1","2"
"征虏将军右卫将","1","1","2"
"虏将军右卫将军","1","1","2"
"将军右卫将军左","1","1","2"
"军右卫将军左兴","1","1","2"
"骁骑将军张佛护","1","1","2"
"直阁将军徐元称","1","1","2"
"屯骑校尉姚景珍","1","1","2"
"西中郎参军徐景","1","1","2"
"中郎参军徐景智","1","1","2"
"游荡军主董伯珍","1","1","2"
"军王莹都督众军","1","1","2"
"卫将军左兴盛率","1","1","2"
"将军左兴盛率台","1","1","2"
"豫章王太尉参军","1","1","2"
"松树下饮酒赋诗","1","1","2"
"直后刘灵运等十","1","1","2"
"中书舍人冯元嗣","1","1","2"
"书舍人冯元嗣监","1","1","2"
"太子右率李居士","1","1","2"
"制局监杨明泰等","1","1","2"
"局监杨明泰等十","1","1","2"
"骠骑记室江淹掌","1","1","2"
"列管暂鸣死灭族","1","1","2"
"南海王国郎中令","1","1","2"
"豫章王大司马参","1","1","2"
"章王大司马参军","1","1","2"
"太子家令沈约撰","1","1","2"
"大司马记室参军","1","1","2"
"抚军墨曹行参军","1","1","2"
"山阳王骠骑参军","1","1","2"
"臣亡父故长水校","1","1","2"
"亡父故长水校尉","1","1","2"
"乐游苑造水碓磨","1","1","2"
"武陵王国郎中令","1","1","2"
"历大司马司徒府","1","1","2"
"大司马司徒府参","1","1","2"
"司马司徒府参军","1","1","2"
"宁朔将军丘珍孙","1","1","2"
"时员外郎刘思效","1","1","2"
"三十年二月二十","1","1","2"
"十年二月二十一","1","1","2"
"年二月二十一日","1","1","2"
"国王夫人名曰净","1","1","2"
"王夫人名曰净妙","1","1","2"
"后年四月八日夜","1","1","2"
"年四月八日夜半","1","1","2"
"四月八日夜半时","1","1","2"
"后隐居西昌三顾","1","1","2"
"隐居西昌三顾山","1","1","2"
"安西长史袁彖钦","1","1","2"
"司徒右长史张融","1","1","2"
"文帝令尚书仆射","1","1","2"
"帝令尚书仆射何","1","1","2"
"令尚书仆射何尚","1","1","2"
"前南郡国常侍沈","1","1","2"
"人冀州刺史元孙","1","1","2"
"散骑常侍虞炎等","1","1","2"
"骑常侍虞炎等十","1","1","2"
"常侍虞炎等十二","1","1","2"
"侍虞炎等十二部","1","1","2"
"僧远等二十三人","1","1","2"
"辛普明侨居会稽","1","1","2"
"扬州刺史豫章王","1","1","2"
"司徒左西掾张融","1","1","2"
"时吴郡太守王慈","1","1","2"
"湘州刺史王僧虔","1","1","2"
"太祖冠军府参军","1","1","2"
"太祖冠军府行参","1","1","2"
"祖冠军府行参军","1","1","2"
"陵王司徒中兵参","1","1","2"
"贲中郎将潘敞掌","1","1","2"
"四月四日杀牛马","1","1","2"
"月四日杀牛马祭","1","1","2"
"四日杀牛马祭祀","1","1","2"
"龙凤朱漆画屏风","1","1","2"
"南部尚书托跋等","1","1","2"
"左军将军孙文显","1","1","2"
"遣后军参军车僧","1","1","2"
"后军参军车僧朗","1","1","2"
"安南将军辽东公","1","1","2"
"遣司徒参军萧琛","1","1","2"
"伪南部尚书李思","2","0","2"
"部尚书李思冲曰","2","0","2"
"司空长洛王缪老","1","1","2"
"空长洛王缪老生","1","1","2"
"州刺史阴智伯遣","2","0","2"
"刺史阴智伯遣军","2","0","2"
"史阴智伯遣军主","2","0","2"
"都督徐青齐三州","1","1","2"
"督徐青齐三州诸","1","1","2"
"徐青齐三州诸军","1","1","2"
"青齐三州诸军事","1","1","2"
"淮阳太守鹿树生","1","1","2"
"北将军鲁直清率","1","1","2"
"伪荆州刺史薛真","2","0","2"
"遣军主裴叔业攻","1","1","2"
"太子右率萧季敞","1","1","2"
"遣军主黄门侍郎","1","1","2"
"辅国将军徐玄庆","1","1","2"
"荆州军主鲁休烈","1","1","2"
"东海太守江道僧","1","1","2"
"冀二州刺史王洪","1","1","2"
"二州刺史王洪范","1","1","2"
"华州刺史韦灵智","1","1","2"
"州刺史韦灵智攻","1","1","2"
"梁州刺史魏郡王","1","1","2"
"州刺史魏郡王元","1","1","2"
"刺史魏郡王元英","1","1","2"
"梁州刺史萧懿遣","2","0","2"
"仇池公杨灵珍泥","2","0","2"
"武兴城主杨集始","1","1","2"
"时梁州土豪范凝","1","1","2"
"弟婆罗阿卜珍反","1","1","2"
"东海太守郑延祉","1","1","2"
"遣冠军将军兖州","1","1","2"
"冠军将军兖州刺","1","1","2"
"军将军兖州刺史","1","1","2"
"将军兖州刺史徐","1","1","2"
"军兖州刺史徐玄","1","1","2"
"兖州刺史徐玄庆","1","1","2"
"州刺史徐玄庆救","1","1","2"
"刺史徐玄庆救援","1","1","2"
"将军恒州刺史钜","1","1","2"
"军恒州刺史钜鹿","1","1","2"
"恒州刺史钜鹿公","1","1","2"
"州刺史钜鹿公伏","1","1","2"
"刺史钜鹿公伏鹿","1","1","2"
"史钜鹿公伏鹿孤","1","1","2"
"钜鹿公伏鹿孤贺","1","1","2"
"鹿公伏鹿孤贺鹿","1","1","2"
"公伏鹿孤贺鹿浑","1","1","2"
"伏鹿孤贺鹿浑守","1","1","2"
"叔平阳王安寿戍","1","1","2"
"定州刺史冯翊公","1","1","2"
"州刺史冯翊公目","1","1","2"
"刺史冯翊公目邻","1","1","2"
"安乐公托跋阿干","1","1","2"
"中书舍人公孙云","1","1","2"
"遣偏师薛真度暂","1","1","2"
"都督大将军刘昶","1","1","2"
"长孙稚等三十六","1","1","2"
"孙稚等三十六军","1","1","2"
"北义阳二郡太守","1","1","2"
"义阳二郡太守黄","1","1","2"
"阳二郡太守黄瑶","1","1","2"
"赭阳城主成公期","1","1","2"
"太子率崔慧景等","1","1","2"
"都督豫徐司三州","1","1","2"
"南豫州刺史席法","1","1","2"
"豫州刺史席法友","1","1","2"
"安丰二郡太守胡","1","1","2"
"丰二郡太守胡景","1","1","2"
"二郡太守胡景略","1","1","2"
"随郡太守崔士招","1","1","2"
"宋世封西阳蛮梅","1","1","2"
"世封西阳蛮梅虫","1","1","2"
"封西阳蛮梅虫生","1","1","2"
"县令焦文度战死","1","1","2"
"北上黄蛮文勉德","1","1","2"
"豫章王遣中兵参","2","0","2"
"章王遣中兵参军","2","0","2"
"巴建蛮向宗头反","1","1","2"
"武陵酉溪蛮田思","1","1","2"
"陵酉溪蛮田思飘","1","1","2"
"遣中兵参军庄明","1","1","2"
"中兵参军庄明五","1","1","2"
"兵参军庄明五百","1","1","2"
"参军庄明五百人","1","1","2"
"督护北遂安左郡","1","1","2"
"护北遂安左郡太","1","1","2"
"遂安左郡太守田","1","1","2"
"安左郡太守田驷","1","1","2"
"左郡太守田驷路","1","1","2"
"前宁朔将军田驴","1","1","2"
"宁朔将军田驴王","1","1","2"
"试守新平左郡太","1","1","2"
"守新平左郡太守","1","1","2"
"安隆内史王僧旭","1","1","2"
"伐千二百丁村蛮","1","1","2"
"丽王乐浪公高琏","1","1","2"
"平南参军颜幼明","1","1","2"
"行宁朔将军臣姐","1","1","2"
"宁朔将军臣姐瑾","1","1","2"
"朔将军臣姐瑾等","1","1","2"
"将军臣姐瑾等四","1","1","2"
"军臣姐瑾等四人","1","1","2"
"者仆射孙副策命","1","1","2"
"朝鲜太守臣张塞","1","1","2"
"慕韩六国诸军事","1","1","2"
"天竺道人释伽仙","2","0","2"
"绛紫地黄碧绿纹","1","1","2"
"紫地黄碧绿纹绫","1","1","2"
"交趾人李长仁杀","1","1","2"
"武平新昌二郡太","1","1","2"
"平新昌二郡太守","1","1","2"
"始兴太守房法乘","1","1","2"
"遣骁骑将军王洪","1","1","2"
"遣武卫将军王世","1","1","2"
"武卫将军王世武","1","1","2"
"元徽五年五月二","1","1","2"
"徽五年五月二十","1","1","2"
"五年五月二十一","1","1","2"
"绛紫碧绿黄青等","1","1","2"
"遣振武将军丘冠","1","1","2"
"振武将军丘冠先","1","1","2"
"武将军丘冠先授","1","1","2"
"龙骧将军裴方明","1","1","2"
"骧将军裴方明等","1","1","2"
"阴平郡公杨广香","1","1","2"
"晋寿太守王道宝","1","1","2"
"北巴西新巴二郡","1","1","2"
"巴西新巴二郡太","1","1","2"
"西新巴二郡太守","1","1","2"
"新巴二郡太守任","1","1","2"
"宕渠太守王安会","1","1","2"
"辅国将军三巴校","1","1","2"
"国将军三巴校尉","1","1","2"
"将军三巴校尉明","1","1","2"
"军三巴校尉明惠","1","1","2"
"三巴校尉明惠照","1","1","2"
"巴郡太守鲁休烈","1","1","2"
"南巴西太守柳弘","1","1","2"
"子北部镇将军郡","1","1","2"
"北部镇将军郡事","1","1","2"
"遣军主宁朔将军","1","1","2"
"军主宁朔将军桓","1","1","2"
"主宁朔将军桓卢","1","1","2"
"宁朔将军桓卢奴","1","1","2"
"遣军主阴仲昌等","1","1","2"
"南梁州刺史仇池","1","1","2"
"梁州刺史仇池公","1","1","2"
"州刺史仇池公杨","1","1","2"
"刺史仇池公杨灵","1","1","2"
"史仇池公杨灵珍","1","1","2"
"伪南梁州刺史杨","1","1","2"
"南梁州刺史杨灵","1","1","2"
"梁州刺史杨灵珍","1","1","2"
"梁州刺史阴广宗","1","1","2"
"西凉州刺史羌王","1","1","2"
"凉州刺史羌王像","1","1","2"
"州刺史羌王像舒","1","1","2"
"刺史羌王像舒彭","1","1","2"
"都督河凉二州军","1","1","2"
"督河凉二州军事","1","1","2"
"陇右都帅羌王刘","1","1","2"
"右都帅羌王刘洛","1","1","2"
"都帅羌王刘洛羊","1","1","2"
"督河凉二州诸军","1","1","2"
"河凉二州诸军事","1","1","2"
"治理百姓的官职","0","2","2"
"京城在押的囚犯","0","2","2"
"不应当等到一起","0","2","2"
"人们在谈论时也","0","2","2"
"却整天欺骗他人","0","2","2"
"他人也不受你欺","0","2","2"
"人也不受你欺骗","0","2","2"
"被有关官员弹劾","0","2","2"
"皇上听从了他的","0","2","2"
"行走坐卧都垂着","0","2","2"
"走坐卧都垂着绅","0","2","2"
"坐卧都垂着绅带","0","2","2"
"卧都垂着绅带插","0","2","2"
"都垂着绅带插着","0","2","2"
"垂着绅带插着笏","0","2","2"
"着绅带插着笏板","0","2","2"
"不同其他人交往","0","2","2"
"真真假假的各种","0","2","2"
"真假假的各种事","0","2","2"
"假假的各种事情","0","2","2"
"心胸中也不曾有","0","2","2"
"胸中也不曾有值","0","2","2"
"中也不曾有值得","0","2","2"
"也不曾有值得忧","0","2","2"
"不曾有值得忧虑","0","2","2"
"曾有值得忧虑恐","0","2","2"
"有值得忧虑恐惧","0","2","2"
"值得忧虑恐惧的","0","2","2"
"得忧虑恐惧的事","0","2","2"
"尽管是天分悟性","0","2","2"
"管是天分悟性很","0","2","2"
"是天分悟性很高","0","2","2"
"自然有不凡的胸","0","2","2"
"然有不凡的胸襟","0","2","2"
"眼光短浅的情况","0","2","2"
"光短浅的情况很","0","2","2"
"短浅的情况很多","0","2","2"
"萧遥光便帮他参","0","2","2"
"遥光便帮他参谋","0","2","2"
"光便帮他参谋策","0","2","2"
"便帮他参谋策划","0","2","2"
"假称这是王奂的","0","2","2"
"称这是王奂的意","0","2","2"
"这是王奂的意思","0","2","2"
"于是王植坐罪被","0","2","2"
"是王植坐罪被免","0","2","2"
"王植坐罪被免去","0","2","2"
"植坐罪被免去官","0","2","2"
"坐罪被免去官职","0","2","2"
"听从了他的意见","0","2","2"
"太祖的父亲转任","0","2","2"
"太祖的父亲命令","0","2","2"
"步兵骑兵一万多","0","2","2"
"兵骑兵一万多人","0","2","2"
"骑兵步兵万余人","0","2","2"
"官军将领高道庆","0","2","2"
"坚决推辞不接受","0","2","2"
"刘秉轮流在朝廷","0","2","2"
"秉轮流在朝廷值","0","2","2"
"轮流在朝廷值班","0","2","2"
"流在朝廷值班处","0","2","2"
"在朝廷值班处理","0","2","2"
"朝廷值班处理政","0","2","2"
"廷值班处理政事","0","2","2"
"世祖知道逭一情","0","2","2"
"祖知道逭一情况","0","2","2"
"直合将军卜伯兴","0","2","2"
"合将军卜伯兴等","0","2","2"
"剑仪仗为四十人","0","2","2"
"司仪宣读行礼仪","0","2","2"
"仪宣读行礼仪式","0","2","2"
"宣读行礼仪式时","0","2","2"
"读行礼仪式时不","0","2","2"
"行礼仪式时不直","0","2","2"
"礼仪式时不直呼","0","2","2"
"仪式时不直呼其","0","2","2"
"式时不直呼其名","0","2","2"
"这又是公的功劳","0","2","2"
"守尚书令王僧虔","0","2","2"
"金虎符第一至第","0","2","2"
"虎符第一至第五","0","2","2"
"符第一至第五颗","0","2","2"
"第一至第五颗的","0","2","2"
"一至第五颗的左","0","2","2"
"至第五颗的左半","0","2","2"
"第一至第十颗的","0","2","2"
"一至第十颗的左","0","2","2"
"至第十颗的左半","0","2","2"
"十六年后禅让给","0","2","2"
"不利于有所作为","0","2","2"
"鳏寡孤独不能自","0","2","2"
"拖欠的田租旧债","0","2","2"
"遵照从前的制度","0","2","2"
"派遣兼散骑常侍","0","2","2"
"二州刺史卢绍之","0","2","2"
"任命骠骑大将军","0","2","2"
"元年以前拖欠的","0","2","2"
"赐给班剑仪仗二","0","2","2"
"增加班剑仪仗为","0","2","2"
"垣崇祖为豫州刺","0","2","2"
"崇祖为豫州刺史","0","2","2"
"将军竟陵王萧子","0","2","2"
"军竟陵王萧子良","0","2","2"
"任命征虏将军杨","0","2","2"
"命征虏将军杨炅","0","2","2"
"征虏将军杨炅为","0","2","2"
"虏将军杨炅为沙","0","2","2"
"将军杨炅为沙州","0","2","2"
"军杨炅为沙州刺","0","2","2"
"杨炅为沙州刺史","0","2","2"
"四年三月以前的","0","2","2"
"护军将军兼司徒","0","2","2"
"亲临中堂听取诉","0","2","2"
"临中堂听取诉讼","0","2","2"
"安陆王萧子敬为","0","2","2"
"我就没有时间去","0","2","2"
"继承鸿大的基业","0","2","2"
"亲临玄武湖讲习","0","2","2"
"临玄武湖讲习军","0","2","2"
"玄武湖讲习军事","0","2","2"
"始兴王萧鉴为益","0","2","2"
"兴王萧鉴为益州","0","2","2"
"王萧鉴为益州刺","0","2","2"
"萧鉴为益州刺史","0","2","2"
"安王萧子懋为南","0","2","2"
"任命新上任的右","0","2","2"
"进封号为车骑将","0","2","2"
"封号为车骑将军","0","2","2"
"作为永久的制度","0","2","2"
"为开府仪同三司","0","2","2"
"建安王萧子真为","0","2","2"
"世祖至太庙举行","0","2","2"
"祖至太庙举行盛","0","2","2"
"至太庙举行盛大","0","2","2"
"军西昌侯萧鸾为","0","2","2"
"世祖亲临琅邪城","0","2","2"
"祖亲临琅邪城讲","0","2","2"
"亲临琅邪城讲习","0","2","2"
"临琅邪城讲习军","0","2","2"
"琅邪城讲习军事","0","2","2"
"以前拖欠的田租","0","2","2"
"萧子响为江州刺","0","2","2"
"子响为江州刺史","0","2","2"
"居民受雨水泛滥","0","2","2"
"民受雨水泛滥之","0","2","2"
"受雨水泛滥之灾","0","2","2"
"两县长官赈济救","0","2","2"
"县长官赈济救助","0","2","2"
"将军随郡王萧子","0","2","2"
"军随郡王萧子隆","0","2","2"
"将军庐陵王萧子","0","2","2"
"军庐陵王萧子卿","0","2","2"
"豫章王萧嶷去世","0","2","2"
"骑将军庐陵王萧","0","2","2"
"雍州刺史王奂被","0","2","2"
"任命新上任的黄","0","2","2"
"命新上任的黄门","0","2","2"
"书舍人綦母珍之","0","2","2"
"是皇后的堂叔而","0","2","2"
"将军头衔仍旧保","0","2","2"
"军头衔仍旧保留","0","2","2"
"南徐州刺史丞嘉","0","2","2"
"徐州刺史丞嘉王","0","2","2"
"州刺史丞嘉王萧","0","2","2"
"刺史丞嘉王萧昭","0","2","2"
"史丞嘉王萧昭粲","0","2","2"
"丞嘉王萧昭粲为","0","2","2"
"嘉王萧昭粲为荆","0","2","2"
"王萧昭粲为荆州","0","2","2"
"萧昭粲为荆州刺","0","2","2"
"昭粲为荆州刺史","0","2","2"
"任命辅国将军王","0","2","2"
"命辅国将军王翔","0","2","2"
"辅国将军王翔为","0","2","2"
"国将军王翔为广","0","2","2"
"将军王翔为广州","0","2","2"
"军王翔为广州刺","0","2","2"
"王翔为广州刺史","0","2","2"
"中书郎萧遥欣为","0","2","2"
"书郎萧遥欣为兖","0","2","2"
"郎萧遥欣为兖州","0","2","2"
"萧遥欣为兖州刺","0","2","2"
"遥欣为兖州刺史","0","2","2"
"派遣平西将军王","0","2","2"
"平西将军王广之","0","2","2"
"州刺史晋安王萧","0","2","2"
"派遣中护军王玄","0","2","2"
"长沙王又事情败","0","2","2"
"沙王又事情败露","0","2","2"
"成都王颖改年号","0","2","2"
"都王颖改年号为","0","2","2"
"王颖改年号为永","0","2","2"
"颖改年号为永安","0","2","2"
"颖在邺地被削去","0","2","2"
"在邺地被削去权","0","2","2"
"邺地被削去权力","0","2","2"
"河间王颐又改年","0","2","2"
"间王颐又改年号","0","2","2"
"王颐又改年号为","0","2","2"
"颐又改年号为永","0","2","2"
"又改年号为永兴","0","2","2"
"一年中有三个年","0","2","2"
"年中有三个年号","0","2","2"
"始安贞王萧道生","0","2","2"
"配给班剑仪仗二","0","2","2"
"三署在押囚徒已","0","2","2"
"署在押囚徒已判","0","2","2"
"在押囚徒已判五","0","2","2"
"押囚徒已判五年","0","2","2"
"囚徒已判五年以","0","2","2"
"徒已判五年以下","0","2","2"
"已判五年以下徒","0","2","2"
"判五年以下徒刑","0","2","2"
"五年以下徒刑的","0","2","2"
"并封他为仇池公","0","2","2"
"中郎将建安王萧","0","2","2"
"郎将建安王萧宝","0","2","2"
"将建安王萧宝寅","0","2","2"
"会稽太守王敬则","0","2","2"
"皇帝来到南郊举","0","2","2"
"帝来到南郊举行","0","2","2"
"来到南郊举行祠","0","2","2"
"到南郊举行祠祭","0","2","2"
"邵陵王萧宝攸为","0","2","2"
"州刺史始安王萧","0","2","2"
"刺史始安王萧遥","0","2","2"
"史始安王萧遥光","0","2","2"
"下诏权且赦免京","0","2","2"
"诏权且赦免京城","0","2","2"
"大将军晋安王萧","0","2","2"
"命辅国将军张冲","0","2","2"
"辅国将军张冲为","0","2","2"
"新授职的冠军将","0","2","2"
"授职的冠军将军","0","2","2"
"平西将军陈伯之","0","2","2"
"太宗高皇帝应运","0","2","2"
"宗高皇帝应运受","0","2","2"
"高皇帝应运受命","0","2","2"
"世祖武皇帝紧紧","0","2","2"
"祖武皇帝紧紧追","0","2","2"
"武皇帝紧紧追随","0","2","2"
"高宗明皇帝再度","0","2","2"
"宗明皇帝再度振","0","2","2"
"明皇帝再度振兴","0","2","2"
"可惜他们都享国","0","2","2"
"惜他们都享国不","0","2","2"
"他们都享国不久","0","2","2"
"冠军将军杨公则","0","2","2"
"主管官吏上奏说","0","2","2"
"用武皇帝配祀天","0","2","2"
"使自己清新洁净","0","2","2"
"主管官吏又上奏","0","2","2"
"年举行南郊祭祀","0","2","2"
"正月第一个辛日","0","2","2"
"供奉牺牲的夜晚","0","2","2"
"在明堂宗奉祭祀","0","2","2"
"说得已经很详细","0","2","2"
"说命令主管官吏","0","2","2"
"于是命令各地雩","0","2","2"
"是命令各地雩祭","0","2","2"
"命令各地雩祭诸","0","2","2"
"令各地雩祭诸侯","0","2","2"
"在南郊祭坛的旁","0","2","2"
"南郊祭坛的旁边","0","2","2"
"演奏盛大的音乐","0","2","2"
"子助教谢昙济建","0","2","2"
"助教谢昙济建议","0","2","2"
"在明堂祭祀五帝","0","2","2"
"郊祭是祭一个上","0","2","2"
"祭是祭一个上帝","0","2","2"
"而明堂祭祀五帝","0","2","2"
"德行小者配少的","0","2","2"
"德行大者配多的","0","2","2"
"拊祭于太庙阴室","0","2","2"
"终止哭泣事情完","0","2","2"
"止哭泣事情完毕","0","2","2"
"一年四季的祭祀","0","2","2"
"采用家人的礼仪","0","2","2"
"其数宇应该相同","0","2","2"
"的建议未能施行","0","2","2"
"而且晋朝太妃服","0","2","2"
"且晋朝太妃服饰","0","2","2"
"晋朝太妃服饰的","0","2","2"
"朝太妃服饰的礼","0","2","2"
"太妃服饰的礼制","0","2","2"
"宋代皇太妃衹是","0","2","2"
"代皇太妃衹是没","0","2","2"
"皇太妃衹是没有","0","2","2"
"太妃衹是没有五","0","2","2"
"妃衹是没有五牛","0","2","2"
"衹是没有五牛旗","0","2","2"
"是没有五牛旗这","0","2","2"
"没有五牛旗这点","0","2","2"
"有五牛旗这点是","0","2","2"
"五牛旗这点是不","0","2","2"
"牛旗这点是不同","0","2","2"
"旗这点是不同的","0","2","2"
"她们的外侍官有","0","2","2"
"们的外侍官有侍","0","2","2"
"的外侍官有侍中","0","2","2"
"散骑侍郎各二人","0","2","2"
"分别跟随在前部","0","2","2"
"别跟随在前部后","0","2","2"
"跟随在前部后部","0","2","2"
"到宗庙参拜祖先","0","2","2"
"尚书令徐孝嗣建","0","2","2"
"书令徐孝嗣建议","0","2","2"
"采纳了这一建议","0","2","2"
"所以国君面向南","0","2","2"
"以国君面向南与","0","2","2"
"国君面向南与之","0","2","2"
"君面向南与之相","0","2","2"
"面向南与之相对","0","2","2"
"恐怕有损盛大的","0","2","2"
"皇帝持黑瓒站在","0","2","2"
"帝持黑瓒站在台","0","2","2"
"持黑瓒站在台阶","0","2","2"
"黑瓒站在台阶东","0","2","2"
"国君面向南与阳","0","2","2"
"君面向南与阳相","0","2","2"
"面向南与阳相对","0","2","2"
"说天子头戴礼帽","0","2","2"
"祭祀上下四方神","0","2","2"
"祀上下四方神明","0","2","2"
"皇帝亲自主持籍","0","2","2"
"帝亲自主持籍田","0","2","2"
"亲自主持籍田礼","0","2","2"
"太常丞何谨之建","0","2","2"
"常丞何谨之建议","0","2","2"
"定把教学放在首","0","2","2"
"把教学放在首位","0","2","2"
"公举行加冠礼自","0","2","2"
"举行加冠礼自己","0","2","2"
"行加冠礼自己作","0","2","2"
"加冠礼自己作主","0","2","2"
"冠礼自己作主人","0","2","2"
"父亲在此是儿子","0","2","2"
"瓠瓜剖成的瓢饮","0","2","2"
"瓜剖成的瓢饮酒","0","2","2"
"都到束流的水边","0","2","2"
"最后一天举行小","0","2","2"
"后一天举行小祥","0","2","2"
"一天举行小祥礼","0","2","2"
"在十一个月后举","0","2","2"
"十一个月后举行","0","2","2"
"丧期削减一年而","0","2","2"
"同意王俭的意见","0","2","2"
"没有什么可顾虑","0","2","2"
"有什么可顾虑的","0","2","2"
"因公除去丧服的","0","2","2"
"都是颜延之的辞","0","2","2"
"敬献洁净的牺牲","0","2","2"
"尚书令王俭创作","0","2","2"
"大多仍沿用旧辞","0","2","2"
"皇帝入内更换服","0","2","2"
"帝入内更换服装","0","2","2"
"没有更改宋代舞","0","2","2"
"有更改宋代舞名","0","2","2"
"秉承天命君临四","0","2","2"
"承天命君临四海","0","2","2"
"孝建元年至升明","0","2","2"
"建元年至升明三","0","2","2"
"次冲犯房宿心宿","0","2","2"
"占辞说另立王公","0","2","2"
"火星守卫太微垣","0","2","2"
"丞塱二年四月丁","0","2","2"
"宿左股第一颗星","0","2","2"
"周围有彩色光圈","0","2","2"
"周围有重叠的彩","0","2","2"
"围有重叠的彩色","0","2","2"
"有重叠的彩色光","0","2","2"
"重叠的彩色光圈","0","2","2"
"北部有一背形云","0","2","2"
"的南北部各生出","0","2","2"
"生出一背形云气","0","2","2"
"月在太微垣及火","0","2","2"
"在太微垣及火星","0","2","2"
"太微垣及火星处","0","2","2"
"微垣及火星处三","0","2","2"
"垣及火星处三次","0","2","2"
"及火星处三次形","0","2","2"
"火星处三次形成","0","2","2"
"星处三次形成光","0","2","2"
"处三次形成光晕","0","2","2"
"月进入轩辕星中","0","2","2"
"进入轩辕星中冲","0","2","2"
"入轩辕星中冲犯","0","2","2"
"轩辕星中冲犯第","0","2","2"
"辕星中冲犯第二","0","2","2"
"星中冲犯第二颗","0","2","2"
"中冲犯第二颗星","0","2","2"
"月进入南斗魁星","0","2","2"
"进入南斗魁星中","0","2","2"
"冲犯轩辕星的左","0","2","2"
"月冲犯五车星的","0","2","2"
"冲犯井宿北辕西","0","2","2"
"犯井宿北辕西头","0","2","2"
"冲犯南斗的第三","0","2","2"
"犯南斗的第三颗","0","2","2"
"南斗的第三颗星","0","2","2"
"冲犯井宿北辕第","0","2","2"
"犯房宿北头第二","0","2","2"
"冲犯井宿北辕束","0","2","2"
"犯井宿北辕束头","0","2","2"
"北辕束头第二颗","0","2","2"
"辕束头第二颗星","0","2","2"
"冲犯南斗的第六","0","2","2"
"犯南斗的第六颗","0","2","2"
"南斗的第六颗星","0","2","2"
"运行进入井宿的","0","2","2"
"行进入井宿的空","0","2","2"
"星同在氐宿方位","0","2","2"
"行在房宿北头第","0","2","2"
"北头第一颗星西","0","2","2"
"第一颗星西南一","0","2","2"
"一颗星西南一尺","0","2","2"
"月在牵牛中星南","0","2","2"
"月运行在毕宿左","0","2","2"
"运行在毕宿左股","0","2","2"
"行在毕宿左股第","0","2","2"
"在毕宿左股第一","0","2","2"
"月在房宿北头第","0","2","2"
"宿北头第一上相","0","2","2"
"在毕宿右股第一","0","2","2"
"月在井宿北辕束","0","2","2"
"在井宿北辕束头","0","2","2"
"头第一颗星西北","0","2","2"
"毕宿左股第三颗","0","2","2"
"宿左股第三颗星","0","2","2"
"行在楗闭星西北","0","2","2"
"月在亢宿南头第","0","2","2"
"在亢宿南头第二","0","2","2"
"亢宿南头第二颗","0","2","2"
"宿南头第二颗星","0","2","2"
"月运行在毕宿右","0","2","2"
"运行在毕宿右股","0","2","2"
"冲犯．六月甲戌","0","2","2"
"头第二颗星西南","0","2","2"
"在太微垣右执法","0","2","2"
"月遮掩冲犯太微","0","2","2"
"太微垣束部南头","0","2","2"
"微垣束部南头上","0","2","2"
"垣束部南头上相","0","2","2"
"束部南头上相星","0","2","2"
"月在轩辕女主星","0","2","2"
"在轩辕女主星南","0","2","2"
"在太微垣西部上","0","2","2"
"月运行在西建星","0","2","2"
"行在轩辕女主星","0","2","2"
"月运行在南斗第","0","2","2"
"行在南斗第六颗","0","2","2"
"在南斗第六颗星","0","2","2"
"进入井宿北辕西","0","2","2"
"入井宿北辕西头","0","2","2"
"宿北辕西头第二","0","2","2"
"北辕西头第二颗","0","2","2"
"西头第一颗星东","0","2","2"
"头第一颗星东北","0","2","2"
"金星顺行冲犯太","0","2","2"
"行冲犯太微垣西","0","2","2"
"行冲犯太微垣左","0","2","2"
"冲犯太微垣左执","0","2","2"
"犯太微垣左执法","0","2","2"
"行冲犯房宿北头","0","2","2"
"犯房宿北头第一","0","2","2"
"金星运行冲犯太","0","2","2"
"星运行冲犯太微","0","2","2"
"运行冲犯太微垣","0","2","2"
"金星冲犯南斗的","0","2","2"
"金星火星会合在","0","2","2"
"金星顺行进入氐","0","2","2"
"金星顺行进入轩","0","2","2"
"顺行进入轩辕星","0","2","2"
"到太微垣西部上","0","2","2"
"垣西部上将星西","0","2","2"
"西部上将星西南","0","2","2"
"金星顺行到房宿","0","2","2"
"将星西南一尺处","0","2","2"
"金星顺行进入井","0","2","2"
"金星顺行在轩辕","0","2","2"
"亢宿南第二颗星","0","2","2"
"金星顺行在南斗","0","2","2"
"星顺行在南斗第","0","2","2"
"星冲犯太微垣西","0","2","2"
"火星冲犯南斗的","0","2","2"
"火星进入羽林星","0","2","2"
"星顺行在氐宿西","0","2","2"
"顺行在氐宿西南","0","2","2"
"行在氐宿西南星","0","2","2"
"在氐宿西南星北","0","2","2"
"氐宿西南星北七","0","2","2"
"宿西南星北七寸","0","2","2"
"火星顺行在木星","0","2","2"
"火星顺行在舆鬼","0","2","2"
"木星顺行进入太","0","2","2"
"木星冲犯太微垣","0","2","2"
"星冲犯太微垣上","0","2","2"
"木星冲犯进贤星","0","2","2"
"颗流星像三升堰","0","2","2"
"流星像三升堰一","0","2","2"
"星像三升堰一样","0","2","2"
"像三升堰一样大","0","2","2"
"颗流星像二升碗","0","2","2"
"流星像二升碗一","0","2","2"
"星像二升碗一样","0","2","2"
"像二升碗一样大","0","2","2"
"二升碗一样大小","0","2","2"
"有颗一升器具大","0","2","2"
"颗一升器具大小","0","2","2"
"一升器具大小的","0","2","2"
"有颗五升器具大","0","2","2"
"从匏瓜星南飞出","0","2","2"
"升堰大小的流星","0","2","2"
"向东北飞行一丈","0","2","2"
"向西南飞行一丈","0","2","2"
"有颗二升器具大","0","2","2"
"颗二升器具大小","0","2","2"
"有颗流星像五升","0","2","2"
"颗流星像五升器","0","2","2"
"流星像五升器具","0","2","2"
"流星像鹅卵大小","0","2","2"
"向南行一丈消失","0","2","2"
"南行一丈消失在","0","2","2"
"有颗像二升器具","0","2","2"
"颗像二升器具大","0","2","2"
"星像三升器具大","0","2","2"
"像三升器具大小","0","2","2"
"有颗流星像鸡蛋","0","2","2"
"颗流星像鸡蛋大","0","2","2"
"流星像鸡蛋大小","0","2","2"
"平阳郡的流民在","0","2","2"
"阳郡的流民在堕","0","2","2"
"郡的流民在堕丝","0","2","2"
"的流民在堕丝登","0","2","2"
"流民在堕丝登的","0","2","2"
"没有实际管辖地","0","2","2"
"齐接受宋的惮让","0","2","2"
"但常设置左右长","0","2","2"
"常设置左右长史","0","2","2"
"为金紫光禄大夫","0","2","2"
"作为主要的建议","0","2","2"
"为主要的建议人","0","2","2"
"立在花座上口衔","0","2","2"
"在花座上口衔铃","0","2","2"
"花座上口衔铃铛","0","2","2"
"座上口衔铃铛的","0","2","2"
"上口衔铃铛的样","0","2","2"
"口衔铃铛的样子","0","2","2"
"杂色的真孔雀毛","0","2","2"
"色的真孔雀毛旗","0","2","2"
"确定所崇尚的颜","0","2","2"
"马驾驭的两辕安","0","2","2"
"驾驭的两辕安车","0","2","2"
"驭的两辕安车作","0","2","2"
"的两辕安车作为","0","2","2"
"两辕安车作为副","0","2","2"
"辕安车作为副车","0","2","2"
"马驾驭的绘画安","0","2","2"
"驾驭的绘画安车","0","2","2"
"红色车障杂色油","0","2","2"
"色车障杂色油漆","0","2","2"
"车障杂色油漆车","0","2","2"
"障杂色油漆车轮","0","2","2"
"加黑耳后门黑轮","0","2","2"
"以下戴的礼帽有","0","2","2"
"华虫等七种图案","0","2","2"
"的第十九个儿子","0","2","2"
"田地中捕获一头","0","2","2"
"题捕获一只白雀","0","2","2"
"阳羡县捕获一只","0","2","2"
"羡县捕获一只白","0","2","2"
"县捕获一只白乌","0","2","2"
"县有枫树枝杈相","0","2","2"
"有枫树枝杈相连","0","2","2"
"有四棵树枝杈相","0","2","2"
"四棵树枝杈相连","0","2","2"
"美的雨露降在南","0","2","2"
"的雨露降在南郡","0","2","2"
"雨露降在南郡的","0","2","2"
"露降在南郡的桐","0","2","2"
"降在南郡的桐树","0","2","2"
"在南郡的桐树上","0","2","2"
"收获到一株嘉禾","0","2","2"
"与这一占卜相同","0","2","2"
"就会失去它的本","0","2","2"
"会失去它的本性","0","2","2"
"其中严重的要经","0","2","2"
"中严重的要经常","0","2","2"
"年十一月庚戌夜","0","2","2"
"从西北戌亥方位","0","2","2"
"西北戌亥方位上","0","2","2"
"北戌亥方位上刮","0","2","2"
"从北方子丑方位","0","2","2"
"北方子丑方位上","0","2","2"
"暴风迅猛浪峰冲","0","2","2"
"风迅猛浪峰冲上","0","2","2"
"阳羽廉洁忠贞的","0","2","2"
"烈浪峰冲上渡口","0","2","2"
"从西北方亥位上","0","2","2"
"廉洁忠贞的日子","0","2","2"
"此风名为角能吹","0","2","2"
"风名为角能吹出","0","2","2"
"刮毁房屋折断树","0","2","2"
"毁房屋折断树木","0","2","2"
"应验了本传的说","0","2","2"
"验了本传的说法","0","2","2"
"乌鸦栖息在旅舍","0","2","2"
"洪水降雨毁坏庄","0","2","2"
"水降雨毁坏庄稼","0","2","2"
"镇守盆城抗拒沈","0","2","2"
"守盆城抗拒沈攸","0","2","2"
"盆城抗拒沈攸之","0","2","2"
"及郢州的竟陵和","0","2","2"
"郢州的竟陵和司","0","2","2"
"州的竟陵和司州","0","2","2"
"的竟陵和司州的","0","2","2"
"竟陵和司州的随","0","2","2"
"陵和司州的随郡","0","2","2"
"说给鳏寡之人以","0","2","2"
"皇上始终不知道","0","2","2"
"豫章文献王萧嶷","0","2","2"
"二千石俸禄的官","0","2","2"
"现在衹有我一个","0","2","2"
"九命礼仪应完备","0","2","2"
"命礼仪应完备地","0","2","2"
"礼仪应完备地依","0","2","2"
"仪应完备地依制","0","2","2"
"应完备地依制办","0","2","2"
"完备地依制办理","0","2","2"
"官至金紫光禄大","0","2","2"
"至金紫光禄大夫","0","2","2"
"王俭上表请求解","0","2","2"
"的不到十分之一","0","2","2"
"人们镶有怨愤的","0","2","2"
"中正的职务不变","0","2","2"
"授予他冠军将军","0","2","2"
"任命他为辅国将","0","2","2"
"命他为辅国将军","0","2","2"
"任邵陵王南中郎","0","2","2"
"司州刺史姚道和","0","2","2"
"他的妾侍们都偷","0","2","2"
"的妾侍们都偷看","0","2","2"
"妾侍们都偷看暗","0","2","2"
"侍们都偷看暗笑","0","2","2"
"张敬儿之子张道","0","2","2"
"跟着太祖在新亭","0","2","2"
"祖在新亭抵抗桂","0","2","2"
"在新亭抵抗桂阳","0","2","2"
"几个儿子都在京","0","2","2"
"个儿子都在京城","0","2","2"
"下诏赐丧礼三万","0","2","2"
"诏赐丧礼三万钱","0","2","2"
"善明的堂弟僧副","0","2","2"
"苍梧王被废黜后","0","2","2"
"将军之职依前未","0","2","2"
"军之职依前未变","0","2","2"
"进爵号为前将军","0","2","2"
"派中书舍人茹法","0","2","2"
"不久加散骑常侍","0","2","2"
"宋桂阳王休范在","0","2","2"
"桂阳王休范在寻","0","2","2"
"阳王休范在寻阳","0","2","2"
"王休范在寻阳起","0","2","2"
"休范在寻阳起兵","0","2","2"
"范在寻阳起兵作","0","2","2"
"在寻阳起兵作乱","0","2","2"
"跟随太祖萧道成","0","2","2"
"平定石头城袁粲","0","2","2"
"太祖萧道成镇守","0","2","2"
"祖萧道成镇守淮","0","2","2"
"萧道成镇守淮阴","0","2","2"
"薛渊上表奏请解","0","2","2"
"渊上表奏请解除","0","2","2"
"又被有关部门弹","0","2","2"
"被有关部门弹劾","0","2","2"
"原本的官职依旧","0","2","2"
"本的官职依旧不","0","2","2"
"的官职依旧不变","0","2","2"
"将军职衔依旧不","0","2","2"
"军职衔依旧不变","0","2","2"
"进号为平北将军","0","2","2"
"管制造供应帝王","0","2","2"
"以免官赎罪论处","0","2","2"
"孙复原先不研讨","0","2","2"
"复原先不研讨分","0","2","2"
"原先不研讨分辨","0","2","2"
"先不研讨分辨清","0","2","2"
"不研讨分辨清楚","0","2","2"
"也应该追究他的","0","2","2"
"应该追究他的责","0","2","2"
"该追究他的责任","0","2","2"
"之起兵发难事起","0","2","2"
"沈攸之的事平定","0","2","2"
"攸之的事平定后","0","2","2"
"太守官职依前未","0","2","2"
"守官职依前未变","0","2","2"
"太守职依前不变","0","2","2"
"又出任冠军将军","0","2","2"
"任金紫光禄大夫","0","2","2"
"政事清简的官职","0","2","2"
"右军将军王羲之","0","2","2"
"堂祖父中书令王","0","2","2"
"不知各自叫做什","0","2","2"
"知各自叫做什么","0","2","2"
"元年书写登记的","0","2","2"
"脱去布衣由百姓","0","2","2"
"母亲年老家境贫","0","2","2"
"世祖为江州刺史","0","2","2"
"祖为江州刺史时","0","2","2"
"中正职依前未变","0","2","2"
"未接受任职命令","0","2","2"
"王谌做征虏长史","0","2","2"
"是太祖皇帝第十","0","2","2"
"进爵号为征虏将","0","2","2"
"爵号为征虏将军","0","2","2"
"没接受任职命令","0","2","2"
"骠骑将军豫章王","0","2","2"
"是有功劳的皇族","0","2","2"
"先后做太子舍人","0","2","2"
"派吏部尚书何戢","0","2","2"
"中丞傅隆没有检","0","2","2"
"丞傅隆没有检举","0","2","2"
"傅隆没有检举弹","0","2","2"
"隆没有检举弹劾","0","2","2"
"免去了傅隆的官","0","2","2"
"作注的又不完美","0","2","2"
"过继给衡阳元王","0","2","2"
"剑仪仗队二十人","0","2","2"
"也没有什么不同","0","2","2"
"大事都委托给他","0","2","2"
"进号为安西将军","0","2","2"
"劝说子懋用厚礼","0","2","2"
"说子懋用厚礼贿","0","2","2"
"子懋用厚礼贿赂","0","2","2"
"懋用厚礼贿赂裴","0","2","2"
"用厚礼贿赂裴叔","0","2","2"
"厚礼贿赂裴叔业","0","2","2"
"子懋就派于琳之","0","2","2"
"懋就派于琳之前","0","2","2"
"就派于琳之前往","0","2","2"
"为新安王北中郎","0","2","2"
"镇军将军顾觊之","0","2","2"
"王晏的儿子德元","0","2","2"
"他转任为右仆射","0","2","2"
"听说拘捕的人来","0","2","2"
"说拘捕的人来了","0","2","2"
"闻喜公子良的征","0","2","2"
"喜公子良的征虏","0","2","2"
"公子良的征虏长","0","2","2"
"子良的征虏长史","0","2","2"
"迁任尚书吏部郎","0","2","2"
"坚决推辞不肯接","0","2","2"
"决推辞不肯接受","0","2","2"
"始安王萧遥光谋","0","2","2"
"安王萧遥光谋反","0","2","2"
"迁任为散骑常侍","0","2","2"
"新城县令陆赤奋","0","2","2"
"桐庐县令王天愍","0","2","2"
"他哥哥的儿子沈","0","2","2"
"哥哥的儿子沈昭","0","2","2"
"哥的儿子沈昭略","0","2","2"
"衡阳元王萧道度","0","2","2"
"齐太祖萧道成的","0","2","2"
"他在永泰元年被","0","2","2"
"永泰元年被杀害","0","2","2"
"代行南徐州事务","0","2","2"
"都没有正式拜授","0","2","2"
"东昏侯永元元年","0","2","2"
"督豫州及郢州的","0","2","2"
"豫州及郢州的西","0","2","2"
"州及郢州的西阳","0","2","2"
"武帝的近亲藩王","0","2","2"
"南北秦四州以及","0","2","2"
"最初任著作佐郎","0","2","2"
"加封为宁朔将军","0","2","2"
"江夏王刘义恭把","0","2","2"
"夏王刘义恭把他","0","2","2"
"代理南徐州事务","0","2","2"
"时人认为这是很","0","2","2"
"齐太祖辅佐宋朝","0","2","2"
"太祖辅佐宋朝朝","0","2","2"
"祖辅佐宋朝朝政","0","2","2"
"辅佐宋朝朝政时","0","2","2"
"是宋朝镇军将军","0","2","2"
"朝泰始年间以来","0","2","2"
"北秦四州及郢州","0","2","2"
"刘绘调任大司马","0","2","2"
"绘调任大司马从","0","2","2"
"调任大司马从事","0","2","2"
"任大司马从事中","0","2","2"
"大司马从事中郎","0","2","2"
"开府仪同三司．","0","2","2"
"北秦四州以及郢","0","2","2"
"秦四州以及郢州","0","2","2"
"四州以及郢州的","0","2","2"
"裴叔业以寿春投","0","2","2"
"叔业以寿春投降","0","2","2"
"业以寿春投降北","0","2","2"
"以寿春投降北魏","0","2","2"
"崔慧景事件被平","0","2","2"
"豫章王派崔慧景","0","2","2"
"加封崔慧景为平","0","2","2"
"伪司马孟斌挥兵","0","2","2"
"司马孟斌挥兵指","0","2","2"
"马孟斌挥兵指向","0","2","2"
"孟斌挥兵指向城","0","2","2"
"斌挥兵指向城东","0","2","2"
"北魏右卫将军播","0","2","2"
"魏右卫将军播正","0","2","2"
"卫将军播正屯驻","0","2","2"
"将军播正屯驻城","0","2","2"
"军播正屯驻城北","0","2","2"
"崔慧景认为台城","0","2","2"
"慧景认为台城早","0","2","2"
"景认为台城早晚","0","2","2"
"认为台城早晚便","0","2","2"
"为台城早晚便要","0","2","2"
"台城早晚便要投","0","2","2"
"城早晚便要投降","0","2","2"
"那时外援自然会","0","2","2"
"时外援自然会消","0","2","2"
"外援自然会消散","0","2","2"
"成败的结果不同","0","2","2"
"昏庸君主的弟弟","0","2","2"
"转官为通直常侍","0","2","2"
"世人说这是比喻","0","2","2"
"人说这是比喻令","0","2","2"
"是从明了字音的","0","2","2"
"从明了字音的本","0","2","2"
"明了字音的本质","0","2","2"
"了字音的本质上","0","2","2"
"字音的本质上得","0","2","2"
"音的本质上得来","0","2","2"
"诗文的紧要之处","0","2","2"
"齐高帝建元元年","0","2","2"
"世界的方式不同","0","2","2"
"道原本就是相同","0","2","2"
"原本就是相同的","0","2","2"
"征召他为太子洗","0","2","2"
"召他为太子洗马","0","2","2"
"豫章王聘请他为","0","2","2"
"征召他为司徒主","0","2","2"
"召他为司徒主簿","0","2","2"
"并表彰他的家族","0","2","2"
"表彰他的家族乡","0","2","2"
"堂祖父那一房的","0","2","2"
"祖父那一房的族","0","2","2"
"召他为议曹从事","0","2","2"
"父亲陷没于胡虏","0","2","2"
"从地位卑下的官","0","2","2"
"地位卑下的官职","0","2","2"
"兼任中书通事舍","0","2","2"
"任中书通事舍人","0","2","2"
"的人桓天生作乱","0","2","2"
"部尚书李思冲说","0","2","2"
"州刺史阴智伯派","0","2","2"
"刺史阴智伯派遣","0","2","2"
"史阴智伯派遣军","0","2","2"
"阴智伯派遣军主","0","2","2"
"魏军又攻打司州","0","2","2"
"戍守头领魏僧岷","0","2","2"
"仇池公杨灵珍占","0","2","2"
"池公杨灵珍占据","0","2","2"
"公杨灵珍占据泥","0","2","2"
"现在君主尽节操","0","2","2"
"豫章王派遣中兵","0","2","2"
"章王派遣中兵参","0","2","2"
"王派遣中兵参军","0","2","2"
"升军号为骠骑大","0","2","2"
"军号为骠骑大将","0","2","2"
"号为骠骑大将军","0","2","2"
"现暂授代理龙骧","0","2","2"
"暂授代理龙骧将","0","2","2"
"授代理龙骧将军","0","2","2"
"现暂授代理建威","0","2","2"
"暂授代理建威将","0","2","2"
"授代理建威将军","0","2","2"
"臣下所派遣的代","0","2","2"
"下所派遣的代理","0","2","2"
"天竺僧人释那伽","0","2","2"
"竺僧人释那伽仙","0","2","2"
"尚书省八座上奏","0","2","2"
"苻幼孙统领他的","0","2","2"
"幼孙统领他的部","0","2","2"
"孙统领他的部众","0","2","2"
"代理宕昌王梁弥","0","2","2"
