"N-gram","原文","翻译","Total"
"南兖兖徐青冀五州","9","5","14"
"金星白天出现在午","0","14","14"
"星白天出现在午位","0","14","14"
"督南兖兖徐青冀五","8","4","12"
"白天出现在午位上","0","12","12"
"进入井宿的空隙中","0","11","11"
"升器具大小的流星","0","11","11"
"督雍梁南北秦四州","7","3","10"
"郢州竟陵司州随郡","9","0","9"
"星顺行进入太微垣","0","9","9"
"本号开府仪同三司","7","1","8"
"都督扬南徐二州诸","4","4","8"
"督扬南徐二州诸军","4","4","8"
"扬南徐二州诸军事","4","4","8"
"州郢州竟陵司州随","8","0","8"
"月进入井宿的空隙","0","8","8"
"州竟陵司州随郡军","7","0","7"
"竟陵司州随郡军事","7","0","7"
"太微垣西部上将星","0","7","7"
"星顺行进入羽林星","0","7","7"
"豫州郢州西阳司州","6","0","6"
"州郢州西阳司州汝","6","0","6"
"郢州西阳司州汝南","6","0","6"
"州西阳司州汝南二","6","0","6"
"西阳司州汝南二郡","6","0","6"
"老人星见南方丙上","6","0","6"
"雍梁南北秦四州郢","6","0","6"
"梁南北秦四州郢州","6","0","6"
"南北秦四州郢州竟","6","0","6"
"北秦四州郢州竟陵","6","0","6"
"秦四州郢州竟陵司","6","0","6"
"四州郢州竟陵司州","6","0","6"
"兖兖徐青冀五州军","3","3","6"
"兖徐青冀五州军事","3","3","6"
"祠部郎何佟之建议","0","6","6"
"老人星出现在南方","0","6","6"
"人星出现在南方丙","0","6","6"
"星出现在南方丙位","0","6","6"
"没有接受任职命令","0","6","6"
"河南王吐谷浑拾寅","3","2","5"
"太子步兵校尉伏曼","2","3","5"
"子步兵校尉伏曼容","2","3","5"
"督豫州郢州西阳司","5","0","5"
"都督雍梁南北秦四","3","2","5"
"各生出一珥形云气","0","5","5"
"颗流星像三升器具","0","5","5"
"江州刺史晋安王子","3","1","4"
"阳司州汝南二郡军","4","0","4"
"司州汝南二郡军事","4","0","4"
"前南谯太守王灵秀","2","2","4"
"巴西梓潼二郡太守","3","1","4"
"梓潼二郡太守刘山","2","2","4"
"潼二郡太守刘山阳","2","2","4"
"永平二年正月辛未","2","2","4"
"东井北辕西头第一","4","0","4"
"井北辕西头第一星","4","0","4"
"东井南辕西头第二","4","0","4"
"井南辕西头第二星","4","0","4"
"东井北辕东头第一","4","0","4"
"井北辕东头第一星","4","0","4"
"永明元年六月己酉","2","2","4"
"建元四年二月辛卯","2","2","4"
"辅国将军骁骑将军","2","2","4"
"兖兖徐青冀五州诸","3","1","4"
"兖徐青冀五州诸军","3","1","4"
"徐青冀五州诸军事","3","1","4"
"新安王北中郎参军","2","2","4"
"给班剑仪仗二十人","0","4","4"
"所以对应的数字是","0","4","4"
"南北部各生出一珥","0","4","4"
"北部各生出一珥形","0","4","4"
"部各生出一珥形云","0","4","4"
"井宿北辕西头第一","0","4","4"
"宿北辕西头第一颗","0","4","4"
"北辕西头第一颗星","0","4","4"
"井宿南辕西头第二","0","4","4"
"宿南辕西头第二颗","0","4","4"
"南辕西头第二颗星","0","4","4"
"房宿北头第一颗星","0","4","4"
"冲犯太微垣右执法","0","4","4"
"犯太微垣右执法星","0","4","4"
"月在运行中遮掩冲","0","4","4"
"在运行中遮掩冲犯","0","4","4"
"金星顺行进入羽林","0","4","4"
"金星顺行到太微垣","0","4","4"
"星顺行进入舆鬼星","0","4","4"
"火星顺行进入舆鬼","0","4","4"
"有颗鹅卵大小的流","0","4","4"
"颗鹅卵大小的流星","0","4","4"
"二升器具大小的流","0","4","4"
"有颗流星像三升器","0","4","4"
"出现在南方丙位上","0","4","4"
"金丝织成五彩图案","0","4","4"
"参加礼仪时所乘坐","0","4","4"
"暴风剧烈浪峰冲上","0","4","4"
"风剧烈浪峰冲上渡","0","4","4"
"他没有接受任职命","0","4","4"
"他哥哥的儿子王俭","0","4","4"
"是太祖皇帝的第十","0","4","4"
"州刺史晋安王子勋","2","1","3"
"扬州刺史始安王遥","2","1","3"
"州刺史始安王遥光","2","1","3"
"西梓潼二郡太守刘","2","1","3"
"步兵校尉伏曼容上","1","2","3"
"兵校尉伏曼容上表","1","2","3"
"永明元年正月己亥","2","1","3"
"月犯东井南辕西头","3","0","3"
"犯东井南辕西头第","3","0","3"
"东井南辕西头第一","3","0","3"
"井南辕西头第一星","3","0","3"
"月东井北辕东头第","3","0","3"
"太微东蕃南头上相","3","0","3"
"微东蕃南头上相星","3","0","3"
"荧惑犯太微右执法","3","0","3"
"宁朔将军刘怀珍征","2","1","3"
"督会稽东阳临海永","3","0","3"
"会稽东阳临海永嘉","3","0","3"
"阳临海永嘉新安五","2","1","3"
"临海永嘉新安五郡","2","1","3"
"海永嘉新安五郡军","2","1","3"
"永嘉新安五郡军事","2","1","3"
"都督南兖兖徐青冀","2","1","3"
"征虏将军戴僧静等","2","1","3"
"卫将军左兴盛假节","2","1","3"
"督梁南北秦沙四州","2","1","3"
"阳新安临海永嘉五","2","1","3"
"新安临海永嘉五郡","2","1","3"
"淮南宣城二郡太守","2","1","3"
"安成王抚军行参军","2","1","3"
"北襄城太守成公期","2","1","3"
"都督营平二州诸军","2","1","3"
"督营平二州诸军事","2","1","3"
"都督西秦河沙三州","2","1","3"
"督西秦河沙三州诸","2","1","3"
"西秦河沙三州诸军","2","1","3"
"秦河沙三州诸军事","2","1","3"
"将军建安王萧子真","0","3","3"
"刺史安陆王萧子敬","0","3","3"
"司州的汝南二郡军","0","3","3"
"州的汝南二郡军事","0","3","3"
"将军晋安王萧宝义","0","3","3"
"说明堂有五个房间","0","3","3"
"部郎何佟之建议说","0","3","3"
"月冲犯轩辕星的女","0","3","3"
"冲犯轩辕星的女主","0","3","3"
"犯轩辕星的女主星","0","3","3"
"冲犯南斗的第五颗","0","3","3"
"犯南斗的第五颗星","0","3","3"
"月冲犯井宿南辕西","0","3","3"
"冲犯井宿南辕西头","0","3","3"
"犯井宿南辕西头第","0","3","3"
"井宿南辕西头第一","0","3","3"
"宿南辕西头第一颗","0","3","3"
"南辕西头第一颗星","0","3","3"
"房宿北头第二颗星","0","3","3"
"在房宿北头第一上","0","3","3"
"月运行进入羽林星","0","3","3"
"在井宿南辕西头第","0","3","3"
"辕西头第二颗星南","0","3","3"
"井宿北辕束头第一","0","3","3"
"宿北辕束头第一颗","0","3","3"
"北辕束头第一颗星","0","3","3"
"毕宿右股第一颗星","0","3","3"
"右股第一颗星东北","0","3","3"
"第一颗星东北一尺","0","3","3"
"月运行在危宿方位","0","3","3"
"星顺行冲犯太微垣","0","3","3"
"冲犯太微垣西部上","0","3","3"
"犯太微垣西部上将","0","3","3"
"金星顺行进入太微","0","3","3"
"冲犯太微垣上将星","0","3","3"
"星顺行到太微垣西","0","3","3"
"顺行到太微垣西部","0","3","3"
"火星顺行进入井宿","0","3","3"
"火星顺行进入太微","0","3","3"
"火星冲犯太微垣右","0","3","3"
"星冲犯太微垣右执","0","3","3"
"火星顺行进入羽林","0","3","3"
"颗五升器具大小的","0","3","3"
"五升器具大小的流","0","3","3"
"有颗鸭卵大小的流","0","3","3"
"颗鸭卵大小的流星","0","3","3"
"行一丈消失在空中","0","3","3"
"流星像三升器具一","0","3","3"
"星像三升器具一样","0","3","3"
"像三升器具一样大","0","3","3"
"丝织成五彩图案的","0","3","3"
"迅猛浪峰冲上渡口","0","3","3"
"州以及郢州的竟陵","0","3","3"
"将军之职依旧不变","0","3","3"
"沈攸之起兵发难事","0","3","3"
"原本官职依前不变","0","3","3"
"南兰陵郡兰陵县人","0","3","3"
"闻虏主拓跋焘向彭","2","0","2"
"虏主拓跋焘向彭城","2","0","2"
"宋升明二年九月赠","1","1","2"
"兰陵县中都乡中都","1","1","2"
"陵县中都乡中都里","1","1","2"
"征南大将军檀道济","1","1","2"
"辅国镇北中兵参军","1","1","2"
"梁州刺史甄法护弃","1","1","2"
"州刺史甄法护弃城","1","1","2"
"秦二州刺史赵温先","1","1","2"
"江夏王司徒中兵参","1","1","2"
"夏王司徒中兵参军","1","1","2"
"宋大将军彭城王义","1","1","2"
"大将军彭城王义康","1","1","2"
"雍州刺史萧思话镇","1","1","2"
"安蛮司马刘康祖救","1","1","2"
"江夏王大司马参军","1","1","2"
"会稽太守寻阳王子","1","1","2"
"稽太守寻阳王子房","1","1","2"
"都督北讨前锋诸军","1","1","2"
"督北讨前锋诸军事","1","1","2"
"督南兖徐二州诸军","1","1","2"
"南兖徐二州诸军事","1","1","2"
"司空主簿萧惠朗数","1","1","2"
"空主簿萧惠朗数百","1","1","2"
"主簿萧惠朗数百人","1","1","2"
"簿萧惠朗数百人突","1","1","2"
"都督南兖徐兖青冀","1","1","2"
"督南兖徐兖青冀五","1","1","2"
"南兖徐兖青冀五州","1","1","2"
"兖徐兖青冀五州军","1","1","2"
"徐兖青冀五州军事","1","1","2"
"南徐州刺史建平王","1","1","2"
"党陈奉伯等二十五","1","1","2"
"陈奉伯等二十五人","1","1","2"
"杨玉夫等二十五人","1","1","2"
"尚书令刘秉见太祖","1","1","2"
"直阁将军卜伯兴等","2","0","2"
"金虎符第一第五左","2","0","2"
"竹使符第一第十左","2","0","2"
"鳏寡孤独能存者谷","2","0","2"
"广兴郡公沈昙亮等","1","1","2"
"司徒褚渊等三十一","1","1","2"
"徒褚渊等三十一人","1","1","2"
"散骑常侍十二人巡","1","1","2"
"试守武平太守行交","1","1","2"
"守武平太守行交州","1","1","2"
"武平太守行交州府","1","1","2"
"平太守行交州府事","1","1","2"
"伪茄芦镇主阴平公","1","1","2"
"茄芦镇主阴平公杨","1","1","2"
"芦镇主阴平公杨广","1","1","2"
"镇主阴平公杨广香","1","1","2"
"骠骑大将军豫章王","1","1","2"
"世子吐谷浑易度侯","1","1","2"
"北将军竟陵王子良","2","0","2"
"左光禄大夫王僧虔","1","1","2"
"车驾幸玄武湖讲武","2","0","2"
"司农刘楷交州刺史","2","0","2"
"吴兴太守西昌侯鸾","2","0","2"
"车驾幸琅邪城讲武","2","0","2"
"开府仪同三司临川","1","1","2"
"府仪同三司临川王","1","1","2"
"尚书左仆射柳世隆","1","1","2"
"行河南王世子休留","1","1","2"
"赐天下父后者爵一","2","0","2"
"天下父后者爵一级","2","0","2"
"孝子顺孙义夫节妇","1","1","2"
"江州刺史陈显达镇","1","1","2"
"永明五年十一月戊","1","1","2"
"明五年十一月戊子","1","1","2"
"开府仪同三司武陵","1","1","2"
"府仪同三司武陵王","1","1","2"
"尚书右仆射鄱阳王","1","1","2"
"车骑大将军陈显达","1","1","2"
"骠骑大将军鄱阳王","1","1","2"
"前九真太守宋慈明","1","1","2"
"中军大将军随郡王","1","1","2"
"南兖州刺史安陆王","1","1","2"
"遣中护军王玄邈讨","1","1","2"
"南豫州刺史宜都王","1","1","2"
"侍中秘书监江夏王","1","1","2"
"大司马寻阳公王敬","1","1","2"
"加太尉陈显达使持","1","1","2"
"太尉陈显达使持节","1","1","2"
"都督西北征讨诸军","1","1","2"
"督西北征讨诸军事","1","1","2"
"晋安王宝义南徐州","2","0","2"
"中郎将建安王宝夤","2","0","2"
"遣太子中庶子梁王","1","1","2"
"遣度支尚书崔慧景","1","1","2"
"度支尚书崔慧景率","1","1","2"
"支尚书崔慧景率众","1","1","2"
"中军大将军徐孝嗣","1","1","2"
"遣太尉陈显达持节","1","1","2"
"遣左卫将军萧惠休","1","1","2"
"左卫将军萧惠休假","1","1","2"
"卫将军萧惠休假节","1","1","2"
"将军萧惠休假节援","1","1","2"
"大司马会稽太守王","1","1","2"
"司马会稽太守王敬","1","1","2"
"遣辅国将军刘山阳","1","1","2"
"辅国将军刘山阳率","1","1","2"
"国将军刘山阳率军","1","1","2"
"将军刘山阳率军东","1","1","2"
"军刘山阳率军东讨","1","1","2"
"后湖水头经过宫内","1","1","2"
"宝义进号征北大将","1","1","2"
"义进号征北大将军","1","1","2"
"征北大将军晋安王","1","1","2"
"江陵公宝览始安王","2","0","2"
"护军将军崔慧景加","1","1","2"
"军将军崔慧景加平","1","1","2"
"将军崔慧景加平南","1","1","2"
"军崔慧景加平南将","1","1","2"
"崔慧景加平南将军","1","1","2"
"南徐州刺史江夏王","1","1","2"
"守五兵尚书陆慧晓","1","1","2"
"西中郎长史萧颖胄","1","1","2"
"骠骑大将军晋安王","1","1","2"
"南谯太守王灵秀率","1","1","2"
"谯太守王灵秀率石","1","1","2"
"太守王灵秀率石头","1","1","2"
"守王灵秀率石头文","1","1","2"
"王灵秀率石头文武","1","1","2"
"辅国将军申胄监豫","1","1","2"
"国将军申胄监豫州","1","1","2"
"将军申胄监豫州事","1","1","2"
"士总督西讨诸军事","1","1","2"
"前辅国将军鲁休烈","1","1","2"
"置射雉场二百九十","1","1","2"
"射雉场二百九十六","1","1","2"
"雉场二百九十六处","1","1","2"
"城中阁道西掖门内","1","1","2"
"太祖高皇帝肇基骏","2","0","2"
"祖高皇帝肇基骏命","2","0","2"
"世祖武皇帝系明下","2","0","2"
"祖武皇帝系明下武","2","0","2"
"高宗明皇帝重隆景","2","0","2"
"宗明皇帝重隆景业","2","0","2"
"长史萧颖胄杀辅国","1","1","2"
"史萧颖胄杀辅国将","1","1","2"
"萧颖胄杀辅国将军","1","1","2"
"郢州刺史张冲拒守","1","1","2"
"骠骑将军薛元嗣等","1","1","2"
"骑将军薛元嗣等固","1","1","2"
"将军薛元嗣等固城","1","1","2"
"尚书令萧颖胄行荆","1","1","2"
"书令萧颖胄行荆州","1","1","2"
"令萧颖胄行荆州刺","1","1","2"
"萧颖胄行荆州刺史","1","1","2"
"征虏将军王茂先击","1","1","2"
"虏将军王茂先击破","1","1","2"
"黄门郎萧澹行荆州","1","1","2"
"门郎萧澹行荆州府","1","1","2"
"大司马都督中外诸","1","1","2"
"司马都督中外诸军","1","1","2"
"马都督中外诸军事","1","1","2"
"尚书令王俭制定新","1","1","2"
"魏文帝黄初二年正","1","1","2"
"文帝黄初二年正月","1","1","2"
"通关八座丞郎博士","1","1","2"
"宋元嘉三十年正月","1","1","2"
"国子祭酒张绪等十","1","1","2"
"子祭酒张绪等十七","1","1","2"
"祭酒张绪等十七人","1","1","2"
"元嘉十六年正月六","1","1","2"
"嘉十六年正月六日","1","1","2"
"十六年正月六日辛","1","1","2"
"六年正月六日辛未","1","1","2"
"晋成帝咸康元年正","1","1","2"
"成帝咸康元年正月","1","1","2"
"元封元年四月癸卯","1","1","2"
"后汉永平二年正月","1","1","2"
"汉永平二年正月辛","1","1","2"
"元始五年正月六日","1","1","2"
"始五年正月六日辛","1","1","2"
"五年正月六日辛未","1","1","2"
"知祭天地南北郊矣","2","0","2"
"命百县雩祀百辟卿","2","0","2"
"百县雩祀百辟卿士","2","0","2"
"国子助教谢昙济议","2","0","2"
"十五年十一月晋侯","1","1","2"
"五年十一月晋侯周","1","1","2"
"国子助教桑惠度议","2","0","2"
"皇帝黑瓒阶东西向","2","0","2"
"护诸府司马谘议经","1","1","2"
"诸府司马谘议经除","1","1","2"
"府司马谘议经除敕","1","1","2"
"司马谘议经除敕者","1","1","2"
"国子助教曹思文上","1","1","2"
"子助教曹思文上表","1","1","2"
"宋初博士司马道敬","1","1","2"
"司徒褚渊等二十人","1","1","2"
"二年正月二十四日","1","1","2"
"祠天地五郊夕牲歌","1","1","2"
"光武庙登歌一章二","1","1","2"
"武庙登歌一章二十","1","1","2"
"庙登歌一章二十六","1","1","2"
"登歌一章二十六句","1","1","2"
"祀先农先蚕夕牲歌","1","1","2"
"先农先蚕夕牲歌诗","1","1","2"
"泰始五年太仆傅玄","1","1","2"
"始五年太仆傅玄撰","1","1","2"
"行白者君追汝句骊","1","1","2"
"白者君追汝句骊马","1","1","2"
"孝建元年升明三年","2","0","2"
"孝建二年四月十三","1","1","2"
"孝建三年十二月一","1","1","2"
"建三年十二月一日","1","1","2"
"大明二年十二月二","1","1","2"
"明二年十二月二十","1","1","2"
"二年十二月二十六","1","1","2"
"六年十一月十五日","1","1","2"
"泰始三年正月十七","1","1","2"
"始三年正月十七日","1","1","2"
"六年九月二十七日","1","1","2"
"泰始四年四月二十","1","1","2"
"始四年四月二十四","1","1","2"
"四年四月二十四日","1","1","2"
"泰始七年六月十七","1","1","2"
"始七年六月十七日","1","1","2"
"元徽五年七月一日","1","1","2"
"升明二年六月二十","1","1","2"
"明二年六月二十日","1","1","2"
"建元二年九月甲午","1","1","2"
"永明元年十二月乙","1","1","2"
"明元年十二月乙巳","1","1","2"
"隆昌元年五月甲戌","1","1","2"
"建元元年六月甲申","1","1","2"
"永明元年十一月己","1","1","2"
"明元年十一月己未","1","1","2"
"建元元年七月丁未","1","1","2"
"月犯东井北辕西头","2","0","2"
"犯东井北辕西头第","2","0","2"
"犯东井北辕东头第","2","0","2"
"东井北辕东头第二","2","0","2"
"井北辕东头第二星","2","0","2"
"北头第二次相星西","1","1","2"
"头第二次相星西北","1","1","2"
"第二次相星西北八","1","1","2"
"二次相星西北八寸","1","1","2"
"北头第一上相星东","1","1","2"
"头第一上相星东北","1","1","2"
"第一上相星东北一","1","1","2"
"一上相星东北一尺","1","1","2"
"南辕西头第二星南","2","0","2"
"北头上相星北一尺","1","1","2"
"北头第一上相星北","1","1","2"
"头第一上相星北一","1","1","2"
"第一上相星北一尺","1","1","2"
"毕右股第一星东北","2","0","2"
"北辕东头第一星北","2","0","2"
"右执法星东南六寸","1","1","2"
"东南头上相星南八","1","1","2"
"南头上相星南八寸","1","1","2"
"南头上相星西南五","1","1","2"
"头上相星西南五寸","1","1","2"
"轩辕女主星南四寸","1","1","2"
"轩辕左民星东北七","1","1","2"
"辕左民星东北七寸","1","1","2"
"行太微西蕃上将星","2","0","2"
"右角大民星南八寸","1","1","2"
"右股大赤星东北四","1","1","2"
"股大赤星东北四寸","1","1","2"
"轩辕女主星西九寸","1","1","2"
"左执法星北二尺七","1","1","2"
"执法星北二尺七寸","1","1","2"
"右股大赤星西北五","1","1","2"
"股大赤星西北五寸","1","1","2"
"轩辕女主星北八寸","1","1","2"
"右股大赤星西北六","1","1","2"
"股大赤星西北六寸","1","1","2"
"入东井北辕西头第","2","0","2"
"东井北辕西头第二","2","0","2"
"井北辕西头第二星","2","0","2"
"隆昌元年正月辛亥","1","1","2"
"辕西头第一星东北","2","0","2"
"行犯太微西蕃上将","2","0","2"
"右执法星西北一尺","1","1","2"
"太白行犯太微左执","2","0","2"
"白行犯太微左执法","2","0","2"
"女主星东北一尺二","1","1","2"
"主星东北一尺二寸","1","1","2"
"太微西蕃上将星西","2","0","2"
"微西蕃上将星西南","2","0","2"
"左执法星西北四寸","1","1","2"
"右执法星东南四寸","1","1","2"
"南第二左股次将星","1","1","2"
"第二左股次将星西","1","1","2"
"二左股次将星西南","1","1","2"
"左股次将星西南一","1","1","2"
"股次将星西南一尺","1","1","2"
"星西南二尺五寸斗","1","1","2"
"轩辕女主星南七尺","1","1","2"
"入轩辕大星北一尺","1","1","2"
"轩辕大星北一尺二","1","1","2"
"辕大星北一尺二寸","1","1","2"
"西建东星西南一尺","1","1","2"
"建元元年五月己未","1","1","2"
"荧惑犯太微西蕃上","2","0","2"
"惑犯太微西蕃上将","2","0","2"
"荧惑犯南斗第五星","2","0","2"
"五诸侯东星北四寸","1","1","2"
"隆昌元年三月乙丑","1","1","2"
"舆鬼积尸星东北七","1","1","2"
"鬼积尸星东北七寸","1","1","2"
"建元四年正月己卯","1","1","2"
"永明元年五月甲午","1","1","2"
"建元元年十月癸酉","1","1","2"
"建元元年十一月戊","1","1","2"
"元元年十一月戊辰","1","1","2"
"永明三年八月丁酉","1","1","2"
"永明十年七月癸酉","1","1","2"
"置持节督州牧八人","1","1","2"
"临沂江乘兰陵承建","1","1","2"
"沂江乘兰陵承建武","1","1","2"
"江乘兰陵承建武三","1","1","2"
"乘兰陵承建武三年","1","1","2"
"淮阴东阳淮浦建武","1","1","2"
"阴东阳淮浦建武二","1","1","2"
"东阳淮浦建武二年","1","1","2"
"司吾武阳建武三年","1","1","2"
"东莞莒姑幕建武三","1","1","2"
"莞莒姑幕建武三年","1","1","2"
"武城清河贝丘绎幕","1","1","2"
"城清河贝丘绎幕建","1","1","2"
"清河贝丘绎幕建武","1","1","2"
"河贝丘绎幕建武二","1","1","2"
"贝丘绎幕建武二年","1","1","2"
"平郡宋太始五年侨","1","1","2"
"郡宋太始五年侨置","1","1","2"
"丘南东莞永明元年","1","1","2"
"吴春俚郡永明六年","1","1","2"
"诸台府郎令史职吏","1","1","2"
"主簿舍人御属二人","1","1","2"
"晋江左中丞司隶分","1","1","2"
"晋皇后乘云母油画","1","1","2"
"皇后乘云母油画安","1","1","2"
"后乘云母油画安车","1","1","2"
"晋光禄大夫何祯解","1","1","2"
"征西将军萧思话见","1","1","2"
"前淮南太守孙奉伯","1","1","2"
"元嘉十七年六月己","1","1","2"
"南豫州刺史建安王","1","1","2"
"豫州刺史建安王子","1","1","2"
"州刺史建安王子真","1","1","2"
"阳羡县获白乌一头","2","0","2"
"江宁县北界赖乡齐","1","1","2"
"宁县北界赖乡齐平","1","1","2"
"县北界赖乡齐平里","1","1","2"
"北界赖乡齐平里三","1","1","2"
"界赖乡齐平里三成","1","1","2"
"赖乡齐平里三成逻","1","1","2"
"乡齐平里三成逻门","1","1","2"
"齐平里三成逻门外","1","1","2"
"平里三成逻门外路","1","1","2"
"里三成逻门外路东","1","1","2"
"秣陵县斗场里安明","1","1","2"
"陵县斗场里安明寺","1","1","2"
"郢州监利县天井湖","1","1","2"
"永泰元年十二月二","1","1","2"
"泰元年十二月二十","1","1","2"
"元年十二月二十九","1","1","2"
"永元元年五月二十","1","1","2"
"元元年五月二十一","1","1","2"
"元年五月二十一日","1","1","2"
"建元四年五月戊午","1","1","2"
"永明元年九月乙丑","1","1","2"
"建元元年十一月庚","1","1","2"
"元元年十一月庚戌","1","1","2"
"永明四年二月丙寅","1","1","2"
"建武元年三月乙酉","1","1","2"
"永元元年七月十二","1","1","2"
"元元年七月十二日","1","1","2"
"石阳县长溪水冲激","1","1","2"
"阳县长溪水冲激山","1","1","2"
"县长溪水冲激山麓","1","1","2"
"建元二年闰六月丙","1","1","2"
"元二年闰六月丙戌","1","1","2"
"永明八年四月六日","1","1","2"
"永明元年十一月癸","1","1","2"
"明元年十一月癸卯","1","1","2"
"元年十一月癸卯夜","1","1","2"
"永明二年十一月己","1","1","2"
"明二年十一月己亥","1","1","2"
"世祖镇盆城拒沈攸","2","0","2"
"梁州刺史范柏年诱","1","1","2"
"州刺史范柏年诱降","1","1","2"
"刺史范柏年诱降晋","1","1","2"
"史范柏年诱降晋寿","1","1","2"
"问金紫光禄大夫张","1","1","2"
"金紫光禄大夫张绪","1","1","2"
"宋顺帝车骑谘议参","1","1","2"
"顺帝车骑谘议参军","1","1","2"
"都督江州豫州新蔡","2","0","2"
"督江州豫州新蔡晋","2","0","2"
"江州豫州新蔡晋熙","2","0","2"
"州豫州新蔡晋熙二","2","0","2"
"豫州新蔡晋熙二郡","2","0","2"
"新蔡晋熙二郡军事","1","1","2"
"故太宰文简公褚渊","1","1","2"
"义阳诸军事平西将","1","1","2"
"阳诸军事平西将军","1","1","2"
"诸军事平西将军郢","1","1","2"
"军事平西将军郢州","1","1","2"
"事平西将军郢州刺","1","1","2"
"平西将军郢州刺史","1","1","2"
"西将军郢州刺史闻","1","1","2"
"将军郢州刺史闻喜","1","1","2"
"军郢州刺史闻喜县","1","1","2"
"郢州刺史闻喜县开","1","1","2"
"州刺史闻喜县开国","1","1","2"
"刺史闻喜县开国侯","1","1","2"
"史闻喜县开国侯黄","1","1","2"
"闻喜县开国侯黄回","1","1","2"
"员外散骑常侍辅国","1","1","2"
"外散骑常侍辅国将","1","1","2"
"散骑常侍辅国将军","1","1","2"
"骑常侍辅国将军骁","1","1","2"
"常侍辅国将军骁骑","1","1","2"
"侍辅国将军骁骑将","1","1","2"
"国将军骁骑将军重","1","1","2"
"将军骁骑将军重安","1","1","2"
"军骁骑将军重安县","1","1","2"
"骁骑将军重安县开","1","1","2"
"骑将军重安县开国","1","1","2"
"将军重安县开国子","1","1","2"
"军重安县开国子军","1","1","2"
"重安县开国子军主","1","1","2"
"安县开国子军主王","1","1","2"
"县开国子军主王敬","1","1","2"
"右军将军葛阳县开","1","1","2"
"军将军葛阳县开国","1","1","2"
"将军葛阳县开国男","1","1","2"
"军葛阳县开国男彭","1","1","2"
"葛阳县开国男彭文","1","1","2"
"骠骑行参军振武将","1","1","2"
"骑行参军振武将军","1","1","2"
"抚军中兵参军程隐","1","1","2"
"军中兵参军程隐俊","1","1","2"
"屯骑校尉王洪范等","1","1","2"
"州竟陵司州随郡诸","2","0","2"
"竟陵司州随郡诸军","2","0","2"
"陵司州随郡诸军事","2","0","2"
"左光禄大夫贞阳公","1","1","2"
"光禄大夫贞阳公世","1","1","2"
"禄大夫贞阳公世隆","1","1","2"
"殿中将军卞白龙令","1","1","2"
"队主强弩将军郭罗","1","1","2"
"主强弩将军郭罗云","1","1","2"
"鄱阳王北中郎长史","1","1","2"
"假节督广陵诸军事","1","1","2"
"慕容德伪吏部尚书","1","1","2"
"义阳王征北行参军","1","1","2"
"亲近数十人夜救祖","1","1","2"
"近数十人夜救祖隆","1","1","2"
"城都将东徐州刺史","1","1","2"
"都将东徐州刺史成","1","1","2"
"将东徐州刺史成固","1","1","2"
"东徐州刺史成固公","1","1","2"
"伪彭城镇将平阳公","1","1","2"
"邵陵王南中郎司马","1","1","2"
"随府转参骠骑军事","1","1","2"
"驾傅宣等守江陵城","1","1","2"
"宁朔将军高道庆乘","1","1","2"
"都督会稽东阳临海","2","0","2"
"临海永嘉五郡军事","2","0","2"
"都督豫州郢州西阳","2","0","2"
"稽东阳临海永嘉新","2","0","2"
"东阳临海永嘉新安","2","0","2"
"台传御史钟离祖愿","1","1","2"
"徐州刺史徐玄庆杀","1","1","2"
"都督益宁二州军事","1","1","2"
"舞阴戍主辅国将军","2","0","2"
"阴戍主辅国将军殷","2","0","2"
"戍主辅国将军殷公","2","0","2"
"主辅国将军殷公愍","2","0","2"
"左卫将军左兴盛假","1","1","2"
"国将军骁骑将军徐","1","1","2"
"将军骁骑将军徐世","1","1","2"
"伪阳平太守郭杜羝","1","1","2"
"虏竹邑戍主白仲都","1","1","2"
"军主张灵庆等五千","1","1","2"
"冀三州缘淮前锋诸","1","1","2"
"三州缘淮前锋诸军","1","1","2"
"州缘淮前锋诸军事","1","1","2"
"南中郎将中兵参军","1","1","2"
"中郎将中兵参军临","1","1","2"
"郎将中兵参军临湘","1","1","2"
"将中兵参军临湘令","1","1","2"
"中兵参军临湘令韩","1","1","2"
"兵参军临湘令韩幼","1","1","2"
"参军临湘令韩幼宗","1","1","2"
"遣中书舍人茹法亮","2","0","2"
"南琅邪济阴二郡太","1","1","2"
"琅邪济阴二郡太守","1","1","2"
"吴郡晋陵防郡队主","1","1","2"
"兖州刺史沈僧荣镇","1","1","2"
"军主佼长生等攻破","1","1","2"
"主佼长生等攻破贼","1","1","2"
"会稽鄞县边海山谷","1","1","2"
"稽鄞县边海山谷中","1","1","2"
"迁竟陵王镇北司马","1","1","2"
"助豫州刺史垣崇祖","1","1","2"
"豫州刺史垣崇祖决","1","1","2"
"盘龙率辅国将军张","1","1","2"
"龙率辅国将军张倪","1","1","2"
"子奉叔单马率二百","1","1","2"
"都督青冀二州军事","1","1","2"
"安陆王北中郎左军","1","1","2"
"陆王北中郎左军司","1","1","2"
"王北中郎左军司马","1","1","2"
"时豫州刺史崔慧景","1","1","2"
"敕齐郡太守刘怀慰","1","1","2"
"巴东王子响杀僚佐","2","0","2"
"文惠太子竟陵王子","2","0","2"
"惠太子竟陵王子良","2","0","2"
"元徽五年七月六日","1","1","2"
"徽五年七月六日夜","1","1","2"
"莞琅邪二郡朐山戍","1","1","2"
"琅邪二郡朐山戍北","1","1","2"
"邪二郡朐山戍北徐","1","1","2"
"虏遣清水公拾贲敕","1","1","2"
"遣清水公拾贲敕文","1","1","2"
"补晋安王子勋夹毂","1","1","2"
"晋安王子勋夹毂队","1","1","2"
"安王子勋夹毂队主","1","1","2"
"江州刺史王景文诱","1","1","2"
"州刺史王景文诱降","1","1","2"
"虎令辅国将军朱公","1","1","2"
"令辅国将军朱公恩","1","1","2"
"伪虎威将军襄城太","1","1","2"
"虎威将军襄城太守","1","1","2"
"威将军襄城太守帛","1","1","2"
"江夏王义恭第十五","1","1","2"
"夏王义恭第十五女","1","1","2"
"建平王景素冠军长","1","1","2"
"平王景素冠军长史","1","1","2"
"柳元景抚军板行参","1","1","2"
"元景抚军板行参军","1","1","2"
"晋安王子勋镇军行","1","1","2"
"安王子勋镇军行参","1","1","2"
"王子勋镇军行参军","1","1","2"
"太祖冠军刑狱参军","1","1","2"
"随太祖太尉府转中","1","1","2"
"太祖太尉府转中兵","1","1","2"
"宠子新安王东中郎","1","1","2"
"子新安王东中郎长","1","1","2"
"新安王东中郎长史","1","1","2"
"始安王征虏二府长","1","1","2"
"安王征虏二府长史","1","1","2"
"督会稽东阳新安临","2","0","2"
"会稽东阳新安临海","2","0","2"
"稽东阳新安临海永","2","0","2"
"东阳新安临海永嘉","2","0","2"
"迁安成王车骑长史","1","1","2"
"金紫光禄大夫阮韬","1","1","2"
"刺史江夏王刘义恭","1","1","2"
"豫章王子尚抚军长","1","1","2"
"章王子尚抚军长史","1","1","2"
"新安王子鸾北中郎","1","1","2"
"安王子鸾北中郎长","1","1","2"
"王子鸾北中郎长史","1","1","2"
"庄严寺听僧达道人","1","1","2"
"严寺听僧达道人讲","1","1","2"
"路太后外亲朱仁弥","1","1","2"
"太后外亲朱仁弥犯","1","1","2"
"后外亲朱仁弥犯罪","1","1","2"
"骁骑将军傅坚意检","1","1","2"
"骑将军傅坚意检定","1","1","2"
"扬州等九郡四号黄","1","1","2"
"州等九郡四号黄籍","1","1","2"
"陈郡谢俨同丞相义","1","1","2"
"郡谢俨同丞相义宣","1","1","2"
"谢俨同丞相义宣反","1","1","2"
"迁邵陵王安南长史","1","1","2"
"转西阳王抚军法曹","1","1","2"
"西阳王抚军法曹参","1","1","2"
"阳王抚军法曹参军","1","1","2"
"晋安王安西记室参","1","1","2"
"安王安西记室参军","1","1","2"
"迁庐陵王中军长史","1","1","2"
"晋平王骠骑板谘议","1","1","2"
"迁豫章王太尉司马","1","1","2"
"晋安王南中郎长史","1","1","2"
"徙庐陵王中军长史","1","1","2"
"罗太妃生武陵昭王","1","1","2"
"任太妃生安成恭王","1","1","2"
"都督荆湘雍益梁巴","1","1","2"
"督荆湘雍益梁巴宁","1","1","2"
"荆湘雍益梁巴宁南","1","1","2"
"湘雍益梁巴宁南北","1","1","2"
"雍益梁巴宁南北秦","1","1","2"
"益梁巴宁南北秦九","1","1","2"
"梁巴宁南北秦九州","1","1","2"
"巴宁南北秦九州诸","1","1","2"
"宁南北秦九州诸军","1","1","2"
"南北秦九州诸军事","1","1","2"
"使扬州刺史始安王","1","1","2"
"新安王北中郎行参","1","1","2"
"安王北中郎行参军","1","1","2"
"王景文安南谘议参","1","1","2"
"景文安南谘议参军","1","1","2"
"羊希恭宁朔府参军","1","1","2"
"世祖中军谘议参军","1","1","2"
"随王子隆带彭城郡","1","1","2"
"汝南新蔡二郡太守","1","1","2"
"转宗悫宁蛮府主簿","1","1","2"
"建安王司徒骑兵参","1","1","2"
"安王司徒骑兵参军","1","1","2"
"转桂阳王征北中兵","1","1","2"
"桂阳王征北中兵参","1","1","2"
"阳王征北中兵参军","1","1","2"
"转晋熙王抚军中军","1","1","2"
"晋熙王抚军中军二","1","1","2"
"熙王抚军中军二府","1","1","2"
"王抚军中军二府长","1","1","2"
"抚军中军二府长史","1","1","2"
"平西记室参军夏侯","1","1","2"
"西记室参军夏侯恭","1","1","2"
"记室参军夏侯恭叔","1","1","2"
"室参军夏侯恭叔上","1","1","2"
"参军夏侯恭叔上书","1","1","2"
"北襄城太守李荣公","1","1","2"
"襄城太守李荣公归","1","1","2"
"城太守李荣公归降","1","1","2"
"行北兖州缘淮诸军","1","1","2"
"北兖州缘淮诸军事","1","1","2"
"监益宁二州诸军事","1","1","2"
"宣阳门外行马内驱","1","1","2"
"晋熙王安西中兵参","1","1","2"
"熙王安西中兵参军","1","1","2"
"海陵王国上军将军","1","1","2"
"除世祖宁朔府司马","1","1","2"
"随府转抚军中兵参","1","1","2"
"府转抚军中兵参军","1","1","2"
"世祖抚军中军二府","1","1","2"
"祖抚军中军二府司","1","1","2"
"抚军中军二府司马","1","1","2"
"遣辅国将军中兵参","1","1","2"
"辅国将军中兵参军","1","1","2"
"遣宁朔将军王僧炳","1","1","2"
"假节征虏将军丹阳","1","1","2"
"节征虏将军丹阳尹","1","1","2"
"征虏将军丹阳尹新","1","1","2"
"虏将军丹阳尹新吴","1","1","2"
"将军丹阳尹新吴侯","1","1","2"
"军丹阳尹新吴侯景","1","1","2"
"丹阳尹新吴侯景先","1","1","2"
"晋熙王抚军中兵参","1","1","2"
"熙王抚军中兵参军","1","1","2"
"前汶阳太守刘孝庆","1","1","2"
"遣宁朔将军王法度","1","1","2"
"宁朔将军王法度向","1","1","2"
"朔将军王法度向巴","1","1","2"
"将军王法度向巴陵","1","1","2"
"遣西中郎参军邓元","1","1","2"
"行事张宝积送江陵","1","1","2"
"汶阳太守刘孝庆进","1","1","2"
"遣宁朔将军范僧简","1","1","2"
"督湘东衡阳零陵桂","1","1","2"
"湘东衡阳零陵桂阳","1","1","2"
"东衡阳零陵桂阳营","1","1","2"
"衡阳零陵桂阳营阳","1","1","2"
"阳零陵桂阳营阳五","1","1","2"
"零陵桂阳营阳五郡","1","1","2"
"破汶阳太守刘孝庆","1","1","2"
"除豫章王骠骑记室","1","1","2"
"豫章王骠骑记室参","1","1","2"
"章王骠骑记室参军","1","1","2"
"记室参军大司马军","1","1","2"
"室参军大司马军事","1","1","2"
"谘议参骠骑大将军","1","1","2"
"议参骠骑大将军军","1","1","2"
"参骠骑大将军军事","1","1","2"
"骠骑大将军军事沈","1","1","2"
"骑大将军军事沈宪","1","1","2"
"青州刺史刘道隆失","1","1","2"
"州刺史刘道隆失火","1","1","2"
"刺史刘道隆失火烧","1","1","2"
"穆皇后生文惠太子","1","1","2"
"宋邵陵王左军行参","1","1","2"
"邵陵王左军行参军","1","1","2"
"八千五百五十四顷","1","1","2"
"殿中将军邯郸超上","1","1","2"
"中将军邯郸超上书","1","1","2"
"将军邯郸超上书谏","1","1","2"
"使虎贲中郎将潘敞","1","1","2"
"都督南豫豫司三州","1","1","2"
"督南豫豫司三州军","1","1","2"
"南豫豫司三州军事","1","1","2"
"徙都督荆湘梁雍南","1","1","2"
"都督荆湘梁雍南北","1","1","2"
"督荆湘梁雍南北秦","1","1","2"
"荆湘梁雍南北秦六","1","1","2"
"湘梁雍南北秦六州","1","1","2"
"梁雍南北秦六州军","1","1","2"
"雍南北秦六州军事","1","1","2"
"监南兖兖徐青冀五","1","1","2"
"骠骑豫章王司空谘","1","1","2"
"骑豫章王司空谘议","1","1","2"
"豫章王司空谘议参","1","1","2"
"章王司空谘议参军","1","1","2"
"转惠开辅国府参军","1","1","2"
"邵陵王南中郎三府","1","1","2"
"陵王南中郎三府参","1","1","2"
"王南中郎三府参军","1","1","2"
"文惠太子中军录事","1","1","2"
"惠太子中军录事参","1","1","2"
"太子中军录事参军","1","1","2"
"设空假名难空假名","2","0","2"
"南中郎司马萧季敞","1","1","2"
"中郎司马萧季敞袭","1","1","2"
"竟陵王镇北征北参","1","1","2"
"陵王镇北征北参军","1","1","2"
"庐陵王中军功曹记","1","1","2"
"陵王中军功曹记室","1","1","2"
"军主前军将军陈天","1","1","2"
"主前军将军陈天福","1","1","2"
"平东将军吴郡太守","1","1","2"
"尚书令徐孝嗣守卫","1","1","2"
"书令徐孝嗣守卫宫","1","1","2"
"令徐孝嗣守卫宫城","1","1","2"
"召骁骑将军垣历生","1","1","2"
"太子右卫率左兴盛","1","1","2"
"顺帝车骑骠骑行参","1","1","2"
"帝车骑骠骑行参军","1","1","2"
"长沙王镇军谘议参","1","1","2"
"沙王镇军谘议参军","1","1","2"
"始兴王前将军安西","1","1","2"
"兴王前将军安西谘","1","1","2"
"王前将军安西谘议","1","1","2"
"宋安成王车骑法曹","1","1","2"
"安成王车骑法曹行","1","1","2"
"成王车骑法曹行参","1","1","2"
"王车骑法曹行参军","1","1","2"
"绘请尚书令徐孝嗣","1","1","2"
"南兖州刺史张稷总","1","1","2"
"故宁蛮长史刘兴祖","1","1","2"
"宁蛮长史刘兴祖忠","1","1","2"
"骠骑太尉南中郎参","1","1","2"
"骑太尉南中郎参军","1","1","2"
"晋寿太守王洪范代","1","1","2"
"冀二州北讨诸军事","1","1","2"
"庐陵王北中郎司马","1","1","2"
"时竟陵太守房僧寄","1","1","2"
"中兵参军陈光静等","1","1","2"
"梓潼二郡太守吴子","1","1","2"
"潼二郡太守吴子阳","1","1","2"
"长史江夏内史程茂","1","1","2"
"吏青州治中房长瑜","1","1","2"
"马头太守李僧护等","1","1","2"
"头太守李僧护等五","1","1","2"
"太守李僧护等五万","1","1","2"
"守李僧护等五万人","1","1","2"
"伪徐州刺史广陵王","1","1","2"
"徐州刺史广陵王率","1","1","2"
"人中书舍人裴长穆","1","1","2"
"遣护军将军崔慧景","1","1","2"
"征虏将军豫州刺史","1","1","2"
"虏将军豫州刺史萧","1","1","2"
"将军豫州刺史萧懿","1","1","2"
"军豫州刺史萧懿督","1","1","2"
"都督梁南北秦沙四","1","1","2"
"梁南北秦沙四州军","1","1","2"
"南北秦沙四州军事","1","1","2"
"中兵参军王图南率","1","1","2"
"军主前宁州刺史董","1","1","2"
"主前宁州刺史董仲","1","1","2"
"前宁州刺史董仲民","1","1","2"
"都督中军大将军彭","1","1","2"
"督中军大将军彭城","1","1","2"
"中军大将军彭城王","1","1","2"
"军大将军彭城王元","1","1","2"
"大将军彭城王元勰","1","1","2"
"将军彭城王元勰分","1","1","2"
"征虏将军右卫将军","1","1","2"
"虏将军右卫将军左","1","1","2"
"将军右卫将军左兴","1","1","2"
"军右卫将军左兴盛","1","1","2"
"右卫将军左兴盛假","1","1","2"
"西中郎参军徐景智","1","1","2"
"右卫将军左兴盛率","1","1","2"
"卫将军左兴盛率台","1","1","2"
"中书舍人冯元嗣监","1","1","2"
"制局监杨明泰等十","1","1","2"
"豫章王大司马参军","1","1","2"
"臣亡父故长水校尉","1","1","2"
"历大司马司徒府参","1","1","2"
"大司马司徒府参军","1","1","2"
"三十年二月二十一","1","1","2"
"十年二月二十一日","1","1","2"
"国王夫人名曰净妙","1","1","2"
"后年四月八日夜半","1","1","2"
"年四月八日夜半时","1","1","2"
"后隐居西昌三顾山","1","1","2"
"文帝令尚书仆射何","1","1","2"
"帝令尚书仆射何尚","1","1","2"
"散骑常侍虞炎等十","1","1","2"
"骑常侍虞炎等十二","1","1","2"
"常侍虞炎等十二部","1","1","2"
"太祖冠军府行参军","1","1","2"
"陵王司徒中兵参军","1","1","2"
"虎贲中郎将潘敞掌","1","1","2"
"四月四日杀牛马祭","1","1","2"
"月四日杀牛马祭祀","1","1","2"
"遣后军参军车僧朗","1","1","2"
"伪南部尚书李思冲","2","0","2"
"南部尚书李思冲曰","2","0","2"
"司空长洛王缪老生","1","1","2"
"梁州刺史阴智伯遣","2","0","2"
"州刺史阴智伯遣军","2","0","2"
"刺史阴智伯遣军主","2","0","2"
"都督徐青齐三州诸","1","1","2"
"督徐青齐三州诸军","1","1","2"
"徐青齐三州诸军事","1","1","2"
"伪荆州刺史薛真度","2","0","2"
"冀二州刺史王洪范","1","1","2"
"华州刺史韦灵智攻","1","1","2"
"梁州刺史魏郡王元","1","1","2"
"州刺史魏郡王元英","1","1","2"
"遣冠军将军兖州刺","1","1","2"
"冠军将军兖州刺史","1","1","2"
"军将军兖州刺史徐","1","1","2"
"将军兖州刺史徐玄","1","1","2"
"军兖州刺史徐玄庆","1","1","2"
"兖州刺史徐玄庆救","1","1","2"
"州刺史徐玄庆救援","1","1","2"
"将军恒州刺史钜鹿","1","1","2"
"军恒州刺史钜鹿公","1","1","2"
"恒州刺史钜鹿公伏","1","1","2"
"州刺史钜鹿公伏鹿","1","1","2"
"刺史钜鹿公伏鹿孤","1","1","2"
"史钜鹿公伏鹿孤贺","1","1","2"
"钜鹿公伏鹿孤贺鹿","1","1","2"
"鹿公伏鹿孤贺鹿浑","1","1","2"
"公伏鹿孤贺鹿浑守","1","1","2"
"定州刺史冯翊公目","1","1","2"
"州刺史冯翊公目邻","1","1","2"
"长孙稚等三十六军","1","1","2"
"北义阳二郡太守黄","1","1","2"
"义阳二郡太守黄瑶","1","1","2"
"南豫州刺史席法友","1","1","2"
"安丰二郡太守胡景","1","1","2"
"丰二郡太守胡景略","1","1","2"
"宋世封西阳蛮梅虫","1","1","2"
"世封西阳蛮梅虫生","1","1","2"
"豫章王遣中兵参军","2","0","2"
"武陵酉溪蛮田思飘","1","1","2"
"遣中兵参军庄明五","1","1","2"
"中兵参军庄明五百","1","1","2"
"兵参军庄明五百人","1","1","2"
"督护北遂安左郡太","1","1","2"
"护北遂安左郡太守","1","1","2"
"北遂安左郡太守田","1","1","2"
"遂安左郡太守田驷","1","1","2"
"安左郡太守田驷路","1","1","2"
"前宁朔将军田驴王","1","1","2"
"试守新平左郡太守","1","1","2"
"高丽王乐浪公高琏","1","1","2"
"行宁朔将军臣姐瑾","1","1","2"
"宁朔将军臣姐瑾等","1","1","2"
"朔将军臣姐瑾等四","1","1","2"
"将军臣姐瑾等四人","1","1","2"
"绛紫地黄碧绿纹绫","1","1","2"
"武平新昌二郡太守","1","1","2"
"遣武卫将军王世武","1","1","2"
"元徽五年五月二十","1","1","2"
"徽五年五月二十一","1","1","2"
"五年五月二十一日","1","1","2"
"遣振武将军丘冠先","1","1","2"
"振武将军丘冠先授","1","1","2"
"龙骧将军裴方明等","1","1","2"
"北巴西新巴二郡太","1","1","2"
"巴西新巴二郡太守","1","1","2"
"西新巴二郡太守任","1","1","2"
"辅国将军三巴校尉","1","1","2"
"国将军三巴校尉明","1","1","2"
"将军三巴校尉明惠","1","1","2"
"军三巴校尉明惠照","1","1","2"
"南巴西太守柳弘称","1","1","2"
"子北部镇将军郡事","1","1","2"
"遣军主宁朔将军桓","1","1","2"
"军主宁朔将军桓卢","1","1","2"
"主宁朔将军桓卢奴","1","1","2"
"南梁州刺史仇池公","1","1","2"
"梁州刺史仇池公杨","1","1","2"
"州刺史仇池公杨灵","1","1","2"
"刺史仇池公杨灵珍","1","1","2"
"伪南梁州刺史杨灵","1","1","2"
"南梁州刺史杨灵珍","1","1","2"
"西凉州刺史羌王像","1","1","2"
"凉州刺史羌王像舒","1","1","2"
"州刺史羌王像舒彭","1","1","2"
"都督河凉二州军事","1","1","2"
"陇右都帅羌王刘洛","1","1","2"
"右都帅羌王刘洛羊","1","1","2"
"督河凉二州诸军事","1","1","2"
"他人也不受你欺骗","0","2","2"
"行走坐卧都垂着绅","0","2","2"
"走坐卧都垂着绅带","0","2","2"
"坐卧都垂着绅带插","0","2","2"
"卧都垂着绅带插着","0","2","2"
"都垂着绅带插着笏","0","2","2"
"垂着绅带插着笏板","0","2","2"
"真真假假的各种事","0","2","2"
"真假假的各种事情","0","2","2"
"心胸中也不曾有值","0","2","2"
"胸中也不曾有值得","0","2","2"
"中也不曾有值得忧","0","2","2"
"也不曾有值得忧虑","0","2","2"
"不曾有值得忧虑恐","0","2","2"
"曾有值得忧虑恐惧","0","2","2"
"有值得忧虑恐惧的","0","2","2"
"值得忧虑恐惧的事","0","2","2"
"尽管是天分悟性很","0","2","2"
"管是天分悟性很高","0","2","2"
"自然有不凡的胸襟","0","2","2"
"眼光短浅的情况很","0","2","2"
"光短浅的情况很多","0","2","2"
"萧遥光便帮他参谋","0","2","2"
"遥光便帮他参谋策","0","2","2"
"光便帮他参谋策划","0","2","2"
"假称这是王奂的意","0","2","2"
"称这是王奂的意思","0","2","2"
"于是王植坐罪被免","0","2","2"
"是王植坐罪被免去","0","2","2"
"王植坐罪被免去官","0","2","2"
"植坐罪被免去官职","0","2","2"
"步兵骑兵一万多人","0","2","2"
"刘秉轮流在朝廷值","0","2","2"
"秉轮流在朝廷值班","0","2","2"
"轮流在朝廷值班处","0","2","2"
"流在朝廷值班处理","0","2","2"
"在朝廷值班处理政","0","2","2"
"朝廷值班处理政事","0","2","2"
"世祖知道逭一情况","0","2","2"
"直合将军卜伯兴等","0","2","2"
"司仪宣读行礼仪式","0","2","2"
"仪宣读行礼仪式时","0","2","2"
"宣读行礼仪式时不","0","2","2"
"读行礼仪式时不直","0","2","2"
"行礼仪式时不直呼","0","2","2"
"礼仪式时不直呼其","0","2","2"
"仪式时不直呼其名","0","2","2"
"金虎符第一至第五","0","2","2"
"虎符第一至第五颗","0","2","2"
"符第一至第五颗的","0","2","2"
"第一至第五颗的左","0","2","2"
"一至第五颗的左半","0","2","2"
"第一至第十颗的左","0","2","2"
"一至第十颗的左半","0","2","2"
"冀二州刺史卢绍之","0","2","2"
"赐给班剑仪仗二十","0","2","2"
"垣崇祖为豫州刺史","0","2","2"
"将军竟陵王萧子良","0","2","2"
"军竟陵王萧子良为","0","2","2"
"任命征虏将军杨炅","0","2","2"
"命征虏将军杨炅为","0","2","2"
"征虏将军杨炅为沙","0","2","2"
"虏将军杨炅为沙州","0","2","2"
"将军杨炅为沙州刺","0","2","2"
"军杨炅为沙州刺史","0","2","2"
"亲临中堂听取诉讼","0","2","2"
"亲临玄武湖讲习军","0","2","2"
"临玄武湖讲习军事","0","2","2"
"始兴王萧鉴为益州","0","2","2"
"兴王萧鉴为益州刺","0","2","2"
"王萧鉴为益州刺史","0","2","2"
"晋安王萧子懋为南","0","2","2"
"进封号为车骑将军","0","2","2"
"军建安王萧子真为","0","2","2"
"世祖至太庙举行盛","0","2","2"
"祖至太庙举行盛大","0","2","2"
"世祖亲临琅邪城讲","0","2","2"
"祖亲临琅邪城讲习","0","2","2"
"亲临琅邪城讲习军","0","2","2"
"临琅邪城讲习军事","0","2","2"
"萧子响为江州刺史","0","2","2"
"居民受雨水泛滥之","0","2","2"
"民受雨水泛滥之灾","0","2","2"
"两县长官赈济救助","0","2","2"
"将军随郡王萧子隆","0","2","2"
"将军庐陵王萧子卿","0","2","2"
"任命新上任的黄门","0","2","2"
"中书舍人綦母珍之","0","2","2"
"将军头衔仍旧保留","0","2","2"
"南徐州刺史丞嘉王","0","2","2"
"徐州刺史丞嘉王萧","0","2","2"
"州刺史丞嘉王萧昭","0","2","2"
"刺史丞嘉王萧昭粲","0","2","2"
"史丞嘉王萧昭粲为","0","2","2"
"丞嘉王萧昭粲为荆","0","2","2"
"嘉王萧昭粲为荆州","0","2","2"
"王萧昭粲为荆州刺","0","2","2"
"萧昭粲为荆州刺史","0","2","2"
"任命辅国将军王翔","0","2","2"
"命辅国将军王翔为","0","2","2"
"辅国将军王翔为广","0","2","2"
"国将军王翔为广州","0","2","2"
"将军王翔为广州刺","0","2","2"
"军王翔为广州刺史","0","2","2"
"中书郎萧遥欣为兖","0","2","2"
"书郎萧遥欣为兖州","0","2","2"
"郎萧遥欣为兖州刺","0","2","2"
"萧遥欣为兖州刺史","0","2","2"
"派遣平西将军王广","0","2","2"
"遣平西将军王广之","0","2","2"
"派遣中护军王玄邈","0","2","2"
"长沙王又事情败露","0","2","2"
"成都王颖改年号为","0","2","2"
"都王颖改年号为永","0","2","2"
"王颖改年号为永安","0","2","2"
"颖在邺地被削去权","0","2","2"
"在邺地被削去权力","0","2","2"
"河间王颐又改年号","0","2","2"
"间王颐又改年号为","0","2","2"
"王颐又改年号为永","0","2","2"
"颐又改年号为永兴","0","2","2"
"一年中有三个年号","0","2","2"
"配给班剑仪仗二十","0","2","2"
"三署在押囚徒已判","0","2","2"
"署在押囚徒已判五","0","2","2"
"在押囚徒已判五年","0","2","2"
"押囚徒已判五年以","0","2","2"
"囚徒已判五年以下","0","2","2"
"徒已判五年以下徒","0","2","2"
"已判五年以下徒刑","0","2","2"
"判五年以下徒刑的","0","2","2"
"军晋安王萧宝义为","0","2","2"
"中郎将建安王萧宝","0","2","2"
"郎将建安王萧宝寅","0","2","2"
"将建安王萧宝寅为","0","2","2"
"皇帝来到南郊举行","0","2","2"
"帝来到南郊举行祠","0","2","2"
"来到南郊举行祠祭","0","2","2"
"扬州刺史始安王萧","0","2","2"
"州刺史始安王萧遥","0","2","2"
"刺史始安王萧遥光","0","2","2"
"下诏权且赦免京城","0","2","2"
"大将军晋安王萧宝","0","2","2"
"任命辅国将军张冲","0","2","2"
"命辅国将军张冲为","0","2","2"
"新授职的冠军将军","0","2","2"
"太宗高皇帝应运受","0","2","2"
"宗高皇帝应运受命","0","2","2"
"世祖武皇帝紧紧追","0","2","2"
"祖武皇帝紧紧追随","0","2","2"
"高宗明皇帝再度振","0","2","2"
"宗明皇帝再度振兴","0","2","2"
"可惜他们都享国不","0","2","2"
"惜他们都享国不久","0","2","2"
"于是命令各地雩祭","0","2","2"
"是命令各地雩祭诸","0","2","2"
"命令各地雩祭诸侯","0","2","2"
"在南郊祭坛的旁边","0","2","2"
"国子助教谢昙济建","0","2","2"
"子助教谢昙济建议","0","2","2"
"郊祭是祭一个上帝","0","2","2"
"终止哭泣事情完毕","0","2","2"
"而且晋朝太妃服饰","0","2","2"
"且晋朝太妃服饰的","0","2","2"
"晋朝太妃服饰的礼","0","2","2"
"朝太妃服饰的礼制","0","2","2"
"宋代皇太妃衹是没","0","2","2"
"代皇太妃衹是没有","0","2","2"
"皇太妃衹是没有五","0","2","2"
"太妃衹是没有五牛","0","2","2"
"妃衹是没有五牛旗","0","2","2"
"衹是没有五牛旗这","0","2","2"
"是没有五牛旗这点","0","2","2"
"没有五牛旗这点是","0","2","2"
"有五牛旗这点是不","0","2","2"
"五牛旗这点是不同","0","2","2"
"牛旗这点是不同的","0","2","2"
"她们的外侍官有侍","0","2","2"
"们的外侍官有侍中","0","2","2"
"分别跟随在前部后","0","2","2"
"别跟随在前部后部","0","2","2"
"尚书令徐孝嗣建议","0","2","2"
"所以国君面向南与","0","2","2"
"以国君面向南与之","0","2","2"
"国君面向南与之相","0","2","2"
"君面向南与之相对","0","2","2"
"皇帝持黑瓒站在台","0","2","2"
"帝持黑瓒站在台阶","0","2","2"
"持黑瓒站在台阶东","0","2","2"
"国君面向南与阳相","0","2","2"
"君面向南与阳相对","0","2","2"
"祭祀上下四方神明","0","2","2"
"皇帝亲自主持籍田","0","2","2"
"帝亲自主持籍田礼","0","2","2"
"太常丞何谨之建议","0","2","2"
"定把教学放在首位","0","2","2"
"公举行加冠礼自己","0","2","2"
"举行加冠礼自己作","0","2","2"
"行加冠礼自己作主","0","2","2"
"加冠礼自己作主人","0","2","2"
"用瓠瓜剖成的瓢饮","0","2","2"
"瓠瓜剖成的瓢饮酒","0","2","2"
"最后一天举行小祥","0","2","2"
"后一天举行小祥礼","0","2","2"
"在十一个月后举行","0","2","2"
"没有什么可顾虑的","0","2","2"
"皇帝入内更换服装","0","2","2"
"没有更改宋代舞名","0","2","2"
"秉承天命君临四海","0","2","2"
"孝建元年至升明三","0","2","2"
"建元年至升明三年","0","2","2"
"毕宿左股第一颗星","0","2","2"
"周围有重叠的彩色","0","2","2"
"围有重叠的彩色光","0","2","2"
"有重叠的彩色光圈","0","2","2"
"北部有一背形云气","0","2","2"
"的南北部各生出一","0","2","2"
"月在太微垣及火星","0","2","2"
"在太微垣及火星处","0","2","2"
"太微垣及火星处三","0","2","2"
"微垣及火星处三次","0","2","2"
"垣及火星处三次形","0","2","2"
"及火星处三次形成","0","2","2"
"火星处三次形成光","0","2","2"
"星处三次形成光晕","0","2","2"
"月进入轩辕星中冲","0","2","2"
"进入轩辕星中冲犯","0","2","2"
"入轩辕星中冲犯第","0","2","2"
"轩辕星中冲犯第二","0","2","2"
"辕星中冲犯第二颗","0","2","2"
"星中冲犯第二颗星","0","2","2"
"月进入南斗魁星中","0","2","2"
"月冲犯轩辕星的左","0","2","2"
"月冲犯井宿北辕西","0","2","2"
"冲犯井宿北辕西头","0","2","2"
"犯井宿北辕西头第","0","2","2"
"冲犯南斗的第三颗","0","2","2"
"犯南斗的第三颗星","0","2","2"
"冲犯房宿北头第二","0","2","2"
"犯房宿北头第二颗","0","2","2"
"冲犯井宿北辕束头","0","2","2"
"犯井宿北辕束头第","0","2","2"
"北辕束头第二颗星","0","2","2"
"月冲犯南斗的第六","0","2","2"
"冲犯南斗的第六颗","0","2","2"
"犯南斗的第六颗星","0","2","2"
"月运行进入井宿的","0","2","2"
"运行进入井宿的空","0","2","2"
"行进入井宿的空隙","0","2","2"
"行在房宿北头第一","0","2","2"
"在房宿北头第一颗","0","2","2"
"宿北头第一颗星西","0","2","2"
"第一颗星西南一尺","0","2","2"
"月运行在毕宿左股","0","2","2"
"运行在毕宿左股第","0","2","2"
"在毕宿左股第一颗","0","2","2"
"月在房宿北头第一","0","2","2"
"房宿北头第一上相","0","2","2"
"宿北头第一上相星","0","2","2"
"在毕宿右股第一颗","0","2","2"
"宿右股第一颗星东","0","2","2"
"月在井宿北辕束头","0","2","2"
"在井宿北辕束头第","0","2","2"
"毕宿左股第三颗星","0","2","2"
"月在亢宿南头第二","0","2","2"
"在亢宿南头第二颗","0","2","2"
"亢宿南头第二颗星","0","2","2"
"月运行在毕宿右股","0","2","2"
"在太微垣右执法星","0","2","2"
"月遮掩冲犯太微垣","0","2","2"
"太微垣束部南头上","0","2","2"
"微垣束部南头上相","0","2","2"
"垣束部南头上相星","0","2","2"
"在太微垣西部上将","0","2","2"
"行在南斗第六颗星","0","2","2"
"进入井宿北辕西头","0","2","2"
"入井宿北辕西头第","0","2","2"
"井宿北辕西头第二","0","2","2"
"宿北辕西头第二颗","0","2","2"
"北辕西头第二颗星","0","2","2"
"辕西头第一颗星东","0","2","2"
"西头第一颗星东北","0","2","2"
"金星顺行冲犯太微","0","2","2"
"顺行冲犯太微垣西","0","2","2"
"行冲犯太微垣西部","0","2","2"
"行冲犯太微垣左执","0","2","2"
"冲犯太微垣左执法","0","2","2"
"犯太微垣左执法星","0","2","2"
"行冲犯房宿北头第","0","2","2"
"冲犯房宿北头第一","0","2","2"
"犯房宿北头第一颗","0","2","2"
"金星运行冲犯太微","0","2","2"
"星运行冲犯太微垣","0","2","2"
"金星冲犯南斗的第","0","2","2"
"金星顺行进入氐宿","0","2","2"
"金星顺行进入轩辕","0","2","2"
"星顺行进入轩辕星","0","2","2"
"行到太微垣西部上","0","2","2"
"到太微垣西部上将","0","2","2"
"微垣西部上将星西","0","2","2"
"垣西部上将星西南","0","2","2"
"金星顺行进入井宿","0","2","2"
"金星顺行在南斗第","0","2","2"
"火星冲犯太微垣西","0","2","2"
"星冲犯太微垣西部","0","2","2"
"火星冲犯南斗的第","0","2","2"
"星冲犯南斗的第五","0","2","2"
"星顺行在氐宿西南","0","2","2"
"顺行在氐宿西南星","0","2","2"
"行在氐宿西南星北","0","2","2"
"在氐宿西南星北七","0","2","2"
"氐宿西南星北七寸","0","2","2"
"火星顺行在木星西","0","2","2"
"火星顺行在土星西","0","2","2"
"木星顺行进入太微","0","2","2"
"木星冲犯太微垣上","0","2","2"
"星冲犯太微垣上将","0","2","2"
"有颗流星像三升堰","0","2","2"
"颗流星像三升堰一","0","2","2"
"流星像三升堰一样","0","2","2"
"星像三升堰一样大","0","2","2"
"有颗流星像二升碗","0","2","2"
"颗流星像二升碗一","0","2","2"
"流星像二升碗一样","0","2","2"
"星像二升碗一样大","0","2","2"
"像二升碗一样大小","0","2","2"
"有颗一升器具大小","0","2","2"
"颗一升器具大小的","0","2","2"
"一升器具大小的流","0","2","2"
"有颗五升器具大小","0","2","2"
"有颗二升器具大小","0","2","2"
"颗二升器具大小的","0","2","2"
"有颗流星像五升器","0","2","2"
"颗流星像五升器具","0","2","2"
"向南行一丈消失在","0","2","2"
"南行一丈消失在空","0","2","2"
"有颗像二升器具大","0","2","2"
"流星像三升器具大","0","2","2"
"星像三升器具大小","0","2","2"
"有颗流星像鸡蛋大","0","2","2"
"颗流星像鸡蛋大小","0","2","2"
"平阳郡的流民在堕","0","2","2"
"阳郡的流民在堕丝","0","2","2"
"郡的流民在堕丝登","0","2","2"
"的流民在堕丝登的","0","2","2"
"但常设置左右长史","0","2","2"
"作为主要的建议人","0","2","2"
"立在花座上口衔铃","0","2","2"
"在花座上口衔铃铛","0","2","2"
"花座上口衔铃铛的","0","2","2"
"座上口衔铃铛的样","0","2","2"
"上口衔铃铛的样子","0","2","2"
"杂色的真孔雀毛旗","0","2","2"
"确定所崇尚的颜色","0","2","2"
"马驾驭的两辕安车","0","2","2"
"驾驭的两辕安车作","0","2","2"
"驭的两辕安车作为","0","2","2"
"的两辕安车作为副","0","2","2"
"两辕安车作为副车","0","2","2"
"马驾驭的绘画安车","0","2","2"
"红色车障杂色油漆","0","2","2"
"色车障杂色油漆车","0","2","2"
"车障杂色油漆车轮","0","2","2"
"阳羡县捕获一只白","0","2","2"
"羡县捕获一只白乌","0","2","2"
"县有枫树枝杈相连","0","2","2"
"有四棵树枝杈相连","0","2","2"
"甘美的雨露降在南","0","2","2"
"美的雨露降在南郡","0","2","2"
"的雨露降在南郡的","0","2","2"
"雨露降在南郡的桐","0","2","2"
"露降在南郡的桐树","0","2","2"
"降在南郡的桐树上","0","2","2"
"就会失去它的本性","0","2","2"
"其中严重的要经常","0","2","2"
"从西北戌亥方位上","0","2","2"
"西北戌亥方位上刮","0","2","2"
"北戌亥方位上刮来","0","2","2"
"从北方子丑方位上","0","2","2"
"暴风迅猛浪峰冲上","0","2","2"
"风迅猛浪峰冲上渡","0","2","2"
"剧烈浪峰冲上渡口","0","2","2"
"此风名为角能吹出","0","2","2"
"刮毁房屋折断树木","0","2","2"
"应验了本传的说法","0","2","2"
"洪水降雨毁坏庄稼","0","2","2"
"镇守盆城抗拒沈攸","0","2","2"
"守盆城抗拒沈攸之","0","2","2"
"以及郢州的竟陵和","0","2","2"
"及郢州的竟陵和司","0","2","2"
"郢州的竟陵和司州","0","2","2"
"州的竟陵和司州的","0","2","2"
"的竟陵和司州的随","0","2","2"
"竟陵和司州的随郡","0","2","2"
"九命礼仪应完备地","0","2","2"
"命礼仪应完备地依","0","2","2"
"礼仪应完备地依制","0","2","2"
"仪应完备地依制办","0","2","2"
"应完备地依制办理","0","2","2"
"官至金紫光禄大夫","0","2","2"
"任命他为辅国将军","0","2","2"
"他的妾侍们都偷看","0","2","2"
"的妾侍们都偷看暗","0","2","2"
"妾侍们都偷看暗笑","0","2","2"
"祖在新亭抵抗桂阳","0","2","2"
"几个儿子都在京城","0","2","2"
"下诏赐丧礼三万钱","0","2","2"
"将军之职依前未变","0","2","2"
"派中书舍人茹法亮","0","2","2"
"宋桂阳王休范在寻","0","2","2"
"桂阳王休范在寻阳","0","2","2"
"阳王休范在寻阳起","0","2","2"
"王休范在寻阳起兵","0","2","2"
"休范在寻阳起兵作","0","2","2"
"范在寻阳起兵作乱","0","2","2"
"太祖萧道成镇守淮","0","2","2"
"祖萧道成镇守淮阴","0","2","2"
"薛渊上表奏请解除","0","2","2"
"又被有关部门弹劾","0","2","2"
"原本的官职依旧不","0","2","2"
"本的官职依旧不变","0","2","2"
"将军职衔依旧不变","0","2","2"
"孙复原先不研讨分","0","2","2"
"复原先不研讨分辨","0","2","2"
"原先不研讨分辨清","0","2","2"
"先不研讨分辨清楚","0","2","2"
"也应该追究他的责","0","2","2"
"应该追究他的责任","0","2","2"
"攸之起兵发难事起","0","2","2"
"沈攸之的事平定后","0","2","2"
"太守官职依前未变","0","2","2"
"不知各自叫做什么","0","2","2"
"世祖为江州刺史时","0","2","2"
"进爵号为征虏将军","0","2","2"
"中丞傅隆没有检举","0","2","2"
"丞傅隆没有检举弹","0","2","2"
"傅隆没有检举弹劾","0","2","2"
"劝说子懋用厚礼贿","0","2","2"
"说子懋用厚礼贿赂","0","2","2"
"子懋用厚礼贿赂裴","0","2","2"
"懋用厚礼贿赂裴叔","0","2","2"
"用厚礼贿赂裴叔业","0","2","2"
"子懋就派于琳之前","0","2","2"
"懋就派于琳之前往","0","2","2"
"为新安王北中郎参","0","2","2"
"听说拘捕的人来了","0","2","2"
"闻喜公子良的征虏","0","2","2"
"喜公子良的征虏长","0","2","2"
"公子良的征虏长史","0","2","2"
"坚决推辞不肯接受","0","2","2"
"始安王萧遥光谋反","0","2","2"
"他哥哥的儿子沈昭","0","2","2"
"哥哥的儿子沈昭略","0","2","2"
"他在永泰元年被杀","0","2","2"
"在永泰元年被杀害","0","2","2"
"督豫州及郢州的西","0","2","2"
"豫州及郢州的西阳","0","2","2"
"江夏王刘义恭把他","0","2","2"
"当时人认为这是很","0","2","2"
"齐太祖辅佐宋朝朝","0","2","2"
"太祖辅佐宋朝朝政","0","2","2"
"祖辅佐宋朝朝政时","0","2","2"
"刘绘调任大司马从","0","2","2"
"绘调任大司马从事","0","2","2"
"调任大司马从事中","0","2","2"
"任大司马从事中郎","0","2","2"
"北秦四州以及郢州","0","2","2"
"秦四州以及郢州的","0","2","2"
"裴叔业以寿春投降","0","2","2"
"叔业以寿春投降北","0","2","2"
"业以寿春投降北魏","0","2","2"
"伪司马孟斌挥兵指","0","2","2"
"司马孟斌挥兵指向","0","2","2"
"马孟斌挥兵指向城","0","2","2"
"孟斌挥兵指向城东","0","2","2"
"北魏右卫将军播正","0","2","2"
"魏右卫将军播正屯","0","2","2"
"右卫将军播正屯驻","0","2","2"
"卫将军播正屯驻城","0","2","2"
"将军播正屯驻城北","0","2","2"
"崔慧景认为台城早","0","2","2"
"慧景认为台城早晚","0","2","2"
"景认为台城早晚便","0","2","2"
"认为台城早晚便要","0","2","2"
"为台城早晚便要投","0","2","2"
"台城早晚便要投降","0","2","2"
"那时外援自然会消","0","2","2"
"时外援自然会消散","0","2","2"
"世人说这是比喻令","0","2","2"
"是从明了字音的本","0","2","2"
"从明了字音的本质","0","2","2"
"明了字音的本质上","0","2","2"
"了字音的本质上得","0","2","2"
"字音的本质上得来","0","2","2"
"道原本就是相同的","0","2","2"
"征召他为太子洗马","0","2","2"
"征召他为司徒主簿","0","2","2"
"并表彰他的家族乡","0","2","2"
"堂祖父那一房的族","0","2","2"
"从地位卑下的官职","0","2","2"
"兼任中书通事舍人","0","2","2"
"南部尚书李思冲说","0","2","2"
"梁州刺史阴智伯派","0","2","2"
"州刺史阴智伯派遣","0","2","2"
"刺史阴智伯派遣军","0","2","2"
"史阴智伯派遣军主","0","2","2"
"仇池公杨灵珍占据","0","2","2"
"池公杨灵珍占据泥","0","2","2"
"豫章王派遣中兵参","0","2","2"
"章王派遣中兵参军","0","2","2"
"升军号为骠骑大将","0","2","2"
"军号为骠骑大将军","0","2","2"
"现暂授代理龙骧将","0","2","2"
"暂授代理龙骧将军","0","2","2"
"现暂授代理建威将","0","2","2"
"暂授代理建威将军","0","2","2"
"臣下所派遣的代理","0","2","2"
"天竺僧人释那伽仙","0","2","2"
"苻幼孙统领他的部","0","2","2"
"幼孙统领他的部众","0","2","2"
