"N-gram","原文","翻译","Total"
"金星白天出现在午位","0","14","14"
"督南兖兖徐青冀五州","8","4","12"
"星白天出现在午位上","0","12","12"
"都督扬南徐二州诸军","4","4","8"
"督扬南徐二州诸军事","4","4","8"
"州郢州竟陵司州随郡","8","0","8"
"月进入井宿的空隙中","0","8","8"
"州竟陵司州随郡军事","7","0","7"
"豫州郢州西阳司州汝","6","0","6"
"州郢州西阳司州汝南","6","0","6"
"郢州西阳司州汝南二","6","0","6"
"州西阳司州汝南二郡","6","0","6"
"郢州竟陵司州随郡军","6","0","6"
"督雍梁南北秦四州郢","6","0","6"
"雍梁南北秦四州郢州","6","0","6"
"梁南北秦四州郢州竟","6","0","6"
"南北秦四州郢州竟陵","6","0","6"
"北秦四州郢州竟陵司","6","0","6"
"秦四州郢州竟陵司州","6","0","6"
"四州郢州竟陵司州随","6","0","6"
"南兖兖徐青冀五州军","3","3","6"
"兖兖徐青冀五州军事","3","3","6"
"老人星出现在南方丙","0","6","6"
"人星出现在南方丙位","0","6","6"
"太子步兵校尉伏曼容","2","3","5"
"督豫州郢州西阳司州","5","0","5"
"都督雍梁南北秦四州","3","2","5"
"西阳司州汝南二郡军","4","0","4"
"阳司州汝南二郡军事","4","0","4"
"梓潼二郡太守刘山阳","2","2","4"
"东井北辕西头第一星","4","0","4"
"东井南辕西头第二星","4","0","4"
"东井北辕东头第一星","4","0","4"
"南兖兖徐青冀五州诸","3","1","4"
"兖兖徐青冀五州诸军","3","1","4"
"兖徐青冀五州诸军事","3","1","4"
"南北部各生出一珥形","0","4","4"
"北部各生出一珥形云","0","4","4"
"部各生出一珥形云气","0","4","4"
"井宿北辕西头第一颗","0","4","4"
"宿北辕西头第一颗星","0","4","4"
"井宿南辕西头第二颗","0","4","4"
"宿南辕西头第二颗星","0","4","4"
"冲犯太微垣右执法星","0","4","4"
"月在运行中遮掩冲犯","0","4","4"
"金星顺行进入羽林星","0","4","4"
"有颗鹅卵大小的流星","0","4","4"
"二升器具大小的流星","0","4","4"
"有颗流星像三升器具","0","4","4"
"星出现在南方丙位上","0","4","4"
"暴风剧烈浪峰冲上渡","0","4","4"
"他没有接受任职命令","0","4","4"
"江州刺史晋安王子勋","2","1","3"
"扬州刺史始安王遥光","2","1","3"
"巴西梓潼二郡太守刘","2","1","3"
"西梓潼二郡太守刘山","2","1","3"
"子步兵校尉伏曼容上","1","2","3"
"步兵校尉伏曼容上表","1","2","3"
"月犯东井南辕西头第","3","0","3"
"东井南辕西头第一星","3","0","3"
"太微东蕃南头上相星","3","0","3"
"督会稽东阳临海永嘉","3","0","3"
"阳临海永嘉新安五郡","2","1","3"
"临海永嘉新安五郡军","2","1","3"
"海永嘉新安五郡军事","2","1","3"
"都督南兖兖徐青冀五","2","1","3"
"阳新安临海永嘉五郡","2","1","3"
"都督营平二州诸军事","2","1","3"
"都督西秦河沙三州诸","2","1","3"
"督西秦河沙三州诸军","2","1","3"
"西秦河沙三州诸军事","2","1","3"
"司州的汝南二郡军事","0","3","3"
"祠部郎何佟之建议说","0","3","3"
"月冲犯轩辕星的女主","0","3","3"
"冲犯轩辕星的女主星","0","3","3"
"冲犯南斗的第五颗星","0","3","3"
"月冲犯井宿南辕西头","0","3","3"
"冲犯井宿南辕西头第","0","3","3"
"井宿南辕西头第一颗","0","3","3"
"宿南辕西头第一颗星","0","3","3"
"井宿北辕束头第一颗","0","3","3"
"宿北辕束头第一颗星","0","3","3"
"冲犯太微垣西部上将","0","3","3"
"犯太微垣西部上将星","0","3","3"
"金星顺行进入太微垣","0","3","3"
"金星顺行到太微垣西","0","3","3"
"星顺行到太微垣西部","0","3","3"
"火星顺行进入舆鬼星","0","3","3"
"火星顺行进入太微垣","0","3","3"
"火星冲犯太微垣右执","0","3","3"
"星冲犯太微垣右执法","0","3","3"
"火星顺行进入羽林星","0","3","3"
"颗五升器具大小的流","0","3","3"
"五升器具大小的流星","0","3","3"
"有颗鸭卵大小的流星","0","3","3"
"颗流星像三升器具一","0","3","3"
"流星像三升器具一样","0","3","3"
"星像三升器具一样大","0","3","3"
"金丝织成五彩图案的","0","3","3"
"闻虏主拓跋焘向彭城","2","0","2"
"兰陵县中都乡中都里","1","1","2"
"梁州刺史甄法护弃城","1","1","2"
"江夏王司徒中兵参军","1","1","2"
"宋大将军彭城王义康","1","1","2"
"会稽太守寻阳王子房","1","1","2"
"都督北讨前锋诸军事","1","1","2"
"督南兖徐二州诸军事","1","1","2"
"司空主簿萧惠朗数百","1","1","2"
"空主簿萧惠朗数百人","1","1","2"
"主簿萧惠朗数百人突","1","1","2"
"都督南兖徐兖青冀五","1","1","2"
"督南兖徐兖青冀五州","1","1","2"
"南兖徐兖青冀五州军","1","1","2"
"兖徐兖青冀五州军事","1","1","2"
"党陈奉伯等二十五人","1","1","2"
"司徒褚渊等三十一人","1","1","2"
"试守武平太守行交州","1","1","2"
"守武平太守行交州府","1","1","2"
"武平太守行交州府事","1","1","2"
"伪茄芦镇主阴平公杨","1","1","2"
"茄芦镇主阴平公杨广","1","1","2"
"芦镇主阴平公杨广香","1","1","2"
"开府仪同三司临川王","1","1","2"
"赐天下父后者爵一级","2","0","2"
"永明五年十一月戊子","1","1","2"
"开府仪同三司武陵王","1","1","2"
"加太尉陈显达使持节","1","1","2"
"都督西北征讨诸军事","1","1","2"
"遣度支尚书崔慧景率","1","1","2"
"度支尚书崔慧景率众","1","1","2"
"遣左卫将军萧惠休假","1","1","2"
"左卫将军萧惠休假节","1","1","2"
"卫将军萧惠休假节援","1","1","2"
"大司马会稽太守王敬","1","1","2"
"遣辅国将军刘山阳率","1","1","2"
"辅国将军刘山阳率军","1","1","2"
"国将军刘山阳率军东","1","1","2"
"将军刘山阳率军东讨","1","1","2"
"宝义进号征北大将军","1","1","2"
"护军将军崔慧景加平","1","1","2"
"军将军崔慧景加平南","1","1","2"
"将军崔慧景加平南将","1","1","2"
"军崔慧景加平南将军","1","1","2"
"前南谯太守王灵秀率","1","1","2"
"南谯太守王灵秀率石","1","1","2"
"谯太守王灵秀率石头","1","1","2"
"太守王灵秀率石头文","1","1","2"
"守王灵秀率石头文武","1","1","2"
"辅国将军申胄监豫州","1","1","2"
"国将军申胄监豫州事","1","1","2"
"置射雉场二百九十六","1","1","2"
"射雉场二百九十六处","1","1","2"
"太祖高皇帝肇基骏命","2","0","2"
"世祖武皇帝系明下武","2","0","2"
"高宗明皇帝重隆景业","2","0","2"
"长史萧颖胄杀辅国将","1","1","2"
"史萧颖胄杀辅国将军","1","1","2"
"骠骑将军薛元嗣等固","1","1","2"
"骑将军薛元嗣等固城","1","1","2"
"尚书令萧颖胄行荆州","1","1","2"
"书令萧颖胄行荆州刺","1","1","2"
"令萧颖胄行荆州刺史","1","1","2"
"征虏将军王茂先击破","1","1","2"
"黄门郎萧澹行荆州府","1","1","2"
"大司马都督中外诸军","1","1","2"
"司马都督中外诸军事","1","1","2"
"魏文帝黄初二年正月","1","1","2"
"国子祭酒张绪等十七","1","1","2"
"子祭酒张绪等十七人","1","1","2"
"元嘉十六年正月六日","1","1","2"
"嘉十六年正月六日辛","1","1","2"
"十六年正月六日辛未","1","1","2"
"晋成帝咸康元年正月","1","1","2"
"后汉永平二年正月辛","1","1","2"
"汉永平二年正月辛未","1","1","2"
"元始五年正月六日辛","1","1","2"
"始五年正月六日辛未","1","1","2"
"命百县雩祀百辟卿士","2","0","2"
"十五年十一月晋侯周","1","1","2"
"护诸府司马谘议经除","1","1","2"
"诸府司马谘议经除敕","1","1","2"
"府司马谘议经除敕者","1","1","2"
"国子助教曹思文上表","1","1","2"
"光武庙登歌一章二十","1","1","2"
"武庙登歌一章二十六","1","1","2"
"庙登歌一章二十六句","1","1","2"
"祀先农先蚕夕牲歌诗","1","1","2"
"泰始五年太仆傅玄撰","1","1","2"
"行白者君追汝句骊马","1","1","2"
"孝建三年十二月一日","1","1","2"
"大明二年十二月二十","1","1","2"
"明二年十二月二十六","1","1","2"
"泰始三年正月十七日","1","1","2"
"泰始四年四月二十四","1","1","2"
"始四年四月二十四日","1","1","2"
"泰始七年六月十七日","1","1","2"
"升明二年六月二十日","1","1","2"
"永明元年十二月乙巳","1","1","2"
"永明元年十一月己未","1","1","2"
"月犯东井北辕西头第","2","0","2"
"犯东井北辕西头第一","2","0","2"
"东井北辕东头第二星","2","0","2"
"犯东井南辕西头第二","2","0","2"
"北头第二次相星西北","1","1","2"
"头第二次相星西北八","1","1","2"
"第二次相星西北八寸","1","1","2"
"北头第一上相星东北","1","1","2"
"头第一上相星东北一","1","1","2"
"第一上相星东北一尺","1","1","2"
"井南辕西头第二星南","2","0","2"
"北头第一上相星北一","1","1","2"
"头第一上相星北一尺","1","1","2"
"月东井北辕东头第一","2","0","2"
"井北辕东头第一星北","2","0","2"
"东南头上相星南八寸","1","1","2"
"南头上相星西南五寸","1","1","2"
"轩辕左民星东北七寸","1","1","2"
"右股大赤星东北四寸","1","1","2"
"左执法星北二尺七寸","1","1","2"
"右股大赤星西北五寸","1","1","2"
"右股大赤星西北六寸","1","1","2"
"东井北辕西头第二星","2","0","2"
"太白行犯太微左执法","2","0","2"
"女主星东北一尺二寸","1","1","2"
"太微西蕃上将星西南","2","0","2"
"南第二左股次将星西","1","1","2"
"第二左股次将星西南","1","1","2"
"二左股次将星西南一","1","1","2"
"左股次将星西南一尺","1","1","2"
"入轩辕大星北一尺二","1","1","2"
"轩辕大星北一尺二寸","1","1","2"
"荧惑犯太微西蕃上将","2","0","2"
"舆鬼积尸星东北七寸","1","1","2"
"建元元年十一月戊辰","1","1","2"
"临沂江乘兰陵承建武","1","1","2"
"沂江乘兰陵承建武三","1","1","2"
"江乘兰陵承建武三年","1","1","2"
"淮阴东阳淮浦建武二","1","1","2"
"阴东阳淮浦建武二年","1","1","2"
"东莞莒姑幕建武三年","1","1","2"
"武城清河贝丘绎幕建","1","1","2"
"城清河贝丘绎幕建武","1","1","2"
"清河贝丘绎幕建武二","1","1","2"
"河贝丘绎幕建武二年","1","1","2"
"平郡宋太始五年侨置","1","1","2"
"晋皇后乘云母油画安","1","1","2"
"皇后乘云母油画安车","1","1","2"
"南豫州刺史建安王子","1","1","2"
"豫州刺史建安王子真","1","1","2"
"江宁县北界赖乡齐平","1","1","2"
"宁县北界赖乡齐平里","1","1","2"
"县北界赖乡齐平里三","1","1","2"
"北界赖乡齐平里三成","1","1","2"
"界赖乡齐平里三成逻","1","1","2"
"赖乡齐平里三成逻门","1","1","2"
"乡齐平里三成逻门外","1","1","2"
"齐平里三成逻门外路","1","1","2"
"平里三成逻门外路东","1","1","2"
"秣陵县斗场里安明寺","1","1","2"
"永泰元年十二月二十","1","1","2"
"泰元年十二月二十九","1","1","2"
"永元元年五月二十一","1","1","2"
"元元年五月二十一日","1","1","2"
"建元元年十一月庚戌","1","1","2"
"永元元年七月十二日","1","1","2"
"石阳县长溪水冲激山","1","1","2"
"阳县长溪水冲激山麓","1","1","2"
"建元二年闰六月丙戌","1","1","2"
"永明元年十一月癸卯","1","1","2"
"明元年十一月癸卯夜","1","1","2"
"永明二年十一月己亥","1","1","2"
"梁州刺史范柏年诱降","1","1","2"
"州刺史范柏年诱降晋","1","1","2"
"刺史范柏年诱降晋寿","1","1","2"
"问金紫光禄大夫张绪","1","1","2"
"宋顺帝车骑谘议参军","1","1","2"
"都督江州豫州新蔡晋","2","0","2"
"督江州豫州新蔡晋熙","2","0","2"
"江州豫州新蔡晋熙二","2","0","2"
"州豫州新蔡晋熙二郡","2","0","2"
"义阳诸军事平西将军","1","1","2"
"阳诸军事平西将军郢","1","1","2"
"诸军事平西将军郢州","1","1","2"
"军事平西将军郢州刺","1","1","2"
"事平西将军郢州刺史","1","1","2"
"平西将军郢州刺史闻","1","1","2"
"西将军郢州刺史闻喜","1","1","2"
"将军郢州刺史闻喜县","1","1","2"
"军郢州刺史闻喜县开","1","1","2"
"郢州刺史闻喜县开国","1","1","2"
"州刺史闻喜县开国侯","1","1","2"
"刺史闻喜县开国侯黄","1","1","2"
"史闻喜县开国侯黄回","1","1","2"
"员外散骑常侍辅国将","1","1","2"
"外散骑常侍辅国将军","1","1","2"
"散骑常侍辅国将军骁","1","1","2"
"骑常侍辅国将军骁骑","1","1","2"
"常侍辅国将军骁骑将","1","1","2"
"侍辅国将军骁骑将军","1","1","2"
"辅国将军骁骑将军重","1","1","2"
"国将军骁骑将军重安","1","1","2"
"将军骁骑将军重安县","1","1","2"
"军骁骑将军重安县开","1","1","2"
"骁骑将军重安县开国","1","1","2"
"骑将军重安县开国子","1","1","2"
"将军重安县开国子军","1","1","2"
"军重安县开国子军主","1","1","2"
"重安县开国子军主王","1","1","2"
"安县开国子军主王敬","1","1","2"
"右军将军葛阳县开国","1","1","2"
"军将军葛阳县开国男","1","1","2"
"将军葛阳县开国男彭","1","1","2"
"军葛阳县开国男彭文","1","1","2"
"骠骑行参军振武将军","1","1","2"
"抚军中兵参军程隐俊","1","1","2"
"郢州竟陵司州随郡诸","2","0","2"
"州竟陵司州随郡诸军","2","0","2"
"竟陵司州随郡诸军事","2","0","2"
"左光禄大夫贞阳公世","1","1","2"
"光禄大夫贞阳公世隆","1","1","2"
"队主强弩将军郭罗云","1","1","2"
"亲近数十人夜救祖隆","1","1","2"
"城都将东徐州刺史成","1","1","2"
"都将东徐州刺史成固","1","1","2"
"将东徐州刺史成固公","1","1","2"
"都督会稽东阳临海永","2","0","2"
"都督豫州郢州西阳司","2","0","2"
"会稽东阳临海永嘉新","2","0","2"
"稽东阳临海永嘉新安","2","0","2"
"东阳临海永嘉新安五","2","0","2"
"舞阴戍主辅国将军殷","2","0","2"
"阴戍主辅国将军殷公","2","0","2"
"戍主辅国将军殷公愍","2","0","2"
"左卫将军左兴盛假节","1","1","2"
"辅国将军骁骑将军徐","1","1","2"
"国将军骁骑将军徐世","1","1","2"
"冀三州缘淮前锋诸军","1","1","2"
"三州缘淮前锋诸军事","1","1","2"
"南中郎将中兵参军临","1","1","2"
"中郎将中兵参军临湘","1","1","2"
"郎将中兵参军临湘令","1","1","2"
"将中兵参军临湘令韩","1","1","2"
"中兵参军临湘令韩幼","1","1","2"
"兵参军临湘令韩幼宗","1","1","2"
"南琅邪济阴二郡太守","1","1","2"
"军主佼长生等攻破贼","1","1","2"
"会稽鄞县边海山谷中","1","1","2"
"助豫州刺史垣崇祖决","1","1","2"
"盘龙率辅国将军张倪","1","1","2"
"安陆王北中郎左军司","1","1","2"
"陆王北中郎左军司马","1","1","2"
"文惠太子竟陵王子良","2","0","2"
"元徽五年七月六日夜","1","1","2"
"莞琅邪二郡朐山戍北","1","1","2"
"琅邪二郡朐山戍北徐","1","1","2"
"虏遣清水公拾贲敕文","1","1","2"
"补晋安王子勋夹毂队","1","1","2"
"晋安王子勋夹毂队主","1","1","2"
"江州刺史王景文诱降","1","1","2"
"虎令辅国将军朱公恩","1","1","2"
"伪虎威将军襄城太守","1","1","2"
"虎威将军襄城太守帛","1","1","2"
"江夏王义恭第十五女","1","1","2"
"建平王景素冠军长史","1","1","2"
"柳元景抚军板行参军","1","1","2"
"晋安王子勋镇军行参","1","1","2"
"安王子勋镇军行参军","1","1","2"
"随太祖太尉府转中兵","1","1","2"
"宠子新安王东中郎长","1","1","2"
"子新安王东中郎长史","1","1","2"
"始安王征虏二府长史","1","1","2"
"督会稽东阳新安临海","2","0","2"
"会稽东阳新安临海永","2","0","2"
"稽东阳新安临海永嘉","2","0","2"
"东阳新安临海永嘉五","2","0","2"
"豫章王子尚抚军长史","1","1","2"
"新安王子鸾北中郎长","1","1","2"
"安王子鸾北中郎长史","1","1","2"
"庄严寺听僧达道人讲","1","1","2"
"路太后外亲朱仁弥犯","1","1","2"
"太后外亲朱仁弥犯罪","1","1","2"
"骁骑将军傅坚意检定","1","1","2"
"扬州等九郡四号黄籍","1","1","2"
"陈郡谢俨同丞相义宣","1","1","2"
"郡谢俨同丞相义宣反","1","1","2"
"转西阳王抚军法曹参","1","1","2"
"西阳王抚军法曹参军","1","1","2"
"晋安王安西记室参军","1","1","2"
"都督荆湘雍益梁巴宁","1","1","2"
"督荆湘雍益梁巴宁南","1","1","2"
"荆湘雍益梁巴宁南北","1","1","2"
"湘雍益梁巴宁南北秦","1","1","2"
"雍益梁巴宁南北秦九","1","1","2"
"益梁巴宁南北秦九州","1","1","2"
"梁巴宁南北秦九州诸","1","1","2"
"巴宁南北秦九州诸军","1","1","2"
"宁南北秦九州诸军事","1","1","2"
"使扬州刺史始安王遥","1","1","2"
"新安王北中郎行参军","1","1","2"
"王景文安南谘议参军","1","1","2"
"建安王司徒骑兵参军","1","1","2"
"转桂阳王征北中兵参","1","1","2"
"桂阳王征北中兵参军","1","1","2"
"转晋熙王抚军中军二","1","1","2"
"晋熙王抚军中军二府","1","1","2"
"熙王抚军中军二府长","1","1","2"
"王抚军中军二府长史","1","1","2"
"平西记室参军夏侯恭","1","1","2"
"西记室参军夏侯恭叔","1","1","2"
"记室参军夏侯恭叔上","1","1","2"
"室参军夏侯恭叔上书","1","1","2"
"北襄城太守李荣公归","1","1","2"
"襄城太守李荣公归降","1","1","2"
"行北兖州缘淮诸军事","1","1","2"
"晋熙王安西中兵参军","1","1","2"
"随府转抚军中兵参军","1","1","2"
"世祖抚军中军二府司","1","1","2"
"祖抚军中军二府司马","1","1","2"
"遣辅国将军中兵参军","1","1","2"
"假节征虏将军丹阳尹","1","1","2"
"节征虏将军丹阳尹新","1","1","2"
"征虏将军丹阳尹新吴","1","1","2"
"虏将军丹阳尹新吴侯","1","1","2"
"将军丹阳尹新吴侯景","1","1","2"
"军丹阳尹新吴侯景先","1","1","2"
"晋熙王抚军中兵参军","1","1","2"
"遣宁朔将军王法度向","1","1","2"
"宁朔将军王法度向巴","1","1","2"
"朔将军王法度向巴陵","1","1","2"
"督湘东衡阳零陵桂阳","1","1","2"
"湘东衡阳零陵桂阳营","1","1","2"
"东衡阳零陵桂阳营阳","1","1","2"
"衡阳零陵桂阳营阳五","1","1","2"
"阳零陵桂阳营阳五郡","1","1","2"
"除豫章王骠骑记室参","1","1","2"
"豫章王骠骑记室参军","1","1","2"
"记室参军大司马军事","1","1","2"
"谘议参骠骑大将军军","1","1","2"
"议参骠骑大将军军事","1","1","2"
"参骠骑大将军军事沈","1","1","2"
"骠骑大将军军事沈宪","1","1","2"
"青州刺史刘道隆失火","1","1","2"
"州刺史刘道隆失火烧","1","1","2"
"宋邵陵王左军行参军","1","1","2"
"殿中将军邯郸超上书","1","1","2"
"中将军邯郸超上书谏","1","1","2"
"都督南豫豫司三州军","1","1","2"
"督南豫豫司三州军事","1","1","2"
"徙都督荆湘梁雍南北","1","1","2"
"都督荆湘梁雍南北秦","1","1","2"
"督荆湘梁雍南北秦六","1","1","2"
"荆湘梁雍南北秦六州","1","1","2"
"湘梁雍南北秦六州军","1","1","2"
"梁雍南北秦六州军事","1","1","2"
"监南兖兖徐青冀五州","1","1","2"
"骠骑豫章王司空谘议","1","1","2"
"骑豫章王司空谘议参","1","1","2"
"豫章王司空谘议参军","1","1","2"
"邵陵王南中郎三府参","1","1","2"
"陵王南中郎三府参军","1","1","2"
"文惠太子中军录事参","1","1","2"
"惠太子中军录事参军","1","1","2"
"南中郎司马萧季敞袭","1","1","2"
"竟陵王镇北征北参军","1","1","2"
"庐陵王中军功曹记室","1","1","2"
"军主前军将军陈天福","1","1","2"
"尚书令徐孝嗣守卫宫","1","1","2"
"书令徐孝嗣守卫宫城","1","1","2"
"顺帝车骑骠骑行参军","1","1","2"
"长沙王镇军谘议参军","1","1","2"
"始兴王前将军安西谘","1","1","2"
"兴王前将军安西谘议","1","1","2"
"宋安成王车骑法曹行","1","1","2"
"安成王车骑法曹行参","1","1","2"
"成王车骑法曹行参军","1","1","2"
"故宁蛮长史刘兴祖忠","1","1","2"
"骠骑太尉南中郎参军","1","1","2"
"梓潼二郡太守吴子阳","1","1","2"
"马头太守李僧护等五","1","1","2"
"头太守李僧护等五万","1","1","2"
"太守李僧护等五万人","1","1","2"
"伪徐州刺史广陵王率","1","1","2"
"征虏将军豫州刺史萧","1","1","2"
"虏将军豫州刺史萧懿","1","1","2"
"将军豫州刺史萧懿督","1","1","2"
"都督梁南北秦沙四州","1","1","2"
"督梁南北秦沙四州军","1","1","2"
"梁南北秦沙四州军事","1","1","2"
"军主前宁州刺史董仲","1","1","2"
"主前宁州刺史董仲民","1","1","2"
"都督中军大将军彭城","1","1","2"
"督中军大将军彭城王","1","1","2"
"中军大将军彭城王元","1","1","2"
"军大将军彭城王元勰","1","1","2"
"大将军彭城王元勰分","1","1","2"
"征虏将军右卫将军左","1","1","2"
"虏将军右卫将军左兴","1","1","2"
"将军右卫将军左兴盛","1","1","2"
"军右卫将军左兴盛假","1","1","2"
"右卫将军左兴盛率台","1","1","2"
"历大司马司徒府参军","1","1","2"
"三十年二月二十一日","1","1","2"
"后年四月八日夜半时","1","1","2"
"文帝令尚书仆射何尚","1","1","2"
"散骑常侍虞炎等十二","1","1","2"
"骑常侍虞炎等十二部","1","1","2"
"四月四日杀牛马祭祀","1","1","2"
"伪南部尚书李思冲曰","2","0","2"
"梁州刺史阴智伯遣军","2","0","2"
"州刺史阴智伯遣军主","2","0","2"
"都督徐青齐三州诸军","1","1","2"
"督徐青齐三州诸军事","1","1","2"
"梁州刺史魏郡王元英","1","1","2"
"遣冠军将军兖州刺史","1","1","2"
"冠军将军兖州刺史徐","1","1","2"
"军将军兖州刺史徐玄","1","1","2"
"将军兖州刺史徐玄庆","1","1","2"
"军兖州刺史徐玄庆救","1","1","2"
"兖州刺史徐玄庆救援","1","1","2"
"将军恒州刺史钜鹿公","1","1","2"
"军恒州刺史钜鹿公伏","1","1","2"
"恒州刺史钜鹿公伏鹿","1","1","2"
"州刺史钜鹿公伏鹿孤","1","1","2"
"刺史钜鹿公伏鹿孤贺","1","1","2"
"史钜鹿公伏鹿孤贺鹿","1","1","2"
"钜鹿公伏鹿孤贺鹿浑","1","1","2"
"鹿公伏鹿孤贺鹿浑守","1","1","2"
"定州刺史冯翊公目邻","1","1","2"
"北义阳二郡太守黄瑶","1","1","2"
"安丰二郡太守胡景略","1","1","2"
"宋世封西阳蛮梅虫生","1","1","2"
"遣中兵参军庄明五百","1","1","2"
"中兵参军庄明五百人","1","1","2"
"督护北遂安左郡太守","1","1","2"
"护北遂安左郡太守田","1","1","2"
"北遂安左郡太守田驷","1","1","2"
"遂安左郡太守田驷路","1","1","2"
"行宁朔将军臣姐瑾等","1","1","2"
"宁朔将军臣姐瑾等四","1","1","2"
"朔将军臣姐瑾等四人","1","1","2"
"元徽五年五月二十一","1","1","2"
"徽五年五月二十一日","1","1","2"
"遣振武将军丘冠先授","1","1","2"
"北巴西新巴二郡太守","1","1","2"
"巴西新巴二郡太守任","1","1","2"
"辅国将军三巴校尉明","1","1","2"
"国将军三巴校尉明惠","1","1","2"
"将军三巴校尉明惠照","1","1","2"
"遣军主宁朔将军桓卢","1","1","2"
"军主宁朔将军桓卢奴","1","1","2"
"南梁州刺史仇池公杨","1","1","2"
"梁州刺史仇池公杨灵","1","1","2"
"州刺史仇池公杨灵珍","1","1","2"
"伪南梁州刺史杨灵珍","1","1","2"
"西凉州刺史羌王像舒","1","1","2"
"凉州刺史羌王像舒彭","1","1","2"
"陇右都帅羌王刘洛羊","1","1","2"
"行走坐卧都垂着绅带","0","2","2"
"走坐卧都垂着绅带插","0","2","2"
"坐卧都垂着绅带插着","0","2","2"
"卧都垂着绅带插着笏","0","2","2"
"都垂着绅带插着笏板","0","2","2"
"真真假假的各种事情","0","2","2"
"心胸中也不曾有值得","0","2","2"
"胸中也不曾有值得忧","0","2","2"
"中也不曾有值得忧虑","0","2","2"
"也不曾有值得忧虑恐","0","2","2"
"不曾有值得忧虑恐惧","0","2","2"
"曾有值得忧虑恐惧的","0","2","2"
"有值得忧虑恐惧的事","0","2","2"
"尽管是天分悟性很高","0","2","2"
"眼光短浅的情况很多","0","2","2"
"萧遥光便帮他参谋策","0","2","2"
"遥光便帮他参谋策划","0","2","2"
"假称这是王奂的意思","0","2","2"
"于是王植坐罪被免去","0","2","2"
"是王植坐罪被免去官","0","2","2"
"王植坐罪被免去官职","0","2","2"
"刘秉轮流在朝廷值班","0","2","2"
"秉轮流在朝廷值班处","0","2","2"
"轮流在朝廷值班处理","0","2","2"
"流在朝廷值班处理政","0","2","2"
"在朝廷值班处理政事","0","2","2"
"司仪宣读行礼仪式时","0","2","2"
"仪宣读行礼仪式时不","0","2","2"
"宣读行礼仪式时不直","0","2","2"
"读行礼仪式时不直呼","0","2","2"
"行礼仪式时不直呼其","0","2","2"
"礼仪式时不直呼其名","0","2","2"
"金虎符第一至第五颗","0","2","2"
"虎符第一至第五颗的","0","2","2"
"符第一至第五颗的左","0","2","2"
"第一至第五颗的左半","0","2","2"
"第一至第十颗的左半","0","2","2"
"赐给班剑仪仗二十人","0","2","2"
"将军竟陵王萧子良为","0","2","2"
"任命征虏将军杨炅为","0","2","2"
"命征虏将军杨炅为沙","0","2","2"
"征虏将军杨炅为沙州","0","2","2"
"虏将军杨炅为沙州刺","0","2","2"
"将军杨炅为沙州刺史","0","2","2"
"亲临玄武湖讲习军事","0","2","2"
"始兴王萧鉴为益州刺","0","2","2"
"兴王萧鉴为益州刺史","0","2","2"
"将军建安王萧子真为","0","2","2"
"世祖至太庙举行盛大","0","2","2"
"世祖亲临琅邪城讲习","0","2","2"
"祖亲临琅邪城讲习军","0","2","2"
"亲临琅邪城讲习军事","0","2","2"
"居民受雨水泛滥之灾","0","2","2"
"南徐州刺史丞嘉王萧","0","2","2"
"徐州刺史丞嘉王萧昭","0","2","2"
"州刺史丞嘉王萧昭粲","0","2","2"
"刺史丞嘉王萧昭粲为","0","2","2"
"史丞嘉王萧昭粲为荆","0","2","2"
"丞嘉王萧昭粲为荆州","0","2","2"
"嘉王萧昭粲为荆州刺","0","2","2"
"王萧昭粲为荆州刺史","0","2","2"
"任命辅国将军王翔为","0","2","2"
"命辅国将军王翔为广","0","2","2"
"辅国将军王翔为广州","0","2","2"
"国将军王翔为广州刺","0","2","2"
"将军王翔为广州刺史","0","2","2"
"中书郎萧遥欣为兖州","0","2","2"
"书郎萧遥欣为兖州刺","0","2","2"
"郎萧遥欣为兖州刺史","0","2","2"
"派遣平西将军王广之","0","2","2"
"成都王颖改年号为永","0","2","2"
"都王颖改年号为永安","0","2","2"
"颖在邺地被削去权力","0","2","2"
"河间王颐又改年号为","0","2","2"
"间王颐又改年号为永","0","2","2"
"王颐又改年号为永兴","0","2","2"
"配给班剑仪仗二十人","0","2","2"
"三署在押囚徒已判五","0","2","2"
"署在押囚徒已判五年","0","2","2"
"在押囚徒已判五年以","0","2","2"
"押囚徒已判五年以下","0","2","2"
"囚徒已判五年以下徒","0","2","2"
"徒已判五年以下徒刑","0","2","2"
"已判五年以下徒刑的","0","2","2"
"将军晋安王萧宝义为","0","2","2"
"中郎将建安王萧宝寅","0","2","2"
"郎将建安王萧宝寅为","0","2","2"
"皇帝来到南郊举行祠","0","2","2"
"帝来到南郊举行祠祭","0","2","2"
"扬州刺史始安王萧遥","0","2","2"
"州刺史始安王萧遥光","0","2","2"
"任命辅国将军张冲为","0","2","2"
"太宗高皇帝应运受命","0","2","2"
"世祖武皇帝紧紧追随","0","2","2"
"高宗明皇帝再度振兴","0","2","2"
"可惜他们都享国不久","0","2","2"
"于是命令各地雩祭诸","0","2","2"
"是命令各地雩祭诸侯","0","2","2"
"国子助教谢昙济建议","0","2","2"
"而且晋朝太妃服饰的","0","2","2"
"且晋朝太妃服饰的礼","0","2","2"
"晋朝太妃服饰的礼制","0","2","2"
"宋代皇太妃衹是没有","0","2","2"
"代皇太妃衹是没有五","0","2","2"
"皇太妃衹是没有五牛","0","2","2"
"太妃衹是没有五牛旗","0","2","2"
"妃衹是没有五牛旗这","0","2","2"
"衹是没有五牛旗这点","0","2","2"
"是没有五牛旗这点是","0","2","2"
"没有五牛旗这点是不","0","2","2"
"有五牛旗这点是不同","0","2","2"
"五牛旗这点是不同的","0","2","2"
"她们的外侍官有侍中","0","2","2"
"分别跟随在前部后部","0","2","2"
"所以国君面向南与之","0","2","2"
"以国君面向南与之相","0","2","2"
"国君面向南与之相对","0","2","2"
"皇帝持黑瓒站在台阶","0","2","2"
"帝持黑瓒站在台阶东","0","2","2"
"国君面向南与阳相对","0","2","2"
"皇帝亲自主持籍田礼","0","2","2"
"公举行加冠礼自己作","0","2","2"
"举行加冠礼自己作主","0","2","2"
"行加冠礼自己作主人","0","2","2"
"用瓠瓜剖成的瓢饮酒","0","2","2"
"最后一天举行小祥礼","0","2","2"
"孝建元年至升明三年","0","2","2"
"周围有重叠的彩色光","0","2","2"
"围有重叠的彩色光圈","0","2","2"
"的南北部各生出一珥","0","2","2"
"月在太微垣及火星处","0","2","2"
"在太微垣及火星处三","0","2","2"
"太微垣及火星处三次","0","2","2"
"微垣及火星处三次形","0","2","2"
"垣及火星处三次形成","0","2","2"
"及火星处三次形成光","0","2","2"
"火星处三次形成光晕","0","2","2"
"月进入轩辕星中冲犯","0","2","2"
"进入轩辕星中冲犯第","0","2","2"
"入轩辕星中冲犯第二","0","2","2"
"轩辕星中冲犯第二颗","0","2","2"
"辕星中冲犯第二颗星","0","2","2"
"月冲犯井宿北辕西头","0","2","2"
"冲犯井宿北辕西头第","0","2","2"
"犯井宿北辕西头第一","0","2","2"
"冲犯南斗的第三颗星","0","2","2"
"冲犯房宿北头第二颗","0","2","2"
"犯房宿北头第二颗星","0","2","2"
"冲犯井宿北辕束头第","0","2","2"
"月冲犯南斗的第六颗","0","2","2"
"冲犯南斗的第六颗星","0","2","2"
"犯井宿南辕西头第二","0","2","2"
"月运行进入井宿的空","0","2","2"
"运行进入井宿的空隙","0","2","2"
"行进入井宿的空隙中","0","2","2"
"在房宿北头第一颗星","0","2","2"
"房宿北头第一颗星西","0","2","2"
"月运行在毕宿左股第","0","2","2"
"月在房宿北头第一上","0","2","2"
"在房宿北头第一上相","0","2","2"
"房宿北头第一上相星","0","2","2"
"在井宿南辕西头第二","0","2","2"
"南辕西头第二颗星南","0","2","2"
"在毕宿右股第一颗星","0","2","2"
"毕宿右股第一颗星东","0","2","2"
"宿右股第一颗星东北","0","2","2"
"月在井宿北辕束头第","0","2","2"
"在井宿北辕束头第一","0","2","2"
"月在亢宿南头第二颗","0","2","2"
"在亢宿南头第二颗星","0","2","2"
"太微垣束部南头上相","0","2","2"
"微垣束部南头上相星","0","2","2"
"在太微垣西部上将星","0","2","2"
"进入井宿北辕西头第","0","2","2"
"井宿北辕西头第二颗","0","2","2"
"宿北辕西头第二颗星","0","2","2"
"辕西头第一颗星东北","0","2","2"
"金星顺行冲犯太微垣","0","2","2"
"星顺行冲犯太微垣西","0","2","2"
"顺行冲犯太微垣西部","0","2","2"
"行冲犯太微垣左执法","0","2","2"
"冲犯太微垣左执法星","0","2","2"
"冲犯房宿北头第一颗","0","2","2"
"犯房宿北头第一颗星","0","2","2"
"金星运行冲犯太微垣","0","2","2"
"顺行到太微垣西部上","0","2","2"
"行到太微垣西部上将","0","2","2"
"到太微垣西部上将星","0","2","2"
"太微垣西部上将星西","0","2","2"
"微垣西部上将星西南","0","2","2"
"火星冲犯太微垣西部","0","2","2"
"星冲犯太微垣西部上","0","2","2"
"火星冲犯南斗的第五","0","2","2"
"星冲犯南斗的第五颗","0","2","2"
"星顺行在氐宿西南星","0","2","2"
"顺行在氐宿西南星北","0","2","2"
"行在氐宿西南星北七","0","2","2"
"在氐宿西南星北七寸","0","2","2"
"木星顺行进入太微垣","0","2","2"
"木星冲犯太微垣上将","0","2","2"
"星冲犯太微垣上将星","0","2","2"
"有颗流星像三升堰一","0","2","2"
"颗流星像三升堰一样","0","2","2"
"流星像三升堰一样大","0","2","2"
"有颗流星像二升碗一","0","2","2"
"颗流星像二升碗一样","0","2","2"
"流星像二升碗一样大","0","2","2"
"星像二升碗一样大小","0","2","2"
"有颗一升器具大小的","0","2","2"
"颗一升器具大小的流","0","2","2"
"一升器具大小的流星","0","2","2"
"有颗五升器具大小的","0","2","2"
"有颗二升器具大小的","0","2","2"
"颗二升器具大小的流","0","2","2"
"有颗流星像五升器具","0","2","2"
"向南行一丈消失在空","0","2","2"
"南行一丈消失在空中","0","2","2"
"颗流星像三升器具大","0","2","2"
"流星像三升器具大小","0","2","2"
"有颗流星像鸡蛋大小","0","2","2"
"平阳郡的流民在堕丝","0","2","2"
"阳郡的流民在堕丝登","0","2","2"
"郡的流民在堕丝登的","0","2","2"
"立在花座上口衔铃铛","0","2","2"
"在花座上口衔铃铛的","0","2","2"
"花座上口衔铃铛的样","0","2","2"
"座上口衔铃铛的样子","0","2","2"
"马驾驭的两辕安车作","0","2","2"
"驾驭的两辕安车作为","0","2","2"
"驭的两辕安车作为副","0","2","2"
"的两辕安车作为副车","0","2","2"
"红色车障杂色油漆车","0","2","2"
"色车障杂色油漆车轮","0","2","2"
"阳羡县捕获一只白乌","0","2","2"
"甘美的雨露降在南郡","0","2","2"
"美的雨露降在南郡的","0","2","2"
"的雨露降在南郡的桐","0","2","2"
"雨露降在南郡的桐树","0","2","2"
"露降在南郡的桐树上","0","2","2"
"从西北戌亥方位上刮","0","2","2"
"西北戌亥方位上刮来","0","2","2"
"暴风迅猛浪峰冲上渡","0","2","2"
"风迅猛浪峰冲上渡口","0","2","2"
"风剧烈浪峰冲上渡口","0","2","2"
"镇守盆城抗拒沈攸之","0","2","2"
"州以及郢州的竟陵和","0","2","2"
"以及郢州的竟陵和司","0","2","2"
"及郢州的竟陵和司州","0","2","2"
"郢州的竟陵和司州的","0","2","2"
"州的竟陵和司州的随","0","2","2"
"的竟陵和司州的随郡","0","2","2"
"九命礼仪应完备地依","0","2","2"
"命礼仪应完备地依制","0","2","2"
"礼仪应完备地依制办","0","2","2"
"仪应完备地依制办理","0","2","2"
"他的妾侍们都偷看暗","0","2","2"
"的妾侍们都偷看暗笑","0","2","2"
"宋桂阳王休范在寻阳","0","2","2"
"桂阳王休范在寻阳起","0","2","2"
"阳王休范在寻阳起兵","0","2","2"
"王休范在寻阳起兵作","0","2","2"
"休范在寻阳起兵作乱","0","2","2"
"太祖萧道成镇守淮阴","0","2","2"
"原本的官职依旧不变","0","2","2"
"孙复原先不研讨分辨","0","2","2"
"复原先不研讨分辨清","0","2","2"
"原先不研讨分辨清楚","0","2","2"
"也应该追究他的责任","0","2","2"
"沈攸之起兵发难事起","0","2","2"
"中丞傅隆没有检举弹","0","2","2"
"丞傅隆没有检举弹劾","0","2","2"
"劝说子懋用厚礼贿赂","0","2","2"
"说子懋用厚礼贿赂裴","0","2","2"
"子懋用厚礼贿赂裴叔","0","2","2"
"懋用厚礼贿赂裴叔业","0","2","2"
"子懋就派于琳之前往","0","2","2"
"为新安王北中郎参军","0","2","2"
"闻喜公子良的征虏长","0","2","2"
"喜公子良的征虏长史","0","2","2"
"他哥哥的儿子沈昭略","0","2","2"
"他在永泰元年被杀害","0","2","2"
"督豫州及郢州的西阳","0","2","2"
"齐太祖辅佐宋朝朝政","0","2","2"
"太祖辅佐宋朝朝政时","0","2","2"
"刘绘调任大司马从事","0","2","2"
"绘调任大司马从事中","0","2","2"
"调任大司马从事中郎","0","2","2"
"北秦四州以及郢州的","0","2","2"
"裴叔业以寿春投降北","0","2","2"
"叔业以寿春投降北魏","0","2","2"
"伪司马孟斌挥兵指向","0","2","2"
"司马孟斌挥兵指向城","0","2","2"
"马孟斌挥兵指向城东","0","2","2"
"北魏右卫将军播正屯","0","2","2"
"魏右卫将军播正屯驻","0","2","2"
"右卫将军播正屯驻城","0","2","2"
"卫将军播正屯驻城北","0","2","2"
"崔慧景认为台城早晚","0","2","2"
"慧景认为台城早晚便","0","2","2"
"景认为台城早晚便要","0","2","2"
"认为台城早晚便要投","0","2","2"
"为台城早晚便要投降","0","2","2"
"那时外援自然会消散","0","2","2"
"是从明了字音的本质","0","2","2"
"从明了字音的本质上","0","2","2"
"明了字音的本质上得","0","2","2"
"了字音的本质上得来","0","2","2"
"梁州刺史阴智伯派遣","0","2","2"
"州刺史阴智伯派遣军","0","2","2"
"刺史阴智伯派遣军主","0","2","2"
"仇池公杨灵珍占据泥","0","2","2"
"豫章王派遣中兵参军","0","2","2"
"升军号为骠骑大将军","0","2","2"
"现暂授代理龙骧将军","0","2","2"
"现暂授代理建威将军","0","2","2"
"苻幼孙统领他的部众","0","2","2"
