"N-gram","原文","翻译","Total"
"尚书左仆射","51","50","101"
"开府仪同三","33","33","66"
"府仪同三司","33","33","66"
"征西大将军","26","27","53"
"尚书右仆射","26","25","51"
"赵王司马伦","0","47","47"
"海王司马越","0","44","44"
"元年春正月","26","17","43"
"督中外诸军","21","20","41"
"二州诸军事","21","19","40"
"都督中外诸","20","19","39"
"成都王司马","0","38","38"
"都王司马颖","0","38","38"
"加散骑常侍","23","14","37"
"二年春正月","20","15","35"
"魏文帝黄初","18","17","35"
"汝南王司马","1","32","33"
"任散骑常侍","0","33","33"
"东海王司马","0","33","33"
"元年十二月","16","15","31"
"中外诸军事","14","14","28"
"河间王司马","0","28","28"
"千九百五十","13","14","27"
"天戒这样说","0","27","27"
"万四千六百","8","18","26"
"齐王司马攸","0","26","26"
"四匹马驾车","0","26","26"
"五年春正月","15","10","25"
"三年春正月","15","10","25"
"元年十一月","12","13","25"
"孝武帝太元","10","15","25"
"用四匹马驾","0","25","25"
"征南大将军","12","12","24"
"左光禄大夫","12","12","24"
"的儿子司马","0","24","24"
"为尚书左仆","0","24","24"
"南王司马亮","0","24","24"
"用一匹马驾","0","24","24"
"一匹马驾车","0","24","24"
"琅王牙王司","1","22","23"
"王牙王司马","1","22","23"
"与太阳会合","0","23","23"
"抚军大将军","11","11","22"
"右光禄大夫","11","11","22"
"二年十一月","11","11","22"
"千八百四十","5","17","22"
"天正十一月","9","13","22"
"千九百九十","11","11","22"
"年春正月初","0","22","22"
"年春正月辛","18","3","21"
"骠骑将军王","10","11","21"
"年正月初一","1","20","21"
"二年十二月","10","11","21"
"九百六十七","9","12","21"
"千五百五十","2","19","21"
"太子中庶子","10","10","20"
"镇东大将军","11","9","20"
"四年春正月","13","7","20"
"征北大将军","10","10","20"
"中书监荀勖","11","9","20"
"镇军大将军","10","10","20"
"武陵王司马","4","16","20"
"琅邪王司马","0","20","20"
"所得商数为","0","20","20"
"青州诸军事","10","9","19"
"孝怀帝永嘉","9","10","19"
"万四千九百","9","10","19"
"十九万四千","9","10","19"
"四千五百五","1","18","19"
"五百五十九","1","18","19"
"春正月初一","0","19","19"
"会稽王司马","0","19","19"
"州刺史镇守","0","19","19"
"镇南大将军","9","9","18"
"五百八十九","4","14","18"
"三年十一月","9","9","18"
"怀帝永嘉元","9","9","18"
"帝永嘉元年","9","9","18"
"四年十二月","9","9","18"
"千八百六十","9","9","18"
"千六百三十","4","14","18"
"八百四十三","3","15","18"
"束海王司马","0","18","18"
"大将军曹爽","8","9","17"
"元帝太兴二","9","8","17"
"帝太兴二年","9","8","17"
"九万四千九","8","9","17"
"月二十六日","1","16","17"
"三年十二月","9","8","17"
"百四十一万","8","9","17"
"司马伦篡位","0","17","17"
"年春正月甲","11","5","16"
"都督荆州诸","8","8","16"
"督荆州诸军","8","8","16"
"荆州诸军事","8","8","16"
"督青州诸军","8","8","16"
"四州诸军事","8","8","16"
"州刺史司马","8","8","16"
"万二千七百","7","9","16"
"春秋元命包","8","8","16"
"万五千一百","4","12","16"
"九百五十四","7","9","16"
"彗星出现于","0","16","16"
"长沙王司马","0","16","16"
"王司马伦篡","0","16","16"
"苻坚的将领","0","16","16"
"有见识的人","0","16","16"
"这是其应兆","0","16","16"
"三州诸军事","8","7","15"
"万一千三百","7","8","15"
"五万六千九","7","8","15"
"万六千九百","7","8","15"
"百六十一分","7","8","15"
"六百四十一","7","8","15"
"四千九百九","7","8","15"
"千二百六十","7","8","15"
"一千八百四","1","14","15"
"千一百五十","5","10","15"
"有彗星出现","0","15","15"
"为骠骑将军","0","15","15"
"太阳中有黑","0","15","15"
"法四千五百","0","15","15"
"七年春正月","8","6","14"
"六年春正月","9","5","14"
"凉州刺史张","7","7","14"
"都督扬州诸","7","7","14"
"督扬州诸军","7","7","14"
"扬州诸军事","7","7","14"
"五州诸军事","7","7","14"
"骠骑大将军","7","7","14"
"千六百八十","7","7","14"
"千五百二十","6","8","14"
"元帝太兴元","7","7","14"
"帝太兴元年","7","7","14"
"年十二月己","7","7","14"
"月二十五日","2","12","14"
"十三万四千","3","11","14"
"三万四千六","3","11","14"
"三十四万四","6","8","14"
"十四万四千","6","8","14"
"武帝太元十","7","7","14"
"二十一万五","3","11","14"
"十一万五千","3","11","14"
"千一百三十","3","11","14"
"四千六百三","2","12","14"
"间王司马颙","0","14","14"
"梁王司马肜","0","14","14"
"每天运行一","0","14","14"
"业刺史镇守","0","14","14"
"的基础上加","0","14","14"
"在太阳之后","0","14","14"
"齐王司马同","0","14","14"
"的职位依旧","0","14","14"
"年春正月己","10","3","13"
"都督青州诸","6","7","13"
"骑将军王导","6","7","13"
"涛水入石头","13","0","13"
"兗二州刺史","13","0","13"
"月二十八日","2","11","13"
"康元年正月","5","8","13"
"明帝太宁元","7","6","13"
"帝太宁元年","7","6","13"
"康帝建元元","6","7","13"
"帝建元元年","6","7","13"
"世祖武皇帝","7","6","13"
"万三千一百","5","8","13"
"百六十七分","6","7","13"
"十一月二十","4","9","13"
"行一百一十","2","11","13"
"万三千九百","6","7","13"
"六千九百五","6","7","13"
"万九千九百","6","7","13"
"四万四千二","6","7","13"
"万四千二百","6","7","13"
"四千二百六","6","7","13"
"二百六十一","6","7","13"
"为散骑常侍","0","13","13"
"为尚书右仆","0","13","13"
"王司马道子","0","13","13"
"天运行一百","0","13","13"
"次日食符合","0","13","13"
"梁二州诸军","6","6","12"
"征东大将军","7","5","12"
"刺史二千石","6","6","12"
"年春正月乙","9","3","12"
"左卫将军王","7","5","12"
"徐州诸军事","6","6","12"
"大将军王敦","6","6","12"
"六州诸军事","6","6","12"
"会稽王道子","10","2","12"
"吴孙权赤乌","6","6","12"
"千三百六十","6","6","12"
"百四十八万","6","6","12"
"万五千二百","6","6","12"
"千一百二十","6","6","12"
"万五千六百","5","7","12"
"万九千六百","6","6","12"
"千一百四十","7","5","12"
"千八百八十","5","7","12"
"月二十九日","2","10","12"
"十七万三千","4","8","12"
"百一十二度","6","6","12"
"十九万五千","6","6","12"
"千四百一十","6","6","12"
"一万五千一","2","10","12"
"五千一百三","2","10","12"
"千七百九十","4","8","12"
"朝廷的军队","0","12","12"
"帝登上皇位","0","12","12"
"阳中有黑子","0","12","12"
"外的五百里","0","12","12"
"月的气来了","0","12","12"
"行星会合时","0","12","12"
"在太阳之前","0","12","12"
"纪法一千八","0","12","12"
"法一千八百","0","12","12"
"都用一匹马","0","12","12"
"年春正月癸","9","2","11"
"幽州诸军事","6","5","11"
"八年春正月","7","4","11"
"西大将军桓","5","6","11"
"大司马桓温","5","6","11"
"太元十二年","5","6","11"
"新蔡王司马","2","9","11"
"元年正月初","1","10","11"
"十一月初一","1","10","11"
"十一万三千","5","6","11"
"千三百一十","4","7","11"
"一百七十三","5","6","11"
"七百七十三","5","6","11"
"月二十四日","1","10","11"
"十二月二十","1","10","11"
"九百九十分","5","6","11"
"千九百八十","5","6","11"
"魏元帝咸熙","5","6","11"
"赵王伦篡位","10","1","11"
"范阳王司马","0","11","11"
"清河王司马","0","11","11"
"高密王司马","0","11","11"
"魏明帝太和","0","11","11"
"生而得的律","0","11","11"
"所得商敷为","0","11","11"
"日法四千五","0","11","11"
"趟王司马伦","0","11","11"
"月的管名字","0","11","11"
"楚王司马璋","0","11","11"
"典农中郎将","5","5","10"
"淮北诸军事","5","5","10"
"镇西大将军","5","5","10"
"都督幽州诸","5","5","10"
"督幽州诸军","5","5","10"
"九年春正月","6","4","10"
"十二月乙未","6","4","10"
"年春正月庚","9","1","10"
"关中诸军事","5","5","10"
"书左仆射王","5","5","10"
"河北诸军事","5","5","10"
"州刺史陶侃","5","5","10"
"尚书令刁协","5","5","10"
"益州刺史周","5","5","10"
"录尚书六条","5","5","10"
"尚书六条事","5","5","10"
"十二月己未","6","4","10"
"琅邪王德文","8","2","10"
"宁元年七月","5","5","10"
"年十一月乙","5","5","10"
"四年十一月","5","5","10"
"年十二月乙","5","5","10"
"千三百七十","5","5","10"
"千六百一十","5","5","10"
"汉献帝建安","4","6","10"
"二万二千七","4","6","10"
"万二千二百","5","5","10"
"九千六百八","5","5","10"
"千一百八十","5","5","10"
"百八十七分","5","5","10"
"千五百六十","5","5","10"
"千六百二十","4","6","10"
"月二十二日","2","8","10"
"千四百五十","4","6","10"
"小余满日法","5","5","10"
"千八百三十","5","5","10"
"千二百七十","5","5","10"
"百七十三万","5","5","10"
"行三十三度","4","6","10"
"百五十四分","5","5","10"
"万七千六百","5","5","10"
"武帝泰始四","5","5","10"
"帝泰始四年","5","5","10"
"魏齐王正始","5","5","10"
"事黄门侍郎","5","5","10"
"司徒左长史","5","5","10"
"怀帝永嘉四","5","5","10"
"帝永嘉四年","5","5","10"
"迁散骑常侍","10","0","10"
"豫州诸军事","5","5","10"
"二千七百九","3","7","10"
"七百九十五","3","7","10"
"彭城王司马","0","10","10"
"为车骑将军","0","10","10"
"南阳王司马","0","10","10"
"为尚书仆射","0","10","10"
"水冲入石头","0","10","10"
"的一颗星叫","0","10","10"
"海西公太和","0","10","10"
"个月的气来","0","10","10"
"舆太阳会合","0","10","10"
"上次会合时","0","10","10"
"早晨在东方","0","10","10"
"晨在东方出","0","10","10"
"在东方出现","0","10","10"
"运行一百一","0","10","10"
"天运行一又","0","10","10"
"二千零三十","0","10","10"
"月的辰叫做","0","10","10"
"沙王司马义","0","10","10"
"任司隶校尉","0","10","10"
"年春正月壬","5","4","9"
"年春正月丁","7","2","9"
"卫将军王舆","5","4","9"
"光禄大夫荀","5","4","9"
"年正月乙卯","5","4","9"
"镇北将军刘","5","4","9"
"徐兗二州刺","9","0","9"
"会稽王世子","7","2","9"
"稽王世子元","7","2","9"
"陵王司马遵","4","5","9"
"万七千三百","3","6","9"
"七千三百一","3","6","9"
"明帝太宁三","5","4","9"
"帝太宁三年","5","4","9"
"年十一月辛","5","4","9"
"文帝黄初四","5","4","9"
"帝黄初四年","5","4","9"
"年十二月甲","5","4","9"
"外方五百里","9","0","9"
"方五百里曰","9","0","9"
"十三万三千","5","4","9"
"郡泰始二年","7","2","9"
"万二千五百","4","5","9"
"一万九千六","3","6","9"
"所求年天正","4","5","9"
"正十一月朔","4","5","9"
"七万三千一","4","5","9"
"满日度法一","9","0","9"
"一万三千九","4","5","9"
"一百一十二","1","8","9"
"度六百四十","4","5","9"
"四百一十九","4","5","9"
"元帝建武元","4","5","9"
"帝建武元年","4","5","9"
"魏明帝青龙","5","4","9"
"孝武太元十","6","3","9"
"十三年十二","5","4","9"
"邑一千八百","1","8","9"
"三百一十五","3","6","9"
"为琅王牙王","0","9","9"
"月二十三日","0","9","9"
"立皇子司马","0","9","9"
"王司马亻由","0","9","9"
"郡国发大水","0","9","9"
"为征西大将","0","9","9"
"齐王司马礒","0","9","9"
"的将领慕容","0","9","9"
"武帝登上皇","0","9","9"
"稽王司马道","0","9","9"
"面的一颗星","0","9","9"
"为十二次中","0","9","9"
"十二次中的","0","9","9"
"土地纵横各","0","9","9"
"以章岁十九","0","9","9"
"早晨与太阳","0","9","9"
"晨与太阳会","0","9","9"
"会合时所在","0","9","9"
"天运行二十","0","9","9"
"有关官吏奏","0","9","9"
"就是所谓的","0","9","9"
"的管名字是","0","9","9"
"愍怀太子被","0","9","9"
"大水冲入石","0","9","9"
"天戒像是说","0","9","9"
"有两个儿子","0","9","9"
"荆州刺史胡","4","4","8"
"荆州刺史王","4","4","8"
"尚书令裴秀","4","4","8"
"州刺史胡烈","4","4","8"
"年春正月丙","6","2","8"
"十二月甲申","6","2","8"
"二千石长吏","4","4","8"
"熙元年四月","4","4","8"
"安北将军王","4","4","8"
"车骑大将军","4","4","8"
"大将军苟晞","4","4","8"
"帝蒙尘平阳","8","0","8"
"荆州刺史陶","4","4","8"
"元年春二月","4","4","8"
"七州诸军事","4","4","8"
"州刺史周抚","4","4","8"
"大将军桓温","4","4","8"
"梁州刺史司","4","4","8"
"刺史司马勋","4","4","8"
"安西将军谢","4","4","8"
"河南太守戴","4","4","8"
"南太守戴施","4","4","8"
"州刺史桓冲","4","4","8"
"荆州刺史桓","4","4","8"
"太元十一年","4","4","8"
"游击将军毛","4","4","8"
"尚书仆射谢","4","4","8"
"龙骧将军刘","4","4","8"
"王世子元显","7","1","8"
"冠军将军刘","4","4","8"
"军将军刘毅","4","4","8"
"车骑将军刘","4","4","8"
"骑将军刘裕","4","4","8"
"三百六十五","4","4","8"
"十五万七千","4","4","8"
"万一千五百","4","4","8"
"文帝黄初二","4","4","8"
"帝黄初二年","4","4","8"
"年正月丙寅","4","4","8"
"五年十一月","4","4","8"
"九年十一月","4","4","8"
"年十一月甲","4","4","8"
"兴元年四月","4","4","8"
"孝武帝宁康","4","4","8"
"年六月庚子","4","4","8"
"恭帝元熙元","4","4","8"
"帝元熙元年","4","4","8"
"孙权赤乌十","4","4","8"
"愍帝建兴二","4","4","8"
"帝建兴二年","4","4","8"
"太元十三年","4","4","8"
"怀帝永嘉五","4","4","8"
"帝永嘉五年","4","4","8"
"三年正月乙","4","4","8"
"年十二月丙","4","4","8"
"惠帝元康三","4","4","8"
"帝元康三年","4","4","8"
"太白犯岁星","8","0","8"
"万九千八百","4","4","8"
"千九百七十","4","4","8"
"千六百四十","4","4","8"
"舜置十二牧","7","1","8"
"万八千一百","4","4","8"
"幽州刺史镇","6","2","8"
"万一千一百","4","4","8"
"二万五千六","3","5","8"
"六百八十三","4","4","8"
"中书令张华","4","4","8"
"百四十三分","4","4","8"
"二千一百八","4","4","8"
"一百八十七","4","4","8"
"月二十一日","1","7","8"
"千一百七十","3","5","8"
"求年天正十","4","4","8"
"年天正十一","4","4","8"
"加大余二十","5","3","8"
"通数三十一","1","7","8"
"三百七十八","4","4","8"
"千二百五十","4","4","8"
"万六千二百","4","4","8"
"七十三万三","4","4","8"
"一百四十八","3","5","8"
"二百九十二","3","5","8"
"三百四十五","4","4","8"
"十四万二千","4","4","8"
"三百二十三","4","4","8"
"百二十四万","4","4","8"
"万二千八百","4","4","8"
"二千八百六","4","4","8"
"行二十三分","3","5","8"
"百八十四日","7","1","8"
"行四十八度","4","4","8"
"十二万二千","4","4","8"
"百九十九万","4","4","8"
"九十一日行","8","0","8"
"九千九百五","4","4","8"
"二度六百四","4","4","8"
"二千四百一","4","4","8"
"百七十九万","4","4","8"
"五千二百三","4","4","8"
"千二百三十","4","4","8"
"千三百四十","4","4","8"
"一千一百二","4","4","8"
"魏明帝景初","4","4","8"
"前太尉参军","4","4","8"
"孙亮建兴元","4","4","8"
"亮建兴元年","4","4","8"
"建兴元年十","4","4","8"
"兴元年十二","4","4","8"
"惠帝元康五","4","4","8"
"帝元康五年","4","4","8"
"康元年三月","4","4","8"
"安帝隆安二","4","4","8"
"帝隆安二年","4","4","8"
"元帝太兴三","4","4","8"
"帝太兴三年","4","4","8"
"武帝太康五","4","4","8"
"帝太康五年","4","4","8"
"惠帝元康二","4","4","8"
"帝元康二年","4","4","8"
"吴孙亮五凤","4","4","8"
"一千八百户","1","7","8"
"金紫光禄大","4","4","8"
"紫光禄大夫","4","4","8"
"千八百七十","2","6","8"
"万五千三百","4","4","8"
"王司马德文","1","7","8"
"了他的意见","0","8","8"
"的典章制度","0","8","8"
"推辞不接受","0","8","8"
"美好的命令","0","8","8"
"安平王司马","0","8","8"
"白龙出现于","0","8","8"
"自己的儿子","0","8","8"
"大风拔起树","0","8","8"
"风拔起树木","0","8","8"
"十二月初一","0","8","8"
"下邳王司马","0","8","8"
"安王司马繇","0","8","8"
"河王司马覃","0","8","8"
"邪王司马睿","0","8","8"
"石勒的将领","0","8","8"
"石季龙的将","0","8","8"
"季龙的将领","0","8","8"
"陵王司马晞","0","8","8"
"稽王司马昱","0","8","8"
"兖二州刺史","0","8","8"
"慕容暐的将","0","8","8"
"容暐的将领","0","8","8"
"将军刘牢之","0","8","8"
"面的三颗星","0","8","8"
"的四颗星叫","0","8","8"
"的三颗星叫","0","8","8"
"面的两颗星","0","8","8"
"度为十二次","0","8","8"
"太白星犯岁","0","8","8"
"白星犯岁星","0","8","8"
"一个月的气","0","8","8"
"余数为小余","0","8","8"
"纪法五百八","0","8","8"
"法五百八十","0","8","8"
"时所在宿度","0","8","8"
"四十一万零","0","8","8"
"十一万零九","0","8","8"
"一万零九百","0","8","8"
"万零九百六","0","8","8"
"零九百六十","0","8","8"
"转而早晨在","0","8","8"
"而早晨在东","0","8","8"
"每天运行五","0","8","8"
"天运行四十","0","8","8"
"九十一天运","0","8","8"
"十一天运行","0","8","8"
"一天运行一","0","8","8"
"千零三十四","0","8","8"
"零三十四万","0","8","8"
"加任散骑常","0","8","8"
"置左右长史","4","3","7"
"督豫州诸军","4","3","7"
"熙元年春正","3","4","7"
"二年春二月","4","3","7"
"镇北大将军","3","4","7"
"都督徐州诸","3","4","7"
"督徐州诸军","3","4","7"
"十二月戊寅","4","3","7"
"石勒将石季","7","0","7"
"勒将石季龙","7","0","7"
"征讨诸军事","4","3","7"
"十二月壬辰","5","2","7"
"北中郎将荀","3","4","7"
"中郎将荀羡","3","4","7"
"十一月己酉","4","3","7"
"骧将军刘牢","3","4","7"
"皇帝下诏说","2","5","7"
"百一十五度","3","4","7"
"年十一月戊","4","3","7"
"愍帝建兴四","4","3","7"
"帝建兴四年","4","3","7"
"十二月戊午","4","3","7"
"千九百六十","1","6","7"
"邑千八百户","7","0","7"
"雍州刺史镇","3","4","7"
"万九千三百","3","4","7"
"大余二十九","4","3","7"
"一百四十五","2","5","7"
"四十一万九","7","0","7"
"十一万九百","7","0","7"
"一万九百六","7","0","7"
"万九百六十","7","0","7"
"余满日度法","4","3","7"
"一万二千五","3","4","7"
"十八万九千","3","4","7"
"日行百一十","7","0","7"
"十一日行百","7","0","7"
"二千三十四","7","0","7"
"千三十四万","7","0","7"
"千六百七十","3","4","7"
"百九十六万","3","4","7"
"元帝咸熙二","3","4","7"
"帝咸熙二年","3","4","7"
"年十二月戊","3","4","7"
"兴元年正月","2","5","7"
"孙皓宝鼎元","4","3","7"
"皓宝鼎元年","4","3","7"
"广汉殇王广","4","3","7"
"汉殇王广德","4","3","7"
"赐东园秘器","7","0","7"
"加光禄大夫","5","2","7"
"六万七千三","2","5","7"
"太原晋阳人","4","3","7"
"听从了他的","0","7","7"
"从了他的意","0","7","7"
"说的就是这","0","7","7"
"这样的情况","0","7","7"
"任骠骑将军","0","7","7"
"朝廷的议论","0","7","7"
"首级传到京","0","7","7"
"打败了他们","0","7","7"
"立五等爵位","0","7","7"
"条白龙出现","0","7","7"
"扶风王司马","0","7","7"
"邳王司马晃","0","7","7"
"皇帝安葬在","0","7","7"
"派他的将领","0","7","7"
"月二十七日","0","7","7"
"为镇北将军","0","7","7"
"任吏部尚书","0","7","7"
"十二辰中在","0","7","7"
"帝下诏书说","0","7","7"
"都发生日食","0","7","7"
"的五百里为","0","7","7"
"畿外的五百","0","7","7"
"统管十二县","0","7","7"
"统管十一县","0","7","7"
"所说的那样","0","7","7"
"该律就会应","0","7","7"
"律就会应合","0","7","7"
"与实际天象","0","7","7"
"消息改正后","0","7","7"
"乘以朔小余","0","7","7"
"为行星会合","0","7","7"
"除以日度法","0","7","7"
"加上次会合","0","7","7"
"每天运行十","0","7","7"
"以纪法一千","0","7","7"
"除以日法四","0","7","7"
"以日法四千","0","7","7"
"纪干支起算","0","7","7"
"在明堂宗祀","0","7","7"
"没有固定的","0","7","7"
"先导和随从","0","7","7"
"汹涌大水冲","0","7","7"
"涌大水冲入","0","7","7"
"怀太子被废","0","7","7"
"是羽虫的妖","0","7","7"
"羽虫的妖孽","0","7","7"
"我认为应该","0","7","7"
"任太子舍人","0","7","7"
"任散骑侍郎","0","7","7"
"平元年春正","3","3","6"
"春正月甲午","4","2","6"
"遣荆州刺史","3","3","6"
"尚书仆射裴","3","3","6"
"太祖武皇帝","3","3","6"
"明堂配上帝","6","0","6"
"中护军王业","3","3","6"
"遣车骑将军","3","3","6"
"年春正月戊","5","1","6"
"叛虏树机能","3","3","6"
"平南将军羊","3","3","6"
"北大将军卫","3","3","6"
"都督江北诸","3","3","6"
"督江北诸军","3","3","6"
"江北诸军事","3","3","6"
"十一月辛巳","4","2","6"
"十二万三千","3","3","6"
"辅国大将军","3","3","6"
"尚书令卫瓘","6","0","6"
"督关中诸军","3","3","6"
"年春二月己","3","3","6"
"左积弩将军","3","3","6"
"光禄大夫刘","3","3","6"
"荆州刺史刘","3","3","6"
"州刺史皇甫","3","3","6"
"北将军王浚","3","3","6"
"豫州刺史刘","3","3","6"
"州刺史刘乔","3","3","6"
"都督河北诸","3","3","6"
"督河北诸军","3","3","6"
"东将军周馥","5","1","6"
"武悼杨皇后","3","3","6"
"司隶校尉刘","3","3","6"
"车骑将军王","3","3","6"
"骑将军王堪","3","3","6"
"州刺史刘琨","3","3","6"
"征南将军山","3","3","6"
"南将军山简","3","3","6"
"平北将军刘","3","3","6"
"北将军刘琨","3","3","6"
"州刺史张轨","3","3","6"
"高祖宣皇帝","3","3","6"
"北将军刘隗","3","3","6"
"三年三月戊","4","2","6"
"豫州刺史祖","3","3","6"
"护军将军庾","3","3","6"
"军将军庾亮","3","3","6"
"骑将军郗鉴","3","3","6"
"平南将军温","3","3","6"
"南将军温峤","3","3","6"
"西大将军陶","3","3","6"
"大将军陶侃","3","3","6"
"光禄大夫陆","3","3","6"
"竟陵太守李","3","3","6"
"陵太守李阳","3","3","6"
"西将军庾亮","3","3","6"
"广七州诸军","3","3","6"
"中书监庾冰","3","3","6"
"中书令何充","3","3","6"
"征讨大都督","3","3","6"
"冬十月乙丑","3","3","6"
"十一月庚辰","3","3","6"
"皇太后诏曰","5","1","6"
"仇池公杨初","3","3","6"
"十一月丙辰","3","3","6"
"西将军谢尚","3","3","6"
"中军将军殷","3","3","6"
"军将军殷浩","3","3","6"
"青冀幽五州","3","3","6"
"冀幽五州诸","3","3","6"
"幽五州诸军","3","3","6"
"年五月丁巳","3","3","6"
"西中郎将袁","3","3","6"
"中郎将袁真","3","3","6"
"慕容将慕","6","0","6"
"容将慕容","6","0","6"
"书仆射谢安","3","3","6"
"十一年九月","3","3","6"
"辅国将军刘","3","3","6"
"率军队讨伐","3","3","6"
"熙元年正月","3","3","6"
"百八十九分","2","4","6"
"百四十六度","3","3","6"
"二百一十九","3","3","6"
"十六万二千","3","3","6"
"三十五万七","3","3","6"
"黄初二年六","3","3","6"
"初二年六月","3","3","6"
"三年正月丙","3","3","6"
"年正月乙未","3","3","6"
"高贵乡公甘","3","3","6"
"贵乡公甘露","3","3","6"
"年十月丁丑","3","3","6"
"年正月丙子","3","3","6"
"永嘉元年十","3","3","6"
"太兴元年四","3","3","6"
"二年四月己","3","3","6"
"安帝隆安四","3","3","6"
"帝隆安四年","3","3","6"
"武帝泰始五","3","3","6"
"帝泰始五年","3","3","6"
"太康元年正","3","3","6"
"元年正月癸","3","3","6"
"兴元年十一","3","3","6"
"五年十二月","3","3","6"
"景初元年十","3","3","6"
"兴二年十一","3","3","6"
"十年十一月","3","3","6"
"十四年十二","3","3","6"
"年正月乙亥","3","3","6"
"太白犯填星","6","0","6"
"八年十二月","3","3","6"
"元元年八月","3","3","6"
"年六月甲寅","3","3","6"
"百二十三万","3","3","6"
"献帝建安元","3","3","6"
"帝建安元年","3","3","6"
"文帝黄初三","3","3","6"
"帝黄初三年","3","3","6"
"武帝泰始元","3","3","6"
"帝泰始元年","3","3","6"
"万三千八百","3","3","6"
"十七万五千","3","3","6"
"万四千四百","2","4","6"
"泰始二年置","6","0","6"
"万九千五百","3","3","6"
"千三百二十","3","3","6"
"万六千三百","3","3","6"
"户一万二千","6","0","6"
"十四万九千","3","3","6"
"四万九千三","3","3","6"
"万三千四百","3","3","6"
"一百二十一","3","3","6"
"万一千四百","3","3","6"
"十一万一千","3","3","6"
"太乐郎刘秀","2","4","6"
"二百四十三","3","3","6"
"百八十三分","3","3","6"
"万二千九百","3","3","6"
"五百六十一","3","3","6"
"六百二十七","3","3","6"
"年十一月二","3","3","6"
"五月十七日","2","4","6"
"明帝景初元","3","3","6"
"帝景初元年","3","3","6"
"二百三十五","1","5","6"
"八百八十二","2","4","6"
"千三百五十","3","3","6"
"八百三十二","3","3","6"
"九十七万三","3","3","6"
"六千二百七","3","3","6"
"二百七十二","3","3","6"
"万一千七百","3","3","6"
"三百四十八","3","3","6"
"四十八万四","3","3","6"
"十八万四千","3","3","6"
"八万四千六","3","3","6"
"四千六百四","3","3","6"
"六百四十六","3","3","6"
"万二千三百","3","3","6"
"千四百二十","3","3","6"
"九十九万五","3","3","6"
"百六十四分","4","2","6"
"日行一度九","6","0","6"
"行一度九十","6","0","6"
"一度九十一","6","0","6"
"度九十一分","6","0","6"
"五百八十四","2","4","6"
"一百一十五","1","5","6"
"大余满六十","3","3","6"
"正十一月合","3","3","6"
"十一月合朔","3","3","6"
"一百九十九","2","4","6"
"千六百六十","2","4","6"
"十四万七千","3","3","6"
"四万七千六","3","3","6"
"百四十九万","3","3","6"
"十九万一千","3","3","6"
"四百六十六","2","4","6"
"五百二十九","3","3","6"
"武帝太康六","3","3","6"
"帝太康六年","3","3","6"
"七年十二月","3","3","6"
"成帝咸康七","3","3","6"
"帝咸康七年","3","3","6"
"献帝建安二","3","3","6"
"帝建安二十","3","3","6"
"魏高贵乡公","3","3","6"
"惠帝元康九","3","3","6"
"帝元康九年","3","3","6"
"王公上寿酒","3","3","6"
"赐安车驷马","5","1","6"
"春秋左氏传","3","3","6"
"年正月癸巳","3","3","6"
"宁元年十二","3","3","6"
"吴孙亮建兴","3","3","6"
"永嘉四年十","3","3","6"
"安帝元兴元","3","3","6"
"帝元兴元年","3","3","6"
"元帝永昌元","3","3","6"
"帝永昌元年","3","3","6"
"惠帝永宁元","3","3","6"
"安帝隆安元","3","3","6"
"帝隆安元年","3","3","6"
"宁元年八月","3","3","6"
"太康五年五","3","3","6"
"康五年五月","3","3","6"
"康二年二月","3","3","6"
"年五月癸卯","3","3","6"
"十一年四月","3","3","6"
"太元十五年","3","3","6"
"永宁元年七","3","3","6"
"永昌元年十","3","3","6"
"昌元年十月","3","3","6"
"惠帝元康四","3","3","6"
"帝元康四年","3","3","6"
"千六百九十","3","3","6"
"中军将军羊","3","3","6"
"千六百五十","3","3","6"
"琅邪临沂人","3","3","6"
"文帝大将军","4","2","6"
"都督豫州诸","3","3","6"
"太尉汝南王","3","3","6"
"三百五十八","3","3","6"
"匈奴中郎将","3","3","6"
"监淮北诸军","3","3","6"
"豫州刺史谢","3","3","6"
"章武王司马","1","5","6"
"二百五十六","3","3","6"
"七千八百七","1","5","6"
"八百七十四","1","5","6"
"二百五十万","3","3","6"
"百五十万九","3","3","6"
"五十万九千","3","3","6"
"十万九千九","3","3","6"
"九百五十六","3","3","6"
"五千六百二","2","4","6"
"百五十六分","3","3","6"
"六十七万三","1","5","6"
"三千一百五","1","5","6"
"秉承皇帝旨","1","5","6"
"承皇帝旨意","1","5","6"
"镇军将军刘","3","3","6"
"军将军刘裕","3","3","6"
"泰山南城人","3","3","6"
"个郡国发生","0","6","6"
"这是言不顺","0","6","6"
"呜呼哀哉!","0","6","6"
"我们这些人","0","6","6"
"任黄门侍郎","0","6","6"
"是国家的大","0","6","6"
"佩剑穿鞋上","0","6","6"
"剑穿鞋上殿","0","6","6"
"坚决推辞不","0","6","6"
"武帝接受禅","0","6","6"
"帝接受禅让","0","6","6"
"两条白龙出","0","6","6"
"义阳王司马","0","6","6"
"汝阴王司马","0","6","6"
"阴王司马骏","0","6","6"
"王司马亮为","0","6","6"
"陇西王司马","0","6","6"
"西王司马泰","0","6","6"
"假借皇帝诏","0","6","6"
"东安王司马","0","6","6"
"为北中郎将","0","6","6"
"沙王司马磖","0","6","6"
"王司马肜为","0","6","6"
"王司马颖为","0","6","6"
"年正月二十","0","6","6"
"讨伐成都王","0","6","6"
"豫章王司马","0","6","6"
"宣帝司马懿","0","6","6"
"西阳王司马","0","6","6"
"李雄的将领","0","6","6"
"徐兖二州刺","0","6","6"
"的两个儿子","0","6","6"
"皇帝下诏书","0","6","6"
"王的大儿子","0","6","6"
"任扬州刺史","0","6","6"
"运行的轨道","0","6","6"
"五大行星的","0","6","6"
"日月星三光","0","6","6"
"面的四颗星","0","6","6"
"它的北面是","0","6","6"
"北面的一颗","0","6","6"
"此星明亮则","0","6","6"
"会发生战争","0","6","6"
"于十二辰中","0","6","6"
"在太阳之上","0","6","6"
"一样的声音","0","6","6"
"造就是所谓","0","6","6"
"律长处开孔","0","6","6"
"位下生而得","0","6","6"
"下生而得的","0","6","6"
"十七分之一","0","6","6"
"十一分之二","0","6","6"
"一分之二十","0","6","6"
"加上消息改","0","6","6"
"上消息改正","0","6","6"
"周天二十一","0","6","6"
"天二十一万","0","6","6"
"经过斗宿时","0","6","6"
"百三十乘以","0","6","6"
"行星各自的","0","6","6"
"星会合时所","0","6","6"
"会合时入月","0","6","6"
"命名的方法","0","6","6"
"百八十四天","0","6","6"
"天运行三十","0","6","6"
"五分之三度","0","6","6"
"天退行六度","0","6","6"
"运行三十三","0","6","6"
"运行一又九","0","6","6"
"行一又九十","0","6","6"
"一又九十一","0","6","6"
"又九十一分","0","6","6"
"九十一分之","0","6","6"
"月亮在黄道","0","6","6"
"余下不满六","0","6","6"
"下不满六十","0","6","6"
"所在纪干支","0","6","6"
"在纪干支起","0","6","6"
"来配享上帝","0","6","6"
"关官吏奏报","0","6","6"
"的议论认为","0","6","6"
"先代大臣过","0","6","6"
"代大臣过去","0","6","6"
"大臣过去的","0","6","6"
"的先导和随","0","6","6"
"见识的人说","0","6","6"
"这是羽虫的","0","6","6"
"逐渐升迁任","0","6","6"
"任从事中郎","0","6","6"
"实在是因为","0","6","6"
"把女儿嫁给","0","6","6"
"河南尹李胜","3","2","5"
"时年四十八","3","2","5"
"三年夏四月","3","2","5"
"四年春二月","3","2","5"
"十二月丙寅","3","2","5"
"春正月癸丑","3","2","5"
"冬十月丙子","4","1","5"
"赦五岁刑下","5","0","5"
"凉二州诸军","3","2","5"
"秋七月癸酉","3","2","5"
"车骑将军贾","4","1","5"
"骑将军贾充","4","1","5"
"大将军卫瓘","4","1","5"
"刺史皇甫晏","3","2","5"
"十年春正月","3","2","5"
"钜平侯羊祜","3","2","5"
"坏百姓庐舍","4","1","5"
"龙骧将军王","2","3","5"
"广武将军唐","3","2","5"
"武将军唐彬","3","2","5"
"康元年春正","4","1","5"
"汝南王亮太","5","0","5"
"春正月己亥","4","1","5"
"年四月己酉","3","2","5"
"太子皇帝位","5","0","5"
"兗二州诸军","5","0","5"
"十一月丙子","3","2","5"
"西将军夏侯","3","2","5"
"废皇后羊氏","3","2","5"
"讨成都王颖","5","0","5"
"年十一月庚","2","3","5"
"十一月戊申","3","2","5"
"十一月甲午","3","2","5"
"平东将军宋","3","2","5"
"东将军宋哲","3","2","5"
"十一月甲子","4","1","5"
"十一月乙卯","3","2","5"
"元年正月乙","3","2","5"
"将石季龙攻","4","1","5"
"皇太后临朝","3","2","5"
"十二月庚戌","3","2","5"
"文武位一等","5","0","5"
"江州刺史王","3","2","5"
"西将军桓温","2","3","5"
"扬州刺史王","3","2","5"
"石季龙故将","4","1","5"
"十一年春正","4","1","5"
"一年春正月","4","1","5"
"十二月戊子","3","2","5"
"年七月甲申","3","2","5"
"征西将军桓","3","2","5"
"骑将军桓冲","3","2","5"
"琅邪王道子","5","0","5"
"时年三十五","3","2","5"
"兖州刺史王","2","3","5"
"任命琅邪王","4","1","5"
"进贡地方物","1","4","5"
"贡地方物产","1","4","5"
"一百零二年","2","3","5"
"百六十五度","3","2","5"
"日昼行地上","5","0","5"
"一千三百九","2","3","5"
"千三百九十","2","3","5"
"径三十五万","3","2","5"
"后桓玄篡位","2","3","5"
"永康元年正","2","3","5"
"十二月壬午","3","2","5"
"成帝咸二年","5","0","5"
"宁元年正月","2","3","5"
"皇太后李氏","2","3","5"
"年四月壬申","3","2","5"
"十二月己酉","3","2","5"
"元年八月丁","3","2","5"
"元元年七月","2","3","5"
"置司隶校尉","3","2","5"
"户一万四千","5","0","5"
"武帝置十三","5","0","5"
"帝置十三州","5","0","5"
"万六千七百","3","2","5"
"秦州刺史镇","3","2","5"
"荆州刺史镇","3","2","5"
"千四百四十","2","3","5"
"一万一千三","2","3","5"
"一百四十七","2","3","5"
"十二律相宫","5","0","5"
"寸五分五厘","2","3","5"
"十一月十二","2","3","5"
"六月二十五","2","3","5"
"九月十一日","1","4","5"
"八月十八日","1","4","5"
"十二月十五","1","4","5"
"二月十五日","1","4","5"
"十一月朔日","2","3","5"
"余满日法大","5","0","5"
"满日法大余","5","0","5"
"所近节气夜","5","0","5"
"近节气夜漏","5","0","5"
"大分满纪法","3","2","5"
"月合朔入历","2","3","5"
"三百九十五","2","3","5"
"三万三千一","3","2","5"
"三千一百四","3","2","5"
"行五十八分","2","3","5"
"行百一十二","5","0","5"
"四百五十五","2","3","5"
"分满纪法一","1","4","5"
"七千六百七","3","2","5"
"十二度十九","2","3","5"
"二度十九万","2","3","5"
"度十九万四","2","3","5"
"九千九百八","2","3","5"
"百六十六日","3","2","5"
"明帝太元年","5","0","5"
"元元年正月","2","3","5"
"武帝咸宁二","3","2","5"
"帝咸宁二年","3","2","5"
"武帝泰始七","3","2","5"
"帝泰始七年","3","2","5"
"穆帝升平元","3","2","5"
"帝升平元年","3","2","5"
"元帝太兴四","3","2","5"
"帝太兴四年","3","2","5"
"使持节太常","3","2","5"
"武帝泰始六","3","2","5"
"帝泰始六年","3","2","5"
"黄金涂五采","5","0","5"
"太元十四年","3","2","5"
"惠帝元康中","5","0","5"
"帝永宁元年","2","3","5"
"元十三年四","2","3","5"
"十三年四月","2","3","5"
"武帝咸宁元","2","3","5"
"帝咸宁元年","2","3","5"
"益州刺史皇","2","3","5"
"刺史殷仲堪","2","3","5"
"军将军羊祜","3","2","5"
"赐钱二十万","3","2","5"
"累迁散骑常","5","0","5"
"大司马石苞","2","3","5"
"时年七十二","3","2","5"
"八千五百户","1","4","5"
"赐爵关内侯","4","1","5"
"食邑一千八","1","4","5"
"车骑将军郗","2","3","5"
"兖州刺史刘","2","3","5"
"二千五百二","1","4","5"
"五百二十八","1","4","5"
"十八万五千","2","3","5"
"一千八百八","1","4","5"
"牙王司马德","1","4","5"
"一天比一天","0","5","5"
"日月星辰的","0","5","5"
"居住的地方","0","5","5"
"孔全闭的筒","0","5","5"
"全闭的筒音","0","5","5"
"余大于等于","0","5","5"
"还没有完全","0","5","5"
"是这种情况","0","5","5"
"由来已经很","0","5","5"
"的弟弟司马","0","5","5"
"差不多可以","0","5","5"
"为抚军大将","0","5","5"
"彗星出现在","0","5","5"
"食邑一千户","0","5","5"
"决推辞不接","0","5","5"
"朝廷内外都","0","5","5"
"氏为皇太后","0","5","5"
"司马亻由为","0","5","5"
"为太子太傅","0","5","5"
"阳王司马望","0","5","5"
"秋七月二十","0","5","5"
"以车骑将军","0","5","5"
"赦免五年以","0","5","5"
"免五年以下","0","5","5"
"王司马伦为","0","5","5"
"牙王司马亻","0","5","5"
"以尚书右仆","0","5","5"
"兖二州诸军","0","5","5"
"司马肜为太","0","5","5"
"为平东将军","0","5","5"
"阳王司马九","0","5","5"
"王司马九虎","0","5","5"
"伐成都王司","0","5","5"
"密王司马简","0","5","5"
"平昌公司马","0","5","5"
"昌公司马模","0","5","5"
"改年号为建","0","5","5"
"间王司马颐","0","5","5"
"为安东将军","0","5","5"
"被石勒杀害","0","5","5"
"皇帝名司马","0","5","5"
"阳王司马保","0","5","5"
"为光禄大夫","0","5","5"
"为镇西将军","0","5","5"
"的军队大败","0","5","5"
"的将领石季","0","5","5"
"将领石季龙","0","5","5"
"兄长的儿子","0","5","5"
"暐的将领慕","0","5","5"
"太后下诏说","0","5","5"
"大儿子司马","0","5","5"
"司马道子为","0","5","5"
"僭位当皇帝","0","5","5"
"任尚书左仆","0","5","5"
"司马德文为","0","5","5"
"斗星二十一","0","5","5"
"星二十一度","0","5","5"
"井星二十五","0","5","5"
"星二十五度","0","5","5"
"在地下运行","0","5","5"
"运行的度数","0","5","5"
"的度数逐渐","0","5","5"
"一百二十四","0","5","5"
"的两颗星叫","0","5","5"
"星侵入并停","0","5","5"
"侵入并停留","0","5","5"
"南面的三颗","0","5","5"
"此星明亮硕","0","5","5"
"星明亮硕大","0","5","5"
"于十二辰在","0","5","5"
"而击者必胜","0","5","5"
"雷一样的声","0","5","5"
"没有比这更","0","5","5"
"成帝咸和二","0","5","5"
"帝咸和二年","0","5","5"
"有大规模战","0","5","5"
"大规模战争","0","5","5"
"太白星犯土","0","5","5"
"白星犯土星","0","5","5"
"任青州刺史","0","5","5"
"有关部门上","0","5","5"
"关部门上奏","0","5","5"
"位上生而得","0","5","5"
"上生而得的","0","5","5"
"季第一个月","0","5","5"
"按<干象历","0","5","5"
"即为所求年","0","5","5"
"得商数为大","0","5","5"
"节气的夜漏","0","5","5"
"章岁十九乘","0","5","5"
"岁十九乘以","0","5","5"
"会数四十七","0","5","5"
"与前面一样","0","5","5"
"在上月合朔","0","5","5"
"周法五千九","0","5","5"
"法五千九百","0","5","5"
"五千九百六","0","5","5"
"九百六十九","0","5","5"
"次会合时入","0","5","5"
"除去逆行所","0","5","5"
"去逆行所退","0","5","5"
"每天运行九","0","5","5"
"天运行九分","0","5","5"
"晚上伏于西","0","5","5"
"上伏于西方","0","5","5"
"每天运行二","0","5","5"
"运行二十三","0","5","5"
"二十三分之","0","5","5"
"十三分之十","0","5","5"
"的基本数据","0","5","5"
"通数十三万","0","5","5"
"数十三万四","0","5","5"
"从所在纪干","0","5","5"
"中气或节气","0","5","5"
"天六十七万","0","5","5"
"时的去交度","0","5","5"
"的去交度分","0","5","5"
"晚上隐伏于","0","5","5"
"上隐伏于西","0","5","5"
"隐伏于西方","0","5","5"
"明帝太和元","0","5","5"
"帝太和元年","0","5","5"
"来配享上天","0","5","5"
"明堂宗祀文","0","5","5"
"不同的意见","0","5","5"
"应该制定新","0","5","5"
"朝会的礼仪","0","5","5"
"旧有的典章","0","5","5"
"古代的制度","0","5","5"
"给事黄门侍","0","5","5"
"写成一部书","0","5","5"
"自古以来的","0","5","5"
"咨询某官某","0","5","5"
"询某官某姓","0","5","5"
"两行仪仗队","0","5","5"
"皇太子以下","0","5","5"
"的人没有不","0","5","5"
"太子被废黜","0","5","5"
"百姓忧愁怨","0","5","5"
"姓忧愁怨愤","0","5","5"
"是阴气盛的","0","5","5"
"这是阴气盛","0","5","5"
"所以其惩罚","0","5","5"
"以其惩罚是","0","5","5"
"惠帝元康年","0","5","5"
"帝元康年间","0","5","5"
"有识之士认","0","5","5"
"识之士认为","0","5","5"
"任御史中丞","0","5","5"
"朝廷内外的","0","5","5"
"立她为皇后","0","5","5"
"有三个儿子","0","5","5"
"在三司之上","0","5","5"
"任河内太守","0","5","5"
"女儿嫁给他","0","5","5"
"到散骑常侍","0","5","5"
"事情记载在","0","5","5"
"进升爵位为","0","5","5"
"任尚书仆射","0","5","5"
"任太子少傅","0","5","5"
"侍中的服饰","0","5","5"
"齐王司马间","0","5","5"
"所推让得最","0","5","5"
"推让得最多","0","5","5"
"让得最多的","0","5","5"
"迁黄门侍郎","4","0","4"
"迁骠骑将军","4","0","4"
"雍州刺史郭","2","2","4"
"州刺史郭淮","2","2","4"
"辽东太守公","2","2","4"
"东太守公孙","2","2","4"
"二年夏五月","2","2","4"
"州刺史令狐","2","2","4"
"刺史令狐愚","2","2","4"
"元元年春正","3","1","4"
"征东将军胡","2","2","4"
"东将军胡遵","2","2","4"
"将军诸葛诞","2","2","4"
"州刺史州泰","2","2","4"
"泰山太守胡","2","2","4"
"山太守胡烈","2","2","4"
"元年夏四月","2","2","4"
"太子舍人成","1","3","4"
"子舍人成济","1","3","4"
"弟太子舍人","2","2","4"
"州刺史诸葛","2","2","4"
"中护军贾充","2","2","4"
"时年五十五","3","1","4"
"统城外诸军","3","1","4"
"大都督中外","2","2","4"
"散骑常侍皇","2","2","4"
"骑常侍皇甫","2","2","4"
"常侍皇甫陶","2","2","4"
"夫人夏侯氏","2","2","4"
"夏四月戊午","3","1","4"
"遣太尉义阳","2","2","4"
"太尉义阳王","2","2","4"
"州刺史牵弘","2","2","4"
"秦州刺史胡","2","2","4"
"秋七月丁酉","3","1","4"
"赐王公下帛","4","0","4"
"王公下帛差","4","0","4"
"东大将军卫","2","2","4"
"车骑将军羊","2","2","4"
"骑将军羊祜","2","2","4"
"荆州刺史杨","2","2","4"
"州刺史杨肇","2","2","4"
"春正月辛酉","4","0","4"
"寿光公郑冲","2","2","4"
"西域戊己校","2","2","4"
"域戊己校尉","2","2","4"
"戊己校尉马","2","2","4"
"己校尉马循","2","2","4"
"南将军羊祜","2","2","4"
"十二月丁亥","3","1","4"
"凉州刺史杨","2","2","4"
"州刺史杨欣","2","2","4"
"东夷十七国","2","2","4"
"立皇后杨氏","2","2","4"
"正月丙子朔","4","0","4"
"平虏护军文","2","2","4"
"建威将军王","2","2","4"
"平南将军胡","2","2","4"
"南将军胡奋","2","2","4"
"行冠军将军","2","2","4"
"冠军将军杨","2","2","4"
"军将军杨济","2","2","4"
"征南将军成","2","2","4"
"吴丞相张悌","2","2","4"
"五十二万三","2","2","4"
"鲜卑慕容廆","4","0","4"
"大司马陈骞","2","2","4"
"春正月庚申","3","1","4"
"山阳公刘康","2","2","4"
"都督关中诸","2","2","4"
"中护军张劭","2","2","4"
"徐兗二州诸","4","0","4"
"淮南寿春洪","2","2","4"
"南寿春洪水","2","2","4"
"正月癸亥朔","4","0","4"
"益州刺史罗","2","2","4"
"州刺史罗尚","2","2","4"
"十二月丁卯","3","1","4"
"州刺史刘弘","2","2","4"
"复皇后羊氏","4","0","4"
"匈奴左贤王","2","2","4"
"十一月乙未","2","2","4"
"河南尹周馥","2","2","4"
"大将军刘弘","2","2","4"
"扬州刺史曹","2","2","4"
"州刺史曹武","2","2","4"
"颍川太守刘","3","1","4"
"右将军张方","2","2","4"
"洛阳令何乔","2","2","4"
"幽州刺史石","2","2","4"
"者三千余人","4","0","4"
"都督扬州江","2","2","4"
"江南诸军事","2","2","4"
"抚军将军苟","2","2","4"
"军将军苟晞","2","2","4"
"书左仆射山","2","2","4"
"隶校尉刘暾","2","2","4"
"平北将军曹","2","2","4"
"北将军曹武","2","2","4"
"将军曹武讨","2","2","4"
"司雍二州牧","2","2","4"
"十一月甲戌","2","2","4"
"禄大夫荀组","2","2","4"
"大司马王浚","2","2","4"
"卫将军梁芬","2","2","4"
"北中郎将刘","2","2","4"
"中郎将刘演","2","2","4"
"都督宫城诸","2","2","4"
"督宫城诸军","2","2","4"
"宫城诸军事","2","2","4"
"散骑常侍华","2","2","4"
"十二月戊戌","2","2","4"
"监徐州诸军","2","2","4"
"平西将军祖","2","2","4"
"西将军祖逖","2","2","4"
"广武侯刘琨","2","2","4"
"都督司州诸","2","2","4"
"督司州诸军","2","2","4"
"太山太守徐","2","2","4"
"山太守徐龛","2","2","4"
"平北将军祖","2","2","4"
"北将军祖逖","2","2","4"
"徐州刺史蔡","2","2","4"
"州刺史蔡豹","2","2","4"
"十一月戊寅","2","2","4"
"春正月丁酉","3","1","4"
"将军戴若思","2","2","4"
"南将军甘卓","2","2","4"
"襄阳太守周","2","2","4"
"州刺史郗鉴","2","2","4"
"平四州诸军","2","2","4"
"太宁三年三","2","2","4"
"宁三年三月","2","2","4"
"增文武位二","4","0","4"
"文武位二等","4","0","4"
"平北将军魏","2","2","4"
"历阳太守苏","2","2","4"
"阳太守苏峻","2","2","4"
"州刺史祖约","2","2","4"
"禄大夫陆晔","2","2","4"
"建宁太守霍","2","2","4"
"增文武位一","4","0","4"
"赐鳏寡孤独","3","1","4"
"都督征讨诸","2","2","4"
"督征讨诸军","2","2","4"
"建武将军王","2","2","4"
"春正月辛巳","3","1","4"
"遣使贡方物","4","0","4"
"广州刺史邓","2","2","4"
"州刺史邓岳","2","2","4"
"春正月辛卯","3","1","4"
"征西将军庾","2","2","4"
"尚书令诸葛","2","2","4"
"书令诸葛恢","2","2","4"
"琅邪内史桓","2","2","4"
"邪内史桓温","2","2","4"
"安西将军庾","2","2","4"
"西将军庾翼","2","2","4"
"车骑将军庾","2","2","4"
"骑将军庾冰","2","2","4"
"凉州牧张骏","2","2","4"
"征虏将军杨","2","2","4"
"虏将军杨谦","2","2","4"
"四年夏四月","2","2","4"
"龙骧将军硃","4","0","4"
"荥阳太守刘","2","2","4"
"春正月乙卯","2","2","4"
"冠军将军高","2","2","4"
"十二年春正","3","1","4"
"西将军谢奕","2","2","4"
"三年春三月","2","2","4"
"都督徐兗青","4","0","4"
"五年五月丁","2","2","4"
"北中郎将庾","2","2","4"
"中郎将庾希","2","2","4"
"江夏相刘岵","2","2","4"
"州刺史桓豁","2","2","4"
"右将军桓豁","2","2","4"
"吴国内史刁","2","2","4"
"国内史刁彝","2","2","4"
"元十一年十","2","2","4"
"年十月甲申","2","2","4"
"崇德太后临","2","2","4"
"德太后临朝","2","2","4"
"司马桓温率","1","3","4"
"冠军将军毛","2","2","4"
"将军毛武生","2","2","4"
"击将军毛安","2","2","4"
"夏四月壬戌","2","2","4"
"冬十一月己","3","1","4"
"刺史张天锡","2","2","4"
"车骑将军桓","2","2","4"
"护南蛮校尉","2","2","4"
"辅国将军杨","2","2","4"
"国将军杨亮","2","2","4"
"十五州诸军","2","2","4"
"宁三州诸军","2","2","4"
"书右仆射王","2","2","4"
"梁三州诸军","2","2","4"
"十二年八月","2","2","4"
"二十一年九","2","2","4"
"州刺史王恭","2","2","4"
"豫州刺史庾","2","2","4"
"州刺史庾楷","2","2","4"
"僭位称皇帝","1","3","4"
"右将军谢琰","2","2","4"
"国将军刘牢","2","2","4"
"命琅邪王德","3","1","4"
"蔡王司马崇","2","2","4"
"南蛮校尉杨","2","2","4"
"宁朔将军高","2","2","4"
"朔将军高雅","2","2","4"
"凉武昭王李","2","2","4"
"武昭王李玄","2","2","4"
"昭王李玄盛","2","2","4"
"建威将军刘","2","2","4"
"辅国将军何","2","2","4"
"武昭王玄盛","2","2","4"
"梁州刺史杨","2","2","4"
"抚军将军刘","2","2","4"
"军将军刘敬","2","2","4"
"十一月辛卯","3","1","4"
"将军王仲德","2","2","4"
"将军刘道规","1","3","4"
"秃发亻辱檀","3","1","4"
"荆州刺史司","2","2","4"
"刺史司马休","2","2","4"
"吏部尚书谢","2","2","4"
"书左仆射谢","2","2","4"
"设置左右长","1","3","4"
"十二月辛卯","2","2","4"
"百八十二度","2","2","4"
"八十二度半","2","2","4"
"百一十九度","2","2","4"
"万九千四百","2","2","4"
"一百二十二","2","2","4"
"尺三寸六分","2","2","4"
"千七百八十","2","2","4"
"万三千六百","2","2","4"
"五万七千里","2","2","4"
"太史令陈卓","2","2","4"
"二百八十三","2","2","4"
"千四百六十","1","3","4"
"顺抱击者胜","4","0","4"
"年八月庚午","2","2","4"
"二年八月戊","2","2","4"
"安帝隆安五","2","2","4"
"帝隆安五年","2","2","4"
"太史令许芝","2","2","4"
"年闰月庚寅","2","2","4"
"年五月丁丑","2","2","4"
"年四月壬子","2","2","4"
"平元年二月","2","2","4"
"五年正月乙","2","2","4"
"元二年五月","2","2","4"
"武帝泰始二","2","2","4"
"帝泰始二年","2","2","4"
"咸宁元年七","2","2","4"
"康四年三月","2","2","4"
"年正月戊申","2","2","4"
"年正月壬申","2","2","4"
"嘉元年十一","2","2","4"
"建兴四年六","2","2","4"
"兴四年六月","2","2","4"
"四年六月丁","2","2","4"
"五年五月丙","2","2","4"
"年五月丙子","2","2","4"
"元年四月丁","2","2","4"
"年四月丁丑","2","2","4"
"年十一月癸","2","2","4"
"帝咸二年五","4","0","4"
"咸二年五月","4","0","4"
"元年十月乙","2","2","4"
"年二月甲子","2","2","4"
"八年正月乙","2","2","4"
"年十月癸巳","2","2","4"
"哀帝隆元年","4","0","4"
"年四月癸巳","2","2","4"
"三年七月戊","2","2","4"
"十一年七月","2","2","4"
"三年正月甲","2","2","4"
"年十一月丁","2","2","4"
"权赤乌十一","2","2","4"
"赤乌十一年","2","2","4"
"乌十一年二","2","2","4"
"十一年二月","2","2","4"
"年七月甲寅","2","2","4"
"惠帝元康元","2","2","4"
"帝元康元年","2","2","4"
"康元年十一","2","2","4"
"安元年十一","2","2","4"
"十一月乙亥","2","2","4"
"二年正月戊","2","2","4"
"建兴二年正","2","2","4"
"兴二年正月","2","2","4"
"太兴元年十","2","2","4"
"年二月癸亥","2","2","4"
"太宁元年正","2","2","4"
"害尚书令刁","2","2","4"
"穆帝永八年","4","0","4"
"二年正月壬","2","2","4"
"九年十二月","2","2","4"
"一年十一月","1","3","4"
"青龙二年十","2","2","4"
"初元年十月","2","2","4"
"嘉平元年正","2","2","4"
"平元年正月","2","2","4"
"元年正月甲","2","2","4"
"左卫将军陈","2","2","4"
"奉帝伐成都","2","2","4"
"年十二月丁","2","2","4"
"桓温伐苻健","2","2","4"
"年正月乙丑","2","2","4"
"太元年二月","4","0","4"
"义熙元年四","2","2","4"
"十四年四月","2","2","4"
"时司马越专","2","2","4"
"兴二年七月","2","2","4"
"二年七月甲","2","2","4"
"年七月甲午","2","2","4"
"年十二月癸","2","2","4"
"十二月癸丑","2","2","4"
"建元元年八","2","2","4"
"年七月丁卯","2","2","4"
"年八月戊午","2","2","4"
"三年八月庚","2","2","4"
"简文咸安二","2","2","4"
"文咸安二年","2","2","4"
"咸安二年正","2","2","4"
"安二年正月","2","2","4"
"孝武宁康二","2","2","4"
"武宁康二年","2","2","4"
"年九月丁丑","2","2","4"
"元兴元年八","2","2","4"
"兴元年八月","2","2","4"
"元年八月庚","2","2","4"
"年八月庚子","2","2","4"
"二年十月丁","2","2","4"
"熙二年十二","2","2","4"
"建武十一年","2","2","4"
"服外五百里","4","0","4"
"二百一十国","3","1","4"
"三百七十一","2","2","4"
"十一万四千","2","2","4"
"千九百三十","2","2","4"
"二百四十二","2","2","4"
"百四十二年","2","2","4"
"三百六十六","2","2","4"
"千二百二十","2","2","4"
"万三千三百","2","2","4"
"三千三百六","2","2","4"
"十五万九千","2","2","4"
"十六万三千","2","2","4"
"户一万八千","4","0","4"
"三千九百五","2","2","4"
"咸宁二年十","2","2","4"
"冀二州牧镇","2","2","4"
"建安十八年","2","2","4"
"徐州刺史镇","2","2","4"
"万二千一百","2","2","4"
"七万六千三","2","2","4"
"户一万一千","4","0","4"
"一万一千一","2","2","4"
"献帝建安十","2","2","4"
"万七千五百","2","2","4"
"千五百四十","2","2","4"
"一万一千四","2","2","4"
"一千四百四","2","2","4"
"万四千八百","2","2","4"
"安帝义熙八","2","2","4"
"帝义熙八年","2","2","4"
"禄大夫荀勖","3","1","4"
"黄钟律九寸","2","2","4"
"九九八十一","2","2","4"
"长二尺六寸","2","2","4"
"二尺八寸四","2","2","4"
"尺八寸四分","2","2","4"
"八寸四分四","2","2","4"
"寸四分四厘","2","2","4"
"尺九寸九分","2","2","4"
"长三尺二寸","2","2","4"
"四百八十七","2","2","4"
"二千九百七","2","2","4"
"九百七十四","2","2","4"
"四百五十一","2","2","4"
"六千五百六","2","2","4"
"荀勖尺一尺","2","2","4"
"一千五百六","2","2","4"
"太史令高堂","2","2","4"
"史令高堂隆","2","2","4"
"四千八百八","2","2","4"
"八百八十三","2","2","4"
"年十一月十","2","2","4"
"十一月十五","2","2","4"
"一月十五日","2","2","4"
"月十五日乙","2","2","4"
"十五日乙巳","2","2","4"
"月十七日庚","2","2","4"
"十七日庚辰","2","2","4"
"五月十五日","1","3","4"
"一月二十六","1","3","4"
"月十一日壬","2","2","4"
"三年闰六月","2","2","4"
"六月十五日","1","3","4"
"月十五日丁","2","2","4"
"十五日丁丑","2","2","4"
"八月十五日","2","2","4"
"十一月十三","1","3","4"
"一月十三日","1","3","4"
"月十三日己","2","2","4"
"十二月十四","1","3","4"
"五月十八日","2","2","4"
"二月二十八","1","3","4"
"尚书郎杨伟","2","2","4"
"四百五十七","1","3","4"
"八百九十三","1","3","4"
"二千三百五","2","2","4"
"三百五十六","2","2","4"
"加大余六十","2","2","4"
"大余六十九","2","2","4"
"二百五十八","2","2","4"
"乘所近节气","4","0","4"
"千二百八十","2","2","4"
"日余二千五","1","3","4"
"余二千五百","1","3","4"
"千五百八十","2","2","4"
"小分三十一","2","2","4"
"十一年丙戌","2","2","4"
"七千三百七","2","2","4"
"合月法乘朔","4","0","4"
"月法乘朔小","4","0","4"
"法乘朔小余","4","0","4"
"十六万六千","2","2","4"
"六万六千二","2","2","4"
"一万一千七","2","2","4"
"百四十六分","2","2","4"
"四十七万八","2","2","4"
"九百九十八","2","2","4"
"百九十八分","2","2","4"
"二百四十六","2","2","4"
"行三十二度","1","3","4"
"四万二千三","2","2","4"
"二千三百二","2","2","4"
"百二十三分","2","2","4"
"二度三百二","2","2","4"
"度三百二十","2","2","4"
"二十三万四","2","2","4"
"五十八日行","4","0","4"
"日行十一度","4","0","4"
"四十八万九","2","2","4"
"八万九千八","2","2","4"
"九千八百六","2","2","4"
"八百六十八","2","2","4"
"百六十八分","2","2","4"
"度百二十四","4","0","4"
"二十四万二","2","2","4"
"四万二千八","2","2","4"
"八十四日行","4","0","4"
"九十二日行","4","0","4"
"十二日行四","4","0","4"
"二日行四十","4","0","4"
"日行四十八","4","0","4"
"行六十二分","2","2","4"
"百一十二万","2","2","4"
"一十二万二","2","2","4"
"二万二千四","2","2","4"
"万二千四百","2","2","4"
"二千四百二","2","2","4"
"四百二十六","2","2","4"
"万五千八百","2","2","4"
"五千八百六","2","2","4"
"八百六十四","2","2","4"
"百七十二分","2","2","4"
"百四十八分","2","2","4"
"十日退六度","4","0","4"
"行四十六分","2","2","4"
"日行三十三","4","0","4"
"九十一分二","4","0","4"
"十一分二十","4","0","4"
"一日行百一","4","0","4"
"百一十三度","2","2","4"
"五十度五万","2","2","4"
"日行一度十","4","0","4"
"一日退一度","4","0","4"
"行二十五度","2","2","4"
"三十二度六","2","2","4"
"十二度六百","2","2","4"
"小余二千四","2","2","4"
"余二千四百","2","2","4"
"二千一百四","2","2","4"
"十一月朔夜","2","2","4"
"一月朔夜半","2","2","4"
"月朔夜半月","2","2","4"
"小分满通法","2","2","4"
"入纪朔积分","3","1","4"
"九万五千六","2","2","4"
"五千六百六","2","2","4"
"六百六十四","2","2","4"
"二千三百八","2","2","4"
"千三百八十","2","2","4"
"三百八十五","2","2","4"
"九十九万七","2","2","4"
"十九万七千","2","2","4"
"九万七千八","2","2","4"
"万七千八百","2","2","4"
"七千八百三","2","2","4"
"百三十二分","2","2","4"
"七十九万五","2","2","4"
"九万五千二","2","2","4"
"二百三十八","2","2","4"
"百三十八分","2","2","4"
"五十七日行","4","0","4"
"七十九万二","2","2","4"
"十九万二千","2","2","4"
"九万二千六","2","2","4"
"万二千六百","2","2","4"
"二千六百一","2","2","4"
"六百一十五","2","2","4"
"百一十五分","2","2","4"
"分行星五十","4","0","4"
"二十四万九","2","2","4"
"九千三百四","2","2","4"
"百四十五分","2","2","4"
"三百八十四","2","2","4"
"百八十四万","2","2","4"
"八十四万七","2","2","4"
"六百七十五","2","2","4"
"六百四十九","2","2","4"
"四十九万一","2","2","4"
"九万一千一","2","2","4"
"行四十五分","2","2","4"
"五十二度十","2","2","4"
"行二十二度","2","2","4"
"三十六度二","2","2","4"
"十六度二千","2","2","4"
"七百七十九","2","2","4"
"五百三十六","2","2","4"
"孝武太元九","2","2","4"
"武太元九年","2","2","4"
"千五百三十","2","2","4"
"千七百三十","2","2","4"
"三千八百四","2","2","4"
"一百二十九","2","2","4"
"百六十五篇","2","2","4"
"魏明帝太元","4","0","4"
"十二月甲子","2","2","4"
"使持节侍中","2","2","4"
"康三年正月","1","3","4"
"国子祭酒杜","2","2","4"
"宣穆张皇后","2","2","4"
"建元元年正","2","2","4"
"黄初二年正","2","2","4"
"初二年正月","2","2","4"
"年六月丁未","2","2","4"
"文帝黄初七","2","2","4"
"帝黄初七年","2","2","4"
"黄初七年正","2","2","4"
"初七年正月","2","2","4"
"郡公侯特进","2","2","4"
"散骑常侍刘","2","2","4"
"骑常侍刘邵","2","2","4"
"元帝咸熙元","2","2","4"
"帝咸熙元年","2","2","4"
"成帝咸康元","2","2","4"
"帝咸康元年","2","2","4"
"明帝青龙元","2","2","4"
"帝青龙元年","2","2","4"
"泰始元年十","2","2","4"
"始元年十二","2","2","4"
"十二年五月","2","2","4"
"年十一月己","2","2","4"
"漏未尽七刻","4","0","4"
"太乐令跪奏","3","1","4"
"史二千石长","2","2","4"
"右仆射魏舒","2","2","4"
"尚书仆射江","2","2","4"
"国子博士车","2","2","4"
"子博士车胤","2","2","4"
"皇太子国储","4","0","4"
"泰始四年九","2","2","4"
"始四年九月","2","2","4"
"黄金二百斤","2","2","4"
"太尉参军何","2","2","4"
"尉参军何琦","2","2","4"
"奉天地宗庙","2","2","4"
"使使持节太","4","0","4"
"持节太常彪","2","2","4"
"六年十二月","2","2","4"
"殿前生桂树","2","2","4"
"卤簿左右二","4","0","4"
"簿左右二行","4","0","4"
"治书侍御史","2","2","4"
"侍御史二人","2","2","4"
"二千石夫人","3","1","4"
"帝永兴元年","2","2","4"
"五年正月癸","2","2","4"
"孝武太元二","3","1","4"
"武太元二年","3","1","4"
"孙亮建兴二","2","2","4"
"亮建兴二年","2","2","4"
"惠帝太安二","2","2","4"
"帝太安二年","2","2","4"
"帝问高堂隆","2","2","4"
"元帝太兴中","4","0","4"
"武帝宁康元","2","2","4"
"帝宁康元年","2","2","4"
"宁康元年三","2","2","4"
"隆安二年三","2","2","4"
"安二年三月","2","2","4"
"孙皓天玺元","2","2","4"
"皓天玺元年","2","2","4"
"魏豫州刺史","2","2","4"
"安帝义熙初","2","2","4"
"东阳太守殷","2","2","4"
"阳太守殷仲","2","2","4"
"太守殷仲文","2","2","4"
"孙权赤乌八","2","2","4"
"权赤乌八年","2","2","4"
"赤乌八年夏","2","2","4"
"简文帝咸安","2","2","4"
"安元年十二","2","2","4"
"年十二月壬","2","2","4"
"十七年六月","2","2","4"
"安帝义熙七","2","2","4"
"帝义熙七年","2","2","4"
"永宁元年十","2","2","4"
"宁元年十月","2","2","4"
"咸康元年八","2","2","4"
"康元年八月","2","2","4"
"咸宁元年八","2","2","4"
"年八月丁酉","2","2","4"
"魏齐王嘉平","2","2","4"
"帝永嘉三年","2","2","4"
"兴元年六月","2","2","4"
"扬州破换败","2","2","4"
"昔年食白饭","2","2","4"
"成帝咸六年","4","0","4"
"年正月丁巳","2","2","4"
"武帝太康九","2","2","4"
"帝太康九年","2","2","4"
"愍帝建兴元","2","2","4"
"帝建兴元年","2","2","4"
"惠帝元康八","2","2","4"
"帝元康八年","2","2","4"
"康八年五月","2","2","4"
"帝太元十年","2","2","4"
"太元十年四","2","2","4"
"元十年四月","2","2","4"
"元康二年二","2","2","4"
"孙亮五凤元","2","2","4"
"亮五凤元年","2","2","4"
"元康九年六","2","2","4"
"康九年六月","2","2","4"
"宁元年九月","2","2","4"
"年五月甲戌","2","2","4"
"十四年六月","2","2","4"
"十二年四月","2","2","4"
"吴孙权太元","2","2","4"
"元二年正月","2","2","4"
"建兴二年十","2","2","4"
"惠帝永康元","2","2","4"
"帝永康元年","2","2","4"
"宁三年八月","2","2","4"
"康五年四月","2","2","4"
"元康五年三","2","2","4"
"康五年三月","2","2","4"
"康二年正月","1","3","4"
"元兴二年十","2","2","4"
"年正月甲申","2","2","4"
"嘉四年十月","2","2","4"
"年六月辛卯","2","2","4"
"十年十二月","2","2","4"
"吴孙皓宝鼎","2","2","4"
"安帝元兴二","2","2","4"
"帝元兴二年","2","2","4"
"兴二年十月","2","2","4"
"金木水火沴","4","0","4"
"宁元年五月","2","2","4"
"愍怀太子废","4","0","4"
"高贵乡公正","2","2","4"
"年正月戊戌","2","2","4"
"年十月辛卯","2","2","4"
"州刺史胡质","2","2","4"
"年四月甲戌","2","2","4"
"年正月壬子","2","2","4"
"遣散骑常侍","3","1","4"
"散骑常侍车","2","2","4"
"骑常侍车灌","2","2","4"
"十一年五月","2","2","4"
"光熙元年五","2","2","4"
"熙元年五月","2","2","4"
"明帝太宁初","2","2","4"
"怀帝永嘉六","2","2","4"
"帝永嘉六年","2","2","4"
"孙休永安四","2","2","4"
"休永安四年","2","2","4"
"太安元年四","2","2","4"
"安元年四月","2","2","4"
"九百八十九","2","2","4"
"征西将军夏","2","2","4"
"川太守刘子","2","2","4"
"太守刘子元","2","2","4"
"守河南尹杜","2","2","4"
"河南尹杜预","2","2","4"
"散骑侍郎裴","2","2","4"
"骑侍郎裴楷","2","2","4"
"骑都尉成公","2","2","4"
"都尉成公绥","2","2","4"
"城阳哀王兆","3","1","4"
"中书监张华","2","2","4"
"洛阳令司马","2","2","4"
"阳令司马肇","2","2","4"
"右仆射王雅","2","2","4"
"中军将军桓","2","2","4"
"军将军桓冲","2","2","4"
"河南阳翟人","2","2","4"
"中丞侯史光","2","2","4"
"转散骑常侍","4","0","4"
"汲郡典农中","2","2","4"
"郡典农中郎","2","2","4"
"迁尚书左仆","4","0","4"
"散骑黄门郎","2","2","4"
"中护军司马","2","2","4"
"光禄大夫李","2","2","4"
"吴西陵督步","2","2","4"
"西陵督步阐","2","2","4"
"位散骑常侍","4","0","4"
"赐绢八千匹","2","2","4"
"秘书监挚虞","2","2","4"
"追赠征南大","2","2","4"
"赠征南大将","2","2","4"
"官散骑常侍","4","0","4"
"御史大夫王","2","2","4"
"史大夫王沈","2","2","4"
"卫将军贾充","2","2","4"
"黄门吏部郎","2","2","4"
"赠长水校尉","2","2","4"
"护乌桓校尉","2","2","4"
"齐王冏辅政","4","0","4"
"汝南文成王","2","2","4"
"赐绢六千匹","2","2","4"
"五千二百户","1","3","4"
"散骑黄门侍","2","2","4"
"骑黄门侍郎","2","2","4"
"行太子太保","3","1","4"
"帐下司马大","2","2","4"
"下司马大车","2","2","4"
"都督豫州军","2","2","4"
"督豫州军事","2","2","4"
"辽东悼惠王","2","2","4"
"东悼惠王定","2","2","4"
"悼惠王定国","2","2","4"
"征散骑常侍","4","0","4"
"千二百一十","2","2","4"
"乐平王延祚","2","2","4"
"监豫州诸军","2","2","4"
"员外散骑侍","2","2","4"
"外散骑侍郎","2","2","4"
"护匈奴中郎","2","2","4"
"家钱二百万","2","2","4"
"中书通事郎","2","2","4"
"大将军军事","2","2","4"
"迁御史中丞","4","0","4"
"陇右诸军事","2","2","4"
"典军将军杨","2","2","4"
"军将军杨嚣","2","2","4"
"赠骠骑将军","3","1","4"
"尚书吏部郎","2","2","4"
"置官骑十人","2","2","4"
"大将军事中","4","0","4"
"将军事中郎","4","0","4"
"三百人合吹","2","2","4"
"扬州刺史应","2","2","4"
"州刺史应绰","2","2","4"
"护乌丸校尉","2","2","4"
"平原高唐人","2","2","4"
"时年六十九","2","2","4"
"宣王妃张氏","2","2","4"
"都督陇右关","2","2","4"
"督陇右关中","2","2","4"
"陇右关中诸","2","2","4"
"右关中诸军","2","2","4"
"会稽内史王","2","2","4"
"吏部尚书周","2","2","4"
"部尚书周闵","2","2","4"
"州刺史谢尚","2","2","4"
"龙骧将军袁","2","2","4"
"骧将军袁真","2","2","4"
"益宁二州诸","2","2","4"
"宁二州诸军","2","2","4"
"年冬十一月","2","2","4"
"荆州发大水","1","3","4"
"益州刺史司","2","2","4"
"州刺史刘藩","2","2","4"
"州刺史刘道","2","2","4"
"三百六十二","2","2","4"
"年二月辛酉","2","2","4"
"咸安二年十","2","2","4"
"安二年十一","2","2","4"
"兴元年二月","2","2","4"
"康元年二月","2","2","4"
"年二月乙未","2","2","4"
"三万一千三","2","2","4"
"一千三百里","2","2","4"
"郡太康三年","2","2","4"
"一百七十一","1","3","4"
"六千七百二","2","2","4"
"千七百二十","2","2","4"
"一千一百五","1","3","4"
"八千一百九","2","2","4"
"千一百九十","2","2","4"
"一千八百三","2","2","4"
"三百九十八","2","2","4"
"二万四千六","1","3","4"
"六百三十八","1","3","4"
"十二万五千","1","3","4"
"六百二十一","1","3","4"
"四十一万二","2","2","4"
"十一万二千","2","2","4"
"一万二千九","1","3","4"
"百四十七万","2","2","4"
"四十七万二","2","2","4"
"十七万二千","2","2","4"
"七万二千八","2","2","4"
"八百六十九","2","2","4"
"四万五千三","2","2","4"
"百五十八万","2","2","4"
"五十八万五","2","2","4"
"八万五千二","2","2","4"
"六十七万五","2","2","4"
"七万五千三","2","2","4"
"五千三百六","2","2","4"
"三百六十四","2","2","4"
"五百九十六","2","2","4"
"九十六万二","2","2","4"
"六万二千二","2","2","4"
"二千二百五","2","2","4"
"三千九百九","2","2","4"
"一千九百八","1","3","4"
"武帝泰始三","2","2","4"
"帝泰始三年","2","2","4"
"舞阳宣文侯","2","2","4"
"年五月丙午","2","2","4"
"二年二月甲","2","2","4"
"孙亮五凤二","2","2","4"
"亮五凤二年","2","2","4"
"六年正月丙","2","2","4"
"武帝泰始十","2","2","4"
"帝泰始十年","2","2","4"
"十二年正月","1","3","4"
"文明王皇后","2","2","4"
"年三月初一","1","3","4"
"弘农华阴人","2","2","4"
"卫将军杨珧","1","3","4"
"帝就去世了","0","4","4"
"月亮的运行","0","4","4"
"六十则减之","0","4","4"
"上天的意旨","0","4","4"
"就是这种情","0","4","4"
"来已经很久","0","4","4"
"统治国家的","0","4","4"
"我私下认为","0","4","4"
"为太子中庶","0","4","4"
"从事农业生","0","4","4"
"事农业生产","0","4","4"
"帝即位之后","0","4","4"
"帝坚决推辞","0","4","4"
"有一万多人","0","4","4"
"哥哥的儿子","0","4","4"
"帝辅佐朝政","0","4","4"
"追加尊号为","0","4","4"
"武帝接受惮","0","4","4"
"帝接受惮让","0","4","4"
"增加食邑一","0","4","4"
"也无法超过","0","4","4"
"轩悬的乐队","0","4","4"
"二月十七日","0","4","4"
"平王司马孚","0","4","4"
"有司上奏说","0","4","4"
"王公以下帛","0","4","4"
"公以下帛不","0","4","4"
"以下帛不等","0","4","4"
"高阳王司马","0","4","4"
"的军队失败","0","4","4"
"大将军卫馞","0","4","4"
"二月二十四","0","4","4"
"太原王司马","0","4","4"
"举行大规模","0","4","4"
"宣武观举行","0","4","4"
"武观举行大","0","4","4"
"发生大瘟疫","0","4","4"
"级传到京师","0","4","4"
"王司马颙为","0","4","4"
"十一月十六","0","4","4"
"一月十六日","0","4","4"
"国归附内地","0","4","4"
"二万三千户","0","4","4"
"以下的官吏","0","4","4"
"损毁秋庄稼","0","4","4"
"鲜卑慕容磒","0","4","4"
"五月十三日","0","4","4"
"风王司马骏","0","4","4"
"以尚书左仆","0","4","4"
"太子即皇帝","0","4","4"
"子即皇帝位","0","4","4"
"二千石以上","0","4","4"
"楚王司马玮","0","4","4"
"淮南王司马","0","4","4"
"南王司马允","0","4","4"
"安公司马繇","0","4","4"
"为太子太保","0","4","4"
"禁在金墉城","0","4","4"
"马肜为太宰","0","4","4"
"河王司马遐","0","4","4"
"以齐王司马","0","4","4"
"吴王司马晏","0","4","4"
"太子司马覃","0","4","4"
"司马颖为皇","0","4","4"
"马颖为皇太","0","4","4"
"为镇军大将","0","4","4"
"帝为太子时","0","4","4"
"束将军周馥","0","4","4"
"王司马睿为","0","4","4"
"并州刺史刘","0","4","4"
"阳王司马模","0","4","4"
"王司马保为","0","4","4"
"还没有能够","0","4","4"
"到四面八方","0","4","4"
"都心悦诚服","0","4","4"
"石勒部将石","0","4","4"
"勒部将石季","0","4","4"
"部将石季龙","0","4","4"
"为征西将军","0","4","4"
"司马昱为琅","0","4","4"
"怀帝永嘉年","0","4","4"
"立为皇太子","0","4","4"
"五年以下徒","0","4","4"
"年以下徒刑","0","4","4"
"勒的将领石","0","4","4"
"王司马昱为","0","4","4"
"的将领李寿","0","4","4"
"八年正月初","0","4","4"
"三年正月初","0","4","4"
"年二月初一","0","4","4"
"王公以下每","0","4","4"
"都督徐兖青","0","4","4"
"帝为琅邪王","0","4","4"
"已经很久了","0","4","4"
"会稽王的大","0","4","4"
"稽王的大儿","0","4","4"
"的大儿子司","0","4","4"
"年正月初八","0","4","4"
"牙王司马道","0","4","4"
"葬在隆平陵","0","4","4"
"以琅王牙王","0","4","4"
"庐陵发大水","0","4","4"
"二州发大水","0","4","4"
"的儿子慕容","0","4","4"
"儿子司马元","0","4","4"
"子司马元显","0","4","4"
"领军将军王","0","4","4"
"为扬州刺史","0","4","4"
"赫连勃勃在","0","4","4"
"太阳和月亮","0","4","4"
"夜间在地下","0","4","4"
"间在地下运","0","4","4"
"所以夜间时","0","4","4"
"以夜间时间","0","4","4"
"在地上运行","0","4","4"
"天体直径的","0","4","4"
"的九颗星叫","0","4","4"
"的五颗星叫","0","4","4"
"此星若移动","0","4","4"
"月亮和五星","0","4","4"
"发生大规模","0","4","4"
"星进入并停","0","4","4"
"进入并停留","0","4","4"
"星南面的三","0","4","4"
"所应对的国","0","4","4"
"应对的国家","0","4","4"
"与金星会合","0","4","4"
"所对应的国","0","4","4"
"对应的国家","0","4","4"
"它一出现则","0","4","4"
"就是所说的","0","4","4"
"离地大约六","0","4","4"
"有水旱灾害","0","4","4"
"顺抱而击者","0","4","4"
"抱而击者必","0","4","4"
"后临朝听政","0","4","4"
"咸和二年五","0","4","4"
"和二年五月","0","4","4"
"哀帝隆和元","0","4","4"
"帝隆和元年","0","4","4"
"孝武帝去世","0","4","4"
"穆帝永和八","0","4","4"
"帝永和八年","0","4","4"
"太和元年二","0","4","4"
"和元年二月","0","4","4"
"第二年正月","0","4","4"
"之外的五百","0","4","4"
"的五百里是","0","4","4"
"十里的封国","0","4","4"
"分之一租税","0","4","4"
"一千四百户","0","4","4"
"一千二百户","0","4","4"
"一万四千户","0","4","4"
"一千五百户","0","4","4"
"建置十二牧","0","4","4"
"九千五百户","0","4","4"
"任荆州刺史","0","4","4"
"设置十三州","0","4","4"
"一万二千户","0","4","4"
"划分会稽设","0","4","4"
"帝太和年间","0","4","4"
"相生的顺序","0","4","4"
"就是这个道","0","4","4"
"是这个道理","0","4","4"
"十二律旋相","0","4","4"
"二律旋相为","0","4","4"
"律旋相为宫","0","4","4"
"本是正声调","0","4","4"
"其一分而得","0","4","4"
"季之气平和","0","4","4"
"四十三分之","0","4","4"
"十三分之一","0","4","4"
"第一个月的","0","4","4"
"八十七分之","0","4","4"
"七分之一千","0","4","4"
"十五为斗分","0","4","4"
"大行星的运","0","4","4"
"于实际天象","0","4","4"
"一万一千零","0","4","4"
"所求年入纪","0","4","4"
"为所求年天","0","4","4"
"商数为大余","0","4","4"
"的方法与前","0","4","4"
"方法与前面","0","4","4"
"以纪法五百","0","4","4"
"得商数为积","0","4","4"
"基础上加大","0","4","4"
"础上加大余","0","4","4"
"周天部分除","0","4","4"
"天部分除以","0","4","4"
"部分除以纪","0","4","4"
"分除以纪法","0","4","4"
"牛宿前五度","0","4","4"
"宿前五度起","0","4","4"
"前五度起算","0","4","4"
"基础上加一","0","4","4"
"月周七千八","0","4","4"
"周七千八百","0","4","4"
"月亮所在宿","0","4","4"
"亮所在宿度","0","4","4"
"天正合朔时","0","4","4"
"会敷四十七","0","4","4"
"可得上弦时","0","4","4"
"正十一月起","0","4","4"
"十一月起算","0","4","4"
"数三十一乘","0","4","4"
"三十一乘以","0","4","4"
"以周法五千","0","4","4"
"分之二十一","0","4","4"
"章月二百三","0","4","4"
"月二百三十","0","4","4"
"合月法乘以","0","4","4"
"月法乘以朔","0","4","4"
"法乘以朔小","0","4","4"
"余数为日余","0","4","4"
"余数为度余","0","4","4"
"合时入月日","0","4","4"
"为本次会合","0","4","4"
"本次会合时","0","4","4"
"三千九百零","0","4","4"
"千九百零八","0","4","4"
"九百零八分","0","4","4"
"六百零一万","0","4","4"
"百零一万二","0","4","4"
"零一万二千","0","4","4"
"二千五百零","0","4","4"
"千五百零五","0","4","4"
"五百零五分","0","4","4"
"过斗宿时除","0","4","4"
"斗宿时除去","0","4","4"
"宿时除去斗","0","4","4"
"共运行二度","0","4","4"
"天运行五十","0","4","4"
"五十八天共","0","4","4"
"十八天共运","0","4","4"
"八天共运行","0","4","4"
"天共运行十","0","4","4"
"共运行十一","0","4","4"
"运行十一度","0","4","4"
"天共运行九","0","4","4"
"共运行九度","0","4","4"
"七分之一度","0","4","4"
"度一百二十","0","4","4"
"分之十四度","0","4","4"
"一百八十四","0","4","4"
"八十四天运","0","4","4"
"十四天运行","0","4","4"
"四天运行一","0","4","4"
"九十二天运","0","4","4"
"十二天运行","0","4","4"
"二天运行四","0","4","4"
"运行四十八","0","4","4"
"十五分之三","0","4","4"
"度一百七十","0","4","4"
"天退行四度","0","4","4"
"天运行五分","0","4","4"
"运行五分之","0","4","4"
"行五分之三","0","4","4"
"十天退行六","0","4","4"
"每天运行四","0","4","4"
"分之三十三","0","4","4"
"之三十三度","0","4","4"
"十六天运行","0","4","4"
"运行一百零","0","4","4"
"分运行五十","0","4","4"
"晚上在西方","0","4","4"
"上在西方出","0","4","4"
"在西方出现","0","4","4"
"总计二次会","0","4","4"
"计二次会合","0","4","4"
"天退行七度","0","4","4"
"一天退行一","0","4","4"
"天退行一度","0","4","4"
"分运行三十","0","4","4"
"为一年的开","0","4","4"
"一年的开始","0","4","4"
"七十九万零","0","4","4"
"十九万零一","0","4","4"
"九万零一百","0","4","4"
"万零一百一","0","4","4"
"零一百一十","0","4","4"
"亮在黄道南","0","4","4"
"以通数十三","0","4","4"
"合朔时月亮","0","4","4"
"除以纪法一","0","4","4"
"六百三十乘","0","4","4"
"余满日法四","0","4","4"
"满日法四千","0","4","4"
"起算命名的","0","4","4"
"算命名的方","0","4","4"
"在中气或节","0","4","4"
"气或节气前","0","4","4"
"或节气前后","0","4","4"
"周天六十七","0","4","4"
"太阳所在宿","0","4","4"
"阳所在宿度","0","4","4"
"所在宿度及","0","4","4"
"满纪法一千","0","4","4"
"百四十三化","0","4","4"
"四十三化入","0","4","4"
"十三化入度","0","4","4"
"通法四十七","0","4","4"
"所在宿度分","0","4","4"
"合时所在宿","0","4","4"
"一百七十九","0","4","4"
"五十七天共","0","4","4"
"十七天共运","0","4","4"
"七天共运行","0","4","4"
"日和一次日","0","4","4"
"和一次日食","0","4","4"
"一次日食符","0","4","4"
"十三次日食","0","4","4"
"三次日食符","0","4","4"
"五帝的神位","0","4","4"
"还没来得及","0","4","4"
"有明文规定","0","4","4"
"定新的礼规","0","4","4"
"的礼仪规定","0","4","4"
"没有这样的","0","4","4"
"国家的大事","0","4","4"
"用太牢祭祀","0","4","4"
"汉代的礼仪","0","4","4"
"置酒馔祭奠","0","4","4"
"继承上面的","0","4","4"
"太祖的神位","0","4","4"
"月初一朝会","0","4","4"
"天报告成功","0","4","4"
"皇帝亲临殿","0","4","4"
"帝亲临殿前","0","4","4"
"重新宣读宫","0","4","4"
"今天派遣使","0","4","4"
"天派遣使持","0","4","4"
"派遣使持节","0","4","4"
"皇帝下达美","0","4","4"
"帝下达美好","0","4","4"
"下达美好的","0","4","4"
"达美好的命","0","4","4"
"有关官吏上","0","4","4"
"说的是这时","0","4","4"
"伟大的晋朝","0","4","4"
"恭恭敬敬的","0","4","4"
"荒远的地方","0","4","4"
"都用四匹马","0","4","4"
"排在左右两","0","4","4"
"在左右两侧","0","4","4"
"其次是河南","0","4","4"
"其次是司隶","0","4","4"
"用三匹马驾","0","4","4"
"三匹马驾车","0","4","4"
"左右各有两","0","4","4"
"右各有两行","0","4","4"
"各有两行仪","0","4","4"
"有两行仪仗","0","4","4"
"以油彩涂绘","0","4","4"
"油彩涂绘的","0","4","4"
"色边缘的中","0","4","4"
"论的人认为","0","4","4"
"作为永久的","0","4","4"
"永久的制度","0","4","4"
"失去其性而","0","4","4"
"被诛杀灭族","0","4","4"
"元帝太兴年","0","4","4"
"帝太兴年间","0","4","4"
"是金不从革","0","4","4"
"金失去其性","0","4","4"
"雨连绵不断","0","4","4"
"忧愁怨愤的","0","4","4"
"愁怨愤的应","0","4","4"
"怨愤的应兆","0","4","4"
"齐王司马冈","0","4","4"
"的情况相同","0","4","4"
"有这样的话","0","4","4"
"时的人认为","0","4","4"
"僭越的惩罚","0","4","4"
"童谣所说的","0","4","4"
"武帝听说后","0","4","4"
"马伦篡位后","0","4","4"
"又有童谣说","0","4","4"
"海西公被废","0","4","4"
"没有人知道","0","4","4"
"成帝咸和六","0","4","4"
"帝咸和六年","0","4","4"
"其惩罚是持","0","4","4"
"打雷一样的","0","4","4"
"房屋折断树","0","4","4"
"屋折断树木","0","4","4"
"黄雾笼罩四","0","4","4"
"雾笼罩四方","0","4","4"
"言行不恰当","0","4","4"
"青龙出现在","0","4","4"
"有时是通过","0","4","4"
"皇后没有儿","0","4","4"
"后没有儿子","0","4","4"
"皇后的亲属","0","4","4"
"皇后的父亲","0","4","4"
"贾充的女儿","0","4","4"
"照旧有的典","0","4","4"
"有六个儿子","0","4","4"
"转任散骑常","0","4","4"
"升为散骑常","0","4","4"
"侍中的职位","0","4","4"
"任散骑黄门","0","4","4"
"以公的身份","0","4","4"
"是不可能的","0","4","4"
"任征虏将军","0","4","4"
"以侯爵身份","0","4","4"
"侯爵身份回","0","4","4"
"辅佐天命的","0","4","4"
"平定吴国的","0","4","4"
"皇上不准许","0","4","4"
"当时的人说","0","4","4"
"太子被废时","0","4","4"
"升任尚书郎","0","4","4"
"当时的人称","0","4","4"
"自己的封国","0","4","4"
"皇帝下手韶","0","4","4"
"议论的人都","0","4","4"
"历任散骑常","0","4","4"
"王司马伦的","0","4","4"
"五等爵位建","0","4","4"
"等爵位建立","0","4","4"
"做到散骑常","0","4","4"
"封邑一千八","0","4","4"
"个儿子司马","0","4","4"
"任太子中庶","0","4","4"
"将军的职位","0","4","4"
"军的职位依","0","4","4"
"任冀州刺史","0","4","4"
"大将军从事","0","4","4"
"将军从事中","0","4","4"
"军从事中郎","0","4","4"
"得最多的人","0","4","4"
"最多的人任","0","4","4"
"多的人任用","0","4","4"
"的人任用他","0","4","4"
"继承父亲的","0","4","4"
"多次升官任","0","4","4"
"王彪之为尚","0","4","4"
"彪之为尚书","0","4","4"
"豫二州诸军","2","1","3"
"诸葛孔明能","3","0","3"
"九年春三月","1","2","3"
"奏永宁太后","2","1","3"
"景帝中护军","2","1","3"
"时年七十三","2","1","3"
"将军毌丘俭","3","0","3"
"扬州刺史文","2","1","3"
"州刺史文钦","2","1","3"
"督淮北诸军","2","1","3"
"高贵乡公立","2","1","3"
"夏五月辛未","2","1","3"
"大将军诸葛","2","1","3"
"春正月壬寅","2","1","3"
"肃慎献楛矢","3","0","3"
"年春二月丁","2","1","3"
"冬十月丁亥","2","1","3"
"年春二月甲","2","1","3"
"郊祀宣皇帝","1","2","3"
"宗祀文皇帝","2","1","3"
"文皇帝明堂","3","0","3"
"帝明堂配上","3","0","3"
"古忠臣直士","2","1","3"
"春正月辛未","3","0","3"
"帝临听讼观","2","1","3"
"戒郡国计吏","2","1","3"
"临听讼观录","3","0","3"
"雍州陇右五","2","1","3"
"州陇右五郡","2","1","3"
"汲郡太守王","2","1","3"
"郡太守王宏","2","1","3"
"刺史胡烈击","2","1","3"
"行乡饮酒礼","2","1","3"
"春正月丙子","3","0","3"
"杀三百余人","3","0","3"
"吴将陆抗攻","2","1","3"
"冬十月辛巳","2","1","3"
"春正月辛亥","3","0","3"
"秋七月丙寅","2","1","3"
"宁元年春正","2","1","3"
"校尉马循讨","2","1","3"
"虏树机能等","2","1","3"
"扬郡国二十","3","0","3"
"南大将军羊","1","2","3"
"大将军羊祜","1","2","3"
"安东将军王","1","2","3"
"东将军王浑","1","2","3"
"十二月戊辰","2","1","3"
"杀伤数万人","2","1","3"
"大司马齐王","2","1","3"
"冬十一月戊","2","1","3"
"十一月戊午","3","0","3"
"十二月庚午","3","0","3"
"郡国八大水","3","0","3"
"冬十一月壬","3","0","3"
"十一月壬子","3","0","3"
"冬十月壬子","2","1","3"
"元年四月己","2","1","3"
"东夷校尉文","2","1","3"
"都督徐兗二","3","0","3"
"督徐兗二州","3","0","3"
"徵征西大将","3","0","3"
"都督雍梁二","2","1","3"
"督雍梁二州","2","1","3"
"雍梁二州诸","2","1","3"
"雍州刺史解","2","1","3"
"州刺史解系","2","1","3"
"建威将军周","2","1","3"
"威将军周处","2","1","3"
"春正月癸亥","3","0","3"
"春正月乙丑","2","1","3"
"将军王舆谋","2","1","3"
"秋七月甲午","3","0","3"
"春正月庚子","3","0","3"
"河间王颙遣","3","0","3"
"攻益州刺史","1","2","3"
"冬十一月乙","2","1","3"
"平昌公模遣","3","0","3"
"刺史曹武杀","1","2","3"
"遣右将军张","2","1","3"
"称平西将军","2","1","3"
"十一月庚午","2","1","3"
"熙元年十一","2","1","3"
"清河王覃入","3","0","3"
"步广里地陷","3","0","3"
"死者三千余","3","0","3"
"东海王越所","2","1","3"
"中书令缪播","2","1","3"
"秋七月戊辰","2","1","3"
"十二月乙亥","2","1","3"
"遣鲜卑文鸯","2","1","3"
"东大将军苟","2","1","3"
"死者十余万","3","0","3"
"者十余万人","3","0","3"
"遣殿中都尉","2","1","3"
"春正月己巳","2","1","3"
"夏四月丁丑","2","1","3"
"二月甲申朔","3","0","3"
"豫章内史周","1","2","3"
"梁州刺史周","1","2","3"
"州刺史周访","1","2","3"
"兴元年春正","3","0","3"
"正月戊申朔","3","0","3"
"春正月丁卯","2","1","3"
"雍六州诸军","2","1","3"
"石勒攻陷襄","1","2","3"
"勒攻陷襄城","1","2","3"
"年三月戊辰","2","1","3"
"江州诸军事","1","2","3"
"江西诸军事","2","1","3"
"李雄将李寿","3","0","3"
"秋七月丙辰","2","1","3"
"春正月庚午","3","0","3"
"正月庚午朔","3","0","3"
"皇后见太庙","3","0","3"
"春正月辛丑","2","1","3"
"夏四月辛未","2","1","3"
"交广七州诸","3","0","3"
"十一月癸卯","2","1","3"
"十二月癸酉","2","1","3"
"州刺史王允","2","1","3"
"年散骑常侍","3","0","3"
"石季龙使将","3","0","3"
"卫将军褚裒","1","2","3"
"太后临朝摄","2","1","3"
"春正月甲戌","2","1","3"
"夏四月己酉","2","1","3"
"安西将军桓","1","2","3"
"将军桓温帅","3","0","3"
"季龙故将麻","2","1","3"
"龙故将麻秋","2","1","3"
"苻健将苻雄","2","1","3"
"春正月甲辰","2","1","3"
"夏五月庚午","2","1","3"
"立皇后何氏","2","1","3"
"武陵王晞子","2","1","3"
"督徐兗青冀","3","0","3"
"徐兗青冀幽","3","0","3"
"兗青冀幽五","3","0","3"
"太守戴施奔","2","1","3"
"江州刺史桓","2","1","3"
"太后复临朝","3","0","3"
"秋七月丁卯","2","1","3"
"兴宁三年二","1","2","3"
"宁三年二月","1","2","3"
"冬十月辛丑","2","1","3"
"夏四月癸巳","2","1","3"
"入太极前殿","1","2","3"
"夏五月癸丑","2","1","3"
"时年五十三","2","1","3"
"荧惑入太微","3","0","3"
"西将军桓豁","2","1","3"
"十二月癸未","2","1","3"
"建平等四陵","2","1","3"
"大将军桓豁","1","2","3"
"三年春二月","2","1","3"
"十二月甲辰","2","1","3"
"州刺史硃序","3","0","3"
"青兗二州刺","3","0","3"
"十二月乙巳","2","1","3"
"十五年春正","2","1","3"
"永嘉郡潮水","2","1","3"
"十一月癸酉","2","1","3"
"冬十月甲申","2","1","3"
"十二月己丑","2","1","3"
"向姚兴投降","1","2","3"
"任命会稽王","1","2","3"
"击将军毛邃","2","1","3"
"十一月壬午","2","1","3"
"振武将军刘","1","2","3"
"武将军刘道","1","2","3"
"益州刺史毛","1","2","3"
"州刺史毛璩","1","2","3"
"凉武昭王玄","2","1","3"
"将军刘敬宣","2","1","3"
"将军刘裕率","1","2","3"
"进攻慕容超","1","2","3"
"月丁巳初一","1","2","3"
"任命吏部尚","1","2","3"
"命吏部尚书","1","2","3"
"淮陵王司马","1","2","3"
"骧将军王镇","1","2","3"
"将军王镇恶","1","2","3"
"度五百八十","1","2","3"
"一百八十二","1","2","3"
"斗二十一度","3","0","3"
"井二十五度","3","0","3"
"日邪射阳城","3","0","3"
"天东西南北","2","1","3"
"东西南北径","2","1","3"
"西南北径三","2","1","3"
"南北径三十","2","1","3"
"北径三十五","2","1","3"
"八十一御妻","2","1","3"
"飞星大缶若","3","0","3"
"星大缶若甕","3","0","3"
"穆帝升平五","2","1","3"
"帝升平五年","2","1","3"
"正月丙寅朔","2","1","3"
"六月庚子朔","3","0","3"
"一月甲子朔","3","0","3"
"十三年正月","1","2","3"
"十一月丁亥","1","2","3"
"年正月癸亥","2","1","3"
"年三月戊申","2","1","3"
"熙二年正月","2","1","3"
"年正月壬辰","2","1","3"
"升平元年十","1","2","3"
"平元年十一","1","2","3"
"太皇太后李","1","2","3"
"左仆射孔安","1","2","3"
"仆射孔安国","1","2","3"
"年八月丁未","2","1","3"
"年石季龙死","1","2","3"
"荧惑犯岁星","2","1","3"
"太白奄荧惑","3","0","3"
"二年正月己","2","1","3"
"王恭等举兵","2","1","3"
"平帝元始二","2","1","3"
"帝元始二年","2","1","3"
"一百一十一","1","2","3"
"祖武皇帝接","3","0","3"
"一千八百国","1","2","3"
"九千三百二","2","1","3"
"十七万七千","2","1","3"
"汉武帝置十","3","0","3"
"户八千五百","3","0","3"
"户一万三千","3","0","3"
"一万六千七","2","1","3"
"户一千二百","3","0","3"
"青州刺史镇","2","1","3"
"五万九千二","2","1","3"
"万九千二百","2","1","3"
"刘元海僭号","2","1","3"
"户二万三千","3","0","3"
"户二千六百","2","1","3"
"州刺史镇蒲","3","0","3"
"刺史镇蒲坂","3","0","3"
"兗州刺史镇","3","0","3"
"户四千三百","3","0","3"
"郡太康中置","3","0","3"
"户二万四千","3","0","3"
"户二万五千","3","0","3"
"义熙十三年","1","2","3"
"吴黄武五年","2","1","3"
"一千二百二","1","2","3"
"末天下大乱","1","2","3"
"武帝太康元","2","1","3"
"帝太康元年","2","1","3"
"六国时魏襄","2","1","3"
"国时魏襄王","2","1","3"
"秦始皇焚书","1","2","3"
"应钟生蕤宾","2","1","3"
"黄钟律长九","1","2","3"
"钟律长九寸","1","2","3"
"令太乐郎刘","1","2","3"
"本正声黄钟","3","0","3"
"长二尺二寸","2","1","3"
"寸二百四十","3","0","3"
"四十三分寸","3","0","3"
"八十七分寸","3","0","3"
"一千六百三","1","2","3"
"寸万九千六","3","0","3"
"八十三分寸","3","0","3"
"千四百八十","2","1","3"
"六千五百二","2","1","3"
"晋泰始十年","1","2","3"
"尺长四分半","1","2","3"
"径一尺三寸","2","1","3"
"四百四十一","1","2","3"
"九寸五分五","1","2","3"
"六月二十九","1","2","3"
"十一月十八","1","2","3"
"一月十八日","1","2","3"
"十月十一日","1","2","3"
"一月二十二","1","2","3"
"一月十二日","2","1","3"
"六月二十二","1","2","3"
"年十二月十","2","1","3"
"十二月十三","1","2","3"
"二月十三日","1","2","3"
"二月十四日","1","2","3"
"三年六月十","1","2","3"
"六月十三日","1","2","3"
"六月十九日","1","2","3"
"一百七十八","1","2","3"
"元尽所求年","3","0","3"
"小余七百七","2","1","3"
"余七百七十","2","1","3"
"满纪法大余","3","0","3"
"加大余十五","2","1","3"
"命度牛前五","3","0","3"
"朔夜半月所","3","0","3"
"夜半月所度","3","0","3"
"小月加度二","2","1","3"
"月加度二十","2","1","3"
"加度二十二","2","1","3"
"合朔日月所","3","0","3"
"朔日月所共","3","0","3"
"加度二十九","2","1","3"
"建安十一年","2","1","3"
"安十一年丙","2","1","3"
"积七千三百","2","1","3"
"万三千一十","3","0","3"
"三千一十三","3","0","3"
"星合入月日","3","0","3"
"日度法一度","3","0","3"
"合朔小余满","2","1","3"
"朔小余满虚","2","1","3"
"小余满虚分","2","1","3"
"百三十六日","2","1","3"
"十七万八千","2","1","3"
"七万八千九","2","1","3"
"万八千九百","2","1","3"
"八千九百九","2","1","3"
"三千九百八","3","0","3"
"千九百八分","3","0","3"
"六百一万二","3","0","3"
"百一万二千","3","0","3"
"二千五百五","3","0","3"
"千五百五分","3","0","3"
"百七十四万","2","1","3"
"七十四万二","2","1","3"
"日行二十三","3","0","3"
"二十三分十","3","0","3"
"日行十二分","3","0","3"
"十四日行百","3","0","3"
"四日行百一","3","0","3"
"行三十五分","1","2","3"
"二度百七十","3","0","3"
"日五万六千","3","0","3"
"度五万六千","1","2","3"
"日行五分三","3","0","3"
"日六百四十","3","0","3"
"分行星三十","3","0","3"
"天正合朔月","3","0","3"
"望中节前后","3","0","3"
"满通法大分","3","0","3"
"分满纪法度","3","0","3"
"置所入纪朔","3","0","3"
"所入纪朔积","3","0","3"
"纪下交会差","2","1","3"
"下交会差率","2","1","3"
"月合朔交度","3","0","3"
"合朔交度分","3","0","3"
"周日日余乘","3","0","3"
"万六千五百","2","1","3"
"余满合月法","2","1","3"
"十二日十九","3","0","3"
"二日十九万","3","0","3"
"日十九万四","3","0","3"
"三十八万九","1","2","3"
"八万九千九","1","2","3"
"九百八十分","1","2","3"
"日二千三十","3","0","3"
"千八百九十","1","2","3"
"八百九十六","1","2","3"
"九十六万一","1","2","3"
"十六万一千","1","2","3"
"六万一千三","1","2","3"
"百九十五分","1","2","3"
"历象日月星","2","1","3"
"象日月星辰","2","1","3"
"四十二年间","1","2","3"
"二千二百九","2","1","3"
"承秦灭学后","3","0","3"
"司隶校尉李","2","1","3"
"郊祀后稷配","3","0","3"
"祀后稷配天","3","0","3"
"宗祀文王明","3","0","3"
"祀文王明堂","3","0","3"
"文王明堂配","3","0","3"
"王明堂配上","3","0","3"
"祀地旅四望","3","0","3"
"黄初四年七","2","1","3"
"初四年七月","2","1","3"
"公侯特进夫","2","1","3"
"侯特进夫人","2","1","3"
"太康三年四","2","1","3"
"康三年四月","2","1","3"
"奠先圣先师","2","1","3"
"明帝太三年","3","0","3"
"护军将军冯","2","1","3"
"军将军冯怀","2","1","3"
"将军谯王司","1","2","3"
"军谯王司马","1","2","3"
"夜漏未尽七","3","0","3"
"齐王正始元","2","1","3"
"王正始元年","2","1","3"
"子尊加父母","3","0","3"
"故太傅羊祜","2","1","3"
"天地宗庙社","2","1","3"
"地宗庙社稷","2","1","3"
"使者重宣中","3","0","3"
"者重宣中诏","3","0","3"
"大会王公上","1","2","3"
"会王公上寿","1","2","3"
"渝新福歌曲","2","1","3"
"文皇统百揆","2","1","3"
"大晋承运期","2","1","3"
"孝武太元中","3","0","3"
"徒左长史王","1","2","3"
"所谓德车结","2","1","3"
"谓德车结旌","2","1","3"
"谓武车绥旌","2","1","3"
"紫绛罽軿车","3","0","3"
"司隶校尉石","2","1","3"
"隶校尉石鉴","2","1","3"
"长吏二千石","2","1","3"
"太元十年正","1","2","3"
"元十年正月","1","2","3"
"下体生上痾","3","0","3"
"元兴元年正","1","2","3"
"怀帝永嘉三","1","2","3"
"太兴元年六","2","1","3"
"阿童复阿童","2","1","3"
"安帝隆安中","2","1","3"
"帝景元三年","2","1","3"
"景元三年十","2","1","3"
"元三年十月","2","1","3"
"安帝元兴三","2","1","3"
"帝元兴三年","2","1","3"
"太元二年正","1","2","3"
"洛阳东北步","2","1","3"
"阳东北步广","2","1","3"
"东北步广里","2","1","3"
"北步广里地","2","1","3"
"太元十六年","1","2","3"
"吴孙权嘉禾","2","1","3"
"咸康二年正","1","2","3"
"五年三月己","2","1","3"
"年十月庚午","2","1","3"
"十五年三月","1","2","3"
"木水火沴土","3","0","3"
"帝太元十三","1","2","3"
"穆帝永七年","3","0","3"
"太元八年二","1","2","3"
"元八年二月","1","2","3"
"元年十月丙","2","1","3"
"十八年正月","1","2","3"
"义熙四年正","1","2","3"
"熙四年正月","1","2","3"
"正月壬子夜","2","1","3"
"下人伐上痾","3","0","3"
"吴孙亮太平","2","1","3"
"康五年正月","1","2","3"
"将军夏侯玄","2","1","3"
"颍川太守周","2","1","3"
"川太守周雄","2","1","3"
"尚书郎柳轨","2","1","3"
"赐金五百斤","2","1","3"
"时年三十四","2","1","3"
"元皇后杨氏","1","2","3"
"诏大赦天下","1","2","3"
"升平元年八","2","1","3"
"平元年八月","2","1","3"
"子道子琅邪","3","0","3"
"道子琅邪王","3","0","3"
"太元十九年","1","2","3"
"太元二十一","1","2","3"
"元二十一年","1","2","3"
"转司隶校尉","3","0","3"
"邑一千六百","1","2","3"
"一千六百户","1","2","3"
"官骑二十人","2","1","3"
"博陵元公王","1","2","3"
"陵元公王沈","1","2","3"
"时曹爽专权","2","1","3"
"监青州诸军","2","1","3"
"赐爵关中侯","2","1","3"
"祜都督荆州","2","1","3"
"御史槛车征","2","1","3"
"迁尚书仆射","3","0","3"
"尉汝南王亮","3","0","3"
"转太子舍人","2","1","3"
"一千三百户","1","2","3"
"赵王伦篡逆","3","0","3"
"迁左卫将军","3","0","3"
"乐安平王鉴","2","1","3"
"高贵乡公将","1","2","3"
"行太子太傅","2","1","3"
"魏太傅钟繇","1","2","3"
"进位光禄大","2","1","3"
"位光禄大夫","2","1","3"
"司空事中郎","3","0","3"
"赠金紫光禄","2","1","3"
"遣黄门侍郎","1","2","3"
"时年六十六","1","2","3"
"加授光禄大","1","2","3"
"授光禄大夫","1","2","3"
"司马二十人","2","1","3"
"赐钱五十万","2","1","3"
"扬州刺史周","2","1","3"
"州刺史周浚","2","1","3"
"追赠骠骑将","2","1","3"
"受王浑节度","1","2","3"
"巴东诸军事","2","1","3"
"迁吏部尚书","3","0","3"
"复说行马内","3","0","3"
"时年五十六","2","1","3"
"军大将军王","1","2","3"
"大将军王浚","1","2","3"
"徐州刺史桓","1","2","3"
"吴兴太守谢","1","2","3"
"冀四州诸军","2","1","3"
"宣城内史桓","1","2","3"
"万九千四十","2","1","3"
"九千四十九","2","1","3"
"公孙文懿叛","2","1","3"
"海西公太元","3","0","3"
"西公太元年","3","0","3"
"京房三分益","3","0","3"
"房三分益一","3","0","3"
"七千一百七","1","2","3"
"九百四十一","1","2","3"
"度二百五十","1","2","3"
"度四十七万","1","2","3"
"十一万六千","2","1","3"
"一百三十九","1","2","3"
"万五千四百","1","2","3"
"兴三年二月","1","2","3"
"安五年二月","1","2","3"
"建元元年七","1","2","3"
"元年七月庚","1","2","3"
"年七月庚申","1","2","3"
"成帝咸元年","3","0","3"
"武帝太元三","1","2","3"
"帝太元三年","1","2","3"
"永兴元年正","1","2","3"
"元兴二年二","1","2","3"
"兴二年二月","1","2","3"
"二年二月庚","1","2","3"
"食邑五千户","1","2","3"
"义熙十一年","1","2","3"
"大将军司马","1","2","3"
"荥阳开封人","2","1","3"
"简文宣太后","1","2","3"
"文武官员增","1","2","3"
"荆州刺史殷","1","2","3"
"州刺史殷仲","1","2","3"
"十一月初三","1","2","3"
"将军孔安国","1","2","3"
"北将军鲁宗","1","2","3"
"三月十九日","1","2","3"
"新任尚书令","1","2","3"
"任中军将军","1","2","3"
"谯王司马承","1","2","3"
"七月十一日","1","2","3"
"百七十八年","1","2","3"
"一万一千五","1","2","3"
"一边种地一","0","3","3"
"边种地一边","0","3","3"
"武帝听从了","0","3","3"
"八个郡国发","0","3","3"
"郡国发生地","0","3","3"
"国发生地震","0","3","3"
"在上位的人","0","3","3"
"音孔全闭的","0","3","3"
"音高不准确","0","3","3"
"还没有平定","0","3","3"
"活着的时候","0","3","3"
"遗留下来的","0","3","3"
"统治天下的","0","3","3"
"吉祥的征兆","0","3","3"
"是言不顺的","0","3","3"
"的就是这种","0","3","3"
"当时的人都","0","3","3"
"刑的人就染","0","3","3"
"天下的事情","0","3","3"
"不同的时候","0","3","3"
"受刑罚的人","0","3","3"
"是因为这个","0","3","3"
"到了这样的","0","3","3"
"为什么呢?","0","3","3"
"如果一定要","0","3","3"
"众人的意见","0","3","3"
"治国家的人","0","3","3"
"皇帝同意了","0","3","3"
"他们的名声","0","3","3"
"人们都称赞","0","3","3"
"就是这样被","0","3","3"
"不同寻常的","0","3","3"
"宣帝坚决推","0","3","3"
"把他们都杀","0","3","3"
"升迁为侍中","0","3","3"
"帝坚决辞让","0","3","3"
"同意这个意","0","3","3"
"意这个意见","0","3","3"
"高贵乡公的","0","3","3"
"有功被封为","0","3","3"
"太后下令说","0","3","3"
"圣明的君王","0","3","3"
"创立基业的","0","3","3"
"上天降下的","0","3","3"
"派遣荆州刺","0","3","3"
"年四十八岁","0","3","3"
"伐蜀国的时","0","3","3"
"蜀国的时候","0","3","3"
"加食邑一千","0","3","3"
"为安西将军","0","3","3"
"方圆七百里","0","3","3"
"于是上表说","0","3","3"
"辞让不接受","0","3","3"
"你们这些人","0","3","3"
"年五十五岁","0","3","3"
"葬于崇阳陵","0","3","3"
"他们的功业","0","3","3"
"常道乡公即","0","3","3"
"道乡公即位","0","3","3"
"冬十二月十","0","3","3"
"于是实行大","0","3","3"
"是实行大赦","0","3","3"
"九月二十日","0","3","3"
"王司马骏为","0","3","3"
"年春正月二","0","3","3"
"春正月二十","0","3","3"
"正月二十六","0","3","3"
"赐王公以下","0","3","3"
"七月二十六","0","3","3"
"为征北大将","0","3","3"
"派遣车骑将","0","3","3"
"夏四月二十","0","3","3"
"行大规模阅","0","3","3"
"大规模阅兵","0","3","3"
"王的儿子司","0","3","3"
"常山王司马","0","3","3"
"在宣武观举","0","3","3"
"帝身体不适","0","3","3"
"率众来投降","0","3","3"
"始平王司马","0","3","3"
"中山王司马","0","3","3"
"东莞王司马","0","3","3"
"莞王司马亻","0","3","3"
"北海王司马","0","3","3"
"王司马柬为","0","3","3"
"将军杨济为","0","3","3"
"赐给王公以","0","3","3"
"给王公以下","0","3","3"
"王公以下的","0","3","3"
"伐并平定了","0","3","3"
"王司马攸为","0","3","3"
"王司马晃为","0","3","3"
"个郡国发大","0","3","3"
"十三个郡国","0","3","3"
"九月二十九","0","3","3"
"冬十一月初","0","3","3"
"教化的根本","0","3","3"
"改年号为永","0","3","3"
"贾后假借皇","0","3","3"
"后假借皇帝","0","3","3"
"借皇帝诏令","0","3","3"
"东平王司马","0","3","3"
"平王司马懋","0","3","3"
"迁徙到带方","0","3","3"
"王戎为尚书","0","3","3"
"的世子司马","0","3","3"
"召征西大将","0","3","3"
"发生大饥荒","0","3","3"
"十月十四日","0","3","3"
"饥荒和瘟疫","0","3","3"
"皇太子司马","0","3","3"
"他的三个儿","0","3","3"
"的三个儿子","0","3","3"
"司马伦假借","0","3","3"
"马伦假借皇","0","3","3"
"伦假借皇帝","0","3","3"
"借皇帝诏命","0","3","3"
"孙司马臧为","0","3","3"
"兵讨伐司马","0","3","3"
"派遣其将领","0","3","3"
"惠帝下诏说","0","3","3"
"莱王司马蕤","0","3","3"
"司马颙派遣","0","3","3"
"新野王司马","0","3","3"
"阳王司马羉","0","3","3"
"司马颖派遣","0","3","3"
"十二月初三","0","3","3"
"颖为皇太弟","0","3","3"
"秋七月初一","0","3","3"
"章王司马炽","0","3","3"
"皇帝乘坐的","0","3","3"
"为镇南将军","0","3","3"
"子司马绍为","0","3","3"
"王司马颖的","0","3","3"
"公司马模派","0","3","3"
"骠骑将军范","0","3","3"
"骑将军范阳","0","3","3"
"将军范阳王","0","3","3"
"军范阳王司","0","3","3"
"城王司马释","0","3","3"
"惠帝回洛阳","0","3","3"
"惠帝为太子","0","3","3"
"太子的地位","0","3","3"
"任射声校尉","0","3","3"
"王司马覃入","0","3","3"
"住在弘训宫","0","3","3"
"为平西将军","0","3","3"
"自称大将军","0","3","3"
"王司马越的","0","3","3"
"原王司马干","0","3","3"
"听从他的意","0","3","3"
"皇帝在平阳","0","3","3"
"举行哀悼仪","0","3","3"
"行哀悼仪式","0","3","3"
"祖宗神灵的","0","3","3"
"击败了他们","0","3","3"
"被石勒打败","0","3","3"
"非同寻常的","0","3","3"
"元帝下令说","0","3","3"
"封皇子司马","0","3","3"
"以骠骑将军","0","3","3"
"帝永嘉年间","0","3","3"
"太阳的光辉","0","3","3"
"赐给鳏寡孤","0","3","3"
"南顿王司马","0","3","3"
"顿王司马宗","0","3","3"
"二月二十七","0","3","3"
"捉住了太守","0","3","3"
"司徒王导为","0","3","3"
"派他的儿子","0","3","3"
"任护军将军","0","3","3"
"封琅王牙王","0","3","3"
"王司马岳为","0","3","3"
"领石季龙在","0","3","3"
"将军王允之","0","3","3"
"任右光禄大","0","3","3"
"五年正月初","0","3","3"
"僭位为皇帝","0","3","3"
"雄的将领李","0","3","3"
"和八年正月","0","3","3"
"以下徒刑的","0","3","3"
"石弘的将领","0","3","3"
"弘的将领石","0","3","3"
"海王司马冲","0","3","3"
"牙王司马岳","0","3","3"
"官增位一等","0","3","3"
"五年正月二","0","3","3"
"任左光禄大","0","3","3"
"葬在兴平陵","0","3","3"
"葬在崇平陵","0","3","3"
"将军桓温率","0","3","3"
"军桓温率领","0","3","3"
"谯王司马无","0","3","3"
"王司马无忌","0","3","3"
"龙骧将军朱","0","3","3"
"被打得大败","0","3","3"
"桓温率领军","0","3","3"
"温率领军队","0","3","3"
"率领军队北","0","3","3"
"领军队北伐","0","3","3"
"派北中郎将","0","3","3"
"领军队讨伐","0","3","3"
"督徐兖青冀","0","3","3"
"徐兖青冀幽","0","3","3"
"兖青冀幽五","0","3","3"
"葬在永平陵","0","3","3"
"皇太后下诏","0","3","3"
"邪王司马奕","0","3","3"
"皇后安葬在","0","3","3"
"坚的将领王","0","3","3"
"的将领王猛","0","3","3"
"讨伐平定了","0","3","3"
"当时人们都","0","3","3"
"帝的同母弟","0","3","3"
"当时的人们","0","3","3"
"马昱为琅邪","0","3","3"
"昱为琅邪王","0","3","3"
"没有继承人","0","3","3"
"司马晃等人","0","3","3"
"皇帝不答应","0","3","3"
"来进贡地方","0","3","3"
"于治理国政","0","3","3"
"葬在高平陵","0","3","3"
"为中军将军","0","3","3"
"二年正月初","0","3","3"
"苻坚派他的","0","3","3"
"功臣的后代","0","3","3"
"以尚书仆射","0","3","3"
"四年正月初","0","3","3"
"安葬在隆平","0","3","3"
"廷的军队大","0","3","3"
"十一年正月","0","3","3"
"王拓拔王圭","0","3","3"
"谯王司马恬","0","3","3"
"州刺史朱序","0","3","3"
"刺史朱序为","0","3","3"
"之为镇北将","0","3","3"
"进入石头城","0","3","3"
"之将他平定","0","3","3"
"年三十五岁","0","3","3"
"孝武帝年幼","0","3","3"
"谯王司马尚","0","3","3"
"王司马尚之","0","3","3"
"将军何无忌","0","3","3"
"将军刘裕为","0","3","3"
"年二月初五","0","3","3"
"葬在休平陵","0","3","3"
"失去了天下","0","3","3"
"附着在天上","0","3","3"
"太阳运行的","0","3","3"
"白天的时间","0","3","3"
"天运行一度","0","3","3"
"其中的缘故","0","3","3"
"太阳向西运","0","3","3"
"是三百六十","0","3","3"
"又四分之一","0","3","3"
"四分之一度","0","3","3"
"卦的卦象是","0","3","3"
"分这天太阳","0","3","3"
"二十四节气","0","3","3"
"所以太阳也","0","3","3"
"太阳也出于","0","3","3"
"所以白天时","0","3","3"
"以白天时间","0","3","3"
"行的度数逐","0","3","3"
"太阳所在的","0","3","3"
"正是天体直","0","3","3"
"是天体直径","0","3","3"
"体直径的一","0","3","3"
"直径的一半","0","3","3"
"一颗星叫天","0","3","3"
"面的九颗星","0","3","3"
"客星如果侵","0","3","3"
"会发生地震","0","3","3"
"第二颗星叫","0","3","3"
"下面的星指","0","3","3"
"面的一星叫","0","3","3"
"星若移动则","0","3","3"
"在帝座星的","0","3","3"
"是日月星三","0","3","3"
"北面的两颗","0","3","3"
"五星进入并","0","3","3"
"水陆交通要","0","3","3"
"陆交通要道","0","3","3"
"会发生战乱","0","3","3"
"希望它明亮","0","3","3"
"祭祀天地的","0","3","3"
"星主管积蓄","0","3","3"
"二次中的鹑","0","3","3"
"那个国家就","0","3","3"
"出现在东方","0","3","3"
"会发生饥荒","0","3","3"
"与水星会合","0","3","3"
"缓和则不出","0","3","3"
"地大约六丈","0","3","3"
"所对应的地","0","3","3"
"方有三颗大","0","3","3"
"有三颗大星","0","3","3"
"三颗大星出","0","3","3"
"颗大星出现","0","3","3"
"体大如缶像","0","3","3"
"大如缶像瓮","0","3","3"
"有军事行动","0","3","3"
"虹贯穿抱气","0","3","3"
"太阳被抱气","0","3","3"
"阳被抱气重","0","3","3"
"被抱气重围","0","3","3"
"开始出现时","0","3","3"
"月丁丑日初","0","3","3"
"丁丑日初一","0","3","3"
"月戊申日初","0","3","3"
"戊申日初一","0","3","3"
"月乙未日初","0","3","3"
"乙未日初一","0","3","3"
"月丁巳日初","0","3","3"
"丁巳日初一","0","3","3"
"太阳之中有","0","3","3"
"阳中有黑气","0","3","3"
"月亮犯及太","0","3","3"
"亮犯及太白","0","3","3"
"犯及太白星","0","3","3"
"月亮干犯了","0","3","3"
"月亮振荡了","0","3","3"
"掩蔽了荧惑","0","3","3"
"蔽了荧惑星","0","3","3"
"有十之七八","0","3","3"
"冲犯了土星","0","3","3"
"附近冲犯了","0","3","3"
"大规模战乱","0","3","3"
"帝任大将军","0","3","3"
"这一年石季","0","3","3"
"一年石季龙","0","3","3"
"在太微之中","0","3","3"
"天子所在之","0","3","3"
"服之外的五","0","3","3"
"种的土地每","0","3","3"
"的土地每家","0","3","3"
"规定缴纳赋","0","3","3"
"定缴纳赋税","0","3","3"
"缴纳赋税的","0","3","3"
"纳赋税的有","0","3","3"
"赋税的有六","0","3","3"
"二千五百户","0","3","3"
"六千三百户","0","3","3"
"九千三百户","0","3","3"
"一万八千户","0","3","3"
"三千四百户","0","3","3"
"差业刺史镇","0","3","3"
"二州牧镇守","0","3","3"
"舜建置十二","0","3","3"
"任凉州刺史","0","3","3"
"四千三百户","0","3","3"
"一千零二十","0","3","3"
"划分豫章设","0","3","3"
"计算方法是","0","3","3"
"以黄钟为宫","0","3","3"
"美妙的音乐","0","3","3"
"向下方度量","0","3","3"
"现在是下征","0","3","3"
"在是下征调","0","3","3"
"是下征调的","0","3","3"
"是因为其音","0","3","3"
"又二百四十","0","3","3"
"分之一千零","0","3","3"
"一千零七十","0","3","3"
"千零七十五","0","3","3"
"季末一个月","0","3","3"
"末一个月的","0","3","3"
"又一万九千","0","3","3"
"八十三分之","0","3","3"
"容积为一千","0","3","3"
"分之二十二","0","3","3"
"星的运动状","0","3","3"
"的运动状况","0","3","3"
"他们的工作","0","3","3"
"行星的运动","0","3","3"
"百零五为斗","0","3","3"
"零五为斗分","0","3","3"
"出现的时间","0","3","3"
"实际天象相","0","3","3"
"落后于实际","0","3","3"
"后于实际天","0","3","3"
"息改正后在","0","3","3"
"天二个时辰","0","3","3"
"按<黄初历","0","3","3"
"日庚辰出现","0","3","3"
"刘洪的历术","0","3","3"
"四万三千零","0","3","3"
"万三千零二","0","3","3"
"三千零二十","0","3","3"
"千零二十六","0","3","3"
"一千四百五","0","3","3"
"三千零九十","0","3","3"
"万一千零四","0","3","3"
"一千零四十","0","3","3"
"千零四十五","0","3","3"
"求年入纪年","0","3","3"
"年入纪年数","0","3","3"
"入纪年数减","0","3","3"
"纪年数减去","0","3","3"
"年数减去一","0","3","3"
"从其入纪起","0","3","3"
"其入纪起算","0","3","3"
"余的基础上","0","3","3"
"基础上加七","0","3","3"
"小余乘以四","0","3","3"
"下的方法与","0","3","3"
"除以纪法五","0","3","3"
"从牛宿前五","0","3","3"
"以月周七千","0","3","3"
"夜半月亮所","0","3","3"
"半月亮所在","0","3","3"
"除以会数四","0","3","3"
"以会数四十","0","3","3"
"法与前面一","0","3","3"
"上月合朔的","0","3","3"
"月合朔的基","0","3","3"
"合朔的基础","0","3","3"
"朔的基础上","0","3","3"
"的基础上日","0","3","3"
"则可得上弦","0","3","3"
"得商敷为积","0","3","3"
"余数为月余","0","3","3"
"除以章岁十","0","3","3"
"从天正十一","0","3","3"
"小余大于等","0","3","3"
"半一百二十","0","3","3"
"一百二十七","0","3","3"
"以通数三十","0","3","3"
"历的基础上","0","3","3"
"如果日余在","0","3","3"
"在周日分以","0","3","3"
"除以周法五","0","3","3"
"近的节气的","0","3","3"
"的节气的夜","0","3","3"
"余不足减盈","0","3","3"
"周后再减之","0","3","3"
"以通数乘以","0","3","3"
"八十九分之","0","3","3"
"百三十五乘","0","3","3"
"三十五乘以","0","3","3"
"五大行星各","0","3","3"
"大行星各自","0","3","3"
"乘以行星各","0","3","3"
"以行星各自","0","3","3"
"星各自的月","0","3","3"
"以合月法乘","0","3","3"
"最后所得为","0","3","3"
"七万三千零","0","3","3"
"万三千零一","0","3","3"
"三千零一十","0","3","3"
"千零一十三","0","3","3"
"晚上舆太阳","0","3","3"
"上舆太阳会","0","3","3"
"乘以入纪月","0","3","3"
"合时所在月","0","3","3"
"次会合时的","0","3","3"
"会合时的月","0","3","3"
"次会合时度","0","3","3"
"会合时度数","0","3","3"
"的一半以上","0","3","3"
"时除去斗宿","0","3","3"
"除去斗宿分","0","3","3"
"早晨舆太阳","0","3","3"
"千六百零七","0","3","3"
"运行五十八","0","3","3"
"五十八分之","0","3","3"
"分之十一度","0","3","3"
"十六天一百","0","3","3"
"天一百七十","0","3","3"
"三分之十四","0","3","3"
"十二分之十","0","3","3"
"二度一百七","0","3","3"
"天六百四十","0","3","3"
"掌管历法的","0","3","3"
"管历法的官","0","3","3"
"历法的官员","0","3","3"
"月二万二千","0","3","3"
"会通七十九","0","3","3"
"通七十九万","0","3","3"
"纪的交会差","0","3","3"
"的交会差率","0","3","3"
"正合朔时月","0","3","3"
"时月亮在黄","0","3","3"
"以章月二百","0","3","3"
"不满六十的","0","3","3"
"满六十的部","0","3","3"
"六十的部分","0","3","3"
"则化入大余","0","3","3"
"方法舆前面","0","3","3"
"法舆前面一","0","3","3"
"舆前面一样","0","3","3"
"所得为次月","0","3","3"
"余满六十则","0","3","3"
"满六十则减","0","3","3"
"部分从所在","0","3","3"
"分从所在纪","0","3","3"
"不满六十部","0","3","3"
"满六十部分","0","3","3"
"得天正十一","0","3","3"
"在宿度及分","0","3","3"
"起算命名方","0","3","3"
"算命名方法","0","3","3"
"满通法四十","0","3","3"
"法四十七化","0","3","3"
"基础上加度","0","3","3"
"月合朔时的","0","3","3"
"合朔时的去","0","3","3"
"朔时的去交","0","3","3"
"满会通则除","0","3","3"
"会通则除去","0","3","3"
"曰法四千五","0","3","3"
"周日日余二","0","3","3"
"日日余二千","0","3","3"
"得商数为行","0","3","3"
"商数为行星","0","3","3"
"晚上与太阳","0","3","3"
"次会合时所","0","3","3"
"十二天十九","0","3","3"
"二天十九万","0","3","3"
"天十九万四","0","3","3"
"天二千零三","0","3","3"
"度二千零三","0","3","3"
"是很自然的","0","3","3"
"自己的历法","0","3","3"
"三百年修改","0","3","3"
"推算五百零","0","3","3"
"日和十三次","0","3","3"
"和十三次日","0","3","3"
"从开天辟地","0","3","3"
"开天辟地以","0","3","3"
"天辟地以来","0","3","3"
"汉文帝废除","0","3","3"
"文帝废除了","0","3","3"
"帝来配享上","0","3","3"
"祭祀的叫皇","0","3","3"
"在南郊祭天","0","3","3"
"后稷来配享","0","3","3"
"王来配享上","0","3","3"
"没来得及建","0","3","3"
"认为应该依","0","3","3"
"就很清楚了","0","3","3"
"化育万物的","0","3","3"
"该制定新的","0","3","3"
"制定新的礼","0","3","3"
"穿黄色服装","0","3","3"
"祠祭先农神","0","3","3"
"耕种藉田的","0","3","3"
"古代的典章","0","3","3"
"条桑枝的桑","0","3","3"
"桑枝的桑叶","0","3","3"
"的人认为是","0","3","3"
"景侯的解释","0","3","3"
"先取消朝会","0","3","3"
"取消朝会的","0","3","3"
"消朝会的礼","0","3","3"
"怎么能知道","0","3","3"
"皇太子学完","0","3","3"
"明帝太和三","0","3","3"
"帝太和三年","0","3","3"
"征西的神主","0","3","3"
"惠帝的时候","0","3","3"
"承上面的武","0","3","3"
"没有不同的","0","3","3"
"休息的地方","0","3","3"
"时刻不到七","0","3","3"
"刻不到七刻","0","3","3"
"正月初一朝","0","3","3"
"夜间时刻不","0","3","3"
"间时刻不到","0","3","3"
"计时器不到","0","3","3"
"唱赞皇帝请","0","3","3"
"又一次拜两","0","3","3"
"一次拜两拜","0","3","3"
"太乐令跪着","0","3","3"
"谒者引导王","0","3","3"
"明帝太和年","0","3","3"
"最大的愿望","0","3","3"
"卫璀等人又","0","3","3"
"璀等人又上","0","3","3"
"等人又上奏","0","3","3"
"人又上奏说","0","3","3"
"向上天报告","0","3","3"
"上天报告成","0","3","3"
"有关官吏又","0","3","3"
"又下诏书说","0","3","3"
"是因为没有","0","3","3"
"影响到父母","0","3","3"
"有这样的事","0","3","3"
"帝做太子时","0","3","3"
"用黑色币帛","0","3","3"
"太常王彪之","0","3","3"
"新宣读宫内","0","3","3"
"使者某人重","0","3","3"
"者某人重新","0","3","3"
"某人重新宣","0","3","3"
"人重新宣读","0","3","3"
"皇太子是国","0","3","3"
"太子是国家","0","3","3"
"官吏上奏说","0","3","3"
"使持节兼太","0","3","3"
"关官吏上奏","0","3","3"
"各有自己的","0","3","3"
"的是这时万","0","3","3"
"是这时万物","0","3","3"
"说的是阳气","0","3","3"
"说的是万物","0","3","3"
"帝承受天命","0","3","3"
"恭敬地事奉","0","3","3"
"敬地事奉上","0","3","3"
"大的晋朝啊","0","3","3"
"拥有天下的","0","3","3"
"恭敬敬的在","0","3","3"
"敬敬的在位","0","3","3"
"敬的在位者","0","3","3"
"自己的亲戚","0","3","3"
"诸神其乐兮","0","3","3"
"神其乐兮!","0","3","3"
"相当魏曲<","0","3","3"
"都是朱斑漆","0","3","3"
"朱斑漆的车","0","3","3"
"斑漆的车轮","0","3","3"
"也用来赐给","0","3","3"
"的颜色一样","0","3","3"
"其次是洛阳","0","3","3"
"执戟吏员六","0","3","3"
"戟吏员六人","0","3","3"
"其次是廷尉","0","3","3"
"执戟循的在","0","3","3"
"戟循的在外","0","3","3"
"循的在外侧","0","3","3"
"校尉在右侧","0","3","3"
"执刀循的在","0","3","3"
"刀循的在内","0","3","3"
"循的在内侧","0","3","3"
"左右各有四","0","3","3"
"骑马在左侧","0","3","3"
"骑马在右侧","0","3","3"
"分别排在左","0","3","3"
"别排在左右","0","3","3"
"在左右两边","0","3","3"
"的形象装饰","0","3","3"
"形象装饰车","0","3","3"
"匹马驾车的","0","3","3"
"驾二匹马的","0","3","3"
"用黄金涂五","0","3","3"
"黄金涂五末","0","3","3"
"紫绛厨耕车","0","3","3"
"助行祭蚕礼","0","3","3"
"而没有改变","0","3","3"
"绛色边缘的","0","3","3"
"皇帝的儿子","0","3","3"
"梁的进贤冠","0","3","3"
"就是古代的","0","3","3"
"评论的人认","0","3","3"
"的乐人戴它","0","3","3"
"地位高的人","0","3","3"
"都是深衣的","0","3","3"
"是深衣的式","0","3","3"
"深衣的式样","0","3","3"
"为永久的制","0","3","3"
"百姓安居乐","0","3","3"
"姓安居乐业","0","3","3"
"见识的人指","0","3","3"
"安定国家的","0","3","3"
"议论的人不","0","3","3"
"天下没有战","0","3","3"
"下没有战事","0","3","3"
"就会得其本","0","3","3"
"会得其本性","0","3","3"
"孝武帝左五","0","3","3"
"武帝左五十","0","3","3"
"就失去其本","0","3","3"
"失去其本性","0","3","3"
"刘向认为是","0","3","3"
"西公太和年","0","3","3"
"公太和年间","0","3","3"
"年幼的君主","0","3","3"
"天下大饥荒","0","3","3"
"都有这样的","0","3","3"
"这是金不从","0","3","3"
"祭祀的惩罚","0","3","3"
"是阴胜阳的","0","3","3"
"阴胜阳的应","0","3","3"
"胜阳的应兆","0","3","3"
"八郡国发大","0","3","3"
"时齐王司马","0","3","3"
"阴气盛的缘","0","3","3"
"气盛的缘故","0","3","3"
"政权由大臣","0","3","3"
"权由大臣掌","0","3","3"
"由大臣掌握","0","3","3"
"这是阴胜阳","0","3","3"
"汹涌的大水","0","3","3"
"涌的大水冲","0","3","3"
"的大水冲入","0","3","3"
"由将相掌握","0","3","3"
"皇帝的军队","0","3","3"
"已经很明显","0","3","3"
"解说认为在","0","3","3"
"说认为在天","0","3","3"
"认为在天文","0","3","3"
"为在天文上","0","3","3"
"是持续寒冷","0","3","3"
"有识之士说","0","3","3"
"是久晴不雨","0","3","3"
"甲虫的妖孽","0","3","3"
"当时的人认","0","3","3"
"举行求雨祭","0","3","3"
"行求雨祭祀","0","3","3"
"有德的人不","0","3","3"
"个郡国大旱","0","3","3"
"君臣的礼节","0","3","3"
"像童谣所说","0","3","3"
"的人都认为","0","3","3"
"等到赵王司","0","3","3"
"到赵王司马","0","3","3"
"歌谣所说的","0","3","3"
"百姓歌唱说","0","3","3"
"和元年十月","0","3","3"
"没有来得及","0","3","3"
"灭亡的征兆","0","3","3"
"的妖异相同","0","3","3"
"愍怀太子的","0","3","3"
"有这样的妖","0","3","3"
"有相同的征","0","3","3"
"相同的征象","0","3","3"
"当时赵王司","0","3","3"
"时赵王司马","0","3","3"
"司马伦被诛","0","3","3"
"惩罚是持续","0","3","3"
"最终是贫困","0","3","3"
"是阴气太盛","0","3","3"
"有大风冰雹","0","3","3"
"年四月初一","0","3","3"
"是对听而不","0","3","3"
"像打雷一样","0","3","3"
"伤害禾苗庄","0","3","3"
"害禾苗庄稼","0","3","3"
"金木水火克","0","3","3"
"木水火克土","0","3","3"
"掀翻房屋折","0","3","3"
"穆帝永和七","0","3","3"
"帝永和七年","0","3","3"
"朝政的应验","0","3","3"
"刘向的说法","0","3","3"
"君主言行不","0","3","3"
"主言行不恰","0","3","3"
"不能建立事","0","3","3"
"能建立事功","0","3","3"
"另一种说法","0","3","3"
"县的水井中","0","3","3"
"造就是征兆","0","3","3"
"司马间失败","0","3","3"
"令有关官员","0","3","3"
"为非作歹的","0","3","3"
"有乱政而创","0","3","3"
"乱政而创制","0","3","3"
"皇帝采纳了","0","3","3"
"符合法令的","0","3","3"
"已经出嫁的","0","3","3"
"出嫁的女儿","0","3","3"
"人们的视听","0","3","3"
"看人设立教","0","3","3"
"人设立教化","0","3","3"
"皇后年少时","0","3","3"
"尊为皇太后","0","3","3"
"部门上奏说","0","3","3"
"的妻子郭氏","0","3","3"
"善于写文章","0","3","3"
"束安公司马","0","3","3"
"帝为晋王时","0","3","3"
"关官吏奏请","0","3","3"
"帝依从了他","0","3","3"
"道子为琅邪","0","3","3"
"子为琅邪王","0","3","3"
"高贵乡公即","0","3","3"
"贵乡公即位","0","3","3"
"封为关内侯","0","3","3"
"转任司隶校","0","3","3"
"武帝登皇位","0","3","3"
"从他的意愿","0","3","3"
"赐贵族用棺","0","3","3"
"有五个儿子","0","3","3"
"继承了爵位","0","3","3"
"宁四年去世","0","3","3"
"如今听从他","0","3","3"
"今听从他的","0","3","3"
"身份回宅第","0","3","3"
"皇帝在朝堂","0","3","3"
"把政事交给","0","3","3"
"没有敢说话","0","3","3"
"有敢说话的","0","3","3"
"敢说话的人","0","3","3"
"一段时间后","0","3","3"
"时年八十岁","0","3","3"
"在他们中间","0","3","3"
"征束大将军","0","3","3"
"帝下韶书说","0","3","3"
"把重任交给","0","3","3"
"弹劾的奏章","0","3","3"
"出众的才能","0","3","3"
"迁任散骑常","0","3","3"
"兼南蛮校尉","0","3","3"
"征召他为属","0","3","3"
"召他为属官","0","3","3"
"在官位的人","0","3","3"
"无为而治的","0","3","3"
"不料理政务","0","3","3"
"大臣的节操","0","3","3"
"为征南大将","0","3","3"
"公正的议论","0","3","3"
"家中没有多","0","3","3"
"中没有多余","0","3","3"
"钟会讨伐蜀","0","3","3"
"车骑将军买","0","3","3"
"骑将军买充","0","3","3"
"如同杜预的","0","3","3"
"同杜预的预","0","3","3"
"为司隶校尉","0","3","3"
"佐天命的功","0","3","3"
"公的身份回","0","3","3"
"的身份回家","0","3","3"
"至散骑常侍","0","3","3"
"等到杨骏被","0","3","3"
"中的职位依","0","3","3"
"的人称赞他","0","3","3"
"见到他的人","0","3","3"
"到他的人都","0","3","3"
"任光禄大夫","0","3","3"
"任徐州刺史","0","3","3"
"尉汝南王司","0","3","3"
"同辅佐朝政","0","3","3"
"年七十二岁","0","3","3"
"历任尚书郎","0","3","3"
"记载在本书","0","3","3"
"为佐著作郎","0","3","3"
"当时的人把","0","3","3"
"时的人把他","0","3","3"
"的人把他比","0","3","3"
"个儿子为亭","0","3","3"
"儿子为亭侯","0","3","3"
"没人比得上","0","3","3"
"皇帝依从了","0","3","3"
"以公子身份","0","3","3"
"加侍中的服","0","3","3"
"帝做琅邪王","0","3","3"
"封邑两万户","0","3","3"
"封国被取消","0","3","3"
"入朝任尚书","0","3","3"
"等到齐王司","0","3","3"
"到齐王司马","0","3","3"
"王司马颖有","0","3","3"
"代理太子太","0","3","3"
"任命司马肜","0","3","3"
"官做到散骑","0","3","3"
"任左卫将军","0","3","3"
"迁任使持节","0","3","3"
"一方的重任","0","3","3"
"为安北将军","0","3","3"
"赐他关内侯","0","3","3"
"他关内侯的","0","3","3"
"关内侯的爵","0","3","3"
"内侯的爵位","0","3","3"
"母亲的丧事","0","3","3"
"骑从事中郎","0","3","3"
"买充的女儿","0","3","3"
"当时的议论","0","3","3"
"司空从事中","0","3","3"
"空从事中郎","0","3","3"
"年六十九岁","0","3","3"
"论此事的人","0","3","3"
"增加封邑一","0","3","3"
"加封邑一千","0","3","3"
"任镇军将军","0","3","3"
"公事被免官","0","3","3"
"推让的风气","0","3","3"
"在高位的人","0","3","3"
"我所统领的","0","3","3"
"承父亲的爵","0","3","3"
"父亲的爵位","0","3","3"
"升任吏部尚","0","3","3"
"改任光禄勋","0","3","3"
"征用为属官","0","3","3"
"倒生的鳞片","0","3","3"
"太子以下诸","0","3","3"
"子以下诸事","0","3","3"
"王浚为大司","0","3","3"
"浚为大司马","0","3","3"
"西公太和元","0","3","3"
"公太和元年","0","3","3"
"京房用三分","0","3","3"
"房用三分益","0","3","3"
"用三分益一","0","3","3"
"成帝咸和元","0","3","3"
"帝咸和元年","0","3","3"
"夏四月初一","0","3","3"
"郡国八陨霜","2","0","2"
"斩担宝委任","2","0","2"
"故高贵乡公","2","0","2"
"尚书令荀彧","2","0","2"
"后嗣殆乎子","2","0","2"
"嗣殆乎子孙","2","0","2"
"殆乎子孙忧","2","0","2"
"子孙遂家焉","2","0","2"
"迁太子中庶","2","0","2"
"南乡太守傅","1","1","2"
"乡太守傅方","1","1","2"
"太守傅方骄","1","1","2"
"帝留镇许昌","2","0","2"
"蜀相诸葛亮","2","0","2"
"魏兴太守申","1","1","2"
"兴太守申仪","1","1","2"
"一千二百里","1","1","2"
"上庸城三面","1","1","2"
"孟达余众七","1","1","2"
"达余众七千","1","1","2"
"七千余人降","2","0","2"
"陆军向皖城","1","1","2"
"车骑将军张","1","1","2"
"骑将军张郃","1","1","2"
"后将军费曜","1","1","2"
"征蜀护军戴","1","1","2"
"刺史郭淮等","1","1","2"
"时军师杜袭","1","1","2"
"表徙冀州农","2","0","2"
"徙冀州农夫","2","0","2"
"遣征蜀护军","1","1","2"
"征蜀护军秦","1","1","2"
"蜀护军秦朗","1","1","2"
"护军秦朗督","1","1","2"
"西上五丈原","1","1","2"
"遣将军胡遵","1","1","2"
"刺史郭淮共","1","1","2"
"臣卫尉辛毗","1","1","2"
"长史杨仪反","1","1","2"
"关中多蒺藜","1","1","2"
"蜀将马岱入","1","1","2"
"武都氐王苻","1","1","2"
"都氐王苻双","1","1","2"
"太守公孙文","1","1","2"
"守公孙文懿","1","1","2"
"公孙文懿反","1","1","2"
"见父老故旧","1","1","2"
"南北六七十","1","1","2"
"北六七十里","1","1","2"
"帝谓诸将曰","2","0","2"
"都督令史张","1","1","2"
"督令史张静","1","1","2"
"襄平城西南","1","1","2"
"御史大夫柳","1","1","2"
"史大夫柳甫","1","1","2"
"大夫柳甫乞","1","1","2"
"将军毕盛等","1","1","2"
"军毕盛等二","1","1","2"
"毕盛等二千","1","1","2"
"盛等二千余","1","1","2"
"等二千余人","1","1","2"
"前后大司马","1","1","2"
"汉萧何故事","2","0","2"
"正始元年春","1","1","2"
"始元年春正","1","1","2"
"车驾送津阳","2","0","2"
"驾送津阳门","2","0","2"
"天子遣侍中","2","0","2"
"遣侍中常侍","1","1","2"
"四年秋九月","1","1","2"
"曹爽建立功","1","1","2"
"爽建立功名","1","1","2"
"六年秋八月","1","1","2"
"中垒中坚营","1","1","2"
"八年夏四月","1","1","2"
"迁太后永宁","2","0","2"
"太后永宁宫","2","0","2"
"嘉平元年春","1","1","2"
"帝奏永宁太","2","0","2"
"帐下督严世","1","1","2"
"大司农桓范","1","1","2"
"太尉蒋济等","1","1","2"
"先帝诏陛下","2","0","2"
"檄征天下兵","2","0","2"
"遣侍中许允","1","1","2"
"殿中校尉尹","1","1","2"
"舍人满十人","1","1","2"
"兗州刺史令","2","0","2"
"遣侍中韦诞","1","1","2"
"侍中韦诞持","1","1","2"
"封安平郡公","1","1","2"
"食邑五万户","1","1","2"
"秋八月戊寅","1","1","2"
"天子素服临","2","0","2"
"子素服临吊","2","0","2"
"依汉霍光故","2","0","2"
"汉霍光故事","2","0","2"
"累迁中护军","2","0","2"
"军大将军辅","1","1","2"
"五年夏五月","1","1","2"
"太傅诸葛恪","1","1","2"
"中书令李丰","1","1","2"
"父光禄大夫","1","1","2"
"光禄大夫张","1","1","2"
"禄大夫张缉","1","1","2"
"黄门监苏铄","1","1","2"
"永宁署令乐","1","1","2"
"奸臣李丰等","1","1","2"
"魏永宁太后","1","1","2"
"秋九月甲戌","1","1","2"
"皇帝春秋长","2","0","2"
"帝召群臣会","2","0","2"
"召群臣会议","2","0","2"
"清商令令狐","1","1","2"
"商令令狐景","1","1","2"
"清商丞庞熙","1","1","2"
"子高贵乡公","1","1","2"
"进号大都督","2","0","2"
"赐钱五百万","1","1","2"
"中书侍郎钟","1","1","2"
"书侍郎钟会","1","1","2"
"侍郎钟会劝","1","1","2"
"州刺史王基","1","1","2"
"刺史王基进","1","1","2"
"遣诸葛诞督","1","1","2"
"安风向寿春","1","1","2"
"将军胡遵督","1","1","2"
"州刺史邓艾","1","1","2"
"刺史邓艾督","1","1","2"
"钦进军将攻","1","1","2"
"左长史司马","1","1","2"
"长史司马琏","1","1","2"
"史司马琏督","1","1","2"
"安风津都尉","1","1","2"
"风津都尉追","1","1","2"
"追加大司马","1","1","2"
"受丞相相国","1","1","2"
"丞相相国九","1","1","2"
"相相国九命","1","1","2"
"洛阳典农中","1","1","2"
"阳典农中郎","1","1","2"
"蜀将王林夜","1","1","2"
"将王林夜袭","1","1","2"
"蜀将姜维寇","2","0","2"
"将姜维寇陇","2","0","2"
"姜维寇陇右","2","0","2"
"征西将军郭","1","1","2"
"西将军郭淮","1","1","2"
"转安东将军","2","0","2"
"镇东将军诸","1","1","2"
"东将军诸葛","1","1","2"
"雍州刺史陈","1","1","2"
"州刺史陈泰","1","1","2"
"封新城乡侯","2","0","2"
"地方七百里","2","0","2"
"年夏五月辛","1","1","2"
"东大将军诸","1","1","2"
"军诸葛诞杀","1","1","2"
"等三万余人","1","1","2"
"泰山太守常","1","1","2"
"山太守常时","1","1","2"
"太守常时称","1","1","2"
"留辎重都陆","2","0","2"
"太守胡烈奇","2","0","2"
"守胡烈奇兵","2","0","2"
"静兄弟五人","1","1","2"
"州太原上党","2","0","2"
"太原上党西","2","0","2"
"原上党西河","2","0","2"
"上党西河乐","2","0","2"
"党西河乐平","2","0","2"
"西河乐平新","2","0","2"
"河乐平新兴","2","0","2"
"乐平新兴雁","2","0","2"
"平新兴雁门","2","0","2"
"司州河东平","2","0","2"
"州河东平阳","2","0","2"
"晋国置官司","2","0","2"
"四年夏六月","1","1","2"
"天子复命帝","2","0","2"
"五月戊子夜","1","1","2"
"仆射李昭等","1","1","2"
"召侍中王沈","1","1","2"
"散骑常侍王","1","1","2"
"骑常侍王业","1","1","2"
"护军贾充等","1","1","2"
"舍人成济抽","1","1","2"
"济抽戈犯跸","2","0","2"
"骑督成倅弟","2","0","2"
"督成倅弟太","2","0","2"
"成倅弟太子","2","0","2"
"倅弟太子舍","2","0","2"
"太子舍人济","2","0","2"
"子常道乡公","1","1","2"
"二年秋八月","1","1","2"
"年秋八月甲","1","1","2"
"秋八月甲寅","1","1","2"
"太尉高柔授","1","1","2"
"春二月丁丑","1","1","2"
"雍州刺史诸","1","1","2"
"刺史诸葛绪","1","1","2"
"镇西将军钟","1","1","2"
"西将军钟会","1","1","2"
"前将军李辅","1","1","2"
"征蜀护军胡","1","1","2"
"蜀护军胡烈","1","1","2"
"护军胡烈等","1","1","2"
"天水太守王","1","1","2"
"水太守王颀","1","1","2"
"太守王颀攻","1","1","2"
"陇西太守牵","1","1","2"
"西太守牵弘","1","1","2"
"金城太守杨","1","1","2"
"护军胡烈攻","1","1","2"
"廖化合军守","1","1","2"
"司空郑冲率","1","1","2"
"明公西征灵","1","1","2"
"公西征灵州","1","1","2"
"咸熙元年春","1","1","2"
"事中郎山涛","1","1","2"
"中郎山涛行","1","1","2"
"郎山涛行军","1","1","2"
"山涛行军司","1","1","2"
"涛行军司事","1","1","2"
"遣护军贾充","1","1","2"
"护军贾充持","1","1","2"
"军贾充持节","1","1","2"
"右将军胡烈","1","1","2"
"将军胡烈攻","1","1","2"
"西曹属邵悌","1","1","2"
"荀顗定礼仪","2","0","2"
"贾充正法律","2","0","2"
"书仆射裴秀","1","1","2"
"仆射裴秀议","1","1","2"
"太保郑冲总","1","1","2"
"遣吴人相国","1","1","2"
"吴人相国参","1","1","2"
"人相国参军","1","1","2"
"相国参军徐","1","1","2"
"国参军徐劭","1","1","2"
"散骑常侍水","1","1","2"
"骑常侍水曹","1","1","2"
"常侍水曹属","1","1","2"
"侍水曹属孙","1","1","2"
"春二月甲辰","1","1","2"
"备五时副车","2","0","2"
"置旄头云罕","1","1","2"
"秋八月辛卯","1","1","2"
"迎常道乡公","1","1","2"
"中抚军聪明","1","1","2"
"抚军聪明神","1","1","2"
"军聪明神武","1","1","2"
"咸熙二年五","1","1","2"
"熙二年五月","1","1","2"
"魏司徒何曾","1","1","2"
"镇南将军王","1","1","2"
"南将军王沈","1","1","2"
"裴秀尚书令","2","0","2"
"使太保郑冲","1","1","2"
"太保郑冲奉","1","1","2"
"魏朝公卿何","1","1","2"
"朝公卿何曾","1","1","2"
"泰始元年冬","1","1","2"
"始元年冬十","1","1","2"
"元年冬十二","1","1","2"
"年冬十二月","1","1","2"
"冬十二月丙","2","0","2"
"柴燎告类上","2","0","2"
"燎告类上帝","2","0","2"
"祖武皇帝拨","1","1","2"
"武皇帝拨乱","1","1","2"
"昔朕皇祖宣","1","1","2"
"朕皇祖宣王","1","1","2"
"惟股肱爪牙","2","0","2"
"股肱爪牙佐","2","0","2"
"遣太仆刘原","1","1","2"
"太仆刘原告","1","1","2"
"尊太妃王氏","1","1","2"
"氏曰皇太后","2","0","2"
"封皇叔祖父","1","1","2"
"吏遭三年丧","1","1","2"
"遭三年丧者","1","1","2"
"麒麟一见郡","2","0","2"
"麟一见郡国","2","0","2"
"宣皇帝配天","2","0","2"
"祀文皇帝明","2","0","2"
"皇帝明堂配","2","0","2"
"夏五月戊辰","1","1","2"
"骠骑将军博","1","1","2"
"骑将军博陵","1","1","2"
"将军博陵公","1","1","2"
"军博陵公王","1","1","2"
"博陵公王沈","1","1","2"
"秋七月辛巳","2","0","2"
"凡关言人主","2","0","2"
"忠臣直士所","2","0","2"
"臣直士所慷","2","0","2"
"直士所慷慨","2","0","2"
"前代正朔服","2","0","2"
"代正朔服色","2","0","2"
"虞遵唐故事","2","0","2"
"二祀合二郊","2","0","2"
"山阳公国督","1","1","2"
"阳公国督军","1","1","2"
"景帝夫人夏","1","1","2"
"帝夫人夏侯","1","1","2"
"武卫将军官","1","1","2"
"憙太子太傅","2","0","2"
"张掖太守焦","1","1","2"
"掖太守焦胜","1","1","2"
"太守焦胜上","1","1","2"
"氐池县大柳","1","1","2"
"池县大柳谷","1","1","2"
"县大柳谷口","1","1","2"
"士卒遭父母","1","1","2"
"卒遭父母丧","1","1","2"
"遭父母丧者","1","1","2"
"朕亲率王公","1","1","2"
"亲率王公卿","1","1","2"
"率王公卿士","1","1","2"
"王公卿士耕","1","1","2"
"耕藉田千亩","2","0","2"
"皇太后王氏","1","1","2"
"睢陵公王祥","1","1","2"
"文明皇后王","1","1","2"
"明皇后王氏","1","1","2"
"私门日富者","1","1","2"
"责成良二千","1","1","2"
"成良二千石","1","1","2"
"遣使者侯史","1","1","2"
"使者侯史光","1","1","2"
"豫四州大水","2","0","2"
"尉义阳王望","2","0","2"
"太守毛炅大","1","1","2"
"守毛炅大破","1","1","2"
"交州刺史刘","1","1","2"
"州刺史刘俊","1","1","2"
"吴将丁奉等","1","1","2"
"安东将军汝","1","1","2"
"东将军汝阴","1","1","2"
"将军汝阴王","1","1","2"
"贤良方正直","1","1","2"
"良方正直言","1","1","2"
"春正月癸巳","2","0","2"
"申戒郡国计","1","1","2"
"郡国计吏守","1","1","2"
"国计吏守相","1","1","2"
"计吏守相令","1","1","2"
"吏守相令长","1","1","2"
"禁游食商贩","2","0","2"
"听讼观录囚","2","0","2"
"讼观录囚徒","2","0","2"
"陇右五郡凉","2","0","2"
"右五郡凉州","2","0","2"
"五郡凉州金","2","0","2"
"郡凉州金城","2","0","2"
"五月辛卯朔","2","0","2"
"鄴奚官督郭","2","0","2"
"奚官督郭暠","2","0","2"
"官督郭暠上","2","0","2"
"左右将军官","1","1","2"
"追封谥皇弟","1","1","2"
"扬州刺史牵","1","1","2"
"刺史牵弘击","1","1","2"
"遣尚书石鉴","1","1","2"
"行安西将军","1","1","2"
"都督秦州诸","1","1","2"
"督秦州诸军","1","1","2"
"奋威护军田","1","1","2"
"威护军田章","1","1","2"
"郡遇寇害者","2","0","2"
"骏镇西大将","2","0","2"
"大宛献汗血","1","1","2"
"宛献汗血马","1","1","2"
"学生帛牛酒","1","1","2"
"九真太守董","1","1","2"
"真太守董元","1","1","2"
"凉州刺史牵","1","1","2"
"刺史牵弘讨","1","1","2"
"诏交趾三郡","1","1","2"
"大司马义阳","1","1","2"
"司马义阳王","1","1","2"
"人四千余家","2","0","2"
"将军贾充都","1","1","2"
"吴将陶璜等","1","1","2"
"林太守毛炅","1","1","2"
"日南等三郡","1","1","2"
"监军何桢讨","1","1","2"
"左部帅李恪","1","1","2"
"部帅李恪杀","1","1","2"
"内外群官举","2","0","2"
"右将军皇甫","1","1","2"
"将军皇甫陶","1","1","2"
"散骑常侍郑","1","1","2"
"骑常侍郑徽","1","1","2"
"徽越职妄奏","1","1","2"
"巴东监军徐","1","1","2"
"东监军徐胤","1","1","2"
"密陵侯郑袤","1","1","2"
"乐陵公石苞","1","1","2"
"子祗东海王","2","0","2"
"年十七父母","1","1","2"
"临宣武观大","2","0","2"
"宣武观大阅","2","0","2"
"临淮公荀顗","2","0","2"
"皇后杨氏崩","2","0","2"
"吴平虏将军","1","1","2"
"平虏将军孟","1","1","2"
"虏将军孟泰","1","1","2"
"偏将军王嗣","1","1","2"
"将军王嗣等","1","1","2"
"汝阴王骏讨","2","0","2"
"帅乞文泥等","1","1","2"
"太守嵇喜击","1","1","2"
"守嵇喜击破","1","1","2"
"河桥富平津","2","0","2"
"城东七里涧","1","1","2"
"东七里涧石","1","1","2"
"七里涧石桥","1","1","2"
"帝临宣武观","2","0","2"
"咸宁元年春","1","1","2"
"赐公卿下帛","2","0","2"
"公卿下帛差","2","0","2"
"虏树机能送","1","1","2"
"置太子詹事","1","1","2"
"太子詹事官","1","1","2"
"骑将军王沈","1","1","2"
"冬十月乙酉","1","1","2"
"追尊宣帝庙","1","1","2"
"东夷八国归","1","1","2"
"夷八国归化","1","1","2"
"州诸军事胡","1","1","2"
"诸军事胡奋","1","1","2"
"军事胡奋击","1","1","2"
"事胡奋击破","1","1","2"
"煌太守尹璩","1","1","2"
"吴京下督孙","1","1","2"
"京下督孙楷","1","1","2"
"临平湖汉末","2","0","2"
"斩首四千余","1","1","2"
"首四千余级","1","1","2"
"流四千余家","2","0","2"
"军将军杨骏","1","1","2"
"平州刺史傅","1","1","2"
"州刺史傅询","1","1","2"
"前广平太守","1","1","2"
"广平太守孟","1","1","2"
"平太守孟桓","1","1","2"
"使征北大将","1","1","2"
"虏护军文淑","1","1","2"
"护军文淑讨","1","1","2"
"众七千余人","1","1","2"
"郡国五陨霜","2","0","2"
"左将军胡奋","1","1","2"
"梁七州大水","2","0","2"
"东夷三国前","1","1","2"
"夷三国前后","1","1","2"
"三国前后十","1","1","2"
"国前后十余","1","1","2"
"书左仆射卢","1","1","2"
"左仆射卢钦","1","1","2"
"虏若罗拔能","1","1","2"
"若罗拔能等","1","1","2"
"弘训皇后羊","1","1","2"
"训皇后羊氏","1","1","2"
"景献皇后羊","1","1","2"
"献皇后羊氏","1","1","2"
"尚书令李胤","1","1","2"
"太医司马程","1","1","2"
"尚书杜预都","1","1","2"
"书杜预都督","1","1","2"
"杜预都督荆","1","1","2"
"预都督荆州","1","1","2"
"郎陵公何曾","2","0","2"
"使讨虏护军","1","1","2"
"讨虏护军武","1","1","2"
"虏护军武威","1","1","2"
"护军武威太","1","1","2"
"军武威太守","1","1","2"
"武威太守马","1","1","2"
"威太守马隆","1","1","2"
"太守马隆击","1","1","2"
"匈奴都督拔","1","1","2"
"帅部落归化","2","0","2"
"匈奴余渠都","1","1","2"
"奴余渠都督","1","1","2"
"余渠都督独","1","1","2"
"渠都督独雍","1","1","2"
"都督独雍等","1","1","2"
"书十余万言","2","0","2"
"遣镇军将军","1","1","2"
"威将军王戎","1","1","2"
"南大将军杜","1","1","2"
"大将军杜预","1","1","2"
"骧将军王浚","1","1","2"
"将军唐彬率","1","1","2"
"军唐彬率巴","1","1","2"
"唐彬率巴蜀","1","1","2"
"将军杨济副","2","0","2"
"马隆击叛虏","1","1","2"
"隆击叛虏树","1","1","2"
"击叛虏树机","1","1","2"
"慎献楛矢石","2","0","2"
"献楛矢石砮","2","0","2"
"太康元年春","1","1","2"
"春正月己丑","2","0","2"
"正月己丑朔","2","0","2"
"五色气冠日","2","0","2"
"克吴寻阳赖","1","1","2"
"吴寻阳赖乡","1","1","2"
"寻阳赖乡诸","1","1","2"
"阳赖乡诸城","1","1","2"
"获吴武威将","1","1","2"
"吴武威将军","1","1","2"
"武威将军周","1","1","2"
"威将军周兴","1","1","2"
"镇军将军留","1","1","2"
"军将军留宪","1","1","2"
"南将军成璩","1","1","2"
"西陵监郑广","1","1","2"
"克夷道乐乡","1","1","2"
"夷道乐乡城","1","1","2"
"夷道监陆晏","1","1","2"
"水军都督陆","1","1","2"
"军都督陆景","1","1","2"
"斩吴江陵督","1","1","2"
"丞相张悌战","1","1","2"
"三百一十三","1","1","2"
"户五十二万","2","0","2"
"兵二十三万","1","1","2"
"男女口二百","2","0","2"
"口二百三十","1","1","2"
"二百三十万","1","1","2"
"琅邪王伷下","2","0","2"
"置翊军校尉","1","1","2"
"翊军校尉官","1","1","2"
"东夷十国归","1","1","2"
"下三百余人","1","1","2"
"东夷五国朝","1","1","2"
"卑慕容廆寇","2","0","2"
"平州刺史鲜","1","1","2"
"尚书张华都","1","1","2"
"书张华都督","1","1","2"
"张华都督幽","1","1","2"
"华都督幽州","1","1","2"
"安北将军严","1","1","2"
"北将军严询","1","1","2"
"败鲜卑慕容","1","1","2"
"广陆侯李胤","1","1","2"
"宁州刺史三","1","1","2"
"州刺史三年","1","1","2"
"刺史三年一","1","1","2"
"东夷二十九","1","1","2"
"夷二十九国","1","1","2"
"二十九国归","1","1","2"
"吴故将莞恭","1","1","2"
"帛奉举兵反","1","1","2"
"徐州刺史嵇","1","1","2"
"州刺史嵇喜","1","1","2"
"刺史嵇喜讨","1","1","2"
"司空齐王攸","2","0","2"
"光禄大夫山","1","1","2"
"禄大夫山涛","1","1","2"
"立长乐亭侯","1","1","2"
"秋七月壬子","2","0","2"
"国遣子人侍","2","0","2"
"大阅宣武观","2","0","2"
"见武库井中","2","0","2"
"秋七月戊申","2","0","2"
"郡国五大水","2","0","2"
"冬十一月甲","2","0","2"
"扶南等十国","1","1","2"
"参离四千余","1","1","2"
"襄阳侯王浚","1","1","2"
"东夷十一国","1","1","2"
"泰都督关中","1","1","2"
"扶南等二十","1","1","2"
"南等二十一","1","1","2"
"等二十一国","1","1","2"
"马韩等十一","1","1","2"
"韩等十一国","1","1","2"
"吴兴人蒋迪","1","1","2"
"兴人蒋迪聚","1","1","2"
"西域康居国","1","1","2"
"敕刺史二千","2","0","2"
"史二千石纠","1","1","2"
"令内外群官","1","1","2"
"改封南阳王","1","1","2"
"立濮阳王子","1","1","2"
"汝南王次子","1","1","2"
"西南夷二十","1","1","2"
"南夷二十余","1","1","2"
"夷二十余国","1","1","2"
"太熙元年春","1","1","2"
"左仆射王浑","1","1","2"
"东夷七国朝","1","1","2"
"夷七国朝贡","1","1","2"
"光禄大夫石","1","1","2"
"禄大夫石鉴","1","1","2"
"太熙元年四","1","1","2"
"尊皇后杨氏","1","1","2"
"遣南中郎将","1","1","2"
"南中郎将石","1","1","2"
"中郎将石崇","1","1","2"
"射声校尉胡","1","1","2"
"声校尉胡奕","1","1","2"
"长水校尉赵","1","1","2"
"水校尉赵俊","1","1","2"
"扬烈将军赵","1","1","2"
"烈将军赵欢","1","1","2"
"永平元年春","1","1","2"
"正月乙酉朔","2","0","2"
"散骑常侍段","1","1","2"
"骑常侍段广","1","1","2"
"左将军刘预","1","1","2"
"夷校尉文淑","1","1","2"
"太后母庞氏","1","1","2"
"下邳王晃尚","2","0","2"
"邳王晃尚书","2","0","2"
"太子太傅王","1","1","2"
"子太傅王戎","1","1","2"
"使楚王玮杀","2","0","2"
"菑阳公卫瓘","1","1","2"
"泰录尚书事","1","1","2"
"南夷二十四","1","1","2"
"夷二十四部","1","1","2"
"春二月己酉","1","1","2"
"太后金墉城","2","0","2"
"上庸郡山崩","1","1","2"
"上庸地陷裂","1","1","2"
"郡国八地震","2","0","2"
"五年夏四月","1","1","2"
"十二月丙戌","2","0","2"
"京师宜年里","1","1","2"
"冯翊太守欧","1","1","2"
"翊太守欧阳","1","1","2"
"太守欧阳建","1","1","2"
"梁王肜征西","2","0","2"
"王肜征西大","2","0","2"
"肜征西大将","2","0","2"
"帅齐万年僭","1","1","2"
"齐万年僭号","1","1","2"
"万年僭号称","1","1","2"
"年僭号称帝","1","1","2"
"冬十月乙未","2","0","2"
"遣安西将军","1","1","2"
"安西将军夏","1","1","2"
"将军周处等","1","1","2"
"军周处等讨","1","1","2"
"积弩将军孟","1","1","2"
"弩将军孟观","1","1","2"
"肜录尚书事","1","1","2"
"人张承基等","1","1","2"
"张承基等妖","1","1","2"
"承基等妖言","1","1","2"
"赵王伦矫诏","2","0","2"
"书仆射裴頠","2","0","2"
"复故皇太子","1","1","2"
"梁王肜太宰","2","0","2"
"光禄大夫何","1","1","2"
"禄大夫何劭","1","1","2"
"禄大夫刘寔","2","0","2"
"立皇孙臧皇","2","0","2"
"皇孙臧皇太","2","0","2"
"孙臧皇太孙","2","0","2"
"震崇阳陵标","2","0","2"
"改司徒丞相","2","0","2"
"立皇后羊氏","1","1","2"
"洛阳流人李","2","0","2"
"阳流人李特","1","1","2"
"流人李特杀","1","1","2"
"人李特杀赵","1","1","2"
"豫州刺史李","1","1","2"
"州刺史李毅","1","1","2"
"州刺史王彦","1","1","2"
"使逆臣孙秀","1","1","2"
"九门侯质等","1","1","2"
"齐王冏大司","2","0","2"
"王冏大司马","2","0","2"
"刺史罗尚讨","1","1","2"
"齐王冏子冰","2","0","2"
"郡国十二旱","2","0","2"
"安元年春正","2","0","2"
"间王颙遣将","2","0","2"
"广汉太守张","1","1","2"
"汉太守张微","1","1","2"
"东海王越司","2","0","2"
"河间王颙表","2","0","2"
"弟北海王寔","2","0","2"
"荆州刺史宋","1","1","2"
"州刺史宋岱","1","1","2"
"张昌举兵反","1","1","2"
"山都人丘沈","1","1","2"
"南阳太守刘","1","1","2"
"阳太守刘彬","1","1","2"
"刺史刘弘等","1","1","2"
"史刘弘等讨","1","1","2"
"中书令卞粹","1","1","2"
"河南尹李含","1","1","2"
"南尹李含等","1","1","2"
"临淮人封云","1","1","2"
"淮人封云举","1","1","2"
"人封云举兵","1","1","2"
"遣将军皇甫","1","1","2"
"将军皇甫商","1","1","2"
"兴晋侯羊玄","1","1","2"
"大将贾崇等","1","1","2"
"将贾崇等十","1","1","2"
"贾崇等十六","1","1","2"
"崇等十六人","1","1","2"
"扬州秀才周","1","1","2"
"前南平内史","1","1","2"
"南平内史王","1","1","2"
"平内史王矩","1","1","2"
"前吴兴内史","1","1","2"
"吴兴内史顾","1","1","2"
"郫城攻益州","1","1","2"
"城攻益州刺","1","1","2"
"成都王颖鄴","2","0","2"
"雍州刺史刘","1","1","2"
"州刺史刘沈","1","1","2"
"秦州刺史皇","1","1","2"
"刺史皇甫重","1","1","2"
"史皇甫重讨","1","1","2"
"陈敏攻石冰","1","1","2"
"表请立成都","1","1","2"
"请立成都王","1","1","2"
"右卫将军陈","1","1","2"
"皇后羊氏皇","2","0","2"
"后羊氏皇太","2","0","2"
"羊氏皇太子","2","0","2"
"氏皇太子覃","2","0","2"
"侍中嵇绍死","1","1","2"
"奴左贤王刘","1","1","2"
"左贤王刘元","1","1","2"
"贤王刘元海","1","1","2"
"阳燧青盖车","1","1","2"
"左右中黄门","1","1","2"
"中书监卢志","1","1","2"
"司徒王戎参","1","1","2"
"光禄大夫王","1","1","2"
"禄大夫王衍","1","1","2"
"南大将军刘","1","1","2"
"诏封乐平王","1","1","2"
"张方废皇后","1","1","2"
"方废皇后羊","1","1","2"
"安丰侯王戎","1","1","2"
"陇西太守韩","1","1","2"
"西太守韩稚","1","1","2"
"太守韩稚攻","1","1","2"
"秦州刺史张","1","1","2"
"州刺史张辅","1","1","2"
"尚书诸曹火","2","0","2"
"等聚众攻陷","1","1","2"
"聚众攻陷郡","1","1","2"
"众攻陷郡县","1","1","2"
"阳平太守李","1","1","2"
"平太守李志","1","1","2"
"汲郡太守张","1","1","2"
"郡太守张延","1","1","2"
"太守张延等","1","1","2"
"昌公模遣将","2","0","2"
"公模遣将军","2","0","2"
"遣将军赵骧","1","1","2"
"将军赵骧击","1","1","2"
"军赵骧击破","1","1","2"
"逐冀州刺史","1","1","2"
"冀州刺史李","1","1","2"
"州刺史李义","1","1","2"
"史曹武杀丹","1","1","2"
"骑大将军刘","1","1","2"
"平原太守王","1","1","2"
"原太守王景","1","1","2"
"清河太守冯","1","1","2"
"河太守冯熊","1","1","2"
"成都王颖镇","2","0","2"
"川太守刘舆","1","1","2"
"建武将军吕","1","1","2"
"广武将军骞","1","1","2"
"建威将军刁","1","1","2"
"威将军刁默","1","1","2"
"将军刁默等","1","1","2"
"使前车骑将","1","1","2"
"前车骑将军","1","1","2"
"车骑将军石","1","1","2"
"骑将军石超","1","1","2"
"北中郎将王","1","1","2"
"中郎将王阐","1","1","2"
"郎将王阐讨","1","1","2"
"遣将军宋胄","1","1","2"
"将军宋胄等","1","1","2"
"军宋胄等屯","1","1","2"
"立节将军周","1","1","2"
"节将军周权","1","1","2"
"将军周权诈","1","1","2"
"阳令何乔攻","1","1","2"
"右将军陈敏","1","1","2"
"将军陈敏举","1","1","2"
"军陈敏举兵","1","1","2"
"陈敏举兵反","1","1","2"
"河间王颙闻","2","0","2"
"司马纂等迎","1","1","2"
"令刘柏根反","1","1","2"
"遣弘农太守","1","1","2"
"弘农太守彭","1","1","2"
"农太守彭随","1","1","2"
"北地太守刁","1","1","2"
"地太守刁默","1","1","2"
"范阳国地燃","2","0","2"
"杀司隶校尉","1","1","2"
"顿丘太守冯","1","1","2"
"丘太守冯嵩","1","1","2"
"帝崩显阳殿","2","0","2"
"城守诸军事","1","1","2"
"侍中华混等","1","1","2"
"封彭城王植","2","0","2"
"彭城王植子","2","0","2"
"城王植子融","2","0","2"
"王植子融乐","2","0","2"
"永嘉元年春","1","1","2"
"嘉元年春正","1","1","2"
"正月癸丑朔","1","1","2"
"东海王越辅","2","0","2"
"海王越辅政","2","0","2"
"御史中丞诸","1","1","2"
"史中丞诸葛","1","1","2"
"中丞诸葛玫","1","1","2"
"东莱人王弥","1","1","2"
"长广太守宋","1","1","2"
"东牟太守庞","1","1","2"
"牟太守庞伉","1","1","2"
"三月己未朔","1","1","2"
"平东将军周","2","0","2"
"将军周馥斩","1","1","2"
"东海王越镇","2","0","2"
"改封安北将","1","1","2"
"封安北将军","1","1","2"
"马牧帅汲桑","1","1","2"
"牧帅汲桑聚","1","1","2"
"帅汲桑聚众","1","1","2"
"败魏郡太守","1","1","2"
"魏郡太守冯","1","1","2"
"郡太守冯嵩","1","1","2"
"前幽州刺史","1","1","2"
"山阳公刘秋","1","1","2"
"洛阳步广里","1","1","2"
"七月己酉朔","1","1","2"
"督扬州江南","1","1","2"
"扬州江南诸","1","1","2"
"州江南诸军","1","1","2"
"八月己卯朔","1","1","2"
"一月戊申朔","2","0","2"
"石勒寇常山","2","0","2"
"夏四月丁亥","1","1","2"
"秋七月甲辰","1","1","2"
"冬十月甲戌","1","1","2"
"十一月乙巳","1","1","2"
"尚书令高光","1","1","2"
"左仆射山简","1","1","2"
"等四州诸军","1","1","2"
"校尉刘暾尚","2","0","2"
"尉刘暾尚书","2","0","2"
"死者三万余","2","0","2"
"者三万余人","2","0","2"
"阳地裂三所","2","0","2"
"长三百余步","2","0","2"
"平阳人刘芒","1","1","2"
"阳人刘芒荡","1","1","2"
"淮南内史王","1","1","2"
"南内史王旷","1","1","2"
"上党太守庞","1","1","2"
"党太守庞淳","1","1","2"
"遣平北将军","1","1","2"
"洛阳西明门","1","1","2"
"湘二州地震","2","0","2"
"北将军王斌","1","1","2"
"将军王斌遇","1","1","2"
"军王斌遇害","1","1","2"
"州刺史袁孚","1","1","2"
"刺史袁孚战","1","1","2"
"史袁孚战败","1","1","2"
"大将军李国","1","1","2"
"丞相仓曹属","1","1","2"
"相仓曹属周","1","1","2"
"石勒寇汲郡","2","0","2"
"执太守胡宠","2","0","2"
"阳太守裴纯","1","1","2"
"牛马毛皆尽","2","0","2"
"征虏将军宋","1","1","2"
"虏将军宋抽","1","1","2"
"河内人乐仰","1","1","2"
"徐州监军王","1","1","2"
"州监军王隆","1","1","2"
"冯翊人严嶷","1","1","2"
"京兆人侯脱","1","1","2"
"兆人侯脱等","1","1","2"
"州刺史王澄","1","1","2"
"南中郎将杜","1","1","2"
"中郎将杜蕤","1","1","2"
"冬十月辛卯","1","1","2"
"陈留内史王","1","1","2"
"留内史王赞","1","1","2"
"浚遣鲜卑文","2","0","2"
"镇东将军周","2","0","2"
"平阳人李洪","1","1","2"
"入定陵作乱","1","1","2"
"事中郎将杨","1","1","2"
"中郎将杨瑁","1","1","2"
"徐州刺史裴","1","1","2"
"州刺史裴盾","1","1","2"
"刺史裴盾共","1","1","2"
"吏部尚书刘","1","1","2"
"部尚书刘望","1","1","2"
"廷尉诸葛铨","1","1","2"
"虏刺史苟眺","1","1","2"
"安城太守郭","1","1","2"
"城太守郭察","1","1","2"
"陵太守郑融","1","1","2"
"衡阳内史滕","1","1","2"
"阳内史滕育","1","1","2"
"河南尹潘滔","1","1","2"
"百官流亡者","2","0","2"
"官流亡者十","2","0","2"
"流亡者十八","2","0","2"
"亡者十八九","2","0","2"
"王师频贼所","2","0","2"
"师频贼所败","2","0","2"
"太子左率温","1","1","2"
"开华林园门","1","1","2"
"右仆射曹馥","1","1","2"
"尚书闾丘冲","1","1","2"
"河南尹刘默","1","1","2"
"南尹刘默等","1","1","2"
"琅邪王盟主","2","0","2"
"粲攻陷长安","1","1","2"
"镇南府牙门","1","1","2"
"南府牙门将","1","1","2"
"府牙门将胡","1","1","2"
"牙门将胡亢","1","1","2"
"门将胡亢聚","1","1","2"
"将胡亢聚众","1","1","2"
"夏四月丙寅","1","1","2"
"石勒寇冀州","2","0","2"
"太原太守高","1","1","2"
"原太守高乔","1","1","2"
"阴平都尉董","1","1","2"
"平都尉董冲","1","1","2"
"前雍州刺史","1","1","2"
"雍州刺史贾","2","0","2"
"州刺史贾疋","2","0","2"
"京兆太守梁","1","1","2"
"兆太守梁综","1","1","2"
"侍中庾珉号","1","1","2"
"黄门侍郎傅","1","1","2"
"门侍郎傅宣","1","1","2"
"秘书监荀崧","1","1","2"
"前抚军长史","1","1","2"
"抚军长史王","1","1","2"
"军长史王毗","1","1","2"
"司徒长史刘","1","1","2"
"徒长史刘畴","1","1","2"
"中书郎李昕","1","1","2"
"辅国将军梁","1","1","2"
"国将军梁综","1","1","2"
"六年九月辛","1","1","2"
"年九月辛巳","1","1","2"
"建兴元年夏","1","1","2"
"兴元年夏四","1","1","2"
"年夏四月丙","1","1","2"
"夏四月丙午","1","1","2"
"攻龙骧将军","1","1","2"
"龙骧将军李","1","1","2"
"精兵二十万","1","1","2"
"梁州刺史张","1","1","2"
"州刺史张光","1","1","2"
"殿中都尉刘","1","1","2"
"中都尉刘蜀","1","1","2"
"州刺史田徽","1","1","2"
"秋八月癸亥","1","1","2"
"改建鄴建康","2","0","2"
"荆州刺史周","1","1","2"
"河南尹张髦","1","1","2"
"刺史陶侃讨","1","1","2"
"正月己巳朔","2","0","2"
"黑雾著人墨","2","0","2"
"博陵公王浚","1","1","2"
"安东将军索","1","1","2"
"东将军索綝","2","0","2"
"军将军麹允","2","0","2"
"将军麹允讨","2","0","2"
"吴兴人徐馥","1","1","2"
"兴人徐馥害","1","1","2"
"临川内史谢","1","1","2"
"时朝廷草创","2","0","2"
"四年春三月","1","1","2"
"太守籍韦率","1","1","2"
"州刺史张寔","2","0","2"
"平夷太守雷","1","1","2"
"夷太守雷照","1","1","2"
"害南广太守","1","1","2"
"南广太守孟","1","1","2"
"广太守孟桓","1","1","2"
"六月丁巳朔","2","0","2"
"建威将军鲁","1","1","2"
"散骑常侍梁","1","1","2"
"骑常侍梁纬","1","1","2"
"少府皇甫阳","1","1","2"
"府皇甫阳等","1","1","2"
"镇西将军焦","1","1","2"
"西将军焦嵩","1","1","2"
"始平太守竺","1","1","2"
"平太守竺恢","1","1","2"
"太守竺恢等","1","1","2"
"守长安小城","1","1","2"
"骑常侍华辑","1","1","2"
"常侍华辑监","1","1","2"
"镇军将军胡","1","1","2"
"军将军胡崧","1","1","2"
"侍中宋敞送","1","1","2"
"天子何豆田","2","0","2"
"子何豆田中","2","0","2"
"城东豆田壁","2","0","2"
"散骑常侍严","1","1","2"
"骑常侍严敦","1","1","2"
"黄门侍郎任","1","1","2"
"门侍郎任播","1","1","2"
"乐平太守韩","1","1","2"
"司空长史李","1","1","2"
"空长史李弘","1","1","2"
"尚书郎辛宾","1","1","2"
"书郎辛宾抱","1","1","2"
"昔高祖宣皇","2","0","2"
"农夫女工衣","1","1","2"
"夫女工衣食","1","1","2"
"咸宁二年生","1","1","2"
"叔父东安王","1","1","2"
"加平东将军","2","0","2"
"迁安东将军","2","0","2"
"加镇东大将","1","1","2"
"征东将军周","1","1","2"
"江州刺史华","1","1","2"
"州刺史华轶","1","1","2"
"使豫章内史","1","1","2"
"章内史周广","1","1","2"
"前江州刺史","1","1","2"
"江州刺史卫","1","1","2"
"州刺史卫展","1","1","2"
"刺史卫展讨","1","1","2"
"建武元年春","1","1","2"
"武元年春二","1","1","2"
"年春二月辛","2","0","2"
"掾属百余人","1","1","2"
"将石季龙围","1","1","2"
"将军祖逖击","1","1","2"
"凶党石季龙","1","1","2"
"尚书郎顾球","1","1","2"
"荆州刺史第","1","1","2"
"州刺史第五","1","1","2"
"刺史第五猗","1","1","2"
"王敦使武昌","1","1","2"
"敦使武昌太","1","1","2"
"使武昌太守","1","1","2"
"武昌太守赵","1","1","2"
"昌太守赵诱","1","1","2"
"陵江将军黄","1","1","2"
"江将军黄峻","1","1","2"
"将军黄峻讨","1","1","2"
"害京兆太守","1","1","2"
"京兆太守华","1","1","2"
"刺史周访讨","1","1","2"
"春正月戊申","2","0","2"
"群后三司六","1","1","2"
"后三司六事","1","1","2"
"予一人畏天","2","0","2"
"加大将军王","2","0","2"
"进骠骑将军","2","0","2"
"荥阳太守李","1","1","2"
"阳太守李矩","1","1","2"
"司州诸军事","1","1","2"
"皇子晞武陵","2","0","2"
"子晞武陵王","2","0","2"
"广州刺史陶","1","1","2"
"故归命侯孙","1","1","2"
"归命侯孙皓","1","1","2"
"刘聪故将王","1","1","2"
"聪故将王腾","1","1","2"
"封显义亭侯","1","1","2"
"彭城内史周","1","1","2"
"城内史周抚","1","1","2"
"内史周抚杀","1","1","2"
"沛国内史周","1","1","2"
"国内史周默","1","1","2"
"帝素服哭三","2","0","2"
"素服哭三日","2","0","2"
"使冠军将军","1","1","2"
"冠军将军梁","1","1","2"
"军将军梁堪","1","1","2"
"守太常马龟","1","1","2"
"太常马龟等","1","1","2"
"常马龟等修","1","1","2"
"马龟等修复","1","1","2"
"太守徐龛斩","1","1","2"
"龙骧将军陈","1","1","2"
"骧将军陈川","1","1","2"
"秦州刺史陈","1","1","2"
"州刺史陈安","1","1","2"
"江西诸郡蝗","2","0","2"
"置博士员五","1","1","2"
"博士员五人","1","1","2"
"太常贺循开","1","1","2"
"常贺循开府","1","1","2"
"贺循开府仪","1","1","2"
"循开府仪同","1","1","2"
"遣太子左卫","1","1","2"
"太子左卫率","1","1","2"
"子左卫率羊","1","1","2"
"左卫率羊鉴","1","1","2"
"刺史蔡豹讨","1","1","2"
"将军祖逖使","1","1","2"
"军祖逖使督","1","1","2"
"祖逖使督护","1","1","2"
"逖使督护陈","1","1","2"
"使督护陈超","1","1","2"
"督护陈超袭","1","1","2"
"百官上封事","2","0","2"
"正月丁酉朔","2","0","2"
"冀州刺史邵","1","1","2"
"州刺史邵续","1","1","2"
"夏四月壬辰","1","1","2"
"孝怀帝太子","1","1","2"
"刘曜使陈安","1","1","2"
"曜使陈安攻","1","1","2"
"徐龛帅众降","2","0","2"
"祖逖部将卫","1","1","2"
"逖部将卫策","1","1","2"
"敬王后虞氏","1","1","2"
"平东将军曹","1","1","2"
"东将军曹嶷","1","1","2"
"幽州刺史段","1","1","2"
"州刺史段匹","1","1","2"
"尚书戴若思","1","1","2"
"冀雍六州诸","1","1","2"
"龙骧将军沈","1","1","2"
"骧将军沈充","1","1","2"
"征西将军戴","1","1","2"
"西将军戴若","1","1","2"
"前锋大都督","1","1","2"
"太子右卫率","1","1","2"
"子右卫率周","1","1","2"
"皇子昱琅邪","2","0","2"
"子昱琅邪王","2","0","2"
"右将军周札","1","1","2"
"将军周札守","1","1","2"
"军周札守石","1","1","2"
"周札守石头","1","1","2"
"遣平南将军","1","1","2"
"平南将军陶","1","1","2"
"南将军陶侃","1","1","2"
"安南将军甘","1","1","2"
"周札开城门","1","1","2"
"奋威将军侯","1","1","2"
"威将军侯礼","1","1","2"
"封武昌郡公","1","1","2"
"秣陵侯戴若","1","1","2"
"陵侯戴若思","1","1","2"
"吴国内史张","1","1","2"
"国内史张茂","1","1","2"
"西阳王羕太","2","0","2"
"南大将军甘","1","1","2"
"大将军甘卓","1","1","2"
"阳太守周虑","1","1","2"
"建平太守柳","1","1","2"
"平太守柳纯","1","1","2"
"兗州刺史郗","2","0","2"
"石季龙攻陷","1","1","2"
"季龙攻陷太","1","1","2"
"龙攻陷太山","1","1","2"
"益二州都督","1","1","2"
"都督荆梁二","1","1","2"
"督荆梁二州","1","1","2"
"荆梁二州诸","1","1","2"
"下邳内史王","1","1","2"
"邳内史王邃","1","1","2"
"都督青徐幽","2","0","2"
"督青徐幽平","2","0","2"
"青徐幽平四","2","0","2"
"徐幽平四州","2","0","2"
"幽平四州诸","2","0","2"
"太极殿广室","1","1","2"
"时望气者云","2","0","2"
"五百年后金","1","1","2"
"百年后金陵","1","1","2"
"五马浮渡江","1","1","2"
"赐鳏寡孤老","2","0","2"
"太后临朝称","2","0","2"
"后临朝称制","2","0","2"
"鳏寡孤老米","1","1","2"
"内史祖济叛","1","1","2"
"书左仆射邓","1","1","2"
"左仆射邓攸","1","1","2"
"部曲将李龙","1","1","2"
"临淮太守刘","1","1","2"
"淮太守刘矫","1","1","2"
"太守刘矫击","1","1","2"
"都督江州诸","1","1","2"
"督江州诸军","1","1","2"
"李雄将张龙","2","0","2"
"雄将张龙寇","2","0","2"
"将张龙寇涪","2","0","2"
"张龙寇涪陵","2","0","2"
"石勒将石聪","2","0","2"
"加司徒王导","2","0","2"
"司徒王导大","2","0","2"
"徒王导大司","2","0","2"
"王导大司马","2","0","2"
"都督中外征","1","1","2"
"督中外征讨","1","1","2"
"中外征讨诸","1","1","2"
"外征讨诸军","1","1","2"
"下邳内史夏","1","1","2"
"邳内史夏侯","1","1","2"
"内史夏侯嘉","1","1","2"
"宁州秀才庞","1","1","2"
"州秀才庞遗","1","1","2"
"宁州刺史尹","1","1","2"
"州刺史尹奉","1","1","2"
"太守杨术援","1","1","2"
"右卫将军赵","1","1","2"
"卫将军赵胤","1","1","2"
"左将军司马","1","1","2"
"将军司马流","1","1","2"
"骁骑将军钟","1","1","2"
"骑将军钟雅","1","1","2"
"封琅邪王昱","2","0","2"
"广陵相刘矩","1","1","2"
"遣督护王愆","1","1","2"
"督护王愆期","1","1","2"
"西阳太守邓","1","1","2"
"阳太守邓岳","1","1","2"
"鄱阳太守纪","1","1","2"
"阳太守纪睦","1","1","2"
"吴郡太守庾","1","1","2"
"郡太守庾冰","1","1","2"
"皇太后庾氏","1","1","2"
"南阳太守王","1","1","2"
"阳太守王国","1","1","2"
"吴兴太守虞","1","1","2"
"雍州刺史魏","1","1","2"
"庐江太守毛","1","1","2"
"江太守毛宝","1","1","2"
"交州刺史张","1","1","2"
"州刺史张琏","1","1","2"
"镇南司马曾","1","1","2"
"南司马曾勰","1","1","2"
"司马曾勰等","1","1","2"
"马曾勰等击","1","1","2"
"右卫将军刘","1","1","2"
"卫将军刘超","1","1","2"
"将军刘超谋","1","1","2"
"冠军将军赵","1","1","2"
"军将军赵胤","1","1","2"
"建威长史滕","1","1","2"
"威长史滕含","1","1","2"
"大司马刘胤","1","1","2"
"夏四月乙未","2","0","2"
"始安公温峤","1","1","2"
"右将军郭默","1","1","2"
"害平南将军","1","1","2"
"江州刺史刘","1","1","2"
"州刺史刘胤","1","1","2"
"南中郎将周","1","1","2"
"中郎将周抚","1","1","2"
"郎将周抚退","1","1","2"
"将周抚退归","1","1","2"
"周抚退归武","1","1","2"
"抚退归武昌","1","1","2"
"冬十月丁丑","2","0","2"
"太守杨谦退","1","1","2"
"守杨谦退归","1","1","2"
"杨谦退归宜","1","1","2"
"谦退归宜都","1","1","2"
"司空郗鉴都","1","1","2"
"空郗鉴都督","1","1","2"
"郗鉴都督吴","1","1","2"
"鉴都督吴国","1","1","2"
"都督吴国诸","1","1","2"
"督吴国诸军","1","1","2"
"吴国诸军事","1","1","2"
"三月壬戌朔","2","0","2"
"左仆射陆玩","1","1","2"
"西中郎将赵","1","1","2"
"中郎将赵胤","1","1","2"
"司徒中郎匡","1","1","2"
"徒中郎匡术","1","1","2"
"中郎匡术攻","1","1","2"
"子平西参军","1","1","2"
"南中郎将桓","1","1","2"
"中郎将桓宣","1","1","2"
"宁太守霍彪","1","1","2"
"束帛征处士","2","0","2"
"帛征处士寻","2","0","2"
"征处士寻阳","2","0","2"
"处士寻阳翟","2","0","2"
"士寻阳翟汤","2","0","2"
"辽东公慕容","1","1","2"
"抚军将军王","1","1","2"
"军将军王舒","1","1","2"
"石弘将石季","2","0","2"
"弘将石季龙","2","0","2"
"西大将军张","1","1","2"
"大将军张骏","1","1","2"
"长沙公陶侃","1","1","2"
"诏太官撤膳","2","0","2"
"平西将军庾","1","1","2"
"将军庾亮都","1","1","2"
"军庾亮都督","1","1","2"
"庾亮都督江","1","1","2"
"江陵公陆晔","1","1","2"
"冲车骑将军","2","0","2"
"鳏寡孤独能","2","0","2"
"寡孤独能存","2","0","2"
"孤独能存者","2","0","2"
"将军刘仕救","1","1","2"
"平西将军赵","1","1","2"
"西将军赵胤","1","1","2"
"龙骧将军路","1","1","2"
"骧将军路永","1","1","2"
"将军路永戍","1","1","2"
"武将军王允","1","1","2"
"广陵相陈光","1","1","2"
"石季龙将石","2","0","2"
"南中郎将王","1","1","2"
"中郎将王国","1","1","2"
"郎将王国退","1","1","2"
"吴国内史虞","1","1","2"
"国内史虞潭","1","1","2"
"空悬五十余","2","0","2"
"悬五十余万","2","0","2"
"五十余万石","1","1","2"
"高句骊遣使","2","0","2"
"新昌太守陶","1","1","2"
"昌太守陶协","1","1","2"
"建威将军司","1","1","2"
"威将军司马","1","1","2"
"将军司马勋","1","1","2"
"军司马勋安","1","1","2"
"建宁人孟彦","1","1","2"
"获石季龙将","2","0","2"
"秋七月庚申","2","0","2"
"始兴公王导","1","1","2"
"护军将军何","1","1","2"
"军将军何充","1","1","2"
"将军何充录","1","1","2"
"军何充录尚","1","1","2"
"何充录尚书","1","1","2"
"充录尚书事","1","1","2"
"征虏将军毛","1","1","2"
"虏将军毛宝","1","1","2"
"西阳太守樊","1","1","2"
"阳太守樊俊","1","1","2"
"义阳太守郑","1","1","2"
"阳太守郑进","1","1","2"
"斩首五千余","1","1","2"
"首五千余级","1","1","2"
"守将劳扬战","1","1","2"
"将劳扬战败","1","1","2"
"都亭侯庾亮","1","1","2"
"禄大夫陆玩","1","1","2"
"秋七月乙卯","2","0","2"
"七年春二月","2","0","2"
"二月甲子朔","2","0","2"
"悼杨皇后配","1","1","2"
"奉祖宗明祀","1","1","2"
"徙封琅邪王","2","0","2"
"加骠骑将军","1","1","2"
"八年六月庚","1","1","2"
"年六月庚寅","1","1","2"
"冬十月甲午","1","1","2"
"卫将军王允","1","1","2"
"建元元年春","1","1","2"
"西阳太守曹","1","1","2"
"将军庾翼征","2","0","2"
"将刘宁攻陷","1","1","2"
"刘宁攻陷狄","1","1","2"
"宁攻陷狄道","1","1","2"
"内史桓温都","1","1","2"
"史桓温都督","1","1","2"
"桓温都督青","1","1","2"
"石季龙将王","2","0","2"
"季龙将王擢","2","0","2"
"巴东太守杨","1","1","2"
"东太守杨谦","1","1","2"
"李势将申阳","1","1","2"
"中书令庾冰","1","1","2"
"后临朝摄政","2","0","2"
"正月甲戌朔","2","0","2"
"军将军顾众","1","1","2"
"戴羲等杀冠","1","1","2"
"羲等杀冠军","1","1","2"
"等杀冠军将","1","1","2"
"杀冠军将军","1","1","2"
"冠军将军曹","1","1","2"
"豫州刺史路","1","1","2"
"州刺史路永","1","1","2"
"光禄大夫葵","1","1","2"
"重华将谢艾","2","0","2"
"十一月辛未","1","1","2"
"征虏将军周","1","1","2"
"虏将军周抚","1","1","2"
"建武将军袁","1","1","2"
"武将军袁乔","1","1","2"
"刺史周抚镇","1","1","2"
"史周抚镇彭","1","1","2"
"周抚镇彭模","1","1","2"
"谢艾进击麻","1","1","2"
"艾进击麻秋","1","1","2"
"振威护军萧","1","1","2"
"威护军萧敬","1","1","2"
"护军萧敬文","1","1","2"
"害征虏将军","1","1","2"
"豫章人黄韬","1","1","2"
"石季龙僭皇","2","0","2"
"季龙僭皇帝","2","0","2"
"龙僭皇帝位","2","0","2"
"北大将军褚","1","1","2"
"大将军褚裒","1","1","2"
"部将王龛北","1","1","2"
"将王龛北伐","1","1","2"
"督军滕畯讨","1","1","2"
"桓温屯安陆","1","1","2"
"州刺史王浃","1","1","2"
"西中郎将陈","1","1","2"
"中郎将陈逵","1","1","2"
"郎将陈逵焚","1","1","2"
"池公杨初袭","1","1","2"
"石遵将石遇","1","1","2"
"南阳太守郭","1","1","2"
"阳太守郭启","1","1","2"
"石鉴弑石遵","1","1","2"
"僭帝号襄国","2","0","2"
"封广川郡公","1","1","2"
"监河北诸军","1","1","2"
"封襄国县公","1","1","2"
"汉中入秦川","1","1","2"
"兗州刺史刘","2","0","2"
"州刺史刘启","1","1","2"
"死者数百人","2","0","2"
"豫州牧张遇","1","1","2"
"太常赵拔修","1","1","2"
"常赵拔修复","1","1","2"
"赵拔修复山","1","1","2"
"拔修复山陵","1","1","2"
"封高陵郡公","1","1","2"
"十二月辛未","1","1","2"
"桓温帅众北","2","0","2"
"温帅众北伐","2","0","2"
"殿中都尉王","1","1","2"
"中都尉王惠","1","1","2"
"镇西将军张","1","1","2"
"西将军张遇","1","1","2"
"平西将军周","1","1","2"
"西将军周抚","1","1","2"
"将军周抚讨","1","1","2"
"文曰受天命","2","0","2"
"阳太守刘遂","1","1","2"
"太守刘遂戍","1","1","2"
"守刘遂戍仓","1","1","2"
"刘遂戍仓垣","1","1","2"
"秦州刺史王","1","1","2"
"州刺史王擢","1","1","2"
"正月乙卯朔","2","0","2"
"交州刺史阮","1","1","2"
"州刺史阮敷","1","1","2"
"刺史阮敷讨","1","1","2"
"将军殷浩进","1","1","2"
"平北将军姚","1","1","2"
"北将军姚襄","1","1","2"
"凉州牧张重","1","1","2"
"州牧张重华","1","1","2"
"殷浩使部将","1","1","2"
"浩使部将刘","1","1","2"
"使部将刘启","1","1","2"
"春正月己酉","1","1","2"
"凉州牧张祚","1","1","2"
"健将苻雄悉","1","1","2"
"将苻雄悉众","1","1","2"
"夏四月壬申","1","1","2"
"军将军高季","1","1","2"
"将军高季大","1","1","2"
"耀灵弟玄靓","2","0","2"
"上党人冯鸯","1","1","2"
"镇北将军段","1","1","2"
"北将军段龛","1","1","2"
"段龛慕容恪","2","0","2"
"讨大都督讨","1","1","2"
"秋八月己亥","1","1","2"
"仇池公杨国","1","1","2"
"升平元年春","1","1","2"
"春正月壬戌","1","1","2"
"扶南竺旃檀","1","1","2"
"镇西将军谢","1","1","2"
"苻坚杀苻生","1","1","2"
"逋租宿债皆","2","0","2"
"佽飞督王饶","1","1","2"
"州刺史张平","1","1","2"
"冠军将军冯","1","1","2"
"军将军冯鸯","1","1","2"
"陈留王曹劢","1","1","2"
"年春三月甲","1","1","2"
"春三月甲辰","1","1","2"
"王公下十三","2","0","2"
"公下十三户","2","0","2"
"平北将军高","1","1","2"
"北将军高昌","1","1","2"
"冬十月慕容","1","1","2"
"十月慕容隽","1","1","2"
"遣西中郎将","2","0","2"
"西中郎将谢","1","1","2"
"中郎将谢万","1","1","2"
"北中郎将郗","1","1","2"
"中郎将郗昙","1","1","2"
"十一月戊子","1","1","2"
"州刺史王述","1","1","2"
"封武陵王晞","1","1","2"
"交州刺史温","1","1","2"
"州刺史温放","1","1","2"
"仇池公杨俊","1","1","2"
"八月辛丑朔","2","0","2"
"春正月戊戌","1","1","2"
"二州刺史郗","1","1","2"
"州刺史郗昙","1","1","2"
"太尉桓温镇","1","1","2"
"秋七月戊午","1","1","2"
"安北将军范","1","1","2"
"北将军范汪","1","1","2"
"显宗成皇帝","1","1","2"
"宗成皇帝顾","1","1","2"
"成皇帝顾命","1","1","2"
"傅末波攻陷","1","1","2"
"末波攻陷小","1","1","2"
"波攻陷小垒","1","1","2"
"竟陵太守邓","1","1","2"
"陵太守邓遐","1","1","2"
"庾希部将何","1","1","2"
"希部将何谦","1","1","2"
"郎将袁真进","1","1","2"
"兴宁元年春","1","1","2"
"宁元年春二","1","1","2"
"春二月己亥","1","1","2"
"太守刘远奔","2","0","2"
"阳太守刘远","1","1","2"
"司马桓温帅","2","0","2"
"马桓温帅众","2","0","2"
"江州督护赵","1","1","2"
"州督护赵毗","1","1","2"
"刺史桓冲讨","1","1","2"
"将慕容尘","2","0","2"
"陈留太守袁","1","1","2"
"留太守袁披","1","1","2"
"将慕容评","2","0","2"
"颍川太守李","1","1","2"
"川太守李福","1","1","2"
"桓温遣江夏","2","0","2"
"温遣江夏相","2","0","2"
"夏相刘岵击","1","1","2"
"相刘岵击退","1","1","2"
"帝亲耕藉田","2","0","2"
"夏四月甲申","1","1","2"
"辅退保彭城","1","1","2"
"夏相刘岵等","1","1","2"
"相刘岵等凿","1","1","2"
"刘岵等凿阳","1","1","2"
"岵等凿阳仪","1","1","2"
"等凿阳仪道","1","1","2"
"冠军将军陈","1","1","2"
"军将军陈祐","1","1","2"
"将军陈祐留","1","1","2"
"长史沈劲守","1","1","2"
"皇后王氏崩","2","0","2"
"三年二月丙","1","1","2"
"年二月丙申","1","1","2"
"宁朔将军竺","1","1","2"
"朔将军竺瑶","1","1","2"
"扬武将军沈","1","1","2"
"武将军沈劲","1","1","2"
"奴左贤王卫","1","1","2"
"左贤王卫辰","1","1","2"
"右贤王曹谷","1","1","2"
"子昌明会稽","2","0","2"
"昌明会稽王","2","0","2"
"西夷校尉毌","1","1","2"
"夷校尉毌丘","1","1","2"
"州刺史周楚","1","1","2"
"督护桓罴攻","1","1","2"
"护桓罴攻南","1","1","2"
"桓罴攻南郑","1","1","2"
"魏兴人毕钦","1","1","2"
"苻坚将王猛","2","0","2"
"刺史桓豁救","1","1","2"
"南阳人赵弘","1","1","2"
"冬十月乙巳","1","1","2"
"年夏四月庚","1","1","2"
"夏四月庚戌","1","1","2"
"秋七月辛卯","1","1","2"
"桓温裨将邓","1","1","2"
"温裨将邓遐","1","1","2"
"豫州刺史袁","1","1","2"
"州刺史袁真","1","1","2"
"十一月辛丑","1","1","2"
"桓温部将竺","1","1","2"
"温部将竺瑶","1","1","2"
"广汉妖贼李","1","1","2"
"汉妖贼李弘","1","1","2"
"益州妖贼李","1","1","2"
"州妖贼李金","1","1","2"
"妖贼李金根","1","1","2"
"贼李金根聚","1","1","2"
"梓潼太守周","1","1","2"
"潼太守周虓","1","1","2"
"太守周虓讨","1","1","2"
"仇池公杨纂","1","1","2"
"散骑侍郎刘","1","1","2"
"骑侍郎刘享","1","1","2"
"侍郎刘享收","1","1","2"
"内史刁彝防","1","1","2"
"史刁彝防卫","1","1","2"
"御史顾允监","1","1","2"
"弟子殿中监","1","1","2"
"子殿中监许","1","1","2"
"殿中监许龙","1","1","2"
"十一年十月","1","1","2"
"一年十月甲","1","1","2"
"柔弱胜刚强","1","1","2"
"建元元年夏","1","1","2"
"元元年夏五","1","1","2"
"元年夏五月","1","1","2"
"年夏五月癸","1","1","2"
"羽葆鼓吹班","1","1","2"
"葆鼓吹班剑","1","1","2"
"班剑六十人","2","0","2"
"马桓温率百","1","1","2"
"桓温率百官","1","1","2"
"温率百官进","1","1","2"
"魏郡太守毛","1","1","2"
"郡太守毛安","1","1","2"
"帝手诏报曰","2","0","2"
"军将军毛武","1","1","2"
"军毛武生都","1","1","2"
"毛武生都督","1","1","2"
"武生都督荆","1","1","2"
"生都督荆州","1","1","2"
"义城诸军事","1","1","2"
"荐酃渌酒太","2","0","2"
"酃渌酒太庙","2","0","2"
"吴县西柴里","1","1","2"
"百济王余句","1","1","2"
"前护军将军","1","1","2"
"护军将军庚","1","1","2"
"军将军庚希","1","1","2"
"晋陵太守卞","1","1","2"
"陵太守卞眈","1","1","2"
"秋七月壬辰","1","1","2"
"东海内史周","1","1","2"
"海内史周少","1","1","2"
"内史周少孙","1","1","2"
"史周少孙讨","1","1","2"
"时中书郎郗","1","1","2"
"中书郎郗超","1","1","2"
"宁三年七月","2","0","2"
"咸安二年秋","1","1","2"
"安二年秋七","1","1","2"
"二年秋七月","1","1","2"
"秦州刺史杨","1","1","2"
"州刺史杨世","1","1","2"
"将军桓豁征","2","0","2"
"军桓豁征西","2","0","2"
"苻坚将杨安","2","0","2"
"西平公张天","1","1","2"
"平公张天锡","1","1","2"
"刺史周仲孙","1","1","2"
"州刺史刁彝","1","1","2"
"长城人钱步","1","1","2"
"城人钱步射","1","1","2"
"苻坚将姚苌","2","0","2"
"谒建平等四","2","0","2"
"除度田收租","2","0","2"
"度田收租制","2","0","2"
"代王涉翼犍","1","1","2"
"梁宁益交广","2","0","2"
"广六州诸军","1","1","2"
"将军桓冲都","1","1","2"
"军桓冲都督","1","1","2"
"桓冲都督荆","1","1","2"
"都督荆江梁","2","0","2"
"督江南晋陵","1","1","2"
"江南晋陵诸","1","1","2"
"南晋陵诸军","1","1","2"
"征西司马谢","1","1","2"
"西司马谢玄","1","1","2"
"监江北诸军","1","1","2"
"尚书令王彪","1","1","2"
"移居会稽王","1","1","2"
"陈留王曹恢","1","1","2"
"丕攻陷襄阳","1","1","2"
"右将军毛武","1","1","2"
"高密内史毛","1","1","2"
"征虏将军谢","1","1","2"
"虏将军谢玄","1","1","2"
"安太守傅湛","1","1","2"
"春正月乙巳","2","0","2"
"震含章殿四","2","0","2"
"含章殿四柱","2","0","2"
"杀内侍二人","2","0","2"
"九真太守李","1","1","2"
"真太守李逊","1","1","2"
"置督运御史","1","1","2"
"督运御史官","1","1","2"
"江三州大水","2","0","2"
"军大将军郗","1","1","2"
"会稽人檀元","1","1","2"
"号安东将军","2","0","2"
"襄阳太守阎","1","1","2"
"襄阳太守桓","1","1","2"
"阳太守桓石","1","1","2"
"太守桓石虔","1","1","2"
"都贵焚烧沔","1","1","2"
"贵焚烧沔北","1","1","2"
"八年春二月","2","0","2"
"鹰扬将军郭","1","1","2"
"扬将军郭洽","1","1","2"
"征讨都督谢","1","1","2"
"讨都督谢石","1","1","2"
"冠军将军谢","1","1","2"
"军将军谢玄","1","1","2"
"辅国将军谢","1","1","2"
"国将军谢琰","1","1","2"
"西中郎将桓","1","1","2"
"中郎将桓伊","1","1","2"
"郎将桓伊等","1","1","2"
"道子录尚书","1","1","2"
"子录尚书六","1","1","2"
"十一月庚申","2","0","2"
"诏卫将军谢","1","1","2"
"卫将军谢安","1","1","2"
"立陈留王世","2","0","2"
"陈留王世子","2","0","2"
"前句町王翟","1","1","2"
"句町王翟辽","1","1","2"
"町王翟辽背","1","1","2"
"仇池公杨世","1","1","2"
"竟陵太守赵","1","1","2"
"陵太守赵统","1","1","2"
"崇德皇太后","1","1","2"
"德皇太后褚","1","1","2"
"皇太后褚氏","1","1","2"
"秋七月戊戌","1","1","2"
"前锋都督谢","1","1","2"
"锋都督谢玄","1","1","2"
"州刺史张崇","1","1","2"
"青州刺史苻","1","1","2"
"州刺史苻朗","1","1","2"
"蜀郡太守任","1","1","2"
"郡太守任权","1","1","2"
"益州刺史李","1","1","2"
"州刺史李平","1","1","2"
"荥阳人郑燮","1","1","2"
"沛郡太守周","1","1","2"
"郡太守周次","1","1","2"
"苻坚留太子","1","1","2"
"龙骧将军檀","1","1","2"
"骧将军檀玄","1","1","2"
"将军檀玄追","1","1","2"
"大都督十五","1","1","2"
"都督十五州","1","1","2"
"督十五州诸","1","1","2"
"姚苌杀苻坚","1","1","2"
"太山太守张","1","1","2"
"山太守张愿","1","1","2"
"尚书仆射陆","1","1","2"
"书仆射陆纳","1","1","2"
"仆射陆纳尚","2","0","2"
"射陆纳尚书","2","0","2"
"前辅国将军","1","1","2"
"骧将军硃序","2","0","2"
"扬威将军冯","1","1","2"
"夏四月戊辰","2","0","2"
"太守徐含远","1","1","2"
"聘处士戴逵","1","1","2"
"立皇子德宗","1","1","2"
"松滋太守王","1","1","2"
"滋太守王遐","1","1","2"
"沔中九郡诸","1","1","2"
"中九郡诸军","1","1","2"
"九郡诸军事","1","1","2"
"乞伏国仁死","1","1","2"
"河南太守郭","1","1","2"
"尚书令谢石","1","1","2"
"仪同三司谢","1","1","2"
"同三司谢石","1","1","2"
"十四年春正","2","0","2"
"都督荆益宁","2","0","2"
"督荆益宁三","2","0","2"
"荆益宁三州","2","0","2"
"益宁三州诸","2","0","2"
"州刺史桓石","1","1","2"
"刺史桓石虔","1","1","2"
"书左仆射陆","1","1","2"
"左仆射陆纳","1","1","2"
"春正月乙亥","2","0","2"
"中书令王恭","1","1","2"
"冀五州诸军","1","1","2"
"永嘉人李耽","1","1","2"
"沔中诸郡兗","2","0","2"
"中诸郡兗州","2","0","2"
"诸郡兗州大","2","0","2"
"郡兗州大水","2","0","2"
"吴郡太守王","1","1","2"
"冬十二月己","2","0","2"
"秋九月癸未","2","0","2"
"太子詹事谢","1","1","2"
"子詹事谢琰","1","1","2"
"齐国内史蒋","1","1","2"
"乐安太守辟","1","1","2"
"安太守辟闾","1","1","2"
"北平原太守","1","1","2"
"平原太守辟","1","1","2"
"原太守辟闾","1","1","2"
"太守辟闾浑","1","1","2"
"守辟闾浑讨","1","1","2"
"嘉郡潮水涌","2","0","2"
"近海四县人","2","0","2"
"海四县人多","2","0","2"
"四县人多死","2","0","2"
"州刺史王忱","1","1","2"
"黄门郎殷仲","1","1","2"
"门郎殷仲堪","1","1","2"
"龙骧将军杨","1","1","2"
"骧将军杨佺","1","1","2"
"将军杨佺期","1","1","2"
"氐帅杨佛嵩","1","1","2"
"徐二州大水","2","0","2"
"尊皇太妃李","1","1","2"
"皇太妃李氏","1","1","2"
"东平太守韦","1","1","2"
"平太守韦简","1","1","2"
"尚书令陆纳","1","1","2"
"慕容垂子宝","2","0","2"
"望蔡公谢琰","1","1","2"
"华林园举酒","1","1","2"
"元十二年八","1","1","2"
"讨伐尚书左","1","1","2"
"伐尚书左仆","1","1","2"
"左仆射王国","1","1","2"
"仆射王国宝","1","1","2"
"威将军王绪","1","1","2"
"司徒长史王","1","1","2"
"王恭征讨平","1","1","2"
"恭征讨平定","1","1","2"
"宁朔将军邓","1","1","2"
"朔将军邓启","1","1","2"
"将军邓启方","1","1","2"
"征虏将军会","1","1","2"
"虏将军会稽","1","1","2"
"将军会稽王","1","1","2"
"前将军王殉","2","0","2"
"军将军王雅","1","1","2"
"前新安太守","1","1","2"
"新安太守杜","1","1","2"
"安太守杜炯","1","1","2"
"林邑范胡达","2","0","2"
"范胡达攻陷","1","1","2"
"胡达攻陷日","1","1","2"
"达攻陷日南","1","1","2"
"姚兴攻陷洛","1","1","2"
"兴攻陷洛阳","1","1","2"
"河南太守辛","1","1","2"
"南太守辛恭","1","1","2"
"太守辛恭靖","1","1","2"
"孙恩攻陷会","1","1","2"
"恩攻陷会稽","1","1","2"
"吴国内史桓","1","1","2"
"国内史桓谦","1","1","2"
"临海太守新","1","1","2"
"海太守新蔡","1","1","2"
"太守新蔡王","1","1","2"
"守新蔡王司","1","1","2"
"义兴太守魏","1","1","2"
"兴太守魏隐","1","1","2"
"太守魏隐都","1","1","2"
"守魏隐都弃","1","1","2"
"魏隐都弃官","1","1","2"
"太守司马逸","1","1","2"
"守司马逸都","1","1","2"
"卫将军谢琰","1","1","2"
"蛮校尉杨佺","2","0","2"
"校尉杨佺期","2","0","2"
"吕纂杀吕绍","1","1","2"
"彗星现太微","2","0","2"
"姚兴讨伐乞","1","1","2"
"扬州刺史元","1","1","2"
"州刺史元显","1","1","2"
"督扬豫徐兖","1","1","2"
"扬豫徐兖青","1","1","2"
"十六州诸军","1","1","2"
"前将军刘牢","1","1","2"
"征召豫州刺","1","1","2"
"召豫州刺史","1","1","2"
"向桓玄投降","1","1","2"
"军将军毛泰","1","1","2"
"檀继承伪位","1","1","2"
"冀州刺史刘","1","1","2"
"州刺史刘轨","1","1","2"
"刺史刘轨背","1","1","2"
"史刘轨背叛","1","1","2"
"威将军刘裕","1","1","2"
"冀州刺史孙","1","1","2"
"南阳太守庾","1","1","2"
"阳太守庾仄","1","1","2"
"建武将军刘","1","1","2"
"武将军刘裕","1","1","2"
"八州诸军事","1","1","2"
"杀尚书左仆","1","1","2"
"左仆射王愉","1","1","2"
"子荆州刺史","1","1","2"
"州刺史王绥","1","1","2"
"国将军何忌","2","0","2"
"子慕容超继","1","1","2"
"慕容超继承","1","1","2"
"容超继承伪","1","1","2"
"超继承伪位","1","1","2"
"弘农太守戴","1","1","2"
"农太守戴宁","1","1","2"
"建威主簿徐","1","1","2"
"威主簿徐惠","1","1","2"
"主簿徐惠子","1","1","2"
"簿徐惠子等","1","1","2"
"徐惠子等人","1","1","2"
"平西参军谯","1","1","2"
"西参军谯纵","1","1","2"
"刁预侵犯湘","1","1","2"
"预侵犯湘州","1","1","2"
"昭王玄盛派","1","1","2"
"州刺史杨孜","1","1","2"
"刺史杨孜敬","1","1","2"
"封车骑将军","1","1","2"
"持节监督征","1","1","2"
"节监督征讨","1","1","2"
"监督征讨蜀","1","1","2"
"冯跋杀死慕","1","1","2"
"跋杀死慕容","1","1","2"
"杀死慕容熙","1","1","2"
"吏部尚书孟","1","1","2"
"部尚书孟昶","1","1","2"
"任命抚军将","1","1","2"
"命抚军将军","1","1","2"
"寻阳发生地","1","1","2"
"阳发生地震","1","1","2"
"慕容兴宗侵","1","1","2"
"容兴宗侵犯","1","1","2"
"兴宗侵犯宿","1","1","2"
"宗侵犯宿豫","1","1","2"
"阳平太守刘","1","1","2"
"平太守刘千","1","1","2"
"太守刘千载","1","1","2"
"太守赵元都","1","1","2"
"刘裕率军队","1","1","2"
"裕率军队讨","1","1","2"
"刘裕进攻慕","1","1","2"
"裕进攻慕容","1","1","2"
"江州刺史何","1","1","2"
"卫将军刘毅","1","1","2"
"书左仆射孟","1","1","2"
"左仆射孟昶","1","1","2"
"德文都督宫","1","1","2"
"文都督宫城","1","1","2"
"太尉刘裕驻","1","1","2"
"屯兵南掖门","1","1","2"
"军刘敬宣屯","1","1","2"
"刘敬宣屯兵","1","1","2"
"敬宣屯兵北","1","1","2"
"宣屯兵北郊","1","1","2"
"辅国将军孟","1","1","2"
"国将军孟怀","1","1","2"
"将军孟怀玉","1","1","2"
"军孟怀玉屯","1","1","2"
"孟怀玉屯兵","1","1","2"
"怀玉屯兵南","1","1","2"
"玉屯兵南岸","1","1","2"
"武将军王仲","1","1","2"
"军王仲德屯","1","1","2"
"王仲德屯兵","1","1","2"
"仲德屯兵越","1","1","2"
"德屯兵越城","1","1","2"
"广武将军刘","1","1","2"
"武将军刘怀","1","1","2"
"将军刘怀默","1","1","2"
"军刘怀默屯","1","1","2"
"刘怀默屯兵","1","1","2"
"怀默屯兵建","1","1","2"
"默屯兵建阳","1","1","2"
"屯兵建阳门","1","1","2"
"辅国将军王","1","1","2"
"国将军王仲","1","1","2"
"河间内史蒯","1","1","2"
"间内史蒯恩","1","1","2"
"内史蒯恩等","1","1","2"
"史蒯恩等率","1","1","2"
"右将军刘藩","1","1","2"
"刺史杜慧度","1","1","2"
"史杜慧度杀","1","1","2"
"任命吴兴太","1","1","2"
"命吴兴太守","1","1","2"
"吴兴太守孔","1","1","2"
"兴太守孔靖","1","1","2"
"乞伏公府杀","1","1","2"
"西大将军刘","1","1","2"
"大将军刘道","1","1","2"
"朱龄石攻克","1","1","2"
"龄石攻克成","1","1","2"
"石攻克成都","1","1","2"
"西南夷铜头","1","1","2"
"南夷铜头大","1","1","2"
"夷铜头大师","1","1","2"
"铜头大师都","1","1","2"
"军队讨伐秃","1","1","2"
"队讨伐秃发","1","1","2"
"雍州刺史鲁","1","1","2"
"州刺史鲁宗","1","1","2"
"统率军队讨","1","1","2"
"部尚书谢裕","1","1","2"
"陵王司马蕴","1","1","2"
"左仆射谢裕","1","1","2"
"任命尚书右","1","1","2"
"命尚书右仆","1","1","2"
"书右仆射刘","1","1","2"
"右仆射刘穆","1","1","2"
"鲁轨侵犯襄","1","1","2"
"轨侵犯襄阳","1","1","2"
"雍州刺史赵","1","1","2"
"州刺史赵伦","1","1","2"
"姚泓部将姚","2","0","2"
"正月甲戌初","1","1","2"
"月甲戌初一","1","1","2"
"徐道期攻陷","1","1","2"
"道期攻陷广","1","1","2"
"期攻陷广州","1","1","2"
"始兴相刘谦","1","1","2"
"青州刺史沈","1","1","2"
"州刺史沈田","1","1","2"
"刺史沈田子","1","1","2"
"害死龙骧将","2","0","2"
"死龙骧将军","2","0","2"
"时年三十七","2","0","2"
"升任车骑大","1","1","2"
"任车骑大将","1","1","2"
"床对桓振说","1","1","2"
"义熙十二年","1","1","2"
"符合大雅谦","1","1","2"
"合大雅谦虚","1","1","2"
"时太尉刘裕","1","1","2"
"太尉刘裕都","1","1","2"
"尉刘裕都督","1","1","2"
"刘裕都督中","1","1","2"
"裕都督中外","1","1","2"
"帝向安帝上","1","1","2"
"向安帝上疏","1","1","2"
"率所属军队","1","1","2"
"骠骑将军刘","1","1","2"
"骑将军刘道","1","1","2"
"将军刘道怜","1","1","2"
"冬十月二十","1","1","2"
"加特殊礼遇","1","1","2"
"劝恭帝禅位","1","1","2"
"恭帝欣然对","1","1","2"
"瓦官寺迎接","1","1","2"
"安帝智力低","1","1","2"
"帝智力低下","1","1","2"
"地说成二百","1","1","2"
"说成二百年","1","1","2"
"司马谈父子","1","1","2"
"后中垒校尉","1","1","2"
"中垒校尉刘","1","1","2"
"垒校尉刘向","1","1","2"
"汉秘书郎郗","1","1","2"
"秘书郎郗萌","1","1","2"
"书郎郗萌记","1","1","2"
"月行十三度","2","0","2"
"黄道六十七","1","1","2"
"道六十七度","1","1","2"
"吴太常姚信","1","1","2"
"周天三百六","2","0","2"
"天三百六十","2","0","2"
"二十八宿半","1","1","2"
"残缺左右所","1","1","2"
"陆绩造浑象","2","0","2"
"六十五度五","1","1","2"
"十五度五百","1","1","2"
"五度五百八","1","1","2"
"八十九分度","1","1","2"
"地三十六度","2","0","2"
"十二度半强","2","0","2"
"九十一度少","2","0","2"
"十一度少强","2","0","2"
"奎十四少强","2","0","2"
"赤道二十四","1","1","2"
"道二十四度","1","1","2"
"入赤道内极","1","1","2"
"四十六度强","2","0","2"
"一十九度少","2","0","2"
"十九度少弱","2","0","2"
"昼行地上度","2","0","2"
"行地上度稍","2","0","2"
"夜行地下度","2","0","2"
"行地下度稍","2","0","2"
"见漏五十刻","2","0","2"
"三十二万九","1","1","2"
"十二万九千","1","1","2"
"二万九千四","1","1","2"
"九千四百一","1","1","2"
"千四百一里","1","1","2"
"四百一里一","1","1","2"
"百一里一百","1","1","2"
"一里一百二","1","1","2"
"里一百二十","1","1","2"
"百二十二步","1","1","2"
"二十二步二","1","1","2"
"十二步二尺","1","1","2"
"二步二尺二","1","1","2"
"步二尺二寸","1","1","2"
"二尺二寸一","1","1","2"
"尺二寸一分","1","1","2"
"二寸一分七","1","1","2"
"寸一分七十","1","1","2"
"一分七十一","1","1","2"
"分七十一分","1","1","2"
"七十一分分","1","1","2"
"颍川阳城地","1","1","2"
"千里差一寸","1","1","2"
"天体员弹丸","2","0","2"
"八万一千三","1","1","2"
"三百九十四","1","1","2"
"百九十四里","1","1","2"
"九十四里三","1","1","2"
"十四里三十","1","1","2"
"四里三十步","1","1","2"
"里三十步五","1","1","2"
"三十步五尺","1","1","2"
"十步五尺三","1","1","2"
"步五尺三寸","1","1","2"
"五尺三寸六","1","1","2"
"六万二千七","1","1","2"
"二千七百八","1","1","2"
"七百八十八","1","1","2"
"百八十八里","1","1","2"
"八十八里六","1","1","2"
"十八里六十","1","1","2"
"八里六十一","1","1","2"
"里六十一步","1","1","2"
"六十一步四","1","1","2"
"十一步四尺","1","1","2"
"一步四尺七","1","1","2"
"步四尺七寸","1","1","2"
"四尺七寸二","1","1","2"
"尺七寸二分","1","1","2"
"五十一万三","1","1","2"
"一万三千六","1","1","2"
"三千六百八","1","1","2"
"六百八十七","1","1","2"
"百八十七里","1","1","2"
"八十七里六","1","1","2"
"十七里六十","1","1","2"
"七里六十八","1","1","2"
"里六十八步","1","1","2"
"六十八步一","1","1","2"
"十八步一尺","1","1","2"
"八步一尺八","1","1","2"
"步一尺八寸","1","1","2"
"一尺八寸二","1","1","2"
"尺八寸二分","1","1","2"
"五十五万七","1","1","2"
"五万七千三","1","1","2"
"三百一十七","1","1","2"
"百一十七里","1","1","2"
"七尺三寸半","1","1","2"
"尺三寸半分","1","1","2"
"一丈四尺六","1","1","2"
"丈四尺六寸","1","1","2"
"四尺六寸一","1","1","2"
"尺六寸一分","1","1","2"
"一丈九寸五","1","1","2"
"丈九寸五分","1","1","2"
"九寸五分四","1","1","2"
"寸五分四分","1","1","2"
"五分四分分","1","1","2"
"一百一十八","1","1","2"
"百一十八名","1","1","2"
"七百八十三","1","1","2"
"一千五百二","1","1","2"
"史令陈卓总","1","1","2"
"巫咸三家所","1","1","2"
"咸三家所著","1","1","2"
"一千四百六","1","1","2"
"四百六十四","1","1","2"
"中一星曰天","2","0","2"
"紫宫门右星","1","1","2"
"宫门左星内","1","1","2"
"主平刑断狱","2","0","2"
"大将军建威","1","1","2"
"司隶赏功进","1","1","2"
"佐帝王安邦","1","1","2"
"第二星曰次","2","0","2"
"第三星曰次","2","0","2"
"天子布政宫","2","0","2"
"左执法东北","1","1","2"
"东北一星曰","2","0","2"
"北一星曰太","2","0","2"
"四星曰内平","2","0","2"
"天市垣二十","1","1","2"
"市垣二十二","1","1","2"
"腾蛇二十二","1","1","2"
"御风雨水道","1","1","2"
"中一星曰积","2","0","2"
"天地日月星","1","1","2"
"地日月星辰","1","1","2"
"南三星曰天","2","0","2"
"庙堂祭祀祝","1","1","2"
"堂祭祀祝祷","1","1","2"
"祭祀祝祷事","1","1","2"
"主死丧哭泣","2","0","2"
"西北星主积","1","1","2"
"北星主积金","1","1","2"
"星主积金玉","1","1","2"
"魏太史令陈","1","1","2"
"南斗十一度","1","1","2"
"南斗十二度","1","1","2"
"箕六度广阳","1","1","2"
"东井二十九","1","1","2"
"井二十九度","1","1","2"
"二十九度上","1","1","2"
"十九度上党","1","1","2"
"中央季夏土","1","1","2"
"所行所直辰","2","0","2"
"凡五星所聚","1","1","2"
"谓惊立绝行","2","0","2"
"命武陵太守","1","1","2"
"武陵太守刘","1","1","2"
"陵太守刘睿","1","1","2"
"南极老人星","1","1","2"
"五行气所生","1","1","2"
"眡昆氏掌十","1","1","2"
"氏掌十煇法","2","0","2"
"顺虹击者胜","2","0","2"
"青云黄云临","1","1","2"
"天地四方昏","1","1","2"
"牛羊群畜穹","1","1","2"
"羊群畜穹庐","1","1","2"
"太安二年八","1","1","2"
"安二年八月","1","1","2"
"二年八月庚","1","1","2"
"升平五年八","1","1","2"
"平五年八月","1","1","2"
"太兴二年八","1","1","2"
"兴二年八月","1","1","2"
"年八月戊戌","1","1","2"
"三年十月壬","1","1","2"
"年十月壬辰","1","1","2"
"隆安五年闰","1","1","2"
"安五年闰月","1","1","2"
"五年闰月癸","1","1","2"
"年闰月癸丑","1","1","2"
"六年九月戊","1","1","2"
"年九月戊子","1","1","2"
"义熙元年八","1","1","2"
"熙元年八月","1","1","2"
"二年六月戊","1","1","2"
"年六月戊辰","1","1","2"
"公卿士大夫","1","1","2"
"十一月戊戌","1","1","2"
"六年正月戊","1","1","2"
"年正月戊辰","1","1","2"
"青龙元年闰","1","1","2"
"龙元年闰月","1","1","2"
"元年闰月庚","1","1","2"
"少帝正始元","1","1","2"
"帝正始元年","1","1","2"
"正始元年七","1","1","2"
"始元年七月","1","1","2"
"元年七月戊","1","1","2"
"年七月戊申","1","1","2"
"三年四月戊","1","1","2"
"年四月戊戌","1","1","2"
"四年五月丁","1","1","2"
"五年四月丙","1","1","2"
"年四月丙辰","1","1","2"
"六年四月壬","1","1","2"
"八年二月庚","1","1","2"
"年二月庚午","1","1","2"
"九年正月乙","1","1","2"
"正月乙未朔","2","0","2"
"嘉平元年二","1","1","2"
"元年二月二","1","1","2"
"年二月二月","1","1","2"
"乡公甘露四","1","1","2"
"公甘露四年","1","1","2"
"甘露四年七","1","1","2"
"露四年七月","1","1","2"
"四年七月戊","1","1","2"
"年七月戊子","1","1","2"
"年正月乙酉","1","1","2"
"元帝景元二","1","1","2"
"帝景元二年","1","1","2"
"景元二年五","1","1","2"
"二年五月丁","1","1","2"
"年五月丁未","1","1","2"
"泰始二年七","1","1","2"
"始二年七月","1","1","2"
"二年七月丙","1","1","2"
"年七月丙午","1","1","2"
"七年十月丁","1","1","2"
"八年十月辛","1","1","2"
"年十月辛未","1","1","2"
"十月辛未朔","2","0","2"
"九年四月戊","1","1","2"
"年四月戊辰","1","1","2"
"四月戊辰朔","2","0","2"
"七月丁酉朔","2","0","2"
"十年正月乙","1","1","2"
"元年七月甲","1","1","2"
"七月甲申晦","2","0","2"
"四年正月庚","1","1","2"
"年正月庚午","1","1","2"
"太康四年三","1","1","2"
"四年三月辛","1","1","2"
"年三月辛丑","1","1","2"
"三月辛丑朔","2","0","2"
"七年正月甲","1","1","2"
"年正月甲寅","1","1","2"
"正月甲寅朔","2","0","2"
"八年正月戊","1","1","2"
"九年正月壬","1","1","2"
"正月壬申朔","2","0","2"
"永熙元年四","1","1","2"
"元年四月庚","1","1","2"
"年四月庚申","1","1","2"
"惠帝元庚九","1","1","2"
"帝元庚九年","1","1","2"
"元庚九年十","1","1","2"
"庚九年十一","1","1","2"
"永宁元年闰","1","1","2"
"宁元年闰月","1","1","2"
"元年闰月丙","1","1","2"
"年闰月丙戌","1","1","2"
"闰月丙戌朔","2","0","2"
"光熙元年正","1","1","2"
"元年正月戊","1","1","2"
"年正月戊子","1","1","2"
"正月戊子朔","2","0","2"
"七月乙酉朔","2","0","2"
"二月壬午朔","2","0","2"
"二年正月丙","1","1","2"
"六年二月壬","1","1","2"
"年二月壬子","1","1","2"
"年六月丁巳","1","1","2"
"时帝蒙尘平","2","0","2"
"四月丁丑朔","2","0","2"
"太宁三年十","1","1","2"
"宁三年十一","1","1","2"
"二年五月甲","1","1","2"
"年五月甲申","1","1","2"
"五月甲申朔","2","0","2"
"六年三月壬","1","1","2"
"年三月壬戌","1","1","2"
"见王导夫人","1","1","2"
"王导夫人曹","1","1","2"
"导夫人曹氏","1","1","2"
"咸康元年十","1","1","2"
"康元年十月","1","1","2"
"年十月乙未","1","1","2"
"十月乙未朔","2","0","2"
"七年二月甲","1","1","2"
"穆帝永二年","2","0","2"
"七年正月丁","1","1","2"
"年正月丁酉","1","1","2"
"八年正月辛","1","1","2"
"年正月辛卯","1","1","2"
"十二年十月","1","1","2"
"二年十月癸","1","1","2"
"十月癸巳朔","2","0","2"
"苻生互相吞","1","1","2"
"生互相吞噬","1","1","2"
"升平四年八","1","1","2"
"平四年八月","1","1","2"
"四年八月辛","1","1","2"
"年八月辛丑","1","1","2"
"元年三月甲","1","1","2"
"年三月甲寅","1","1","2"
"三月甲寅朔","2","0","2"
"二月戊午朔","2","0","2"
"海西公太三","2","0","2"
"西公太三年","2","0","2"
"三年三月丁","1","1","2"
"年三月丁巳","1","1","2"
"三月丁巳朔","2","0","2"
"五年七月癸","1","1","2"
"年七月癸酉","1","1","2"
"七月癸酉朔","2","0","2"
"武帝宁康三","1","1","2"
"帝宁康三年","1","1","2"
"宁康三年十","1","1","2"
"康三年十月","1","1","2"
"三年十月癸","1","1","2"
"年十月癸酉","1","1","2"
"十月癸酉朔","2","0","2"
"太元四年闰","1","1","2"
"元四年闰月","1","1","2"
"四年闰月己","1","1","2"
"年闰月己酉","1","1","2"
"六年六月庚","1","1","2"
"九年十月辛","1","1","2"
"年十月辛亥","1","1","2"
"十月辛亥朔","2","0","2"
"十七年五月","1","1","2"
"七年五月丁","1","1","2"
"年五月丁卯","1","1","2"
"五月丁卯朔","2","0","2"
"二十年三月","1","1","2"
"十年三月庚","1","1","2"
"年三月庚辰","1","1","2"
"三月庚辰朔","2","0","2"
"隆安四年六","1","1","2"
"安四年六月","1","1","2"
"四年六月庚","1","1","2"
"年六月庚辰","1","1","2"
"时元显执政","1","1","2"
"元兴二年四","1","1","2"
"兴二年四月","1","1","2"
"二年四月癸","1","1","2"
"义熙三年七","1","1","2"
"熙三年七月","1","1","2"
"年七月戊戌","1","1","2"
"十年九月丁","1","1","2"
"年九月丁巳","1","1","2"
"一年七月辛","1","1","2"
"年七月辛亥","1","1","2"
"年正月甲戌","1","1","2"
"元熙元年十","1","1","2"
"眡祲氏掌十","1","1","2"
"泰始五年七","1","1","2"
"始五年七月","1","1","2"
"五年七月甲","1","1","2"
"元康元年十","1","1","2"
"十一月甲申","1","1","2"
"日中若飞燕","2","0","2"
"中若飞燕者","2","0","2"
"太安元年十","1","1","2"
"黄黑气掩日","1","1","2"
"五年三月庚","1","1","2"
"年三月庚申","1","1","2"
"二年正月辛","1","1","2"
"年正月辛未","1","1","2"
"正月辛未辰","1","1","2"
"月辛未辰时","1","1","2"
"五年正月庚","1","1","2"
"年正月庚子","1","1","2"
"四年二月癸","1","1","2"
"帝宠幸刘隗","1","1","2"
"骠骑将军戴","1","1","2"
"骑将军戴若","1","1","2"
"军戴若思等","1","1","2"
"桂阳太守华","1","1","2"
"阳太守华包","1","1","2"
"年白虹贯日","1","1","2"
"八年正月壬","1","1","2"
"张重华凉州","2","0","2"
"十年十月庚","1","1","2"
"年十月庚辰","1","1","2"
"十一年三月","1","1","2"
"一年三月戊","1","1","2"
"升平三年十","1","1","2"
"平三年十月","1","1","2"
"三年十月丙","1","1","2"
"年十月丙午","1","1","2"
"三年九月戊","1","1","2"
"年九月戊辰","1","1","2"
"九月戊辰夜","1","1","2"
"二年三月庚","1","1","2"
"年三月庚寅","1","1","2"
"日中黑子二","2","0","2"
"元十三年二","1","1","2"
"十三年二月","1","1","2"
"三年二月庚","1","1","2"
"年二月庚子","1","1","2"
"世子元显专","1","1","2"
"子元显专行","1","1","2"
"十一月辛亥","1","1","2"
"恭帝元熙二","1","1","2"
"帝元熙二年","1","1","2"
"元熙二年正","1","1","2"
"黄初四年十","1","1","2"
"初四年十一","1","1","2"
"永嘉五年三","1","1","2"
"嘉五年三月","1","1","2"
"五年三月壬","1","1","2"
"年三月壬申","1","1","2"
"三月壬申丙","1","1","2"
"月壬申丙夜","1","1","2"
"四年闰月乙","1","1","2"
"年闰月乙亥","1","1","2"
"义熙九年十","1","1","2"
"熙九年十二","1","1","2"
"年十二月辛","1","1","2"
"时刘裕辅政","1","1","2"
"十一年十一","1","1","2"
"魏明帝太五","2","0","2"
"明帝太五年","2","0","2"
"龙二年十月","1","1","2"
"二年十月乙","1","1","2"
"年十月乙丑","1","1","2"
"元年十月丁","1","1","2"
"年十月丁未","1","1","2"
"齐王嘉平元","1","1","2"
"王嘉平元年","1","1","2"
"年正月甲午","1","1","2"
"等率众奉帝","1","1","2"
"率众奉帝伐","1","1","2"
"众奉帝伐成","1","1","2"
"帝伐成都王","1","1","2"
"太兴二年十","1","1","2"
"永昌元年三","1","1","2"
"昌元年三月","1","1","2"
"将军刘隗奔","2","0","2"
"五年四月辛","1","1","2"
"时桓温伐苻","1","1","2"
"年十一月壬","1","1","2"
"正月乙丑辰","1","1","2"
"月乙丑辰时","1","1","2"
"冀州刺史吕","1","1","2"
"州刺史吕护","1","1","2"
"慕容苻坚","2","0","2"
"助刺史周楚","1","1","2"
"刺史周楚讨","1","1","2"
"海西太元年","2","0","2"
"元年二月丙","1","1","2"
"年二月丙子","1","1","2"
"苻坚所灭","2","0","2"
"时琅邪王辅","1","1","2"
"琅邪王辅政","1","1","2"
"陈郡人袁悦","1","1","2"
"四年正月乙","1","1","2"
"元兴元年四","1","1","2"
"元年四月辛","1","1","2"
"年四月辛丑","1","1","2"
"刘裕尽诛桓","2","0","2"
"裕尽诛桓氏","2","0","2"
"年四月己卯","1","1","2"
"荆州刺史魏","1","1","2"
"州刺史魏咏","1","1","2"
"州刺史王谧","1","1","2"
"十二月丙午","1","1","2"
"刘裕大军北","1","1","2"
"裕大军北讨","1","1","2"
"大军北讨慕","1","1","2"
"军北讨慕容","1","1","2"
"北讨慕容超","1","1","2"
"七年六月庚","1","1","2"
"八年正月庚","1","1","2"
"年正月庚戌","1","1","2"
"四年四月壬","1","1","2"
"十二月丁巳","1","1","2"
"下二千余人","1","1","2"
"司马越专权","1","1","2"
"海王越所杀","1","1","2"
"建武元年五","1","1","2"
"武元年五月","1","1","2"
"元年五月癸","1","1","2"
"年五月癸未","1","1","2"
"愍帝蒙尘平","2","0","2"
"太兴二年七","1","1","2"
"三年六月丙","1","1","2"
"年六月丙辰","1","1","2"
"太白犯荧惑","2","0","2"
"穆帝永四年","2","0","2"
"帝永四年五","2","0","2"
"永四年五月","2","0","2"
"年刘显杀石","1","1","2"
"刘显杀石祗","1","1","2"
"升平二年八","1","1","2"
"平二年八月","1","1","2"
"五年十月丁","1","1","2"
"年十月丁卯","1","1","2"
"时桓温擅权","1","1","2"
"三年六月甲","1","1","2"
"年正月己酉","1","1","2"
"岁星犯填星","2","0","2"
"谋杀侍中王","1","1","2"
"杀侍中王坦","1","1","2"
"宁康二年十","1","1","2"
"康二年十一","1","1","2"
"太元元年七","1","1","2"
"十七年九月","1","1","2"
"七年九月丁","1","1","2"
"十九年十月","1","1","2"
"三年二月壬","1","1","2"
"年二月壬辰","1","1","2"
"义熙二年十","1","1","2"
"十二月丁未","1","1","2"
"三年二月癸","1","1","2"
"荧惑犯辰星","2","0","2"
"十二月辛丑","1","1","2"
"七年七月丁","1","1","2"
"八年七月甲","1","1","2"
"九年二月丙","1","1","2"
"年二月丙午","1","1","2"
"十四年十月","1","1","2"
"四年十月癸","1","1","2"
"元熙元年三","1","1","2"
"熙元年三月","1","1","2"
"元年三月五","1","1","2"
"年三月五日","1","1","2"
"年四月丙戌","1","1","2"
"东南曰扬州","2","0","2"
"正南曰荆州","2","0","2"
"河南曰豫州","2","0","2"
"正东曰青州","2","0","2"
"河东曰兗州","2","0","2"
"置郡国二十","2","0","2"
"郡国二十三","2","0","2"
"高祖增二十","1","1","2"
"祖增二十六","1","1","2"
"武帝改河上","1","1","2"
"司隶校尉部","1","1","2"
"郡国一百七","1","1","2"
"国一百七十","1","1","2"
"十万九千八","1","1","2"
"九百一十三","1","1","2"
"百一十三里","1","1","2"
"三十五万六","1","1","2"
"十五万六千","1","1","2"
"六千九百七","1","1","2"
"九百七十里","1","1","2"
"公侯伯子男","1","1","2"
"子男五十里","1","1","2"
"十里国六十","2","0","2"
"千七百七十","1","1","2"
"百七十一万","1","1","2"
"七十一万四","1","1","2"
"一万四千九","1","1","2"
"四千九百三","1","1","2"
"九百三十三","1","1","2"
"礼乐征伐诸","2","0","2"
"八百八十亩","1","1","2"
"甸六十四井","1","1","2"
"街路三千六","1","1","2"
"路三千六百","1","1","2"
"三千六百井","1","1","2"
"六千四百井","1","1","2"
"封三百六十","2","0","2"
"百六十六里","1","1","2"
"六万四千井","1","1","2"
"六十四万井","1","1","2"
"二百二十三","1","1","2"
"二十三万三","1","1","2"
"五千九百五","1","1","2"
"九百五十九","1","1","2"
"百五十九万","1","1","2"
"五十九万四","1","1","2"
"四千九百七","1","1","2"
"九百七十八","1","1","2"
"地东西九千","1","1","2"
"东西九千三","1","1","2"
"西九千三百","1","1","2"
"三百六十八","1","1","2"
"百六十八里","1","1","2"
"郡二十九县","1","1","2"
"六十七万七","1","1","2"
"七万七千九","1","1","2"
"万七千九百","1","1","2"
"七千九百六","1","1","2"
"五千六百四","1","1","2"
"六百四十八","1","1","2"
"四十八万六","1","1","2"
"十八万六千","1","1","2"
"八万六千八","1","1","2"
"万六千八百","1","1","2"
"六千八百五","1","1","2"
"千八百五十","1","1","2"
"八百五十六","1","1","2"
"刘备章武元","1","1","2"
"备章武元年","1","1","2"
"邑千四百户","2","0","2"
"邑千二百户","2","0","2"
"地方六十里","2","0","2"
"五千户小国","2","0","2"
"二百四十五","1","1","2"
"百四十五万","1","1","2"
"四十五万九","1","1","2"
"五万九千八","1","1","2"
"九千八百四","1","1","2"
"一千六百一","1","1","2"
"六百一十六","1","1","2"
"百一十六万","1","1","2"
"一十六万三","1","1","2"
"六万三千八","1","1","2"
"三千八百六","1","1","2"
"八百六十三","1","1","2"
"光武都洛阳","2","0","2"
"司隶校尉统","1","1","2"
"四十七万五","1","1","2"
"七万五千七","1","1","2"
"万五千七百","1","1","2"
"一万四千四","1","1","2"
"巩周孝王封","1","1","2"
"周孝王封周","1","1","2"
"孝王封周桓","1","1","2"
"王封周桓公","1","1","2"
"河阴新安函","1","1","2"
"阴新安函谷","1","1","2"
"新安函谷关","1","1","2"
"安函谷关所","1","1","2"
"池华阴华山","1","1","2"
"户四万二千","2","0","2"
"四万二千五","1","1","2"
"怀平皋邢侯","1","1","2"
"户三万五千","2","0","2"
"三万五千二","1","1","2"
"户五万一千","2","0","2"
"元城汉元后","1","1","2"
"户六千三百","2","0","2"
"汉武陵郡孱","1","1","2"
"武陵郡孱陵","1","1","2"
"陵郡孱陵县","1","1","2"
"郡孱陵县界","1","1","2"
"户八万三千","2","0","2"
"八万三千三","1","1","2"
"户二万一千","2","0","2"
"定陶汉高祖","1","1","2"
"陶汉高祖封","1","1","2"
"汉高祖封彭","1","1","2"
"高祖封彭越","1","1","2"
"钜野鲁获麟","1","1","2"
"户三千五百","2","0","2"
"户九千三百","2","0","2"
"二万八千三","1","1","2"
"万八千三百","1","1","2"
"许昌汉献帝","1","1","2"
"汉献帝都许","2","0","2"
"新汲长平汝","1","1","2"
"汲长平汝南","1","1","2"
"长平汝南郡","1","1","2"
"二万一千五","1","1","2"
"相沛汉高祖","1","1","2"
"户一万六千","2","0","2"
"穆帝永五年","2","0","2"
"属右北平郡","1","1","2"
"护东夷校尉","1","1","2"
"宁二年十月","1","1","2"
"一万八千一","1","1","2"
"属辽东属国","1","1","2"
"辽东属国都","1","1","2"
"东属国都尉","1","1","2"
"辽东等属青","1","1","2"
"东等属青州","1","1","2"
"浑弥遂城秦","1","1","2"
"冀州刺史镇","1","1","2"
"上郡等五郡","1","1","2"
"魏黄初元年","1","1","2"
"州统郡国六","2","0","2"
"刘聪攻陷洛","1","1","2"
"聪攻陷洛阳","1","1","2"
"刘曜徙都长","2","0","2"
"曜徙都长安","2","0","2"
"九万九千五","1","1","2"
"户七千七百","2","0","2"
"下邽秦武公","1","1","2"
"粟邑莲芍郃","1","1","2"
"邑莲芍郃阳","1","1","2"
"莲芍郃阳夏","1","1","2"
"芍郃阳夏阳","1","1","2"
"郃阳夏阳故","1","1","2"
"阳夏阳故少","1","1","2"
"夏阳故少梁","1","1","2"
"扶风郡汉武","1","1","2"
"风郡汉武帝","1","1","2"
"陈仓美阳岐","1","1","2"
"仓美阳岐山","1","1","2"
"凉二州牧镇","1","1","2"
"朔州牧镇高","1","1","2"
"州牧镇高平","1","1","2"
"州牧镇蒲坂","2","0","2"
"豫州刺史镇","2","0","2"
"洛州刺史镇","2","0","2"
"州刺史镇陕","2","0","2"
"州刺史镇仓","2","0","2"
"刺史镇仓垣","2","0","2"
"许昌置东豫","1","1","2"
"昌置东豫州","1","1","2"
"北秦州刺史","1","1","2"
"北河南七郡","1","1","2"
"美阳甘泉宫","1","1","2"
"匈奴铸金人","1","1","2"
"奴铸金人祭","1","1","2"
"铸金人祭天","1","1","2"
"户二千五百","2","0","2"
"三万二千一","1","1","2"
"略阳郡本名","1","1","2"
"阴平郡泰始","1","1","2"
"户一万五千","2","0","2"
"户四千二百","2","0","2"
"太康六年九","1","1","2"
"康六年九月","1","1","2"
"州郡县没李","2","0","2"
"分属杨茂搜","1","1","2"
"立南北二阴","1","1","2"
"南北二阴平","1","1","2"
"北二阴平郡","1","1","2"
"置三十六郡","1","1","2"
"三郡属国都","1","1","2"
"郡属国都尉","1","1","2"
"改永宁巴东","2","0","2"
"蜀章武元年","1","1","2"
"刘禅建兴二","1","1","2"
"禅建兴二年","1","1","2"
"户三千一百","2","0","2"
"户五万三千","2","0","2"
"五万三千四","1","1","2"
"时益州郡县","1","1","2"
"户二万九千","2","0","2"
"立南夷校尉","1","1","2"
"南夷校尉护","1","1","2"
"广饶昌国乐","1","1","2"
"饶昌国乐毅","1","1","2"
"松林莱君祠","1","1","2"
"东莱人曹嶷","1","1","2"
"留长史羊穆","1","1","2"
"分置东阳郡","1","1","2"
"琅邪置东莞","1","1","2"
"邪置东莞郡","1","1","2"
"四千一百二","1","1","2"
"殷伯太彭国","1","1","2"
"二万九千五","1","1","2"
"临沂阳都缯","1","1","2"
"丘华费鲁季","1","1","2"
"华费鲁季氏","1","1","2"
"费鲁季氏邑","1","1","2"
"盐渎淮浦江","1","1","2"
"渎淮浦江都","1","1","2"
"青州城阳郡","1","1","2"
"武四县属东","1","1","2"
"四县属东莞","1","1","2"
"临淮置淮陵","1","1","2"
"淮置淮陵郡","1","1","2"
"堂邑置堂邑","1","1","2"
"邑置堂邑郡","1","1","2"
"北济阴四郡","1","1","2"
"郗鉴都督青","1","1","2"
"南东海七县","1","1","2"
"后汉献帝建","1","1","2"
"帝建安十三","1","1","2"
"建安十三年","1","1","2"
"长沙立安成","2","0","2"
"沙立安成郡","2","0","2"
"分南阳立义","1","1","2"
"南阳立义阳","1","1","2"
"阳立义阳郡","1","1","2"
"临贺三郡属","2","0","2"
"一百六十九","1","1","2"
"五万七千五","1","1","2"
"七千五百四","1","1","2"
"五百四十八","1","1","2"
"安陆横尾山","1","1","2"
"旌阳州陵楚","1","1","2"
"二万四千四","1","1","2"
"顺阳郡太康","1","1","2"
"阳郡太康中","2","0","2"
"户一万九千","2","0","2"
"一万五千二","1","1","2"
"四百四十八","1","1","2"
"一万三千二","1","1","2"
"万三千二百","1","1","2"
"南平郡吴置","1","1","2"
"太康元年改","1","1","2"
"户三万三千","2","0","2"
"衡阳郡吴置","1","1","2"
"一万九千五","1","1","2"
"二万五千一","1","1","2"
"祁阳零陵营","1","1","2"
"阳零陵营浦","1","1","2"
"零陵营浦洮","1","1","2"
"陵营浦洮阳","1","1","2"
"营浦洮阳永","1","1","2"
"浦洮阳永昌","1","1","2"
"洮阳永昌观","1","1","2"
"阳永昌观阳","1","1","2"
"永昌观阳营","1","1","2"
"昌观阳营道","1","1","2"
"观阳营道春","1","1","2"
"阳营道春陵","1","1","2"
"营道春陵泠","1","1","2"
"道春陵泠道","1","1","2"
"春陵泠道应","1","1","2"
"陵泠道应阳","1","1","2"
"泠道应阳东","1","1","2"
"道应阳东界","1","1","2"
"一万四千八","1","1","2"
"营阳六郡属","1","1","2"
"阳六郡属湘","1","1","2"
"六郡属湘州","1","1","2"
"项羽封英布","1","1","2"
"庐陵南部都","1","1","2"
"陵南部都尉","1","1","2"
"庐陵南部十","1","1","2"
"陵南部十四","1","1","2"
"南部十四郡","1","1","2"
"春谷十一县","1","1","2"
"三十一万一","1","1","2"
"五万一千五","1","1","2"
"江宁太康二","1","1","2"
"宁太康二年","1","1","2"
"丹杨丹杨山","1","1","2"
"杨丹杨山多","1","1","2"
"丹杨山多赤","1","1","2"
"杨山多赤柳","1","1","2"
"湖芜湖永世","1","1","2"
"芜湖永世溧","1","1","2"
"湖永世溧阳","1","1","2"
"永世溧阳溧","1","1","2"
"世溧阳溧水","1","1","2"
"二万三千五","1","1","2"
"万三千五百","1","1","2"
"宣城陵阳淮","1","1","2"
"城陵阳淮水","1","1","2"
"仙人陵阳子","1","1","2"
"人陵阳子明","1","1","2"
"三万三千四","1","1","2"
"寻阳居巢桀","1","1","2"
"阳居巢桀死","1","1","2"
"嘉兴海盐盐","1","1","2"
"兴海盐盐官","1","1","2"
"海盐盐官钱","1","1","2"
"山阴会稽山","1","1","2"
"一万二千二","1","1","2"
"柴桑二县置","1","1","2"
"桑二县置寻","1","1","2"
"二县置寻阳","1","1","2"
"县置寻阳郡","1","1","2"
"历阳二县置","1","1","2"
"阳二县置历","1","1","2"
"二县置历阳","1","1","2"
"县置历阳郡","1","1","2"
"永世置平陵","1","1","2"
"东海王世子","1","1","2"
"海王世子毗","1","1","2"
"横阳等四县","1","1","2"
"晋陵十一郡","1","1","2"
"时上党百姓","1","1","2"
"江陵三百里","1","1","2"
"绥安郡人户","1","1","2"
"松滋二郡寄","1","1","2"
"卒五十万人","1","1","2"
"所谓东南一","1","1","2"
"谓东南一尉","1","1","2"
"武帝元鼎六","1","1","2"
"帝元鼎六年","1","1","2"
"昭帝始元五","1","1","2"
"帝始元五年","1","1","2"
"三郡立广州","2","0","2"
"蜀建宁太守","1","1","2"
"宁太守霍弋","1","1","2"
"太守霍弋遥","1","1","2"
"麋泠妇人征","1","1","2"
"四万三千一","1","1","2"
"三千一百二","1","1","2"
"帝分南海立","2","0","2"
"同律度量衡","2","0","2"
"汉末天下大","1","1","2"
"间长三寸九","1","1","2"
"长三寸九分","1","1","2"
"零陵文学奚","1","1","2"
"陵文学奚景","1","1","2"
"奚景泠道舜","2","0","2"
"景泠道舜祠","2","0","2"
"泠道舜祠下","2","0","2"
"汲郡盗发六","2","0","2"
"郡盗发六国","2","0","2"
"盗发六国时","2","0","2"
"发六国时魏","2","0","2"
"时魏襄王冢","2","0","2"
"所宣养六气","2","0","2"
"宣养六气九","2","0","2"
"养六气九德","2","0","2"
"所宣布哲人","2","0","2"
"宣布哲人令","2","0","2"
"布哲人令德","2","0","2"
"俾莫任肃纯","2","0","2"
"莫任肃纯恪","2","0","2"
"六六三十六","1","1","2"
"三百六十音","1","1","2"
"黄钟长九寸","2","0","2"
"十二律损益","1","1","2"
"五音六十律","1","1","2"
"谏议大夫章","1","1","2"
"小黄令焦延","1","1","2"
"黄令焦延寿","1","1","2"
"六十律相生","1","1","2"
"吕上生执始","1","1","2"
"太子舍人张","1","1","2"
"子舍人张光","1","1","2"
"舍人张光等","1","1","2"
"河南杜夔精","1","1","2"
"令铸铜工柴","1","1","2"
"铸铜工柴玉","1","1","2"
"铜工柴玉铸","1","1","2"
"工柴玉铸钟","1","1","2"
"乐郎刘秀等","1","1","2"
"郎刘秀等校","1","1","2"
"问协律中郎","1","1","2"
"协律中郎将","1","1","2"
"律中郎将列","1","1","2"
"太乐乐府施","1","1","2"
"乐乐府施行","1","1","2"
"依十二律作","1","1","2"
"十二律作十","1","1","2"
"二律作十二","1","1","2"
"太乐四尺二","1","1","2"
"乐四尺二寸","1","1","2"
"大吕笛长二","1","1","2"
"吕笛长二尺","1","1","2"
"笛长二尺六","1","1","2"
"邓昊等依律","1","1","2"
"昊等依律作","1","1","2"
"等依律作大","1","1","2"
"依律作大吕","1","1","2"
"律作大吕笛","1","1","2"
"执乐者曰请","2","0","2"
"乐者曰请奏","2","0","2"
"重作蕤宾伏","1","1","2"
"作蕤宾伏孔","1","1","2"
"蕤宾伏孔笛","1","1","2"
"长二尺八寸","1","1","2"
"孔转下转浊","2","0","2"
"说律吕相生","1","1","2"
"吹笛者左手","1","1","2"
"笛体中翕声","2","0","2"
"二尺六寸六","1","1","2"
"尺六寸六分","1","1","2"
"六寸六分三","1","1","2"
"寸六分三厘","1","1","2"
"长二尺五寸","1","1","2"
"二尺五寸三","1","1","2"
"尺五寸三分","1","1","2"
"五寸三分一","1","1","2"
"寸三分一厘","1","1","2"
"长二尺四寸","1","1","2"
"二尺二寸三","1","1","2"
"尺二寸三分","1","1","2"
"二寸三分三","1","1","2"
"寸三分三厘","1","1","2"
"长三尺九寸","1","1","2"
"三尺九寸九","1","1","2"
"九寸九分五","1","1","2"
"寸九分五厘","1","1","2"
"长三尺七寸","1","1","2"
"三尺七寸九","1","1","2"
"尺七寸九分","1","1","2"
"七寸九分七","1","1","2"
"寸九分七厘","1","1","2"
"长三尺三寸","1","1","2"
"三尺三寸七","1","1","2"
"尺三寸七分","1","1","2"
"长二尺九寸","1","1","2"
"二尺九寸九","1","1","2"
"九寸九分六","1","1","2"
"寸九分六厘","1","1","2"
"八寸二百四","2","0","2"
"京房三分损","2","0","2"
"房三分损一","2","0","2"
"寸二千一百","2","0","2"
"十七分寸一","2","0","2"
"七分寸一千","2","0","2"
"六百三十一","1","1","2"
"六千四百八","1","1","2"
"六寸万九千","2","0","2"
"十三分寸万","2","0","2"
"三分寸万二","2","0","2"
"分寸万二千","2","0","2"
"寸万二千九","2","0","2"
"七百二十九","1","1","2"
"百二十九分","1","1","2"
"寸六千五百","2","0","2"
"五百二十四","1","1","2"
"蕤宾重上生","2","0","2"
"夷上生夹钟","2","0","2"
"射上生中吕","2","0","2"
"弘农宜阳县","1","1","2"
"农宜阳县金","1","1","2"
"宜阳县金门","1","1","2"
"阳县金门山","1","1","2"
"武帝泰始九","1","1","2"
"帝泰始九年","1","1","2"
"书监荀勖校","1","1","2"
"著作郎刘恭","1","1","2"
"作郎刘恭依","1","1","2"
"西京铜望臬","1","1","2"
"散骑侍郎陈","1","1","2"
"骑侍郎陈留","1","1","2"
"皆短校一米","2","0","2"
"零陵文学史","1","1","2"
"陵文学史奚","1","1","2"
"文学史奚景","1","1","2"
"勖尺短四分","1","1","2"
"一尺四分七","1","1","2"
"尺四分七厘","1","1","2"
"魏景元四年","1","1","2"
"王莽时刘歆","1","1","2"
"尺四分五厘","1","1","2"
"深九寸五分","2","0","2"
"勖尺一尺六","1","1","2"
"尺一尺六分","1","1","2"
"一尺六分二","1","1","2"
"尺六分二厘","1","1","2"
"五百六十二","1","1","2"
"一尺四寸一","1","1","2"
"尺四寸一分","1","1","2"
"四寸一分四","1","1","2"
"寸一分四毫","1","1","2"
"一分四毫七","1","1","2"
"分四毫七秒","1","1","2"
"四毫七秒二","1","1","2"
"毫七秒二忽","1","1","2"
"一千六百二","1","1","2"
"二千四百三","1","1","2"
"千四百三十","1","1","2"
"一尺三寸五","1","1","2"
"尺三寸五分","1","1","2"
"三寸五分五","1","1","2"
"一尺三寸六","1","1","2"
"三寸六分八","1","1","2"
"寸六分八厘","1","1","2"
"六分八厘七","1","1","2"
"分八厘七毫","1","1","2"
"九斗七升四","1","1","2"
"斗七升四合","1","1","2"
"赵石勒十八","1","1","2"
"石勒十八年","1","1","2"
"勒十八年七","1","1","2"
"十八年七月","1","1","2"
"臾区占星气","1","1","2"
"隶首作算数","1","1","2"
"百四十五斗","2","0","2"
"四十五斗分","2","0","2"
"文帝黄初中","2","0","2"
"太史丞韩翊","1","1","2"
"百八十三纪","2","0","2"
"八十三纪法","2","0","2"
"千二百五斗","2","0","2"
"二百五斗分","2","0","2"
"后尚书令陈","1","1","2"
"尚书令陈群","1","1","2"
"九八十一章","1","1","2"
"五百六十七","1","1","2"
"一道六十三","1","1","2"
"道六十三分","1","1","2"
"月行迟疾交","1","1","2"
"行迟疾交会","1","1","2"
"二年六月二","1","1","2"
"年六月二十","1","1","2"
"二十九日戊","1","1","2"
"十九日戊辰","1","1","2"
"先天二辰少","1","1","2"
"天二辰少弱","1","1","2"
"一月二十九","1","1","2"
"二十九日庚","1","1","2"
"十九日庚申","1","1","2"
"九日庚申加","1","1","2"
"日庚申加时","1","1","2"
"庚申加时西","1","1","2"
"申加时西南","1","1","2"
"加时西南维","1","1","2"
"时西南维日","1","1","2"
"二年七月十","1","1","2"
"年七月十五","1","1","2"
"七月十五日","1","1","2"
"月十五日癸","1","1","2"
"十五日癸未","1","1","2"
"加壬月加丙","1","1","2"
"壬月加丙蚀","1","1","2"
"日加丑月加","1","1","2"
"加丑月加未","1","1","2"
"丑月加未蚀","1","1","2"
"丙午月加酉","1","1","2"
"午月加酉强","1","1","2"
"三年五月二","1","1","2"
"年五月二十","1","1","2"
"五月二十四","1","1","2"
"二十四日丁","1","1","2"
"十四日丁亥","1","1","2"
"日丁亥晨见","2","0","2"
"七日庚辰见","2","0","2"
"月十五日戊","1","1","2"
"十五日戊寅","1","1","2"
"二十六日壬","1","1","2"
"十六日壬辰","1","1","2"
"一月二十一","1","1","2"
"二十一日丁","1","1","2"
"十一日丁亥","1","1","2"
"月十八日甲","1","1","2"
"十八日甲申","1","1","2"
"三年十月十","1","1","2"
"年十月十一","1","1","2"
"十一日壬申","1","1","2"
"一日壬申伏","1","1","2"
"十月七日戊","1","1","2"
"月七日戊辰","1","1","2"
"七日戊辰伏","1","1","2"
"二十二日壬","1","1","2"
"十二日壬子","1","1","2"
"年闰六月十","1","1","2"
"闰六月十五","1","1","2"
"二十二日乙","1","1","2"
"十二日乙卯","1","1","2"
"二日乙卯伏","1","1","2"
"先二十三日","2","0","2"
"三年九月十","1","1","2"
"年九月十一","1","1","2"
"十一日壬寅","1","1","2"
"月十八日庚","1","1","2"
"十八日庚辰","1","1","2"
"十一月十七","1","1","2"
"一月十七日","1","1","2"
"月十七日癸","1","1","2"
"十七日癸未","1","1","2"
"十三日己卯","1","1","2"
"十三日己酉","1","1","2"
"月十五日辛","1","1","2"
"十五日辛亥","1","1","2"
"五日辛亥伏","1","1","2"
"月十四日庚","1","1","2"
"十四日庚戌","1","1","2"
"四日庚戌伏","1","1","2"
"三年五月十","1","1","2"
"年五月十八","1","1","2"
"月十八日辛","1","1","2"
"十八日辛巳","1","1","2"
"年六月十三","1","1","2"
"月十三日丙","1","1","2"
"十三日丙午","1","1","2"
"三日丙午伏","1","1","2"
"六月二十日","1","1","2"
"月二十日癸","1","1","2"
"二十日癸丑","1","1","2"
"十日癸丑伏","1","1","2"
"月十九日壬","1","1","2"
"十九日壬子","1","1","2"
"九日壬子伏","1","1","2"
"年闰六月二","1","1","2"
"闰六月二十","1","1","2"
"二十五日丁","1","1","2"
"十五日丁亥","1","1","2"
"闰月九日辛","1","1","2"
"月九日辛未","1","1","2"
"闰月八日庚","1","1","2"
"月八日庚午","1","1","2"
"三年七月七","1","1","2"
"年七月七日","1","1","2"
"七月七日己","1","1","2"
"月七日己亥","1","1","2"
"七日己亥伏","1","1","2"
"七月十日壬","1","1","2"
"月十日壬寅","1","1","2"
"十日壬寅伏","1","1","2"
"十一月九日","1","1","2"
"一月九日己","1","1","2"
"月九日己亥","1","1","2"
"九日己亥伏","1","1","2"
"十一月八日","1","1","2"
"一月八日戊","1","1","2"
"月八日戊戌","1","1","2"
"八日戊戌伏","1","1","2"
"年十二月二","1","1","2"
"二十八日戊","1","1","2"
"十八日戊子","1","1","2"
"十二月壬申","1","1","2"
"年十一月望","1","1","2"
"正月朔旦立","2","0","2"
"月朔旦立春","2","0","2"
"二百五十四","1","1","2"
"置上元尽所","2","0","2"
"上元尽所求","2","0","2"
"入内纪甲子","1","1","2"
"内纪甲子年","1","1","2"
"入外纪甲午","1","1","2"
"外纪甲午年","1","1","2"
"闰余十二上","2","0","2"
"六百八十四","1","1","2"
"五百一十五","1","1","2"
"满二千三百","2","0","2"
"百五十六大","2","0","2"
"五十六大余","2","0","2"
"闰余减章岁","2","0","2"
"满章闰一月","2","0","2"
"五百五十七","1","1","2"
"课所近节气","2","0","2"
"天正朔夜半","2","0","2"
"朔夜半日所","2","0","2"
"大月加一日","2","0","2"
"章岁乘朔小","2","0","2"
"岁乘朔小余","2","0","2"
"满会数大分","2","0","2"
"大分朔夜半","2","0","2"
"分朔夜半日","2","0","2"
"三百一十二","1","1","2"
"加合朔度七","2","0","2"
"二百二十五","1","1","2"
"大小分度命","2","0","2"
"小分度命前","2","0","2"
"上弦日所度","2","0","2"
"加合朔度九","2","0","2"
"合朔度九十","2","0","2"
"朔度九十八","2","0","2"
"二百一明分","2","0","2"
"六百三十五","1","1","2"
"九百二十七","1","1","2"
"六百一十八","1","1","2"
"加大余七十","1","1","2"
"大余七十三","1","1","2"
"五千八百三","1","1","2"
"二千二百八","1","1","2"
"小分二十九","1","1","2"
"日满二十七","2","0","2"
"所盈减缩加","2","0","2"
"盈缩大小分","2","0","2"
"盈减缩加本","2","0","2"
"减入历日余","2","0","2"
"夜半入历日","1","1","2"
"半入历日余","1","1","2"
"入历日余乘","2","0","2"
"加余八百三","1","1","2"
"余八百三十","1","1","2"
"八百三十七","1","1","2"
"少大分八百","1","1","2"
"大分八百九","1","1","2"
"分八百九十","1","1","2"
"八百九十九","1","1","2"
"加次历变衰","1","1","2"
"历月行分乘","1","1","2"
"所求月合朔","1","1","2"
"求月合朔入","1","1","2"
"九百一十四","1","1","2"
"入迟疾历盈","1","1","2"
"定日余乘损","2","0","2"
"日余乘损益","2","0","2"
"余乘损益率","2","0","2"
"朔日夜半入","1","1","2"
"日夜半入历","1","1","2"
"日余三十一","1","1","2"
"加余二千七","1","1","2"
"余二千七百","1","1","2"
"入迟疾历夜","1","1","2"
"迟疾历夜半","1","1","2"
"疾历夜半盈","1","1","2"
"历夜半盈缩","1","1","2"
"缩减入阴阳","1","1","2"
"岁积七千三","2","0","2"
"通法乘月余","2","0","2"
"六万四千八","1","1","2"
"百九十五万","1","1","2"
"九十五万九","1","1","2"
"九千二百五","1","1","2"
"一千三百七","1","1","2"
"三千四百七","2","0","2"
"四十九万四","1","1","2"
"五十一万一","1","1","2"
"月余乘积合","2","0","2"
"满合月法月","2","0","2"
"满章月一闰","2","0","2"
"所满日度法","2","0","2"
"周天乘度分","2","0","2"
"满合月法一","2","0","2"
"合月法一月","2","0","2"
"前合朔小余","2","0","2"
"余满虚分者","2","0","2"
"行二十八度","1","1","2"
"千一十三分","2","0","2"
"见六百三十","1","1","2"
"六百三十六","1","1","2"
"一百一十度","1","1","2"
"行三百二十","1","1","2"
"三百二十度","1","1","2"
"见三百四十","1","1","2"
"晨伏东方八","1","1","2"
"伏东方八十","1","1","2"
"东方八十二","1","1","2"
"百四十六日","2","0","2"
"行二百四十","1","1","2"
"晨伏三十三","1","1","2"
"行六十五度","1","1","2"
"法伏日度余","2","0","2"
"加星合日度","2","0","2"
"星合日度余","2","0","2"
"星行分母乘","2","0","2"
"行分母乘见","2","0","2"
"分母乘见度","2","0","2"
"日加所行分","2","0","2"
"分满母一度","2","0","2"
"行母乘故分","2","0","2"
"十六日百七","2","0","2"
"六日百七十","2","0","2"
"日百七十四","2","0","2"
"行星二度三","2","0","2"
"星二度三百","2","0","2"
"四千六百七","2","0","2"
"千六百七分","2","0","2"
"日行五十八","2","0","2"
"十八日行十","2","0","2"
"八日行十一","2","0","2"
"十八日行九","2","0","2"
"八日行九度","2","0","2"
"日行七分一","2","0","2"
"八十四日退","2","0","2"
"十四日退十","2","0","2"
"四日退十二","2","0","2"
"日退十二度","2","0","2"
"日行十一分","2","0","2"
"七十一日百","2","0","2"
"十一日百四","2","0","2"
"一日百四十","2","0","2"
"日百四十八","2","0","2"
"行星五十五","2","0","2"
"星五十五度","2","0","2"
"五十五度百","2","0","2"
"十五度百二","2","0","2"
"五度百二十","2","0","2"
"八百六十分","2","0","2"
"百六十分半","2","0","2"
"十三分十四","2","0","2"
"日行六十二","2","0","2"
"六十二分十","2","0","2"
"十二分十七","2","0","2"
"六十二日退","2","0","2"
"十二日退十","2","0","2"
"二日退十七","2","0","2"
"日退十七度","2","0","2"
"日行十四分","2","0","2"
"十六日百一","2","0","2"
"六日百一十","2","0","2"
"日百一十二","2","0","2"
"百二十六分","2","0","2"
"二十六分半","2","0","2"
"行星一度百","2","0","2"
"星一度百九","2","0","2"
"一度百九十","2","0","2"
"九万五千八","1","1","2"
"六十四分半","2","0","2"
"日行十七分","2","0","2"
"行十七分一","2","0","2"
"百二日退六","2","0","2"
"二日退六度","2","0","2"
"百九十万五","1","1","2"
"九十万五千","1","1","2"
"十万五千八","1","1","2"
"百七十八日","2","0","2"
"行星十二度","2","0","2"
"五日退四度","2","0","2"
"日行四十六","2","0","2"
"四十六分三","2","0","2"
"十六分三十","2","0","2"
"六分三十三","2","0","2"
"四十六日行","2","0","2"
"十六日行三","2","0","2"
"六日行三十","2","0","2"
"三十三度顺","2","0","2"
"九十一分十","2","0","2"
"一分二十二","2","0","2"
"行百一十三","2","0","2"
"四十一日五","2","0","2"
"十一日五万","2","0","2"
"一日五万六","2","0","2"
"行星五十度","2","0","2"
"星五十度五","2","0","2"
"十度五万六","1","1","2"
"百九十二日","2","0","2"
"十度五万九","1","1","2"
"度五万九千","1","1","2"
"五万九千九","1","1","2"
"行一度十五","1","1","2"
"一度十五分","1","1","2"
"九日退七度","2","0","2"
"日行九分八","2","0","2"
"九日行八度","2","0","2"
"日行一度四","2","0","2"
"行一度四分","2","0","2"
"一度四分一","2","0","2"
"二十日行二","2","0","2"
"十日行二十","2","0","2"
"日行二十五","2","0","2"
"十六日六百","2","0","2"
"六日六百四","2","0","2"
"行星三十二","2","0","2"
"星三十二度","2","0","2"
"百一十五日","2","0","2"
"魏尚书郎杨","1","1","2"
"武帝元封七","1","1","2"
"帝元封七年","1","1","2"
"黄钟月历初","2","0","2"
"景初元年丁","1","1","2"
"天正建子黄","1","1","2"
"正建子黄钟","1","1","2"
"求数所生者","2","0","2"
"置一纪积月","2","0","2"
"迟疾纪差三","1","1","2"
"前元甲寅纪","1","1","2"
"次元甲子纪","1","1","2"
"元甲子纪差","1","1","2"
"甲子纪差率","1","1","2"
"千七百四十","1","1","2"
"七百四十四","1","1","2"
"中节前后四","2","0","2"
"节前后四日","2","0","2"
"前后四日者","2","0","2"
"中节前后五","2","0","2"
"节前后五日","2","0","2"
"前后五日上","2","0","2"
"后五日上者","2","0","2"
"正十一月冬","1","1","2"
"小分满气法","1","1","2"
"小余满纪法","1","1","2"
"小余五百九","1","1","2"
"余五百九十","1","1","2"
"五百九十二","1","1","2"
"小余满没法","1","1","2"
"小余四百八","1","1","2"
"余四百八十","1","1","2"
"四百八十三","1","1","2"
"半月所度分","2","0","2"
"分六百七十","1","1","2"
"六百七十九","1","1","2"
"月合朔日月","2","0","2"
"日月所共合","2","0","2"
"月所共合度","2","0","2"
"大分九百七","1","1","2"
"分九百七十","1","1","2"
"九百七十七","1","1","2"
"小分四十二","1","1","2"
"分满通法大","2","0","2"
"次月合朔日","1","1","2"
"二百七十九","1","1","2"
"小分三十四","1","1","2"
"所入纪下交","2","0","2"
"入纪下交会","2","0","2"
"交会差率数","2","0","2"
"会差率数加","2","0","2"
"先交后会者","2","0","2"
"先会后交者","2","0","2"
"余满日法一","1","1","2"
"一月合朔入","1","1","2"
"合朔入历日","1","1","2"
"周日度小分","1","1","2"
"朔望加时所","1","1","2"
"所求年二十","1","1","2"
"求年二十四","1","1","2"
"星合朔大余","1","1","2"
"通数乘月余","2","0","2"
"所行星度数","2","0","2"
"八万六千五","1","1","2"
"六千五百四","1","1","2"
"一千二十四","2","0","2"
"三百六十一","1","1","2"
"十六日九十","2","0","2"
"六日九十九","2","0","2"
"日九十九万","2","0","2"
"三十二分行","2","0","2"
"十二分行星","2","0","2"
"二分行星二","2","0","2"
"分行星二度","2","0","2"
"行星二度百","2","0","2"
"星二度百七","2","0","2"
"度百七十九","2","0","2"
"行五十七分","1","1","2"
"十七日行十","2","0","2"
"七日行十一","2","0","2"
"十七日行九","2","0","2"
"七日行九度","2","0","2"
"七十二日百","2","0","2"
"十二日百七","2","0","2"
"二日百七十","2","0","2"
"日百七十九","2","0","2"
"一十五分行","2","0","2"
"十五分行星","2","0","2"
"五分行星五","2","0","2"
"行星五十六","2","0","2"
"星五十六度","2","0","2"
"五十六度百","2","0","2"
"十六度百二","2","0","2"
"六度百二十","2","0","2"
"十九日三百","2","0","2"
"九日三百八","2","0","2"
"日三百八十","2","0","2"
"百七十五分","2","0","2"
"七十五分半","2","0","2"
"十五分半行","2","0","2"
"五分半行星","2","0","2"
"分半行星二","2","0","2"
"半行星二度","2","0","2"
"行星二度六","2","0","2"
"星二度六百","2","0","2"
"百二十一分","2","0","2"
"二十一分半","2","0","2"
"八十六日行","2","0","2"
"十六日行六","2","0","2"
"六日行六度","2","0","2"
"日行六度半","2","0","2"
"行三十二日","2","0","2"
"三十二日半","2","0","2"
"六日退四度","2","0","2"
"日行四十五","2","0","2"
"四十五分三","2","0","2"
"十五分三十","2","0","2"
"五分三十三","2","0","2"
"四十五日行","2","0","2"
"十五日行三","2","0","2"
"五日行三十","2","0","2"
"一日行百五","2","0","2"
"日行百五度","2","0","2"
"行百五度顺","2","0","2"
"一分二十一","2","0","2"
"四十二日十","2","0","2"
"百九十分行","2","0","2"
"九十分行星","2","0","2"
"十分行星五","2","0","2"
"行星五十二","2","0","2"
"星五十二度","2","0","2"
"十二度更顺","2","0","2"
"行一度十四","1","1","2"
"一度十四分","1","1","2"
"十一日退七","2","0","2"
"一日退七度","2","0","2"
"日行八分七","2","0","2"
"八日行七度","2","0","2"
"行一度十八","2","0","2"
"一度十八分","2","0","2"
"度十八分四","2","0","2"
"十八日行二","2","0","2"
"八日行二十","2","0","2"
"日行二十二","2","0","2"
"十八日二千","2","0","2"
"八日二千三","2","0","2"
"六十一分行","2","0","2"
"十一分行星","2","0","2"
"一分行星三","2","0","2"
"行星三十六","2","0","2"
"星三十六度","2","0","2"
"六度二千三","2","0","2"
"度二千三十","2","0","2"
"三百年减一","1","1","2"
"九万七千四","1","1","2"
"万七千四百","1","1","2"
"七千四百一","1","1","2"
"四百一十一","1","1","2"
"上元天正甲","1","1","2"
"元天正甲子","1","1","2"
"天正甲子朔","1","1","2"
"正甲子朔夜","1","1","2"
"甲子朔夜半","1","1","2"
"子朔夜半冬","1","1","2"
"百七十九日","2","0","2"
"三百九十三","1","1","2"
"三百八十六","1","1","2"
"四百八十五","1","1","2"
"百八十五日","1","1","2"
"百二十九日","1","1","2"
"四百八十四","1","1","2"
"四百九十五","1","1","2"
"百九十五日","1","1","2"
"五百一十日","1","1","2"
"五百三十八","1","1","2"
"百三十八日","1","1","2"
"七百四十六","1","1","2"
"后秦姚兴时","1","1","2"
"三纪甲子元","1","1","2"
"纪甲子元历","1","1","2"
"春秋时诸侯","1","1","2"
"秋时诸侯多","1","1","2"
"一千五百三","1","1","2"
"五百三十九","1","1","2"
"百三十九分","1","1","2"
"分一百四十","1","1","2"
"分四百五十","1","1","2"
"二千四百五","1","1","2"
"百五十一分","1","1","2"
"三百岁斗历","2","0","2"
"百岁斗历改","2","0","2"
"岁斗历改宪","2","0","2"
"鲁隐公元年","1","1","2"
"八万二千七","1","1","2"
"二千七百三","1","1","2"
"七百三十六","1","1","2"
"晋孝武太元","1","1","2"
"太元九年甲","1","1","2"
"元九年甲申","1","1","2"
"八万三千八","1","1","2"
"八百四十一","1","1","2"
"四十四万七","1","1","2"
"七千六百一","1","1","2"
"十六万七千","1","1","2"
"哀公十一年","1","1","2"
"付尚书郎挚","1","1","2"
"尚书郎挚虞","1","1","2"
"祀天地五帝","1","1","2"
"光禄大夫蔡","1","1","2"
"禄大夫蔡谟","1","1","2"
"元年正月丁","1","1","2"
"年正月丁未","1","1","2"
"宗祀文帝明","2","0","2"
"祀文帝明堂","2","0","2"
"执金吾臧霸","1","1","2"
"年十月乙卯","1","1","2"
"始祖帝舜配","1","1","2"
"郊所祭曰皇","2","0","2"
"祖武皇帝配","1","1","2"
"武宣皇后配","1","1","2"
"宗祀皇考高","1","1","2"
"祀皇考高祖","1","1","2"
"皇考高祖文","1","1","2"
"考高祖文皇","1","1","2"
"高祖文皇帝","1","1","2"
"十二月壬子","1","1","2"
"二月壬子冬","1","1","2"
"祀皇皇帝天","1","1","2"
"咸熙二年十","1","1","2"
"持节侍中太","1","1","2"
"节侍中太保","1","1","2"
"太尉司隶校","1","1","2"
"尉司隶校尉","1","1","2"
"隶校尉李憙","2","0","2"
"泰始二年正","1","1","2"
"始二年正月","1","1","2"
"同称昊天上","2","0","2"
"称昊天上帝","2","0","2"
"太康三年正","1","1","2"
"祀天旅上帝","2","0","2"
"明堂南郊五","2","0","2"
"堂南郊五帝","2","0","2"
"子祭酒杜夷","1","1","2"
"成帝咸八年","2","0","2"
"穆张皇后配","1","1","2"
"汉光武正月","1","1","2"
"光武正月辛","1","1","2"
"武正月辛未","1","1","2"
"尚书左丞王","1","1","2"
"书左丞王纳","1","1","2"
"使太尉告谥","2","0","2"
"二年正月乙","1","1","2"
"元年二月丁","1","1","2"
"年二月丁亥","1","1","2"
"令韩杨上书","1","1","2"
"尚书三公郎","1","1","2"
"读春夏秋冬","1","1","2"
"春夏秋冬四","1","1","2"
"夏秋冬四时","1","1","2"
"成帝咸五年","2","0","2"
"五年六月丁","1","1","2"
"侍中散骑常","1","1","2"
"中散骑常侍","1","1","2"
"散骑常侍荀","1","1","2"
"骑常侍荀奕","1","1","2"
"黄门侍郎散","1","1","2"
"门侍郎散骑","1","1","2"
"侍郎散骑侍","1","1","2"
"郎散骑侍郎","1","1","2"
"散骑侍郎曹","1","1","2"
"骑侍郎曹宇","1","1","2"
"尚书三公曹","1","1","2"
"书三公曹奏","1","1","2"
"光禄大夫臣","1","1","2"
"禄大夫臣华","1","1","2"
"三公九卿诸","1","1","2"
"公九卿诸侯","1","1","2"
"九卿诸侯大","1","1","2"
"卿诸侯大夫","1","1","2"
"诸侯大夫躬","1","1","2"
"侯大夫躬耕","1","1","2"
"奉社稷宗庙","1","1","2"
"蚕室祭蚕神","1","1","2"
"天子诸侯亲","1","1","2"
"后夫人躬蚕","2","0","2"
"侍中成粲草","1","1","2"
"先蚕坛高一","1","1","2"
"蚕坛高一丈","1","1","2"
"皇后采桑坛","1","1","2"
"后采桑坛东","1","1","2"
"采桑坛东南","1","1","2"
"十二笄步摇","1","1","2"
"乘油画云母","2","0","2"
"油画云母安","2","0","2"
"画云母安车","2","0","2"
"貂蝉佩玺陪","1","1","2"
"车骑司马傅","1","1","2"
"骑司马傅咸","1","1","2"
"王群姓立七","2","0","2"
"群姓立七祀","2","0","2"
"尚书·召告","2","0","2"
"诸侯旅见天","2","0","2"
"侯旅见天子","2","0","2"
"入门终礼者","2","0","2"
"变异豫废朝","2","0","2"
"异豫废朝礼","2","0","2"
"武帝咸宁三","1","1","2"
"帝咸宁三年","1","1","2"
"中书侍郎孔","1","1","2"
"书侍郎孔愉","1","1","2"
"鲁桓公壬申","1","1","2"
"城南坛心星","1","1","2"
"南坛心星庙","1","1","2"
"二年六月庚","1","1","2"
"太四年八月","2","0","2"
"穆帝升平中","2","0","2"
"名山升中天","2","0","2"
"达明德馨香","1","1","2"
"奉圣亭侯孔","1","1","2"
"圣亭侯孔亭","1","1","2"
"亭侯孔亭四","1","1","2"
"侯孔亭四时","1","1","2"
"孔亭四时祠","1","1","2"
"释奠先圣先","2","0","2"
"齐王正始二","1","1","2"
"王正始二年","1","1","2"
"正始二年二","1","1","2"
"始二年二月","1","1","2"
"使太常释奠","2","0","2"
"太牢祠孔子","2","0","2"
"升平元年三","1","1","2"
"平元年三月","1","1","2"
"孝武宁康三","1","1","2"
"武宁康三年","1","1","2"
"宁康三年七","1","1","2"
"康三年七月","1","1","2"
"追尊高祖大","1","1","2"
"尊高祖大长","1","1","2"
"高祖大长秋","1","1","2"
"祖大皇帝共","1","1","2"
"考太祖武皇","1","1","2"
"行太傅太常","1","1","2"
"太傅太常韩","1","1","2"
"傅太常韩暨","1","1","2"
"行太常宗正","1","1","2"
"太常宗正曹","1","1","2"
"常宗正曹恪","1","1","2"
"宗正曹恪持","1","1","2"
"正曹恪持节","1","1","2"
"曹恪持节迎","1","1","2"
"景初元年六","1","1","2"
"初元年六月","1","1","2"
"司空王朗持","1","1","2"
"空王朗持节","1","1","2"
"王朗持节奉","1","1","2"
"朗持节奉策","1","1","2"
"天子羡思慈","1","1","2"
"子羡思慈亲","1","1","2"
"初元年十二","1","1","2"
"灵寿公主修","1","1","2"
"寿公主修丽","1","1","2"
"太兴三年正","1","1","2"
"兴三年正月","1","1","2"
"骠骑长史温","1","1","2"
"光武奋剑振","1","1","2"
"咸康七年五","1","1","2"
"康七年五月","1","1","2"
"辅国将军谯","1","1","2"
"国将军谯王","1","1","2"
"尚书郎孙绰","1","1","2"
"尚书郎徐禅","1","1","2"
"访处士虞喜","1","1","2"
"尚书郎刘邵","1","1","2"
"书郎刘邵等","1","1","2"
"太常刘遐等","1","1","2"
"帝太元十二","1","1","2"
"元十二年五","1","1","2"
"二年五月壬","1","1","2"
"年五月壬戌","1","1","2"
"祠部郎中徐","1","1","2"
"部郎中徐邈","1","1","2"
"栋高八丈四","1","1","2"
"高八丈四尺","1","1","2"
"十九年二月","1","1","2"
"会稽太妃郑","1","1","2"
"稽太妃郑氏","1","1","2"
"太妃郑氏简","2","0","2"
"妃郑氏简文","2","0","2"
"简文皇帝宣","1","1","2"
"文皇帝宣太","1","1","2"
"皇帝宣太后","1","1","2"
"义熙九年四","1","1","2"
"熙九年四月","1","1","2"
"大司马琅邪","1","1","2"
"司马琅邪王","1","1","2"
"马琅邪王德","1","1","2"
"汉光武移十","1","1","2"
"光武移十一","1","1","2"
"太尉谘议参","1","1","2"
"尉谘议参军","1","1","2"
"谘议参军袁","1","1","2"
"议参军袁豹","1","1","2"
"武帝咸宁五","1","1","2"
"帝咸宁五年","1","1","2"
"咸宁五年十","1","1","2"
"宁五年十一","1","1","2"
"弘训羊太后","1","1","2"
"五年十月己","1","1","2"
"年十月己卯","1","1","2"
"武太元十一","1","1","2"
"元十一年九","1","1","2"
"南门中门外","1","1","2"
"中宗元皇帝","1","1","2"
"夜漏未尽十","2","0","2"
"漏未尽十刻","2","0","2"
"掌礼郎赞皇","2","0","2"
"礼郎赞皇帝","2","0","2"
"郎赞皇帝延","2","0","2"
"籓王臣等奉","2","0","2"
"中二千石等","1","1","2"
"奏请群臣上","1","1","2"
"王公二千石","1","1","2"
"公二千石上","1","1","2"
"二千石上殿","1","1","2"
"跪进御坐前","2","0","2"
"乐令跪奏奏","2","0","2"
"百官饭案遍","1","1","2"
"持节侍中副","1","1","2"
"护军蒋济奏","1","1","2"
"公卿侍中尚","1","1","2"
"卿侍中尚书","1","1","2"
"侍中尚书常","1","1","2"
"中尚书常侍","1","1","2"
"太康元年九","1","1","2"
"康元年九月","1","1","2"
"元年九月庚","1","1","2"
"年九月庚寅","1","1","2"
"左仆射山涛","1","1","2"
"司空张华等","1","1","2"
"况高祖宣皇","1","1","2"
"世宗景皇帝","1","1","2"
"太祖文皇帝","1","1","2"
"桓温议宜称","2","0","2"
"太保王恬授","1","1","2"
"朝臣太妃敬","2","0","2"
"太常江逌议","2","0","2"
"会稽郑太妃","1","1","2"
"褚太后临朝","2","0","2"
"皇太子称臣","2","0","2"
"除太子称臣","1","1","2"
"下公卿内外","1","1","2"
"谓宜稽汉魏","2","0","2"
"下见皇太子","1","1","2"
"博士车胤议","1","1","2"
"称叩头死罪","1","1","2"
"太宁三年诏","1","1","2"
"太子国储贰","2","0","2"
"礼官博士议","1","1","2"
"太常蔡谟议","1","1","2"
"孙吴兵法六","1","1","2"
"吴兵法六十","1","1","2"
"兵法六十四","1","1","2"
"法六十四阵","1","1","2"
"建安二十一","1","1","2"
"安二十一年","1","1","2"
"年六月立秋","1","1","2"
"夏末上下相","1","1","2"
"末上下相乱","1","1","2"
"加缁布进贤","1","1","2"
"礼谒见世祖","1","1","2"
"谒见世祖庙","1","1","2"
"咸宁二年秋","1","1","2"
"司徒高阳王","1","1","2"
"光禄大夫屯","1","1","2"
"禄大夫屯骑","1","1","2"
"大夫屯骑校","1","1","2"
"夫屯骑校尉","1","1","2"
"屯骑校尉华","1","1","2"
"齐王正始四","1","1","2"
"王正始四年","1","1","2"
"立皇后甄氏","1","1","2"
"充策立皇后","1","1","2"
"策立皇后杨","1","1","2"
"天子加谷珪","2","0","2"
"诸侯加大璋","2","0","2"
"后黄金二百","1","1","2"
"成帝咸康二","1","1","2"
"帝咸康二年","1","1","2"
"军将军诸葛","1","1","2"
"将军诸葛恢","1","1","2"
"护军将军孔","1","1","2"
"军将军孔愉","1","1","2"
"成恭皇后入","1","1","2"
"恭皇后入宫","1","1","2"
"案咸宁二年","1","1","2"
"武皇父兄主","1","1","2"
"皇父兄主婚","1","1","2"
"称父兄师友","1","1","2"
"皇帝咨前太","2","0","2"
"帝咨前太尉","2","0","2"
"咨前太尉参","2","0","2"
"故散骑侍郎","2","0","2"
"散骑侍郎准","2","0","2"
"骑侍郎准遗","2","0","2"
"侍郎准遗女","2","0","2"
"故光禄大夫","2","0","2"
"尚书左丞孔","1","1","2"
"书左丞孔胄","1","1","2"
"酒米十二斛","2","0","2"
"博士胡讷议","1","1","2"
"范汪问王彪","1","1","2"
"太学博士庾","1","1","2"
"学博士庾弘","1","1","2"
"案咸宁三年","1","1","2"
"咸宁三年始","1","1","2"
"宁三年始平","1","1","2"
"京城近臣诸","1","1","2"
"城近臣诸王","1","1","2"
"近臣诸王公","1","1","2"
"臣诸王公主","1","1","2"
"汉明帝永平","1","1","2"
"明帝永平二","1","1","2"
"帝永平二年","1","1","2"
"永平二年三","1","1","2"
"平二年三月","1","1","2"
"先圣先师周","1","1","2"
"圣先师周公","1","1","2"
"乡公甘露二","1","1","2"
"公甘露二年","1","1","2"
"泰始六年十","1","1","2"
"始六年十二","1","1","2"
"愍怀太子讲","1","1","2"
"天泉池南石","1","1","2"
"泉池南石沟","1","1","2"
"池南石沟引","1","1","2"
"南石沟引御","1","1","2"
"石沟引御沟","1","1","2"
"沟引御沟水","1","1","2"
"立流杯曲水","1","1","2"
"天子令诸侯","2","0","2"
"时万物身体","1","1","2"
"时阳气下降","1","1","2"
"时阳气上升","1","1","2"
"散骑侍郎邓","1","1","2"
"骑侍郎邓静","1","1","2"
"歌师尹胡能","1","1","2"
"神胥乐兮肃","2","0","2"
"胥乐兮肃肃","2","0","2"
"乐兮肃肃位","2","0","2"
"黄门侍郎张","1","1","2"
"门侍郎张华","1","1","2"
"食举乐歌诗","2","0","2"
"王公上寿歌","1","1","2"
"问司律中郎","1","1","2"
"司律中郎将","1","1","2"
"律中郎将陈","1","1","2"
"中郎将陈颀","1","1","2"
"中书侍郎成","1","1","2"
"书侍郎成公","1","1","2"
"侍郎成公绥","1","1","2"
"皇极辟四门","2","0","2"
"正旦大会王","1","1","2"
"旦大会王公","1","1","2"
"钟鼓金石丝","1","1","2"
"鼓金石丝竹","1","1","2"
"矛渝新福歌","1","1","2"
"安台新福歌","1","1","2"
"台新福歌曲","1","1","2"
"行辞新福歌","1","1","2"
"辞新福歌曲","1","1","2"
"乐工杨蜀等","1","1","2"
"曹毗孝宗夙","1","1","2"
"破三郡乌桓","1","1","2"
"韦昭制十二","1","1","2"
"昭制十二曲","1","1","2"
"制十二曲名","1","1","2"
"述功德受命","1","1","2"
"蜀将关羽背","1","1","2"
"将关羽背弃","1","1","2"
"关羽背弃吴","1","1","2"
"讨灭公孙氏","1","1","2"
"网罗文武才","2","0","2"
"一万国殊风","1","1","2"
"文帝始统百","1","1","2"
"圣皇德配尧","1","1","2"
"皇德配尧舜","1","1","2"
"爪牙应指受","1","1","2"
"良图协成文","1","1","2"
"大兴百万军","1","1","2"
"鸣镯振鼓铎","1","1","2"
"平衡正准绳","1","1","2"
"洪烈何巍巍","1","1","2"
"桓桓征四表","1","1","2"
"济济理万机","1","1","2"
"下知众鸟言","1","1","2"
"徘徊云日间","1","1","2"
"精妙贯未然","1","1","2"
"玉衡正三辰","1","1","2"
"造化赋群形","1","1","2"
"文象兴二皇","1","1","2"
"随将军段煨","1","1","2"
"依前曲作新","1","1","2"
"前曲作新歌","1","1","2"
"曲作新歌五","1","1","2"
"作新歌五篇","1","1","2"
"尚书殿中郎","1","1","2"
"书殿中郎袁","1","1","2"
"殿中郎袁明","1","1","2"
"中郎袁明子","1","1","2"
"明明魏皇帝","1","1","2"
"圣皇应灵符","1","1","2"
"受命君四海","1","1","2"
"应期辅魏皇","1","1","2"
"积德逾太王","1","1","2"
"戚戚天下惧","1","1","2"
"大战沙阳陂","1","1","2"
"世称三皇五","1","1","2"
"称三皇五帝","1","1","2"
"莘莘文武佐","1","1","2"
"洪泽溢区内","1","1","2"
"明君御四海","1","1","2"
"万里升紫庭","1","1","2"
"忠臣遇明君","1","1","2"
"黄浦众所依","1","1","2"
"后园凿井银","1","1","2"
"园凿井银作","1","1","2"
"桑梓游天外","1","1","2"
"凡乐章古辞","1","1","2"
"乌生十五子","1","1","2"
"女子名子夜","1","1","2"
"公莫害汉王","1","1","2"
"公莫渡河曲","1","1","2"
"黄门侍郎陈","1","1","2"
"门侍郎陈逵","1","1","2"
"散骑侍郎顾","1","1","2"
"骑侍郎顾臻","1","1","2"
"弦歌钟鼓金","1","1","2"
"歌钟鼓金石","1","1","2"
"建武十三年","1","1","2"
"乘舆车辇旌","1","1","2"
"舆车辇旌鼓","1","1","2"
"盖取负重致","2","0","2"
"取负重致远","2","0","2"
"负重致远安","2","0","2"
"重致远安稳","2","0","2"
"魏景初元年","1","1","2"
"一名指南车","1","1","2"
"四角金龙衔","2","0","2"
"司隶刘毅纠","1","1","2"
"隶刘毅纠劾","1","1","2"
"汉武帝推恩","1","1","2"
"武帝太康中","2","0","2"
"洛阳尉二人","1","1","2"
"洛阳亭长九","1","1","2"
"阳亭长九人","1","1","2"
"河南中部掾","1","1","2"
"司隶部河南","1","1","2"
"廷尉明法掾","1","1","2"
"太常外部掾","1","1","2"
"太尉外督令","1","1","2"
"尉外督令史","1","1","2"
"皆卤簿左右","2","0","2"
"黄门前部鼓","1","1","2"
"门前部鼓吹","1","1","2"
"武贲中郎将","1","1","2"
"护驾尚书郎","1","1","2"
"驾尚书郎三","1","1","2"
"尚书郎三人","1","1","2"
"护驾尚书一","1","1","2"
"驾尚书一人","1","1","2"
"大戟楯二行","2","0","2"
"殿中司马一","1","1","2"
"中司马一行","1","1","2"
"殿中都尉一","1","1","2"
"中都尉一行","1","1","2"
"殿中校尉一","1","1","2"
"中校尉一行","1","1","2"
"殿中将军持","1","1","2"
"中将军持凿","1","1","2"
"将军持凿脑","1","1","2"
"军持凿脑斧","1","1","2"
"持凿脑斧夹","1","1","2"
"衣书主职步","1","1","2"
"殿中御史骑","1","1","2"
"书侍御史二","1","1","2"
"兰台令史分","1","1","2"
"安车黑耳驾","2","0","2"
"进车骑将军","2","0","2"
"尚书军校加","1","1","2"
"书军校加侍","1","1","2"
"军校加侍中","1","1","2"
"校加侍中常","1","1","2"
"加侍中常侍","1","1","2"
"旧公卿二千","1","1","2"
"公卿二千石","1","1","2"
"皇太后乘辇","1","1","2"
"皇后乘画轮","1","1","2"
"后乘画轮车","1","1","2"
"九嫔世妇乘","1","1","2"
"乘青交路安","1","1","2"
"青交路安车","1","1","2"
"乘皁交路安","2","0","2"
"皁交路安车","2","0","2"
"侍中常侍尚","1","1","2"
"中常侍尚书","1","1","2"
"常侍尚书中","1","1","2"
"侍尚书中书","1","1","2"
"尚书中书监","1","1","2"
"书中书监令","1","1","2"
"中书监令卿","1","1","2"
"书监令卿校","1","1","2"
"所谓武车绥","1","1","2"
"刘裕屠广固","1","1","2"
"天子车乘冠","1","1","2"
"子车乘冠服","1","1","2"
"郊祀天地明","1","1","2"
"祀天地明堂","1","1","2"
"天地明堂宗","1","1","2"
"地明堂宗庙","1","1","2"
"青赤黄白缃","1","1","2"
"赤黄白缃黑","1","1","2"
"五梁进贤冠","1","1","2"
"翡翠珊瑚杂","1","1","2"
"太子王者后","2","0","2"
"廷尉正监平","1","1","2"
"殿门司马卫","1","1","2"
"门司马卫士","1","1","2"
"浅毛黄白色","1","1","2"
"乘舆鼓吹所","1","1","2"
"尚书八座丞","1","1","2"
"书八座丞郎","1","1","2"
"门下三省侍","1","1","2"
"下三省侍官","1","1","2"
"三省侍官乘","1","1","2"
"省侍官乘车","1","1","2"
"官牧守丞令","1","1","2"
"牧守丞令下","1","1","2"
"魏秘书监秦","1","1","2"
"秘书监秦静","1","1","2"
"服五时朝服","1","1","2"
"三台五省二","1","1","2"
"台五省二品","1","1","2"
"五省二品文","1","1","2"
"省二品文官","1","1","2"
"硃衣绛纱襮","2","0","2"
"三梁进贤冠","2","0","2"
"南山丰大特","1","1","2"
"山丰大特六","1","1","2"
"丰大特六兽","1","1","2"
"七钅奠蔽髻","2","0","2"
"特进侯卿校","1","1","2"
"所谓厥初生","1","1","2"
"谓厥初生民","1","1","2"
"安帝永初三","1","1","2"
"帝永初三年","1","1","2"
"桓帝永兴元","1","1","2"
"侍御史侯汶","1","1","2"
"符节令孙徽","1","1","2"
"遣谒者仆射","1","1","2"
"四年正月丁","1","1","2"
"年正月丁亥","1","1","2"
"州郡农桑未","2","0","2"
"光禄勋夏侯","1","1","2"
"咸宁元年十","1","1","2"
"典虞右典牧","1","1","2"
"种牛三万五","1","1","2"
"牛三万五千","1","1","2"
"三万五千头","1","1","2"
"谷七百万斛","1","1","2"
"右典牧都尉","1","1","2"
"典牧都尉官","1","1","2"
"前见尚书胡","1","1","2"
"见尚书胡威","1","1","2"
"宋侯相应遵","1","1","2"
"侯相应遵上","1","1","2"
"二千六百口","1","1","2"
"水田七千五","1","1","2"
"田七千五百","1","1","2"
"占田七十亩","1","1","2"
"人二十八文","1","1","2"
"官品第一第","2","0","2"
"衣食客三人","1","1","2"
"第七第八品","1","1","2"
"持椎斧武骑","1","1","2"
"椎斧武骑武","1","1","2"
"斧武骑武贲","1","1","2"
"草木牛马毛","2","0","2"
"遣轻车使者","1","1","2"
"吴郡太守邓","1","1","2"
"郡太守邓攸","1","1","2"
"黄门侍郎虞","1","1","2"
"后军将军应","1","1","2"
"军将军应詹","1","1","2"
"十三户共借","1","1","2"
"三户共借一","1","1","2"
"建武十六年","1","1","2"
"复铸五铢钱","1","1","2"
"竞湿谷要利","2","0","2"
"钱非徒丰国","2","0","2"
"孙权嘉禾五","1","1","2"
"权嘉禾五年","1","1","2"
"魏明帝时钱","1","1","2"
"贵臣卿大夫","1","1","2"
"周顗等遇害","1","1","2"
"年殷浩北伐","1","1","2"
"年二月王恭","1","1","2"
"十七年殷仲","1","1","2"
"七年殷仲堪","1","1","2"
"殷仲堪荆州","2","0","2"
"诸葛恪征淮","2","0","2"
"葛恪征淮南","2","0","2"
"十一月庚寅","1","1","2"
"一月庚寅梁","1","1","2"
"铃下仪仗生","1","1","2"
"立典虞车工","1","1","2"
"典虞车工卒","1","1","2"
"时诸葛恪执","1","1","2"
"诸葛恪执政","1","1","2"
"太平元年二","1","1","2"
"孙皓建衡二","1","1","2"
"皓建衡二年","1","1","2"
"建衡二年三","1","1","2"
"衡二年三月","1","1","2"
"武帝太康八","1","1","2"
"帝太康八年","1","1","2"
"太康八年三","1","1","2"
"康八年三月","1","1","2"
"八年三月乙","1","1","2"
"年三月乙丑","1","1","2"
"汉王氏五侯","1","1","2"
"元康五年闰","1","1","2"
"康五年闰月","1","1","2"
"五年闰月庚","1","1","2"
"永兴二年七","1","1","2"
"嘉四年十一","1","1","2"
"王敦镇武昌","2","0","2"
"东西南北数","1","1","2"
"西南北数十","1","1","2"
"南北数十处","1","1","2"
"永昌二年正","1","1","2"
"昌二年正月","1","1","2"
"二年正月癸","1","1","2"
"海西公太中","2","0","2"
"时桓温入朝","1","1","2"
"稽王道子宠","1","1","2"
"王道子宠幸","1","1","2"
"道子宠幸尼","1","1","2"
"义熙四年七","1","1","2"
"熙四年七月","1","1","2"
"四年七月丁","1","1","2"
"年七月丁酉","1","1","2"
"路南人家屋","1","1","2"
"后夫人媵妾","1","1","2"
"初迁都武昌","1","1","2"
"孝武太元六","1","1","2"
"武太元六年","1","1","2"
"魏时张掖石","1","1","2"
"初修武昌宫","1","1","2"
"元康三年闰","1","1","2"
"康三年闰二","1","1","2"
"三年闰二月","1","1","2"
"豫州刺史贾","1","1","2"
"州刺史贾逵","1","1","2"
"刺史贾逵石","1","1","2"
"史贾逵石碑","1","1","2"
"司马越所杀","1","1","2"
"愍帝建兴五","1","1","2"
"帝建兴五年","1","1","2"
"城凤阳门上","1","1","2"
"会稽山阴县","1","1","2"
"守殷仲文照","1","1","2"
"殷仲文照镜","1","1","2"
"黄初四年六","1","1","2"
"初四年六月","1","1","2"
"简宗庙废祭","2","0","2"
"宗庙废祭祀","2","0","2"
"庙废祭祀罚","2","0","2"
"权称帝三十","1","1","2"
"称帝三十年","1","1","2"
"祀罗阳妖神","1","1","2"
"汉安帝听谗","1","1","2"
"将军马茂等","1","1","2"
"景初元年九","1","1","2"
"初元年九月","1","1","2"
"五年八月壬","1","1","2"
"年八月壬午","1","1","2"
"杀二百余人","2","0","2"
"二年七月癸","1","1","2"
"年七月癸亥","1","1","2"
"太康二年六","1","1","2"
"康二年六月","1","1","2"
"扬二州大水","2","0","2"
"宫中井水沸","1","1","2"
"时齐王冏专","2","0","2"
"齐王冏专政","2","0","2"
"永昌二年五","1","1","2"
"昌二年五月","1","1","2"
"时嗣主幼冲","2","0","2"
"七年七月甲","1","1","2"
"年七月甲辰","1","1","2"
"七月甲辰夜","1","1","2"
"三艘流入大","1","1","2"
"艘流入大江","1","1","2"
"四年桓温北","1","1","2"
"年桓温北伐","1","1","2"
"百姓愁怨应","2","0","2"
"文帝咸安元","1","1","2"
"帝咸安元年","1","1","2"
"咸安元年十","1","1","2"
"率属数百人","2","0","2"
"八年破苻坚","2","0","2"
"十五年七月","1","1","2"
"七年六月甲","1","1","2"
"十九年七月","1","1","2"
"时会稽王世","1","1","2"
"年二月庚寅","1","1","2"
"二月庚寅夜","1","1","2"
"三年二月己","1","1","2"
"年二月己丑","1","1","2"
"义熙元年十","1","1","2"
"熙元年十二","1","1","2"
"二月己未夜","1","1","2"
"西明门地穿","2","0","2"
"一年七月丙","1","1","2"
"年七月丙戌","1","1","2"
"夏侯始昌通","1","1","2"
"致秋阴常雨","1","1","2"
"致春阳常旱","1","1","2"
"魏尚书邓飏","1","1","2"
"郎中令刘敬","1","1","2"
"中令刘敬叔","1","1","2"
"泰始六年六","1","1","2"
"始六年六月","1","1","2"
"太康五年七","1","1","2"
"康五年七月","1","1","2"
"西平郡九县","1","1","2"
"成帝咸四年","2","0","2"
"元年八月乙","1","1","2"
"年八月乙丑","1","1","2"
"何晏服妇人","2","0","2"
"晏服妇人服","2","0","2"
"制上长下短","1","1","2"
"武帝泰始初","1","1","2"
"六宫才人流","1","1","2"
"怀帝永嘉中","2","0","2"
"骠骑参军袁","1","1","2"
"骑参军袁悦","1","1","2"
"公主妇女必","1","1","2"
"明帝景初二","1","1","2"
"帝景初二年","1","1","2"
"惠帝元康六","1","1","2"
"帝元康六年","1","1","2"
"王敦攻京师","2","0","2"
"武太元十三","2","0","2"
"彭城人刘象","1","1","2"
"隆安元年八","1","1","2"
"安元年八月","1","1","2"
"许昌城南门","1","1","2"
"太兴二年六","1","1","2"
"兴二年六月","1","1","2"
"元年正月丙","1","1","2"
"齐王嘉平初","1","1","2"
"魏明帝太中","2","0","2"
"年宫车晏驾","2","0","2"
"说平生常事","2","0","2"
"惠帝永兴元","1","1","2"
"元帝永昌二","1","1","2"
"帝永昌二年","1","1","2"
"北中郎刘遐","1","1","2"
"淮陵内史苏","1","1","2"
"陵内史苏峻","1","1","2"
"内史苏峻率","1","1","2"
"庾晞四五年","1","1","2"
"晞四五年中","1","1","2"
"四五年中喜","1","1","2"
"新安人歌舞","1","1","2"
"安人歌舞离","1","1","2"
"正始元年二","1","1","2"
"始元年二月","1","1","2"
"乡公甘露三","1","1","2"
"公甘露三年","1","1","2"
"甘露三年正","1","1","2"
"露三年正月","1","1","2"
"时孙皓迁都","1","1","2"
"孙皓迁都武","1","1","2"
"皓迁都武昌","1","1","2"
"泰始七年五","1","1","2"
"始七年五月","1","1","2"
"七年五月闰","1","1","2"
"年五月闰月","1","1","2"
"宗庙社稷山","1","1","2"
"庙社稷山川","1","1","2"
"卿校诸葛冲","1","1","2"
"校诸葛冲等","1","1","2"
"咸宁二年五","1","1","2"
"宁二年五月","1","1","2"
"太康二年旱","1","1","2"
"三年四月旱","1","1","2"
"年正月天阴","1","1","2"
"惠帝元康七","1","1","2"
"帝元康七年","1","1","2"
"元康七年七","1","1","2"
"康七年七月","1","1","2"
"雍二州大旱","1","1","2"
"永嘉三年五","1","1","2"
"嘉三年五月","1","1","2"
"襄平县梁水","1","1","2"
"平县梁水淡","1","1","2"
"县梁水淡池","1","1","2"
"书令缪播等","1","1","2"
"令缪播等九","1","1","2"
"缪播等九人","1","1","2"
"播等九人杀","1","1","2"
"建武元年六","1","1","2"
"武元年六月","1","1","2"
"伯后旱三年","1","1","2"
"谢安镇广陵","2","0","2"
"隆安二年冬","1","1","2"
"时孙恩作乱","1","1","2"
"阿公阿公驾","1","1","2"
"公阿公驾马","1","1","2"
"阿公驾马车","1","1","2"
"白马素羁西","1","1","2"
"马素羁西南","1","1","2"
"素羁西南驰","1","1","2"
"芦苇单衣篾","1","1","2"
"苇单衣篾钩","1","1","2"
"单衣篾钩络","1","1","2"
"融刮金印龟","1","1","2"
"孙休永安二","1","1","2"
"休永安二年","1","1","2"
"二十一年吴","1","1","2"
"衔刀游渡江","1","1","2"
"王浚龙骧将","1","1","2"
"浚龙骧将军","1","1","2"
"武帝太康三","1","1","2"
"帝太康三年","1","1","2"
"太康三年平","1","1","2"
"城东马子莫","1","1","2"
"东马子莫咙","1","1","2"
"五马游渡江","1","1","2"
"中大鼠长尺","1","1","2"
"大鼠长尺二","1","1","2"
"元超兄弟大","1","1","2"
"超兄弟大落","1","1","2"
"兄弟大落度","1","1","2"
"吴兴覆瓿甊","2","0","2"
"咸康二年十","1","1","2"
"康二年十二","1","1","2"
"庾公上武昌","1","1","2"
"青青御路杨","1","1","2"
"白马紫游缰","1","1","2"
"忱小字佛大","1","1","2"
"武帝太元末","1","1","2"
"莫作雄父啼","1","1","2"
"兵诛王国宝","2","0","2"
"东府造土山","1","1","2"
"黄头小人欲","1","1","2"
"头小人欲作","1","1","2"
"小人欲作乱","1","1","2"
"三月二日扫","1","1","2"
"芦生止成积","2","0","2"
"芦生漫漫竟","1","1","2"
"生漫漫竟天","1","1","2"
"漫漫竟天半","1","1","2"
"翁年老翁年","1","1","2"
"年老翁年老","1","1","2"
"河水清复清","1","1","2"
"苻坚死新城","1","1","2"
"火始终相乘","1","1","2"
"太康七年十","1","1","2"
"康七年十一","1","1","2"
"七年十一月","1","1","2"
"年十一月丙","1","1","2"
"六年正月丁","1","1","2"
"元年十月甲","1","1","2"
"麈入东海第","2","0","2"
"三年四月癸","1","1","2"
"公孙文懿家","1","1","2"
"魏侍中应璩","1","1","2"
"吴诸葛恪征","1","1","2"
"闻地中犬子","2","0","2"
"地中犬子声","2","0","2"
"逵家犬生三","1","1","2"
"吴郡太守张","1","1","2"
"郡太守张懋","1","1","2"
"安帝隆安初","1","1","2"
"时辅国将军","1","1","2"
"辅国将军孙","1","1","2"
"皓承废故家","2","0","2"
"武帝太康十","1","1","2"
"帝太康十年","1","1","2"
"元康五年十","1","1","2"
"康五年十二","1","1","2"
"湖熟县夏架","1","1","2"
"熟县夏架湖","1","1","2"
"武帝泰始八","1","1","2"
"帝泰始八年","1","1","2"
"泰始八年五","1","1","2"
"始八年五月","1","1","2"
"时益州刺史","1","1","2"
"齐王冏举义","2","0","2"
"成帝咸康初","1","1","2"
"后石季龙灭","1","1","2"
"咸康三年六","1","1","2"
"康三年六月","1","1","2"
"太元二年五","1","1","2"
"京都地生毛","2","0","2"
"元十四年四","1","1","2"
"十七年四月","1","1","2"
"隆安四年四","1","1","2"
"安四年四月","1","1","2"
"四年四月乙","1","1","2"
"年四月乙未","1","1","2"
"元兴三年五","1","1","2"
"兴三年五月","1","1","2"
"义熙三年三","1","1","2"
"熙三年三月","1","1","2"
"齐王正始末","1","1","2"
"元康八年五","1","1","2"
"建兴元年九","1","1","2"
"兴元年九月","1","1","2"
"楚王玮矫诏","2","0","2"
"南王亮太保","2","0","2"
"王亮太保卫","2","0","2"
"亮太保卫瓘","2","0","2"
"建安二十五","1","1","2"
"安二十五年","1","1","2"
"二十五年春","1","1","2"
"文帝黄初元","1","1","2"
"帝黄初元年","1","1","2"
"五凤元年六","1","1","2"
"凤元年六月","1","1","2"
"吴孙皓天玺","1","1","2"
"天纪三年八","1","1","2"
"纪三年八月","1","1","2"
"径一尺八寸","1","1","2"
"元康二年春","1","1","2"
"九年六月庚","1","1","2"
"怀帝永嘉二","1","1","2"
"帝永嘉二年","1","1","2"
"永嘉二年冬","1","1","2"
"时京师虚弱","1","1","2"
"四株茱萸树","1","1","2"
"东西数百里","1","1","2"
"太宁元年九","1","1","2"
"六年五月癸","1","1","2"
"年五月癸亥","1","1","2"
"九年五月甲","1","1","2"
"吴县吴雄家","1","1","2"
"哀帝兴宁三","1","1","2"
"帝兴宁三年","1","1","2"
"兴宁三年五","1","1","2"
"宁三年五月","1","1","2"
"三年五月癸","1","1","2"
"庐陵西昌县","1","1","2"
"陵西昌县修","1","1","2"
"西昌县修明","1","1","2"
"昌县修明家","1","1","2"
"张夫人专宠","2","0","2"
"义熙二年九","1","1","2"
"熙二年九月","1","1","2"
"茎高四尺六","1","1","2"
"高四尺六寸","1","1","2"
"黄初四年五","1","1","2"
"初四年五月","1","1","2"
"卫国李盖家","1","1","2"
"建安二十三","1","1","2"
"安二十三年","1","1","2"
"蜀刘禅建兴","1","1","2"
"刘禅建兴九","1","1","2"
"禅建兴九年","1","1","2"
"建兴九年十","1","1","2"
"兴九年十月","1","1","2"
"江南飞渡江","1","1","2"
"南飞渡江北","1","1","2"
"时诸葛亮连","1","1","2"
"诸葛亮连年","1","1","2"
"权赤乌十二","1","1","2"
"赤乌十二年","1","1","2"
"乌十二年四","1","1","2"
"孙权太元二","1","1","2"
"权太元二年","1","1","2"
"孙皓建衡三","1","1","2"
"皓建衡三年","1","1","2"
"泰始四年八","1","1","2"
"始四年八月","1","1","2"
"永嘉元年二","1","1","2"
"嘉元年二月","1","1","2"
"太宁三年八","1","1","2"
"年八月庚戌","1","1","2"
"咸康八年七","1","1","2"
"康八年七月","1","1","2"
"帝太元十六","1","1","2"
"元十六年六","1","1","2"
"十六年六月","1","1","2"
"国子学堂西","1","1","2"
"十九年正月","1","1","2"
"安帝义熙三","1","1","2"
"帝义熙三年","1","1","2"
"公孙文懿时","1","1","2"
"太康五年四","1","1","2"
"五年四月壬","1","1","2"
"鲁国池水变","1","1","2"
"东西百余步","2","0","2"
"永康元年三","1","1","2"
"淖齿杀齐湣","1","1","2"
"齿杀齐湣王","1","1","2"
"督运令史淳","1","1","2"
"刘聪伪建元","1","1","2"
"聪伪建元元","1","1","2"
"伪建元元年","1","1","2"
"平阳北十里","1","1","2"
"孙权嘉禾三","1","1","2"
"权嘉禾三年","1","1","2"
"嘉禾三年九","1","1","2"
"禾三年九月","1","1","2"
"校事吕壹专","1","1","2"
"秋时公子遂","1","1","2"
"时公子遂专","1","1","2"
"赤乌四年正","1","1","2"
"乌四年正月","1","1","2"
"元康二年八","1","1","2"
"康二年八月","1","1","2"
"光熙元年闰","1","1","2"
"熙元年闰八","1","1","2"
"元年闰八月","1","1","2"
"太兴二年三","1","1","2"
"兴二年三月","1","1","2"
"二年三月丁","1","1","2"
"年三月丁未","1","1","2"
"六年三月癸","1","1","2"
"年三月癸未","1","1","2"
"二年正月丁","1","1","2"
"太元二年四","1","1","2"
"元二年四月","1","1","2"
"年四月己丑","1","1","2"
"二十年五月","1","1","2"
"十年五月癸","1","1","2"
"二十一年四","1","1","2"
"一年四月丁","1","1","2"
"年四月丁亥","1","1","2"
"二年三月乙","1","1","2"
"年三月乙卯","1","1","2"
"兴二年十二","1","1","2"
"元年四月壬","1","1","2"
"年三月己亥","1","1","2"
"年四月辛未","1","1","2"
"十年四月辛","1","1","2"
"年四月辛卯","1","1","2"
"城西洛水浮","1","1","2"
"西洛水浮桥","1","1","2"
"太康六年十","1","1","2"
"康六年十二","1","1","2"
"十二月己亥","1","1","2"
"南沙司盐都","1","1","2"
"沙司盐都尉","1","1","2"
"司盐都尉戴","1","1","2"
"盐都尉戴亮","1","1","2"
"永康元年六","1","1","2"
"康元年六月","1","1","2"
"元年六月癸","1","1","2"
"年六月癸卯","1","1","2"
"西南五百步","1","1","2"
"永昌二年七","1","1","2"
"昌二年七月","1","1","2"
"三年六月辛","1","1","2"
"破郡府内小","1","1","2"
"郡府内小屋","1","1","2"
"武帝太元五","1","1","2"
"帝太元五年","1","1","2"
"太元五年六","1","1","2"
"元五年六月","1","1","2"
"五年六月甲","1","1","2"
"义熙四年十","1","1","2"
"熙四年十一","1","1","2"
"五年六月丙","1","1","2"
"年六月丙寅","1","1","2"
"元康九年三","1","1","2"
"康九年三月","1","1","2"
"黄门孙虑杀","1","1","2"
"门孙虑杀太","1","1","2"
"孙虑杀太子","1","1","2"
"洛阳城西北","1","1","2"
"阳城西北九","1","1","2"
"城西北九里","1","1","2"
"武太元十五","1","1","2"
"元十五年三","1","1","2"
"三月己酉朔","2","0","2"
"吴兴长城夏","1","1","2"
"兴长城夏架","1","1","2"
"长城夏架山","1","1","2"
"齐王嘉平四","1","1","2"
"王嘉平四年","1","1","2"
"嘉平四年五","1","1","2"
"平四年五月","1","1","2"
"高贵乡公兵","1","1","2"
"贵乡公兵祸","1","1","2"
"黄初三年七","1","1","2"
"初三年七月","1","1","2"
"永嘉四年五","1","1","2"
"嘉四年五月","1","1","2"
"吴郡百姓多","1","1","2"
"郡百姓多饿","1","1","2"
"百姓多饿死","1","1","2"
"十六年五月","1","1","2"
"入右大司马","1","1","2"
"右大司马丁","1","1","2"
"大司马丁奉","1","1","2"
"一头二脊八","1","1","2"
"一头二身八","1","1","2"
"永嘉五年十","1","1","2"
"嘉五年十二","1","1","2"
"太康五年六","1","1","2"
"康五年六月","1","1","2"
"张天锡杀中","1","1","2"
"天锡杀中护","1","1","2"
"锡杀中护军","1","1","2"
"杀中护军张","1","1","2"
"中护军张邕","1","1","2"
"钱唐临平湖","1","1","2"
"唐临平湖水","1","1","2"
"时金木水火","2","0","2"
"故常风同象","2","0","2"
"齐王正始九","1","1","2"
"王正始九年","1","1","2"
"正始九年十","1","1","2"
"始九年十一","1","1","2"
"孙权太元元","1","1","2"
"权太元元年","1","1","2"
"太元元年八","1","1","2"
"平地水深八","1","1","2"
"地水深八尺","1","1","2"
"吴城两门飞","1","1","2"
"城两门飞落","1","1","2"
"孙休永安元","1","1","2"
"休永安元年","1","1","2"
"永安元年十","1","1","2"
"二月丁卯夜","1","1","2"
"泰始五年五","1","1","2"
"始五年五月","1","1","2"
"咸宁元年五","1","1","2"
"太康二年五","1","1","2"
"康二年五月","1","1","2"
"五年四月庚","1","1","2"
"年四月庚寅","1","1","2"
"四月庚寅夜","1","1","2"
"永宁元年八","1","1","2"
"伦建始元年","1","1","2"
"建始元年正","1","1","2"
"始元年正月","1","1","2"
"年正月癸酉","1","1","2"
"永昌元年七","1","1","2"
"昌元年七月","1","1","2"
"元年七月丙","1","1","2"
"年七月丙寅","1","1","2"
"成帝咸康四","1","1","2"
"帝咸康四年","1","1","2"
"咸康四年三","1","1","2"
"四年三月壬","1","1","2"
"年三月壬辰","1","1","2"
"太元二年二","1","1","2"
"元二年二月","1","1","2"
"五年闰十月","1","1","2"
"年闰十月丁","1","1","2"
"闰十月丁亥","1","1","2"
"贵乡公正元","2","0","2"
"景帝讨毌丘","2","0","2"
"帝讨毌丘俭","2","0","2"
"元帝景元三","1","1","2"
"四年十月辛","1","1","2"
"元康三年九","1","1","2"
"康三年九月","1","1","2"
"江夏张骋所","1","1","2"
"时天子诸侯","1","1","2"
"建武元年七","1","1","2"
"武元年七月","1","1","2"
"晋陵陈门才","1","1","2"
"武昌太守王","1","1","2"
"昌太守王谅","1","1","2"
"案司马彪说","2","0","2"
"九德人袁荣","1","1","2"
"德人袁荣家","1","1","2"
"中山王周南","1","1","2"
"太兴四年八","1","1","2"
"兴四年八月","1","1","2"
"明帝太守元","1","1","2"
"帝太守元年","1","1","2"
"太守元年正","1","1","2"
"守元年正月","1","1","2"
"八年二月癸","1","1","2"
"年二月癸未","1","1","2"
"元兴元年十","1","1","2"
"兴元年十月","1","1","2"
"吴孙权黄武","1","1","2"
"孙权黄武四","1","1","2"
"权黄武四年","1","1","2"
"明帝青龙二","1","1","2"
"帝青龙二年","1","1","2"
"龙二年十一","1","1","2"
"刺史胡质击","1","1","2"
"史胡质击退","1","1","2"
"赤乌二年正","1","1","2"
"乌二年正月","1","1","2"
"校事吹毛求","1","1","2"
"时宦人黄皓","1","1","2"
"宦人黄皓专","1","1","2"
"人黄皓专权","1","1","2"
"太熙元年正","1","1","2"
"永嘉三年十","1","1","2"
"嘉三年十月","1","1","2"
"相国南阳王","1","1","2"
"九年八月丁","1","1","2"
"十年正月丁","1","1","2"
"年正月丁卯","1","1","2"
"兴宁元年四","1","1","2"
"宁元年四月","1","1","2"
"元年四月甲","1","1","2"
"二月己酉朔","2","0","2"
"四年正月壬","1","1","2"
"五年正月戊","1","1","2"
"权赤乌十三","1","1","2"
"赤乌十三年","1","1","2"
"乌十三年八","1","1","2"
"十三年八月","1","1","2"
"二十六年吴","1","1","2"
"咸熙二年二","1","1","2"
"熙二年二月","1","1","2"
"圣王受命人","1","1","2"
"王受命人君","1","1","2"
"长八十四丈","1","1","2"
"二年八月乙","1","1","2"
"年八月乙亥","1","1","2"
"年七月戊辰","1","1","2"
"南平郡山崩","1","1","2"
"崇阳二陵崩","2","0","2"
"十二年十一","1","1","2"
"常侍车灌修","1","1","2"
"侍车灌修峻","1","1","2"
"车灌修峻平","1","1","2"
"灌修峻平陵","1","1","2"
"升平五年二","1","1","2"
"平五年二月","1","1","2"
"南掖门马足","1","1","2"
"掖门马足陷","1","1","2"
"义熙八年三","1","1","2"
"熙八年三月","1","1","2"
"八年三月壬","1","1","2"
"年三月壬寅","1","1","2"
"十年五月戊","1","1","2"
"年五月戊寅","1","1","2"
"十三年七月","1","1","2"
"汉中成固县","1","1","2"
"中成固县水","1","1","2"
"成固县水涯","1","1","2"
"孙亮太平三","1","1","2"
"亮太平三年","1","1","2"
"蜀车骑将军","1","1","2"
"恭帝琅邪王","2","0","2"
"青龙元年正","1","1","2"
"龙元年正月","1","1","2"
"元年十月戊","1","1","2"
"年十月戊戌","1","1","2"
"甘露元年正","1","1","2"
"露元年正月","1","1","2"
"元年正月辛","1","1","2"
"年正月辛丑","1","1","2"
"龙见轵县井","2","0","2"
"见轵县井中","2","0","2"
"元帝景元元","1","1","2"
"帝景元元年","1","1","2"
"景元元年十","1","1","2"
"元元年十二","1","1","2"
"咸宁二年六","1","1","2"
"宁二年六月","1","1","2"
"二年六月丙","1","1","2"
"年六月丙午","1","1","2"
"太康五年正","1","1","2"
"年正月癸卯","1","1","2"
"汉惠帝二年","1","1","2"
"五年三月癸","1","1","2"
"年三月癸巳","1","1","2"
"入汉城阳景","1","1","2"
"汉城阳景王","1","1","2"
"城阳景王祠","1","1","2"
"阳景王祠中","1","1","2"
"武帝太熙元","1","1","2"
"帝太熙元年","1","1","2"
"案刘向说曰","2","0","2"
"元康八年十","1","1","2"
"康八年十二","1","1","2"
"永嘉六年二","1","1","2"
"嘉六年二月","1","1","2"
"丹阳郡吏濮","1","1","2"
"阳郡吏濮阳","1","1","2"
"郡吏濮阳演","1","1","2"
"成帝咸康八","1","1","2"
"帝咸康八年","1","1","2"
"咸康八年五","1","1","2"
"八年五月甲","1","1","2"
"隆安四年十","1","1","2"
"安四年十月","1","1","2"
"刺史郭铨送","1","1","2"
"文帝黄初初","1","1","2"
"清河宋士宗","1","1","2"
"灵帝时黄氏","1","1","2"
"帝时黄氏母","1","1","2"
"咸熙二年八","1","1","2"
"熙二年八月","1","1","2"
"黄巾黄单衣","1","1","2"
"宁二年十二","1","1","2"
"琅邪人颜畿","1","1","2"
"邪人颜畿病","1","1","2"
"人颜畿病死","1","1","2"
"女子周世宁","1","1","2"
"元年四月癸","1","1","2"
"年四月癸酉","1","1","2"
"秘书郎王导","1","1","2"
"书郎王导议","1","1","2"
"会稽谢真生","1","1","2"
"吴郡吴县万","1","1","2"
"郡吴县万详","1","1","2"
"非人所见者","2","0","2"
"新蔡县吏任","1","1","2"
"蔡县吏任侨","1","1","2"
"时内史吕会","1","1","2"
"内史吕会上","1","1","2"
"元帝太兴初","1","1","2"
"明帝太宁二","1","1","2"
"帝太宁二年","1","1","2"
"太宁二年七","1","1","2"
"宁二年七月","1","1","2"
"丹阳江宁侯","1","1","2"
"阳江宁侯纪","1","1","2"
"成帝咸康五","1","1","2"
"帝咸康五年","1","1","2"
"咸康五年四","1","1","2"
"康帝建元二","1","1","2"
"帝建元二年","1","1","2"
"建元二年十","1","1","2"
"元二年十月","1","1","2"
"卫将军营督","1","1","2"
"将军营督过","1","1","2"
"军营督过望","1","1","2"
"营督过望所","1","1","2"
"武帝宁康初","1","1","2"
"南郡州陵女","1","1","2"
"郡州陵女唐","1","1","2"
"州陵女唐氏","1","1","2"
"锡人赵未年","1","1","2"
"东阳人莫氏","1","1","2"
"阳人莫氏生","1","1","2"
"元帝初元五","1","1","2"
"帝初元五年","1","1","2"
"哀帝建平元","1","1","2"
"帝建平元年","1","1","2"
"减死罪一等","1","1","2"
"宣帝聪明正","1","1","2"
"帝聪明正直","1","1","2"
"丞相王嘉等","1","1","2"
"尚书陈宠上","1","1","2"
"书陈宠上疏","1","1","2"
"六百九十八","1","1","2"
"二千六百八","1","1","2"
"六百八十一","1","1","2"
"赎罪二千八","1","1","2"
"罪二千八百","1","1","2"
"奏上三十三","1","1","2"
"上三十三条","1","1","2"
"吏三世禁锢","1","1","2"
"廷尉张汤亲","1","1","2"
"二百三十二","1","1","2"
"二百五十篇","1","1","2"
"魏武帝下令","1","1","2"
"怨毒杀人减","1","1","2"
"除参夷连坐","1","1","2"
"傍章十八篇","1","1","2"
"下三百余篇","1","1","2"
"司徒鲍公撰","1","1","2"
"二万六千二","1","1","2"
"百七十二条","1","1","2"
"七十三万二","1","1","2"
"十三万二千","1","1","2"
"三万二千二","1","1","2"
"廷尉狱吏范","1","1","2"
"尉狱吏范洪","1","1","2"
"时太傅钟繇","1","1","2"
"黄门侍郎韩","1","1","2"
"门侍郎韩逊","1","1","2"
"百八十余篇","1","1","2"
"毁伤亡失县","1","1","2"
"伤亡失县官","1","1","2"
"亡失县官财","1","1","2"
"失县官财物","1","1","2"
"受所监受财","1","1","2"
"所监受财枉","1","1","2"
"监受财枉法","1","1","2"
"犯宗庙园陵","1","1","2"
"改投书弃市","1","1","2"
"正篡囚弃市","1","1","2"
"除家人乞鞫","1","1","2"
"守刘子元妻","2","0","2"
"司隶校尉何","1","1","2"
"隶校尉何曾","1","1","2"
"主簿程咸上","1","1","2"
"诏改定律令","1","1","2"
"六百二十条","1","1","2"
"二万七千六","1","1","2"
"七千六百五","1","1","2"
"六百五十七","1","1","2"
"减枭斩族诛","1","1","2"
"误老少女人","1","1","2"
"九百二十六","1","1","2"
"百二十六条","1","1","2"
"十二万六千","1","1","2"
"二万六千三","1","1","2"
"昔萧何定律","2","0","2"
"定律令受封","1","1","2"
"叔孙通制仪","2","0","2"
"孙通制仪奉","2","0","2"
"通制仪奉常","2","0","2"
"夫立功立事","2","0","2"
"威势下手取","1","1","2"
"势下手取财","1","1","2"
"人财物积藏","1","1","2"
"中书侍郎张","1","1","2"
"书侍郎张华","1","1","2"
"况本性奸凶","1","1","2"
"损崇礼大臣","1","1","2"
"法曹郎令史","1","1","2"
"鞭父母问子","2","0","2"
"父母问子所","2","0","2"
"家逃亡家长","1","1","2"
"中书郎庾亮","1","1","2"
"议参军梅陶","1","1","2"
"散骑郎张嶷","1","1","2"
"骑郎张嶷等","1","1","2"
"仁人君子所","1","1","2"
"中书郎桓彝","1","1","2"
"书郎桓彝等","1","1","2"
"安帝元兴末","1","1","2"
"二十七世妇","1","1","2"
"魏正始八年","1","1","2"
"洛阳高原陵","1","1","2"
"魏征南大将","1","1","2"
"镇北将军濮","1","1","2"
"北将军濮阳","1","1","2"
"时年六十五","1","1","2"
"钟会才能见","1","1","2"
"会见利忘义","1","1","2"
"太常诸葛绪","1","1","2"
"泰始三年下","1","1","2"
"三年下诏曰","2","0","2"
"兰陵景侯夫","1","1","2"
"陵景侯夫人","1","1","2"
"景侯夫人羊","1","1","2"
"侯夫人羊氏","1","1","2"
"时年五十二","2","0","2"
"随后母段氏","1","1","2"
"汤沐邑四十","1","1","2"
"沐邑四十县","1","1","2"
"太子太傅荀","1","1","2"
"太子妃贾氏","1","1","2"
"一眚掩大德","2","0","2"
"后军将军荀","1","1","2"
"军将军荀悝","1","1","2"
"高都君庞氏","1","1","2"
"书监张华等","1","1","2"
"太后非罪先","2","0","2"
"后非罪先帝","2","0","2"
"非罪先帝者","2","0","2"
"孝成赵皇后","1","1","2"
"废太后庶人","2","0","2"
"卫将军虞潭","1","1","2"
"将军虞潭议","1","1","2"
"祖武皇帝光","1","1","2"
"孝怀皇帝追","1","1","2"
"骠骑将军华","1","1","2"
"故尚书仆射","2","0","2"
"孝怀皇帝私","1","1","2"
"光禄勋留擢","1","1","2"
"丹杨尹殷融","1","1","2"
"泰始十年秋","1","1","2"
"始十年秋七","1","1","2"
"十年秋七月","1","1","2"
"年秋七月丙","1","1","2"
"晋元皇后杨","1","1","2"
"琅邪阳都人","1","1","2"
"泰始九年春","1","1","2"
"始九年春入","1","1","2"
"九年春入宫","1","1","2"
"泰始八年二","1","1","2"
"始八年二月","1","1","2"
"八年二月辛","1","1","2"
"年二月辛卯","1","1","2"
"太子少傅卫","1","1","2"
"后母广城君","2","0","2"
"养孙贾谧干","1","1","2"
"孙贾谧干预","1","1","2"
"贾谧干预国","1","1","2"
"谧干预国事","1","1","2"
"南风烈烈吹","1","1","2"
"风烈烈吹黄","1","1","2"
"烈烈吹黄沙","1","1","2"
"遥望鲁国郁","1","1","2"
"望鲁国郁嵯","1","1","2"
"鲁国郁嵯峨","1","1","2"
"翊军校尉齐","1","1","2"
"军校尉齐王","1","1","2"
"尚书刘弘等","1","1","2"
"临海公主先","1","1","2"
"海公主先封","1","1","2"
"遣尚书田淑","1","1","2"
"尚书田淑敕","1","1","2"
"尚书仆射荀","1","1","2"
"前太子清河","1","1","2"
"太子清河王","1","1","2"
"诏改葬太子","1","1","2"
"玖夫人印绶","1","1","2"
"怀王皇太后","1","1","2"
"元夏侯太妃","1","1","2"
"前琅邪王妃","1","1","2"
"琅邪王妃虞","1","1","2"
"邪王妃虞氏","1","1","2"
"使持节太尉","2","0","2"
"太尉万胜奉","1","1","2"
"尉万胜奉册","1","1","2"
"赠皇后玺绶","1","1","2"
"母散骑常侍","1","1","2"
"散骑常侍新","1","1","2"
"骑常侍新野","1","1","2"
"常侍新野王","1","1","2"
"豫章君荀氏","1","1","2"
"赠豫章郡君","1","1","2"
"尊后曰皇太","2","0","2"
"后曰皇太后","2","0","2"
"称皇太后陛","1","1","2"
"皇太后陛下","1","1","2"
"时年三十二","1","1","2"
"琛骠骑大将","1","1","2"
"丘氏安陵县","1","1","2"
"氏安陵县君","1","1","2"
"成恭杜皇后","1","1","2"
"镇南将军预","1","1","2"
"造凶门柏历","1","1","2"
"太尉王夷甫","1","1","2"
"章太妃周氏","1","1","2"
"选入成帝宫","1","1","2"
"司徒蔡谟等","1","1","2"
"徒蔡谟等上","1","1","2"
"蔡谟等上奏","1","1","2"
"伏惟陛下德","2","0","2"
"皇帝婚冠礼","1","1","2"
"称崇德太后","1","1","2"
"太学博士徐","1","1","2"
"学博士徐藻","1","1","2"
"都乡侯粪土","2","0","2"
"乡侯粪土臣","2","0","2"
"侯粪土臣何","2","0","2"
"粪土臣何琦","2","0","2"
"土臣何琦稽","2","0","2"
"臣何琦稽首","2","0","2"
"何琦稽首顿","2","0","2"
"琦稽首顿首","2","0","2"
"海西公夫人","1","1","2"
"舅濮阳吴氏","1","1","2"
"琅邪王夫人","1","1","2"
"建平国夫人","1","1","2"
"免国相诸葛","1","1","2"
"国相诸葛颐","1","1","2"
"封皇子道子","1","1","2"
"皇子道子琅","2","0","2"
"孝武帝下诏","1","1","2"
"郑太后应配","1","1","2"
"问太子前率","1","1","2"
"太子前率徐","1","1","2"
"子前率徐邈","1","1","2"
"时徐贵人生","1","1","2"
"会稽文孝王","1","1","2"
"鄱阳长公主","1","1","2"
"稽王道子启","1","1","2"
"太保刘耽尊","1","1","2"
"保刘耽尊皇","1","1","2"
"刘耽尊皇太","1","1","2"
"左仆射何澄","1","1","2"
"祠部郎徐广","1","1","2"
"部郎徐广等","1","1","2"
"郎徐广等议","1","1","2"
"太皇太后名","1","1","2"
"皇太后名位","1","1","2"
"太后名位允","1","1","2"
"永安皇后一","1","1","2"
"神主祔宣太","2","0","2"
"主祔宣太后","2","0","2"
"祔宣太后庙","2","0","2"
"将军桓冲等","1","1","2"
"军桓冲等奏","1","1","2"
"试守晋陵太","1","1","2"
"守晋陵太守","1","1","2"
"晋陵太守王","1","1","2"
"陵太守王蕴","1","1","2"
"新安愍公主","1","1","2"
"时年二十九","1","1","2"
"恭思褚皇后","1","1","2"
"宋元嘉十三","1","1","2"
"元嘉十三年","1","1","2"
"时天寒冰冻","1","1","2"
"徐州刺史吕","1","1","2"
"州刺史吕虔","1","1","2"
"高贵乡公位","2","0","2"
"遣侍中任恺","1","1","2"
"御史中丞侯","1","1","2"
"史中丞侯史","1","1","2"
"置官骑二十","1","1","2"
"使常优游定","2","0","2"
"常优游定省","2","0","2"
"置书箱镜奁","1","1","2"
"诏赐东园秘","2","0","2"
"时文明皇太","1","1","2"
"文明皇太后","1","1","2"
"赐绢三百匹","1","1","2"
"司徒西曹掾","1","1","2"
"咸宁四年卒","2","0","2"
"累迁尚书郎","2","0","2"
"将军曹爽引","1","1","2"
"高贵乡公讲","1","1","2"
"侍中郑小同","1","1","2"
"常道乡公位","2","0","2"
"时文帝辅政","1","1","2"
"上貂蝉印绶","1","1","2"
"太傅寿光公","1","1","2"
"傅寿光公郑","1","1","2"
"太尉临淮公","1","1","2"
"尉临淮公荀","1","1","2"
"司空博陵元","1","1","2"
"空博陵元公","1","1","2"
"卫将军钜平","1","1","2"
"将军钜平侯","1","1","2"
"军钜平侯羊","1","1","2"
"平侯羊祜才","1","1","2"
"孚等十二人","1","1","2"
"累迁散骑侍","2","0","2"
"迁散骑侍郎","2","0","2"
"惟良二千石","2","0","2"
"良二千石乎","2","0","2"
"曾上疏魏帝","1","1","2"
"选大臣名将","1","1","2"
"补河内太守","2","0","2"
"抚军校事尹","1","1","2"
"军校事尹模","1","1","2"
"时步兵校尉","1","1","2"
"步兵校尉阮","1","1","2"
"兵校尉阮籍","1","1","2"
"散骑常侍谕","2","0","2"
"床帐簟褥副","2","0","2"
"置长史掾属","1","1","2"
"长史掾属祭","1","1","2"
"史掾属祭酒","1","1","2"
"司隶校尉傅","2","0","2"
"予颍昌侯见","2","0","2"
"颍昌侯见矣","2","0","2"
"时司空贾充","1","1","2"
"司空贾充权","1","1","2"
"劭太子太师","2","0","2"
"累转大鸿胪","2","0","2"
"使御府工匠","1","1","2"
"故时人语曰","2","0","2"
"谒者阳翟郭","1","1","2"
"者阳翟郭玄","1","1","2"
"阳翟郭玄信","1","1","2"
"翟郭玄信奉","1","1","2"
"市长沛国赵","1","1","2"
"长沛国赵元","1","1","2"
"沛国赵元儒","1","1","2"
"见吏部郎许","1","1","2"
"吏部郎许允","1","1","2"
"帝中护军司","1","1","2"
"迁徐州刺史","2","0","2"
"徐州刺史胡","1","1","2"
"代王基都督","1","1","2"
"王基都督扬","1","1","2"
"基都督扬州","1","1","2"
"进封乐陵郡","1","1","2"
"封乐陵郡公","1","1","2"
"淮北监军王","1","1","2"
"北监军王琛","1","1","2"
"监军王琛轻","1","1","2"
"宫中大马作","2","0","2"
"中大马作驴","2","0","2"
"时鄴奚官督","1","1","2"
"司徒督察州","1","1","2"
"徒督察州郡","1","1","2"
"魏司空陈泰","1","1","2"
"右将军王阐","1","1","2"
"典兵中郎赵","1","1","2"
"封安阳乡侯","2","0","2"
"司隶中丞等","1","1","2"
"兰台禁止符","1","1","2"
"散骑郎蜀郡","1","1","2"
"骑郎蜀郡何","1","1","2"
"郎蜀郡何攀","1","1","2"
"蜀郡何攀共","1","1","2"
"陛下圣德光","1","1","2"
"加鹰扬将军","1","1","2"
"徐州刺史高","1","1","2"
"州刺史高诞","1","1","2"
"号曰二十四","2","0","2"
"曰二十四友","2","0","2"
"君侯博古通","1","1","2"
"黄门郎潘岳","1","1","2"
"欧阳建字坚","1","1","2"
"阳建字坚石","1","1","2"
"隶校尉刘讷","1","1","2"
"时汝阴王镇","1","1","2"
"汉南阳太守","1","1","2"
"太原郭奕见","1","1","2"
"时高贵乡公","1","1","2"
"加夫人印绶","1","1","2"
"将军都督万","1","1","2"
"军都督万里","1","1","2"
"加车骑将军","1","1","2"
"光禄大夫鲁","1","1","2"
"禄大夫鲁芝","1","1","2"
"禄大夫李胤","1","1","2"
"大夫李胤清","1","1","2"
"刺史杨肇攻","1","1","2"
"所统八万余","2","0","2"
"统八万余人","2","0","2"
"衔刀浮渡江","1","1","2"
"益州刺史王","1","1","2"
"州刺史王浚","1","1","2"
"加龙骧将军","1","1","2"
"襄阳八百里","1","1","2"
"遣中书令张","1","1","2"
"时年五十八","1","1","2"
"南大将军南","1","1","2"
"大将军南城","1","1","2"
"将军南城侯","1","1","2"
"帝大司马门","2","0","2"
"大司马门南","1","1","2"
"前征南大将","1","1","2"
"谒者杜宏告","1","1","2"
"太傅钜平成","1","1","2"
"傅钜平成侯","1","1","2"
"尚书祠部郎","1","1","2"
"书祠部郎荀","1","1","2"
"祠部郎荀伯","1","1","2"
"部郎荀伯子","1","1","2"
"郎荀伯子上","1","1","2"
"荀伯子上表","1","1","2"
"故太尉广陵","1","1","2"
"太尉广陵公","1","1","2"
"尉广陵公准","1","1","2"
"太傅杨骏参","1","1","2"
"傅杨骏参军","1","1","2"
"魏尚书仆射","1","1","2"
"妹高陆公主","1","1","2"
"袭祖爵丰乐","1","1","2"
"祖爵丰乐亭","1","1","2"
"爵丰乐亭侯","1","1","2"
"参相府军事","1","1","2"
"一百五十户","1","1","2"
"饰城门官舍","1","1","2"
"遣御史槛车","2","0","2"
"作人排新器","1","1","2"
"咸宁四年秋","1","1","2"
"吴西陵督张","1","1","2"
"西陵督张政","1","1","2"
"百六十五户","1","1","2"
"武昌监刘宪","1","1","2"
"昌监刘宪代","1","1","2"
"陛下圣明神","1","1","2"
"下圣明神武","1","1","2"
"遣参军樊显","1","1","2"
"阳太守周奇","1","1","2"
"太守周奇等","1","1","2"
"吴都督孙歆","1","1","2"
"九千六百户","1","1","2"
"邵信臣遗迹","1","1","2"
"春秋左氏经","1","1","2"
"秋左氏经传","1","1","2"
"左氏经传集","1","1","2"
"氏经传集解","1","1","2"
"时年六十三","1","1","2"
"郑大夫祭仲","1","1","2"
"太子中舍人","1","1","2"
"谏愍怀太子","1","1","2"
"卫将军长史","1","1","2"
"迁尚书左丞","2","0","2"
"赠散骑常侍","1","1","2"
"攻拔吴枳里","2","0","2"
"拔吴枳里城","2","0","2"
"厨园五十亩","1","1","2"
"卫将军司马","1","1","2"
"尚书仆射陈","1","1","2"
"书仆射陈泰","1","1","2"
"进封鲁阳乡","1","1","2"
"封鲁阳乡侯","1","1","2"
"常道乡公立","2","0","2"
"高苑县济川","1","1","2"
"苑县济川墟","1","1","2"
"封钜鹿郡公","1","1","2"
"时安远护军","1","1","2"
"安远护军郝","1","1","2"
"书令裴秀相","1","1","2"
"尚书令能防","1","1","2"
"骑都尉刘尚","1","1","2"
"光禄大夫裴","1","1","2"
"禄大夫裴秀","1","1","2"
"地图十八篇","1","1","2"
"尚书三十六","1","1","2"
"封高阳亭侯","1","1","2"
"御史中丞周","1","1","2"
"史中丞周弼","1","1","2"
"中丞周弼见","1","1","2"
"党左军将军","1","1","2"
"左军将军刘","1","1","2"
"军将军刘豫","1","1","2"
"专任门下事","1","1","2"
"中书黄门侍","1","1","2"
"书黄门侍郎","1","1","2"
"魏冀州刺史","1","1","2"
"国租钱百万","1","1","2"
"引天下贤人","1","1","2"
"侍中傅祗救","1","1","2"
"中傅祗救护","1","1","2"
"遣黄门郎王","1","1","2"
"黄门郎王衍","1","1","2"
"季龙太子中","1","1","2"
"龙太子中庶","1","1","2"
"委任长史司","1","1","2"
"任长史司马","1","1","2"
"长史司马奥","1","1","2"
"督扬州江西","1","1","2"
"扬州江西淮","1","1","2"
"州江西淮北","1","1","2"
"江西淮北诸","1","1","2"
"西淮北诸军","1","1","2"
"河南郭象谈","1","1","2"
"南郭象谈论","1","1","2"
"遣护军田续","1","1","2"
"尚书郎敦煌","1","1","2"
"书郎敦煌索","1","1","2"
"郎敦煌索靖","1","1","2"
"千兵百骑鼓","1","1","2"
"兵百骑鼓吹","1","1","2"
"除中正九品","1","1","2"
"太保主簿刘","1","1","2"
"保主簿刘繇","1","1","2"
"主簿刘繇等","1","1","2"
"时帐下督荣","1","1","2"
"帐下督荣晦","1","1","2"
"大臣父子九","1","1","2"
"臣父子九人","1","1","2"
"东亭道北围","1","1","2"
"魏初传古文","1","1","2"
"立三字石经","1","1","2"
"策书十余万","1","1","2"
"下土人程邈","1","1","2"
"狱中作大篆","1","1","2"
"上谷王次仲","1","1","2"
"齐相杜度号","1","1","2"
"兰陵贞世子","1","1","2"
"改封江夏郡","1","1","2"
"封江夏郡公","1","1","2"
"邑八千五百","1","1","2"
"骑将军王济","1","1","2"
"将军山简见","1","1","2"
"戴叔鸾嫁女","1","1","2"
"时大将军王","1","1","2"
"将军王敦镇","1","1","2"
"时年二十七","1","1","2"
"论中朝人士","1","1","2"
"赠光禄大夫","1","1","2"
"魏渔阳郡守","1","1","2"
"建章千门万","1","1","2"
"章千门万户","1","1","2"
"关内侯张华","1","1","2"
"太傅羊祜共","1","1","2"
"封子一人亭","2","0","2"
"子一人亭侯","2","0","2"
"受密诏杀太","1","1","2"
"密诏杀太宰","1","1","2"
"诏杀太宰汝","1","1","2"
"杀太宰汝南","1","1","2"
"太宰汝南王","1","1","2"
"进封壮武郡","1","1","2"
"封壮武郡公","1","1","2"
"代下邳王晃","2","0","2"
"左卫率刘卞","1","1","2"
"书左仆射裴","1","1","2"
"前殿马道南","1","1","2"
"时宾客满座","1","1","2"
"豫章人雷焕","1","1","2"
"南昌西山北","1","1","2"
"壮武国臣竺","1","1","2"
"武国臣竺道","1","1","2"
"陆机兄弟志","1","1","2"
"机兄弟志气","1","1","2"
"兄弟志气高","1","1","2"
"历位散骑常","2","0","2"
"齐王攸司空","2","0","2"
"攸司空主簿","1","1","2"
"司徒左西曹","1","1","2"
"徒左西曹掾","1","1","2"
"贾后废太子","1","1","2"
"穆张皇后生","1","1","2"
"张皇后生景","1","1","2"
"皇后生景帝","1","1","2"
"伏夫人生汝","1","1","2"
"夫人生汝南","1","1","2"
"人生汝南文","1","1","2"
"生汝南文成","1","1","2"
"南文成王亮","2","0","2"
"琅邪武王伷","2","0","2"
"清惠亭侯京","2","0","2"
"扶风武王骏","2","0","2"
"张夫人生梁","1","1","2"
"夫人生梁王","1","1","2"
"柏夫人生赵","1","1","2"
"夫人生赵王","1","1","2"
"抚军中郎将","1","1","2"
"进爵平阳乡","1","1","2"
"爵平阳乡侯","1","1","2"
"改封定陶伯","1","1","2"
"前后爱妾死","1","1","2"
"赵王伦辅政","2","0","2"
"改封琅邪王","1","1","2"
"邪相刘弘等","1","1","2"
"太康四年薨","2","0","2"
"时年五十七","1","1","2"
"太熙元年薨","2","0","2"
"封成帝长子","1","1","2"
"成帝长子哀","1","1","2"
"帝长子哀帝","1","1","2"
"邑五千二百","1","1","2"
"繇汝南王亮","2","0","2"
"澹母诸葛太","1","1","2"
"母诸葛太妃","1","1","2"
"元帝立皇子","1","1","2"
"典军大将军","1","1","2"
"子长乐亭侯","1","1","2"
"将军王舆攻","1","1","2"
"军王舆攻杀","1","1","2"
"王舆攻杀孙","1","1","2"
"舆攻杀孙秀","1","1","2"
"安帝时立武","1","1","2"
"帝时立武陵","1","1","2"
"时立武陵威","1","1","2"
"立武陵威王","1","1","2"
"追赠射声校","1","1","2"
"赠射声校尉","1","1","2"
"三百三十七","1","1","2"
"百三十七户","1","1","2"
"五六岁能书","1","1","2"
"散骑常侍侍","1","1","2"
"骑常侍侍讲","1","1","2"
"安东大将军","1","1","2"
"都督雍凉等","1","1","2"
"督雍凉等州","1","1","2"
"雍凉等州诸","1","1","2"
"凉等州诸军","1","1","2"
"等州诸军事","1","1","2"
"汝南王亮镇","2","0","2"
"将帅兵士等","1","1","2"
"帅兵士等人","1","1","2"
"兵士等人限","1","1","2"
"徙封扶风王","1","1","2"
"追赠大司马","1","1","2"
"邑五千三百","1","1","2"
"五千三百五","1","1","2"
"百五十八户","1","1","2"
"督鄴城守事","2","0","2"
"汝阴上计吏","1","1","2"
"阴上计吏张","1","1","2"
"上计吏张蕃","1","1","2"
"汝南南顿增","1","1","2"
"南南顿增封","1","1","2"
"孔洵监豫州","1","1","2"
"洵监豫州军","1","1","2"
"监豫州军事","1","1","2"
"都督关中军","1","1","2"
"督关中军事","1","1","2"
"护西戎校尉","1","1","2"
"督建威将军","1","1","2"
"振威将军卢","1","1","2"
"望公举荐贤","1","1","2"
"公举荐贤才","1","1","2"
"梁国常侍孙","1","1","2"
"国常侍孙霖","1","1","2"
"奉景献羊后","1","1","2"
"历散骑常侍","2","0","2"
"圣王封建万","1","1","2"
"王封建万国","1","1","2"
"典书令请求","1","1","2"
"书令请求差","1","1","2"
"国内百姓加","1","1","2"
"太康三年下","1","1","2"
"亲骑帐下司","1","1","2"
"骑帐下司马","1","1","2"
"置骑司马五","1","1","2"
"骑司马五人","1","1","2"
"时年三十六","1","1","2"
"齐王名过实","2","0","2"
"辽东王定国","1","1","2"
"增邑满二万","2","0","2"
"邑满二万户","2","0","2"
"上庸内史陈","1","1","2"
"继广汉殇王","2","0","2"
"殇王广德后","1","1","2"
"先帝先后特","1","1","2"
"咸宁初追加","2","0","2"
"宁初追加封","2","0","2"
"初追加封谥","2","0","2"
"上军大将军","1","1","2"
"万一千二百","1","1","2"
"一千二百一","1","1","2"
"百一十九户","1","1","2"
"一十九户改","1","1","2"
"魏东郡太守","1","1","2"
"奉继母寡嫂","1","1","2"
"将军曹爽辟","2","0","2"
"军曹爽辟掾","2","0","2"
"中书门下侍","1","1","2"
"书门下侍郎","1","1","2"
"时魏高贵乡","1","1","2"
"贵乡公将攻","1","1","2"
"乡公将攻文","1","1","2"
"公将攻文帝","1","1","2"
"转骠骑将军","2","0","2"
"城外诸军事","1","1","2"
"故散骑常侍","1","1","2"
"时朝廷昏乱","1","1","2"
"鲜卑务勿尘","1","1","2"
"州刺史石堪","1","1","2"
"蓟城南清泉","1","1","2"
"城南清泉水","1","1","2"
"南清泉水上","1","1","2"
"夷河北诸军","1","1","2"
"中山太守阮","1","1","2"
"山太守阮豹","1","1","2"
"太守阮豹等","1","1","2"
"马二百五十","1","1","2"
"二百五十匹","1","1","2"
"浚布告天下","1","1","2"
"遣燕相胡矩","1","1","2"
"燕相胡矩督","1","1","2"
"相胡矩督护","1","1","2"
"胡矩督护诸","1","1","2"
"矩督护诸军","1","1","2"
"行安北将军","1","1","2"
"前渤海太守","1","1","2"
"渤海太守刘","1","1","2"
"海太守刘亮","1","1","2"
"司空掾高柔","1","1","2"
"害太常傅嘏","1","1","2"
"汉太傅胡广","1","1","2"
"都督城外牙","1","1","2"
"督城外牙门","1","1","2"
"城外牙门诸","1","1","2"
"外牙门诸军","1","1","2"
"牙门诸军事","1","1","2"
"置司马亲兵","1","1","2"
"辟大将军曹","2","0","2"
"将军曹爽掾","2","0","2"
"参文帝大将","1","1","2"
"帝大将军军","1","1","2"
"大将军掾孙","1","1","2"
"将军掾孙佑","1","1","2"
"军掾孙佑等","1","1","2"
"书令张华依","1","1","2"
"中古文竹书","1","1","2"
"减天下吏员","1","1","2"
"凡发号施令","1","1","2"
"时太尉贾充","1","1","2"
"吏部尚书山","1","1","2"
"部尚书山涛","1","1","2"
"通事令史伊","1","1","2"
"事令史伊羡","1","1","2"
"中军司荀攸","1","1","2"
"通事刘泰等","1","1","2"
"事刘泰等官","1","1","2"
"尚书郎太令","1","1","2"
"书郎太令史","1","1","2"
"勖守尚书令","1","1","2"
"遣御史持节","2","0","2"
"御史持节护","1","1","2"
"史持节护丧","1","1","2"
"赵王伦相国","2","0","2"
"丞相军谘祭","1","1","2"
"相军谘祭酒","1","1","2"
"司徒左西属","1","1","2"
"愍帝称皇太","1","1","2"
"帝称皇太子","1","1","2"
"行豫州刺史","1","1","2"
"豫州刺史事","1","1","2"
"组都督司州","1","1","2"
"问太常贺循","1","1","2"
"行扬武将军","1","1","2"
"敬司徒王导","1","1","2"
"侍中冯怀议","1","1","2"
"魏司隶校尉","1","1","2"
"仕魏郡太守","2","0","2"
"转步兵校尉","1","1","2"
"女皇太子妃","2","0","2"
"邑三百五十","1","1","2"
"三百五十户","1","1","2"
"高贵乡公攻","1","1","2"
"本官都督关","1","1","2"
"官都督关中","1","1","2"
"晋国卫将军","1","1","2"
"鲁国太夫人","1","1","2"
"车骑将军故","2","0","2"
"赐绢七百匹","1","1","2"
"黄门侍郎慰","1","1","2"
"门侍郎慰问","1","1","2"
"将军杨嚣宣","1","1","2"
"中书令庾纯","1","1","2"
"书令庾纯等","1","1","2"
"都督秦凉二","1","1","2"
"督秦凉二州","1","1","2"
"秦凉二州诸","1","1","2"
"赐绢五百匹","1","1","2"
"河南尹夏侯","1","1","2"
"河南尹王恂","1","1","2"
"服三年丧事","1","1","2"
"侍中程咸犒","1","1","2"
"中程咸犒劳","1","1","2"
"充帛八千匹","1","1","2"
"盖安阳亭侯","1","1","2"
"弟阳里亭侯","1","1","2"
"赐床帐钱帛","1","1","2"
"太常奉策追","1","1","2"
"常奉策追赠","1","1","2"
"前后部羽葆","1","1","2"
"椎斧文衣武","1","1","2"
"广城君郭槐","1","1","2"
"郎中令韩咸","1","1","2"
"取外孙韩谧","1","1","2"
"后娶城阳太","1","1","2"
"娶城阳太守","1","1","2"
"城阳太守郭","1","1","2"
"阳太守郭配","1","1","2"
"置左右夫人","1","1","2"
"时沛国刘含","1","1","2"
"舅羽林监王","1","1","2"
"渤海石崇欧","1","1","2"
"海石崇欧阳","1","1","2"
"石崇欧阳建","1","1","2"
"吴国陆机陆","1","1","2"
"国陆机陆云","1","1","2"
"京兆杜斌挚","1","1","2"
"兆杜斌挚虞","1","1","2"
"琅邪诸葛诠","1","1","2"
"中山刘舆刘","1","1","2"
"山刘舆刘琨","1","1","2"
"军将军王衍","1","1","2"
"黄门侍郎嵇","1","1","2"
"门侍郎嵇绍","1","1","2"
"国子博士谢","1","1","2"
"子博士谢衡","1","1","2"
"骑都尉济北","1","1","2"
"都尉济北侯","1","1","2"
"尉济北侯荀","1","1","2"
"黄门侍郎华","1","1","2"
"门侍郎华混","1","1","2"
"弟散骑侍郎","1","1","2"
"充帐下都督","1","1","2"
"帐下都督周","1","1","2"
"下都督周勤","1","1","2"
"孙散骑侍郎","1","1","2"
"历镇军将军","2","0","2"
"赠中军大将","1","1","2"
"中军大将军","1","1","2"
"二宫尚书吏","1","1","2"
"宫尚书吏部","1","1","2"
"害汝南王亮","2","0","2"
"追赠车骑将","1","1","2"
"赠车骑将军","1","1","2"
"镇军二府司","1","1","2"
"军二府司马","1","1","2"
"镇军将军迁","1","1","2"
"前将军杨骏","1","1","2"
"置参军六人","1","1","2"
"步兵三千人","1","1","2"
"左右卫三部","1","1","2"
"右卫三部司","1","1","2"
"卫三部司马","1","1","2"
"殿中都尉司","1","1","2"
"中都尉司马","1","1","2"
"都尉司马十","1","1","2"
"尉司马十人","1","1","2"
"冯翊太守孙","1","1","2"
"翊太守孙楚","1","1","2"
"弘训少府蒯","1","1","2"
"训少府蒯钦","1","1","2"
"殿中中郎孟","1","1","2"
"中中郎孟观","1","1","2"
"殿中四百人","1","1","2"
"云龙门观察","1","1","2"
"龙门观察事","1","1","2"
"太傅舍人巴","1","1","2"
"傅舍人巴西","1","1","2"
"舍人巴西阎","1","1","2"
"人巴西阎纂","1","1","2"
"右军督赵休","1","1","2"
"军督赵休上","1","1","2"
"督赵休上书","1","1","2"
"忌大司马汝","1","1","2"
"大司马汝南","1","1","2"
"司马汝南王","1","1","2"
"叔父吏部郎","1","1","2"
"后将军钟毓","1","1","2"
"特赐绢百匹","2","0","2"
"赐葬地一顷","1","1","2"
"五官中郎将","2","0","2"
"剧阳子舍人","1","1","2"
"时年八十二","1","1","2"
"轮车牛一乘","1","1","2"
"时骁骑将军","1","1","2"
"骁骑将军秦","1","1","2"
"骑将军秦朗","1","1","2"
"立进令刘友","1","1","2"
"前尚书山涛","1","1","2"
"尚书仆射武","1","1","2"
"书仆射武陔","1","1","2"
"文帝相国军","1","1","2"
"帝相国军事","1","1","2"
"贤能人日见","2","0","2"
"缺令主者选","2","0","2"
"时年九十一","1","1","2"
"中书黄门吏","1","1","2"
"书黄门吏部","1","1","2"
"丧服释疑论","1","1","2"
"陈留圉城人","1","1","2"
"初太子舍人","2","0","2"
"加奉车都尉","2","0","2"
"后驾讨成都","2","0","2"
"驾讨成都王","2","0","2"
"成都王颖勋","2","0","2"
"光禄大夫金","1","1","2"
"禄大夫金章","1","1","2"
"大夫金章紫","1","1","2"
"夫金章紫绶","1","1","2"
"子韬字子远","1","1","2"
"太傅参军姜","1","1","2"
"遣扬州刺史","1","1","2"
"刺史应绰督","1","1","2"
"遣参军陈慎","1","1","2"
"都尉张乔攻","1","1","2"
"击吴牙门将","1","1","2"
"吴牙门将孔","1","1","2"
"牙门将孔忠","1","1","2"
"获吴将周兴","1","1","2"
"吴将周兴等","1","1","2"
"将周兴等五","1","1","2"
"周兴等五人","1","1","2"
"遣殄吴护军","1","1","2"
"殄吴护军李","1","1","2"
"吴护军李纯","1","1","2"
"武将军陈代","1","1","2"
"大将军孙震","1","1","2"
"将军孙震等","1","1","2"
"遣司马孙畴","1","1","2"
"建威将军孙","1","1","2"
"威将军孙晏","1","1","2"
"将军孙晏送","1","1","2"
"京陵侯王浑","1","1","2"
"征尚书左仆","2","0","2"
"宣帝废曹爽","1","1","2"
"化兴利除害","1","1","2"
"堂见征镇长","1","1","2"
"见征镇长史","1","1","2"
"征镇长史司","1","1","2"
"镇长史司马","1","1","2"
"浑录尚书事","1","1","2"
"时年七十五","1","1","2"
"参征南军事","1","1","2"
"转车骑事中","2","0","2"
"车骑事中郎","2","0","2"
"吴建平太守","1","1","2"
"建平太守吾","1","1","2"
"平太守吾彦","1","1","2"
"太守吾彦取","1","1","2"
"监梁益诸军","1","1","2"
"梁益诸军事","1","1","2"
"孙皓荒淫凶","1","1","2"
"将军唐彬攻","1","1","2"
"丹杨监盛纪","1","1","2"
"获监军陆晏","1","1","2"
"平西将军施","1","1","2"
"都督益梁诸","1","1","2"
"督益梁诸军","1","1","2"
"益梁诸军事","1","1","2"
"遣游击将军","1","1","2"
"游击将军张","1","1","2"
"击将军张象","1","1","2"
"将军张象率","1","1","2"
"中书令胡冲","1","1","2"
"吴郡孙皓叩","1","1","2"
"郡孙皓叩头","1","1","2"
"孙皓叩头死","1","1","2"
"皓叩头死罪","1","1","2"
"遣私署太常","1","1","2"
"私署太常张","1","1","2"
"署太常张夔","1","1","2"
"太常张夔等","1","1","2"
"虔等二十一","1","1","2"
"等二十一人","1","1","2"
"太尉贾充总","1","1","2"
"秣陵二百里","1","1","2"
"诏书十六日","1","1","2"
"牙门将李高","1","1","2"
"门将李高放","1","1","2"
"将李高放火","1","1","2"
"李高放火烧","1","1","2"
"前伪中郎将","1","1","2"
"伪中郎将孔","1","1","2"
"中郎将孔摅","1","1","2"
"郎将孔摅说","1","1","2"
"二月武昌失","1","1","2"
"月武昌失守","1","1","2"
"左右劫夺财","1","1","2"
"右劫夺财物","1","1","2"
"石头城劫取","1","1","2"
"头城劫取布","1","1","2"
"城劫取布帛","1","1","2"
"牙门将军马","1","1","2"
"百三十五艘","1","1","2"
"增兵五百人","1","1","2"
"益州护军范","1","1","2"
"州护军范通","1","1","2"
"太子洗马孟","1","1","2"
"子洗马孟康","1","1","2"
"前温令李密","1","1","2"
"温令李密等","1","1","2"
"尚书水部郎","1","1","2"
"武陵太守杨","1","1","2"
"陵太守杨宗","1","1","2"
"散骑常侍文","1","1","2"
"骑常侍文立","1","1","2"
"彬监巴东诸","1","1","2"
"监巴东诸军","1","1","2"
"鲜卑二部大","1","1","2"
"卑二部大莫","1","1","2"
"郡国备礼发","1","1","2"
"元康四年卒","2","0","2"
"康四年卒官","2","0","2"
"赐绢二百匹","1","1","2"
"亲兵五百人","1","1","2"
"相国左长史","1","1","2"
"护送陈留王","1","1","2"
"加宁远将军","1","1","2"
"山仆射近日","1","1","2"
"仆射近日暂","1","1","2"
"书令卫瓘奏","2","0","2"
"小郡五十人","1","1","2"
"时年七十九","1","1","2"
"新沓伯蜜印","1","1","2"
"沓伯蜜印青","1","1","2"
"左长史范晷","1","1","2"
"长史范晷等","1","1","2"
"时黄门侍郎","1","1","2"
"黄门侍郎王","1","1","2"
"门侍郎王恂","1","1","2"
"公卿大臣先","1","1","2"
"卿大臣先议","1","1","2"
"举鞭问葛疆","1","1","2"
"遣督护王万","1","1","2"
"督护王万率","1","1","2"
"会稽内史何","1","1","2"
"稽内史何充","1","1","2"
"吏部黄门郎","1","1","2"
"加建威将军","1","1","2"
"江夏太守刘","1","1","2"
"夏太守刘朗","1","1","2"
"吴牙门将孟","1","1","2"
"牙门将孟泰","1","1","2"
"南郡太守刘","1","1","2"
"郡太守刘肇","1","1","2"
"三考黜陟幽","2","0","2"
"考黜陟幽明","2","0","2"
"冲谲诈多端","1","1","2"
"弟阳平太守","1","1","2"
"乡人幽州刺","1","1","2"
"人幽州刺史","1","1","2"
"幽州刺史李","1","1","2"
"州刺史李阳","1","1","2"
"顺阳人郭舒","1","1","2"
"成都内史王","1","1","2"
"都内史王机","1","1","2"
"内史王机讨","1","1","2"
"四五万家一","1","1","2"
"五万家一时","1","1","2"
"杀富人李才","1","1","2"
"南平太守应","1","1","2"
"平太守应詹","1","1","2"
"杜蕤守江陵","1","1","2"
"天门太守扈","1","1","2"
"武陵内史武","1","1","2"
"陵内史武察","1","1","2"
"称平晋将军","1","1","2"
"时年四十四","1","1","2"
"作郎桓稚上","1","1","2"
"郎桓稚上表","1","1","2"
"乡人少府范","1","1","2"
"刺史夏侯含","1","1","2"
"襄阳都督周","1","1","2"
"阳都督周访","1","1","2"
"舒监襄阳军","1","1","2"
"高官督护缪","1","1","2"
"官督护缪坦","1","1","2"
"转太子中庶","2","0","2"
"河南官舍多","1","1","2"
"南官舍多妖","1","1","2"
"官舍多妖怪","1","1","2"
"司隶校尉满","1","1","2"
"隶校尉满奋","1","1","2"
"吏部尚书左","1","1","2"
"部尚书左仆","1","1","2"
"太傅东海王","1","1","2"
"浑避难江东","1","1","2"
"临淄侯文学","1","1","2"
"迁尚书右丞","2","0","2"
"毌丘俭作乱","1","1","2"
"立明堂辟雍","1","1","2"
"进封安城乡","1","1","2"
"封安城乡侯","1","1","2"
"光禄密陵侯","1","1","2"
"禄密陵侯袤","1","1","2"
"中郎将国坦","1","1","2"
"中书令虞松","1","1","2"
"尚书考功郎","1","1","2"
"迁司徒左长","2","0","2"
"宫臣皆受命","1","1","2"
"入散骑常侍","2","0","2"
"十二郡中正","1","1","2"
"时仆射山涛","1","1","2"
"博士祭酒曹","1","1","2"
"士祭酒曹志","1","1","2"
"祭酒曹志等","1","1","2"
"太守公孙度","1","1","2"
"吏部尚书仆","1","1","2"
"部尚书仆射","1","1","2"
"转太子少傅","2","0","2"
"御史持节监","1","1","2"
"史持节监丧","1","1","2"
"持节监丧致","1","1","2"
"故司徒李胤","1","1","2"
"胤家钱二百","1","1","2"
"魏大将军曹","1","1","2"
"进封大梁侯","1","1","2"
"都督沔北诸","1","1","2"
"督沔北诸军","1","1","2"
"沔北诸军事","1","1","2"
"第二驸马二","1","1","2"
"二驸马二乘","1","1","2"
"故司空王基","1","1","2"
"卫将军卢钦","1","1","2"
"颖前锋都督","1","1","2"
"前锋都督赵","1","1","2"
"锋都督赵骧","1","1","2"
"张泓等相持","1","1","2"
"葬黄桥白骨","1","1","2"
"司马督韩玄","1","1","2"
"屯骑校尉郝","1","1","2"
"骑校尉郝昌","1","1","2"
"校尉郝昌先","1","1","2"
"将军张方救","1","1","2"
"前锋督护冯","1","1","2"
"锋督护冯嵩","1","1","2"
"尚武帝女荥","2","0","2"
"武帝女荥阳","2","0","2"
"先父母兄弟","1","1","2"
"散骑中书侍","1","1","2"
"骑中书侍郎","1","1","2"
"司隶王宏等","1","1","2"
"大鸿胪何遵","1","1","2"
"集经书要事","1","1","2"
"本州大中正","1","1","2"
"子祭酒杜彝","1","1","2"
"将军王导同","1","1","2"
"愍帝时赐爵","1","1","2"
"帝时赐爵进","1","1","2"
"时赐爵进封","1","1","2"
"讨王敦功封","1","1","2"
"王敦功封苑","1","1","2"
"敦功封苑陵","1","1","2"
"功封苑陵县","1","1","2"
"封苑陵县侯","1","1","2"
"郊庙辟雍朝","1","1","2"
"庙辟雍朝廷","1","1","2"
"迁左光禄大","2","0","2"
"常布衣蔬食","1","1","2"
"改封乐乡侯","1","1","2"
"一百九十五","1","1","2"
"百九十五年","1","1","2"
"帝纪十二卷","1","1","2"
"皇后纪二卷","1","1","2"
"时中书监荀","1","1","2"
"秘书监何劭","1","1","2"
"著作郎张载","1","1","2"
"鉴都督陇右","1","1","2"
"都督陇右诸","1","1","2"
"督陇右诸军","1","1","2"
"云中守魏尚","1","1","2"
"武牙将军田","1","1","2"
"牙将军田顺","1","1","2"
"护军张劭监","1","1","2"
"汉护羌校尉","1","1","2"
"转吏部尚书","2","0","2"
"封大陵县公","1","1","2"
"玄散骑常侍","2","0","2"
"侍皇甫陶共","1","1","2"
"举清远礼臣","2","0","2"
"多亲农者少","2","0","2"
"天下若干人","1","1","2"
"前皇甫陶上","1","1","2"
"士农工商分","1","1","2"
"陛下圣德钦","2","0","2"
"下圣德钦明","2","0","2"
"兵持官牛者","2","0","2"
"警戒天下郡","1","1","2"
"戒天下郡县","1","1","2"
"见河堤谒者","2","0","2"
"河堤谒者车","1","1","2"
"堤谒者车谊","1","1","2"
"河堤谒者石","1","1","2"
"堤谒者石恢","1","1","2"
"御史中丞庾","1","1","2"
"史中丞庾纯","1","1","2"
"豫州大中正","1","1","2"
"州大中正夏","1","1","2"
"大中正夏侯","1","1","2"
"中正夏侯骏","1","1","2"
"正夏侯骏上","1","1","2"
"鲁国小中正","1","1","2"
"司空司马孔","1","1","2"
"空司马孔毓","1","1","2"
"尚书郎曹馥","1","1","2"
"书郎曹馥代","1","1","2"
"时司隶荀恺","1","1","2"
"汝南王亮辅","2","0","2"
"南王亮辅政","2","0","2"
"亮辅政专权","1","1","2"
"夏侯长容奉","1","1","2"
"侯长容奉使","1","1","2"
"摩天子逆鳞","2","0","2"
"任何晏选举","1","1","2"
"禄大夫刘毅","1","1","2"
"御史中丞解","1","1","2"
"史中丞解结","1","1","2"
"中丞督司百","2","0","2"
"丞督司百僚","2","0","2"
"说行马内外","1","1","2"
"纠皇太子下","2","0","2"
"更互奏内外","1","1","2"
"皇太子行马","2","0","2"
"太子行马内","2","0","2"
"司隶荀恺所","1","1","2"
"隶荀恺所奏","1","1","2"
"魏嘉平四年","1","1","2"
"嘉平四年春","1","1","2"
"平四年春正","1","1","2"
"魏景初二年","1","1","2"
"秋八月庚申","1","1","2"
"大将军府增","1","1","2"
"将军府增置","1","1","2"
"军府增置司","1","1","2"
"府增置司马","1","1","2"
"增置司马一","1","1","2"
"置司马一人","1","1","2"
"司隶校尉陔","1","1","2"
"金兽符第一","1","1","2"
"竹使符第一","1","1","2"
"天子命中抚","1","1","2"
"子命中抚军","1","1","2"
"命中抚军新","1","1","2"
"中抚军新昌","1","1","2"
"抚军新昌乡","1","1","2"
"军新昌乡侯","1","1","2"
"置御史大夫","1","1","2"
"宣王宣皇帝","2","0","2"
"景王景皇帝","2","0","2"
"文王文皇帝","2","0","2"
"王妃张氏宣","2","0","2"
"妃张氏宣穆","2","0","2"
"张氏宣穆皇","2","0","2"
"氏宣穆皇后","2","0","2"
"骠骑将军石","1","1","2"
"骑将军石苞","1","1","2"
"车骑将军陈","1","1","2"
"骑将军陈骞","1","1","2"
"赐山阳公刘","1","1","2"
"安乐公刘禅","1","1","2"
"乐公刘禅子","1","1","2"
"公刘禅子弟","1","1","2"
"刘禅子弟一","1","1","2"
"禅子弟一人","1","1","2"
"扬威护军官","1","1","2"
"左右积弩将","1","1","2"
"右积弩将军","1","1","2"
"吴将施绩入","1","1","2"
"将施绩入江","1","1","2"
"施绩入江夏","1","1","2"
"史胡烈击败","1","1","2"
"书左仆射羊","1","1","2"
"左仆射羊祜","1","1","2"
"仆射羊祜都","1","1","2"
"射羊祜都督","1","1","2"
"羊祜都督荆","1","1","2"
"立寿安亭侯","1","1","2"
"前将军孙秀","1","1","2"
"孙秀部将何","1","1","2"
"秀部将何崇","1","1","2"
"立安平亭侯","1","1","2"
"吴将鲁淑围","1","1","2"
"将鲁淑围弋","1","1","2"
"鲁淑围弋阳","1","1","2"
"征虏将军王","1","1","2"
"虏将军王浑","1","1","2"
"将军王浑击","1","1","2"
"军王浑击败","1","1","2"
"五官左右中","1","1","2"
"官左右中郎","1","1","2"
"左右中郎将","1","1","2"
"大长秋等官","1","1","2"
"获吴立信校","1","1","2"
"吴立信校尉","1","1","2"
"立信校尉庄","1","1","2"
"信校尉庄祜","1","1","2"
"吴威北将军","1","1","2"
"威北将军严","1","1","2"
"北将军严聪","1","1","2"
"扬威将军严","1","1","2"
"威将军严整","1","1","2"
"军大将军齐","1","1","2"
"大将军齐王","1","1","2"
"斩首五千级","1","1","2"
"百八十万斛","1","1","2"
"帅树机能攻","1","1","2"
"树机能攻陷","1","1","2"
"机能攻陷凉","1","1","2"
"能攻陷凉州","1","1","2"
"春正月甲申","1","1","2"
"书右仆射魏","1","1","2"
"陇西王泰尚","2","0","2"
"西王泰尚书","2","0","2"
"百姓绵绢三","1","1","2"
"姓绵绢三分","1","1","2"
"南康平固县","1","1","2"
"令萧辅聚众","1","1","2"
"侍中车骑将","1","1","2"
"中车骑将军","1","1","2"
"车骑将军杨","1","1","2"
"骑将军杨骏","1","1","2"
"中书监何劭","1","1","2"
"吏部尚书王","1","1","2"
"部尚书王戎","1","1","2"
"卫将军杨济","1","1","2"
"改永熙二年","1","1","2"
"都督关西诸","1","1","2"
"督关西诸军","1","1","2"
"关西诸军事","1","1","2"
"太子少傅阮","1","1","2"
"徐二州诸军","1","1","2"
"太子太师何","1","1","2"
"子太师何劭","1","1","2"
"益州刺史赵","1","1","2"
"阳流人李庠","1","1","2"
"害成都内史","1","1","2"
"成都内史耿","1","1","2"
"都内史耿胜","1","1","2"
"汶山太守霍","1","1","2"
"山太守霍固","1","1","2"
"西夷校尉陈","1","1","2"
"夷校尉陈总","1","1","2"
"陷江南诸郡","1","1","2"
"武陵太守贾","1","1","2"
"陵太守贾隆","1","1","2"
"零陵太守孔","1","1","2"
"陵太守孔纮","1","1","2"
"豫章太守阎","1","1","2"
"章太守阎济","1","1","2"
"武昌太守刘","1","1","2"
"昌太守刘根","1","1","2"
"征东将军刘","1","1","2"
"东将军刘准","1","1","2"
"遣广陵度支","1","1","2"
"广陵度支陈","1","1","2"
"陵度支陈敏","1","1","2"
"颙都督中外","1","1","2"
"逐扬州刺史","1","1","2"
"扬州刺史刘","1","1","2"
"州刺史刘机","1","1","2"
"丹杨太守王","1","1","2"
"杨太守王旷","1","1","2"
"都督秦雍梁","1","1","2"
"督秦雍梁益","1","1","2"
"秦雍梁益四","1","1","2"
"雍梁益四州","1","1","2"
"梁益四州诸","1","1","2"
"益四州诸军","1","1","2"
"骑将军王浚","1","1","2"
"平北大将军","1","1","2"
"加凉州刺史","1","1","2"
"李雄攻陷涪","1","1","2"
"雄攻陷涪城","1","1","2"
"梓潼太守谯","1","1","2"
"潼太守谯登","1","1","2"
"司空王浚大","2","0","2"
"空王浚大司","2","0","2"
"王浚大司马","2","0","2"
"太子太傅傅","1","1","2"
"子太傅傅祗","1","1","2"
"大都督陕西","1","1","2"
"都督陕西诸","1","1","2"
"督陕西诸军","1","1","2"
"陕西诸军事","1","1","2"
"杨武攻陷梁","1","1","2"
"武攻陷梁州","1","1","2"
"卫将军荀组","1","1","2"
"西平公张轨","1","1","2"
"晋昌太守赵","1","1","2"
"昌太守赵佩","1","1","2"
"大将军刘琨","1","1","2"
"皇帝行玺一","1","1","2"
"帝行玺一纽","1","1","2"
"员外散骑常","1","1","2"
"外散骑常侍","1","1","2"
"汉安侯王敦","1","1","2"
"右将军王导","1","1","2"
"左长史刁协","1","1","2"
"渤海公段匹","1","1","2"
"北将军刘翰","1","1","2"
"广宁公段辰","1","1","2"
"辽西公段眷","1","1","2"
"广饶侯曹嶷","1","1","2"
"定襄侯刘演","1","1","2"
"东夷校尉崔","1","1","2"
"夷校尉崔毖","1","1","2"
"鲜卑大都督","1","1","2"
"卑大都督慕","1","1","2"
"大都督慕容","1","1","2"
"等一百八十","1","1","2"
"一百八十人","1","1","2"
"百八十人上","1","1","2"
"八十人上书","1","1","2"
"十人上书劝","1","1","2"
"书左仆射刁","1","1","2"
"左仆射刁协","1","1","2"
"曲陵公荀崧","1","1","2"
"平州刺史崔","1","1","2"
"州刺史崔毖","1","1","2"
"安南将军周","1","1","2"
"南将军周访","1","1","2"
"武陵内史向","1","1","2"
"陵内史向硕","1","1","2"
"州刺史祖逖","1","1","2"
"冬十月壬午","1","1","2"
"都督幽平二","1","1","2"
"督幽平二州","1","1","2"
"幽平二州东","1","1","2"
"平二州东夷","1","1","2"
"二州东夷诸","1","1","2"
"州东夷诸军","1","1","2"
"东夷诸军事","1","1","2"
"封辽东郡公","1","1","2"
"新昌太守梁","1","1","2"
"昌太守梁硕","1","1","2"
"司徒王导录","1","1","2"
"徒王导录尚","1","1","2"
"王导录尚书","1","1","2"
"导录尚书事","1","1","2"
"中书令庾亮","1","1","2"
"广陵相曹浑","1","1","2"
"泉陵公刘遐","1","1","2"
"征虏将军郭","1","1","2"
"虏将军郭默","1","1","2"
"太守苏峻等","1","1","2"
"守苏峻等反","1","1","2"
"将戴开帅众","1","1","2"
"将军庾冰都","1","1","2"
"军庾冰都督","1","1","2"
"庾冰都督荆","1","1","2"
"梁六州诸军","1","1","2"
"骠骑将军何","1","1","2"
"骑将军何充","1","1","2"
"秋八月丙子","1","1","2"
"竟陵公桓宣","1","1","2"
"昱录尚书六","1","1","2"
"建安伯诸葛","1","1","2"
"安伯诸葛恢","1","1","2"
"秋七月庚午","1","1","2"
"宁七州诸军","1","1","2"
"都亭侯庾翼","1","1","2"
"州刺史桓温","1","1","2"
"宁六州诸军","1","1","2"
"李势将爨頠","1","1","2"
"春正月丙寅","1","1","2"
"都乡侯何充","1","1","2"
"前司徒左长","1","1","2"
"徒左长史殷","1","1","2"
"左长史殷浩","1","1","2"
"州刺史褚裒","1","1","2"
"林邑范文攻","1","1","2"
"邑范文攻陷","1","1","2"
"范文攻陷日","1","1","2"
"文攻陷日南","1","1","2"
"害太守夏侯","1","1","2"
"太守夏侯览","1","1","2"
"隗文立范贲","1","1","2"
"州刺史张重","1","1","2"
"刺史张重华","1","1","2"
"大都督陇右","1","1","2"
"武都氐王杨","1","1","2"
"都氐王杨初","1","1","2"
"慕容隽大将","1","1","2"
"容隽大将军","1","1","2"
"幽平二州牧","1","1","2"
"都乡侯褚裒","1","1","2"
"吴国内史荀","1","1","2"
"国内史荀羡","1","1","2"
"加中军将军","2","0","2"
"将军殷浩督","1","1","2"
"军殷浩督扬","1","1","2"
"殷浩督扬豫","1","1","2"
"浩督扬豫徐","1","1","2"
"青五州诸军","1","1","2"
"庐江太守袁","1","1","2"
"江太守袁真","1","1","2"
"太守袁真攻","1","1","2"
"仪同三司顾","1","1","2"
"监冀州诸军","1","1","2"
"冀州诸军事","1","1","2"
"慕容隽所灭","1","1","2"
"河间王钦修","1","1","2"
"间王钦修复","1","1","2"
"王钦修复五","1","1","2"
"钦修复五陵","1","1","2"
"加尚书仆射","2","0","2"
"书仆射谢尚","1","1","2"
"冉闵降将周","1","1","2"
"闵降将周成","1","1","2"
"降将周成举","1","1","2"
"将周成举兵","1","1","2"
"周成举兵反","1","1","2"
"宛陵袭洛阳","1","1","2"
"守戴施奔鲔","1","1","2"
"戴施奔鲔渚","1","1","2"
"废扬州刺史","1","1","2"
"扬州刺史殷","1","1","2"
"州刺史殷浩","1","1","2"
"前会稽内史","1","1","2"
"稽内史王述","1","1","2"
"江西乞活郭","1","1","2"
"西乞活郭敞","1","1","2"
"乞活郭敞等","1","1","2"
"活郭敞等执","1","1","2"
"郭敞等执陈","1","1","2"
"敞等执陈留","1","1","2"
"等执陈留内","1","1","2"
"执陈留内史","1","1","2"
"陈留内史刘","1","1","2"
"留内史刘仕","1","1","2"
"军将军王彪","1","1","2"
"刺史谢尚督","1","1","2"
"冀幽三州诸","1","1","2"
"幽三州诸军","1","1","2"
"扬武将军毛","1","1","2"
"武将军毛穆","1","1","2"
"太守戴施镇","1","1","2"
"将军袁真等","1","1","2"
"郎将荀羡北","1","1","2"
"将荀羡北伐","1","1","2"
"兴太守谢万","1","1","2"
"散骑常侍郗","1","1","2"
"骑常侍郗昙","1","1","2"
"十一月庚子","1","1","2"
"封太尉桓温","1","1","2"
"镇军将军范","1","1","2"
"军将军范汪","1","1","2"
"阳夏侯滕含","1","1","2"
"升平三年除","1","1","2"
"平三年除骠","1","1","2"
"三年除骠骑","1","1","2"
"年除骠骑将","1","1","2"
"除骠骑将军","1","1","2"
"春正月壬子","1","1","2"
"吴国内史庾","1","1","2"
"国内史庾希","1","1","2"
"退守小平津","1","1","2"
"会稽王昱总","1","1","2"
"将军桓温侍","1","1","2"
"军桓温侍中","1","1","2"
"郎将袁真都","1","1","2"
"将袁真都督","1","1","2"
"袁真都督司","1","1","2"
"北中郎将瘦","1","1","2"
"中郎将瘦希","1","1","2"
"郎将瘦希都","1","1","2"
"将瘦希都督","1","1","2"
"瘦希都督青","1","1","2"
"希都督青州","1","1","2"
"张天锡弑凉","1","1","2"
"天锡弑凉州","1","1","2"
"锡弑凉州刺","1","1","2"
"弑凉州刺史","1","1","2"
"西平公张玄","1","1","2"
"平公张玄靓","1","1","2"
"葬章皇太妃","1","1","2"
"改左军将军","1","1","2"
"后军将军五","1","1","2"
"军将军五校","1","1","2"
"将军五校三","1","1","2"
"军五校三将","1","1","2"
"五校三将官","1","1","2"
"桓冲监江州","1","1","2"
"冲监江州荆","1","1","2"
"监江州荆州","1","1","2"
"江夏随郡豫","1","1","2"
"夏随郡豫州","1","1","2"
"汝南西阳新","1","1","2"
"南西阳新蔡","1","1","2"
"西阳新蔡颍","1","1","2"
"阳新蔡颍川","1","1","2"
"新蔡颍川六","1","1","2"
"蔡颍川六郡","1","1","2"
"颍川六郡诸","1","1","2"
"川六郡诸军","1","1","2"
"六郡诸军事","1","1","2"
"夏六月戊子","1","1","2"
"都督益宁二","1","1","2"
"督益宁二州","1","1","2"
"建城公周抚","1","1","2"
"改封会稽王","1","1","2"
"立皇后庾氏","1","1","2"
"史司马勋反","1","1","2"
"稽内史王彪","1","1","2"
"春二月己丑","1","1","2"
"州刺史张天","1","1","2"
"城内史桓秘","1","1","2"
"监梁益二州","1","1","2"
"梁益二州征","1","1","2"
"益二州征讨","1","1","2"
"会稽内史郗","1","1","2"
"稽内史郗愔","1","1","2"
"青幽四州诸","1","1","2"
"幽四州诸军","1","1","2"
"秋八月壬寅","1","1","2"
"蓝田侯王述","1","1","2"
"监益宁二州","1","1","2"
"建城公周楚","1","1","2"
"前宁州刺史","1","1","2"
"宁州刺史周","1","1","2"
"州刺史周仕","1","1","2"
"刺史周仕孙","1","1","2"
"监益梁二州","1","1","2"
"益梁二州诸","1","1","2"
"咸安元年冬","1","1","2"
"安元年冬十","1","1","2"
"元年冬十一","1","1","2"
"尚书仆射王","1","1","2"
"书仆射王彪","1","1","2"
"部尚书谢安","1","1","2"
"扬州刺史桓","1","1","2"
"监沔中诸军","1","1","2"
"苻坚北地长","1","1","2"
"坚北地长史","1","1","2"
"北地长史慕","1","1","2"
"地长史慕容","1","1","2"
"长史慕容泓","1","1","2"
"平阳太守慕","1","1","2"
"阳太守慕容","1","1","2"
"太守慕容冲","1","1","2"
"太保谢安大","1","1","2"
"保谢安大都","1","1","2"
"谢安大都督","1","1","2"
"安大都督扬","1","1","2"
"凉十五州诸","1","1","2"
"州刺史王愉","1","1","2"
"刺史王愉逃","1","1","2"
"秃发乌孤死","1","1","2"
"平地水深三","1","1","2"
"地水深三丈","1","1","2"
"军将军高素","1","1","2"
"右卫将军张","1","1","2"
"卫将军张崇","1","1","2"
"国将军刘袭","1","1","2"
"冠军将军桓","1","1","2"
"军将军桓谦","1","1","2"
"辅国将军司","1","1","2"
"国将军司马","1","1","2"
"将军司马允","1","1","2"
"卫将军王嘏","1","1","2"
"任命后将军","1","1","2"
"命后将军元","1","1","2"
"后将军元显","1","1","2"
"右将军吴隐","1","1","2"
"广二州诸军","1","1","2"
"武王司马秀","1","1","2"
"刺史司马轨","1","1","2"
"杀死零陵太","1","1","2"
"死零陵太守","1","1","2"
"零陵太守阮","1","1","2"
"陵太守阮野","1","1","2"
"沮渠蒙逊交","1","1","2"
"渠蒙逊交战","1","1","2"
"青州刺史诸","1","1","2"
"刺史诸葛长","1","1","2"
"史诸葛长民","1","1","2"
"刺史刘道怜","1","1","2"
"桓谦侵犯江","1","1","2"
"谦侵犯江陵","1","1","2"
"太尉刘裕害","1","1","2"
"尉刘裕害死","1","1","2"
"刘裕害死右","1","1","2"
"裕害死右将","1","1","2"
"害死右将军","1","1","2"
"死右将军兖","1","1","2"
"右将军兖州","1","1","2"
"将军兖州刺","1","1","2"
"军兖州刺史","1","1","2"
"左仆射谢混","1","1","2"
"沮渠蒙逊僭","1","1","2"
"渠蒙逊僭号","1","1","2"
"西陵太守朱","1","1","2"
"陵太守朱龄","1","1","2"
"太守朱龄石","1","1","2"
"北徐州刺史","1","1","2"
"春秋文曜钩","1","1","2"
"洛书甄曜度","1","1","2"
"春秋考异邮","1","1","2"
"百七万一千","1","1","2"
"七万一千里","1","1","2"
"二千九百三","1","1","2"
"九百三十二","1","1","2"
"百三十二里","1","1","2"
"三十二里七","1","1","2"
"十二里七十","1","1","2"
"二里七十一","1","1","2"
"里七十一步","1","1","2"
"七十一步二","1","1","2"
"十一步二尺","1","1","2"
"一步二尺七","1","1","2"
"步二尺七寸","1","1","2"
"二尺七寸四","1","1","2"
"尺七寸四分","1","1","2"
"七寸四分四","1","1","2"
"寸四分四百","1","1","2"
"四分四百八","1","1","2"
"分四百八十","1","1","2"
"八十七分分","1","1","2"
"一度凡千四","1","1","2"
"度凡千四百","1","1","2"
"凡千四百六","1","1","2"
"千四百六里","1","1","2"
"四百六里百","1","1","2"
"百六里百二","1","1","2"
"六里百二十","1","1","2"
"里百二十四","1","1","2"
"百二十四步","1","1","2"
"二十四步六","1","1","2"
"十四步六寸","1","1","2"
"四步六寸四","1","1","2"
"步六寸四分","1","1","2"
"六寸四分十","1","1","2"
"寸四分十万","1","1","2"
"四分十万七","1","1","2"
"分十万七千","1","1","2"
"十万七千五","1","1","2"
"七千五百六","1","1","2"
"五百六十五","1","1","2"
"百六十五分","1","1","2"
"六十五分分","1","1","2"
"五百二十五","1","1","2"
"百二十五里","1","1","2"
"二十五里二","1","1","2"
"十五里二百","1","1","2"
"五里二百五","1","1","2"
"里二百五十","1","1","2"
"百五十六步","1","1","2"
"五十六步三","1","1","2"
"十六步三尺","1","1","2"
"六步三尺三","1","1","2"
"步三尺三寸","1","1","2"
"三尺三寸二","1","1","2"
"尺三寸二十","1","1","2"
"三寸二十一","1","1","2"
"寸二十一万","1","1","2"
"一百三十分","1","1","2"
"百三十分分","1","1","2"
"十六万七百","1","1","2"
"六万七百三","1","1","2"
"万七百三十","1","1","2"
"时曹爽专政","1","1","2"
"邓飏等转改","1","1","2"
"飏等转改法","1","1","2"
"等转改法度","1","1","2"
"永兴元年十","1","1","2"
"元年五月壬","1","1","2"
"年五月壬辰","1","1","2"
"元年十月辛","1","1","2"
"五年二月辛","1","1","2"
"简文咸安元","1","1","2"
"文咸安元年","1","1","2"
"十一月丁丑","1","1","2"
"孝武宁康元","1","1","2"
"武宁康元年","1","1","2"
"宁康元年十","1","1","2"
"四年六月辛","1","1","2"
"二十年十一","1","1","2"
"隆安元年十","1","1","2"
"元兴元年二","1","1","2"
"元年二月甲","1","1","2"
"六年五月丙","1","1","2"
"隆安五年三","1","1","2"
"安五年三月","1","1","2"
"五年三月甲","1","1","2"
"年三月甲子","1","1","2"
"景初元年七","1","1","2"
"初元年七月","1","1","2"
"永宁太后废","1","1","2"
"宁太后废曹","1","1","2"
"太后废曹爽","1","1","2"
"后废曹爽等","1","1","2"
"太安二年十","1","1","2"
"十二月壬寅","1","1","2"
"咸康元年二","1","1","2"
"元年二月乙","1","1","2"
"六年二月乙","1","1","2"
"二年闰三月","1","1","2"
"年闰三月乙","1","1","2"
"闰三月乙亥","1","1","2"
"州刺史谢万","1","1","2"
"三年三月乙","1","1","2"
"年三月乙酉","1","1","2"
"哀帝兴宁元","1","1","2"
"帝兴宁元年","1","1","2"
"兴宁元年十","1","1","2"
"年十月丙戌","1","1","2"
"镇西将军益","1","1","2"
"西将军益州","1","1","2"
"将军益州刺","1","1","2"
"军益州刺史","1","1","2"
"武太元十二","1","1","2"
"元十二年二","1","1","2"
"十二年二月","1","1","2"
"二年二月戊","1","1","2"
"年二月戊寅","1","1","2"
"十九年四月","1","1","2"
"年二月丙辰","1","1","2"
"司马国璠等","1","1","2"
"马国璠等攻","1","1","2"
"二年五月五","1","1","2"
"年五月五月","1","1","2"
"五月五月甲","1","1","2"
"月五月甲申","1","1","2"
"元熙元年七","1","1","2"
"熙元年七月","1","1","2"
"青龙二年二","1","1","2"
"龙二年二月","1","1","2"
"二年二月己","1","1","2"
"年二月己未","1","1","2"
"光熙元年九","1","1","2"
"熙元年九月","1","1","2"
"东海王越杀","1","1","2"
"海王越杀诸","1","1","2"
"王越杀诸葛","1","1","2"
"越杀诸葛玫","1","1","2"
"杀诸葛玫等","1","1","2"
"永嘉六年七","1","1","2"
"嘉六年七月","1","1","2"
"永昌元年王","1","1","2"
"昌元年王敦","1","1","2"
"元年王敦攻","1","1","2"
"成帝咸康三","1","1","2"
"帝咸康三年","1","1","2"
"咸康三年十","1","1","2"
"康三年十一","1","1","2"
"十一月乙丑","1","1","2"
"六年三月戊","1","1","2"
"年三月戊戌","1","1","2"
"七年三月戊","1","1","2"
"年三月戊子","1","1","2"
"元年八月戊","1","1","2"
"十一年十二","1","1","2"
"一年十二月","1","1","2"
"隆安元年二","1","1","2"
"安元年二月","1","1","2"
"遣刘敬宣伐","1","1","2"
"刘敬宣伐蜀","1","1","2"
"五年四月甲","1","1","2"
"吴主大皇帝","1","1","2"
"主大皇帝初","1","1","2"
"晋武帝太康","1","1","2"
"二亿三万一","2","0","2"
"亿三万一千","2","0","2"
"百六十八帅","1","1","2"
"三百三十六","1","1","2"
"百三十六长","1","1","2"
"周大夫刘子","1","1","2"
"山阳温故国","1","1","2"
"广平邯郸秦","1","1","2"
"长乐魏斥丘","1","1","2"
"乐魏斥丘安","1","1","2"
"魏斥丘安阳","1","1","2"
"斥丘安阳荡","1","1","2"
"丘安阳荡阴","1","1","2"
"安阳荡阴内","1","1","2"
"阳荡阴内黄","1","1","2"
"荡阴内黄黄","1","1","2"
"阴内黄黄池","1","1","2"
"襄城郡泰始","1","1","2"
"城郡泰始二","1","1","2"
"汝阴郡魏置","1","1","2"
"阴郡魏置郡","1","1","2"
"带方郡公孙","1","1","2"
"方郡公孙度","1","1","2"
"置朔方刺史","1","1","2"
"集塞下荒地","1","1","2"
"乌氏都卢鹑","1","1","2"
"氏都卢鹑觚","1","1","2"
"都卢鹑觚阴","1","1","2"
"卢鹑觚阴密","1","1","2"
"鹑觚阴密殷","1","1","2"
"日勒删丹仙","1","1","2"
"勒删丹仙提","1","1","2"
"删丹仙提万","1","1","2"
"丹仙提万岁","1","1","2"
"仙提万岁兰","1","1","2"
"提万岁兰池","1","1","2"
"万岁兰池一","1","1","2"
"汉献帝兴平","1","1","2"
"献帝兴平二","1","1","2"
"帝兴平二年","1","1","2"
"武威太守张","1","1","2"
"威太守张雅","1","1","2"
"太守张雅请","1","1","2"
"玉门大护军","1","1","2"
"门大护军三","1","1","2"
"大护军三郡","1","1","2"
"护军三郡三","1","1","2"
"军三郡三营","1","1","2"
"襄武首阳乌","1","1","2"
"武首阳乌鼠","1","1","2"
"首阳乌鼠山","1","1","2"
"刘璋改永宁","1","1","2"
"分巴郡垫江","1","1","2"
"北阴平四郡","1","1","2"
"安康等十郡","1","1","2"
"献帝初平元","1","1","2"
"帝初平元年","1","1","2"
"分巴郡立永","1","1","2"
"巴郡立永宁","1","1","2"
"郡立永宁郡","1","1","2"
"东安平汝水","1","1","2"
"长广郡咸宁","1","1","2"
"广郡咸宁三","1","1","2"
"郡咸宁三年","1","1","2"
"硃虚营陵尚","1","1","2"
"虚营陵尚父","1","1","2"
"营陵尚父吕","1","1","2"
"陵尚父吕望","1","1","2"
"南兰陵等郡","1","1","2"
"武进立临淮","1","1","2"
"南彭城等郡","1","1","2"
"北济阴十一","1","1","2"
"济阴十一郡","1","1","2"
"始安十五郡","1","1","2"
"上庸七郡属","1","1","2"
"庸七郡属魏","1","1","2"
"安昌棘阳厥","1","1","2"
"昌棘阳厥西","1","1","2"
"棘阳厥西平","1","1","2"
"阳厥西平氏","1","1","2"
"厥西平氏桐","1","1","2"
"西平氏桐柏","1","1","2"
"平氏桐柏山","1","1","2"
"太康元年合","1","1","2"
"巫北井秦昌","1","1","2"
"北井秦昌信","1","1","2"
"井秦昌信陵","1","1","2"
"秦昌信陵兴","1","1","2"
"昌信陵兴山","1","1","2"
"信陵兴山建","1","1","2"
"陵兴山建始","1","1","2"
"兴山建始秭","1","1","2"
"山建始秭归","1","1","2"
"南河东二郡","1","1","2"
"分淮南置豫","1","1","2"
"淮南置豫章","1","1","2"
"南置豫章郡","1","1","2"
"文帝十六年","1","1","2"
"建鄴本秣陵","1","1","2"
"历阳全椒阜","1","1","2"
"阳全椒阜陵","1","1","2"
"临湖襄安龙","1","1","2"
"湖襄安龙舒","1","1","2"
"襄安龙舒六","1","1","2"
"武进延陵毗","1","1","2"
"进延陵毗陵","1","1","2"
"晋安郡太康","1","1","2"
"安郡太康三","1","1","2"
"太康三年置","2","0","2"
"南康郡太康","1","1","2"
"康郡太康三","1","1","2"
"改丹阳太守","1","1","2"
"周时越常氏","1","1","2"
"林钟上生太","1","1","2"
"钟上生太蔟","1","1","2"
"太蔟下生南","1","1","2"
"蔟下生南吕","1","1","2"
"南吕上生姑","1","1","2"
"吕上生姑洗","1","1","2"
"姑洗下生应","1","1","2"
"洗下生应钟","1","1","2"
"应钟上生蕤","1","1","2"
"钟上生蕤宾","1","1","2"
"蕤宾下生大","1","1","2"
"宾下生大吕","1","1","2"
"大吕下生夷","1","1","2"
"三万二千七","1","1","2"
"二千七百六","1","1","2"
"千七百六十","1","1","2"
"七百六十八","1","1","2"
"赵刘曜光初","1","1","2"
"刘曜光初四","1","1","2"
"曜光初四年","1","1","2"
"光初四年铸","1","1","2"
"初四年铸浑","1","1","2"
"四年铸浑仪","1","1","2"
"八年铸土圭","1","1","2"
"勖尺一尺五","1","1","2"
"尺一尺五分","1","1","2"
"七千二百八","1","1","2"
"二百八十五","1","1","2"
"一万四千五","1","1","2"
"万四千五百","1","1","2"
"四千五百七","1","1","2"
"千五百七十","1","1","2"
"进加退减所","1","1","2"
"四度转增少","1","1","2"
"衰左右相加","1","1","2"
"七百二十二","1","1","2"
"七千三百四","1","1","2"
"三百四十一","1","1","2"
"十二万七千","1","1","2"
"二万七千七","1","1","2"
"万七千七百","1","1","2"
"七千七百一","1","1","2"
"千七百一十","1","1","2"
"七百一十八","1","1","2"
"九十七万四","1","1","2"
"十七万四千","1","1","2"
"七万四千六","1","1","2"
"四千六百九","1","1","2"
"七千二百七","1","1","2"
"二百七十一","1","1","2"
"六万四千七","1","1","2"
"万四千七百","1","1","2"
"四千七百三","1","1","2"
"七百三十三","1","1","2"
"二百万六千","1","1","2"
"百万六千七","1","1","2"
"七百二十三","1","1","2"
"一百五十七","1","1","2"
"九十九万一","1","1","2"
"九万一千七","1","1","2"
"三千六百五","1","1","2"
"六百五十三","1","1","2"
"五万三千八","1","1","2"
"七万八千五","1","1","2"
"万八千五百","1","1","2"
"八千五百八","1","1","2"
"五百八十一","1","1","2"
"七千二百一","1","1","2"
"二百一十三","1","1","2"
"十五万二千","1","1","2"
"五万二千二","1","1","2"
"千二百九十","1","1","2"
"二百九十三","1","1","2"
"十七万一千","1","1","2"
"七万一千四","1","1","2"
"一千四百一","1","1","2"
"四百一十八","1","1","2"
"五百三十一","1","1","2"
"百三十一万","1","1","2"
"三十一万三","1","1","2"
"九百五十八","1","1","2"
"一百三十万","1","1","2"
"百三十万八","1","1","2"
"三十万八千","1","1","2"
"十万八千一","1","1","2"
"八百三十四","1","1","2"
"二十一万一","1","1","2"
"一千三百三","1","1","2"
"千三百三十","1","1","2"
"三百三十一","1","1","2"
"二十一万九","1","1","2"
"十一万九千","1","1","2"
"九千六百五","1","1","2"
"六百五十九","1","1","2"
"六百八十万","1","1","2"
"百八十万九","1","1","2"
"八十万九千","1","1","2"
"十万九千四","1","1","2"
"九千四百二","1","1","2"
"四百二十九","1","1","2"
"一百六十七","1","1","2"
"百六十七万","1","1","2"
"六十七万六","1","1","2"
"十七万六千","1","1","2"
"六千三百四","1","1","2"
"百九十八日","2","0","2"
"十三度二百","1","1","2"
"三度二百五","1","1","2"
"行星四百一","2","0","2"
"星四百一十","2","0","2"
"四百一十四","1","1","2"
"百一十四度","1","1","2"
"一十四度四","1","1","2"
"十四度四十","1","1","2"
"四度四十七","1","1","2"
"七十二万二","1","1","2"
"二千九百一","1","1","2"
"千九百一十","1","1","2"
"九百一十九","1","1","2"
"五十一万六","1","1","2"
"一万三千四","1","1","2"
"八百五十九","1","1","2"
"十万三千六","1","1","2"
"三千六百一","1","1","2"
"小余九百六","1","1","2"
"余九百六十","1","1","2"
"一千二百五","1","1","2"
"二百五十五","1","1","2"
"一千一百四","1","1","2"
"一百四十九","1","1","2"
"二万一千八","1","1","2"
"万一千八百","1","1","2"
"八百三十一","1","1","2"
"二百一十一","1","1","2"
"百一十一万","1","1","2"
"一十一万七","1","1","2"
"十一万七千","1","1","2"
"一万七千六","1","1","2"
"五十二万二","1","1","2"
"三百八十八","1","1","2"
"五千三百七","1","1","2"
"三百七十二","1","1","2"
"四百四十万","1","1","2"
"百四十万一","1","1","2"
"四十万一千","1","1","2"
"三千六百二","1","1","2"
"一百四十一","1","1","2"
"一万二千一","1","1","2"
"二千一百五","1","1","2"
"三千九百四","1","1","2"
"千九百四十","1","1","2"
"九百四十三","1","1","2"
"七万二千三","1","1","2"
"二千三百七","1","1","2"
"一万九千九","1","1","2"
"九百八十七","1","1","2"
"五万八千一","1","1","2"
"八千一百五","1","1","2"
"一百五十三","1","1","2"
"一千六百七","1","1","2"
"六百七十四","1","1","2"
"二千八百八","1","1","2"
"八百八十五","1","1","2"
"五千三百一","1","1","2"
"四百三十九","1","1","2"
"百三十九万","1","1","2"
"三十九万五","1","1","2"
"九万五千五","1","1","2"
"万五千五百","1","1","2"
"五千五百五","1","1","2"
"五百五十五","1","1","2"
"三千五百三","1","1","2"
"五百三十五","1","1","2"
"八万五千一","1","1","2"
"五千一百七","1","1","2"
"一百七十五","1","1","2"
"一千八百七","1","1","2"
"一千七百八","1","1","2"
"七百八十九","1","1","2"
"二十二万三","1","1","2"
"二万三千九","1","1","2"
"九百九十一","1","1","2"
"一万五千四","1","1","2"
"五千四百五","1","1","2"
"四百五十九","1","1","2"
"百三十六万","1","1","2"
"三十六万三","1","1","2"
"六万三千九","1","1","2"
"九百九十五","1","1","2"
"百六十九分","1","1","2"
"二百三十分","1","1","2"
"四百一十五","1","1","2"
"一十五度二","1","1","2"
"十五度二百","1","1","2"
"五度二百四","1","1","2"
"度二百四十","1","1","2"
"二百四十九","1","1","2"
"四十九万八","1","1","2"
"十九万八千","1","1","2"
"九万八千六","1","1","2"
"万八千六百","1","1","2"
"八千六百九","1","1","2"
"六百九十分","1","1","2"
"十二度五百","1","1","2"
"二度五百九","1","1","2"
"度五百九十","1","1","2"
"著作郎琅邪","1","1","2"
"积九万七千","1","1","2"
"九万七千年","1","1","2"
"一百八十三","1","1","2"
"七万六千二","1","1","2"
"六千二百六","1","1","2"
"二百六十九","1","1","2"
"三万八千一","1","1","2"
"八千一百三","1","1","2"
"一百三十四","1","1","2"
"一万一千九","1","1","2"
"万一千九百","1","1","2"
"九百八十六","1","1","2"
"一日克己复","1","1","2"
"日克己复礼","1","1","2"
"泰始三年十","1","1","2"
"始三年十一","1","1","2"
"改封宗圣侯","1","1","2"
"封宗圣侯孔","1","1","2"
"宗圣侯孔震","1","1","2"
"帝建安十八","1","1","2"
"安十八年五","1","1","2"
"十八年五月","1","1","2"
"追命舞阳宣","1","1","2"
"命舞阳宣文","1","1","2"
"追尊皇祖宣","1","1","2"
"尊皇祖宣王","1","1","2"
"景王夫人羊","1","1","2"
"王夫人羊氏","1","1","2"
"追祭征西将","1","1","2"
"祭征西将军","1","1","2"
"金紫将军上","1","1","2"
"紫将军上殿","1","1","2"
"奏奏食举乐","1","1","2"
"乐令跪奏请","1","1","2"
"令跪奏请进","1","1","2"
"跪奏请进乐","1","1","2"
"尊崇章皇太","1","1","2"
"崇章皇太妃","1","1","2"
"明帝立皇子","1","1","2"
"矛渝本歌曲","1","1","2"
"安弩渝本歌","1","1","2"
"弩渝本歌曲","1","1","2"
"安台本歌曲","1","1","2"
"行辞本歌曲","1","1","2"
"曹公征马超","1","1","2"
"太清一何异","1","1","2"
"皇盛德配尧","1","1","2"
"盛德配尧舜","1","1","2"
"泰始中歌辞","1","1","2"
"张博望入西","1","1","2"
"博望入西域","1","1","2"
"宋识善击节","1","1","2"
"识善击节唱","1","1","2"
"陈左善清歌","1","1","2"
"太子洗马舍","1","1","2"
"子洗马舍人","1","1","2"
"文帝黄初六","1","1","2"
"帝黄初六年","1","1","2"
"黄初六年正","1","1","2"
"初六年正月","1","1","2"
"太兴三年二","1","1","2"
"三年二月辛","1","1","2"
"年二月辛未","1","1","2"
"年正月乙巳","1","1","2"
"宣帝庙地陷","2","0","2"
"纳河南虞氏","1","1","2"
"青龙元年六","1","1","2"
"龙元年六月","1","1","2"
"洛阳宫鞠室","1","1","2"
"孙休永安五","1","1","2"
"休永安五年","1","1","2"
"永安五年二","1","1","2"
"城西门北楼","1","1","2"
"十年四月癸","1","1","2"
"年四月癸丑","1","1","2"
"八年十一月","1","1","2"
"安陵三县火","1","1","2"
"烧七千余家","1","1","2"
"五凤元年夏","1","1","2"
"永安四年五","1","1","2"
"安四年五月","1","1","2"
"南郊五帝座","1","1","2"
"咸宁元年九","1","1","2"
"太安元年七","1","1","2"
"安元年七月","1","1","2"
"永嘉四年四","1","1","2"
"嘉四年四月","1","1","2"
"太兴三年六","1","1","2"
"兴三年六月","1","1","2"
"太宁元年五","1","1","2"
"二年五月戊","1","1","2"
"年五月戊子","1","1","2"
"升平二年五","1","1","2"
"平二年五月","1","1","2"
"太元三年六","1","1","2"
"元三年六月","1","1","2"
"十八年六月","1","1","2"
"八年六月己","1","1","2"
"年六月己亥","1","1","2"
"二十年六月","1","1","2"
"二十一年五","1","1","2"
"一年五月癸","1","1","2"
"安帝隆安三","1","1","2"
"帝隆安三年","1","1","2"
"隆安三年五","1","1","2"
"安三年五月","1","1","2"
"三年五月丙","1","1","2"
"六年五月丁","1","1","2"
"九年五月辛","1","1","2"
"年五月辛巳","1","1","2"
"十年五月丁","1","1","2"
"孙亮太平二","1","1","2"
"亮太平二年","1","1","2"
"太平二年二","1","1","2"
"平二年二月","1","1","2"
"年二月甲寅","1","1","2"
"义熙九年五","1","1","2"
"熙九年五月","1","1","2"
"升平三年冬","1","1","2"
"文帝咸安二","1","1","2"
"帝咸安二年","1","1","2"
"安二年十月","1","1","2"
"太元四年夏","1","1","2"
"元兴元年七","1","1","2"
"兴元年七月","1","1","2"
"荆笔杨板行","1","1","2"
"遥望鲁国何","1","1","2"
"望鲁国何嵯","1","1","2"
"鲁国何嵯峨","1","1","2"
"千岁髑髅生","1","1","2"
"岁髑髅生齿","1","1","2"
"髑髅生齿牙","1","1","2"
"庾公初上时","1","1","2"
"桓公入石头","1","1","2"
"陛下徒跣走","1","1","2"
"犁牛耕御路","1","1","2"
"白门种小麦","1","1","2"
"官家养芦化","1","1","2"
"家养芦化成","1","1","2"
"养芦化成荻","1","1","2"
"阿坚连牵三","1","1","2"
"坚连牵三十","1","1","2"
"连牵三十年","1","1","2"
"后若欲败时","1","1","2"
"吴郡嘉兴张","1","1","2"
"郡嘉兴张林","1","1","2"
"嘉兴张林家","1","1","2"
"兴张林家狗","1","1","2"
"天下人饿死","1","1","2"
"五凤二年五","1","1","2"
"凤二年五月","1","1","2"
"阳羡县离里","1","1","2"
"羡县离里山","1","1","2"
"县离里山大","1","1","2"
"离里山大石","1","1","2"
"蜀刘禅景耀","1","1","2"
"刘禅景耀五","1","1","2"
"禅景耀五年","1","1","2"
"永康元年四","1","1","2"
"康元年四月","1","1","2"
"泰始六年冬","1","1","2"
"咸宁三年八","1","1","2"
"太康元年三","1","1","2"
"乐安梁邹等","1","1","2"
"安梁邹等八","1","1","2"
"梁邹等八县","1","1","2"
"琅邪临沂等","1","1","2"
"邪临沂等八","1","1","2"
"临沂等八县","1","1","2"
"河间易城等","1","1","2"
"间易城等六","1","1","2"
"易城等六县","1","1","2"
"高阳北新城","1","1","2"
"阳北新城等","1","1","2"
"北新城等四","1","1","2"
"新城等四县","1","1","2"
"嘉元年十二","1","1","2"
"年十二月冬","1","1","2"
"七年十月庚","1","1","2"
"永昌二年十","1","1","2"
"昌二年十二","1","1","2"
"太宁元年十","1","1","2"
"二年四月庚","1","1","2"
"年四月庚子","1","1","2"
"升平二年正","1","1","2"
"平二年正月","1","1","2"
"十二月癸卯","1","1","2"
"永兴二年十","1","1","2"
"元年十月己","1","1","2"
"年十月己巳","1","1","2"
"九月二日壬","1","1","2"
"月二日壬午","1","1","2"
"二日壬午立","1","1","2"
"日壬午立冬","1","1","2"
"七年十月壬","1","1","2"
"年十月壬午","1","1","2"
"十四年七月","1","1","2"
"四年七月甲","1","1","2"
"烧宣阳门西","1","1","2"
"宣阳门西柱","1","1","2"
"隆安二年九","1","1","2"
"安二年九月","1","1","2"
"二年九月壬","1","1","2"
"年九月壬辰","1","1","2"
"泰始十年六","1","1","2"
"始十年六月","1","1","2"
"庐江等五郡","1","1","2"
"帝太元十五","1","1","2"
"元十五年八","1","1","2"
"十五年八月","1","1","2"
"穆帝升平三","1","1","2"
"帝升平三年","1","1","2"
"升平三年二","1","1","2"
"平三年二月","1","1","2"
"十二月丙申","1","1","2"
"元康四年六","1","1","2"
"康四年六月","1","1","2"
"永康元年二","1","1","2"
"四年八月乙","1","1","2"
"年八月乙未","1","1","2"
"七年六月乙","1","1","2"
"年六月乙卯","1","1","2"
"年二月甲辰","1","1","2"
"二月甲辰夜","1","1","2"
"蜀刘备章武","1","1","2"
"刘备章武二","1","1","2"
"备章武二年","1","1","2"
"元康四年十","1","1","2"
"康四年十二","1","1","2"
"义熙五年十","1","1","2"
"熙五年十一","1","1","2"
"孙权嘉禾六","1","1","2"
"权嘉禾六年","1","1","2"
"嘉禾六年五","1","1","2"
"禾六年五月","1","1","2"
"蜀刘禅炎兴","1","1","2"
"刘禅炎兴元","1","1","2"
"禅炎兴元年","1","1","2"
"太康二年二","1","1","2"
"年二月庚申","1","1","2"
"南海等郡国","1","1","2"
"邓太后摄政","1","1","2"
"太后摄政时","1","1","2"
"二年五月己","1","1","2"
"年五月己丑","1","1","2"
"三年五月庚","1","1","2"
"年五月庚寅","1","1","2"
"泰始三年三","1","1","2"
"始三年三月","1","1","2"
"年三月戊午","1","1","2"
"南安新兴山","1","1","2"
"安新兴山崩","1","1","2"
"永嘉元年三","1","1","2"
"嘉元年三月","1","1","2"
"太兴元年二","1","1","2"
"西阳地震山","1","1","2"
"阳地震山崩","1","1","2"
"柴桑庐山西","1","1","2"
"桑庐山西北","1","1","2"
"庐山西北崖","1","1","2"
"山西北崖崩","1","1","2"
"建兴二年九","1","1","2"
"兴二年九月","1","1","2"
"蒲子县马生","1","1","2"
"擅作修舍事","1","1","2"
"魏德阳乡主","1","1","2"
"追赠继祖母","1","1","2"
"赠继祖母夏","1","1","2"
"继祖母夏侯","1","1","2"
"祖母夏侯氏","1","1","2"
"军大将军胡","1","1","2"
"大将军胡奋","1","1","2"
"廷尉诸葛冲","1","1","2"
"秘书郎左思","1","1","2"
"充三夫人九","1","1","2"
"三夫人九嫔","1","1","2"
"封夫人夏侯","1","1","2"
"人夏侯氏万","1","1","2"
"夏侯氏万岁","1","1","2"
"侯氏万岁乡","1","1","2"
"氏万岁乡君","1","1","2"
"都督江南诸","1","1","2"
"督江南诸军","1","1","2"
"事中郎掾属","1","1","2"
"改封武陵王","1","1","2"
"都督淮北诸","1","1","2"
"改封平寿侯","1","1","2"
"明王皇后生","1","1","2"
"王皇后生武","1","1","2"
"皇后生武帝","1","1","2"
"督幽冀诸军","1","1","2"
"幽冀诸军事","1","1","2"
"改封济北郡","1","1","2"
"封济北郡公","1","1","2"
"平阳襄陵人","1","1","2"
"帝大将军司","1","1","2"
"尉成公绥荀","1","1","2"
"书郎柳轨等","1","1","2"
"充子弟一人","1","1","2"
"帐下司马二","1","1","2"
"下司马二十","1","1","2"
"南阳堵阳人","1","1","2"
"镇南将军留","1","1","2"
"南将军留宪","1","1","2"
"宜都太守虞","1","1","2"
"都太守虞忠","1","1","2"
"获水军督陆","1","1","2"
"水军督陆景","1","1","2"
"骑将军王昶","1","1","2"
"赐钱四十万","1","1","2"
"司马齐王掾","1","1","2"
"参骠骑军事","1","1","2"
"太弟中庶子","1","1","2"
"所著诗赋论","1","1","2"
"著诗赋论难","1","1","2"
"诗赋论难数","1","1","2"
"赋论难数十","1","1","2"
"论难数十篇","1","1","2"
"进爵苑陵县","1","1","2"
"爵苑陵县公","1","1","2"
"督石头水陆","1","1","2"
"石头水陆诸","1","1","2"
"头水陆诸军","1","1","2"
"水陆诸军事","1","1","2"
"封宣昌亭侯","1","1","2"
"乐陵厌次人","1","1","2"
"太傅西曹掾","1","1","2"
"武安长公主","1","1","2"
"免河南尹澹","1","1","2"
"河南尹何攀","1","1","2"
"南尹何攀等","1","1","2"
"夏五月癸未","1","1","2"
"舞阳忠武侯","1","1","2"
"礼乐制度皆","1","1","2"
"山阳公国相","1","1","2"
"巨鹿公裴秀","1","1","2"
"书右仆射山","1","1","2"
"右仆射山涛","1","1","2"
"虏奚轲男女","1","1","2"
"奚轲男女十","1","1","2"
"轲男女十万","1","1","2"
"男女十万口","1","1","2"
"安昌公石鉴","1","1","2"
"京陵公王浑","1","1","2"
"春正月丙午","1","1","2"
"尚书令乐广","1","1","2"
"光熙元年春","1","1","2"
"夏五月丙子","1","1","2"
"复故河间王","1","1","2"
"南昌公郗鉴","1","1","2"
"张祚弑耀灵","1","1","2"
"冬十月癸巳","1","1","2"
"年春三月丁","1","1","2"
"春三月丁巳","1","1","2"
"南郡公桓温","1","1","2"
"蓝田侯王坦","1","1","2"
"左将军王蕴","1","1","2"
"年夏六月壬","1","1","2"
"追尊会稽王","1","1","2"
"尊会稽王太","1","1","2"
"会稽王太妃","1","1","2"
"稽王太妃郑","1","1","2"
"王太妃郑氏","1","1","2"
"任命尚书左","1","1","2"
"命尚书左仆","1","1","2"
"军将军王国","1","1","2"
"将军王国宝","1","1","2"
"秃发乌孤称","2","0","2"
"建康太守段","1","1","2"
"康太守段业","1","1","2"
"慕容实部将","2","0","2"
"容实部将慕","2","0","2"
"实部将慕容","2","0","2"
"广州刺史桓","1","1","2"
"州刺史桓玄","1","1","2"
"德攻陷青州","1","1","2"
"龙骧将军辟","1","1","2"
"经过太微星","1","1","2"
"吴国内史袁","1","1","2"
"国内史袁山","1","1","2"
"内史袁山松","1","1","2"
"史袁山松战","1","1","2"
"袁山松战死","1","1","2"
"沮渠蒙逊杀","1","1","2"
"渠蒙逊杀死","1","1","2"
"蒙逊杀死段","1","1","2"
"逊杀死段业","1","1","2"
"段玑杀慕容","1","1","2"
"玑杀慕容盛","1","1","2"
"叔父慕容熙","1","1","2"
"率军队侵犯","1","1","2"
"军队侵犯魏","1","1","2"
"月癸巳初一","1","1","2"
"篡夺皇帝位","2","0","2"
"令武陵王司","1","1","2"
"王司马遵依","1","1","2"
"司马遵依照","1","1","2"
"马遵依照旧","1","1","2"
"遵依照旧典","1","1","2"
"将军刘毅等","1","1","2"
"永安皇后何","1","1","2"
"安皇后何氏","1","1","2"
"将军刘裕忠","1","1","2"
"武英明果断","1","1","2"
"威将军刘怀","1","1","2"
"将军刘怀肃","1","1","2"
"军刘怀肃讨","1","1","2"
"刘怀肃讨伐","1","1","2"
"怀肃讨伐桓","1","1","2"
"肃讨伐桓振","1","1","2"
"仇池公杨盛","1","1","2"
"池公杨盛大","1","1","2"
"刺史司马荣","1","1","2"
"史司马荣期","1","1","2"
"左将军孔安","1","1","2"
"杀东阳太守","1","1","2"
"校尉殷叔文","1","1","2"
"晋陵太守殷","1","1","2"
"陵太守殷道","1","1","2"
"太守殷道叔","1","1","2"
"永嘉太守骆","1","1","2"
"嘉太守骆球","1","1","2"
"二月十九日","1","1","2"
"将赫连勃勃","1","1","2"
"赫连勃勃大","1","1","2"
"连勃勃大败","1","1","2"
"勃勃大败秃","1","1","2"
"勃大败秃发","1","1","2"
"州刺史杨思","1","1","2"
"刺史杨思平","1","1","2"
"陈留王曹灵","1","1","2"
"留王曹灵诞","1","1","2"
"清河王拓跋","1","1","2"
"河王拓跋绍","1","1","2"
"王拓跋绍杀","1","1","2"
"谯纵攻陷巴","1","1","2"
"时延祖战死","1","1","2"
"刺史刘道规","1","1","2"
"任命平北将","1","1","2"
"命平北将军","1","1","2"
"平北将军鲁","1","1","2"
"增爵位一等","1","1","2"
"前将军诸葛","1","1","2"
"将军诸葛长","1","1","2"
"军诸葛长民","1","1","2"
"弟弟辅国大","1","1","2"
"弟辅国大将","1","1","2"
"弟宁朔将军","1","1","2"
"范胡达侵犯","1","1","2"
"胡达侵犯九","1","1","2"
"达侵犯九真","1","1","2"
"交州刺史杜","1","1","2"
"刺史杜彗度","1","1","2"
"国派遣使者","1","1","2"
"使者进献地","1","1","2"
"者进献地方","1","1","2"
"进献地方特","1","1","2"
"献地方特产","1","1","2"
"冀二州刺史","1","1","2"
"二州刺史刘","1","1","2"
"州刺史刘敬","1","1","2"
"刺史刘敬宣","1","1","2"
"参军司马道","1","1","2"
"军司马道赐","1","1","2"
"司马道赐杀","1","1","2"
"马道赐杀害","1","1","2"
"中外大都督","1","1","2"
"都乡亭侯刘","1","1","2"
"乡亭侯刘柳","1","1","2"
"败魏将鹅青","1","1","2"
"刘裕攻克长","1","1","2"
"裕攻克长安","1","1","2"
"雍州刺史朱","1","1","2"
"州刺史朱龄","1","1","2"
"刺史朱龄石","1","1","2"
"史朱龄石焚","1","1","2"
"朱龄石焚烧","1","1","2"
"龄石焚烧长","1","1","2"
"石焚烧长安","1","1","2"
"应验谶语中","1","1","2"
"恭帝名德文","1","1","2"
"历任中军将","1","1","2"
"桓玄篡位后","1","1","2"
"义熙十四年","1","1","2"
"十二月十六","1","1","2"
"二月十六日","1","1","2"
"二年夏六月","1","1","2"
"永初二年九","1","1","2"
"初二年九月","1","1","2"
"二年九月丁","1","1","2"
"年三十六岁","1","1","2"
"丁丑年称晋","1","1","2"
"丑年称晋王","1","1","2"
"一百零四年","1","1","2"
"骄奢亡乱妖","1","1","2"
"奢亡乱妖孽","1","1","2"
"镇南将军甘","1","1","2"
"六千七百九","1","1","2"
"七百九十六","1","1","2"
"重泉频阳秦","1","1","2"
"泉频阳秦厉","1","1","2"
"频阳秦厉公","1","1","2"
"阳秦厉公置","1","1","2"
"避文帝讳改","1","1","2"
"新汉显亲县","1","1","2"
"新都郡泰始","1","1","2"
"都郡泰始二","1","1","2"
"下邳国汉置","1","1","2"
"乌程临安余","1","1","2"
"程临安余杭","1","1","2"
"临安余杭武","1","1","2"
"安余杭武康","1","1","2"
"六百八十二","1","1","2"
"百八十二分","1","1","2"
"一百九十二","1","1","2"
"黄钟生林钟","1","1","2"
"林钟生太蔟","1","1","2"
"太蔟生南吕","1","1","2"
"南吕生姑洗","1","1","2"
"姑洗生应钟","1","1","2"
"会稽东部尉","1","1","2"
"稽东部尉刘","1","1","2"
"东部尉刘洪","1","1","2"
"晷度十四日","1","1","2"
"度十四日甲","1","1","2"
"十四日甲辰","1","1","2"
"四日甲辰伏","1","1","2"
"三千五百二","1","1","2"
"见三百六十","1","1","2"
"余四千四百","1","1","2"
"四千四百五","1","1","2"
"四百八十九","1","1","2"
"襄公二十七","1","1","2"
"公二十七年","1","1","2"
"二十七年冬","1","1","2"
"十七年冬十","1","1","2"
"七年冬十一","1","1","2"
"一月乙亥朔","1","1","2"
"大司农徐广","1","1","2"
"曹公东围临","1","1","2"
"公东围临淮","1","1","2"
"十月壬戌夜","1","1","2"
"驾车入梓宫","1","1","2"
"升平五年穆","1","1","2"
"平五年穆帝","1","1","2"
"二年二月辛","1","1","2"
"河内平皋人","1","1","2"
"景怀夏侯皇","1","1","2"
"怀夏侯皇后","1","1","2"
"景献羊皇后","1","1","2"
"武元杨皇后","1","1","2"
"元敬虞皇后","1","1","2"
"济阳外黄人","1","1","2"
"明穆庾皇后","1","1","2"
"康献褚皇后","1","1","2"
"穆章何皇后","1","1","2"
"哀靖王皇后","1","1","2"
"废帝孝庾皇","1","1","2"
"帝孝庾皇后","1","1","2"
"简文宣郑太","1","1","2"
"文宣郑太后","1","1","2"
"河南荥阳人","1","1","2"
"简文顺王皇","1","1","2"
"文顺王皇后","1","1","2"
"孝武文李太","1","1","2"
"武文李太后","1","1","2"
"孝武定王皇","1","1","2"
"武定王皇后","1","1","2"
"安德陈太后","1","1","2"
"安僖王皇后","1","1","2"
"陈国阳夏人","1","1","2"
"渤海南皮人","1","1","2"
"京兆杜陵人","1","1","2"
"河东闻喜人","1","1","2"
"河东安邑人","1","1","2"
"一卷论楚事","1","1","2"
"中车府令赵","1","1","2"
"车府令赵高","1","1","2"
"府令赵高作","1","1","2"
"太史令胡毋","1","1","2"
"史令胡毋敬","1","1","2"
"令胡毋敬作","1","1","2"
"时中兴名士","1","1","2"
"范阳方城人","1","1","2"
"东平须昌人","1","1","2"
"上党铜鞮人","1","1","2"
"太子太保缺","1","1","2"
"广四州诸军","1","1","2"
"洛城西田园","1","1","2"
"城西田园居","1","1","2"
"辽东襄平人","1","1","2"
"陈乞立阳生","1","1","2"
"了他们的感","0","2","2"
"他们的感情","0","2","2"
"魏武帝听从","0","2","2"
"帝听从了这","0","2","2"
"了这个意见","0","2","2"
"本来就没有","0","2","2"
"诸葛亮送给","0","2","2"
"回到原来的","0","2","2"
"原来的地方","0","2","2"
"我虽然不能","0","2","2"
"虽然不能够","0","2","2"
"这就是观察","0","2","2"
"观察日月星","0","2","2"
"察日月星辰","0","2","2"
"从东方升起","0","2","2"
"星早出晚出","0","2","2"
"它的位置确","0","2","2"
"的位置确定","0","2","2"
"位置确定国","0","2","2"
"置确定国家","0","2","2"
"确定国家的","0","2","2"
"定国家的兴","0","2","2"
"国家的兴衰","0","2","2"
"穆帝就去世","0","2","2"
"它们的高低","0","2","2"
"用玉做律管","0","2","2"
"玉做律管的","0","2","2"
"再低一个八","0","2","2"
"低一个八度","0","2","2"
"这个说法是","0","2","2"
"变通的办法","0","2","2"
"八度的该音","0","2","2"
"水星加一次","0","2","2"
"星加一次会","0","2","2"
"加一次会合","0","2","2"
"一次会合后","0","2","2"
"次会合后由","0","2","2"
"会合后由早","0","2","2"
"合后由早晨","0","2","2"
"合变为晚上","0","2","2"
"合变为早上","0","2","2"
"他们的历法","0","2","2"
"没有顾得上","0","2","2"
"有顾得上施","0","2","2"
"顾得上施行","0","2","2"
"有发生日食","0","2","2"
"着的时候一","0","2","2"
"的时候一样","0","2","2"
"流传到今天","0","2","2"
"出来的叫做","0","2","2"
"上天的赐命","0","2","2"
"能够符合上","0","2","2"
"够符合上天","0","2","2"
"符合上天的","0","2","2"
"合上天的意","0","2","2"
"天神和地衹","0","2","2"
"能够使后代","0","2","2"
"够使后代昌","0","2","2"
"使后代昌盛","0","2","2"
"神们到达了","0","2","2"
"幽深的地方","0","2","2"
"黄昏的时候","0","2","2"
"伟大圣明的","0","2","2"
"自强不息的","0","2","2"
"在正月初一","0","2","2"
"这样的礼仪","0","2","2"
"比得上天地","0","2","2"
"得上天地造","0","2","2"
"上天地造化","0","2","2"
"丰厚的恩赐","0","2","2"
"上天显示的","0","2","2"
"下同心同德","0","2","2"
"到太阳偏西","0","2","2"
"悦耳的声音","0","2","2"
"我们的皇帝","0","2","2"
"于是登上帝","0","2","2"
"是登上帝位","0","2","2"
"不久愍帝被","0","2","2"
"这是僭越的","0","2","2"
"的征象相同","0","2","2"
"这种情况吗","0","2","2"
"很快又出来","0","2","2"
"让老百姓不","0","2","2"
"的人就染黑","0","2","2"
"人就染黑他","0","2","2"
"就染黑他的","0","2","2"
"共有三千种","0","2","2"
"尚书令荀或","0","2","2"
"广泛地询问","0","2","2"
"这种情况的","0","2","2"
"的人越来越","0","2","2"
"让他无法再","0","2","2"
"主管人遵守","0","2","2"
"管人遵守条","0","2","2"
"人遵守条文","0","2","2"
"同的时候采","0","2","2"
"的时候采取","0","2","2"
"时候采取适","0","2","2"
"候采取适当","0","2","2"
"采取适当的","0","2","2"
"取适当的办","0","2","2"
"适当的办法","0","2","2"
"的情况很多","0","2","2"
"的由来已经","0","2","2"
"已经很久远","0","2","2"
"经很久远了","0","2","2"
"小面色青黑","0","2","2"
"美好的名声","0","2","2"
"高尚的德行","0","2","2"
"远远比不上","0","2","2"
"这样的地步","0","2","2"
"是圣明国君","0","2","2"
"圣明国君的","0","2","2"
"!这是子孙","0","2","2"
"当时最好的","0","2","2"
"他就是这样","0","2","2"
"加在我身上","0","2","2"
"所说的一样","0","2","2"
"人吃惊地说","0","2","2"
"的长远之计","0","2","2"
"而最终没能","0","2","2"
"表达自己的","0","2","2"
"有什么好处","0","2","2"
"什么好处呢","0","2","2"
"以年老为由","0","2","2"
"说的是什么","0","2","2"
"钟会那样的","0","2","2"
"会那样的人","0","2","2"
"于是听从了","0","2","2"
"从这时开始","0","2","2"
"荀勖回答说","0","2","2"
"的意见不一","0","2","2"
"是统治国家","0","2","2"
"怎能用退让","0","2","2"
"能用退让来","0","2","2"
"用退让来压","0","2","2"
"退让来压抑","0","2","2"
"被有识之士","0","2","2"
"到了今天的","0","2","2"
"谈了一整天","0","2","2"
"们都称赞他","0","2","2"
"认为他说得","0","2","2"
"为他说得对","0","2","2"
"任屯骑校尉","0","2","2"
"征西将军司","0","2","2"
"西将军司马","0","2","2"
"的第二个儿","0","2","2"
"第二个儿子","0","2","2"
"远大的志向","0","2","2"
"善于识别人","0","2","2"
"于识别人才","0","2","2"
"是不同寻常","0","2","2"
"的哥哥司马","0","2","2"
"帝任丞相时","0","2","2"
"升任黄门侍","0","2","2"
"得到太子的","0","2","2"
"农业生产的","0","2","2"
"治国的长远","0","2","2"
"魏武帝认为","0","2","2"
"魏武帝在洛","0","2","2"
"使朝廷内外","0","2","2"
"魏文帝即位","0","2","2"
"任命宣帝为","0","2","2"
"水军征讨吴","0","2","2"
"军征讨吴国","0","2","2"
"又命令宣帝","0","2","2"
"你应该总管","0","2","2"
"派遣大将诸","0","2","2"
"遣大将诸葛","0","2","2"
"宣帝督领各","0","2","2"
"容易明白的","0","2","2"
"个月的时间","0","2","2"
"俘获了一万","0","2","2"
"人前来投降","0","2","2"
"击打败了他","0","2","2"
"领步兵骑兵","0","2","2"
"可以知道了","0","2","2"
"诸葛亮的营","0","2","2"
"辛毗手持符","0","2","2"
"毗手持符节","0","2","2"
"帝的弟弟司","0","2","2"
"的确实消息","0","2","2"
"听后笑着说","0","2","2"
"善于料知其","0","2","2"
"击退了他们","0","2","2"
"是我的责任","0","2","2"
"其弟司马孚","0","2","2"
"派遣步兵骑","0","2","2"
"遣步兵骑兵","0","2","2"
"能支持一年","0","2","2"
"也应当这样","0","2","2"
"应当这样做","0","2","2"
"使他们安心","0","2","2"
"他们都杀了","0","2","2"
"六十岁以上","0","2","2"
"十岁以上的","0","2","2"
"到了之后就","0","2","2"
"帝流着眼泪","0","2","2"
"改任宣帝为","0","2","2"
"宣帝为太傅","0","2","2"
"可以佩剑穿","0","2","2"
"以佩剑穿鞋","0","2","2"
"宣帝坚决辞","0","2","2"
"坚决辞让了","0","2","2"
"都派遣使者","0","2","2"
"魏明帝喜好","0","2","2"
"宣帝从辽东","0","2","2"
"帝从辽东归","0","2","2"
"从辽东归来","0","2","2"
"让他们在城","0","2","2"
"在朝廷之上","0","2","2"
"这是国家的","0","2","2"
"天子送出津","0","2","2"
"子送出津阳","0","2","2"
"天子派遣侍","0","2","2"
"子派遣侍中","0","2","2"
"吴国派遣大","0","2","2"
"国派遣大将","0","2","2"
"以此来观察","0","2","2"
"他们的长处","0","2","2"
"这是他们的","0","2","2"
"中领军曹羲","0","2","2"
"把百姓留住","0","2","2"
"之间产生了","0","2","2"
"回去后告诉","0","2","2"
"能长治久安","0","2","2"
"皇太后下令","0","2","2"
"怎能不让人","0","2","2"
"赦免了他们","0","2","2"
"封其子司马","0","2","2"
"长久患病不","0","2","2"
"久患病不能","0","2","2"
"兖州刺史令","0","2","2"
"年七十三岁","0","2","2"
"天子身穿素","0","2","2"
"子身穿素服","0","2","2"
"身穿素服亲","0","2","2"
"穿素服亲临","0","2","2"
"素服亲临吊","0","2","2"
"后来又改为","0","2","2"
"接受禅让之","0","2","2"
"做人臣的人","0","2","2"
"贵乡公的事","0","2","2"
"最终还是在","0","2","2"
"选用人才的","0","2","2"
"诛杀曹爽时","0","2","2"
"像平常一样","0","2","2"
"因为有功被","0","2","2"
"为有功被封","0","2","2"
"这是诗人所","0","2","2"
"三代祖先的","0","2","2"
"诸葛恪果然","0","2","2"
"景帝辅佐朝","0","2","2"
"天子于是下","0","2","2"
"于是下诏书","0","2","2"
"是下诏书说","0","2","2"
"增加食邑九","0","2","2"
"加食邑九千","0","2","2"
"食邑九千户","0","2","2"
"加上以前的","0","2","2"
"上以前的共","0","2","2"
"以前的共四","0","2","2"
"前的共四万","0","2","2"
"的共四万户","0","2","2"
"皇帝年龄已","0","2","2"
"不能亲自治","0","2","2"
"能亲自治理","0","2","2"
"亲自治理纷","0","2","2"
"自治理纷繁","0","2","2"
"治理纷繁的","0","2","2"
"理纷繁的政","0","2","2"
"纷繁的政务","0","2","2"
"与人之间的","0","2","2"
"要危害国家","0","2","2"
"帝召集群臣","0","2","2"
"太后的命令","0","2","2"
"怎么办呢?","0","2","2"
"养育人民的","0","2","2"
"太后命令皇","0","2","2"
"后命令皇帝","0","2","2"
"皇帝在式干","0","2","2"
"帝在式干殿","0","2","2"
"收回皇帝的","0","2","2"
"王的身份回","0","2","2"
"的特殊待遇","0","2","2"
"救助天地四","0","2","2"
"助天地四方","0","2","2"
"立他的儿子","0","2","2"
"帝听说后感","0","2","2"
"听说后感到","0","2","2"
"这是古人所","0","2","2"
"那么千里之","0","2","2"
"么千里之外","0","2","2"
"说创立基业","0","2","2"
"遵守成法的","0","2","2"
"承受天命的","0","2","2"
"一生下来就","0","2","2"
"国传送檄文","0","2","2"
"先后来投降","0","2","2"
"下兵器投降","0","2","2"
"级传到京都","0","2","2"
"公有救助天","0","2","2"
"的谧号是文","0","2","2"
"帝的同母兄","0","2","2"
"的同母兄弟","0","2","2"
"讨伐蜀国的","0","2","2"
"有功增加食","0","2","2"
"功增加食邑","0","2","2"
"转任安束将","0","2","2"
"任安束将军","0","2","2"
"食邑三百户","0","2","2"
"要攻打狄道","0","2","2"
"敌人震惊恐","0","2","2"
"人震惊恐惧","0","2","2"
"被封为新城","0","2","2"
"封为新城乡","0","2","2"
"为新城乡侯","0","2","2"
"高贵乡公被","0","2","2"
"天子命令文","0","2","2"
"子命令文帝","0","2","2"
"升为大将军","0","2","2"
"队驻扎在项","0","2","2"
"吴国将领朱","0","2","2"
"把辎重留在","0","2","2"
"辎重留在都","0","2","2"
"重留在都陆","0","2","2"
"兖州刺史州","0","2","2"
"太守胡烈出","0","2","2"
"守胡烈出奇","0","2","2"
"胡烈出奇兵","0","2","2"
"吴国人杀了","0","2","2"
"诸葛诞等人","0","2","2"
"打跑了他们","0","2","2"
"必定不会为","0","2","2"
"把并州的太","0","2","2"
"并州的太原","0","2","2"
"食邑一万户","0","2","2"
"没有爵位的","0","2","2"
"有爵位的都","0","2","2"
"有大功勋者","0","2","2"
"根据才能任","0","2","2"
"据才能任用","0","2","2"
"天子又下令","0","2","2"
"一下其他的","0","2","2"
"骑督成悴的","0","2","2"
"督成悴的弟","0","2","2"
"成悴的弟弟","0","2","2"
"悴的弟弟太","0","2","2"
"的弟弟太子","0","2","2"
"弟弟太子舍","0","2","2"
"做臣的节操","0","2","2"
"与公卿商议","0","2","2"
"文帝坚决辞","0","2","2"
"像以前一样","0","2","2"
"地势低下潮","0","2","2"
"势低下潮湿","0","2","2"
"已有二十多","0","2","2"
"有二十多年","0","2","2"
"恭敬地执行","0","2","2"
"执行上天的","0","2","2"
"王室的灾难","0","2","2"
"八九次之多","0","2","2"
"谦让的美德","0","2","2"
"遥远的地方","0","2","2"
"没有不顺服","0","2","2"
"有不顺服的","0","2","2"
"天地四方的","0","2","2"
"屡次推辞封","0","2","2"
"王室的屏障","0","2","2"
"也是适宜的","0","2","2"
"的美好命令","0","2","2"
"美德赏赐功","0","2","2"
"听到风声就","0","2","2"
"国将领诸葛","0","2","2"
"文帝笑着说","0","2","2"
"有反叛之心","0","2","2"
"建立五等爵","0","2","2"
"平定蜀国的","0","2","2"
"天子的旌旗","0","2","2"
"不便于实行","0","2","2"
"便于实行的","0","2","2"
"终年五十五","0","2","2"
"不也是很难","0","2","2"
"得与众不同","0","2","2"
"不是做人臣","0","2","2"
"是做人臣的","0","2","2"
"为晋王太子","0","2","2"
"王沈为御史","0","2","2"
"沈为御史大","0","2","2"
"为御史大夫","0","2","2"
"十二月十七","0","2","2"
"匈奴南单于","0","2","2"
"托身于王公","0","2","2"
"身于王公之","0","2","2"
"于王公之上","0","2","2"
"股肱爪牙之","0","2","2"
"太妃王氏为","0","2","2"
"妃王氏为皇","0","2","2"
"王氏为皇太","0","2","2"
"司马攸为齐","0","2","2"
"马攸为齐王","0","2","2"
"司马王圭为","0","2","2"
"雕饰华丽的","0","2","2"
"有六只凤凰","0","2","2"
"这不是我对","0","2","2"
"济南王司马","0","2","2"
"右将军官职","0","2","2"
"武帝下诏说","0","2","2"
"凡关系到人","0","2","2"
"这是什么话","0","2","2"
"九月二十三","0","2","2"
"十一月初五","0","2","2"
"的祭祀合并","0","2","2"
"今天下太平","0","2","2"
"泰山石崩塌","0","2","2"
"四月十六日","0","2","2"
"俸禄不能代","0","2","2"
"书令裴秀为","0","2","2"
"裴秀为司空","0","2","2"
"星出现于轸","0","2","2"
"出现于轸星","0","2","2"
"三月二十一","0","2","2"
"合葬于崇阳","0","2","2"
"士人与庶民","0","2","2"
"星向西流动","0","2","2"
"四州发大水","0","2","2"
"派遣太尉义","0","2","2"
"尉义阳王司","0","2","2"
"司马望屯兵","0","2","2"
"派遣使者纳","0","2","2"
"遣使者纳贡","0","2","2"
"很多囚徒被","0","2","2"
"多囚徒被宽","0","2","2"
"囚徒被宽赦","0","2","2"
"徒被宽赦遣","0","2","2"
"被宽赦遣返","0","2","2"
"两条青龙出","0","2","2"
"条青龙出现","0","2","2"
"青龙出现于","0","2","2"
"出现于赵国","0","2","2"
"派遣使者救","0","2","2"
"遣使者救济","0","2","2"
"星出现于紫","0","2","2"
"出现于紫宫","0","2","2"
"现于紫宫星","0","2","2"
"于紫宫星座","0","2","2"
"冬十月十九","0","2","2"
"十月十九日","0","2","2"
"己的儿子司","0","2","2"
"武帝在殿前","0","2","2"
"在殿前接见","0","2","2"
"殿前接见群","0","2","2"
"前接见群臣","0","2","2"
"被扬州刺史","0","2","2"
"秋七月十四","0","2","2"
"七月十四日","0","2","2"
"城阳王司马","0","2","2"
"以汝阴王司","0","2","2"
"骏为镇西大","0","2","2"
"为镇西大将","0","2","2"
"皇太子成年","0","2","2"
"太子成年加","0","2","2"
"子成年加冠","0","2","2"
"阳王司马王","0","2","2"
"王司马王圭","0","2","2"
"月立皇子司","0","2","2"
"举行求雨大","0","2","2"
"行求雨大祭","0","2","2"
"淹死三百余","0","2","2"
"死三百余人","0","2","2"
"下诏赈济灾","0","2","2"
"诏赈济灾民","0","2","2"
"将军贾充为","0","2","2"
"将军卫馞为","0","2","2"
"武帝耕于籍","0","2","2"
"帝耕于籍田","0","2","2"
"内外群官推","0","2","2"
"外群官推举","0","2","2"
"子司马祗为","0","2","2"
"司马祗为东","0","2","2"
"马祗为东海","0","2","2"
"祗为东海王","0","2","2"
"以太保何曾","0","2","2"
"公卿以下官","0","2","2"
"卿以下官吏","0","2","2"
"武帝登宣武","0","2","2"
"帝登宣武观","0","2","2"
"年春正月十","0","2","2"
"公卿以下赐","0","2","2"
"卿以下赐帛","0","2","2"
"以下赐帛不","0","2","2"
"下赐帛不等","0","2","2"
"王司马孚等","0","2","2"
"徐州发大水","0","2","2"
"冬十月初二","0","2","2"
"十一月十一","0","2","2"
"一月十一日","0","2","2"
"观举行大规","0","2","2"
"十二月初五","0","2","2"
"的有一大半","0","2","2"
"并州诸军事","0","2","2"
"到咸宁二年","0","2","2"
"五郡发大水","0","2","2"
"风王司马亮","0","2","2"
"星出现于西","0","2","2"
"出现于西方","0","2","2"
"山王司马睦","0","2","2"
"封扶风王司","0","2","2"
"南王司马柬","0","2","2"
"司马遐为清","0","2","2"
"马遐为清河","0","2","2"
"遐为清河王","0","2","2"
"羊祜为南城","0","2","2"
"祜为南城侯","0","2","2"
"王之子司马","0","2","2"
"冬十一月十","0","2","2"
"落归附内地","0","2","2"
"三月十五日","0","2","2"
"星出现于东","0","2","2"
"葬于峻平陵","0","2","2"
"二十个郡国","0","2","2"
"十个郡国发","0","2","2"
"李胤为司徒","0","2","2"
"朗陵公何曾","0","2","2"
"白麟出现于","0","2","2"
"率部落归顺","0","2","2"
"个郡国下冰","0","2","2"
"郡国下冰雹","0","2","2"
"损伤秋庄稼","0","2","2"
"毁坏百姓房","0","2","2"
"坏百姓房舍","0","2","2"
"军杨济为副","0","2","2"
"来献木苦矢","0","2","2"
"献木苦矢石","0","2","2"
"有五色云气","0","2","2"
"分七千人给","0","2","2"
"持皇帝符节","0","2","2"
"弘农下冰雹","0","2","2"
"五月二十五","0","2","2"
"迁移到寿阳","0","2","2"
"王浚为辅国","0","2","2"
"浚为辅国大","0","2","2"
"为辅国大将","0","2","2"
"以下三百余","0","2","2"
"魏舒为尚书","0","2","2"
"封皇弟司马","0","2","2"
"弟司马延祚","0","2","2"
"赏赐给王公","0","2","2"
"六个郡国下","0","2","2"
"卑慕容磒侵","0","2","2"
"慕容磒侵扰","0","2","2"
"讨伐并平定","0","2","2"
"司马亮为太","0","2","2"
"长乐亭侯司","0","2","2"
"乐亭侯司马","0","2","2"
"王司马攸死","0","2","2"
"派遣儿子到","0","2","2"
"遣儿子到京","0","2","2"
"儿子到京都","0","2","2"
"子到京都侍","0","2","2"
"到京都侍奉","0","2","2"
"观举行大阅","0","2","2"
"举行大阅兵","0","2","2"
"国池水变成","0","2","2"
"池水变成赤","0","2","2"
"水变成赤色","0","2","2"
"设置黄沙狱","0","2","2"
"中山下冰雹","0","2","2"
"风刮断树木","0","2","2"
"五个郡国发","0","2","2"
"四个郡国有","0","2","2"
"上秘密奏章","0","2","2"
"以陇西王司","0","2","2"
"令刺史二千","0","2","2"
"有才能的人","0","2","2"
"以汝南王司","0","2","2"
"王司马玮为","0","2","2"
"濮阳王司马","0","2","2"
"王司马允为","0","2","2"
"改封扶风王","0","2","2"
"司马歆为新","0","2","2"
"马歆为新野","0","2","2"
"牙王司马觐","0","2","2"
"王司马觐之","0","2","2"
"司马繇为东","0","2","2"
"马繇为东安","0","2","2"
"二月十二日","0","2","2"
"以右光禄大","0","2","2"
"葬在峻阳陵","0","2","2"
"能容纳直言","0","2","2"
"是什么原因","0","2","2"
"是武帝的第","0","2","2"
"武帝的第二","0","2","2"
"年四月二十","0","2","2"
"四月二十日","0","2","2"
"年号为永熙","0","2","2"
"千石以上的","0","2","2"
"石以上的官","0","2","2"
"秦王司马柬","0","2","2"
"王司马懋为","0","2","2"
"司马晃为尚","0","2","2"
"马晃为尚书","0","2","2"
"一千零八十","0","2","2"
"天下百姓的","0","2","2"
"使楚王司马","0","2","2"
"以赵王司马","0","2","2"
"司马伦为征","0","2","2"
"为征东大将","0","2","2"
"王司马磖为","0","2","2"
"九月十四日","0","2","2"
"十二月十二","0","2","2"
"后杀死在金","0","2","2"
"六州发大水","0","2","2"
"皇帝下诏派","0","2","2"
"司马肜为征","0","2","2"
"马肜为征西","0","2","2"
"肜为征西大","0","2","2"
"鲁国下冰雹","0","2","2"
"司马颖为镇","0","2","2"
"太子司马睶","0","2","2"
"幽禁在金墉","0","2","2"
"废太子司马","0","2","2"
"王司马伦假","0","2","2"
"以梁王司马","0","2","2"
"立皇孙司马","0","2","2"
"皇孙司马臧","0","2","2"
"司马臧为皇","0","2","2"
"马臧为皇太","0","2","2"
"臧为皇太孙","0","2","2"
"讨伐司马伦","0","2","2"
"司徒为丞相","0","2","2"
"风扬起沙石","0","2","2"
"年正月初九","0","2","2"
"略阳流人李","0","2","2"
"山王司马磖","0","2","2"
"星在白天出","0","2","2"
"在白天出现","0","2","2"
"将军王舆与","0","2","2"
"司马伦的党","0","2","2"
"马伦的党羽","0","2","2"
"孤寡无靠者","0","2","2"
"民间宴会五","0","2","2"
"间宴会五日","0","2","2"
"了赵王司马","0","2","2"
"东莱王司马","0","2","2"
"王司马礒为","0","2","2"
"司马颙为太","0","2","2"
"封齐王司马","0","2","2"
"王司马礒的","0","2","2"
"王司马晏的","0","2","2"
"司马晏的儿","0","2","2"
"马晏的儿子","0","2","2"
"儿子司马范","0","2","2"
"儿子司马冰","0","2","2"
"十二个郡国","0","2","2"
"安元年正月","0","2","2"
"三月二十四","0","2","2"
"皇太孙司马","0","2","2"
"太孙司马尚","0","2","2"
"王司马颙派","0","2","2"
"马颙派遣部","0","2","2"
"颙派遣部将","0","2","2"
"子司马覃为","0","2","2"
"与成都王司","0","2","2"
"野王司马歆","0","2","2"
"弟北海王司","0","2","2"
"王司马颖举","0","2","2"
"司马颖举兵","0","2","2"
"讨伐长沙王","0","2","2"
"伐长沙王司","0","2","2"
"无云而有雷","0","2","2"
"囚禁在金墉","0","2","2"
"勿尘为辽西","0","2","2"
"以成都王司","0","2","2"
"派遣从事中","0","2","2"
"遣从事中郎","0","2","2"
"被司马颖杀","0","2","2"
"司马颖杀害","0","2","2"
"立成都王司","0","2","2"
"盗贼偷去太","0","2","2"
"贼偷去太庙","0","2","2"
"偷去太庙中","0","2","2"
"去太庙中的","0","2","2"
"子司马覃复","0","2","2"
"襄阳王司马","0","2","2"
"年号为建武","0","2","2"
"羊氏恢复皇","0","2","2"
"氏恢复皇后","0","2","2"
"恢复皇后地","0","2","2"
"复皇后地位","0","2","2"
"以王的身份","0","2","2"
"王司马简为","0","2","2"
"领司隶校尉","0","2","2"
"惠帝在长安","0","2","2"
"秋七月初四","0","2","2"
"王司马越在","0","2","2"
"司马模派遣","0","2","2"
"马模派遣将","0","2","2"
"模派遣将军","0","2","2"
"刺史刘乔的","0","2","2"
"为兖州刺史","0","2","2"
"司马越不答","0","2","2"
"马越不答应","0","2","2"
"司马越派遣","0","2","2"
"讨伐并杀了","0","2","2"
"鲜卑人大肆","0","2","2"
"帝乘坐牛车","0","2","2"
"朝中大臣都","0","2","2"
"场合就是为","0","2","2"
"司马伦失败","0","2","2"
"司马覃入宫","0","2","2"
"王司马越辅","0","2","2"
"司马越辅佐","0","2","2"
"马越辅佐朝","0","2","2"
"越辅佐朝政","0","2","2"
"平束将军周","0","2","2"
"王司马越进","0","2","2"
"为征北将军","0","2","2"
"将军苟晞为","0","2","2"
"为征南将军","0","2","2"
"长三百多步","0","2","2"
"军曹武讨伐","0","2","2"
"曹武讨伐刘","0","2","2"
"武讨伐刘聪","0","2","2"
"派他的部将","0","2","2"
"石勒侵犯汲","0","2","2"
"勒侵犯汲郡","0","2","2"
"南渡过黄河","0","2","2"
"他的儿子刘","0","2","2"
"投降了石勒","0","2","2"
"大肆抢掠汉","0","2","2"
"王浚派遣鲜","0","2","2"
"浚派遣鲜卑","0","2","2"
"镇束将军周","0","2","2"
"王司马越派","0","2","2"
"的有三千多","0","2","2"
"司马越去世","0","2","2"
"陵王司马澹","0","2","2"
"自王公以下","0","2","2"
"的有十多万","0","2","2"
"王的世子司","0","2","2"
"迁都到仓垣","0","2","2"
"从他的意见","0","2","2"
"竟然没有车","0","2","2"
"死了很多人","0","2","2"
"章王司马端","0","2","2"
"荀藩为太尉","0","2","2"
"率领军队抵","0","2","2"
"雍州刺史买","0","2","2"
"州刺史买疋","0","2","2"
"在东堂听政","0","2","2"
"的事情发生","0","2","2"
"立宗庙和社","0","2","2"
"宗庙和社稷","0","2","2"
"任雍州刺史","0","2","2"
"索绋为尚书","0","2","2"
"周平王束迁","0","2","2"
"敬迎回先帝","0","2","2"
"迎回先帝的","0","2","2"
"回先帝的灵","0","2","2"
"先帝的灵柩","0","2","2"
"右丞相应当","0","2","2"
"伟大的功业","0","2","2"
"派遣使者去","0","2","2"
"仍然凭恃着","0","2","2"
"到了什么地","0","2","2"
"了什么地方","0","2","2"
"入朝辅佐朝","0","2","2"
"朝辅佐朝政","0","2","2"
"中兴的大业","0","2","2"
"纵火焚烧城","0","2","2"
"火焚烧城中","0","2","2"
"焚烧城中住","0","2","2"
"烧城中住宅","0","2","2"
"杜搜的别将","0","2","2"
"领军将军曲","0","2","2"
"军将军曲允","0","2","2"
"将军曲允讨","0","2","2"
"军曲允讨伐","0","2","2"
"并打败了他","0","2","2"
"派遣使者来","0","2","2"
"死太守袁诱","0","2","2"
"在巴陵打败","0","2","2"
"巴陵打败王","0","2","2"
"步兵骑兵共","0","2","2"
"等人都战死","0","2","2"
"用车载着棺","0","2","2"
"车载着棺材","0","2","2"
"帝返回宫中","0","2","2"
"月乙卯初一","0","2","2"
"个太阳同时","0","2","2"
"当时人们称","0","2","2"
"被刘聪杀害","0","2","2"
"散到四面八","0","2","2"
"来管理他们","0","2","2"
"洗过的衣服","0","2","2"
"历代帝王都","0","2","2"
"周文王那样","0","2","2"
"从早到晚不","0","2","2"
"逐名利的人","0","2","2"
"到了这种地","0","2","2"
"了这种地步","0","2","2"
"也必然会从","0","2","2"
"必然会为这","0","2","2"
"然会为这样","0","2","2"
"会为这样的","0","2","2"
"为这样的情","0","2","2"
"样的情况而","0","2","2"
"来统治百姓","0","2","2"
"琅王牙恭王","0","2","2"
"王牙恭王司","0","2","2"
"牙恭王司马","0","2","2"
"恭王司马觐","0","2","2"
"过了一会儿","0","2","2"
"将军的称号","0","2","2"
"百姓都心悦","0","2","2"
"姓都心悦诚","0","2","2"
"年春二月二","0","2","2"
"春二月二十","0","2","2"
"率犬羊之众","0","2","2"
"元帝流着泪","0","2","2"
"元帝为晋王","0","2","2"
"为驸马都尉","0","2","2"
"牙王司马裒","0","2","2"
"为他们举行","0","2","2"
"他们举行哀","0","2","2"
"们举行哀悼","0","2","2"
"悬挂乐器而","0","2","2"
"挂乐器而不","0","2","2"
"皇帝顺应天","0","2","2"
"帝顺应天命","0","2","2"
"大命于朕身","0","2","2"
"将军王敦加","0","2","2"
"为开府仪同","0","2","2"
"皇子司马晞","0","2","2"
"子司马晞为","0","2","2"
"司马晞为武","0","2","2"
"马晞为武陵","0","2","2"
"晞为武陵王","0","2","2"
"朕以薄德之","0","2","2"
"以薄德之人","0","2","2"
"僭即皇帝位","0","2","2"
"中有赤青色","0","2","2"
"蔡王司马弼","0","2","2"
"能调和阴阳","0","2","2"
"这大概是上","0","2","2"
"大概是上天","0","2","2"
"琅笽王司马","0","2","2"
"元帝穿白服","0","2","2"
"帝穿白服哭","0","2","2"
"领徐州刺史","0","2","2"
"下诏让百官","0","2","2"
"王司马保在","0","2","2"
"司马保在祁","0","2","2"
"马保在祁山","0","2","2"
"保在祁山称","0","2","2"
"在祁山称晋","0","2","2"
"祁山称晋王","0","2","2"
"晋王司马保","0","2","2"
"尚书周岂页","0","2","2"
"页为尚书仆","0","2","2"
"元帝下诏说","0","2","2"
"昔日汉高祖","0","2","2"
"八月二十六","0","2","2"
"四月二十三","0","2","2"
"将军王导为","0","2","2"
"王导为司空","0","2","2"
"皇子司马昱","0","2","2"
"子司马昱为","0","2","2"
"阳王司马为","0","2","2"
"王司马为太","0","2","2"
"兖州刺史郗","0","2","2"
"京师发生大","0","2","2"
"秦始皇时有","0","2","2"
"一马化为龙","0","2","2"
"牛继马后的","0","2","2"
"王司马觐的","0","2","2"
"处在这样的","0","2","2"
"三年三月初","0","2","2"
"给鳏寡孤老","0","2","2"
"代行皇帝职","0","2","2"
"行皇帝职权","0","2","2"
"任抚军将军","0","2","2"
"葬在武平陵","0","2","2"
"和元年春二","0","2","2"
"改用新年号","0","2","2"
"京师百里以","0","2","2"
"师百里以内","0","2","2"
"免除一年的","0","2","2"
"把首级传到","0","2","2"
"七月二十五","0","2","2"
"雄的将领张","0","2","2"
"的将领张龙","0","2","2"
"刘曜的将领","0","2","2"
"北将军魏该","0","2","2"
"将军魏该率","0","2","2"
"的将领石聪","0","2","2"
"加封司徒王","0","2","2"
"封司徒王导","0","2","2"
"徒王导为大","0","2","2"
"王导为大司","0","2","2"
"导为大司马","0","2","2"
"直到这个月","0","2","2"
"咸和二年正","0","2","2"
"和二年正月","0","2","2"
"京师发大水","0","2","2"
"郗鉴派广陵","0","2","2"
"鉴派广陵相","0","2","2"
"派遣督护王","0","2","2"
"在宣阳门内","0","2","2"
"苏峻的弟弟","0","2","2"
"峻的弟弟苏","0","2","2"
"任征西大将","0","2","2"
"将军庾亮为","0","2","2"
"领豫州刺史","0","2","2"
"开始抽田税","0","2","2"
"每亩收三升","0","2","2"
"王司马的儿","0","2","2"
"司马的儿子","0","2","2"
"马的儿子司","0","2","2"
"将领李寿侵","0","2","2"
"领李寿侵犯","0","2","2"
"咸和六年正","0","2","2"
"和六年正月","0","2","2"
"六年正月初","0","2","2"
"正月二十七","0","2","2"
"任幽州刺史","0","2","2"
"有日蚀出现","0","2","2"
"陆玩为尚书","0","2","2"
"勒的将领郭","0","2","2"
"的将领郭敬","0","2","2"
"咸和八年正","0","2","2"
"他的将领石","0","2","2"
"派使来投降","0","2","2"
"在洛阳进攻","0","2","2"
"诏令太官减","0","2","2"
"大行求雨之","0","2","2"
"行求雨之祭","0","2","2"
"王司马冲为","0","2","2"
"冲为车骑将","0","2","2"
"文武百官增","0","2","2"
"武百官增位","0","2","2"
"百官增位一","0","2","2"
"不能养活自","0","2","2"
"能养活自己","0","2","2"
"养活自己的","0","2","2"
"活自己的人","0","2","2"
"二月二十六","0","2","2"
"石季龙侵犯","0","2","2"
"龙的将领石","0","2","2"
"四月二十六","0","2","2"
"王朝的子孙","0","2","2"
"的后代封为","0","2","2"
"年正月初四","0","2","2"
"自立为燕王","0","2","2"
"七月二十八","0","2","2"
"李寿的将领","0","2","2"
"七月十八日","0","2","2"
"领扬州刺史","0","2","2"
"星出现在太","0","2","2"
"出现在太微","0","2","2"
"现在太微星","0","2","2"
"在太微星座","0","2","2"
"七年二月初","0","2","2"
"又该怎么办","0","2","2"
"刺史王允之","0","2","2"
"虽然比不上","0","2","2"
"的同母之弟","0","2","2"
"封为琅邪王","0","2","2"
"以琅邪王为","0","2","2"
"马奕为东海","0","2","2"
"奕为东海王","0","2","2"
"立褚氏为皇","0","2","2"
"褚氏为皇后","0","2","2"
"所不允许的","0","2","2"
"石季龙部将","0","2","2"
"换朝代之后","0","2","2"
"和元年春正","0","2","2"
"王司马晞为","0","2","2"
"平定了他们","0","2","2"
"降服了他们","0","2","2"
"月己酉初一","0","2","2"
"他的儿子张","0","2","2"
"石季龙又派","0","2","2"
"张重华的将","0","2","2"
"重华的将领","0","2","2"
"华的将领谢","0","2","2"
"的将领谢艾","0","2","2"
"他的将领苻","0","2","2"
"消灭了他们","0","2","2"
"石季龙在邺","0","2","2"
"人马来投降","0","2","2"
"出现在亢宿","0","2","2"
"使者来投降","0","2","2"
"冉闵的将领","0","2","2"
"的军队被打","0","2","2"
"军队被打得","0","2","2"
"队被打得大","0","2","2"
"率领军队入","0","2","2"
"玺文是受天","0","2","2"
"文是受天之","0","2","2"
"是受天之命","0","2","2"
"雷鸣般的声","0","2","2"
"鸣般的声音","0","2","2"
"五月丁未日","0","2","2"
"他的儿子苻","0","2","2"
"因为皇太后","0","2","2"
"乐器而不奏","0","2","2"
"太尉桓温为","0","2","2"
"太庙祭告祖","0","2","2"
"庙祭告祖先","0","2","2"
"被他的叔父","0","2","2"
"理国家大事","0","2","2"
"块陨石落在","0","2","2"
"慕容恪攻陷","0","2","2"
"亲自在中堂","0","2","2"
"自在中堂祭","0","2","2"
"八月丁未日","0","2","2"
"皇帝不允许","0","2","2"
"十月乙丑日","0","2","2"
"公以下每十","0","2","2"
"以下每十三","0","2","2"
"下每十三户","0","2","2"
"一个人帮助","0","2","2"
"派西中郎将","0","2","2"
"率领军队讨","0","2","2"
"出现在丰城","0","2","2"
"德性完美的","0","2","2"
"到琅邪王的","0","2","2"
"琅邪王的府","0","2","2"
"邪王的府第","0","2","2"
"承受圣明之","0","2","2"
"受圣明之命","0","2","2"
"祭祀没有主","0","2","2"
"海王司马奕","0","2","2"
"安葬在永平","0","2","2"
"被废为庶人","0","2","2"
"给贫穷的人","0","2","2"
"渭水之滨的","0","2","2"
"慕容暐侵犯","0","2","2"
"太守刘远逃","0","2","2"
"马桓温率领","0","2","2"
"将领慕容尘","0","2","2"
"将领慕容评","0","2","2"
"桓温派江夏","0","2","2"
"温派江夏相","0","2","2"
"皇帝亲自下","0","2","2"
"加授镇军将","0","2","2"
"授镇军将军","0","2","2"
"当天即皇帝","0","2","2"
"天即皇帝位","0","2","2"
"葬在安平陵","0","2","2"
"司马昌明为","0","2","2"
"率领军队进","0","2","2"
"葬在敬平陵","0","2","2"
"俘获了慕容","0","2","2"
"获了慕容暐","0","2","2"
"攻打慕容暐","0","2","2"
"运输接不上","0","2","2"
"袁真的儿子","0","2","2"
"真的儿子袁","0","2","2"
"伐平定了他","0","2","2"
"的同母弟弟","0","2","2"
"竟然到了这","0","2","2"
"的身份返回","0","2","2"
"身份返回宅","0","2","2"
"份返回宅第","0","2","2"
"百官进入太","0","2","2"
"官进入太极","0","2","2"
"进入太极前","0","2","2"
"自己的心腹","0","2","2"
"帝宽厚仁惠","0","2","2"
"一定是这个","0","2","2"
"定是这个人","0","2","2"
"简文帝当时","0","2","2"
"封为会稽王","0","2","2"
"援散骑常侍","0","2","2"
"理国家事务","0","2","2"
"封他的儿子","0","2","2"
"他的儿子司","0","2","2"
"司马晞和他","0","2","2"
"马晞和他的","0","2","2"
"入朝继承大","0","2","2"
"祖宗的神灵","0","2","2"
"每人五斛大","0","2","2"
"人五斛大米","0","2","2"
"王司马奕为","0","2","2"
"还没有消灭","0","2","2"
"高尚的道义","0","2","2"
"各自勤勉地","0","2","2"
"善于治理国","0","2","2"
"祖先的基业","0","2","2"
"年五十三岁","0","2","2"
"简文帝虽然","0","2","2"
"惑星进入太","0","2","2"
"星进入太微","0","2","2"
"不能担当重","0","2","2"
"能担当重任","0","2","2"
"安葬在高平","0","2","2"
"将军毛安之","0","2","2"
"将军桓豁为","0","2","2"
"军桓豁为征","0","2","2"
"桓豁为征西","0","2","2"
"刺史桓冲为","0","2","2"
"八月二十七","0","2","2"
"坚的将领杨","0","2","2"
"的将领杨安","0","2","2"
"水灾特别厉","0","2","2"
"灾特别厉害","0","2","2"
"彗星侵入天","0","2","2"
"星侵入天市","0","2","2"
"侵入天市座","0","2","2"
"十一月初二","0","2","2"
"坚的将领姚","0","2","2"
"的将领姚苌","0","2","2"
"立王氏为皇","0","2","2"
"王氏为皇后","0","2","2"
"赐给贫穷的","0","2","2"
"天子加冠冕","0","2","2"
"天子谒拜建","0","2","2"
"子谒拜建平","0","2","2"
"谒拜建平等","0","2","2"
"拜建平等四","0","2","2"
"公以下每人","0","2","2"
"的后代继承","0","2","2"
"老人星出现","0","2","2"
"仆射谢安为","0","2","2"
"领护南蛮校","0","2","2"
"为徐州刺史","0","2","2"
"的儿子苻丕","0","2","2"
"军队讨伐蜀","0","2","2"
"正月二十八","0","2","2"
"下徒刑的人","0","2","2"
"太守杜王爰","0","2","2"
"以镇军大将","0","2","2"
"将军郗忄音","0","2","2"
"军郗忄音为","0","2","2"
"进献地方物","0","2","2"
"献地方物产","0","2","2"
"派使者前来","0","2","2"
"使者前来进","0","2","2"
"者前来进贡","0","2","2"
"前来进贡地","0","2","2"
"立陈留王的","0","2","2"
"进攻苻坚的","0","2","2"
"年正月十六","0","2","2"
"正月十六日","0","2","2"
"王的孙子司","0","2","2"
"的孙子司马","0","2","2"
"新宁王司马","0","2","2"
"儿子司马遵","0","2","2"
"的叔父慕容","0","2","2"
"密王司马纯","0","2","2"
"王司马纯之","0","2","2"
"蔡王司马晃","0","2","2"
"军刘牢之与","0","2","2"
"慕容垂在黎","0","2","2"
"容垂在黎阳","0","2","2"
"八月十九日","0","2","2"
"为都督中外","0","2","2"
"十月十三日","0","2","2"
"在中山僭位","0","2","2"
"慕容垂的将","0","2","2"
"容垂的将领","0","2","2"
"向翟辽投降","0","2","2"
"仆射陆纳为","0","2","2"
"射陆纳为尚","0","2","2"
"陆纳为尚书","0","2","2"
"为奉圣亭侯","0","2","2"
"骧将军朱序","0","2","2"
"并将他斩首","0","2","2"
"王司马遵为","0","2","2"
"兖州刺史朱","0","2","2"
"王司马恬之","0","2","2"
"螽斯则百堂","0","2","2"
"加封尚书令","0","2","2"
"十四年正月","0","2","2"
"廷的军队失","0","2","2"
"将军朱序在","0","2","2"
"有彗星在北","0","2","2"
"及兖州发大","0","2","2"
"兖州发大水","0","2","2"
"王王旬为尚","0","2","2"
"王旬为尚书","0","2","2"
"谢琰为尚书","0","2","2"
"洪水进入石","0","2","2"
"水进入石头","0","2","2"
"太白星白天","0","2","2"
"白星白天出","0","2","2"
"星白天出现","0","2","2"
"徐二州发大","0","2","2"
"魏王拓拔王","0","2","2"
"儿子慕容宝","0","2","2"
"等到孝武帝","0","2","2"
"见识的人认","0","2","2"
"识的人认为","0","2","2"
"能够治理好","0","2","2"
"魏国的军队","0","2","2"
"桓玄的军队","0","2","2"
"前将军王王","0","2","2"
"将军王王旬","0","2","2"
"十二月初二","0","2","2"
"司马蕴为淮","0","2","2"
"马蕴为淮陵","0","2","2"
"蕴为淮陵王","0","2","2"
"蛮校尉杨亻","0","2","2"
"校尉杨亻全","0","2","2"
"尉杨亻全期","0","2","2"
"自立为天王","0","2","2"
"死三千多人","0","2","2"
"将军高雅之","0","2","2"
"军刘牢之为","0","2","2"
"齐王司马柔","0","2","2"
"王司马柔之","0","2","2"
"桓玄自称为","0","2","2"
"桓玄又自称","0","2","2"
"秃发利鹿孤","0","2","2"
"被桓玄杀害","0","2","2"
"二年二月初","0","2","2"
"孙无终被桓","0","2","2"
"无终被桓玄","0","2","2"
"军刘裕率领","0","2","2"
"桓玄的将领","0","2","2"
"留守京师的","0","2","2"
"国将军何无","0","2","2"
"逼迫安帝东","0","2","2"
"迫安帝东下","0","2","2"
"将军刘毅与","0","2","2"
"桓玄的故将","0","2","2"
"还没有改变","0","2","2"
"将军刘毅为","0","2","2"
"军何无忌为","0","2","2"
"姚兴的将领","0","2","2"
"的军队战败","0","2","2"
"邪王司马德","0","2","2"
"安葬在休平","0","2","2"
"史司马休之","0","2","2"
"之为尚书左","0","2","2"
"姚泓的将领","0","2","2"
"泓的将领姚","0","2","2"
"凉公李士业","0","2","2"
"杀害龙骧将","0","2","2"
"害龙骧将军","0","2","2"
"朝廷听从了","0","2","2"
"廷听从了他","0","2","2"
"是众望所归","0","2","2"
"任命骠骑将","0","2","2"
"命骠骑将军","0","2","2"
"葬在冲平陵","0","2","2"
"常常侍奉在","0","2","2"
"通晓上天的","0","2","2"
"的聪明通达","0","2","2"
"大行星的位","0","2","2"
"行星的位置","0","2","2"
"浑天说的原","0","2","2"
"比外衡在冬","0","2","2"
"外衡在冬至","0","2","2"
"所在处高六","0","2","2"
"在处高六万","0","2","2"
"处高六万里","0","2","2"
"北极低处比","0","2","2"
"极低处比外","0","2","2"
"低处比外衡","0","2","2"
"阳运行的轨","0","2","2"
"像推磨一样","0","2","2"
"随着天体运","0","2","2"
"着天体运转","0","2","2"
"形状就像一","0","2","2"
"状就像一个","0","2","2"
"阴气幽暗冥","0","2","2"
"气幽暗冥晦","0","2","2"
"隐没看不见","0","2","2"
"天的时间就","0","2","2"
"的时间就长","0","2","2"
"的时间就短","0","2","2"
"固定的位置","0","2","2"
"都有自己的","0","2","2"
"天体的形状","0","2","2"
"向西方降落","0","2","2"
"面距离黄道","0","2","2"
"所以知道天","0","2","2"
"以知道天体","0","2","2"
"太阳距离人","0","2","2"
"天之气降临","0","2","2"
"太阳运行到","0","2","2"
"阳运行到地","0","2","2"
"运行到地中","0","2","2"
"行到地中时","0","2","2"
"到地中时就","0","2","2"
"谈论天文的","0","2","2"
"论天文的人","0","2","2"
"太阳落入西","0","2","2"
"阳落入西方","0","2","2"
"天体一周是","0","2","2"
"一周是三百","0","2","2"
"周是三百六","0","2","2"
"一半覆盖在","0","2","2"
"半覆盖在地","0","2","2"
"覆盖在地上","0","2","2"
"出入于水中","0","2","2"
"来证明太阳","0","2","2"
"以此来证明","0","2","2"
"春分这天太","0","2","2"
"白昼和黑夜","0","2","2"
"阳向西运行","0","2","2"
"太阳的出入","0","2","2"
"阳的出入也","0","2","2"
"王生用火炬","0","2","2"
"生用火炬来","0","2","2"
"用火炬来比","0","2","2"
"火炬来比喻","0","2","2"
"横放着的破","0","2","2"
"制造了浑天","0","2","2"
"造了浑天仪","0","2","2"
"绕天一周是","0","2","2"
"之一百四十","0","2","2"
"是九十一度","0","2","2"
"是太阳运行","0","2","2"
"一半在赤道","0","2","2"
"半在赤道之","0","2","2"
"的地方相交","0","2","2"
"在斗星二十","0","2","2"
"二十一度上","0","2","2"
"这一天太阳","0","2","2"
"一天太阳最","0","2","2"
"天太阳最靠","0","2","2"
"以太阳也出","0","2","2"
"运行一百四","0","2","2"
"行一百四十","0","2","2"
"一百四十六","0","2","2"
"运行二百一","0","2","2"
"行二百一十","0","2","2"
"一十九度稍","0","2","2"
"太阳距离极","0","2","2"
"所以日影逐","0","2","2"
"以日影逐渐","0","2","2"
"日影逐渐变","0","2","2"
"白昼在地上","0","2","2"
"昼在地上运","0","2","2"
"地上运行的","0","2","2"
"上运行的度","0","2","2"
"度数逐渐增","0","2","2"
"数逐渐增多","0","2","2"
"度数逐渐减","0","2","2"
"数逐渐减少","0","2","2"
"时间逐渐变","0","2","2"
"间逐渐变短","0","2","2"
"阳所在的度","0","2","2"
"在井星二十","0","2","2"
"出于寅时入","0","2","2"
"于寅时入于","0","2","2"
"寅时入于戌","0","2","2"
"时入于戌时","0","2","2"
"白昼时在地","0","2","2"
"昼时在地上","0","2","2"
"时在地上运","0","2","2"
"度稍少一点","0","2","2"
"度稍多一点","0","2","2"
"太阳于白昼","0","2","2"
"以太阳的出","0","2","2"
"这天太阳在","0","2","2"
"奎星十四度","0","2","2"
"出于卯时入","0","2","2"
"于卯时入于","0","2","2"
"卯时入于酉","0","2","2"
"时入于酉时","0","2","2"
"从太阳斜射","0","2","2"
"太阳斜射阳","0","2","2"
"阳斜射阳城","0","2","2"
"认为古代的","0","2","2"
"共一百一十","0","2","2"
"太阳月亮运","0","2","2"
"阳月亮运行","0","2","2"
"中最尊贵的","0","2","2"
"天帝的宝座","0","2","2"
"的六颗星叫","0","2","2"
"边的一颗星","0","2","2"
"面天河中的","0","2","2"
"就会发生地","0","2","2"
"是天帝之神","0","2","2"
"主管战争讨","0","2","2"
"管战争讨伐","0","2","2"
"在哪个国家","0","2","2"
"有十五颗星","0","2","2"
"五颗星叫天","0","2","2"
"部的三星叫","0","2","2"
"的第一颗星","0","2","2"
"第一颗星叫","0","2","2"
"是丞相的象","0","2","2"
"丞相的象徵","0","2","2"
"在北斗魁星","0","2","2"
"颗星叫上将","0","2","2"
"防备非常事","0","2","2"
"备非常事件","0","2","2"
"北面的四颗","0","2","2"
"二颗星叫次","0","2","2"
"颗星叫次相","0","2","2"
"的北面是中","0","2","2"
"北面是中华","0","2","2"
"第三颗星叫","0","2","2"
"三颗星叫次","0","2","2"
"颗星叫次将","0","2","2"
"的北面是西","0","2","2"
"北面是西太","0","2","2"
"第四颗星叫","0","2","2"
"四颗星叫上","0","2","2"
"布政令的宫","0","2","2"
"政令的宫殿","0","2","2"
"北面的三颗","0","2","2"
"一举一动都","0","2","2"
"颗星不完备","0","2","2"
"上面的星指","0","2","2"
"面的星指天","0","2","2"
"的星指天子","0","2","2"
"南面的四颗","0","2","2"
"四颗星叫内","0","2","2"
"颗星叫内平","0","2","2"
"北面的一星","0","2","2"
"星如果侵入","0","2","2"
"面三颗星叫","0","2","2"
"这个国家就","0","2","2"
"个国家就有","0","2","2"
"它北面的一","0","2","2"
"了它的位置","0","2","2"
"个国家就会","0","2","2"
"就会发生兵","0","2","2"
"会发生兵乱","0","2","2"
"的一颗星是","0","2","2"
"颗星显现出","0","2","2"
"星显现出来","0","2","2"
"星明亮则天","0","2","2"
"明亮则天下","0","2","2"
"星都很明亮","0","2","2"
"五大行星运","0","2","2"
"二十二颗星","0","2","2"
"星如果明亮","0","2","2"
"火星若进入","0","2","2"
"就会发生大","0","2","2"
"会发生大规","0","2","2"
"生大规模的","0","2","2"
"大规模的战","0","2","2"
"帝座星的东","0","2","2"
"客星侵入并","0","2","2"
"星若进入停","0","2","2"
"若进入停留","0","2","2"
"有大的战乱","0","2","2"
"大的战乱发","0","2","2"
"的战乱发生","0","2","2"
"南面的两颗","0","2","2"
"中央的两颗","0","2","2"
"央的两颗星","0","2","2"
"月星三光之","0","2","2"
"星三光之道","0","2","2"
"示水陆要道","0","2","2"
"两颗星叫天","0","2","2"
"表示天子的","0","2","2"
"中央的大星","0","2","2"
"在营室星之","0","2","2"
"有的说可以","0","2","2"
"的说可以预","0","2","2"
"说可以预测","0","2","2"
"示驱策马匹","0","2","2"
"南面的星叫","0","2","2"
"亮和五星进","0","2","2"
"和五星进入","0","2","2"
"三颗星叫天","0","2","2"
"南面的大星","0","2","2"
"酒旗星之中","0","2","2"
"天下就会大","0","2","2"
"下就会大肆","0","2","2"
"星在太微垣","0","2","2"
"在太微垣的","0","2","2"
"是天之关口","0","2","2"
"后妃的居所","0","2","2"
"面两颗星是","0","2","2"
"道所经过的","0","2","2"
"再其次是右","0","2","2"
"经由的地方","0","2","2"
"爵位和俸禄","0","2","2"
"祭祀用的牲","0","2","2"
"祀用的牲畜","0","2","2"
"就会发大水","0","2","2"
"会有战争和","0","2","2"
"会有帝室之","0","2","2"
"南方的叫右","0","2","2"
"方的叫右足","0","2","2"
"所以不希望","0","2","2"
"以不希望它","0","2","2"
"不希望它明","0","2","2"
"南星主管积","0","2","2"
"边的一道经","0","2","2"
"的一道经过","0","2","2"
"宿十二度至","0","2","2"
"寿星起自轸","0","2","2"
"星起自轸宿","0","2","2"
"宿十五度为","0","2","2"
"起自危宿十","0","2","2"
"六度为十二","0","2","2"
"宿十一度为","0","2","2"
"十一度为十","0","2","2"
"一度为十二","0","2","2"
"起自井宿十","0","2","2"
"起自张宿十","0","2","2"
"是人君的象","0","2","2"
"人君的象徵","0","2","2"
"太阳正中有","0","2","2"
"蔽了君主的","0","2","2"
"是女主的象","0","2","2"
"女主的象徵","0","2","2"
"偏离了轨道","0","2","2"
"则月亮的运","0","2","2"
"亮的运行忽","0","2","2"
"惩罚显现在","0","2","2"
"它所停留的","0","2","2"
"有一说认为","0","2","2"
"出现就会有","0","2","2"
"就会因此而","0","2","2"
"出现在西方","0","2","2"
"可比于参宿","0","2","2"
"所当值的辰","0","2","2"
"当值的辰位","0","2","2"
"胜过了它的","0","2","2"
"星是天上的","0","2","2"
"与土星会合","0","2","2"
"年五谷丰收","0","2","2"
"星与金星会","0","2","2"
"星与水星会","0","2","2"
"不能举兵用","0","2","2"
"能举兵用事","0","2","2"
"都会发生战","0","2","2"
"则所应对的","0","2","2"
"其所对应的","0","2","2"
"各自以其所","0","2","2"
"疾历则不入","0","2","2"
"它一出现就","0","2","2"
"一出现就会","0","2","2"
"出现则光芒","0","2","2"
"现则光芒指","0","2","2"
"则光芒指向","0","2","2"
"本体与星相","0","2","2"
"体与星相类","0","2","2"
"的下面会有","0","2","2"
"出现则臣下","0","2","2"
"臣下图谋君","0","2","2"
"硕大而色白","0","2","2"
"它所对应的","0","2","2"
"对应的地区","0","2","2"
"天下有战乱","0","2","2"
"所出现的地","0","2","2"
"出现的地方","0","2","2"
"出现于四角","0","2","2"
"色的方云在","0","2","2"
"的方云在旁","0","2","2"
"方云在旁边","0","2","2"
"都是出现在","0","2","2"
"南方有三颗","0","2","2"
"出现则天下","0","2","2"
"北方有三颗","0","2","2"
"前面小后面","0","2","2"
"面小后面大","0","2","2"
"所坠落的地","0","2","2"
"坠落的地方","0","2","2"
"流星有光泽","0","2","2"
"飞星若体大","0","2","2"
"星若体大如","0","2","2"
"若体大如缶","0","2","2"
"如缶像瓮一","0","2","2"
"缶像瓮一样","0","2","2"
"其后蛟然泛","0","2","2"
"后蛟然泛白","0","2","2"
"的地方人死","0","2","2"
"地方人死血","0","2","2"
"方人死血流","0","2","2"
"一种说法是","0","2","2"
"罩在太阳之","0","2","2"
"在太阳之旁","0","2","2"
"青赤之气量","0","2","2"
"赤之气量小","0","2","2"
"之气量小而","0","2","2"
"在太阳下方","0","2","2"
"青赤之气像","0","2","2"
"青赤之气长","0","2","2"
"赤之气长而","0","2","2"
"太阳旁有一","0","2","2"
"日而环就是","0","2","2"
"顺向抱气者","0","2","2"
"贯穿抱气直","0","2","2"
"穿抱气直达","0","2","2"
"抱气直达日","0","2","2"
"气直达日旁","0","2","2"
"有白虹贯穿","0","2","2"
"笼在雾气中","0","2","2"
"像是偃伏的","0","2","2"
"有的是白气","0","2","2"
"在乌云之中","0","2","2"
"连结在一起","0","2","2"
"千里之外的","0","2","2"
"气像人手持","0","2","2"
"是天下将要","0","2","2"
"天下将要分","0","2","2"
"地之云像车","0","2","2"
"地之云像是","0","2","2"
"气上下全呈","0","2","2"
"太后临朝听","0","2","2"
"不久就去世","0","2","2"
"久就去世了","0","2","2"
"有比这更大","0","2","2"
"比这更大的","0","2","2"
"十一月月末","0","2","2"
"没有听说过","0","2","2"
"太和五年十","0","2","2"
"月戊辰日初","0","2","2"
"戊辰日初一","0","2","2"
"发生了日食","0","2","2"
"月戊戌日初","0","2","2"
"戊戌日初一","0","2","2"
"月壬子日初","0","2","2"
"壬子日初一","0","2","2"
"又发生日食","0","2","2"
"月庚午日初","0","2","2"
"庚午日初一","0","2","2"
"正月乙未日","0","2","2"
"预示君弱臣","0","2","2"
"示君弱臣强","0","2","2"
"就发生了成","0","2","2"
"发生了成济","0","2","2"
"十月丁丑日","0","2","2"
"正月丙子日","0","2","2"
"月丙子日初","0","2","2"
"丙子日初一","0","2","2"
"月辛丑日初","0","2","2"
"辛丑日初一","0","2","2"
"月甲寅日初","0","2","2"
"甲寅日初一","0","2","2"
"正月戊申日","0","2","2"
"正月壬申日","0","2","2"
"六月庚子日","0","2","2"
"月庚子日初","0","2","2"
"庚子日初一","0","2","2"
"子日日初一","0","2","2"
"元年正月已","0","2","2"
"月辛卯日初","0","2","2"
"辛卯日初一","0","2","2"
"月甲申日初","0","2","2"
"甲申日初一","0","2","2"
"五月甲申日","0","2","2"
"穆帝永和二","0","2","2"
"帝永和二年","0","2","2"
"月癸巳日初","0","2","2"
"癸巳日初一","0","2","2"
"西公太和三","0","2","2"
"公太和三年","0","2","2"
"月癸酉日初","0","2","2"
"癸酉日初一","0","2","2"
"月庚辰日初","0","2","2"
"庚辰日初一","0","2","2"
"年孝武帝去","0","2","2"
"一样的东西","0","2","2"
"黄雾充塞四","0","2","2"
"阳之中有黑","0","2","2"
"太阳四周有","0","2","2"
"天下将确立","0","2","2"
"战事连年不","0","2","2"
"事连年不断","0","2","2"
"二月癸亥日","0","2","2"
"正月乙卯日","0","2","2"
"内外戒备森","0","2","2"
"外戒备森严","0","2","2"
"星侵入月亮","0","2","2"
"其分野之地","0","2","2"
"有放逐之相","0","2","2"
"明帝太和五","0","2","2"
"帝太和五年","0","2","2"
"月亮犯及荧","0","2","2"
"亮犯及荧惑","0","2","2"
"犯及荧惑星","0","2","2"
"卫将军陈眕","0","2","2"
"一月辛巳日","0","2","2"
"年四月己巳","0","2","2"
"于是内外戒","0","2","2"
"亮干犯了岁","0","2","2"
"干犯了岁星","0","2","2"
"犯了太白星","0","2","2"
"掩蔽太白星","0","2","2"
"灾难发生在","0","2","2"
"扬州的全部","0","2","2"
"海西太和元","0","2","2"
"西太和元年","0","2","2"
"二月乙未日","0","2","2"
"卫地有战乱","0","2","2"
"在牵牛星之","0","2","2"
"牵牛星之分","0","2","2"
"牛星之分野","0","2","2"
"刘裕将桓氏","0","2","2"
"裕将桓氏家","0","2","2"
"将桓氏家族","0","2","2"
"最终消灭了","0","2","2"
"二月丙午日","0","2","2"
"在毕星之分","0","2","2"
"毕星之分野","0","2","2"
"月亮冲犯了","0","2","2"
"冲犯了岁星","0","2","2"
"在羽林星附","0","2","2"
"羽林星附近","0","2","2"
"生大规模战","0","2","2"
"将有大规模","0","2","2"
"规模战争发","0","2","2"
"模战争发生","0","2","2"
"荧惑星在营","0","2","2"
"惑星在营室","0","2","2"
"在营室星附","0","2","2"
"营室星附近","0","2","2"
"留下辅佐朝","0","2","2"
"下辅佐朝政","0","2","2"
"攻打长沙王","0","2","2"
"是内乱的徵","0","2","2"
"内乱的徵兆","0","2","2"
"当时司马越","0","2","2"
"星在东井附","0","2","2"
"在东井附近","0","2","2"
"东井附近会","0","2","2"
"井附近会合","0","2","2"
"星附近会合","0","2","2"
"宿附近会合","0","2","2"
"二月癸丑日","0","2","2"
"会丧失土地","0","2","2"
"太白星犯荧","0","2","2"
"白星犯荧惑","0","2","2"
"星犯荧惑星","0","2","2"
"穆帝永和四","0","2","2"
"帝永和四年","0","2","2"
"永和四年五","0","2","2"
"和四年五月","0","2","2"
"荧惑星进入","0","2","2"
"各少数民族","0","2","2"
"七月丁卯日","0","2","2"
"太白星掩蔽","0","2","2"
"白星掩蔽了","0","2","2"
"星掩蔽了荧","0","2","2"
"在上将星的","0","2","2"
"二月壬辰日","0","2","2"
"都是入羽林","0","2","2"
"地称越名号","0","2","2"
"荧惑星犯辰","0","2","2"
"惑星犯辰星","0","2","2"
"二月辛丑日","0","2","2"
"太白星聚于","0","2","2"
"西蕃上将星","0","2","2"
"荧惑星和土","0","2","2"
"惑星和土星","0","2","2"
"安帝的同母","0","2","2"
"燧人氏钻木","0","2","2"
"人氏钻木取","0","2","2"
"氏钻木取火","0","2","2"
"天下的土地","0","2","2"
"秦始皇统一","0","2","2"
"始皇统一天","0","2","2"
"皇统一天下","0","2","2"
"置二十三郡","0","2","2"
"百七十三个","0","2","2"
"国置立的二","0","2","2"
"置立的二十","0","2","2"
"夏后氏在涂","0","2","2"
"后氏在涂山","0","2","2"
"五百里为甸","0","2","2"
"百里内缴纳","0","2","2"
"方圆一千里","0","2","2"
"百里的封国","0","2","2"
"七十里的封","0","2","2"
"个五十里的","0","2","2"
"五十里的封","0","2","2"
"二百一十个","0","2","2"
"百一十个封","0","2","2"
"一十个封国","0","2","2"
"名山大泽不","0","2","2"
"山大泽不能","0","2","2"
"的土地作为","0","2","2"
"太公封在齐","0","2","2"
"天子食其三","0","2","2"
"子食其三分","0","2","2"
"食其三分之","0","2","2"
"其三分之一","0","2","2"
"三分之一租","0","2","2"
"天子食其四","0","2","2"
"子食其四分","0","2","2"
"食其四分之","0","2","2"
"其四分之一","0","2","2"
"四分之一租","0","2","2"
"年轮种的土","0","2","2"
"轮种的土地","0","2","2"
"有一千二百","0","2","2"
"的十分之一","0","2","2"
"三万三千零","0","2","2"
"为镇束将军","0","2","2"
"之王的庶子","0","2","2"
"王的庶子为","0","2","2"
"的庶子为亭","0","2","2"
"建立五等封","0","2","2"
"立五等封爵","0","2","2"
"地纵横各七","0","2","2"
"纵横各七十","0","2","2"
"国侯食邑一","0","2","2"
"侯食邑一千","0","2","2"
"食邑一千六","0","2","2"
"食邑一千四","0","2","2"
"邑一千四百","0","2","2"
"地纵横各六","0","2","2"
"纵横各六十","0","2","2"
"国伯食邑一","0","2","2"
"伯食邑一千","0","2","2"
"邑一千二百","0","2","2"
"地纵横各五","0","2","2"
"纵横各五十","0","2","2"
"食邑六百户","0","2","2"
"地纵横各四","0","2","2"
"纵横各四十","0","2","2"
"食邑四百户","0","2","2"
"的三分之一","0","2","2"
"元帝渡过长","0","2","2"
"帝渡过长江","0","2","2"
"雍州的京兆","0","2","2"
"四千四百户","0","2","2"
"台盘二年设","0","2","2"
"盘二年设置","0","2","2"
"建都的地方","0","2","2"
"统管十五县","0","2","2"
"万零七百户","0","2","2"
"寄居在寻阳","0","2","2"
"三千三百户","0","2","2"
"三千五百户","0","2","2"
"台兼并天下","0","2","2"
"建置十三州","0","2","2"
"一万三千户","0","2","2"
"千零九十六","0","2","2"
"太康年间设","0","2","2"
"穆帝永和五","0","2","2"
"帝永和五年","0","2","2"
"记载属冀州","0","2","2"
"载属冀州地","0","2","2"
"属冀州地域","0","2","2"
"的儿子公茎","0","2","2"
"治所在襄平","0","2","2"
"三千二百户","0","2","2"
"刺史镇守宣","0","2","2"
"是因为地处","0","2","2"
"州统管六个","0","2","2"
"统管六个郡","0","2","2"
"管六个郡国","0","2","2"
"古文中称为","0","2","2"
"山在其西北","0","2","2"
"二千六百户","0","2","2"
"幽业刺史镇","0","2","2"
"并州牧镇守","0","2","2"
"州牧镇守蒲","0","2","2"
"牧镇守蒲坂","0","2","2"
"刺史镇守仓","0","2","2"
"史镇守仓垣","0","2","2"
"刺史镇守蒲","0","2","2"
"史镇守蒲坂","0","2","2"
"豫州牧镇守","0","2","2"
"兖州刺史镇","0","2","2"
"被刘裕消灭","0","2","2"
"元帝南渡长","0","2","2"
"帝南渡长江","0","2","2"
"南渡长江后","0","2","2"
"百姓流亡到","0","2","2"
"州府所在地","0","2","2"
"到献帝初平","0","2","2"
"建置宕渠郡","0","2","2"
"属于巴西郡","0","2","2"
"州统管八郡","0","2","2"
"五千一百户","0","2","2"
"四千二百户","0","2","2"
"沦入李特统","0","2","2"
"的名称没有","0","2","2"
"名称没有改","0","2","2"
"称没有改变","0","2","2"
"各一部分置","0","2","2"
"分划益州设","0","2","2"
"划益州设置","0","2","2"
"三千一百户","0","2","2"
"汉武帝设置","0","2","2"
"武帝设置十","0","2","2"
"帝设置十三","0","2","2"
"州沿用旧名","0","2","2"
"石季龙末年","0","2","2"
"后来又取消","0","2","2"
"江都为广陵","0","2","2"
"地处长江以","0","2","2"
"属于南徐州","0","2","2"
"划分江夏设","0","2","2"
"划分苍梧设","0","2","2"
"划分长沙设","0","2","2"
"划分零陵设","0","2","2"
"长沙设安成","0","2","2"
"沙设安成郡","0","2","2"
"划分南郡为","0","2","2"
"临贺三郡归","0","2","2"
"贺三郡归属","0","2","2"
"百四十八户","0","2","2"
"山在其东北","0","2","2"
"统管十四县","0","2","2"
"二万零一百","0","2","2"
"原属长沙郡","0","2","2"
"为成都王司","0","2","2"
"又划分豫章","0","2","2"
"划分丹杨设","0","2","2"
"统管十六县","0","2","2"
"属于寻阳郡","0","2","2"
"所得到的地","0","2","2"
"得到的地域","0","2","2"
"在长江以南","0","2","2"
"记载为扬州","0","2","2"
"载为扬州地","0","2","2"
"为扬州地域","0","2","2"
"求立郡为州","0","2","2"
"帝划分南海","0","2","2"
"划分南海设","0","2","2"
"的东西称之","0","2","2"
"东西称之为","0","2","2"
"成了十二律","0","2","2"
"以规范各种","0","2","2"
"使律度量衡","0","2","2"
"律吕相生的","0","2","2"
"将这些内容","0","2","2"
"这些内容编","0","2","2"
"些内容编入","0","2","2"
"奚景在泠道","0","2","2"
"景在泠道舜","0","2","2"
"在泠道舜祠","0","2","2"
"泠道舜祠地","0","2","2"
"道舜祠地下","0","2","2"
"吉凶的说法","0","2","2"
"使神人静好","0","2","2"
"像宾主一样","0","2","2"
"宾主一样互","0","2","2"
"主一样互相","0","2","2"
"一样互相敬","0","2","2"
"样互相敬酒","0","2","2"
"成百姓之志","0","2","2"
"宣布哲人的","0","2","2"
"布哲人的美","0","2","2"
"哲人的美德","0","2","2"
"昭示作人的","0","2","2"
"示作人的规","0","2","2"
"作人的规范","0","2","2"
"发扬滞伏之","0","2","2"
"扬滞伏之气","0","2","2"
"丢弃激扬之","0","2","2"
"弃激扬之情","0","2","2"
"四时之微气","0","2","2"
"辅佐万物的","0","2","2"
"佐万物的形","0","2","2"
"万物的形成","0","2","2"
"皆能恢复对","0","2","2"
"能恢复对应","0","2","2"
"恢复对应其","0","2","2"
"复对应其礼","0","2","2"
"对应其礼的","0","2","2"
"应其礼的常","0","2","2"
"其礼的常态","0","2","2"
"十二律相生","0","2","2"
"正声相提并","0","2","2"
"声相提并论","0","2","2"
"音律对应于","0","2","2"
"音调逐渐显","0","2","2"
"调逐渐显得","0","2","2"
"干一百四十","0","2","2"
"十一月冬至","0","2","2"
"阳律下生阴","0","2","2"
"律下生阴律","0","2","2"
"阴律上生阳","0","2","2"
"律上生阳律","0","2","2"
"对应十二辰","0","2","2"
"都以三分之","0","2","2"
"应钟为变宫","0","2","2"
"蕤宾为变征","0","2","2"
"十二管旋相","0","2","2"
"二管旋相为","0","2","2"
"管旋相为宫","0","2","2"
"帝的诏书说","0","2","2"
"音律的高低","0","2","2"
"合乎经籍礼","0","2","2"
"乎经籍礼制","0","2","2"
"每一孔对应","0","2","2"
"一孔对应一","0","2","2"
"孔对应一律","0","2","2"
"旋相为宫的","0","2","2"
"让太乐郎刘","0","2","2"
"是我所不能","0","2","2"
"如果适宜用","0","2","2"
"主持奏乐的","0","2","2"
"持奏乐的人","0","2","2"
"奏乐的人就","0","2","2"
"乐的人就说","0","2","2"
"的人就说请","0","2","2"
"人就说请奏","0","2","2"
"对应黄钟律","0","2","2"
"低音区的倍","0","2","2"
"音区的倍声","0","2","2"
"钟律长处开","0","2","2"
"孔向下方度","0","2","2"
"满姑洗律长","0","2","2"
"姑洗律长处","0","2","2"
"洗律长处开","0","2","2"
"的变通办法","0","2","2"
"是正声调黄","0","2","2"
"正声调黄钟","0","2","2"
"声调黄钟为","0","2","2"
"调黄钟为宫","0","2","2"
"黄钟为宫音","0","2","2"
"钟为宫音阶","0","2","2"
"为宫音阶的","0","2","2"
"笛孔全闭的","0","2","2"
"是正声调的","0","2","2"
"道理都一样","0","2","2"
"角律律长的","0","2","2"
"个伏孔为变","0","2","2"
"八度内的变","0","2","2"
"应合大吕律","0","2","2"
"应合夷则律","0","2","2"
"分三厘挂零","0","2","2"
"应合太蔟律","0","2","2"
"应合南吕律","0","2","2"
"应合夹钟律","0","2","2"
"应合无射律","0","2","2"
"应合姑洗律","0","2","2"
"应合应钟律","0","2","2"
"应合蕤宾律","0","2","2"
"去其一分而","0","2","2"
"声紊乱就会","0","2","2"
"增其一分而","0","2","2"
"季第二月的","0","2","2"
"第二月的气","0","2","2"
"二月的气来","0","2","2"
"该律则相应","0","2","2"
"律则相应合","0","2","2"
"班固的记载","0","2","2"
"八又二百四","0","2","2"
"三分之一百","0","2","2"
"分之一百零","0","2","2"
"之一百零四","0","2","2"
"一百零四寸","0","2","2"
"季第三个月","0","2","2"
"又二千一百","0","2","2"
"之一千零七","0","2","2"
"零七十五寸","0","2","2"
"六又一万九","0","2","2"
"三分之一万","0","2","2"
"分之一万二","0","2","2"
"之一万二千","0","2","2"
"百七十四寸","0","2","2"
"又八十一分","0","2","2"
"八十一分之","0","2","2"
"季第二个月","0","2","2"
"第二个月的","0","2","2"
"二个月的气","0","2","2"
"分之四百五","0","2","2"
"之四百五十","0","2","2"
"该律就会相","0","2","2"
"律就会相应","0","2","2"
"就会相应合","0","2","2"
"六十一分之","0","2","2"
"十一分之六","0","2","2"
"冬季第一个","0","2","2"
"夷则上生夹","0","2","2"
"则上生夹钟","0","2","2"
"无射上生仲","0","2","2"
"射上生仲吕","0","2","2"
"调和阴阳律","0","2","2"
"和阴阳律历","0","2","2"
"阴阳律历的","0","2","2"
"得到了古代","0","2","2"
"有散骑侍郎","0","2","2"
"亡国的音乐","0","2","2"
"帝认为荀勖","0","2","2"
"而当时人们","0","2","2"
"等于荀勖尺","0","2","2"
"于荀勖尺一","0","2","2"
"内接一尺见","0","2","2"
"接一尺见方","0","2","2"
"一尺见方的","0","2","2"
"体积为二千","0","2","2"
"五星的运动","0","2","2"
"行用的历法","0","2","2"
"以五百八十","0","2","2"
"百四十五为","0","2","2"
"四十五为斗","0","2","2"
"天体的运行","0","2","2"
"学习了刘洪","0","2","2"
"习了刘洪的","0","2","2"
"刘洪的历法","0","2","2"
"百八十三为","0","2","2"
"八十三为纪","0","2","2"
"十三为纪法","0","2","2"
"一千二百零","0","2","2"
"千二百零五","0","2","2"
"二百零五为","0","2","2"
"实际天象有","0","2","2"
"一年的时间","0","2","2"
"运动的方法","0","2","2"
"舆实际天象","0","2","2"
"际天象相符","0","2","2"
"推算结果落","0","2","2"
"算结果落后","0","2","2"
"结果落后于","0","2","2"
"果落后于实","0","2","2"
"用两仪郭间","0","2","2"
"都是由于斗","0","2","2"
"是由于斗分","0","2","2"
"斗分太多的","0","2","2"
"分太多的缘","0","2","2"
"太多的缘故","0","2","2"
"刘洪的方法","0","2","2"
"将要发生的","0","2","2"
"改正后在未","0","2","2"
"正后在未时","0","2","2"
"推算在未时","0","2","2"
"加消息改正","0","2","2"
"后天二个时","0","2","2"
"天一个时辰","0","2","2"
"星三年五月","0","2","2"
"日丁亥早晨","0","2","2"
"丁亥早晨出","0","2","2"
"亥早晨出现","0","2","2"
"七日庚辰出","0","2","2"
"星二年十一","0","2","2"
"土星三年十","0","2","2"
"星三年十一","0","2","2"
"星三年闰六","0","2","2"
"先天二十三","0","2","2"
"天二十三日","0","2","2"
"水星二年十","0","2","2"
"先天十六日","0","2","2"
"水星三年十","0","2","2"
"实际天象在","0","2","2"
"际天象在同","0","2","2"
"天象在同一","0","2","2"
"象在同一天","0","2","2"
"月朔日早晨","0","2","2"
"五大行星相","0","2","2"
"确定物体的","0","2","2"
"历法的方法","0","2","2"
"违背刘洪的","0","2","2"
"推算五大行","0","2","2"
"算五大行星","0","2","2"
"位置的方法","0","2","2"
"一千一百七","0","2","2"
"余数除以纪","0","2","2"
"数除以纪法","0","2","2"
"余数即为所","0","2","2"
"数即为所求","0","2","2"
"为所求年入","0","2","2"
"如果余数大","0","2","2"
"果余数大于","0","2","2"
"用所求年入","0","2","2"
"再除以章岁","0","2","2"
"余数为闰余","0","2","2"
"闰余在十二","0","2","2"
"余在十二以","0","2","2"
"在十二以上","0","2","2"
"所得余数为","0","2","2"
"求次月朔日","0","2","2"
"大余的基础","0","2","2"
"基础上加二","0","2","2"
"础上加二十","0","2","2"
"以其乘积除","0","2","2"
"其乘积除以","0","2","2"
"所得商数再","0","2","2"
"命名方法与","0","2","2"
"名方法与求","0","2","2"
"闰月所在之","0","2","2"
"月所在之月","0","2","2"
"以无中气之","0","2","2"
"无中气之月","0","2","2"
"所得商数加","0","2","2"
"得商数加入","0","2","2"
"同样的方法","0","2","2"
"考察所近节","0","2","2"
"察所近节气","0","2","2"
"以所求年入","0","2","2"
"如果有余数","0","2","2"
"没法一百零","0","2","2"
"法一百零三","0","2","2"
"冬至后没日","0","2","2"
"日的基础上","0","2","2"
"六十九得到","0","2","2"
"百八十九乘","0","2","2"
"八十九乘以","0","2","2"
"乘积在周天","0","2","2"
"积在周天二","0","2","2"
"在周天二十","0","2","2"
"一百三十以","0","2","2"
"百三十以上","0","2","2"
"三十以上减","0","2","2"
"十以上减之","0","2","2"
"余下不足周","0","2","2"
"下不足周天","0","2","2"
"不足周天部","0","2","2"
"足周天部分","0","2","2"
"则此即为天","0","2","2"
"此即为天正","0","2","2"
"天正朔日夜","0","2","2"
"正朔日夜半","0","2","2"
"夜半太阳所","0","2","2"
"半太阳所在","0","2","2"
"剩下的方法","0","2","2"
"以大分加朔","0","2","2"
"在纪法五百","0","2","2"
"百八十九以","0","2","2"
"八十九以上","0","2","2"
"基础上日度","0","2","2"
"础上日度加","0","2","2"
"小分及度之","0","2","2"
"分及度之间","0","2","2"
"及度之间的","0","2","2"
"度之间的换","0","2","2"
"之间的换算","0","2","2"
"宿度的确定","0","2","2"
"度的确定方","0","2","2"
"的确定方法","0","2","2"
"确定方法如","0","2","2"
"定方法如前","0","2","2"
"时月所在宿","0","2","2"
"月所在宿度","0","2","2"
"得上弦时月","0","2","2"
"所得分别为","0","2","2"
"除以会岁八","0","2","2"
"以会岁八百","0","2","2"
"会岁八百九","0","2","2"
"岁八百九十","0","2","2"
"以会率一千","0","2","2"
"会率一千八","0","2","2"
"率一千八百","0","2","2"
"以会月一万","0","2","2"
"会月一万一","0","2","2"
"月一万一千","0","2","2"
"四十五乘以","0","2","2"
"商敷为积月","0","2","2"
"以岁中十二","0","2","2"
"望时有月食","0","2","2"
"沿用冬至大","0","2","2"
"用冬至大余","0","2","2"
"以之确定的","0","2","2"
"之确定的时","0","2","2"
"确定的时间","0","2","2"
"法一千一百","0","2","2"
"各加大余六","0","2","2"
"如果加后小","0","2","2"
"果加后小余","0","2","2"
"大于等于二","0","2","2"
"于等于二千","0","2","2"
"星用事日的","0","2","2"
"以十二乘以","0","2","2"
"所得商数即","0","2","2"
"得商数即为","0","2","2"
"从子时起算","0","2","2"
"除以月周七","0","2","2"
"月亮运行的","0","2","2"
"百二十七乘","0","2","2"
"二十七乘以","0","2","2"
"以通法四万","0","2","2"
"通法四万三","0","2","2"
"法四万三千","0","2","2"
"除以通数三","0","2","2"
"历周十六万","0","2","2"
"周十六万四","0","2","2"
"十六万四千","0","2","2"
"六万四千四","0","2","2"
"四千四百六","0","2","2"
"元至所求年","0","2","2"
"周部分除以","0","2","2"
"得商数为合","0","2","2"
"为合朔入历","0","2","2"
"合朔入历的","0","2","2"
"上月合朔入","0","2","2"
"入历的基础","0","2","2"
"础上加一天","0","2","2"
"以日余减去","0","2","2"
"日余减去周","0","2","2"
"余减去周日","0","2","2"
"入历天数中","0","2","2"
"历天数中减","0","2","2"
"周虚二千六","0","2","2"
"虚二千六百","0","2","2"
"二千六百六","0","2","2"
"六百六十六","0","2","2"
"对应的盈缩","0","2","2"
"应的盈缩积","0","2","2"
"章岁十九减","0","2","2"
"以周半一百","0","2","2"
"周半一百二","0","2","2"
"以加时盈缩","0","2","2"
"加时在前一","0","2","2"
"时在前一天","0","2","2"
"以会敷四十","0","2","2"
"如果日余不","0","2","2"
"果日余不足","0","2","2"
"日余不足减","0","2","2"
"果日余在周","0","2","2"
"日余在周日","0","2","2"
"余在周日分","0","2","2"
"周日分以下","0","2","2"
"乘以损益率","0","2","2"
"除不尽的为","0","2","2"
"不尽的为余","0","2","2"
"尽的为余数","0","2","2"
"加或减夜半","0","2","2"
"靠近的节气","0","2","2"
"以下则舍去","0","2","2"
"一百三十乘","0","2","2"
"以朔望合敷","0","2","2"
"十一乘以合","0","2","2"
"阳历朔合分","0","2","2"
"入阴阳历余","0","2","2"
"如果不足减","0","2","2"
"月周后再减","0","2","2"
"如果入历日","0","2","2"
"果入历日在","0","2","2"
"二千七百零","0","2","2"
"以损益率乘","0","2","2"
"损益率乘以","0","2","2"
"舆之最近的","0","2","2"
"所得为月去","0","2","2"
"如果月处在","0","2","2"
"符号相同则","0","2","2"
"符号不同则","0","2","2"
"十九分之二","0","2","2"
"九分之二十","0","2","2"
"之二十一万","0","2","2"
"十九乘以周","0","2","2"
"九乘以周率","0","2","2"
"除以合月法","0","2","2"
"法一千四百","0","2","2"
"得商敷为大","0","2","2"
"商敷为大余","0","2","2"
"以通法乘以","0","2","2"
"通法乘以行","0","2","2"
"法乘以行星","0","2","2"
"各自的月余","0","2","2"
"四十七相约","0","2","2"
"商数为入月","0","2","2"
"数为入月日","0","2","2"
"以周天二十","0","2","2"
"得商敷为度","0","2","2"
"三千四百零","0","2","2"
"千四百零七","0","2","2"
"六万七千零","0","2","2"
"一千七百零","0","2","2"
"命名为积合","0","2","2"
"余数命名为","0","2","2"
"数命名为合","0","2","2"
"命名为合余","0","2","2"
"如果所得商","0","2","2"
"果所得商数","0","2","2"
"年舆太阳会","0","2","2"
"积合为奇数","0","2","2"
"积合为偶数","0","2","2"
"合为偶数时","0","2","2"
"以章闰乘以","0","2","2"
"章闰乘以入","0","2","2"
"闰乘以入纪","0","2","2"
"以入纪月减","0","2","2"
"时所在月份","0","2","2"
"从朔日起算","0","2","2"
"十乘以度分","0","2","2"
"加上上次会","0","2","2"
"上上次会合","0","2","2"
"小于岁中十","0","2","2"
"于岁中十二","0","2","2"
"有闰月亦减","0","2","2"
"闰月亦减之","0","2","2"
"加上次合月","0","2","2"
"上次合月大","0","2","2"
"次合月大余","0","2","2"
"再加大余二","0","2","2"
"命名方法如","0","2","2"
"名方法如前","0","2","2"
"日余满日度","0","2","2"
"满日度法化","0","2","2"
"日度法化为","0","2","2"
"如果上次会","0","2","2"
"果上次会合","0","2","2"
"上次会合朔","0","2","2"
"次会合朔小","0","2","2"
"会合朔小余","0","2","2"
"合小余大于","0","2","2"
"于七百七十","0","2","2"
"减去二十九","0","2","2"
"去二十九日","0","2","2"
"数加上次会","0","2","2"
"余加上次会","0","2","2"
"所得即为本","0","2","2"
"得即为本次","0","2","2"
"即为本次会","0","2","2"
"天三百四十","0","2","2"
"逆行所退十","0","2","2"
"天九十七万","0","2","2"
"零一十三分","0","2","2"
"逆行所退六","0","2","2"
"行所退六度","0","2","2"
"天十一万三","0","2","2"
"度十一万三","0","2","2"
"天六百零一","0","2","2"
"十五度六百","0","2","2"
"五度六百零","0","2","2"
"度六百零一","0","2","2"
"把给定行星","0","2","2"
"伏时的天数","0","2","2"
"度数及其余","0","2","2"
"数及其余数","0","2","2"
"加入到此行","0","2","2"
"入到此行星","0","2","2"
"到此行星会","0","2","2"
"此行星会合","0","2","2"
"星会合时的","0","2","2"
"会合时的时","0","2","2"
"合时的时间","0","2","2"
"度及其余数","0","2","2"
"度法则化为","0","2","2"
"法则化为天","0","2","2"
"则化为天数","0","2","2"
"名的方法与","0","2","2"
"即可得到此","0","2","2"
"可得到此行","0","2","2"
"得到此行星","0","2","2"
"到此行星出","0","2","2"
"此行星出现","0","2","2"
"行星出现的","0","2","2"
"星出现的时","0","2","2"
"现的时间和","0","2","2"
"的时间和所","0","2","2"
"时间和所在","0","2","2"
"以行星每天","0","2","2"
"行星每天运","0","2","2"
"星每天运行","0","2","2"
"每天运行分","0","2","2"
"天运行分数","0","2","2"
"运行分数的","0","2","2"
"行分数的分","0","2","2"
"分数的分母","0","2","2"
"数的分母乘","0","2","2"
"的分母乘以","0","2","2"
"分母乘以该","0","2","2"
"母乘以该星","0","2","2"
"乘以该星首","0","2","2"
"以该星首次","0","2","2"
"该星首次出","0","2","2"
"星首次出现","0","2","2"
"首次出现时","0","2","2"
"次出现时的","0","2","2"
"出现时的度","0","2","2"
"现时的度数","0","2","2"
"度余除以日","0","2","2"
"余除以日度","0","2","2"
"以日度法得","0","2","2"
"日度法得一","0","2","2"
"度法的一半","0","2","2"
"法的一半以","0","2","2"
"一半以上也","0","2","2"
"半以上也得","0","2","2"
"以上也得一","0","2","2"
"每天加上所","0","2","2"
"天加上所运","0","2","2"
"加上所运行","0","2","2"
"上所运行的","0","2","2"
"所运行的分","0","2","2"
"运行的分数","0","2","2"
"其对应之分","0","2","2"
"对应之分母","0","2","2"
"应之分母得","0","2","2"
"之分母得一","0","2","2"
"分母得一度","0","2","2"
"逆行和顺行","0","2","2"
"行和顺行时","0","2","2"
"和顺行时所","0","2","2"
"顺行时所用","0","2","2"
"行时所用分","0","2","2"
"时所用分母","0","2","2"
"所用分母不","0","2","2"
"用分母不同","0","2","2"
"以现行的对","0","2","2"
"现行的对应","0","2","2"
"行的对应分","0","2","2"
"的对应分母","0","2","2"
"对应分母乘","0","2","2"
"应分母乘以","0","2","2"
"分母乘以前","0","2","2"
"母乘以前面","0","2","2"
"乘以前面的","0","2","2"
"以前面的运","0","2","2"
"前面的运行","0","2","2"
"面的运行分","0","2","2"
"除以前面运","0","2","2"
"以前面运行","0","2","2"
"前面运行分","0","2","2"
"面运行分对","0","2","2"
"运行分对应","0","2","2"
"行分对应的","0","2","2"
"分对应的分","0","2","2"
"对应的分母","0","2","2"
"所得为对应","0","2","2"
"得为对应于","0","2","2"
"为对应于现","0","2","2"
"对应于现行","0","2","2"
"应于现行分","0","2","2"
"于现行分母","0","2","2"
"现行分母的","0","2","2"
"行分母的运","0","2","2"
"分母的运行","0","2","2"
"母的运行分","0","2","2"
"当行星留时","0","2","2"
"度沿用前面","0","2","2"
"沿用前面的","0","2","2"
"用前面的不","0","2","2"
"前面的不变","0","2","2"
"逆行则减之","0","2","2"
"伏时不写出","0","2","2"
"时不写出每","0","2","2"
"不写出每天","0","2","2"
"写出每天运","0","2","2"
"出每天运行","0","2","2"
"每天运行的","0","2","2"
"天运行的度","0","2","2"
"以现行分母","0","2","2"
"现行分母作","0","2","2"
"行分母作为","0","2","2"
"分母作为比","0","2","2"
"母作为比率","0","2","2"
"运行分有增","0","2","2"
"行分有增有","0","2","2"
"分有增有减","0","2","2"
"前后相互照","0","2","2"
"后相互照应","0","2","2"
"晨舆太阳会","0","2","2"
"运行二度三","0","2","2"
"行二度三百","0","2","2"
"四千六百零","0","2","2"
"六百零七分","0","2","2"
"十八分之十","0","2","2"
"八分之十一","0","2","2"
"天不动而转","0","2","2"
"不动而转向","0","2","2"
"每天运行七","0","2","2"
"天运行七分","0","2","2"
"运行七分之","0","2","2"
"行七分之一","0","2","2"
"八十四天共","0","2","2"
"十四天共退","0","2","2"
"四天共退行","0","2","2"
"天共退行十","0","2","2"
"共退行十二","0","2","2"
"退行十二度","0","2","2"
"天后转而顺","0","2","2"
"后转而顺行","0","2","2"
"七十一天一","0","2","2"
"十一天一百","0","2","2"
"一天一百四","0","2","2"
"天一百四十","0","2","2"
"运行五十五","0","2","2"
"行五十五度","0","2","2"
"五十五度一","0","2","2"
"十五度一百","0","2","2"
"五度一百二","0","2","2"
"八百六十点","0","2","2"
"百六十点五","0","2","2"
"六十点五分","0","2","2"
"三分之十二","0","2","2"
"分之十二度","0","2","2"
"十一天不动","0","2","2"
"每天运行六","0","2","2"
"天运行六十","0","2","2"
"运行六十二","0","2","2"
"六十二分之","0","2","2"
"二分之十七","0","2","2"
"六十二天退","0","2","2"
"十二天退行","0","2","2"
"二天退行十","0","2","2"
"天退行十七","0","2","2"
"退行十七度","0","2","2"
"十一天后转","0","2","2"
"一天后转为","0","2","2"
"天后转为顺","0","2","2"
"后转为顺行","0","2","2"
"六天一百一","0","2","2"
"天一百一十","0","2","2"
"百二十六点","0","2","2"
"二十六点五","0","2","2"
"十六点五分","0","2","2"
"运行一度一","0","2","2"
"行一度一百","0","2","2"
"一度一百九","0","2","2"
"度一百九十","0","2","2"
"百六十四点","0","2","2"
"六十四点五","0","2","2"
"十四点五分","0","2","2"
"每天运行三","0","2","2"
"运行三十五","0","2","2"
"三十五分之","0","2","2"
"八十七点五","0","2","2"
"十七点五天","0","2","2"
"七点五天运","0","2","2"
"点五天运行","0","2","2"
"五天运行七","0","2","2"
"天运行七点","0","2","2"
"运行七点五","0","2","2"
"行七点五度","0","2","2"
"天运行十七","0","2","2"
"运行十七分","0","2","2"
"行十七分之","0","2","2"
"一百零二天","0","2","2"
"百零二天退","0","2","2"
"零二天退行","0","2","2"
"二天退行六","0","2","2"
"在太阳前面","0","2","2"
"共三百七十","0","2","2"
"百七十八天","0","2","2"
"运行十二度","0","2","2"
"五天退行四","0","2","2"
"运行四十六","0","2","2"
"四十六分之","0","2","2"
"十六分之三","0","2","2"
"六分之三十","0","2","2"
"四十六天运","0","2","2"
"六天运行三","0","2","2"
"十一分之十","0","2","2"
"行一百零六","0","2","2"
"一百零六度","0","2","2"
"之二十二度","0","2","2"
"一百一十三","0","2","2"
"四十一天五","0","2","2"
"十一天五万","0","2","2"
"一天五万六","0","2","2"
"五十四分运","0","2","2"
"十四分运行","0","2","2"
"四分运行五","0","2","2"
"运行五十度","0","2","2"
"行五十度五","0","2","2"
"总计二百九","0","2","2"
"计二百九十","0","2","2"
"百九十二天","0","2","2"
"天五万六千","0","2","2"
"百九十二度","0","2","2"
"转而晚上在","0","2","2"
"而晚上在西","0","2","2"
"运行一度十","0","2","2"
"二次会合一","0","2","2"
"次会合一终","0","2","2"
"百八十四度","0","2","2"
"九天退行七","0","2","2"
"运行九分之","0","2","2"
"行九分之八","0","2","2"
"九分之八度","0","2","2"
"九天运行八","0","2","2"
"天运行八度","0","2","2"
"运行一又四","0","2","2"
"行一又四分","0","2","2"
"一又四分之","0","2","2"
"二十天运行","0","2","2"
"十天运行二","0","2","2"
"运行二十五","0","2","2"
"十六天六百","0","2","2"
"六天六百四","0","2","2"
"六十七分运","0","2","2"
"十七分运行","0","2","2"
"七分运行三","0","2","2"
"运行三十二","0","2","2"
"共五十七天","0","2","2"
"百一十五天","0","2","2"
"每个朝代都","0","2","2"
"个朝代都有","0","2","2"
"作为一年的","0","2","2"
"于是更改正","0","2","2"
"是更改正月","0","2","2"
"更改正月所","0","2","2"
"改正月所在","0","2","2"
"改变历法的","0","2","2"
"变历法的基","0","2","2"
"历法的基本","0","2","2"
"法的基本数","0","2","2"
"之月作为历","0","2","2"
"月作为历法","0","2","2"
"各种制度都","0","2","2"
"千零三十一","0","2","2"
"个数据的计","0","2","2"
"数据的计算","0","2","2"
"据的计算方","0","2","2"
"的计算方法","0","2","2"
"用一纪的积","0","2","2"
"一纪的积月","0","2","2"
"纪的积月二","0","2","2"
"的积月二万","0","2","2"
"积月二万二","0","2","2"
"乘以通数十","0","2","2"
"去会通七十","0","2","2"
"亮在黄道北","0","2","2"
"去通周十二","0","2","2"
"通周十二万","0","2","2"
"周十二万五","0","2","2"
"一纪的迟疾","0","2","2"
"纪的迟疾差","0","2","2"
"的迟疾差率","0","2","2"
"至所求年的","0","2","2"
"所得商数算","0","2","2"
"得商数算外","0","2","2"
"余数为入纪","0","2","2"
"以通敷十三","0","2","2"
"通敷十三万","0","2","2"
"敷十三万四","0","2","2"
"积日连续减","0","2","2"
"日连续减去","0","2","2"
"连续减去六","0","2","2"
"续减去六十","0","2","2"
"十的部分为","0","2","2"
"部分为大余","0","2","2"
"在上月基础","0","2","2"
"上月基础上","0","2","2"
"月基础上加","0","2","2"
"名的方法舆","0","2","2"
"的方法舆前","0","2","2"
"得为次月朔","0","2","2"
"二则化入小","0","2","2"
"则化入小余","0","2","2"
"望在中气或","0","2","2"
"节气前后四","0","2","2"
"气前后四天","0","2","2"
"前后四天以","0","2","2"
"后四天以内","0","2","2"
"节气前后五","0","2","2"
"气前后五天","0","2","2"
"前后五天以","0","2","2"
"后五天以上","0","2","2"
"六十部分从","0","2","2"
"十部分从所","0","2","2"
"气的基础上","0","2","2"
"没法九百六","0","2","2"
"法九百六十","0","2","2"
"名的方法如","0","2","2"
"的方法如前","0","2","2"
"小余不足减","0","2","2"
"小余乘以六","0","2","2"
"百四十三乘","0","2","2"
"四十三乘以","0","2","2"
"乘以朔积日","0","2","2"
"满周天六十","0","2","2"
"余下不满周","0","2","2"
"下不满周天","0","2","2"
"不满周天部","0","2","2"
"满周天部分","0","2","2"
"朔夜半太阳","0","2","2"
"以月周二万","0","2","2"
"月周二万四","0","2","2"
"周二万四千","0","2","2"
"可得天正十","0","2","2"
"朔夜半月亮","0","2","2"
"月合朔太阳","0","2","2"
"月亮共合时","0","2","2"
"亮共合时的","0","2","2"
"共合时的宿","0","2","2"
"合时的宿度","0","2","2"
"时的宿度分","0","2","2"
"分满通法四","0","2","2"
"四十七化入","0","2","2"
"十七化入大","0","2","2"
"七化入大分","0","2","2"
"为次月合朔","0","2","2"
"度分的基础","0","2","2"
"分的基础上","0","2","2"
"以所入纪的","0","2","2"
"所入纪的朔","0","2","2"
"入纪的朔积","0","2","2"
"纪的朔积分","0","2","2"
"余下的即为","0","2","2"
"望时的去交","0","2","2"
"纪首时月亮","0","2","2"
"首时月亮在","0","2","2"
"朔时月亮也","0","2","2"
"时月亮也在","0","2","2"
"分除以日法","0","2","2"
"所得为交点","0","2","2"
"为分母来表","0","2","2"
"分母来表达","0","2","2"
"如果月亮在","0","2","2"
"交在先会在","0","2","2"
"在先会在后","0","2","2"
"会在先交在","0","2","2"
"在先交在后","0","2","2"
"百五十九得","0","2","2"
"满曰法四千","0","2","2"
"所得为定积","0","2","2"
"得为定积分","0","2","2"
"定积分除以","0","2","2"
"积分则以平","0","2","2"
"分则以平朔","0","2","2"
"则以平朔小","0","2","2"
"以平朔小余","0","2","2"
"则交会加时","0","2","2"
"交会加时在","0","2","2"
"以周日日余","0","2","2"
"在四千五百","0","2","2"
"百五十九的","0","2","2"
"五十九的一","0","2","2"
"十九的一半","0","2","2"
"九的一半以","0","2","2"
"与半合并为","0","2","2"
"与太合并为","0","2","2"
"在此基础上","0","2","2"
"在天上运行","0","2","2"
"基本数据也","0","2","2"
"所得为合月","0","2","2"
"以周天六十","0","2","2"
"为行星度数","0","2","2"
"四千零九十","0","2","2"
"一百零八万","0","2","2"
"千零二十四","0","2","2"
"如果商敷得","0","2","2"
"年与太阳合","0","2","2"
"数为行星会","0","2","2"
"星会合时入","0","2","2"
"数大于等于","0","2","2"
"则会合在上","0","2","2"
"会合在上次","0","2","2"
"合在上次会","0","2","2"
"在上次会合","0","2","2"
"上次会合的","0","2","2"
"次会合的后","0","2","2"
"于二千四百","0","2","2"
"十六天九十","0","2","2"
"六天九十九","0","2","2"
"天九十九万","0","2","2"
"运行二度一","0","2","2"
"行二度一百","0","2","2"
"运行五十七","0","2","2"
"七十二天一","0","2","2"
"十二天一百","0","2","2"
"二天一百七","0","2","2"
"运行五十六","0","2","2"
"行五十六度","0","2","2"
"五十六度一","0","2","2"
"十六度一百","0","2","2"
"六度一百二","0","2","2"
"天运行十二","0","2","2"
"运行十二分","0","2","2"
"十九天三百","0","2","2"
"九天三百八","0","2","2"
"天三百八十","0","2","2"
"百七十五点","0","2","2"
"七十五点五","0","2","2"
"十五点五分","0","2","2"
"运行二度六","0","2","2"
"行二度六百","0","2","2"
"百二十一点","0","2","2"
"二十一点五","0","2","2"
"十一点五分","0","2","2"
"八十六天运","0","2","2"
"六天运行六","0","2","2"
"天运行六点","0","2","2"
"运行六点五","0","2","2"
"行六点五度","0","2","2"
"三十二点五","0","2","2"
"十二点五天","0","2","2"
"二点五天不","0","2","2"
"点五天不动","0","2","2"
"六天退行四","0","2","2"
"运行四十五","0","2","2"
"四十五分之","0","2","2"
"五分之三十","0","2","2"
"四十五天运","0","2","2"
"十五天运行","0","2","2"
"五天运行三","0","2","2"
"行一百零五","0","2","2"
"一百零五度","0","2","2"
"之二十一度","0","2","2"
"早晨隐伏于","0","2","2"
"晨隐伏于东","0","2","2"
"隐伏于东方","0","2","2"
"四十二天十","0","2","2"
"百九十分运","0","2","2"
"九十分运行","0","2","2"
"十分运行五","0","2","2"
"运行五十二","0","2","2"
"行五十二度","0","2","2"
"上与太阳会","0","2","2"
"十一天退行","0","2","2"
"一天退行七","0","2","2"
"每天运行八","0","2","2"
"天运行八分","0","2","2"
"运行八分之","0","2","2"
"行八分之七","0","2","2"
"八分之七度","0","2","2"
"八天运行七","0","2","2"
"天运行七度","0","2","2"
"运行一又十","0","2","2"
"行一又十八","0","2","2"
"一又十八分","0","2","2"
"又十八分之","0","2","2"
"十八分之四","0","2","2"
"八分之四度","0","2","2"
"十八天运行","0","2","2"
"八天运行二","0","2","2"
"运行二十二","0","2","2"
"十八天二千","0","2","2"
"八天二千零","0","2","2"
"六十一分运","0","2","2"
"十一分运行","0","2","2"
"一分运行三","0","2","2"
"运行三十六","0","2","2"
"行三十六度","0","2","2"
"六度二千零","0","2","2"
"一千八百九","0","2","2"
"日食发生在","0","2","2"
"食发生在朔","0","2","2"
"积累而成为","0","2","2"
"自然的道理","0","2","2"
"历法推算的","0","2","2"
"各自根据自","0","2","2"
"自根据自己","0","2","2"
"据自己的历","0","2","2"
"百年修改历","0","2","2"
"年修改历法","0","2","2"
"推算四百六","0","2","2"
"算四百六十","0","2","2"
"六十六日和","0","2","2"
"十六日和一","0","2","2"
"六日和一次","0","2","2"
"推算五百三","0","2","2"
"算五百三十","0","2","2"
"推算四百八","0","2","2"
"算四百八十","0","2","2"
"日和十九次","0","2","2"
"和十九次日","0","2","2"
"十九次日食","0","2","2"
"九次日食符","0","2","2"
"研治历法的","0","2","2"
"然后才可以","0","2","2"
"十九分之三","0","2","2"
"日所在宿度","0","2","2"
"的有二十五","0","2","2"
"节制他们的","0","2","2"
"根据旧有的","0","2","2"
"方面的制度","0","2","2"
"从前的典章","0","2","2"
"难道说的就","0","2","2"
"道说的就是","0","2","2"
"中最重要的","0","2","2"
"就是用来表","0","2","2"
"是用来表达","0","2","2"
"方面还没有","0","2","2"
"恢复古代的","0","2","2"
"古代的样子","0","2","2"
"定朝廷礼仪","0","2","2"
"文帝又命令","0","2","2"
"为一百六十","0","2","2"
"一百六十五","0","2","2"
"邦国的大事","0","2","2"
"有关的制度","0","2","2"
"就是很自然","0","2","2"
"很自然的了","0","2","2"
"不同的地方","0","2","2"
"堂宗祀文帝","0","2","2"
"秦朝焚书坑","0","2","2"
"朝焚书坑儒","0","2","2"
"焚书坑儒之","0","2","2"
"书坑儒之后","0","2","2"
"郊祭祀的叫","0","2","2"
"用来配享上","0","2","2"
"当时还没有","0","2","2"
"同称为昊天","0","2","2"
"称为昊天上","0","2","2"
"为昊天上帝","0","2","2"
"皇帝用以配","0","2","2"
"帝用以配享","0","2","2"
"稷来配享上","0","2","2"
"来得及建立","0","2","2"
"二年才开始","0","2","2"
"当时的制度","0","2","2"
"成帝咸和八","0","2","2"
"帝咸和八年","0","2","2"
"是束晋时期","0","2","2"
"在北郊祭祀","0","2","2"
"没有明文规","0","2","2"
"像今天这样","0","2","2"
"郊祀庙祭时","0","2","2"
"郊祀后稷来","0","2","2"
"祀后稷来配","0","2","2"
"堂宗祀文王","0","2","2"
"宗祀文王来","0","2","2"
"祀文王来配","0","2","2"
"文王来配享","0","2","2"
"用文帝配享","0","2","2"
"是不一致的","0","2","2"
"挚虞的意见","0","2","2"
"在明堂祭祀","0","2","2"
"去除五帝的","0","2","2"
"除五帝的神","0","2","2"
"祀天的时候","0","2","2"
"了不同的意","0","2","2"
"五时的颜色","0","2","2"
"其他三个季","0","2","2"
"他三个季节","0","2","2"
"成帝咸和五","0","2","2"
"帝咸和五年","0","2","2"
"和五年六月","0","2","2"
"奏请读秋季","0","2","2"
"中没有这样","0","2","2"
"华恒的提议","0","2","2"
"选择吉日良","0","2","2"
"择吉日良辰","0","2","2"
"到武帝泰始","0","2","2"
"因此古代的","0","2","2"
"此古代的圣","0","2","2"
"百姓的田地","0","2","2"
"从惠帝以后","0","2","2"
"种藉田的制","0","2","2"
"藉田的制度","0","2","2"
"皇帝是否应","0","2","2"
"贺循回答说","0","2","2"
"礼仪中没有","0","2","2"
"方田地上祠","0","2","2"
"田地上祠祭","0","2","2"
"三个季节不","0","2","2"
"行耕种藉田","0","2","2"
"耕种百亩藉","0","2","2"
"种百亩藉田","0","2","2"
"在北郊祭蚕","0","2","2"
"皇后亲自到","0","2","2"
"后夫人亲自","0","2","2"
"依从古代的","0","2","2"
"天子亲自耕","0","2","2"
"现在的情况","0","2","2"
"乘坐以油彩","0","2","2"
"绘的云母安","0","2","2"
"的云母安车","0","2","2"
"公主以下的","0","2","2"
"主以下的人","0","2","2"
"于是下诏说","0","2","2"
"为百姓立社","0","2","2"
"百姓立社庙","0","2","2"
"为自己立社","0","2","2"
"景侯解释说","0","2","2"
"社作为人间","0","2","2"
"作为人间的","0","2","2"
"为人间的社","0","2","2"
"王为各姓立","0","2","2"
"王为自己立","0","2","2"
"祀是国家的","0","2","2"
"说没有二社","0","2","2"
"尚书．召诰","0","2","2"
"什么不可以","0","2","2"
"坛四周的矮","0","2","2"
"四周的矮土","0","2","2"
"周的矮土墙","0","2","2"
"没有提到稷","0","2","2"
"于是就设立","0","2","2"
"是就设立冢","0","2","2"
"就设立冢土","0","2","2"
"四方的诸侯","0","2","2"
"的意见相同","0","2","2"
"有一定的时","0","2","2"
"一定的时候","0","2","2"
"制定礼乐制","0","2","2"
"定礼乐制度","0","2","2"
"绛色裤子和","0","2","2"
"色裤子和袜","0","2","2"
"裤子和袜子","0","2","2"
"戴赤色帧巾","0","2","2"
"以上的官员","0","2","2"
"陈辞来责备","0","2","2"
"辞来责备它","0","2","2"
"的原因有四","0","2","2"
"原因有四种","0","2","2"
"圣人传下的","0","2","2"
"人传下的制","0","2","2"
"传下的制度","0","2","2"
"事先取消朝","0","2","2"
"灾异自行消","0","2","2"
"异自行消失","0","2","2"
"自行消失而","0","2","2"
"行消失而不","0","2","2"
"消失而不发","0","2","2"
"失而不发生","0","2","2"
"元旦的朝会","0","2","2"
"穿素色服装","0","2","2"
"老聃在乡里","0","2","2"
"不能完成礼","0","2","2"
"礼仪的情况","0","2","2"
"而不取消朝","0","2","2"
"不取消朝会","0","2","2"
"可以称得上","0","2","2"
"以称得上是","0","2","2"
"的职责中说","0","2","2"
"职责中说的","0","2","2"
"考察研究了","0","2","2"
"关闭各种属","0","2","2"
"闭各种属性","0","2","2"
"各种属性为","0","2","2"
"太和四年八","0","2","2"
"和四年八月","0","2","2"
"穆帝升平年","0","2","2"
"帝升平年间","0","2","2"
"唐尧虞舜的","0","2","2"
"名山向上天","0","2","2"
"记载在祭祀","0","2","2"
"考察它们的","0","2","2"
"处理这些事","0","2","2"
"有的典章制","0","2","2"
"用颜回配享","0","2","2"
"太子都亲自","0","2","2"
"将祭祀移到","0","2","2"
"一定的制度","0","2","2"
"时的人虽然","0","2","2"
"亲情已经尽","0","2","2"
"情已经尽到","0","2","2"
"已经尽到了","0","2","2"
"经尽到了就","0","2","2"
"到景初元年","0","2","2"
"宏大的基业","0","2","2"
"皇帝承受天","0","2","2"
"文王武王的","0","2","2"
"为文昭皇后","0","2","2"
"三公又上奏","0","2","2"
"觉得不合适","0","2","2"
"从近代以来","0","2","2"
"将神主迁到","0","2","2"
"太孙司马臧","0","2","2"
"拊祭在宗庙","0","2","2"
"祭在宗庙裹","0","2","2"
"上面的武帝","0","2","2"
"府君的神主","0","2","2"
"不亲自奉酒","0","2","2"
"亲自奉酒行","0","2","2"
"自奉酒行礼","0","2","2"
"另外设立祭","0","2","2"
"自己的父亲","0","2","2"
"迁出的神主","0","2","2"
"京兆的神主","0","2","2"
"太祖的上位","0","2","2"
"领司徒蔡谟","0","2","2"
"设在其他的","0","2","2"
"在其他的室","0","2","2"
"其他的室中","0","2","2"
"保存在石室","0","2","2"
"存在石室中","0","2","2"
"的时候就在","0","2","2"
"神主埋在园","0","2","2"
"的礼仪一样","0","2","2"
"就没有理由","0","2","2"
"没有理由放","0","2","2"
"又有什么可","0","2","2"
"京兆的神位","0","2","2"
"兆的神位被","0","2","2"
"的神位被迁","0","2","2"
"上没有不同","0","2","2"
"到中兴以后","0","2","2"
"了南北二郊","0","2","2"
"为三昭三穆","0","2","2"
"的人一定要","0","2","2"
"的目的是使","0","2","2"
"目的是使人","0","2","2"
"太妃郑氏为","0","2","2"
"妃郑氏为简","0","2","2"
"郑氏为简文","0","2","2"
"撤走神位的","0","2","2"
"主持祭祀的","0","2","2"
"到南郊告祭","0","2","2"
"支系的儿子","0","2","2"
"顾念自己的","0","2","2"
"自己的亲情","0","2","2"
"后的继承人","0","2","2"
"认为不可以","0","2","2"
"初一朝会的","0","2","2"
"一朝会的礼","0","2","2"
"掌礼郎唱赞","0","2","2"
"礼郎唱赞皇","0","2","2"
"郎唱赞皇帝","0","2","2"
"藩王臣下某","0","2","2"
"谒者引导他","0","2","2"
"者引导他们","0","2","2"
"放在御座前","0","2","2"
"中二千石以","0","2","2"
"令跪着请求","0","2","2"
"按顺序演奏","0","2","2"
"谒者跪着奏","0","2","2"
"太官令跪着","0","2","2"
"夜间计时器","0","2","2"
"间计时器不","0","2","2"
"白天计时器","0","2","2"
"天计时器到","0","2","2"
"第二年朝见","0","2","2"
"朝见的礼仪","0","2","2"
"史二千石的","0","2","2"
"宴会的礼仪","0","2","2"
"正月初一的","0","2","2"
"帝王没有不","0","2","2"
"皇帝的车驾","0","2","2"
"每件事都办","0","2","2"
"件事都办得","0","2","2"
"现在派使持","0","2","2"
"在派使持节","0","2","2"
"违犯法令的","0","2","2"
"该制定新礼","0","2","2"
"上的事而祭","0","2","2"
"在名山祭天","0","2","2"
"前代的史书","0","2","2"
"排在最前面","0","2","2"
"有文字记载","0","2","2"
"文字记载以","0","2","2"
"字记载以来","0","2","2"
"为后世留下","0","2","2"
"魏继承的是","0","2","2"
"和古代相比","0","2","2"
"自从开天辟","0","2","2"
"漂亮是漂亮","0","2","2"
"天下没有统","0","2","2"
"下没有统一","0","2","2"
"世代相承的","0","2","2"
"又怎能超过","0","2","2"
"前代的记载","0","2","2"
"是自古以来","0","2","2"
"天下建立大","0","2","2"
"下建立大功","0","2","2"
"山向上天报","0","2","2"
"帝又下诏书","0","2","2"
"桓温认为应","0","2","2"
"书仆射江膨","0","2","2"
"事奉亲人的","0","2","2"
"尊贵的地位","0","2","2"
"难道不是因","0","2","2"
"道不是因为","0","2","2"
"表现自己的","0","2","2"
"不能做悼辞","0","2","2"
"能做悼辞歌","0","2","2"
"做悼辞歌颂","0","2","2"
"家训中的话","0","2","2"
"儿子为母亲","0","2","2"
"子为母亲授","0","2","2"
"先代国君的","0","2","2"
"用特殊的礼","0","2","2"
"特殊的礼仪","0","2","2"
"皇后虽然是","0","2","2"
"夫人的名号","0","2","2"
"太常江迪议","0","2","2"
"常江迪议论","0","2","2"
"江迪议论说","0","2","2"
"的规矩办有","0","2","2"
"规矩办有损","0","2","2"
"矩办有损于","0","2","2"
"魏的先例是","0","2","2"
"兼有臣和子","0","2","2"
"朝廷大臣都","0","2","2"
"来得及改革","0","2","2"
"尚书令卞壹","0","2","2"
"像对国君一","0","2","2"
"对国君一样","0","2","2"
"我认为皇太","0","2","2"
"认为皇太子","0","2","2"
"领国子博士","0","2","2"
"朝廷上的议","0","2","2"
"廷上的议论","0","2","2"
"两位王的后","0","2","2"
"位王的后人","0","2","2"
"博士庾弘之","0","2","2"
"的情况不一","0","2","2"
"情况不一样","0","2","2"
"音乐的制度","0","2","2"
"是对事情恭","0","2","2"
"对事情恭敬","0","2","2"
"宴会上有音","0","2","2"
"会上有音乐","0","2","2"
"礼没有不回","0","2","2"
"没有不回敬","0","2","2"
"有不回敬的","0","2","2"
"五礼的区分","0","2","2"
"公卿以下的","0","2","2"
"大规模检阅","0","2","2"
"书命令内外","0","2","2"
"由此而产生","0","2","2"
"派遣使者为","0","2","2"
"为太子加冠","0","2","2"
"在宗庙的仪","0","2","2"
"宗庙的仪式","0","2","2"
"帝将行冠礼","0","2","2"
"皮毛马匹作","0","2","2"
"毛马匹作为","0","2","2"
"马匹作为陈","0","2","2"
"匹作为陈列","0","2","2"
"天子加上谷","0","2","2"
"子加上谷珪","0","2","2"
"诸侯加上大","0","2","2"
"侯加上大璋","0","2","2"
"公主出嫁的","0","2","2"
"主出嫁的礼","0","2","2"
"遣留下来的","0","2","2"
"惠帝娶皇后","0","2","2"
"后的牌位进","0","2","2"
"的牌位进入","0","2","2"
"牌位进入宗","0","2","2"
"位进入宗庙","0","2","2"
"没有哪个帝","0","2","2"
"有哪个帝王","0","2","2"
"三天不奏乐","0","2","2"
"来供奉天地","0","2","2"
"供奉天地宗","0","2","2"
"一切依照旧","0","2","2"
"派使持节太","0","2","2"
"节太常彪之","0","2","2"
"散骑侍郎何","0","2","2"
"骑侍郎何准","0","2","2"
"侍郎何准的","0","2","2"
"郎何准的遣","0","2","2"
"何准的遣女","0","2","2"
"恭敬肃穆地","0","2","2"
"敬肃穆地遵","0","2","2"
"肃穆地遵守","0","2","2"
"穆地遵守典","0","2","2"
"地遵守典章","0","2","2"
"遵守典章制","0","2","2"
"守典章制度","0","2","2"
"今天派使持","0","2","2"
"天派使持节","0","2","2"
"皇帝美好的","0","2","2"
"帝美好的命","0","2","2"
"的光禄大夫","0","2","2"
"恭敬地依从","0","2","2"
"宣读宫内诏","0","2","2"
"读宫内诏书","0","2","2"
"准备了礼物","0","2","2"
"酒米各十二","0","2","2"
"米各十二斛","0","2","2"
"婚礼不奏乐","0","2","2"
"子罕去晋国","0","2","2"
"向夫人贺喜","0","2","2"
"忌讳的月份","0","2","2"
"子是国家的","0","2","2"
"是国家的储","0","2","2"
"国家的储君","0","2","2"
"天下共同庆","0","2","2"
"红黑色丝帛","0","2","2"
"派使持节兼","0","2","2"
"行乡饮酒的","0","2","2"
"乡饮酒的礼","0","2","2"
"饮酒的礼仪","0","2","2"
"祭拜先圣先","0","2","2"
"拜先圣先师","0","2","2"
"到愍怀太子","0","2","2"
"有关官吏议","0","2","2"
"关官吏议论","0","2","2"
"中选取六十","0","2","2"
"选取六十人","0","2","2"
"在天泉池聚","0","2","2"
"天泉池聚会","0","2","2"
"下诏书禁止","0","2","2"
"不知为什么","0","2","2"
"知为什么就","0","2","2"
"为什么就会","0","2","2"
"人能弘扬道","0","2","2"
"不是道弘扬","0","2","2"
"是道弘扬人","0","2","2"
"典雅的音乐","0","2","2"
"没有遗留下","0","2","2"
"有遗留下来","0","2","2"
"和谐的声音","0","2","2"
"之类的礼仪","0","2","2"
"武皇帝采用","0","2","2"
"用来调声韵","0","2","2"
"月的辰名叫","0","2","2"
"说的是遣时","0","2","2"
"的是遣时万","0","2","2"
"是遣时万物","0","2","2"
"是说这时万","0","2","2"
"说这时万物","0","2","2"
"这时万物都","0","2","2"
"二月的管名","0","2","2"
"的管名字叫","0","2","2"
"担任军谋祭","0","2","2"
"任军谋祭酒","0","2","2"
"武帝承受天","0","2","2"
"开始的时候","0","2","2"
"总是按时来","0","2","2"
"是按时来到","0","2","2"
"天神和地祇","0","2","2"
"伟大的天神","0","2","2"
"地事奉上皇","0","2","2"
"神们的体态","0","2","2"
"神们来临了","0","2","2"
"大家共同欢","0","2","2"
"家共同欢乐","0","2","2"
"润泽万物的","0","2","2"
"万物的云彩","0","2","2"
"各种乐器的","0","2","2"
"种乐器的声","0","2","2"
"乐器的声音","0","2","2"
"难以看出来","0","2","2"
"伟大的先祖","0","2","2"
"圣明的德行","0","2","2"
"作为祭祀的","0","2","2"
"济济一堂的","0","2","2"
"清酒已经斟","0","2","2"
"神灵都很快","0","2","2"
"灵都很快乐","0","2","2"
"都很快乐啊","0","2","2"
"很快乐啊!","0","2","2"
"快乐啊!恭","0","2","2"
"乐啊!恭恭","0","2","2"
"啊!恭恭敬","0","2","2"
"!恭恭敬敬","0","2","2"
"魏太和年间","0","2","2"
"用左延年所","0","2","2"
"左延年所改","0","2","2"
"延年所改编","0","2","2"
"年所改编的","0","2","2"
"没有可取的","0","2","2"
"三个字一句","0","2","2"
"四个字一句","0","2","2"
"五个字一句","0","2","2"
"有什么改变","0","2","2"
"美好的宾客","0","2","2"
"圣明的皇帝","0","2","2"
"的皇帝长寿","0","2","2"
"皇帝设立明","0","2","2"
"帝设立明堂","0","2","2"
"设立明堂四","0","2","2"
"立明堂四门","0","2","2"
"从前我们的","0","2","2"
"恭谨宣扬五","0","2","2"
"谨宣扬五典","0","2","2"
"美好的教化","0","2","2"
"一个人有了","0","2","2"
"勤勉不倦的","0","2","2"
"在荒远的地","0","2","2"
"远大的业绩","0","2","2"
"教化影响到","0","2","2"
"上奏请求让","0","2","2"
"的人称他为","0","2","2"
"和宗庙祭祀","0","2","2"
"祖宗的庙号","0","2","2"
"时运多艰难","0","2","2"
"袁绍于官渡","0","2","2"
"抵御诸葛亮","0","2","2"
"时以行杀伐","0","2","2"
"总政统百揆","0","2","2"
"极尊登帝位","0","2","2"
"关东有贤女","0","2","2"
"章和二年中","0","2","2"
"为司徒左长","0","2","2"
"手接杯盘而","0","2","2"
"年元旦朝会","0","2","2"
"不变的道理","0","2","2"
"的就是这个","0","2","2"
"有一定的标","0","2","2"
"一定的标准","0","2","2"
"的人服饰就","0","2","2"
"人服饰就更","0","2","2"
"服饰就更加","0","2","2"
"代帝王的座","0","2","2"
"帝王的座车","0","2","2"
"有不同的规","0","2","2"
"都有不同的","0","2","2"
"就是人们所","0","2","2"
"是人们所说","0","2","2"
"人们所说的","0","2","2"
"帝乘坐的车","0","2","2"
"有雄才大略","0","2","2"
"宠幸的姬妾","0","2","2"
"魏明帝认为","0","2","2"
"自己的政权","0","2","2"
"帝听从了他","0","2","2"
"祖武皇帝承","0","2","2"
"武皇帝承接","0","2","2"
"是朱斑漆的","0","2","2"
"用黄金做成","0","2","2"
"装饰着金花","0","2","2"
"指油漆了的","0","2","2"
"格树的是大","0","2","2"
"辖树的是大","0","2","2"
"着搭乘的叫","0","2","2"
"搭乘的叫做","0","2","2"
"天子乘坐的","0","2","2"
"和车的颜色","0","2","2"
"车的颜色一","0","2","2"
"黄色在中间","0","2","2"
"白色黑色在","0","2","2"
"色黑色在右","0","2","2"
"在牛背上竖","0","2","2"
"牛背上竖起","0","2","2"
"背上竖起旗","0","2","2"
"上竖起旗帜","0","2","2"
"出行时就派","0","2","2"
"行时就派人","0","2","2"
"时就派人用","0","2","2"
"就派人用车","0","2","2"
"之所以用牛","0","2","2"
"是取它能够","0","2","2"
"取它能够负","0","2","2"
"它能够负重","0","2","2"
"能够负重走","0","2","2"
"够负重走远","0","2","2"
"负重走远道","0","2","2"
"重走远道而","0","2","2"
"走远道而且","0","2","2"
"远道而且安","0","2","2"
"道而且安稳","0","2","2"
"是所谓的有","0","2","2"
"旌旗的意思","0","2","2"
"下部仍然是","0","2","2"
"时乘坐的车","0","2","2"
"分列在左右","0","2","2"
"都用牛驾车","0","2","2"
"有鼓吹一组","0","2","2"
"分左右两边","0","2","2"
"次是河南主","0","2","2"
"部河南从事","0","2","2"
"次是司隶主","0","2","2"
"掾位于左侧","0","2","2"
"功曹史位于","0","2","2"
"曹史位于右","0","2","2"
"史位于右侧","0","2","2"
"导和随从与","0","2","2"
"和随从与廷","0","2","2"
"随从与廷尉","0","2","2"
"从与廷尉的","0","2","2"
"与廷尉的一","0","2","2"
"廷尉的一样","0","2","2"
"其次是太尉","0","2","2"
"校尉在左侧","0","2","2"
"执戟檐的在","0","2","2"
"戟檐的在外","0","2","2"
"檐的在外侧","0","2","2"
"鼓吹各一组","0","2","2"
"都是左右各","0","2","2"
"是左右各有","0","2","2"
"每队各有五","0","2","2"
"队各有五十","0","2","2"
"各有五十匹","0","2","2"
"其次是黄门","0","2","2"
"右各有四行","0","2","2"
"夹在左右两","0","2","2"
"其次是御史","0","2","2"
"管理前后队","0","2","2"
"理前后队伍","0","2","2"
"前后队伍而","0","2","2"
"后队伍而没","0","2","2"
"队伍而没有","0","2","2"
"伍而没有固","0","2","2"
"而没有固定","0","2","2"
"是殿中御史","0","2","2"
"其次是殿中","0","2","2"
"其次是金根","0","2","2"
"次是金根车","0","2","2"
"军将军骑马","0","2","2"
"将军骑马在","0","2","2"
"书监骑马在","0","2","2"
"监骑马在右","0","2","2"
"左右各有腓","0","2","2"
"右各有腓马","0","2","2"
"鹿的形象装","0","2","2"
"象装饰车轼","0","2","2"
"五末都涂金","0","2","2"
"色车盖的车","0","2","2"
"中有功勋德","0","2","2"
"有功勋德行","0","2","2"
"功勋德行的","0","2","2"
"勋德行的才","0","2","2"
"德行的才被","0","2","2"
"行的才被特","0","2","2"
"的才被特别","0","2","2"
"才被特别授","0","2","2"
"被特别授予","0","2","2"
"的黑耳安车","0","2","2"
"安车各一乘","0","2","2"
"都是皂色车","0","2","2"
"出行乘坐安","0","2","2"
"行乘坐安车","0","2","2"
"上画着云纹","0","2","2"
"画着云纹及","0","2","2"
"着云纹及鹿","0","2","2"
"云纹及鹿头","0","2","2"
"纹及鹿头龙","0","2","2"
"及鹿头龙纹","0","2","2"
"上装饰着金","0","2","2"
"女子十二人","0","2","2"
"用紫绛厨耕","0","2","2"
"彩涂绘的安","0","2","2"
"涂绘的安车","0","2","2"
"乘皂交路安","0","2","2"
"皂交路安车","0","2","2"
"二千石的夫","0","2","2"
"千石的夫人","0","2","2"
"各自乘坐丈","0","2","2"
"自乘坐丈夫","0","2","2"
"乘坐丈夫的","0","2","2"
"天子亲自出","0","2","2"
"子亲自出征","0","2","2"
"车乘冠服制","0","2","2"
"乘冠服制度","0","2","2"
"冠服制度采","0","2","2"
"服制度采纳","0","2","2"
"戴黑色介帧","0","2","2"
"长一尺二寸","0","2","2"
"丝带做缨子","0","2","2"
"色装饰领子","0","2","2"
"装饰领子和","0","2","2"
"饰领子和袖","0","2","2"
"领子和袖子","0","2","2"
"子和袖子的","0","2","2"
"和袖子的边","0","2","2"
"袖子的边缘","0","2","2"
"如果是释奠","0","2","2"
"边缘的中衣","0","2","2"
"妇女的装饰","0","2","2"
"是秦代的制","0","2","2"
"秦代的制度","0","2","2"
"用铁做卷梁","0","2","2"
"有山形装饰","0","2","2"
"常戴这种冠","0","2","2"
"和绶带的颜","0","2","2"
"绶带的颜色","0","2","2"
"太子和王的","0","2","2"
"子和王的继","0","2","2"
"和王的继承","0","2","2"
"王的继承人","0","2","2"
"有一种上面","0","2","2"
"国国君的冠","0","2","2"
"国君的冠赐","0","2","2"
"君的冠赐给","0","2","2"
"远方的人来","0","2","2"
"方的人来归","0","2","2"
"用铁做柱卷","0","2","2"
"的人是谁?","0","2","2"
"用有漆的绳","0","2","2"
"有漆的绳纱","0","2","2"
"救食的时候","0","2","2"
"卫士都戴它","0","2","2"
"就是所谓夏","0","2","2"
"冠时应该用","0","2","2"
"根据不同的","0","2","2"
"是为了表示","0","2","2"
"文武官员都","0","2","2"
"斩白蛇的剑","0","2","2"
"主事的官员","0","2","2"
"是古代的制","0","2","2"
"用的金玺有","0","2","2"
"的金玺有龟","0","2","2"
"金玺有龟形","0","2","2"
"玺有龟形钮","0","2","2"
"佩的是瑜玉","0","2","2"
"三梁的进贤","0","2","2"
"边缘的中单","0","2","2"
"两种颜色的","0","2","2"
"戴介帧穿单","0","2","2"
"介帧穿单衣","0","2","2"
"佩的是山玄","0","2","2"
"的是山玄玉","0","2","2"
"用银印青绶","0","2","2"
"用七朵金花","0","2","2"
"七朵金花遮","0","2","2"
"朵金花遮蔽","0","2","2"
"金花遮蔽发","0","2","2"
"花遮蔽发髻","0","2","2"
"色绢制的上","0","2","2"
"绢制的上下","0","2","2"
"制的上下裳","0","2","2"
"他们的事业","0","2","2"
"儿出现时要","0","2","2"
"认真地告知","0","2","2"
"真地告知人","0","2","2"
"地告知人们","0","2","2"
"告知人们时","0","2","2"
"知人们时令","0","2","2"
"人们时令的","0","2","2"
"们时令的变","0","2","2"
"时令的变迁","0","2","2"
"顺应天时地","0","2","2"
"应天时地利","0","2","2"
"武帝宽厚仁","0","2","2"
"帝宽厚仁慈","0","2","2"
"识的人指责","0","2","2"
"的人指责说","0","2","2"
"武帝的时候","0","2","2"
"到许都附近","0","2","2"
"许都附近屯","0","2","2"
"都附近屯田","0","2","2"
"停用五铢钱","0","2","2"
"天下还没有","0","2","2"
"下还没有统","0","2","2"
"还没有统一","0","2","2"
"人吃人的现","0","2","2"
"吃人的现象","0","2","2"
"人的现象多","0","2","2"
"的现象多有","0","2","2"
"现象多有发","0","2","2"
"象多有发生","0","2","2"
"打败黄巾军","0","2","2"
"像过去那样","0","2","2"
"国家的用度","0","2","2"
"仓库裹满满","0","2","2"
"库裹满满的","0","2","2"
"收获的粮食","0","2","2"
"种地一边防","0","2","2"
"地一边防守","0","2","2"
"心从事农业","0","2","2"
"州郡的农桑","0","2","2"
"设有关官员","0","2","2"
"每天供给的","0","2","2"
"没有用处的","0","2","2"
"十万斛粮食","0","2","2"
"都督和度支","0","2","2"
"所以有很多","0","2","2"
"微小的迹象","0","2","2"
"根本的道理","0","2","2"
"的道理是很","0","2","2"
"到平定吴国","0","2","2"
"平定吴国以","0","2","2"
"定吴国以后","0","2","2"
"应当让他们","0","2","2"
"的王国给十","0","2","2"
"十六岁以上","0","2","2"
"岁以上到六","0","2","2"
"以上到六十","0","2","2"
"第七品的二","0","2","2"
"牛马的毛都","0","2","2"
"被强盗杀害","0","2","2"
"打开仓廪赈","0","2","2"
"开仓廪赈济","0","2","2"
"派遣黄门侍","0","2","2"
"是很难的吗","0","2","2"
"很难的吗!","0","2","2"
"都得到好处","0","2","2"
"如今各军已","0","2","2"
"武帝太元二","0","2","2"
"帝太元二年","0","2","2"
"光武帝中兴","0","2","2"
"使国家富强","0","2","2"
"天下人认为","0","2","2"
"用布帛作为","0","2","2"
"布帛作为租","0","2","2"
"之间的道义","0","2","2"
"就是国家的","0","2","2"
"用粮食布帛","0","2","2"
"谷子被使用","0","2","2"
"子被使用已","0","2","2"
"被使用已经","0","2","2"
"使用已经很","0","2","2"
"用已经很久","0","2","2"
"也不能禁止","0","2","2"
"不衹是使国","0","2","2"
"衹是使国家","0","2","2"
"是使国家丰","0","2","2"
"使国家丰足","0","2","2"
"它是可以的","0","2","2"
"自己去生产","0","2","2"
"之所以不再","0","2","2"
"认为应该恢","0","2","2"
"为应该恢复","0","2","2"
"有不同的意","0","2","2"
"用谷子布帛","0","2","2"
"使他们有了","0","2","2"
"当时有名的","0","2","2"
"治理国家的","0","2","2"
"不务正业的","0","2","2"
"拯救时弊的","0","2","2"
"有很多不同","0","2","2"
"的征兆显现","0","2","2"
"是甲兵的象","0","2","2"
"甲兵的象征","0","2","2"
"帝左五十四","0","2","2"
"左五十四年","0","2","2"
"第二年二月","0","2","2"
"部边境统帅","0","2","2"
"诸葛恪征讨","0","2","2"
"葛恪征讨淮","0","2","2"
"恪征讨淮南","0","2","2"
"所以木失去","0","2","2"
"是木不曲直","0","2","2"
"旗旗杆就折","0","2","2"
"旗杆就折断","0","2","2"
"木失去本性","0","2","2"
"魏明帝问高","0","2","2"
"明帝问高堂","0","2","2"
"有迁都的想","0","2","2"
"迁都的想法","0","2","2"
"功臣的惩罚","0","2","2"
"私下裹为陛","0","2","2"
"下裹为陛下","0","2","2"
"裹为陛下担","0","2","2"
"为陛下担忧","0","2","2"
"陛下担忧此","0","2","2"
"下担忧此事","0","2","2"
"军需仓库失","0","2","2"
"需仓库失火","0","2","2"
"没有在位上","0","2","2"
"有在位上善","0","2","2"
"在位上善终","0","2","2"
"阳气失去节","0","2","2"
"气失去节制","0","2","2"
"王敦镇守武","0","2","2"
"敦镇守武昌","0","2","2"
"这时王敦侵","0","2","2"
"人们心怀忧","0","2","2"
"们心怀忧虑","0","2","2"
"心怀忧虑恐","0","2","2"
"怀忧虑恐惧","0","2","2"
"刺史吴隐之","0","2","2"
"的有一万多","0","2","2"
"没有水旱灾","0","2","2"
"吴人认为是","0","2","2"
"这是金失去","0","2","2"
"是金失去其","0","2","2"
"的占卜相同","0","2","2"
"说话的东西","0","2","2"
"看不到脑袋","0","2","2"
"所在的地方","0","2","2"
"帝义熙初年","0","2","2"
"是圣明君王","0","2","2"
"就是水不顺","0","2","2"
"是水不顺下","0","2","2"
"宗庙荒废祭","0","2","2"
"庙荒废祭祀","0","2","2"
"荒废祭祀的","0","2","2"
"废祭祀的惩","0","2","2"
"也没有见到","0","2","2"
"年四月去世","0","2","2"
"没有一年不","0","2","2"
"降雨连绵不","0","2","2"
"水泉喷涌涨","0","2","2"
"泉喷涌涨溢","0","2","2"
"大雨连绵不","0","2","2"
"淹死二百多","0","2","2"
"死二百多人","0","2","2"
"死一百多人","0","2","2"
"阴盛的应兆","0","2","2"
"时平定吴国","0","2","2"
"平定吴国后","0","2","2"
"扬二州发大","0","2","2"
"后扰乱朝政","0","2","2"
"宠信任用买","0","2","2"
"阴气盛的应","0","2","2"
"气盛的应兆","0","2","2"
"帝时有这样","0","2","2"
"时有这样的","0","2","2"
"王司马同专","0","2","2"
"寿春发大水","0","2","2"
"这时继位的","0","2","2"
"时继位的君","0","2","2"
"继位的君王","0","2","2"
"共同讨伐他","0","2","2"
"不能亲自处","0","2","2"
"能亲自处理","0","2","2"
"远近的人都","0","2","2"
"和六年六月","0","2","2"
"这是百姓忧","0","2","2"
"是百姓忧愁","0","2","2"
"这时孝武帝","0","2","2"
"这是忧愁怨","0","2","2"
"是忧愁怨愤","0","2","2"
"有很多人死","0","2","2"
"两次攻打京","0","2","2"
"殷仲堪起兵","0","2","2"
"没有像这样","0","2","2"
"帝的军队北","0","2","2"
"其惩罚是连","0","2","2"
"惩罚是连续","0","2","2"
"有下肢长在","0","2","2"
"下肢长在上","0","2","2"
"之类称之为","0","2","2"
"损伤就会导","0","2","2"
"伤就会导致","0","2","2"
"有损害会常","0","2","2"
"形貌的不恭","0","2","2"
"有二胡之乱","0","2","2"
"多次进入束","0","2","2"
"次进入束宫","0","2","2"
"是形貌不恭","0","2","2"
"形貌不恭的","0","2","2"
"司马道子在","0","2","2"
"是持续降雨","0","2","2"
"持续降雨的","0","2","2"
"续降雨的惩","0","2","2"
"降雨的惩罚","0","2","2"
"持续寒冷的","0","2","2"
"续寒冷的惩","0","2","2"
"寒冷的惩罚","0","2","2"
"伤害了秋庄","0","2","2"
"害了秋庄稼","0","2","2"
"降雨发大水","0","2","2"
"成帝咸和四","0","2","2"
"帝咸和四年","0","2","2"
"不是国家的","0","2","2"
"离开了王室","0","2","2"
"终于失去了","0","2","2"
"于失去了天","0","2","2"
"反而认为是","0","2","2"
"服饰的妖异","0","2","2"
"穿妇人的衣","0","2","2"
"妇人的衣服","0","2","2"
"下蒙蔽上的","0","2","2"
"是内出到外","0","2","2"
"到永嘉末年","0","2","2"
"贾后专权的","0","2","2"
"而上下反复","0","2","2"
"王敦侵凌君","0","2","2"
"敦侵凌君王","0","2","2"
"桓玄篡位自","0","2","2"
"玄篡位自立","0","2","2"
"不呜叫不争","0","2","2"
"呜叫不争斗","0","2","2"
"坠落坑中死","0","2","2"
"鸡出生没有","0","2","2"
"买后陷害杀","0","2","2"
"后陷害杀死","0","2","2"
"有母鸡变为","0","2","2"
"母鸡变为公","0","2","2"
"瑟盛认为是","0","2","2"
"持续大风的","0","2","2"
"续大风的惩","0","2","2"
"大风的惩罚","0","2","2"
"这是金克木","0","2","2"
"无故自行毁","0","2","2"
"故自行毁坏","0","2","2"
"其罪责是僭","0","2","2"
"其惩罚是久","0","2","2"
"惩罚是久晴","0","2","2"
"罚是久晴不","0","2","2"
"有甲虫的妖","0","2","2"
"有口舌怪病","0","2","2"
"有白灾白祥","0","2","2"
"所以其罪责","0","2","2"
"以其罪责是","0","2","2"
"所以有犬祸","0","2","2"
"毛虫的妖孽","0","2","2"
"蜀国果然灭","0","2","2"
"国果然灭亡","0","2","2"
"如今可以说","0","2","2"
"今可以说是","0","2","2"
"有关官员奏","0","2","2"
"关官员奏请","0","2","2"
"在金墉城废","0","2","2"
"亢奋的阳气","0","2","2"
"从去年冬季","0","2","2"
"去年冬季十","0","2","2"
"月到这个月","0","2","2"
"到这个月没","0","2","2"
"这个月没有","0","2","2"
"德的人不受","0","2","2"
"上下都受蒙","0","2","2"
"下都受蒙蔽","0","2","2"
"将领官吏的","0","2","2"
"三个郡国大","0","2","2"
"自从太康以","0","2","2"
"从太康以后","0","2","2"
"司马越返回","0","2","2"
"是对僭越的","0","2","2"
"对僭越的惩","0","2","2"
"又是其应兆","0","2","2"
"是舒缓的应","0","2","2"
"舒缓的应兆","0","2","2"
"力控制朝廷","0","2","2"
"继位的君主","0","2","2"
"位的君主年","0","2","2"
"就像童谣所","0","2","2"
"吴国被平定","0","2","2"
"年平定吴国","0","2","2"
"等到杨骏居","0","2","2"
"愍帝投降刘","0","2","2"
"帝投降刘曜","0","2","2"
"訇如白坑破","0","2","2"
"合集持作甑","0","2","2"
"的五行之色","0","2","2"
"像歌谣所说","0","2","2"
"阿子你听到","0","2","2"
"子你听到否","0","2","2"
"等到海西公","0","2","2"
"到海西公被","0","2","2"
"西公被废黜","0","2","2"
"作为自己的","0","2","2"
"大佛来上明","0","2","2"
"起兵杀王国","0","2","2"
"兵杀王国宝","0","2","2"
"今年食麦麸","0","2","2"
"不久后桓玄","0","2","2"
"所说的日期","0","2","2"
"芦生不止自","0","2","2"
"生不止自成","0","2","2"
"不止自成积","0","2","2"
"又有歌谣说","0","2","2"
"被姚苌所杀","0","2","2"
"就会受到损","0","2","2"
"会受到损害","0","2","2"
"在前面出现","0","2","2"
"认为是吉祥","0","2","2"
"听到地底下","0","2","2"
"到地底下有","0","2","2"
"是它的应兆","0","2","2"
"有两只犬崽","0","2","2"
"后桓玄失败","0","2","2"
"年皇帝去世","0","2","2"
"像人一样站","0","2","2"
"人一样站立","0","2","2"
"王司马同发","0","2","2"
"地上长出毛","0","2","2"
"武将文臣都","0","2","2"
"没有安宁的","0","2","2"
"求子神庙的","0","2","2"
"察看而不明","0","2","2"
"这叫做不哲","0","2","2"
"其惩罚是长","0","2","2"
"有赤眚赤祥","0","2","2"
"表现在声音","0","2","2"
"刚而包含柔","0","2","2"
"觉有损伤的","0","2","2"
"是持久炎热","0","2","2"
"臣子安于俸","0","2","2"
"子安于俸禄","0","2","2"
"像麦子一样","0","2","2"
"亮和太保卫","0","2","2"
"居大臣之位","0","2","2"
"与愍怀太子","0","2","2"
"时孝武帝年","0","2","2"
"宫室没有建","0","2","2"
"室没有建成","0","2","2"
"是羽虫妖孽","0","2","2"
"因此改年号","0","2","2"
"司马伦派人","0","2","2"
"又是黑色征","0","2","2"
"是黑色征祥","0","2","2"
"是五行的金","0","2","2"
"五行的金行","0","2","2"
"色像血一样","0","2","2"
"有邪恶之心","0","2","2"
"其罪责是急","0","2","2"
"有耳朵怪病","0","2","2"
"有黑色灾异","0","2","2"
"黑色灾异黑","0","2","2"
"色灾异黑色","0","2","2"
"灾异黑色征","0","2","2"
"异黑色征祥","0","2","2"
"寒冷的年份","0","2","2"
"诛杀这叫作","0","2","2"
"的应兆相同","0","2","2"
"的征兆相同","0","2","2"
"帝听信谗言","0","2","2"
"平地有三尺","0","2","2"
"地有三尺深","0","2","2"
"孙权听信谗","0","2","2"
"权听信谗言","0","2","2"
"伤害秋庄稼","0","2","2"
"荣阳下冰雹","0","2","2"
"一百二十多","0","2","2"
"上党下冰雹","0","2","2"
"京都有大风","0","2","2"
"丹杨建邺下","0","2","2"
"月初一甲申","0","2","2"
"听而不合的","0","2","2"
"成都有大风","0","2","2"
"都有大风冰","0","2","2"
"政权由将相","0","2","2"
"权由将相掌","0","2","2"
"年十二月初","0","2","2"
"所说的相同","0","2","2"
"有大雨雷电","0","2","2"
"雷电击中太","0","2","2"
"月初一辛卯","0","2","2"
"所以上天雷","0","2","2"
"以上天雷击","0","2","2"
"这是对听而","0","2","2"
"对听而不闻","0","2","2"
"听而不闻的","0","2","2"
"而不闻的惩","0","2","2"
"不闻的惩罚","0","2","2"
"后石季龙死","0","2","2"
"五年三月初","0","2","2"
"三月初一己","0","2","2"
"月初一己酉","0","2","2"
"有像打雷一","0","2","2"
"两次出现在","0","2","2"
"所以有这样","0","2","2"
"以有这样的","0","2","2"
"这样的妖孽","0","2","2"
"当时有见识","0","2","2"
"时有见识的","0","2","2"
"的人的惩罚","0","2","2"
"红得像血一","0","2","2"
"得像血一样","0","2","2"
"其灾祸是天","0","2","2"
"灾祸是天气","0","2","2"
"祸是天气昏","0","2","2"
"是天气昏暗","0","2","2"
"罚是持续有","0","2","2"
"是持续有风","0","2","2"
"有脂夜之妖","0","2","2"
"有心腹的怪","0","2","2"
"心腹的怪病","0","2","2"
"有黄色灾异","0","2","2"
"黄色灾异黄","0","2","2"
"色灾异黄色","0","2","2"
"灾异黄色征","0","2","2"
"异黄色征祥","0","2","2"
"时或有金木","0","2","2"
"或有金木水","0","2","2"
"有金木水火","0","2","2"
"翻房屋折毁","0","2","2"
"房屋折毁树","0","2","2"
"屋折毁树木","0","2","2"
"正月初一壬","0","2","2"
"月初一壬辰","0","2","2"
"翻房屋折断","0","2","2"
"后来过了十","0","2","2"
"诸侯不来朝","0","2","2"
"侯不来朝觐","0","2","2"
"月初一甲子","0","2","2"
"幽禁在许昌","0","2","2"
"有大风雷电","0","2","2"
"折断树木吹","0","2","2"
"断树木吹飞","0","2","2"
"吹倒房屋折","0","2","2"
"倒房屋折断","0","2","2"
"闰三月初一","0","2","2"
"诸侯违抗朝","0","2","2"
"贵乡公正五","0","2","2"
"帝流亡在平","0","2","2"
"流亡在平阳","0","2","2"
"不贬退无德","0","2","2"
"贬退无德的","0","2","2"
"退无德的人","0","2","2"
"青虫吃掉禾","0","2","2"
"虫吃掉禾苗","0","2","2"
"郡国有螟虫","0","2","2"
"两个头八只","0","2","2"
"个头八只脚","0","2","2"
"郊祀的牛死","0","2","2"
"所任用的人","0","2","2"
"江东接连地","0","2","2"
"东接连地震","0","2","2"
"专擅朝政的","0","2","2"
"擅朝政的应","0","2","2"
"不深思它的","0","2","2"
"秩序出现了","0","2","2"
"序出现了差","0","2","2"
"出现了差错","0","2","2"
"买后扰乱朝","0","2","2"
"当时齐王司","0","2","2"
"派散骑常侍","0","2","2"
"柱子陷入地","0","2","2"
"子陷入地下","0","2","2"
"叫做不能建","0","2","2"
"做不能建立","0","2","2"
"惩罚是长久","0","2","2"
"没有一个人","0","2","2"
"长时间阴天","0","2","2"
"树叶堵住伤","0","2","2"
"一会儿就死","0","2","2"
"会儿就死了","0","2","2"
"为琅邪王时","0","2","2"
"困在水井中","0","2","2"
"黄龙出现在","0","2","2"
"龙出现在软","0","2","2"
"出现在软县","0","2","2"
"现在软县的","0","2","2"
"在软县的水","0","2","2"
"软县的水井","0","2","2"
"县境内的井","0","2","2"
"境内的井中","0","2","2"
"的水井中出","0","2","2"
"水井中出现","0","2","2"
"有什么关系","0","2","2"
"什么关系!","0","2","2"
"在齐王司马","0","2","2"
"国家的功勋","0","2","2"
"帝太宁初年","0","2","2"
"照刘向的说","0","2","2"
"皇太子将要","0","2","2"
"廷尉的讯堂","0","2","2"
"皇帝也沦入","0","2","2"
"帝也沦入敌","0","2","2"
"也沦入敌手","0","2","2"
"挖开坟墓打","0","2","2"
"开坟墓打开","0","2","2"
"坟墓打开棺","0","2","2"
"墓打开棺材","0","2","2"
"下人变为上","0","2","2"
"逐渐变为男","0","2","2"
"齐王司马闻","0","2","2"
"不寻常的事","0","2","2"
"有男女两种","0","2","2"
"男女两种生","0","2","2"
"女两种生殖","0","2","2"
"两种生殖器","0","2","2"
"不是人所遇","0","2","2"
"是人所遇到","0","2","2"
"人所遇到过","0","2","2"
"所遇到过的","0","2","2"
"生了两个女","0","2","2"
"了两个女儿","0","2","2"
"母亲的仪范","0","2","2"
"来治理天下","0","2","2"
"显示出它的","0","2","2"
"于是命令有","0","2","2"
"是命令有关","0","2","2"
"命令有关官","0","2","2"
"用流放的办","0","2","2"
"流放的办法","0","2","2"
"放的办法宽","0","2","2"
"的办法宽恕","0","2","2"
"办法宽恕犯","0","2","2"
"法宽恕犯了","0","2","2"
"宽恕犯了五","0","2","2"
"恕犯了五刑","0","2","2"
"犯了五刑的","0","2","2"
"了五刑的人","0","2","2"
"舜命令皋陶","0","2","2"
"赦是赦免年","0","2","2"
"非作歹的人","0","2","2"
"原有的典章","0","2","2"
"减轻本该处","0","2","2"
"斩首刑罚的","0","2","2"
"首刑罚的法","0","2","2"
"那些不好的","0","2","2"
"不是圣明君","0","2","2"
"今天的事情","0","2","2"
"我最大的愿","0","2","2"
"死罪二百种","0","2","2"
"汉朝建立以","0","2","2"
"又上疏请求","0","2","2"
"其中的二十","0","2","2"
"过去的做法","0","2","2"
"有一千八百","0","2","2"
"未必不是因","0","2","2"
"必不是因为","0","2","2"
"不是因为这","0","2","2"
"司徒王朗的","0","2","2"
"免于连坐的","0","2","2"
"不检举揭发","0","2","2"
"检举揭发的","0","2","2"
"按赎罪论处","0","2","2"
"是用来阻止","0","2","2"
"诬告别人谋","0","2","2"
"告别人谋反","0","2","2"
"是这个样子","0","2","2"
"在正始年间","0","2","2"
"他儿子母丘","0","2","2"
"儿子母丘甸","0","2","2"
"子母丘甸的","0","2","2"
"母丘甸的妻","0","2","2"
"丘甸的妻子","0","2","2"
"氏所生的女","0","2","2"
"所生的女儿","0","2","2"
"是颖川太守","0","2","2"
"颖川太守刘","0","2","2"
"守刘子元的","0","2","2"
"刘子元的妻","0","2","2"
"子元的妻子","0","2","2"
"来赎母丘芝","0","2","2"
"赎母丘芝的","0","2","2"
"经出嫁的女","0","2","2"
"虽然经过了","0","2","2"
"叔孙通因为","0","2","2"
"孙通因为制","0","2","2"
"通因为制定","0","2","2"
"其中的道理","0","2","2"
"罪名呵责为","0","2","2"
"威势得到财","0","2","2"
"势得到财物","0","2","2"
"是依照事实","0","2","2"
"这个东西是","0","2","2"
"不能用一种","0","2","2"
"臣下私下认","0","2","2"
"下私下认为","0","2","2"
"无法禁止犯","0","2","2"
"服劳役的人","0","2","2"
"一天天增多","0","2","2"
"作恶的工具","0","2","2"
"而且作恶的","0","2","2"
"且作恶的人","0","2","2"
"严厉的诏书","0","2","2"
"面来说有损","0","2","2"
"整齐划一的","0","2","2"
"因此刑法不","0","2","2"
"此刑法不能","0","2","2"
"不知道应该","0","2","2"
"古人有这样","0","2","2"
"人有这样的","0","2","2"
"大臣疏通阻","0","2","2"
"臣疏通阻滞","0","2","2"
"像金石一样","0","2","2"
"金石一样坚","0","2","2"
"不能完全遵","0","2","2"
"通过议事做","0","2","2"
"过议事做出","0","2","2"
"议事做出裁","0","2","2"
"事做出裁夺","0","2","2"
"变通来获得","0","2","2"
"没有论及的","0","2","2"
"有不同意见","0","2","2"
"划一的法律","0","2","2"
"人人都提出","0","2","2"
"来已经很远","0","2","2"
"已经很远了","0","2","2"
"处理事情不","0","2","2"
"问儿子在什","0","2","2"
"儿子在什么","0","2","2"
"子在什么地","0","2","2"
"在什么地方","0","2","2"
"即使杀了他","0","2","2"
"罚整饬法律","0","2","2"
"登上皇位后","0","2","2"
"古代的肉刑","0","2","2"
"应该恢复古","0","2","2"
"该恢复古代","0","2","2"
"遵循古代的","0","2","2"
"循古代的典","0","2","2"
"犯了死罪的","0","2","2"
"了死罪的人","0","2","2"
"刑来代替死","0","2","2"
"来代替死刑","0","2","2"
"私下裹认为","0","2","2"
"减轻刑罚的","0","2","2"
"用刑罚诛杀","0","2","2"
"帝王的教化","0","2","2"
"是这个意思","0","2","2"
"德言容功四","0","2","2"
"言容功四种","0","2","2"
"强盛的汉朝","0","2","2"
"选良家女子","0","2","2"
"后年少时即","0","2","2"
"年少时即有","0","2","2"
"平原王司马","0","2","2"
"有一个婢女","0","2","2"
"始八年去世","0","2","2"
"要有所作为","0","2","2"
"年六十五岁","0","2","2"
"齐献王司马","0","2","2"
"献王司马攸","0","2","2"
"城阳哀王司","0","2","2"
"阳哀王司马","0","2","2"
"哀王司马兆","0","2","2"
"被尊为皇太","0","2","2"
"太后的母亲","0","2","2"
"皇太后去世","0","2","2"
"就聪明贤慧","0","2","2"
"买充的妻子","0","2","2"
"自己的女儿","0","2","2"
"是皇后的亲","0","2","2"
"杨骏的女儿","0","2","2"
"悲伤地哭泣","0","2","2"
"自始至终地","0","2","2"
"不是说过吗","0","2","2"
"于是主管部","0","2","2"
"是主管部门","0","2","2"
"准备废掉她","0","2","2"
"后的父亲杨","0","2","2"
"的父亲杨骏","0","2","2"
"束安王司马","0","2","2"
"下诏书命令","0","2","2"
"主管部门又","0","2","2"
"在先帝那裹","0","2","2"
"追认恢复了","0","2","2"
"一起享受祭","0","2","2"
"起享受祭祀","0","2","2"
"没听到过先","0","2","2"
"后来被封为","0","2","2"
"朝廷内外安","0","2","2"
"廷内外安宁","0","2","2"
"都在世上流","0","2","2"
"平定吴国之","0","2","2"
"是武将的后","0","2","2"
"武将的后代","0","2","2"
"公的女儿有","0","2","2"
"的女儿有五","0","2","2"
"女儿有五点","0","2","2"
"的女儿贤惠","0","2","2"
"掌朝廷大权","0","2","2"
"皇后的母亲","0","2","2"
"后的母亲广","0","2","2"
"的母亲广城","0","2","2"
"母亲广城君","0","2","2"
"上表弹劾司","0","2","2"
"表弹劾司马","0","2","2"
"司马璋怨恨","0","2","2"
"消除了疑心","0","2","2"
"严厉地责备","0","2","2"
"占卜结果说","0","2","2"
"卜结果说不","0","2","2"
"被立为皇后","0","2","2"
"又废黜了羊","0","2","2"
"废黜了羊后","0","2","2"
"羊后为皇后","0","2","2"
"与尚书仆射","0","2","2"
"这难道不是","0","2","2"
"沛国谯地人","0","2","2"
"任兖州刺史","0","2","2"
"永嘉六年去","0","2","2"
"嘉六年去世","0","2","2"
"上天的命令","0","2","2"
"持节兼太尉","0","2","2"
"与太后相同","0","2","2"
"康元年去世","0","2","2"
"记载在典籍","0","2","2"
"载在典籍中","0","2","2"
"以此来供奉","0","2","2"
"做天下母亲","0","2","2"
"天下母亲的","0","2","2"
"下母亲的典","0","2","2"
"母亲的典范","0","2","2"
"追赠皇后父","0","2","2"
"赠皇后父亲","0","2","2"
"时年二十一","0","2","2"
"年二十一岁","0","2","2"
"孝武帝即位","0","2","2"
"尊皇后为皇","0","2","2"
"皇后为皇太","0","2","2"
"后为皇太后","0","2","2"
"生下来就聪","0","2","2"
"下来就聪慧","0","2","2"
"实在是由于","0","2","2"
"陛下的德行","0","2","2"
"年幼的皇帝","0","2","2"
"郑玄的礼仪","0","2","2"
"太后下诏书","0","2","2"
"后下诏书说","0","2","2"
"面向南亲理","0","2","2"
"向南亲理政","0","2","2"
"南亲理政务","0","2","2"
"现在我归还","0","2","2"
"在我归还政","0","2","2"
"我归还政事","0","2","2"
"从长远考虑","0","2","2"
"不能亲理政","0","2","2"
"还有什么可","0","2","2"
"后下韶书说","0","2","2"
"按照旧有的","0","2","2"
"在位共四十","0","2","2"
"服齐衰一年","0","2","2"
"年六十六岁","0","2","2"
"王已经过继","0","2","2"
"简文帝即位","0","2","2"
"子道子为琅","0","2","2"
"为简文宣太","0","2","2"
"迎合皇上旨","0","2","2"
"合皇上旨意","0","2","2"
"武帝刚即位","0","2","2"
"德光照四方","0","2","2"
"依照旧有的","0","2","2"
"我们认为应","0","2","2"
"们认为应该","0","2","2"
"王蕴的女儿","0","2","2"
"把朝政交给","0","2","2"
"生性极孝顺","0","2","2"
"杖才能站立","0","2","2"
"多次升迁至","0","2","2"
"被封为关内","0","2","2"
"讨伐母丘俭","0","2","2"
"为万岁亭侯","0","2","2"
"政治教化的","0","2","2"
"文帝为晋王","0","2","2"
"王祥为太保","0","2","2"
"爵位进为公","0","2","2"
"多次请求退","0","2","2"
"皇帝不准许","0","2","2"
"赐他几案手","0","2","2"
"他几案手杖","0","2","2"
"常有闲暇给","0","2","2"
"辅佐的功勋","0","2","2"
"孔夫子说他","0","2","2"
"朝廷中的贤","0","2","2"
"知道了此事","0","2","2"
"人马通行的","0","2","2"
"马通行的木","0","2","2"
"咸宁四年去","0","2","2"
"的后人必定","0","2","2"
"本书另有传","0","2","2"
"有姿貌声望","0","2","2"
"多次升迁为","0","2","2"
"升迁为尚书","0","2","2"
"他任从事中","0","2","2"
"不久转任司","0","2","2"
"久转任司徒","0","2","2"
"位在三司之","0","2","2"
"设置郎中令","0","2","2"
"可以说是朝","0","2","2"
"以说是朝中","0","2","2"
"说是朝中的","0","2","2"
"古代的圣明","0","2","2"
"郑冲为太傅","0","2","2"
"贵族用棺材","0","2","2"
"至散骑侍郎","0","2","2"
"可以说是知","0","2","2"
"我认为可以","0","2","2"
"我听说先王","0","2","2"
"所率领的人","0","2","2"
"中有威望的","0","2","2"
"因母亲去世","0","2","2"
"有姻亲关系","0","2","2"
"朝廷都认为","0","2","2"
"停留了很久","0","2","2"
"武帝继承王","0","2","2"
"帝继承王位","0","2","2"
"任命何曾为","0","2","2"
"何曾为太尉","0","2","2"
"三司的职位","0","2","2"
"何曾为太保","0","2","2"
"不能长久地","0","2","2"
"让礼官议论","0","2","2"
"像这样的情","0","2","2"
"我在颖昌侯","0","2","2"
"在颖昌侯身","0","2","2"
"颖昌侯身上","0","2","2"
"昌侯身上看","0","2","2"
"侯身上看到","0","2","2"
"身上看到了","0","2","2"
"上看到了这","0","2","2"
"皇帝因为他","0","2","2"
"装饰牛的蹄","0","2","2"
"饰牛的蹄角","0","2","2"
"被正直的人","0","2","2"
"任命何劭为","0","2","2"
"命何劭为太","0","2","2"
"何劭为太子","0","2","2"
"劭为太子太","0","2","2"
"为太子太师","0","2","2"
"逐渐升迁为","0","2","2"
"周旋在他们","0","2","2"
"旋在他们中","0","2","2"
"当时的评论","0","2","2"
"时的评论认","0","2","2"
"的评论认为","0","2","2"
"有可以记录","0","2","2"
"病为由推辞","0","2","2"
"为魏郡太守","0","2","2"
"说他的坏话","0","2","2"
"不觉得惭愧","0","2","2"
"他如同仇人","0","2","2"
"能治理国家","0","2","2"
"他为大司马","0","2","2"
"秘密上表说","0","2","2"
"感到羞耻而","0","2","2"
"皇帝下韶书","0","2","2"
"使敌人不能","0","2","2"
"怎么能因为","0","2","2"
"石苞等人一","0","2","2"
"过去的下属","0","2","2"
"任命石超为","0","2","2"
"因有功被封","0","2","2"
"司马颖任命","0","2","2"
"跟从皇帝去","0","2","2"
"为豫州刺史","0","2","2"
"年少时就有","0","2","2"
"石崇的母亲","0","2","2"
"讨伐吴国有","0","2","2"
"伐吴国有功","0","2","2"
"封为安阳乡","0","2","2"
"为安阳乡侯","0","2","2"
"是皇亲国戚","0","2","2"
"内外的官吏","0","2","2"
"惭愧的是不","0","2","2"
"渐升迁任散","0","2","2"
"升迁任散骑","0","2","2"
"杨骏辅佐朝","0","2","2"
"骏辅佐朝政","0","2","2"
"被征为大司","0","2","2"
"征为大司农","0","2","2"
"号称二十四","0","2","2"
"称二十四友","0","2","2"
"情严肃地说","0","2","2"
"文帝任大将","0","2","2"
"为中书侍郎","0","2","2"
"高贵乡公好","0","2","2"
"陈留王即位","0","2","2"
"关中侯的爵","0","2","2"
"中侯的爵位","0","2","2"
"改任秘书监","0","2","2"
"食邑三千户","0","2","2"
"国家的安危","0","2","2"
"没有被别人","0","2","2"
"有什么功劳","0","2","2"
"有什么心情","0","2","2"
"触犯了天威","0","2","2"
"树立自己的","0","2","2"
"违背了命令","0","2","2"
"爵身份回家","0","2","2"
"为平南将军","0","2","2"
"并吴国的志","0","2","2"
"吴国的志向","0","2","2"
"冯统一类人","0","2","2"
"上表留王浚","0","2","2"
"为而治的教","0","2","2"
"而治的教化","0","2","2"
"也不能保全","0","2","2"
"攻打吴国的","0","2","2"
"不违背他的","0","2","2"
"违背他的意","0","2","2"
"先帝那裹受","0","2","2"
"帝那裹受封","0","2","2"
"沉默不回答","0","2","2"
"过去魏武帝","0","2","2"
"可以不战而","0","2","2"
"以不战而胜","0","2","2"
"推举杜预代","0","2","2"
"举杜预代替","0","2","2"
"杜预代替自","0","2","2"
"预代替自己","0","2","2"
"皇帝穿素服","0","2","2"
"我接受天命","0","2","2"
"得到的俸禄","0","2","2"
"在大司马门","0","2","2"
"不也很好吗","0","2","2"
"也很好吗!","0","2","2"
"吗!傅玄说","0","2","2"
"都流传于世","0","2","2"
"没有不落泪","0","2","2"
"有不落泪的","0","2","2"
"也是台辅的","0","2","2"
"地风水的人","0","2","2"
"羊枯哥哥的","0","2","2"
"的儿子羊暨","0","2","2"
"封地被取消","0","2","2"
"任平南将军","0","2","2"
"任命杜预为","0","2","2"
"于是奏报说","0","2","2"
"在天下颁布","0","2","2"
"最终如同杜","0","2","2"
"终如同杜预","0","2","2"
"任度支尚书","0","2","2"
"朝廷内外称","0","2","2"
"皇帝的心意","0","2","2"
"因为有功增","0","2","2"
"为有功增加","0","2","2"
"占据要害之","0","2","2"
"据要害之地","0","2","2"
"大规模行动","0","2","2"
"也是不可能","0","2","2"
"过去漠宣帝","0","2","2"
"要害的地方","0","2","2"
"被平定以后","0","2","2"
"陈述自己的","0","2","2"
"有人间他原","0","2","2"
"人间他原因","0","2","2"
"渐次迁升为","0","2","2"
"上表言辞恳","0","2","2"
"表言辞恳切","0","2","2"
"亲兵一百人","0","2","2"
"皇帝答应了","0","2","2"
"官拜散骑侍","0","2","2"
"拜散骑侍郎","0","2","2"
"出任河内太","0","2","2"
"官至散骑常","0","2","2"
"弟弟的儿子","0","2","2"
"岁能写文章","0","2","2"
"阳亭侯的爵","0","2","2"
"亭侯的爵位","0","2","2"
"身份被罢免","0","2","2"
"升任散骑常","0","2","2"
"充修订法律","0","2","2"
"舞阳侯司马","0","2","2"
"阳侯司马攸","0","2","2"
"武帝登上王","0","2","2"
"帝登上王位","0","2","2"
"官拜尚书令","0","2","2"
"赐他高贵棺","0","2","2"
"了上表的草","0","2","2"
"上表的草稿","0","2","2"
"定吴国的事","0","2","2"
"皇上的功勋","0","2","2"
"杨骏的同党","0","2","2"
"到杨骏被杀","0","2","2"
"以有病为由","0","2","2"
"的人不认为","0","2","2"
"人称赞他们","0","2","2"
"在崇有之时","0","2","2"
"崇有之时否","0","2","2"
"有之时否定","0","2","2"
"之时否定有","0","2","2"
"在贵无之时","0","2","2"
"贵无之时否","0","2","2"
"无之时否定","0","2","2"
"之时否定无","0","2","2"
"人认为这是","0","2","2"
"所能包容的","0","2","2"
"然而不能说","0","2","2"
"王司马越说","0","2","2"
"因而免于一","0","2","2"
"而免于一死","0","2","2"
"任中书黄门","0","2","2"
"有同样的名","0","2","2"
"同样的名声","0","2","2"
"任命裴楷为","0","2","2"
"转任中书郎","0","2","2"
"一向看不起","0","2","2"
"改任太子少","0","2","2"
"食邑两千户","0","2","2"
"任北军中候","0","2","2"
"以免于灾难","0","2","2"
"司马璋被诛","0","2","2"
"马璋被诛杀","0","2","2"
"璋被诛杀以","0","2","2"
"被诛杀以后","0","2","2"
"请求出任河","0","2","2"
"出任河南尹","0","2","2"
"加任光禄大","0","2","2"
"回头看着他","0","2","2"
"年少而聪明","0","2","2"
"司马越任命","0","2","2"
"防风那样的","0","2","2"
"风那样的杀","0","2","2"
"那样的杀戮","0","2","2"
"又任命他为","0","2","2"
"事放在心上","0","2","2"
"王司马越请","0","2","2"
"司马越请他","0","2","2"
"马越请他任","0","2","2"
"难道说的是","0","2","2"
"的名声超过","0","2","2"
"迁升为散骑","0","2","2"
"卫罐自认为","0","2","2"
"得到了伯英","0","2","2"
"到了伯英书","0","2","2"
"了伯英书法","0","2","2"
"伯英书法的","0","2","2"
"尚书令的职","0","2","2"
"书令的职位","0","2","2"
"令的职位依","0","2","2"
"和太尉汝南","0","2","2"
"乡里的选择","0","2","2"
"里的选择举","0","2","2"
"的选择举荐","0","2","2"
"咨询事情考","0","2","2"
"九品的制度","0","2","2"
"说卫瓘与司","0","2","2"
"卫瓘与司马","0","2","2"
"没有好名声","0","2","2"
"一会儿功夫","0","2","2"
"增加封邑三","0","2","2"
"因此从远处","0","2","2"
"此从远处看","0","2","2"
"有的字与古","0","2","2"
"的字与古字","0","2","2"
"不如邯郸淳","0","2","2"
"不清笔画的","0","2","2"
"追赠长水校","0","2","2"
"为太子洗马","0","2","2"
"于是把女儿","0","2","2"
"是把女儿嫁","0","2","2"
"他们之间的","0","2","2"
"任江州刺史","0","2","2"
"情记载在本","0","2","2"
"看重他的才","0","2","2"
"自己的心志","0","2","2"
"自己感到高","0","2","2"
"任河南尹丞","0","2","2"
"人把他比作","0","2","2"
"封一个儿子","0","2","2"
"一个儿子为","0","2","2"
"的人必定要","0","2","2"
"左右的人说","0","2","2"
"张华为太常","0","2","2"
"杨骏被杀后","0","2","2"
"张华的议论","0","2","2"
"等到司马璋","0","2","2"
"于是尽心匡","0","2","2"
"是尽心匡正","0","2","2"
"尽心匡正辅","0","2","2"
"心匡正辅佐","0","2","2"
"代替下邳王","0","2","2"
"替下邳王司","0","2","2"
"在式干殿会","0","2","2"
"恨张华如同","0","2","2"
"张华如同仇","0","2","2"
"华如同仇人","0","2","2"
"霸王的事业","0","2","2"
"厌恶这个梦","0","2","2"
"没有多余财","0","2","2"
"最终将合在","0","2","2"
"终将合在一","0","2","2"
"将合在一起","0","2","2"
"详细记载在","0","2","2"
"可以辅佐朝","0","2","2"
"以辅佐朝政","0","2","2"
"圣人的教化","0","2","2"
"自己的看法","0","2","2"
"着辅佐朝政","0","2","2"
"的亲信党羽","0","2","2"
"事情的发展","0","2","2"
"帝有九个儿","0","2","2"
"有九个儿子","0","2","2"
"南文成王司","0","2","2"
"文成王司马","0","2","2"
"成王司马亮","0","2","2"
"琅邪武王司","0","2","2"
"邪武王司马","0","2","2"
"清惠亭侯司","0","2","2"
"惠亭侯司马","0","2","2"
"亭侯司马京","0","2","2"
"扶风武王司","0","2","2"
"风武王司马","0","2","2"
"武王司马骏","0","2","2"
"官拜光禄大","0","2","2"
"拜光禄大夫","0","2","2"
"司马干虽然","0","2","2"
"没有帷盖的","0","2","2"
"有帷盖的车","0","2","2"
"王司马伦辅","0","2","2"
"司马伦辅佐","0","2","2"
"马伦辅佐朝","0","2","2"
"伦辅佐朝政","0","2","2"
"当时没人能","0","2","2"
"镇束大将军","0","2","2"
"来扩充他的","0","2","2"
"扩充他的封","0","2","2"
"充他的封国","0","2","2"
"平定吴的功","0","2","2"
"定吴的功劳","0","2","2"
"太康四年去","0","2","2"
"康四年去世","0","2","2"
"太熙元年去","0","2","2"
"熙元年去世","0","2","2"
"让皇子司马","0","2","2"
"任冗从仆射","0","2","2"
"在汝南王司","0","2","2"
"王司马亮那","0","2","2"
"司马亮那裹","0","2","2"
"说司马繇的","0","2","2"
"司马繇的坏","0","2","2"
"马繇的坏话","0","2","2"
"王司马伦作","0","2","2"
"王司马同辅","0","2","2"
"司马同辅佐","0","2","2"
"马同辅佐朝","0","2","2"
"上表说司马","0","2","2"
"儿子司马禧","0","2","2"
"官拜散骑常","0","2","2"
"拜散骑常侍","0","2","2"
"帝立皇子司","0","2","2"
"来供奉司马","0","2","2"
"兼射声校尉","0","2","2"
"兼任右卫将","0","2","2"
"任右卫将军","0","2","2"
"帝讨伐成都","0","2","2"
"为母亲办丧","0","2","2"
"母亲办丧事","0","2","2"
"被封为广陵","0","2","2"
"武陵威王的","0","2","2"
"公子身份被","0","2","2"
"司马同失败","0","2","2"
"被封为平阳","0","2","2"
"常侍的职位","0","2","2"
"侍的职位依","0","2","2"
"封邑一万户","0","2","2"
"府署征召辅","0","2","2"
"署征召辅吏","0","2","2"
"王司马攸出","0","2","2"
"去自己的封","0","2","2"
"有十个儿子","0","2","2"
"服丧超过礼","0","2","2"
"丧超过礼制","0","2","2"
"为南中郎将","0","2","2"
"司马同发动","0","2","2"
"马同发动义","0","2","2"
"同发动义兵","0","2","2"
"请求讨伐他","0","2","2"
"司马歆出兵","0","2","2"
"任北中郎将","0","2","2"
"督邺城防守","0","2","2"
"邺城防守事","0","2","2"
"理太子太保","0","2","2"
"诏书任命司","0","2","2"
"书任命司马","0","2","2"
"命司马肜为","0","2","2"
"司马肜没有","0","2","2"
"等到司马伦","0","2","2"
"宁二年去世","0","2","2"
"马伦篡位叛","0","2","2"
"伦篡位叛逆","0","2","2"
"不能抽身离","0","2","2"
"能抽身离开","0","2","2"
"抽身离开朝","0","2","2"
"身离开朝廷","0","2","2"
"何况司马肜","0","2","2"
"奉国君的道","0","2","2"
"拄着木杖才","0","2","2"
"着木杖才能","0","2","2"
"木杖才能站","0","2","2"
"司马攸奏议","0","2","2"
"马攸奏议说","0","2","2"
"或者是为了","0","2","2"
"去从事农业","0","2","2"
"的情况有多","0","2","2"
"情况有多次","0","2","2"
"司马攸因为","0","2","2"
"司马攸一向","0","2","2"
"不动声色地","0","2","2"
"登上显赫的","0","2","2"
"上显赫的官","0","2","2"
"显赫的官位","0","2","2"
"来满足大家","0","2","2"
"满足大家的","0","2","2"
"足大家的期","0","2","2"
"大家的期望","0","2","2"
"伤!皇帝不","0","2","2"
"!皇帝不再","0","2","2"
"增加封邑补","0","2","2"
"加封邑补足","0","2","2"
"封邑补足两","0","2","2"
"邑补足两万","0","2","2"
"补足两万户","0","2","2"
"等以后再说","0","2","2"
"左卫将军工","0","2","2"
"第五个儿子","0","2","2"
"五个儿子司","0","2","2"
"第六个儿子","0","2","2"
"咸宁初年追","0","2","2"
"宁初年追加","0","2","2"
"初年追加封","0","2","2"
"年追加封谧","0","2","2"
"王司马攸让","0","2","2"
"燕王司马机","0","2","2"
"使他们足以","0","2","2"
"理智不稳定","0","2","2"
"将军曹爽征","0","2","2"
"先王的教化","0","2","2"
"五等爵位刚","0","2","2"
"等爵位刚建","0","2","2"
"爵位刚建立","0","2","2"
"转任骠骑将","0","2","2"
"治理一方的","0","2","2"
"理一方的重","0","2","2"
"谦让的品德","0","2","2"
"任东中郎将","0","2","2"
"任宁北将军","0","2","2"
"司马颖上表","0","2","2"
"马颖上表请","0","2","2"
"颖上表请求","0","2","2"
"王浚的军队","0","2","2"
"王浚为司空","0","2","2"
"被石勒俘获","0","2","2"
"疾陆眷等人","0","2","2"
"在朝内任职","0","2","2"
"因为父亲的","0","2","2"
"升官任侍中","0","2","2"
"辅佐朝政时","0","2","2"
"进爵为乡侯","0","2","2"
"年过六十岁","0","2","2"
"因为母亲的","0","2","2"
"为母亲的丧","0","2","2"
"升爵位为公","0","2","2"
"帝王的功勋","0","2","2"
"不顾及自己","0","2","2"
"顾及自己的","0","2","2"
"说贾充的女","0","2","2"
"为大将军曹","0","2","2"
"将军曹爽的","0","2","2"
"军曹爽的属","0","2","2"
"曹爽的属官","0","2","2"
"任中书通事","0","2","2"
"留下的爱心","0","2","2"
"转任从事中","0","2","2"
"任命荀勖为","0","2","2"
"充的女儿作","0","2","2"
"荀勖与冯鱿","0","2","2"
"充的女儿才","0","2","2"
"在世上流行","0","2","2"
"兼任秘书监","0","2","2"
"与石苞等人","0","2","2"
"这样官吏就","0","2","2"
"惑人们的视","0","2","2"
"尚书令卫璀","0","2","2"
"掌管法令条","0","2","2"
"管法令条文","0","2","2"
"以此事询问","0","2","2"
"难道不知道","0","2","2"
"看不起荀勖","0","2","2"
"时的议论认","0","2","2"
"使别人知道","0","2","2"
"不达目的不","0","2","2"
"达目的不罢","0","2","2"
"目的不罢休","0","2","2"
"跟从皇帝讨","0","2","2"
"从皇帝讨伐","0","2","2"
"讨伐齐王司","0","2","2"
"伐齐王司马","0","2","2"
"二十岁左右","0","2","2"
"司马义失败","0","2","2"
"为军谘祭酒","0","2","2"
"此事的人称","0","2","2"
"到成都王司","0","2","2"
"王司马颖那","0","2","2"
"司马颖那裹","0","2","2"
"兼任司隶校","0","2","2"
"荀组为司空","0","2","2"
"他为尚书令","0","2","2"
"荀组为司徒","0","2","2"
"领太子太保","0","2","2"
"任给事黄门","0","2","2"
"升任左卫将","0","2","2"
"采纳了他的","0","2","2"
"他为散骑常","0","2","2"
"于是登上显","0","2","2"
"是登上显赫","0","2","2"
"封邑一千户","0","2","2"
"等到常道乡","0","2","2"
"到常道乡公","0","2","2"
"舞文弄墨的","0","2","2"
"贾充坚决推","0","2","2"
"车骑将军的","0","2","2"
"骑将军的职","0","2","2"
"因母亲丧事","0","2","2"
"母亲丧事离","0","2","2"
"亲丧事离职","0","2","2"
"皇帝称赞他","0","2","2"
"的女儿做了","0","2","2"
"在职的官吏","0","2","2"
"充为使持节","0","2","2"
"为骠骑大将","0","2","2"
"等到皇帝病","0","2","2"
"增加封邑八","0","2","2"
"平定了吴国","0","2","2"
"皇帝不采纳","0","2","2"
"这一类情况","0","2","2"
"贾充的后嗣","0","2","2"
"任平北将军","0","2","2"
"没有特殊才","0","2","2"
"有特殊才能","0","2","2"
"历任镇军将","0","2","2"
"召离家出任","0","2","2"
"害汝南王司","0","2","2"
"被封为临晋","0","2","2"
"封为临晋侯","0","2","2"
"沉湎于酒色","0","2","2"
"帝病稍好转","0","2","2"
"让汝南王司","0","2","2"
"杨骏为太尉","0","2","2"
"杨骏为太傅","0","2","2"
"杨骏的弟弟","0","2","2"
"骏的弟弟杨","0","2","2"
"有出众的才","0","2","2"
"可以不和他","0","2","2"
"以不和他一","0","2","2"
"不和他一同","0","2","2"
"又命令李肇","0","2","2"
"后声称有病","0","2","2"
"当时的人没","0","2","2"
"时的人没有","0","2","2"
"侍中王济都","0","2","2"
"没有不叹息","0","2","2"
"不能胜任而","0","2","2"
"胜任而占据","0","2","2"
"任而占据高","0","2","2"
"而占据高位","0","2","2"
"是晋的罪人","0","2","2"
"以这种方式","0","2","2"
"在当世有名","0","2","2"
"别人的短处","0","2","2"
"出任冀州刺","0","2","2"
"入朝任侍中","0","2","2"
"韶书命令按","0","2","2"
"书命令按赎","0","2","2"
"自己上表请","0","2","2"
"皇帝谦让不","0","2","2"
"五宫中郎将","0","2","2"
"给魏舒写信","0","2","2"
"魏舒写信说","0","2","2"
"难道不可惜","0","2","2"
"道不可惜吗","0","2","2"
"不可惜吗!","0","2","2"
"身份回府第","0","2","2"
"赐几案手杖","0","2","2"
"设置官骑十","0","2","2"
"门前设置鹿","0","2","2"
"前设置鹿角","0","2","2"
"设置鹿角木","0","2","2"
"的人赞美他","0","2","2"
"劝谏认为不","0","2","2"
"为大将军从","0","2","2"
"时的人称赞","0","2","2"
"能识别人才","0","2","2"
"因公事被免","0","2","2"
"为凉州刺史","0","2","2"
"以本官代理","0","2","2"
"可以说是国","0","2","2"
"以说是国家","0","2","2"
"说是国家的","0","2","2"
"迁任尚书郎","0","2","2"
"来表现自己","0","2","2"
"高位的人不","0","2","2"
"胜过自己的","0","2","2"
"过自己的人","0","2","2"
"下面的人就","0","2","2"
"那么贤能的","0","2","2"
"么贤能的人","0","2","2"
"贤能的人每","0","2","2"
"能的人每天","0","2","2"
"的人每天都","0","2","2"
"人每天都被","0","2","2"
"憎恶贤能的","0","2","2"
"恶贤能的人","0","2","2"
"造成这种情","0","2","2"
"成这种情况","0","2","2"
"先被任用的","0","2","2"
"权势人家的","0","2","2"
"势人家的子","0","2","2"
"人家的子弟","0","2","2"
"所了解的人","0","2","2"
"所推举的人","0","2","2"
"推举的人必","0","2","2"
"举的人必定","0","2","2"
"的人必定有","0","2","2"
"那是因为不","0","2","2"
"是因为不知","0","2","2"
"因为不知道","0","2","2"
"为不知道谁","0","2","2"
"不知道谁最","0","2","2"
"几个人的俸","0","2","2"
"个人的俸禄","0","2","2"
"诽谤诋毁的","0","2","2"
"刚被授职时","0","2","2"
"已预先选好","0","2","2"
"预先选好了","0","2","2"
"让主事人挑","0","2","2"
"主事人挑选","0","2","2"
"迁任太子太","0","2","2"
"因为年老有","0","2","2"
"为年老有病","0","2","2"
"的圣明帝王","0","2","2"
"任奉车都尉","0","2","2"
"司马颖有功","0","2","2"
"等才能的人","0","2","2"
"百姓依赖他","0","2","2"
"到王浑那裹","0","2","2"
"攻破孙皓的","0","2","2"
"破孙皓的中","0","2","2"
"孙皓的中军","0","2","2"
"超人的才能","0","2","2"
"王司马攸将","0","2","2"
"司马攸将去","0","2","2"
"留下司马攸","0","2","2"
"追赠为骠骑","0","2","2"
"赠为骠骑将","0","2","2"
"官拜给事中","0","2","2"
"燕国人徐邈","0","2","2"
"任车骑从事","0","2","2"
"车骑从事中","0","2","2"
"任益州刺史","0","2","2"
"仗着有功而","0","2","2"
"临事制定对","0","2","2"
"事制定对策","0","2","2"
"的军队得到","0","2","2"
"军队得到了","0","2","2"
"孙皓的宫室","0","2","2"
"他们的妻儿","0","2","2"
"交廷尉治罪","0","2","2"
"战讨伐的功","0","2","2"
"讨伐的功劳","0","2","2"
"关官吏又奏","0","2","2"
"官吏又奏报","0","2","2"
"有两个孙子","0","2","2"
"天下而没有","0","2","2"
"的人被认为","0","2","2"
"亲的丧事辞","0","2","2"
"下诏派御史","0","2","2"
"元康四年死","0","2","2"
"康四年死在","0","2","2"
"四年死在官","0","2","2"
"死在官任上","0","2","2"
"受命于朝廷","0","2","2"
"推举为孝廉","0","2","2"
"推举他为秀","0","2","2"
"举他为秀才","0","2","2"
"任大将军从","0","2","2"
"皇帝因为山","0","2","2"
"一心为公之","0","2","2"
"以年老有病","0","2","2"
"崇尚风俗教","0","2","2"
"尚风俗教化","0","2","2"
"山涛又上表","0","2","2"
"我两个儿子","0","2","2"
"在座的人都","0","2","2"
"没有遗憾了","0","2","2"
"任豫州刺史","0","2","2"
"虽然没有特","0","2","2"
"王戎为太子","0","2","2"
"戎为太子太","0","2","2"
"戎为尚书令","0","2","2"
"皇帝回洛阳","0","2","2"
"想把女儿嫁","0","2","2"
"补任元城令","0","2","2"
"魏正始年间","0","2","2"
"王衍的妻子","0","2","2"
"衍的妻子郭","0","2","2"
"任命王衍为","0","2","2"
"次升官任尚","0","2","2"
"升官任尚书","0","2","2"
"王敦任青州","0","2","2"
"敦任青州刺","0","2","2"
"不参与国事","0","2","2"
"等到司马颖","0","2","2"
"胡毋辅之等","0","2","2"
"毋辅之等人","0","2","2"
"征用为太尉","0","2","2"
"用为太尉掾","0","2","2"
"转任太子中","0","2","2"
"时任扬州刺","0","2","2"
"登三公之位","0","2","2"
"武帝接受魏","0","2","2"
"帝接受魏帝","0","2","2"
"召入任散骑","0","2","2"
"入任散骑常","0","2","2"
"不久起用为","0","2","2"
"郑默的儿子","0","2","2"
"默的儿子郑","0","2","2"
"在束宫侍奉","0","2","2"
"召入任尚书","0","2","2"
"康三年去世","0","2","2"
"担任尚书郎","0","2","2"
"司马颖镇守","0","2","2"
"间王司马显","0","2","2"
"一万五千人","0","2","2"
"被刘粲俘虏","0","2","2"
"娶武帝女儿","0","2","2"
"武帝女儿荣","0","2","2"
"帝女儿荣阳","0","2","2"
"任驸马都尉","0","2","2"
"爵位和封地","0","2","2"
"比刑罚还重","0","2","2"
"部门上奏免","0","2","2"
"改任华恒为","0","2","2"
"皇帝亲自写","0","2","2"
"帝亲自写韶","0","2","2"
"亲自写韶书","0","2","2"
"上奏用华崤","0","2","2"
"奏用华崤的","0","2","2"
"任镇南将军","0","2","2"
"杨骏很害怕","0","2","2"
"推荐志操高","0","2","2"
"荐志操高远","0","2","2"
"得到合适的","0","2","2"
"到合适的人","0","2","2"
"使货物流通","0","2","2"
"重视儒士选","0","2","2"
"视儒士选拔","0","2","2"
"为当务之急","0","2","2"
"尊重儒家的","0","2","2"
"两位常侍所","0","2","2"
"位常侍所论","0","2","2"
"为御史中丞","0","2","2"
"士兵用官府","0","2","2"
"兵用官府的","0","2","2"
"用官府的牛","0","2","2"
"士兵得十分","0","2","2"
"兵得十分之","0","2","2"
"用私人的牛","0","2","2"
"与官府平分","0","2","2"
"官府得十分","0","2","2"
"府得十分之","0","2","2"
"二千石俸禄","0","2","2"
"千石俸禄的","0","2","2"
"石俸禄的官","0","2","2"
"俸禄的官吏","0","2","2"
"方步为一亩","0","2","2"
"亲自日理万","0","2","2"
"自日理万机","0","2","2"
"因正直招致","0","2","2"
"王司马亮辅","0","2","2"
"可是现在却","0","2","2"
"就没有谁不","0","2","2"
"司马亮辅政","0","2","2"
"摸天子倒生","0","2","2"
"天子倒生的","0","2","2"
"子倒生的鳞","0","2","2"
"触摸猛兽的","0","2","2"
"摸猛兽的胡","0","2","2"
"猛兽的胡须","0","2","2"
"不能超出众","0","2","2"
"能超出众人","0","2","2"
"内外的各种","0","2","2"
"中丞督察百","0","2","2"
"丞督察百官","0","2","2"
"是禁止防范","0","2","2"
"禁止防范的","0","2","2"
"止防范的事","0","2","2"
"再说行马之","0","2","2"
"说行马之内","0","2","2"
"行马之内呢","0","2","2"
"却不能纠查","0","2","2"
"在行马之内","0","2","2"
"年五十六岁","0","2","2"
"符第一至第","0","2","2"
"宣王为宣皇","0","2","2"
"王为宣皇帝","0","2","2"
"景王为景皇","0","2","2"
"王为景皇帝","0","2","2"
"文王为文皇","0","2","2"
"王为文皇帝","0","2","2"
"王妃张氏为","0","2","2"
"妃张氏为宣","0","2","2"
"张氏为宣穆","0","2","2"
"氏为宣穆皇","0","2","2"
"为宣穆皇后","0","2","2"
"司空荀岂页","0","2","2"
"空荀岂页为","0","2","2"
"以中军将军","0","2","2"
"将军羊祜为","0","2","2"
"为镇东大将","0","2","2"
"王司马泰为","0","2","2"
"司马泰为尚","0","2","2"
"马泰为尚书","0","2","2"
"将军王浚为","0","2","2"
"五州发大水","0","2","2"
"王司马模为","0","2","2"
"将军刘琨为","0","2","2"
"刺史张轨为","0","2","2"
"司空王浚为","0","2","2"
"空王浚为大","0","2","2"
"刁协为尚书","0","2","2"
"武陵发大水","0","2","2"
"任命中书监","0","2","2"
"任命辅国将","0","2","2"
"命辅国将军","0","2","2"
"尚书周闵为","0","2","2"
"为西中郎将","0","2","2"
"为都督徐兖","0","2","2"
"任命会稽内","0","2","2"
"命会稽内史","0","2","2"
"徐州兖州刺","0","2","2"
"州兖州刺史","0","2","2"
"太阳中又有","0","2","2"
"阳中又有黑","0","2","2"
"中又有黑子","0","2","2"
"有二亿零三","0","2","2"
"二亿零三万","0","2","2"
"亿零三万一","0","2","2"
"零三万一千","0","2","2"
"泰始二年设","0","2","2"
"始二年设置","0","2","2"
"划分长沙为","0","2","2"
"帝又划分长","0","2","2"
"又划分长沙","0","2","2"
"郡设置湘州","0","2","2"
"太康三年设","0","2","2"
"康三年设置","0","2","2"
"百九十八天","0","2","2"
"运行四百一","0","2","2"
"行四百一十","0","2","2"
"阳宣文侯为","0","2","2"
"和元年夏季","0","2","2"
"大风折断树","0","2","2"
"风折断树木","0","2","2"
"为太皇太后","0","2","2"
"任国子祭酒","0","2","2"
"迁任尚书左","0","2","2"
"冬十月初一","0","2","2"
"自称凉州牧","0","2","2"
"吕光的将领","0","2","2"
"秃发乌孤自","0","2","2"
"发乌孤自称","0","2","2"
"自称大都督","0","2","2"
"慕容宝的将","0","2","2"
"容宝的将领","0","2","2"
"宝的将领慕","0","2","2"
"仰仗镇军将","0","2","2"
"仗镇军将军","0","2","2"
"七月二十三","0","2","2"
"将军鲁宗之","0","2","2"
"军鲁宗之为","0","2","2"
"是弘农华阴","0","2","2"
