"N-gram","原文","翻译","Total"
"开府仪同三司","33","33","66"
"都督中外诸军","20","19","39"
"成都王司马颖","0","38","38"
"督中外诸军事","14","14","28"
"东海王司马越","0","26","26"
"用四匹马驾车","0","25","25"
"为尚书左仆射","0","24","24"
"汝南王司马亮","0","24","24"
"用一匹马驾车","0","24","24"
"琅王牙王司马","1","22","23"
"四千五百五十","1","18","19"
"千五百五十九","1","18","19"
"年春正月初一","0","19","19"
"怀帝永嘉元年","9","9","18"
"千八百四十三","3","15","18"
"束海王司马越","0","18","18"
"元帝太兴二年","9","8","17"
"十九万四千九","8","9","17"
"九万四千九百","8","9","17"
"都督荆州诸军","8","8","16"
"督荆州诸军事","8","8","16"
"督青州诸军事","8","8","16"
"五万六千九百","7","8","15"
"六百四十一万","7","8","15"
"千九百五十四","7","8","15"
"万四千九百九","7","8","15"
"四千九百九十","7","8","15"
"一千八百四十","1","14","15"
"法四千五百五","0","15","15"
"都督扬州诸军","7","7","14"
"督扬州诸军事","7","7","14"
"元帝太兴元年","7","7","14"
"十三万四千六","3","11","14"
"三万四千六百","3","11","14"
"三十四万四千","6","8","14"
"孝武帝太元十","7","7","14"
"二十一万五千","3","11","14"
"万四千六百三","2","12","14"
"四千六百三十","2","12","14"
"河间王司马颙","0","14","14"
"都督青州诸军","6","7","13"
"骠骑将军王导","6","7","13"
"明帝太宁元年","7","6","13"
"康帝建元元年","6","7","13"
"万六千九百五","6","7","13"
"六千九百五十","6","7","13"
"十四万四千二","6","7","13"
"四万四千二百","6","7","13"
"万四千二百六","6","7","13"
"四千二百六十","6","7","13"
"千二百六十一","6","7","13"
"有彗星出现于","0","13","13"
"为尚书右仆射","0","13","13"
"王司马伦篡位","0","13","13"
"梁二州诸军事","6","6","12"
"十一万五千一","2","10","12"
"一万五千一百","2","10","12"
"万五千一百三","2","10","12"
"五千一百三十","2","10","12"
"赵王司马伦篡","0","12","12"
"太阳中有黑子","0","12","12"
"纪法一千八百","0","12","12"
"法一千八百四","0","12","12"
"都用一匹马驾","0","12","12"
"征西大将军桓","5","6","11"
"九百六十七分","5","6","11"
"千九百九十分","5","6","11"
"二百六十一分","5","6","11"
"日法四千五百","0","11","11"
"都督幽州诸军","5","5","10"
"督幽州诸军事","5","5","10"
"尚书左仆射王","5","5","10"
"录尚书六条事","5","5","10"
"二万二千七百","4","6","10"
"万九千六百八","5","5","10"
"九千六百八十","5","5","10"
"九百五十四分","5","5","10"
"武帝泰始四年","5","5","10"
"怀帝永嘉四年","5","5","10"
"二千七百九十","3","7","10"
"千七百九十五","3","7","10"
"个月的气来了","0","10","10"
"早晨在东方出","0","10","10"
"晨在东方出现","0","10","10"
"运行一百一十","0","10","10"
"每天运行一又","0","10","10"
"左卫将军王舆","5","4","9"
"徐兗二州刺史","9","0","9"
"会稽王世子元","7","2","9"
"武陵王司马遵","4","5","9"
"元年正月初一","1","8","9"
"万七千三百一","3","6","9"
"七千三百一十","3","6","9"
"明帝太宁三年","5","4","9"
"魏文帝黄初四","5","4","9"
"文帝黄初四年","5","4","9"
"外方五百里曰","9","0","9"
"一万九千六百","3","6","9"
"天正十一月朔","4","5","9"
"十七万三千一","4","5","9"
"十一万三千九","4","5","9"
"一万三千九百","4","5","9"
"元帝建武元年","4","5","9"
"十三年十二月","5","4","9"
"万二千七百九","3","6","9"
"千三百一十五","3","6","9"
"为征西大将军","0","9","9"
"武帝登上皇位","0","9","9"
"会稽王司马道","0","9","9"
"为十二次中的","0","9","9"
"早晨与太阳会","0","9","9"
"晨与太阳会合","0","9","9"
"月的管名字是","0","9","9"
"长沙王司马义","0","9","9"
"大水冲入石头","0","9","9"
"荆州刺史陶侃","4","4","8"
"益州刺史周抚","4","4","8"
"西大将军桓温","4","4","8"
"梁州刺史司马","4","4","8"
"州刺史司马勋","4","4","8"
"河南太守戴施","4","4","8"
"稽王世子元显","7","1","8"
"车骑将军刘裕","4","4","8"
"文帝黄初二年","4","4","8"
"恭帝元熙元年","4","4","8"
"吴孙权赤乌十","4","4","8"
"愍帝建兴二年","4","4","8"
"怀帝永嘉五年","4","4","8"
"年十二月乙未","4","4","8"
"惠帝元康三年","4","4","8"
"二万五千六百","3","5","8"
"千六百八十三","4","4","8"
"二千一百八十","4","4","8"
"千一百八十七","4","4","8"
"一百八十七分","4","4","8"
"所求年天正十","4","4","8"
"求年天正十一","4","4","8"
"年天正十一月","4","4","8"
"百七十三万三","4","4","8"
"万二千八百六","4","4","8"
"二千八百六十","4","4","8"
"万九千九百五","4","4","8"
"九千九百五十","4","4","8"
"二度六百四十","4","4","8"
"二千四百一十","4","4","8"
"千四百一十九","4","4","8"
"万五千二百三","4","4","8"
"五千二百三十","4","4","8"
"一千一百二十","4","4","8"
"年十二月己未","4","4","8"
"孙亮建兴元年","4","4","8"
"建兴元年十二","4","4","8"
"兴元年十二月","4","4","8"
"惠帝元康五年","4","4","8"
"安帝隆安二年","4","4","8"
"元帝太兴三年","4","4","8"
"武帝太康五年","4","4","8"
"惠帝元康二年","4","4","8"
"邑一千八百户","1","7","8"
"金紫光禄大夫","4","4","8"
"大风拔起树木","0","8","8"
"琅邪王司马睿","0","8","8"
"石季龙的将领","0","8","8"
"武陵王司马晞","0","8","8"
"会稽王司马昱","0","8","8"
"稽王司马道子","0","8","8"
"度为十二次中","0","8","8"
"太白星犯岁星","0","8","8"
"纪法五百八十","0","8","8"
"法五百八十九","0","8","8"
"百四十一万零","0","8","8"
"四十一万零九","0","8","8"
"十一万零九百","0","8","8"
"一万零九百六","0","8","8"
"万零九百六十","0","8","8"
"零九百六十七","0","8","8"
"转而早晨在东","0","8","8"
"而早晨在东方","0","8","8"
"天运行一百一","0","8","8"
"九十一天运行","0","8","8"
"十一天运行一","0","8","8"
"一天运行一百","0","8","8"
"二千零三十四","0","8","8"
"千零三十四万","0","8","8"
"零三十四万四","0","8","8"
"加任散骑常侍","0","8","8"
"熙元年春正月","3","4","7"
"都督徐州诸军","3","4","7"
"督徐州诸军事","3","4","7"
"石勒将石季龙","7","0","7"
"北中郎将荀羡","3","4","7"
"龙骧将军刘牢","3","4","7"
"魏文帝黄初二","3","4","7"
"愍帝建兴四年","4","3","7"
"加大余二十九","4","3","7"
"一百七十三万","3","4","7"
"七十三万三千","4","3","7"
"百四十一万九","7","0","7"
"四十一万九百","7","0","7"
"十一万九百六","7","0","7"
"一万九百六十","7","0","7"
"万九百六十七","7","0","7"
"一万二千五百","3","4","7"
"行一百一十二","1","6","7"
"一百一十二度","1","6","7"
"九十一日行百","7","0","7"
"二千三十四万","7","0","7"
"魏元帝咸熙二","3","4","7"
"元帝咸熙二年","3","4","7"
"孙皓宝鼎元年","4","3","7"
"广汉殇王广德","4","3","7"
"六万七千三百","2","5","7"
"听从了他的意","0","7","7"
"从了他的意见","0","7","7"
"条白龙出现于","0","7","7"
"下邳王司马晃","0","7","7"
"清河王司马覃","0","7","7"
"慕容暐的将领","0","7","7"
"面的三颗星叫","0","7","7"
"外的五百里为","0","7","7"
"畿外的五百里","0","7","7"
"一个月的气来","0","7","7"
"该律就会应合","0","7","7"
"为行星会合时","0","7","7"
"加上次会合时","0","7","7"
"以纪法一千八","0","7","7"
"除以日法四千","0","7","7"
"以日法四千五","0","7","7"
"汹涌大水冲入","0","7","7"
"涌大水冲入石","0","7","7"
"是羽虫的妖孽","0","7","7"
"平元年春正月","3","3","6"
"年春正月甲午","4","2","6"
"都督江北诸军","3","3","6"
"督江北诸军事","3","3","6"
"督关中诸军事","3","3","6"
"安北将军王浚","3","3","6"
"豫州刺史刘乔","3","3","6"
"都督河北诸军","3","3","6"
"督河北诸军事","3","3","6"
"车骑将军王堪","3","3","6"
"征南将军山简","3","3","6"
"平北将军刘琨","3","3","6"
"凉州刺史张轨","3","3","6"
"镇北将军刘隗","3","3","6"
"护军将军庾亮","3","3","6"
"平南将军温峤","3","3","6"
"征西大将军陶","3","3","6"
"西大将军陶侃","3","3","6"
"竟陵太守李阳","3","3","6"
"广七州诸军事","3","3","6"
"中军将军殷浩","3","3","6"
"元年春正月壬","3","3","6"
"青冀幽五州诸","3","3","6"
"冀幽五州诸军","3","3","6"
"幽五州诸军事","3","3","6"
"西中郎将袁真","3","3","6"
"慕容将慕容","6","0","6"
"尚书仆射谢安","3","3","6"
"五百八十九分","2","4","6"
"三十五万七千","3","3","6"
"黄初二年六月","3","3","6"
"高贵乡公甘露","3","3","6"
"帝永嘉元年十","3","3","6"
"帝太兴元年四","3","3","6"
"太兴元年四月","3","3","6"
"安帝隆安四年","3","3","6"
"武帝泰始五年","3","3","6"
"太康元年正月","3","3","6"
"元年十一月乙","3","3","6"
"兴元年十一月","3","3","6"
"孝怀帝永嘉五","3","3","6"
"三年正月乙卯","3","3","6"
"兴二年十一月","3","3","6"
"十四年十二月","3","3","6"
"献帝建安元年","3","3","6"
"魏文帝黄初三","3","3","6"
"文帝黄初三年","3","3","6"
"武帝泰始元年","3","3","6"
"郡泰始二年置","6","0","6"
"十四万九千三","3","3","6"
"四万九千三百","3","3","6"
"千一百二十一","3","3","6"
"二百四十三分","3","3","6"
"六百八十三分","3","3","6"
"千五百六十一","3","3","6"
"千六百二十七","3","3","6"
"年十一月二十","3","3","6"
"明帝景初元年","3","3","6"
"千八百八十二","2","4","6"
"千八百三十二","3","3","6"
"九十七万三千","3","3","6"
"万六千二百七","3","3","6"
"六千二百七十","3","3","6"
"千二百七十二","3","3","6"
"三百四十八万","3","3","6"
"百四十八万四","3","3","6"
"四十八万四千","3","3","6"
"十八万四千六","3","3","6"
"八万四千六百","3","3","6"
"万四千六百四","3","3","6"
"四千六百四十","3","3","6"
"千六百四十六","3","3","6"
"百九十九万五","3","3","6"
"九十九万五千","3","3","6"
"日行一度九十","6","0","6"
"行一度九十一","6","0","6"
"一度九十一分","6","0","6"
"天正十一月合","3","3","6"
"正十一月合朔","3","3","6"
"一百九十九万","2","4","6"
"千三百四十五","3","3","6"
"十四万七千六","3","3","6"
"四万七千六百","3","3","6"
"万一千一百二","3","3","6"
"千三十四万四","6","0","6"
"武帝太康六年","3","3","6"
"成帝咸康七年","3","3","6"
"献帝建安二十","3","3","6"
"惠帝元康九年","3","3","6"
"宁元年十二月","3","3","6"
"亮建兴元年十","3","3","6"
"帝永嘉四年十","3","3","6"
"安帝元兴元年","3","3","6"
"元帝永昌元年","3","3","6"
"安帝隆安元年","3","3","6"
"太康五年五月","3","3","6"
"三年十二月乙","3","3","6"
"永宁元年七月","3","3","6"
"永昌元年十月","3","3","6"
"惠帝元康四年","3","3","6"
"都督豫州诸军","3","3","6"
"督豫州诸军事","3","3","6"
"七千八百七十","1","5","6"
"千八百七十四","1","5","6"
"二百五十万九","3","3","6"
"百五十万九千","3","3","6"
"五十万九千九","3","3","6"
"十万九千九百","3","3","6"
"千九百五十六","3","3","6"
"万五千六百二","2","4","6"
"五千六百二十","2","4","6"
"六十七万三千","1","5","6"
"七万三千一百","1","5","6"
"万三千一百五","1","5","6"
"三千一百五十","1","5","6"
"秉承皇帝旨意","1","5","6"
"镇军将军刘裕","3","3","6"
"佩剑穿鞋上殿","0","6","6"
"武帝接受禅让","0","6","6"
"两条白龙出现","0","6","6"
"汝阴王司马骏","0","6","6"
"元年春正月初","0","6","6"
"陇西王司马泰","0","6","6"
"东安王司马繇","0","6","6"
"长沙王司马磖","0","6","6"
"梁王司马肜为","0","6","6"
"都王司马颖为","0","6","6"
"徐兖二州刺史","0","6","6"
"面的四颗星叫","0","6","6"
"北面的一颗星","0","6","6"
"于十二辰中在","0","6","6"
"位下生而得的","0","6","6"
"下生而得的律","0","6","6"
"十一分之二十","0","6","6"
"加上消息改正","0","6","6"
"周天二十一万","0","6","6"
"天二十一万五","0","6","6"
"行星会合时所","0","6","6"
"星会合时所在","0","6","6"
"运行三十三度","0","6","6"
"天运行一又九","0","6","6"
"运行一又九十","0","6","6"
"行一又九十一","0","6","6"
"一又九十一分","0","6","6"
"又九十一分之","0","6","6"
"余下不满六十","0","6","6"
"所在纪干支起","0","6","6"
"在纪干支起算","0","6","6"
"有关官吏奏报","0","6","6"
"先代大臣过去","0","6","6"
"代大臣过去的","0","6","6"
"的先导和随从","0","6","6"
"有见识的人说","0","6","6"
"愍怀太子被废","0","6","6"
"这是羽虫的妖","0","6","6"
"年春正月癸丑","3","2","5"
"凉二州诸军事","3","2","5"
"车骑将军贾充","4","1","5"
"广武将军唐彬","3","2","5"
"康元年春正月","4","1","5"
"年春正月己亥","4","1","5"
"兗二州诸军事","5","0","5"
"平东将军宋哲","3","2","5"
"十一年春正月","4","1","5"
"进贡地方物产","1","4","5"
"三百六十五度","3","2","5"
"万一千三百九","2","3","5"
"一千三百九十","2","3","5"
"永康元年正月","2","3","5"
"武帝置十三州","5","0","5"
"一万一千三百","2","3","5"
"十二月十五日","1","4","5"
"小余满日法大","5","0","5"
"余满日法大余","5","0","5"
"所近节气夜漏","5","0","5"
"十三万三千一","3","2","5"
"三万三千一百","3","2","5"
"万三千一百四","3","2","5"
"三千一百四十","3","2","5"
"千一百四十八","3","2","5"
"日行百一十二","5","0","5"
"行百一十二度","5","0","5"
"度六百四十一","2","3","5"
"万七千六百七","3","2","5"
"十二度十九万","2","3","5"
"二度十九万四","2","3","5"
"度十九万四千","2","3","5"
"万九千九百八","2","3","5"
"九千九百八十","2","3","5"
"武帝咸宁二年","3","2","5"
"武帝泰始七年","3","2","5"
"穆帝升平元年","3","2","5"
"元帝太兴四年","3","2","5"
"武帝泰始六年","3","2","5"
"惠帝永宁元年","2","3","5"
"太元十三年四","2","3","5"
"元十三年四月","2","3","5"
"武帝咸宁元年","2","3","5"
"中军将军羊祜","3","2","5"
"累迁散骑常侍","5","0","5"
"食邑一千八百","1","4","5"
"车骑将军郗鉴","2","3","5"
"二千五百二十","1","4","5"
"千五百二十八","1","4","5"
"一千八百八十","1","4","5"
"王牙王司马德","1","4","5"
"牙王司马德文","1","4","5"
"孔全闭的筒音","0","5","5"
"为抚军大将军","0","5","5"
"坚决推辞不接","0","5","5"
"决推辞不接受","0","5","5"
"义阳王司马望","0","5","5"
"赦免五年以下","0","5","5"
"王牙王司马亻","0","5","5"
"牙王司马亻由","0","5","5"
"以尚书右仆射","0","5","5"
"兖二州诸军事","0","5","5"
"范阳王司马九","0","5","5"
"阳王司马九虎","0","5","5"
"讨伐成都王司","0","5","5"
"伐成都王司马","0","5","5"
"高密王司马简","0","5","5"
"平昌公司马模","0","5","5"
"河间王司马颐","0","5","5"
"南阳王司马保","0","5","5"
"的将领石季龙","0","5","5"
"容暐的将领慕","0","5","5"
"暐的将领慕容","0","5","5"
"任尚书左仆射","0","5","5"
"斗星二十一度","0","5","5"
"井星二十五度","0","5","5"
"面的一颗星叫","0","5","5"
"星侵入并停留","0","5","5"
"南面的三颗星","0","5","5"
"此星明亮硕大","0","5","5"
"雷一样的声音","0","5","5"
"成帝咸和二年","0","5","5"
"太白星犯土星","0","5","5"
"有关部门上奏","0","5","5"
"位上生而得的","0","5","5"
"上生而得的律","0","5","5"
"上消息改正后","0","5","5"
"所得商数为大","0","5","5"
"章岁十九乘以","0","5","5"
"周法五千九百","0","5","5"
"法五千九百六","0","5","5"
"五千九百六十","0","5","5"
"千九百六十九","0","5","5"
"除去逆行所退","0","5","5"
"每天运行九分","0","5","5"
"晚上伏于西方","0","5","5"
"每天运行二十","0","5","5"
"天运行二十三","0","5","5"
"运行二十三分","0","5","5"
"行二十三分之","0","5","5"
"二十三分之十","0","5","5"
"通数十三万四","0","5","5"
"数十三万四千","0","5","5"
"从所在纪干支","0","5","5"
"时的去交度分","0","5","5"
"晚上隐伏于西","0","5","5"
"上隐伏于西方","0","5","5"
"明帝太和元年","0","5","5"
"在明堂宗祀文","0","5","5"
"给事黄门侍郎","0","5","5"
"咨询某官某姓","0","5","5"
"百姓忧愁怨愤","0","5","5"
"所以其惩罚是","0","5","5"
"惠帝元康年间","0","5","5"
"有识之士认为","0","5","5"
"所推让得最多","0","5","5"
"推让得最多的","0","5","5"
"雍州刺史郭淮","2","2","4"
"辽东太守公孙","2","2","4"
"元年春正月甲","2","2","4"
"州刺史令狐愚","2","2","4"
"元元年春正月","3","1","4"
"征东将军胡遵","2","2","4"
"泰山太守胡烈","2","2","4"
"太子舍人成济","1","3","4"
"大都督中外诸","2","2","4"
"散骑常侍皇甫","2","2","4"
"骑常侍皇甫陶","2","2","4"
"遣太尉义阳王","2","2","4"
"秦州刺史胡烈","2","2","4"
"赐王公下帛差","4","0","4"
"征东大将军卫","2","2","4"
"车骑将军羊祜","2","2","4"
"荆州刺史杨肇","2","2","4"
"年春正月辛酉","4","0","4"
"西域戊己校尉","2","2","4"
"域戊己校尉马","2","2","4"
"戊己校尉马循","2","2","4"
"平南将军羊祜","2","2","4"
"凉州刺史杨欣","2","2","4"
"征北大将军卫","2","2","4"
"平南将军胡奋","2","2","4"
"冠军将军杨济","2","2","4"
"五十二万三千","2","2","4"
"五年春正月己","3","1","4"
"年春正月庚申","3","1","4"
"都督关中诸军","2","2","4"
"徐兗二州诸军","4","0","4"
"淮南寿春洪水","2","2","4"
"右光禄大夫刘","2","2","4"
"益州刺史罗尚","2","2","4"
"荆州刺史刘弘","2","2","4"
"扬州刺史曹武","2","2","4"
"抚军将军苟晞","2","2","4"
"尚书左仆射山","2","2","4"
"司隶校尉刘暾","2","2","4"
"平北将军曹武","2","2","4"
"北将军曹武讨","2","2","4"
"光禄大夫荀组","2","2","4"
"北中郎将刘演","2","2","4"
"都督宫城诸军","2","2","4"
"督宫城诸军事","2","2","4"
"监徐州诸军事","2","2","4"
"平西将军祖逖","2","2","4"
"都督司州诸军","2","2","4"
"太山太守徐龛","2","2","4"
"平北将军祖逖","2","2","4"
"徐州刺史蔡豹","2","2","4"
"年春正月丁酉","3","1","4"
"平四州诸军事","2","2","4"
"太宁三年三月","2","2","4"
"增文武位二等","4","0","4"
"历阳太守苏峻","2","2","4"
"豫州刺史祖约","2","2","4"
"右光禄大夫陆","2","2","4"
"光禄大夫陆晔","2","2","4"
"增文武位一等","4","0","4"
"都督征讨诸军","2","2","4"
"督征讨诸军事","2","2","4"
"年春正月辛巳","3","1","4"
"广州刺史邓岳","2","2","4"
"年春正月辛卯","3","1","4"
"征西将军庾亮","2","2","4"
"五年春正月辛","3","1","4"
"尚书令诸葛恢","2","2","4"
"琅邪内史桓温","2","2","4"
"安西将军庾翼","2","2","4"
"车骑将军庾冰","2","2","4"
"征虏将军杨谦","2","2","4"
"安西将军谢尚","2","2","4"
"年春正月乙卯","2","2","4"
"十二年春正月","3","1","4"
"安西将军谢奕","2","2","4"
"五年五月丁巳","2","2","4"
"北中郎将庾希","2","2","4"
"元年春二月己","2","2","4"
"荆州刺史桓豁","2","2","4"
"吴国内史刁彝","2","2","4"
"太元十一年十","2","2","4"
"崇德太后临朝","2","2","4"
"大司马桓温率","1","3","4"
"游击将军毛安","2","2","4"
"车骑将军桓冲","2","2","4"
"辅国将军杨亮","2","2","4"
"十五州诸军事","2","2","4"
"宁三州诸军事","2","2","4"
"尚书右仆射王","2","2","4"
"梁三州诸军事","2","2","4"
"二十一年九月","2","2","4"
"兖州刺史王恭","2","2","4"
"豫州刺史庾楷","2","2","4"
"辅国将军刘牢","2","2","4"
"任命琅邪王德","3","1","4"
"命琅邪王德文","3","1","4"
"新蔡王司马崇","2","2","4"
"宁朔将军高雅","2","2","4"
"凉武昭王李玄","2","2","4"
"武昭王李玄盛","2","2","4"
"冠军将军刘毅","2","2","4"
"抚军将军刘毅","2","2","4"
"冠军将军刘敬","2","2","4"
"荆州刺史司马","2","2","4"
"州刺史司马休","2","2","4"
"尚书左仆射谢","2","2","4"
"设置左右长史","1","3","4"
"百八十二度半","2","2","4"
"二百一十九度","2","2","4"
"十五万七千里","2","2","4"
"安帝隆安五年","2","2","4"
"帝黄初二年六","2","2","4"
"三年正月丙寅","2","2","4"
"武帝泰始二年","2","2","4"
"咸宁元年七月","2","2","4"
"九年十一月甲","2","2","4"
"永嘉元年十一","2","2","4"
"嘉元年十一月","2","2","4"
"帝建兴四年六","2","2","4"
"建兴四年六月","2","2","4"
"元年四月丁丑","2","2","4"
"成帝咸二年五","4","0","4"
"帝咸二年五月","4","0","4"
"二年四月己酉","2","2","4"
"孙权赤乌十一","2","2","4"
"权赤乌十一年","2","2","4"
"赤乌十一年二","2","2","4"
"乌十一年二月","2","2","4"
"惠帝元康元年","2","2","4"
"康元年十一月","2","2","4"
"元年十一月甲","2","2","4"
"安元年十一月","2","2","4"
"帝建兴二年正","2","2","4"
"建兴二年正月","2","2","4"
"帝太兴元年十","2","2","4"
"太兴元年十一","2","2","4"
"年十一月乙卯","2","2","4"
"帝太宁元年正","2","2","4"
"太宁元年正月","2","2","4"
"害尚书令刁协","2","2","4"
"景初元年十月","2","2","4"
"嘉平元年正月","2","2","4"
"二年十一月辛","2","2","4"
"年十一月辛巳","2","2","4"
"四年十二月乙","2","2","4"
"义熙元年四月","2","2","4"
"兴二年七月甲","2","2","4"
"二年七月甲午","2","2","4"
"帝建元元年八","2","2","4"
"建元元年八月","2","2","4"
"简文咸安二年","2","2","4"
"咸安二年正月","2","2","4"
"孝武宁康二年","2","2","4"
"元兴元年八月","2","2","4"
"兴元年八月庚","2","2","4"
"元年八月庚子","2","2","4"
"二年十月丁丑","2","2","4"
"熙二年十二月","2","2","4"
"千三百七十一","2","2","4"
"二百四十二年","2","2","4"
"三千三百六十","2","2","4"
"三千九百五十","2","2","4"
"七万六千三百","2","2","4"
"一万一千一百","2","2","4"
"汉献帝建安十","2","2","4"
"一万一千四百","2","2","4"
"一千四百四十","2","2","4"
"安帝义熙八年","2","2","4"
"光禄大夫荀勖","3","1","4"
"二尺八寸四分","2","2","4"
"尺八寸四分四","2","2","4"
"八寸四分四厘","2","2","4"
"万二千九百七","2","2","4"
"二千九百七十","2","2","4"
"千九百七十四","2","2","4"
"六千五百六十","2","2","4"
"五百六十一分","2","2","4"
"一千五百六十","2","2","4"
"太史令高堂隆","2","2","4"
"四千八百八十","2","2","4"
"千八百八十三","2","2","4"
"三年十一月二","2","2","4"
"十一月十五日","2","2","4"
"一月十五日乙","2","2","4"
"月十五日乙巳","2","2","4"
"五月十七日庚","2","2","4"
"月十七日庚辰","2","2","4"
"十一月二十六","1","3","4"
"一月二十六日","1","3","4"
"月十五日丁丑","2","2","4"
"六月二十五日","2","2","4"
"十一月十三日","1","3","4"
"二月二十八日","1","3","4"
"千四百五十七","1","3","4"
"正十一月朔日","2","2","4"
"二千三百五十","2","2","4"
"千三百五十六","2","2","4"
"加大余六十九","2","2","4"
"乘所近节气夜","4","0","4"
"日余二千五百","1","3","4"
"七千三百七十","2","2","4"
"千三百七十八","2","2","4"
"合月法乘朔小","4","0","4"
"月法乘朔小余","4","0","4"
"十六万六千二","2","2","4"
"六万六千二百","2","2","4"
"一万一千七百","2","2","4"
"余满日度法一","4","0","4"
"六百四十六分","2","2","4"
"九百九十八分","2","2","4"
"十四万二千三","2","2","4"
"四万二千三百","2","2","4"
"万二千三百二","2","2","4"
"二千三百二十","2","2","4"
"千三百二十三","2","2","4"
"三百二十三分","2","2","4"
"二度三百二十","2","2","4"
"度三百二十三","2","2","4"
"三百二十三万","2","2","4"
"百二十三万四","2","2","4"
"二十三万四千","2","2","4"
"百四十八万九","2","2","4"
"四十八万九千","2","2","4"
"十八万九千八","2","2","4"
"八万九千八百","2","2","4"
"万九千八百六","2","2","4"
"九千八百六十","2","2","4"
"千八百六十八","2","2","4"
"八百六十八分","2","2","4"
"度百二十四万","4","0","4"
"百二十四万二","2","2","4"
"二十四万二千","2","2","4"
"十四万二千八","2","2","4"
"四万二千八百","2","2","4"
"百八十四日行","4","0","4"
"九十二日行四","4","0","4"
"十二日行四十","4","0","4"
"二日行四十八","4","0","4"
"日行四十八度","4","0","4"
"百一十二万二","2","2","4"
"一十二万二千","2","2","4"
"十二万二千四","2","2","4"
"二万二千四百","2","2","4"
"万二千四百二","2","2","4"
"二千四百二十","2","2","4"
"千四百二十六","2","2","4"
"万五千八百六","2","2","4"
"五千八百六十","2","2","4"
"千八百六十四","2","2","4"
"一百四十八分","2","2","4"
"日行三十三度","4","0","4"
"度九十一分二","4","0","4"
"九十一分二十","4","0","4"
"十一日行百一","4","0","4"
"一日行百一十","4","0","4"
"三十二度六百","2","2","4"
"十二度六百四","2","2","4"
"小余二千四百","2","2","4"
"余二千四百一","2","2","4"
"二千一百四十","2","2","4"
"正十一月朔夜","2","2","4"
"十一月朔夜半","2","2","4"
"十九万五千六","2","2","4"
"九万五千六百","2","2","4"
"万五千六百六","2","2","4"
"五千六百六十","2","2","4"
"千六百六十四","2","2","4"
"二千三百八十","2","2","4"
"九十九万七千","2","2","4"
"十九万七千八","2","2","4"
"九万七千八百","2","2","4"
"万七千八百三","2","2","4"
"七千八百三十","2","2","4"
"八百三十二分","2","2","4"
"百七十九万五","2","2","4"
"七十九万五千","2","2","4"
"十九万五千二","2","2","4"
"九万五千二百","2","2","4"
"千二百三十八","2","2","4"
"二百三十八分","2","2","4"
"百七十九万二","2","2","4"
"七十九万二千","2","2","4"
"十九万二千六","2","2","4"
"九万二千六百","2","2","4"
"万二千六百一","2","2","4"
"二千六百一十","2","2","4"
"千六百一十五","2","2","4"
"六百一十五分","2","2","4"
"百二十四万九","2","2","4"
"二十四万九千","2","2","4"
"万九千三百四","2","2","4"
"九千三百四十","2","2","4"
"三百四十五分","2","2","4"
"三百八十四万","2","2","4"
"百八十四万七","2","2","4"
"八十四万七千","2","2","4"
"七千六百七十","2","2","4"
"千六百七十五","2","2","4"
"度六百四十九","2","2","4"
"六百四十九万","2","2","4"
"百四十九万一","2","2","4"
"四十九万一千","2","2","4"
"十九万一千一","2","2","4"
"九万一千一百","2","2","4"
"五十二度十九","2","2","4"
"三十六度二千","2","2","4"
"四百六十六日","2","2","4"
"孝武太元九年","2","2","4"
"万三千八百四","2","2","4"
"三千八百四十","2","2","4"
"魏明帝太元年","4","0","4"
"年十二月甲子","2","2","4"
"建元元年正月","2","2","4"
"黄初二年正月","2","2","4"
"魏明帝景初元","2","2","4"
"魏文帝黄初七","2","2","4"
"文帝黄初七年","2","2","4"
"帝黄初七年正","2","2","4"
"黄初七年正月","2","2","4"
"散骑常侍刘邵","2","2","4"
"魏元帝咸熙元","2","2","4"
"元帝咸熙元年","2","2","4"
"成帝咸康元年","2","2","4"
"魏明帝青龙元","2","2","4"
"明帝青龙元年","2","2","4"
"帝泰始元年十","2","2","4"
"泰始元年十二","2","2","4"
"始元年十二月","2","2","4"
"元年十二月己","2","2","4"
"年十一月己酉","2","2","4"
"刺史二千石长","2","2","4"
"史二千石长吏","2","2","4"
"国子博士车胤","2","2","4"
"帝泰始四年九","2","2","4"
"泰始四年九月","2","2","4"
"前太尉参军何","2","2","4"
"太尉参军何琦","2","2","4"
"使持节太常彪","2","2","4"
"卤簿左右二行","4","0","4"
"孝武太元二年","3","1","4"
"孙亮建兴二年","2","2","4"
"惠帝太安二年","2","2","4"
"吴孙亮建兴元","2","2","4"
"孝怀帝永嘉四","2","2","4"
"孝武帝宁康元","2","2","4"
"武帝宁康元年","2","2","4"
"帝宁康元年三","2","2","4"
"宁康元年三月","2","2","4"
"帝隆安二年三","2","2","4"
"隆安二年三月","2","2","4"
"孙皓天玺元年","2","2","4"
"东阳太守殷仲","2","2","4"
"阳太守殷仲文","2","2","4"
"吴孙权赤乌八","2","2","4"
"孙权赤乌八年","2","2","4"
"权赤乌八年夏","2","2","4"
"安元年十二月","2","2","4"
"元年十二月壬","2","2","4"
"安帝义熙七年","2","2","4"
"咸康元年八月","2","2","4"
"咸宁元年八月","2","2","4"
"武帝太康九年","2","2","4"
"愍帝建兴元年","2","2","4"
"帝太康五年五","2","2","4"
"益州刺史皇甫","2","2","4"
"州刺史皇甫晏","2","2","4"
"惠帝元康八年","2","2","4"
"武帝太元十年","2","2","4"
"帝太元十年四","2","2","4"
"太元十年四月","2","2","4"
"帝元康二年二","2","2","4"
"元康二年二月","2","2","4"
"汉献帝建安二","2","2","4"
"吴孙亮五凤元","2","2","4"
"孙亮五凤元年","2","2","4"
"元康九年六月","2","2","4"
"建兴二年十一","2","2","4"
"惠帝永康元年","2","2","4"
"孝怀帝永嘉元","2","2","4"
"帝元康五年三","2","2","4"
"元康五年三月","2","2","4"
"年十二月丙寅","2","2","4"
"永嘉四年十月","2","2","4"
"安帝元兴二年","2","2","4"
"散骑常侍车灌","2","2","4"
"光熙元年五月","2","2","4"
"元年十二月甲","2","2","4"
"怀帝永嘉六年","2","2","4"
"孙休永安四年","2","2","4"
"太安元年四月","2","2","4"
"千九百八十九","2","2","4"
"川太守刘子元","2","2","4"
"守河南尹杜预","2","2","4"
"散骑侍郎裴楷","2","2","4"
"骑都尉成公绥","2","2","4"
"洛阳令司马肇","2","2","4"
"中军将军桓冲","2","2","4"
"汲郡典农中郎","2","2","4"
"郡典农中郎将","2","2","4"
"迁尚书左仆射","4","0","4"
"荆州刺史胡烈","2","2","4"
"吴西陵督步阐","2","2","4"
"追赠征南大将","2","2","4"
"赠征南大将军","2","2","4"
"御史大夫王沈","2","2","4"
"散骑黄门侍郎","2","2","4"
"帐下司马大车","2","2","4"
"都督豫州军事","2","2","4"
"辽东悼惠王定","2","2","4"
"东悼惠王定国","2","2","4"
"监豫州诸军事","2","2","4"
"员外散骑侍郎","2","2","4"
"护匈奴中郎将","2","2","4"
"典军将军杨嚣","2","2","4"
"大将军事中郎","4","0","4"
"监淮北诸军事","2","2","4"
"扬州刺史应绰","2","2","4"
"二年春正月丙","2","2","4"
"都督陇右关中","2","2","4"
"督陇右关中诸","2","2","4"
"陇右关中诸军","2","2","4"
"右关中诸军事","2","2","4"
"吏部尚书周闵","2","2","4"
"豫州刺史谢尚","2","2","4"
"龙骧将军袁真","2","2","4"
"益宁二州诸军","2","2","4"
"宁二州诸军事","2","2","4"
"益州刺史司马","2","2","4"
"兖州刺史刘藩","2","2","4"
"安二年十一月","2","2","4"
"三万一千三百","2","2","4"
"万一千三百里","2","2","4"
"六千七百二十","2","2","4"
"一千一百五十","1","3","4"
"八千一百九十","2","2","4"
"一千八百三十","2","2","4"
"九百五十六分","2","2","4"
"二万四千六百","1","3","4"
"千六百三十八","1","3","4"
"十二万二千七","2","2","4"
"十二万五千六","1","3","4"
"千六百二十一","1","3","4"
"四十一万二千","2","2","4"
"一万二千九百","1","3","4"
"百四十七万二","2","2","4"
"四十七万二千","2","2","4"
"十七万二千八","2","2","4"
"七万二千八百","2","2","4"
"千八百六十九","2","2","4"
"四万五千三百","2","2","4"
"三百五十八万","2","2","4"
"百五十八万五","2","2","4"
"五十八万五千","2","2","4"
"十八万五千二","2","2","4"
"八万五千二百","2","2","4"
"六十七万五千","2","2","4"
"十七万五千三","2","2","4"
"七万五千三百","2","2","4"
"万五千三百六","2","2","4"
"五千三百六十","2","2","4"
"千三百六十四","2","2","4"
"五百九十六万","2","2","4"
"百九十六万二","2","2","4"
"九十六万二千","2","2","4"
"十六万二千二","2","2","4"
"六万二千二百","2","2","4"
"万二千二百五","2","2","4"
"二千二百五十","2","2","4"
"千二百五十六","2","2","4"
"万三千九百九","2","2","4"
"三千九百九十","2","2","4"
"一千九百八十","1","3","4"
"武帝泰始三年","2","2","4"
"元年十二月丙","2","2","4"
"吴孙亮五凤二","2","2","4"
"孙亮五凤二年","2","2","4"
"六年正月丙寅","2","2","4"
"武帝泰始十年","2","2","4"
"就是这种情况","0","4","4"
"为太子中庶子","0","4","4"
"从事农业生产","0","4","4"
"武帝接受惮让","0","4","4"
"安平王司马孚","0","4","4"
"王公以下帛不","0","4","4"
"公以下帛不等","0","4","4"
"二月二十四日","0","4","4"
"宣武观举行大","0","4","4"
"首级传到京师","0","4","4"
"王司马亻由为","0","4","4"
"十一月十六日","0","4","4"
"南王司马亮为","0","4","4"
"扶风王司马骏","0","4","4"
"以尚书左仆射","0","4","4"
"太子即皇帝位","0","4","4"
"淮南王司马允","0","4","4"
"赵王司马伦为","0","4","4"
"司马肜为太宰","0","4","4"
"清河王司马遐","0","4","4"
"司马颖为皇太","0","4","4"
"为镇军大将军","0","4","4"
"邪王司马睿为","0","4","4"
"南阳王司马模","0","4","4"
"石勒部将石季","0","4","4"
"勒部将石季龙","0","4","4"
"五年以下徒刑","0","4","4"
"石勒的将领石","0","4","4"
"八年正月初一","0","4","4"
"会稽王的大儿","0","4","4"
"稽王的大儿子","0","4","4"
"王的大儿子司","0","4","4"
"的大儿子司马","0","4","4"
"王牙王司马道","0","4","4"
"牙王司马道子","0","4","4"
"王司马道子为","0","4","4"
"骧将军刘牢之","0","4","4"
"以琅王牙王司","0","4","4"
"大儿子司马元","0","4","4"
"儿子司马元显","0","4","4"
"王司马德文为","0","4","4"
"夜间在地下运","0","4","4"
"间在地下运行","0","4","4"
"所以夜间时间","0","4","4"
"星进入并停留","0","4","4"
"星南面的三颗","0","4","4"
"所应对的国家","0","4","4"
"所对应的国家","0","4","4"
"顺抱而击者必","0","4","4"
"抱而击者必胜","0","4","4"
"皇帝下诏书说","0","4","4"
"帝咸和二年五","0","4","4"
"咸和二年五月","0","4","4"
"哀帝隆和元年","0","4","4"
"穆帝永和八年","0","4","4"
"太和元年二月","0","4","4"
"之外的五百里","0","4","4"
"外的五百里是","0","4","4"
"雍州刺史镇守","0","4","4"
"就是这个道理","0","4","4"
"十二律旋相为","0","4","4"
"二律旋相为宫","0","4","4"
"百四十三分之","0","4","4"
"季第一个月的","0","4","4"
"第一个月的气","0","4","4"
"百八十七分之","0","4","4"
"八十七分之一","0","4","4"
"十七分之一千","0","4","4"
"五大行星的运","0","4","4"
"为所求年天正","0","4","4"
"得商数为大余","0","4","4"
"的方法与前面","0","4","4"
"以纪法五百八","0","4","4"
"所得商数为积","0","4","4"
"基础上加大余","0","4","4"
"周天部分除以","0","4","4"
"天部分除以纪","0","4","4"
"部分除以纪法","0","4","4"
"牛宿前五度起","0","4","4"
"宿前五度起算","0","4","4"
"月周七千八百","0","4","4"
"周七千八百七","0","4","4"
"月亮所在宿度","0","4","4"
"以章岁十九乘","0","4","4"
"天正十一月起","0","4","4"
"正十一月起算","0","4","4"
"通数三十一乘","0","4","4"
"数三十一乘以","0","4","4"
"以周法五千九","0","4","4"
"章月二百三十","0","4","4"
"月二百三十五","0","4","4"
"合月法乘以朔","0","4","4"
"月法乘以朔小","0","4","4"
"法乘以朔小余","0","4","4"
"次会合时入月","0","4","4"
"会合时入月日","0","4","4"
"为本次会合时","0","4","4"
"万三千九百零","0","4","4"
"三千九百零八","0","4","4"
"千九百零八分","0","4","4"
"六百零一万二","0","4","4"
"百零一万二千","0","4","4"
"零一万二千五","0","4","4"
"万二千五百零","0","4","4"
"二千五百零五","0","4","4"
"千五百零五分","0","4","4"
"经过斗宿时除","0","4","4"
"过斗宿时除去","0","4","4"
"斗宿时除去斗","0","4","4"
"每天运行五十","0","4","4"
"五十八天共运","0","4","4"
"十八天共运行","0","4","4"
"天共运行十一","0","4","4"
"共运行十一度","0","4","4"
"天共运行九度","0","4","4"
"度一百二十四","0","4","4"
"一百二十四万","0","4","4"
"一百八十四天","0","4","4"
"百八十四天运","0","4","4"
"八十四天运行","0","4","4"
"十四天运行一","0","4","4"
"四天运行一百","0","4","4"
"九十二天运行","0","4","4"
"十二天运行四","0","4","4"
"二天运行四十","0","4","4"
"天运行四十八","0","4","4"
"运行四十八度","0","4","4"
"每天运行五分","0","4","4"
"天运行五分之","0","4","4"
"运行五分之三","0","4","4"
"行五分之三度","0","4","4"
"十天退行六度","0","4","4"
"每天运行四十","0","4","4"
"分之三十三度","0","4","4"
"天运行三十三","0","4","4"
"天运行一百零","0","4","4"
"九十一分之二","0","4","4"
"晚上在西方出","0","4","4"
"上在西方出现","0","4","4"
"总计二次会合","0","4","4"
"一天退行一度","0","4","4"
"为一年的开始","0","4","4"
"七十九万零一","0","4","4"
"十九万零一百","0","4","4"
"九万零一百一","0","4","4"
"万零一百一十","0","4","4"
"月亮在黄道南","0","4","4"
"以通数十三万","0","4","4"
"除以纪法一千","0","4","4"
"千六百三十乘","0","4","4"
"六百三十乘以","0","4","4"
"小余满日法四","0","4","4"
"余满日法四千","0","4","4"
"满日法四千五","0","4","4"
"起算命名的方","0","4","4"
"算命名的方法","0","4","4"
"在中气或节气","0","4","4"
"中气或节气前","0","4","4"
"气或节气前后","0","4","4"
"周天六十七万","0","4","4"
"天六十七万三","0","4","4"
"太阳所在宿度","0","4","4"
"分满纪法一千","0","4","4"
"满纪法一千八","0","4","4"
"八百四十三化","0","4","4"
"百四十三化入","0","4","4"
"四十三化入度","0","4","4"
"会合时所在宿","0","4","4"
"合时所在宿度","0","4","4"
"一百七十九万","0","4","4"
"五十七天共运","0","4","4"
"十七天共运行","0","4","4"
"日和一次日食","0","4","4"
"和一次日食符","0","4","4"
"一次日食符合","0","4","4"
"十三次日食符","0","4","4"
"三次日食符合","0","4","4"
"魏明帝太和元","0","4","4"
"今天派遣使持","0","4","4"
"天派遣使持节","0","4","4"
"皇帝下达美好","0","4","4"
"帝下达美好的","0","4","4"
"下达美好的命","0","4","4"
"达美好的命令","0","4","4"
"趟王司马伦篡","0","4","4"
"用三匹马驾车","0","4","4"
"左右各有两行","0","4","4"
"右各有两行仪","0","4","4"
"各有两行仪仗","0","4","4"
"有两行仪仗队","0","4","4"
"以油彩涂绘的","0","4","4"
"元帝太兴年间","0","4","4"
"忧愁怨愤的应","0","4","4"
"愁怨愤的应兆","0","4","4"
"司马伦篡位后","0","4","4"
"成帝咸和六年","0","4","4"
"打雷一样的声","0","4","4"
"房屋折断树木","0","4","4"
"黄雾笼罩四方","0","4","4"
"皇后没有儿子","0","4","4"
"照旧有的典章","0","4","4"
"转任散骑常侍","0","4","4"
"升为散骑常侍","0","4","4"
"以侯爵身份回","0","4","4"
"把女儿嫁给他","0","4","4"
"历任散骑常侍","0","4","4"
"五等爵位建立","0","4","4"
"做到散骑常侍","0","4","4"
"封邑一千八百","0","4","4"
"任太子中庶子","0","4","4"
"将军的职位依","0","4","4"
"军的职位依旧","0","4","4"
"大将军从事中","0","4","4"
"将军从事中郎","0","4","4"
"让得最多的人","0","4","4"
"得最多的人任","0","4","4"
"最多的人任用","0","4","4"
"多的人任用他","0","4","4"
"王彪之为尚书","0","4","4"
"豫二州诸军事","2","1","3"
"扬州刺史文钦","2","1","3"
"督淮北诸军事","2","1","3"
"年春正月壬寅","2","1","3"
"帝明堂配上帝","3","0","3"
"四年春正月辛","3","0","3"
"年春正月辛未","3","0","3"
"雍州陇右五郡","2","1","3"
"汲郡太守王宏","2","1","3"
"州刺史胡烈击","2","1","3"
"年春正月丙子","3","0","3"
"年春正月辛亥","3","0","3"
"宁元年春正月","2","1","3"
"元年春正月戊","3","0","3"
"己校尉马循讨","2","1","3"
"征南大将军羊","1","2","3"
"南大将军羊祜","1","2","3"
"安东将军王浑","1","2","3"
"元年春正月己","3","0","3"
"六年春正月庚","3","0","3"
"熙元年四月己","2","1","3"
"都督徐兗二州","3","0","3"
"督徐兗二州诸","3","0","3"
"徵征西大将军","3","0","3"
"都督雍梁二州","2","1","3"
"督雍梁二州诸","2","1","3"
"雍梁二州诸军","2","1","3"
"雍州刺史解系","2","1","3"
"建威将军周处","2","1","3"
"元年春正月癸","2","1","3"
"年春正月癸亥","3","0","3"
"年春正月乙丑","2","1","3"
"卫将军王舆谋","2","1","3"
"元年春正月庚","3","0","3"
"年春正月庚子","3","0","3"
"州刺史曹武杀","1","2","3"
"遣右将军张方","2","1","3"
"熙元年十一月","2","1","3"
"元年十一月庚","1","2","3"
"死者三千余人","3","0","3"
"三年春正月甲","2","1","3"
"四年春正月乙","2","1","3"
"东大将军苟晞","2","1","3"
"死者十余万人","3","0","3"
"年春正月己巳","2","1","3"
"十二月甲申朔","3","0","3"
"梁州刺史周访","1","2","3"
"兴元年春正月","3","0","3"
"二年春正月丁","2","1","3"
"年春正月丁卯","2","1","3"
"雍六州诸军事","2","1","3"
"元年正月乙卯","2","1","3"
"勒将石季龙攻","3","0","3"
"石勒攻陷襄城","1","2","3"
"宁三年三月戊","2","1","3"
"三年三月戊辰","2","1","3"
"八年春正月辛","2","1","3"
"年春正月庚午","3","0","3"
"二年春正月辛","2","1","3"
"三年春正月辛","3","0","3"
"年春正月辛丑","2","1","3"
"交广七州诸军","3","0","3"
"江州刺史王允","2","1","3"
"年春正月甲戌","2","1","3"
"安西将军桓温","1","2","3"
"石季龙故将麻","2","1","3"
"季龙故将麻秋","2","1","3"
"年春正月甲辰","2","1","3"
"都督徐兗青冀","3","0","3"
"督徐兗青冀幽","3","0","3"
"徐兗青冀幽五","3","0","3"
"兗青冀幽五州","3","0","3"
"南太守戴施奔","2","1","3"
"江州刺史桓冲","2","1","3"
"兴宁三年二月","1","2","3"
"冬十一月己酉","2","1","3"
"征西将军桓豁","2","1","3"
"西大将军桓豁","1","2","3"
"青兗二州刺史","3","0","3"
"十五年春正月","2","1","3"
"游击将军毛邃","2","1","3"
"振武将军刘道","1","2","3"
"益州刺史毛璩","1","2","3"
"凉武昭王玄盛","2","1","3"
"军将军刘敬宣","2","1","3"
"四年春正月甲","2","1","3"
"任命吏部尚书","1","2","3"
"龙骧将军王镇","1","2","3"
"骧将军王镇恶","1","2","3"
"度五百八十九","1","2","3"
"一百八十二度","1","2","3"
"天东西南北径","2","1","3"
"东西南北径三","2","1","3"
"西南北径三十","2","1","3"
"南北径三十五","2","1","3"
"北径三十五万","2","1","3"
"径三十五万七","2","1","3"
"飞星大缶若甕","3","0","3"
"穆帝升平五年","2","1","3"
"年正月丙寅朔","2","1","3"
"五年十一月戊","2","1","3"
"年十一月戊申","2","1","3"
"十一月甲子朔","3","0","3"
"四年十一月辛","2","1","3"
"升平元年十一","1","2","3"
"平元年十一月","1","2","3"
"太皇太后李氏","1","2","3"
"左仆射孔安国","1","2","3"
"元年八月丁未","2","1","3"
"平帝元始二年","2","1","3"
"世祖武皇帝接","3","0","3"
"汉武帝置十三","3","0","3"
"一万六千七百","2","1","3"
"五万九千二百","2","1","3"
"州刺史镇蒲坂","3","0","3"
"一千二百二十","1","2","3"
"武帝太康元年","2","1","3"
"六国时魏襄王","2","1","3"
"黄钟律长九寸","1","2","3"
"令太乐郎刘秀","1","2","3"
"寸二百四十三","3","0","3"
"百四十三分寸","3","0","3"
"百八十七分寸","3","0","3"
"一千六百三十","1","2","3"
"寸万九千六百","3","0","3"
"百八十三分寸","3","0","3"
"六千五百二十","2","1","3"
"千四百四十一","1","2","3"
"九寸五分五厘","1","2","3"
"六月二十九日","1","2","3"
"十一月十八日","1","2","3"
"十一月二十二","1","2","3"
"一月二十二日","1","2","3"
"十一月十二日","2","1","3"
"六月二十二日","1","2","3"
"十二月十三日","1","2","3"
"十二月十四日","1","2","3"
"十二月二十八","1","2","3"
"千一百七十八","1","2","3"
"小余七百七十","2","1","3"
"余七百七十三","2","1","3"
"朔夜半月所度","3","0","3"
"小月加度二十","2","1","3"
"月加度二十二","2","1","3"
"合朔日月所共","3","0","3"
"建安十一年丙","2","1","3"
"安十一年丙戌","2","1","3"
"积七千三百七","2","1","3"
"七万三千一十","3","0","3"
"万三千一十三","3","0","3"
"满日度法一度","3","0","3"
"合朔小余满虚","2","1","3"
"朔小余满虚分","2","1","3"
"四十七万八千","2","1","3"
"十七万八千九","2","1","3"
"七万八千九百","2","1","3"
"万八千九百九","2","1","3"
"八千九百九十","2","1","3"
"千九百九十八","2","1","3"
"万三千九百八","3","0","3"
"三千九百八分","3","0","3"
"六百一万二千","3","0","3"
"百一万二千五","3","0","3"
"万二千五百五","3","0","3"
"二千五百五分","3","0","3"
"百七十四万二","2","1","3"
"七十四万二千","2","1","3"
"日行二十三分","3","0","3"
"行二十三分十","3","0","3"
"八十四日行百","3","0","3"
"十四日行百一","3","0","3"
"四日行百一十","3","0","3"
"日五万六千九","3","0","3"
"度五万六千九","1","2","3"
"日六百四十一","3","0","3"
"置所入纪朔积","3","0","3"
"所入纪朔积分","3","0","3"
"纪下交会差率","2","1","3"
"月合朔交度分","3","0","3"
"十二日十九万","3","0","3"
"二日十九万四","3","0","3"
"日十九万四千","3","0","3"
"三十八万九千","1","2","3"
"十八万九千九","1","2","3"
"八万九千九百","1","2","3"
"千九百八十分","1","2","3"
"日二千三十四","3","0","3"
"千八百九十六","1","2","3"
"八百九十六万","1","2","3"
"百九十六万一","1","2","3"
"九十六万一千","1","2","3"
"十六万一千三","1","2","3"
"六万一千三百","1","2","3"
"千三百九十五","1","2","3"
"三百九十五分","1","2","3"
"历象日月星辰","2","1","3"
"百四十二年间","1","2","3"
"郊祀后稷配天","3","0","3"
"宗祀文王明堂","3","0","3"
"祀文王明堂配","3","0","3"
"文王明堂配上","3","0","3"
"王明堂配上帝","3","0","3"
"帝黄初四年七","2","1","3"
"黄初四年七月","2","1","3"
"郡公侯特进夫","2","1","3"
"公侯特进夫人","2","1","3"
"太康三年四月","2","1","3"
"护军将军冯怀","2","1","3"
"将军谯王司马","1","2","3"
"夜漏未尽七刻","3","0","3"
"齐王正始元年","2","1","3"
"奉天地宗庙社","2","1","3"
"天地宗庙社稷","2","1","3"
"使使持节太常","3","0","3"
"使者重宣中诏","3","0","3"
"大会王公上寿","1","2","3"
"司徒左长史王","1","2","3"
"所谓德车结旌","2","1","3"
"司隶校尉石鉴","2","1","3"
"太元十年正月","1","2","3"
"四年十二月戊","1","2","3"
"年十二月戊寅","1","2","3"
"元兴元年正月","1","2","3"
"怀帝永嘉三年","1","2","3"
"太兴元年六月","2","1","3"
"帝景元三年十","2","1","3"
"景元三年十月","2","1","3"
"安帝元兴三年","2","1","3"
"太元二年正月","1","2","3"
"洛阳东北步广","2","1","3"
"阳东北步广里","2","1","3"
"东北步广里地","2","1","3"
"咸康二年正月","1","2","3"
"年十二月甲申","2","1","3"
"年十一月辛卯","2","1","3"
"吴孙皓宝鼎元","2","1","3"
"金木水火沴土","3","0","3"
"武帝太元十三","1","2","3"
"帝太元十三年","1","2","3"
"太元八年二月","1","2","3"
"义熙四年正月","1","2","3"
"年正月壬子夜","2","1","3"
"征西将军夏侯","2","1","3"
"西将军夏侯玄","2","1","3"
"颍川太守周雄","2","1","3"
"升平元年八月","2","1","3"
"子道子琅邪王","3","0","3"
"太元二十一年","1","2","3"
"邑一千六百户","1","2","3"
"博陵元公王沈","1","2","3"
"监青州诸军事","2","1","3"
"祜都督荆州诸","2","1","3"
"太尉汝南王亮","3","0","3"
"万一千三百户","1","2","3"
"进位光禄大夫","2","1","3"
"赠金紫光禄大","2","1","3"
"加授光禄大夫","1","2","3"
"扬州刺史周浚","2","1","3"
"追赠骠骑将军","2","1","3"
"北大将军卫瓘","2","1","3"
"军大将军王浚","1","2","3"
"冀四州诸军事","2","1","3"
"万九千四十九","2","1","3"
"海西公太元年","3","0","3"
"京房三分益一","3","0","3"
"七千一百七十","1","2","3"
"千一百七十一","1","2","3"
"度二百五十万","1","2","3"
"度四十七万八","1","2","3"
"千五百二十九","2","1","3"
"一百四十七万","1","2","3"
"帝建元元年七","1","2","3"
"建元元年七月","1","2","3"
"元元年七月庚","1","2","3"
"元年七月庚申","1","2","3"
"孝武帝太元三","1","2","3"
"武帝太元三年","1","2","3"
"永兴元年正月","1","2","3"
"元兴二年二月","1","2","3"
"荆州刺史殷仲","1","2","3"
"州刺史殷仲堪","1","2","3"
"三百七十八年","1","2","3"
"一万一千五百","1","2","3"
"一边种地一边","0","3","3"
"个郡国发生地","0","3","3"
"郡国发生地震","0","3","3"
"音孔全闭的筒","0","3","3"
"说的就是这种","0","3","3"
"的就是这种情","0","3","3"
"由来已经很久","0","3","3"
"统治国家的人","0","3","3"
"宣帝坚决推辞","0","3","3"
"同意这个意见","0","3","3"
"派遣荆州刺史","0","3","3"
"伐蜀国的时候","0","3","3"
"增加食邑一千","0","3","3"
"常道乡公即位","0","3","3"
"于是实行大赦","0","3","3"
"四年春正月初","0","3","3"
"阴王司马骏为","0","3","3"
"年春正月二十","0","3","3"
"正月二十六日","0","3","3"
"七月二十六日","0","3","3"
"为征北大将军","0","3","3"
"派遣车骑将军","0","3","3"
"举行大规模阅","0","3","3"
"行大规模阅兵","0","3","3"
"王的儿子司马","0","3","3"
"在宣武观举行","0","3","3"
"三年春正月初","0","3","3"
"东莞王司马亻","0","3","3"
"莞王司马亻由","0","3","3"
"赐给王公以下","0","3","3"
"齐王司马攸为","0","3","3"
"邳王司马晃为","0","3","3"
"个郡国发大水","0","3","3"
"九月二十九日","0","3","3"
"贾后假借皇帝","0","3","3"
"后假借皇帝诏","0","3","3"
"假借皇帝诏令","0","3","3"
"东平王司马懋","0","3","3"
"间王司马颙为","0","3","3"
"召征西大将军","0","3","3"
"他的三个儿子","0","3","3"
"康元年正月初","0","3","3"
"司马伦假借皇","0","3","3"
"马伦假借皇帝","0","3","3"
"伦假借皇帝诏","0","3","3"
"假借皇帝诏命","0","3","3"
"王司马肜为太","0","3","3"
"范阳王司马羉","0","3","3"
"马颖为皇太弟","0","3","3"
"豫章王司马炽","0","3","3"
"都王司马颖的","0","3","3"
"昌公司马模派","0","3","3"
"骠骑将军范阳","0","3","3"
"骑将军范阳王","0","3","3"
"将军范阳王司","0","3","3"
"军范阳王司马","0","3","3"
"彭城王司马释","0","3","3"
"河王司马覃入","0","3","3"
"并州刺史刘琨","0","3","3"
"海王司马越的","0","3","3"
"阳王司马保为","0","3","3"
"举行哀悼仪式","0","3","3"
"兴元年正月初","0","3","3"
"怀帝永嘉年间","0","3","3"
"南顿王司马宗","0","3","3"
"勒的将领石季","0","3","3"
"将领石季龙在","0","3","3"
"任右光禄大夫","0","3","3"
"李雄的将领李","0","3","3"
"雄的将领李寿","0","3","3"
"免五年以下徒","0","3","3"
"年以下徒刑的","0","3","3"
"石弘的将领石","0","3","3"
"东海王司马冲","0","3","3"
"王牙王司马岳","0","3","3"
"五年正月二十","0","3","3"
"任左光禄大夫","0","3","3"
"将军桓温率领","0","3","3"
"谯王司马无忌","0","3","3"
"桓温率领军队","0","3","3"
"率领军队北伐","0","3","3"
"稽王司马昱为","0","3","3"
"都督徐兖青冀","0","3","3"
"督徐兖青冀幽","0","3","3"
"徐兖青冀幽五","0","3","3"
"兖青冀幽五州","0","3","3"
"皇太后下诏说","0","3","3"
"琅邪王司马奕","0","3","3"
"苻坚的将领王","0","3","3"
"坚的将领王猛","0","3","3"
"司马昱为琅邪","0","3","3"
"马昱为琅邪王","0","3","3"
"安葬在隆平陵","0","3","3"
"朝廷的军队大","0","3","3"
"廷的军队大败","0","3","3"
"州刺史朱序为","0","3","3"
"之为镇北将军","0","3","3"
"谯王司马尚之","0","3","3"
"每天运行一度","0","3","3"
"一百一十五度","0","3","3"
"是三百六十五","0","3","3"
"又四分之一度","0","3","3"
"所以白天时间","0","3","3"
"运行的度数逐","0","3","3"
"行的度数逐渐","0","3","3"
"正是天体直径","0","3","3"
"是天体直径的","0","3","3"
"天体直径的一","0","3","3"
"体直径的一半","0","3","3"
"面的九颗星叫","0","3","3"
"此星若移动则","0","3","3"
"是日月星三光","0","3","3"
"面的两颗星叫","0","3","3"
"五星进入并停","0","3","3"
"水陆交通要道","0","3","3"
"十二次中的鹑","0","3","3"
"离地大约六丈","0","3","3"
"方有三颗大星","0","3","3"
"有三颗大星出","0","3","3"
"三颗大星出现","0","3","3"
"体大如缶像瓮","0","3","3"
"太阳被抱气重","0","3","3"
"阳被抱气重围","0","3","3"
"月丁丑日初一","0","3","3"
"月戊申日初一","0","3","3"
"月乙未日初一","0","3","3"
"月丁巳日初一","0","3","3"
"太阳中有黑气","0","3","3"
"月亮犯及太白","0","3","3"
"亮犯及太白星","0","3","3"
"掩蔽了荧惑星","0","3","3"
"有大规模战争","0","3","3"
"这一年石季龙","0","3","3"
"服之外的五百","0","3","3"
"种的土地每家","0","3","3"
"规定缴纳赋税","0","3","3"
"定缴纳赋税的","0","3","3"
"缴纳赋税的有","0","3","3"
"纳赋税的有六","0","3","3"
"差业刺史镇守","0","3","3"
"舜建置十二牧","0","3","3"
"万九千五百户","0","3","3"
"现在是下征调","0","3","3"
"在是下征调的","0","3","3"
"又二百四十三","0","3","3"
"七分之一千零","0","3","3"
"一千零七十五","0","3","3"
"季末一个月的","0","3","3"
"末一个月的气","0","3","3"
"又一万九千六","0","3","3"
"百八十三分之","0","3","3"
"一分之二十二","0","3","3"
"星的运动状况","0","3","3"
"大行星的运动","0","3","3"
"百零五为斗分","0","3","3"
"落后于实际天","0","3","3"
"后于实际天象","0","3","3"
"消息改正后在","0","3","3"
"四万三千零二","0","3","3"
"万三千零二十","0","3","3"
"三千零二十六","0","3","3"
"一千四百五十","0","3","3"
"一万一千零四","0","3","3"
"万一千零四十","0","3","3"
"一千零四十五","0","3","3"
"所求年入纪年","0","3","3"
"求年入纪年数","0","3","3"
"年入纪年数减","0","3","3"
"入纪年数减去","0","3","3"
"纪年数减去一","0","3","3"
"从其入纪起算","0","3","3"
"即为所求年天","0","3","3"
"余的基础上加","0","3","3"
"的基础上加七","0","3","3"
"除以纪法五百","0","3","3"
"从牛宿前五度","0","3","3"
"以月周七千八","0","3","3"
"夜半月亮所在","0","3","3"
"半月亮所在宿","0","3","3"
"除以会数四十","0","3","3"
"以会数四十七","0","3","3"
"方法与前面一","0","3","3"
"法与前面一样","0","3","3"
"在上月合朔的","0","3","3"
"上月合朔的基","0","3","3"
"月合朔的基础","0","3","3"
"合朔的基础上","0","3","3"
"则可得上弦时","0","3","3"
"所得商敷为积","0","3","3"
"除以章岁十九","0","3","3"
"从天正十一月","0","3","3"
"小余大于等于","0","3","3"
"半一百二十七","0","3","3"
"以通数三十一","0","3","3"
"的基础上加一","0","3","3"
"除以周法五千","0","3","3"
"近的节气的夜","0","3","3"
"的节气的夜漏","0","3","3"
"百八十九分之","0","3","3"
"二百三十五乘","0","3","3"
"百三十五乘以","0","3","3"
"五大行星各自","0","3","3"
"大行星各自的","0","3","3"
"乘以行星各自","0","3","3"
"以行星各自的","0","3","3"
"行星各自的月","0","3","3"
"以合月法乘以","0","3","3"
"十七万三千零","0","3","3"
"七万三千零一","0","3","3"
"万三千零一十","0","3","3"
"三千零一十三","0","3","3"
"晚上舆太阳会","0","3","3"
"上舆太阳会合","0","3","3"
"会合时所在月","0","3","3"
"次会合时的月","0","3","3"
"上次会合时入","0","3","3"
"上次会合时度","0","3","3"
"宿时除去斗宿","0","3","3"
"时除去斗宿分","0","3","3"
"天运行五十八","0","3","3"
"运行五十八分","0","3","3"
"行五十八分之","0","3","3"
"十三分之十四","0","3","3"
"三分之十四度","0","3","3"
"二度一百七十","0","3","3"
"天六百四十一","0","3","3"
"掌管历法的官","0","3","3"
"管历法的官员","0","3","3"
"月二万二千七","0","3","3"
"会通七十九万","0","3","3"
"通七十九万零","0","3","3"
"纪的交会差率","0","3","3"
"天正合朔时月","0","3","3"
"正合朔时月亮","0","3","3"
"时月亮在黄道","0","3","3"
"以章月二百三","0","3","3"
"下不满六十的","0","3","3"
"不满六十的部","0","3","3"
"满六十的部分","0","3","3"
"方法舆前面一","0","3","3"
"法舆前面一样","0","3","3"
"大余满六十则","0","3","3"
"余满六十则减","0","3","3"
"满六十则减之","0","3","3"
"部分从所在纪","0","3","3"
"分从所在纪干","0","3","3"
"下不满六十部","0","3","3"
"不满六十部分","0","3","3"
"得天正十一月","0","3","3"
"所在宿度及分","0","3","3"
"起算命名方法","0","3","3"
"满通法四十七","0","3","3"
"通法四十七化","0","3","3"
"月合朔时的去","0","3","3"
"合朔时的去交","0","3","3"
"朔时的去交度","0","3","3"
"满会通则除去","0","3","3"
"曰法四千五百","0","3","3"
"周日日余二千","0","3","3"
"日日余二千五","0","3","3"
"余二千五百二","0","3","3"
"所得商数为行","0","3","3"
"得商数为行星","0","3","3"
"次会合时所在","0","3","3"
"十二天十九万","0","3","3"
"二天十九万四","0","3","3"
"天十九万四千","0","3","3"
"天二千零三十","0","3","3"
"度二千零三十","0","3","3"
"日和十三次日","0","3","3"
"和十三次日食","0","3","3"
"从开天辟地以","0","3","3"
"开天辟地以来","0","3","3"
"汉文帝废除了","0","3","3"
"王来配享上帝","0","3","3"
"还没来得及建","0","3","3"
"应该制定新的","0","3","3"
"该制定新的礼","0","3","3"
"制定新的礼规","0","3","3"
"条桑枝的桑叶","0","3","3"
"先取消朝会的","0","3","3"
"取消朝会的礼","0","3","3"
"消朝会的礼仪","0","3","3"
"明帝太和三年","0","3","3"
"继承上面的武","0","3","3"
"时刻不到七刻","0","3","3"
"正月初一朝会","0","3","3"
"夜间时刻不到","0","3","3"
"又一次拜两拜","0","3","3"
"魏明帝太和年","0","3","3"
"明帝太和年间","0","3","3"
"卫璀等人又上","0","3","3"
"璀等人又上奏","0","3","3"
"等人又上奏说","0","3","3"
"向上天报告成","0","3","3"
"上天报告成功","0","3","3"
"皇帝亲临殿前","0","3","3"
"重新宣读宫内","0","3","3"
"使者某人重新","0","3","3"
"者某人重新宣","0","3","3"
"某人重新宣读","0","3","3"
"人重新宣读宫","0","3","3"
"皇太子是国家","0","3","3"
"有关官吏上奏","0","3","3"
"说的是这时万","0","3","3"
"的是这时万物","0","3","3"
"恭敬地事奉上","0","3","3"
"伟大的晋朝啊","0","3","3"
"恭恭敬敬的在","0","3","3"
"恭敬敬的在位","0","3","3"
"敬敬的在位者","0","3","3"
"诸神其乐兮!","0","3","3"
"朱斑漆的车轮","0","3","3"
"执戟吏员六人","0","3","3"
"执戟循的在外","0","3","3"
"戟循的在外侧","0","3","3"
"执刀循的在内","0","3","3"
"刀循的在内侧","0","3","3"
"都用四匹马驾","0","3","3"
"分别排在左右","0","3","3"
"别排在左右两","0","3","3"
"排在左右两边","0","3","3"
"的形象装饰车","0","3","3"
"用黄金涂五末","0","3","3"
"绛色边缘的中","0","3","3"
"评论的人认为","0","3","3"
"都是深衣的式","0","3","3"
"是深衣的式样","0","3","3"
"作为永久的制","0","3","3"
"为永久的制度","0","3","3"
"百姓安居乐业","0","3","3"
"有见识的人指","0","3","3"
"天下没有战事","0","3","3"
"就会得其本性","0","3","3"
"孝武帝左五十","0","3","3"
"就失去其本性","0","3","3"
"海西公太和年","0","3","3"
"西公太和年间","0","3","3"
"这是金不从革","0","3","3"
"金失去其性而","0","3","3"
"是阴胜阳的应","0","3","3"
"阴胜阳的应兆","0","3","3"
"八郡国发大水","0","3","3"
"时齐王司马同","0","3","3"
"这是阴气盛的","0","3","3"
"是阴气盛的缘","0","3","3"
"阴气盛的缘故","0","3","3"
"政权由大臣掌","0","3","3"
"权由大臣掌握","0","3","3"
"汹涌的大水冲","0","3","3"
"涌的大水冲入","0","3","3"
"解说认为在天","0","3","3"
"说认为在天文","0","3","3"
"认为在天文上","0","3","3"
"当时的人认为","0","3","3"
"举行求雨祭祀","0","3","3"
"像童谣所说的","0","3","3"
"等到赵王司马","0","3","3"
"到赵王司马伦","0","3","3"
"怀太子被废黜","0","3","3"
"有相同的征象","0","3","3"
"造就是所谓的","0","3","3"
"当时赵王司马","0","3","3"
"时赵王司马伦","0","3","3"
"其惩罚是持续","0","3","3"
"伤害禾苗庄稼","0","3","3"
"金木水火克土","0","3","3"
"穆帝永和七年","0","3","3"
"君主言行不恰","0","3","3"
"主言行不恰当","0","3","3"
"不能建立事功","0","3","3"
"有乱政而创制","0","3","3"
"看人设立教化","0","3","3"
"束安公司马繇","0","3","3"
"有关官吏奏请","0","3","3"
"道子为琅邪王","0","3","3"
"高贵乡公即位","0","3","3"
"转任司隶校尉","0","3","3"
"如今听从他的","0","3","3"
"没有敢说话的","0","3","3"
"有敢说话的人","0","3","3"
"迁任散骑常侍","0","3","3"
"征召他为属官","0","3","3"
"为征南大将军","0","3","3"
"家中没有多余","0","3","3"
"车骑将军买充","0","3","3"
"如同杜预的预","0","3","3"
"辅佐天命的功","0","3","3"
"侍中的职位依","0","3","3"
"中的职位依旧","0","3","3"
"怀太子被废时","0","3","3"
"太尉汝南王司","0","3","3"
"尉汝南王司马","0","3","3"
"当时的人把他","0","3","3"
"时的人把他比","0","3","3"
"个儿子为亭侯","0","3","3"
"赵王司马伦的","0","3","3"
"加侍中的服饰","0","3","3"
"等到齐王司马","0","3","3"
"都王司马颖有","0","3","3"
"官做到散骑常","0","3","3"
"赐他关内侯的","0","3","3"
"他关内侯的爵","0","3","3"
"关内侯的爵位","0","3","3"
"司空从事中郎","0","3","3"
"增加封邑一千","0","3","3"
"继承父亲的爵","0","3","3"
"承父亲的爵位","0","3","3"
"升任吏部尚书","0","3","3"
"皇太子以下诸","0","3","3"
"太子以下诸事","0","3","3"
"王浚为大司马","0","3","3"
"海西公太和元","0","3","3"
"西公太和元年","0","3","3"
"京房用三分益","0","3","3"
"房用三分益一","0","3","3"
"成帝咸和元年","0","3","3"
"后嗣殆乎子孙","2","0","2"
"嗣殆乎子孙忧","2","0","2"
"迁太子中庶子","2","0","2"
"南乡太守傅方","1","1","2"
"乡太守傅方骄","1","1","2"
"魏兴太守申仪","1","1","2"
"孟达余众七千","1","1","2"
"车骑将军张郃","1","1","2"
"州刺史郭淮等","1","1","2"
"表徙冀州农夫","2","0","2"
"遣征蜀护军秦","1","1","2"
"征蜀护军秦朗","1","1","2"
"蜀护军秦朗督","1","1","2"
"州刺史郭淮共","1","1","2"
"武都氐王苻双","1","1","2"
"东太守公孙文","1","1","2"
"太守公孙文懿","1","1","2"
"南北六七十里","1","1","2"
"都督令史张静","1","1","2"
"御史大夫柳甫","1","1","2"
"史大夫柳甫乞","1","1","2"
"将军毕盛等二","1","1","2"
"军毕盛等二千","1","1","2"
"毕盛等二千余","1","1","2"
"盛等二千余人","1","1","2"
"正始元年春正","1","1","2"
"始元年春正月","1","1","2"
"车驾送津阳门","2","0","2"
"曹爽建立功名","1","1","2"
"迁太后永宁宫","2","0","2"
"嘉平元年春正","1","1","2"
"帝奏永宁太后","2","0","2"
"兗州刺史令狐","2","0","2"
"遣侍中韦诞持","1","1","2"
"天子素服临吊","2","0","2"
"依汉霍光故事","2","0","2"
"抚军大将军辅","1","1","2"
"父光禄大夫张","1","1","2"
"光禄大夫张缉","1","1","2"
"帝召群臣会议","2","0","2"
"清商令令狐景","1","1","2"
"中书侍郎钟会","1","1","2"
"书侍郎钟会劝","1","1","2"
"遣荆州刺史王","1","1","2"
"荆州刺史王基","1","1","2"
"州刺史王基进","1","1","2"
"东将军胡遵督","1","1","2"
"州刺史邓艾督","1","1","2"
"左长史司马琏","1","1","2"
"长史司马琏督","1","1","2"
"安风津都尉追","1","1","2"
"受丞相相国九","1","1","2"
"丞相相国九命","1","1","2"
"洛阳典农中郎","1","1","2"
"阳典农中郎将","1","1","2"
"蜀将王林夜袭","1","1","2"
"蜀将姜维寇陇","2","0","2"
"将姜维寇陇右","2","0","2"
"征西将军郭淮","1","1","2"
"镇东将军诸葛","1","1","2"
"东将军诸葛诞","1","1","2"
"雍州刺史陈泰","1","1","2"
"二年夏五月辛","1","1","2"
"年夏五月辛未","1","1","2"
"镇东大将军诸","1","1","2"
"东大将军诸葛","1","1","2"
"大将军诸葛诞","1","1","2"
"将军诸葛诞杀","1","1","2"
"泰山太守常时","1","1","2"
"山太守常时称","1","1","2"
"山太守胡烈奇","2","0","2"
"太守胡烈奇兵","2","0","2"
"三年春正月壬","1","1","2"
"州太原上党西","2","0","2"
"太原上党西河","2","0","2"
"原上党西河乐","2","0","2"
"上党西河乐平","2","0","2"
"党西河乐平新","2","0","2"
"西河乐平新兴","2","0","2"
"河乐平新兴雁","2","0","2"
"乐平新兴雁门","2","0","2"
"司州河东平阳","2","0","2"
"散骑常侍王业","1","1","2"
"子舍人成济抽","1","1","2"
"骑督成倅弟太","2","0","2"
"督成倅弟太子","2","0","2"
"成倅弟太子舍","2","0","2"
"倅弟太子舍人","2","0","2"
"弟太子舍人济","2","0","2"
"二年秋八月甲","1","1","2"
"年秋八月甲寅","1","1","2"
"四年春二月丁","1","1","2"
"年春二月丁丑","1","1","2"
"雍州刺史诸葛","1","1","2"
"州刺史诸葛绪","1","1","2"
"镇西将军钟会","1","1","2"
"征蜀护军胡烈","1","1","2"
"蜀护军胡烈等","1","1","2"
"天水太守王颀","1","1","2"
"水太守王颀攻","1","1","2"
"陇西太守牵弘","1","1","2"
"明公西征灵州","1","1","2"
"咸熙元年春正","1","1","2"
"事中郎山涛行","1","1","2"
"中郎山涛行军","1","1","2"
"郎山涛行军司","1","1","2"
"山涛行军司事","1","1","2"
"遣护军贾充持","1","1","2"
"护军贾充持节","1","1","2"
"右将军胡烈攻","1","1","2"
"尚书仆射裴秀","1","1","2"
"书仆射裴秀议","1","1","2"
"遣吴人相国参","1","1","2"
"吴人相国参军","1","1","2"
"人相国参军徐","1","1","2"
"相国参军徐劭","1","1","2"
"散骑常侍水曹","1","1","2"
"骑常侍水曹属","1","1","2"
"常侍水曹属孙","1","1","2"
"二年春二月甲","1","1","2"
"年春二月甲辰","1","1","2"
"中抚军聪明神","1","1","2"
"抚军聪明神武","1","1","2"
"咸熙二年五月","1","1","2"
"镇南将军王沈","1","1","2"
"使太保郑冲奉","1","1","2"
"魏朝公卿何曾","1","1","2"
"泰始元年冬十","1","1","2"
"始元年冬十二","1","1","2"
"元年冬十二月","1","1","2"
"柴燎告类上帝","2","0","2"
"太祖武皇帝拨","1","1","2"
"祖武皇帝拨乱","1","1","2"
"昔朕皇祖宣王","1","1","2"
"惟股肱爪牙佐","2","0","2"
"遣太仆刘原告","1","1","2"
"吏遭三年丧者","1","1","2"
"麒麟一见郡国","2","0","2"
"宗祀文皇帝明","2","0","2"
"祀文皇帝明堂","2","0","2"
"文皇帝明堂配","2","0","2"
"皇帝明堂配上","2","0","2"
"骠骑将军博陵","1","1","2"
"骑将军博陵公","1","1","2"
"将军博陵公王","1","1","2"
"军博陵公王沈","1","1","2"
"古忠臣直士所","2","0","2"
"忠臣直士所慷","2","0","2"
"臣直士所慷慨","2","0","2"
"前代正朔服色","2","0","2"
"山阳公国督军","1","1","2"
"景帝夫人夏侯","1","1","2"
"帝夫人夏侯氏","1","1","2"
"三年春正月癸","1","1","2"
"张掖太守焦胜","1","1","2"
"掖太守焦胜上","1","1","2"
"氐池县大柳谷","1","1","2"
"池县大柳谷口","1","1","2"
"士卒遭父母丧","1","1","2"
"卒遭父母丧者","1","1","2"
"朕亲率王公卿","1","1","2"
"亲率王公卿士","1","1","2"
"率王公卿士耕","1","1","2"
"文明皇后王氏","1","1","2"
"责成良二千石","1","1","2"
"遣使者侯史光","1","1","2"
"太尉义阳王望","2","0","2"
"太守毛炅大破","1","1","2"
"交州刺史刘俊","1","1","2"
"安东将军汝阴","1","1","2"
"东将军汝阴王","1","1","2"
"贤良方正直言","1","1","2"
"年春正月癸巳","2","0","2"
"申戒郡国计吏","1","1","2"
"戒郡国计吏守","1","1","2"
"郡国计吏守相","1","1","2"
"国计吏守相令","1","1","2"
"计吏守相令长","1","1","2"
"临听讼观录囚","2","0","2"
"听讼观录囚徒","2","0","2"
"州陇右五郡凉","2","0","2"
"陇右五郡凉州","2","0","2"
"右五郡凉州金","2","0","2"
"五郡凉州金城","2","0","2"
"鄴奚官督郭暠","2","0","2"
"奚官督郭暠上","2","0","2"
"扬州刺史牵弘","1","1","2"
"州刺史牵弘击","1","1","2"
"都督秦州诸军","1","1","2"
"奋威护军田章","1","1","2"
"骏镇西大将军","2","0","2"
"大宛献汗血马","1","1","2"
"九真太守董元","1","1","2"
"凉州刺史牵弘","1","1","2"
"州刺史牵弘讨","1","1","2"
"大司马义阳王","1","1","2"
"东大将军卫瓘","2","0","2"
"左部帅李恪杀","1","1","2"
"右将军皇甫陶","1","1","2"
"散骑常侍郑徽","1","1","2"
"遣车骑将军羊","1","1","2"
"巴东监军徐胤","1","1","2"
"临宣武观大阅","2","0","2"
"吴平虏将军孟","1","1","2"
"平虏将军孟泰","1","1","2"
"偏将军王嗣等","1","1","2"
"太守嵇喜击破","1","1","2"
"城东七里涧石","1","1","2"
"东七里涧石桥","1","1","2"
"咸宁元年春正","1","1","2"
"赐公卿下帛差","2","0","2"
"叛虏树机能送","1","1","2"
"置太子詹事官","1","1","2"
"骠骑将军王沈","1","1","2"
"东夷八国归化","1","1","2"
"州诸军事胡奋","1","1","2"
"诸军事胡奋击","1","1","2"
"军事胡奋击破","1","1","2"
"吴京下督孙楷","1","1","2"
"斩首四千余级","1","1","2"
"平州刺史傅询","1","1","2"
"前广平太守孟","1","1","2"
"广平太守孟桓","1","1","2"
"春正月丙子朔","2","0","2"
"使征北大将军","1","1","2"
"平虏护军文淑","1","1","2"
"虏护军文淑讨","1","1","2"
"叛虏树机能等","1","1","2"
"东夷三国前后","1","1","2"
"夷三国前后十","1","1","2"
"三国前后十余","1","1","2"
"尚书左仆射卢","1","1","2"
"书左仆射卢钦","1","1","2"
"虏若罗拔能等","1","1","2"
"弘训皇后羊氏","1","1","2"
"景献皇后羊氏","1","1","2"
"尚书杜预都督","1","1","2"
"书杜预都督荆","1","1","2"
"杜预都督荆州","1","1","2"
"预都督荆州诸","1","1","2"
"使讨虏护军武","1","1","2"
"讨虏护军武威","1","1","2"
"虏护军武威太","1","1","2"
"护军武威太守","1","1","2"
"军武威太守马","1","1","2"
"武威太守马隆","1","1","2"
"威太守马隆击","1","1","2"
"匈奴余渠都督","1","1","2"
"奴余渠都督独","1","1","2"
"余渠都督独雍","1","1","2"
"渠都督独雍等","1","1","2"
"建威将军王戎","1","1","2"
"镇南大将军杜","1","1","2"
"南大将军杜预","1","1","2"
"龙骧将军王浚","1","1","2"
"武将军唐彬率","1","1","2"
"将军唐彬率巴","1","1","2"
"军唐彬率巴蜀","1","1","2"
"行冠军将军杨","1","1","2"
"军将军杨济副","2","0","2"
"马隆击叛虏树","1","1","2"
"隆击叛虏树机","1","1","2"
"击叛虏树机能","1","1","2"
"肃慎献楛矢石","2","0","2"
"慎献楛矢石砮","2","0","2"
"太康元年春正","1","1","2"
"年春正月己丑","2","0","2"
"春正月己丑朔","2","0","2"
"克吴寻阳赖乡","1","1","2"
"吴寻阳赖乡诸","1","1","2"
"寻阳赖乡诸城","1","1","2"
"获吴武威将军","1","1","2"
"吴武威将军周","1","1","2"
"武威将军周兴","1","1","2"
"镇军将军留宪","1","1","2"
"征南将军成璩","1","1","2"
"克夷道乐乡城","1","1","2"
"水军都督陆景","1","1","2"
"吴丞相张悌战","1","1","2"
"户五十二万三","2","0","2"
"口二百三十万","1","1","2"
"置翊军校尉官","1","1","2"
"鲜卑慕容廆寇","2","0","2"
"三年春正月丁","2","0","2"
"尚书张华都督","1","1","2"
"书张华都督幽","1","1","2"
"张华都督幽州","1","1","2"
"华都督幽州诸","1","1","2"
"安北将军严询","1","1","2"
"宁州刺史三年","1","1","2"
"州刺史三年一","1","1","2"
"东夷二十九国","1","1","2"
"夷二十九国归","1","1","2"
"徐州刺史嵇喜","1","1","2"
"州刺史嵇喜讨","1","1","2"
"光禄大夫山涛","1","1","2"
"冬十一月壬子","2","0","2"
"泰都督关中诸","1","1","2"
"扶南等二十一","1","1","2"
"南等二十一国","1","1","2"
"马韩等十一国","1","1","2"
"吴兴人蒋迪聚","1","1","2"
"敕刺史二千石","2","0","2"
"刺史二千石纠","1","1","2"
"西南夷二十余","1","1","2"
"南夷二十余国","1","1","2"
"太熙元年春正","1","1","2"
"书左仆射王浑","1","1","2"
"东夷七国朝贡","1","1","2"
"右光禄大夫石","1","1","2"
"光禄大夫石鉴","1","1","2"
"太熙元年四月","1","1","2"
"遣南中郎将石","1","1","2"
"南中郎将石崇","1","1","2"
"射声校尉胡奕","1","1","2"
"长水校尉赵俊","1","1","2"
"扬烈将军赵欢","1","1","2"
"永平元年春正","1","1","2"
"元年春正月乙","2","0","2"
"散骑常侍段广","1","1","2"
"东夷校尉文淑","1","1","2"
"下邳王晃尚书","2","0","2"
"太子太傅王戎","1","1","2"
"南夷二十四部","1","1","2"
"年春二月己酉","1","1","2"
"冯翊太守欧阳","1","1","2"
"翊太守欧阳建","1","1","2"
"梁王肜征西大","2","0","2"
"王肜征西大将","2","0","2"
"肜征西大将军","2","0","2"
"帅齐万年僭号","1","1","2"
"齐万年僭号称","1","1","2"
"万年僭号称帝","1","1","2"
"遣安西将军夏","1","1","2"
"安西将军夏侯","1","1","2"
"威将军周处等","1","1","2"
"将军周处等讨","1","1","2"
"左积弩将军孟","1","1","2"
"积弩将军孟观","1","1","2"
"人张承基等妖","1","1","2"
"张承基等妖言","1","1","2"
"春正月癸亥朔","2","0","2"
"尚书仆射裴頠","2","0","2"
"左光禄大夫何","1","1","2"
"光禄大夫何劭","1","1","2"
"光禄大夫刘寔","2","0","2"
"立皇孙臧皇太","2","0","2"
"皇孙臧皇太孙","2","0","2"
"阳流人李特杀","1","1","2"
"流人李特杀赵","1","1","2"
"豫州刺史李毅","1","1","2"
"齐王冏大司马","2","0","2"
"州刺史罗尚讨","1","1","2"
"安元年春正月","2","0","2"
"河间王颙遣将","2","0","2"
"广汉太守张微","1","1","2"
"二年春正月甲","2","0","2"
"荆州刺史宋岱","1","1","2"
"南阳太守刘彬","1","1","2"
"遣荆州刺史刘","1","1","2"
"州刺史刘弘等","1","1","2"
"刺史刘弘等讨","1","1","2"
"河南尹李含等","1","1","2"
"临淮人封云举","1","1","2"
"淮人封云举兵","1","1","2"
"遣将军皇甫商","1","1","2"
"大将贾崇等十","1","1","2"
"将贾崇等十六","1","1","2"
"贾崇等十六人","1","1","2"
"前南平内史王","1","1","2"
"南平内史王矩","1","1","2"
"前吴兴内史顾","1","1","2"
"郫城攻益州刺","1","1","2"
"城攻益州刺史","1","1","2"
"攻益州刺史罗","1","1","2"
"雍州刺史刘沈","1","1","2"
"秦州刺史皇甫","1","1","2"
"州刺史皇甫重","1","1","2"
"刺史皇甫重讨","1","1","2"
"表请立成都王","1","1","2"
"皇后羊氏皇太","2","0","2"
"后羊氏皇太子","2","0","2"
"羊氏皇太子覃","2","0","2"
"匈奴左贤王刘","1","1","2"
"奴左贤王刘元","1","1","2"
"左贤王刘元海","1","1","2"
"光禄大夫王衍","1","1","2"
"镇南大将军刘","1","1","2"
"南大将军刘弘","1","1","2"
"张方废皇后羊","1","1","2"
"方废皇后羊氏","1","1","2"
"陇西太守韩稚","1","1","2"
"西太守韩稚攻","1","1","2"
"秦州刺史张辅","1","1","2"
"等聚众攻陷郡","1","1","2"
"聚众攻陷郡县","1","1","2"
"阳平太守李志","1","1","2"
"汲郡太守张延","1","1","2"
"郡太守张延等","1","1","2"
"平昌公模遣将","2","0","2"
"昌公模遣将军","2","0","2"
"遣将军赵骧击","1","1","2"
"将军赵骧击破","1","1","2"
"逐冀州刺史李","1","1","2"
"冀州刺史李义","1","1","2"
"刺史曹武杀丹","1","1","2"
"车骑大将军刘","1","1","2"
"骑大将军刘弘","1","1","2"
"平原太守王景","1","1","2"
"清河太守冯熊","1","1","2"
"颍川太守刘舆","1","1","2"
"建威将军刁默","1","1","2"
"威将军刁默等","1","1","2"
"使前车骑将军","1","1","2"
"前车骑将军石","1","1","2"
"车骑将军石超","1","1","2"
"北中郎将王阐","1","1","2"
"中郎将王阐讨","1","1","2"
"遣将军宋胄等","1","1","2"
"将军宋胄等屯","1","1","2"
"立节将军周权","1","1","2"
"节将军周权诈","1","1","2"
"洛阳令何乔攻","1","1","2"
"右将军陈敏举","1","1","2"
"将军陈敏举兵","1","1","2"
"军陈敏举兵反","1","1","2"
"遣弘农太守彭","1","1","2"
"弘农太守彭随","1","1","2"
"北地太守刁默","1","1","2"
"顿丘太守冯嵩","1","1","2"
"年十一月庚午","1","1","2"
"封彭城王植子","2","0","2"
"彭城王植子融","2","0","2"
"城王植子融乐","2","0","2"
"永嘉元年春正","1","1","2"
"嘉元年春正月","1","1","2"
"春正月癸丑朔","1","1","2"
"东海王越辅政","2","0","2"
"御史中丞诸葛","1","1","2"
"史中丞诸葛玫","1","1","2"
"东牟太守庞伉","1","1","2"
"平东将军周馥","2","0","2"
"改封安北将军","1","1","2"
"马牧帅汲桑聚","1","1","2"
"牧帅汲桑聚众","1","1","2"
"败魏郡太守冯","1","1","2"
"魏郡太守冯嵩","1","1","2"
"前幽州刺史石","1","1","2"
"都督扬州江南","1","1","2"
"督扬州江南诸","1","1","2"
"扬州江南诸军","1","1","2"
"州江南诸军事","1","1","2"
"冬十一月戊申","1","1","2"
"十一月戊申朔","2","0","2"
"书左仆射山简","1","1","2"
"等四州诸军事","1","1","2"
"隶校尉刘暾尚","2","0","2"
"校尉刘暾尚书","2","0","2"
"遣车骑将军王","1","1","2"
"死者三万余人","2","0","2"
"平阳人刘芒荡","1","1","2"
"淮南内史王旷","1","1","2"
"上党太守庞淳","1","1","2"
"遣平北将军曹","1","1","2"
"安北将军王斌","1","1","2"
"北将军王斌遇","1","1","2"
"将军王斌遇害","1","1","2"
"州刺史袁孚战","1","1","2"
"刺史袁孚战败","1","1","2"
"丞相仓曹属周","1","1","2"
"征虏将军宋抽","1","1","2"
"徐州监军王隆","1","1","2"
"京兆人侯脱等","1","1","2"
"荆州刺史王澄","1","1","2"
"南中郎将杜蕤","1","1","2"
"陈留内史王赞","1","1","2"
"浚遣鲜卑文鸯","2","0","2"
"镇东将军周馥","2","0","2"
"征东大将军苟","1","1","2"
"事中郎将杨瑁","1","1","2"
"徐州刺史裴盾","1","1","2"
"州刺史裴盾共","1","1","2"
"吏部尚书刘望","1","1","2"
"安城太守郭察","1","1","2"
"衡阳内史滕育","1","1","2"
"百官流亡者十","2","0","2"
"官流亡者十八","2","0","2"
"流亡者十八九","2","0","2"
"王师频贼所败","2","0","2"
"河南尹刘默等","1","1","2"
"镇南府牙门将","1","1","2"
"南府牙门将胡","1","1","2"
"府牙门将胡亢","1","1","2"
"牙门将胡亢聚","1","1","2"
"门将胡亢聚众","1","1","2"
"太原太守高乔","1","1","2"
"阴平都尉董冲","1","1","2"
"雍州刺史贾疋","2","0","2"
"京兆太守梁综","1","1","2"
"黄门侍郎傅宣","1","1","2"
"前抚军长史王","1","1","2"
"抚军长史王毗","1","1","2"
"司徒长史刘畴","1","1","2"
"辅国将军梁综","1","1","2"
"六年九月辛巳","1","1","2"
"建兴元年夏四","1","1","2"
"兴元年夏四月","1","1","2"
"元年夏四月丙","1","1","2"
"年夏四月丙午","1","1","2"
"攻龙骧将军李","1","1","2"
"梁州刺史张光","1","1","2"
"遣殿中都尉刘","1","1","2"
"殿中都尉刘蜀","1","1","2"
"州刺史陶侃讨","1","1","2"
"二年春正月己","1","1","2"
"春正月己巳朔","2","0","2"
"军将军麹允讨","2","0","2"
"吴兴人徐馥害","1","1","2"
"凉州刺史张寔","2","0","2"
"平夷太守雷照","1","1","2"
"害南广太守孟","1","1","2"
"南广太守孟桓","1","1","2"
"散骑常侍梁纬","1","1","2"
"少府皇甫阳等","1","1","2"
"镇西将军焦嵩","1","1","2"
"始平太守竺恢","1","1","2"
"平太守竺恢等","1","1","2"
"散骑常侍华辑","1","1","2"
"骑常侍华辑监","1","1","2"
"镇军将军胡崧","1","1","2"
"天子何豆田中","2","0","2"
"散骑常侍严敦","1","1","2"
"黄门侍郎任播","1","1","2"
"司空长史李弘","1","1","2"
"尚书郎辛宾抱","1","1","2"
"昔高祖宣皇帝","2","0","2"
"农夫女工衣食","1","1","2"
"加镇东大将军","1","1","2"
"征东将军周馥","1","1","2"
"江州刺史华轶","1","1","2"
"使豫章内史周","1","1","2"
"豫章内史周广","1","1","2"
"前江州刺史卫","1","1","2"
"江州刺史卫展","1","1","2"
"州刺史卫展讨","1","1","2"
"建武元年春二","1","1","2"
"武元年春二月","1","1","2"
"西将军祖逖击","1","1","2"
"荆州刺史第五","1","1","2"
"州刺史第五猗","1","1","2"
"王敦使武昌太","1","1","2"
"敦使武昌太守","1","1","2"
"使武昌太守赵","1","1","2"
"武昌太守赵诱","1","1","2"
"陵江将军黄峻","1","1","2"
"江将军黄峻讨","1","1","2"
"害京兆太守华","1","1","2"
"州刺史周访讨","1","1","2"
"年春正月戊申","2","0","2"
"春正月戊申朔","2","0","2"
"群后三司六事","1","1","2"
"加大将军王敦","2","0","2"
"荥阳太守李矩","1","1","2"
"督司州诸军事","1","1","2"
"皇子晞武陵王","2","0","2"
"广州刺史陶侃","1","1","2"
"故归命侯孙皓","1","1","2"
"刘聪故将王腾","1","1","2"
"彭城内史周抚","1","1","2"
"城内史周抚杀","1","1","2"
"沛国内史周默","1","1","2"
"帝素服哭三日","2","0","2"
"使冠军将军梁","1","1","2"
"冠军将军梁堪","1","1","2"
"守太常马龟等","1","1","2"
"太常马龟等修","1","1","2"
"常马龟等修复","1","1","2"
"山太守徐龛斩","1","1","2"
"龙骧将军陈川","1","1","2"
"秦州刺史陈安","1","1","2"
"置博士员五人","1","1","2"
"太常贺循开府","1","1","2"
"常贺循开府仪","1","1","2"
"贺循开府仪同","1","1","2"
"循开府仪同三","1","1","2"
"遣太子左卫率","1","1","2"
"太子左卫率羊","1","1","2"
"子左卫率羊鉴","1","1","2"
"州刺史蔡豹讨","1","1","2"
"北将军祖逖使","1","1","2"
"将军祖逖使督","1","1","2"
"军祖逖使督护","1","1","2"
"祖逖使督护陈","1","1","2"
"逖使督护陈超","1","1","2"
"使督护陈超袭","1","1","2"
"春正月丁酉朔","2","0","2"
"冀州刺史邵续","1","1","2"
"刘曜使陈安攻","1","1","2"
"祖逖部将卫策","1","1","2"
"平东将军曹嶷","1","1","2"
"幽州刺史段匹","1","1","2"
"冀雍六州诸军","1","1","2"
"龙骧将军沈充","1","1","2"
"征西将军戴若","1","1","2"
"西将军戴若思","1","1","2"
"太子右卫率周","1","1","2"
"皇子昱琅邪王","2","0","2"
"右将军周札守","1","1","2"
"将军周札守石","1","1","2"
"军周札守石头","1","1","2"
"遣平南将军陶","1","1","2"
"平南将军陶侃","1","1","2"
"安南将军甘卓","1","1","2"
"奋威将军侯礼","1","1","2"
"秣陵侯戴若思","1","1","2"
"吴国内史张茂","1","1","2"
"镇南大将军甘","1","1","2"
"南大将军甘卓","1","1","2"
"襄阳太守周虑","1","1","2"
"建平太守柳纯","1","1","2"
"兗州刺史郗鉴","2","0","2"
"将石季龙攻陷","1","1","2"
"石季龙攻陷太","1","1","2"
"季龙攻陷太山","1","1","2"
"都督荆梁二州","1","1","2"
"督荆梁二州诸","1","1","2"
"荆梁二州诸军","1","1","2"
"下邳内史王邃","1","1","2"
"都督青徐幽平","2","0","2"
"督青徐幽平四","2","0","2"
"青徐幽平四州","2","0","2"
"徐幽平四州诸","2","0","2"
"幽平四州诸军","2","0","2"
"五百年后金陵","1","1","2"
"太后临朝称制","2","0","2"
"尚书左仆射邓","1","1","2"
"书左仆射邓攸","1","1","2"
"临淮太守刘矫","1","1","2"
"淮太守刘矫击","1","1","2"
"都督江州诸军","1","1","2"
"督江州诸军事","1","1","2"
"李雄将张龙寇","2","0","2"
"雄将张龙寇涪","2","0","2"
"将张龙寇涪陵","2","0","2"
"加司徒王导大","2","0","2"
"司徒王导大司","2","0","2"
"徒王导大司马","2","0","2"
"都督中外征讨","1","1","2"
"督中外征讨诸","1","1","2"
"中外征讨诸军","1","1","2"
"外征讨诸军事","1","1","2"
"下邳内史夏侯","1","1","2"
"邳内史夏侯嘉","1","1","2"
"宁州秀才庞遗","1","1","2"
"宁州刺史尹奉","1","1","2"
"右卫将军赵胤","1","1","2"
"左将军司马流","1","1","2"
"骁骑将军钟雅","1","1","2"
"遣督护王愆期","1","1","2"
"西阳太守邓岳","1","1","2"
"鄱阳太守纪睦","1","1","2"
"吴郡太守庾冰","1","1","2"
"南阳太守王国","1","1","2"
"庐江太守毛宝","1","1","2"
"交州刺史张琏","1","1","2"
"镇南司马曾勰","1","1","2"
"南司马曾勰等","1","1","2"
"司马曾勰等击","1","1","2"
"右卫将军刘超","1","1","2"
"卫将军刘超谋","1","1","2"
"冠军将军赵胤","1","1","2"
"建威长史滕含","1","1","2"
"江州刺史刘胤","1","1","2"
"南中郎将周抚","1","1","2"
"中郎将周抚退","1","1","2"
"郎将周抚退归","1","1","2"
"将周抚退归武","1","1","2"
"周抚退归武昌","1","1","2"
"太守杨谦退归","1","1","2"
"守杨谦退归宜","1","1","2"
"杨谦退归宜都","1","1","2"
"司空郗鉴都督","1","1","2"
"空郗鉴都督吴","1","1","2"
"郗鉴都督吴国","1","1","2"
"鉴都督吴国诸","1","1","2"
"都督吴国诸军","1","1","2"
"督吴国诸军事","1","1","2"
"西中郎将赵胤","1","1","2"
"司徒中郎匡术","1","1","2"
"徒中郎匡术攻","1","1","2"
"南中郎将桓宣","1","1","2"
"建宁太守霍彪","1","1","2"
"束帛征处士寻","2","0","2"
"帛征处士寻阳","2","0","2"
"征处士寻阳翟","2","0","2"
"处士寻阳翟汤","2","0","2"
"抚军将军王舒","1","1","2"
"石弘将石季龙","2","0","2"
"镇西大将军张","1","1","2"
"西大将军张骏","1","1","2"
"平西将军庾亮","1","1","2"
"西将军庾亮都","1","1","2"
"将军庾亮都督","1","1","2"
"军庾亮都督江","1","1","2"
"春正月庚午朔","2","0","2"
"赐鳏寡孤独能","2","0","2"
"鳏寡孤独能存","2","0","2"
"寡孤独能存者","2","0","2"
"平西将军赵胤","1","1","2"
"龙骧将军路永","1","1","2"
"骧将军路永戍","1","1","2"
"建武将军王允","1","1","2"
"南中郎将王国","1","1","2"
"中郎将王国退","1","1","2"
"吴国内史虞潭","1","1","2"
"空悬五十余万","2","0","2"
"新昌太守陶协","1","1","2"
"建威将军司马","1","1","2"
"威将军司马勋","1","1","2"
"将军司马勋安","1","1","2"
"护军将军何充","1","1","2"
"军将军何充录","1","1","2"
"将军何充录尚","1","1","2"
"军何充录尚书","1","1","2"
"何充录尚书事","1","1","2"
"征虏将军毛宝","1","1","2"
"西阳太守樊俊","1","1","2"
"义阳太守郑进","1","1","2"
"斩首五千余级","1","1","2"
"守将劳扬战败","1","1","2"
"左光禄大夫陆","1","1","2"
"光禄大夫陆玩","1","1","2"
"武悼杨皇后配","1","1","2"
"八年六月庚寅","1","1","2"
"建元元年春正","1","1","2"
"西将军庾翼征","2","0","2"
"将刘宁攻陷狄","1","1","2"
"刘宁攻陷狄道","1","1","2"
"邪内史桓温都","1","1","2"
"内史桓温都督","1","1","2"
"史桓温都督青","1","1","2"
"石季龙将王擢","2","0","2"
"巴东太守杨谦","1","1","2"
"太后临朝摄政","2","0","2"
"戴羲等杀冠军","1","1","2"
"羲等杀冠军将","1","1","2"
"等杀冠军将军","1","1","2"
"杀冠军将军曹","1","1","2"
"豫州刺史路永","1","1","2"
"左光禄大夫葵","1","1","2"
"西将军桓温帅","2","0","2"
"征虏将军周抚","1","1","2"
"建武将军袁乔","1","1","2"
"州刺史周抚镇","1","1","2"
"刺史周抚镇彭","1","1","2"
"史周抚镇彭模","1","1","2"
"谢艾进击麻秋","1","1","2"
"振威护军萧敬","1","1","2"
"威护军萧敬文","1","1","2"
"害征虏将军杨","1","1","2"
"石季龙僭皇帝","2","0","2"
"季龙僭皇帝位","2","0","2"
"征北大将军褚","1","1","2"
"北大将军褚裒","1","1","2"
"部将王龛北伐","1","1","2"
"扬州刺史王浃","1","1","2"
"西中郎将陈逵","1","1","2"
"中郎将陈逵焚","1","1","2"
"仇池公杨初袭","1","1","2"
"南阳太守郭启","1","1","2"
"监河北诸军事","1","1","2"
"七年春正月丁","1","1","2"
"太常赵拔修复","1","1","2"
"常赵拔修复山","1","1","2"
"赵拔修复山陵","1","1","2"
"桓温帅众北伐","2","0","2"
"殿中都尉王惠","1","1","2"
"镇西将军张遇","1","1","2"
"平西将军周抚","1","1","2"
"西将军周抚讨","1","1","2"
"荥阳太守刘遂","1","1","2"
"阳太守刘遂戍","1","1","2"
"太守刘遂戍仓","1","1","2"
"守刘遂戍仓垣","1","1","2"
"秦州刺史王擢","1","1","2"
"九年春正月乙","1","1","2"
"交州刺史阮敷","1","1","2"
"州刺史阮敷讨","1","1","2"
"军将军殷浩进","1","1","2"
"平北将军姚襄","1","1","2"
"凉州牧张重华","1","1","2"
"殷浩使部将刘","1","1","2"
"浩使部将刘启","1","1","2"
"十年春正月己","1","1","2"
"年春正月己酉","1","1","2"
"苻健将苻雄悉","1","1","2"
"健将苻雄悉众","1","1","2"
"一年春正月甲","1","1","2"
"冠军将军高季","1","1","2"
"军将军高季大","1","1","2"
"镇北将军段龛","1","1","2"
"征讨大都督讨","1","1","2"
"升平元年春正","1","1","2"
"年春正月壬戌","1","1","2"
"镇西将军谢尚","1","1","2"
"冠军将军冯鸯","1","1","2"
"三年春三月甲","1","1","2"
"年春三月甲辰","1","1","2"
"王公下十三户","2","0","2"
"平北将军高昌","1","1","2"
"冬十月慕容隽","1","1","2"
"西中郎将谢万","1","1","2"
"北中郎将郗昙","1","1","2"
"封武陵王晞子","1","1","2"
"交州刺史温放","1","1","2"
"五年春正月戊","1","1","2"
"年春正月戊戌","1","1","2"
"二州刺史郗昙","1","1","2"
"安北将军范汪","1","1","2"
"显宗成皇帝顾","1","1","2"
"宗成皇帝顾命","1","1","2"
"傅末波攻陷小","1","1","2"
"末波攻陷小垒","1","1","2"
"竟陵太守邓遐","1","1","2"
"庾希部将何谦","1","1","2"
"中郎将袁真进","1","1","2"
"兴宁元年春二","1","1","2"
"宁元年春二月","1","1","2"
"年春二月己亥","1","1","2"
"荥阳太守刘远","1","1","2"
"大司马桓温帅","2","0","2"
"司马桓温帅众","2","0","2"
"江州督护赵毗","1","1","2"
"州刺史桓冲讨","1","1","2"
"容将慕容尘","2","0","2"
"陈留太守袁披","1","1","2"
"容将慕容评","2","0","2"
"颍川太守李福","1","1","2"
"桓温遣江夏相","2","0","2"
"江夏相刘岵击","1","1","2"
"夏相刘岵击退","1","1","2"
"江夏相刘岵等","1","1","2"
"夏相刘岵等凿","1","1","2"
"相刘岵等凿阳","1","1","2"
"刘岵等凿阳仪","1","1","2"
"岵等凿阳仪道","1","1","2"
"冠军将军陈祐","1","1","2"
"军将军陈祐留","1","1","2"
"三年春正月庚","1","1","2"
"宁三年二月丙","1","1","2"
"三年二月丙申","1","1","2"
"宁朔将军竺瑶","1","1","2"
"扬武将军沈劲","1","1","2"
"匈奴左贤王卫","1","1","2"
"奴左贤王卫辰","1","1","2"
"子昌明会稽王","2","0","2"
"西夷校尉毌丘","1","1","2"
"益州刺史周楚","1","1","2"
"督护桓罴攻南","1","1","2"
"护桓罴攻南郑","1","1","2"
"州刺史桓豁救","1","1","2"
"四年夏四月庚","1","1","2"
"年夏四月庚戌","1","1","2"
"桓温裨将邓遐","1","1","2"
"豫州刺史袁真","1","1","2"
"桓温部将竺瑶","1","1","2"
"广汉妖贼李弘","1","1","2"
"益州妖贼李金","1","1","2"
"州妖贼李金根","1","1","2"
"妖贼李金根聚","1","1","2"
"梓潼太守周虓","1","1","2"
"潼太守周虓讨","1","1","2"
"散骑侍郎刘享","1","1","2"
"骑侍郎刘享收","1","1","2"
"国内史刁彝防","1","1","2"
"内史刁彝防卫","1","1","2"
"弟子殿中监许","1","1","2"
"子殿中监许龙","1","1","2"
"元十一年十月","1","1","2"
"十一年十月甲","1","1","2"
"一年十月甲申","1","1","2"
"建元元年夏五","1","1","2"
"元元年夏五月","1","1","2"
"元年夏五月癸","1","1","2"
"年夏五月癸丑","1","1","2"
"羽葆鼓吹班剑","1","1","2"
"司马桓温率百","1","1","2"
"马桓温率百官","1","1","2"
"桓温率百官进","1","1","2"
"魏郡太守毛安","1","1","2"
"冠军将军毛武","1","1","2"
"军将军毛武生","1","1","2"
"将军毛武生都","1","1","2"
"军毛武生都督","1","1","2"
"毛武生都督荆","1","1","2"
"武生都督荆州","1","1","2"
"荐酃渌酒太庙","2","0","2"
"前护军将军庚","1","1","2"
"护军将军庚希","1","1","2"
"晋陵太守卞眈","1","1","2"
"东海内史周少","1","1","2"
"海内史周少孙","1","1","2"
"内史周少孙讨","1","1","2"
"时中书郎郗超","1","1","2"
"咸安二年秋七","1","1","2"
"安二年秋七月","1","1","2"
"秦州刺史杨世","1","1","2"
"将军桓豁征西","2","0","2"
"德太后临朝摄","1","1","2"
"西平公张天锡","1","1","2"
"长城人钱步射","1","1","2"
"谒建平等四陵","2","0","2"
"除度田收租制","2","0","2"
"广六州诸军事","1","1","2"
"骑将军桓冲都","1","1","2"
"将军桓冲都督","1","1","2"
"军桓冲都督荆","1","1","2"
"督江南晋陵诸","1","1","2"
"江南晋陵诸军","1","1","2"
"征西司马谢玄","1","1","2"
"右将军毛武生","1","1","2"
"征虏将军谢玄","1","1","2"
"五年春正月乙","2","0","2"
"年春正月乙巳","2","0","2"
"震含章殿四柱","2","0","2"
"九真太守李逊","1","1","2"
"置督运御史官","1","1","2"
"镇军大将军郗","1","1","2"
"襄阳太守桓石","1","1","2"
"阳太守桓石虔","1","1","2"
"都贵焚烧沔北","1","1","2"
"鹰扬将军郭洽","1","1","2"
"征讨都督谢石","1","1","2"
"冠军将军谢玄","1","1","2"
"辅国将军谢琰","1","1","2"
"西中郎将桓伊","1","1","2"
"中郎将桓伊等","1","1","2"
"道子录尚书六","1","1","2"
"子录尚书六条","1","1","2"
"诏卫将军谢安","1","1","2"
"立陈留王世子","2","0","2"
"前句町王翟辽","1","1","2"
"句町王翟辽背","1","1","2"
"荆州刺史桓冲","1","1","2"
"竟陵太守赵统","1","1","2"
"崇德皇太后褚","1","1","2"
"德皇太后褚氏","1","1","2"
"前锋都督谢玄","1","1","2"
"青州刺史苻朗","1","1","2"
"蜀郡太守任权","1","1","2"
"益州刺史李平","1","1","2"
"沛郡太守周次","1","1","2"
"龙骧将军檀玄","1","1","2"
"骧将军檀玄追","1","1","2"
"大都督十五州","1","1","2"
"都督十五州诸","1","1","2"
"督十五州诸军","1","1","2"
"太山太守张愿","1","1","2"
"尚书仆射陆纳","1","1","2"
"仆射陆纳尚书","2","0","2"
"前辅国将军杨","1","1","2"
"龙骧将军硃序","2","0","2"
"松滋太守王遐","1","1","2"
"沔中九郡诸军","1","1","2"
"中九郡诸军事","1","1","2"
"府仪同三司谢","1","1","2"
"仪同三司谢石","1","1","2"
"十四年春正月","2","0","2"
"都督荆益宁三","2","0","2"
"督荆益宁三州","2","0","2"
"荆益宁三州诸","2","0","2"
"益宁三州诸军","2","0","2"
"荆州刺史桓石","1","1","2"
"州刺史桓石虔","1","1","2"
"尚书左仆射陆","1","1","2"
"书左仆射陆纳","1","1","2"
"年春正月乙亥","2","0","2"
"冀五州诸军事","1","1","2"
"沔中诸郡兗州","2","0","2"
"中诸郡兗州大","2","0","2"
"诸郡兗州大水","2","0","2"
"太子詹事谢琰","1","1","2"
"乐安太守辟闾","1","1","2"
"北平原太守辟","1","1","2"
"平原太守辟闾","1","1","2"
"原太守辟闾浑","1","1","2"
"太守辟闾浑讨","1","1","2"
"永嘉郡潮水涌","2","0","2"
"近海四县人多","2","0","2"
"海四县人多死","2","0","2"
"荆州刺史王忱","1","1","2"
"黄门郎殷仲堪","1","1","2"
"龙骧将军杨佺","1","1","2"
"骧将军杨佺期","1","1","2"
"尊皇太妃李氏","1","1","2"
"东平太守韦简","1","1","2"
"太元十二年八","1","1","2"
"元十二年八月","1","1","2"
"讨伐尚书左仆","1","1","2"
"伐尚书左仆射","1","1","2"
"书左仆射王国","1","1","2"
"左仆射王国宝","1","1","2"
"建威将军王绪","1","1","2"
"王恭征讨平定","1","1","2"
"宁朔将军邓启","1","1","2"
"朔将军邓启方","1","1","2"
"征虏将军会稽","1","1","2"
"虏将军会稽王","1","1","2"
"前新安太守杜","1","1","2"
"新安太守杜炯","1","1","2"
"范胡达攻陷日","1","1","2"
"胡达攻陷日南","1","1","2"
"姚兴攻陷洛阳","1","1","2"
"河南太守辛恭","1","1","2"
"南太守辛恭靖","1","1","2"
"孙恩攻陷会稽","1","1","2"
"吴国内史桓谦","1","1","2"
"临海太守新蔡","1","1","2"
"海太守新蔡王","1","1","2"
"太守新蔡王司","1","1","2"
"守新蔡王司马","1","1","2"
"义兴太守魏隐","1","1","2"
"兴太守魏隐都","1","1","2"
"太守魏隐都弃","1","1","2"
"守魏隐都弃官","1","1","2"
"太守司马逸都","1","1","2"
"南蛮校尉杨佺","2","0","2"
"蛮校尉杨佺期","2","0","2"
"扬州刺史元显","1","1","2"
"督扬豫徐兖青","1","1","2"
"十六州诸军事","1","1","2"
"征召豫州刺史","1","1","2"
"冠军将军毛泰","1","1","2"
"冀州刺史刘轨","1","1","2"
"州刺史刘轨背","1","1","2"
"刺史刘轨背叛","1","1","2"
"建威将军刘裕","1","1","2"
"南阳太守庾仄","1","1","2"
"建武将军刘裕","1","1","2"
"杀尚书左仆射","1","1","2"
"书左仆射王愉","1","1","2"
"子荆州刺史王","1","1","2"
"荆州刺史王绥","1","1","2"
"辅国将军何忌","2","0","2"
"子慕容超继承","1","1","2"
"慕容超继承伪","1","1","2"
"容超继承伪位","1","1","2"
"弘农太守戴宁","1","1","2"
"建威主簿徐惠","1","1","2"
"威主簿徐惠子","1","1","2"
"主簿徐惠子等","1","1","2"
"簿徐惠子等人","1","1","2"
"平西参军谯纵","1","1","2"
"刁预侵犯湘州","1","1","2"
"武昭王玄盛派","1","1","2"
"梁州刺史杨孜","1","1","2"
"州刺史杨孜敬","1","1","2"
"封车骑将军刘","1","1","2"
"持节监督征讨","1","1","2"
"节监督征讨蜀","1","1","2"
"冯跋杀死慕容","1","1","2"
"跋杀死慕容熙","1","1","2"
"吏部尚书孟昶","1","1","2"
"任命抚军将军","1","1","2"
"寻阳发生地震","1","1","2"
"慕容兴宗侵犯","1","1","2"
"容兴宗侵犯宿","1","1","2"
"兴宗侵犯宿豫","1","1","2"
"阳平太守刘千","1","1","2"
"平太守刘千载","1","1","2"
"骑将军刘裕率","1","1","2"
"刘裕率军队讨","1","1","2"
"裕率军队讨伐","1","1","2"
"刘裕进攻慕容","1","1","2"
"裕进攻慕容超","1","1","2"
"尚书左仆射孟","1","1","2"
"书左仆射孟昶","1","1","2"
"德文都督宫城","1","1","2"
"文都督宫城诸","1","1","2"
"将军刘敬宣屯","1","1","2"
"军刘敬宣屯兵","1","1","2"
"刘敬宣屯兵北","1","1","2"
"敬宣屯兵北郊","1","1","2"
"辅国将军孟怀","1","1","2"
"国将军孟怀玉","1","1","2"
"将军孟怀玉屯","1","1","2"
"军孟怀玉屯兵","1","1","2"
"孟怀玉屯兵南","1","1","2"
"怀玉屯兵南岸","1","1","2"
"建武将军王仲","1","1","2"
"武将军王仲德","1","1","2"
"将军王仲德屯","1","1","2"
"军王仲德屯兵","1","1","2"
"王仲德屯兵越","1","1","2"
"仲德屯兵越城","1","1","2"
"广武将军刘怀","1","1","2"
"武将军刘怀默","1","1","2"
"将军刘怀默屯","1","1","2"
"军刘怀默屯兵","1","1","2"
"刘怀默屯兵建","1","1","2"
"怀默屯兵建阳","1","1","2"
"默屯兵建阳门","1","1","2"
"辅国将军王仲","1","1","2"
"国将军王仲德","1","1","2"
"河间内史蒯恩","1","1","2"
"间内史蒯恩等","1","1","2"
"内史蒯恩等率","1","1","2"
"刺史杜慧度杀","1","1","2"
"任命吴兴太守","1","1","2"
"吴兴太守孔靖","1","1","2"
"征西大将军刘","1","1","2"
"西大将军刘道","1","1","2"
"大将军刘道规","1","1","2"
"朱龄石攻克成","1","1","2"
"龄石攻克成都","1","1","2"
"西南夷铜头大","1","1","2"
"南夷铜头大师","1","1","2"
"夷铜头大师都","1","1","2"
"军队讨伐秃发","1","1","2"
"雍州刺史鲁宗","1","1","2"
"统率军队讨伐","1","1","2"
"吏部尚书谢裕","1","1","2"
"淮陵王司马蕴","1","1","2"
"书左仆射谢裕","1","1","2"
"任命尚书右仆","1","1","2"
"命尚书右仆射","1","1","2"
"尚书右仆射刘","1","1","2"
"书右仆射刘穆","1","1","2"
"鲁轨侵犯襄阳","1","1","2"
"雍州刺史赵伦","1","1","2"
"春正月甲戌初","1","1","2"
"正月甲戌初一","1","1","2"
"徐道期攻陷广","1","1","2"
"道期攻陷广州","1","1","2"
"青州刺史沈田","1","1","2"
"州刺史沈田子","1","1","2"
"害死龙骧将军","2","0","2"
"升任车骑大将","1","1","2"
"任车骑大将军","1","1","2"
"符合大雅谦虚","1","1","2"
"时太尉刘裕都","1","1","2"
"太尉刘裕都督","1","1","2"
"尉刘裕都督中","1","1","2"
"刘裕都督中外","1","1","2"
"裕都督中外诸","1","1","2"
"帝向安帝上疏","1","1","2"
"骠骑将军刘道","1","1","2"
"骑将军刘道怜","1","1","2"
"安帝智力低下","1","1","2"
"地说成二百年","1","1","2"
"后中垒校尉刘","1","1","2"
"中垒校尉刘向","1","1","2"
"汉秘书郎郗萌","1","1","2"
"秘书郎郗萌记","1","1","2"
"黄道六十七度","1","1","2"
"周天三百六十","2","0","2"
"天三百六十五","2","0","2"
"百六十五度五","1","1","2"
"六十五度五百","1","1","2"
"十五度五百八","1","1","2"
"五度五百八十","1","1","2"
"百八十九分度","1","1","2"
"八十二度半强","2","0","2"
"九十一度少强","2","0","2"
"赤道二十四度","1","1","2"
"百四十六度强","2","0","2"
"百一十九度少","2","0","2"
"一十九度少弱","2","0","2"
"日昼行地上度","2","0","2"
"昼行地上度稍","2","0","2"
"夜行地下度稍","2","0","2"
"三十二万九千","1","1","2"
"十二万九千四","1","1","2"
"二万九千四百","1","1","2"
"万九千四百一","1","1","2"
"九千四百一里","1","1","2"
"千四百一里一","1","1","2"
"四百一里一百","1","1","2"
"百一里一百二","1","1","2"
"一里一百二十","1","1","2"
"里一百二十二","1","1","2"
"一百二十二步","1","1","2"
"百二十二步二","1","1","2"
"二十二步二尺","1","1","2"
"十二步二尺二","1","1","2"
"二步二尺二寸","1","1","2"
"步二尺二寸一","1","1","2"
"二尺二寸一分","1","1","2"
"尺二寸一分七","1","1","2"
"二寸一分七十","1","1","2"
"寸一分七十一","1","1","2"
"一分七十一分","1","1","2"
"分七十一分分","1","1","2"
"八万一千三百","1","1","2"
"千三百九十四","1","1","2"
"三百九十四里","1","1","2"
"百九十四里三","1","1","2"
"九十四里三十","1","1","2"
"十四里三十步","1","1","2"
"四里三十步五","1","1","2"
"里三十步五尺","1","1","2"
"三十步五尺三","1","1","2"
"十步五尺三寸","1","1","2"
"步五尺三寸六","1","1","2"
"五尺三寸六分","1","1","2"
"十六万二千七","1","1","2"
"六万二千七百","1","1","2"
"万二千七百八","1","1","2"
"二千七百八十","1","1","2"
"千七百八十八","1","1","2"
"七百八十八里","1","1","2"
"百八十八里六","1","1","2"
"八十八里六十","1","1","2"
"十八里六十一","1","1","2"
"八里六十一步","1","1","2"
"里六十一步四","1","1","2"
"六十一步四尺","1","1","2"
"十一步四尺七","1","1","2"
"一步四尺七寸","1","1","2"
"步四尺七寸二","1","1","2"
"四尺七寸二分","1","1","2"
"五十一万三千","1","1","2"
"十一万三千六","1","1","2"
"一万三千六百","1","1","2"
"万三千六百八","1","1","2"
"三千六百八十","1","1","2"
"千六百八十七","1","1","2"
"六百八十七里","1","1","2"
"百八十七里六","1","1","2"
"八十七里六十","1","1","2"
"十七里六十八","1","1","2"
"七里六十八步","1","1","2"
"里六十八步一","1","1","2"
"六十八步一尺","1","1","2"
"十八步一尺八","1","1","2"
"八步一尺八寸","1","1","2"
"步一尺八寸二","1","1","2"
"一尺八寸二分","1","1","2"
"五十五万七千","1","1","2"
"十五万七千三","1","1","2"
"五万七千三百","1","1","2"
"千三百一十七","1","1","2"
"三百一十七里","1","1","2"
"七尺三寸半分","1","1","2"
"一丈四尺六寸","1","1","2"
"丈四尺六寸一","1","1","2"
"四尺六寸一分","1","1","2"
"一丈九寸五分","1","1","2"
"丈九寸五分四","1","1","2"
"九寸五分四分","1","1","2"
"寸五分四分分","1","1","2"
"一百一十八名","1","1","2"
"万一千五百二","1","1","2"
"一千五百二十","1","1","2"
"太史令陈卓总","1","1","2"
"巫咸三家所著","1","1","2"
"一千四百六十","1","1","2"
"千四百六十四","1","1","2"
"天市垣二十二","1","1","2"
"天地日月星辰","1","1","2"
"庙堂祭祀祝祷","1","1","2"
"堂祭祀祝祷事","1","1","2"
"西北星主积金","1","1","2"
"北星主积金玉","1","1","2"
"魏太史令陈卓","1","1","2"
"东井二十九度","1","1","2"
"井二十九度上","1","1","2"
"二十九度上党","1","1","2"
"命武陵太守刘","1","1","2"
"武陵太守刘睿","1","1","2"
"牛羊群畜穹庐","1","1","2"
"太安二年八月","1","1","2"
"安二年八月庚","1","1","2"
"二年八月庚午","1","1","2"
"帝升平五年八","1","1","2"
"升平五年八月","1","1","2"
"帝太兴二年八","1","1","2"
"太兴二年八月","1","1","2"
"兴二年八月戊","1","1","2"
"二年八月戊戌","1","1","2"
"三年十月壬辰","1","1","2"
"帝隆安五年闰","1","1","2"
"隆安五年闰月","1","1","2"
"安五年闰月癸","1","1","2"
"五年闰月癸丑","1","1","2"
"六年九月戊子","1","1","2"
"义熙元年八月","1","1","2"
"初二年六月戊","1","1","2"
"二年六月戊辰","1","1","2"
"年十一月戊戌","1","1","2"
"六年正月戊辰","1","1","2"
"青龙元年闰月","1","1","2"
"龙元年闰月庚","1","1","2"
"元年闰月庚寅","1","1","2"
"少帝正始元年","1","1","2"
"帝正始元年七","1","1","2"
"正始元年七月","1","1","2"
"始元年七月戊","1","1","2"
"元年七月戊申","1","1","2"
"三年四月戊戌","1","1","2"
"四年五月丁丑","1","1","2"
"五年四月丙辰","1","1","2"
"六年四月壬子","1","1","2"
"八年二月庚午","1","1","2"
"九年正月乙未","1","1","2"
"年正月乙未朔","2","0","2"
"嘉平元年二月","1","1","2"
"平元年二月二","1","1","2"
"元年二月二月","1","1","2"
"贵乡公甘露四","1","1","2"
"乡公甘露四年","1","1","2"
"公甘露四年七","1","1","2"
"甘露四年七月","1","1","2"
"露四年七月戊","1","1","2"
"四年七月戊子","1","1","2"
"五年正月乙酉","1","1","2"
"元帝景元二年","1","1","2"
"帝景元二年五","1","1","2"
"景元二年五月","1","1","2"
"元二年五月丁","1","1","2"
"二年五月丁未","1","1","2"
"帝泰始二年七","1","1","2"
"泰始二年七月","1","1","2"
"始二年七月丙","1","1","2"
"二年七月丙午","1","1","2"
"七年十月丁丑","1","1","2"
"八年十月辛未","1","1","2"
"九年四月戊辰","1","1","2"
"十年正月乙未","1","1","2"
"宁元年七月甲","1","1","2"
"元年七月甲申","1","1","2"
"三年正月丙子","1","1","2"
"年正月丙子朔","2","0","2"
"四年正月庚午","1","1","2"
"太康四年三月","1","1","2"
"康四年三月辛","1","1","2"
"四年三月辛丑","1","1","2"
"七年正月甲寅","1","1","2"
"八年正月戊申","1","1","2"
"九年正月壬申","1","1","2"
"永熙元年四月","1","1","2"
"熙元年四月庚","1","1","2"
"元年四月庚申","1","1","2"
"惠帝元庚九年","1","1","2"
"帝元庚九年十","1","1","2"
"元庚九年十一","1","1","2"
"庚九年十一月","1","1","2"
"年十一月甲子","1","1","2"
"永宁元年闰月","1","1","2"
"宁元年闰月丙","1","1","2"
"元年闰月丙戌","1","1","2"
"光熙元年正月","1","1","2"
"熙元年正月戊","1","1","2"
"元年正月戊子","1","1","2"
"十二月壬午朔","2","0","2"
"元年十一月戊","1","1","2"
"二年正月丙子","1","1","2"
"六年二月壬子","1","1","2"
"兴四年六月丁","1","1","2"
"四年六月丁巳","1","1","2"
"五年五月丙子","1","1","2"
"时帝蒙尘平阳","2","0","2"
"兴元年四月丁","1","1","2"
"帝太宁三年十","1","1","2"
"太宁三年十一","1","1","2"
"宁三年十一月","1","1","2"
"三年十一月癸","1","1","2"
"二年五月甲申","1","1","2"
"六年三月壬戌","1","1","2"
"见王导夫人曹","1","1","2"
"王导夫人曹氏","1","1","2"
"咸康元年十月","1","1","2"
"康元年十月乙","1","1","2"
"元年十月乙未","1","1","2"
"七年二月甲子","1","1","2"
"八年正月乙未","1","1","2"
"七年正月丁酉","1","1","2"
"八年正月辛卯","1","1","2"
"十二年十月癸","1","1","2"
"二年十月癸巳","1","1","2"
"苻生互相吞噬","1","1","2"
"升平四年八月","1","1","2"
"平四年八月辛","1","1","2"
"四年八月辛丑","1","1","2"
"元年三月甲寅","1","1","2"
"十二月戊午朔","2","0","2"
"海西公太三年","2","0","2"
"三年三月丁巳","1","1","2"
"五年七月癸酉","1","1","2"
"孝武帝宁康三","1","1","2"
"武帝宁康三年","1","1","2"
"帝宁康三年十","1","1","2"
"宁康三年十月","1","1","2"
"康三年十月癸","1","1","2"
"三年十月癸酉","1","1","2"
"太元四年闰月","1","1","2"
"元四年闰月己","1","1","2"
"四年闰月己酉","1","1","2"
"六年六月庚子","1","1","2"
"九年十月辛亥","1","1","2"
"十七年五月丁","1","1","2"
"七年五月丁卯","1","1","2"
"二十年三月庚","1","1","2"
"十年三月庚辰","1","1","2"
"帝隆安四年六","1","1","2"
"隆安四年六月","1","1","2"
"安四年六月庚","1","1","2"
"四年六月庚辰","1","1","2"
"元兴二年四月","1","1","2"
"兴二年四月癸","1","1","2"
"二年四月癸巳","1","1","2"
"义熙三年七月","1","1","2"
"熙三年七月戊","1","1","2"
"三年七月戊戌","1","1","2"
"十年九月丁巳","1","1","2"
"十一年七月辛","1","1","2"
"一年七月辛亥","1","1","2"
"十三年正月甲","1","1","2"
"三年正月甲戌","1","1","2"
"帝元熙元年十","1","1","2"
"元熙元年十一","1","1","2"
"元年十一月丁","1","1","2"
"年十一月丁亥","1","1","2"
"帝泰始五年七","1","1","2"
"泰始五年七月","1","1","2"
"始五年七月甲","1","1","2"
"五年七月甲寅","1","1","2"
"帝元康元年十","1","1","2"
"元康元年十一","1","1","2"
"年十一月甲申","1","1","2"
"日中若飞燕者","2","0","2"
"康元年正月癸","1","1","2"
"元年正月癸亥","1","1","2"
"年正月癸亥朔","2","0","2"
"太安元年十一","1","1","2"
"年十一月乙亥","1","1","2"
"二年正月戊申","1","1","2"
"五年三月庚申","1","1","2"
"兴二年正月辛","1","1","2"
"二年正月辛未","1","1","2"
"年正月辛未辰","1","1","2"
"正月辛未辰时","1","1","2"
"五年正月庚子","1","1","2"
"四年二月癸亥","1","1","2"
"宁元年正月乙","1","1","2"
"骠骑将军戴若","1","1","2"
"骑将军戴若思","1","1","2"
"将军戴若思等","1","1","2"
"桂阳太守华包","1","1","2"
"八年正月壬申","1","1","2"
"十年十月庚辰","1","1","2"
"十一年三月戊","1","1","2"
"一年三月戊申","1","1","2"
"升平三年十月","1","1","2"
"平三年十月丙","1","1","2"
"三年十月丙午","1","1","2"
"三年九月戊辰","1","1","2"
"年九月戊辰夜","1","1","2"
"二年三月庚寅","1","1","2"
"太元十三年二","1","1","2"
"元十三年二月","1","1","2"
"十三年二月庚","1","1","2"
"三年二月庚子","1","1","2"
"王世子元显专","1","1","2"
"世子元显专行","1","1","2"
"年十一月辛亥","1","1","2"
"恭帝元熙二年","1","1","2"
"帝元熙二年正","1","1","2"
"元熙二年正月","1","1","2"
"熙二年正月壬","1","1","2"
"二年正月壬辰","1","1","2"
"帝黄初四年十","1","1","2"
"黄初四年十一","1","1","2"
"初四年十一月","1","1","2"
"帝永嘉五年三","1","1","2"
"永嘉五年三月","1","1","2"
"嘉五年三月壬","1","1","2"
"五年三月壬申","1","1","2"
"年三月壬申丙","1","1","2"
"三月壬申丙夜","1","1","2"
"四年闰月乙亥","1","1","2"
"义熙九年十二","1","1","2"
"熙九年十二月","1","1","2"
"九年十二月辛","1","1","2"
"年十二月辛卯","1","1","2"
"十一年十一月","1","1","2"
"一年十一月乙","1","1","2"
"年十一月乙未","1","1","2"
"魏明帝太五年","2","0","2"
"五年十二月甲","1","1","2"
"年十二月甲辰","1","1","2"
"青龙二年十月","1","1","2"
"龙二年十月乙","1","1","2"
"二年十月乙丑","1","1","2"
"初元年十月丁","1","1","2"
"元年十月丁未","1","1","2"
"齐王嘉平元年","1","1","2"
"王嘉平元年正","1","1","2"
"平元年正月甲","1","1","2"
"元年正月甲午","1","1","2"
"等率众奉帝伐","1","1","2"
"率众奉帝伐成","1","1","2"
"众奉帝伐成都","1","1","2"
"奉帝伐成都王","1","1","2"
"帝太兴二年十","1","1","2"
"太兴二年十一","1","1","2"
"四年十二月丁","1","1","2"
"年十二月丁亥","1","1","2"
"永昌元年三月","1","1","2"
"北将军刘隗奔","2","0","2"
"时桓温伐苻健","1","1","2"
"元年十一月壬","1","1","2"
"年十一月壬午","1","1","2"
"五年正月乙丑","1","1","2"
"年正月乙丑辰","1","1","2"
"正月乙丑辰时","1","1","2"
"冀州刺史吕护","1","1","2"
"助刺史周楚讨","1","1","2"
"元年二月丙子","1","1","2"
"时琅邪王辅政","1","1","2"
"四年正月乙亥","1","1","2"
"元兴元年四月","1","1","2"
"兴元年四月辛","1","1","2"
"元年四月辛丑","1","1","2"
"刘裕尽诛桓氏","2","0","2"
"元年四月己卯","1","1","2"
"荆州刺史魏咏","1","1","2"
"扬州刺史王谧","1","1","2"
"二年十二月丙","1","1","2"
"年十二月丙午","1","1","2"
"刘裕大军北讨","1","1","2"
"裕大军北讨慕","1","1","2"
"大军北讨慕容","1","1","2"
"军北讨慕容超","1","1","2"
"七年六月庚子","1","1","2"
"八年正月庚戌","1","1","2"
"十四年四月壬","1","1","2"
"四年四月壬申","1","1","2"
"时司马越专权","1","1","2"
"东海王越所杀","1","1","2"
"建武元年五月","1","1","2"
"武元年五月癸","1","1","2"
"元年五月癸未","1","1","2"
"愍帝蒙尘平阳","2","0","2"
"帝太兴二年七","1","1","2"
"太兴二年七月","1","1","2"
"三年六月丙辰","1","1","2"
"四年十二月癸","1","1","2"
"年十二月癸丑","1","1","2"
"八年十二月己","1","1","2"
"年十二月己酉","1","1","2"
"元元年八月丁","1","1","2"
"穆帝永四年五","2","0","2"
"帝永四年五月","2","0","2"
"年刘显杀石祗","1","1","2"
"升平二年八月","1","1","2"
"平二年八月戊","1","1","2"
"二年八月戊午","1","1","2"
"三年八月庚午","1","1","2"
"五年十月丁卯","1","1","2"
"三年六月甲寅","1","1","2"
"文咸安二年正","1","1","2"
"安二年正月己","1","1","2"
"二年正月己酉","1","1","2"
"谋杀侍中王坦","1","1","2"
"武宁康二年十","1","1","2"
"宁康二年十一","1","1","2"
"康二年十一月","1","1","2"
"二年十一月癸","1","1","2"
"年十一月癸酉","1","1","2"
"太元元年七月","1","1","2"
"十七年九月丁","1","1","2"
"七年九月丁丑","1","1","2"
"三年二月壬辰","1","1","2"
"义熙二年十二","1","1","2"
"二年十二月丁","1","1","2"
"年十二月丁未","1","1","2"
"三年二月癸亥","1","1","2"
"七年七月丁卯","1","1","2"
"八年七月甲申","1","1","2"
"九年二月丙午","1","1","2"
"十四年十月癸","1","1","2"
"四年十月癸巳","1","1","2"
"帝元熙元年三","1","1","2"
"元熙元年三月","1","1","2"
"熙元年三月五","1","1","2"
"元年三月五日","1","1","2"
"置郡国二十三","2","0","2"
"高祖增二十六","1","1","2"
"郡国一百七十","1","1","2"
"国一百七十三","1","1","2"
"十万九千八百","1","1","2"
"九百一十三里","1","1","2"
"径三十五万六","1","1","2"
"三十五万六千","1","1","2"
"十五万六千九","1","1","2"
"万六千九百七","1","1","2"
"六千九百七十","1","1","2"
"千九百七十里","1","1","2"
"千七百七十三","1","1","2"
"三百七十一万","1","1","2"
"百七十一万四","1","1","2"
"七十一万四千","1","1","2"
"十一万四千九","1","1","2"
"一万四千九百","1","1","2"
"万四千九百三","1","1","2"
"四千九百三十","1","1","2"
"千九百三十三","1","1","2"
"街路三千六百","1","1","2"
"路三千六百井","1","1","2"
"三百六十六里","1","1","2"
"千二百二十三","1","1","2"
"二百二十三万","1","1","2"
"百二十三万三","1","1","2"
"二十三万三千","1","1","2"
"五千九百五十","1","1","2"
"千九百五十九","1","1","2"
"九百五十九万","1","1","2"
"百五十九万四","1","1","2"
"五十九万四千","1","1","2"
"万四千九百七","1","1","2"
"四千九百七十","1","1","2"
"千九百七十八","1","1","2"
"地东西九千三","1","1","2"
"东西九千三百","1","1","2"
"万三千三百六","1","1","2"
"千三百六十八","1","1","2"
"三百六十八里","1","1","2"
"六十七万七千","1","1","2"
"十七万七千九","1","1","2"
"七万七千九百","1","1","2"
"万七千九百六","1","1","2"
"七千九百六十","1","1","2"
"五千六百四十","1","1","2"
"千六百四十八","1","1","2"
"六百四十八万","1","1","2"
"百四十八万六","1","1","2"
"四十八万六千","1","1","2"
"十八万六千八","1","1","2"
"八万六千八百","1","1","2"
"万六千八百五","1","1","2"
"六千八百五十","1","1","2"
"千八百五十六","1","1","2"
"刘备章武元年","1","1","2"
"二百四十五万","1","1","2"
"百四十五万九","1","1","2"
"四十五万九千","1","1","2"
"十五万九千八","1","1","2"
"五万九千八百","1","1","2"
"万九千八百四","1","1","2"
"九千八百四十","1","1","2"
"一千六百一十","1","1","2"
"千六百一十六","1","1","2"
"六百一十六万","1","1","2"
"百一十六万三","1","1","2"
"一十六万三千","1","1","2"
"十六万三千八","1","1","2"
"六万三千八百","1","1","2"
"万三千八百六","1","1","2"
"三千八百六十","1","1","2"
"千八百六十三","1","1","2"
"四十七万五千","1","1","2"
"十七万五千七","1","1","2"
"七万五千七百","1","1","2"
"十一万四千四","1","1","2"
"一万四千四百","1","1","2"
"巩周孝王封周","1","1","2"
"周孝王封周桓","1","1","2"
"孝王封周桓公","1","1","2"
"河阴新安函谷","1","1","2"
"阴新安函谷关","1","1","2"
"新安函谷关所","1","1","2"
"四万二千五百","1","1","2"
"三万五千二百","1","1","2"
"汉武陵郡孱陵","1","1","2"
"武陵郡孱陵县","1","1","2"
"陵郡孱陵县界","1","1","2"
"八万三千三百","1","1","2"
"定陶汉高祖封","1","1","2"
"陶汉高祖封彭","1","1","2"
"汉高祖封彭越","1","1","2"
"二万八千三百","1","1","2"
"新汲长平汝南","1","1","2"
"汲长平汝南郡","1","1","2"
"二万一千五百","1","1","2"
"咸宁二年十月","1","1","2"
"一万八千一百","1","1","2"
"属辽东属国都","1","1","2"
"辽东属国都尉","1","1","2"
"辽东等属青州","1","1","2"
"刘聪攻陷洛阳","1","1","2"
"刘曜徙都长安","2","0","2"
"九万九千五百","1","1","2"
"粟邑莲芍郃阳","1","1","2"
"邑莲芍郃阳夏","1","1","2"
"莲芍郃阳夏阳","1","1","2"
"芍郃阳夏阳故","1","1","2"
"郃阳夏阳故少","1","1","2"
"阳夏阳故少梁","1","1","2"
"扶风郡汉武帝","1","1","2"
"陈仓美阳岐山","1","1","2"
"朔州牧镇高平","1","1","2"
"兗州刺史镇仓","2","0","2"
"州刺史镇仓垣","2","0","2"
"许昌置东豫州","1","1","2"
"北秦州刺史镇","1","1","2"
"匈奴铸金人祭","1","1","2"
"奴铸金人祭天","1","1","2"
"三万二千一百","1","1","2"
"九千三百二十","1","1","2"
"太康六年九月","1","1","2"
"立南北二阴平","1","1","2"
"南北二阴平郡","1","1","2"
"三郡属国都尉","1","1","2"
"刘禅建兴二年","1","1","2"
"五万三千四百","1","1","2"
"立南夷校尉护","1","1","2"
"广饶昌国乐毅","1","1","2"
"琅邪置东莞郡","1","1","2"
"四千一百二十","1","1","2"
"二万九千五百","1","1","2"
"丘华费鲁季氏","1","1","2"
"华费鲁季氏邑","1","1","2"
"盐渎淮浦江都","1","1","2"
"武四县属东莞","1","1","2"
"临淮置淮陵郡","1","1","2"
"堂邑置堂邑郡","1","1","2"
"后汉献帝建安","1","1","2"
"献帝建安十三","1","1","2"
"帝建安十三年","1","1","2"
"长沙立安成郡","2","0","2"
"分南阳立义阳","1","1","2"
"南阳立义阳郡","1","1","2"
"十五万七千五","1","1","2"
"五万七千五百","1","1","2"
"万七千五百四","1","1","2"
"七千五百四十","1","1","2"
"千五百四十八","1","1","2"
"二万四千四百","1","1","2"
"阳郡太康中置","2","0","2"
"一万五千二百","1","1","2"
"万一千四百四","1","1","2"
"千四百四十八","1","1","2"
"一万三千二百","1","1","2"
"一万九千五百","1","1","2"
"二万五千一百","1","1","2"
"祁阳零陵营浦","1","1","2"
"阳零陵营浦洮","1","1","2"
"零陵营浦洮阳","1","1","2"
"陵营浦洮阳永","1","1","2"
"营浦洮阳永昌","1","1","2"
"浦洮阳永昌观","1","1","2"
"洮阳永昌观阳","1","1","2"
"阳永昌观阳营","1","1","2"
"永昌观阳营道","1","1","2"
"昌观阳营道春","1","1","2"
"观阳营道春陵","1","1","2"
"阳营道春陵泠","1","1","2"
"营道春陵泠道","1","1","2"
"道春陵泠道应","1","1","2"
"春陵泠道应阳","1","1","2"
"陵泠道应阳东","1","1","2"
"泠道应阳东界","1","1","2"
"一万四千八百","1","1","2"
"营阳六郡属湘","1","1","2"
"阳六郡属湘州","1","1","2"
"庐陵南部都尉","1","1","2"
"庐陵南部十四","1","1","2"
"陵南部十四郡","1","1","2"
"三十一万一千","1","1","2"
"十一万一千四","1","1","2"
"五万一千五百","1","1","2"
"江宁太康二年","1","1","2"
"丹杨丹杨山多","1","1","2"
"杨丹杨山多赤","1","1","2"
"丹杨山多赤柳","1","1","2"
"湖芜湖永世溧","1","1","2"
"芜湖永世溧阳","1","1","2"
"湖永世溧阳溧","1","1","2"
"永世溧阳溧水","1","1","2"
"二万三千五百","1","1","2"
"宣城陵阳淮水","1","1","2"
"仙人陵阳子明","1","1","2"
"三万三千四百","1","1","2"
"寻阳居巢桀死","1","1","2"
"嘉兴海盐盐官","1","1","2"
"兴海盐盐官钱","1","1","2"
"一万二千二百","1","1","2"
"柴桑二县置寻","1","1","2"
"桑二县置寻阳","1","1","2"
"二县置寻阳郡","1","1","2"
"历阳二县置历","1","1","2"
"阳二县置历阳","1","1","2"
"二县置历阳郡","1","1","2"
"东海王世子毗","1","1","2"
"所谓东南一尉","1","1","2"
"武帝元鼎六年","1","1","2"
"昭帝始元五年","1","1","2"
"蜀建宁太守霍","1","1","2"
"建宁太守霍弋","1","1","2"
"宁太守霍弋遥","1","1","2"
"四万三千一百","1","1","2"
"万三千一百二","1","1","2"
"三千一百二十","1","1","2"
"汉末天下大乱","1","1","2"
"间长三寸九分","1","1","2"
"零陵文学奚景","1","1","2"
"奚景泠道舜祠","2","0","2"
"景泠道舜祠下","2","0","2"
"汲郡盗发六国","2","0","2"
"郡盗发六国时","2","0","2"
"盗发六国时魏","2","0","2"
"发六国时魏襄","2","0","2"
"国时魏襄王冢","2","0","2"
"所宣养六气九","2","0","2"
"宣养六气九德","2","0","2"
"所宣布哲人令","2","0","2"
"宣布哲人令德","2","0","2"
"俾莫任肃纯恪","2","0","2"
"小黄令焦延寿","1","1","2"
"太子舍人张光","1","1","2"
"子舍人张光等","1","1","2"
"令铸铜工柴玉","1","1","2"
"铸铜工柴玉铸","1","1","2"
"铜工柴玉铸钟","1","1","2"
"太乐郎刘秀等","1","1","2"
"乐郎刘秀等校","1","1","2"
"问协律中郎将","1","1","2"
"协律中郎将列","1","1","2"
"太乐乐府施行","1","1","2"
"依十二律作十","1","1","2"
"十二律作十二","1","1","2"
"太乐四尺二寸","1","1","2"
"大吕笛长二尺","1","1","2"
"吕笛长二尺六","1","1","2"
"笛长二尺六寸","1","1","2"
"邓昊等依律作","1","1","2"
"昊等依律作大","1","1","2"
"等依律作大吕","1","1","2"
"依律作大吕笛","1","1","2"
"执乐者曰请奏","2","0","2"
"重作蕤宾伏孔","1","1","2"
"作蕤宾伏孔笛","1","1","2"
"长二尺八寸四","1","1","2"
"长二尺六寸六","1","1","2"
"二尺六寸六分","1","1","2"
"尺六寸六分三","1","1","2"
"六寸六分三厘","1","1","2"
"长二尺五寸三","1","1","2"
"二尺五寸三分","1","1","2"
"尺五寸三分一","1","1","2"
"五寸三分一厘","1","1","2"
"长二尺二寸三","1","1","2"
"二尺二寸三分","1","1","2"
"尺二寸三分三","1","1","2"
"二寸三分三厘","1","1","2"
"长三尺九寸九","1","1","2"
"三尺九寸九分","1","1","2"
"尺九寸九分五","1","1","2"
"九寸九分五厘","1","1","2"
"长三尺七寸九","1","1","2"
"三尺七寸九分","1","1","2"
"尺七寸九分七","1","1","2"
"七寸九分七厘","1","1","2"
"长三尺三寸七","1","1","2"
"三尺三寸七分","1","1","2"
"长二尺九寸九","1","1","2"
"二尺九寸九分","1","1","2"
"尺九寸九分六","1","1","2"
"九寸九分六厘","1","1","2"
"八寸二百四十","2","0","2"
"京房三分损一","2","0","2"
"寸二千一百八","2","0","2"
"八十七分寸一","2","0","2"
"十七分寸一千","2","0","2"
"千六百三十一","1","1","2"
"六千四百八十","1","1","2"
"千四百八十七","1","1","2"
"六寸万九千六","2","0","2"
"八十三分寸万","2","0","2"
"十三分寸万二","2","0","2"
"三分寸万二千","2","0","2"
"分寸万二千九","2","0","2"
"寸万二千九百","2","0","2"
"七百二十九分","1","1","2"
"千五百二十四","1","1","2"
"弘农宜阳县金","1","1","2"
"农宜阳县金门","1","1","2"
"宜阳县金门山","1","1","2"
"武帝泰始九年","1","1","2"
"中书监荀勖校","1","1","2"
"著作郎刘恭依","1","1","2"
"散骑侍郎陈留","1","1","2"
"零陵文学史奚","1","1","2"
"陵文学史奚景","1","1","2"
"一尺四分七厘","1","1","2"
"荀勖尺一尺六","1","1","2"
"勖尺一尺六分","1","1","2"
"尺一尺六分二","1","1","2"
"一尺六分二厘","1","1","2"
"千五百六十二","1","1","2"
"一尺四寸一分","1","1","2"
"尺四寸一分四","1","1","2"
"四寸一分四毫","1","1","2"
"寸一分四毫七","1","1","2"
"一分四毫七秒","1","1","2"
"分四毫七秒二","1","1","2"
"四毫七秒二忽","1","1","2"
"一千六百二十","1","1","2"
"二千四百三十","1","1","2"
"一尺三寸五分","1","1","2"
"尺三寸五分五","1","1","2"
"三寸五分五厘","1","1","2"
"径一尺三寸六","1","1","2"
"一尺三寸六分","1","1","2"
"尺三寸六分八","1","1","2"
"三寸六分八厘","1","1","2"
"寸六分八厘七","1","1","2"
"六分八厘七毫","1","1","2"
"九斗七升四合","1","1","2"
"赵石勒十八年","1","1","2"
"石勒十八年七","1","1","2"
"勒十八年七月","1","1","2"
"百四十五斗分","2","0","2"
"魏文帝黄初中","2","0","2"
"八百八十三纪","2","0","2"
"百八十三纪法","2","0","2"
"千二百五斗分","2","0","2"
"后尚书令陈群","1","1","2"
"九九八十一章","1","1","2"
"五百六十七分","1","1","2"
"一道六十三分","1","1","2"
"月行迟疾交会","1","1","2"
"初二年六月二","1","1","2"
"二年六月二十","1","1","2"
"年六月二十九","1","1","2"
"月二十九日戊","1","1","2"
"二十九日戊辰","1","1","2"
"先天二辰少弱","1","1","2"
"十一月二十九","1","1","2"
"一月二十九日","1","1","2"
"月二十九日庚","1","1","2"
"二十九日庚申","1","1","2"
"十九日庚申加","1","1","2"
"九日庚申加时","1","1","2"
"日庚申加时西","1","1","2"
"庚申加时西南","1","1","2"
"申加时西南维","1","1","2"
"加时西南维日","1","1","2"
"二年七月十五","1","1","2"
"年七月十五日","1","1","2"
"七月十五日癸","1","1","2"
"月十五日癸未","1","1","2"
"加壬月加丙蚀","1","1","2"
"三年十一月十","1","1","2"
"年十一月十五","1","1","2"
"日加丑月加未","1","1","2"
"加丑月加未蚀","1","1","2"
"丙午月加酉强","1","1","2"
"三年五月二十","1","1","2"
"年五月二十四","1","1","2"
"五月二十四日","1","1","2"
"月二十四日丁","1","1","2"
"二十四日丁亥","1","1","2"
"十七日庚辰见","2","0","2"
"五月十五日戊","1","1","2"
"月十五日戊寅","1","1","2"
"二年十一月二","1","1","2"
"月二十六日壬","1","1","2"
"二十六日壬辰","1","1","2"
"十一月二十一","1","1","2"
"一月二十一日","1","1","2"
"月二十一日丁","1","1","2"
"二十一日丁亥","1","1","2"
"一月十八日甲","1","1","2"
"月十八日甲申","1","1","2"
"三年十月十一","1","1","2"
"年十月十一日","1","1","2"
"十月十一日壬","1","1","2"
"月十一日壬申","1","1","2"
"十一日壬申伏","1","1","2"
"十月七日戊辰","1","1","2"
"月七日戊辰伏","1","1","2"
"月二十二日壬","1","1","2"
"二十二日壬子","1","1","2"
"三年闰六月十","1","1","2"
"年闰六月十五","1","1","2"
"闰六月十五日","1","1","2"
"六月十五日丁","1","1","2"
"月二十二日乙","1","1","2"
"二十二日乙卯","1","1","2"
"十二日乙卯伏","1","1","2"
"三年九月十一","1","1","2"
"年九月十一日","1","1","2"
"九月十一日壬","1","1","2"
"月十一日壬寅","1","1","2"
"八月十八日庚","1","1","2"
"月十八日庚辰","1","1","2"
"八月十五日丁","1","1","2"
"二年十一月十","1","1","2"
"年十一月十七","1","1","2"
"十一月十七日","1","1","2"
"一月十七日癸","1","1","2"
"月十七日癸未","1","1","2"
"一月十三日己","1","1","2"
"月十三日己卯","1","1","2"
"二年十二月十","1","1","2"
"年十二月十三","1","1","2"
"二月十三日己","1","1","2"
"月十三日己酉","1","1","2"
"二月十五日辛","1","1","2"
"月十五日辛亥","1","1","2"
"十五日辛亥伏","1","1","2"
"二月十四日庚","1","1","2"
"月十四日庚戌","1","1","2"
"十四日庚戌伏","1","1","2"
"三年五月十八","1","1","2"
"年五月十八日","1","1","2"
"五月十八日辛","1","1","2"
"月十八日辛巳","1","1","2"
"三年六月十三","1","1","2"
"年六月十三日","1","1","2"
"六月十三日丙","1","1","2"
"月十三日丙午","1","1","2"
"十三日丙午伏","1","1","2"
"六月二十日癸","1","1","2"
"月二十日癸丑","1","1","2"
"二十日癸丑伏","1","1","2"
"六月十九日壬","1","1","2"
"月十九日壬子","1","1","2"
"十九日壬子伏","1","1","2"
"三年闰六月二","1","1","2"
"年闰六月二十","1","1","2"
"闰六月二十五","1","1","2"
"月二十五日丁","1","1","2"
"二十五日丁亥","1","1","2"
"闰月九日辛未","1","1","2"
"闰月八日庚午","1","1","2"
"三年七月七日","1","1","2"
"年七月七日己","1","1","2"
"七月七日己亥","1","1","2"
"月七日己亥伏","1","1","2"
"七月十日壬寅","1","1","2"
"月十日壬寅伏","1","1","2"
"十一月九日己","1","1","2"
"一月九日己亥","1","1","2"
"月九日己亥伏","1","1","2"
"十一月八日戊","1","1","2"
"一月八日戊戌","1","1","2"
"月八日戊戌伏","1","1","2"
"三年十二月二","1","1","2"
"年十二月二十","1","1","2"
"月二十八日戊","1","1","2"
"二十八日戊子","1","1","2"
"三年十一月望","1","1","2"
"正月朔旦立春","2","0","2"
"置上元尽所求","2","0","2"
"上元尽所求年","2","0","2"
"入内纪甲子年","1","1","2"
"入外纪甲午年","1","1","2"
"满二千三百五","2","0","2"
"三百五十六大","2","0","2"
"百五十六大余","2","0","2"
"章岁乘朔小余","2","0","2"
"大分朔夜半日","2","0","2"
"大小分度命前","2","0","2"
"加合朔度九十","2","0","2"
"合朔度九十八","2","0","2"
"千六百三十五","1","1","2"
"加大余七十三","1","1","2"
"五千八百三十","1","1","2"
"二千二百八十","1","1","2"
"千二百八十三","1","1","2"
"夜半入历日余","1","1","2"
"加余八百三十","1","1","2"
"余八百三十七","1","1","2"
"少大分八百九","1","1","2"
"大分八百九十","1","1","2"
"分八百九十九","1","1","2"
"所求月合朔入","1","1","2"
"求月合朔入历","1","1","2"
"定日余乘损益","2","0","2"
"日余乘损益率","2","0","2"
"朔日夜半入历","1","1","2"
"加余二千七百","1","1","2"
"入迟疾历夜半","1","1","2"
"迟疾历夜半盈","1","1","2"
"疾历夜半盈缩","1","1","2"
"岁积七千三百","2","0","2"
"六万四千八百","1","1","2"
"三百九十五万","1","1","2"
"百九十五万九","1","1","2"
"九十五万九千","1","1","2"
"十五万九千二","1","1","2"
"万九千二百五","1","1","2"
"九千二百五十","1","1","2"
"千二百五十八","1","1","2"
"四十九万四千","1","1","2"
"五十一万一千","1","1","2"
"十一万一千七","1","1","2"
"所满日度法一","2","0","2"
"满合月法一月","2","0","2"
"前合朔小余满","2","0","2"
"小余满虚分者","2","0","2"
"三千一十三分","2","0","2"
"见六百三十六","1","1","2"
"行一百一十度","1","1","2"
"行三百二十度","1","1","2"
"见三百四十五","1","1","2"
"晨伏东方八十","1","1","2"
"伏东方八十二","1","1","2"
"行二百四十六","1","1","2"
"二百四十六度","1","1","2"
"加星合日度余","2","0","2"
"星行分母乘见","2","0","2"
"行分母乘见度","2","0","2"
"十六日百七十","2","0","2"
"六日百七十四","2","0","2"
"日百七十四万","2","0","2"
"行星二度三百","2","0","2"
"星二度三百二","2","0","2"
"万四千六百七","2","0","2"
"四千六百七分","2","0","2"
"日行五十八分","2","0","2"
"五十八日行十","2","0","2"
"十八日行十一","2","0","2"
"八日行十一度","2","0","2"
"五十八日行九","2","0","2"
"十八日行九度","2","0","2"
"八十四日退十","2","0","2"
"十四日退十二","2","0","2"
"四日退十二度","2","0","2"
"七十一日百四","2","0","2"
"十一日百四十","2","0","2"
"一日百四十八","2","0","2"
"日百四十八万","2","0","2"
"行星五十五度","2","0","2"
"星五十五度百","2","0","2"
"五十五度百二","2","0","2"
"十五度百二十","2","0","2"
"五度百二十四","2","0","2"
"千八百六十分","2","0","2"
"八百六十分半","2","0","2"
"二十三分十四","2","0","2"
"日行六十二分","2","0","2"
"行六十二分十","2","0","2"
"六十二分十七","2","0","2"
"六十二日退十","2","0","2"
"十二日退十七","2","0","2"
"二日退十七度","2","0","2"
"十六日百一十","2","0","2"
"六日百一十二","2","0","2"
"日百一十二万","2","0","2"
"四百二十六分","2","0","2"
"百二十六分半","2","0","2"
"行星一度百九","2","0","2"
"星一度百九十","2","0","2"
"十九万五千八","1","1","2"
"九万五千八百","1","1","2"
"八百六十四分","2","0","2"
"百六十四分半","2","0","2"
"日行十七分一","2","0","2"
"百二日退六度","2","0","2"
"百九十万五千","1","1","2"
"九十万五千八","1","1","2"
"十万五千八百","1","1","2"
"三百七十八日","2","0","2"
"二百七十二分","1","1","2"
"日行四十六分","2","0","2"
"行四十六分三","2","0","2"
"四十六分三十","2","0","2"
"十六分三十三","2","0","2"
"四十六日行三","2","0","2"
"十六日行三十","2","0","2"
"六日行三十三","2","0","2"
"行三十三度顺","2","0","2"
"度九十一分十","2","0","2"
"十一分二十二","2","0","2"
"日行百一十三","2","0","2"
"行百一十三度","2","0","2"
"四十一日五万","2","0","2"
"十一日五万六","2","0","2"
"一日五万六千","2","0","2"
"行星五十度五","2","0","2"
"星五十度五万","2","0","2"
"五十度五万六","1","1","2"
"十度五万六千","1","1","2"
"二百九十二日","2","0","2"
"五十度五万九","1","1","2"
"十度五万九千","1","1","2"
"度五万九千九","1","1","2"
"五万九千九百","1","1","2"
"行一度十五分","1","1","2"
"五百八十四日","2","0","2"
"日行一度四分","2","0","2"
"行一度四分一","2","0","2"
"二十日行二十","2","0","2"
"十日行二十五","2","0","2"
"日行二十五度","2","0","2"
"十六日六百四","2","0","2"
"六日六百四十","2","0","2"
"行星三十二度","2","0","2"
"星三十二度六","2","0","2"
"魏尚书郎杨伟","1","1","2"
"武帝元封七年","1","1","2"
"天正建子黄钟","1","1","2"
"次元甲子纪差","1","1","2"
"元甲子纪差率","1","1","2"
"千七百四十四","1","1","2"
"望中节前后四","2","0","2"
"中节前后四日","2","0","2"
"节前后四日者","2","0","2"
"中节前后五日","2","0","2"
"节前后五日上","2","0","2"
"前后五日上者","2","0","2"
"天正十一月冬","1","1","2"
"小余五百九十","1","1","2"
"余五百九十二","1","1","2"
"小余四百八十","1","1","2"
"余四百八十三","1","1","2"
"一月朔夜半月","1","1","2"
"月朔夜半月所","2","0","2"
"夜半月所度分","2","0","2"
"分六百七十九","1","1","2"
"月合朔日月所","2","0","2"
"朔日月所共合","2","0","2"
"日月所共合度","2","0","2"
"大分九百七十","1","1","2"
"分九百七十七","1","1","2"
"小分满通法大","2","0","2"
"分满通法大分","2","0","2"
"大分满纪法度","2","0","2"
"千二百七十九","1","1","2"
"所入纪下交会","2","0","2"
"入纪下交会差","2","0","2"
"下交会差率数","2","0","2"
"交会差率数加","2","0","2"
"十一月合朔入","1","1","2"
"一月合朔入历","1","1","2"
"所求年二十四","1","1","2"
"八万六千五百","1","1","2"
"万六千五百四","1","1","2"
"六千五百四十","1","1","2"
"千三百八十五","1","1","2"
"千三百六十一","1","1","2"
"十六日九十九","2","0","2"
"六日九十九万","2","0","2"
"日九十九万七","2","0","2"
"百三十二分行","2","0","2"
"三十二分行星","2","0","2"
"十二分行星二","2","0","2"
"二分行星二度","2","0","2"
"分行星二度百","2","0","2"
"行星二度百七","2","0","2"
"星二度百七十","2","0","2"
"二度百七十九","2","0","2"
"度百七十九万","2","0","2"
"五十七日行十","2","0","2"
"十七日行十一","2","0","2"
"七日行十一度","2","0","2"
"五十七日行九","2","0","2"
"十七日行九度","2","0","2"
"七十二日百七","2","0","2"
"十二日百七十","2","0","2"
"二日百七十九","2","0","2"
"日百七十九万","2","0","2"
"百一十五分行","2","0","2"
"一十五分行星","2","0","2"
"十五分行星五","2","0","2"
"五分行星五十","2","0","2"
"分行星五十六","2","0","2"
"行星五十六度","2","0","2"
"星五十六度百","2","0","2"
"五十六度百二","2","0","2"
"十六度百二十","2","0","2"
"六度百二十四","2","0","2"
"十九日三百八","2","0","2"
"九日三百八十","2","0","2"
"日三百八十四","2","0","2"
"六百七十五分","2","0","2"
"百七十五分半","2","0","2"
"七十五分半行","2","0","2"
"十五分半行星","2","0","2"
"五分半行星二","2","0","2"
"分半行星二度","2","0","2"
"半行星二度六","2","0","2"
"行星二度六百","2","0","2"
"星二度六百四","2","0","2"
"一百二十一分","2","0","2"
"百二十一分半","2","0","2"
"八十六日行六","2","0","2"
"十六日行六度","2","0","2"
"六日行六度半","2","0","2"
"行三十二日半","2","0","2"
"日行四十五分","2","0","2"
"行四十五分三","2","0","2"
"四十五分三十","2","0","2"
"十五分三十三","2","0","2"
"四十五日行三","2","0","2"
"十五日行三十","2","0","2"
"五日行三十三","2","0","2"
"十一日行百五","2","0","2"
"一日行百五度","2","0","2"
"日行百五度顺","2","0","2"
"十一分二十一","2","0","2"
"四十二日十九","2","0","2"
"九百九十分行","2","0","2"
"百九十分行星","2","0","2"
"九十分行星五","2","0","2"
"十分行星五十","2","0","2"
"分行星五十二","2","0","2"
"行星五十二度","2","0","2"
"星五十二度十","2","0","2"
"行一度十四分","1","1","2"
"十一日退七度","2","0","2"
"日行一度十八","2","0","2"
"行一度十八分","2","0","2"
"一度十八分四","2","0","2"
"十八日行二十","2","0","2"
"八日行二十二","2","0","2"
"日行二十二度","2","0","2"
"十八日二千三","2","0","2"
"八日二千三十","2","0","2"
"百六十一分行","2","0","2"
"六十一分行星","2","0","2"
"十一分行星三","2","0","2"
"一分行星三十","2","0","2"
"分行星三十六","2","0","2"
"行星三十六度","2","0","2"
"星三十六度二","2","0","2"
"十六度二千三","2","0","2"
"六度二千三十","2","0","2"
"度二千三十四","2","0","2"
"九万七千四百","1","1","2"
"万七千四百一","1","1","2"
"七千四百一十","1","1","2"
"千四百一十一","1","1","2"
"上元天正甲子","1","1","2"
"元天正甲子朔","1","1","2"
"天正甲子朔夜","1","1","2"
"正甲子朔夜半","1","1","2"
"甲子朔夜半冬","1","1","2"
"七百七十九日","2","0","2"
"五百三十六日","1","1","2"
"四百八十五日","1","1","2"
"五百二十九日","1","1","2"
"四百八十四日","1","1","2"
"四百九十五日","1","1","2"
"五百三十八日","1","1","2"
"三纪甲子元历","1","1","2"
"春秋时诸侯多","1","1","2"
"一千五百三十","1","1","2"
"千五百三十九","1","1","2"
"五百三十九分","1","1","2"
"分一百四十五","1","1","2"
"八百四十三分","1","1","2"
"分四百五十五","1","1","2"
"二千四百五十","1","1","2"
"千四百五十一","1","1","2"
"四百五十一分","1","1","2"
"三百岁斗历改","2","0","2"
"百岁斗历改宪","2","0","2"
"八万二千七百","1","1","2"
"万二千七百三","1","1","2"
"二千七百三十","1","1","2"
"千七百三十六","1","1","2"
"晋孝武太元九","1","1","2"
"武太元九年甲","1","1","2"
"太元九年甲申","1","1","2"
"八万三千八百","1","1","2"
"千八百四十一","1","1","2"
"四十四万七千","1","1","2"
"万七千六百一","1","1","2"
"七千六百一十","1","1","2"
"付尚书郎挚虞","1","1","2"
"光禄大夫蔡谟","1","1","2"
"元年正月丁未","1","1","2"
"宗祀文帝明堂","2","0","2"
"初元年十月乙","1","1","2"
"元年十月乙卯","1","1","2"
"太祖武皇帝配","1","1","2"
"宗祀皇考高祖","1","1","2"
"祀皇考高祖文","1","1","2"
"皇考高祖文皇","1","1","2"
"考高祖文皇帝","1","1","2"
"十二月壬子冬","1","1","2"
"帝咸熙二年十","1","1","2"
"咸熙二年十二","1","1","2"
"二年十二月甲","1","1","2"
"使持节侍中太","1","1","2"
"持节侍中太保","1","1","2"
"太尉司隶校尉","1","1","2"
"司隶校尉李憙","2","0","2"
"泰始二年正月","1","1","2"
"同称昊天上帝","2","0","2"
"太康三年正月","1","1","2"
"明堂南郊五帝","2","0","2"
"国子祭酒杜夷","1","1","2"
"宣穆张皇后配","1","1","2"
"帝建元元年正","1","1","2"
"汉光武正月辛","1","1","2"
"光武正月辛未","1","1","2"
"尚书左丞王纳","1","1","2"
"初二年正月乙","1","1","2"
"二年正月乙亥","1","1","2"
"元年二月丁亥","1","1","2"
"读春夏秋冬四","1","1","2"
"春夏秋冬四时","1","1","2"
"五年六月丁未","1","1","2"
"侍中散骑常侍","1","1","2"
"中散骑常侍荀","1","1","2"
"散骑常侍荀奕","1","1","2"
"黄门侍郎散骑","1","1","2"
"门侍郎散骑侍","1","1","2"
"侍郎散骑侍郎","1","1","2"
"郎散骑侍郎曹","1","1","2"
"散骑侍郎曹宇","1","1","2"
"尚书三公曹奏","1","1","2"
"光禄大夫臣华","1","1","2"
"三公九卿诸侯","1","1","2"
"公九卿诸侯大","1","1","2"
"九卿诸侯大夫","1","1","2"
"卿诸侯大夫躬","1","1","2"
"诸侯大夫躬耕","1","1","2"
"先蚕坛高一丈","1","1","2"
"皇后采桑坛东","1","1","2"
"后采桑坛东南","1","1","2"
"乘油画云母安","2","0","2"
"油画云母安车","2","0","2"
"车骑司马傅咸","1","1","2"
"王群姓立七祀","2","0","2"
"诸侯旅见天子","2","0","2"
"变异豫废朝礼","2","0","2"
"武帝咸宁三年","1","1","2"
"中书侍郎孔愉","1","1","2"
"城南坛心星庙","1","1","2"
"初二年六月庚","1","1","2"
"二年六月庚子","1","1","2"
"帝黄初二年正","1","1","2"
"奉圣亭侯孔亭","1","1","2"
"圣亭侯孔亭四","1","1","2"
"亭侯孔亭四时","1","1","2"
"侯孔亭四时祠","1","1","2"
"释奠先圣先师","2","0","2"
"魏齐王正始二","1","1","2"
"齐王正始二年","1","1","2"
"王正始二年二","1","1","2"
"正始二年二月","1","1","2"
"帝升平元年三","1","1","2"
"升平元年三月","1","1","2"
"孝武宁康三年","1","1","2"
"武宁康三年七","1","1","2"
"宁康三年七月","1","1","2"
"追尊高祖大长","1","1","2"
"尊高祖大长秋","1","1","2"
"考太祖武皇帝","1","1","2"
"行太傅太常韩","1","1","2"
"太傅太常韩暨","1","1","2"
"行太常宗正曹","1","1","2"
"太常宗正曹恪","1","1","2"
"常宗正曹恪持","1","1","2"
"宗正曹恪持节","1","1","2"
"正曹恪持节迎","1","1","2"
"景初元年六月","1","1","2"
"司空王朗持节","1","1","2"
"空王朗持节奉","1","1","2"
"王朗持节奉策","1","1","2"
"天子羡思慈亲","1","1","2"
"景初元年十二","1","1","2"
"初元年十二月","1","1","2"
"灵寿公主修丽","1","1","2"
"太兴三年正月","1","1","2"
"兴三年正月乙","1","1","2"
"帝咸康七年五","1","1","2"
"咸康七年五月","1","1","2"
"辅国将军谯王","1","1","2"
"国将军谯王司","1","1","2"
"尚书郎刘邵等","1","1","2"
"武帝太元十二","1","1","2"
"帝太元十二年","1","1","2"
"太元十二年五","1","1","2"
"元十二年五月","1","1","2"
"十二年五月壬","1","1","2"
"二年五月壬戌","1","1","2"
"祠部郎中徐邈","1","1","2"
"栋高八丈四尺","1","1","2"
"会稽太妃郑氏","1","1","2"
"太妃郑氏简文","2","0","2"
"简文皇帝宣太","1","1","2"
"文皇帝宣太后","1","1","2"
"义熙九年四月","1","1","2"
"大司马琅邪王","1","1","2"
"司马琅邪王德","1","1","2"
"马琅邪王德文","1","1","2"
"汉光武移十一","1","1","2"
"太尉谘议参军","1","1","2"
"尉谘议参军袁","1","1","2"
"谘议参军袁豹","1","1","2"
"武帝咸宁五年","1","1","2"
"帝咸宁五年十","1","1","2"
"咸宁五年十一","1","1","2"
"宁五年十一月","1","1","2"
"五年十一月己","1","1","2"
"五年十月己卯","1","1","2"
"孝武太元十一","1","1","2"
"武太元十一年","1","1","2"
"太元十一年九","1","1","2"
"元十一年九月","1","1","2"
"夜漏未尽十刻","2","0","2"
"掌礼郎赞皇帝","2","0","2"
"礼郎赞皇帝延","2","0","2"
"王公二千石上","1","1","2"
"公二千石上殿","1","1","2"
"太乐令跪奏奏","2","0","2"
"使持节侍中副","1","1","2"
"公卿侍中尚书","1","1","2"
"卿侍中尚书常","1","1","2"
"侍中尚书常侍","1","1","2"
"太康元年九月","1","1","2"
"康元年九月庚","1","1","2"
"元年九月庚寅","1","1","2"
"书左仆射山涛","1","1","2"
"况高祖宣皇帝","1","1","2"
"子博士车胤议","1","1","2"
"皇太子国储贰","2","0","2"
"孙吴兵法六十","1","1","2"
"吴兵法六十四","1","1","2"
"兵法六十四阵","1","1","2"
"帝建安二十一","1","1","2"
"建安二十一年","1","1","2"
"夏末上下相乱","1","1","2"
"礼谒见世祖庙","1","1","2"
"光禄大夫屯骑","1","1","2"
"禄大夫屯骑校","1","1","2"
"大夫屯骑校尉","1","1","2"
"夫屯骑校尉华","1","1","2"
"魏齐王正始四","1","1","2"
"齐王正始四年","1","1","2"
"充策立皇后杨","1","1","2"
"策立皇后杨氏","1","1","2"
"后黄金二百斤","1","1","2"
"成帝咸康二年","1","1","2"
"军将军诸葛恢","1","1","2"
"护军将军孔愉","1","1","2"
"成恭皇后入宫","1","1","2"
"武皇父兄主婚","1","1","2"
"皇帝咨前太尉","2","0","2"
"帝咨前太尉参","2","0","2"
"咨前太尉参军","2","0","2"
"故散骑侍郎准","2","0","2"
"散骑侍郎准遗","2","0","2"
"骑侍郎准遗女","2","0","2"
"尚书左丞孔胄","1","1","2"
"太学博士庾弘","1","1","2"
"案咸宁三年始","1","1","2"
"咸宁三年始平","1","1","2"
"京城近臣诸王","1","1","2"
"城近臣诸王公","1","1","2"
"近臣诸王公主","1","1","2"
"汉明帝永平二","1","1","2"
"明帝永平二年","1","1","2"
"帝永平二年三","1","1","2"
"永平二年三月","1","1","2"
"先圣先师周公","1","1","2"
"魏高贵乡公甘","1","1","2"
"贵乡公甘露二","1","1","2"
"乡公甘露二年","1","1","2"
"帝泰始六年十","1","1","2"
"泰始六年十二","1","1","2"
"始六年十二月","1","1","2"
"天泉池南石沟","1","1","2"
"泉池南石沟引","1","1","2"
"池南石沟引御","1","1","2"
"南石沟引御沟","1","1","2"
"石沟引御沟水","1","1","2"
"散骑侍郎邓静","1","1","2"
"神胥乐兮肃肃","2","0","2"
"胥乐兮肃肃位","2","0","2"
"黄门侍郎张华","1","1","2"
"问司律中郎将","1","1","2"
"司律中郎将陈","1","1","2"
"律中郎将陈颀","1","1","2"
"中书侍郎成公","1","1","2"
"书侍郎成公绥","1","1","2"
"正旦大会王公","1","1","2"
"旦大会王公上","1","1","2"
"会王公上寿酒","1","1","2"
"钟鼓金石丝竹","1","1","2"
"安台新福歌曲","1","1","2"
"行辞新福歌曲","1","1","2"
"韦昭制十二曲","1","1","2"
"昭制十二曲名","1","1","2"
"蜀将关羽背弃","1","1","2"
"将关羽背弃吴","1","1","2"
"圣皇德配尧舜","1","1","2"
"依前曲作新歌","1","1","2"
"前曲作新歌五","1","1","2"
"曲作新歌五篇","1","1","2"
"尚书殿中郎袁","1","1","2"
"书殿中郎袁明","1","1","2"
"殿中郎袁明子","1","1","2"
"世称三皇五帝","1","1","2"
"后园凿井银作","1","1","2"
"事黄门侍郎陈","1","1","2"
"黄门侍郎陈逵","1","1","2"
"散骑侍郎顾臻","1","1","2"
"弦歌钟鼓金石","1","1","2"
"乘舆车辇旌鼓","1","1","2"
"盖取负重致远","2","0","2"
"取负重致远安","2","0","2"
"负重致远安稳","2","0","2"
"司隶刘毅纠劾","1","1","2"
"洛阳亭长九人","1","1","2"
"太尉外督令史","1","1","2"
"黄门前部鼓吹","1","1","2"
"护驾尚书郎三","1","1","2"
"驾尚书郎三人","1","1","2"
"护驾尚书一人","1","1","2"
"殿中司马一行","1","1","2"
"殿中都尉一行","1","1","2"
"殿中校尉一行","1","1","2"
"殿中将军持凿","1","1","2"
"中将军持凿脑","1","1","2"
"将军持凿脑斧","1","1","2"
"军持凿脑斧夹","1","1","2"
"治书侍御史二","1","1","2"
"书侍御史二人","1","1","2"
"尚书军校加侍","1","1","2"
"书军校加侍中","1","1","2"
"军校加侍中常","1","1","2"
"校加侍中常侍","1","1","2"
"旧公卿二千石","1","1","2"
"皇后乘画轮车","1","1","2"
"乘青交路安车","1","1","2"
"乘皁交路安车","2","0","2"
"侍中常侍尚书","1","1","2"
"中常侍尚书中","1","1","2"
"常侍尚书中书","1","1","2"
"侍尚书中书监","1","1","2"
"尚书中书监令","1","1","2"
"书中书监令卿","1","1","2"
"中书监令卿校","1","1","2"
"所谓武车绥旌","1","1","2"
"天子车乘冠服","1","1","2"
"郊祀天地明堂","1","1","2"
"祀天地明堂宗","1","1","2"
"天地明堂宗庙","1","1","2"
"青赤黄白缃黑","1","1","2"
"殿门司马卫士","1","1","2"
"尚书八座丞郎","1","1","2"
"门下三省侍官","1","1","2"
"下三省侍官乘","1","1","2"
"三省侍官乘车","1","1","2"
"官牧守丞令下","1","1","2"
"魏秘书监秦静","1","1","2"
"三台五省二品","1","1","2"
"台五省二品文","1","1","2"
"五省二品文官","1","1","2"
"南山丰大特六","1","1","2"
"山丰大特六兽","1","1","2"
"所谓厥初生民","1","1","2"
"安帝永初三年","1","1","2"
"桓帝永兴元年","1","1","2"
"四年正月丁亥","1","1","2"
"五年正月癸巳","1","1","2"
"咸宁元年十二","1","1","2"
"种牛三万五千","1","1","2"
"牛三万五千头","1","1","2"
"右典牧都尉官","1","1","2"
"前见尚书胡威","1","1","2"
"宋侯相应遵上","1","1","2"
"水田七千五百","1","1","2"
"持椎斧武骑武","1","1","2"
"椎斧武骑武贲","1","1","2"
"吴郡太守邓攸","1","1","2"
"后军将军应詹","1","1","2"
"十三户共借一","1","1","2"
"孙权嘉禾五年","1","1","2"
"年十二月乙巳","1","1","2"
"十七年殷仲堪","1","1","2"
"吴孙亮建兴二","1","1","2"
"诸葛恪征淮南","2","0","2"
"十一月庚寅梁","1","1","2"
"立典虞车工卒","1","1","2"
"时诸葛恪执政","1","1","2"
"太平元年二月","1","1","2"
"孙皓建衡二年","1","1","2"
"皓建衡二年三","1","1","2"
"建衡二年三月","1","1","2"
"武帝太康八年","1","1","2"
"帝太康八年三","1","1","2"
"太康八年三月","1","1","2"
"康八年三月乙","1","1","2"
"八年三月乙丑","1","1","2"
"帝元康五年闰","1","1","2"
"元康五年闰月","1","1","2"
"康五年闰月庚","1","1","2"
"五年闰月庚寅","1","1","2"
"永兴二年七月","1","1","2"
"永嘉四年十一","1","1","2"
"嘉四年十一月","1","1","2"
"东西南北数十","1","1","2"
"西南北数十处","1","1","2"
"永昌二年正月","1","1","2"
"昌二年正月癸","1","1","2"
"二年正月癸巳","1","1","2"
"会稽王道子宠","1","1","2"
"稽王道子宠幸","1","1","2"
"王道子宠幸尼","1","1","2"
"义熙四年七月","1","1","2"
"熙四年七月丁","1","1","2"
"四年七月丁酉","1","1","2"
"孝武太元六年","1","1","2"
"帝元康三年闰","1","1","2"
"元康三年闰二","1","1","2"
"康三年闰二月","1","1","2"
"魏豫州刺史贾","1","1","2"
"豫州刺史贾逵","1","1","2"
"州刺史贾逵石","1","1","2"
"刺史贾逵石碑","1","1","2"
"愍帝建兴五年","1","1","2"
"太守殷仲文照","1","1","2"
"守殷仲文照镜","1","1","2"
"帝黄初四年六","1","1","2"
"黄初四年六月","1","1","2"
"简宗庙废祭祀","2","0","2"
"宗庙废祭祀罚","2","0","2"
"权称帝三十年","1","1","2"
"帝景初元年九","1","1","2"
"景初元年九月","1","1","2"
"五年八月壬午","1","1","2"
"二年七月癸亥","1","1","2"
"太康二年六月","1","1","2"
"时齐王冏专政","2","0","2"
"永昌二年五月","1","1","2"
"七年七月甲辰","1","1","2"
"年七月甲辰夜","1","1","2"
"三艘流入大江","1","1","2"
"四年桓温北伐","1","1","2"
"简文帝咸安元","1","1","2"
"文帝咸安元年","1","1","2"
"帝咸安元年十","1","1","2"
"咸安元年十二","1","1","2"
"年十二月壬午","1","1","2"
"十七年六月甲","1","1","2"
"七年六月甲寅","1","1","2"
"时会稽王世子","1","1","2"
"年二月庚寅夜","1","1","2"
"三年二月己丑","1","1","2"
"义熙元年十二","1","1","2"
"熙元年十二月","1","1","2"
"二年十二月己","1","1","2"
"十二月己未夜","1","1","2"
"十一年七月丙","1","1","2"
"一年七月丙戌","1","1","2"
"郎中令刘敬叔","1","1","2"
"泰始六年六月","1","1","2"
"太康五年七月","1","1","2"
"帝永宁元年十","1","1","2"
"永宁元年十月","1","1","2"
"康元年八月乙","1","1","2"
"元年八月乙丑","1","1","2"
"何晏服妇人服","2","0","2"
"骠骑参军袁悦","1","1","2"
"魏明帝景初二","1","1","2"
"明帝景初二年","1","1","2"
"惠帝元康六年","1","1","2"
"孝武太元十三","2","0","2"
"武太元十三年","2","0","2"
"帝隆安元年八","1","1","2"
"隆安元年八月","1","1","2"
"帝咸宁元年八","1","1","2"
"宁元年八月丁","1","1","2"
"元年八月丁酉","1","1","2"
"帝太兴二年六","1","1","2"
"太兴二年六月","1","1","2"
"帝元兴元年正","1","1","2"
"兴元年正月丙","1","1","2"
"元年正月丙子","1","1","2"
"魏齐王嘉平初","1","1","2"
"惠帝永兴元年","1","1","2"
"元帝永昌二年","1","1","2"
"淮陵内史苏峻","1","1","2"
"陵内史苏峻率","1","1","2"
"庾晞四五年中","1","1","2"
"晞四五年中喜","1","1","2"
"新安人歌舞离","1","1","2"
"王正始元年二","1","1","2"
"正始元年二月","1","1","2"
"贵乡公甘露三","1","1","2"
"乡公甘露三年","1","1","2"
"公甘露三年正","1","1","2"
"甘露三年正月","1","1","2"
"时孙皓迁都武","1","1","2"
"孙皓迁都武昌","1","1","2"
"帝泰始七年五","1","1","2"
"泰始七年五月","1","1","2"
"始七年五月闰","1","1","2"
"七年五月闰月","1","1","2"
"宗庙社稷山川","1","1","2"
"卿校诸葛冲等","1","1","2"
"咸宁二年五月","1","1","2"
"惠帝元康七年","1","1","2"
"帝元康七年七","1","1","2"
"元康七年七月","1","1","2"
"帝永嘉三年五","1","1","2"
"永嘉三年五月","1","1","2"
"襄平县梁水淡","1","1","2"
"平县梁水淡池","1","1","2"
"中书令缪播等","1","1","2"
"书令缪播等九","1","1","2"
"令缪播等九人","1","1","2"
"缪播等九人杀","1","1","2"
"帝建武元年六","1","1","2"
"建武元年六月","1","1","2"
"帝隆安二年冬","1","1","2"
"阿公阿公驾马","1","1","2"
"公阿公驾马车","1","1","2"
"白马素羁西南","1","1","2"
"马素羁西南驰","1","1","2"
"芦苇单衣篾钩","1","1","2"
"苇单衣篾钩络","1","1","2"
"孙休永安二年","1","1","2"
"王浚龙骧将军","1","1","2"
"武帝太康三年","1","1","2"
"帝太康三年平","1","1","2"
"城东马子莫咙","1","1","2"
"中大鼠长尺二","1","1","2"
"元超兄弟大落","1","1","2"
"超兄弟大落度","1","1","2"
"咸康二年十二","1","1","2"
"康二年十二月","1","1","2"
"孝武帝太元末","1","1","2"
"黄头小人欲作","1","1","2"
"头小人欲作乱","1","1","2"
"芦生漫漫竟天","1","1","2"
"生漫漫竟天半","1","1","2"
"翁年老翁年老","1","1","2"
"太康七年十一","1","1","2"
"康七年十一月","1","1","2"
"七年十一月丙","1","1","2"
"年十一月丙辰","1","1","2"
"六年正月丁巳","1","1","2"
"元年十月甲申","1","1","2"
"十三年四月癸","1","1","2"
"三年四月癸巳","1","1","2"
"闻地中犬子声","2","0","2"
"吴郡太守张懋","1","1","2"
"时辅国将军孙","1","1","2"
"三年正月乙亥","1","1","2"
"康五年五月丁","1","1","2"
"武帝太康十年","1","1","2"
"帝元康五年十","1","1","2"
"元康五年十二","1","1","2"
"康五年十二月","1","1","2"
"湖熟县夏架湖","1","1","2"
"武帝泰始八年","1","1","2"
"帝泰始八年五","1","1","2"
"泰始八年五月","1","1","2"
"时益州刺史皇","1","1","2"
"咸康三年六月","1","1","2"
"太元二年五月","1","1","2"
"太元十四年四","1","1","2"
"元十四年四月","1","1","2"
"帝隆安四年四","1","1","2"
"隆安四年四月","1","1","2"
"安四年四月乙","1","1","2"
"四年四月乙未","1","1","2"
"元兴三年五月","1","1","2"
"义熙三年三月","1","1","2"
"魏齐王正始末","1","1","2"
"帝元康八年五","1","1","2"
"元康八年五月","1","1","2"
"亮建兴元年九","1","1","2"
"建兴元年九月","1","1","2"
"汝南王亮太保","2","0","2"
"南王亮太保卫","2","0","2"
"王亮太保卫瓘","2","0","2"
"帝建安二十五","1","1","2"
"建安二十五年","1","1","2"
"安二十五年春","1","1","2"
"二十五年春正","1","1","2"
"魏文帝黄初元","1","1","2"
"文帝黄初元年","1","1","2"
"亮五凤元年六","1","1","2"
"五凤元年六月","1","1","2"
"吴孙皓天玺元","1","1","2"
"天纪三年八月","1","1","2"
"帝元康二年春","1","1","2"
"康九年六月庚","1","1","2"
"九年六月庚子","1","1","2"
"孝怀帝永嘉二","1","1","2"
"怀帝永嘉二年","1","1","2"
"帝永嘉二年冬","1","1","2"
"帝太宁元年九","1","1","2"
"太宁元年九月","1","1","2"
"六年五月癸亥","1","1","2"
"九年五月甲戌","1","1","2"
"哀帝兴宁三年","1","1","2"
"帝兴宁三年五","1","1","2"
"兴宁三年五月","1","1","2"
"宁三年五月癸","1","1","2"
"三年五月癸卯","1","1","2"
"庐陵西昌县修","1","1","2"
"陵西昌县修明","1","1","2"
"西昌县修明家","1","1","2"
"义熙二年九月","1","1","2"
"茎高四尺六寸","1","1","2"
"帝黄初四年五","1","1","2"
"黄初四年五月","1","1","2"
"帝建安二十三","1","1","2"
"建安二十三年","1","1","2"
"蜀刘禅建兴九","1","1","2"
"刘禅建兴九年","1","1","2"
"禅建兴九年十","1","1","2"
"建兴九年十月","1","1","2"
"江南飞渡江北","1","1","2"
"时诸葛亮连年","1","1","2"
"孙权赤乌十二","1","1","2"
"权赤乌十二年","1","1","2"
"赤乌十二年四","1","1","2"
"乌十二年四月","1","1","2"
"吴孙权太元二","1","1","2"
"孙权太元二年","1","1","2"
"权太元二年正","1","1","2"
"亮建兴二年十","1","1","2"
"孙皓建衡三年","1","1","2"
"帝泰始四年八","1","1","2"
"泰始四年八月","1","1","2"
"帝永嘉元年二","1","1","2"
"永嘉元年二月","1","1","2"
"北步广里地陷","2","0","2"
"帝太宁三年八","1","1","2"
"太宁三年八月","1","1","2"
"宁三年八月庚","1","1","2"
"三年八月庚戌","1","1","2"
"咸康八年七月","1","1","2"
"武帝太元十六","1","1","2"
"帝太元十六年","1","1","2"
"太元十六年六","1","1","2"
"元十六年六月","1","1","2"
"安帝义熙三年","1","1","2"
"帝太康五年四","1","1","2"
"太康五年四月","1","1","2"
"康五年四月壬","1","1","2"
"五年四月壬子","1","1","2"
"永康元年三月","1","1","2"
"淖齿杀齐湣王","1","1","2"
"帝建兴元年十","1","1","2"
"四年十二月丙","1","1","2"
"刘聪伪建元元","1","1","2"
"聪伪建元元年","1","1","2"
"伪建元元年正","1","1","2"
"吴孙权嘉禾三","1","1","2"
"孙权嘉禾三年","1","1","2"
"权嘉禾三年九","1","1","2"
"嘉禾三年九月","1","1","2"
"秋时公子遂专","1","1","2"
"赤乌四年正月","1","1","2"
"帝元康二年八","1","1","2"
"元康二年八月","1","1","2"
"光熙元年闰八","1","1","2"
"熙元年闰八月","1","1","2"
"帝太兴二年三","1","1","2"
"太兴二年三月","1","1","2"
"兴二年三月丁","1","1","2"
"二年三月丁未","1","1","2"
"六年三月癸未","1","1","2"
"康二年正月丁","1","1","2"
"二年正月丁巳","1","1","2"
"武太元二年四","1","1","2"
"太元二年四月","1","1","2"
"元二年四月己","1","1","2"
"十二年四月己","1","1","2"
"二年四月己丑","1","1","2"
"二十年五月癸","1","1","2"
"十年五月癸卯","1","1","2"
"二十一年四月","1","1","2"
"十一年四月丁","1","1","2"
"一年四月丁亥","1","1","2"
"安二年三月乙","1","1","2"
"二年三月乙卯","1","1","2"
"元兴二年十二","1","1","2"
"兴二年十二月","1","1","2"
"三年正月甲申","1","1","2"
"熙元年四月壬","1","1","2"
"元年四月壬申","1","1","2"
"五年三月己亥","1","1","2"
"十年四月辛卯","1","1","2"
"城西洛水浮桥","1","1","2"
"帝太康六年十","1","1","2"
"太康六年十二","1","1","2"
"康六年十二月","1","1","2"
"七年十二月己","1","1","2"
"年十二月己亥","1","1","2"
"南沙司盐都尉","1","1","2"
"沙司盐都尉戴","1","1","2"
"司盐都尉戴亮","1","1","2"
"帝永康元年六","1","1","2"
"永康元年六月","1","1","2"
"康元年六月癸","1","1","2"
"元年六月癸卯","1","1","2"
"永昌二年七月","1","1","2"
"三年六月辛卯","1","1","2"
"破郡府内小屋","1","1","2"
"孝武帝太元五","1","1","2"
"武帝太元五年","1","1","2"
"帝太元五年六","1","1","2"
"太元五年六月","1","1","2"
"元五年六月甲","1","1","2"
"五年六月甲寅","1","1","2"
"义熙四年十一","1","1","2"
"熙四年十一月","1","1","2"
"五年六月丙寅","1","1","2"
"帝元康九年三","1","1","2"
"元康九年三月","1","1","2"
"黄门孙虑杀太","1","1","2"
"门孙虑杀太子","1","1","2"
"洛阳城西北九","1","1","2"
"阳城西北九里","1","1","2"
"孝武太元十五","1","1","2"
"武太元十五年","1","1","2"
"太元十五年三","1","1","2"
"元十五年三月","1","1","2"
"吴兴长城夏架","1","1","2"
"兴长城夏架山","1","1","2"
"魏齐王嘉平四","1","1","2"
"齐王嘉平四年","1","1","2"
"王嘉平四年五","1","1","2"
"嘉平四年五月","1","1","2"
"高贵乡公兵祸","1","1","2"
"帝黄初三年七","1","1","2"
"黄初三年七月","1","1","2"
"帝永嘉四年五","1","1","2"
"永嘉四年五月","1","1","2"
"帝太兴元年六","1","1","2"
"吴郡百姓多饿","1","1","2"
"郡百姓多饿死","1","1","2"
"入右大司马丁","1","1","2"
"右大司马丁奉","1","1","2"
"帝永嘉五年十","1","1","2"
"永嘉五年十二","1","1","2"
"嘉五年十二月","1","1","2"
"帝太康五年六","1","1","2"
"太康五年六月","1","1","2"
"张天锡杀中护","1","1","2"
"天锡杀中护军","1","1","2"
"锡杀中护军张","1","1","2"
"杀中护军张邕","1","1","2"
"帝元兴二年十","1","1","2"
"元兴二年十月","1","1","2"
"钱唐临平湖水","1","1","2"
"时金木水火沴","2","0","2"
"魏齐王正始九","1","1","2"
"齐王正始九年","1","1","2"
"王正始九年十","1","1","2"
"正始九年十一","1","1","2"
"始九年十一月","1","1","2"
"吴孙权太元元","1","1","2"
"孙权太元元年","1","1","2"
"权太元元年八","1","1","2"
"太元元年八月","1","1","2"
"平地水深八尺","1","1","2"
"吴城两门飞落","1","1","2"
"孙休永安元年","1","1","2"
"休永安元年十","1","1","2"
"永安元年十一","1","1","2"
"年十一月甲午","1","1","2"
"十二月丁卯夜","1","1","2"
"帝泰始五年五","1","1","2"
"泰始五年五月","1","1","2"
"咸宁元年五月","1","1","2"
"太康二年五月","1","1","2"
"五年四月庚寅","1","1","2"
"年四月庚寅夜","1","1","2"
"永宁元年八月","1","1","2"
"伦建始元年正","1","1","2"
"建始元年正月","1","1","2"
"始元年正月癸","1","1","2"
"元年正月癸酉","1","1","2"
"帝永昌元年七","1","1","2"
"永昌元年七月","1","1","2"
"昌元年七月丙","1","1","2"
"元年七月丙寅","1","1","2"
"成帝咸康四年","1","1","2"
"帝咸康四年三","1","1","2"
"咸康四年三月","1","1","2"
"康四年三月壬","1","1","2"
"四年三月壬辰","1","1","2"
"太元二年二月","1","1","2"
"五年闰十月丁","1","1","2"
"年闰十月丁亥","1","1","2"
"魏高贵乡公正","1","1","2"
"高贵乡公正元","2","0","2"
"二年正月戊戌","1","1","2"
"景帝讨毌丘俭","2","0","2"
"元帝景元三年","1","1","2"
"嘉四年十月辛","1","1","2"
"四年十月辛卯","1","1","2"
"帝元康三年九","1","1","2"
"元康三年九月","1","1","2"
"帝建武元年七","1","1","2"
"建武元年七月","1","1","2"
"武昌太守王谅","1","1","2"
"九德人袁荣家","1","1","2"
"帝太兴四年八","1","1","2"
"太兴四年八月","1","1","2"
"明帝太守元年","1","1","2"
"帝太守元年正","1","1","2"
"太守元年正月","1","1","2"
"守元年正月癸","1","1","2"
"元年正月癸巳","1","1","2"
"元八年二月癸","1","1","2"
"八年二月癸未","1","1","2"
"帝元兴元年十","1","1","2"
"元兴元年十月","1","1","2"
"吴孙权黄武四","1","1","2"
"孙权黄武四年","1","1","2"
"魏明帝青龙二","1","1","2"
"明帝青龙二年","1","1","2"
"帝青龙二年十","1","1","2"
"青龙二年十一","1","1","2"
"龙二年十一月","1","1","2"
"荆州刺史胡质","1","1","2"
"州刺史胡质击","1","1","2"
"刺史胡质击退","1","1","2"
"赤乌二年正月","1","1","2"
"时宦人黄皓专","1","1","2"
"宦人黄皓专权","1","1","2"
"太熙元年正月","1","1","2"
"帝永嘉三年十","1","1","2"
"永嘉三年十月","1","1","2"
"九年八月丁酉","1","1","2"
"十年正月丁卯","1","1","2"
"兴宁元年四月","1","1","2"
"宁元年四月甲","1","1","2"
"元年四月甲戌","1","1","2"
"熙四年正月壬","1","1","2"
"四年正月壬子","1","1","2"
"五年正月戊戌","1","1","2"
"孙权赤乌十三","1","1","2"
"权赤乌十三年","1","1","2"
"赤乌十三年八","1","1","2"
"乌十三年八月","1","1","2"
"帝咸熙二年二","1","1","2"
"咸熙二年二月","1","1","2"
"圣王受命人君","1","1","2"
"二年八月乙亥","1","1","2"
"三年七月戊辰","1","1","2"
"十二年十一月","1","1","2"
"骑常侍车灌修","1","1","2"
"常侍车灌修峻","1","1","2"
"侍车灌修峻平","1","1","2"
"车灌修峻平陵","1","1","2"
"升平五年二月","1","1","2"
"南掖门马足陷","1","1","2"
"帝义熙八年三","1","1","2"
"义熙八年三月","1","1","2"
"熙八年三月壬","1","1","2"
"八年三月壬寅","1","1","2"
"十年五月戊寅","1","1","2"
"汉中成固县水","1","1","2"
"中成固县水涯","1","1","2"
"帝元康九年六","1","1","2"
"孙亮太平三年","1","1","2"
"帝青龙元年正","1","1","2"
"青龙元年正月","1","1","2"
"龙元年正月甲","1","1","2"
"元年正月甲申","1","1","2"
"元年十月戊戌","1","1","2"
"甘露元年正月","1","1","2"
"露元年正月辛","1","1","2"
"元年正月辛丑","1","1","2"
"龙见轵县井中","2","0","2"
"元帝景元元年","1","1","2"
"帝景元元年十","1","1","2"
"景元元年十二","1","1","2"
"元元年十二月","1","1","2"
"帝咸宁二年六","1","1","2"
"咸宁二年六月","1","1","2"
"宁二年六月丙","1","1","2"
"二年六月丙午","1","1","2"
"太康五年正月","1","1","2"
"康五年正月癸","1","1","2"
"五年正月癸卯","1","1","2"
"帝建兴二年十","1","1","2"
"康五年三月癸","1","1","2"
"五年三月癸巳","1","1","2"
"入汉城阳景王","1","1","2"
"汉城阳景王祠","1","1","2"
"城阳景王祠中","1","1","2"
"武帝太熙元年","1","1","2"
"帝元康八年十","1","1","2"
"元康八年十二","1","1","2"
"康八年十二月","1","1","2"
"九年十一月戊","1","1","2"
"年十一月戊寅","1","1","2"
"帝永嘉六年二","1","1","2"
"永嘉六年二月","1","1","2"
"丹阳郡吏濮阳","1","1","2"
"阳郡吏濮阳演","1","1","2"
"成帝咸康八年","1","1","2"
"帝咸康八年五","1","1","2"
"咸康八年五月","1","1","2"
"康八年五月甲","1","1","2"
"八年五月甲戌","1","1","2"
"帝隆安四年十","1","1","2"
"隆安四年十月","1","1","2"
"魏文帝黄初初","1","1","2"
"灵帝时黄氏母","1","1","2"
"帝咸熙二年八","1","1","2"
"咸熙二年八月","1","1","2"
"咸宁二年十二","1","1","2"
"宁二年十二月","1","1","2"
"琅邪人颜畿病","1","1","2"
"邪人颜畿病死","1","1","2"
"永宁元年十二","1","1","2"
"年十二月戊辰","1","1","2"
"安元年四月癸","1","1","2"
"元年四月癸酉","1","1","2"
"秘书郎王导议","1","1","2"
"吴郡吴县万详","1","1","2"
"新蔡县吏任侨","1","1","2"
"时内史吕会上","1","1","2"
"明帝太宁二年","1","1","2"
"帝太宁二年七","1","1","2"
"太宁二年七月","1","1","2"
"丹阳江宁侯纪","1","1","2"
"成帝咸康五年","1","1","2"
"帝咸康五年四","1","1","2"
"咸康五年四月","1","1","2"
"康帝建元二年","1","1","2"
"帝建元二年十","1","1","2"
"建元二年十月","1","1","2"
"卫将军营督过","1","1","2"
"将军营督过望","1","1","2"
"军营督过望所","1","1","2"
"孝武帝宁康初","1","1","2"
"南郡州陵女唐","1","1","2"
"郡州陵女唐氏","1","1","2"
"东阳人莫氏生","1","1","2"
"元帝初元五年","1","1","2"
"哀帝建平元年","1","1","2"
"宣帝聪明正直","1","1","2"
"尚书陈宠上疏","1","1","2"
"千六百九十八","1","1","2"
"二千六百八十","1","1","2"
"千六百八十一","1","1","2"
"赎罪二千八百","1","1","2"
"奏上三十三条","1","1","2"
"二万六千二百","1","1","2"
"二百七十二条","1","1","2"
"七百七十三万","1","1","2"
"百七十三万二","1","1","2"
"七十三万二千","1","1","2"
"十三万二千二","1","1","2"
"三万二千二百","1","1","2"
"廷尉狱吏范洪","1","1","2"
"事黄门侍郎韩","1","1","2"
"黄门侍郎韩逊","1","1","2"
"毁伤亡失县官","1","1","2"
"伤亡失县官财","1","1","2"
"亡失县官财物","1","1","2"
"受所监受财枉","1","1","2"
"所监受财枉法","1","1","2"
"颍川太守刘子","2","0","2"
"太守刘子元妻","2","0","2"
"司隶校尉何曾","1","1","2"
"二万七千六百","1","1","2"
"万七千六百五","1","1","2"
"七千六百五十","1","1","2"
"千六百五十七","1","1","2"
"九百二十六条","1","1","2"
"十二万六千三","1","1","2"
"二万六千三百","1","1","2"
"叔孙通制仪奉","2","0","2"
"孙通制仪奉常","2","0","2"
"威势下手取财","1","1","2"
"中书侍郎张华","1","1","2"
"鞭父母问子所","2","0","2"
"散骑郎张嶷等","1","1","2"
"中书郎桓彝等","1","1","2"
"魏征南大将军","1","1","2"
"镇北将军濮阳","1","1","2"
"兰陵景侯夫人","1","1","2"
"陵景侯夫人羊","1","1","2"
"景侯夫人羊氏","1","1","2"
"汤沐邑四十县","1","1","2"
"后军将军荀悝","1","1","2"
"中书监张华等","1","1","2"
"太后非罪先帝","2","0","2"
"后非罪先帝者","2","0","2"
"卫将军虞潭议","1","1","2"
"世祖武皇帝光","1","1","2"
"泰始十年秋七","1","1","2"
"始十年秋七月","1","1","2"
"十年秋七月丙","1","1","2"
"年秋七月丙寅","1","1","2"
"晋元皇后杨氏","1","1","2"
"泰始九年春入","1","1","2"
"始九年春入宫","1","1","2"
"泰始八年二月","1","1","2"
"始八年二月辛","1","1","2"
"八年二月辛卯","1","1","2"
"养孙贾谧干预","1","1","2"
"孙贾谧干预国","1","1","2"
"贾谧干预国事","1","1","2"
"南风烈烈吹黄","1","1","2"
"风烈烈吹黄沙","1","1","2"
"遥望鲁国郁嵯","1","1","2"
"望鲁国郁嵯峨","1","1","2"
"翊军校尉齐王","1","1","2"
"临海公主先封","1","1","2"
"遣尚书田淑敕","1","1","2"
"前太子清河王","1","1","2"
"前琅邪王妃虞","1","1","2"
"琅邪王妃虞氏","1","1","2"
"太尉万胜奉册","1","1","2"
"母散骑常侍新","1","1","2"
"散骑常侍新野","1","1","2"
"骑常侍新野王","1","1","2"
"尊后曰皇太后","2","0","2"
"称皇太后陛下","1","1","2"
"琛骠骑大将军","1","1","2"
"丘氏安陵县君","1","1","2"
"司徒蔡谟等上","1","1","2"
"徒蔡谟等上奏","1","1","2"
"太学博士徐藻","1","1","2"
"都乡侯粪土臣","2","0","2"
"乡侯粪土臣何","2","0","2"
"侯粪土臣何琦","2","0","2"
"粪土臣何琦稽","2","0","2"
"土臣何琦稽首","2","0","2"
"臣何琦稽首顿","2","0","2"
"何琦稽首顿首","2","0","2"
"免国相诸葛颐","1","1","2"
"皇子道子琅邪","2","0","2"
"问太子前率徐","1","1","2"
"太子前率徐邈","1","1","2"
"会稽王道子启","1","1","2"
"太保刘耽尊皇","1","1","2"
"保刘耽尊皇太","1","1","2"
"祠部郎徐广等","1","1","2"
"部郎徐广等议","1","1","2"
"太皇太后名位","1","1","2"
"皇太后名位允","1","1","2"
"神主祔宣太后","2","0","2"
"主祔宣太后庙","2","0","2"
"军将军桓冲等","1","1","2"
"将军桓冲等奏","1","1","2"
"试守晋陵太守","1","1","2"
"守晋陵太守王","1","1","2"
"晋陵太守王蕴","1","1","2"
"宋元嘉十三年","1","1","2"
"徐州刺史吕虔","1","1","2"
"御史中丞侯史","1","1","2"
"史中丞侯史光","1","1","2"
"置官骑二十人","1","1","2"
"使常优游定省","2","0","2"
"诏赐东园秘器","2","0","2"
"时文明皇太后","1","1","2"
"大将军曹爽引","1","1","2"
"太傅寿光公郑","1","1","2"
"傅寿光公郑冲","1","1","2"
"太尉临淮公荀","1","1","2"
"司空博陵元公","1","1","2"
"空博陵元公王","1","1","2"
"卫将军钜平侯","1","1","2"
"将军钜平侯羊","1","1","2"
"军钜平侯羊祜","1","1","2"
"钜平侯羊祜才","1","1","2"
"累迁散骑侍郎","2","0","2"
"惟良二千石乎","2","0","2"
"抚军校事尹模","1","1","2"
"时步兵校尉阮","1","1","2"
"步兵校尉阮籍","1","1","2"
"遣散骑常侍谕","2","0","2"
"置长史掾属祭","1","1","2"
"长史掾属祭酒","1","1","2"
"予颍昌侯见矣","2","0","2"
"时司空贾充权","1","1","2"
"谒者阳翟郭玄","1","1","2"
"者阳翟郭玄信","1","1","2"
"阳翟郭玄信奉","1","1","2"
"市长沛国赵元","1","1","2"
"长沛国赵元儒","1","1","2"
"见吏部郎许允","1","1","2"
"景帝中护军司","1","1","2"
"帝中护军司马","1","1","2"
"徐州刺史胡质","1","1","2"
"代王基都督扬","1","1","2"
"王基都督扬州","1","1","2"
"基都督扬州诸","1","1","2"
"进封乐陵郡公","1","1","2"
"淮北监军王琛","1","1","2"
"北监军王琛轻","1","1","2"
"宫中大马作驴","2","0","2"
"司徒督察州郡","1","1","2"
"散骑郎蜀郡何","1","1","2"
"骑郎蜀郡何攀","1","1","2"
"郎蜀郡何攀共","1","1","2"
"徐州刺史高诞","1","1","2"
"号曰二十四友","2","0","2"
"欧阳建字坚石","1","1","2"
"司隶校尉刘讷","1","1","2"
"将军都督万里","1","1","2"
"光禄大夫鲁芝","1","1","2"
"光禄大夫李胤","1","1","2"
"禄大夫李胤清","1","1","2"
"遣荆州刺史杨","1","1","2"
"州刺史杨肇攻","1","1","2"
"所统八万余人","2","0","2"
"益州刺史王浚","1","1","2"
"遣中书令张华","1","1","2"
"征南大将军南","1","1","2"
"南大将军南城","1","1","2"
"大将军南城侯","1","1","2"
"前征南大将军","1","1","2"
"太傅钜平成侯","1","1","2"
"尚书祠部郎荀","1","1","2"
"书祠部郎荀伯","1","1","2"
"祠部郎荀伯子","1","1","2"
"部郎荀伯子上","1","1","2"
"郎荀伯子上表","1","1","2"
"故太尉广陵公","1","1","2"
"太尉广陵公准","1","1","2"
"太傅杨骏参军","1","1","2"
"袭祖爵丰乐亭","1","1","2"
"祖爵丰乐亭侯","1","1","2"
"千一百五十户","1","1","2"
"遣御史槛车征","2","0","2"
"吴西陵督张政","1","1","2"
"三百六十五户","1","1","2"
"武昌监刘宪代","1","1","2"
"陛下圣明神武","1","1","2"
"襄阳太守周奇","1","1","2"
"阳太守周奇等","1","1","2"
"春秋左氏经传","1","1","2"
"秋左氏经传集","1","1","2"
"左氏经传集解","1","1","2"
"攻拔吴枳里城","2","0","2"
"尚书仆射陈泰","1","1","2"
"进封鲁阳乡侯","1","1","2"
"高苑县济川墟","1","1","2"
"时安远护军郝","1","1","2"
"尚书令裴秀相","1","1","2"
"左光禄大夫裴","1","1","2"
"光禄大夫裴秀","1","1","2"
"御史中丞周弼","1","1","2"
"史中丞周弼见","1","1","2"
"党左军将军刘","1","1","2"
"左军将军刘豫","1","1","2"
"中书黄门侍郎","1","1","2"
"侍中傅祗救护","1","1","2"
"遣黄门郎王衍","1","1","2"
"季龙太子中庶","1","1","2"
"龙太子中庶子","1","1","2"
"委任长史司马","1","1","2"
"任长史司马奥","1","1","2"
"都督扬州江西","1","1","2"
"督扬州江西淮","1","1","2"
"扬州江西淮北","1","1","2"
"州江西淮北诸","1","1","2"
"江西淮北诸军","1","1","2"
"西淮北诸军事","1","1","2"
"河南郭象谈论","1","1","2"
"尚书郎敦煌索","1","1","2"
"书郎敦煌索靖","1","1","2"
"千兵百骑鼓吹","1","1","2"
"太保主簿刘繇","1","1","2"
"保主簿刘繇等","1","1","2"
"时帐下督荣晦","1","1","2"
"大臣父子九人","1","1","2"
"改封江夏郡公","1","1","2"
"邑八千五百户","1","1","2"
"骠骑将军王济","1","1","2"
"南将军山简见","1","1","2"
"时大将军王敦","1","1","2"
"大将军王敦镇","1","1","2"
"建章千门万户","1","1","2"
"故太傅羊祜共","1","1","2"
"封子一人亭侯","2","0","2"
"受密诏杀太宰","1","1","2"
"密诏杀太宰汝","1","1","2"
"诏杀太宰汝南","1","1","2"
"杀太宰汝南王","1","1","2"
"进封壮武郡公","1","1","2"
"尚书左仆射裴","1","1","2"
"壮武国臣竺道","1","1","2"
"陆机兄弟志气","1","1","2"
"机兄弟志气高","1","1","2"
"历位散骑常侍","2","0","2"
"司徒左西曹掾","1","1","2"
"穆张皇后生景","1","1","2"
"张皇后生景帝","1","1","2"
"伏夫人生汝南","1","1","2"
"夫人生汝南文","1","1","2"
"人生汝南文成","1","1","2"
"生汝南文成王","1","1","2"
"汝南文成王亮","2","0","2"
"张夫人生梁王","1","1","2"
"柏夫人生赵王","1","1","2"
"进爵平阳乡侯","1","1","2"
"封成帝长子哀","1","1","2"
"成帝长子哀帝","1","1","2"
"邑五千二百户","1","1","2"
"澹母诸葛太妃","1","1","2"
"卫将军王舆攻","1","1","2"
"将军王舆攻杀","1","1","2"
"军王舆攻杀孙","1","1","2"
"王舆攻杀孙秀","1","1","2"
"安帝时立武陵","1","1","2"
"帝时立武陵威","1","1","2"
"时立武陵威王","1","1","2"
"追赠射声校尉","1","1","2"
"三百三十七户","1","1","2"
"散骑常侍侍讲","1","1","2"
"都督雍凉等州","1","1","2"
"督雍凉等州诸","1","1","2"
"雍凉等州诸军","1","1","2"
"凉等州诸军事","1","1","2"
"将帅兵士等人","1","1","2"
"帅兵士等人限","1","1","2"
"邑五千三百五","1","1","2"
"五千三百五十","1","1","2"
"千三百五十八","1","1","2"
"三百五十八户","1","1","2"
"汝阴上计吏张","1","1","2"
"阴上计吏张蕃","1","1","2"
"汝南南顿增封","1","1","2"
"孔洵监豫州军","1","1","2"
"洵监豫州军事","1","1","2"
"都督关中军事","1","1","2"
"望公举荐贤才","1","1","2"
"梁国常侍孙霖","1","1","2"
"圣王封建万国","1","1","2"
"典书令请求差","1","1","2"
"亲骑帐下司马","1","1","2"
"骑帐下司马大","1","1","2"
"置骑司马五人","1","1","2"
"增邑满二万户","2","0","2"
"汉殇王广德后","1","1","2"
"咸宁初追加封","2","0","2"
"宁初追加封谥","2","0","2"
"万一千二百一","1","1","2"
"一千二百一十","1","1","2"
"千二百一十九","1","1","2"
"二百一十九户","1","1","2"
"百一十九户改","1","1","2"
"大将军曹爽辟","2","0","2"
"将军曹爽辟掾","2","0","2"
"中书门下侍郎","1","1","2"
"时魏高贵乡公","1","1","2"
"高贵乡公将攻","1","1","2"
"贵乡公将攻文","1","1","2"
"乡公将攻文帝","1","1","2"
"统城外诸军事","1","1","2"
"幽州刺史石堪","1","1","2"
"蓟城南清泉水","1","1","2"
"城南清泉水上","1","1","2"
"夷河北诸军事","1","1","2"
"中山太守阮豹","1","1","2"
"山太守阮豹等","1","1","2"
"马二百五十匹","1","1","2"
"遣燕相胡矩督","1","1","2"
"燕相胡矩督护","1","1","2"
"相胡矩督护诸","1","1","2"
"胡矩督护诸军","1","1","2"
"前渤海太守刘","1","1","2"
"渤海太守刘亮","1","1","2"
"都督城外牙门","1","1","2"
"督城外牙门诸","1","1","2"
"城外牙门诸军","1","1","2"
"外牙门诸军事","1","1","2"
"辟大将军曹爽","2","0","2"
"大将军曹爽掾","2","0","2"
"参文帝大将军","1","1","2"
"文帝大将军军","1","1","2"
"帝大将军军事","1","1","2"
"大将军掾孙佑","1","1","2"
"将军掾孙佑等","1","1","2"
"中书令张华依","1","1","2"
"吏部尚书山涛","1","1","2"
"通事令史伊羡","1","1","2"
"通事刘泰等官","1","1","2"
"尚书郎太令史","1","1","2"
"御史持节护丧","1","1","2"
"丞相军谘祭酒","1","1","2"
"愍帝称皇太子","1","1","2"
"行豫州刺史事","1","1","2"
"组都督司州诸","1","1","2"
"邑三百五十户","1","1","2"
"本官都督关中","1","1","2"
"遣黄门侍郎慰","1","1","2"
"黄门侍郎慰问","1","1","2"
"军将军杨嚣宣","1","1","2"
"中书令庾纯等","1","1","2"
"都督秦凉二州","1","1","2"
"督秦凉二州诸","1","1","2"
"秦凉二州诸军","1","1","2"
"侍中程咸犒劳","1","1","2"
"太常奉策追赠","1","1","2"
"后娶城阳太守","1","1","2"
"娶城阳太守郭","1","1","2"
"城阳太守郭配","1","1","2"
"渤海石崇欧阳","1","1","2"
"海石崇欧阳建","1","1","2"
"吴国陆机陆云","1","1","2"
"京兆杜斌挚虞","1","1","2"
"中山刘舆刘琨","1","1","2"
"黄门侍郎嵇绍","1","1","2"
"国子博士谢衡","1","1","2"
"骑都尉济北侯","1","1","2"
"都尉济北侯荀","1","1","2"
"黄门侍郎华混","1","1","2"
"充帐下都督周","1","1","2"
"帐下都督周勤","1","1","2"
"赠中军大将军","1","1","2"
"二宫尚书吏部","1","1","2"
"宫尚书吏部郎","1","1","2"
"追赠车骑将军","1","1","2"
"镇军二府司马","1","1","2"
"左右卫三部司","1","1","2"
"右卫三部司马","1","1","2"
"殿中都尉司马","1","1","2"
"中都尉司马十","1","1","2"
"都尉司马十人","1","1","2"
"冯翊太守孙楚","1","1","2"
"弘训少府蒯钦","1","1","2"
"殿中中郎孟观","1","1","2"
"云龙门观察事","1","1","2"
"太傅舍人巴西","1","1","2"
"傅舍人巴西阎","1","1","2"
"舍人巴西阎纂","1","1","2"
"右军督赵休上","1","1","2"
"军督赵休上书","1","1","2"
"忌大司马汝南","1","1","2"
"大司马汝南王","1","1","2"
"时骁骑将军秦","1","1","2"
"骁骑将军秦朗","1","1","2"
"尚书仆射武陔","1","1","2"
"文帝相国军事","1","1","2"
"中书黄门吏部","1","1","2"
"书黄门吏部郎","1","1","2"
"后驾讨成都王","2","0","2"
"驾讨成都王颖","2","0","2"
"讨成都王颖勋","2","0","2"
"光禄大夫金章","1","1","2"
"禄大夫金章紫","1","1","2"
"大夫金章紫绶","1","1","2"
"遣扬州刺史应","1","1","2"
"州刺史应绰督","1","1","2"
"击吴牙门将孔","1","1","2"
"吴牙门将孔忠","1","1","2"
"获吴将周兴等","1","1","2"
"吴将周兴等五","1","1","2"
"将周兴等五人","1","1","2"
"遣殄吴护军李","1","1","2"
"殄吴护军李纯","1","1","2"
"大将军孙震等","1","1","2"
"建威将军孙晏","1","1","2"
"威将军孙晏送","1","1","2"
"征尚书左仆射","2","0","2"
"堂见征镇长史","1","1","2"
"见征镇长史司","1","1","2"
"征镇长史司马","1","1","2"
"转车骑事中郎","2","0","2"
"吴建平太守吾","1","1","2"
"建平太守吾彦","1","1","2"
"平太守吾彦取","1","1","2"
"监梁益诸军事","1","1","2"
"武将军唐彬攻","1","1","2"
"都督益梁诸军","1","1","2"
"督益梁诸军事","1","1","2"
"遣游击将军张","1","1","2"
"游击将军张象","1","1","2"
"击将军张象率","1","1","2"
"吴郡孙皓叩头","1","1","2"
"郡孙皓叩头死","1","1","2"
"孙皓叩头死罪","1","1","2"
"遣私署太常张","1","1","2"
"私署太常张夔","1","1","2"
"署太常张夔等","1","1","2"
"虔等二十一人","1","1","2"
"牙门将李高放","1","1","2"
"门将李高放火","1","1","2"
"将李高放火烧","1","1","2"
"前伪中郎将孔","1","1","2"
"伪中郎将孔摅","1","1","2"
"中郎将孔摅说","1","1","2"
"二月武昌失守","1","1","2"
"左右劫夺财物","1","1","2"
"石头城劫取布","1","1","2"
"头城劫取布帛","1","1","2"
"益州护军范通","1","1","2"
"太子洗马孟康","1","1","2"
"前温令李密等","1","1","2"
"武陵太守杨宗","1","1","2"
"散骑常侍文立","1","1","2"
"彬监巴东诸军","1","1","2"
"监巴东诸军事","1","1","2"
"鲜卑二部大莫","1","1","2"
"元康四年卒官","2","0","2"
"山仆射近日暂","1","1","2"
"尚书令卫瓘奏","2","0","2"
"新沓伯蜜印青","1","1","2"
"左长史范晷等","1","1","2"
"时黄门侍郎王","1","1","2"
"黄门侍郎王恂","1","1","2"
"公卿大臣先议","1","1","2"
"遣督护王万率","1","1","2"
"会稽内史何充","1","1","2"
"江夏太守刘朗","1","1","2"
"吴牙门将孟泰","1","1","2"
"南郡太守刘肇","1","1","2"
"三考黜陟幽明","2","0","2"
"乡人幽州刺史","1","1","2"
"人幽州刺史李","1","1","2"
"幽州刺史李阳","1","1","2"
"成都内史王机","1","1","2"
"都内史王机讨","1","1","2"
"四五万家一时","1","1","2"
"南平太守应詹","1","1","2"
"武陵内史武察","1","1","2"
"作郎桓稚上表","1","1","2"
"襄阳都督周访","1","1","2"
"高官督护缪坦","1","1","2"
"转太子中庶子","2","0","2"
"河南官舍多妖","1","1","2"
"南官舍多妖怪","1","1","2"
"司隶校尉满奋","1","1","2"
"吏部尚书左仆","1","1","2"
"部尚书左仆射","1","1","2"
"进封安城乡侯","1","1","2"
"光禄密陵侯袤","1","1","2"
"迁司徒左长史","2","0","2"
"博士祭酒曹志","1","1","2"
"士祭酒曹志等","1","1","2"
"东太守公孙度","1","1","2"
"吏部尚书仆射","1","1","2"
"御史持节监丧","1","1","2"
"史持节监丧致","1","1","2"
"胤家钱二百万","1","1","2"
"魏大将军曹爽","1","1","2"
"都督沔北诸军","1","1","2"
"督沔北诸军事","1","1","2"
"第二驸马二乘","1","1","2"
"颖前锋都督赵","1","1","2"
"前锋都督赵骧","1","1","2"
"屯骑校尉郝昌","1","1","2"
"骑校尉郝昌先","1","1","2"
"右将军张方救","1","1","2"
"前锋督护冯嵩","1","1","2"
"尚武帝女荥阳","2","0","2"
"散骑中书侍郎","1","1","2"
"国子祭酒杜彝","1","1","2"
"骑将军王导同","1","1","2"
"愍帝时赐爵进","1","1","2"
"帝时赐爵进封","1","1","2"
"讨王敦功封苑","1","1","2"
"王敦功封苑陵","1","1","2"
"敦功封苑陵县","1","1","2"
"功封苑陵县侯","1","1","2"
"郊庙辟雍朝廷","1","1","2"
"迁左光禄大夫","2","0","2"
"一百九十五年","1","1","2"
"时中书监荀勖","1","1","2"
"鉴都督陇右诸","1","1","2"
"都督陇右诸军","1","1","2"
"督陇右诸军事","1","1","2"
"武牙将军田顺","1","1","2"
"中护军张劭监","1","1","2"
"常侍皇甫陶共","1","1","2"
"陛下圣德钦明","2","0","2"
"警戒天下郡县","1","1","2"
"河堤谒者车谊","1","1","2"
"河堤谒者石恢","1","1","2"
"御史中丞庾纯","1","1","2"
"豫州大中正夏","1","1","2"
"州大中正夏侯","1","1","2"
"大中正夏侯骏","1","1","2"
"中正夏侯骏上","1","1","2"
"司空司马孔毓","1","1","2"
"尚书郎曹馥代","1","1","2"
"汝南王亮辅政","2","0","2"
"夏侯长容奉使","1","1","2"
"光禄大夫刘毅","1","1","2"
"御史中丞解结","1","1","2"
"中丞督司百僚","2","0","2"
"皇太子行马内","2","0","2"
"司隶荀恺所奏","1","1","2"
"魏嘉平四年春","1","1","2"
"嘉平四年春正","1","1","2"
"平四年春正月","1","1","2"
"大将军府增置","1","1","2"
"将军府增置司","1","1","2"
"军府增置司马","1","1","2"
"府增置司马一","1","1","2"
"增置司马一人","1","1","2"
"天子命中抚军","1","1","2"
"子命中抚军新","1","1","2"
"命中抚军新昌","1","1","2"
"中抚军新昌乡","1","1","2"
"抚军新昌乡侯","1","1","2"
"宣王妃张氏宣","2","0","2"
"王妃张氏宣穆","2","0","2"
"妃张氏宣穆皇","2","0","2"
"张氏宣穆皇后","2","0","2"
"骠骑将军石苞","1","1","2"
"车骑将军陈骞","1","1","2"
"镇北大将军卫","1","1","2"
"赐山阳公刘康","1","1","2"
"安乐公刘禅子","1","1","2"
"乐公刘禅子弟","1","1","2"
"公刘禅子弟一","1","1","2"
"刘禅子弟一人","1","1","2"
"左右积弩将军","1","1","2"
"吴将施绩入江","1","1","2"
"将施绩入江夏","1","1","2"
"刺史胡烈击败","1","1","2"
"尚书左仆射羊","1","1","2"
"书左仆射羊祜","1","1","2"
"左仆射羊祜都","1","1","2"
"仆射羊祜都督","1","1","2"
"射羊祜都督荆","1","1","2"
"羊祜都督荆州","1","1","2"
"孙秀部将何崇","1","1","2"
"吴将鲁淑围弋","1","1","2"
"将鲁淑围弋阳","1","1","2"
"征虏将军王浑","1","1","2"
"虏将军王浑击","1","1","2"
"将军王浑击败","1","1","2"
"五官左右中郎","1","1","2"
"官左右中郎将","1","1","2"
"获吴立信校尉","1","1","2"
"吴立信校尉庄","1","1","2"
"立信校尉庄祜","1","1","2"
"吴威北将军严","1","1","2"
"威北将军严聪","1","1","2"
"扬威将军严整","1","1","2"
"镇军大将军齐","1","1","2"
"军大将军齐王","1","1","2"
"帅树机能攻陷","1","1","2"
"树机能攻陷凉","1","1","2"
"机能攻陷凉州","1","1","2"
"年春正月甲申","1","1","2"
"尚书右仆射魏","1","1","2"
"书右仆射魏舒","1","1","2"
"陇西王泰尚书","2","0","2"
"百姓绵绢三分","1","1","2"
"镇军大将军王","1","1","2"
"侍中车骑将军","1","1","2"
"中车骑将军杨","1","1","2"
"车骑将军杨骏","1","1","2"
"吏部尚书王戎","1","1","2"
"都督关西诸军","1","1","2"
"督关西诸军事","1","1","2"
"徐二州诸军事","1","1","2"
"太子太师何劭","1","1","2"
"害成都内史耿","1","1","2"
"成都内史耿胜","1","1","2"
"汶山太守霍固","1","1","2"
"西夷校尉陈总","1","1","2"
"武陵太守贾隆","1","1","2"
"零陵太守孔纮","1","1","2"
"豫章太守阎济","1","1","2"
"武昌太守刘根","1","1","2"
"征东将军刘准","1","1","2"
"遣广陵度支陈","1","1","2"
"广陵度支陈敏","1","1","2"
"颙都督中外诸","1","1","2"
"逐扬州刺史刘","1","1","2"
"扬州刺史刘机","1","1","2"
"丹杨太守王旷","1","1","2"
"都督秦雍梁益","1","1","2"
"督秦雍梁益四","1","1","2"
"秦雍梁益四州","1","1","2"
"雍梁益四州诸","1","1","2"
"梁益四州诸军","1","1","2"
"益四州诸军事","1","1","2"
"骠骑将军王浚","1","1","2"
"加凉州刺史张","1","1","2"
"李雄攻陷涪城","1","1","2"
"梓潼太守谯登","1","1","2"
"司空王浚大司","2","0","2"
"空王浚大司马","2","0","2"
"太子太傅傅祗","1","1","2"
"大都督陕西诸","1","1","2"
"都督陕西诸军","1","1","2"
"督陕西诸军事","1","1","2"
"杨武攻陷梁州","1","1","2"
"晋昌太守赵佩","1","1","2"
"皇帝行玺一纽","1","1","2"
"员外散骑常侍","1","1","2"
"镇北将军刘翰","1","1","2"
"东夷校尉崔毖","1","1","2"
"鲜卑大都督慕","1","1","2"
"卑大都督慕容","1","1","2"
"等一百八十人","1","1","2"
"一百八十人上","1","1","2"
"百八十人上书","1","1","2"
"八十人上书劝","1","1","2"
"尚书左仆射刁","1","1","2"
"书左仆射刁协","1","1","2"
"平州刺史崔毖","1","1","2"
"安南将军周访","1","1","2"
"武陵内史向硕","1","1","2"
"豫州刺史祖逖","1","1","2"
"都督幽平二州","1","1","2"
"督幽平二州东","1","1","2"
"幽平二州东夷","1","1","2"
"平二州东夷诸","1","1","2"
"二州东夷诸军","1","1","2"
"州东夷诸军事","1","1","2"
"新昌太守梁硕","1","1","2"
"司徒王导录尚","1","1","2"
"徒王导录尚书","1","1","2"
"王导录尚书事","1","1","2"
"征虏将军郭默","1","1","2"
"阳太守苏峻等","1","1","2"
"太守苏峻等反","1","1","2"
"骑将军庾冰都","1","1","2"
"将军庾冰都督","1","1","2"
"军庾冰都督荆","1","1","2"
"梁六州诸军事","1","1","2"
"骠骑将军何充","1","1","2"
"昱录尚书六条","1","1","2"
"建安伯诸葛恢","1","1","2"
"宁七州诸军事","1","1","2"
"徐州刺史桓温","1","1","2"
"宁六州诸军事","1","1","2"
"年春正月丙寅","1","1","2"
"前司徒左长史","1","1","2"
"司徒左长史殷","1","1","2"
"徒左长史殷浩","1","1","2"
"三年春正月乙","1","1","2"
"林邑范文攻陷","1","1","2"
"邑范文攻陷日","1","1","2"
"范文攻陷日南","1","1","2"
"害太守夏侯览","1","1","2"
"凉州刺史张重","1","1","2"
"州刺史张重华","1","1","2"
"大都督陇右关","1","1","2"
"武都氐王杨初","1","1","2"
"慕容隽大将军","1","1","2"
"吴国内史荀羡","1","1","2"
"军将军殷浩督","1","1","2"
"将军殷浩督扬","1","1","2"
"军殷浩督扬豫","1","1","2"
"殷浩督扬豫徐","1","1","2"
"青五州诸军事","1","1","2"
"庐江太守袁真","1","1","2"
"江太守袁真攻","1","1","2"
"府仪同三司顾","1","1","2"
"监冀州诸军事","1","1","2"
"河间王钦修复","1","1","2"
"间王钦修复五","1","1","2"
"王钦修复五陵","1","1","2"
"加尚书仆射谢","2","0","2"
"尚书仆射谢尚","1","1","2"
"冉闵降将周成","1","1","2"
"闵降将周成举","1","1","2"
"降将周成举兵","1","1","2"
"将周成举兵反","1","1","2"
"太守戴施奔鲔","1","1","2"
"守戴施奔鲔渚","1","1","2"
"征西将军桓温","1","1","2"
"废扬州刺史殷","1","1","2"
"扬州刺史殷浩","1","1","2"
"前会稽内史王","1","1","2"
"会稽内史王述","1","1","2"
"江西乞活郭敞","1","1","2"
"西乞活郭敞等","1","1","2"
"乞活郭敞等执","1","1","2"
"活郭敞等执陈","1","1","2"
"郭敞等执陈留","1","1","2"
"敞等执陈留内","1","1","2"
"等执陈留内史","1","1","2"
"执陈留内史刘","1","1","2"
"陈留内史刘仕","1","1","2"
"州刺史谢尚督","1","1","2"
"冀幽三州诸军","1","1","2"
"幽三州诸军事","1","1","2"
"扬武将军毛穆","1","1","2"
"南太守戴施镇","1","1","2"
"骧将军袁真等","1","1","2"
"中郎将荀羡北","1","1","2"
"郎将荀羡北伐","1","1","2"
"吴兴太守谢万","1","1","2"
"散骑常侍郗昙","1","1","2"
"镇军将军范汪","1","1","2"
"升平三年除骠","1","1","2"
"平三年除骠骑","1","1","2"
"三年除骠骑将","1","1","2"
"年除骠骑将军","1","1","2"
"年春正月壬子","1","1","2"
"吴国内史庾希","1","1","2"
"大将军桓温侍","1","1","2"
"将军桓温侍中","1","1","2"
"中郎将袁真都","1","1","2"
"郎将袁真都督","1","1","2"
"将袁真都督司","1","1","2"
"北中郎将瘦希","1","1","2"
"中郎将瘦希都","1","1","2"
"郎将瘦希都督","1","1","2"
"将瘦希都督青","1","1","2"
"瘦希都督青州","1","1","2"
"希都督青州诸","1","1","2"
"张天锡弑凉州","1","1","2"
"天锡弑凉州刺","1","1","2"
"锡弑凉州刺史","1","1","2"
"西平公张玄靓","1","1","2"
"后军将军五校","1","1","2"
"军将军五校三","1","1","2"
"将军五校三将","1","1","2"
"军五校三将官","1","1","2"
"桓冲监江州荆","1","1","2"
"冲监江州荆州","1","1","2"
"江夏随郡豫州","1","1","2"
"汝南西阳新蔡","1","1","2"
"南西阳新蔡颍","1","1","2"
"西阳新蔡颍川","1","1","2"
"阳新蔡颍川六","1","1","2"
"新蔡颍川六郡","1","1","2"
"蔡颍川六郡诸","1","1","2"
"颍川六郡诸军","1","1","2"
"川六郡诸军事","1","1","2"
"都督益宁二州","1","1","2"
"督益宁二州诸","1","1","2"
"刺史司马勋反","1","1","2"
"会稽内史王彪","1","1","2"
"年春二月己丑","1","1","2"
"凉州刺史张天","1","1","2"
"州刺史张天锡","1","1","2"
"宣城内史桓秘","1","1","2"
"监梁益二州征","1","1","2"
"梁益二州征讨","1","1","2"
"会稽内史郗愔","1","1","2"
"青幽四州诸军","1","1","2"
"幽四州诸军事","1","1","2"
"监益宁二州诸","1","1","2"
"前宁州刺史周","1","1","2"
"宁州刺史周仕","1","1","2"
"州刺史周仕孙","1","1","2"
"监益梁二州诸","1","1","2"
"益梁二州诸军","1","1","2"
"咸安元年冬十","1","1","2"
"安元年冬十一","1","1","2"
"元年冬十一月","1","1","2"
"年冬十一月己","1","1","2"
"尚书仆射王彪","1","1","2"
"吏部尚书谢安","1","1","2"
"扬州刺史桓冲","1","1","2"
"苻坚北地长史","1","1","2"
"坚北地长史慕","1","1","2"
"北地长史慕容","1","1","2"
"地长史慕容泓","1","1","2"
"平阳太守慕容","1","1","2"
"阳太守慕容冲","1","1","2"
"太保谢安大都","1","1","2"
"保谢安大都督","1","1","2"
"谢安大都督扬","1","1","2"
"凉十五州诸军","1","1","2"
"江州刺史王愉","1","1","2"
"州刺史王愉逃","1","1","2"
"平地水深三丈","1","1","2"
"冠军将军高素","1","1","2"
"右卫将军张崇","1","1","2"
"辅国将军刘袭","1","1","2"
"冠军将军桓谦","1","1","2"
"辅国将军司马","1","1","2"
"国将军司马允","1","1","2"
"左卫将军王嘏","1","1","2"
"任命后将军元","1","1","2"
"命后将军元显","1","1","2"
"广二州诸军事","1","1","2"
"章武王司马秀","1","1","2"
"州刺史司马轨","1","1","2"
"杀死零陵太守","1","1","2"
"死零陵太守阮","1","1","2"
"零陵太守阮野","1","1","2"
"沮渠蒙逊交战","1","1","2"
"青州刺史诸葛","1","1","2"
"州刺史诸葛长","1","1","2"
"刺史诸葛长民","1","1","2"
"州刺史刘道怜","1","1","2"
"桓谦侵犯江陵","1","1","2"
"太尉刘裕害死","1","1","2"
"尉刘裕害死右","1","1","2"
"刘裕害死右将","1","1","2"
"裕害死右将军","1","1","2"
"害死右将军兖","1","1","2"
"死右将军兖州","1","1","2"
"右将军兖州刺","1","1","2"
"将军兖州刺史","1","1","2"
"军兖州刺史刘","1","1","2"
"书左仆射谢混","1","1","2"
"沮渠蒙逊僭号","1","1","2"
"西陵太守朱龄","1","1","2"
"陵太守朱龄石","1","1","2"
"百七万一千里","1","1","2"
"二千九百三十","1","1","2"
"千九百三十二","1","1","2"
"九百三十二里","1","1","2"
"百三十二里七","1","1","2"
"三十二里七十","1","1","2"
"十二里七十一","1","1","2"
"二里七十一步","1","1","2"
"里七十一步二","1","1","2"
"七十一步二尺","1","1","2"
"十一步二尺七","1","1","2"
"一步二尺七寸","1","1","2"
"步二尺七寸四","1","1","2"
"二尺七寸四分","1","1","2"
"尺七寸四分四","1","1","2"
"七寸四分四百","1","1","2"
"寸四分四百八","1","1","2"
"四分四百八十","1","1","2"
"分四百八十七","1","1","2"
"四百八十七分","1","1","2"
"百八十七分分","1","1","2"
"一度凡千四百","1","1","2"
"度凡千四百六","1","1","2"
"凡千四百六里","1","1","2"
"千四百六里百","1","1","2"
"四百六里百二","1","1","2"
"百六里百二十","1","1","2"
"六里百二十四","1","1","2"
"里百二十四步","1","1","2"
"百二十四步六","1","1","2"
"二十四步六寸","1","1","2"
"十四步六寸四","1","1","2"
"四步六寸四分","1","1","2"
"步六寸四分十","1","1","2"
"六寸四分十万","1","1","2"
"寸四分十万七","1","1","2"
"四分十万七千","1","1","2"
"分十万七千五","1","1","2"
"十万七千五百","1","1","2"
"万七千五百六","1","1","2"
"七千五百六十","1","1","2"
"千五百六十五","1","1","2"
"五百六十五分","1","1","2"
"百六十五分分","1","1","2"
"千五百二十五","1","1","2"
"五百二十五里","1","1","2"
"百二十五里二","1","1","2"
"二十五里二百","1","1","2"
"十五里二百五","1","1","2"
"五里二百五十","1","1","2"
"里二百五十六","1","1","2"
"二百五十六步","1","1","2"
"百五十六步三","1","1","2"
"五十六步三尺","1","1","2"
"十六步三尺三","1","1","2"
"六步三尺三寸","1","1","2"
"步三尺三寸二","1","1","2"
"三尺三寸二十","1","1","2"
"尺三寸二十一","1","1","2"
"三寸二十一万","1","1","2"
"寸二十一万五","1","1","2"
"千一百三十分","1","1","2"
"一百三十分分","1","1","2"
"十六万七百三","1","1","2"
"六万七百三十","1","1","2"
"邓飏等转改法","1","1","2"
"飏等转改法度","1","1","2"
"永兴元年十一","1","1","2"
"熙元年五月壬","1","1","2"
"元年五月壬辰","1","1","2"
"昌元年十月辛","1","1","2"
"元年十月辛卯","1","1","2"
"五年二月辛酉","1","1","2"
"简文咸安元年","1","1","2"
"文咸安二年十","1","1","2"
"咸安二年十一","1","1","2"
"二年十一月丁","1","1","2"
"年十一月丁丑","1","1","2"
"孝武宁康元年","1","1","2"
"武宁康元年十","1","1","2"
"宁康元年十一","1","1","2"
"元年十一月己","1","1","2"
"十四年六月辛","1","1","2"
"四年六月辛卯","1","1","2"
"二十年十一月","1","1","2"
"十年十一月辛","1","1","2"
"帝隆安元年十","1","1","2"
"隆安元年十二","1","1","2"
"年十二月壬辰","1","1","2"
"元兴元年二月","1","1","2"
"兴元年二月甲","1","1","2"
"元年二月甲子","1","1","2"
"六年五月丙子","1","1","2"
"帝隆安五年三","1","1","2"
"隆安五年三月","1","1","2"
"安五年三月甲","1","1","2"
"五年三月甲子","1","1","2"
"景初元年七月","1","1","2"
"永宁太后废曹","1","1","2"
"宁太后废曹爽","1","1","2"
"太后废曹爽等","1","1","2"
"帝太安二年十","1","1","2"
"太安二年十一","1","1","2"
"二年十一月庚","1","1","2"
"年十一月庚辰","1","1","2"
"三年十二月己","1","1","2"
"帝咸康元年二","1","1","2"
"咸康元年二月","1","1","2"
"康元年二月乙","1","1","2"
"元年二月乙未","1","1","2"
"六年二月乙未","1","1","2"
"二年闰三月乙","1","1","2"
"年闰三月乙亥","1","1","2"
"豫州刺史谢万","1","1","2"
"三年三月乙酉","1","1","2"
"哀帝兴宁元年","1","1","2"
"帝兴宁元年十","1","1","2"
"兴宁元年十月","1","1","2"
"宁元年十月丙","1","1","2"
"元年十月丙戌","1","1","2"
"镇西将军益州","1","1","2"
"西将军益州刺","1","1","2"
"将军益州刺史","1","1","2"
"军益州刺史周","1","1","2"
"孝武太元十二","1","1","2"
"武太元十二年","1","1","2"
"太元十二年二","1","1","2"
"元十二年二月","1","1","2"
"十二年二月戊","1","1","2"
"二年二月戊寅","1","1","2"
"三年十二月戊","1","1","2"
"年十二月戊子","1","1","2"
"司马国璠等攻","1","1","2"
"十二年五月五","1","1","2"
"二年五月五月","1","1","2"
"年五月五月甲","1","1","2"
"五月五月甲申","1","1","2"
"帝元熙元年七","1","1","2"
"元熙元年七月","1","1","2"
"青龙二年二月","1","1","2"
"龙二年二月己","1","1","2"
"二年二月己未","1","1","2"
"光熙元年九月","1","1","2"
"东海王越杀诸","1","1","2"
"海王越杀诸葛","1","1","2"
"王越杀诸葛玫","1","1","2"
"越杀诸葛玫等","1","1","2"
"帝永嘉六年七","1","1","2"
"永嘉六年七月","1","1","2"
"永昌元年王敦","1","1","2"
"昌元年王敦攻","1","1","2"
"成帝咸康三年","1","1","2"
"帝咸康三年十","1","1","2"
"咸康三年十一","1","1","2"
"康三年十一月","1","1","2"
"三年十一月乙","1","1","2"
"年十一月乙丑","1","1","2"
"六年三月戊戌","1","1","2"
"七年三月戊子","1","1","2"
"元年八月戊午","1","1","2"
"元十一年十二","1","1","2"
"十一年十二月","1","1","2"
"一年十二月己","1","1","2"
"年十二月己丑","1","1","2"
"帝隆安元年二","1","1","2"
"隆安元年二月","1","1","2"
"遣刘敬宣伐蜀","1","1","2"
"五年四月甲戌","1","1","2"
"吴主大皇帝初","1","1","2"
"晋武帝太康元","1","1","2"
"二亿三万一千","2","0","2"
"亿三万一千三","2","0","2"
"三百三十六长","1","1","2"
"长乐魏斥丘安","1","1","2"
"乐魏斥丘安阳","1","1","2"
"魏斥丘安阳荡","1","1","2"
"斥丘安阳荡阴","1","1","2"
"丘安阳荡阴内","1","1","2"
"安阳荡阴内黄","1","1","2"
"阳荡阴内黄黄","1","1","2"
"荡阴内黄黄池","1","1","2"
"襄城郡泰始二","1","1","2"
"城郡泰始二年","1","1","2"
"汝阴郡魏置郡","1","1","2"
"带方郡公孙度","1","1","2"
"乌氏都卢鹑觚","1","1","2"
"氏都卢鹑觚阴","1","1","2"
"都卢鹑觚阴密","1","1","2"
"卢鹑觚阴密殷","1","1","2"
"日勒删丹仙提","1","1","2"
"勒删丹仙提万","1","1","2"
"删丹仙提万岁","1","1","2"
"丹仙提万岁兰","1","1","2"
"仙提万岁兰池","1","1","2"
"提万岁兰池一","1","1","2"
"汉献帝兴平二","1","1","2"
"献帝兴平二年","1","1","2"
"武威太守张雅","1","1","2"
"威太守张雅请","1","1","2"
"玉门大护军三","1","1","2"
"门大护军三郡","1","1","2"
"大护军三郡三","1","1","2"
"护军三郡三营","1","1","2"
"襄武首阳乌鼠","1","1","2"
"武首阳乌鼠山","1","1","2"
"献帝初平元年","1","1","2"
"分巴郡立永宁","1","1","2"
"巴郡立永宁郡","1","1","2"
"长广郡咸宁三","1","1","2"
"广郡咸宁三年","1","1","2"
"硃虚营陵尚父","1","1","2"
"虚营陵尚父吕","1","1","2"
"营陵尚父吕望","1","1","2"
"北济阴十一郡","1","1","2"
"上庸七郡属魏","1","1","2"
"安昌棘阳厥西","1","1","2"
"昌棘阳厥西平","1","1","2"
"棘阳厥西平氏","1","1","2"
"阳厥西平氏桐","1","1","2"
"厥西平氏桐柏","1","1","2"
"西平氏桐柏山","1","1","2"
"巫北井秦昌信","1","1","2"
"北井秦昌信陵","1","1","2"
"井秦昌信陵兴","1","1","2"
"秦昌信陵兴山","1","1","2"
"昌信陵兴山建","1","1","2"
"信陵兴山建始","1","1","2"
"陵兴山建始秭","1","1","2"
"兴山建始秭归","1","1","2"
"分淮南置豫章","1","1","2"
"淮南置豫章郡","1","1","2"
"历阳全椒阜陵","1","1","2"
"临湖襄安龙舒","1","1","2"
"湖襄安龙舒六","1","1","2"
"武进延陵毗陵","1","1","2"
"晋安郡太康三","1","1","2"
"安郡太康三年","1","1","2"
"郡太康三年置","2","0","2"
"南康郡太康三","1","1","2"
"康郡太康三年","1","1","2"
"林钟上生太蔟","1","1","2"
"太蔟下生南吕","1","1","2"
"南吕上生姑洗","1","1","2"
"姑洗下生应钟","1","1","2"
"应钟上生蕤宾","1","1","2"
"蕤宾下生大吕","1","1","2"
"三万二千七百","1","1","2"
"万二千七百六","1","1","2"
"二千七百六十","1","1","2"
"千七百六十八","1","1","2"
"赵刘曜光初四","1","1","2"
"刘曜光初四年","1","1","2"
"曜光初四年铸","1","1","2"
"光初四年铸浑","1","1","2"
"初四年铸浑仪","1","1","2"
"荀勖尺一尺五","1","1","2"
"勖尺一尺五分","1","1","2"
"七千二百八十","1","1","2"
"千二百八十五","1","1","2"
"一万四千五百","1","1","2"
"万四千五百七","1","1","2"
"四千五百七十","1","1","2"
"千七百二十二","1","1","2"
"七千三百四十","1","1","2"
"千三百四十一","1","1","2"
"十二万七千七","1","1","2"
"二万七千七百","1","1","2"
"万七千七百一","1","1","2"
"七千七百一十","1","1","2"
"千七百一十八","1","1","2"
"九十七万四千","1","1","2"
"十七万四千六","1","1","2"
"七万四千六百","1","1","2"
"万四千六百九","1","1","2"
"四千六百九十","1","1","2"
"七千二百七十","1","1","2"
"千二百七十一","1","1","2"
"六万四千七百","1","1","2"
"万四千七百三","1","1","2"
"四千七百三十","1","1","2"
"千七百三十三","1","1","2"
"二百万六千七","1","1","2"
"百万六千七百","1","1","2"
"万六千七百二","1","1","2"
"千七百二十三","1","1","2"
"千一百五十七","1","1","2"
"百九十九万一","1","1","2"
"九十九万一千","1","1","2"
"十九万一千七","1","1","2"
"九万一千七百","1","1","2"
"三千六百五十","1","1","2"
"千六百五十三","1","1","2"
"五万三千八百","1","1","2"
"七万八千五百","1","1","2"
"万八千五百八","1","1","2"
"八千五百八十","1","1","2"
"千五百八十一","1","1","2"
"七千二百一十","1","1","2"
"千二百一十三","1","1","2"
"十五万二千二","1","1","2"
"五万二千二百","1","1","2"
"万二千二百九","1","1","2"
"二千二百九十","1","1","2"
"千二百九十三","1","1","2"
"十七万一千四","1","1","2"
"七万一千四百","1","1","2"
"万一千四百一","1","1","2"
"一千四百一十","1","1","2"
"千四百一十八","1","1","2"
"五百三十一万","1","1","2"
"百三十一万三","1","1","2"
"三十一万三千","1","1","2"
"万三千九百五","1","1","2"
"千九百五十八","1","1","2"
"千一百二十九","1","1","2"
"一百三十万八","1","1","2"
"百三十万八千","1","1","2"
"三十万八千一","1","1","2"
"十万八千一百","1","1","2"
"万八千一百九","1","1","2"
"千八百三十四","1","1","2"
"二十一万一千","1","1","2"
"十一万一千三","1","1","2"
"万一千三百三","1","1","2"
"一千三百三十","1","1","2"
"千三百三十一","1","1","2"
"二十一万九千","1","1","2"
"十一万九千六","1","1","2"
"万九千六百五","1","1","2"
"九千六百五十","1","1","2"
"千六百五十九","1","1","2"
"六百八十万九","1","1","2"
"百八十万九千","1","1","2"
"八十万九千四","1","1","2"
"十万九千四百","1","1","2"
"万九千四百二","1","1","2"
"九千四百二十","1","1","2"
"千四百二十九","1","1","2"
"一百六十七万","1","1","2"
"百六十七万六","1","1","2"
"六十七万六千","1","1","2"
"十七万六千三","1","1","2"
"万六千三百四","1","1","2"
"六千三百四十","1","1","2"
"三百九十八日","2","0","2"
"十三度二百五","1","1","2"
"三度二百五十","1","1","2"
"行星四百一十","2","0","2"
"四百一十四度","1","1","2"
"百一十四度四","1","1","2"
"一十四度四十","1","1","2"
"十四度四十七","1","1","2"
"四度四十七万","1","1","2"
"七十二万二千","1","1","2"
"十一万二千九","1","1","2"
"万二千九百一","1","1","2"
"二千九百一十","1","1","2"
"千九百一十九","1","1","2"
"一万三千四百","1","1","2"
"十万三千六百","1","1","2"
"万三千六百一","1","1","2"
"三千六百一十","1","1","2"
"小余九百六十","1","1","2"
"余九百六十七","1","1","2"
"一千二百五十","1","1","2"
"千二百五十五","1","1","2"
"一千一百四十","1","1","2"
"千一百四十九","1","1","2"
"二万一千八百","1","1","2"
"万一千八百三","1","1","2"
"千八百三十一","1","1","2"
"二百一十一万","1","1","2"
"百一十一万七","1","1","2"
"一十一万七千","1","1","2"
"十一万七千六","1","1","2"
"一万七千六百","1","1","2"
"千一百二十二","1","1","2"
"五十二万二千","1","1","2"
"千三百八十八","1","1","2"
"万五千三百七","1","1","2"
"五千三百七十","1","1","2"
"千三百七十二","1","1","2"
"四百四十万一","1","1","2"
"百四十万一千","1","1","2"
"三千六百二十","1","1","2"
"一百四十一万","1","1","2"
"百四十一万二","1","1","2"
"十一万二千一","1","1","2"
"一万二千一百","1","1","2"
"万二千一百五","1","1","2"
"二千一百五十","1","1","2"
"三千九百四十","1","1","2"
"千九百四十三","1","1","2"
"七万二千三百","1","1","2"
"万二千三百七","1","1","2"
"二千三百七十","1","1","2"
"一万九千九百","1","1","2"
"千九百八十七","1","1","2"
"五万八千一百","1","1","2"
"万八千一百五","1","1","2"
"八千一百五十","1","1","2"
"千一百五十三","1","1","2"
"一千六百七十","1","1","2"
"千六百七十四","1","1","2"
"二千八百八十","1","1","2"
"千八百八十五","1","1","2"
"万五千三百一","1","1","2"
"五千三百一十","1","1","2"
"四百三十九万","1","1","2"
"百三十九万五","1","1","2"
"三十九万五千","1","1","2"
"十九万五千五","1","1","2"
"九万五千五百","1","1","2"
"万五千五百五","1","1","2"
"五千五百五十","1","1","2"
"千五百五十五","1","1","2"
"三千五百三十","1","1","2"
"千五百三十五","1","1","2"
"八万五千一百","1","1","2"
"万五千一百七","1","1","2"
"五千一百七十","1","1","2"
"千一百七十五","1","1","2"
"一千八百七十","1","1","2"
"万一千七百八","1","1","2"
"一千七百八十","1","1","2"
"千七百八十九","1","1","2"
"二十二万三千","1","1","2"
"十二万三千九","1","1","2"
"二万三千九百","1","1","2"
"千九百九十一","1","1","2"
"十一万五千四","1","1","2"
"一万五千四百","1","1","2"
"万五千四百五","1","1","2"
"五千四百五十","1","1","2"
"千四百五十九","1","1","2"
"五百三十六万","1","1","2"
"百三十六万三","1","1","2"
"三十六万三千","1","1","2"
"十六万三千九","1","1","2"
"六万三千九百","1","1","2"
"千九百九十五","1","1","2"
"六百六十四分","1","1","2"
"八百六十九分","1","1","2"
"千二百三十分","1","1","2"
"四百一十五度","1","1","2"
"百一十五度二","1","1","2"
"一十五度二百","1","1","2"
"十五度二百四","1","1","2"
"五度二百四十","1","1","2"
"度二百四十九","1","1","2"
"二百四十九万","1","1","2"
"百四十九万八","1","1","2"
"四十九万八千","1","1","2"
"十九万八千六","1","1","2"
"九万八千六百","1","1","2"
"万八千六百九","1","1","2"
"八千六百九十","1","1","2"
"千六百九十分","1","1","2"
"三百六十四分","1","1","2"
"十二度五百九","1","1","2"
"二度五百九十","1","1","2"
"度五百九十六","1","1","2"
"二百五十六分","1","1","2"
"积九万七千年","1","1","2"
"千一百八十三","1","1","2"
"七万六千二百","1","1","2"
"万六千二百六","1","1","2"
"六千二百六十","1","1","2"
"千二百六十九","1","1","2"
"三万八千一百","1","1","2"
"万八千一百三","1","1","2"
"八千一百三十","1","1","2"
"千一百三十四","1","1","2"
"一万一千九百","1","1","2"
"万一千九百八","1","1","2"
"千九百八十六","1","1","2"
"千三百六十二","1","1","2"
"一日克己复礼","1","1","2"
"帝泰始三年十","1","1","2"
"泰始三年十一","1","1","2"
"始三年十一月","1","1","2"
"改封宗圣侯孔","1","1","2"
"封宗圣侯孔震","1","1","2"
"献帝建安十八","1","1","2"
"帝建安十八年","1","1","2"
"建安十八年五","1","1","2"
"安十八年五月","1","1","2"
"追命舞阳宣文","1","1","2"
"命舞阳宣文侯","1","1","2"
"追尊皇祖宣王","1","1","2"
"景王夫人羊氏","1","1","2"
"追祭征西将军","1","1","2"
"金紫将军上殿","1","1","2"
"太乐令跪奏请","1","1","2"
"乐令跪奏请进","1","1","2"
"令跪奏请进乐","1","1","2"
"尊崇章皇太妃","1","1","2"
"安弩渝本歌曲","1","1","2"
"皇盛德配尧舜","1","1","2"
"张博望入西域","1","1","2"
"宋识善击节唱","1","1","2"
"太子洗马舍人","1","1","2"
"魏文帝黄初六","1","1","2"
"文帝黄初六年","1","1","2"
"帝黄初六年正","1","1","2"
"黄初六年正月","1","1","2"
"帝太兴三年二","1","1","2"
"太兴三年二月","1","1","2"
"兴三年二月辛","1","1","2"
"三年二月辛未","1","1","2"
"八年正月乙巳","1","1","2"
"青龙元年六月","1","1","2"
"孙休永安五年","1","1","2"
"休永安五年二","1","1","2"
"永安五年二月","1","1","2"
"十年四月癸丑","1","1","2"
"亮五凤元年夏","1","1","2"
"休永安四年五","1","1","2"
"永安四年五月","1","1","2"
"咸宁元年九月","1","1","2"
"太安元年七月","1","1","2"
"帝永嘉四年四","1","1","2"
"永嘉四年四月","1","1","2"
"帝太兴三年六","1","1","2"
"太兴三年六月","1","1","2"
"帝太宁元年五","1","1","2"
"太宁元年五月","1","1","2"
"二年五月戊子","1","1","2"
"升平二年五月","1","1","2"
"帝太元三年六","1","1","2"
"太元三年六月","1","1","2"
"十八年六月己","1","1","2"
"八年六月己亥","1","1","2"
"二十一年五月","1","1","2"
"十一年五月癸","1","1","2"
"一年五月癸卯","1","1","2"
"安帝隆安三年","1","1","2"
"帝隆安三年五","1","1","2"
"隆安三年五月","1","1","2"
"三年五月丙午","1","1","2"
"六年五月丁巳","1","1","2"
"九年五月辛巳","1","1","2"
"十年五月丁丑","1","1","2"
"吴孙亮太平二","1","1","2"
"孙亮太平二年","1","1","2"
"亮太平二年二","1","1","2"
"太平二年二月","1","1","2"
"平二年二月甲","1","1","2"
"二年二月甲寅","1","1","2"
"义熙九年五月","1","1","2"
"简文帝咸安二","1","1","2"
"文帝咸安二年","1","1","2"
"帝咸安二年十","1","1","2"
"咸安二年十月","1","1","2"
"元兴元年七月","1","1","2"
"遥望鲁国何嵯","1","1","2"
"望鲁国何嵯峨","1","1","2"
"千岁髑髅生齿","1","1","2"
"岁髑髅生齿牙","1","1","2"
"官家养芦化成","1","1","2"
"家养芦化成荻","1","1","2"
"阿坚连牵三十","1","1","2"
"坚连牵三十年","1","1","2"
"吴郡嘉兴张林","1","1","2"
"郡嘉兴张林家","1","1","2"
"嘉兴张林家狗","1","1","2"
"亮五凤二年五","1","1","2"
"五凤二年五月","1","1","2"
"阳羡县离里山","1","1","2"
"羡县离里山大","1","1","2"
"县离里山大石","1","1","2"
"蜀刘禅景耀五","1","1","2"
"刘禅景耀五年","1","1","2"
"永康元年四月","1","1","2"
"帝泰始六年冬","1","1","2"
"咸宁三年八月","1","1","2"
"太康元年三月","1","1","2"
"乐安梁邹等八","1","1","2"
"安梁邹等八县","1","1","2"
"琅邪临沂等八","1","1","2"
"邪临沂等八县","1","1","2"
"河间易城等六","1","1","2"
"间易城等六县","1","1","2"
"高阳北新城等","1","1","2"
"阳北新城等四","1","1","2"
"北新城等四县","1","1","2"
"永嘉元年十二","1","1","2"
"嘉元年十二月","1","1","2"
"元年十二月冬","1","1","2"
"七年十月庚午","1","1","2"
"永昌二年十二","1","1","2"
"昌二年十二月","1","1","2"
"帝太宁元年十","1","1","2"
"太宁元年十二","1","1","2"
"二年四月庚子","1","1","2"
"升平二年正月","1","1","2"
"十年十二月癸","1","1","2"
"年十二月癸卯","1","1","2"
"永兴二年十月","1","1","2"
"兴二年十月丁","1","1","2"
"元年十月己巳","1","1","2"
"九月二日壬午","1","1","2"
"月二日壬午立","1","1","2"
"二日壬午立冬","1","1","2"
"七年十月壬午","1","1","2"
"十四年七月甲","1","1","2"
"四年七月甲寅","1","1","2"
"烧宣阳门西柱","1","1","2"
"帝隆安二年九","1","1","2"
"隆安二年九月","1","1","2"
"安二年九月壬","1","1","2"
"二年九月壬辰","1","1","2"
"年十一月甲戌","1","1","2"
"帝泰始十年六","1","1","2"
"泰始十年六月","1","1","2"
"武帝太元十五","1","1","2"
"帝太元十五年","1","1","2"
"太元十五年八","1","1","2"
"元十五年八月","1","1","2"
"帝永昌元年十","1","1","2"
"穆帝升平三年","1","1","2"
"帝升平三年二","1","1","2"
"升平三年二月","1","1","2"
"年十二月丙申","1","1","2"
"帝元康四年六","1","1","2"
"元康四年六月","1","1","2"
"永康元年二月","1","1","2"
"兴元年正月乙","1","1","2"
"元年正月乙丑","1","1","2"
"四年八月乙未","1","1","2"
"十二年正月壬","1","1","2"
"二年正月壬子","1","1","2"
"十七年六月乙","1","1","2"
"七年六月乙卯","1","1","2"
"帝元兴二年二","1","1","2"
"兴二年二月甲","1","1","2"
"二年二月甲辰","1","1","2"
"年二月甲辰夜","1","1","2"
"帝咸宁元年七","1","1","2"
"蜀刘备章武二","1","1","2"
"刘备章武二年","1","1","2"
"帝元康四年十","1","1","2"
"元康四年十二","1","1","2"
"康四年十二月","1","1","2"
"义熙五年十一","1","1","2"
"熙五年十一月","1","1","2"
"孙权嘉禾六年","1","1","2"
"权嘉禾六年五","1","1","2"
"嘉禾六年五月","1","1","2"
"蜀刘禅炎兴元","1","1","2"
"刘禅炎兴元年","1","1","2"
"四年六月丁未","1","1","2"
"太康二年二月","1","1","2"
"康二年二月庚","1","1","2"
"二年二月庚申","1","1","2"
"邓太后摄政时","1","1","2"
"二年五月己丑","1","1","2"
"三年五月庚寅","1","1","2"
"帝泰始三年三","1","1","2"
"泰始三年三月","1","1","2"
"始三年三月戊","1","1","2"
"三年三月戊午","1","1","2"
"康五年五月丙","1","1","2"
"五年五月丙午","1","1","2"
"南安新兴山崩","1","1","2"
"帝永嘉元年三","1","1","2"
"永嘉元年三月","1","1","2"
"帝太兴元年二","1","1","2"
"太兴元年二月","1","1","2"
"西阳地震山崩","1","1","2"
"柴桑庐山西北","1","1","2"
"桑庐山西北崖","1","1","2"
"庐山西北崖崩","1","1","2"
"帝建兴二年九","1","1","2"
"建兴二年九月","1","1","2"
"追赠继祖母夏","1","1","2"
"赠继祖母夏侯","1","1","2"
"继祖母夏侯氏","1","1","2"
"镇军大将军胡","1","1","2"
"军大将军胡奋","1","1","2"
"充三夫人九嫔","1","1","2"
"封夫人夏侯氏","1","1","2"
"夫人夏侯氏万","1","1","2"
"人夏侯氏万岁","1","1","2"
"夏侯氏万岁乡","1","1","2"
"侯氏万岁乡君","1","1","2"
"都督江南诸军","1","1","2"
"督江南诸军事","1","1","2"
"都督淮北诸军","1","1","2"
"文明王皇后生","1","1","2"
"明王皇后生武","1","1","2"
"王皇后生武帝","1","1","2"
"督幽冀诸军事","1","1","2"
"改封济北郡公","1","1","2"
"文帝大将军司","1","1","2"
"帝大将军司马","1","1","2"
"都尉成公绥荀","1","1","2"
"尚书郎柳轨等","1","1","2"
"帐下司马二十","1","1","2"
"下司马二十人","1","1","2"
"镇南将军留宪","1","1","2"
"宜都太守虞忠","1","1","2"
"获水军督陆景","1","1","2"
"骠骑将军王昶","1","1","2"
"大司马齐王掾","1","1","2"
"所著诗赋论难","1","1","2"
"著诗赋论难数","1","1","2"
"诗赋论难数十","1","1","2"
"赋论难数十篇","1","1","2"
"进爵苑陵县公","1","1","2"
"督石头水陆诸","1","1","2"
"石头水陆诸军","1","1","2"
"头水陆诸军事","1","1","2"
"河南尹何攀等","1","1","2"
"尚书右仆射山","1","1","2"
"书右仆射山涛","1","1","2"
"虏奚轲男女十","1","1","2"
"奚轲男女十万","1","1","2"
"轲男女十万口","1","1","2"
"年春正月丙午","1","1","2"
"光熙元年春正","1","1","2"
"三年春三月丁","1","1","2"
"年春三月丁巳","1","1","2"
"追尊会稽王太","1","1","2"
"尊会稽王太妃","1","1","2"
"会稽王太妃郑","1","1","2"
"稽王太妃郑氏","1","1","2"
"任命尚书左仆","1","1","2"
"命尚书左仆射","1","1","2"
"军将军王国宝","1","1","2"
"建康太守段业","1","1","2"
"慕容实部将慕","2","0","2"
"容实部将慕容","2","0","2"
"广州刺史桓玄","1","1","2"
"书右仆射王雅","1","1","2"
"吴国内史袁山","1","1","2"
"国内史袁山松","1","1","2"
"内史袁山松战","1","1","2"
"史袁山松战死","1","1","2"
"沮渠蒙逊杀死","1","1","2"
"渠蒙逊杀死段","1","1","2"
"蒙逊杀死段业","1","1","2"
"段玑杀慕容盛","1","1","2"
"率军队侵犯魏","1","1","2"
"令武陵王司马","1","1","2"
"陵王司马遵依","1","1","2"
"王司马遵依照","1","1","2"
"司马遵依照旧","1","1","2"
"马遵依照旧典","1","1","2"
"军将军刘毅等","1","1","2"
"永安皇后何氏","1","1","2"
"军将军刘裕忠","1","1","2"
"建威将军刘怀","1","1","2"
"威将军刘怀肃","1","1","2"
"将军刘怀肃讨","1","1","2"
"军刘怀肃讨伐","1","1","2"
"刘怀肃讨伐桓","1","1","2"
"怀肃讨伐桓振","1","1","2"
"仇池公杨盛大","1","1","2"
"州刺史司马荣","1","1","2"
"刺史司马荣期","1","1","2"
"左将军孔安国","1","1","2"
"杀东阳太守殷","1","1","2"
"晋陵太守殷道","1","1","2"
"陵太守殷道叔","1","1","2"
"永嘉太守骆球","1","1","2"
"赫连勃勃大败","1","1","2"
"连勃勃大败秃","1","1","2"
"勃勃大败秃发","1","1","2"
"梁州刺史杨思","1","1","2"
"州刺史杨思平","1","1","2"
"陈留王曹灵诞","1","1","2"
"清河王拓跋绍","1","1","2"
"河王拓跋绍杀","1","1","2"
"荆州刺史刘道","1","1","2"
"州刺史刘道规","1","1","2"
"任命平北将军","1","1","2"
"平北将军鲁宗","1","1","2"
"前将军诸葛长","1","1","2"
"将军诸葛长民","1","1","2"
"弟弟辅国大将","1","1","2"
"弟辅国大将军","1","1","2"
"范胡达侵犯九","1","1","2"
"胡达侵犯九真","1","1","2"
"使者进献地方","1","1","2"
"进献地方特产","1","1","2"
"冀二州刺史刘","1","1","2"
"二州刺史刘敬","1","1","2"
"州刺史刘敬宣","1","1","2"
"参军司马道赐","1","1","2"
"军司马道赐杀","1","1","2"
"司马道赐杀害","1","1","2"
"都乡亭侯刘柳","1","1","2"
"刘裕攻克长安","1","1","2"
"雍州刺史朱龄","1","1","2"
"州刺史朱龄石","1","1","2"
"刺史朱龄石焚","1","1","2"
"史朱龄石焚烧","1","1","2"
"朱龄石焚烧长","1","1","2"
"龄石焚烧长安","1","1","2"
"历任中军将军","1","1","2"
"十二月十六日","1","1","2"
"永初二年九月","1","1","2"
"初二年九月丁","1","1","2"
"二年九月丁丑","1","1","2"
"丁丑年称晋王","1","1","2"
"骄奢亡乱妖孽","1","1","2"
"镇南将军甘卓","1","1","2"
"十一万六千七","1","1","2"
"万六千七百九","1","1","2"
"六千七百九十","1","1","2"
"千七百九十六","1","1","2"
"重泉频阳秦厉","1","1","2"
"泉频阳秦厉公","1","1","2"
"频阳秦厉公置","1","1","2"
"新都郡泰始二","1","1","2"
"都郡泰始二年","1","1","2"
"乌程临安余杭","1","1","2"
"程临安余杭武","1","1","2"
"临安余杭武康","1","1","2"
"千六百八十二","1","1","2"
"六百八十二分","1","1","2"
"千一百九十二","1","1","2"
"会稽东部尉刘","1","1","2"
"稽东部尉刘洪","1","1","2"
"晷度十四日甲","1","1","2"
"度十四日甲辰","1","1","2"
"十四日甲辰伏","1","1","2"
"三千五百二十","1","1","2"
"万一千五百六","1","1","2"
"见三百六十六","1","1","2"
"余四千四百五","1","1","2"
"四千四百五十","1","1","2"
"襄公二十七年","1","1","2"
"公二十七年冬","1","1","2"
"二十七年冬十","1","1","2"
"十七年冬十一","1","1","2"
"七年冬十一月","1","1","2"
"年冬十一月乙","1","1","2"
"冬十一月乙亥","1","1","2"
"十一月乙亥朔","1","1","2"
"曹公东围临淮","1","1","2"
"升平五年穆帝","1","1","2"
"二年二月辛酉","1","1","2"
"景怀夏侯皇后","1","1","2"
"废帝孝庾皇后","1","1","2"
"简文宣郑太后","1","1","2"
"简文顺王皇后","1","1","2"
"孝武文李太后","1","1","2"
"孝武定王皇后","1","1","2"
"中车府令赵高","1","1","2"
"车府令赵高作","1","1","2"
"太史令胡毋敬","1","1","2"
"史令胡毋敬作","1","1","2"
"广四州诸军事","1","1","2"
"洛城西田园居","1","1","2"
"了他们的感情","0","2","2"
"魏武帝听从了","0","2","2"
"武帝听从了这","0","2","2"
"八个郡国发生","0","2","2"
"观察日月星辰","0","2","2"
"察日月星辰的","0","2","2"
"它的位置确定","0","2","2"
"的位置确定国","0","2","2"
"位置确定国家","0","2","2"
"置确定国家的","0","2","2"
"确定国家的兴","0","2","2"
"定国家的兴衰","0","2","2"
"穆帝就去世了","0","2","2"
"再低一个八度","0","2","2"
"水星加一次会","0","2","2"
"星加一次会合","0","2","2"
"加一次会合后","0","2","2"
"一次会合后由","0","2","2"
"次会合后由早","0","2","2"
"会合后由早晨","0","2","2"
"没有顾得上施","0","2","2"
"有顾得上施行","0","2","2"
"活着的时候一","0","2","2"
"着的时候一样","0","2","2"
"能够符合上天","0","2","2"
"够符合上天的","0","2","2"
"符合上天的意","0","2","2"
"合上天的意旨","0","2","2"
"能够使后代昌","0","2","2"
"够使后代昌盛","0","2","2"
"比得上天地造","0","2","2"
"得上天地造化","0","2","2"
"于是登上帝位","0","2","2"
"这是言不顺的","0","2","2"
"是这种情况吗","0","2","2"
"刑的人就染黑","0","2","2"
"的人就染黑他","0","2","2"
"人就染黑他的","0","2","2"
"主管人遵守条","0","2","2"
"管人遵守条文","0","2","2"
"不同的时候采","0","2","2"
"同的时候采取","0","2","2"
"的时候采取适","0","2","2"
"时候采取适当","0","2","2"
"候采取适当的","0","2","2"
"采取适当的办","0","2","2"
"取适当的办法","0","2","2"
"的由来已经很","0","2","2"
"来已经很久远","0","2","2"
"已经很久远了","0","2","2"
"是圣明国君的","0","2","2"
"有什么好处呢","0","2","2"
"钟会那样的人","0","2","2"
"是统治国家的","0","2","2"
"怎能用退让来","0","2","2"
"能用退让来压","0","2","2"
"用退让来压抑","0","2","2"
"人们都称赞他","0","2","2"
"认为他说得对","0","2","2"
"征西将军司马","0","2","2"
"的第二个儿子","0","2","2"
"善于识别人才","0","2","2"
"是不同寻常的","0","2","2"
"升任黄门侍郎","0","2","2"
"水军征讨吴国","0","2","2"
"派遣大将诸葛","0","2","2"
"辛毗手持符节","0","2","2"
"帝的弟弟司马","0","2","2"
"派遣步兵骑兵","0","2","2"
"也应当这样做","0","2","2"
"把他们都杀了","0","2","2"
"六十岁以上的","0","2","2"
"可以佩剑穿鞋","0","2","2"
"宣帝从辽东归","0","2","2"
"帝从辽东归来","0","2","2"
"这是国家的大","0","2","2"
"天子送出津阳","0","2","2"
"天子派遣侍中","0","2","2"
"吴国派遣大将","0","2","2"
"长久患病不能","0","2","2"
"兖州刺史令狐","0","2","2"
"天子身穿素服","0","2","2"
"子身穿素服亲","0","2","2"
"身穿素服亲临","0","2","2"
"穿素服亲临吊","0","2","2"
"高贵乡公的事","0","2","2"
"因为有功被封","0","2","2"
"为有功被封为","0","2","2"
"景帝辅佐朝政","0","2","2"
"于是下诏书说","0","2","2"
"增加食邑九千","0","2","2"
"加食邑九千户","0","2","2"
"加上以前的共","0","2","2"
"以前的共四万","0","2","2"
"前的共四万户","0","2","2"
"不能亲自治理","0","2","2"
"能亲自治理纷","0","2","2"
"亲自治理纷繁","0","2","2"
"自治理纷繁的","0","2","2"
"治理纷繁的政","0","2","2"
"理纷繁的政务","0","2","2"
"太后命令皇帝","0","2","2"
"皇帝在式干殿","0","2","2"
"救助天地四方","0","2","2"
"帝听说后感到","0","2","2"
"那么千里之外","0","2","2"
"有彗星出现在","0","2","2"
"首级传到京都","0","2","2"
"时年四十八岁","0","2","2"
"帝的同母兄弟","0","2","2"
"讨伐蜀国的时","0","2","2"
"有功增加食邑","0","2","2"
"加食邑一千户","0","2","2"
"转任安束将军","0","2","2"
"敌人震惊恐惧","0","2","2"
"被封为新城乡","0","2","2"
"封为新城乡侯","0","2","2"
"天子命令文帝","0","2","2"
"把辎重留在都","0","2","2"
"辎重留在都陆","0","2","2"
"兖州刺史州泰","0","2","2"
"山太守胡烈出","0","2","2"
"太守胡烈出奇","0","2","2"
"守胡烈出奇兵","0","2","2"
"把并州的太原","0","2","2"
"没有爵位的都","0","2","2"
"根据才能任用","0","2","2"
"骑督成悴的弟","0","2","2"
"督成悴的弟弟","0","2","2"
"成悴的弟弟太","0","2","2"
"悴的弟弟太子","0","2","2"
"的弟弟太子舍","0","2","2"
"弟弟太子舍人","0","2","2"
"弟太子舍人成","0","2","2"
"文帝坚决辞让","0","2","2"
"地势低下潮湿","0","2","2"
"已有二十多年","0","2","2"
"没有不顺服的","0","2","2"
"建立五等爵位","0","2","2"
"不便于实行的","0","2","2"
"终年五十五岁","0","2","2"
"不是做人臣的","0","2","2"
"王沈为御史大","0","2","2"
"沈为御史大夫","0","2","2"
"十二月十七日","0","2","2"
"托身于王公之","0","2","2"
"身于王公之上","0","2","2"
"太妃王氏为皇","0","2","2"
"妃王氏为皇太","0","2","2"
"王氏为皇太后","0","2","2"
"司马攸为齐王","0","2","2"
"九月二十三日","0","2","2"
"尚书令裴秀为","0","2","2"
"彗星出现于轸","0","2","2"
"星出现于轸星","0","2","2"
"三月二十一日","0","2","2"
"合葬于崇阳陵","0","2","2"
"派遣太尉义阳","0","2","2"
"太尉义阳王司","0","2","2"
"尉义阳王司马","0","2","2"
"派遣使者纳贡","0","2","2"
"五年春正月初","0","2","2"
"很多囚徒被宽","0","2","2"
"多囚徒被宽赦","0","2","2"
"囚徒被宽赦遣","0","2","2"
"徒被宽赦遣返","0","2","2"
"两条青龙出现","0","2","2"
"条青龙出现于","0","2","2"
"派遣使者救济","0","2","2"
"彗星出现于紫","0","2","2"
"星出现于紫宫","0","2","2"
"出现于紫宫星","0","2","2"
"现于紫宫星座","0","2","2"
"冬十月十九日","0","2","2"
"自己的儿子司","0","2","2"
"己的儿子司马","0","2","2"
"六年春正月初","0","2","2"
"殿前接见群臣","0","2","2"
"秋七月十四日","0","2","2"
"以汝阴王司马","0","2","2"
"骏为镇西大将","0","2","2"
"为镇西大将军","0","2","2"
"春正月二十六","0","2","2"
"皇太子成年加","0","2","2"
"太子成年加冠","0","2","2"
"赐王公以下帛","0","2","2"
"高阳王司马王","0","2","2"
"阳王司马王圭","0","2","2"
"月立皇子司马","0","2","2"
"举行求雨大祭","0","2","2"
"淹死三百余人","0","2","2"
"下诏赈济灾民","0","2","2"
"秋七月二十六","0","2","2"
"东大将军卫馞","0","2","2"
"大将军卫馞为","0","2","2"
"武帝耕于籍田","0","2","2"
"内外群官推举","0","2","2"
"子司马祗为东","0","2","2"
"司马祗为东海","0","2","2"
"马祗为东海王","0","2","2"
"公卿以下官吏","0","2","2"
"武帝登宣武观","0","2","2"
"公卿以下赐帛","0","2","2"
"卿以下赐帛不","0","2","2"
"以下赐帛不等","0","2","2"
"十一月十一日","0","2","2"
"武观举行大规","0","2","2"
"观举行大规模","0","2","2"
"扶风王司马亮","0","2","2"
"风王司马亮为","0","2","2"
"彗星出现于西","0","2","2"
"星出现于西方","0","2","2"
"北大将军卫馞","0","2","2"
"中山王司马睦","0","2","2"
"封扶风王司马","0","2","2"
"汝南王司马柬","0","2","2"
"司马遐为清河","0","2","2"
"马遐为清河王","0","2","2"
"羊祜为南城侯","0","2","2"
"彗星出现于东","0","2","2"
"二十个郡国发","0","2","2"
"个郡国下冰雹","0","2","2"
"毁坏百姓房舍","0","2","2"
"军将军杨济为","0","2","2"
"将军杨济为副","0","2","2"
"来献木苦矢石","0","2","2"
"十二万三千户","0","2","2"
"五月二十五日","0","2","2"
"王浚为辅国大","0","2","2"
"浚为辅国大将","0","2","2"
"为辅国大将军","0","2","2"
"鲜卑慕容磒侵","0","2","2"
"卑慕容磒侵扰","0","2","2"
"讨伐并平定了","0","2","2"
"王司马亮为太","0","2","2"
"长乐亭侯司马","0","2","2"
"齐王司马攸死","0","2","2"
"派遣儿子到京","0","2","2"
"遣儿子到京都","0","2","2"
"儿子到京都侍","0","2","2"
"子到京都侍奉","0","2","2"
"武观举行大阅","0","2","2"
"观举行大阅兵","0","2","2"
"国池水变成赤","0","2","2"
"池水变成赤色","0","2","2"
"以陇西王司马","0","2","2"
"令刺史二千石","0","2","2"
"给王公以下帛","0","2","2"
"以汝南王司马","0","2","2"
"司马歆为新野","0","2","2"
"王牙王司马觐","0","2","2"
"司马繇为东安","0","2","2"
"以右光禄大夫","0","2","2"
"是武帝的第二","0","2","2"
"改年号为永熙","0","2","2"
"二千石以上的","0","2","2"
"千石以上的官","0","2","2"
"平王司马懋为","0","2","2"
"王司马晃为尚","0","2","2"
"司马晃为尚书","0","2","2"
"以赵王司马伦","0","2","2"
"王司马伦为征","0","2","2"
"为征东大将军","0","2","2"
"沙王司马磖为","0","2","2"
"王司马肜为征","0","2","2"
"司马肜为征西","0","2","2"
"马肜为征西大","0","2","2"
"肜为征西大将","0","2","2"
"七年春正月初","0","2","2"
"王司马颖为镇","0","2","2"
"幽禁在金墉城","0","2","2"
"赵王司马伦假","0","2","2"
"王司马伦假借","0","2","2"
"以梁王司马肜","0","2","2"
"立皇孙司马臧","0","2","2"
"皇孙司马臧为","0","2","2"
"孙司马臧为皇","0","2","2"
"司马臧为皇太","0","2","2"
"马臧为皇太孙","0","2","2"
"兵讨伐司马伦","0","2","2"
"常山王司马磖","0","2","2"
"星在白天出现","0","2","2"
"卫将军王舆与","0","2","2"
"司马伦的党羽","0","2","2"
"民间宴会五日","0","2","2"
"东莱王司马蕤","0","2","2"
"以齐王司马礒","0","2","2"
"齐王司马礒为","0","2","2"
"封齐王司马礒","0","2","2"
"齐王司马礒的","0","2","2"
"王司马晏的儿","0","2","2"
"司马晏的儿子","0","2","2"
"的儿子司马范","0","2","2"
"三月二十四日","0","2","2"
"间王司马颙派","0","2","2"
"王司马颙派遣","0","2","2"
"司马颙派遣部","0","2","2"
"马颙派遣部将","0","2","2"
"与成都王司马","0","2","2"
"新野王司马歆","0","2","2"
"弟北海王司马","0","2","2"
"二年春正月初","0","2","2"
"都王司马颖举","0","2","2"
"王司马颖举兵","0","2","2"
"讨伐长沙王司","0","2","2"
"伐长沙王司马","0","2","2"
"囚禁在金墉城","0","2","2"
"以成都王司马","0","2","2"
"派遣从事中郎","0","2","2"
"被司马颖杀害","0","2","2"
"皇太子司马覃","0","2","2"
"立成都王司马","0","2","2"
"王司马颖为皇","0","2","2"
"盗贼偷去太庙","0","2","2"
"贼偷去太庙中","0","2","2"
"偷去太庙中的","0","2","2"
"太子司马覃复","0","2","2"
"改年号为建武","0","2","2"
"冬十一月初一","0","2","2"
"羊氏恢复皇后","0","2","2"
"氏恢复皇后地","0","2","2"
"恢复皇后地位","0","2","2"
"十二月二十四","0","2","2"
"密王司马简为","0","2","2"
"海王司马越在","0","2","2"
"公司马模派遣","0","2","2"
"司马模派遣将","0","2","2"
"马模派遣将军","0","2","2"
"州刺史刘乔的","0","2","2"
"司马越不答应","0","2","2"
"惠帝为太子时","0","2","2"
"王司马覃入宫","0","2","2"
"海王司马越辅","0","2","2"
"王司马越辅佐","0","2","2"
"司马越辅佐朝","0","2","2"
"马越辅佐朝政","0","2","2"
"平束将军周馥","0","2","2"
"海王司马越进","0","2","2"
"将军曹武讨伐","0","2","2"
"军曹武讨伐刘","0","2","2"
"曹武讨伐刘聪","0","2","2"
"石勒侵犯汲郡","0","2","2"
"王浚派遣鲜卑","0","2","2"
"镇束将军周馥","0","2","2"
"海王司马越派","0","2","2"
"武陵王司马澹","0","2","2"
"王的世子司马","0","2","2"
"豫章王司马端","0","2","2"
"雍州刺史买疋","0","2","2"
"立宗庙和社稷","0","2","2"
"敬迎回先帝的","0","2","2"
"迎回先帝的灵","0","2","2"
"回先帝的灵柩","0","2","2"
"到了什么地方","0","2","2"
"入朝辅佐朝政","0","2","2"
"纵火焚烧城中","0","2","2"
"火焚烧城中住","0","2","2"
"焚烧城中住宅","0","2","2"
"领军将军曲允","0","2","2"
"军将军曲允讨","0","2","2"
"将军曲允讨伐","0","2","2"
"在巴陵打败王","0","2","2"
"用车载着棺材","0","2","2"
"散到四面八方","0","2","2"
"到了这种地步","0","2","2"
"必然会为这样","0","2","2"
"然会为这样的","0","2","2"
"会为这样的情","0","2","2"
"为这样的情况","0","2","2"
"这样的情况而","0","2","2"
"琅王牙恭王司","0","2","2"
"王牙恭王司马","0","2","2"
"牙恭王司马觐","0","2","2"
"百姓都心悦诚","0","2","2"
"姓都心悦诚服","0","2","2"
"元年春二月二","0","2","2"
"年春二月二十","0","2","2"
"王牙王司马裒","0","2","2"
"为他们举行哀","0","2","2"
"他们举行哀悼","0","2","2"
"们举行哀悼仪","0","2","2"
"悬挂乐器而不","0","2","2"
"皇帝顺应天命","0","2","2"
"大将军王敦加","0","2","2"
"为开府仪同三","0","2","2"
"皇子司马晞为","0","2","2"
"子司马晞为武","0","2","2"
"司马晞为武陵","0","2","2"
"马晞为武陵王","0","2","2"
"朕以薄德之人","0","2","2"
"新蔡王司马弼","0","2","2"
"这大概是上天","0","2","2"
"元帝穿白服哭","0","2","2"
"阳王司马保在","0","2","2"
"王司马保在祁","0","2","2"
"司马保在祁山","0","2","2"
"马保在祁山称","0","2","2"
"保在祁山称晋","0","2","2"
"在祁山称晋王","0","2","2"
"页为尚书仆射","0","2","2"
"八月二十六日","0","2","2"
"四月二十三日","0","2","2"
"皇子司马昱为","0","2","2"
"子司马昱为琅","0","2","2"
"西阳王司马为","0","2","2"
"阳王司马为太","0","2","2"
"兖州刺史郗鉴","0","2","2"
"赐给鳏寡孤老","0","2","2"
"代行皇帝职权","0","2","2"
"和元年春二月","0","2","2"
"京师百里以内","0","2","2"
"把首级传到京","0","2","2"
"李雄的将领张","0","2","2"
"雄的将领张龙","0","2","2"
"平北将军魏该","0","2","2"
"北将军魏该率","0","2","2"
"加封司徒王导","0","2","2"
"封司徒王导为","0","2","2"
"司徒王导为大","0","2","2"
"徒王导为大司","0","2","2"
"王导为大司马","0","2","2"
"咸和二年正月","0","2","2"
"任护军将军庾","0","2","2"
"封琅王牙王司","0","2","2"
"郗鉴派广陵相","0","2","2"
"苏峻的弟弟苏","0","2","2"
"任征西大将军","0","2","2"
"五年正月初一","0","2","2"
"王司马的儿子","0","2","2"
"司马的儿子司","0","2","2"
"马的儿子司马","0","2","2"
"的将领李寿侵","0","2","2"
"将领李寿侵犯","0","2","2"
"咸和六年正月","0","2","2"
"六年正月初一","0","2","2"
"正月二十七日","0","2","2"
"石勒的将领郭","0","2","2"
"勒的将领郭敬","0","2","2"
"咸和八年正月","0","2","2"
"弘的将领石季","0","2","2"
"大行求雨之祭","0","2","2"
"海王司马冲为","0","2","2"
"冲为车骑将军","0","2","2"
"牙王司马岳为","0","2","2"
"文武百官增位","0","2","2"
"武百官增位一","0","2","2"
"百官增位一等","0","2","2"
"不能养活自己","0","2","2"
"能养活自己的","0","2","2"
"养活自己的人","0","2","2"
"二月二十六日","0","2","2"
"季龙的将领石","0","2","2"
"康三年正月初","0","2","2"
"三年正月初四","0","2","2"
"彗星出现在太","0","2","2"
"星出现在太微","0","2","2"
"出现在太微星","0","2","2"
"马奕为东海王","0","2","2"
"立褚氏为皇后","0","2","2"
"和元年春正月","0","2","2"
"陵王司马晞为","0","2","2"
"张重华的将领","0","2","2"
"重华的将领谢","0","2","2"
"华的将领谢艾","0","2","2"
"西将军桓温率","0","2","2"
"派他的将领苻","0","2","2"
"的军队被打得","0","2","2"
"军队被打得大","0","2","2"
"队被打得大败","0","2","2"
"温率领军队北","0","2","2"
"派北中郎将荀","0","2","2"
"玺文是受天之","0","2","2"
"文是受天之命","0","2","2"
"雷鸣般的声音","0","2","2"
"太庙祭告祖先","0","2","2"
"亲自在中堂祭","0","2","2"
"王公以下每十","0","2","2"
"公以下每十三","0","2","2"
"以下每十三户","0","2","2"
"率领军队讨伐","0","2","2"
"到琅邪王的府","0","2","2"
"琅邪王的府第","0","2","2"
"承受圣明之命","0","2","2"
"东海王司马奕","0","2","2"
"安葬在永平陵","0","2","2"
"司马桓温率领","0","2","2"
"马桓温率领军","0","2","2"
"的将领慕容评","0","2","2"
"桓温派江夏相","0","2","2"
"加授镇军将军","0","2","2"
"当天即皇帝位","0","2","2"
"俘获了慕容暐","0","2","2"
"袁真的儿子袁","0","2","2"
"讨伐平定了他","0","2","2"
"帝的同母弟弟","0","2","2"
"的身份返回宅","0","2","2"
"身份返回宅第","0","2","2"
"百官进入太极","0","2","2"
"官进入太极前","0","2","2"
"进入太极前殿","0","2","2"
"他的儿子司马","0","2","2"
"司马晞和他的","0","2","2"
"每人五斛大米","0","2","2"
"善于治理国政","0","2","2"
"惑星进入太微","0","2","2"
"不能担当重任","0","2","2"
"安葬在高平陵","0","2","2"
"击将军毛安之","0","2","2"
"将军桓豁为征","0","2","2"
"军桓豁为征西","0","2","2"
"州刺史桓冲为","0","2","2"
"八月二十七日","0","2","2"
"坚的将领杨安","0","2","2"
"二年正月初一","0","2","2"
"水灾特别厉害","0","2","2"
"彗星侵入天市","0","2","2"
"星侵入天市座","0","2","2"
"苻坚的将领姚","0","2","2"
"坚的将领姚苌","0","2","2"
"立王氏为皇后","0","2","2"
"天子谒拜建平","0","2","2"
"子谒拜建平等","0","2","2"
"谒拜建平等四","0","2","2"
"王公以下每人","0","2","2"
"书仆射谢安为","0","2","2"
"领护南蛮校尉","0","2","2"
"四年正月初八","0","2","2"
"率军队讨伐蜀","0","2","2"
"年正月二十八","0","2","2"
"正月二十八日","0","2","2"
"以下徒刑的人","0","2","2"
"以镇军大将军","0","2","2"
"将军郗忄音为","0","2","2"
"进献地方物产","0","2","2"
"派使者前来进","0","2","2"
"使者前来进贡","0","2","2"
"者前来进贡地","0","2","2"
"前来进贡地方","0","2","2"
"来进贡地方物","0","2","2"
"年正月十六日","0","2","2"
"王的孙子司马","0","2","2"
"二月二十七日","0","2","2"
"高密王司马纯","0","2","2"
"密王司马纯之","0","2","2"
"新蔡王司马晃","0","2","2"
"将军刘牢之与","0","2","2"
"慕容垂在黎阳","0","2","2"
"为都督中外诸","0","2","2"
"慕容垂的将领","0","2","2"
"仆射陆纳为尚","0","2","2"
"射陆纳为尚书","0","2","2"
"龙骧将军朱序","0","2","2"
"兖州刺史朱序","0","2","2"
"谯王司马恬之","0","2","2"
"朝廷的军队失","0","2","2"
"廷的军队失败","0","2","2"
"及兖州发大水","0","2","2"
"王王旬为尚书","0","2","2"
"洪水进入石头","0","2","2"
"水进入石头城","0","2","2"
"太白星白天出","0","2","2"
"白星白天出现","0","2","2"
"十八年正月初","0","2","2"
"徐二州发大水","0","2","2"
"魏王拓拔王圭","0","2","2"
"的儿子慕容宝","0","2","2"
"有见识的人认","0","2","2"
"见识的人认为","0","2","2"
"前将军王王旬","0","2","2"
"国将军刘牢之","0","2","2"
"司马蕴为淮陵","0","2","2"
"马蕴为淮陵王","0","2","2"
"南蛮校尉杨亻","0","2","2"
"蛮校尉杨亻全","0","2","2"
"校尉杨亻全期","0","2","2"
"朔将军高雅之","0","2","2"
"将军刘牢之为","0","2","2"
"齐王司马柔之","0","2","2"
"孙无终被桓玄","0","2","2"
"将军刘裕率领","0","2","2"
"辅国将军何无","0","2","2"
"国将军何无忌","0","2","2"
"武将军刘道规","0","2","2"
"逼迫安帝东下","0","2","2"
"骑将军刘裕为","0","2","2"
"军将军刘毅为","0","2","2"
"将军何无忌为","0","2","2"
"琅邪王司马德","0","2","2"
"邪王司马德文","0","2","2"
"安葬在休平陵","0","2","2"
"刺史司马休之","0","2","2"
"之为尚书左仆","0","2","2"
"姚泓的将领姚","0","2","2"
"杀害龙骧将军","0","2","2"
"朝廷听从了他","0","2","2"
"廷听从了他的","0","2","2"
"任命骠骑将军","0","2","2"
"五大行星的位","0","2","2"
"大行星的位置","0","2","2"
"比外衡在冬至","0","2","2"
"所在处高六万","0","2","2"
"在处高六万里","0","2","2"
"北极低处比外","0","2","2"
"极低处比外衡","0","2","2"
"太阳运行的轨","0","2","2"
"阳运行的轨道","0","2","2"
"随着天体运转","0","2","2"
"形状就像一个","0","2","2"
"阴气幽暗冥晦","0","2","2"
"白天的时间就","0","2","2"
"所以知道天体","0","2","2"
"太阳运行到地","0","2","2"
"阳运行到地中","0","2","2"
"运行到地中时","0","2","2"
"行到地中时就","0","2","2"
"谈论天文的人","0","2","2"
"太阳落入西方","0","2","2"
"一周是三百六","0","2","2"
"周是三百六十","0","2","2"
"一半覆盖在地","0","2","2"
"半覆盖在地上","0","2","2"
"春分这天太阳","0","2","2"
"太阳向西运行","0","2","2"
"太阳的出入也","0","2","2"
"王生用火炬来","0","2","2"
"生用火炬来比","0","2","2"
"用火炬来比喻","0","2","2"
"制造了浑天仪","0","2","2"
"之一百四十五","0","2","2"
"一半在赤道之","0","2","2"
"在斗星二十一","0","2","2"
"星二十一度上","0","2","2"
"这一天太阳最","0","2","2"
"一天太阳最靠","0","2","2"
"所以太阳也出","0","2","2"
"以太阳也出于","0","2","2"
"运行一百四十","0","2","2"
"行一百四十六","0","2","2"
"一百四十六度","0","2","2"
"运行二百一十","0","2","2"
"行二百一十九","0","2","2"
"百一十九度稍","0","2","2"
"所以日影逐渐","0","2","2"
"以日影逐渐变","0","2","2"
"白昼在地上运","0","2","2"
"昼在地上运行","0","2","2"
"在地上运行的","0","2","2"
"地上运行的度","0","2","2"
"上运行的度数","0","2","2"
"的度数逐渐增","0","2","2"
"度数逐渐增多","0","2","2"
"的度数逐渐减","0","2","2"
"度数逐渐减少","0","2","2"
"时间逐渐变短","0","2","2"
"太阳所在的度","0","2","2"
"在井星二十五","0","2","2"
"出于寅时入于","0","2","2"
"于寅时入于戌","0","2","2"
"寅时入于戌时","0","2","2"
"白昼时在地上","0","2","2"
"昼时在地上运","0","2","2"
"时在地上运行","0","2","2"
"分这天太阳在","0","2","2"
"出于卯时入于","0","2","2"
"于卯时入于酉","0","2","2"
"卯时入于酉时","0","2","2"
"从太阳斜射阳","0","2","2"
"太阳斜射阳城","0","2","2"
"太阳月亮运行","0","2","2"
"边的一颗星叫","0","2","2"
"就会发生地震","0","2","2"
"主管战争讨伐","0","2","2"
"的五颗星叫天","0","2","2"
"是丞相的象徵","0","2","2"
"防备非常事件","0","2","2"
"北面的四颗星","0","2","2"
"第二颗星叫次","0","2","2"
"它的北面是中","0","2","2"
"的北面是中华","0","2","2"
"第三颗星叫次","0","2","2"
"它的北面是西","0","2","2"
"的北面是西太","0","2","2"
"第四颗星叫上","0","2","2"
"布政令的宫殿","0","2","2"
"北面的三颗星","0","2","2"
"面的星指天子","0","2","2"
"南面的四颗星","0","2","2"
"的四颗星叫内","0","2","2"
"四颗星叫内平","0","2","2"
"北面的一星叫","0","2","2"
"客星如果侵入","0","2","2"
"就会发生兵乱","0","2","2"
"颗星显现出来","0","2","2"
"此星明亮则天","0","2","2"
"星明亮则天下","0","2","2"
"就会发生大规","0","2","2"
"会发生大规模","0","2","2"
"发生大规模的","0","2","2"
"生大规模的战","0","2","2"
"在帝座星的东","0","2","2"
"客星侵入并停","0","2","2"
"星若进入停留","0","2","2"
"有大的战乱发","0","2","2"
"大的战乱发生","0","2","2"
"南面的两颗星","0","2","2"
"中央的两颗星","0","2","2"
"日月星三光之","0","2","2"
"月星三光之道","0","2","2"
"北面的两颗星","0","2","2"
"的两颗星叫天","0","2","2"
"有的说可以预","0","2","2"
"的说可以预测","0","2","2"
"月亮和五星进","0","2","2"
"亮和五星进入","0","2","2"
"的三颗星叫天","0","2","2"
"天下就会大肆","0","2","2"
"星在太微垣的","0","2","2"
"祭祀用的牲畜","0","2","2"
"南方的叫右足","0","2","2"
"所以不希望它","0","2","2"
"以不希望它明","0","2","2"
"不希望它明亮","0","2","2"
"南星主管积蓄","0","2","2"
"边的一道经过","0","2","2"
"寿星起自轸宿","0","2","2"
"六度为十二次","0","2","2"
"宿十一度为十","0","2","2"
"十一度为十二","0","2","2"
"一度为十二次","0","2","2"
"是人君的象徵","0","2","2"
"是女主的象徵","0","2","2"
"则月亮的运行","0","2","2"
"月亮的运行忽","0","2","2"
"所当值的辰位","0","2","2"
"星与金星会合","0","2","2"
"星与水星会合","0","2","2"
"不能举兵用事","0","2","2"
"则所应对的国","0","2","2"
"其所对应的国","0","2","2"
"出现则光芒指","0","2","2"
"现则光芒指向","0","2","2"
"本体与星相类","0","2","2"
"它所对应的地","0","2","2"
"所对应的地区","0","2","2"
"所出现的地方","0","2","2"
"的方云在旁边","0","2","2"
"北方有三颗大","0","2","2"
"前面小后面大","0","2","2"
"所坠落的地方","0","2","2"
"飞星若体大如","0","2","2"
"星若体大如缶","0","2","2"
"若体大如缶像","0","2","2"
"大如缶像瓮一","0","2","2"
"如缶像瓮一样","0","2","2"
"其后蛟然泛白","0","2","2"
"的地方人死血","0","2","2"
"地方人死血流","0","2","2"
"罩在太阳之上","0","2","2"
"青赤之气量小","0","2","2"
"赤之气量小而","0","2","2"
"青赤之气长而","0","2","2"
"虹贯穿抱气直","0","2","2"
"贯穿抱气直达","0","2","2"
"穿抱气直达日","0","2","2"
"抱气直达日旁","0","2","2"
"是天下将要分","0","2","2"
"太后临朝听政","0","2","2"
"不久就去世了","0","2","2"
"没有比这更大","0","2","2"
"有比这更大的","0","2","2"
"月戊辰日初一","0","2","2"
"月戊戌日初一","0","2","2"
"月壬子日初一","0","2","2"
"月庚午日初一","0","2","2"
"年正月乙未日","0","2","2"
"正月乙未日初","0","2","2"
"预示君弱臣强","0","2","2"
"就发生了成济","0","2","2"
"年十月丁丑日","0","2","2"
"年正月丙子日","0","2","2"
"正月丙子日初","0","2","2"
"月丙子日初一","0","2","2"
"月辛丑日初一","0","2","2"
"月甲寅日初一","0","2","2"
"年正月戊申日","0","2","2"
"年正月壬申日","0","2","2"
"六月庚子日初","0","2","2"
"月庚子日初一","0","2","2"
"康元年正月已","0","2","2"
"月辛卯日初一","0","2","2"
"月甲申日初一","0","2","2"
"穆帝永和二年","0","2","2"
"月癸巳日初一","0","2","2"
"海西公太和三","0","2","2"
"西公太和三年","0","2","2"
"月癸酉日初一","0","2","2"
"月庚辰日初一","0","2","2"
"年孝武帝去世","0","2","2"
"太阳之中有黑","0","2","2"
"战事连年不断","0","2","2"
"年二月癸亥日","0","2","2"
"年正月乙卯日","0","2","2"
"内外戒备森严","0","2","2"
"魏明帝太和五","0","2","2"
"明帝太和五年","0","2","2"
"月亮犯及荧惑","0","2","2"
"亮犯及荧惑星","0","2","2"
"左卫将军陈眕","0","2","2"
"十一月辛巳日","0","2","2"
"月亮干犯了岁","0","2","2"
"亮干犯了岁星","0","2","2"
"海西太和元年","0","2","2"
"在牵牛星之分","0","2","2"
"牵牛星之分野","0","2","2"
"刘裕将桓氏家","0","2","2"
"裕将桓氏家族","0","2","2"
"在毕星之分野","0","2","2"
"在羽林星附近","0","2","2"
"有大规模战乱","0","2","2"
"发生大规模战","0","2","2"
"生大规模战争","0","2","2"
"将有大规模战","0","2","2"
"大规模战争发","0","2","2"
"规模战争发生","0","2","2"
"荧惑星在营室","0","2","2"
"在营室星附近","0","2","2"
"留下辅佐朝政","0","2","2"
"是内乱的徵兆","0","2","2"
"当时司马越专","0","2","2"
"星在东井附近","0","2","2"
"在东井附近会","0","2","2"
"东井附近会合","0","2","2"
"十二月癸丑日","0","2","2"
"太白星犯荧惑","0","2","2"
"白星犯荧惑星","0","2","2"
"穆帝永和四年","0","2","2"
"帝永和四年五","0","2","2"
"永和四年五月","0","2","2"
"一年石季龙死","0","2","2"
"年七月丁卯日","0","2","2"
"太白星掩蔽了","0","2","2"
"白星掩蔽了荧","0","2","2"
"星掩蔽了荧惑","0","2","2"
"荧惑星犯辰星","0","2","2"
"荧惑星和土星","0","2","2"
"安帝的同母弟","0","2","2"
"燧人氏钻木取","0","2","2"
"人氏钻木取火","0","2","2"
"秦始皇统一天","0","2","2"
"始皇统一天下","0","2","2"
"国置立的二十","0","2","2"
"夏后氏在涂山","0","2","2"
"七十里的封国","0","2","2"
"个五十里的封","0","2","2"
"五十里的封国","0","2","2"
"二百一十个封","0","2","2"
"百一十个封国","0","2","2"
"名山大泽不能","0","2","2"
"天子食其三分","0","2","2"
"子食其三分之","0","2","2"
"食其三分之一","0","2","2"
"其三分之一租","0","2","2"
"三分之一租税","0","2","2"
"天子食其四分","0","2","2"
"子食其四分之","0","2","2"
"食其四分之一","0","2","2"
"其四分之一租","0","2","2"
"四分之一租税","0","2","2"
"年轮种的土地","0","2","2"
"轮种的土地每","0","2","2"
"十三万三千零","0","2","2"
"之王的庶子为","0","2","2"
"建立五等封爵","0","2","2"
"土地纵横各七","0","2","2"
"地纵横各七十","0","2","2"
"国侯食邑一千","0","2","2"
"食邑一千六百","0","2","2"
"食邑一千四百","0","2","2"
"邑一千四百户","0","2","2"
"土地纵横各六","0","2","2"
"地纵横各六十","0","2","2"
"国伯食邑一千","0","2","2"
"邑一千二百户","0","2","2"
"土地纵横各五","0","2","2"
"地纵横各五十","0","2","2"
"土地纵横各四","0","2","2"
"地纵横各四十","0","2","2"
"元帝渡过长江","0","2","2"
"万四千四百户","0","2","2"
"台盘二年设置","0","2","2"
"万五千二百户","0","2","2"
"万一千五百户","0","2","2"
"穆帝永和五年","0","2","2"
"记载属冀州地","0","2","2"
"载属冀州地域","0","2","2"
"业刺史镇守宣","0","2","2"
"冀二州牧镇守","0","2","2"
"州统管六个郡","0","2","2"
"统管六个郡国","0","2","2"
"万九千三百户","0","2","2"
"幽州刺史镇守","0","2","2"
"幽业刺史镇守","0","2","2"
"州牧镇守蒲坂","0","2","2"
"刺史镇守仓垣","0","2","2"
"州刺史镇守蒲","0","2","2"
"刺史镇守蒲坂","0","2","2"
"荆州刺史镇守","0","2","2"
"徐州刺史镇守","0","2","2"
"兖州刺史镇守","0","2","2"
"秦州刺史镇守","0","2","2"
"元帝南渡长江","0","2","2"
"帝南渡长江后","0","2","2"
"的名称没有改","0","2","2"
"名称没有改变","0","2","2"
"分划益州设置","0","2","2"
"万三千四百户","0","2","2"
"汉武帝设置十","0","2","2"
"武帝设置十三","0","2","2"
"帝设置十三州","0","2","2"
"长沙设安成郡","0","2","2"
"临贺三郡归属","0","2","2"
"为成都王司马","0","2","2"
"又划分豫章设","0","2","2"
"所得到的地域","0","2","2"
"记载为扬州地","0","2","2"
"载为扬州地域","0","2","2"
"帝划分南海设","0","2","2"
"的东西称之为","0","2","2"
"将这些内容编","0","2","2"
"这些内容编入","0","2","2"
"奚景在泠道舜","0","2","2"
"景在泠道舜祠","0","2","2"
"在泠道舜祠地","0","2","2"
"泠道舜祠地下","0","2","2"
"像宾主一样互","0","2","2"
"宾主一样互相","0","2","2"
"主一样互相敬","0","2","2"
"一样互相敬酒","0","2","2"
"宣布哲人的美","0","2","2"
"布哲人的美德","0","2","2"
"昭示作人的规","0","2","2"
"示作人的规范","0","2","2"
"发扬滞伏之气","0","2","2"
"丢弃激扬之情","0","2","2"
"辅佐万物的形","0","2","2"
"佐万物的形成","0","2","2"
"皆能恢复对应","0","2","2"
"能恢复对应其","0","2","2"
"恢复对应其礼","0","2","2"
"复对应其礼的","0","2","2"
"对应其礼的常","0","2","2"
"应其礼的常态","0","2","2"
"正声相提并论","0","2","2"
"音调逐渐显得","0","2","2"
"阳律下生阴律","0","2","2"
"阴律上生阳律","0","2","2"
"十二管旋相为","0","2","2"
"二管旋相为宫","0","2","2"
"合乎经籍礼制","0","2","2"
"每一孔对应一","0","2","2"
"一孔对应一律","0","2","2"
"让太乐郎刘秀","0","2","2"
"主持奏乐的人","0","2","2"
"持奏乐的人就","0","2","2"
"奏乐的人就说","0","2","2"
"乐的人就说请","0","2","2"
"的人就说请奏","0","2","2"
"低音区的倍声","0","2","2"
"孔向下方度量","0","2","2"
"满姑洗律长处","0","2","2"
"姑洗律长处开","0","2","2"
"洗律长处开孔","0","2","2"
"本是正声调黄","0","2","2"
"是正声调黄钟","0","2","2"
"正声调黄钟为","0","2","2"
"声调黄钟为宫","0","2","2"
"调黄钟为宫音","0","2","2"
"黄钟为宫音阶","0","2","2"
"钟为宫音阶的","0","2","2"
"笛孔全闭的筒","0","2","2"
"本是正声调的","0","2","2"
"去其一分而得","0","2","2"
"增其一分而得","0","2","2"
"季第二月的气","0","2","2"
"第二月的气来","0","2","2"
"二月的气来了","0","2","2"
"该律则相应合","0","2","2"
"八又二百四十","0","2","2"
"四十三分之一","0","2","2"
"十三分之一百","0","2","2"
"三分之一百零","0","2","2"
"分之一百零四","0","2","2"
"之一百零四寸","0","2","2"
"又二千一百八","0","2","2"
"分之一千零七","0","2","2"
"之一千零七十","0","2","2"
"千零七十五寸","0","2","2"
"六又一万九千","0","2","2"
"八十三分之一","0","2","2"
"十三分之一万","0","2","2"
"三分之一万二","0","2","2"
"分之一万二千","0","2","2"
"之一万二千九","0","2","2"
"九百七十四寸","0","2","2"
"又八十一分之","0","2","2"
"八十一分之二","0","2","2"
"季第二个月的","0","2","2"
"第二个月的气","0","2","2"
"二个月的气来","0","2","2"
"分之四百五十","0","2","2"
"该律就会相应","0","2","2"
"律就会相应合","0","2","2"
"百六十一分之","0","2","2"
"冬季第一个月","0","2","2"
"夷则上生夹钟","0","2","2"
"无射上生仲吕","0","2","2"
"调和阴阳律历","0","2","2"
"和阴阳律历的","0","2","2"
"等于荀勖尺一","0","2","2"
"于荀勖尺一尺","0","2","2"
"内接一尺见方","0","2","2"
"五星的运动状","0","2","2"
"以五百八十九","0","2","2"
"一百四十五为","0","2","2"
"百四十五为斗","0","2","2"
"四十五为斗分","0","2","2"
"汉献帝建安元","0","2","2"
"学习了刘洪的","0","2","2"
"八百八十三为","0","2","2"
"百八十三为纪","0","2","2"
"八十三为纪法","0","2","2"
"一千二百零五","0","2","2"
"千二百零五为","0","2","2"
"二百零五为斗","0","2","2"
"与实际天象有","0","2","2"
"与实际天象相","0","2","2"
"实际天象相符","0","2","2"
"推算结果落后","0","2","2"
"算结果落后于","0","2","2"
"结果落后于实","0","2","2"
"果落后于实际","0","2","2"
"都是由于斗分","0","2","2"
"斗分太多的缘","0","2","2"
"分太多的缘故","0","2","2"
"息改正后在未","0","2","2"
"改正后在未时","0","2","2"
"加消息改正后","0","2","2"
"后天二个时辰","0","2","2"
"日丁亥早晨出","0","2","2"
"丁亥早晨出现","0","2","2"
"十七日庚辰出","0","2","2"
"七日庚辰出现","0","2","2"
"星二年十一月","0","2","2"
"星三年十一月","0","2","2"
"星三年闰六月","0","2","2"
"先天二十三日","0","2","2"
"实际天象在同","0","2","2"
"际天象在同一","0","2","2"
"天象在同一天","0","2","2"
"推算五大行星","0","2","2"
"一千一百七十","0","2","2"
"余数除以纪法","0","2","2"
"余数即为所求","0","2","2"
"数即为所求年","0","2","2"
"即为所求年入","0","2","2"
"如果余数大于","0","2","2"
"用所求年入纪","0","2","2"
"闰余在十二以","0","2","2"
"余在十二以上","0","2","2"
"大余的基础上","0","2","2"
"的基础上加二","0","2","2"
"基础上加二十","0","2","2"
"以其乘积除以","0","2","2"
"命名方法与求","0","2","2"
"闰月所在之月","0","2","2"
"以无中气之月","0","2","2"
"所得商数加入","0","2","2"
"考察所近节气","0","2","2"
"以所求年入纪","0","2","2"
"没法一百零三","0","2","2"
"日的基础上加","0","2","2"
"的基础上加大","0","2","2"
"五百八十九乘","0","2","2"
"百八十九乘以","0","2","2"
"乘积在周天二","0","2","2"
"积在周天二十","0","2","2"
"在周天二十一","0","2","2"
"千一百三十以","0","2","2"
"一百三十以上","0","2","2"
"百三十以上减","0","2","2"
"三十以上减之","0","2","2"
"余下不足周天","0","2","2"
"下不足周天部","0","2","2"
"不足周天部分","0","2","2"
"足周天部分除","0","2","2"
"分除以纪法五","0","2","2"
"则此即为天正","0","2","2"
"天正朔日夜半","0","2","2"
"夜半太阳所在","0","2","2"
"剩下的方法与","0","2","2"
"在纪法五百八","0","2","2"
"五百八十九以","0","2","2"
"百八十九以上","0","2","2"
"朔的基础上日","0","2","2"
"的基础上日度","0","2","2"
"基础上日度加","0","2","2"
"小分及度之间","0","2","2"
"分及度之间的","0","2","2"
"及度之间的换","0","2","2"
"度之间的换算","0","2","2"
"宿度的确定方","0","2","2"
"度的确定方法","0","2","2"
"的确定方法如","0","2","2"
"确定方法如前","0","2","2"
"时月所在宿度","0","2","2"
"可得上弦时月","0","2","2"
"除以会岁八百","0","2","2"
"以会岁八百九","0","2","2"
"会岁八百九十","0","2","2"
"岁八百九十三","0","2","2"
"以会率一千八","0","2","2"
"会率一千八百","0","2","2"
"率一千八百八","0","2","2"
"以会月一万一","0","2","2"
"会月一万一千","0","2","2"
"月一万一千零","0","2","2"
"得商敷为积月","0","2","2"
"沿用冬至大余","0","2","2"
"以之确定的时","0","2","2"
"之确定的时间","0","2","2"
"如果加后小余","0","2","2"
"余大于等于二","0","2","2"
"大于等于二千","0","2","2"
"所得商数即为","0","2","2"
"除以月周七千","0","2","2"
"一百二十七乘","0","2","2"
"百二十七乘以","0","2","2"
"以通法四万三","0","2","2"
"通法四万三千","0","2","2"
"法四万三千零","0","2","2"
"除以通数三十","0","2","2"
"历周十六万四","0","2","2"
"周十六万四千","0","2","2"
"十六万四千四","0","2","2"
"六万四千四百","0","2","2"
"万四千四百六","0","2","2"
"四千四百六十","0","2","2"
"千四百六十六","0","2","2"
"所得商数为合","0","2","2"
"在上月合朔入","0","2","2"
"入历的基础上","0","2","2"
"历的基础上加","0","2","2"
"基础上加一天","0","2","2"
"以日余减去周","0","2","2"
"日余减去周日","0","2","2"
"入历天数中减","0","2","2"
"周虚二千六百","0","2","2"
"虚二千六百六","0","2","2"
"二千六百六十","0","2","2"
"千六百六十六","0","2","2"
"对应的盈缩积","0","2","2"
"以周半一百二","0","2","2"
"周半一百二十","0","2","2"
"加时在前一天","0","2","2"
"以会敷四十七","0","2","2"
"如果日余不足","0","2","2"
"果日余不足减","0","2","2"
"如果日余在周","0","2","2"
"果日余在周日","0","2","2"
"日余在周日分","0","2","2"
"余在周日分以","0","2","2"
"在周日分以下","0","2","2"
"除不尽的为余","0","2","2"
"不尽的为余数","0","2","2"
"靠近的节气的","0","2","2"
"千一百三十乘","0","2","2"
"一百三十乘以","0","2","2"
"三十一乘以合","0","2","2"
"月周后再减之","0","2","2"
"如果入历日在","0","2","2"
"以损益率乘以","0","2","2"
"八十九分之二","0","2","2"
"十九分之二十","0","2","2"
"九分之二十一","0","2","2"
"分之二十一万","0","2","2"
"之二十一万五","0","2","2"
"十九乘以周率","0","2","2"
"法一千四百五","0","2","2"
"所得商敷为大","0","2","2"
"得商敷为大余","0","2","2"
"以通法乘以行","0","2","2"
"通法乘以行星","0","2","2"
"法乘以行星各","0","2","2"
"星各自的月余","0","2","2"
"商数为入月日","0","2","2"
"以周天二十一","0","2","2"
"所得商敷为度","0","2","2"
"三千四百零七","0","2","2"
"万一千七百零","0","2","2"
"余数命名为合","0","2","2"
"数命名为合余","0","2","2"
"如果所得商数","0","2","2"
"果所得商数为","0","2","2"
"年舆太阳会合","0","2","2"
"积合为偶数时","0","2","2"
"以章闰乘以入","0","2","2"
"章闰乘以入纪","0","2","2"
"闰乘以入纪月","0","2","2"
"合时所在月份","0","2","2"
"加上上次会合","0","2","2"
"上上次会合时","0","2","2"
"上次会合时的","0","2","2"
"小于岁中十二","0","2","2"
"有闰月亦减之","0","2","2"
"加上次合月大","0","2","2"
"上次合月大余","0","2","2"
"再加大余二十","0","2","2"
"命名方法如前","0","2","2"
"日余满日度法","0","2","2"
"余满日度法化","0","2","2"
"满日度法化为","0","2","2"
"如果上次会合","0","2","2"
"果上次会合朔","0","2","2"
"上次会合朔小","0","2","2"
"次会合朔小余","0","2","2"
"于七百七十三","0","2","2"
"减去二十九日","0","2","2"
"本次会合时入","0","2","2"
"数加上次会合","0","2","2"
"次会合时度数","0","2","2"
"余加上次会合","0","2","2"
"所得即为本次","0","2","2"
"得即为本次会","0","2","2"
"即为本次会合","0","2","2"
"天三百四十八","0","2","2"
"去逆行所退十","0","2","2"
"天九十七万三","0","2","2"
"千零一十三分","0","2","2"
"去逆行所退六","0","2","2"
"逆行所退六度","0","2","2"
"天十一万三千","0","2","2"
"度十一万三千","0","2","2"
"天六百零一万","0","2","2"
"十五度六百零","0","2","2"
"五度六百零一","0","2","2"
"度六百零一万","0","2","2"
"度数及其余数","0","2","2"
"加入到此行星","0","2","2"
"入到此行星会","0","2","2"
"到此行星会合","0","2","2"
"此行星会合时","0","2","2"
"行星会合时的","0","2","2"
"星会合时的时","0","2","2"
"会合时的时间","0","2","2"
"度法则化为天","0","2","2"
"法则化为天数","0","2","2"
"命名的方法与","0","2","2"
"名的方法与前","0","2","2"
"即可得到此行","0","2","2"
"可得到此行星","0","2","2"
"得到此行星出","0","2","2"
"到此行星出现","0","2","2"
"此行星出现的","0","2","2"
"行星出现的时","0","2","2"
"星出现的时间","0","2","2"
"出现的时间和","0","2","2"
"现的时间和所","0","2","2"
"的时间和所在","0","2","2"
"以行星每天运","0","2","2"
"行星每天运行","0","2","2"
"星每天运行分","0","2","2"
"每天运行分数","0","2","2"
"天运行分数的","0","2","2"
"运行分数的分","0","2","2"
"行分数的分母","0","2","2"
"分数的分母乘","0","2","2"
"数的分母乘以","0","2","2"
"的分母乘以该","0","2","2"
"分母乘以该星","0","2","2"
"母乘以该星首","0","2","2"
"乘以该星首次","0","2","2"
"以该星首次出","0","2","2"
"该星首次出现","0","2","2"
"星首次出现时","0","2","2"
"首次出现时的","0","2","2"
"次出现时的度","0","2","2"
"出现时的度数","0","2","2"
"度余除以日度","0","2","2"
"余除以日度法","0","2","2"
"除以日度法得","0","2","2"
"以日度法得一","0","2","2"
"度法的一半以","0","2","2"
"法的一半以上","0","2","2"
"的一半以上也","0","2","2"
"一半以上也得","0","2","2"
"半以上也得一","0","2","2"
"每天加上所运","0","2","2"
"天加上所运行","0","2","2"
"加上所运行的","0","2","2"
"上所运行的分","0","2","2"
"所运行的分数","0","2","2"
"其对应之分母","0","2","2"
"对应之分母得","0","2","2"
"应之分母得一","0","2","2"
"之分母得一度","0","2","2"
"逆行和顺行时","0","2","2"
"行和顺行时所","0","2","2"
"和顺行时所用","0","2","2"
"顺行时所用分","0","2","2"
"行时所用分母","0","2","2"
"时所用分母不","0","2","2"
"所用分母不同","0","2","2"
"以现行的对应","0","2","2"
"现行的对应分","0","2","2"
"行的对应分母","0","2","2"
"的对应分母乘","0","2","2"
"对应分母乘以","0","2","2"
"应分母乘以前","0","2","2"
"分母乘以前面","0","2","2"
"母乘以前面的","0","2","2"
"乘以前面的运","0","2","2"
"以前面的运行","0","2","2"
"前面的运行分","0","2","2"
"除以前面运行","0","2","2"
"以前面运行分","0","2","2"
"前面运行分对","0","2","2"
"面运行分对应","0","2","2"
"运行分对应的","0","2","2"
"行分对应的分","0","2","2"
"分对应的分母","0","2","2"
"所得为对应于","0","2","2"
"得为对应于现","0","2","2"
"为对应于现行","0","2","2"
"对应于现行分","0","2","2"
"应于现行分母","0","2","2"
"于现行分母的","0","2","2"
"现行分母的运","0","2","2"
"行分母的运行","0","2","2"
"分母的运行分","0","2","2"
"度沿用前面的","0","2","2"
"沿用前面的不","0","2","2"
"用前面的不变","0","2","2"
"伏时不写出每","0","2","2"
"时不写出每天","0","2","2"
"不写出每天运","0","2","2"
"写出每天运行","0","2","2"
"出每天运行的","0","2","2"
"每天运行的度","0","2","2"
"天运行的度数","0","2","2"
"以现行分母作","0","2","2"
"现行分母作为","0","2","2"
"行分母作为比","0","2","2"
"分母作为比率","0","2","2"
"运行分有增有","0","2","2"
"行分有增有减","0","2","2"
"前后相互照应","0","2","2"
"早晨舆太阳会","0","2","2"
"晨舆太阳会合","0","2","2"
"共运行二度三","0","2","2"
"运行二度三百","0","2","2"
"行二度三百二","0","2","2"
"万四千六百零","0","2","2"
"四千六百零七","0","2","2"
"千六百零七分","0","2","2"
"五十八分之十","0","2","2"
"十八分之十一","0","2","2"
"八分之十一度","0","2","2"
"八天共运行十","0","2","2"
"八天共运行九","0","2","2"
"天不动而转向","0","2","2"
"每天运行七分","0","2","2"
"天运行七分之","0","2","2"
"运行七分之一","0","2","2"
"行七分之一度","0","2","2"
"八十四天共退","0","2","2"
"十四天共退行","0","2","2"
"四天共退行十","0","2","2"
"天共退行十二","0","2","2"
"共退行十二度","0","2","2"
"天后转而顺行","0","2","2"
"七十一天一百","0","2","2"
"十一天一百四","0","2","2"
"一天一百四十","0","2","2"
"天一百四十八","0","2","2"
"一百四十八万","0","2","2"
"运行五十五度","0","2","2"
"行五十五度一","0","2","2"
"五十五度一百","0","2","2"
"十五度一百二","0","2","2"
"五度一百二十","0","2","2"
"千八百六十点","0","2","2"
"八百六十点五","0","2","2"
"百六十点五分","0","2","2"
"十三分之十二","0","2","2"
"三分之十二度","0","2","2"
"每天运行六十","0","2","2"
"天运行六十二","0","2","2"
"运行六十二分","0","2","2"
"行六十二分之","0","2","2"
"六十二分之十","0","2","2"
"十二分之十七","0","2","2"
"六十二天退行","0","2","2"
"十二天退行十","0","2","2"
"二天退行十七","0","2","2"
"天退行十七度","0","2","2"
"十一天后转为","0","2","2"
"一天后转为顺","0","2","2"
"天后转为顺行","0","2","2"
"十六天一百一","0","2","2"
"六天一百一十","0","2","2"
"天一百一十二","0","2","2"
"一百一十二万","0","2","2"
"四百二十六点","0","2","2"
"百二十六点五","0","2","2"
"二十六点五分","0","2","2"
"运行一度一百","0","2","2"
"行一度一百九","0","2","2"
"一度一百九十","0","2","2"
"八百六十四点","0","2","2"
"百六十四点五","0","2","2"
"六十四点五分","0","2","2"
"每天运行三十","0","2","2"
"天运行三十五","0","2","2"
"运行三十五分","0","2","2"
"行三十五分之","0","2","2"
"三十五分之三","0","2","2"
"十五分之三度","0","2","2"
"八十七点五天","0","2","2"
"十七点五天运","0","2","2"
"七点五天运行","0","2","2"
"点五天运行七","0","2","2"
"五天运行七点","0","2","2"
"天运行七点五","0","2","2"
"运行七点五度","0","2","2"
"每天运行十七","0","2","2"
"天运行十七分","0","2","2"
"运行十七分之","0","2","2"
"行十七分之一","0","2","2"
"十七分之一度","0","2","2"
"一百零二天退","0","2","2"
"百零二天退行","0","2","2"
"零二天退行六","0","2","2"
"二天退行六度","0","2","2"
"共三百七十八","0","2","2"
"三百七十八天","0","2","2"
"度一百七十三","0","2","2"
"五天退行四度","0","2","2"
"天运行四十六","0","2","2"
"运行四十六分","0","2","2"
"行四十六分之","0","2","2"
"四十六分之三","0","2","2"
"十六分之三十","0","2","2"
"六分之三十三","0","2","2"
"四十六天运行","0","2","2"
"十六天运行三","0","2","2"
"六天运行三十","0","2","2"
"九十一分之十","0","2","2"
"运行一百零六","0","2","2"
"行一百零六度","0","2","2"
"分之二十二度","0","2","2"
"行一百一十三","0","2","2"
"一百一十三度","0","2","2"
"四十一天五万","0","2","2"
"十一天五万六","0","2","2"
"百五十四分运","0","2","2"
"五十四分运行","0","2","2"
"十四分运行五","0","2","2"
"四分运行五十","0","2","2"
"分运行五十度","0","2","2"
"运行五十度五","0","2","2"
"行五十度五万","0","2","2"
"总计二百九十","0","2","2"
"计二百九十二","0","2","2"
"二百九十二天","0","2","2"
"天五万六千九","0","2","2"
"二百九十二度","0","2","2"
"转而晚上在西","0","2","2"
"而晚上在西方","0","2","2"
"天运行一度十","0","2","2"
"计二次会合一","0","2","2"
"二次会合一终","0","2","2"
"五百八十四天","0","2","2"
"五百八十四度","0","2","2"
"九天退行七度","0","2","2"
"天运行九分之","0","2","2"
"运行九分之八","0","2","2"
"行九分之八度","0","2","2"
"九天运行八度","0","2","2"
"天运行一又四","0","2","2"
"运行一又四分","0","2","2"
"行一又四分之","0","2","2"
"一又四分之一","0","2","2"
"二十天运行二","0","2","2"
"十天运行二十","0","2","2"
"天运行二十五","0","2","2"
"运行二十五度","0","2","2"
"十六天六百四","0","2","2"
"六天六百四十","0","2","2"
"百六十七分运","0","2","2"
"六十七分运行","0","2","2"
"十七分运行三","0","2","2"
"七分运行三十","0","2","2"
"分运行三十二","0","2","2"
"运行三十二度","0","2","2"
"行三十二度六","0","2","2"
"一百一十五天","0","2","2"
"行一百一十五","0","2","2"
"每个朝代都有","0","2","2"
"作为一年的开","0","2","2"
"于是更改正月","0","2","2"
"是更改正月所","0","2","2"
"更改正月所在","0","2","2"
"改变历法的基","0","2","2"
"变历法的基本","0","2","2"
"历法的基本数","0","2","2"
"法的基本数据","0","2","2"
"之月作为历法","0","2","2"
"二千零三十一","0","2","2"
"个数据的计算","0","2","2"
"数据的计算方","0","2","2"
"据的计算方法","0","2","2"
"的计算方法是","0","2","2"
"用一纪的积月","0","2","2"
"一纪的积月二","0","2","2"
"纪的积月二万","0","2","2"
"的积月二万二","0","2","2"
"积月二万二千","0","2","2"
"乘以通数十三","0","2","2"
"去会通七十九","0","2","2"
"月亮在黄道北","0","2","2"
"去通周十二万","0","2","2"
"通周十二万五","0","2","2"
"周十二万五千","0","2","2"
"一纪的迟疾差","0","2","2"
"纪的迟疾差率","0","2","2"
"所得商数算外","0","2","2"
"以通敷十三万","0","2","2"
"通敷十三万四","0","2","2"
"敷十三万四千","0","2","2"
"积日连续减去","0","2","2"
"日连续减去六","0","2","2"
"连续减去六十","0","2","2"
"六十的部分为","0","2","2"
"在上月基础上","0","2","2"
"上月基础上加","0","2","2"
"命名的方法舆","0","2","2"
"名的方法舆前","0","2","2"
"的方法舆前面","0","2","2"
"所得为次月朔","0","2","2"
"二则化入小余","0","2","2"
"望在中气或节","0","2","2"
"或节气前后四","0","2","2"
"节气前后四天","0","2","2"
"气前后四天以","0","2","2"
"前后四天以内","0","2","2"
"或节气前后五","0","2","2"
"节气前后五天","0","2","2"
"气前后五天以","0","2","2"
"前后五天以上","0","2","2"
"满六十部分从","0","2","2"
"六十部分从所","0","2","2"
"十部分从所在","0","2","2"
"没法九百六十","0","2","2"
"法九百六十七","0","2","2"
"命名的方法如","0","2","2"
"名的方法如前","0","2","2"
"八百四十三乘","0","2","2"
"百四十三乘以","0","2","2"
"满周天六十七","0","2","2"
"余下不满周天","0","2","2"
"下不满周天部","0","2","2"
"不满周天部分","0","2","2"
"满周天部分除","0","2","2"
"分除以纪法一","0","2","2"
"以月周二万四","0","2","2"
"月周二万四千","0","2","2"
"周二万四千六","0","2","2"
"可得天正十一","0","2","2"
"月朔夜半月亮","0","2","2"
"朔夜半月亮所","0","2","2"
"亮所在宿度及","0","2","2"
"月亮共合时的","0","2","2"
"亮共合时的宿","0","2","2"
"共合时的宿度","0","2","2"
"合时的宿度分","0","2","2"
"小分满通法四","0","2","2"
"分满通法四十","0","2","2"
"法四十七化入","0","2","2"
"四十七化入大","0","2","2"
"十七化入大分","0","2","2"
"大分满纪法一","0","2","2"
"度分的基础上","0","2","2"
"分的基础上加","0","2","2"
"的基础上加度","0","2","2"
"阳所在宿度分","0","2","2"
"以所入纪的朔","0","2","2"
"所入纪的朔积","0","2","2"
"入纪的朔积分","0","2","2"
"望时的去交度","0","2","2"
"纪首时月亮在","0","2","2"
"首时月亮在黄","0","2","2"
"合朔时月亮也","0","2","2"
"朔时月亮也在","0","2","2"
"分除以日法四","0","2","2"
"为分母来表达","0","2","2"
"交在先会在后","0","2","2"
"会在先交在后","0","2","2"
"五百五十九得","0","2","2"
"满曰法四千五","0","2","2"
"所得为定积分","0","2","2"
"积分则以平朔","0","2","2"
"分则以平朔小","0","2","2"
"则以平朔小余","0","2","2"
"则交会加时在","0","2","2"
"以周日日余二","0","2","2"
"在四千五百五","0","2","2"
"五百五十九的","0","2","2"
"百五十九的一","0","2","2"
"五十九的一半","0","2","2"
"十九的一半以","0","2","2"
"以周天六十七","0","2","2"
"一千零二十四","0","2","2"
"数为行星会合","0","2","2"
"行星会合时入","0","2","2"
"星会合时入月","0","2","2"
"则会合在上次","0","2","2"
"会合在上次会","0","2","2"
"合在上次会合","0","2","2"
"在上次会合的","0","2","2"
"上次会合的后","0","2","2"
"于二千四百一","0","2","2"
"十六天九十九","0","2","2"
"六天九十九万","0","2","2"
"天九十九万七","0","2","2"
"共运行二度一","0","2","2"
"运行二度一百","0","2","2"
"行二度一百七","0","2","2"
"度一百七十九","0","2","2"
"七天共运行十","0","2","2"
"七天共运行九","0","2","2"
"七十二天一百","0","2","2"
"十二天一百七","0","2","2"
"二天一百七十","0","2","2"
"天一百七十九","0","2","2"
"运行五十六度","0","2","2"
"行五十六度一","0","2","2"
"五十六度一百","0","2","2"
"十六度一百二","0","2","2"
"六度一百二十","0","2","2"
"每天运行十二","0","2","2"
"天运行十二分","0","2","2"
"十九天三百八","0","2","2"
"九天三百八十","0","2","2"
"天三百八十四","0","2","2"
"六百七十五点","0","2","2"
"百七十五点五","0","2","2"
"七十五点五分","0","2","2"
"运行二度六百","0","2","2"
"行二度六百四","0","2","2"
"一百二十一点","0","2","2"
"百二十一点五","0","2","2"
"二十一点五分","0","2","2"
"八十六天运行","0","2","2"
"十六天运行六","0","2","2"
"六天运行六点","0","2","2"
"天运行六点五","0","2","2"
"运行六点五度","0","2","2"
"三十二点五天","0","2","2"
"十二点五天不","0","2","2"
"二点五天不动","0","2","2"
"六天退行四度","0","2","2"
"天运行四十五","0","2","2"
"运行四十五分","0","2","2"
"行四十五分之","0","2","2"
"四十五分之三","0","2","2"
"十五分之三十","0","2","2"
"五分之三十三","0","2","2"
"四十五天运行","0","2","2"
"十五天运行三","0","2","2"
"五天运行三十","0","2","2"
"运行一百零五","0","2","2"
"行一百零五度","0","2","2"
"一分之二十一","0","2","2"
"分之二十一度","0","2","2"
"早晨隐伏于东","0","2","2"
"晨隐伏于东方","0","2","2"
"四十二天十九","0","2","2"
"九百九十分运","0","2","2"
"百九十分运行","0","2","2"
"九十分运行五","0","2","2"
"十分运行五十","0","2","2"
"分运行五十二","0","2","2"
"运行五十二度","0","2","2"
"行五十二度十","0","2","2"
"晚上与太阳会","0","2","2"
"上与太阳会合","0","2","2"
"十一天退行七","0","2","2"
"一天退行七度","0","2","2"
"每天运行八分","0","2","2"
"天运行八分之","0","2","2"
"运行八分之七","0","2","2"
"行八分之七度","0","2","2"
"八天运行七度","0","2","2"
"天运行一又十","0","2","2"
"运行一又十八","0","2","2"
"行一又十八分","0","2","2"
"一又十八分之","0","2","2"
"又十八分之四","0","2","2"
"十八分之四度","0","2","2"
"十八天运行二","0","2","2"
"八天运行二十","0","2","2"
"天运行二十二","0","2","2"
"运行二十二度","0","2","2"
"十八天二千零","0","2","2"
"八天二千零三","0","2","2"
"百六十一分运","0","2","2"
"六十一分运行","0","2","2"
"十一分运行三","0","2","2"
"一分运行三十","0","2","2"
"分运行三十六","0","2","2"
"运行三十六度","0","2","2"
"行三十六度二","0","2","2"
"十六度二千零","0","2","2"
"六度二千零三","0","2","2"
"一千八百九十","0","2","2"
"日食发生在朔","0","2","2"
"各自根据自己","0","2","2"
"据自己的历法","0","2","2"
"三百年修改历","0","2","2"
"百年修改历法","0","2","2"
"推算四百六十","0","2","2"
"算四百六十六","0","2","2"
"百六十六日和","0","2","2"
"六十六日和一","0","2","2"
"十六日和一次","0","2","2"
"六日和一次日","0","2","2"
"推算五百三十","0","2","2"
"推算四百八十","0","2","2"
"日和十九次日","0","2","2"
"和十九次日食","0","2","2"
"十九次日食符","0","2","2"
"九次日食符合","0","2","2"
"难道说的就是","0","2","2"
"就是用来表达","0","2","2"
"为一百六十五","0","2","2"
"一百六十五篇","0","2","2"
"就是很自然的","0","2","2"
"是很自然的了","0","2","2"
"帝来配享上天","0","2","2"
"明堂宗祀文帝","0","2","2"
"秦朝焚书坑儒","0","2","2"
"朝焚书坑儒之","0","2","2"
"焚书坑儒之后","0","2","2"
"郊祭祀的叫皇","0","2","2"
"用来配享上帝","0","2","2"
"同称为昊天上","0","2","2"
"称为昊天上帝","0","2","2"
"皇帝用以配享","0","2","2"
"后稷来配享上","0","2","2"
"稷来配享上天","0","2","2"
"没来得及建立","0","2","2"
"成帝咸和八年","0","2","2"
"没有明文规定","0","2","2"
"郊祀后稷来配","0","2","2"
"祀后稷来配享","0","2","2"
"明堂宗祀文王","0","2","2"
"堂宗祀文王来","0","2","2"
"宗祀文王来配","0","2","2"
"祀文王来配享","0","2","2"
"文王来配享上","0","2","2"
"去除五帝的神","0","2","2"
"除五帝的神位","0","2","2"
"了不同的意见","0","2","2"
"其他三个季节","0","2","2"
"成帝咸和五年","0","2","2"
"中没有这样的","0","2","2"
"选择吉日良辰","0","2","2"
"因此古代的圣","0","2","2"
"耕种藉田的制","0","2","2"
"种藉田的制度","0","2","2"
"方田地上祠祭","0","2","2"
"行耕种藉田的","0","2","2"
"耕种百亩藉田","0","2","2"
"绘的云母安车","0","2","2"
"公主以下的人","0","2","2"
"为百姓立社庙","0","2","2"
"社作为人间的","0","2","2"
"作为人间的社","0","2","2"
"祀是国家的大","0","2","2"
"坛四周的矮土","0","2","2"
"四周的矮土墙","0","2","2"
"于是就设立冢","0","2","2"
"是就设立冢土","0","2","2"
"有一定的时候","0","2","2"
"制定礼乐制度","0","2","2"
"绛色裤子和袜","0","2","2"
"色裤子和袜子","0","2","2"
"陈辞来责备它","0","2","2"
"的原因有四种","0","2","2"
"圣人传下的制","0","2","2"
"人传下的制度","0","2","2"
"事先取消朝会","0","2","2"
"灾异自行消失","0","2","2"
"异自行消失而","0","2","2"
"自行消失而不","0","2","2"
"行消失而不发","0","2","2"
"消失而不发生","0","2","2"
"而不取消朝会","0","2","2"
"可以称得上是","0","2","2"
"关闭各种属性","0","2","2"
"闭各种属性为","0","2","2"
"太和四年八月","0","2","2"
"穆帝升平年间","0","2","2"
"有的典章制度","0","2","2"
"亲情已经尽到","0","2","2"
"情已经尽到了","0","2","2"
"已经尽到了就","0","2","2"
"拊祭在宗庙裹","0","2","2"
"承上面的武帝","0","2","2"
"不亲自奉酒行","0","2","2"
"亲自奉酒行礼","0","2","2"
"设在其他的室","0","2","2"
"在其他的室中","0","2","2"
"保存在石室中","0","2","2"
"京兆的神位被","0","2","2"
"兆的神位被迁","0","2","2"
"上没有不同的","0","2","2"
"的目的是使人","0","2","2"
"太妃郑氏为简","0","2","2"
"妃郑氏为简文","0","2","2"
"月初一朝会的","0","2","2"
"初一朝会的礼","0","2","2"
"一朝会的礼仪","0","2","2"
"间时刻不到七","0","2","2"
"掌礼郎唱赞皇","0","2","2"
"礼郎唱赞皇帝","0","2","2"
"郎唱赞皇帝请","0","2","2"
"谒者引导他们","0","2","2"
"夜间计时器不","0","2","2"
"间计时器不到","0","2","2"
"白天计时器到","0","2","2"
"刺史二千石的","0","2","2"
"每件事都办得","0","2","2"
"现在派使持节","0","2","2"
"应该制定新礼","0","2","2"
"有文字记载以","0","2","2"
"文字记载以来","0","2","2"
"自从开天辟地","0","2","2"
"天下没有统一","0","2","2"
"是自古以来的","0","2","2"
"天下建立大功","0","2","2"
"山向上天报告","0","2","2"
"尚书仆射江膨","0","2","2"
"难道不是因为","0","2","2"
"不能做悼辞歌","0","2","2"
"能做悼辞歌颂","0","2","2"
"儿子为母亲授","0","2","2"
"用特殊的礼仪","0","2","2"
"太常江迪议论","0","2","2"
"常江迪议论说","0","2","2"
"的规矩办有损","0","2","2"
"规矩办有损于","0","2","2"
"像对国君一样","0","2","2"
"朝廷上的议论","0","2","2"
"两位王的后人","0","2","2"
"的情况不一样","0","2","2"
"是对事情恭敬","0","2","2"
"宴会上有音乐","0","2","2"
"礼没有不回敬","0","2","2"
"没有不回敬的","0","2","2"
"在宗庙的仪式","0","2","2"
"皮毛马匹作为","0","2","2"
"毛马匹作为陈","0","2","2"
"马匹作为陈列","0","2","2"
"天子加上谷珪","0","2","2"
"诸侯加上大璋","0","2","2"
"公主出嫁的礼","0","2","2"
"后的牌位进入","0","2","2"
"的牌位进入宗","0","2","2"
"牌位进入宗庙","0","2","2"
"没有哪个帝王","0","2","2"
"来供奉天地宗","0","2","2"
"供奉天地宗庙","0","2","2"
"派使持节太常","0","2","2"
"持节太常彪之","0","2","2"
"散骑侍郎何准","0","2","2"
"骑侍郎何准的","0","2","2"
"侍郎何准的遣","0","2","2"
"郎何准的遣女","0","2","2"
"恭敬肃穆地遵","0","2","2"
"敬肃穆地遵守","0","2","2"
"肃穆地遵守典","0","2","2"
"穆地遵守典章","0","2","2"
"地遵守典章制","0","2","2"
"遵守典章制度","0","2","2"
"今天派使持节","0","2","2"
"皇帝美好的命","0","2","2"
"帝美好的命令","0","2","2"
"新宣读宫内诏","0","2","2"
"宣读宫内诏书","0","2","2"
"酒米各十二斛","0","2","2"
"太子是国家的","0","2","2"
"子是国家的储","0","2","2"
"是国家的储君","0","2","2"
"派使持节兼太","0","2","2"
"行乡饮酒的礼","0","2","2"
"乡饮酒的礼仪","0","2","2"
"祭拜先圣先师","0","2","2"
"有关官吏议论","0","2","2"
"中选取六十人","0","2","2"
"在天泉池聚会","0","2","2"
"不知为什么就","0","2","2"
"知为什么就会","0","2","2"
"不是道弘扬人","0","2","2"
"没有遗留下来","0","2","2"
"说的是遣时万","0","2","2"
"的是遣时万物","0","2","2"
"是说这时万物","0","2","2"
"是这时万物都","0","2","2"
"二月的管名字","0","2","2"
"月的管名字叫","0","2","2"
"担任军谋祭酒","0","2","2"
"武帝承受天命","0","2","2"
"总是按时来到","0","2","2"
"敬地事奉上皇","0","2","2"
"大家共同欢乐","0","2","2"
"各种乐器的声","0","2","2"
"种乐器的声音","0","2","2"
"神灵都很快乐","0","2","2"
"灵都很快乐啊","0","2","2"
"都很快乐啊!","0","2","2"
"很快乐啊!恭","0","2","2"
"快乐啊!恭恭","0","2","2"
"乐啊!恭恭敬","0","2","2"
"啊!恭恭敬敬","0","2","2"
"!恭恭敬敬的","0","2","2"
"用左延年所改","0","2","2"
"左延年所改编","0","2","2"
"延年所改编的","0","2","2"
"皇帝设立明堂","0","2","2"
"帝设立明堂四","0","2","2"
"设立明堂四门","0","2","2"
"恭谨宣扬五典","0","2","2"
"在荒远的地方","0","2","2"
"为司徒左长史","0","2","2"
"说的就是这个","0","2","2"
"有一定的标准","0","2","2"
"的人服饰就更","0","2","2"
"人服饰就更加","0","2","2"
"代帝王的座车","0","2","2"
"就是人们所说","0","2","2"
"是人们所说的","0","2","2"
"皇帝乘坐的车","0","2","2"
"帝听从了他的","0","2","2"
"世祖武皇帝承","0","2","2"
"祖武皇帝承接","0","2","2"
"都是朱斑漆的","0","2","2"
"是朱斑漆的车","0","2","2"
"着搭乘的叫做","0","2","2"
"和车的颜色一","0","2","2"
"车的颜色一样","0","2","2"
"白色黑色在右","0","2","2"
"在牛背上竖起","0","2","2"
"牛背上竖起旗","0","2","2"
"背上竖起旗帜","0","2","2"
"出行时就派人","0","2","2"
"行时就派人用","0","2","2"
"时就派人用车","0","2","2"
"是取它能够负","0","2","2"
"取它能够负重","0","2","2"
"它能够负重走","0","2","2"
"能够负重走远","0","2","2"
"够负重走远道","0","2","2"
"负重走远道而","0","2","2"
"重走远道而且","0","2","2"
"走远道而且安","0","2","2"
"远道而且安稳","0","2","2"
"其次是河南主","0","2","2"
"其次是司隶主","0","2","2"
"功曹史位于右","0","2","2"
"曹史位于右侧","0","2","2"
"先导和随从与","0","2","2"
"导和随从与廷","0","2","2"
"和随从与廷尉","0","2","2"
"随从与廷尉的","0","2","2"
"从与廷尉的一","0","2","2"
"与廷尉的一样","0","2","2"
"执戟檐的在外","0","2","2"
"戟檐的在外侧","0","2","2"
"都是左右各有","0","2","2"
"是左右各有两","0","2","2"
"每队各有五十","0","2","2"
"队各有五十匹","0","2","2"
"左右各有四行","0","2","2"
"夹在左右两侧","0","2","2"
"管理前后队伍","0","2","2"
"理前后队伍而","0","2","2"
"前后队伍而没","0","2","2"
"后队伍而没有","0","2","2"
"队伍而没有固","0","2","2"
"伍而没有固定","0","2","2"
"其次是金根车","0","2","2"
"军将军骑马在","0","2","2"
"监骑马在右侧","0","2","2"
"左右各有腓马","0","2","2"
"鹿的形象装饰","0","2","2"
"形象装饰车轼","0","2","2"
"中有功勋德行","0","2","2"
"有功勋德行的","0","2","2"
"功勋德行的才","0","2","2"
"勋德行的才被","0","2","2"
"德行的才被特","0","2","2"
"行的才被特别","0","2","2"
"的才被特别授","0","2","2"
"才被特别授予","0","2","2"
"四匹马驾车的","0","2","2"
"出行乘坐安车","0","2","2"
"上画着云纹及","0","2","2"
"画着云纹及鹿","0","2","2"
"着云纹及鹿头","0","2","2"
"云纹及鹿头龙","0","2","2"
"纹及鹿头龙纹","0","2","2"
"用紫绛厨耕车","0","2","2"
"油彩涂绘的安","0","2","2"
"彩涂绘的安车","0","2","2"
"乘皂交路安车","0","2","2"
"二千石的夫人","0","2","2"
"各自乘坐丈夫","0","2","2"
"自乘坐丈夫的","0","2","2"
"天子亲自出征","0","2","2"
"车乘冠服制度","0","2","2"
"乘冠服制度采","0","2","2"
"冠服制度采纳","0","2","2"
"色装饰领子和","0","2","2"
"装饰领子和袖","0","2","2"
"饰领子和袖子","0","2","2"
"领子和袖子的","0","2","2"
"子和袖子的边","0","2","2"
"和袖子的边缘","0","2","2"
"色边缘的中衣","0","2","2"
"是秦代的制度","0","2","2"
"和绶带的颜色","0","2","2"
"太子和王的继","0","2","2"
"子和王的继承","0","2","2"
"和王的继承人","0","2","2"
"国国君的冠赐","0","2","2"
"国君的冠赐给","0","2","2"
"远方的人来归","0","2","2"
"用有漆的绳纱","0","2","2"
"造就是所谓夏","0","2","2"
"是古代的制度","0","2","2"
"用的金玺有龟","0","2","2"
"的金玺有龟形","0","2","2"
"金玺有龟形钮","0","2","2"
"三梁的进贤冠","0","2","2"
"色边缘的中单","0","2","2"
"戴介帧穿单衣","0","2","2"
"佩的是山玄玉","0","2","2"
"用七朵金花遮","0","2","2"
"七朵金花遮蔽","0","2","2"
"朵金花遮蔽发","0","2","2"
"金花遮蔽发髻","0","2","2"
"色绢制的上下","0","2","2"
"绢制的上下裳","0","2","2"
"认真地告知人","0","2","2"
"真地告知人们","0","2","2"
"地告知人们时","0","2","2"
"告知人们时令","0","2","2"
"知人们时令的","0","2","2"
"人们时令的变","0","2","2"
"们时令的变迁","0","2","2"
"顺应天时地利","0","2","2"
"武帝宽厚仁慈","0","2","2"
"见识的人指责","0","2","2"
"识的人指责说","0","2","2"
"到许都附近屯","0","2","2"
"许都附近屯田","0","2","2"
"天下还没有统","0","2","2"
"下还没有统一","0","2","2"
"人吃人的现象","0","2","2"
"吃人的现象多","0","2","2"
"人的现象多有","0","2","2"
"的现象多有发","0","2","2"
"现象多有发生","0","2","2"
"仓库裹满满的","0","2","2"
"边种地一边防","0","2","2"
"种地一边防守","0","2","2"
"心从事农业生","0","2","2"
"平定吴国以后","0","2","2"
"岁以上到六十","0","2","2"
"打开仓廪赈济","0","2","2"
"派遣黄门侍郎","0","2","2"
"是很难的吗!","0","2","2"
"孝武帝太元二","0","2","2"
"武帝太元二年","0","2","2"
"用布帛作为租","0","2","2"
"谷子被使用已","0","2","2"
"子被使用已经","0","2","2"
"被使用已经很","0","2","2"
"使用已经很久","0","2","2"
"不衹是使国家","0","2","2"
"衹是使国家丰","0","2","2"
"是使国家丰足","0","2","2"
"认为应该恢复","0","2","2"
"有不同的意见","0","2","2"
"是甲兵的象征","0","2","2"
"武帝左五十四","0","2","2"
"帝左五十四年","0","2","2"
"诸葛恪征讨淮","0","2","2"
"葛恪征讨淮南","0","2","2"
"旗旗杆就折断","0","2","2"
"魏明帝问高堂","0","2","2"
"明帝问高堂隆","0","2","2"
"有迁都的想法","0","2","2"
"私下裹为陛下","0","2","2"
"下裹为陛下担","0","2","2"
"裹为陛下担忧","0","2","2"
"为陛下担忧此","0","2","2"
"陛下担忧此事","0","2","2"
"军需仓库失火","0","2","2"
"没有在位上善","0","2","2"
"有在位上善终","0","2","2"
"阳气失去节制","0","2","2"
"王敦镇守武昌","0","2","2"
"人们心怀忧虑","0","2","2"
"们心怀忧虑恐","0","2","2"
"心怀忧虑恐惧","0","2","2"
"的有一万多人","0","2","2"
"没有水旱灾害","0","2","2"
"这是金失去其","0","2","2"
"是金失去其性","0","2","2"
"安帝义熙初年","0","2","2"
"就是水不顺下","0","2","2"
"宗庙荒废祭祀","0","2","2"
"庙荒废祭祀的","0","2","2"
"荒废祭祀的惩","0","2","2"
"废祭祀的惩罚","0","2","2"
"降雨连绵不断","0","2","2"
"水泉喷涌涨溢","0","2","2"
"大雨连绵不断","0","2","2"
"淹死二百多人","0","2","2"
"扬二州发大水","0","2","2"
"是阴气盛的应","0","2","2"
"阴气盛的应兆","0","2","2"
"帝时有这样的","0","2","2"
"齐王司马同专","0","2","2"
"这时继位的君","0","2","2"
"不能亲自处理","0","2","2"
"的大水冲入石","0","2","2"
"这是阴胜阳的","0","2","2"
"这是百姓忧愁","0","2","2"
"是百姓忧愁怨","0","2","2"
"姓忧愁怨愤的","0","2","2"
"这是忧愁怨愤","0","2","2"
"是忧愁怨愤的","0","2","2"
"皇帝的军队北","0","2","2"
"其惩罚是连续","0","2","2"
"有下肢长在上","0","2","2"
"损伤就会导致","0","2","2"
"多次进入束宫","0","2","2"
"是形貌不恭的","0","2","2"
"是持续降雨的","0","2","2"
"持续降雨的惩","0","2","2"
"续降雨的惩罚","0","2","2"
"是持续寒冷的","0","2","2"
"持续寒冷的惩","0","2","2"
"续寒冷的惩罚","0","2","2"
"伤害了秋庄稼","0","2","2"
"成帝咸和四年","0","2","2"
"终于失去了天","0","2","2"
"于失去了天下","0","2","2"
"穿妇人的衣服","0","2","2"
"王敦侵凌君王","0","2","2"
"桓玄篡位自立","0","2","2"
"不呜叫不争斗","0","2","2"
"买后陷害杀死","0","2","2"
"有母鸡变为公","0","2","2"
"持续大风的惩","0","2","2"
"续大风的惩罚","0","2","2"
"无故自行毁坏","0","2","2"
"其惩罚是久晴","0","2","2"
"惩罚是久晴不","0","2","2"
"罚是久晴不雨","0","2","2"
"有甲虫的妖孽","0","2","2"
"所以其罪责是","0","2","2"
"蜀国果然灭亡","0","2","2"
"如今可以说是","0","2","2"
"有关官员奏请","0","2","2"
"从去年冬季十","0","2","2"
"月到这个月没","0","2","2"
"到这个月没有","0","2","2"
"有德的人不受","0","2","2"
"上下都受蒙蔽","0","2","2"
"十三个郡国大","0","2","2"
"三个郡国大旱","0","2","2"
"自从太康以后","0","2","2"
"是对僭越的惩","0","2","2"
"对僭越的惩罚","0","2","2"
"是舒缓的应兆","0","2","2"
"继位的君主年","0","2","2"
"就像童谣所说","0","2","2"
"愍帝投降刘曜","0","2","2"
"像歌谣所说的","0","2","2"
"阿子你听到否","0","2","2"
"等到海西公被","0","2","2"
"到海西公被废","0","2","2"
"海西公被废黜","0","2","2"
"起兵杀王国宝","0","2","2"
"芦生不止自成","0","2","2"
"生不止自成积","0","2","2"
"就会受到损害","0","2","2"
"听到地底下有","0","2","2"
"像人一样站立","0","2","2"
"齐王司马同发","0","2","2"
"臣子安于俸禄","0","2","2"
"宫室没有建成","0","2","2"
"又是黑色征祥","0","2","2"
"是五行的金行","0","2","2"
"有黑色灾异黑","0","2","2"
"黑色灾异黑色","0","2","2"
"色灾异黑色征","0","2","2"
"灾异黑色征祥","0","2","2"
"以其惩罚是持","0","2","2"
"平地有三尺深","0","2","2"
"孙权听信谗言","0","2","2"
"都有大风冰雹","0","2","2"
"政权由将相掌","0","2","2"
"权由将相掌握","0","2","2"
"年十二月初一","0","2","2"
"所以上天雷击","0","2","2"
"这是对听而不","0","2","2"
"是对听而不闻","0","2","2"
"对听而不闻的","0","2","2"
"听而不闻的惩","0","2","2"
"而不闻的惩罚","0","2","2"
"十五年三月初","0","2","2"
"五年三月初一","0","2","2"
"年三月初一己","0","2","2"
"三月初一己酉","0","2","2"
"有像打雷一样","0","2","2"
"像打雷一样的","0","2","2"
"所以有这样的","0","2","2"
"以有这样的妖","0","2","2"
"有这样的妖孽","0","2","2"
"当时有见识的","0","2","2"
"时有见识的人","0","2","2"
"红得像血一样","0","2","2"
"其灾祸是天气","0","2","2"
"灾祸是天气昏","0","2","2"
"祸是天气昏暗","0","2","2"
"惩罚是持续有","0","2","2"
"罚是持续有风","0","2","2"
"有心腹的怪病","0","2","2"
"有黄色灾异黄","0","2","2"
"黄色灾异黄色","0","2","2"
"色灾异黄色征","0","2","2"
"灾异黄色征祥","0","2","2"
"时或有金木水","0","2","2"
"或有金木水火","0","2","2"
"有金木水火克","0","2","2"
"掀翻房屋折毁","0","2","2"
"翻房屋折毁树","0","2","2"
"房屋折毁树木","0","2","2"
"年正月初一壬","0","2","2"
"正月初一壬辰","0","2","2"
"翻房屋折断树","0","2","2"
"诸侯不来朝觐","0","2","2"
"折断树木吹飞","0","2","2"
"吹倒房屋折断","0","2","2"
"倒房屋折断树","0","2","2"
"高贵乡公正五","0","2","2"
"帝流亡在平阳","0","2","2"
"不贬退无德的","0","2","2"
"贬退无德的人","0","2","2"
"青虫吃掉禾苗","0","2","2"
"两个头八只脚","0","2","2"
"江东接连地震","0","2","2"
"专擅朝政的应","0","2","2"
"擅朝政的应验","0","2","2"
"秩序出现了差","0","2","2"
"序出现了差错","0","2","2"
"当时齐王司马","0","2","2"
"柱子陷入地下","0","2","2"
"叫做不能建立","0","2","2"
"做不能建立事","0","2","2"
"一会儿就死了","0","2","2"
"帝为琅邪王时","0","2","2"
"龙出现在软县","0","2","2"
"出现在软县的","0","2","2"
"现在软县的水","0","2","2"
"在软县的水井","0","2","2"
"软县的水井中","0","2","2"
"县境内的井中","0","2","2"
"的水井中出现","0","2","2"
"有什么关系!","0","2","2"
"明帝太宁初年","0","2","2"
"照刘向的说法","0","2","2"
"皇帝也沦入敌","0","2","2"
"帝也沦入敌手","0","2","2"
"挖开坟墓打开","0","2","2"
"开坟墓打开棺","0","2","2"
"坟墓打开棺材","0","2","2"
"有男女两种生","0","2","2"
"男女两种生殖","0","2","2"
"女两种生殖器","0","2","2"
"不是人所遇到","0","2","2"
"是人所遇到过","0","2","2"
"人所遇到过的","0","2","2"
"生了两个女儿","0","2","2"
"于是命令有关","0","2","2"
"是命令有关官","0","2","2"
"用流放的办法","0","2","2"
"流放的办法宽","0","2","2"
"放的办法宽恕","0","2","2"
"的办法宽恕犯","0","2","2"
"办法宽恕犯了","0","2","2"
"法宽恕犯了五","0","2","2"
"宽恕犯了五刑","0","2","2"
"恕犯了五刑的","0","2","2"
"犯了五刑的人","0","2","2"
"为非作歹的人","0","2","2"
"斩首刑罚的法","0","2","2"
"我最大的愿望","0","2","2"
"未必不是因为","0","2","2"
"必不是因为这","0","2","2"
"不是因为这个","0","2","2"
"不检举揭发的","0","2","2"
"诬告别人谋反","0","2","2"
"他儿子母丘甸","0","2","2"
"儿子母丘甸的","0","2","2"
"子母丘甸的妻","0","2","2"
"母丘甸的妻子","0","2","2"
"氏所生的女儿","0","2","2"
"是颖川太守刘","0","2","2"
"颖川太守刘子","0","2","2"
"太守刘子元的","0","2","2"
"守刘子元的妻","0","2","2"
"刘子元的妻子","0","2","2"
"来赎母丘芝的","0","2","2"
"已经出嫁的女","0","2","2"
"经出嫁的女儿","0","2","2"
"叔孙通因为制","0","2","2"
"孙通因为制定","0","2","2"
"威势得到财物","0","2","2"
"臣下私下认为","0","2","2"
"而且作恶的人","0","2","2"
"因此刑法不能","0","2","2"
"古人有这样的","0","2","2"
"人有这样的话","0","2","2"
"大臣疏通阻滞","0","2","2"
"像金石一样坚","0","2","2"
"通过议事做出","0","2","2"
"过议事做出裁","0","2","2"
"议事做出裁夺","0","2","2"
"由来已经很远","0","2","2"
"来已经很远了","0","2","2"
"问儿子在什么","0","2","2"
"儿子在什么地","0","2","2"
"子在什么地方","0","2","2"
"帝登上皇位后","0","2","2"
"应该恢复古代","0","2","2"
"遵循古代的典","0","2","2"
"犯了死罪的人","0","2","2"
"刑来代替死刑","0","2","2"
"德言容功四种","0","2","2"
"皇后年少时即","0","2","2"
"平原王司马干","0","2","2"
"齐献王司马攸","0","2","2"
"城阳哀王司马","0","2","2"
"阳哀王司马兆","0","2","2"
"被尊为皇太后","0","2","2"
"是皇后的亲属","0","2","2"
"于是主管部门","0","2","2"
"皇后的父亲杨","0","2","2"
"后的父亲杨骏","0","2","2"
"束安王司马繇","0","2","2"
"一起享受祭祀","0","2","2"
"朝廷内外安宁","0","2","2"
"是武将的后代","0","2","2"
"公的女儿有五","0","2","2"
"的女儿有五点","0","2","2"
"皇后的母亲广","0","2","2"
"后的母亲广城","0","2","2"
"的母亲广城君","0","2","2"
"上表弹劾司马","0","2","2"
"占卜结果说不","0","2","2"
"又废黜了羊后","0","2","2"
"永嘉六年去世","0","2","2"
"时年三十五岁","0","2","2"
"使持节兼太尉","0","2","2"
"记载在典籍中","0","2","2"
"做天下母亲的","0","2","2"
"天下母亲的典","0","2","2"
"下母亲的典范","0","2","2"
"追赠皇后父亲","0","2","2"
"时年二十一岁","0","2","2"
"尊皇后为皇太","0","2","2"
"皇后为皇太后","0","2","2"
"生下来就聪慧","0","2","2"
"太后下诏书说","0","2","2"
"面向南亲理政","0","2","2"
"向南亲理政务","0","2","2"
"现在我归还政","0","2","2"
"在我归还政事","0","2","2"
"按照旧有的典","0","2","2"
"时年六十六岁","0","2","2"
"子道子为琅邪","0","2","2"
"为简文宣太后","0","2","2"
"迎合皇上旨意","0","2","2"
"依照旧有的典","0","2","2"
"我们认为应该","0","2","2"
"被封为关内侯","0","2","2"
"文帝为晋王时","0","2","2"
"赐他几案手杖","0","2","2"
"人马通行的木","0","2","2"
"咸宁四年去世","0","2","2"
"他任从事中郎","0","2","2"
"不久转任司徒","0","2","2"
"位在三司之上","0","2","2"
"可以说是朝中","0","2","2"
"以说是朝中的","0","2","2"
"今听从他的意","0","2","2"
"听从他的意愿","0","2","2"
"赐贵族用棺材","0","2","2"
"武帝继承王位","0","2","2"
"像这样的情况","0","2","2"
"我在颖昌侯身","0","2","2"
"在颖昌侯身上","0","2","2"
"颖昌侯身上看","0","2","2"
"昌侯身上看到","0","2","2"
"侯身上看到了","0","2","2"
"身上看到了这","0","2","2"
"装饰牛的蹄角","0","2","2"
"任命何劭为太","0","2","2"
"何劭为太子太","0","2","2"
"劭为太子太师","0","2","2"
"周旋在他们中","0","2","2"
"旋在他们中间","0","2","2"
"当时的评论认","0","2","2"
"时的评论认为","0","2","2"
"任散骑黄门郎","0","2","2"
"皇帝下韶书说","0","2","2"
"讨伐吴国有功","0","2","2"
"封为安阳乡侯","0","2","2"
"逐渐升迁任散","0","2","2"
"渐升迁任散骑","0","2","2"
"杨骏辅佐朝政","0","2","2"
"被征为大司农","0","2","2"
"号称二十四友","0","2","2"
"文帝任大将军","0","2","2"
"关中侯的爵位","0","2","2"
"侯爵身份回家","0","2","2"
"并吴国的志向","0","2","2"
"无为而治的教","0","2","2"
"为而治的教化","0","2","2"
"不违背他的意","0","2","2"
"先帝那裹受封","0","2","2"
"可以不战而胜","0","2","2"
"推举杜预代替","0","2","2"
"举杜预代替自","0","2","2"
"杜预代替自己","0","2","2"
"不也很好吗!","0","2","2"
"没有不落泪的","0","2","2"
"最终如同杜预","0","2","2"
"终如同杜预的","0","2","2"
"因为有功增加","0","2","2"
"占据要害之地","0","2","2"
"也是不可能的","0","2","2"
"有人间他原因","0","2","2"
"上表言辞恳切","0","2","2"
"公的身份回家","0","2","2"
"官拜散骑侍郎","0","2","2"
"出任河内太守","0","2","2"
"官至散骑常侍","0","2","2"
"阳亭侯的爵位","0","2","2"
"升任散骑常侍","0","2","2"
"舞阳侯司马攸","0","2","2"
"武帝登上王位","0","2","2"
"了上表的草稿","0","2","2"
"平定吴国的事","0","2","2"
"等到杨骏被杀","0","2","2"
"的人称赞他们","0","2","2"
"在崇有之时否","0","2","2"
"崇有之时否定","0","2","2"
"有之时否定有","0","2","2"
"在贵无之时否","0","2","2"
"贵无之时否定","0","2","2"
"无之时否定无","0","2","2"
"海王司马越说","0","2","2"
"因而免于一死","0","2","2"
"有同样的名声","0","2","2"
"见到他的人都","0","2","2"
"司马璋被诛杀","0","2","2"
"马璋被诛杀以","0","2","2"
"璋被诛杀以后","0","2","2"
"加任光禄大夫","0","2","2"
"防风那样的杀","0","2","2"
"风那样的杀戮","0","2","2"
"海王司马越请","0","2","2"
"王司马越请他","0","2","2"
"司马越请他任","0","2","2"
"迁升为散骑常","0","2","2"
"得到了伯英书","0","2","2"
"到了伯英书法","0","2","2"
"了伯英书法的","0","2","2"
"尚书令的职位","0","2","2"
"书令的职位依","0","2","2"
"令的职位依旧","0","2","2"
"和太尉汝南王","0","2","2"
"乡里的选择举","0","2","2"
"里的选择举荐","0","2","2"
"以公的身份回","0","2","2"
"说卫瓘与司马","0","2","2"
"时年七十二岁","0","2","2"
"因此从远处看","0","2","2"
"有的字与古字","0","2","2"
"追赠长水校尉","0","2","2"
"于是把女儿嫁","0","2","2"
"是把女儿嫁给","0","2","2"
"事情记载在本","0","2","2"
"情记载在本书","0","2","2"
"的人把他比作","0","2","2"
"封一个儿子为","0","2","2"
"一个儿子为亭","0","2","2"
"皇帝依从了他","0","2","2"
"于是尽心匡正","0","2","2"
"是尽心匡正辅","0","2","2"
"尽心匡正辅佐","0","2","2"
"代替下邳王司","0","2","2"
"替下邳王司马","0","2","2"
"恨张华如同仇","0","2","2"
"张华如同仇人","0","2","2"
"中没有多余财","0","2","2"
"最终将合在一","0","2","2"
"终将合在一起","0","2","2"
"可以辅佐朝政","0","2","2"
"帝有九个儿子","0","2","2"
"汝南文成王司","0","2","2"
"南文成王司马","0","2","2"
"文成王司马亮","0","2","2"
"琅邪武王司马","0","2","2"
"清惠亭侯司马","0","2","2"
"惠亭侯司马京","0","2","2"
"扶风武王司马","0","2","2"
"风武王司马骏","0","2","2"
"官拜光禄大夫","0","2","2"
"没有帷盖的车","0","2","2"
"赵王司马伦辅","0","2","2"
"王司马伦辅佐","0","2","2"
"司马伦辅佐朝","0","2","2"
"马伦辅佐朝政","0","2","2"
"来扩充他的封","0","2","2"
"扩充他的封国","0","2","2"
"平定吴的功劳","0","2","2"
"太康四年去世","0","2","2"
"太熙元年去世","0","2","2"
"在汝南王司马","0","2","2"
"南王司马亮那","0","2","2"
"王司马亮那裹","0","2","2"
"说司马繇的坏","0","2","2"
"司马繇的坏话","0","2","2"
"赵王司马伦作","0","2","2"
"齐王司马同辅","0","2","2"
"王司马同辅佐","0","2","2"
"司马同辅佐朝","0","2","2"
"马同辅佐朝政","0","2","2"
"官拜散骑常侍","0","2","2"
"帝立皇子司马","0","2","2"
"任散骑黄门侍","0","2","2"
"兼任右卫将军","0","2","2"
"帝讨伐成都王","0","2","2"
"为母亲办丧事","0","2","2"
"以公子身份被","0","2","2"
"常侍的职位依","0","2","2"
"侍的职位依旧","0","2","2"
"府署征召辅吏","0","2","2"
"到齐王司马攸","0","2","2"
"齐王司马攸出","0","2","2"
"去自己的封国","0","2","2"
"服丧超过礼制","0","2","2"
"司马同发动义","0","2","2"
"马同发动义兵","0","2","2"
"督邺城防守事","0","2","2"
"代理太子太保","0","2","2"
"诏书任命司马","0","2","2"
"书任命司马肜","0","2","2"
"任命司马肜为","0","2","2"
"命司马肜为太","0","2","2"
"司马伦篡位叛","0","2","2"
"马伦篡位叛逆","0","2","2"
"不能抽身离开","0","2","2"
"能抽身离开朝","0","2","2"
"抽身离开朝廷","0","2","2"
"拄着木杖才能","0","2","2"
"着木杖才能站","0","2","2"
"司马攸奏议说","0","2","2"
"的情况有多次","0","2","2"
"登上显赫的官","0","2","2"
"上显赫的官位","0","2","2"
"来满足大家的","0","2","2"
"满足大家的期","0","2","2"
"足大家的期望","0","2","2"
"伤!皇帝不再","0","2","2"
"增加封邑补足","0","2","2"
"加封邑补足两","0","2","2"
"封邑补足两万","0","2","2"
"邑补足两万户","0","2","2"
"第五个儿子司","0","2","2"
"五个儿子司马","0","2","2"
"咸宁初年追加","0","2","2"
"宁初年追加封","0","2","2"
"初年追加封谧","0","2","2"
"齐王司马攸让","0","2","2"
"大将军曹爽征","0","2","2"
"五等爵位刚建","0","2","2"
"等爵位刚建立","0","2","2"
"转任骠骑将军","0","2","2"
"治理一方的重","0","2","2"
"理一方的重任","0","2","2"
"司马颖上表请","0","2","2"
"马颖上表请求","0","2","2"
"帝辅佐朝政时","0","2","2"
"因为母亲的丧","0","2","2"
"为母亲的丧事","0","2","2"
"进升爵位为公","0","2","2"
"不顾及自己的","0","2","2"
"说贾充的女儿","0","2","2"
"为大将军曹爽","0","2","2"
"大将军曹爽的","0","2","2"
"将军曹爽的属","0","2","2"
"军曹爽的属官","0","2","2"
"任中书通事郎","0","2","2"
"转任从事中郎","0","2","2"
"惑人们的视听","0","2","2"
"掌管法令条文","0","2","2"
"当时的议论认","0","2","2"
"时的议论认为","0","2","2"
"不达目的不罢","0","2","2"
"达目的不罢休","0","2","2"
"跟从皇帝讨伐","0","2","2"
"讨伐齐王司马","0","2","2"
"伐齐王司马冈","0","2","2"
"时年六十九岁","0","2","2"
"论此事的人称","0","2","2"
"到成都王司马","0","2","2"
"都王司马颖那","0","2","2"
"王司马颖那裹","0","2","2"
"兼任司隶校尉","0","2","2"
"升任左卫将军","0","2","2"
"他为散骑常侍","0","2","2"
"于是登上显赫","0","2","2"
"等到常道乡公","0","2","2"
"车骑将军的职","0","2","2"
"骑将军的职位","0","2","2"
"因母亲丧事离","0","2","2"
"母亲丧事离职","0","2","2"
"为骠骑大将军","0","2","2"
"没有特殊才能","0","2","2"
"历任镇军将军","0","2","2"
"害汝南王司马","0","2","2"
"被封为临晋侯","0","2","2"
"让汝南王司马","0","2","2"
"杨骏的弟弟杨","0","2","2"
"有出众的才能","0","2","2"
"可以不和他一","0","2","2"
"以不和他一同","0","2","2"
"当时的人没有","0","2","2"
"胜任而占据高","0","2","2"
"任而占据高位","0","2","2"
"出任冀州刺史","0","2","2"
"韶书命令按赎","0","2","2"
"给魏舒写信说","0","2","2"
"难道不可惜吗","0","2","2"
"道不可惜吗!","0","2","2"
"设置官骑十人","0","2","2"
"门前设置鹿角","0","2","2"
"前设置鹿角木","0","2","2"
"为大将军从事","0","2","2"
"当时的人称赞","0","2","2"
"因公事被免官","0","2","2"
"可以说是国家","0","2","2"
"以说是国家的","0","2","2"
"在高位的人不","0","2","2"
"胜过自己的人","0","2","2"
"那么贤能的人","0","2","2"
"么贤能的人每","0","2","2"
"贤能的人每天","0","2","2"
"能的人每天都","0","2","2"
"的人每天都被","0","2","2"
"憎恶贤能的人","0","2","2"
"造成这种情况","0","2","2"
"权势人家的子","0","2","2"
"势人家的子弟","0","2","2"
"所推举的人必","0","2","2"
"推举的人必定","0","2","2"
"举的人必定有","0","2","2"
"那是因为不知","0","2","2"
"是因为不知道","0","2","2"
"因为不知道谁","0","2","2"
"为不知道谁最","0","2","2"
"几个人的俸禄","0","2","2"
"已预先选好了","0","2","2"
"让主事人挑选","0","2","2"
"因为年老有病","0","2","2"
"王司马颖有功","0","2","2"
"攻破孙皓的中","0","2","2"
"破孙皓的中军","0","2","2"
"齐王司马攸将","0","2","2"
"王司马攸将去","0","2","2"
"追赠为骠骑将","0","2","2"
"赠为骠骑将军","0","2","2"
"任车骑从事中","0","2","2"
"车骑从事中郎","0","2","2"
"临事制定对策","0","2","2"
"的军队得到了","0","2","2"
"战讨伐的功劳","0","2","2"
"有关官吏又奏","0","2","2"
"关官吏又奏报","0","2","2"
"元康四年死在","0","2","2"
"康四年死在官","0","2","2"
"推举他为秀才","0","2","2"
"任大将军从事","0","2","2"
"崇尚风俗教化","0","2","2"
"王戎为太子太","0","2","2"
"戎为太子太傅","0","2","2"
"王戎为尚书令","0","2","2"
"想把女儿嫁给","0","2","2"
"王衍的妻子郭","0","2","2"
"衍的妻子郭氏","0","2","2"
"多次升官任尚","0","2","2"
"次升官任尚书","0","2","2"
"王敦任青州刺","0","2","2"
"敦任青州刺史","0","2","2"
"胡毋辅之等人","0","2","2"
"征用为太尉掾","0","2","2"
"转任太子中庶","0","2","2"
"时任扬州刺史","0","2","2"
"武帝接受魏帝","0","2","2"
"召入任散骑常","0","2","2"
"入任散骑常侍","0","2","2"
"郑默的儿子郑","0","2","2"
"河间王司马显","0","2","2"
"娶武帝女儿荣","0","2","2"
"武帝女儿荣阳","0","2","2"
"关部门上奏免","0","2","2"
"皇帝亲自写韶","0","2","2"
"帝亲自写韶书","0","2","2"
"上奏用华崤的","0","2","2"
"推荐志操高远","0","2","2"
"得到合适的人","0","2","2"
"重视儒士选拔","0","2","2"
"两位常侍所论","0","2","2"
"士兵用官府的","0","2","2"
"兵用官府的牛","0","2","2"
"士兵得十分之","0","2","2"
"官府得十分之","0","2","2"
"二千石俸禄的","0","2","2"
"千石俸禄的官","0","2","2"
"石俸禄的官吏","0","2","2"
"亲自日理万机","0","2","2"
"南王司马亮辅","0","2","2"
"摸天子倒生的","0","2","2"
"天子倒生的鳞","0","2","2"
"子倒生的鳞片","0","2","2"
"触摸猛兽的胡","0","2","2"
"摸猛兽的胡须","0","2","2"
"不能超出众人","0","2","2"
"中丞督察百官","0","2","2"
"是禁止防范的","0","2","2"
"禁止防范的事","0","2","2"
"再说行马之内","0","2","2"
"宣王为宣皇帝","0","2","2"
"景王为景皇帝","0","2","2"
"文王为文皇帝","0","2","2"
"宣王妃张氏为","0","2","2"
"王妃张氏为宣","0","2","2"
"妃张氏为宣穆","0","2","2"
"张氏为宣穆皇","0","2","2"
"氏为宣穆皇后","0","2","2"
"司空荀岂页为","0","2","2"
"为镇东大将军","0","2","2"
"西王司马泰为","0","2","2"
"王司马泰为尚","0","2","2"
"司马泰为尚书","0","2","2"
"阳王司马模为","0","2","2"
"州刺史张轨为","0","2","2"
"司空王浚为大","0","2","2"
"空王浚为大司","0","2","2"
"任命辅国将军","0","2","2"
"命吏部尚书周","0","2","2"
"部尚书周闵为","0","2","2"
"为都督徐兖青","0","2","2"
"任命会稽内史","0","2","2"
"徐州兖州刺史","0","2","2"
"太阳中又有黑","0","2","2"
"阳中又有黑子","0","2","2"
"有二亿零三万","0","2","2"
"二亿零三万一","0","2","2"
"亿零三万一千","0","2","2"
"零三万一千三","0","2","2"
"郡泰始二年设","0","2","2"
"泰始二年设置","0","2","2"
"帝又划分长沙","0","2","2"
"郡太康三年设","0","2","2"
"太康三年设置","0","2","2"
"三百九十八天","0","2","2"
"运行四百一十","0","2","2"
"舞阳宣文侯为","0","2","2"
"大风折断树木","0","2","2"
"秃发乌孤自称","0","2","2"
"慕容宝的将领","0","2","2"
"容宝的将领慕","0","2","2"
"宝的将领慕容","0","2","2"
"仰仗镇军将军","0","2","2"
"仗镇军将军刘","0","2","2"
"北将军鲁宗之","0","2","2"
"将军鲁宗之为","0","2","2"
"是弘农华阴人","0","2","2"
