"N-gram","原文","翻译","Total"
"都督中外诸军事","13","13","26"
"四千五百五十九","1","18","19"
"十九万四千九百","8","9","17"
"都督荆州诸军事","8","8","16"
"九万四千九百九","7","8","15"
"万四千九百九十","7","8","15"
"一千八百四十三","1","14","15"
"法四千五百五十","0","15","15"
"都督扬州诸军事","7","7","14"
"十三万四千六百","3","11","14"
"万四千六百三十","2","12","14"
"都督青州诸军事","6","7","13"
"五万六千九百五","6","7","13"
"万六千九百五十","6","7","13"
"六千九百五十四","6","7","13"
"三十四万四千二","6","7","13"
"十四万四千二百","6","7","13"
"四万四千二百六","6","7","13"
"万四千二百六十","6","7","13"
"四千二百六十一","6","7","13"
"二十一万五千一","2","10","12"
"十一万五千一百","2","10","12"
"一万五千一百三","2","10","12"
"万五千一百三十","2","10","12"
"纪法一千八百四","0","12","12"
"法一千八百四十","0","12","12"
"都用一匹马驾车","0","12","12"
"四千九百九十分","5","6","11"
"千二百六十一分","5","6","11"
"日法四千五百五","0","11","11"
"都督幽州诸军事","5","5","10"
"万九千六百八十","5","5","10"
"二千七百九十五","3","7","10"
"三万四千六百三","1","9","10"
"早晨在东方出现","0","10","10"
"赵王司马伦篡位","0","10","10"
"万七千三百一十","3","6","9"
"魏文帝黄初四年","5","4","9"
"十一万三千九百","4","5","9"
"千九百五十四分","5","4","9"
"二万二千七百九","3","6","9"
"万二千七百九十","3","6","9"
"早晨与太阳会合","0","9","9"
"征西大将军桓温","4","4","8"
"梁州刺史司马勋","4","4","8"
"会稽王世子元显","7","1","8"
"九千六百八十三","4","4","8"
"千一百八十七分","4","4","8"
"所求年天正十一","4","4","8"
"求年天正十一月","4","4","8"
"万二千八百六十","4","4","8"
"万九千九百五十","4","4","8"
"二千四百一十九","4","4","8"
"万五千二百三十","4","4","8"
"建兴元年十二月","4","4","8"
"会稽王司马道子","0","8","8"
"度为十二次中的","0","8","8"
"纪法五百八十九","0","8","8"
"六百四十一万零","0","8","8"
"百四十一万零九","0","8","8"
"四十一万零九百","0","8","8"
"十一万零九百六","0","8","8"
"一万零九百六十","0","8","8"
"万零九百六十七","0","8","8"
"转而早晨在东方","0","8","8"
"而早晨在东方出","0","8","8"
"天运行一百一十","0","8","8"
"九十一天运行一","0","8","8"
"十一天运行一百","0","8","8"
"二千零三十四万","0","8","8"
"千零三十四万四","0","8","8"
"零三十四万四千","0","8","8"
"都督徐州诸军事","3","4","7"
"魏文帝黄初二年","3","4","7"
"一万九千六百八","2","5","7"
"一百七十三万三","3","4","7"
"百七十三万三千","4","3","7"
"六百四十一万九","7","0","7"
"百四十一万九百","7","0","7"
"四十一万九百六","7","0","7"
"十一万九百六十","7","0","7"
"一万九百六十七","7","0","7"
"行一百一十二度","1","6","7"
"魏元帝咸熙二年","3","4","7"
"六万七千三百一","2","5","7"
"七千三百一十五","2","5","7"
"听从了他的意见","0","7","7"
"一个月的气来了","0","7","7"
"以纪法一千八百","0","7","7"
"除以日法四千五","0","7","7"
"以日法四千五百","0","7","7"
"汹涌大水冲入石","0","7","7"
"涌大水冲入石头","0","7","7"
"都督江北诸军事","3","3","6"
"都督河北诸军事","3","3","6"
"征西大将军陶侃","3","3","6"
"青冀幽五州诸军","3","3","6"
"冀幽五州诸军事","3","3","6"
"怀帝永嘉元年十","3","3","6"
"元帝太兴元年四","3","3","6"
"帝太兴元年四月","3","3","6"
"孝怀帝永嘉五年","3","3","6"
"魏文帝黄初三年","3","3","6"
"十四万九千三百","3","3","6"
"二千一百八十七","3","3","6"
"千六百八十三分","3","3","6"
"万六千二百七十","3","3","6"
"六千二百七十二","3","3","6"
"三百四十八万四","3","3","6"
"百四十八万四千","3","3","6"
"四十八万四千六","3","3","6"
"十八万四千六百","3","3","6"
"八万四千六百四","3","3","6"
"万四千六百四十","3","3","6"
"四千六百四十六","3","3","6"
"百九十九万五千","3","3","6"
"日行一度九十一","6","0","6"
"行一度九十一分","6","0","6"
"天正十一月合朔","3","3","6"
"十四万七千六百","3","3","6"
"万一千一百二十","3","3","6"
"二千三十四万四","6","0","6"
"千三十四万四千","6","0","6"
"孙亮建兴元年十","3","3","6"
"亮建兴元年十二","3","3","6"
"怀帝永嘉四年十","3","3","6"
"十三年十二月乙","3","3","6"
"三年十二月乙未","3","3","6"
"都督豫州诸军事","3","3","6"
"七千八百七十四","1","5","6"
"二百五十万九千","3","3","6"
"百五十万九千九","3","3","6"
"五十万九千九百","3","3","6"
"十万九千九百五","3","3","6"
"九千九百五十六","3","3","6"
"二万五千六百二","2","4","6"
"万五千六百二十","2","4","6"
"六十七万三千一","1","5","6"
"十七万三千一百","1","5","6"
"七万三千一百五","1","5","6"
"万三千一百五十","1","5","6"
"两条白龙出现于","0","6","6"
"元年春正月初一","0","6","6"
"成都王司马颖为","0","6","6"
"畿外的五百里为","0","6","6"
"位下生而得的律","0","6","6"
"周天二十一万五","0","6","6"
"天二十一万五千","0","6","6"
"行星会合时所在","0","6","6"
"运行一百一十二","0","6","6"
"每天运行一又九","0","6","6"
"天运行一又九十","0","6","6"
"运行一又九十一","0","6","6"
"行一又九十一分","0","6","6"
"一又九十一分之","0","6","6"
"零九百六十七分","0","6","6"
"所在纪干支起算","0","6","6"
"先代大臣过去的","0","6","6"
"这是羽虫的妖孽","0","6","6"
"万一千三百九十","2","3","5"
"小余满日法大余","5","0","5"
"七十三万三千一","3","2","5"
"十三万三千一百","3","2","5"
"三万三千一百四","3","2","5"
"万三千一百四十","3","2","5"
"三千一百四十八","3","2","5"
"日行百一十二度","5","0","5"
"万九百六十七分","5","0","5"
"度六百四十一万","2","3","5"
"十二度十九万四","2","3","5"
"二度十九万四千","2","3","5"
"度十九万四千九","2","3","5"
"万九千九百八十","2","3","5"
"太元十三年四月","2","3","5"
"二千五百二十八","1","4","5"
"一千八百八十二","1","4","5"
"琅王牙王司马德","1","4","5"
"王牙王司马德文","1","4","5"
"坚决推辞不接受","0","5","5"
"琅王牙王司马亻","0","5","5"
"王牙王司马亻由","0","5","5"
"范阳王司马九虎","0","5","5"
"讨伐成都王司马","0","5","5"
"伐成都王司马颖","0","5","5"
"容暐的将领慕容","0","5","5"
"南面的三颗星叫","0","5","5"
"位上生而得的律","0","5","5"
"加上消息改正后","0","5","5"
"周法五千九百六","0","5","5"
"法五千九百六十","0","5","5"
"五千九百六十九","0","5","5"
"每天运行二十三","0","5","5"
"天运行二十三分","0","5","5"
"运行二十三分之","0","5","5"
"行二十三分之十","0","5","5"
"通数十三万四千","0","5","5"
"数十三万四千六","0","5","5"
"从所在纪干支起","0","5","5"
"晚上隐伏于西方","0","5","5"
"所推让得最多的","0","5","5"
"大都督中外诸军","2","2","4"
"散骑常侍皇甫陶","2","2","4"
"西域戊己校尉马","2","2","4"
"域戊己校尉马循","2","2","4"
"五年春正月己亥","3","1","4"
"都督关中诸军事","2","2","4"
"徐兗二州诸军事","4","0","4"
"平北将军曹武讨","2","2","4"
"都督宫城诸军事","2","2","4"
"右光禄大夫陆晔","2","2","4"
"都督征讨诸军事","2","2","4"
"任命琅邪王德文","3","1","4"
"凉武昭王李玄盛","2","2","4"
"荆州刺史司马休","2","2","4"
"三十五万七千里","2","2","4"
"文帝黄初二年六","2","2","4"
"帝黄初二年六月","2","2","4"
"帝永嘉元年十一","2","2","4"
"永嘉元年十一月","2","2","4"
"愍帝建兴四年六","2","2","4"
"帝建兴四年六月","2","2","4"
"成帝咸二年五月","4","0","4"
"吴孙权赤乌十一","2","2","4"
"孙权赤乌十一年","2","2","4"
"权赤乌十一年二","2","2","4"
"赤乌十一年二月","2","2","4"
"愍帝建兴二年正","2","2","4"
"帝建兴二年正月","2","2","4"
"元帝太兴元年十","2","2","4"
"帝太兴元年十一","2","2","4"
"太兴元年十一月","2","2","4"
"兴元年十一月乙","2","2","4"
"元年十一月乙卯","2","2","4"
"明帝太宁元年正","2","2","4"
"帝太宁元年正月","2","2","4"
"二年十一月辛巳","2","2","4"
"十四年十二月乙","2","2","4"
"兴二年七月甲午","2","2","4"
"康帝建元元年八","2","2","4"
"帝建元元年八月","2","2","4"
"元兴元年八月庚","2","2","4"
"兴元年八月庚子","2","2","4"
"二尺八寸四分四","2","2","4"
"尺八寸四分四厘","2","2","4"
"万二千九百七十","2","2","4"
"二千九百七十四","2","2","4"
"六千五百六十一","2","2","4"
"千五百六十一分","2","2","4"
"四千八百八十三","2","2","4"
"三年十一月二十","2","2","4"
"十一月十五日乙","2","2","4"
"一月十五日乙巳","2","2","4"
"五月十七日庚辰","2","2","4"
"十一月二十六日","1","3","4"
"年天正十一月朔","2","2","4"
"天正十一月朔日","2","2","4"
"二千三百五十六","2","2","4"
"乘所近节气夜漏","4","0","4"
"七千三百七十八","2","2","4"
"合月法乘朔小余","4","0","4"
"十六万六千二百","2","2","4"
"六万六千二百七","2","2","4"
"千六百四十六分","2","2","4"
"十四万二千三百","2","2","4"
"四万二千三百二","2","2","4"
"万二千三百二十","2","2","4"
"二千三百二十三","2","2","4"
"千三百二十三分","2","2","4"
"二度三百二十三","2","2","4"
"度三百二十三万","2","2","4"
"三百二十三万四","2","2","4"
"百二十三万四千","2","2","4"
"二十三万四千六","2","2","4"
"百四十八万九千","2","2","4"
"四十八万九千八","2","2","4"
"十八万九千八百","2","2","4"
"八万九千八百六","2","2","4"
"万九千八百六十","2","2","4"
"九千八百六十八","2","2","4"
"千八百六十八分","2","2","4"
"百二十四万二千","2","2","4"
"二十四万二千八","2","2","4"
"十四万二千八百","2","2","4"
"四万二千八百六","2","2","4"
"九十二日行四十","4","0","4"
"十二日行四十八","4","0","4"
"二日行四十八度","4","0","4"
"百一十二万二千","2","2","4"
"一十二万二千四","2","2","4"
"十二万二千四百","2","2","4"
"二万二千四百二","2","2","4"
"万二千四百二十","2","2","4"
"二千四百二十六","2","2","4"
"万五千八百六十","2","2","4"
"五千八百六十四","2","2","4"
"千一百四十八分","2","2","4"
"一度九十一分二","4","0","4"
"度九十一分二十","4","0","4"
"九十一日行百一","4","0","4"
"十一日行百一十","4","0","4"
"三十二度六百四","2","2","4"
"十二度六百四十","2","2","4"
"二度六百四十一","2","2","4"
"小余二千四百一","2","2","4"
"余二千四百一十","2","2","4"
"天正十一月朔夜","2","2","4"
"正十一月朔夜半","2","2","4"
"年天正十一月合","2","2","4"
"一百九十九万五","1","3","4"
"九十九万五千六","2","2","4"
"十九万五千六百","2","2","4"
"九万五千六百六","2","2","4"
"万五千六百六十","2","2","4"
"五千六百六十四","2","2","4"
"九十九万七千八","2","2","4"
"十九万七千八百","2","2","4"
"九万七千八百三","2","2","4"
"万七千八百三十","2","2","4"
"七千八百三十二","2","2","4"
"千八百三十二分","2","2","4"
"百七十九万五千","2","2","4"
"七十九万五千二","2","2","4"
"十九万五千二百","2","2","4"
"九万五千二百三","2","2","4"
"五千二百三十八","2","2","4"
"千二百三十八分","2","2","4"
"百七十九万二千","2","2","4"
"七十九万二千六","2","2","4"
"十九万二千六百","2","2","4"
"九万二千六百一","2","2","4"
"万二千六百一十","2","2","4"
"二千六百一十五","2","2","4"
"千六百一十五分","2","2","4"
"百二十四万九千","2","2","4"
"二十四万九千三","2","2","4"
"四万九千三百四","2","2","4"
"万九千三百四十","2","2","4"
"九千三百四十五","2","2","4"
"千三百四十五分","2","2","4"
"三百八十四万七","2","2","4"
"百八十四万七千","2","2","4"
"八十四万七千六","2","2","4"
"四万七千六百七","2","2","4"
"万七千六百七十","2","2","4"
"七千六百七十五","2","2","4"
"二度六百四十九","2","2","4"
"度六百四十九万","2","2","4"
"六百四十九万一","2","2","4"
"百四十九万一千","2","2","4"
"四十九万一千一","2","2","4"
"十九万一千一百","2","2","4"
"九万一千一百二","2","2","4"
"一千一百二十一","2","2","4"
"五十二度十九万","2","2","4"
"万三千八百四十","2","2","4"
"魏明帝景初元年","2","2","4"
"魏文帝黄初七年","2","2","4"
"文帝黄初七年正","2","2","4"
"帝黄初七年正月","2","2","4"
"魏元帝咸熙元年","2","2","4"
"魏明帝青龙元年","2","2","4"
"武帝泰始元年十","2","2","4"
"帝泰始元年十二","2","2","4"
"泰始元年十二月","2","2","4"
"元年十二月己未","2","2","4"
"刺史二千石长吏","2","2","4"
"武帝泰始四年九","2","2","4"
"帝泰始四年九月","2","2","4"
"前太尉参军何琦","2","2","4"
"吴孙亮建兴元年","2","2","4"
"孝怀帝永嘉四年","2","2","4"
"孝武帝宁康元年","2","2","4"
"武帝宁康元年三","2","2","4"
"帝宁康元年三月","2","2","4"
"安帝隆安二年三","2","2","4"
"帝隆安二年三月","2","2","4"
"东阳太守殷仲文","2","2","4"
"吴孙权赤乌八年","2","2","4"
"孙权赤乌八年夏","2","2","4"
"安元年十二月壬","2","2","4"
"武帝太康五年五","2","2","4"
"帝太康五年五月","2","2","4"
"益州刺史皇甫晏","2","2","4"
"孝武帝太元十年","2","2","4"
"武帝太元十年四","2","2","4"
"帝太元十年四月","2","2","4"
"惠帝元康二年二","2","2","4"
"帝元康二年二月","2","2","4"
"汉献帝建安二十","2","2","4"
"吴孙亮五凤元年","2","2","4"
"建兴二年十一月","2","2","4"
"孝怀帝永嘉元年","2","2","4"
"惠帝元康五年三","2","2","4"
"帝元康五年三月","2","2","4"
"帝永嘉四年十月","2","2","4"
"汲郡典农中郎将","2","2","4"
"追赠征南大将军","2","2","4"
"辽东悼惠王定国","2","2","4"
"食邑一千八百户","1","3","4"
"都督陇右关中诸","2","2","4"
"督陇右关中诸军","2","2","4"
"陇右关中诸军事","2","2","4"
"益宁二州诸军事","2","2","4"
"三万一千三百里","2","2","4"
"千九百五十六分","2","2","4"
"二万四千六百三","1","3","4"
"四千六百三十八","1","3","4"
"十二万二千七百","2","2","4"
"十二万五千六百","1","3","4"
"五千六百二十一","1","3","4"
"百四十七万二千","2","2","4"
"四十七万二千八","2","2","4"
"十七万二千八百","2","2","4"
"七万二千八百六","2","2","4"
"二千八百六十九","2","2","4"
"三百五十八万五","2","2","4"
"百五十八万五千","2","2","4"
"五十八万五千二","2","2","4"
"十八万五千二百","2","2","4"
"八万五千二百三","2","2","4"
"六十七万五千三","2","2","4"
"十七万五千三百","2","2","4"
"七万五千三百六","2","2","4"
"万五千三百六十","2","2","4"
"五千三百六十四","2","2","4"
"五百九十六万二","2","2","4"
"百九十六万二千","2","2","4"
"九十六万二千二","2","2","4"
"十六万二千二百","2","2","4"
"六万二千二百五","2","2","4"
"万二千二百五十","2","2","4"
"二千二百五十六","2","2","4"
"万三千九百九十","2","2","4"
"吴孙亮五凤二年","2","2","4"
"王公以下帛不等","0","4","4"
"汝南王司马亮为","0","4","4"
"琅邪王司马睿为","0","4","4"
"石勒部将石季龙","0","4","4"
"慕容暐的将领慕","0","4","4"
"会稽王的大儿子","0","4","4"
"稽王的大儿子司","0","4","4"
"王的大儿子司马","0","4","4"
"琅王牙王司马道","0","4","4"
"王牙王司马道子","0","4","4"
"龙骧将军刘牢之","0","4","4"
"以琅王牙王司马","0","4","4"
"大儿子司马元显","0","4","4"
"夜间在地下运行","0","4","4"
"北面的一颗星叫","0","4","4"
"星南面的三颗星","0","4","4"
"顺抱而击者必胜","0","4","4"
"成帝咸和二年五","0","4","4"
"帝咸和二年五月","0","4","4"
"十二律旋相为宫","0","4","4"
"季第一个月的气","0","4","4"
"第一个月的气来","0","4","4"
"一百八十七分之","0","4","4"
"百八十七分之一","0","4","4"
"八十七分之一千","0","4","4"
"所得商数为大余","0","4","4"
"以纪法五百八十","0","4","4"
"周天部分除以纪","0","4","4"
"天部分除以纪法","0","4","4"
"牛宿前五度起算","0","4","4"
"月周七千八百七","0","4","4"
"周七千八百七十","0","4","4"
"以章岁十九乘以","0","4","4"
"天正十一月起算","0","4","4"
"通数三十一乘以","0","4","4"
"以周法五千九百","0","4","4"
"章月二百三十五","0","4","4"
"合月法乘以朔小","0","4","4"
"月法乘以朔小余","0","4","4"
"为行星会合时所","0","4","4"
"一万三千九百零","0","4","4"
"万三千九百零八","0","4","4"
"三千九百零八分","0","4","4"
"六百零一万二千","0","4","4"
"百零一万二千五","0","4","4"
"零一万二千五百","0","4","4"
"一万二千五百零","0","4","4"
"万二千五百零五","0","4","4"
"二千五百零五分","0","4","4"
"经过斗宿时除去","0","4","4"
"过斗宿时除去斗","0","4","4"
"五十八天共运行","0","4","4"
"天共运行十一度","0","4","4"
"度一百二十四万","0","4","4"
"一百八十四天运","0","4","4"
"百八十四天运行","0","4","4"
"八十四天运行一","0","4","4"
"十四天运行一百","0","4","4"
"四天运行一百一","0","4","4"
"九十二天运行四","0","4","4"
"十二天运行四十","0","4","4"
"二天运行四十八","0","4","4"
"天运行四十八度","0","4","4"
"每天运行五分之","0","4","4"
"天运行五分之三","0","4","4"
"运行五分之三度","0","4","4"
"天运行三十三度","0","4","4"
"一天运行一百零","0","4","4"
"又九十一分之二","0","4","4"
"九十一分之二十","0","4","4"
"一天运行一百一","0","4","4"
"晚上在西方出现","0","4","4"
"七十九万零一百","0","4","4"
"十九万零一百一","0","4","4"
"九万零一百一十","0","4","4"
"以通数十三万四","0","4","4"
"除以纪法一千八","0","4","4"
"四千六百三十乘","0","4","4"
"千六百三十乘以","0","4","4"
"小余满日法四千","0","4","4"
"余满日法四千五","0","4","4"
"满日法四千五百","0","4","4"
"起算命名的方法","0","4","4"
"在中气或节气前","0","4","4"
"中气或节气前后","0","4","4"
"周天六十七万三","0","4","4"
"天六十七万三千","0","4","4"
"分满纪法一千八","0","4","4"
"满纪法一千八百","0","4","4"
"千八百四十三化","0","4","4"
"八百四十三化入","0","4","4"
"百四十三化入度","0","4","4"
"会合时所在宿度","0","4","4"
"五十七天共运行","0","4","4"
"日和一次日食符","0","4","4"
"和一次日食符合","0","4","4"
"十三次日食符合","0","4","4"
"魏明帝太和元年","0","4","4"
"今天派遣使持节","0","4","4"
"皇帝下达美好的","0","4","4"
"帝下达美好的命","0","4","4"
"下达美好的命令","0","4","4"
"左右各有两行仪","0","4","4"
"右各有两行仪仗","0","4","4"
"各有两行仪仗队","0","4","4"
"忧愁怨愤的应兆","0","4","4"
"打雷一样的声音","0","4","4"
"封邑一千八百户","0","4","4"
"将军的职位依旧","0","4","4"
"大将军从事中郎","0","4","4"
"推让得最多的人","0","4","4"
"让得最多的人任","0","4","4"
"得最多的人任用","0","4","4"
"最多的人任用他","0","4","4"
"戊己校尉马循讨","2","1","3"
"征南大将军羊祜","1","2","3"
"都督徐兗二州诸","3","0","3"
"督徐兗二州诸军","3","0","3"
"都督雍梁二州诸","2","1","3"
"督雍梁二州诸军","2","1","3"
"雍梁二州诸军事","2","1","3"
"左卫将军王舆谋","2","1","3"
"扬州刺史曹武杀","1","2","3"
"二年春正月丁卯","2","1","3"
"石勒将石季龙攻","3","0","3"
"太宁三年三月戊","2","1","3"
"宁三年三月戊辰","2","1","3"
"交广七州诸军事","3","0","3"
"石季龙故将麻秋","2","1","3"
"都督徐兗青冀幽","3","0","3"
"督徐兗青冀幽五","3","0","3"
"徐兗青冀幽五州","3","0","3"
"兗青冀幽五州诸","3","0","3"
"河南太守戴施奔","2","1","3"
"征西大将军桓豁","1","2","3"
"冠军将军刘敬宣","2","1","3"
"龙骧将军王镇恶","1","2","3"
"度五百八十九分","1","2","3"
"一百八十二度半","1","2","3"
"天东西南北径三","2","1","3"
"东西南北径三十","2","1","3"
"西南北径三十五","2","1","3"
"南北径三十五万","2","1","3"
"北径三十五万七","2","1","3"
"径三十五万七千","2","1","3"
"三年正月丙寅朔","2","1","3"
"升平元年十一月","1","2","3"
"汉武帝置十三州","3","0","3"
"寸二百四十三分","3","0","3"
"二百四十三分寸","3","0","3"
"一百八十七分寸","3","0","3"
"寸万九千六百八","3","0","3"
"六百八十三分寸","3","0","3"
"十一月二十二日","1","2","3"
"十二月二十八日","1","2","3"
"小余七百七十三","2","1","3"
"小月加度二十二","2","1","3"
"建安十一年丙戌","2","1","3"
"积七千三百七十","2","1","3"
"九十七万三千一","3","0","3"
"十七万三千一十","3","0","3"
"七万三千一十三","3","0","3"
"合朔小余满虚分","2","1","3"
"四十七万八千九","2","1","3"
"十七万八千九百","2","1","3"
"七万八千九百九","2","1","3"
"万八千九百九十","2","1","3"
"八千九百九十八","2","1","3"
"千九百九十八分","2","1","3"
"一万三千九百八","3","0","3"
"万三千九百八分","3","0","3"
"六百一万二千五","3","0","3"
"百一万二千五百","3","0","3"
"一万二千五百五","3","0","3"
"万二千五百五分","3","0","3"
"百七十四万二千","2","1","3"
"七十四万二千三","2","1","3"
"日行二十三分十","3","0","3"
"百八十四日行百","3","0","3"
"八十四日行百一","3","0","3"
"十四日行百一十","3","0","3"
"四日行百一十二","3","0","3"
"日五万六千九百","3","0","3"
"度五万六千九百","1","2","3"
"日六百四十一万","3","0","3"
"置所入纪朔积分","3","0","3"
"十二日十九万四","3","0","3"
"二日十九万四千","3","0","3"
"日十九万四千九","3","0","3"
"三十八万九千九","1","2","3"
"十八万九千九百","1","2","3"
"八万九千九百八","1","2","3"
"九千九百八十分","1","2","3"
"日二千三十四万","3","0","3"
"千八百九十六万","1","2","3"
"八百九十六万一","1","2","3"
"百九十六万一千","1","2","3"
"九十六万一千三","1","2","3"
"十六万一千三百","1","2","3"
"六万一千三百九","1","2","3"
"一千三百九十五","1","2","3"
"千三百九十五分","1","2","3"
"二百四十二年间","1","2","3"
"宗祀文王明堂配","3","0","3"
"祀文王明堂配上","3","0","3"
"文王明堂配上帝","3","0","3"
"文帝黄初四年七","2","1","3"
"帝黄初四年七月","2","1","3"
"郡公侯特进夫人","2","1","3"
"奉天地宗庙社稷","2","1","3"
"四年十二月戊寅","1","2","3"
"帝景元三年十月","2","1","3"
"洛阳东北步广里","2","1","3"
"阳东北步广里地","2","1","3"
"吴孙皓宝鼎元年","2","1","3"
"孝武帝太元十三","1","2","3"
"武帝太元十三年","1","2","3"
"征西将军夏侯玄","2","1","3"
"祜都督荆州诸军","2","1","3"
"赠金紫光禄大夫","2","1","3"
"七千一百七十一","1","2","3"
"度二百五十万九","1","2","3"
"一百四十七万二","1","2","3"
"康帝建元元年七","1","2","3"
"帝建元元年七月","1","2","3"
"建元元年七月庚","1","2","3"
"元元年七月庚申","1","2","3"
"孝武帝太元三年","1","2","3"
"荆州刺史殷仲堪","1","2","3"
"千三百七十八年","1","2","3"
"个郡国发生地震","0","3","3"
"音孔全闭的筒音","0","3","3"
"说的就是这种情","0","3","3"
"的就是这种情况","0","3","3"
"汝阴王司马骏为","0","3","3"
"举行大规模阅兵","0","3","3"
"在宣武观举行大","0","3","3"
"三年春正月初一","0","3","3"
"东莞王司马亻由","0","3","3"
"莞王司马亻由为","0","3","3"
"下邳王司马晃为","0","3","3"
"贾后假借皇帝诏","0","3","3"
"后假借皇帝诏令","0","3","3"
"河间王司马颙为","0","3","3"
"康元年正月初一","0","3","3"
"司马伦假借皇帝","0","3","3"
"马伦假借皇帝诏","0","3","3"
"伦假借皇帝诏命","0","3","3"
"梁王司马肜为太","0","3","3"
"司马颖为皇太弟","0","3","3"
"成都王司马颖的","0","3","3"
"平昌公司马模派","0","3","3"
"骠骑将军范阳王","0","3","3"
"骑将军范阳王司","0","3","3"
"将军范阳王司马","0","3","3"
"清河王司马覃入","0","3","3"
"束海王司马越的","0","3","3"
"南阳王司马保为","0","3","3"
"石勒的将领石季","0","3","3"
"勒的将领石季龙","0","3","3"
"的将领石季龙在","0","3","3"
"李雄的将领李寿","0","3","3"
"赦免五年以下徒","0","3","3"
"免五年以下徒刑","0","3","3"
"五年以下徒刑的","0","3","3"
"琅王牙王司马岳","0","3","3"
"会稽王司马昱为","0","3","3"
"都督徐兖青冀幽","0","3","3"
"督徐兖青冀幽五","0","3","3"
"徐兖青冀幽五州","0","3","3"
"兖青冀幽五州诸","0","3","3"
"苻坚的将领王猛","0","3","3"
"司马昱为琅邪王","0","3","3"
"牙王司马道子为","0","3","3"
"朝廷的军队大败","0","3","3"
"的大儿子司马元","0","3","3"
"运行的度数逐渐","0","3","3"
"正是天体直径的","0","3","3"
"天体直径的一半","0","3","3"
"五星进入并停留","0","3","3"
"为十二次中的鹑","0","3","3"
"方有三颗大星出","0","3","3"
"有三颗大星出现","0","3","3"
"太阳被抱气重围","0","3","3"
"月亮犯及太白星","0","3","3"
"服之外的五百里","0","3","3"
"之外的五百里是","0","3","3"
"规定缴纳赋税的","0","3","3"
"定缴纳赋税的有","0","3","3"
"缴纳赋税的有六","0","3","3"
"现在是下征调的","0","3","3"
"又二百四十三分","0","3","3"
"二百四十三分之","0","3","3"
"十七分之一千零","0","3","3"
"季末一个月的气","0","3","3"
"末一个月的气来","0","3","3"
"又一万九千六百","0","3","3"
"六百八十三分之","0","3","3"
"十一分之二十二","0","3","3"
"五大行星的运动","0","3","3"
"落后于实际天象","0","3","3"
"四万三千零二十","0","3","3"
"万三千零二十六","0","3","3"
"一千四百五十七","0","3","3"
"一万一千零四十","0","3","3"
"万一千零四十五","0","3","3"
"所求年入纪年数","0","3","3"
"求年入纪年数减","0","3","3"
"年入纪年数减去","0","3","3"
"入纪年数减去一","0","3","3"
"即为所求年天正","0","3","3"
"为所求年天正十","0","3","3"
"除以纪法五百八","0","3","3"
"从牛宿前五度起","0","3","3"
"以月周七千八百","0","3","3"
"夜半月亮所在宿","0","3","3"
"半月亮所在宿度","0","3","3"
"除以会数四十七","0","3","3"
"的方法与前面一","0","3","3"
"方法与前面一样","0","3","3"
"在上月合朔的基","0","3","3"
"上月合朔的基础","0","3","3"
"月合朔的基础上","0","3","3"
"从天正十一月起","0","3","3"
"除以周法五千九","0","3","3"
"近的节气的夜漏","0","3","3"
"五百八十九分之","0","3","3"
"月二百三十五乘","0","3","3"
"二百三十五乘以","0","3","3"
"五大行星各自的","0","3","3"
"乘以行星各自的","0","3","3"
"以行星各自的月","0","3","3"
"以合月法乘以朔","0","3","3"
"九十七万三千零","0","3","3"
"十七万三千零一","0","3","3"
"七万三千零一十","0","3","3"
"万三千零一十三","0","3","3"
"晚上舆太阳会合","0","3","3"
"星会合时所在月","0","3","3"
"加上次会合时入","0","3","3"
"次会合时入月日","0","3","3"
"加上次会合时度","0","3","3"
"斗宿时除去斗宿","0","3","3"
"宿时除去斗宿分","0","3","3"
"每天运行五十八","0","3","3"
"天运行五十八分","0","3","3"
"运行五十八分之","0","3","3"
"二十三分之十四","0","3","3"
"十三分之十四度","0","3","3"
"天六百四十一万","0","3","3"
"掌管历法的官员","0","3","3"
"月二万二千七百","0","3","3"
"会通七十九万零","0","3","3"
"通七十九万零一","0","3","3"
"天正合朔时月亮","0","3","3"
"以章月二百三十","0","3","3"
"余下不满六十的","0","3","3"
"下不满六十的部","0","3","3"
"不满六十的部分","0","3","3"
"方法舆前面一样","0","3","3"
"大余满六十则减","0","3","3"
"余满六十则减之","0","3","3"
"部分从所在纪干","0","3","3"
"分从所在纪干支","0","3","3"
"余下不满六十部","0","3","3"
"下不满六十部分","0","3","3"
"满通法四十七化","0","3","3"
"月合朔时的去交","0","3","3"
"合朔时的去交度","0","3","3"
"朔时的去交度分","0","3","3"
"曰法四千五百五","0","3","3"
"周日日余二千五","0","3","3"
"日日余二千五百","0","3","3"
"日余二千五百二","0","3","3"
"余二千五百二十","0","3","3"
"所得商数为行星","0","3","3"
"次会合时所在宿","0","3","3"
"十二天十九万四","0","3","3"
"二天十九万四千","0","3","3"
"天十九万四千九","0","3","3"
"天二千零三十四","0","3","3"
"度二千零三十四","0","3","3"
"日和十三次日食","0","3","3"
"和十三次日食符","0","3","3"
"从开天辟地以来","0","3","3"
"应该制定新的礼","0","3","3"
"该制定新的礼规","0","3","3"
"先取消朝会的礼","0","3","3"
"取消朝会的礼仪","0","3","3"
"魏明帝太和年间","0","3","3"
"卫璀等人又上奏","0","3","3"
"璀等人又上奏说","0","3","3"
"向上天报告成功","0","3","3"
"使者某人重新宣","0","3","3"
"者某人重新宣读","0","3","3"
"某人重新宣读宫","0","3","3"
"说的是这时万物","0","3","3"
"恭恭敬敬的在位","0","3","3"
"恭敬敬的在位者","0","3","3"
"执戟循的在外侧","0","3","3"
"执刀循的在内侧","0","3","3"
"都用四匹马驾车","0","3","3"
"分别排在左右两","0","3","3"
"别排在左右两边","0","3","3"
"都是深衣的式样","0","3","3"
"作为永久的制度","0","3","3"
"海西公太和年间","0","3","3"
"是阴胜阳的应兆","0","3","3"
"是阴气盛的缘故","0","3","3"
"政权由大臣掌握","0","3","3"
"汹涌的大水冲入","0","3","3"
"解说认为在天文","0","3","3"
"说认为在天文上","0","3","3"
"等到赵王司马伦","0","3","3"
"趟王司马伦篡位","0","3","3"
"当时赵王司马伦","0","3","3"
"君主言行不恰当","0","3","3"
"没有敢说话的人","0","3","3"
"侍中的职位依旧","0","3","3"
"愍怀太子被废时","0","3","3"
"太尉汝南王司马","0","3","3"
"尉汝南王司马亮","0","3","3"
"当时的人把他比","0","3","3"
"成都王司马颖有","0","3","3"
"官做到散骑常侍","0","3","3"
"赐他关内侯的爵","0","3","3"
"他关内侯的爵位","0","3","3"
"继承父亲的爵位","0","3","3"
"皇太子以下诸事","0","3","3"
"海西公太和元年","0","3","3"
"京房用三分益一","0","3","3"
"后嗣殆乎子孙忧","2","0","2"
"南乡太守傅方骄","1","1","2"
"雍州刺史郭淮等","1","1","2"
"遣征蜀护军秦朗","1","1","2"
"征蜀护军秦朗督","1","1","2"
"雍州刺史郭淮共","1","1","2"
"辽东太守公孙文","1","1","2"
"东太守公孙文懿","1","1","2"
"御史大夫柳甫乞","1","1","2"
"将军毕盛等二千","1","1","2"
"军毕盛等二千余","1","1","2"
"毕盛等二千余人","1","1","2"
"正始元年春正月","1","1","2"
"嘉平元年春正月","1","1","2"
"平元年春正月甲","1","1","2"
"元年春正月甲午","1","1","2"
"兗州刺史令狐愚","2","0","2"
"父光禄大夫张缉","1","1","2"
"中书侍郎钟会劝","1","1","2"
"遣荆州刺史王基","1","1","2"
"荆州刺史王基进","1","1","2"
"征东将军胡遵督","1","1","2"
"左长史司马琏督","1","1","2"
"受丞相相国九命","1","1","2"
"洛阳典农中郎将","1","1","2"
"蜀将姜维寇陇右","2","0","2"
"镇东将军诸葛诞","1","1","2"
"二年夏五月辛未","1","1","2"
"镇东大将军诸葛","1","1","2"
"东大将军诸葛诞","1","1","2"
"大将军诸葛诞杀","1","1","2"
"泰山太守常时称","1","1","2"
"泰山太守胡烈奇","2","0","2"
"山太守胡烈奇兵","2","0","2"
"三年春正月壬寅","1","1","2"
"州太原上党西河","2","0","2"
"太原上党西河乐","2","0","2"
"原上党西河乐平","2","0","2"
"上党西河乐平新","2","0","2"
"党西河乐平新兴","2","0","2"
"西河乐平新兴雁","2","0","2"
"河乐平新兴雁门","2","0","2"
"太子舍人成济抽","1","1","2"
"骑督成倅弟太子","2","0","2"
"督成倅弟太子舍","2","0","2"
"成倅弟太子舍人","2","0","2"
"倅弟太子舍人济","2","0","2"
"二年秋八月甲寅","1","1","2"
"四年春二月丁丑","1","1","2"
"雍州刺史诸葛绪","1","1","2"
"征蜀护军胡烈等","1","1","2"
"天水太守王颀攻","1","1","2"
"咸熙元年春正月","1","1","2"
"事中郎山涛行军","1","1","2"
"中郎山涛行军司","1","1","2"
"郎山涛行军司事","1","1","2"
"遣护军贾充持节","1","1","2"
"尚书仆射裴秀议","1","1","2"
"遣吴人相国参军","1","1","2"
"吴人相国参军徐","1","1","2"
"人相国参军徐劭","1","1","2"
"散骑常侍水曹属","1","1","2"
"骑常侍水曹属孙","1","1","2"
"二年春二月甲辰","1","1","2"
"中抚军聪明神武","1","1","2"
"泰始元年冬十二","1","1","2"
"始元年冬十二月","1","1","2"
"太祖武皇帝拨乱","1","1","2"
"宗祀文皇帝明堂","2","0","2"
"祀文皇帝明堂配","2","0","2"
"文皇帝明堂配上","2","0","2"
"皇帝明堂配上帝","2","0","2"
"骠骑将军博陵公","1","1","2"
"骑将军博陵公王","1","1","2"
"将军博陵公王沈","1","1","2"
"古忠臣直士所慷","2","0","2"
"忠臣直士所慷慨","2","0","2"
"景帝夫人夏侯氏","1","1","2"
"三年春正月癸丑","1","1","2"
"张掖太守焦胜上","1","1","2"
"氐池县大柳谷口","1","1","2"
"士卒遭父母丧者","1","1","2"
"朕亲率王公卿士","1","1","2"
"亲率王公卿士耕","1","1","2"
"遣太尉义阳王望","2","0","2"
"安东将军汝阴王","1","1","2"
"申戒郡国计吏守","1","1","2"
"戒郡国计吏守相","1","1","2"
"郡国计吏守相令","1","1","2"
"国计吏守相令长","1","1","2"
"临听讼观录囚徒","2","0","2"
"雍州陇右五郡凉","2","0","2"
"州陇右五郡凉州","2","0","2"
"陇右五郡凉州金","2","0","2"
"右五郡凉州金城","2","0","2"
"鄴奚官督郭暠上","2","0","2"
"扬州刺史牵弘击","1","1","2"
"凉州刺史牵弘讨","1","1","2"
"征东大将军卫瓘","2","0","2"
"遣车骑将军羊祜","1","1","2"
"吴平虏将军孟泰","1","1","2"
"城东七里涧石桥","1","1","2"
"咸宁元年春正月","1","1","2"
"州诸军事胡奋击","1","1","2"
"诸军事胡奋击破","1","1","2"
"前广平太守孟桓","1","1","2"
"年春正月丙子朔","2","0","2"
"使征北大将军卫","1","1","2"
"平虏护军文淑讨","1","1","2"
"东夷三国前后十","1","1","2"
"夷三国前后十余","1","1","2"
"尚书左仆射卢钦","1","1","2"
"尚书杜预都督荆","1","1","2"
"书杜预都督荆州","1","1","2"
"杜预都督荆州诸","1","1","2"
"预都督荆州诸军","1","1","2"
"使讨虏护军武威","1","1","2"
"讨虏护军武威太","1","1","2"
"虏护军武威太守","1","1","2"
"护军武威太守马","1","1","2"
"军武威太守马隆","1","1","2"
"武威太守马隆击","1","1","2"
"匈奴余渠都督独","1","1","2"
"奴余渠都督独雍","1","1","2"
"余渠都督独雍等","1","1","2"
"镇南大将军杜预","1","1","2"
"广武将军唐彬率","1","1","2"
"武将军唐彬率巴","1","1","2"
"将军唐彬率巴蜀","1","1","2"
"行冠军将军杨济","1","1","2"
"冠军将军杨济副","2","0","2"
"马隆击叛虏树机","1","1","2"
"隆击叛虏树机能","1","1","2"
"肃慎献楛矢石砮","2","0","2"
"太康元年春正月","1","1","2"
"康元年春正月己","2","0","2"
"元年春正月己丑","2","0","2"
"年春正月己丑朔","2","0","2"
"克吴寻阳赖乡诸","1","1","2"
"吴寻阳赖乡诸城","1","1","2"
"获吴武威将军周","1","1","2"
"吴武威将军周兴","1","1","2"
"户五十二万三千","2","0","2"
"尚书张华都督幽","1","1","2"
"书张华都督幽州","1","1","2"
"张华都督幽州诸","1","1","2"
"华都督幽州诸军","1","1","2"
"宁州刺史三年一","1","1","2"
"东夷二十九国归","1","1","2"
"徐州刺史嵇喜讨","1","1","2"
"六年春正月庚申","2","0","2"
"泰都督关中诸军","1","1","2"
"扶南等二十一国","1","1","2"
"西南夷二十余国","1","1","2"
"太熙元年春正月","1","1","2"
"尚书左仆射王浑","1","1","2"
"右光禄大夫石鉴","1","1","2"
"遣南中郎将石崇","1","1","2"
"永平元年春正月","1","1","2"
"冯翊太守欧阳建","1","1","2"
"梁王肜征西大将","2","0","2"
"王肜征西大将军","2","0","2"
"帅齐万年僭号称","1","1","2"
"齐万年僭号称帝","1","1","2"
"遣安西将军夏侯","1","1","2"
"建威将军周处等","1","1","2"
"威将军周处等讨","1","1","2"
"左积弩将军孟观","1","1","2"
"人张承基等妖言","1","1","2"
"年春正月癸亥朔","2","0","2"
"左光禄大夫何劭","1","1","2"
"右光禄大夫刘寔","2","0","2"
"立皇孙臧皇太孙","2","0","2"
"阳流人李特杀赵","1","1","2"
"益州刺史罗尚讨","1","1","2"
"遣荆州刺史刘弘","1","1","2"
"荆州刺史刘弘等","1","1","2"
"州刺史刘弘等讨","1","1","2"
"临淮人封云举兵","1","1","2"
"大将贾崇等十六","1","1","2"
"将贾崇等十六人","1","1","2"
"前南平内史王矩","1","1","2"
"郫城攻益州刺史","1","1","2"
"城攻益州刺史罗","1","1","2"
"攻益州刺史罗尚","1","1","2"
"秦州刺史皇甫重","1","1","2"
"州刺史皇甫重讨","1","1","2"
"皇后羊氏皇太子","2","0","2"
"后羊氏皇太子覃","2","0","2"
"匈奴左贤王刘元","1","1","2"
"奴左贤王刘元海","1","1","2"
"镇南大将军刘弘","1","1","2"
"张方废皇后羊氏","1","1","2"
"陇西太守韩稚攻","1","1","2"
"等聚众攻陷郡县","1","1","2"
"汲郡太守张延等","1","1","2"
"平昌公模遣将军","2","0","2"
"遣将军赵骧击破","1","1","2"
"逐冀州刺史李义","1","1","2"
"州刺史曹武杀丹","1","1","2"
"车骑大将军刘弘","1","1","2"
"建威将军刁默等","1","1","2"
"使前车骑将军石","1","1","2"
"前车骑将军石超","1","1","2"
"北中郎将王阐讨","1","1","2"
"遣将军宋胄等屯","1","1","2"
"立节将军周权诈","1","1","2"
"右将军陈敏举兵","1","1","2"
"将军陈敏举兵反","1","1","2"
"遣弘农太守彭随","1","1","2"
"元年十一月庚午","1","1","2"
"封彭城王植子融","2","0","2"
"彭城王植子融乐","2","0","2"
"永嘉元年春正月","1","1","2"
"嘉元年春正月癸","1","1","2"
"元年春正月癸丑","1","1","2"
"年春正月癸丑朔","1","1","2"
"御史中丞诸葛玫","1","1","2"
"马牧帅汲桑聚众","1","1","2"
"败魏郡太守冯嵩","1","1","2"
"都督扬州江南诸","1","1","2"
"督扬州江南诸军","1","1","2"
"扬州江南诸军事","1","1","2"
"三年春正月甲午","1","1","2"
"尚书左仆射山简","1","1","2"
"司隶校尉刘暾尚","2","0","2"
"隶校尉刘暾尚书","2","0","2"
"遣车骑将军王堪","1","1","2"
"遣平北将军曹武","1","1","2"
"安北将军王斌遇","1","1","2"
"北将军王斌遇害","1","1","2"
"四年春正月乙丑","1","1","2"
"州刺史袁孚战败","1","1","2"
"征东大将军苟晞","1","1","2"
"徐州刺史裴盾共","1","1","2"
"百官流亡者十八","2","0","2"
"官流亡者十八九","2","0","2"
"镇南府牙门将胡","1","1","2"
"南府牙门将胡亢","1","1","2"
"府牙门将胡亢聚","1","1","2"
"牙门将胡亢聚众","1","1","2"
"前抚军长史王毗","1","1","2"
"建兴元年夏四月","1","1","2"
"兴元年夏四月丙","1","1","2"
"元年夏四月丙午","1","1","2"
"遣殿中都尉刘蜀","1","1","2"
"荆州刺史陶侃讨","1","1","2"
"二年春正月己巳","1","1","2"
"年春正月己巳朔","2","0","2"
"害南广太守孟桓","1","1","2"
"始平太守竺恢等","1","1","2"
"散骑常侍华辑监","1","1","2"
"使豫章内史周广","1","1","2"
"前江州刺史卫展","1","1","2"
"江州刺史卫展讨","1","1","2"
"建武元年春二月","1","1","2"
"平西将军祖逖击","1","1","2"
"荆州刺史第五猗","1","1","2"
"王敦使武昌太守","1","1","2"
"敦使武昌太守赵","1","1","2"
"使武昌太守赵诱","1","1","2"
"陵江将军黄峻讨","1","1","2"
"梁州刺史周访讨","1","1","2"
"年春正月戊申朔","2","0","2"
"都督司州诸军事","1","1","2"
"彭城内史周抚杀","1","1","2"
"使冠军将军梁堪","1","1","2"
"守太常马龟等修","1","1","2"
"太常马龟等修复","1","1","2"
"太山太守徐龛斩","1","1","2"
"太常贺循开府仪","1","1","2"
"常贺循开府仪同","1","1","2"
"贺循开府仪同三","1","1","2"
"循开府仪同三司","1","1","2"
"遣太子左卫率羊","1","1","2"
"太子左卫率羊鉴","1","1","2"
"徐州刺史蔡豹讨","1","1","2"
"平北将军祖逖使","1","1","2"
"北将军祖逖使督","1","1","2"
"将军祖逖使督护","1","1","2"
"军祖逖使督护陈","1","1","2"
"祖逖使督护陈超","1","1","2"
"逖使督护陈超袭","1","1","2"
"年春正月丁酉朔","2","0","2"
"冀雍六州诸军事","1","1","2"
"征西将军戴若思","1","1","2"
"右将军周札守石","1","1","2"
"将军周札守石头","1","1","2"
"遣平南将军陶侃","1","1","2"
"镇南大将军甘卓","1","1","2"
"将石季龙攻陷太","1","1","2"
"石季龙攻陷太山","1","1","2"
"都督荆梁二州诸","1","1","2"
"督荆梁二州诸军","1","1","2"
"荆梁二州诸军事","1","1","2"
"都督青徐幽平四","2","0","2"
"督青徐幽平四州","2","0","2"
"青徐幽平四州诸","2","0","2"
"徐幽平四州诸军","2","0","2"
"幽平四州诸军事","2","0","2"
"尚书左仆射邓攸","1","1","2"
"临淮太守刘矫击","1","1","2"
"都督江州诸军事","1","1","2"
"李雄将张龙寇涪","2","0","2"
"雄将张龙寇涪陵","2","0","2"
"加司徒王导大司","2","0","2"
"司徒王导大司马","2","0","2"
"都督中外征讨诸","1","1","2"
"督中外征讨诸军","1","1","2"
"中外征讨诸军事","1","1","2"
"下邳内史夏侯嘉","1","1","2"
"镇南司马曾勰等","1","1","2"
"南司马曾勰等击","1","1","2"
"右卫将军刘超谋","1","1","2"
"南中郎将周抚退","1","1","2"
"中郎将周抚退归","1","1","2"
"郎将周抚退归武","1","1","2"
"将周抚退归武昌","1","1","2"
"太守杨谦退归宜","1","1","2"
"守杨谦退归宜都","1","1","2"
"司空郗鉴都督吴","1","1","2"
"空郗鉴都督吴国","1","1","2"
"郗鉴都督吴国诸","1","1","2"
"鉴都督吴国诸军","1","1","2"
"都督吴国诸军事","1","1","2"
"司徒中郎匡术攻","1","1","2"
"束帛征处士寻阳","2","0","2"
"帛征处士寻阳翟","2","0","2"
"征处士寻阳翟汤","2","0","2"
"镇西大将军张骏","1","1","2"
"平西将军庾亮都","1","1","2"
"西将军庾亮都督","1","1","2"
"将军庾亮都督江","1","1","2"
"元年春正月庚午","2","0","2"
"年春正月庚午朔","2","0","2"
"赐鳏寡孤独能存","2","0","2"
"鳏寡孤独能存者","2","0","2"
"龙骧将军路永戍","1","1","2"
"南中郎将王国退","1","1","2"
"建威将军司马勋","1","1","2"
"威将军司马勋安","1","1","2"
"护军将军何充录","1","1","2"
"军将军何充录尚","1","1","2"
"将军何充录尚书","1","1","2"
"军何充录尚书事","1","1","2"
"左光禄大夫陆玩","1","1","2"
"建元元年春正月","1","1","2"
"安西将军庾翼征","2","0","2"
"将刘宁攻陷狄道","1","1","2"
"琅邪内史桓温都","1","1","2"
"邪内史桓温都督","1","1","2"
"内史桓温都督青","1","1","2"
"元年春正月甲戌","1","1","2"
"戴羲等杀冠军将","1","1","2"
"羲等杀冠军将军","1","1","2"
"等杀冠军将军曹","1","1","2"
"益州刺史周抚镇","1","1","2"
"州刺史周抚镇彭","1","1","2"
"刺史周抚镇彭模","1","1","2"
"振威护军萧敬文","1","1","2"
"害征虏将军杨谦","1","1","2"
"五年春正月辛巳","1","1","2"
"石季龙僭皇帝位","2","0","2"
"征北大将军褚裒","1","1","2"
"西中郎将陈逵焚","1","1","2"
"七年春正月丁酉","1","1","2"
"太常赵拔修复山","1","1","2"
"常赵拔修复山陵","1","1","2"
"平西将军周抚讨","1","1","2"
"荥阳太守刘遂戍","1","1","2"
"阳太守刘遂戍仓","1","1","2"
"太守刘遂戍仓垣","1","1","2"
"九年春正月乙卯","1","1","2"
"交州刺史阮敷讨","1","1","2"
"中军将军殷浩进","1","1","2"
"殷浩使部将刘启","1","1","2"
"十年春正月己酉","1","1","2"
"苻健将苻雄悉众","1","1","2"
"十一年春正月甲","1","1","2"
"一年春正月甲辰","1","1","2"
"冠军将军高季大","1","1","2"
"十二年春正月丁","1","1","2"
"升平元年春正月","1","1","2"
"平元年春正月壬","1","1","2"
"元年春正月壬戌","1","1","2"
"三年春三月甲辰","1","1","2"
"五年春正月戊戌","1","1","2"
"显宗成皇帝顾命","1","1","2"
"傅末波攻陷小垒","1","1","2"
"西中郎将袁真进","1","1","2"
"兴宁元年春二月","1","1","2"
"宁元年春二月己","1","1","2"
"元年春二月己亥","1","1","2"
"大司马桓温帅众","2","0","2"
"江州刺史桓冲讨","1","1","2"
"慕容将慕容尘","2","0","2"
"慕容将慕容评","2","0","2"
"江夏相刘岵击退","1","1","2"
"江夏相刘岵等凿","1","1","2"
"夏相刘岵等凿阳","1","1","2"
"相刘岵等凿阳仪","1","1","2"
"刘岵等凿阳仪道","1","1","2"
"冠军将军陈祐留","1","1","2"
"三年春正月庚申","1","1","2"
"兴宁三年二月丙","1","1","2"
"宁三年二月丙申","1","1","2"
"匈奴左贤王卫辰","1","1","2"
"督护桓罴攻南郑","1","1","2"
"荆州刺史桓豁救","1","1","2"
"四年夏四月庚戌","1","1","2"
"益州妖贼李金根","1","1","2"
"州妖贼李金根聚","1","1","2"
"梓潼太守周虓讨","1","1","2"
"散骑侍郎刘享收","1","1","2"
"吴国内史刁彝防","1","1","2"
"国内史刁彝防卫","1","1","2"
"弟子殿中监许龙","1","1","2"
"太元十一年十月","1","1","2"
"元十一年十月甲","1","1","2"
"十一年十月甲申","1","1","2"
"建元元年夏五月","1","1","2"
"元元年夏五月癸","1","1","2"
"元年夏五月癸丑","1","1","2"
"大司马桓温率百","1","1","2"
"司马桓温率百官","1","1","2"
"马桓温率百官进","1","1","2"
"冠军将军毛武生","1","1","2"
"军将军毛武生都","1","1","2"
"将军毛武生都督","1","1","2"
"军毛武生都督荆","1","1","2"
"毛武生都督荆州","1","1","2"
"二年春正月辛丑","1","1","2"
"前护军将军庚希","1","1","2"
"东海内史周少孙","1","1","2"
"海内史周少孙讨","1","1","2"
"咸安二年秋七月","1","1","2"
"崇德太后临朝摄","1","1","2"
"车骑将军桓冲都","1","1","2"
"骑将军桓冲都督","1","1","2"
"将军桓冲都督荆","1","1","2"
"督江南晋陵诸军","1","1","2"
"襄阳太守桓石虔","1","1","2"
"西中郎将桓伊等","1","1","2"
"道子录尚书六条","1","1","2"
"子录尚书六条事","1","1","2"
"前句町王翟辽背","1","1","2"
"崇德皇太后褚氏","1","1","2"
"龙骧将军檀玄追","1","1","2"
"大都督十五州诸","1","1","2"
"都督十五州诸军","1","1","2"
"督十五州诸军事","1","1","2"
"前辅国将军杨亮","1","1","2"
"沔中九郡诸军事","1","1","2"
"开府仪同三司谢","1","1","2"
"府仪同三司谢石","1","1","2"
"都督荆益宁三州","2","0","2"
"督荆益宁三州诸","2","0","2"
"荆益宁三州诸军","2","0","2"
"益宁三州诸军事","2","0","2"
"荆州刺史桓石虔","1","1","2"
"尚书左仆射陆纳","1","1","2"
"沔中诸郡兗州大","2","0","2"
"中诸郡兗州大水","2","0","2"
"北平原太守辟闾","1","1","2"
"平原太守辟闾浑","1","1","2"
"原太守辟闾浑讨","1","1","2"
"近海四县人多死","2","0","2"
"龙骧将军杨佺期","1","1","2"
"太元十二年八月","1","1","2"
"讨伐尚书左仆射","1","1","2"
"伐尚书左仆射王","1","1","2"
"尚书左仆射王国","1","1","2"
"书左仆射王国宝","1","1","2"
"宁朔将军邓启方","1","1","2"
"征虏将军会稽王","1","1","2"
"前新安太守杜炯","1","1","2"
"范胡达攻陷日南","1","1","2"
"河南太守辛恭靖","1","1","2"
"临海太守新蔡王","1","1","2"
"海太守新蔡王司","1","1","2"
"太守新蔡王司马","1","1","2"
"守新蔡王司马崇","1","1","2"
"义兴太守魏隐都","1","1","2"
"兴太守魏隐都弃","1","1","2"
"太守魏隐都弃官","1","1","2"
"南蛮校尉杨佺期","2","0","2"
"冀州刺史刘轨背","1","1","2"
"州刺史刘轨背叛","1","1","2"
"杀尚书左仆射王","1","1","2"
"尚书左仆射王愉","1","1","2"
"子荆州刺史王绥","1","1","2"
"子慕容超继承伪","1","1","2"
"慕容超继承伪位","1","1","2"
"建威主簿徐惠子","1","1","2"
"威主簿徐惠子等","1","1","2"
"主簿徐惠子等人","1","1","2"
"凉武昭王玄盛派","1","1","2"
"梁州刺史杨孜敬","1","1","2"
"封车骑将军刘裕","1","1","2"
"持节监督征讨蜀","1","1","2"
"冯跋杀死慕容熙","1","1","2"
"慕容兴宗侵犯宿","1","1","2"
"容兴宗侵犯宿豫","1","1","2"
"阳平太守刘千载","1","1","2"
"车骑将军刘裕率","1","1","2"
"刘裕率军队讨伐","1","1","2"
"刘裕进攻慕容超","1","1","2"
"尚书左仆射孟昶","1","1","2"
"德文都督宫城诸","1","1","2"
"文都督宫城诸军","1","1","2"
"军将军刘敬宣屯","1","1","2"
"将军刘敬宣屯兵","1","1","2"
"军刘敬宣屯兵北","1","1","2"
"刘敬宣屯兵北郊","1","1","2"
"辅国将军孟怀玉","1","1","2"
"国将军孟怀玉屯","1","1","2"
"将军孟怀玉屯兵","1","1","2"
"军孟怀玉屯兵南","1","1","2"
"孟怀玉屯兵南岸","1","1","2"
"建武将军王仲德","1","1","2"
"武将军王仲德屯","1","1","2"
"将军王仲德屯兵","1","1","2"
"军王仲德屯兵越","1","1","2"
"王仲德屯兵越城","1","1","2"
"广武将军刘怀默","1","1","2"
"武将军刘怀默屯","1","1","2"
"将军刘怀默屯兵","1","1","2"
"军刘怀默屯兵建","1","1","2"
"刘怀默屯兵建阳","1","1","2"
"怀默屯兵建阳门","1","1","2"
"辅国将军王仲德","1","1","2"
"河间内史蒯恩等","1","1","2"
"间内史蒯恩等率","1","1","2"
"征西大将军刘道","1","1","2"
"西大将军刘道规","1","1","2"
"朱龄石攻克成都","1","1","2"
"西南夷铜头大师","1","1","2"
"南夷铜头大师都","1","1","2"
"尚书左仆射谢裕","1","1","2"
"任命尚书右仆射","1","1","2"
"尚书右仆射刘穆","1","1","2"
"年春正月甲戌初","1","1","2"
"春正月甲戌初一","1","1","2"
"徐道期攻陷广州","1","1","2"
"青州刺史沈田子","1","1","2"
"升任车骑大将军","1","1","2"
"时太尉刘裕都督","1","1","2"
"太尉刘裕都督中","1","1","2"
"尉刘裕都督中外","1","1","2"
"刘裕都督中外诸","1","1","2"
"裕都督中外诸军","1","1","2"
"骠骑将军刘道怜","1","1","2"
"后中垒校尉刘向","1","1","2"
"汉秘书郎郗萌记","1","1","2"
"周天三百六十五","2","0","2"
"天三百六十五度","2","0","2"
"三百六十五度五","1","1","2"
"百六十五度五百","1","1","2"
"六十五度五百八","1","1","2"
"十五度五百八十","1","1","2"
"五度五百八十九","1","1","2"
"五百八十九分度","1","1","2"
"百八十二度半强","2","0","2"
"二百一十九度少","2","0","2"
"百一十九度少弱","2","0","2"
"日昼行地上度稍","2","0","2"
"三十二万九千四","1","1","2"
"十二万九千四百","1","1","2"
"二万九千四百一","1","1","2"
"万九千四百一里","1","1","2"
"九千四百一里一","1","1","2"
"千四百一里一百","1","1","2"
"四百一里一百二","1","1","2"
"百一里一百二十","1","1","2"
"一里一百二十二","1","1","2"
"里一百二十二步","1","1","2"
"一百二十二步二","1","1","2"
"百二十二步二尺","1","1","2"
"二十二步二尺二","1","1","2"
"十二步二尺二寸","1","1","2"
"二步二尺二寸一","1","1","2"
"步二尺二寸一分","1","1","2"
"二尺二寸一分七","1","1","2"
"尺二寸一分七十","1","1","2"
"二寸一分七十一","1","1","2"
"寸一分七十一分","1","1","2"
"一分七十一分分","1","1","2"
"八万一千三百九","1","1","2"
"一千三百九十四","1","1","2"
"千三百九十四里","1","1","2"
"三百九十四里三","1","1","2"
"百九十四里三十","1","1","2"
"九十四里三十步","1","1","2"
"十四里三十步五","1","1","2"
"四里三十步五尺","1","1","2"
"里三十步五尺三","1","1","2"
"三十步五尺三寸","1","1","2"
"十步五尺三寸六","1","1","2"
"步五尺三寸六分","1","1","2"
"十六万二千七百","1","1","2"
"六万二千七百八","1","1","2"
"万二千七百八十","1","1","2"
"二千七百八十八","1","1","2"
"千七百八十八里","1","1","2"
"七百八十八里六","1","1","2"
"百八十八里六十","1","1","2"
"八十八里六十一","1","1","2"
"十八里六十一步","1","1","2"
"八里六十一步四","1","1","2"
"里六十一步四尺","1","1","2"
"六十一步四尺七","1","1","2"
"十一步四尺七寸","1","1","2"
"一步四尺七寸二","1","1","2"
"步四尺七寸二分","1","1","2"
"五十一万三千六","1","1","2"
"十一万三千六百","1","1","2"
"一万三千六百八","1","1","2"
"万三千六百八十","1","1","2"
"三千六百八十七","1","1","2"
"千六百八十七里","1","1","2"
"六百八十七里六","1","1","2"
"百八十七里六十","1","1","2"
"八十七里六十八","1","1","2"
"十七里六十八步","1","1","2"
"七里六十八步一","1","1","2"
"里六十八步一尺","1","1","2"
"六十八步一尺八","1","1","2"
"十八步一尺八寸","1","1","2"
"八步一尺八寸二","1","1","2"
"步一尺八寸二分","1","1","2"
"五十五万七千三","1","1","2"
"十五万七千三百","1","1","2"
"五万七千三百一","1","1","2"
"七千三百一十七","1","1","2"
"千三百一十七里","1","1","2"
"一丈四尺六寸一","1","1","2"
"丈四尺六寸一分","1","1","2"
"一丈九寸五分四","1","1","2"
"丈九寸五分四分","1","1","2"
"九寸五分四分分","1","1","2"
"万一千五百二十","1","1","2"
"一千四百六十四","1","1","2"
"庙堂祭祀祝祷事","1","1","2"
"西北星主积金玉","1","1","2"
"东井二十九度上","1","1","2"
"井二十九度上党","1","1","2"
"命武陵太守刘睿","1","1","2"
"太安二年八月庚","1","1","2"
"安二年八月庚午","1","1","2"
"穆帝升平五年八","1","1","2"
"帝升平五年八月","1","1","2"
"元帝太兴二年八","1","1","2"
"帝太兴二年八月","1","1","2"
"太兴二年八月戊","1","1","2"
"兴二年八月戊戌","1","1","2"
"安帝隆安五年闰","1","1","2"
"帝隆安五年闰月","1","1","2"
"隆安五年闰月癸","1","1","2"
"安五年闰月癸丑","1","1","2"
"黄初二年六月戊","1","1","2"
"初二年六月戊辰","1","1","2"
"五年十一月戊戌","1","1","2"
"青龙元年闰月庚","1","1","2"
"龙元年闰月庚寅","1","1","2"
"少帝正始元年七","1","1","2"
"帝正始元年七月","1","1","2"
"正始元年七月戊","1","1","2"
"始元年七月戊申","1","1","2"
"嘉平元年二月二","1","1","2"
"平元年二月二月","1","1","2"
"高贵乡公甘露四","1","1","2"
"贵乡公甘露四年","1","1","2"
"乡公甘露四年七","1","1","2"
"公甘露四年七月","1","1","2"
"甘露四年七月戊","1","1","2"
"露四年七月戊子","1","1","2"
"元帝景元二年五","1","1","2"
"帝景元二年五月","1","1","2"
"景元二年五月丁","1","1","2"
"元二年五月丁未","1","1","2"
"武帝泰始二年七","1","1","2"
"帝泰始二年七月","1","1","2"
"泰始二年七月丙","1","1","2"
"始二年七月丙午","1","1","2"
"咸宁元年七月甲","1","1","2"
"宁元年七月甲申","1","1","2"
"太康四年三月辛","1","1","2"
"康四年三月辛丑","1","1","2"
"永熙元年四月庚","1","1","2"
"熙元年四月庚申","1","1","2"
"惠帝元庚九年十","1","1","2"
"帝元庚九年十一","1","1","2"
"元庚九年十一月","1","1","2"
"庚九年十一月甲","1","1","2"
"九年十一月甲子","1","1","2"
"永宁元年闰月丙","1","1","2"
"宁元年闰月丙戌","1","1","2"
"光熙元年正月戊","1","1","2"
"熙元年正月戊子","1","1","2"
"嘉元年十一月戊","1","1","2"
"元年十一月戊申","1","1","2"
"建兴四年六月丁","1","1","2"
"兴四年六月丁巳","1","1","2"
"太兴元年四月丁","1","1","2"
"兴元年四月丁丑","1","1","2"
"明帝太宁三年十","1","1","2"
"帝太宁三年十一","1","1","2"
"太宁三年十一月","1","1","2"
"宁三年十一月癸","1","1","2"
"见王导夫人曹氏","1","1","2"
"咸康元年十月乙","1","1","2"
"康元年十月乙未","1","1","2"
"十二年十月癸巳","1","1","2"
"升平四年八月辛","1","1","2"
"平四年八月辛丑","1","1","2"
"孝武帝宁康三年","1","1","2"
"武帝宁康三年十","1","1","2"
"帝宁康三年十月","1","1","2"
"宁康三年十月癸","1","1","2"
"康三年十月癸酉","1","1","2"
"太元四年闰月己","1","1","2"
"元四年闰月己酉","1","1","2"
"十七年五月丁卯","1","1","2"
"二十年三月庚辰","1","1","2"
"安帝隆安四年六","1","1","2"
"帝隆安四年六月","1","1","2"
"隆安四年六月庚","1","1","2"
"安四年六月庚辰","1","1","2"
"元兴二年四月癸","1","1","2"
"兴二年四月癸巳","1","1","2"
"义熙三年七月戊","1","1","2"
"熙三年七月戊戌","1","1","2"
"十一年七月辛亥","1","1","2"
"十三年正月甲戌","1","1","2"
"恭帝元熙元年十","1","1","2"
"帝元熙元年十一","1","1","2"
"元熙元年十一月","1","1","2"
"熙元年十一月丁","1","1","2"
"元年十一月丁亥","1","1","2"
"武帝泰始五年七","1","1","2"
"帝泰始五年七月","1","1","2"
"泰始五年七月甲","1","1","2"
"始五年七月甲寅","1","1","2"
"惠帝元康元年十","1","1","2"
"帝元康元年十一","1","1","2"
"元康元年十一月","1","1","2"
"康元年十一月甲","1","1","2"
"元年十一月甲申","1","1","2"
"永康元年正月癸","1","1","2"
"康元年正月癸亥","1","1","2"
"太安元年十一月","1","1","2"
"嘉元年十一月乙","1","1","2"
"元年十一月乙亥","1","1","2"
"建兴二年正月辛","1","1","2"
"兴二年正月辛未","1","1","2"
"二年正月辛未辰","1","1","2"
"年正月辛未辰时","1","1","2"
"太宁元年正月乙","1","1","2"
"宁元年正月乙卯","1","1","2"
"骠骑将军戴若思","1","1","2"
"骑将军戴若思等","1","1","2"
"十一年三月戊申","1","1","2"
"升平三年十月丙","1","1","2"
"平三年十月丙午","1","1","2"
"三年九月戊辰夜","1","1","2"
"太元十三年二月","1","1","2"
"元十三年二月庚","1","1","2"
"十三年二月庚子","1","1","2"
"稽王世子元显专","1","1","2"
"王世子元显专行","1","1","2"
"四年十一月辛亥","1","1","2"
"恭帝元熙二年正","1","1","2"
"帝元熙二年正月","1","1","2"
"元熙二年正月壬","1","1","2"
"熙二年正月壬辰","1","1","2"
"文帝黄初四年十","1","1","2"
"帝黄初四年十一","1","1","2"
"黄初四年十一月","1","1","2"
"怀帝永嘉五年三","1","1","2"
"帝永嘉五年三月","1","1","2"
"永嘉五年三月壬","1","1","2"
"嘉五年三月壬申","1","1","2"
"五年三月壬申丙","1","1","2"
"年三月壬申丙夜","1","1","2"
"义熙九年十二月","1","1","2"
"熙九年十二月辛","1","1","2"
"九年十二月辛卯","1","1","2"
"十一年十一月乙","1","1","2"
"一年十一月乙未","1","1","2"
"五年十二月甲辰","1","1","2"
"青龙二年十月乙","1","1","2"
"龙二年十月乙丑","1","1","2"
"景初元年十月丁","1","1","2"
"初元年十月丁未","1","1","2"
"齐王嘉平元年正","1","1","2"
"王嘉平元年正月","1","1","2"
"嘉平元年正月甲","1","1","2"
"平元年正月甲午","1","1","2"
"等率众奉帝伐成","1","1","2"
"率众奉帝伐成都","1","1","2"
"众奉帝伐成都王","1","1","2"
"元帝太兴二年十","1","1","2"
"帝太兴二年十一","1","1","2"
"太兴二年十一月","1","1","2"
"兴二年十一月辛","1","1","2"
"四年十二月丁亥","1","1","2"
"镇北将军刘隗奔","2","0","2"
"平元年十一月壬","1","1","2"
"元年十一月壬午","1","1","2"
"五年正月乙丑辰","1","1","2"
"年正月乙丑辰时","1","1","2"
"四年十二月乙未","1","1","2"
"元兴元年四月辛","1","1","2"
"兴元年四月辛丑","1","1","2"
"义熙元年四月己","1","1","2"
"熙元年四月己卯","1","1","2"
"二年十二月丙午","1","1","2"
"刘裕大军北讨慕","1","1","2"
"裕大军北讨慕容","1","1","2"
"大军北讨慕容超","1","1","2"
"十四年四月壬申","1","1","2"
"建武元年五月癸","1","1","2"
"武元年五月癸未","1","1","2"
"元帝太兴二年七","1","1","2"
"帝太兴二年七月","1","1","2"
"太兴二年七月甲","1","1","2"
"四年十二月癸丑","1","1","2"
"八年十二月己酉","1","1","2"
"建元元年八月丁","1","1","2"
"元元年八月丁未","1","1","2"
"穆帝永四年五月","2","0","2"
"升平二年八月戊","1","1","2"
"平二年八月戊午","1","1","2"
"简文咸安二年正","1","1","2"
"文咸安二年正月","1","1","2"
"咸安二年正月己","1","1","2"
"安二年正月己酉","1","1","2"
"孝武宁康二年十","1","1","2"
"武宁康二年十一","1","1","2"
"宁康二年十一月","1","1","2"
"康二年十一月癸","1","1","2"
"二年十一月癸酉","1","1","2"
"十七年九月丁丑","1","1","2"
"义熙二年十二月","1","1","2"
"熙二年十二月丁","1","1","2"
"二年十二月丁未","1","1","2"
"十四年十月癸巳","1","1","2"
"恭帝元熙元年三","1","1","2"
"帝元熙元年三月","1","1","2"
"元熙元年三月五","1","1","2"
"熙元年三月五日","1","1","2"
"郡国一百七十三","1","1","2"
"径三十五万六千","1","1","2"
"三十五万六千九","1","1","2"
"十五万六千九百","1","1","2"
"五万六千九百七","1","1","2"
"万六千九百七十","1","1","2"
"六千九百七十里","1","1","2"
"千三百七十一万","1","1","2"
"三百七十一万四","1","1","2"
"百七十一万四千","1","1","2"
"七十一万四千九","1","1","2"
"十一万四千九百","1","1","2"
"一万四千九百三","1","1","2"
"万四千九百三十","1","1","2"
"四千九百三十三","1","1","2"
"街路三千六百井","1","1","2"
"千二百二十三万","1","1","2"
"二百二十三万三","1","1","2"
"百二十三万三千","1","1","2"
"五千九百五十九","1","1","2"
"千九百五十九万","1","1","2"
"九百五十九万四","1","1","2"
"百五十九万四千","1","1","2"
"五十九万四千九","1","1","2"
"九万四千九百七","1","1","2"
"万四千九百七十","1","1","2"
"四千九百七十八","1","1","2"
"地东西九千三百","1","1","2"
"万三千三百六十","1","1","2"
"三千三百六十八","1","1","2"
"千三百六十八里","1","1","2"
"六十七万七千九","1","1","2"
"十七万七千九百","1","1","2"
"七万七千九百六","1","1","2"
"万七千九百六十","1","1","2"
"五千六百四十八","1","1","2"
"千六百四十八万","1","1","2"
"六百四十八万六","1","1","2"
"百四十八万六千","1","1","2"
"四十八万六千八","1","1","2"
"十八万六千八百","1","1","2"
"八万六千八百五","1","1","2"
"万六千八百五十","1","1","2"
"六千八百五十六","1","1","2"
"二百四十五万九","1","1","2"
"百四十五万九千","1","1","2"
"四十五万九千八","1","1","2"
"十五万九千八百","1","1","2"
"五万九千八百四","1","1","2"
"万九千八百四十","1","1","2"
"一千六百一十六","1","1","2"
"千六百一十六万","1","1","2"
"六百一十六万三","1","1","2"
"百一十六万三千","1","1","2"
"一十六万三千八","1","1","2"
"十六万三千八百","1","1","2"
"六万三千八百六","1","1","2"
"万三千八百六十","1","1","2"
"三千八百六十三","1","1","2"
"四十七万五千七","1","1","2"
"十七万五千七百","1","1","2"
"十一万四千四百","1","1","2"
"巩周孝王封周桓","1","1","2"
"周孝王封周桓公","1","1","2"
"河阴新安函谷关","1","1","2"
"阴新安函谷关所","1","1","2"
"汉武陵郡孱陵县","1","1","2"
"武陵郡孱陵县界","1","1","2"
"定陶汉高祖封彭","1","1","2"
"陶汉高祖封彭越","1","1","2"
"新汲长平汝南郡","1","1","2"
"属辽东属国都尉","1","1","2"
"粟邑莲芍郃阳夏","1","1","2"
"邑莲芍郃阳夏阳","1","1","2"
"莲芍郃阳夏阳故","1","1","2"
"芍郃阳夏阳故少","1","1","2"
"郃阳夏阳故少梁","1","1","2"
"兗州刺史镇仓垣","2","0","2"
"匈奴铸金人祭天","1","1","2"
"立南北二阴平郡","1","1","2"
"四千一百二十一","1","1","2"
"丘华费鲁季氏邑","1","1","2"
"后汉献帝建安十","1","1","2"
"汉献帝建安十三","1","1","2"
"献帝建安十三年","1","1","2"
"分南阳立义阳郡","1","1","2"
"三十五万七千五","1","1","2"
"十五万七千五百","1","1","2"
"五万七千五百四","1","1","2"
"万七千五百四十","1","1","2"
"七千五百四十八","1","1","2"
"一万一千四百四","1","1","2"
"万一千四百四十","1","1","2"
"一千四百四十八","1","1","2"
"祁阳零陵营浦洮","1","1","2"
"阳零陵营浦洮阳","1","1","2"
"零陵营浦洮阳永","1","1","2"
"陵营浦洮阳永昌","1","1","2"
"营浦洮阳永昌观","1","1","2"
"浦洮阳永昌观阳","1","1","2"
"洮阳永昌观阳营","1","1","2"
"阳永昌观阳营道","1","1","2"
"永昌观阳营道春","1","1","2"
"昌观阳营道春陵","1","1","2"
"观阳营道春陵泠","1","1","2"
"阳营道春陵泠道","1","1","2"
"营道春陵泠道应","1","1","2"
"道春陵泠道应阳","1","1","2"
"春陵泠道应阳东","1","1","2"
"陵泠道应阳东界","1","1","2"
"营阳六郡属湘州","1","1","2"
"庐陵南部十四郡","1","1","2"
"三十一万一千四","1","1","2"
"十一万一千四百","1","1","2"
"丹杨丹杨山多赤","1","1","2"
"杨丹杨山多赤柳","1","1","2"
"湖芜湖永世溧阳","1","1","2"
"芜湖永世溧阳溧","1","1","2"
"湖永世溧阳溧水","1","1","2"
"嘉兴海盐盐官钱","1","1","2"
"柴桑二县置寻阳","1","1","2"
"桑二县置寻阳郡","1","1","2"
"历阳二县置历阳","1","1","2"
"阳二县置历阳郡","1","1","2"
"蜀建宁太守霍弋","1","1","2"
"建宁太守霍弋遥","1","1","2"
"四万三千一百二","1","1","2"
"万三千一百二十","1","1","2"
"奚景泠道舜祠下","2","0","2"
"汲郡盗发六国时","2","0","2"
"郡盗发六国时魏","2","0","2"
"盗发六国时魏襄","2","0","2"
"发六国时魏襄王","2","0","2"
"六国时魏襄王冢","2","0","2"
"所宣养六气九德","2","0","2"
"所宣布哲人令德","2","0","2"
"太子舍人张光等","1","1","2"
"令铸铜工柴玉铸","1","1","2"
"铸铜工柴玉铸钟","1","1","2"
"太乐郎刘秀等校","1","1","2"
"问协律中郎将列","1","1","2"
"依十二律作十二","1","1","2"
"大吕笛长二尺六","1","1","2"
"吕笛长二尺六寸","1","1","2"
"邓昊等依律作大","1","1","2"
"昊等依律作大吕","1","1","2"
"等依律作大吕笛","1","1","2"
"重作蕤宾伏孔笛","1","1","2"
"长二尺八寸四分","1","1","2"
"长二尺六寸六分","1","1","2"
"二尺六寸六分三","1","1","2"
"尺六寸六分三厘","1","1","2"
"长二尺五寸三分","1","1","2"
"二尺五寸三分一","1","1","2"
"尺五寸三分一厘","1","1","2"
"长二尺二寸三分","1","1","2"
"二尺二寸三分三","1","1","2"
"尺二寸三分三厘","1","1","2"
"长三尺九寸九分","1","1","2"
"三尺九寸九分五","1","1","2"
"尺九寸九分五厘","1","1","2"
"长三尺七寸九分","1","1","2"
"三尺七寸九分七","1","1","2"
"尺七寸九分七厘","1","1","2"
"长三尺三寸七分","1","1","2"
"长二尺九寸九分","1","1","2"
"二尺九寸九分六","1","1","2"
"尺九寸九分六厘","1","1","2"
"八寸二百四十三","2","0","2"
"寸二千一百八十","2","0","2"
"百八十七分寸一","2","0","2"
"八十七分寸一千","2","0","2"
"一千六百三十一","1","1","2"
"六千四百八十七","1","1","2"
"六寸万九千六百","2","0","2"
"百八十三分寸万","2","0","2"
"八十三分寸万二","2","0","2"
"十三分寸万二千","2","0","2"
"三分寸万二千九","2","0","2"
"分寸万二千九百","2","0","2"
"寸万二千九百七","2","0","2"
"六千五百二十四","1","1","2"
"弘农宜阳县金门","1","1","2"
"农宜阳县金门山","1","1","2"
"零陵文学史奚景","1","1","2"
"荀勖尺一尺六分","1","1","2"
"勖尺一尺六分二","1","1","2"
"尺一尺六分二厘","1","1","2"
"一千五百六十二","1","1","2"
"一尺四寸一分四","1","1","2"
"尺四寸一分四毫","1","1","2"
"四寸一分四毫七","1","1","2"
"寸一分四毫七秒","1","1","2"
"一分四毫七秒二","1","1","2"
"分四毫七秒二忽","1","1","2"
"一千六百二十七","1","1","2"
"一尺三寸五分五","1","1","2"
"尺三寸五分五厘","1","1","2"
"一千四百四十一","1","1","2"
"径一尺三寸六分","1","1","2"
"一尺三寸六分八","1","1","2"
"尺三寸六分八厘","1","1","2"
"三寸六分八厘七","1","1","2"
"寸六分八厘七毫","1","1","2"
"赵石勒十八年七","1","1","2"
"石勒十八年七月","1","1","2"
"千八百八十三纪","2","0","2"
"八百八十三纪法","2","0","2"
"黄初二年六月二","1","1","2"
"初二年六月二十","1","1","2"
"二年六月二十九","1","1","2"
"年六月二十九日","1","1","2"
"六月二十九日戊","1","1","2"
"月二十九日戊辰","1","1","2"
"年十一月二十九","1","1","2"
"十一月二十九日","1","1","2"
"一月二十九日庚","1","1","2"
"月二十九日庚申","1","1","2"
"二十九日庚申加","1","1","2"
"十九日庚申加时","1","1","2"
"九日庚申加时西","1","1","2"
"日庚申加时西南","1","1","2"
"庚申加时西南维","1","1","2"
"申加时西南维日","1","1","2"
"二年七月十五日","1","1","2"
"年七月十五日癸","1","1","2"
"七月十五日癸未","1","1","2"
"三年十一月十五","1","1","2"
"年十一月十五日","1","1","2"
"日加丑月加未蚀","1","1","2"
"三年五月二十四","1","1","2"
"年五月二十四日","1","1","2"
"五月二十四日丁","1","1","2"
"月二十四日丁亥","1","1","2"
"月十七日庚辰见","2","0","2"
"五月十五日戊寅","1","1","2"
"二年十一月二十","1","1","2"
"年十一月二十六","1","1","2"
"一月二十六日壬","1","1","2"
"月二十六日壬辰","1","1","2"
"十一月二十一日","1","1","2"
"一月二十一日丁","1","1","2"
"月二十一日丁亥","1","1","2"
"十一月十八日甲","1","1","2"
"一月十八日甲申","1","1","2"
"三年十月十一日","1","1","2"
"年十月十一日壬","1","1","2"
"十月十一日壬申","1","1","2"
"月十一日壬申伏","1","1","2"
"十月七日戊辰伏","1","1","2"
"年十一月二十二","1","1","2"
"一月二十二日壬","1","1","2"
"月二十二日壬子","1","1","2"
"三年闰六月十五","1","1","2"
"年闰六月十五日","1","1","2"
"闰六月十五日丁","1","1","2"
"六月十五日丁丑","1","1","2"
"六月二十二日乙","1","1","2"
"月二十二日乙卯","1","1","2"
"二十二日乙卯伏","1","1","2"
"三年九月十一日","1","1","2"
"年九月十一日壬","1","1","2"
"九月十一日壬寅","1","1","2"
"八月十八日庚辰","1","1","2"
"八月十五日丁丑","1","1","2"
"二年十一月十七","1","1","2"
"年十一月十七日","1","1","2"
"十一月十七日癸","1","1","2"
"一月十七日癸未","1","1","2"
"十一月十三日己","1","1","2"
"一月十三日己卯","1","1","2"
"二年十二月十三","1","1","2"
"年十二月十三日","1","1","2"
"十二月十三日己","1","1","2"
"二月十三日己酉","1","1","2"
"十二月十五日辛","1","1","2"
"二月十五日辛亥","1","1","2"
"月十五日辛亥伏","1","1","2"
"十二月十四日庚","1","1","2"
"二月十四日庚戌","1","1","2"
"月十四日庚戌伏","1","1","2"
"三年五月十八日","1","1","2"
"年五月十八日辛","1","1","2"
"五月十八日辛巳","1","1","2"
"三年六月十三日","1","1","2"
"年六月十三日丙","1","1","2"
"六月十三日丙午","1","1","2"
"月十三日丙午伏","1","1","2"
"六月二十日癸丑","1","1","2"
"月二十日癸丑伏","1","1","2"
"六月十九日壬子","1","1","2"
"月十九日壬子伏","1","1","2"
"三年闰六月二十","1","1","2"
"年闰六月二十五","1","1","2"
"闰六月二十五日","1","1","2"
"六月二十五日丁","1","1","2"
"月二十五日丁亥","1","1","2"
"三年七月七日己","1","1","2"
"年七月七日己亥","1","1","2"
"七月七日己亥伏","1","1","2"
"七月十日壬寅伏","1","1","2"
"十一月九日己亥","1","1","2"
"一月九日己亥伏","1","1","2"
"十一月八日戊戌","1","1","2"
"一月八日戊戌伏","1","1","2"
"三年十二月二十","1","1","2"
"年十二月二十八","1","1","2"
"二月二十八日戊","1","1","2"
"月二十八日戊子","1","1","2"
"置上元尽所求年","2","0","2"
"满二千三百五十","2","0","2"
"千三百五十六大","2","0","2"
"三百五十六大余","2","0","2"
"加合朔度九十八","2","0","2"
"五千八百三十二","1","1","2"
"二千二百八十三","1","1","2"
"加余八百三十七","1","1","2"
"少大分八百九十","1","1","2"
"大分八百九十九","1","1","2"
"所求月合朔入历","1","1","2"
"定日余乘损益率","2","0","2"
"入迟疾历夜半盈","1","1","2"
"迟疾历夜半盈缩","1","1","2"
"岁积七千三百七","2","0","2"
"三百九十五万九","1","1","2"
"百九十五万九千","1","1","2"
"九十五万九千二","1","1","2"
"十五万九千二百","1","1","2"
"五万九千二百五","1","1","2"
"万九千二百五十","1","1","2"
"九千二百五十八","1","1","2"
"五十一万一千七","1","1","2"
"十一万一千七百","1","1","2"
"前合朔小余满虚","2","0","2"
"朔小余满虚分者","2","0","2"
"万三千一十三分","2","0","2"
"晨伏东方八十二","1","1","2"
"行二百四十六度","1","1","2"
"星行分母乘见度","2","0","2"
"十六日百七十四","2","0","2"
"六日百七十四万","2","0","2"
"日百七十四万二","2","0","2"
"行星二度三百二","2","0","2"
"星二度三百二十","2","0","2"
"三万四千六百七","2","0","2"
"万四千六百七分","2","0","2"
"五十八日行十一","2","0","2"
"十八日行十一度","2","0","2"
"五十八日行九度","2","0","2"
"八十四日退十二","2","0","2"
"十四日退十二度","2","0","2"
"七十一日百四十","2","0","2"
"十一日百四十八","2","0","2"
"一日百四十八万","2","0","2"
"日百四十八万九","2","0","2"
"行星五十五度百","2","0","2"
"星五十五度百二","2","0","2"
"五十五度百二十","2","0","2"
"十五度百二十四","2","0","2"
"五度百二十四万","2","0","2"
"度百二十四万二","2","0","2"
"二千八百六十分","2","0","2"
"千八百六十分半","2","0","2"
"行二十三分十四","2","0","2"
"日行六十二分十","2","0","2"
"行六十二分十七","2","0","2"
"六十二日退十七","2","0","2"
"十二日退十七度","2","0","2"
"十六日百一十二","2","0","2"
"六日百一十二万","2","0","2"
"日百一十二万二","2","0","2"
"千四百二十六分","2","0","2"
"四百二十六分半","2","0","2"
"行星一度百九十","2","0","2"
"九十九万五千八","1","1","2"
"十九万五千八百","1","1","2"
"九万五千八百六","1","1","2"
"千八百六十四分","2","0","2"
"八百六十四分半","2","0","2"
"百九十万五千八","1","1","2"
"九十万五千八百","1","1","2"
"十万五千八百六","1","1","2"
"千二百七十二分","1","1","2"
"日行四十六分三","2","0","2"
"行四十六分三十","2","0","2"
"四十六分三十三","2","0","2"
"四十六日行三十","2","0","2"
"十六日行三十三","2","0","2"
"六日行三十三度","2","0","2"
"日行三十三度顺","2","0","2"
"一度九十一分十","2","0","2"
"九十一分二十二","2","0","2"
"一日行百一十三","2","0","2"
"日行百一十三度","2","0","2"
"四十一日五万六","2","0","2"
"十一日五万六千","2","0","2"
"一日五万六千九","2","0","2"
"行星五十度五万","2","0","2"
"五十度五万六千","1","1","2"
"十度五万六千九","1","1","2"
"五十度五万九千","1","1","2"
"十度五万九千九","1","1","2"
"度五万九千九百","1","1","2"
"五万九千九百五","1","1","2"
"九千九百五十四","1","1","2"
"日行一度四分一","2","0","2"
"二十日行二十五","2","0","2"
"十日行二十五度","2","0","2"
"十六日六百四十","2","0","2"
"六日六百四十一","2","0","2"
"行星三十二度六","2","0","2"
"星三十二度六百","2","0","2"
"次元甲子纪差率","1","1","2"
"望中节前后四日","2","0","2"
"中节前后四日者","2","0","2"
"中节前后五日上","2","0","2"
"节前后五日上者","2","0","2"
"小余五百九十二","1","1","2"
"小余四百八十三","1","1","2"
"十一月朔夜半月","1","1","2"
"月朔夜半月所度","2","0","2"
"朔夜半月所度分","2","0","2"
"月合朔日月所共","2","0","2"
"合朔日月所共合","2","0","2"
"朔日月所共合度","2","0","2"
"大分九百七十七","1","1","2"
"小分满通法大分","2","0","2"
"所入纪下交会差","2","0","2"
"入纪下交会差率","2","0","2"
"纪下交会差率数","2","0","2"
"下交会差率数加","2","0","2"
"正十一月合朔入","1","1","2"
"十一月合朔入历","1","1","2"
"八万六千五百四","1","1","2"
"万六千五百四十","1","1","2"
"二千三百八十五","1","1","2"
"十六日九十九万","2","0","2"
"六日九十九万七","2","0","2"
"日九十九万七千","2","0","2"
"八百三十二分行","2","0","2"
"百三十二分行星","2","0","2"
"三十二分行星二","2","0","2"
"十二分行星二度","2","0","2"
"二分行星二度百","2","0","2"
"分行星二度百七","2","0","2"
"行星二度百七十","2","0","2"
"星二度百七十九","2","0","2"
"二度百七十九万","2","0","2"
"度百七十九万五","2","0","2"
"五十七日行十一","2","0","2"
"十七日行十一度","2","0","2"
"五十七日行九度","2","0","2"
"七十二日百七十","2","0","2"
"十二日百七十九","2","0","2"
"二日百七十九万","2","0","2"
"日百七十九万二","2","0","2"
"六百一十五分行","2","0","2"
"百一十五分行星","2","0","2"
"一十五分行星五","2","0","2"
"十五分行星五十","2","0","2"
"五分行星五十六","2","0","2"
"分行星五十六度","2","0","2"
"行星五十六度百","2","0","2"
"星五十六度百二","2","0","2"
"五十六度百二十","2","0","2"
"十六度百二十四","2","0","2"
"六度百二十四万","2","0","2"
"度百二十四万九","2","0","2"
"十九日三百八十","2","0","2"
"九日三百八十四","2","0","2"
"日三百八十四万","2","0","2"
"千六百七十五分","2","0","2"
"六百七十五分半","2","0","2"
"百七十五分半行","2","0","2"
"七十五分半行星","2","0","2"
"十五分半行星二","2","0","2"
"五分半行星二度","2","0","2"
"分半行星二度六","2","0","2"
"半行星二度六百","2","0","2"
"行星二度六百四","2","0","2"
"星二度六百四十","2","0","2"
"千一百二十一分","2","0","2"
"一百二十一分半","2","0","2"
"八十六日行六度","2","0","2"
"十六日行六度半","2","0","2"
"日行四十五分三","2","0","2"
"行四十五分三十","2","0","2"
"四十五分三十三","2","0","2"
"四十五日行三十","2","0","2"
"十五日行三十三","2","0","2"
"五日行三十三度","2","0","2"
"九十一日行百五","2","0","2"
"十一日行百五度","2","0","2"
"一日行百五度顺","2","0","2"
"九十一分二十一","2","0","2"
"一日行百一十二","2","0","2"
"四十二日十九万","2","0","2"
"千九百九十分行","2","0","2"
"九百九十分行星","2","0","2"
"百九十分行星五","2","0","2"
"九十分行星五十","2","0","2"
"十分行星五十二","2","0","2"
"分行星五十二度","2","0","2"
"行星五十二度十","2","0","2"
"星五十二度十九","2","0","2"
"日行一度十八分","2","0","2"
"行一度十八分四","2","0","2"
"十八日行二十二","2","0","2"
"八日行二十二度","2","0","2"
"十八日二千三十","2","0","2"
"八日二千三十四","2","0","2"
"二百六十一分行","2","0","2"
"百六十一分行星","2","0","2"
"六十一分行星三","2","0","2"
"十一分行星三十","2","0","2"
"一分行星三十六","2","0","2"
"分行星三十六度","2","0","2"
"行星三十六度二","2","0","2"
"星三十六度二千","2","0","2"
"三十六度二千三","2","0","2"
"十六度二千三十","2","0","2"
"六度二千三十四","2","0","2"
"度二千三十四万","2","0","2"
"九万七千四百一","1","1","2"
"万七千四百一十","1","1","2"
"七千四百一十一","1","1","2"
"上元天正甲子朔","1","1","2"
"元天正甲子朔夜","1","1","2"
"天正甲子朔夜半","1","1","2"
"正甲子朔夜半冬","1","1","2"
"一千五百三十九","1","1","2"
"千五百三十九分","1","1","2"
"千八百四十三分","1","1","2"
"二千四百五十一","1","1","2"
"千四百五十一分","1","1","2"
"三百岁斗历改宪","2","0","2"
"八万二千七百三","1","1","2"
"万二千七百三十","1","1","2"
"二千七百三十六","1","1","2"
"晋孝武太元九年","1","1","2"
"孝武太元九年甲","1","1","2"
"武太元九年甲申","1","1","2"
"八万三千八百四","1","1","2"
"三千八百四十一","1","1","2"
"四十四万七千六","1","1","2"
"四万七千六百一","1","1","2"
"万七千六百一十","1","1","2"
"景初元年十月乙","1","1","2"
"初元年十月乙卯","1","1","2"
"宗祀皇考高祖文","1","1","2"
"祀皇考高祖文皇","1","1","2"
"皇考高祖文皇帝","1","1","2"
"元帝咸熙二年十","1","1","2"
"帝咸熙二年十二","1","1","2"
"咸熙二年十二月","1","1","2"
"熙二年十二月甲","1","1","2"
"二年十二月甲子","1","1","2"
"使持节侍中太保","1","1","2"
"康帝建元元年正","1","1","2"
"帝建元元年正月","1","1","2"
"汉光武正月辛未","1","1","2"
"黄初二年正月乙","1","1","2"
"初二年正月乙亥","1","1","2"
"读春夏秋冬四时","1","1","2"
"侍中散骑常侍荀","1","1","2"
"中散骑常侍荀奕","1","1","2"
"黄门侍郎散骑侍","1","1","2"
"门侍郎散骑侍郎","1","1","2"
"侍郎散骑侍郎曹","1","1","2"
"郎散骑侍郎曹宇","1","1","2"
"三公九卿诸侯大","1","1","2"
"公九卿诸侯大夫","1","1","2"
"九卿诸侯大夫躬","1","1","2"
"卿诸侯大夫躬耕","1","1","2"
"皇后采桑坛东南","1","1","2"
"乘油画云母安车","2","0","2"
"黄初二年六月庚","1","1","2"
"初二年六月庚子","1","1","2"
"文帝黄初二年正","1","1","2"
"帝黄初二年正月","1","1","2"
"奉圣亭侯孔亭四","1","1","2"
"圣亭侯孔亭四时","1","1","2"
"亭侯孔亭四时祠","1","1","2"
"魏齐王正始二年","1","1","2"
"齐王正始二年二","1","1","2"
"王正始二年二月","1","1","2"
"穆帝升平元年三","1","1","2"
"帝升平元年三月","1","1","2"
"孝武宁康三年七","1","1","2"
"武宁康三年七月","1","1","2"
"追尊高祖大长秋","1","1","2"
"行太傅太常韩暨","1","1","2"
"行太常宗正曹恪","1","1","2"
"太常宗正曹恪持","1","1","2"
"常宗正曹恪持节","1","1","2"
"宗正曹恪持节迎","1","1","2"
"司空王朗持节奉","1","1","2"
"空王朗持节奉策","1","1","2"
"景初元年十二月","1","1","2"
"初元年十二月己","1","1","2"
"太兴三年正月乙","1","1","2"
"兴三年正月乙卯","1","1","2"
"成帝咸康七年五","1","1","2"
"帝咸康七年五月","1","1","2"
"辅国将军谯王司","1","1","2"
"国将军谯王司马","1","1","2"
"孝武帝太元十二","1","1","2"
"武帝太元十二年","1","1","2"
"帝太元十二年五","1","1","2"
"太元十二年五月","1","1","2"
"元十二年五月壬","1","1","2"
"十二年五月壬戌","1","1","2"
"简文皇帝宣太后","1","1","2"
"大司马琅邪王德","1","1","2"
"司马琅邪王德文","1","1","2"
"太尉谘议参军袁","1","1","2"
"尉谘议参军袁豹","1","1","2"
"武帝咸宁五年十","1","1","2"
"帝咸宁五年十一","1","1","2"
"咸宁五年十一月","1","1","2"
"宁五年十一月己","1","1","2"
"五年十一月己酉","1","1","2"
"孝武太元十一年","1","1","2"
"武太元十一年九","1","1","2"
"太元十一年九月","1","1","2"
"掌礼郎赞皇帝延","2","0","2"
"王公二千石上殿","1","1","2"
"公卿侍中尚书常","1","1","2"
"卿侍中尚书常侍","1","1","2"
"太康元年九月庚","1","1","2"
"康元年九月庚寅","1","1","2"
"尚书左仆射山涛","1","1","2"
"国子博士车胤议","1","1","2"
"孙吴兵法六十四","1","1","2"
"吴兵法六十四阵","1","1","2"
"献帝建安二十一","1","1","2"
"帝建安二十一年","1","1","2"
"光禄大夫屯骑校","1","1","2"
"禄大夫屯骑校尉","1","1","2"
"大夫屯骑校尉华","1","1","2"
"魏齐王正始四年","1","1","2"
"充策立皇后杨氏","1","1","2"
"皇帝咨前太尉参","2","0","2"
"帝咨前太尉参军","2","0","2"
"咨前太尉参军何","2","0","2"
"使使持节太常彪","2","0","2"
"故散骑侍郎准遗","2","0","2"
"散骑侍郎准遗女","2","0","2"
"案咸宁三年始平","1","1","2"
"京城近臣诸王公","1","1","2"
"城近臣诸王公主","1","1","2"
"汉明帝永平二年","1","1","2"
"明帝永平二年三","1","1","2"
"帝永平二年三月","1","1","2"
"魏高贵乡公甘露","1","1","2"
"高贵乡公甘露二","1","1","2"
"贵乡公甘露二年","1","1","2"
"武帝泰始六年十","1","1","2"
"帝泰始六年十二","1","1","2"
"泰始六年十二月","1","1","2"
"天泉池南石沟引","1","1","2"
"泉池南石沟引御","1","1","2"
"池南石沟引御沟","1","1","2"
"南石沟引御沟水","1","1","2"
"神胥乐兮肃肃位","2","0","2"
"问司律中郎将陈","1","1","2"
"司律中郎将陈颀","1","1","2"
"中书侍郎成公绥","1","1","2"
"正旦大会王公上","1","1","2"
"旦大会王公上寿","1","1","2"
"大会王公上寿酒","1","1","2"
"韦昭制十二曲名","1","1","2"
"蜀将关羽背弃吴","1","1","2"
"依前曲作新歌五","1","1","2"
"前曲作新歌五篇","1","1","2"
"尚书殿中郎袁明","1","1","2"
"书殿中郎袁明子","1","1","2"
"事黄门侍郎陈逵","1","1","2"
"盖取负重致远安","2","0","2"
"取负重致远安稳","2","0","2"
"护驾尚书郎三人","1","1","2"
"殿中将军持凿脑","1","1","2"
"中将军持凿脑斧","1","1","2"
"将军持凿脑斧夹","1","1","2"
"治书侍御史二人","1","1","2"
"尚书军校加侍中","1","1","2"
"书军校加侍中常","1","1","2"
"军校加侍中常侍","1","1","2"
"侍中常侍尚书中","1","1","2"
"中常侍尚书中书","1","1","2"
"常侍尚书中书监","1","1","2"
"侍尚书中书监令","1","1","2"
"尚书中书监令卿","1","1","2"
"书中书监令卿校","1","1","2"
"郊祀天地明堂宗","1","1","2"
"祀天地明堂宗庙","1","1","2"
"门下三省侍官乘","1","1","2"
"下三省侍官乘车","1","1","2"
"三台五省二品文","1","1","2"
"台五省二品文官","1","1","2"
"南山丰大特六兽","1","1","2"
"咸宁元年十二月","1","1","2"
"种牛三万五千头","1","1","2"
"持椎斧武骑武贲","1","1","2"
"四年十二月乙巳","1","1","2"
"吴孙亮建兴二年","1","1","2"
"孙皓建衡二年三","1","1","2"
"皓建衡二年三月","1","1","2"
"武帝太康八年三","1","1","2"
"帝太康八年三月","1","1","2"
"太康八年三月乙","1","1","2"
"康八年三月乙丑","1","1","2"
"惠帝元康五年闰","1","1","2"
"帝元康五年闰月","1","1","2"
"元康五年闰月庚","1","1","2"
"康五年闰月庚寅","1","1","2"
"永兴二年七月甲","1","1","2"
"帝永嘉四年十一","1","1","2"
"永嘉四年十一月","1","1","2"
"东西南北数十处","1","1","2"
"永昌二年正月癸","1","1","2"
"昌二年正月癸巳","1","1","2"
"会稽王道子宠幸","1","1","2"
"稽王道子宠幸尼","1","1","2"
"义熙四年七月丁","1","1","2"
"熙四年七月丁酉","1","1","2"
"惠帝元康三年闰","1","1","2"
"帝元康三年闰二","1","1","2"
"元康三年闰二月","1","1","2"
"魏豫州刺史贾逵","1","1","2"
"豫州刺史贾逵石","1","1","2"
"州刺史贾逵石碑","1","1","2"
"阳太守殷仲文照","1","1","2"
"太守殷仲文照镜","1","1","2"
"文帝黄初四年六","1","1","2"
"帝黄初四年六月","1","1","2"
"简宗庙废祭祀罚","2","0","2"
"明帝景初元年九","1","1","2"
"帝景初元年九月","1","1","2"
"七年七月甲辰夜","1","1","2"
"简文帝咸安元年","1","1","2"
"文帝咸安元年十","1","1","2"
"帝咸安元年十二","1","1","2"
"咸安元年十二月","1","1","2"
"元年十二月壬午","1","1","2"
"十七年六月甲寅","1","1","2"
"时会稽王世子元","1","1","2"
"义熙元年十二月","1","1","2"
"熙元年十二月己","1","1","2"
"二年十二月己未","1","1","2"
"年十二月己未夜","1","1","2"
"十一年七月丙戌","1","1","2"
"惠帝永宁元年十","1","1","2"
"帝永宁元年十月","1","1","2"
"咸康元年八月乙","1","1","2"
"康元年八月乙丑","1","1","2"
"魏明帝景初二年","1","1","2"
"孝武太元十三年","2","0","2"
"武太元十三年四","2","0","2"
"安帝隆安元年八","1","1","2"
"帝隆安元年八月","1","1","2"
"武帝咸宁元年八","1","1","2"
"帝咸宁元年八月","1","1","2"
"咸宁元年八月丁","1","1","2"
"宁元年八月丁酉","1","1","2"
"元帝太兴二年六","1","1","2"
"帝太兴二年六月","1","1","2"
"安帝元兴元年正","1","1","2"
"帝元兴元年正月","1","1","2"
"元兴元年正月丙","1","1","2"
"兴元年正月丙子","1","1","2"
"淮陵内史苏峻率","1","1","2"
"庾晞四五年中喜","1","1","2"
"齐王正始元年二","1","1","2"
"王正始元年二月","1","1","2"
"高贵乡公甘露三","1","1","2"
"贵乡公甘露三年","1","1","2"
"乡公甘露三年正","1","1","2"
"公甘露三年正月","1","1","2"
"时孙皓迁都武昌","1","1","2"
"武帝泰始七年五","1","1","2"
"帝泰始七年五月","1","1","2"
"泰始七年五月闰","1","1","2"
"始七年五月闰月","1","1","2"
"惠帝元康七年七","1","1","2"
"帝元康七年七月","1","1","2"
"怀帝永嘉三年五","1","1","2"
"帝永嘉三年五月","1","1","2"
"襄平县梁水淡池","1","1","2"
"中书令缪播等九","1","1","2"
"书令缪播等九人","1","1","2"
"令缪播等九人杀","1","1","2"
"元帝建武元年六","1","1","2"
"帝建武元年六月","1","1","2"
"安帝隆安二年冬","1","1","2"
"阿公阿公驾马车","1","1","2"
"白马素羁西南驰","1","1","2"
"芦苇单衣篾钩络","1","1","2"
"武帝太康三年平","1","1","2"
"元超兄弟大落度","1","1","2"
"咸康二年十二月","1","1","2"
"黄头小人欲作乱","1","1","2"
"芦生漫漫竟天半","1","1","2"
"太康七年十一月","1","1","2"
"康七年十一月丙","1","1","2"
"七年十一月丙辰","1","1","2"
"元十三年四月癸","1","1","2"
"十三年四月癸巳","1","1","2"
"太康五年五月丁","1","1","2"
"康五年五月丁巳","1","1","2"
"惠帝元康五年十","1","1","2"
"帝元康五年十二","1","1","2"
"元康五年十二月","1","1","2"
"武帝泰始八年五","1","1","2"
"帝泰始八年五月","1","1","2"
"太元十四年四月","1","1","2"
"安帝隆安四年四","1","1","2"
"帝隆安四年四月","1","1","2"
"隆安四年四月乙","1","1","2"
"安四年四月乙未","1","1","2"
"惠帝元康八年五","1","1","2"
"帝元康八年五月","1","1","2"
"孙亮建兴元年九","1","1","2"
"亮建兴元年九月","1","1","2"
"汝南王亮太保卫","2","0","2"
"南王亮太保卫瓘","2","0","2"
"献帝建安二十五","1","1","2"
"帝建安二十五年","1","1","2"
"建安二十五年春","1","1","2"
"安二十五年春正","1","1","2"
"二十五年春正月","1","1","2"
"魏文帝黄初元年","1","1","2"
"孙亮五凤元年六","1","1","2"
"亮五凤元年六月","1","1","2"
"吴孙皓天玺元年","1","1","2"
"惠帝元康二年春","1","1","2"
"元康九年六月庚","1","1","2"
"康九年六月庚子","1","1","2"
"孝怀帝永嘉二年","1","1","2"
"怀帝永嘉二年冬","1","1","2"
"明帝太宁元年九","1","1","2"
"帝太宁元年九月","1","1","2"
"哀帝兴宁三年五","1","1","2"
"帝兴宁三年五月","1","1","2"
"兴宁三年五月癸","1","1","2"
"宁三年五月癸卯","1","1","2"
"庐陵西昌县修明","1","1","2"
"陵西昌县修明家","1","1","2"
"文帝黄初四年五","1","1","2"
"帝黄初四年五月","1","1","2"
"献帝建安二十三","1","1","2"
"帝建安二十三年","1","1","2"
"蜀刘禅建兴九年","1","1","2"
"刘禅建兴九年十","1","1","2"
"禅建兴九年十月","1","1","2"
"吴孙权赤乌十二","1","1","2"
"孙权赤乌十二年","1","1","2"
"权赤乌十二年四","1","1","2"
"赤乌十二年四月","1","1","2"
"吴孙权太元二年","1","1","2"
"孙权太元二年正","1","1","2"
"权太元二年正月","1","1","2"
"孙亮建兴二年十","1","1","2"
"亮建兴二年十一","1","1","2"
"武帝泰始四年八","1","1","2"
"帝泰始四年八月","1","1","2"
"怀帝永嘉元年二","1","1","2"
"帝永嘉元年二月","1","1","2"
"东北步广里地陷","2","0","2"
"明帝太宁三年八","1","1","2"
"帝太宁三年八月","1","1","2"
"太宁三年八月庚","1","1","2"
"宁三年八月庚戌","1","1","2"
"孝武帝太元十六","1","1","2"
"武帝太元十六年","1","1","2"
"帝太元十六年六","1","1","2"
"太元十六年六月","1","1","2"
"武帝太康五年四","1","1","2"
"帝太康五年四月","1","1","2"
"太康五年四月壬","1","1","2"
"康五年四月壬子","1","1","2"
"愍帝建兴元年十","1","1","2"
"帝建兴元年十二","1","1","2"
"四年十二月丙寅","1","1","2"
"刘聪伪建元元年","1","1","2"
"聪伪建元元年正","1","1","2"
"伪建元元年正月","1","1","2"
"吴孙权嘉禾三年","1","1","2"
"孙权嘉禾三年九","1","1","2"
"权嘉禾三年九月","1","1","2"
"惠帝元康二年八","1","1","2"
"帝元康二年八月","1","1","2"
"光熙元年闰八月","1","1","2"
"元帝太兴二年三","1","1","2"
"帝太兴二年三月","1","1","2"
"太兴二年三月丁","1","1","2"
"兴二年三月丁未","1","1","2"
"咸康二年正月丁","1","1","2"
"康二年正月丁巳","1","1","2"
"孝武太元二年四","1","1","2"
"武太元二年四月","1","1","2"
"太元二年四月己","1","1","2"
"元二年四月己酉","1","1","2"
"十二年四月己丑","1","1","2"
"二十年五月癸卯","1","1","2"
"二十一年四月丁","1","1","2"
"十一年四月丁亥","1","1","2"
"隆安二年三月乙","1","1","2"
"安二年三月乙卯","1","1","2"
"元兴二年十二月","1","1","2"
"义熙元年四月壬","1","1","2"
"熙元年四月壬申","1","1","2"
"武帝太康六年十","1","1","2"
"帝太康六年十二","1","1","2"
"太康六年十二月","1","1","2"
"七年十二月己亥","1","1","2"
"南沙司盐都尉戴","1","1","2"
"沙司盐都尉戴亮","1","1","2"
"惠帝永康元年六","1","1","2"
"帝永康元年六月","1","1","2"
"永康元年六月癸","1","1","2"
"康元年六月癸卯","1","1","2"
"孝武帝太元五年","1","1","2"
"武帝太元五年六","1","1","2"
"帝太元五年六月","1","1","2"
"太元五年六月甲","1","1","2"
"元五年六月甲寅","1","1","2"
"义熙四年十一月","1","1","2"
"惠帝元康九年三","1","1","2"
"帝元康九年三月","1","1","2"
"黄门孙虑杀太子","1","1","2"
"洛阳城西北九里","1","1","2"
"孝武太元十五年","1","1","2"
"武太元十五年三","1","1","2"
"太元十五年三月","1","1","2"
"吴兴长城夏架山","1","1","2"
"魏齐王嘉平四年","1","1","2"
"齐王嘉平四年五","1","1","2"
"王嘉平四年五月","1","1","2"
"文帝黄初三年七","1","1","2"
"帝黄初三年七月","1","1","2"
"怀帝永嘉四年五","1","1","2"
"帝永嘉四年五月","1","1","2"
"元帝太兴元年六","1","1","2"
"帝太兴元年六月","1","1","2"
"吴郡百姓多饿死","1","1","2"
"入右大司马丁奉","1","1","2"
"怀帝永嘉五年十","1","1","2"
"帝永嘉五年十二","1","1","2"
"永嘉五年十二月","1","1","2"
"武帝太康五年六","1","1","2"
"帝太康五年六月","1","1","2"
"张天锡杀中护军","1","1","2"
"天锡杀中护军张","1","1","2"
"锡杀中护军张邕","1","1","2"
"安帝元兴二年十","1","1","2"
"帝元兴二年十月","1","1","2"
"时金木水火沴土","2","0","2"
"魏齐王正始九年","1","1","2"
"齐王正始九年十","1","1","2"
"王正始九年十一","1","1","2"
"正始九年十一月","1","1","2"
"吴孙权太元元年","1","1","2"
"孙权太元元年八","1","1","2"
"权太元元年八月","1","1","2"
"孙休永安元年十","1","1","2"
"休永安元年十一","1","1","2"
"永安元年十一月","1","1","2"
"安元年十一月甲","1","1","2"
"元年十一月甲午","1","1","2"
"武帝泰始五年五","1","1","2"
"帝泰始五年五月","1","1","2"
"五年四月庚寅夜","1","1","2"
"伦建始元年正月","1","1","2"
"建始元年正月癸","1","1","2"
"始元年正月癸酉","1","1","2"
"元帝永昌元年七","1","1","2"
"帝永昌元年七月","1","1","2"
"永昌元年七月丙","1","1","2"
"昌元年七月丙寅","1","1","2"
"成帝咸康四年三","1","1","2"
"帝咸康四年三月","1","1","2"
"咸康四年三月壬","1","1","2"
"康四年三月壬辰","1","1","2"
"五年闰十月丁亥","1","1","2"
"元帝景元三年十","1","1","2"
"永嘉四年十月辛","1","1","2"
"嘉四年十月辛卯","1","1","2"
"惠帝元康三年九","1","1","2"
"帝元康三年九月","1","1","2"
"元帝建武元年七","1","1","2"
"帝建武元年七月","1","1","2"
"元帝太兴四年八","1","1","2"
"帝太兴四年八月","1","1","2"
"明帝太守元年正","1","1","2"
"帝太守元年正月","1","1","2"
"太守元年正月癸","1","1","2"
"守元年正月癸巳","1","1","2"
"太元八年二月癸","1","1","2"
"元八年二月癸未","1","1","2"
"安帝元兴元年十","1","1","2"
"帝元兴元年十月","1","1","2"
"吴孙权黄武四年","1","1","2"
"魏明帝青龙二年","1","1","2"
"明帝青龙二年十","1","1","2"
"帝青龙二年十一","1","1","2"
"青龙二年十一月","1","1","2"
"荆州刺史胡质击","1","1","2"
"州刺史胡质击退","1","1","2"
"时宦人黄皓专权","1","1","2"
"帝永嘉三年十月","1","1","2"
"兴宁元年四月甲","1","1","2"
"宁元年四月甲戌","1","1","2"
"义熙四年正月壬","1","1","2"
"熙四年正月壬子","1","1","2"
"吴孙权赤乌十三","1","1","2"
"孙权赤乌十三年","1","1","2"
"权赤乌十三年八","1","1","2"
"赤乌十三年八月","1","1","2"
"元帝咸熙二年二","1","1","2"
"帝咸熙二年二月","1","1","2"
"散骑常侍车灌修","1","1","2"
"骑常侍车灌修峻","1","1","2"
"常侍车灌修峻平","1","1","2"
"侍车灌修峻平陵","1","1","2"
"安帝义熙八年三","1","1","2"
"帝义熙八年三月","1","1","2"
"义熙八年三月壬","1","1","2"
"熙八年三月壬寅","1","1","2"
"汉中成固县水涯","1","1","2"
"惠帝元康九年六","1","1","2"
"帝元康九年六月","1","1","2"
"明帝青龙元年正","1","1","2"
"帝青龙元年正月","1","1","2"
"青龙元年正月甲","1","1","2"
"龙元年正月甲申","1","1","2"
"甘露元年正月辛","1","1","2"
"露元年正月辛丑","1","1","2"
"元帝景元元年十","1","1","2"
"帝景元元年十二","1","1","2"
"景元元年十二月","1","1","2"
"元元年十二月甲","1","1","2"
"元年十二月甲申","1","1","2"
"武帝咸宁二年六","1","1","2"
"帝咸宁二年六月","1","1","2"
"咸宁二年六月丙","1","1","2"
"宁二年六月丙午","1","1","2"
"太康五年正月癸","1","1","2"
"康五年正月癸卯","1","1","2"
"愍帝建兴二年十","1","1","2"
"帝建兴二年十一","1","1","2"
"元康五年三月癸","1","1","2"
"康五年三月癸巳","1","1","2"
"入汉城阳景王祠","1","1","2"
"汉城阳景王祠中","1","1","2"
"惠帝元康八年十","1","1","2"
"帝元康八年十二","1","1","2"
"元康八年十二月","1","1","2"
"九年十一月戊寅","1","1","2"
"怀帝永嘉六年二","1","1","2"
"帝永嘉六年二月","1","1","2"
"丹阳郡吏濮阳演","1","1","2"
"成帝咸康八年五","1","1","2"
"帝咸康八年五月","1","1","2"
"咸康八年五月甲","1","1","2"
"康八年五月甲戌","1","1","2"
"安帝隆安四年十","1","1","2"
"帝隆安四年十月","1","1","2"
"元帝咸熙二年八","1","1","2"
"帝咸熙二年八月","1","1","2"
"咸宁二年十二月","1","1","2"
"琅邪人颜畿病死","1","1","2"
"永宁元年十二月","1","1","2"
"宁元年十二月甲","1","1","2"
"元年十二月甲子","1","1","2"
"太安元年四月癸","1","1","2"
"安元年四月癸酉","1","1","2"
"明帝太宁二年七","1","1","2"
"帝太宁二年七月","1","1","2"
"成帝咸康五年四","1","1","2"
"帝咸康五年四月","1","1","2"
"康帝建元二年十","1","1","2"
"帝建元二年十月","1","1","2"
"卫将军营督过望","1","1","2"
"将军营督过望所","1","1","2"
"南郡州陵女唐氏","1","1","2"
"二千六百八十一","1","1","2"
"二万六千二百七","1","1","2"
"千二百七十二条","1","1","2"
"七百七十三万二","1","1","2"
"百七十三万二千","1","1","2"
"七十三万二千二","1","1","2"
"十三万二千二百","1","1","2"
"事黄门侍郎韩逊","1","1","2"
"毁伤亡失县官财","1","1","2"
"伤亡失县官财物","1","1","2"
"受所监受财枉法","1","1","2"
"颍川太守刘子元","2","0","2"
"川太守刘子元妻","2","0","2"
"二万七千六百五","1","1","2"
"万七千六百五十","1","1","2"
"七千六百五十七","1","1","2"
"十二万六千三百","1","1","2"
"叔孙通制仪奉常","2","0","2"
"兰陵景侯夫人羊","1","1","2"
"陵景侯夫人羊氏","1","1","2"
"太后非罪先帝者","2","0","2"
"泰始十年秋七月","1","1","2"
"始十年秋七月丙","1","1","2"
"十年秋七月丙寅","1","1","2"
"泰始九年春入宫","1","1","2"
"泰始八年二月辛","1","1","2"
"始八年二月辛卯","1","1","2"
"养孙贾谧干预国","1","1","2"
"孙贾谧干预国事","1","1","2"
"南风烈烈吹黄沙","1","1","2"
"遥望鲁国郁嵯峨","1","1","2"
"前琅邪王妃虞氏","1","1","2"
"母散骑常侍新野","1","1","2"
"散骑常侍新野王","1","1","2"
"司徒蔡谟等上奏","1","1","2"
"都乡侯粪土臣何","2","0","2"
"乡侯粪土臣何琦","2","0","2"
"侯粪土臣何琦稽","2","0","2"
"粪土臣何琦稽首","2","0","2"
"土臣何琦稽首顿","2","0","2"
"臣何琦稽首顿首","2","0","2"
"皇子道子琅邪王","2","0","2"
"问太子前率徐邈","1","1","2"
"太保刘耽尊皇太","1","1","2"
"祠部郎徐广等议","1","1","2"
"太皇太后名位允","1","1","2"
"神主祔宣太后庙","2","0","2"
"中军将军桓冲等","1","1","2"
"军将军桓冲等奏","1","1","2"
"试守晋陵太守王","1","1","2"
"守晋陵太守王蕴","1","1","2"
"御史中丞侯史光","1","1","2"
"太傅寿光公郑冲","1","1","2"
"司空博陵元公王","1","1","2"
"空博陵元公王沈","1","1","2"
"卫将军钜平侯羊","1","1","2"
"将军钜平侯羊祜","1","1","2"
"军钜平侯羊祜才","1","1","2"
"时步兵校尉阮籍","1","1","2"
"置长史掾属祭酒","1","1","2"
"谒者阳翟郭玄信","1","1","2"
"者阳翟郭玄信奉","1","1","2"
"市长沛国赵元儒","1","1","2"
"景帝中护军司马","1","1","2"
"代王基都督扬州","1","1","2"
"王基都督扬州诸","1","1","2"
"基都督扬州诸军","1","1","2"
"淮北监军王琛轻","1","1","2"
"散骑郎蜀郡何攀","1","1","2"
"骑郎蜀郡何攀共","1","1","2"
"光禄大夫李胤清","1","1","2"
"遣荆州刺史杨肇","1","1","2"
"荆州刺史杨肇攻","1","1","2"
"征南大将军南城","1","1","2"
"南大将军南城侯","1","1","2"
"尚书祠部郎荀伯","1","1","2"
"书祠部郎荀伯子","1","1","2"
"祠部郎荀伯子上","1","1","2"
"部郎荀伯子上表","1","1","2"
"故太尉广陵公准","1","1","2"
"袭祖爵丰乐亭侯","1","1","2"
"襄阳太守周奇等","1","1","2"
"春秋左氏经传集","1","1","2"
"秋左氏经传集解","1","1","2"
"左光禄大夫裴秀","1","1","2"
"御史中丞周弼见","1","1","2"
"党左军将军刘豫","1","1","2"
"季龙太子中庶子","1","1","2"
"委任长史司马奥","1","1","2"
"都督扬州江西淮","1","1","2"
"督扬州江西淮北","1","1","2"
"扬州江西淮北诸","1","1","2"
"州江西淮北诸军","1","1","2"
"江西淮北诸军事","1","1","2"
"尚书郎敦煌索靖","1","1","2"
"太保主簿刘繇等","1","1","2"
"征南将军山简见","1","1","2"
"时大将军王敦镇","1","1","2"
"受密诏杀太宰汝","1","1","2"
"密诏杀太宰汝南","1","1","2"
"诏杀太宰汝南王","1","1","2"
"陆机兄弟志气高","1","1","2"
"穆张皇后生景帝","1","1","2"
"伏夫人生汝南文","1","1","2"
"夫人生汝南文成","1","1","2"
"人生汝南文成王","1","1","2"
"封成帝长子哀帝","1","1","2"
"左卫将军王舆攻","1","1","2"
"卫将军王舆攻杀","1","1","2"
"将军王舆攻杀孙","1","1","2"
"军王舆攻杀孙秀","1","1","2"
"安帝时立武陵威","1","1","2"
"帝时立武陵威王","1","1","2"
"都督雍凉等州诸","1","1","2"
"督雍凉等州诸军","1","1","2"
"雍凉等州诸军事","1","1","2"
"将帅兵士等人限","1","1","2"
"邑五千三百五十","1","1","2"
"五千三百五十八","1","1","2"
"千三百五十八户","1","1","2"
"汝阴上计吏张蕃","1","1","2"
"孔洵监豫州军事","1","1","2"
"亲骑帐下司马大","1","1","2"
"骑帐下司马大车","1","1","2"
"广汉殇王广德后","1","1","2"
"咸宁初追加封谥","2","0","2"
"万一千二百一十","1","1","2"
"一千二百一十九","1","1","2"
"千二百一十九户","1","1","2"
"二百一十九户改","1","1","2"
"大将军曹爽辟掾","2","0","2"
"高贵乡公将攻文","1","1","2"
"贵乡公将攻文帝","1","1","2"
"蓟城南清泉水上","1","1","2"
"中山太守阮豹等","1","1","2"
"遣燕相胡矩督护","1","1","2"
"燕相胡矩督护诸","1","1","2"
"相胡矩督护诸军","1","1","2"
"前渤海太守刘亮","1","1","2"
"都督城外牙门诸","1","1","2"
"督城外牙门诸军","1","1","2"
"城外牙门诸军事","1","1","2"
"辟大将军曹爽掾","2","0","2"
"参文帝大将军军","1","1","2"
"文帝大将军军事","1","1","2"
"大将军掾孙佑等","1","1","2"
"组都督司州诸军","1","1","2"
"遣黄门侍郎慰问","1","1","2"
"典军将军杨嚣宣","1","1","2"
"都督秦凉二州诸","1","1","2"
"督秦凉二州诸军","1","1","2"
"秦凉二州诸军事","1","1","2"
"后娶城阳太守郭","1","1","2"
"娶城阳太守郭配","1","1","2"
"渤海石崇欧阳建","1","1","2"
"骑都尉济北侯荀","1","1","2"
"充帐下都督周勤","1","1","2"
"二宫尚书吏部郎","1","1","2"
"左右卫三部司马","1","1","2"
"殿中都尉司马十","1","1","2"
"中都尉司马十人","1","1","2"
"太傅舍人巴西阎","1","1","2"
"傅舍人巴西阎纂","1","1","2"
"右军督赵休上书","1","1","2"
"忌大司马汝南王","1","1","2"
"时骁骑将军秦朗","1","1","2"
"中书黄门吏部郎","1","1","2"
"后驾讨成都王颖","2","0","2"
"驾讨成都王颖勋","2","0","2"
"光禄大夫金章紫","1","1","2"
"禄大夫金章紫绶","1","1","2"
"遣扬州刺史应绰","1","1","2"
"扬州刺史应绰督","1","1","2"
"击吴牙门将孔忠","1","1","2"
"获吴将周兴等五","1","1","2"
"吴将周兴等五人","1","1","2"
"遣殄吴护军李纯","1","1","2"
"建威将军孙晏送","1","1","2"
"堂见征镇长史司","1","1","2"
"见征镇长史司马","1","1","2"
"吴建平太守吾彦","1","1","2"
"建平太守吾彦取","1","1","2"
"广武将军唐彬攻","1","1","2"
"都督益梁诸军事","1","1","2"
"遣游击将军张象","1","1","2"
"游击将军张象率","1","1","2"
"吴郡孙皓叩头死","1","1","2"
"郡孙皓叩头死罪","1","1","2"
"遣私署太常张夔","1","1","2"
"私署太常张夔等","1","1","2"
"牙门将李高放火","1","1","2"
"门将李高放火烧","1","1","2"
"前伪中郎将孔摅","1","1","2"
"伪中郎将孔摅说","1","1","2"
"石头城劫取布帛","1","1","2"
"彬监巴东诸军事","1","1","2"
"时黄门侍郎王恂","1","1","2"
"乡人幽州刺史李","1","1","2"
"人幽州刺史李阳","1","1","2"
"成都内史王机讨","1","1","2"
"河南官舍多妖怪","1","1","2"
"吏部尚书左仆射","1","1","2"
"博士祭酒曹志等","1","1","2"
"辽东太守公孙度","1","1","2"
"御史持节监丧致","1","1","2"
"都督沔北诸军事","1","1","2"
"颖前锋都督赵骧","1","1","2"
"屯骑校尉郝昌先","1","1","2"
"骠骑将军王导同","1","1","2"
"愍帝时赐爵进封","1","1","2"
"讨王敦功封苑陵","1","1","2"
"王敦功封苑陵县","1","1","2"
"敦功封苑陵县侯","1","1","2"
"鉴都督陇右诸军","1","1","2"
"都督陇右诸军事","1","1","2"
"骑常侍皇甫陶共","1","1","2"
"豫州大中正夏侯","1","1","2"
"州大中正夏侯骏","1","1","2"
"大中正夏侯骏上","1","1","2"
"魏嘉平四年春正","1","1","2"
"嘉平四年春正月","1","1","2"
"大将军府增置司","1","1","2"
"将军府增置司马","1","1","2"
"军府增置司马一","1","1","2"
"府增置司马一人","1","1","2"
"天子命中抚军新","1","1","2"
"子命中抚军新昌","1","1","2"
"命中抚军新昌乡","1","1","2"
"中抚军新昌乡侯","1","1","2"
"宣王妃张氏宣穆","2","0","2"
"王妃张氏宣穆皇","2","0","2"
"妃张氏宣穆皇后","2","0","2"
"镇北大将军卫瓘","1","1","2"
"安乐公刘禅子弟","1","1","2"
"乐公刘禅子弟一","1","1","2"
"公刘禅子弟一人","1","1","2"
"吴将施绩入江夏","1","1","2"
"荆州刺史胡烈击","1","1","2"
"州刺史胡烈击败","1","1","2"
"尚书左仆射羊祜","1","1","2"
"书左仆射羊祜都","1","1","2"
"左仆射羊祜都督","1","1","2"
"仆射羊祜都督荆","1","1","2"
"射羊祜都督荆州","1","1","2"
"羊祜都督荆州诸","1","1","2"
"吴将鲁淑围弋阳","1","1","2"
"征虏将军王浑击","1","1","2"
"虏将军王浑击败","1","1","2"
"五官左右中郎将","1","1","2"
"获吴立信校尉庄","1","1","2"
"吴立信校尉庄祜","1","1","2"
"吴威北将军严聪","1","1","2"
"镇军大将军齐王","1","1","2"
"帅树机能攻陷凉","1","1","2"
"树机能攻陷凉州","1","1","2"
"四年春正月甲申","1","1","2"
"尚书右仆射魏舒","1","1","2"
"镇军大将军王浚","1","1","2"
"侍中车骑将军杨","1","1","2"
"中车骑将军杨骏","1","1","2"
"都督关西诸军事","1","1","2"
"害成都内史耿胜","1","1","2"
"遣广陵度支陈敏","1","1","2"
"颙都督中外诸军","1","1","2"
"逐扬州刺史刘机","1","1","2"
"都督秦雍梁益四","1","1","2"
"督秦雍梁益四州","1","1","2"
"秦雍梁益四州诸","1","1","2"
"雍梁益四州诸军","1","1","2"
"梁益四州诸军事","1","1","2"
"加凉州刺史张轨","1","1","2"
"司空王浚大司马","2","0","2"
"大都督陕西诸军","1","1","2"
"都督陕西诸军事","1","1","2"
"鲜卑大都督慕容","1","1","2"
"等一百八十人上","1","1","2"
"一百八十人上书","1","1","2"
"百八十人上书劝","1","1","2"
"尚书左仆射刁协","1","1","2"
"都督幽平二州东","1","1","2"
"督幽平二州东夷","1","1","2"
"幽平二州东夷诸","1","1","2"
"平二州东夷诸军","1","1","2"
"二州东夷诸军事","1","1","2"
"司徒王导录尚书","1","1","2"
"徒王导录尚书事","1","1","2"
"历阳太守苏峻等","1","1","2"
"阳太守苏峻等反","1","1","2"
"车骑将军庾冰都","1","1","2"
"骑将军庾冰都督","1","1","2"
"将军庾冰都督荆","1","1","2"
"昱录尚书六条事","1","1","2"
"二年春正月丙寅","1","1","2"
"前司徒左长史殷","1","1","2"
"司徒左长史殷浩","1","1","2"
"三年春正月乙卯","1","1","2"
"林邑范文攻陷日","1","1","2"
"邑范文攻陷日南","1","1","2"
"凉州刺史张重华","1","1","2"
"大都督陇右关中","1","1","2"
"中军将军殷浩督","1","1","2"
"军将军殷浩督扬","1","1","2"
"将军殷浩督扬豫","1","1","2"
"军殷浩督扬豫徐","1","1","2"
"庐江太守袁真攻","1","1","2"
"开府仪同三司顾","1","1","2"
"河间王钦修复五","1","1","2"
"间王钦修复五陵","1","1","2"
"冉闵降将周成举","1","1","2"
"闵降将周成举兵","1","1","2"
"降将周成举兵反","1","1","2"
"南太守戴施奔鲔","1","1","2"
"太守戴施奔鲔渚","1","1","2"
"废扬州刺史殷浩","1","1","2"
"前会稽内史王述","1","1","2"
"江西乞活郭敞等","1","1","2"
"西乞活郭敞等执","1","1","2"
"乞活郭敞等执陈","1","1","2"
"活郭敞等执陈留","1","1","2"
"郭敞等执陈留内","1","1","2"
"敞等执陈留内史","1","1","2"
"等执陈留内史刘","1","1","2"
"执陈留内史刘仕","1","1","2"
"豫州刺史谢尚督","1","1","2"
"冀幽三州诸军事","1","1","2"
"河南太守戴施镇","1","1","2"
"龙骧将军袁真等","1","1","2"
"北中郎将荀羡北","1","1","2"
"中郎将荀羡北伐","1","1","2"
"升平三年除骠骑","1","1","2"
"平三年除骠骑将","1","1","2"
"三年除骠骑将军","1","1","2"
"元年春正月壬子","1","1","2"
"西大将军桓温侍","1","1","2"
"大将军桓温侍中","1","1","2"
"西中郎将袁真都","1","1","2"
"中郎将袁真都督","1","1","2"
"郎将袁真都督司","1","1","2"
"北中郎将瘦希都","1","1","2"
"中郎将瘦希都督","1","1","2"
"郎将瘦希都督青","1","1","2"
"将瘦希都督青州","1","1","2"
"瘦希都督青州诸","1","1","2"
"希都督青州诸军","1","1","2"
"张天锡弑凉州刺","1","1","2"
"天锡弑凉州刺史","1","1","2"
"后军将军五校三","1","1","2"
"军将军五校三将","1","1","2"
"将军五校三将官","1","1","2"
"桓冲监江州荆州","1","1","2"
"汝南西阳新蔡颍","1","1","2"
"南西阳新蔡颍川","1","1","2"
"西阳新蔡颍川六","1","1","2"
"阳新蔡颍川六郡","1","1","2"
"新蔡颍川六郡诸","1","1","2"
"蔡颍川六郡诸军","1","1","2"
"颍川六郡诸军事","1","1","2"
"都督益宁二州诸","1","1","2"
"督益宁二州诸军","1","1","2"
"州刺史司马勋反","1","1","2"
"元年春二月己丑","1","1","2"
"凉州刺史张天锡","1","1","2"
"监梁益二州征讨","1","1","2"
"青幽四州诸军事","1","1","2"
"监益宁二州诸军","1","1","2"
"前宁州刺史周仕","1","1","2"
"宁州刺史周仕孙","1","1","2"
"监益梁二州诸军","1","1","2"
"益梁二州诸军事","1","1","2"
"咸安元年冬十一","1","1","2"
"安元年冬十一月","1","1","2"
"元年冬十一月己","1","1","2"
"年冬十一月己酉","1","1","2"
"苻坚北地长史慕","1","1","2"
"坚北地长史慕容","1","1","2"
"北地长史慕容泓","1","1","2"
"平阳太守慕容冲","1","1","2"
"太保谢安大都督","1","1","2"
"保谢安大都督扬","1","1","2"
"凉十五州诸军事","1","1","2"
"江州刺史王愉逃","1","1","2"
"辅国将军司马允","1","1","2"
"任命后将军元显","1","1","2"
"益州刺史司马轨","1","1","2"
"杀死零陵太守阮","1","1","2"
"死零陵太守阮野","1","1","2"
"青州刺史诸葛长","1","1","2"
"州刺史诸葛长民","1","1","2"
"太尉刘裕害死右","1","1","2"
"尉刘裕害死右将","1","1","2"
"刘裕害死右将军","1","1","2"
"裕害死右将军兖","1","1","2"
"害死右将军兖州","1","1","2"
"死右将军兖州刺","1","1","2"
"右将军兖州刺史","1","1","2"
"将军兖州刺史刘","1","1","2"
"军兖州刺史刘藩","1","1","2"
"尚书左仆射谢混","1","1","2"
"西陵太守朱龄石","1","1","2"
"二千九百三十二","1","1","2"
"千九百三十二里","1","1","2"
"九百三十二里七","1","1","2"
"百三十二里七十","1","1","2"
"三十二里七十一","1","1","2"
"十二里七十一步","1","1","2"
"二里七十一步二","1","1","2"
"里七十一步二尺","1","1","2"
"七十一步二尺七","1","1","2"
"十一步二尺七寸","1","1","2"
"一步二尺七寸四","1","1","2"
"步二尺七寸四分","1","1","2"
"二尺七寸四分四","1","1","2"
"尺七寸四分四百","1","1","2"
"七寸四分四百八","1","1","2"
"寸四分四百八十","1","1","2"
"四分四百八十七","1","1","2"
"分四百八十七分","1","1","2"
"四百八十七分分","1","1","2"
"一度凡千四百六","1","1","2"
"度凡千四百六里","1","1","2"
"凡千四百六里百","1","1","2"
"千四百六里百二","1","1","2"
"四百六里百二十","1","1","2"
"百六里百二十四","1","1","2"
"六里百二十四步","1","1","2"
"里百二十四步六","1","1","2"
"百二十四步六寸","1","1","2"
"二十四步六寸四","1","1","2"
"十四步六寸四分","1","1","2"
"四步六寸四分十","1","1","2"
"步六寸四分十万","1","1","2"
"六寸四分十万七","1","1","2"
"寸四分十万七千","1","1","2"
"四分十万七千五","1","1","2"
"分十万七千五百","1","1","2"
"十万七千五百六","1","1","2"
"万七千五百六十","1","1","2"
"七千五百六十五","1","1","2"
"千五百六十五分","1","1","2"
"五百六十五分分","1","1","2"
"千五百二十五里","1","1","2"
"五百二十五里二","1","1","2"
"百二十五里二百","1","1","2"
"二十五里二百五","1","1","2"
"十五里二百五十","1","1","2"
"五里二百五十六","1","1","2"
"里二百五十六步","1","1","2"
"二百五十六步三","1","1","2"
"百五十六步三尺","1","1","2"
"五十六步三尺三","1","1","2"
"十六步三尺三寸","1","1","2"
"六步三尺三寸二","1","1","2"
"步三尺三寸二十","1","1","2"
"三尺三寸二十一","1","1","2"
"尺三寸二十一万","1","1","2"
"三寸二十一万五","1","1","2"
"寸二十一万五千","1","1","2"
"五千一百三十分","1","1","2"
"千一百三十分分","1","1","2"
"十六万七百三十","1","1","2"
"邓飏等转改法度","1","1","2"
"永兴元年十一月","1","1","2"
"光熙元年五月壬","1","1","2"
"熙元年五月壬辰","1","1","2"
"永昌元年十月辛","1","1","2"
"昌元年十月辛卯","1","1","2"
"简文咸安二年十","1","1","2"
"文咸安二年十一","1","1","2"
"咸安二年十一月","1","1","2"
"安二年十一月丁","1","1","2"
"二年十一月丁丑","1","1","2"
"孝武宁康元年十","1","1","2"
"武宁康元年十一","1","1","2"
"宁康元年十一月","1","1","2"
"康元年十一月己","1","1","2"
"元年十一月己酉","1","1","2"
"十四年六月辛卯","1","1","2"
"二十年十一月辛","1","1","2"
"十年十一月辛卯","1","1","2"
"安帝隆安元年十","1","1","2"
"帝隆安元年十二","1","1","2"
"隆安元年十二月","1","1","2"
"元年十二月壬辰","1","1","2"
"元兴元年二月甲","1","1","2"
"兴元年二月甲子","1","1","2"
"安帝隆安五年三","1","1","2"
"帝隆安五年三月","1","1","2"
"隆安五年三月甲","1","1","2"
"安五年三月甲子","1","1","2"
"永宁太后废曹爽","1","1","2"
"宁太后废曹爽等","1","1","2"
"惠帝太安二年十","1","1","2"
"帝太安二年十一","1","1","2"
"太安二年十一月","1","1","2"
"安二年十一月庚","1","1","2"
"二年十一月庚辰","1","1","2"
"三年十二月己未","1","1","2"
"成帝咸康元年二","1","1","2"
"帝咸康元年二月","1","1","2"
"咸康元年二月乙","1","1","2"
"康元年二月乙未","1","1","2"
"二年闰三月乙亥","1","1","2"
"哀帝兴宁元年十","1","1","2"
"帝兴宁元年十月","1","1","2"
"兴宁元年十月丙","1","1","2"
"宁元年十月丙戌","1","1","2"
"镇西将军益州刺","1","1","2"
"西将军益州刺史","1","1","2"
"将军益州刺史周","1","1","2"
"军益州刺史周抚","1","1","2"
"孝武太元十二年","1","1","2"
"武太元十二年二","1","1","2"
"太元十二年二月","1","1","2"
"元十二年二月戊","1","1","2"
"十二年二月戊寅","1","1","2"
"十三年十二月戊","1","1","2"
"三年十二月戊子","1","1","2"
"十二年五月五月","1","1","2"
"二年五月五月甲","1","1","2"
"年五月五月甲申","1","1","2"
"恭帝元熙元年七","1","1","2"
"帝元熙元年七月","1","1","2"
"青龙二年二月己","1","1","2"
"龙二年二月己未","1","1","2"
"东海王越杀诸葛","1","1","2"
"海王越杀诸葛玫","1","1","2"
"王越杀诸葛玫等","1","1","2"
"怀帝永嘉六年七","1","1","2"
"帝永嘉六年七月","1","1","2"
"永昌元年王敦攻","1","1","2"
"成帝咸康三年十","1","1","2"
"帝咸康三年十一","1","1","2"
"咸康三年十一月","1","1","2"
"康三年十一月乙","1","1","2"
"三年十一月乙丑","1","1","2"
"太元十一年十二","1","1","2"
"元十一年十二月","1","1","2"
"十一年十二月己","1","1","2"
"一年十二月己丑","1","1","2"
"安帝隆安元年二","1","1","2"
"帝隆安元年二月","1","1","2"
"晋武帝太康元年","1","1","2"
"二亿三万一千三","2","0","2"
"亿三万一千三百","2","0","2"
"长乐魏斥丘安阳","1","1","2"
"乐魏斥丘安阳荡","1","1","2"
"魏斥丘安阳荡阴","1","1","2"
"斥丘安阳荡阴内","1","1","2"
"丘安阳荡阴内黄","1","1","2"
"安阳荡阴内黄黄","1","1","2"
"阳荡阴内黄黄池","1","1","2"
"襄城郡泰始二年","1","1","2"
"乌氏都卢鹑觚阴","1","1","2"
"氏都卢鹑觚阴密","1","1","2"
"都卢鹑觚阴密殷","1","1","2"
"日勒删丹仙提万","1","1","2"
"勒删丹仙提万岁","1","1","2"
"删丹仙提万岁兰","1","1","2"
"丹仙提万岁兰池","1","1","2"
"仙提万岁兰池一","1","1","2"
"汉献帝兴平二年","1","1","2"
"武威太守张雅请","1","1","2"
"玉门大护军三郡","1","1","2"
"门大护军三郡三","1","1","2"
"大护军三郡三营","1","1","2"
"襄武首阳乌鼠山","1","1","2"
"分巴郡立永宁郡","1","1","2"
"长广郡咸宁三年","1","1","2"
"硃虚营陵尚父吕","1","1","2"
"虚营陵尚父吕望","1","1","2"
"安昌棘阳厥西平","1","1","2"
"昌棘阳厥西平氏","1","1","2"
"棘阳厥西平氏桐","1","1","2"
"阳厥西平氏桐柏","1","1","2"
"厥西平氏桐柏山","1","1","2"
"巫北井秦昌信陵","1","1","2"
"北井秦昌信陵兴","1","1","2"
"井秦昌信陵兴山","1","1","2"
"秦昌信陵兴山建","1","1","2"
"昌信陵兴山建始","1","1","2"
"信陵兴山建始秭","1","1","2"
"陵兴山建始秭归","1","1","2"
"分淮南置豫章郡","1","1","2"
"临湖襄安龙舒六","1","1","2"
"晋安郡太康三年","1","1","2"
"南康郡太康三年","1","1","2"
"三万二千七百六","1","1","2"
"万二千七百六十","1","1","2"
"二千七百六十八","1","1","2"
"赵刘曜光初四年","1","1","2"
"刘曜光初四年铸","1","1","2"
"曜光初四年铸浑","1","1","2"
"光初四年铸浑仪","1","1","2"
"荀勖尺一尺五分","1","1","2"
"七千二百八十五","1","1","2"
"一万四千五百七","1","1","2"
"万四千五百七十","1","1","2"
"六千七百二十二","1","1","2"
"七千三百四十一","1","1","2"
"十二万七千七百","1","1","2"
"二万七千七百一","1","1","2"
"万七千七百一十","1","1","2"
"七千七百一十八","1","1","2"
"九十七万四千六","1","1","2"
"十七万四千六百","1","1","2"
"七万四千六百九","1","1","2"
"万四千六百九十","1","1","2"
"七千二百七十一","1","1","2"
"五千六百二十七","1","1","2"
"六万四千七百三","1","1","2"
"万四千七百三十","1","1","2"
"四千七百三十三","1","1","2"
"二百万六千七百","1","1","2"
"百万六千七百二","1","1","2"
"万六千七百二十","1","1","2"
"六千七百二十三","1","1","2"
"一千一百五十七","1","1","2"
"一百九十九万一","1","1","2"
"百九十九万一千","1","1","2"
"九十九万一千七","1","1","2"
"十九万一千七百","1","1","2"
"三千六百五十三","1","1","2"
"五万三千八百四","1","1","2"
"三千八百四十三","1","1","2"
"七万八千五百八","1","1","2"
"万八千五百八十","1","1","2"
"八千五百八十一","1","1","2"
"七千二百一十三","1","1","2"
"十五万二千二百","1","1","2"
"五万二千二百九","1","1","2"
"万二千二百九十","1","1","2"
"二千二百九十三","1","1","2"
"十七万一千四百","1","1","2"
"七万一千四百一","1","1","2"
"万一千四百一十","1","1","2"
"一千四百一十八","1","1","2"
"五百三十一万三","1","1","2"
"百三十一万三千","1","1","2"
"三十一万三千九","1","1","2"
"一万三千九百五","1","1","2"
"万三千九百五十","1","1","2"
"三千九百五十八","1","1","2"
"一千一百二十九","1","1","2"
"一百三十万八千","1","1","2"
"百三十万八千一","1","1","2"
"三十万八千一百","1","1","2"
"十万八千一百九","1","1","2"
"万八千一百九十","1","1","2"
"一千八百三十四","1","1","2"
"二十一万一千三","1","1","2"
"十一万一千三百","1","1","2"
"一万一千三百三","1","1","2"
"万一千三百三十","1","1","2"
"一千三百三十一","1","1","2"
"二十一万九千六","1","1","2"
"十一万九千六百","1","1","2"
"一万九千六百五","1","1","2"
"万九千六百五十","1","1","2"
"九千六百五十九","1","1","2"
"六百八十万九千","1","1","2"
"百八十万九千四","1","1","2"
"八十万九千四百","1","1","2"
"十万九千四百二","1","1","2"
"万九千四百二十","1","1","2"
"九千四百二十九","1","1","2"
"一百六十七万六","1","1","2"
"百六十七万六千","1","1","2"
"六十七万六千三","1","1","2"
"十七万六千三百","1","1","2"
"七万六千三百四","1","1","2"
"万六千三百四十","1","1","2"
"六千三百四十五","1","1","2"
"十三度二百五十","1","1","2"
"三度二百五十万","1","1","2"
"四百一十四度四","1","1","2"
"百一十四度四十","1","1","2"
"一十四度四十七","1","1","2"
"十四度四十七万","1","1","2"
"四度四十七万八","1","1","2"
"度四十七万八千","1","1","2"
"七十二万二千七","1","1","2"
"四十一万二千九","1","1","2"
"十一万二千九百","1","1","2"
"一万二千九百一","1","1","2"
"万二千九百一十","1","1","2"
"二千九百一十九","1","1","2"
"十万三千六百一","1","1","2"
"万三千六百一十","1","1","2"
"小余九百六十七","1","1","2"
"一千二百五十五","1","1","2"
"一千一百四十九","1","1","2"
"二万一千八百三","1","1","2"
"万一千八百三十","1","1","2"
"一千八百三十一","1","1","2"
"二百一十一万七","1","1","2"
"百一十一万七千","1","1","2"
"一十一万七千六","1","1","2"
"十一万七千六百","1","1","2"
"一万一千一百二","1","1","2"
"一千一百二十二","1","1","2"
"五十二万二千七","1","1","2"
"二千三百八十八","1","1","2"
"四万五千三百七","1","1","2"
"万五千三百七十","1","1","2"
"五千三百七十二","1","1","2"
"四百四十万一千","1","1","2"
"三千六百二十七","1","1","2"
"一百四十一万二","1","1","2"
"百四十一万二千","1","1","2"
"四十一万二千一","1","1","2"
"十一万二千一百","1","1","2"
"一万二千一百五","1","1","2"
"万二千一百五十","1","1","2"
"三千九百四十三","1","1","2"
"七万二千三百七","1","1","2"
"万二千三百七十","1","1","2"
"二千三百七十一","1","1","2"
"一万九千九百八","1","1","2"
"九千九百八十七","1","1","2"
"五万八千一百五","1","1","2"
"万八千一百五十","1","1","2"
"八千一百五十三","1","1","2"
"一千六百七十四","1","1","2"
"二千八百八十五","1","1","2"
"四万五千三百一","1","1","2"
"万五千三百一十","1","1","2"
"五千三百一十五","1","1","2"
"四百三十九万五","1","1","2"
"百三十九万五千","1","1","2"
"三十九万五千五","1","1","2"
"十九万五千五百","1","1","2"
"九万五千五百五","1","1","2"
"万五千五百五十","1","1","2"
"五千五百五十五","1","1","2"
"三千五百三十五","1","1","2"
"八万五千一百七","1","1","2"
"万五千一百七十","1","1","2"
"五千一百七十五","1","1","2"
"一万一千七百八","1","1","2"
"万一千七百八十","1","1","2"
"一千七百八十九","1","1","2"
"二十二万三千九","1","1","2"
"十二万三千九百","1","1","2"
"二万三千九百九","1","1","2"
"三千九百九十一","1","1","2"
"二十一万五千四","1","1","2"
"十一万五千四百","1","1","2"
"一万五千四百五","1","1","2"
"万五千四百五十","1","1","2"
"五千四百五十九","1","1","2"
"五百三十六万三","1","1","2"
"百三十六万三千","1","1","2"
"三十六万三千九","1","1","2"
"十六万三千九百","1","1","2"
"六万三千九百九","1","1","2"
"三千九百九十五","1","1","2"
"千六百六十四分","1","1","2"
"千八百六十九分","1","1","2"
"五千二百三十分","1","1","2"
"四百一十五度二","1","1","2"
"百一十五度二百","1","1","2"
"一十五度二百四","1","1","2"
"十五度二百四十","1","1","2"
"五度二百四十九","1","1","2"
"度二百四十九万","1","1","2"
"二百四十九万八","1","1","2"
"百四十九万八千","1","1","2"
"四十九万八千六","1","1","2"
"十九万八千六百","1","1","2"
"九万八千六百九","1","1","2"
"万八千六百九十","1","1","2"
"八千六百九十分","1","1","2"
"千三百六十四分","1","1","2"
"十二度五百九十","1","1","2"
"二度五百九十六","1","1","2"
"度五百九十六万","1","1","2"
"千二百五十六分","1","1","2"
"二千一百八十三","1","1","2"
"七万六千二百六","1","1","2"
"万六千二百六十","1","1","2"
"六千二百六十九","1","1","2"
"三万八千一百三","1","1","2"
"万八千一百三十","1","1","2"
"八千一百三十四","1","1","2"
"一万一千九百八","1","1","2"
"万一千九百八十","1","1","2"
"一千九百八十六","1","1","2"
"三千三百六十二","1","1","2"
"武帝泰始三年十","1","1","2"
"帝泰始三年十一","1","1","2"
"泰始三年十一月","1","1","2"
"改封宗圣侯孔震","1","1","2"
"汉献帝建安十八","1","1","2"
"献帝建安十八年","1","1","2"
"帝建安十八年五","1","1","2"
"建安十八年五月","1","1","2"
"追命舞阳宣文侯","1","1","2"
"始元年十二月丙","1","1","2"
"元年十二月丙寅","1","1","2"
"太乐令跪奏请进","1","1","2"
"乐令跪奏请进乐","1","1","2"
"魏文帝黄初六年","1","1","2"
"文帝黄初六年正","1","1","2"
"帝黄初六年正月","1","1","2"
"元帝太兴三年二","1","1","2"
"帝太兴三年二月","1","1","2"
"太兴三年二月辛","1","1","2"
"兴三年二月辛未","1","1","2"
"孙休永安五年二","1","1","2"
"休永安五年二月","1","1","2"
"孙亮五凤元年夏","1","1","2"
"孙休永安四年五","1","1","2"
"休永安四年五月","1","1","2"
"怀帝永嘉四年四","1","1","2"
"帝永嘉四年四月","1","1","2"
"元帝太兴三年六","1","1","2"
"帝太兴三年六月","1","1","2"
"明帝太宁元年五","1","1","2"
"帝太宁元年五月","1","1","2"
"武帝太元三年六","1","1","2"
"帝太元三年六月","1","1","2"
"十八年六月己亥","1","1","2"
"二十一年五月癸","1","1","2"
"十一年五月癸卯","1","1","2"
"安帝隆安三年五","1","1","2"
"帝隆安三年五月","1","1","2"
"吴孙亮太平二年","1","1","2"
"孙亮太平二年二","1","1","2"
"亮太平二年二月","1","1","2"
"太平二年二月甲","1","1","2"
"平二年二月甲寅","1","1","2"
"简文帝咸安二年","1","1","2"
"文帝咸安二年十","1","1","2"
"帝咸安二年十月","1","1","2"
"遥望鲁国何嵯峨","1","1","2"
"千岁髑髅生齿牙","1","1","2"
"官家养芦化成荻","1","1","2"
"阿坚连牵三十年","1","1","2"
"吴郡嘉兴张林家","1","1","2"
"郡嘉兴张林家狗","1","1","2"
"孙亮五凤二年五","1","1","2"
"亮五凤二年五月","1","1","2"
"阳羡县离里山大","1","1","2"
"羡县离里山大石","1","1","2"
"蜀刘禅景耀五年","1","1","2"
"武帝泰始六年冬","1","1","2"
"乐安梁邹等八县","1","1","2"
"琅邪临沂等八县","1","1","2"
"河间易城等六县","1","1","2"
"高阳北新城等四","1","1","2"
"阳北新城等四县","1","1","2"
"帝永嘉元年十二","1","1","2"
"永嘉元年十二月","1","1","2"
"嘉元年十二月冬","1","1","2"
"永昌二年十二月","1","1","2"
"明帝太宁元年十","1","1","2"
"帝太宁元年十二","1","1","2"
"太宁元年十二月","1","1","2"
"十年十二月癸卯","1","1","2"
"永兴二年十月丁","1","1","2"
"兴二年十月丁丑","1","1","2"
"九月二日壬午立","1","1","2"
"月二日壬午立冬","1","1","2"
"十四年七月甲寅","1","1","2"
"安帝隆安二年九","1","1","2"
"帝隆安二年九月","1","1","2"
"隆安二年九月壬","1","1","2"
"安二年九月壬辰","1","1","2"
"九年十一月甲戌","1","1","2"
"武帝泰始十年六","1","1","2"
"帝泰始十年六月","1","1","2"
"孝武帝太元十五","1","1","2"
"武帝太元十五年","1","1","2"
"帝太元十五年八","1","1","2"
"太元十五年八月","1","1","2"
"元帝永昌元年十","1","1","2"
"帝永昌元年十月","1","1","2"
"穆帝升平三年二","1","1","2"
"帝升平三年二月","1","1","2"
"兴元年十二月丙","1","1","2"
"元年十二月丙申","1","1","2"
"惠帝元康四年六","1","1","2"
"帝元康四年六月","1","1","2"
"永兴元年正月乙","1","1","2"
"兴元年正月乙丑","1","1","2"
"十二年正月壬子","1","1","2"
"二年正月壬子夜","1","1","2"
"十七年六月乙卯","1","1","2"
"安帝元兴二年二","1","1","2"
"帝元兴二年二月","1","1","2"
"元兴二年二月甲","1","1","2"
"兴二年二月甲辰","1","1","2"
"二年二月甲辰夜","1","1","2"
"武帝咸宁元年七","1","1","2"
"帝咸宁元年七月","1","1","2"
"蜀刘备章武二年","1","1","2"
"惠帝元康四年十","1","1","2"
"帝元康四年十二","1","1","2"
"元康四年十二月","1","1","2"
"义熙五年十一月","1","1","2"
"孙权嘉禾六年五","1","1","2"
"权嘉禾六年五月","1","1","2"
"蜀刘禅炎兴元年","1","1","2"
"太康二年二月庚","1","1","2"
"康二年二月庚申","1","1","2"
"武帝泰始三年三","1","1","2"
"帝泰始三年三月","1","1","2"
"泰始三年三月戊","1","1","2"
"始三年三月戊午","1","1","2"
"太康五年五月丙","1","1","2"
"康五年五月丙午","1","1","2"
"怀帝永嘉元年三","1","1","2"
"帝永嘉元年三月","1","1","2"
"元帝太兴元年二","1","1","2"
"帝太兴元年二月","1","1","2"
"柴桑庐山西北崖","1","1","2"
"桑庐山西北崖崩","1","1","2"
"愍帝建兴二年九","1","1","2"
"帝建兴二年九月","1","1","2"
"追赠继祖母夏侯","1","1","2"
"赠继祖母夏侯氏","1","1","2"
"镇军大将军胡奋","1","1","2"
"封夫人夏侯氏万","1","1","2"
"夫人夏侯氏万岁","1","1","2"
"人夏侯氏万岁乡","1","1","2"
"夏侯氏万岁乡君","1","1","2"
"都督江南诸军事","1","1","2"
"都督淮北诸军事","1","1","2"
"文明王皇后生武","1","1","2"
"明王皇后生武帝","1","1","2"
"文帝大将军司马","1","1","2"
"骑都尉成公绥荀","1","1","2"
"帐下司马二十人","1","1","2"
"所著诗赋论难数","1","1","2"
"著诗赋论难数十","1","1","2"
"诗赋论难数十篇","1","1","2"
"督石头水陆诸军","1","1","2"
"石头水陆诸军事","1","1","2"
"尚书右仆射山涛","1","1","2"
"虏奚轲男女十万","1","1","2"
"奚轲男女十万口","1","1","2"
"光熙元年春正月","1","1","2"
"八年春正月辛卯","1","1","2"
"三年春三月丁巳","1","1","2"
"追尊会稽王太妃","1","1","2"
"尊会稽王太妃郑","1","1","2"
"会稽王太妃郑氏","1","1","2"
"任命尚书左仆射","1","1","2"
"慕容实部将慕容","2","0","2"
"尚书右仆射王雅","1","1","2"
"吴国内史袁山松","1","1","2"
"国内史袁山松战","1","1","2"
"内史袁山松战死","1","1","2"
"沮渠蒙逊杀死段","1","1","2"
"渠蒙逊杀死段业","1","1","2"
"令武陵王司马遵","1","1","2"
"武陵王司马遵依","1","1","2"
"陵王司马遵依照","1","1","2"
"王司马遵依照旧","1","1","2"
"司马遵依照旧典","1","1","2"
"冠军将军刘毅等","1","1","2"
"镇军将军刘裕忠","1","1","2"
"建威将军刘怀肃","1","1","2"
"威将军刘怀肃讨","1","1","2"
"将军刘怀肃讨伐","1","1","2"
"军刘怀肃讨伐桓","1","1","2"
"刘怀肃讨伐桓振","1","1","2"
"益州刺史司马荣","1","1","2"
"州刺史司马荣期","1","1","2"
"杀东阳太守殷仲","1","1","2"
"晋陵太守殷道叔","1","1","2"
"赫连勃勃大败秃","1","1","2"
"连勃勃大败秃发","1","1","2"
"梁州刺史杨思平","1","1","2"
"清河王拓跋绍杀","1","1","2"
"荆州刺史刘道规","1","1","2"
"前将军诸葛长民","1","1","2"
"弟弟辅国大将军","1","1","2"
"范胡达侵犯九真","1","1","2"
"冀二州刺史刘敬","1","1","2"
"二州刺史刘敬宣","1","1","2"
"参军司马道赐杀","1","1","2"
"军司马道赐杀害","1","1","2"
"雍州刺史朱龄石","1","1","2"
"州刺史朱龄石焚","1","1","2"
"刺史朱龄石焚烧","1","1","2"
"史朱龄石焚烧长","1","1","2"
"朱龄石焚烧长安","1","1","2"
"永初二年九月丁","1","1","2"
"初二年九月丁丑","1","1","2"
"十一万六千七百","1","1","2"
"一万六千七百九","1","1","2"
"万六千七百九十","1","1","2"
"六千七百九十六","1","1","2"
"重泉频阳秦厉公","1","1","2"
"泉频阳秦厉公置","1","1","2"
"新都郡泰始二年","1","1","2"
"乌程临安余杭武","1","1","2"
"程临安余杭武康","1","1","2"
"九千六百八十二","1","1","2"
"千六百八十二分","1","1","2"
"八千一百九十二","1","1","2"
"会稽东部尉刘洪","1","1","2"
"晷度十四日甲辰","1","1","2"
"度十四日甲辰伏","1","1","2"
"三千五百二十九","1","1","2"
"一万一千五百六","1","1","2"
"万一千五百六十","1","1","2"
"一千五百六十一","1","1","2"
"余四千四百五十","1","1","2"
"襄公二十七年冬","1","1","2"
"公二十七年冬十","1","1","2"
"二十七年冬十一","1","1","2"
"十七年冬十一月","1","1","2"
"七年冬十一月乙","1","1","2"
"年冬十一月乙亥","1","1","2"
"冬十一月乙亥朔","1","1","2"
"中车府令赵高作","1","1","2"
"太史令胡毋敬作","1","1","2"
"魏武帝听从了这","0","2","2"
"八个郡国发生地","0","2","2"
"观察日月星辰的","0","2","2"
"它的位置确定国","0","2","2"
"的位置确定国家","0","2","2"
"位置确定国家的","0","2","2"
"置确定国家的兴","0","2","2"
"确定国家的兴衰","0","2","2"
"水星加一次会合","0","2","2"
"星加一次会合后","0","2","2"
"加一次会合后由","0","2","2"
"一次会合后由早","0","2","2"
"次会合后由早晨","0","2","2"
"没有顾得上施行","0","2","2"
"活着的时候一样","0","2","2"
"能够符合上天的","0","2","2"
"够符合上天的意","0","2","2"
"符合上天的意旨","0","2","2"
"能够使后代昌盛","0","2","2"
"比得上天地造化","0","2","2"
"就是这种情况吗","0","2","2"
"刑的人就染黑他","0","2","2"
"的人就染黑他的","0","2","2"
"主管人遵守条文","0","2","2"
"不同的时候采取","0","2","2"
"同的时候采取适","0","2","2"
"的时候采取适当","0","2","2"
"时候采取适当的","0","2","2"
"候采取适当的办","0","2","2"
"采取适当的办法","0","2","2"
"的由来已经很久","0","2","2"
"来已经很久远了","0","2","2"
"是统治国家的人","0","2","2"
"怎能用退让来压","0","2","2"
"能用退让来压抑","0","2","2"
"宣帝从辽东归来","0","2","2"
"兖州刺史令狐愚","0","2","2"
"天子身穿素服亲","0","2","2"
"子身穿素服亲临","0","2","2"
"身穿素服亲临吊","0","2","2"
"因为有功被封为","0","2","2"
"增加食邑九千户","0","2","2"
"以前的共四万户","0","2","2"
"不能亲自治理纷","0","2","2"
"能亲自治理纷繁","0","2","2"
"亲自治理纷繁的","0","2","2"
"自治理纷繁的政","0","2","2"
"治理纷繁的政务","0","2","2"
"讨伐蜀国的时候","0","2","2"
"增加食邑一千户","0","2","2"
"被封为新城乡侯","0","2","2"
"把辎重留在都陆","0","2","2"
"泰山太守胡烈出","0","2","2"
"山太守胡烈出奇","0","2","2"
"太守胡烈出奇兵","0","2","2"
"骑督成悴的弟弟","0","2","2"
"督成悴的弟弟太","0","2","2"
"成悴的弟弟太子","0","2","2"
"悴的弟弟太子舍","0","2","2"
"的弟弟太子舍人","0","2","2"
"弟弟太子舍人成","0","2","2"
"弟太子舍人成济","0","2","2"
"王沈为御史大夫","0","2","2"
"托身于王公之上","0","2","2"
"太妃王氏为皇太","0","2","2"
"妃王氏为皇太后","0","2","2"
"有彗星出现于轸","0","2","2"
"彗星出现于轸星","0","2","2"
"派遣太尉义阳王","0","2","2"
"遣太尉义阳王司","0","2","2"
"太尉义阳王司马","0","2","2"
"尉义阳王司马望","0","2","2"
"很多囚徒被宽赦","0","2","2"
"多囚徒被宽赦遣","0","2","2"
"囚徒被宽赦遣返","0","2","2"
"两条青龙出现于","0","2","2"
"有彗星出现于紫","0","2","2"
"彗星出现于紫宫","0","2","2"
"星出现于紫宫星","0","2","2"
"出现于紫宫星座","0","2","2"
"自己的儿子司马","0","2","2"
"六年春正月初一","0","2","2"
"以汝阴王司马骏","0","2","2"
"骏为镇西大将军","0","2","2"
"年春正月二十六","0","2","2"
"春正月二十六日","0","2","2"
"皇太子成年加冠","0","2","2"
"赐王公以下帛不","0","2","2"
"高阳王司马王圭","0","2","2"
"秋七月二十六日","0","2","2"
"征东大将军卫馞","0","2","2"
"子司马祗为东海","0","2","2"
"司马祗为东海王","0","2","2"
"公卿以下赐帛不","0","2","2"
"卿以下赐帛不等","0","2","2"
"宣武观举行大规","0","2","2"
"武观举行大规模","0","2","2"
"观举行大规模阅","0","2","2"
"扶风王司马亮为","0","2","2"
"彗星出现于西方","0","2","2"
"征北大将军卫馞","0","2","2"
"司马遐为清河王","0","2","2"
"冠军将军杨济为","0","2","2"
"军将军杨济为副","0","2","2"
"五十二万三千户","0","2","2"
"王浚为辅国大将","0","2","2"
"浚为辅国大将军","0","2","2"
"鲜卑慕容磒侵扰","0","2","2"
"南王司马亮为太","0","2","2"
"派遣儿子到京都","0","2","2"
"遣儿子到京都侍","0","2","2"
"儿子到京都侍奉","0","2","2"
"宣武观举行大阅","0","2","2"
"武观举行大阅兵","0","2","2"
"国池水变成赤色","0","2","2"
"以陇西王司马泰","0","2","2"
"赐给王公以下帛","0","2","2"
"给王公以下帛不","0","2","2"
"以汝南王司马亮","0","2","2"
"琅王牙王司马觐","0","2","2"
"熙元年春正月初","0","2","2"
"二千石以上的官","0","2","2"
"东平王司马懋为","0","2","2"
"邳王司马晃为尚","0","2","2"
"王司马晃为尚书","0","2","2"
"以赵王司马伦为","0","2","2"
"赵王司马伦为征","0","2","2"
"长沙王司马磖为","0","2","2"
"梁王司马肜为征","0","2","2"
"王司马肜为征西","0","2","2"
"司马肜为征西大","0","2","2"
"马肜为征西大将","0","2","2"
"肜为征西大将军","0","2","2"
"都王司马颖为镇","0","2","2"
"赵王司马伦假借","0","2","2"
"王司马伦假借皇","0","2","2"
"以梁王司马肜为","0","2","2"
"王司马肜为太宰","0","2","2"
"立皇孙司马臧为","0","2","2"
"皇孙司马臧为皇","0","2","2"
"孙司马臧为皇太","0","2","2"
"司马臧为皇太孙","0","2","2"
"左卫将军王舆与","0","2","2"
"以齐王司马礒为","0","2","2"
"封齐王司马礒的","0","2","2"
"王司马晏的儿子","0","2","2"
"河间王司马颙派","0","2","2"
"间王司马颙派遣","0","2","2"
"司马颙派遣部将","0","2","2"
"与成都王司马颖","0","2","2"
"二年春正月初一","0","2","2"
"成都王司马颖举","0","2","2"
"都王司马颖举兵","0","2","2"
"讨伐长沙王司马","0","2","2"
"以成都王司马颖","0","2","2"
"立成都王司马颖","0","2","2"
"都王司马颖为皇","0","2","2"
"王司马颖为皇太","0","2","2"
"盗贼偷去太庙中","0","2","2"
"贼偷去太庙中的","0","2","2"
"羊氏恢复皇后地","0","2","2"
"氏恢复皇后地位","0","2","2"
"十二月二十四日","0","2","2"
"高密王司马简为","0","2","2"
"东海王司马越在","0","2","2"
"昌公司马模派遣","0","2","2"
"公司马模派遣将","0","2","2"
"司马模派遣将军","0","2","2"
"豫州刺史刘乔的","0","2","2"
"军范阳王司马九","0","2","2"
"河王司马覃入宫","0","2","2"
"束海王司马越辅","0","2","2"
"海王司马越辅佐","0","2","2"
"王司马越辅佐朝","0","2","2"
"司马越辅佐朝政","0","2","2"
"束海王司马越进","0","2","2"
"北将军曹武讨伐","0","2","2"
"将军曹武讨伐刘","0","2","2"
"军曹武讨伐刘聪","0","2","2"
"东海王司马越派","0","2","2"
"敬迎回先帝的灵","0","2","2"
"迎回先帝的灵柩","0","2","2"
"纵火焚烧城中住","0","2","2"
"火焚烧城中住宅","0","2","2"
"领军将军曲允讨","0","2","2"
"军将军曲允讨伐","0","2","2"
"必然会为这样的","0","2","2"
"然会为这样的情","0","2","2"
"会为这样的情况","0","2","2"
"为这样的情况而","0","2","2"
"琅王牙恭王司马","0","2","2"
"王牙恭王司马觐","0","2","2"
"百姓都心悦诚服","0","2","2"
"元年春二月二十","0","2","2"
"琅王牙王司马裒","0","2","2"
"为他们举行哀悼","0","2","2"
"他们举行哀悼仪","0","2","2"
"们举行哀悼仪式","0","2","2"
"兴元年正月初一","0","2","2"
"为开府仪同三司","0","2","2"
"皇子司马晞为武","0","2","2"
"子司马晞为武陵","0","2","2"
"司马晞为武陵王","0","2","2"
"南阳王司马保在","0","2","2"
"阳王司马保在祁","0","2","2"
"王司马保在祁山","0","2","2"
"司马保在祁山称","0","2","2"
"马保在祁山称晋","0","2","2"
"保在祁山称晋王","0","2","2"
"皇子司马昱为琅","0","2","2"
"西阳王司马为太","0","2","2"
"李雄的将领张龙","0","2","2"
"平北将军魏该率","0","2","2"
"加封司徒王导为","0","2","2"
"封司徒王导为大","0","2","2"
"司徒王导为大司","0","2","2"
"徒王导为大司马","0","2","2"
"任护军将军庾亮","0","2","2"
"封琅王牙王司马","0","2","2"
"王司马的儿子司","0","2","2"
"司马的儿子司马","0","2","2"
"雄的将领李寿侵","0","2","2"
"的将领李寿侵犯","0","2","2"
"石勒的将领郭敬","0","2","2"
"石弘的将领石季","0","2","2"
"弘的将领石季龙","0","2","2"
"东海王司马冲为","0","2","2"
"王牙王司马岳为","0","2","2"
"文武百官增位一","0","2","2"
"武百官增位一等","0","2","2"
"不能养活自己的","0","2","2"
"能养活自己的人","0","2","2"
"石季龙的将领石","0","2","2"
"彗星出现在太微","0","2","2"
"星出现在太微星","0","2","2"
"武陵王司马晞为","0","2","2"
"张重华的将领谢","0","2","2"
"重华的将领谢艾","0","2","2"
"西将军桓温率领","0","2","2"
"的军队被打得大","0","2","2"
"军队被打得大败","0","2","2"
"桓温率领军队北","0","2","2"
"温率领军队北伐","0","2","2"
"派北中郎将荀羡","0","2","2"
"玺文是受天之命","0","2","2"
"王公以下每十三","0","2","2"
"公以下每十三户","0","2","2"
"到琅邪王的府第","0","2","2"
"大司马桓温率领","0","2","2"
"司马桓温率领军","0","2","2"
"马桓温率领军队","0","2","2"
"暐的将领慕容评","0","2","2"
"的身份返回宅第","0","2","2"
"百官进入太极前","0","2","2"
"官进入太极前殿","0","2","2"
"游击将军毛安之","0","2","2"
"将军桓豁为征西","0","2","2"
"彗星侵入天市座","0","2","2"
"苻坚的将领姚苌","0","2","2"
"天子谒拜建平等","0","2","2"
"子谒拜建平等四","0","2","2"
"尚书仆射谢安为","0","2","2"
"年正月二十八日","0","2","2"
"年以下徒刑的人","0","2","2"
"派使者前来进贡","0","2","2"
"使者前来进贡地","0","2","2"
"者前来进贡地方","0","2","2"
"前来进贡地方物","0","2","2"
"来进贡地方物产","0","2","2"
"高密王司马纯之","0","2","2"
"骧将军刘牢之与","0","2","2"
"为都督中外诸军","0","2","2"
"仆射陆纳为尚书","0","2","2"
"兖州刺史朱序为","0","2","2"
"朝廷的军队失败","0","2","2"
"洪水进入石头城","0","2","2"
"太白星白天出现","0","2","2"
"十八年正月初一","0","2","2"
"有见识的人认为","0","2","2"
"辅国将军刘牢之","0","2","2"
"牙王司马德文为","0","2","2"
"司马蕴为淮陵王","0","2","2"
"南蛮校尉杨亻全","0","2","2"
"蛮校尉杨亻全期","0","2","2"
"宁朔将军高雅之","0","2","2"
"辅国将军何无忌","0","2","2"
"振武将军刘道规","0","2","2"
"车骑将军刘裕为","0","2","2"
"抚军将军刘毅为","0","2","2"
"琅邪王司马德文","0","2","2"
"州刺史司马休之","0","2","2"
"之为尚书左仆射","0","2","2"
"朝廷听从了他的","0","2","2"
"廷听从了他的意","0","2","2"
"五大行星的位置","0","2","2"
"所在处高六万里","0","2","2"
"北极低处比外衡","0","2","2"
"太阳运行的轨道","0","2","2"
"太阳运行到地中","0","2","2"
"阳运行到地中时","0","2","2"
"运行到地中时就","0","2","2"
"一周是三百六十","0","2","2"
"周是三百六十五","0","2","2"
"一半覆盖在地上","0","2","2"
"王生用火炬来比","0","2","2"
"生用火炬来比喻","0","2","2"
"是三百六十五度","0","2","2"
"在斗星二十一度","0","2","2"
"斗星二十一度上","0","2","2"
"这一天太阳最靠","0","2","2"
"所以太阳也出于","0","2","2"
"运行一百四十六","0","2","2"
"行一百四十六度","0","2","2"
"运行二百一十九","0","2","2"
"行二百一十九度","0","2","2"
"二百一十九度稍","0","2","2"
"所以日影逐渐变","0","2","2"
"白昼在地上运行","0","2","2"
"在地上运行的度","0","2","2"
"地上运行的度数","0","2","2"
"上运行的度数逐","0","2","2"
"的度数逐渐增多","0","2","2"
"行的度数逐渐减","0","2","2"
"的度数逐渐减少","0","2","2"
"在井星二十五度","0","2","2"
"出于寅时入于戌","0","2","2"
"于寅时入于戌时","0","2","2"
"白昼时在地上运","0","2","2"
"昼时在地上运行","0","2","2"
"出于卯时入于酉","0","2","2"
"于卯时入于酉时","0","2","2"
"是天体直径的一","0","2","2"
"从太阳斜射阳城","0","2","2"
"北面的四颗星叫","0","2","2"
"它的北面是中华","0","2","2"
"它的北面是西太","0","2","2"
"北面的三颗星叫","0","2","2"
"南面的四颗星叫","0","2","2"
"面的四颗星叫内","0","2","2"
"的四颗星叫内平","0","2","2"
"此星明亮则天下","0","2","2"
"就会发生大规模","0","2","2"
"会发生大规模的","0","2","2"
"发生大规模的战","0","2","2"
"客星侵入并停留","0","2","2"
"有大的战乱发生","0","2","2"
"是日月星三光之","0","2","2"
"日月星三光之道","0","2","2"
"面的两颗星叫天","0","2","2"
"有的说可以预测","0","2","2"
"月亮和五星进入","0","2","2"
"面的三颗星叫天","0","2","2"
"所以不希望它明","0","2","2"
"以不希望它明亮","0","2","2"
"六度为十二次中","0","2","2"
"宿十一度为十二","0","2","2"
"十一度为十二次","0","2","2"
"一度为十二次中","0","2","2"
"则月亮的运行忽","0","2","2"
"则所应对的国家","0","2","2"
"其所对应的国家","0","2","2"
"出现则光芒指向","0","2","2"
"它所对应的地区","0","2","2"
"北方有三颗大星","0","2","2"
"飞星若体大如缶","0","2","2"
"星若体大如缶像","0","2","2"
"若体大如缶像瓮","0","2","2"
"体大如缶像瓮一","0","2","2"
"大如缶像瓮一样","0","2","2"
"的地方人死血流","0","2","2"
"青赤之气量小而","0","2","2"
"虹贯穿抱气直达","0","2","2"
"贯穿抱气直达日","0","2","2"
"穿抱气直达日旁","0","2","2"
"没有比这更大的","0","2","2"
"年正月乙未日初","0","2","2"
"正月乙未日初一","0","2","2"
"年正月丙子日初","0","2","2"
"正月丙子日初一","0","2","2"
"六月庚子日初一","0","2","2"
"海西公太和三年","0","2","2"
"魏明帝太和五年","0","2","2"
"月亮犯及荧惑星","0","2","2"
"年十一月辛巳日","0","2","2"
"月亮干犯了岁星","0","2","2"
"在牵牛星之分野","0","2","2"
"刘裕将桓氏家族","0","2","2"
"发生大规模战争","0","2","2"
"将有大规模战争","0","2","2"
"有大规模战争发","0","2","2"
"大规模战争发生","0","2","2"
"星在东井附近会","0","2","2"
"在东井附近会合","0","2","2"
"太白星犯荧惑星","0","2","2"
"穆帝永和四年五","0","2","2"
"帝永和四年五月","0","2","2"
"这一年石季龙死","0","2","2"
"太白星掩蔽了荧","0","2","2"
"白星掩蔽了荧惑","0","2","2"
"星掩蔽了荧惑星","0","2","2"
"燧人氏钻木取火","0","2","2"
"秦始皇统一天下","0","2","2"
"个五十里的封国","0","2","2"
"二百一十个封国","0","2","2"
"天子食其三分之","0","2","2"
"子食其三分之一","0","2","2"
"食其三分之一租","0","2","2"
"其三分之一租税","0","2","2"
"天子食其四分之","0","2","2"
"子食其四分之一","0","2","2"
"食其四分之一租","0","2","2"
"其四分之一租税","0","2","2"
"年轮种的土地每","0","2","2"
"轮种的土地每家","0","2","2"
"土地纵横各七十","0","2","2"
"食邑一千六百户","0","2","2"
"食邑一千四百户","0","2","2"
"土地纵横各六十","0","2","2"
"土地纵横各五十","0","2","2"
"土地纵横各四十","0","2","2"
"记载属冀州地域","0","2","2"
"州统管六个郡国","0","2","2"
"州刺史镇守蒲坂","0","2","2"
"元帝南渡长江后","0","2","2"
"的名称没有改变","0","2","2"
"汉武帝设置十三","0","2","2"
"武帝设置十三州","0","2","2"
"一万一千三百户","0","2","2"
"为成都王司马颖","0","2","2"
"记载为扬州地域","0","2","2"
"将这些内容编入","0","2","2"
"奚景在泠道舜祠","0","2","2"
"景在泠道舜祠地","0","2","2"
"在泠道舜祠地下","0","2","2"
"像宾主一样互相","0","2","2"
"宾主一样互相敬","0","2","2"
"主一样互相敬酒","0","2","2"
"宣布哲人的美德","0","2","2"
"昭示作人的规范","0","2","2"
"辅佐万物的形成","0","2","2"
"皆能恢复对应其","0","2","2"
"能恢复对应其礼","0","2","2"
"恢复对应其礼的","0","2","2"
"复对应其礼的常","0","2","2"
"对应其礼的常态","0","2","2"
"十二管旋相为宫","0","2","2"
"每一孔对应一律","0","2","2"
"主持奏乐的人就","0","2","2"
"持奏乐的人就说","0","2","2"
"奏乐的人就说请","0","2","2"
"乐的人就说请奏","0","2","2"
"满姑洗律长处开","0","2","2"
"姑洗律长处开孔","0","2","2"
"本是正声调黄钟","0","2","2"
"是正声调黄钟为","0","2","2"
"正声调黄钟为宫","0","2","2"
"声调黄钟为宫音","0","2","2"
"调黄钟为宫音阶","0","2","2"
"黄钟为宫音阶的","0","2","2"
"笛孔全闭的筒音","0","2","2"
"季第二月的气来","0","2","2"
"第二月的气来了","0","2","2"
"八又二百四十三","0","2","2"
"百四十三分之一","0","2","2"
"四十三分之一百","0","2","2"
"十三分之一百零","0","2","2"
"三分之一百零四","0","2","2"
"分之一百零四寸","0","2","2"
"又二千一百八十","0","2","2"
"七分之一千零七","0","2","2"
"分之一千零七十","0","2","2"
"之一千零七十五","0","2","2"
"一千零七十五寸","0","2","2"
"六又一万九千六","0","2","2"
"百八十三分之一","0","2","2"
"八十三分之一万","0","2","2"
"十三分之一万二","0","2","2"
"三分之一万二千","0","2","2"
"分之一万二千九","0","2","2"
"之一万二千九百","0","2","2"
"一万二千九百七","0","2","2"
"千九百七十四寸","0","2","2"
"又八十一分之二","0","2","2"
"八十一分之二十","0","2","2"
"季第二个月的气","0","2","2"
"第二个月的气来","0","2","2"
"二个月的气来了","0","2","2"
"该律就会相应合","0","2","2"
"五百六十一分之","0","2","2"
"调和阴阳律历的","0","2","2"
"等于荀勖尺一尺","0","2","2"
"五星的运动状况","0","2","2"
"一百四十五为斗","0","2","2"
"百四十五为斗分","0","2","2"
"汉献帝建安元年","0","2","2"
"千八百八十三为","0","2","2"
"八百八十三为纪","0","2","2"
"百八十三为纪法","0","2","2"
"一千二百零五为","0","2","2"
"千二百零五为斗","0","2","2"
"二百零五为斗分","0","2","2"
"与实际天象相符","0","2","2"
"推算结果落后于","0","2","2"
"算结果落后于实","0","2","2"
"结果落后于实际","0","2","2"
"果落后于实际天","0","2","2"
"斗分太多的缘故","0","2","2"
"上消息改正后在","0","2","2"
"消息改正后在未","0","2","2"
"息改正后在未时","0","2","2"
"日丁亥早晨出现","0","2","2"
"月十七日庚辰出","0","2","2"
"十七日庚辰出现","0","2","2"
"实际天象在同一","0","2","2"
"际天象在同一天","0","2","2"
"一千一百七十八","0","2","2"
"余数即为所求年","0","2","2"
"数即为所求年入","0","2","2"
"用所求年入纪年","0","2","2"
"闰余在十二以上","0","2","2"
"大余的基础上加","0","2","2"
"的基础上加二十","0","2","2"
"余的基础上加七","0","2","2"
"的基础上加大余","0","2","2"
"法五百八十九乘","0","2","2"
"五百八十九乘以","0","2","2"
"乘积在周天二十","0","2","2"
"积在周天二十一","0","2","2"
"在周天二十一万","0","2","2"
"五千一百三十以","0","2","2"
"千一百三十以上","0","2","2"
"一百三十以上减","0","2","2"
"百三十以上减之","0","2","2"
"余下不足周天部","0","2","2"
"下不足周天部分","0","2","2"
"不足周天部分除","0","2","2"
"足周天部分除以","0","2","2"
"部分除以纪法五","0","2","2"
"分除以纪法五百","0","2","2"
"在纪法五百八十","0","2","2"
"法五百八十九以","0","2","2"
"五百八十九以上","0","2","2"
"合朔的基础上日","0","2","2"
"朔的基础上日度","0","2","2"
"的基础上日度加","0","2","2"
"小分及度之间的","0","2","2"
"分及度之间的换","0","2","2"
"及度之间的换算","0","2","2"
"宿度的确定方法","0","2","2"
"度的确定方法如","0","2","2"
"的确定方法如前","0","2","2"
"除以会岁八百九","0","2","2"
"以会岁八百九十","0","2","2"
"会岁八百九十三","0","2","2"
"以会率一千八百","0","2","2"
"会率一千八百八","0","2","2"
"率一千八百八十","0","2","2"
"以会月一万一千","0","2","2"
"会月一万一千零","0","2","2"
"月一万一千零四","0","2","2"
"所得商敷为积月","0","2","2"
"以之确定的时间","0","2","2"
"小余大于等于二","0","2","2"
"余大于等于二千","0","2","2"
"除以月周七千八","0","2","2"
"半一百二十七乘","0","2","2"
"一百二十七乘以","0","2","2"
"以通法四万三千","0","2","2"
"通法四万三千零","0","2","2"
"法四万三千零二","0","2","2"
"除以通数三十一","0","2","2"
"历周十六万四千","0","2","2"
"周十六万四千四","0","2","2"
"十六万四千四百","0","2","2"
"六万四千四百六","0","2","2"
"万四千四百六十","0","2","2"
"四千四百六十六","0","2","2"
"入历的基础上加","0","2","2"
"历的基础上加一","0","2","2"
"的基础上加一天","0","2","2"
"以日余减去周日","0","2","2"
"周虚二千六百六","0","2","2"
"虚二千六百六十","0","2","2"
"二千六百六十六","0","2","2"
"以周半一百二十","0","2","2"
"周半一百二十七","0","2","2"
"如果日余不足减","0","2","2"
"如果日余在周日","0","2","2"
"果日余在周日分","0","2","2"
"日余在周日分以","0","2","2"
"除不尽的为余数","0","2","2"
"靠近的节气的夜","0","2","2"
"五千一百三十乘","0","2","2"
"千一百三十乘以","0","2","2"
"数三十一乘以合","0","2","2"
"百八十九分之二","0","2","2"
"八十九分之二十","0","2","2"
"十九分之二十一","0","2","2"
"九分之二十一万","0","2","2"
"分之二十一万五","0","2","2"
"之二十一万五千","0","2","2"
"法一千四百五十","0","2","2"
"所得商敷为大余","0","2","2"
"以通法乘以行星","0","2","2"
"通法乘以行星各","0","2","2"
"法乘以行星各自","0","2","2"
"行星各自的月余","0","2","2"
"以周天二十一万","0","2","2"
"余数命名为合余","0","2","2"
"如果所得商数为","0","2","2"
"以章闰乘以入纪","0","2","2"
"章闰乘以入纪月","0","2","2"
"会合时所在月份","0","2","2"
"加上上次会合时","0","2","2"
"上上次会合时的","0","2","2"
"上次会合时的月","0","2","2"
"加上次合月大余","0","2","2"
"再加大余二十九","0","2","2"
"上次会合时入月","0","2","2"
"余满日度法化为","0","2","2"
"如果上次会合朔","0","2","2"
"果上次会合朔小","0","2","2"
"上次会合朔小余","0","2","2"
"为本次会合时入","0","2","2"
"本次会合时入月","0","2","2"
"数加上次会合时","0","2","2"
"上次会合时度数","0","2","2"
"余加上次会合时","0","2","2"
"所得即为本次会","0","2","2"
"得即为本次会合","0","2","2"
"即为本次会合时","0","2","2"
"天三百四十八万","0","2","2"
"除去逆行所退十","0","2","2"
"天九十七万三千","0","2","2"
"三千零一十三分","0","2","2"
"除去逆行所退六","0","2","2"
"去逆行所退六度","0","2","2"
"天十一万三千九","0","2","2"
"度十一万三千九","0","2","2"
"天六百零一万二","0","2","2"
"十五度六百零一","0","2","2"
"五度六百零一万","0","2","2"
"度六百零一万二","0","2","2"
"加入到此行星会","0","2","2"
"入到此行星会合","0","2","2"
"到此行星会合时","0","2","2"
"此行星会合时的","0","2","2"
"行星会合时的时","0","2","2"
"星会合时的时间","0","2","2"
"度法则化为天数","0","2","2"
"命名的方法与前","0","2","2"
"名的方法与前面","0","2","2"
"即可得到此行星","0","2","2"
"可得到此行星出","0","2","2"
"得到此行星出现","0","2","2"
"到此行星出现的","0","2","2"
"此行星出现的时","0","2","2"
"行星出现的时间","0","2","2"
"星出现的时间和","0","2","2"
"出现的时间和所","0","2","2"
"现的时间和所在","0","2","2"
"以行星每天运行","0","2","2"
"行星每天运行分","0","2","2"
"星每天运行分数","0","2","2"
"每天运行分数的","0","2","2"
"天运行分数的分","0","2","2"
"运行分数的分母","0","2","2"
"行分数的分母乘","0","2","2"
"分数的分母乘以","0","2","2"
"数的分母乘以该","0","2","2"
"的分母乘以该星","0","2","2"
"分母乘以该星首","0","2","2"
"母乘以该星首次","0","2","2"
"乘以该星首次出","0","2","2"
"以该星首次出现","0","2","2"
"该星首次出现时","0","2","2"
"星首次出现时的","0","2","2"
"首次出现时的度","0","2","2"
"次出现时的度数","0","2","2"
"度余除以日度法","0","2","2"
"余除以日度法得","0","2","2"
"除以日度法得一","0","2","2"
"度法的一半以上","0","2","2"
"法的一半以上也","0","2","2"
"的一半以上也得","0","2","2"
"一半以上也得一","0","2","2"
"每天加上所运行","0","2","2"
"天加上所运行的","0","2","2"
"加上所运行的分","0","2","2"
"上所运行的分数","0","2","2"
"其对应之分母得","0","2","2"
"对应之分母得一","0","2","2"
"应之分母得一度","0","2","2"
"逆行和顺行时所","0","2","2"
"行和顺行时所用","0","2","2"
"和顺行时所用分","0","2","2"
"顺行时所用分母","0","2","2"
"行时所用分母不","0","2","2"
"时所用分母不同","0","2","2"
"以现行的对应分","0","2","2"
"现行的对应分母","0","2","2"
"行的对应分母乘","0","2","2"
"的对应分母乘以","0","2","2"
"对应分母乘以前","0","2","2"
"应分母乘以前面","0","2","2"
"分母乘以前面的","0","2","2"
"母乘以前面的运","0","2","2"
"乘以前面的运行","0","2","2"
"以前面的运行分","0","2","2"
"除以前面运行分","0","2","2"
"以前面运行分对","0","2","2"
"前面运行分对应","0","2","2"
"面运行分对应的","0","2","2"
"运行分对应的分","0","2","2"
"行分对应的分母","0","2","2"
"所得为对应于现","0","2","2"
"得为对应于现行","0","2","2"
"为对应于现行分","0","2","2"
"对应于现行分母","0","2","2"
"应于现行分母的","0","2","2"
"于现行分母的运","0","2","2"
"现行分母的运行","0","2","2"
"行分母的运行分","0","2","2"
"度沿用前面的不","0","2","2"
"沿用前面的不变","0","2","2"
"伏时不写出每天","0","2","2"
"时不写出每天运","0","2","2"
"不写出每天运行","0","2","2"
"写出每天运行的","0","2","2"
"出每天运行的度","0","2","2"
"每天运行的度数","0","2","2"
"以现行分母作为","0","2","2"
"现行分母作为比","0","2","2"
"行分母作为比率","0","2","2"
"运行分有增有减","0","2","2"
"早晨舆太阳会合","0","2","2"
"共运行二度三百","0","2","2"
"运行二度三百二","0","2","2"
"行二度三百二十","0","2","2"
"三万四千六百零","0","2","2"
"万四千六百零七","0","2","2"
"四千六百零七分","0","2","2"
"行五十八分之十","0","2","2"
"五十八分之十一","0","2","2"
"十八分之十一度","0","2","2"
"十八天共运行十","0","2","2"
"八天共运行十一","0","2","2"
"十八天共运行九","0","2","2"
"八天共运行九度","0","2","2"
"每天运行七分之","0","2","2"
"天运行七分之一","0","2","2"
"运行七分之一度","0","2","2"
"八十四天共退行","0","2","2"
"十四天共退行十","0","2","2"
"四天共退行十二","0","2","2"
"天共退行十二度","0","2","2"
"七十一天一百四","0","2","2"
"十一天一百四十","0","2","2"
"一天一百四十八","0","2","2"
"天一百四十八万","0","2","2"
"一百四十八万九","0","2","2"
"运行五十五度一","0","2","2"
"行五十五度一百","0","2","2"
"五十五度一百二","0","2","2"
"十五度一百二十","0","2","2"
"五度一百二十四","0","2","2"
"一百二十四万二","0","2","2"
"二千八百六十点","0","2","2"
"千八百六十点五","0","2","2"
"八百六十点五分","0","2","2"
"二十三分之十二","0","2","2"
"十三分之十二度","0","2","2"
"每天运行六十二","0","2","2"
"天运行六十二分","0","2","2"
"运行六十二分之","0","2","2"
"行六十二分之十","0","2","2"
"六十二分之十七","0","2","2"
"六十二天退行十","0","2","2"
"十二天退行十七","0","2","2"
"二天退行十七度","0","2","2"
"十一天后转为顺","0","2","2"
"一天后转为顺行","0","2","2"
"十六天一百一十","0","2","2"
"六天一百一十二","0","2","2"
"天一百一十二万","0","2","2"
"一百一十二万二","0","2","2"
"千四百二十六点","0","2","2"
"四百二十六点五","0","2","2"
"百二十六点五分","0","2","2"
"运行一度一百九","0","2","2"
"行一度一百九十","0","2","2"
"千八百六十四点","0","2","2"
"八百六十四点五","0","2","2"
"百六十四点五分","0","2","2"
"每天运行三十五","0","2","2"
"天运行三十五分","0","2","2"
"运行三十五分之","0","2","2"
"行三十五分之三","0","2","2"
"三十五分之三度","0","2","2"
"八十七点五天运","0","2","2"
"十七点五天运行","0","2","2"
"七点五天运行七","0","2","2"
"点五天运行七点","0","2","2"
"五天运行七点五","0","2","2"
"天运行七点五度","0","2","2"
"每天运行十七分","0","2","2"
"天运行十七分之","0","2","2"
"运行十七分之一","0","2","2"
"行十七分之一度","0","2","2"
"一百零二天退行","0","2","2"
"百零二天退行六","0","2","2"
"零二天退行六度","0","2","2"
"共三百七十八天","0","2","2"
"度一百七十三万","0","2","2"
"每天运行四十六","0","2","2"
"天运行四十六分","0","2","2"
"运行四十六分之","0","2","2"
"行四十六分之三","0","2","2"
"四十六分之三十","0","2","2"
"十六分之三十三","0","2","2"
"六分之三十三度","0","2","2"
"四十六天运行三","0","2","2"
"十六天运行三十","0","2","2"
"六天运行三十三","0","2","2"
"又九十一分之十","0","2","2"
"天运行一百零六","0","2","2"
"运行一百零六度","0","2","2"
"一分之二十二度","0","2","2"
"运行一百一十三","0","2","2"
"行一百一十三度","0","2","2"
"四十一天五万六","0","2","2"
"九百五十四分运","0","2","2"
"百五十四分运行","0","2","2"
"五十四分运行五","0","2","2"
"十四分运行五十","0","2","2"
"四分运行五十度","0","2","2"
"分运行五十度五","0","2","2"
"运行五十度五万","0","2","2"
"总计二百九十二","0","2","2"
"计二百九十二天","0","2","2"
"天五万六千九百","0","2","2"
"转而晚上在西方","0","2","2"
"而晚上在西方出","0","2","2"
"每天运行一度十","0","2","2"
"总计二次会合一","0","2","2"
"计二次会合一终","0","2","2"
"每天运行九分之","0","2","2"
"天运行九分之八","0","2","2"
"运行九分之八度","0","2","2"
"每天运行一又四","0","2","2"
"天运行一又四分","0","2","2"
"运行一又四分之","0","2","2"
"行一又四分之一","0","2","2"
"一又四分之一度","0","2","2"
"二十天运行二十","0","2","2"
"十天运行二十五","0","2","2"
"天运行二十五度","0","2","2"
"十六天六百四十","0","2","2"
"六天六百四十一","0","2","2"
"九百六十七分运","0","2","2"
"百六十七分运行","0","2","2"
"六十七分运行三","0","2","2"
"十七分运行三十","0","2","2"
"七分运行三十二","0","2","2"
"分运行三十二度","0","2","2"
"运行三十二度六","0","2","2"
"行三十二度六百","0","2","2"
"运行一百一十五","0","2","2"
"行一百一十五度","0","2","2"
"作为一年的开始","0","2","2"
"于是更改正月所","0","2","2"
"是更改正月所在","0","2","2"
"改变历法的基本","0","2","2"
"变历法的基本数","0","2","2"
"历法的基本数据","0","2","2"
"个数据的计算方","0","2","2"
"数据的计算方法","0","2","2"
"据的计算方法是","0","2","2"
"用一纪的积月二","0","2","2"
"一纪的积月二万","0","2","2"
"纪的积月二万二","0","2","2"
"的积月二万二千","0","2","2"
"积月二万二千七","0","2","2"
"乘以通数十三万","0","2","2"
"去会通七十九万","0","2","2"
"时月亮在黄道南","0","2","2"
"去通周十二万五","0","2","2"
"通周十二万五千","0","2","2"
"周十二万五千六","0","2","2"
"一纪的迟疾差率","0","2","2"
"以通敷十三万四","0","2","2"
"通敷十三万四千","0","2","2"
"敷十三万四千六","0","2","2"
"积日连续减去六","0","2","2"
"日连续减去六十","0","2","2"
"满六十的部分为","0","2","2"
"在上月基础上加","0","2","2"
"命名的方法舆前","0","2","2"
"名的方法舆前面","0","2","2"
"的方法舆前面一","0","2","2"
"望在中气或节气","0","2","2"
"气或节气前后四","0","2","2"
"或节气前后四天","0","2","2"
"节气前后四天以","0","2","2"
"气前后四天以内","0","2","2"
"气或节气前后五","0","2","2"
"或节气前后五天","0","2","2"
"节气前后五天以","0","2","2"
"气前后五天以上","0","2","2"
"不满六十部分从","0","2","2"
"满六十部分从所","0","2","2"
"六十部分从所在","0","2","2"
"十部分从所在纪","0","2","2"
"没法九百六十七","0","2","2"
"算命名的方法如","0","2","2"
"命名的方法如前","0","2","2"
"千八百四十三乘","0","2","2"
"八百四十三乘以","0","2","2"
"满周天六十七万","0","2","2"
"余下不满周天部","0","2","2"
"下不满周天部分","0","2","2"
"不满周天部分除","0","2","2"
"满周天部分除以","0","2","2"
"部分除以纪法一","0","2","2"
"分除以纪法一千","0","2","2"
"以月周二万四千","0","2","2"
"月周二万四千六","0","2","2"
"周二万四千六百","0","2","2"
"可得天正十一月","0","2","2"
"月朔夜半月亮所","0","2","2"
"朔夜半月亮所在","0","2","2"
"月亮所在宿度及","0","2","2"
"亮所在宿度及分","0","2","2"
"月亮共合时的宿","0","2","2"
"亮共合时的宿度","0","2","2"
"共合时的宿度分","0","2","2"
"小分满通法四十","0","2","2"
"分满通法四十七","0","2","2"
"通法四十七化入","0","2","2"
"法四十七化入大","0","2","2"
"四十七化入大分","0","2","2"
"大分满纪法一千","0","2","2"
"度分的基础上加","0","2","2"
"分的基础上加度","0","2","2"
"太阳所在宿度分","0","2","2"
"以所入纪的朔积","0","2","2"
"所入纪的朔积分","0","2","2"
"望时的去交度分","0","2","2"
"纪首时月亮在黄","0","2","2"
"首时月亮在黄道","0","2","2"
"正合朔时月亮也","0","2","2"
"合朔时月亮也在","0","2","2"
"分除以日法四千","0","2","2"
"千五百五十九得","0","2","2"
"满曰法四千五百","0","2","2"
"积分则以平朔小","0","2","2"
"分则以平朔小余","0","2","2"
"以周日日余二千","0","2","2"
"在四千五百五十","0","2","2"
"千五百五十九的","0","2","2"
"五百五十九的一","0","2","2"
"百五十九的一半","0","2","2"
"五十九的一半以","0","2","2"
"以周天六十七万","0","2","2"
"数为行星会合时","0","2","2"
"为行星会合时入","0","2","2"
"行星会合时入月","0","2","2"
"则会合在上次会","0","2","2"
"会合在上次会合","0","2","2"
"合在上次会合的","0","2","2"
"在上次会合的后","0","2","2"
"于二千四百一十","0","2","2"
"十六天九十九万","0","2","2"
"六天九十九万七","0","2","2"
"天九十九万七千","0","2","2"
"共运行二度一百","0","2","2"
"运行二度一百七","0","2","2"
"行二度一百七十","0","2","2"
"二度一百七十九","0","2","2"
"度一百七十九万","0","2","2"
"一百七十九万五","0","2","2"
"十七天共运行十","0","2","2"
"七天共运行十一","0","2","2"
"十七天共运行九","0","2","2"
"七天共运行九度","0","2","2"
"七十二天一百七","0","2","2"
"十二天一百七十","0","2","2"
"二天一百七十九","0","2","2"
"天一百七十九万","0","2","2"
"一百七十九万二","0","2","2"
"运行五十六度一","0","2","2"
"行五十六度一百","0","2","2"
"五十六度一百二","0","2","2"
"十六度一百二十","0","2","2"
"六度一百二十四","0","2","2"
"一百二十四万九","0","2","2"
"每天运行十二分","0","2","2"
"十九天三百八十","0","2","2"
"九天三百八十四","0","2","2"
"天三百八十四万","0","2","2"
"千六百七十五点","0","2","2"
"六百七十五点五","0","2","2"
"百七十五点五分","0","2","2"
"运行二度六百四","0","2","2"
"行二度六百四十","0","2","2"
"千一百二十一点","0","2","2"
"一百二十一点五","0","2","2"
"百二十一点五分","0","2","2"
"八十六天运行六","0","2","2"
"十六天运行六点","0","2","2"
"六天运行六点五","0","2","2"
"天运行六点五度","0","2","2"
"三十二点五天不","0","2","2"
"十二点五天不动","0","2","2"
"每天运行四十五","0","2","2"
"天运行四十五分","0","2","2"
"运行四十五分之","0","2","2"
"行四十五分之三","0","2","2"
"四十五分之三十","0","2","2"
"十五分之三十三","0","2","2"
"五分之三十三度","0","2","2"
"四十五天运行三","0","2","2"
"十五天运行三十","0","2","2"
"五天运行三十三","0","2","2"
"天运行一百零五","0","2","2"
"运行一百零五度","0","2","2"
"十一分之二十一","0","2","2"
"一分之二十一度","0","2","2"
"早晨隐伏于东方","0","2","2"
"四十二天十九万","0","2","2"
"千九百九十分运","0","2","2"
"九百九十分运行","0","2","2"
"百九十分运行五","0","2","2"
"九十分运行五十","0","2","2"
"十分运行五十二","0","2","2"
"分运行五十二度","0","2","2"
"运行五十二度十","0","2","2"
"行五十二度十九","0","2","2"
"晚上与太阳会合","0","2","2"
"十一天退行七度","0","2","2"
"每天运行八分之","0","2","2"
"天运行八分之七","0","2","2"
"运行八分之七度","0","2","2"
"每天运行一又十","0","2","2"
"天运行一又十八","0","2","2"
"运行一又十八分","0","2","2"
"行一又十八分之","0","2","2"
"一又十八分之四","0","2","2"
"又十八分之四度","0","2","2"
"十八天运行二十","0","2","2"
"八天运行二十二","0","2","2"
"天运行二十二度","0","2","2"
"十八天二千零三","0","2","2"
"八天二千零三十","0","2","2"
"二百六十一分运","0","2","2"
"百六十一分运行","0","2","2"
"六十一分运行三","0","2","2"
"十一分运行三十","0","2","2"
"一分运行三十六","0","2","2"
"分运行三十六度","0","2","2"
"运行三十六度二","0","2","2"
"行三十六度二千","0","2","2"
"三十六度二千零","0","2","2"
"十六度二千零三","0","2","2"
"六度二千零三十","0","2","2"
"一千八百九十六","0","2","2"
"三百年修改历法","0","2","2"
"推算四百六十六","0","2","2"
"算四百六十六日","0","2","2"
"四百六十六日和","0","2","2"
"百六十六日和一","0","2","2"
"六十六日和一次","0","2","2"
"十六日和一次日","0","2","2"
"六日和一次日食","0","2","2"
"日和十九次日食","0","2","2"
"和十九次日食符","0","2","2"
"十九次日食符合","0","2","2"
"为一百六十五篇","0","2","2"
"就是很自然的了","0","2","2"
"在明堂宗祀文帝","0","2","2"
"秦朝焚书坑儒之","0","2","2"
"朝焚书坑儒之后","0","2","2"
"同称为昊天上帝","0","2","2"
"后稷来配享上天","0","2","2"
"还没来得及建立","0","2","2"
"郊祀后稷来配享","0","2","2"
"在明堂宗祀文王","0","2","2"
"明堂宗祀文王来","0","2","2"
"堂宗祀文王来配","0","2","2"
"宗祀文王来配享","0","2","2"
"祀文王来配享上","0","2","2"
"文王来配享上帝","0","2","2"
"去除五帝的神位","0","2","2"
"耕种藉田的制度","0","2","2"
"社作为人间的社","0","2","2"
"坛四周的矮土墙","0","2","2"
"于是就设立冢土","0","2","2"
"绛色裤子和袜子","0","2","2"
"圣人传下的制度","0","2","2"
"事先取消朝会的","0","2","2"
"灾异自行消失而","0","2","2"
"异自行消失而不","0","2","2"
"自行消失而不发","0","2","2"
"行消失而不发生","0","2","2"
"关闭各种属性为","0","2","2"
"亲情已经尽到了","0","2","2"
"情已经尽到了就","0","2","2"
"继承上面的武帝","0","2","2"
"不亲自奉酒行礼","0","2","2"
"设在其他的室中","0","2","2"
"京兆的神位被迁","0","2","2"
"太妃郑氏为简文","0","2","2"
"正月初一朝会的","0","2","2"
"月初一朝会的礼","0","2","2"
"初一朝会的礼仪","0","2","2"
"夜间时刻不到七","0","2","2"
"间时刻不到七刻","0","2","2"
"掌礼郎唱赞皇帝","0","2","2"
"礼郎唱赞皇帝请","0","2","2"
"夜间计时器不到","0","2","2"
"有文字记载以来","0","2","2"
"自从开天辟地以","0","2","2"
"山向上天报告成","0","2","2"
"不能做悼辞歌颂","0","2","2"
"太常江迪议论说","0","2","2"
"的规矩办有损于","0","2","2"
"礼没有不回敬的","0","2","2"
"皮毛马匹作为陈","0","2","2"
"毛马匹作为陈列","0","2","2"
"后的牌位进入宗","0","2","2"
"的牌位进入宗庙","0","2","2"
"来供奉天地宗庙","0","2","2"
"派使持节太常彪","0","2","2"
"使持节太常彪之","0","2","2"
"散骑侍郎何准的","0","2","2"
"骑侍郎何准的遣","0","2","2"
"侍郎何准的遣女","0","2","2"
"恭敬肃穆地遵守","0","2","2"
"敬肃穆地遵守典","0","2","2"
"肃穆地遵守典章","0","2","2"
"穆地遵守典章制","0","2","2"
"地遵守典章制度","0","2","2"
"皇帝美好的命令","0","2","2"
"人重新宣读宫内","0","2","2"
"重新宣读宫内诏","0","2","2"
"新宣读宫内诏书","0","2","2"
"皇太子是国家的","0","2","2"
"太子是国家的储","0","2","2"
"子是国家的储君","0","2","2"
"行乡饮酒的礼仪","0","2","2"
"不知为什么就会","0","2","2"
"说的是遣时万物","0","2","2"
"的是这时万物都","0","2","2"
"恭敬地事奉上皇","0","2","2"
"各种乐器的声音","0","2","2"
"神灵都很快乐啊","0","2","2"
"灵都很快乐啊!","0","2","2"
"都很快乐啊!恭","0","2","2"
"很快乐啊!恭恭","0","2","2"
"快乐啊!恭恭敬","0","2","2"
"乐啊!恭恭敬敬","0","2","2"
"啊!恭恭敬敬的","0","2","2"
"!恭恭敬敬的在","0","2","2"
"用左延年所改编","0","2","2"
"左延年所改编的","0","2","2"
"皇帝设立明堂四","0","2","2"
"帝设立明堂四门","0","2","2"
"的人服饰就更加","0","2","2"
"就是人们所说的","0","2","2"
"帝听从了他的意","0","2","2"
"世祖武皇帝承接","0","2","2"
"都是朱斑漆的车","0","2","2"
"是朱斑漆的车轮","0","2","2"
"和车的颜色一样","0","2","2"
"在牛背上竖起旗","0","2","2"
"牛背上竖起旗帜","0","2","2"
"出行时就派人用","0","2","2"
"行时就派人用车","0","2","2"
"是取它能够负重","0","2","2"
"取它能够负重走","0","2","2"
"它能够负重走远","0","2","2"
"能够负重走远道","0","2","2"
"够负重走远道而","0","2","2"
"负重走远道而且","0","2","2"
"重走远道而且安","0","2","2"
"走远道而且安稳","0","2","2"
"功曹史位于右侧","0","2","2"
"的先导和随从与","0","2","2"
"先导和随从与廷","0","2","2"
"导和随从与廷尉","0","2","2"
"和随从与廷尉的","0","2","2"
"随从与廷尉的一","0","2","2"
"从与廷尉的一样","0","2","2"
"执戟檐的在外侧","0","2","2"
"都是左右各有两","0","2","2"
"是左右各有两行","0","2","2"
"每队各有五十匹","0","2","2"
"管理前后队伍而","0","2","2"
"理前后队伍而没","0","2","2"
"前后队伍而没有","0","2","2"
"后队伍而没有固","0","2","2"
"队伍而没有固定","0","2","2"
"鹿的形象装饰车","0","2","2"
"的形象装饰车轼","0","2","2"
"中有功勋德行的","0","2","2"
"有功勋德行的才","0","2","2"
"功勋德行的才被","0","2","2"
"勋德行的才被特","0","2","2"
"德行的才被特别","0","2","2"
"行的才被特别授","0","2","2"
"的才被特别授予","0","2","2"
"上画着云纹及鹿","0","2","2"
"画着云纹及鹿头","0","2","2"
"着云纹及鹿头龙","0","2","2"
"云纹及鹿头龙纹","0","2","2"
"以油彩涂绘的安","0","2","2"
"油彩涂绘的安车","0","2","2"
"各自乘坐丈夫的","0","2","2"
"车乘冠服制度采","0","2","2"
"乘冠服制度采纳","0","2","2"
"色装饰领子和袖","0","2","2"
"装饰领子和袖子","0","2","2"
"饰领子和袖子的","0","2","2"
"领子和袖子的边","0","2","2"
"子和袖子的边缘","0","2","2"
"太子和王的继承","0","2","2"
"子和王的继承人","0","2","2"
"国国君的冠赐给","0","2","2"
"用的金玺有龟形","0","2","2"
"的金玺有龟形钮","0","2","2"
"绛色边缘的中单","0","2","2"
"用七朵金花遮蔽","0","2","2"
"七朵金花遮蔽发","0","2","2"
"朵金花遮蔽发髻","0","2","2"
"色绢制的上下裳","0","2","2"
"认真地告知人们","0","2","2"
"真地告知人们时","0","2","2"
"地告知人们时令","0","2","2"
"告知人们时令的","0","2","2"
"知人们时令的变","0","2","2"
"人们时令的变迁","0","2","2"
"有见识的人指责","0","2","2"
"见识的人指责说","0","2","2"
"到许都附近屯田","0","2","2"
"天下还没有统一","0","2","2"
"人吃人的现象多","0","2","2"
"吃人的现象多有","0","2","2"
"人的现象多有发","0","2","2"
"的现象多有发生","0","2","2"
"一边种地一边防","0","2","2"
"边种地一边防守","0","2","2"
"心从事农业生产","0","2","2"
"孝武帝太元二年","0","2","2"
"谷子被使用已经","0","2","2"
"子被使用已经很","0","2","2"
"被使用已经很久","0","2","2"
"不衹是使国家丰","0","2","2"
"衹是使国家丰足","0","2","2"
"孝武帝左五十四","0","2","2"
"武帝左五十四年","0","2","2"
"诸葛恪征讨淮南","0","2","2"
"魏明帝问高堂隆","0","2","2"
"私下裹为陛下担","0","2","2"
"下裹为陛下担忧","0","2","2"
"裹为陛下担忧此","0","2","2"
"为陛下担忧此事","0","2","2"
"没有在位上善终","0","2","2"
"人们心怀忧虑恐","0","2","2"
"们心怀忧虑恐惧","0","2","2"
"这是金失去其性","0","2","2"
"是金失去其性而","0","2","2"
"宗庙荒废祭祀的","0","2","2"
"庙荒废祭祀的惩","0","2","2"
"荒废祭祀的惩罚","0","2","2"
"是阴气盛的应兆","0","2","2"
"时齐王司马同专","0","2","2"
"这是阴气盛的缘","0","2","2"
"涌的大水冲入石","0","2","2"
"的大水冲入石头","0","2","2"
"这是阴胜阳的应","0","2","2"
"这是百姓忧愁怨","0","2","2"
"是百姓忧愁怨愤","0","2","2"
"百姓忧愁怨愤的","0","2","2"
"姓忧愁怨愤的应","0","2","2"
"这是忧愁怨愤的","0","2","2"
"是忧愁怨愤的应","0","2","2"
"是持续降雨的惩","0","2","2"
"持续降雨的惩罚","0","2","2"
"是持续寒冷的惩","0","2","2"
"持续寒冷的惩罚","0","2","2"
"终于失去了天下","0","2","2"
"帝太元十三年四","0","2","2"
"持续大风的惩罚","0","2","2"
"其惩罚是久晴不","0","2","2"
"惩罚是久晴不雨","0","2","2"
"月到这个月没有","0","2","2"
"十三个郡国大旱","0","2","2"
"是对僭越的惩罚","0","2","2"
"就像童谣所说的","0","2","2"
"王司马伦篡位后","0","2","2"
"等到海西公被废","0","2","2"
"芦生不止自成积","0","2","2"
"愍怀太子被废黜","0","2","2"
"有黑色灾异黑色","0","2","2"
"黑色灾异黑色征","0","2","2"
"色灾异黑色征祥","0","2","2"
"所以其惩罚是持","0","2","2"
"政权由将相掌握","0","2","2"
"这是对听而不闻","0","2","2"
"是对听而不闻的","0","2","2"
"对听而不闻的惩","0","2","2"
"听而不闻的惩罚","0","2","2"
"十五年三月初一","0","2","2"
"五年三月初一己","0","2","2"
"年三月初一己酉","0","2","2"
"有像打雷一样的","0","2","2"
"像打雷一样的声","0","2","2"
"所以有这样的妖","0","2","2"
"以有这样的妖孽","0","2","2"
"当时有见识的人","0","2","2"
"其灾祸是天气昏","0","2","2"
"灾祸是天气昏暗","0","2","2"
"其惩罚是持续有","0","2","2"
"惩罚是持续有风","0","2","2"
"有黄色灾异黄色","0","2","2"
"黄色灾异黄色征","0","2","2"
"色灾异黄色征祥","0","2","2"
"时或有金木水火","0","2","2"
"或有金木水火克","0","2","2"
"有金木水火克土","0","2","2"
"掀翻房屋折毁树","0","2","2"
"翻房屋折毁树木","0","2","2"
"年正月初一壬辰","0","2","2"
"翻房屋折断树木","0","2","2"
"吹倒房屋折断树","0","2","2"
"倒房屋折断树木","0","2","2"
"不贬退无德的人","0","2","2"
"专擅朝政的应验","0","2","2"
"秩序出现了差错","0","2","2"
"当时齐王司马同","0","2","2"
"叫做不能建立事","0","2","2"
"做不能建立事功","0","2","2"
"龙出现在软县的","0","2","2"
"出现在软县的水","0","2","2"
"现在软县的水井","0","2","2"
"在软县的水井中","0","2","2"
"皇帝也沦入敌手","0","2","2"
"挖开坟墓打开棺","0","2","2"
"开坟墓打开棺材","0","2","2"
"有男女两种生殖","0","2","2"
"男女两种生殖器","0","2","2"
"不是人所遇到过","0","2","2"
"是人所遇到过的","0","2","2"
"于是命令有关官","0","2","2"
"用流放的办法宽","0","2","2"
"流放的办法宽恕","0","2","2"
"放的办法宽恕犯","0","2","2"
"的办法宽恕犯了","0","2","2"
"办法宽恕犯了五","0","2","2"
"法宽恕犯了五刑","0","2","2"
"宽恕犯了五刑的","0","2","2"
"恕犯了五刑的人","0","2","2"
"一千九百八十九","0","2","2"
"未必不是因为这","0","2","2"
"必不是因为这个","0","2","2"
"他儿子母丘甸的","0","2","2"
"儿子母丘甸的妻","0","2","2"
"子母丘甸的妻子","0","2","2"
"是颖川太守刘子","0","2","2"
"颖川太守刘子元","0","2","2"
"川太守刘子元的","0","2","2"
"太守刘子元的妻","0","2","2"
"守刘子元的妻子","0","2","2"
"已经出嫁的女儿","0","2","2"
"叔孙通因为制定","0","2","2"
"古人有这样的话","0","2","2"
"通过议事做出裁","0","2","2"
"过议事做出裁夺","0","2","2"
"由来已经很远了","0","2","2"
"问儿子在什么地","0","2","2"
"儿子在什么地方","0","2","2"
"城阳哀王司马兆","0","2","2"
"皇后的父亲杨骏","0","2","2"
"公的女儿有五点","0","2","2"
"皇后的母亲广城","0","2","2"
"后的母亲广城君","0","2","2"
"做天下母亲的典","0","2","2"
"天下母亲的典范","0","2","2"
"尊皇后为皇太后","0","2","2"
"面向南亲理政务","0","2","2"
"现在我归还政事","0","2","2"
"按照旧有的典章","0","2","2"
"子道子为琅邪王","0","2","2"
"依照旧有的典章","0","2","2"
"可以说是朝中的","0","2","2"
"如今听从他的意","0","2","2"
"今听从他的意愿","0","2","2"
"我在颖昌侯身上","0","2","2"
"在颖昌侯身上看","0","2","2"
"颖昌侯身上看到","0","2","2"
"昌侯身上看到了","0","2","2"
"侯身上看到了这","0","2","2"
"何劭为太子太师","0","2","2"
"周旋在他们中间","0","2","2"
"当时的评论认为","0","2","2"
"逐渐升迁任散骑","0","2","2"
"以侯爵身份回家","0","2","2"
"无为而治的教化","0","2","2"
"推举杜预代替自","0","2","2"
"举杜预代替自己","0","2","2"
"最终如同杜预的","0","2","2"
"终如同杜预的预","0","2","2"
"在崇有之时否定","0","2","2"
"崇有之时否定有","0","2","2"
"在贵无之时否定","0","2","2"
"贵无之时否定无","0","2","2"
"东海王司马越说","0","2","2"
"司马璋被诛杀以","0","2","2"
"马璋被诛杀以后","0","2","2"
"防风那样的杀戮","0","2","2"
"海王司马越请他","0","2","2"
"王司马越请他任","0","2","2"
"迁升为散骑常侍","0","2","2"
"得到了伯英书法","0","2","2"
"到了伯英书法的","0","2","2"
"尚书令的职位依","0","2","2"
"书令的职位依旧","0","2","2"
"和太尉汝南王司","0","2","2"
"乡里的选择举荐","0","2","2"
"于是把女儿嫁给","0","2","2"
"是把女儿嫁给他","0","2","2"
"事情记载在本书","0","2","2"
"时的人把他比作","0","2","2"
"封一个儿子为亭","0","2","2"
"一个儿子为亭侯","0","2","2"
"于是尽心匡正辅","0","2","2"
"是尽心匡正辅佐","0","2","2"
"代替下邳王司马","0","2","2"
"替下邳王司马晃","0","2","2"
"恨张华如同仇人","0","2","2"
"家中没有多余财","0","2","2"
"最终将合在一起","0","2","2"
"汝南文成王司马","0","2","2"
"南文成王司马亮","0","2","2"
"清惠亭侯司马京","0","2","2"
"扶风武王司马骏","0","2","2"
"赵王司马伦辅佐","0","2","2"
"王司马伦辅佐朝","0","2","2"
"司马伦辅佐朝政","0","2","2"
"来扩充他的封国","0","2","2"
"在汝南王司马亮","0","2","2"
"汝南王司马亮那","0","2","2"
"南王司马亮那裹","0","2","2"
"说司马繇的坏话","0","2","2"
"齐王司马同辅佐","0","2","2"
"王司马同辅佐朝","0","2","2"
"司马同辅佐朝政","0","2","2"
"任散骑黄门侍郎","0","2","2"
"帝讨伐成都王司","0","2","2"
"常侍的职位依旧","0","2","2"
"等到齐王司马攸","0","2","2"
"到齐王司马攸出","0","2","2"
"司马同发动义兵","0","2","2"
"诏书任命司马肜","0","2","2"
"书任命司马肜为","0","2","2"
"任命司马肜为太","0","2","2"
"命司马肜为太宰","0","2","2"
"王司马伦篡位叛","0","2","2"
"司马伦篡位叛逆","0","2","2"
"不能抽身离开朝","0","2","2"
"能抽身离开朝廷","0","2","2"
"拄着木杖才能站","0","2","2"
"登上显赫的官位","0","2","2"
"来满足大家的期","0","2","2"
"满足大家的期望","0","2","2"
"增加封邑补足两","0","2","2"
"加封邑补足两万","0","2","2"
"封邑补足两万户","0","2","2"
"第五个儿子司马","0","2","2"
"咸宁初年追加封","0","2","2"
"宁初年追加封谧","0","2","2"
"五等爵位刚建立","0","2","2"
"治理一方的重任","0","2","2"
"司马颖上表请求","0","2","2"
"因为母亲的丧事","0","2","2"
"为大将军曹爽的","0","2","2"
"大将军曹爽的属","0","2","2"
"将军曹爽的属官","0","2","2"
"当时的议论认为","0","2","2"
"不达目的不罢休","0","2","2"
"讨伐齐王司马冈","0","2","2"
"到成都王司马颖","0","2","2"
"成都王司马颖那","0","2","2"
"都王司马颖那裹","0","2","2"
"车骑将军的职位","0","2","2"
"骑将军的职位依","0","2","2"
"因母亲丧事离职","0","2","2"
"害汝南王司马亮","0","2","2"
"让汝南王司马亮","0","2","2"
"可以不和他一同","0","2","2"
"胜任而占据高位","0","2","2"
"难道不可惜吗!","0","2","2"
"门前设置鹿角木","0","2","2"
"为大将军从事中","0","2","2"
"可以说是国家的","0","2","2"
"那么贤能的人每","0","2","2"
"么贤能的人每天","0","2","2"
"贤能的人每天都","0","2","2"
"能的人每天都被","0","2","2"
"权势人家的子弟","0","2","2"
"所推举的人必定","0","2","2"
"推举的人必定有","0","2","2"
"那是因为不知道","0","2","2"
"是因为不知道谁","0","2","2"
"因为不知道谁最","0","2","2"
"都王司马颖有功","0","2","2"
"攻破孙皓的中军","0","2","2"
"齐王司马攸将去","0","2","2"
"追赠为骠骑将军","0","2","2"
"任车骑从事中郎","0","2","2"
"有关官吏又奏报","0","2","2"
"元康四年死在官","0","2","2"
"任大将军从事中","0","2","2"
"王戎为太子太傅","0","2","2"
"王衍的妻子郭氏","0","2","2"
"多次升官任尚书","0","2","2"
"王敦任青州刺史","0","2","2"
"转任太子中庶子","0","2","2"
"召入任散骑常侍","0","2","2"
"娶武帝女儿荣阳","0","2","2"
"有关部门上奏免","0","2","2"
"皇帝亲自写韶书","0","2","2"
"士兵用官府的牛","0","2","2"
"二千石俸禄的官","0","2","2"
"千石俸禄的官吏","0","2","2"
"汝南王司马亮辅","0","2","2"
"摸天子倒生的鳞","0","2","2"
"天子倒生的鳞片","0","2","2"
"触摸猛兽的胡须","0","2","2"
"是禁止防范的事","0","2","2"
"宣王妃张氏为宣","0","2","2"
"王妃张氏为宣穆","0","2","2"
"妃张氏为宣穆皇","0","2","2"
"张氏为宣穆皇后","0","2","2"
"陇西王司马泰为","0","2","2"
"西王司马泰为尚","0","2","2"
"王司马泰为尚书","0","2","2"
"南阳王司马模为","0","2","2"
"凉州刺史张轨为","0","2","2"
"司空王浚为大司","0","2","2"
"空王浚为大司马","0","2","2"
"任命吏部尚书周","0","2","2"
"命吏部尚书周闵","0","2","2"
"吏部尚书周闵为","0","2","2"
"太阳中又有黑子","0","2","2"
"有二亿零三万一","0","2","2"
"二亿零三万一千","0","2","2"
"亿零三万一千三","0","2","2"
"零三万一千三百","0","2","2"
"郡泰始二年设置","0","2","2"
"郡太康三年设置","0","2","2"
"四年春正月初一","0","2","2"
"慕容宝的将领慕","0","2","2"
"容宝的将领慕容","0","2","2"
"仰仗镇军将军刘","0","2","2"
"仗镇军将军刘裕","0","2","2"
"北将军鲁宗之为","0","2","2"
