"N-gram","原文","翻译","Total"
"十九万四千九百九","7","8","15"
"九万四千九百九十","7","8","15"
"法四千五百五十九","0","15","15"
"五万六千九百五十","6","7","13"
"万六千九百五十四","6","7","13"
"三十四万四千二百","6","7","13"
"十四万四千二百六","6","7","13"
"四万四千二百六十","6","7","13"
"万四千二百六十一","6","7","13"
"二十一万五千一百","2","10","12"
"十一万五千一百三","2","10","12"
"一万五千一百三十","2","10","12"
"纪法一千八百四十","0","12","12"
"法一千八百四十三","0","12","12"
"万四千九百九十分","5","6","11"
"四千二百六十一分","5","6","11"
"日法四千五百五十","0","11","11"
"十三万四千六百三","1","9","10"
"三万四千六百三十","1","9","10"
"二万二千七百九十","3","6","9"
"万二千七百九十五","3","6","9"
"万九千六百八十三","4","4","8"
"所求年天正十一月","4","4","8"
"六千九百五十四分","4","4","8"
"六百四十一万零九","0","8","8"
"百四十一万零九百","0","8","8"
"四十一万零九百六","0","8","8"
"十一万零九百六十","0","8","8"
"一万零九百六十七","0","8","8"
"转而早晨在东方出","0","8","8"
"而早晨在东方出现","0","8","8"
"九十一天运行一百","0","8","8"
"二千零三十四万四","0","8","8"
"千零三十四万四千","0","8","8"
"一万九千六百八十","2","5","7"
"六百四十一万九百","7","0","7"
"百四十一万九百六","7","0","7"
"四十一万九百六十","7","0","7"
"十一万九百六十七","7","0","7"
"六万七千三百一十","2","5","7"
"万七千三百一十五","2","5","7"
"以纪法一千八百四","0","7","7"
"除以日法四千五百","0","7","7"
"以日法四千五百五","0","7","7"
"零三十四万四千二","0","7","7"
"汹涌大水冲入石头","0","7","7"
"青冀幽五州诸军事","3","3","6"
"元帝太兴元年四月","3","3","6"
"二千一百八十七分","3","3","6"
"九千六百八十三分","3","3","6"
"万六千二百七十二","3","3","6"
"一百七十三万三千","3","3","6"
"三百四十八万四千","3","3","6"
"百四十八万四千六","3","3","6"
"四十八万四千六百","3","3","6"
"十八万四千六百四","3","3","6"
"八万四千六百四十","3","3","6"
"万四千六百四十六","3","3","6"
"日行一度九十一分","6","0","6"
"二千三十四万四千","6","0","6"
"千三十四万四千二","6","0","6"
"孙亮建兴元年十二","3","3","6"
"亮建兴元年十二月","3","3","6"
"十三年十二月乙未","3","3","6"
"二百五十万九千九","3","3","6"
"百五十万九千九百","3","3","6"
"五十万九千九百五","3","3","6"
"十万九千九百五十","3","3","6"
"万九千九百五十六","3","3","6"
"二万五千六百二十","2","4","6"
"六十七万三千一百","1","5","6"
"十七万三千一百五","1","5","6"
"七万三千一百五十","1","5","6"
"周天二十一万五千","0","6","6"
"天二十一万五千一","0","6","6"
"天运行一百一十二","0","6","6"
"运行一百一十二度","0","6","6"
"每天运行一又九十","0","6","6"
"天运行一又九十一","0","6","6"
"运行一又九十一分","0","6","6"
"行一又九十一分之","0","6","6"
"万零九百六十七分","0","6","6"
"百七十三万三千一","3","2","5"
"七十三万三千一百","3","2","5"
"十三万三千一百四","3","2","5"
"三万三千一百四十","3","2","5"
"万三千一百四十八","3","2","5"
"一万九百六十七分","5","0","5"
"十二度十九万四千","2","3","5"
"二度十九万四千九","2","3","5"
"度十九万四千九百","2","3","5"
"琅王牙王司马德文","1","4","5"
"琅王牙王司马亻由","0","5","5"
"讨伐成都王司马颖","0","5","5"
"周法五千九百六十","0","5","5"
"法五千九百六十九","0","5","5"
"每天运行二十三分","0","5","5"
"天运行二十三分之","0","5","5"
"运行二十三分之十","0","5","5"
"通数十三万四千六","0","5","5"
"数十三万四千六百","0","5","5"
"从所在纪干支起算","0","5","5"
"大都督中外诸军事","2","2","4"
"西域戊己校尉马循","2","2","4"
"魏文帝黄初二年六","2","2","4"
"文帝黄初二年六月","2","2","4"
"怀帝永嘉元年十一","2","2","4"
"帝永嘉元年十一月","2","2","4"
"愍帝建兴四年六月","2","2","4"
"吴孙权赤乌十一年","2","2","4"
"孙权赤乌十一年二","2","2","4"
"权赤乌十一年二月","2","2","4"
"愍帝建兴二年正月","2","2","4"
"元帝太兴元年十一","2","2","4"
"帝太兴元年十一月","2","2","4"
"太兴元年十一月乙","2","2","4"
"兴元年十一月乙卯","2","2","4"
"明帝太宁元年正月","2","2","4"
"康帝建元元年八月","2","2","4"
"元兴元年八月庚子","2","2","4"
"二尺八寸四分四厘","2","2","4"
"万二千九百七十四","2","2","4"
"六千五百六十一分","2","2","4"
"十一月十五日乙巳","2","2","4"
"求年天正十一月朔","2","2","4"
"年天正十一月朔日","2","2","4"
"十六万六千二百七","2","2","4"
"六万六千二百七十","2","2","4"
"四千六百四十六分","2","2","4"
"十四万二千三百二","2","2","4"
"四万二千三百二十","2","2","4"
"万二千三百二十三","2","2","4"
"二千三百二十三分","2","2","4"
"二度三百二十三万","2","2","4"
"度三百二十三万四","2","2","4"
"三百二十三万四千","2","2","4"
"百二十三万四千六","2","2","4"
"二十三万四千六百","2","2","4"
"百四十八万九千八","2","2","4"
"四十八万九千八百","2","2","4"
"十八万九千八百六","2","2","4"
"八万九千八百六十","2","2","4"
"万九千八百六十八","2","2","4"
"九千八百六十八分","2","2","4"
"百二十四万二千八","2","2","4"
"二十四万二千八百","2","2","4"
"十四万二千八百六","2","2","4"
"四万二千八百六十","2","2","4"
"九十二日行四十八","4","0","4"
"十二日行四十八度","4","0","4"
"百一十二万二千四","2","2","4"
"一十二万二千四百","2","2","4"
"十二万二千四百二","2","2","4"
"二万二千四百二十","2","2","4"
"万二千四百二十六","2","2","4"
"万五千八百六十四","2","2","4"
"三千一百四十八分","2","2","4"
"行一度九十一分二","4","0","4"
"一度九十一分二十","4","0","4"
"九十一日行百一十","4","0","4"
"三十二度六百四十","2","2","4"
"十二度六百四十一","2","2","4"
"二度六百四十一万","2","2","4"
"小余二千四百一十","2","2","4"
"余二千四百一十九","2","2","4"
"天正十一月朔夜半","2","2","4"
"求年天正十一月合","2","2","4"
"年天正十一月合朔","2","2","4"
"一百九十九万五千","1","3","4"
"百九十九万五千六","2","2","4"
"九十九万五千六百","2","2","4"
"十九万五千六百六","2","2","4"
"九万五千六百六十","2","2","4"
"万五千六百六十四","2","2","4"
"九十九万七千八百","2","2","4"
"十九万七千八百三","2","2","4"
"九万七千八百三十","2","2","4"
"万七千八百三十二","2","2","4"
"七千八百三十二分","2","2","4"
"百七十九万五千二","2","2","4"
"七十九万五千二百","2","2","4"
"十九万五千二百三","2","2","4"
"九万五千二百三十","2","2","4"
"万五千二百三十八","2","2","4"
"五千二百三十八分","2","2","4"
"百七十九万二千六","2","2","4"
"七十九万二千六百","2","2","4"
"十九万二千六百一","2","2","4"
"九万二千六百一十","2","2","4"
"万二千六百一十五","2","2","4"
"二千六百一十五分","2","2","4"
"百二十四万九千三","2","2","4"
"二十四万九千三百","2","2","4"
"十四万九千三百四","2","2","4"
"四万九千三百四十","2","2","4"
"万九千三百四十五","2","2","4"
"九千三百四十五分","2","2","4"
"三百八十四万七千","2","2","4"
"百八十四万七千六","2","2","4"
"八十四万七千六百","2","2","4"
"十四万七千六百七","2","2","4"
"四万七千六百七十","2","2","4"
"万七千六百七十五","2","2","4"
"二度六百四十九万","2","2","4"
"度六百四十九万一","2","2","4"
"六百四十九万一千","2","2","4"
"百四十九万一千一","2","2","4"
"四十九万一千一百","2","2","4"
"十九万一千一百二","2","2","4"
"九万一千一百二十","2","2","4"
"万一千一百二十一","2","2","4"
"五十二度十九万四","2","2","4"
"魏文帝黄初七年正","2","2","4"
"文帝黄初七年正月","2","2","4"
"武帝泰始元年十二","2","2","4"
"帝泰始元年十二月","2","2","4"
"武帝泰始四年九月","2","2","4"
"孝武帝宁康元年三","2","2","4"
"武帝宁康元年三月","2","2","4"
"安帝隆安二年三月","2","2","4"
"吴孙权赤乌八年夏","2","2","4"
"武帝太康五年五月","2","2","4"
"孝武帝太元十年四","2","2","4"
"武帝太元十年四月","2","2","4"
"惠帝元康二年二月","2","2","4"
"惠帝元康五年三月","2","2","4"
"怀帝永嘉四年十月","2","2","4"
"都督陇右关中诸军","2","2","4"
"督陇右关中诸军事","2","2","4"
"九千九百五十六分","2","2","4"
"二万四千六百三十","1","3","4"
"万四千六百三十八","1","3","4"
"十二万二千七百九","2","2","4"
"十二万五千六百二","1","3","4"
"万五千六百二十一","1","3","4"
"百四十七万二千八","2","2","4"
"四十七万二千八百","2","2","4"
"十七万二千八百六","2","2","4"
"七万二千八百六十","2","2","4"
"万二千八百六十九","2","2","4"
"三百五十八万五千","2","2","4"
"百五十八万五千二","2","2","4"
"五十八万五千二百","2","2","4"
"十八万五千二百三","2","2","4"
"八万五千二百三十","2","2","4"
"六十七万五千三百","2","2","4"
"十七万五千三百六","2","2","4"
"七万五千三百六十","2","2","4"
"万五千三百六十四","2","2","4"
"五百九十六万二千","2","2","4"
"百九十六万二千二","2","2","4"
"九十六万二千二百","2","2","4"
"十六万二千二百五","2","2","4"
"六万二千二百五十","2","2","4"
"万二千二百五十六","2","2","4"
"慕容暐的将领慕容","0","4","4"
"会稽王的大儿子司","0","4","4"
"稽王的大儿子司马","0","4","4"
"琅王牙王司马道子","0","4","4"
"星南面的三颗星叫","0","4","4"
"成帝咸和二年五月","0","4","4"
"季第一个月的气来","0","4","4"
"第一个月的气来了","0","4","4"
"千一百八十七分之","0","4","4"
"一百八十七分之一","0","4","4"
"百八十七分之一千","0","4","4"
"以纪法五百八十九","0","4","4"
"周天部分除以纪法","0","4","4"
"月周七千八百七十","0","4","4"
"周七千八百七十四","0","4","4"
"以周法五千九百六","0","4","4"
"合月法乘以朔小余","0","4","4"
"为行星会合时所在","0","4","4"
"十一万三千九百零","0","4","4"
"一万三千九百零八","0","4","4"
"万三千九百零八分","0","4","4"
"六百零一万二千五","0","4","4"
"百零一万二千五百","0","4","4"
"零一万二千五百零","0","4","4"
"一万二千五百零五","0","4","4"
"万二千五百零五分","0","4","4"
"经过斗宿时除去斗","0","4","4"
"一百八十四天运行","0","4","4"
"百八十四天运行一","0","4","4"
"八十四天运行一百","0","4","4"
"十四天运行一百一","0","4","4"
"四天运行一百一十","0","4","4"
"九十二天运行四十","0","4","4"
"十二天运行四十八","0","4","4"
"二天运行四十八度","0","4","4"
"每天运行五分之三","0","4","4"
"天运行五分之三度","0","4","4"
"十一天运行一百零","0","4","4"
"一又九十一分之二","0","4","4"
"又九十一分之二十","0","4","4"
"十一天运行一百一","0","4","4"
"一天运行一百一十","0","4","4"
"七十九万零一百一","0","4","4"
"十九万零一百一十","0","4","4"
"以通数十三万四千","0","4","4"
"除以纪法一千八百","0","4","4"
"万四千六百三十乘","0","4","4"
"四千六百三十乘以","0","4","4"
"小余满日法四千五","0","4","4"
"余满日法四千五百","0","4","4"
"满日法四千五百五","0","4","4"
"在中气或节气前后","0","4","4"
"周天六十七万三千","0","4","4"
"天六十七万三千一","0","4","4"
"分满纪法一千八百","0","4","4"
"满纪法一千八百四","0","4","4"
"一千八百四十三化","0","4","4"
"千八百四十三化入","0","4","4"
"八百四十三化入度","0","4","4"
"日和一次日食符合","0","4","4"
"皇帝下达美好的命","0","4","4"
"帝下达美好的命令","0","4","4"
"左右各有两行仪仗","0","4","4"
"右各有两行仪仗队","0","4","4"
"所推让得最多的人","0","4","4"
"推让得最多的人任","0","4","4"
"让得最多的人任用","0","4","4"
"得最多的人任用他","0","4","4"
"域戊己校尉马循讨","2","1","3"
"都督徐兗二州诸军","3","0","3"
"督徐兗二州诸军事","3","0","3"
"都督雍梁二州诸军","2","1","3"
"督雍梁二州诸军事","2","1","3"
"太宁三年三月戊辰","2","1","3"
"都督徐兗青冀幽五","3","0","3"
"督徐兗青冀幽五州","3","0","3"
"徐兗青冀幽五州诸","3","0","3"
"兗青冀幽五州诸军","3","0","3"
"天东西南北径三十","2","1","3"
"东西南北径三十五","2","1","3"
"西南北径三十五万","2","1","3"
"南北径三十五万七","2","1","3"
"北径三十五万七千","2","1","3"
"径三十五万七千里","2","1","3"
"寸二百四十三分寸","3","0","3"
"千一百八十七分寸","3","0","3"
"寸万九千六百八十","3","0","3"
"千六百八十三分寸","3","0","3"
"积七千三百七十八","2","1","3"
"九十七万三千一十","3","0","3"
"十七万三千一十三","3","0","3"
"四十七万八千九百","2","1","3"
"十七万八千九百九","2","1","3"
"七万八千九百九十","2","1","3"
"万八千九百九十八","2","1","3"
"八千九百九十八分","2","1","3"
"十一万三千九百八","3","0","3"
"一万三千九百八分","3","0","3"
"六百一万二千五百","3","0","3"
"百一万二千五百五","3","0","3"
"一万二千五百五分","3","0","3"
"百七十四万二千三","2","1","3"
"七十四万二千三百","2","1","3"
"百八十四日行百一","3","0","3"
"八十四日行百一十","3","0","3"
"十四日行百一十二","3","0","3"
"四日行百一十二度","3","0","3"
"日五万六千九百五","3","0","3"
"度五万六千九百五","1","2","3"
"日六百四十一万九","3","0","3"
"十二日十九万四千","3","0","3"
"二日十九万四千九","3","0","3"
"日十九万四千九百","3","0","3"
"三十八万九千九百","1","2","3"
"十八万九千九百八","1","2","3"
"八万九千九百八十","1","2","3"
"万九千九百八十分","1","2","3"
"日二千三十四万四","3","0","3"
"千八百九十六万一","1","2","3"
"八百九十六万一千","1","2","3"
"百九十六万一千三","1","2","3"
"九十六万一千三百","1","2","3"
"十六万一千三百九","1","2","3"
"六万一千三百九十","1","2","3"
"万一千三百九十五","1","2","3"
"一千三百九十五分","1","2","3"
"宗祀文王明堂配上","3","0","3"
"祀文王明堂配上帝","3","0","3"
"魏文帝黄初四年七","2","1","3"
"文帝黄初四年七月","2","1","3"
"洛阳东北步广里地","2","1","3"
"孝武帝太元十三年","1","2","3"
"祜都督荆州诸军事","2","1","3"
"度二百五十万九千","1","2","3"
"一百四十七万二千","1","2","3"
"康帝建元元年七月","1","2","3"
"帝建元元年七月庚","1","2","3"
"建元元年七月庚申","1","2","3"
"七千三百七十八年","1","2","3"
"说的就是这种情况","0","3","3"
"东莞王司马亻由为","0","3","3"
"贾后假借皇帝诏令","0","3","3"
"司马伦假借皇帝诏","0","3","3"
"马伦假借皇帝诏命","0","3","3"
"骠骑将军范阳王司","0","3","3"
"骑将军范阳王司马","0","3","3"
"石勒的将领石季龙","0","3","3"
"赦免五年以下徒刑","0","3","3"
"免五年以下徒刑的","0","3","3"
"都督徐兖青冀幽五","0","3","3"
"督徐兖青冀幽五州","0","3","3"
"徐兖青冀幽五州诸","0","3","3"
"兖青冀幽五州诸军","0","3","3"
"王牙王司马道子为","0","3","3"
"王的大儿子司马元","0","3","3"
"的大儿子司马元显","0","3","3"
"以琅王牙王司马德","0","3","3"
"度为十二次中的鹑","0","3","3"
"方有三颗大星出现","0","3","3"
"服之外的五百里是","0","3","3"
"规定缴纳赋税的有","0","3","3"
"定缴纳赋税的有六","0","3","3"
"又二百四十三分之","0","3","3"
"八十七分之一千零","0","3","3"
"季末一个月的气来","0","3","3"
"末一个月的气来了","0","3","3"
"又一万九千六百八","0","3","3"
"千六百八十三分之","0","3","3"
"四万三千零二十六","0","3","3"
"一万一千零四十五","0","3","3"
"所求年入纪年数减","0","3","3"
"求年入纪年数减去","0","3","3"
"年入纪年数减去一","0","3","3"
"为所求年天正十一","0","3","3"
"除以纪法五百八十","0","3","3"
"从牛宿前五度起算","0","3","3"
"以月周七千八百七","0","3","3"
"夜半月亮所在宿度","0","3","3"
"的方法与前面一样","0","3","3"
"在上月合朔的基础","0","3","3"
"上月合朔的基础上","0","3","3"
"从天正十一月起算","0","3","3"
"除以周法五千九百","0","3","3"
"章月二百三十五乘","0","3","3"
"月二百三十五乘以","0","3","3"
"乘以行星各自的月","0","3","3"
"以合月法乘以朔小","0","3","3"
"九十七万三千零一","0","3","3"
"十七万三千零一十","0","3","3"
"七万三千零一十三","0","3","3"
"行星会合时所在月","0","3","3"
"过斗宿时除去斗宿","0","3","3"
"斗宿时除去斗宿分","0","3","3"
"每天运行五十八分","0","3","3"
"天运行五十八分之","0","3","3"
"行二十三分之十四","0","3","3"
"二十三分之十四度","0","3","3"
"天六百四十一万零","0","3","3"
"度六百四十一万零","0","3","3"
"月二万二千七百九","0","3","3"
"会通七十九万零一","0","3","3"
"通七十九万零一百","0","3","3"
"以章月二百三十五","0","3","3"
"余下不满六十的部","0","3","3"
"下不满六十的部分","0","3","3"
"大余满六十则减之","0","3","3"
"部分从所在纪干支","0","3","3"
"分从所在纪干支起","0","3","3"
"余下不满六十部分","0","3","3"
"月合朔时的去交度","0","3","3"
"合朔时的去交度分","0","3","3"
"曰法四千五百五十","0","3","3"
"周日日余二千五百","0","3","3"
"日日余二千五百二","0","3","3"
"日余二千五百二十","0","3","3"
"余二千五百二十八","0","3","3"
"次会合时所在宿度","0","3","3"
"十二天十九万四千","0","3","3"
"二天十九万四千九","0","3","3"
"天十九万四千九百","0","3","3"
"天二千零三十四万","0","3","3"
"度二千零三十四万","0","3","3"
"日和十三次日食符","0","3","3"
"和十三次日食符合","0","3","3"
"应该制定新的礼规","0","3","3"
"先取消朝会的礼仪","0","3","3"
"卫璀等人又上奏说","0","3","3"
"使者某人重新宣读","0","3","3"
"者某人重新宣读宫","0","3","3"
"恭恭敬敬的在位者","0","3","3"
"分别排在左右两边","0","3","3"
"解说认为在天文上","0","3","3"
"太尉汝南王司马亮","0","3","3"
"赐他关内侯的爵位","0","3","3"
"遣征蜀护军秦朗督","1","1","2"
"辽东太守公孙文懿","1","1","2"
"将军毕盛等二千余","1","1","2"
"军毕盛等二千余人","1","1","2"
"嘉平元年春正月甲","1","1","2"
"平元年春正月甲午","1","1","2"
"遣荆州刺史王基进","1","1","2"
"镇东大将军诸葛诞","1","1","2"
"东大将军诸葛诞杀","1","1","2"
"泰山太守胡烈奇兵","2","0","2"
"州太原上党西河乐","2","0","2"
"太原上党西河乐平","2","0","2"
"原上党西河乐平新","2","0","2"
"上党西河乐平新兴","2","0","2"
"党西河乐平新兴雁","2","0","2"
"西河乐平新兴雁门","2","0","2"
"骑督成倅弟太子舍","2","0","2"
"督成倅弟太子舍人","2","0","2"
"成倅弟太子舍人济","2","0","2"
"事中郎山涛行军司","1","1","2"
"中郎山涛行军司事","1","1","2"
"遣吴人相国参军徐","1","1","2"
"吴人相国参军徐劭","1","1","2"
"散骑常侍水曹属孙","1","1","2"
"泰始元年冬十二月","1","1","2"
"宗祀文皇帝明堂配","2","0","2"
"祀文皇帝明堂配上","2","0","2"
"文皇帝明堂配上帝","2","0","2"
"骠骑将军博陵公王","1","1","2"
"骑将军博陵公王沈","1","1","2"
"古忠臣直士所慷慨","2","0","2"
"朕亲率王公卿士耕","1","1","2"
"申戒郡国计吏守相","1","1","2"
"戒郡国计吏守相令","1","1","2"
"郡国计吏守相令长","1","1","2"
"雍州陇右五郡凉州","2","0","2"
"州陇右五郡凉州金","2","0","2"
"陇右五郡凉州金城","2","0","2"
"州诸军事胡奋击破","1","1","2"
"东夷三国前后十余","1","1","2"
"尚书杜预都督荆州","1","1","2"
"书杜预都督荆州诸","1","1","2"
"杜预都督荆州诸军","1","1","2"
"预都督荆州诸军事","1","1","2"
"使讨虏护军武威太","1","1","2"
"讨虏护军武威太守","1","1","2"
"虏护军武威太守马","1","1","2"
"护军武威太守马隆","1","1","2"
"军武威太守马隆击","1","1","2"
"匈奴余渠都督独雍","1","1","2"
"奴余渠都督独雍等","1","1","2"
"广武将军唐彬率巴","1","1","2"
"武将军唐彬率巴蜀","1","1","2"
"马隆击叛虏树机能","1","1","2"
"康元年春正月己丑","2","0","2"
"元年春正月己丑朔","2","0","2"
"克吴寻阳赖乡诸城","1","1","2"
"获吴武威将军周兴","1","1","2"
"尚书张华都督幽州","1","1","2"
"书张华都督幽州诸","1","1","2"
"张华都督幽州诸军","1","1","2"
"华都督幽州诸军事","1","1","2"
"泰都督关中诸军事","1","1","2"
"梁王肜征西大将军","2","0","2"
"帅齐万年僭号称帝","1","1","2"
"建威将军周处等讨","1","1","2"
"遣荆州刺史刘弘等","1","1","2"
"荆州刺史刘弘等讨","1","1","2"
"大将贾崇等十六人","1","1","2"
"郫城攻益州刺史罗","1","1","2"
"城攻益州刺史罗尚","1","1","2"
"秦州刺史皇甫重讨","1","1","2"
"皇后羊氏皇太子覃","2","0","2"
"匈奴左贤王刘元海","1","1","2"
"扬州刺史曹武杀丹","1","1","2"
"使前车骑将军石超","1","1","2"
"右将军陈敏举兵反","1","1","2"
"封彭城王植子融乐","2","0","2"
"永嘉元年春正月癸","1","1","2"
"嘉元年春正月癸丑","1","1","2"
"元年春正月癸丑朔","1","1","2"
"都督扬州江南诸军","1","1","2"
"督扬州江南诸军事","1","1","2"
"司隶校尉刘暾尚书","2","0","2"
"遣平北将军曹武讨","1","1","2"
"安北将军王斌遇害","1","1","2"
"百官流亡者十八九","2","0","2"
"镇南府牙门将胡亢","1","1","2"
"南府牙门将胡亢聚","1","1","2"
"府牙门将胡亢聚众","1","1","2"
"建兴元年夏四月丙","1","1","2"
"兴元年夏四月丙午","1","1","2"
"前江州刺史卫展讨","1","1","2"
"王敦使武昌太守赵","1","1","2"
"敦使武昌太守赵诱","1","1","2"
"守太常马龟等修复","1","1","2"
"太常贺循开府仪同","1","1","2"
"常贺循开府仪同三","1","1","2"
"贺循开府仪同三司","1","1","2"
"遣太子左卫率羊鉴","1","1","2"
"平北将军祖逖使督","1","1","2"
"北将军祖逖使督护","1","1","2"
"将军祖逖使督护陈","1","1","2"
"军祖逖使督护陈超","1","1","2"
"祖逖使督护陈超袭","1","1","2"
"右将军周札守石头","1","1","2"
"将石季龙攻陷太山","1","1","2"
"都督荆梁二州诸军","1","1","2"
"督荆梁二州诸军事","1","1","2"
"都督青徐幽平四州","2","0","2"
"督青徐幽平四州诸","2","0","2"
"青徐幽平四州诸军","2","0","2"
"徐幽平四州诸军事","2","0","2"
"李雄将张龙寇涪陵","2","0","2"
"加司徒王导大司马","2","0","2"
"都督中外征讨诸军","1","1","2"
"督中外征讨诸军事","1","1","2"
"镇南司马曾勰等击","1","1","2"
"南中郎将周抚退归","1","1","2"
"中郎将周抚退归武","1","1","2"
"郎将周抚退归武昌","1","1","2"
"太守杨谦退归宜都","1","1","2"
"司空郗鉴都督吴国","1","1","2"
"空郗鉴都督吴国诸","1","1","2"
"郗鉴都督吴国诸军","1","1","2"
"鉴都督吴国诸军事","1","1","2"
"束帛征处士寻阳翟","2","0","2"
"帛征处士寻阳翟汤","2","0","2"
"平西将军庾亮都督","1","1","2"
"西将军庾亮都督江","1","1","2"
"赐鳏寡孤独能存者","2","0","2"
"建威将军司马勋安","1","1","2"
"护军将军何充录尚","1","1","2"
"军将军何充录尚书","1","1","2"
"将军何充录尚书事","1","1","2"
"琅邪内史桓温都督","1","1","2"
"邪内史桓温都督青","1","1","2"
"戴羲等杀冠军将军","1","1","2"
"羲等杀冠军将军曹","1","1","2"
"益州刺史周抚镇彭","1","1","2"
"州刺史周抚镇彭模","1","1","2"
"太常赵拔修复山陵","1","1","2"
"荥阳太守刘遂戍仓","1","1","2"
"阳太守刘遂戍仓垣","1","1","2"
"十一年春正月甲辰","1","1","2"
"十二年春正月丁卯","1","1","2"
"升平元年春正月壬","1","1","2"
"平元年春正月壬戌","1","1","2"
"兴宁元年春二月己","1","1","2"
"宁元年春二月己亥","1","1","2"
"江夏相刘岵等凿阳","1","1","2"
"夏相刘岵等凿阳仪","1","1","2"
"相刘岵等凿阳仪道","1","1","2"
"兴宁三年二月丙申","1","1","2"
"益州妖贼李金根聚","1","1","2"
"吴国内史刁彝防卫","1","1","2"
"太元十一年十月甲","1","1","2"
"元十一年十月甲申","1","1","2"
"建元元年夏五月癸","1","1","2"
"元元年夏五月癸丑","1","1","2"
"大司马桓温率百官","1","1","2"
"司马桓温率百官进","1","1","2"
"冠军将军毛武生都","1","1","2"
"军将军毛武生都督","1","1","2"
"将军毛武生都督荆","1","1","2"
"军毛武生都督荆州","1","1","2"
"东海内史周少孙讨","1","1","2"
"车骑将军桓冲都督","1","1","2"
"骑将军桓冲都督荆","1","1","2"
"道子录尚书六条事","1","1","2"
"大都督十五州诸军","1","1","2"
"都督十五州诸军事","1","1","2"
"开府仪同三司谢石","1","1","2"
"都督荆益宁三州诸","2","0","2"
"督荆益宁三州诸军","2","0","2"
"荆益宁三州诸军事","2","0","2"
"沔中诸郡兗州大水","2","0","2"
"北平原太守辟闾浑","1","1","2"
"平原太守辟闾浑讨","1","1","2"
"讨伐尚书左仆射王","1","1","2"
"伐尚书左仆射王国","1","1","2"
"尚书左仆射王国宝","1","1","2"
"临海太守新蔡王司","1","1","2"
"海太守新蔡王司马","1","1","2"
"太守新蔡王司马崇","1","1","2"
"义兴太守魏隐都弃","1","1","2"
"兴太守魏隐都弃官","1","1","2"
"冀州刺史刘轨背叛","1","1","2"
"杀尚书左仆射王愉","1","1","2"
"子慕容超继承伪位","1","1","2"
"建威主簿徐惠子等","1","1","2"
"威主簿徐惠子等人","1","1","2"
"慕容兴宗侵犯宿豫","1","1","2"
"德文都督宫城诸军","1","1","2"
"文都督宫城诸军事","1","1","2"
"冠军将军刘敬宣屯","1","1","2"
"军将军刘敬宣屯兵","1","1","2"
"将军刘敬宣屯兵北","1","1","2"
"军刘敬宣屯兵北郊","1","1","2"
"辅国将军孟怀玉屯","1","1","2"
"国将军孟怀玉屯兵","1","1","2"
"将军孟怀玉屯兵南","1","1","2"
"军孟怀玉屯兵南岸","1","1","2"
"建武将军王仲德屯","1","1","2"
"武将军王仲德屯兵","1","1","2"
"将军王仲德屯兵越","1","1","2"
"军王仲德屯兵越城","1","1","2"
"广武将军刘怀默屯","1","1","2"
"武将军刘怀默屯兵","1","1","2"
"将军刘怀默屯兵建","1","1","2"
"军刘怀默屯兵建阳","1","1","2"
"刘怀默屯兵建阳门","1","1","2"
"河间内史蒯恩等率","1","1","2"
"征西大将军刘道规","1","1","2"
"西南夷铜头大师都","1","1","2"
"年春正月甲戌初一","1","1","2"
"时太尉刘裕都督中","1","1","2"
"太尉刘裕都督中外","1","1","2"
"尉刘裕都督中外诸","1","1","2"
"刘裕都督中外诸军","1","1","2"
"周天三百六十五度","2","0","2"
"三百六十五度五百","1","1","2"
"百六十五度五百八","1","1","2"
"六十五度五百八十","1","1","2"
"十五度五百八十九","1","1","2"
"五度五百八十九分","1","1","2"
"度五百八十九分度","1","1","2"
"二百一十九度少弱","2","0","2"
"三十二万九千四百","1","1","2"
"十二万九千四百一","1","1","2"
"二万九千四百一里","1","1","2"
"万九千四百一里一","1","1","2"
"九千四百一里一百","1","1","2"
"千四百一里一百二","1","1","2"
"四百一里一百二十","1","1","2"
"百一里一百二十二","1","1","2"
"一里一百二十二步","1","1","2"
"里一百二十二步二","1","1","2"
"一百二十二步二尺","1","1","2"
"百二十二步二尺二","1","1","2"
"二十二步二尺二寸","1","1","2"
"十二步二尺二寸一","1","1","2"
"二步二尺二寸一分","1","1","2"
"步二尺二寸一分七","1","1","2"
"二尺二寸一分七十","1","1","2"
"尺二寸一分七十一","1","1","2"
"二寸一分七十一分","1","1","2"
"寸一分七十一分分","1","1","2"
"八万一千三百九十","1","1","2"
"万一千三百九十四","1","1","2"
"一千三百九十四里","1","1","2"
"千三百九十四里三","1","1","2"
"三百九十四里三十","1","1","2"
"百九十四里三十步","1","1","2"
"九十四里三十步五","1","1","2"
"十四里三十步五尺","1","1","2"
"四里三十步五尺三","1","1","2"
"里三十步五尺三寸","1","1","2"
"三十步五尺三寸六","1","1","2"
"十步五尺三寸六分","1","1","2"
"十六万二千七百八","1","1","2"
"六万二千七百八十","1","1","2"
"万二千七百八十八","1","1","2"
"二千七百八十八里","1","1","2"
"千七百八十八里六","1","1","2"
"七百八十八里六十","1","1","2"
"百八十八里六十一","1","1","2"
"八十八里六十一步","1","1","2"
"十八里六十一步四","1","1","2"
"八里六十一步四尺","1","1","2"
"里六十一步四尺七","1","1","2"
"六十一步四尺七寸","1","1","2"
"十一步四尺七寸二","1","1","2"
"一步四尺七寸二分","1","1","2"
"五十一万三千六百","1","1","2"
"十一万三千六百八","1","1","2"
"一万三千六百八十","1","1","2"
"万三千六百八十七","1","1","2"
"三千六百八十七里","1","1","2"
"千六百八十七里六","1","1","2"
"六百八十七里六十","1","1","2"
"百八十七里六十八","1","1","2"
"八十七里六十八步","1","1","2"
"十七里六十八步一","1","1","2"
"七里六十八步一尺","1","1","2"
"里六十八步一尺八","1","1","2"
"六十八步一尺八寸","1","1","2"
"十八步一尺八寸二","1","1","2"
"八步一尺八寸二分","1","1","2"
"五十五万七千三百","1","1","2"
"十五万七千三百一","1","1","2"
"五万七千三百一十","1","1","2"
"万七千三百一十七","1","1","2"
"七千三百一十七里","1","1","2"
"一丈四尺六寸一分","1","1","2"
"一丈九寸五分四分","1","1","2"
"丈九寸五分四分分","1","1","2"
"东井二十九度上党","1","1","2"
"太安二年八月庚午","1","1","2"
"穆帝升平五年八月","1","1","2"
"元帝太兴二年八月","1","1","2"
"帝太兴二年八月戊","1","1","2"
"太兴二年八月戊戌","1","1","2"
"安帝隆安五年闰月","1","1","2"
"帝隆安五年闰月癸","1","1","2"
"隆安五年闰月癸丑","1","1","2"
"帝黄初二年六月戊","1","1","2"
"黄初二年六月戊辰","1","1","2"
"青龙元年闰月庚寅","1","1","2"
"少帝正始元年七月","1","1","2"
"帝正始元年七月戊","1","1","2"
"正始元年七月戊申","1","1","2"
"嘉平元年二月二月","1","1","2"
"高贵乡公甘露四年","1","1","2"
"贵乡公甘露四年七","1","1","2"
"乡公甘露四年七月","1","1","2"
"公甘露四年七月戊","1","1","2"
"甘露四年七月戊子","1","1","2"
"元帝景元二年五月","1","1","2"
"帝景元二年五月丁","1","1","2"
"景元二年五月丁未","1","1","2"
"武帝泰始二年七月","1","1","2"
"帝泰始二年七月丙","1","1","2"
"泰始二年七月丙午","1","1","2"
"咸宁元年七月甲申","1","1","2"
"太康四年三月辛丑","1","1","2"
"永熙元年四月庚申","1","1","2"
"惠帝元庚九年十一","1","1","2"
"帝元庚九年十一月","1","1","2"
"元庚九年十一月甲","1","1","2"
"庚九年十一月甲子","1","1","2"
"永宁元年闰月丙戌","1","1","2"
"光熙元年正月戊子","1","1","2"
"永嘉元年十一月戊","1","1","2"
"嘉元年十一月戊申","1","1","2"
"帝建兴四年六月丁","1","1","2"
"建兴四年六月丁巳","1","1","2"
"帝太兴元年四月丁","1","1","2"
"太兴元年四月丁丑","1","1","2"
"明帝太宁三年十一","1","1","2"
"帝太宁三年十一月","1","1","2"
"太宁三年十一月癸","1","1","2"
"咸康元年十月乙未","1","1","2"
"升平四年八月辛丑","1","1","2"
"孝武帝宁康三年十","1","1","2"
"武帝宁康三年十月","1","1","2"
"帝宁康三年十月癸","1","1","2"
"宁康三年十月癸酉","1","1","2"
"太元四年闰月己酉","1","1","2"
"安帝隆安四年六月","1","1","2"
"帝隆安四年六月庚","1","1","2"
"隆安四年六月庚辰","1","1","2"
"元兴二年四月癸巳","1","1","2"
"义熙三年七月戊戌","1","1","2"
"恭帝元熙元年十一","1","1","2"
"帝元熙元年十一月","1","1","2"
"元熙元年十一月丁","1","1","2"
"熙元年十一月丁亥","1","1","2"
"武帝泰始五年七月","1","1","2"
"帝泰始五年七月甲","1","1","2"
"泰始五年七月甲寅","1","1","2"
"惠帝元康元年十一","1","1","2"
"帝元康元年十一月","1","1","2"
"元康元年十一月甲","1","1","2"
"康元年十一月甲申","1","1","2"
"永康元年正月癸亥","1","1","2"
"永嘉元年十一月乙","1","1","2"
"嘉元年十一月乙亥","1","1","2"
"帝建兴二年正月辛","1","1","2"
"建兴二年正月辛未","1","1","2"
"兴二年正月辛未辰","1","1","2"
"二年正月辛未辰时","1","1","2"
"帝太宁元年正月乙","1","1","2"
"太宁元年正月乙卯","1","1","2"
"骠骑将军戴若思等","1","1","2"
"升平三年十月丙午","1","1","2"
"太元十三年二月庚","1","1","2"
"元十三年二月庚子","1","1","2"
"会稽王世子元显专","1","1","2"
"稽王世子元显专行","1","1","2"
"恭帝元熙二年正月","1","1","2"
"帝元熙二年正月壬","1","1","2"
"元熙二年正月壬辰","1","1","2"
"魏文帝黄初四年十","1","1","2"
"文帝黄初四年十一","1","1","2"
"帝黄初四年十一月","1","1","2"
"孝怀帝永嘉五年三","1","1","2"
"怀帝永嘉五年三月","1","1","2"
"帝永嘉五年三月壬","1","1","2"
"永嘉五年三月壬申","1","1","2"
"嘉五年三月壬申丙","1","1","2"
"五年三月壬申丙夜","1","1","2"
"义熙九年十二月辛","1","1","2"
"熙九年十二月辛卯","1","1","2"
"十一年十一月乙未","1","1","2"
"青龙二年十月乙丑","1","1","2"
"景初元年十月丁未","1","1","2"
"齐王嘉平元年正月","1","1","2"
"王嘉平元年正月甲","1","1","2"
"嘉平元年正月甲午","1","1","2"
"等率众奉帝伐成都","1","1","2"
"率众奉帝伐成都王","1","1","2"
"元帝太兴二年十一","1","1","2"
"帝太兴二年十一月","1","1","2"
"太兴二年十一月辛","1","1","2"
"兴二年十一月辛巳","1","1","2"
"升平元年十一月壬","1","1","2"
"平元年十一月壬午","1","1","2"
"五年正月乙丑辰时","1","1","2"
"十四年十二月乙未","1","1","2"
"元兴元年四月辛丑","1","1","2"
"义熙元年四月己卯","1","1","2"
"刘裕大军北讨慕容","1","1","2"
"裕大军北讨慕容超","1","1","2"
"建武元年五月癸未","1","1","2"
"元帝太兴二年七月","1","1","2"
"帝太兴二年七月甲","1","1","2"
"太兴二年七月甲午","1","1","2"
"帝建元元年八月丁","1","1","2"
"建元元年八月丁未","1","1","2"
"升平二年八月戊午","1","1","2"
"简文咸安二年正月","1","1","2"
"文咸安二年正月己","1","1","2"
"咸安二年正月己酉","1","1","2"
"孝武宁康二年十一","1","1","2"
"武宁康二年十一月","1","1","2"
"宁康二年十一月癸","1","1","2"
"康二年十一月癸酉","1","1","2"
"义熙二年十二月丁","1","1","2"
"熙二年十二月丁未","1","1","2"
"恭帝元熙元年三月","1","1","2"
"帝元熙元年三月五","1","1","2"
"元熙元年三月五日","1","1","2"
"径三十五万六千九","1","1","2"
"三十五万六千九百","1","1","2"
"十五万六千九百七","1","1","2"
"五万六千九百七十","1","1","2"
"万六千九百七十里","1","1","2"
"千三百七十一万四","1","1","2"
"三百七十一万四千","1","1","2"
"百七十一万四千九","1","1","2"
"七十一万四千九百","1","1","2"
"十一万四千九百三","1","1","2"
"一万四千九百三十","1","1","2"
"万四千九百三十三","1","1","2"
"千二百二十三万三","1","1","2"
"二百二十三万三千","1","1","2"
"五千九百五十九万","1","1","2"
"千九百五十九万四","1","1","2"
"九百五十九万四千","1","1","2"
"百五十九万四千九","1","1","2"
"五十九万四千九百","1","1","2"
"十九万四千九百七","1","1","2"
"九万四千九百七十","1","1","2"
"万四千九百七十八","1","1","2"
"万三千三百六十八","1","1","2"
"三千三百六十八里","1","1","2"
"六十七万七千九百","1","1","2"
"十七万七千九百六","1","1","2"
"七万七千九百六十","1","1","2"
"五千六百四十八万","1","1","2"
"千六百四十八万六","1","1","2"
"六百四十八万六千","1","1","2"
"百四十八万六千八","1","1","2"
"四十八万六千八百","1","1","2"
"十八万六千八百五","1","1","2"
"八万六千八百五十","1","1","2"
"万六千八百五十六","1","1","2"
"二百四十五万九千","1","1","2"
"百四十五万九千八","1","1","2"
"四十五万九千八百","1","1","2"
"十五万九千八百四","1","1","2"
"五万九千八百四十","1","1","2"
"一千六百一十六万","1","1","2"
"千六百一十六万三","1","1","2"
"六百一十六万三千","1","1","2"
"百一十六万三千八","1","1","2"
"一十六万三千八百","1","1","2"
"十六万三千八百六","1","1","2"
"六万三千八百六十","1","1","2"
"万三千八百六十三","1","1","2"
"四十七万五千七百","1","1","2"
"巩周孝王封周桓公","1","1","2"
"河阴新安函谷关所","1","1","2"
"汉武陵郡孱陵县界","1","1","2"
"定陶汉高祖封彭越","1","1","2"
"粟邑莲芍郃阳夏阳","1","1","2"
"邑莲芍郃阳夏阳故","1","1","2"
"莲芍郃阳夏阳故少","1","1","2"
"芍郃阳夏阳故少梁","1","1","2"
"后汉献帝建安十三","1","1","2"
"汉献帝建安十三年","1","1","2"
"三十五万七千五百","1","1","2"
"十五万七千五百四","1","1","2"
"五万七千五百四十","1","1","2"
"万七千五百四十八","1","1","2"
"一万一千四百四十","1","1","2"
"万一千四百四十八","1","1","2"
"祁阳零陵营浦洮阳","1","1","2"
"阳零陵营浦洮阳永","1","1","2"
"零陵营浦洮阳永昌","1","1","2"
"陵营浦洮阳永昌观","1","1","2"
"营浦洮阳永昌观阳","1","1","2"
"浦洮阳永昌观阳营","1","1","2"
"洮阳永昌观阳营道","1","1","2"
"阳永昌观阳营道春","1","1","2"
"永昌观阳营道春陵","1","1","2"
"昌观阳营道春陵泠","1","1","2"
"观阳营道春陵泠道","1","1","2"
"阳营道春陵泠道应","1","1","2"
"营道春陵泠道应阳","1","1","2"
"道春陵泠道应阳东","1","1","2"
"春陵泠道应阳东界","1","1","2"
"三十一万一千四百","1","1","2"
"丹杨丹杨山多赤柳","1","1","2"
"湖芜湖永世溧阳溧","1","1","2"
"芜湖永世溧阳溧水","1","1","2"
"柴桑二县置寻阳郡","1","1","2"
"历阳二县置历阳郡","1","1","2"
"蜀建宁太守霍弋遥","1","1","2"
"四万三千一百二十","1","1","2"
"汲郡盗发六国时魏","2","0","2"
"郡盗发六国时魏襄","2","0","2"
"盗发六国时魏襄王","2","0","2"
"发六国时魏襄王冢","2","0","2"
"令铸铜工柴玉铸钟","1","1","2"
"大吕笛长二尺六寸","1","1","2"
"邓昊等依律作大吕","1","1","2"
"昊等依律作大吕笛","1","1","2"
"长二尺八寸四分四","1","1","2"
"长二尺六寸六分三","1","1","2"
"二尺六寸六分三厘","1","1","2"
"长二尺五寸三分一","1","1","2"
"二尺五寸三分一厘","1","1","2"
"长二尺二寸三分三","1","1","2"
"二尺二寸三分三厘","1","1","2"
"长三尺九寸九分五","1","1","2"
"三尺九寸九分五厘","1","1","2"
"长三尺七寸九分七","1","1","2"
"三尺七寸九分七厘","1","1","2"
"长二尺九寸九分六","1","1","2"
"二尺九寸九分六厘","1","1","2"
"八寸二百四十三分","2","0","2"
"寸二千一百八十七","2","0","2"
"一百八十七分寸一","2","0","2"
"百八十七分寸一千","2","0","2"
"六寸万九千六百八","2","0","2"
"六百八十三分寸万","2","0","2"
"百八十三分寸万二","2","0","2"
"八十三分寸万二千","2","0","2"
"十三分寸万二千九","2","0","2"
"三分寸万二千九百","2","0","2"
"分寸万二千九百七","2","0","2"
"寸万二千九百七十","2","0","2"
"弘农宜阳县金门山","1","1","2"
"荀勖尺一尺六分二","1","1","2"
"勖尺一尺六分二厘","1","1","2"
"一尺四寸一分四毫","1","1","2"
"尺四寸一分四毫七","1","1","2"
"四寸一分四毫七秒","1","1","2"
"寸一分四毫七秒二","1","1","2"
"一分四毫七秒二忽","1","1","2"
"一尺三寸五分五厘","1","1","2"
"径一尺三寸六分八","1","1","2"
"一尺三寸六分八厘","1","1","2"
"尺三寸六分八厘七","1","1","2"
"三寸六分八厘七毫","1","1","2"
"赵石勒十八年七月","1","1","2"
"四千八百八十三纪","2","0","2"
"千八百八十三纪法","2","0","2"
"黄初二年六月二十","1","1","2"
"初二年六月二十九","1","1","2"
"二年六月二十九日","1","1","2"
"年六月二十九日戊","1","1","2"
"六月二十九日戊辰","1","1","2"
"三年十一月二十九","1","1","2"
"年十一月二十九日","1","1","2"
"十一月二十九日庚","1","1","2"
"一月二十九日庚申","1","1","2"
"月二十九日庚申加","1","1","2"
"二十九日庚申加时","1","1","2"
"十九日庚申加时西","1","1","2"
"九日庚申加时西南","1","1","2"
"日庚申加时西南维","1","1","2"
"庚申加时西南维日","1","1","2"
"二年七月十五日癸","1","1","2"
"年七月十五日癸未","1","1","2"
"三年十一月十五日","1","1","2"
"年十一月十五日乙","1","1","2"
"三年五月二十四日","1","1","2"
"年五月二十四日丁","1","1","2"
"五月二十四日丁亥","1","1","2"
"五月十七日庚辰见","2","0","2"
"二年十一月二十六","1","1","2"
"年十一月二十六日","1","1","2"
"十一月二十六日壬","1","1","2"
"一月二十六日壬辰","1","1","2"
"十一月二十一日丁","1","1","2"
"一月二十一日丁亥","1","1","2"
"十一月十八日甲申","1","1","2"
"三年十月十一日壬","1","1","2"
"年十月十一日壬申","1","1","2"
"十月十一日壬申伏","1","1","2"
"三年十一月二十二","1","1","2"
"年十一月二十二日","1","1","2"
"十一月二十二日壬","1","1","2"
"一月二十二日壬子","1","1","2"
"三年闰六月十五日","1","1","2"
"年闰六月十五日丁","1","1","2"
"闰六月十五日丁丑","1","1","2"
"六月二十二日乙卯","1","1","2"
"月二十二日乙卯伏","1","1","2"
"三年九月十一日壬","1","1","2"
"年九月十一日壬寅","1","1","2"
"二年十一月十七日","1","1","2"
"年十一月十七日癸","1","1","2"
"十一月十七日癸未","1","1","2"
"十一月十三日己卯","1","1","2"
"二年十二月十三日","1","1","2"
"年十二月十三日己","1","1","2"
"十二月十三日己酉","1","1","2"
"十二月十五日辛亥","1","1","2"
"二月十五日辛亥伏","1","1","2"
"十二月十四日庚戌","1","1","2"
"二月十四日庚戌伏","1","1","2"
"三年五月十八日辛","1","1","2"
"年五月十八日辛巳","1","1","2"
"三年六月十三日丙","1","1","2"
"年六月十三日丙午","1","1","2"
"六月十三日丙午伏","1","1","2"
"六月二十日癸丑伏","1","1","2"
"六月十九日壬子伏","1","1","2"
"三年闰六月二十五","1","1","2"
"年闰六月二十五日","1","1","2"
"闰六月二十五日丁","1","1","2"
"六月二十五日丁亥","1","1","2"
"三年七月七日己亥","1","1","2"
"年七月七日己亥伏","1","1","2"
"十一月九日己亥伏","1","1","2"
"十一月八日戊戌伏","1","1","2"
"三年十二月二十八","1","1","2"
"年十二月二十八日","1","1","2"
"十二月二十八日戊","1","1","2"
"二月二十八日戊子","1","1","2"
"满二千三百五十六","2","0","2"
"二千三百五十六大","2","0","2"
"千三百五十六大余","2","0","2"
"少大分八百九十九","1","1","2"
"入迟疾历夜半盈缩","1","1","2"
"岁积七千三百七十","2","0","2"
"三百九十五万九千","1","1","2"
"百九十五万九千二","1","1","2"
"九十五万九千二百","1","1","2"
"十五万九千二百五","1","1","2"
"五万九千二百五十","1","1","2"
"万九千二百五十八","1","1","2"
"五十一万一千七百","1","1","2"
"前合朔小余满虚分","2","0","2"
"合朔小余满虚分者","2","0","2"
"七万三千一十三分","2","0","2"
"十六日百七十四万","2","0","2"
"六日百七十四万二","2","0","2"
"日百七十四万二千","2","0","2"
"行星二度三百二十","2","0","2"
"星二度三百二十三","2","0","2"
"十三万四千六百七","2","0","2"
"三万四千六百七分","2","0","2"
"五十八日行十一度","2","0","2"
"八十四日退十二度","2","0","2"
"七十一日百四十八","2","0","2"
"十一日百四十八万","2","0","2"
"一日百四十八万九","2","0","2"
"日百四十八万九千","2","0","2"
"行星五十五度百二","2","0","2"
"星五十五度百二十","2","0","2"
"五十五度百二十四","2","0","2"
"十五度百二十四万","2","0","2"
"五度百二十四万二","2","0","2"
"度百二十四万二千","2","0","2"
"万二千八百六十分","2","0","2"
"二千八百六十分半","2","0","2"
"日行二十三分十四","2","0","2"
"日行六十二分十七","2","0","2"
"六十二日退十七度","2","0","2"
"十六日百一十二万","2","0","2"
"六日百一十二万二","2","0","2"
"日百一十二万二千","2","0","2"
"二千四百二十六分","2","0","2"
"千四百二十六分半","2","0","2"
"百九十九万五千八","1","1","2"
"九十九万五千八百","1","1","2"
"十九万五千八百六","1","1","2"
"九万五千八百六十","1","1","2"
"五千八百六十四分","2","0","2"
"千八百六十四分半","2","0","2"
"百九十万五千八百","1","1","2"
"九十万五千八百六","1","1","2"
"十万五千八百六十","1","1","2"
"六千二百七十二分","1","1","2"
"日行四十六分三十","2","0","2"
"行四十六分三十三","2","0","2"
"四十六日行三十三","2","0","2"
"十六日行三十三度","2","0","2"
"行一度九十一分十","2","0","2"
"度九十一分二十二","2","0","2"
"十一日行百一十三","2","0","2"
"一日行百一十三度","2","0","2"
"四十一日五万六千","2","0","2"
"十一日五万六千九","2","0","2"
"一日五万六千九百","2","0","2"
"五十度五万六千九","1","1","2"
"十度五万六千九百","1","1","2"
"五十度五万九千九","1","1","2"
"十度五万九千九百","1","1","2"
"度五万九千九百五","1","1","2"
"五万九千九百五十","1","1","2"
"万九千九百五十四","1","1","2"
"二十日行二十五度","2","0","2"
"十六日六百四十一","2","0","2"
"六日六百四十一万","2","0","2"
"行星三十二度六百","2","0","2"
"星三十二度六百四","2","0","2"
"度六百四十一万九","2","0","2"
"望中节前后四日者","2","0","2"
"中节前后五日上者","2","0","2"
"正十一月朔夜半月","1","1","2"
"月朔夜半月所度分","2","0","2"
"月合朔日月所共合","2","0","2"
"合朔日月所共合度","2","0","2"
"所入纪下交会差率","2","0","2"
"入纪下交会差率数","2","0","2"
"纪下交会差率数加","2","0","2"
"天正十一月合朔入","1","1","2"
"正十一月合朔入历","1","1","2"
"八万六千五百四十","1","1","2"
"十六日九十九万七","2","0","2"
"六日九十九万七千","2","0","2"
"日九十九万七千八","2","0","2"
"千八百三十二分行","2","0","2"
"八百三十二分行星","2","0","2"
"百三十二分行星二","2","0","2"
"三十二分行星二度","2","0","2"
"十二分行星二度百","2","0","2"
"二分行星二度百七","2","0","2"
"分行星二度百七十","2","0","2"
"行星二度百七十九","2","0","2"
"星二度百七十九万","2","0","2"
"二度百七十九万五","2","0","2"
"度百七十九万五千","2","0","2"
"五十七日行十一度","2","0","2"
"七十二日百七十九","2","0","2"
"十二日百七十九万","2","0","2"
"二日百七十九万二","2","0","2"
"日百七十九万二千","2","0","2"
"千六百一十五分行","2","0","2"
"六百一十五分行星","2","0","2"
"百一十五分行星五","2","0","2"
"一十五分行星五十","2","0","2"
"十五分行星五十六","2","0","2"
"五分行星五十六度","2","0","2"
"分行星五十六度百","2","0","2"
"行星五十六度百二","2","0","2"
"星五十六度百二十","2","0","2"
"五十六度百二十四","2","0","2"
"十六度百二十四万","2","0","2"
"六度百二十四万九","2","0","2"
"度百二十四万九千","2","0","2"
"十九日三百八十四","2","0","2"
"九日三百八十四万","2","0","2"
"日三百八十四万七","2","0","2"
"七千六百七十五分","2","0","2"
"千六百七十五分半","2","0","2"
"六百七十五分半行","2","0","2"
"百七十五分半行星","2","0","2"
"七十五分半行星二","2","0","2"
"十五分半行星二度","2","0","2"
"五分半行星二度六","2","0","2"
"分半行星二度六百","2","0","2"
"半行星二度六百四","2","0","2"
"行星二度六百四十","2","0","2"
"星二度六百四十九","2","0","2"
"一千一百二十一分","2","0","2"
"千一百二十一分半","2","0","2"
"八十六日行六度半","2","0","2"
"日行四十五分三十","2","0","2"
"行四十五分三十三","2","0","2"
"四十五日行三十三","2","0","2"
"十五日行三十三度","2","0","2"
"九十一日行百五度","2","0","2"
"十一日行百五度顺","2","0","2"
"度九十一分二十一","2","0","2"
"十一日行百一十二","2","0","2"
"一日行百一十二度","2","0","2"
"四十二日十九万四","2","0","2"
"四千九百九十分行","2","0","2"
"千九百九十分行星","2","0","2"
"九百九十分行星五","2","0","2"
"百九十分行星五十","2","0","2"
"九十分行星五十二","2","0","2"
"十分行星五十二度","2","0","2"
"分行星五十二度十","2","0","2"
"行星五十二度十九","2","0","2"
"星五十二度十九万","2","0","2"
"日行一度十八分四","2","0","2"
"十八日行二十二度","2","0","2"
"十八日二千三十四","2","0","2"
"八日二千三十四万","2","0","2"
"千二百六十一分行","2","0","2"
"二百六十一分行星","2","0","2"
"百六十一分行星三","2","0","2"
"六十一分行星三十","2","0","2"
"十一分行星三十六","2","0","2"
"一分行星三十六度","2","0","2"
"分行星三十六度二","2","0","2"
"行星三十六度二千","2","0","2"
"星三十六度二千三","2","0","2"
"三十六度二千三十","2","0","2"
"十六度二千三十四","2","0","2"
"六度二千三十四万","2","0","2"
"度二千三十四万四","2","0","2"
"九万七千四百一十","1","1","2"
"万七千四百一十一","1","1","2"
"上元天正甲子朔夜","1","1","2"
"元天正甲子朔夜半","1","1","2"
"天正甲子朔夜半冬","1","1","2"
"一千五百三十九分","1","1","2"
"一千八百四十三分","1","1","2"
"二千四百五十一分","1","1","2"
"八万二千七百三十","1","1","2"
"万二千七百三十六","1","1","2"
"晋孝武太元九年甲","1","1","2"
"孝武太元九年甲申","1","1","2"
"八万三千八百四十","1","1","2"
"万三千八百四十一","1","1","2"
"四十四万七千六百","1","1","2"
"十四万七千六百一","1","1","2"
"四万七千六百一十","1","1","2"
"景初元年十月乙卯","1","1","2"
"宗祀皇考高祖文皇","1","1","2"
"祀皇考高祖文皇帝","1","1","2"
"魏元帝咸熙二年十","1","1","2"
"元帝咸熙二年十二","1","1","2"
"帝咸熙二年十二月","1","1","2"
"咸熙二年十二月甲","1","1","2"
"熙二年十二月甲子","1","1","2"
"康帝建元元年正月","1","1","2"
"黄初二年正月乙亥","1","1","2"
"侍中散骑常侍荀奕","1","1","2"
"黄门侍郎散骑侍郎","1","1","2"
"门侍郎散骑侍郎曹","1","1","2"
"侍郎散骑侍郎曹宇","1","1","2"
"三公九卿诸侯大夫","1","1","2"
"公九卿诸侯大夫躬","1","1","2"
"九卿诸侯大夫躬耕","1","1","2"
"帝黄初二年六月庚","1","1","2"
"黄初二年六月庚子","1","1","2"
"魏文帝黄初二年正","1","1","2"
"文帝黄初二年正月","1","1","2"
"奉圣亭侯孔亭四时","1","1","2"
"圣亭侯孔亭四时祠","1","1","2"
"魏齐王正始二年二","1","1","2"
"齐王正始二年二月","1","1","2"
"穆帝升平元年三月","1","1","2"
"孝武宁康三年七月","1","1","2"
"行太常宗正曹恪持","1","1","2"
"太常宗正曹恪持节","1","1","2"
"常宗正曹恪持节迎","1","1","2"
"司空王朗持节奉策","1","1","2"
"景初元年十二月己","1","1","2"
"初元年十二月己未","1","1","2"
"太兴三年正月乙卯","1","1","2"
"成帝咸康七年五月","1","1","2"
"辅国将军谯王司马","1","1","2"
"孝武帝太元十二年","1","1","2"
"武帝太元十二年五","1","1","2"
"帝太元十二年五月","1","1","2"
"太元十二年五月壬","1","1","2"
"元十二年五月壬戌","1","1","2"
"大司马琅邪王德文","1","1","2"
"太尉谘议参军袁豹","1","1","2"
"武帝咸宁五年十一","1","1","2"
"帝咸宁五年十一月","1","1","2"
"咸宁五年十一月己","1","1","2"
"宁五年十一月己酉","1","1","2"
"孝武太元十一年九","1","1","2"
"武太元十一年九月","1","1","2"
"公卿侍中尚书常侍","1","1","2"
"太康元年九月庚寅","1","1","2"
"孙吴兵法六十四阵","1","1","2"
"献帝建安二十一年","1","1","2"
"光禄大夫屯骑校尉","1","1","2"
"禄大夫屯骑校尉华","1","1","2"
"皇帝咨前太尉参军","2","0","2"
"帝咨前太尉参军何","2","0","2"
"咨前太尉参军何琦","2","0","2"
"故散骑侍郎准遗女","2","0","2"
"京城近臣诸王公主","1","1","2"
"汉明帝永平二年三","1","1","2"
"明帝永平二年三月","1","1","2"
"魏高贵乡公甘露二","1","1","2"
"高贵乡公甘露二年","1","1","2"
"武帝泰始六年十二","1","1","2"
"帝泰始六年十二月","1","1","2"
"天泉池南石沟引御","1","1","2"
"泉池南石沟引御沟","1","1","2"
"池南石沟引御沟水","1","1","2"
"问司律中郎将陈颀","1","1","2"
"正旦大会王公上寿","1","1","2"
"依前曲作新歌五篇","1","1","2"
"尚书殿中郎袁明子","1","1","2"
"盖取负重致远安稳","2","0","2"
"殿中将军持凿脑斧","1","1","2"
"中将军持凿脑斧夹","1","1","2"
"尚书军校加侍中常","1","1","2"
"书军校加侍中常侍","1","1","2"
"侍中常侍尚书中书","1","1","2"
"中常侍尚书中书监","1","1","2"
"常侍尚书中书监令","1","1","2"
"侍尚书中书监令卿","1","1","2"
"尚书中书监令卿校","1","1","2"
"郊祀天地明堂宗庙","1","1","2"
"门下三省侍官乘车","1","1","2"
"三台五省二品文官","1","1","2"
"十四年十二月乙巳","1","1","2"
"吴孙亮建兴元年十","1","1","2"
"孙皓建衡二年三月","1","1","2"
"武帝太康八年三月","1","1","2"
"帝太康八年三月乙","1","1","2"
"太康八年三月乙丑","1","1","2"
"惠帝元康五年闰月","1","1","2"
"帝元康五年闰月庚","1","1","2"
"元康五年闰月庚寅","1","1","2"
"永兴二年七月甲午","1","1","2"
"孝怀帝永嘉四年十","1","1","2"
"怀帝永嘉四年十一","1","1","2"
"帝永嘉四年十一月","1","1","2"
"永昌二年正月癸巳","1","1","2"
"会稽王道子宠幸尼","1","1","2"
"义熙四年七月丁酉","1","1","2"
"惠帝元康三年闰二","1","1","2"
"帝元康三年闰二月","1","1","2"
"魏豫州刺史贾逵石","1","1","2"
"豫州刺史贾逵石碑","1","1","2"
"东阳太守殷仲文照","1","1","2"
"阳太守殷仲文照镜","1","1","2"
"魏文帝黄初四年六","1","1","2"
"文帝黄初四年六月","1","1","2"
"魏明帝景初元年九","1","1","2"
"明帝景初元年九月","1","1","2"
"简文帝咸安元年十","1","1","2"
"文帝咸安元年十二","1","1","2"
"帝咸安元年十二月","1","1","2"
"咸安元年十二月壬","1","1","2"
"安元年十二月壬午","1","1","2"
"义熙元年十二月己","1","1","2"
"熙元年十二月己未","1","1","2"
"二年十二月己未夜","1","1","2"
"惠帝永宁元年十月","1","1","2"
"咸康元年八月乙丑","1","1","2"
"孝武太元十三年四","2","0","2"
"武太元十三年四月","2","0","2"
"安帝隆安元年八月","1","1","2"
"武帝咸宁元年八月","1","1","2"
"帝咸宁元年八月丁","1","1","2"
"咸宁元年八月丁酉","1","1","2"
"元帝太兴二年六月","1","1","2"
"安帝元兴元年正月","1","1","2"
"帝元兴元年正月丙","1","1","2"
"元兴元年正月丙子","1","1","2"
"齐王正始元年二月","1","1","2"
"高贵乡公甘露三年","1","1","2"
"贵乡公甘露三年正","1","1","2"
"乡公甘露三年正月","1","1","2"
"武帝泰始七年五月","1","1","2"
"帝泰始七年五月闰","1","1","2"
"泰始七年五月闰月","1","1","2"
"惠帝元康七年七月","1","1","2"
"怀帝永嘉三年五月","1","1","2"
"中书令缪播等九人","1","1","2"
"书令缪播等九人杀","1","1","2"
"元帝建武元年六月","1","1","2"
"太康七年十一月丙","1","1","2"
"康七年十一月丙辰","1","1","2"
"太元十三年四月癸","1","1","2"
"元十三年四月癸巳","1","1","2"
"帝太康五年五月丁","1","1","2"
"太康五年五月丁巳","1","1","2"
"惠帝元康五年十二","1","1","2"
"帝元康五年十二月","1","1","2"
"武帝泰始八年五月","1","1","2"
"安帝隆安四年四月","1","1","2"
"帝隆安四年四月乙","1","1","2"
"隆安四年四月乙未","1","1","2"
"惠帝元康八年五月","1","1","2"
"吴孙亮建兴元年九","1","1","2"
"孙亮建兴元年九月","1","1","2"
"汝南王亮太保卫瓘","2","0","2"
"汉献帝建安二十五","1","1","2"
"献帝建安二十五年","1","1","2"
"帝建安二十五年春","1","1","2"
"建安二十五年春正","1","1","2"
"安二十五年春正月","1","1","2"
"吴孙亮五凤元年六","1","1","2"
"孙亮五凤元年六月","1","1","2"
"元康九年六月庚子","1","1","2"
"孝怀帝永嘉二年冬","1","1","2"
"明帝太宁元年九月","1","1","2"
"哀帝兴宁三年五月","1","1","2"
"帝兴宁三年五月癸","1","1","2"
"兴宁三年五月癸卯","1","1","2"
"庐陵西昌县修明家","1","1","2"
"魏文帝黄初四年五","1","1","2"
"文帝黄初四年五月","1","1","2"
"汉献帝建安二十三","1","1","2"
"献帝建安二十三年","1","1","2"
"蜀刘禅建兴九年十","1","1","2"
"刘禅建兴九年十月","1","1","2"
"吴孙权赤乌十二年","1","1","2"
"孙权赤乌十二年四","1","1","2"
"权赤乌十二年四月","1","1","2"
"吴孙权太元二年正","1","1","2"
"孙权太元二年正月","1","1","2"
"孙亮建兴二年十一","1","1","2"
"亮建兴二年十一月","1","1","2"
"武帝泰始四年八月","1","1","2"
"孝怀帝永嘉元年二","1","1","2"
"怀帝永嘉元年二月","1","1","2"
"阳东北步广里地陷","2","0","2"
"明帝太宁三年八月","1","1","2"
"帝太宁三年八月庚","1","1","2"
"太宁三年八月庚戌","1","1","2"
"孝武帝太元十六年","1","1","2"
"武帝太元十六年六","1","1","2"
"帝太元十六年六月","1","1","2"
"武帝太康五年四月","1","1","2"
"帝太康五年四月壬","1","1","2"
"太康五年四月壬子","1","1","2"
"愍帝建兴元年十二","1","1","2"
"帝建兴元年十二月","1","1","2"
"刘聪伪建元元年正","1","1","2"
"聪伪建元元年正月","1","1","2"
"吴孙权嘉禾三年九","1","1","2"
"孙权嘉禾三年九月","1","1","2"
"惠帝元康二年八月","1","1","2"
"元帝太兴二年三月","1","1","2"
"帝太兴二年三月丁","1","1","2"
"太兴二年三月丁未","1","1","2"
"咸康二年正月丁巳","1","1","2"
"孝武太元二年四月","1","1","2"
"武太元二年四月己","1","1","2"
"太元二年四月己酉","1","1","2"
"二十一年四月丁亥","1","1","2"
"帝隆安二年三月乙","1","1","2"
"隆安二年三月乙卯","1","1","2"
"义熙元年四月壬申","1","1","2"
"武帝太康六年十二","1","1","2"
"帝太康六年十二月","1","1","2"
"南沙司盐都尉戴亮","1","1","2"
"惠帝永康元年六月","1","1","2"
"帝永康元年六月癸","1","1","2"
"永康元年六月癸卯","1","1","2"
"孝武帝太元五年六","1","1","2"
"武帝太元五年六月","1","1","2"
"帝太元五年六月甲","1","1","2"
"太元五年六月甲寅","1","1","2"
"惠帝元康九年三月","1","1","2"
"孝武太元十五年三","1","1","2"
"武太元十五年三月","1","1","2"
"魏齐王嘉平四年五","1","1","2"
"齐王嘉平四年五月","1","1","2"
"魏文帝黄初三年七","1","1","2"
"文帝黄初三年七月","1","1","2"
"怀帝永嘉四年五月","1","1","2"
"元帝太兴元年六月","1","1","2"
"孝怀帝永嘉五年十","1","1","2"
"怀帝永嘉五年十二","1","1","2"
"帝永嘉五年十二月","1","1","2"
"武帝太康五年六月","1","1","2"
"张天锡杀中护军张","1","1","2"
"天锡杀中护军张邕","1","1","2"
"安帝元兴二年十月","1","1","2"
"魏齐王正始九年十","1","1","2"
"齐王正始九年十一","1","1","2"
"王正始九年十一月","1","1","2"
"吴孙权太元元年八","1","1","2"
"孙权太元元年八月","1","1","2"
"孙休永安元年十一","1","1","2"
"休永安元年十一月","1","1","2"
"永安元年十一月甲","1","1","2"
"安元年十一月甲午","1","1","2"
"武帝泰始五年五月","1","1","2"
"伦建始元年正月癸","1","1","2"
"建始元年正月癸酉","1","1","2"
"元帝永昌元年七月","1","1","2"
"帝永昌元年七月丙","1","1","2"
"永昌元年七月丙寅","1","1","2"
"成帝咸康四年三月","1","1","2"
"帝咸康四年三月壬","1","1","2"
"咸康四年三月壬辰","1","1","2"
"元帝景元三年十月","1","1","2"
"帝永嘉四年十月辛","1","1","2"
"永嘉四年十月辛卯","1","1","2"
"惠帝元康三年九月","1","1","2"
"元帝建武元年七月","1","1","2"
"元帝太兴四年八月","1","1","2"
"明帝太守元年正月","1","1","2"
"帝太守元年正月癸","1","1","2"
"太守元年正月癸巳","1","1","2"
"太元八年二月癸未","1","1","2"
"安帝元兴元年十月","1","1","2"
"魏明帝青龙二年十","1","1","2"
"明帝青龙二年十一","1","1","2"
"帝青龙二年十一月","1","1","2"
"荆州刺史胡质击退","1","1","2"
"兴宁元年四月甲戌","1","1","2"
"义熙四年正月壬子","1","1","2"
"吴孙权赤乌十三年","1","1","2"
"孙权赤乌十三年八","1","1","2"
"权赤乌十三年八月","1","1","2"
"魏元帝咸熙二年二","1","1","2"
"元帝咸熙二年二月","1","1","2"
"散骑常侍车灌修峻","1","1","2"
"骑常侍车灌修峻平","1","1","2"
"常侍车灌修峻平陵","1","1","2"
"安帝义熙八年三月","1","1","2"
"帝义熙八年三月壬","1","1","2"
"义熙八年三月壬寅","1","1","2"
"惠帝元康九年六月","1","1","2"
"魏明帝青龙元年正","1","1","2"
"明帝青龙元年正月","1","1","2"
"帝青龙元年正月甲","1","1","2"
"青龙元年正月甲申","1","1","2"
"甘露元年正月辛丑","1","1","2"
"元帝景元元年十二","1","1","2"
"帝景元元年十二月","1","1","2"
"景元元年十二月甲","1","1","2"
"元元年十二月甲申","1","1","2"
"武帝咸宁二年六月","1","1","2"
"帝咸宁二年六月丙","1","1","2"
"咸宁二年六月丙午","1","1","2"
"太康五年正月癸卯","1","1","2"
"愍帝建兴二年十一","1","1","2"
"帝建兴二年十一月","1","1","2"
"帝元康五年三月癸","1","1","2"
"元康五年三月癸巳","1","1","2"
"入汉城阳景王祠中","1","1","2"
"惠帝元康八年十二","1","1","2"
"帝元康八年十二月","1","1","2"
"怀帝永嘉六年二月","1","1","2"
"成帝咸康八年五月","1","1","2"
"帝咸康八年五月甲","1","1","2"
"咸康八年五月甲戌","1","1","2"
"安帝隆安四年十月","1","1","2"
"魏元帝咸熙二年八","1","1","2"
"元帝咸熙二年八月","1","1","2"
"永宁元年十二月甲","1","1","2"
"宁元年十二月甲子","1","1","2"
"太安元年四月癸酉","1","1","2"
"明帝太宁二年七月","1","1","2"
"成帝咸康五年四月","1","1","2"
"康帝建元二年十月","1","1","2"
"卫将军营督过望所","1","1","2"
"二万六千二百七十","1","1","2"
"六千二百七十二条","1","1","2"
"七百七十三万二千","1","1","2"
"百七十三万二千二","1","1","2"
"七十三万二千二百","1","1","2"
"毁伤亡失县官财物","1","1","2"
"颍川太守刘子元妻","2","0","2"
"二万七千六百五十","1","1","2"
"万七千六百五十七","1","1","2"
"兰陵景侯夫人羊氏","1","1","2"
"泰始十年秋七月丙","1","1","2"
"始十年秋七月丙寅","1","1","2"
"泰始八年二月辛卯","1","1","2"
"养孙贾谧干预国事","1","1","2"
"母散骑常侍新野王","1","1","2"
"都乡侯粪土臣何琦","2","0","2"
"乡侯粪土臣何琦稽","2","0","2"
"侯粪土臣何琦稽首","2","0","2"
"粪土臣何琦稽首顿","2","0","2"
"土臣何琦稽首顿首","2","0","2"
"中军将军桓冲等奏","1","1","2"
"试守晋陵太守王蕴","1","1","2"
"司空博陵元公王沈","1","1","2"
"卫将军钜平侯羊祜","1","1","2"
"将军钜平侯羊祜才","1","1","2"
"谒者阳翟郭玄信奉","1","1","2"
"代王基都督扬州诸","1","1","2"
"王基都督扬州诸军","1","1","2"
"基都督扬州诸军事","1","1","2"
"散骑郎蜀郡何攀共","1","1","2"
"遣荆州刺史杨肇攻","1","1","2"
"征南大将军南城侯","1","1","2"
"尚书祠部郎荀伯子","1","1","2"
"书祠部郎荀伯子上","1","1","2"
"祠部郎荀伯子上表","1","1","2"
"春秋左氏经传集解","1","1","2"
"都督扬州江西淮北","1","1","2"
"督扬州江西淮北诸","1","1","2"
"扬州江西淮北诸军","1","1","2"
"州江西淮北诸军事","1","1","2"
"受密诏杀太宰汝南","1","1","2"
"密诏杀太宰汝南王","1","1","2"
"伏夫人生汝南文成","1","1","2"
"夫人生汝南文成王","1","1","2"
"左卫将军王舆攻杀","1","1","2"
"卫将军王舆攻杀孙","1","1","2"
"将军王舆攻杀孙秀","1","1","2"
"安帝时立武陵威王","1","1","2"
"都督雍凉等州诸军","1","1","2"
"督雍凉等州诸军事","1","1","2"
"邑五千三百五十八","1","1","2"
"五千三百五十八户","1","1","2"
"亲骑帐下司马大车","1","1","2"
"万一千二百一十九","1","1","2"
"一千二百一十九户","1","1","2"
"千二百一十九户改","1","1","2"
"高贵乡公将攻文帝","1","1","2"
"遣燕相胡矩督护诸","1","1","2"
"燕相胡矩督护诸军","1","1","2"
"都督城外牙门诸军","1","1","2"
"督城外牙门诸军事","1","1","2"
"参文帝大将军军事","1","1","2"
"都督秦凉二州诸军","1","1","2"
"督秦凉二州诸军事","1","1","2"
"后娶城阳太守郭配","1","1","2"
"殿中都尉司马十人","1","1","2"
"太傅舍人巴西阎纂","1","1","2"
"后驾讨成都王颖勋","2","0","2"
"光禄大夫金章紫绶","1","1","2"
"遣扬州刺史应绰督","1","1","2"
"获吴将周兴等五人","1","1","2"
"堂见征镇长史司马","1","1","2"
"吴建平太守吾彦取","1","1","2"
"遣游击将军张象率","1","1","2"
"吴郡孙皓叩头死罪","1","1","2"
"遣私署太常张夔等","1","1","2"
"牙门将李高放火烧","1","1","2"
"前伪中郎将孔摅说","1","1","2"
"乡人幽州刺史李阳","1","1","2"
"讨王敦功封苑陵县","1","1","2"
"王敦功封苑陵县侯","1","1","2"
"鉴都督陇右诸军事","1","1","2"
"散骑常侍皇甫陶共","1","1","2"
"豫州大中正夏侯骏","1","1","2"
"州大中正夏侯骏上","1","1","2"
"魏嘉平四年春正月","1","1","2"
"大将军府增置司马","1","1","2"
"将军府增置司马一","1","1","2"
"军府增置司马一人","1","1","2"
"天子命中抚军新昌","1","1","2"
"子命中抚军新昌乡","1","1","2"
"命中抚军新昌乡侯","1","1","2"
"宣王妃张氏宣穆皇","2","0","2"
"王妃张氏宣穆皇后","2","0","2"
"安乐公刘禅子弟一","1","1","2"
"乐公刘禅子弟一人","1","1","2"
"荆州刺史胡烈击败","1","1","2"
"尚书左仆射羊祜都","1","1","2"
"书左仆射羊祜都督","1","1","2"
"左仆射羊祜都督荆","1","1","2"
"仆射羊祜都督荆州","1","1","2"
"射羊祜都督荆州诸","1","1","2"
"羊祜都督荆州诸军","1","1","2"
"征虏将军王浑击败","1","1","2"
"获吴立信校尉庄祜","1","1","2"
"帅树机能攻陷凉州","1","1","2"
"侍中车骑将军杨骏","1","1","2"
"颙都督中外诸军事","1","1","2"
"都督秦雍梁益四州","1","1","2"
"督秦雍梁益四州诸","1","1","2"
"秦雍梁益四州诸军","1","1","2"
"雍梁益四州诸军事","1","1","2"
"大都督陕西诸军事","1","1","2"
"等一百八十人上书","1","1","2"
"一百八十人上书劝","1","1","2"
"都督幽平二州东夷","1","1","2"
"督幽平二州东夷诸","1","1","2"
"幽平二州东夷诸军","1","1","2"
"平二州东夷诸军事","1","1","2"
"司徒王导录尚书事","1","1","2"
"历阳太守苏峻等反","1","1","2"
"车骑将军庾冰都督","1","1","2"
"骑将军庾冰都督荆","1","1","2"
"前司徒左长史殷浩","1","1","2"
"林邑范文攻陷日南","1","1","2"
"大都督陇右关中诸","1","1","2"
"中军将军殷浩督扬","1","1","2"
"军将军殷浩督扬豫","1","1","2"
"将军殷浩督扬豫徐","1","1","2"
"河间王钦修复五陵","1","1","2"
"冉闵降将周成举兵","1","1","2"
"闵降将周成举兵反","1","1","2"
"河南太守戴施奔鲔","1","1","2"
"南太守戴施奔鲔渚","1","1","2"
"江西乞活郭敞等执","1","1","2"
"西乞活郭敞等执陈","1","1","2"
"乞活郭敞等执陈留","1","1","2"
"活郭敞等执陈留内","1","1","2"
"郭敞等执陈留内史","1","1","2"
"敞等执陈留内史刘","1","1","2"
"等执陈留内史刘仕","1","1","2"
"北中郎将荀羡北伐","1","1","2"
"升平三年除骠骑将","1","1","2"
"平三年除骠骑将军","1","1","2"
"征西大将军桓温侍","1","1","2"
"西大将军桓温侍中","1","1","2"
"西中郎将袁真都督","1","1","2"
"中郎将袁真都督司","1","1","2"
"北中郎将瘦希都督","1","1","2"
"中郎将瘦希都督青","1","1","2"
"郎将瘦希都督青州","1","1","2"
"将瘦希都督青州诸","1","1","2"
"瘦希都督青州诸军","1","1","2"
"希都督青州诸军事","1","1","2"
"张天锡弑凉州刺史","1","1","2"
"后军将军五校三将","1","1","2"
"军将军五校三将官","1","1","2"
"汝南西阳新蔡颍川","1","1","2"
"南西阳新蔡颍川六","1","1","2"
"西阳新蔡颍川六郡","1","1","2"
"阳新蔡颍川六郡诸","1","1","2"
"新蔡颍川六郡诸军","1","1","2"
"蔡颍川六郡诸军事","1","1","2"
"都督益宁二州诸军","1","1","2"
"督益宁二州诸军事","1","1","2"
"梁州刺史司马勋反","1","1","2"
"监益宁二州诸军事","1","1","2"
"前宁州刺史周仕孙","1","1","2"
"监益梁二州诸军事","1","1","2"
"咸安元年冬十一月","1","1","2"
"安元年冬十一月己","1","1","2"
"元年冬十一月己酉","1","1","2"
"苻坚北地长史慕容","1","1","2"
"坚北地长史慕容泓","1","1","2"
"太保谢安大都督扬","1","1","2"
"杀死零陵太守阮野","1","1","2"
"青州刺史诸葛长民","1","1","2"
"太尉刘裕害死右将","1","1","2"
"尉刘裕害死右将军","1","1","2"
"刘裕害死右将军兖","1","1","2"
"裕害死右将军兖州","1","1","2"
"害死右将军兖州刺","1","1","2"
"死右将军兖州刺史","1","1","2"
"右将军兖州刺史刘","1","1","2"
"将军兖州刺史刘藩","1","1","2"
"二千九百三十二里","1","1","2"
"千九百三十二里七","1","1","2"
"九百三十二里七十","1","1","2"
"百三十二里七十一","1","1","2"
"三十二里七十一步","1","1","2"
"十二里七十一步二","1","1","2"
"二里七十一步二尺","1","1","2"
"里七十一步二尺七","1","1","2"
"七十一步二尺七寸","1","1","2"
"十一步二尺七寸四","1","1","2"
"一步二尺七寸四分","1","1","2"
"步二尺七寸四分四","1","1","2"
"二尺七寸四分四百","1","1","2"
"尺七寸四分四百八","1","1","2"
"七寸四分四百八十","1","1","2"
"寸四分四百八十七","1","1","2"
"四分四百八十七分","1","1","2"
"分四百八十七分分","1","1","2"
"一度凡千四百六里","1","1","2"
"度凡千四百六里百","1","1","2"
"凡千四百六里百二","1","1","2"
"千四百六里百二十","1","1","2"
"四百六里百二十四","1","1","2"
"百六里百二十四步","1","1","2"
"六里百二十四步六","1","1","2"
"里百二十四步六寸","1","1","2"
"百二十四步六寸四","1","1","2"
"二十四步六寸四分","1","1","2"
"十四步六寸四分十","1","1","2"
"四步六寸四分十万","1","1","2"
"步六寸四分十万七","1","1","2"
"六寸四分十万七千","1","1","2"
"寸四分十万七千五","1","1","2"
"四分十万七千五百","1","1","2"
"分十万七千五百六","1","1","2"
"十万七千五百六十","1","1","2"
"万七千五百六十五","1","1","2"
"七千五百六十五分","1","1","2"
"千五百六十五分分","1","1","2"
"千五百二十五里二","1","1","2"
"五百二十五里二百","1","1","2"
"百二十五里二百五","1","1","2"
"二十五里二百五十","1","1","2"
"十五里二百五十六","1","1","2"
"五里二百五十六步","1","1","2"
"里二百五十六步三","1","1","2"
"二百五十六步三尺","1","1","2"
"百五十六步三尺三","1","1","2"
"五十六步三尺三寸","1","1","2"
"十六步三尺三寸二","1","1","2"
"六步三尺三寸二十","1","1","2"
"步三尺三寸二十一","1","1","2"
"三尺三寸二十一万","1","1","2"
"尺三寸二十一万五","1","1","2"
"三寸二十一万五千","1","1","2"
"寸二十一万五千一","1","1","2"
"万五千一百三十分","1","1","2"
"五千一百三十分分","1","1","2"
"光熙元年五月壬辰","1","1","2"
"永昌元年十月辛卯","1","1","2"
"简文咸安二年十一","1","1","2"
"文咸安二年十一月","1","1","2"
"咸安二年十一月丁","1","1","2"
"安二年十一月丁丑","1","1","2"
"孝武宁康元年十一","1","1","2"
"武宁康元年十一月","1","1","2"
"宁康元年十一月己","1","1","2"
"康元年十一月己酉","1","1","2"
"二十年十一月辛卯","1","1","2"
"安帝隆安元年十二","1","1","2"
"帝隆安元年十二月","1","1","2"
"隆安元年十二月壬","1","1","2"
"安元年十二月壬辰","1","1","2"
"元兴元年二月甲子","1","1","2"
"安帝隆安五年三月","1","1","2"
"帝隆安五年三月甲","1","1","2"
"隆安五年三月甲子","1","1","2"
"永宁太后废曹爽等","1","1","2"
"惠帝太安二年十一","1","1","2"
"帝太安二年十一月","1","1","2"
"太安二年十一月庚","1","1","2"
"安二年十一月庚辰","1","1","2"
"成帝咸康元年二月","1","1","2"
"帝咸康元年二月乙","1","1","2"
"咸康元年二月乙未","1","1","2"
"哀帝兴宁元年十月","1","1","2"
"帝兴宁元年十月丙","1","1","2"
"兴宁元年十月丙戌","1","1","2"
"镇西将军益州刺史","1","1","2"
"西将军益州刺史周","1","1","2"
"将军益州刺史周抚","1","1","2"
"孝武太元十二年二","1","1","2"
"武太元十二年二月","1","1","2"
"太元十二年二月戊","1","1","2"
"元十二年二月戊寅","1","1","2"
"十三年十二月戊子","1","1","2"
"十二年五月五月甲","1","1","2"
"二年五月五月甲申","1","1","2"
"恭帝元熙元年七月","1","1","2"
"青龙二年二月己未","1","1","2"
"东海王越杀诸葛玫","1","1","2"
"海王越杀诸葛玫等","1","1","2"
"怀帝永嘉六年七月","1","1","2"
"成帝咸康三年十一","1","1","2"
"帝咸康三年十一月","1","1","2"
"咸康三年十一月乙","1","1","2"
"康三年十一月乙丑","1","1","2"
"太元十一年十二月","1","1","2"
"元十一年十二月己","1","1","2"
"十一年十二月己丑","1","1","2"
"安帝隆安元年二月","1","1","2"
"二亿三万一千三百","2","0","2"
"亿三万一千三百里","2","0","2"
"长乐魏斥丘安阳荡","1","1","2"
"乐魏斥丘安阳荡阴","1","1","2"
"魏斥丘安阳荡阴内","1","1","2"
"斥丘安阳荡阴内黄","1","1","2"
"丘安阳荡阴内黄黄","1","1","2"
"安阳荡阴内黄黄池","1","1","2"
"乌氏都卢鹑觚阴密","1","1","2"
"氏都卢鹑觚阴密殷","1","1","2"
"日勒删丹仙提万岁","1","1","2"
"勒删丹仙提万岁兰","1","1","2"
"删丹仙提万岁兰池","1","1","2"
"丹仙提万岁兰池一","1","1","2"
"玉门大护军三郡三","1","1","2"
"门大护军三郡三营","1","1","2"
"硃虚营陵尚父吕望","1","1","2"
"安昌棘阳厥西平氏","1","1","2"
"昌棘阳厥西平氏桐","1","1","2"
"棘阳厥西平氏桐柏","1","1","2"
"阳厥西平氏桐柏山","1","1","2"
"巫北井秦昌信陵兴","1","1","2"
"北井秦昌信陵兴山","1","1","2"
"井秦昌信陵兴山建","1","1","2"
"秦昌信陵兴山建始","1","1","2"
"昌信陵兴山建始秭","1","1","2"
"信陵兴山建始秭归","1","1","2"
"三万二千七百六十","1","1","2"
"万二千七百六十八","1","1","2"
"赵刘曜光初四年铸","1","1","2"
"刘曜光初四年铸浑","1","1","2"
"曜光初四年铸浑仪","1","1","2"
"一万四千五百七十","1","1","2"
"十二万七千七百一","1","1","2"
"二万七千七百一十","1","1","2"
"万七千七百一十八","1","1","2"
"九十七万四千六百","1","1","2"
"十七万四千六百九","1","1","2"
"七万四千六百九十","1","1","2"
"万五千六百二十七","1","1","2"
"六万四千七百三十","1","1","2"
"万四千七百三十三","1","1","2"
"二百万六千七百二","1","1","2"
"百万六千七百二十","1","1","2"
"万六千七百二十三","1","1","2"
"一百九十九万一千","1","1","2"
"百九十九万一千七","1","1","2"
"九十九万一千七百","1","1","2"
"五万三千八百四十","1","1","2"
"万三千八百四十三","1","1","2"
"七万八千五百八十","1","1","2"
"万八千五百八十一","1","1","2"
"十五万二千二百九","1","1","2"
"五万二千二百九十","1","1","2"
"万二千二百九十三","1","1","2"
"十七万一千四百一","1","1","2"
"七万一千四百一十","1","1","2"
"万一千四百一十八","1","1","2"
"五百三十一万三千","1","1","2"
"百三十一万三千九","1","1","2"
"三十一万三千九百","1","1","2"
"十一万三千九百五","1","1","2"
"一万三千九百五十","1","1","2"
"万三千九百五十八","1","1","2"
"一百三十万八千一","1","1","2"
"百三十万八千一百","1","1","2"
"三十万八千一百九","1","1","2"
"十万八千一百九十","1","1","2"
"二十一万一千三百","1","1","2"
"十一万一千三百三","1","1","2"
"一万一千三百三十","1","1","2"
"万一千三百三十一","1","1","2"
"二十一万九千六百","1","1","2"
"十一万九千六百五","1","1","2"
"一万九千六百五十","1","1","2"
"万九千六百五十九","1","1","2"
"六百八十万九千四","1","1","2"
"百八十万九千四百","1","1","2"
"八十万九千四百二","1","1","2"
"十万九千四百二十","1","1","2"
"万九千四百二十九","1","1","2"
"一百六十七万六千","1","1","2"
"百六十七万六千三","1","1","2"
"六十七万六千三百","1","1","2"
"十七万六千三百四","1","1","2"
"七万六千三百四十","1","1","2"
"万六千三百四十五","1","1","2"
"十三度二百五十万","1","1","2"
"三度二百五十万九","1","1","2"
"四百一十四度四十","1","1","2"
"百一十四度四十七","1","1","2"
"一十四度四十七万","1","1","2"
"十四度四十七万八","1","1","2"
"四度四十七万八千","1","1","2"
"度四十七万八千九","1","1","2"
"七十二万二千七百","1","1","2"
"四十一万二千九百","1","1","2"
"十一万二千九百一","1","1","2"
"一万二千九百一十","1","1","2"
"万二千九百一十九","1","1","2"
"十万三千六百一十","1","1","2"
"二万一千八百三十","1","1","2"
"万一千八百三十一","1","1","2"
"二百一十一万七千","1","1","2"
"百一十一万七千六","1","1","2"
"一十一万七千六百","1","1","2"
"一万一千一百二十","1","1","2"
"万一千一百二十二","1","1","2"
"五十二万二千七百","1","1","2"
"四万五千三百七十","1","1","2"
"万五千三百七十二","1","1","2"
"一百四十一万二千","1","1","2"
"百四十一万二千一","1","1","2"
"四十一万二千一百","1","1","2"
"十一万二千一百五","1","1","2"
"一万二千一百五十","1","1","2"
"七万二千三百七十","1","1","2"
"万二千三百七十一","1","1","2"
"一万九千九百八十","1","1","2"
"万九千九百八十七","1","1","2"
"五万八千一百五十","1","1","2"
"万八千一百五十三","1","1","2"
"四万五千三百一十","1","1","2"
"万五千三百一十五","1","1","2"
"四百三十九万五千","1","1","2"
"百三十九万五千五","1","1","2"
"三十九万五千五百","1","1","2"
"十九万五千五百五","1","1","2"
"九万五千五百五十","1","1","2"
"万五千五百五十五","1","1","2"
"八万五千一百七十","1","1","2"
"万五千一百七十五","1","1","2"
"一万一千七百八十","1","1","2"
"万一千七百八十九","1","1","2"
"二十二万三千九百","1","1","2"
"十二万三千九百九","1","1","2"
"二万三千九百九十","1","1","2"
"万三千九百九十一","1","1","2"
"二十一万五千四百","1","1","2"
"十一万五千四百五","1","1","2"
"一万五千四百五十","1","1","2"
"万五千四百五十九","1","1","2"
"五百三十六万三千","1","1","2"
"百三十六万三千九","1","1","2"
"三十六万三千九百","1","1","2"
"十六万三千九百九","1","1","2"
"六万三千九百九十","1","1","2"
"万三千九百九十五","1","1","2"
"五千六百六十四分","1","1","2"
"二千八百六十九分","1","1","2"
"万五千二百三十分","1","1","2"
"四百一十五度二百","1","1","2"
"百一十五度二百四","1","1","2"
"一十五度二百四十","1","1","2"
"十五度二百四十九","1","1","2"
"五度二百四十九万","1","1","2"
"度二百四十九万八","1","1","2"
"二百四十九万八千","1","1","2"
"百四十九万八千六","1","1","2"
"四十九万八千六百","1","1","2"
"十九万八千六百九","1","1","2"
"九万八千六百九十","1","1","2"
"万八千六百九十分","1","1","2"
"五千三百六十四分","1","1","2"
"十二度五百九十六","1","1","2"
"二度五百九十六万","1","1","2"
"度五百九十六万二","1","1","2"
"二千二百五十六分","1","1","2"
"七万六千二百六十","1","1","2"
"万六千二百六十九","1","1","2"
"三万八千一百三十","1","1","2"
"万八千一百三十四","1","1","2"
"一万一千九百八十","1","1","2"
"万一千九百八十六","1","1","2"
"武帝泰始三年十一","1","1","2"
"帝泰始三年十一月","1","1","2"
"汉献帝建安十八年","1","1","2"
"献帝建安十八年五","1","1","2"
"帝建安十八年五月","1","1","2"
"泰始元年十二月丙","1","1","2"
"始元年十二月丙寅","1","1","2"
"太乐令跪奏请进乐","1","1","2"
"魏文帝黄初六年正","1","1","2"
"文帝黄初六年正月","1","1","2"
"元帝太兴三年二月","1","1","2"
"帝太兴三年二月辛","1","1","2"
"太兴三年二月辛未","1","1","2"
"孙休永安五年二月","1","1","2"
"吴孙亮五凤元年夏","1","1","2"
"孙休永安四年五月","1","1","2"
"孝怀帝永嘉四年四","1","1","2"
"怀帝永嘉四年四月","1","1","2"
"元帝太兴三年六月","1","1","2"
"明帝太宁元年五月","1","1","2"
"孝武帝太元三年六","1","1","2"
"武帝太元三年六月","1","1","2"
"二十一年五月癸卯","1","1","2"
"安帝隆安三年五月","1","1","2"
"吴孙亮太平二年二","1","1","2"
"孙亮太平二年二月","1","1","2"
"亮太平二年二月甲","1","1","2"
"太平二年二月甲寅","1","1","2"
"简文帝咸安二年十","1","1","2"
"文帝咸安二年十月","1","1","2"
"吴郡嘉兴张林家狗","1","1","2"
"吴孙亮五凤二年五","1","1","2"
"孙亮五凤二年五月","1","1","2"
"阳羡县离里山大石","1","1","2"
"高阳北新城等四县","1","1","2"
"孝怀帝永嘉元年十","1","1","2"
"怀帝永嘉元年十二","1","1","2"
"帝永嘉元年十二月","1","1","2"
"永嘉元年十二月冬","1","1","2"
"明帝太宁元年十二","1","1","2"
"帝太宁元年十二月","1","1","2"
"永兴二年十月丁丑","1","1","2"
"九月二日壬午立冬","1","1","2"
"安帝隆安二年九月","1","1","2"
"帝隆安二年九月壬","1","1","2"
"隆安二年九月壬辰","1","1","2"
"武帝泰始十年六月","1","1","2"
"孝武帝太元十五年","1","1","2"
"武帝太元十五年八","1","1","2"
"帝太元十五年八月","1","1","2"
"元帝永昌元年十月","1","1","2"
"穆帝升平三年二月","1","1","2"
"建兴元年十二月丙","1","1","2"
"兴元年十二月丙申","1","1","2"
"惠帝元康四年六月","1","1","2"
"永兴元年正月乙丑","1","1","2"
"十二年正月壬子夜","1","1","2"
"安帝元兴二年二月","1","1","2"
"帝元兴二年二月甲","1","1","2"
"元兴二年二月甲辰","1","1","2"
"兴二年二月甲辰夜","1","1","2"
"武帝咸宁元年七月","1","1","2"
"惠帝元康四年十二","1","1","2"
"帝元康四年十二月","1","1","2"
"孙权嘉禾六年五月","1","1","2"
"太康二年二月庚申","1","1","2"
"武帝泰始三年三月","1","1","2"
"帝泰始三年三月戊","1","1","2"
"泰始三年三月戊午","1","1","2"
"太康五年五月丙午","1","1","2"
"怀帝永嘉元年三月","1","1","2"
"元帝太兴元年二月","1","1","2"
"柴桑庐山西北崖崩","1","1","2"
"愍帝建兴二年九月","1","1","2"
"追赠继祖母夏侯氏","1","1","2"
"封夫人夏侯氏万岁","1","1","2"
"夫人夏侯氏万岁乡","1","1","2"
"人夏侯氏万岁乡君","1","1","2"
"文明王皇后生武帝","1","1","2"
"所著诗赋论难数十","1","1","2"
"著诗赋论难数十篇","1","1","2"
"督石头水陆诸军事","1","1","2"
"虏奚轲男女十万口","1","1","2"
"追尊会稽王太妃郑","1","1","2"
"尊会稽王太妃郑氏","1","1","2"
"吴国内史袁山松战","1","1","2"
"国内史袁山松战死","1","1","2"
"沮渠蒙逊杀死段业","1","1","2"
"令武陵王司马遵依","1","1","2"
"武陵王司马遵依照","1","1","2"
"陵王司马遵依照旧","1","1","2"
"王司马遵依照旧典","1","1","2"
"建威将军刘怀肃讨","1","1","2"
"威将军刘怀肃讨伐","1","1","2"
"将军刘怀肃讨伐桓","1","1","2"
"军刘怀肃讨伐桓振","1","1","2"
"益州刺史司马荣期","1","1","2"
"杀东阳太守殷仲文","1","1","2"
"赫连勃勃大败秃发","1","1","2"
"冀二州刺史刘敬宣","1","1","2"
"参军司马道赐杀害","1","1","2"
"雍州刺史朱龄石焚","1","1","2"
"州刺史朱龄石焚烧","1","1","2"
"刺史朱龄石焚烧长","1","1","2"
"史朱龄石焚烧长安","1","1","2"
"永初二年九月丁丑","1","1","2"
"十一万六千七百九","1","1","2"
"一万六千七百九十","1","1","2"
"万六千七百九十六","1","1","2"
"重泉频阳秦厉公置","1","1","2"
"乌程临安余杭武康","1","1","2"
"万九千六百八十二","1","1","2"
"九千六百八十二分","1","1","2"
"晷度十四日甲辰伏","1","1","2"
"一万一千五百六十","1","1","2"
"万一千五百六十一","1","1","2"
"襄公二十七年冬十","1","1","2"
"公二十七年冬十一","1","1","2"
"二十七年冬十一月","1","1","2"
"十七年冬十一月乙","1","1","2"
"七年冬十一月乙亥","1","1","2"
"年冬十一月乙亥朔","1","1","2"
"八个郡国发生地震","0","2","2"
"它的位置确定国家","0","2","2"
"的位置确定国家的","0","2","2"
"位置确定国家的兴","0","2","2"
"置确定国家的兴衰","0","2","2"
"水星加一次会合后","0","2","2"
"星加一次会合后由","0","2","2"
"加一次会合后由早","0","2","2"
"一次会合后由早晨","0","2","2"
"能够符合上天的意","0","2","2"
"够符合上天的意旨","0","2","2"
"的就是这种情况吗","0","2","2"
"刑的人就染黑他的","0","2","2"
"不同的时候采取适","0","2","2"
"同的时候采取适当","0","2","2"
"的时候采取适当的","0","2","2"
"时候采取适当的办","0","2","2"
"候采取适当的办法","0","2","2"
"怎能用退让来压抑","0","2","2"
"天子身穿素服亲临","0","2","2"
"子身穿素服亲临吊","0","2","2"
"不能亲自治理纷繁","0","2","2"
"能亲自治理纷繁的","0","2","2"
"亲自治理纷繁的政","0","2","2"
"自治理纷繁的政务","0","2","2"
"泰山太守胡烈出奇","0","2","2"
"山太守胡烈出奇兵","0","2","2"
"骑督成悴的弟弟太","0","2","2"
"督成悴的弟弟太子","0","2","2"
"成悴的弟弟太子舍","0","2","2"
"悴的弟弟太子舍人","0","2","2"
"的弟弟太子舍人成","0","2","2"
"弟弟太子舍人成济","0","2","2"
"太妃王氏为皇太后","0","2","2"
"有彗星出现于轸星","0","2","2"
"派遣太尉义阳王司","0","2","2"
"遣太尉义阳王司马","0","2","2"
"太尉义阳王司马望","0","2","2"
"很多囚徒被宽赦遣","0","2","2"
"多囚徒被宽赦遣返","0","2","2"
"有彗星出现于紫宫","0","2","2"
"彗星出现于紫宫星","0","2","2"
"星出现于紫宫星座","0","2","2"
"以汝阴王司马骏为","0","2","2"
"年春正月二十六日","0","2","2"
"赐王公以下帛不等","0","2","2"
"子司马祗为东海王","0","2","2"
"公卿以下赐帛不等","0","2","2"
"宣武观举行大规模","0","2","2"
"武观举行大规模阅","0","2","2"
"观举行大规模阅兵","0","2","2"
"冠军将军杨济为副","0","2","2"
"王浚为辅国大将军","0","2","2"
"汝南王司马亮为太","0","2","2"
"派遣儿子到京都侍","0","2","2"
"遣儿子到京都侍奉","0","2","2"
"在宣武观举行大阅","0","2","2"
"宣武观举行大阅兵","0","2","2"
"赐给王公以下帛不","0","2","2"
"给王公以下帛不等","0","2","2"
"以汝南王司马亮为","0","2","2"
"熙元年春正月初一","0","2","2"
"下邳王司马晃为尚","0","2","2"
"邳王司马晃为尚书","0","2","2"
"以赵王司马伦为征","0","2","2"
"梁王司马肜为征西","0","2","2"
"王司马肜为征西大","0","2","2"
"司马肜为征西大将","0","2","2"
"马肜为征西大将军","0","2","2"
"成都王司马颖为镇","0","2","2"
"赵王司马伦假借皇","0","2","2"
"王司马伦假借皇帝","0","2","2"
"以梁王司马肜为太","0","2","2"
"梁王司马肜为太宰","0","2","2"
"立皇孙司马臧为皇","0","2","2"
"皇孙司马臧为皇太","0","2","2"
"孙司马臧为皇太孙","0","2","2"
"河间王司马颙派遣","0","2","2"
"成都王司马颖举兵","0","2","2"
"以成都王司马颖为","0","2","2"
"立成都王司马颖为","0","2","2"
"成都王司马颖为皇","0","2","2"
"都王司马颖为皇太","0","2","2"
"王司马颖为皇太弟","0","2","2"
"盗贼偷去太庙中的","0","2","2"
"羊氏恢复皇后地位","0","2","2"
"平昌公司马模派遣","0","2","2"
"昌公司马模派遣将","0","2","2"
"公司马模派遣将军","0","2","2"
"将军范阳王司马九","0","2","2"
"军范阳王司马九虎","0","2","2"
"清河王司马覃入宫","0","2","2"
"束海王司马越辅佐","0","2","2"
"海王司马越辅佐朝","0","2","2"
"王司马越辅佐朝政","0","2","2"
"平北将军曹武讨伐","0","2","2"
"北将军曹武讨伐刘","0","2","2"
"将军曹武讨伐刘聪","0","2","2"
"敬迎回先帝的灵柩","0","2","2"
"纵火焚烧城中住宅","0","2","2"
"领军将军曲允讨伐","0","2","2"
"必然会为这样的情","0","2","2"
"然会为这样的情况","0","2","2"
"会为这样的情况而","0","2","2"
"琅王牙恭王司马觐","0","2","2"
"为他们举行哀悼仪","0","2","2"
"他们举行哀悼仪式","0","2","2"
"皇子司马晞为武陵","0","2","2"
"子司马晞为武陵王","0","2","2"
"南阳王司马保在祁","0","2","2"
"阳王司马保在祁山","0","2","2"
"王司马保在祁山称","0","2","2"
"司马保在祁山称晋","0","2","2"
"马保在祁山称晋王","0","2","2"
"加封司徒王导为大","0","2","2"
"封司徒王导为大司","0","2","2"
"司徒王导为大司马","0","2","2"
"勒的将领石季龙在","0","2","2"
"王司马的儿子司马","0","2","2"
"李雄的将领李寿侵","0","2","2"
"雄的将领李寿侵犯","0","2","2"
"石弘的将领石季龙","0","2","2"
"琅王牙王司马岳为","0","2","2"
"文武百官增位一等","0","2","2"
"不能养活自己的人","0","2","2"
"彗星出现在太微星","0","2","2"
"张重华的将领谢艾","0","2","2"
"的军队被打得大败","0","2","2"
"桓温率领军队北伐","0","2","2"
"王公以下每十三户","0","2","2"
"大司马桓温率领军","0","2","2"
"司马桓温率领军队","0","2","2"
"容暐的将领慕容评","0","2","2"
"百官进入太极前殿","0","2","2"
"天子谒拜建平等四","0","2","2"
"五年以下徒刑的人","0","2","2"
"派使者前来进贡地","0","2","2"
"使者前来进贡地方","0","2","2"
"者前来进贡地方物","0","2","2"
"前来进贡地方物产","0","2","2"
"龙骧将军刘牢之与","0","2","2"
"为都督中外诸军事","0","2","2"
"王牙王司马德文为","0","2","2"
"南蛮校尉杨亻全期","0","2","2"
"荆州刺史司马休之","0","2","2"
"朝廷听从了他的意","0","2","2"
"廷听从了他的意见","0","2","2"
"太阳运行到地中时","0","2","2"
"阳运行到地中时就","0","2","2"
"一周是三百六十五","0","2","2"
"王生用火炬来比喻","0","2","2"
"运行一百四十六度","0","2","2"
"运行二百一十九度","0","2","2"
"行二百一十九度稍","0","2","2"
"在地上运行的度数","0","2","2"
"地上运行的度数逐","0","2","2"
"上运行的度数逐渐","0","2","2"
"运行的度数逐渐减","0","2","2"
"行的度数逐渐减少","0","2","2"
"出于寅时入于戌时","0","2","2"
"白昼时在地上运行","0","2","2"
"出于卯时入于酉时","0","2","2"
"正是天体直径的一","0","2","2"
"是天体直径的一半","0","2","2"
"面的四颗星叫内平","0","2","2"
"就会发生大规模的","0","2","2"
"会发生大规模的战","0","2","2"
"是日月星三光之道","0","2","2"
"南面的三颗星叫天","0","2","2"
"所以不希望它明亮","0","2","2"
"六度为十二次中的","0","2","2"
"宿十一度为十二次","0","2","2"
"十一度为十二次中","0","2","2"
"一度为十二次中的","0","2","2"
"北方有三颗大星出","0","2","2"
"飞星若体大如缶像","0","2","2"
"星若体大如缶像瓮","0","2","2"
"若体大如缶像瓮一","0","2","2"
"体大如缶像瓮一样","0","2","2"
"虹贯穿抱气直达日","0","2","2"
"贯穿抱气直达日旁","0","2","2"
"年正月乙未日初一","0","2","2"
"年正月丙子日初一","0","2","2"
"二年十一月辛巳日","0","2","2"
"将有大规模战争发","0","2","2"
"有大规模战争发生","0","2","2"
"星在东井附近会合","0","2","2"
"穆帝永和四年五月","0","2","2"
"太白星掩蔽了荧惑","0","2","2"
"白星掩蔽了荧惑星","0","2","2"
"天子食其三分之一","0","2","2"
"子食其三分之一租","0","2","2"
"食其三分之一租税","0","2","2"
"天子食其四分之一","0","2","2"
"子食其四分之一租","0","2","2"
"食其四分之一租税","0","2","2"
"年轮种的土地每家","0","2","2"
"汉武帝设置十三州","0","2","2"
"为成都王司马颖的","0","2","2"
"奚景在泠道舜祠地","0","2","2"
"景在泠道舜祠地下","0","2","2"
"像宾主一样互相敬","0","2","2"
"宾主一样互相敬酒","0","2","2"
"皆能恢复对应其礼","0","2","2"
"能恢复对应其礼的","0","2","2"
"恢复对应其礼的常","0","2","2"
"复对应其礼的常态","0","2","2"
"主持奏乐的人就说","0","2","2"
"持奏乐的人就说请","0","2","2"
"奏乐的人就说请奏","0","2","2"
"满姑洗律长处开孔","0","2","2"
"本是正声调黄钟为","0","2","2"
"是正声调黄钟为宫","0","2","2"
"正声调黄钟为宫音","0","2","2"
"声调黄钟为宫音阶","0","2","2"
"调黄钟为宫音阶的","0","2","2"
"季第二月的气来了","0","2","2"
"八又二百四十三分","0","2","2"
"二百四十三分之一","0","2","2"
"百四十三分之一百","0","2","2"
"四十三分之一百零","0","2","2"
"十三分之一百零四","0","2","2"
"三分之一百零四寸","0","2","2"
"又二千一百八十七","0","2","2"
"十七分之一千零七","0","2","2"
"七分之一千零七十","0","2","2"
"分之一千零七十五","0","2","2"
"之一千零七十五寸","0","2","2"
"六又一万九千六百","0","2","2"
"六百八十三分之一","0","2","2"
"百八十三分之一万","0","2","2"
"八十三分之一万二","0","2","2"
"十三分之一万二千","0","2","2"
"三分之一万二千九","0","2","2"
"分之一万二千九百","0","2","2"
"之一万二千九百七","0","2","2"
"一万二千九百七十","0","2","2"
"二千九百七十四寸","0","2","2"
"又八十一分之二十","0","2","2"
"季第二个月的气来","0","2","2"
"第二个月的气来了","0","2","2"
"千五百六十一分之","0","2","2"
"一百四十五为斗分","0","2","2"
"四千八百八十三为","0","2","2"
"千八百八十三为纪","0","2","2"
"八百八十三为纪法","0","2","2"
"一千二百零五为斗","0","2","2"
"千二百零五为斗分","0","2","2"
"推算结果落后于实","0","2","2"
"算结果落后于实际","0","2","2"
"结果落后于实际天","0","2","2"
"果落后于实际天象","0","2","2"
"加上消息改正后在","0","2","2"
"上消息改正后在未","0","2","2"
"消息改正后在未时","0","2","2"
"五月十七日庚辰出","0","2","2"
"月十七日庚辰出现","0","2","2"
"实际天象在同一天","0","2","2"
"余数即为所求年入","0","2","2"
"用所求年入纪年数","0","2","2"
"即为所求年天正十","0","2","2"
"纪法五百八十九乘","0","2","2"
"法五百八十九乘以","0","2","2"
"乘积在周天二十一","0","2","2"
"积在周天二十一万","0","2","2"
"在周天二十一万五","0","2","2"
"万五千一百三十以","0","2","2"
"五千一百三十以上","0","2","2"
"千一百三十以上减","0","2","2"
"一百三十以上减之","0","2","2"
"余下不足周天部分","0","2","2"
"下不足周天部分除","0","2","2"
"不足周天部分除以","0","2","2"
"足周天部分除以纪","0","2","2"
"天部分除以纪法五","0","2","2"
"部分除以纪法五百","0","2","2"
"分除以纪法五百八","0","2","2"
"在纪法五百八十九","0","2","2"
"纪法五百八十九以","0","2","2"
"法五百八十九以上","0","2","2"
"月合朔的基础上日","0","2","2"
"合朔的基础上日度","0","2","2"
"朔的基础上日度加","0","2","2"
"小分及度之间的换","0","2","2"
"分及度之间的换算","0","2","2"
"宿度的确定方法如","0","2","2"
"度的确定方法如前","0","2","2"
"除以会岁八百九十","0","2","2"
"以会岁八百九十三","0","2","2"
"以会率一千八百八","0","2","2"
"会率一千八百八十","0","2","2"
"率一千八百八十二","0","2","2"
"以会月一万一千零","0","2","2"
"会月一万一千零四","0","2","2"
"月一万一千零四十","0","2","2"
"小余大于等于二千","0","2","2"
"除以月周七千八百","0","2","2"
"半一百二十七乘以","0","2","2"
"以通法四万三千零","0","2","2"
"通法四万三千零二","0","2","2"
"法四万三千零二十","0","2","2"
"历周十六万四千四","0","2","2"
"周十六万四千四百","0","2","2"
"十六万四千四百六","0","2","2"
"六万四千四百六十","0","2","2"
"万四千四百六十六","0","2","2"
"入历的基础上加一","0","2","2"
"周虚二千六百六十","0","2","2"
"虚二千六百六十六","0","2","2"
"以周半一百二十七","0","2","2"
"如果日余在周日分","0","2","2"
"果日余在周日分以","0","2","2"
"靠近的节气的夜漏","0","2","2"
"万五千一百三十乘","0","2","2"
"五千一百三十乘以","0","2","2"
"通数三十一乘以合","0","2","2"
"五百八十九分之二","0","2","2"
"百八十九分之二十","0","2","2"
"八十九分之二十一","0","2","2"
"十九分之二十一万","0","2","2"
"九分之二十一万五","0","2","2"
"分之二十一万五千","0","2","2"
"之二十一万五千一","0","2","2"
"法一千四百五十七","0","2","2"
"以通法乘以行星各","0","2","2"
"通法乘以行星各自","0","2","2"
"法乘以行星各自的","0","2","2"
"以行星各自的月余","0","2","2"
"以周天二十一万五","0","2","2"
"以章闰乘以入纪月","0","2","2"
"星会合时所在月份","0","2","2"
"加上上次会合时的","0","2","2"
"上上次会合时的月","0","2","2"
"加上次会合时入月","0","2","2"
"上次会合时入月日","0","2","2"
"如果上次会合朔小","0","2","2"
"果上次会合朔小余","0","2","2"
"为本次会合时入月","0","2","2"
"加上次会合时度数","0","2","2"
"所得即为本次会合","0","2","2"
"得即为本次会合时","0","2","2"
"天三百四十八万四","0","2","2"
"天九十七万三千零","0","2","2"
"万三千零一十三分","0","2","2"
"除去逆行所退六度","0","2","2"
"天十一万三千九百","0","2","2"
"度十一万三千九百","0","2","2"
"天六百零一万二千","0","2","2"
"十五度六百零一万","0","2","2"
"五度六百零一万二","0","2","2"
"度六百零一万二千","0","2","2"
"加入到此行星会合","0","2","2"
"入到此行星会合时","0","2","2"
"到此行星会合时的","0","2","2"
"此行星会合时的时","0","2","2"
"行星会合时的时间","0","2","2"
"命名的方法与前面","0","2","2"
"名的方法与前面一","0","2","2"
"即可得到此行星出","0","2","2"
"可得到此行星出现","0","2","2"
"得到此行星出现的","0","2","2"
"到此行星出现的时","0","2","2"
"此行星出现的时间","0","2","2"
"行星出现的时间和","0","2","2"
"星出现的时间和所","0","2","2"
"出现的时间和所在","0","2","2"
"以行星每天运行分","0","2","2"
"行星每天运行分数","0","2","2"
"星每天运行分数的","0","2","2"
"每天运行分数的分","0","2","2"
"天运行分数的分母","0","2","2"
"运行分数的分母乘","0","2","2"
"行分数的分母乘以","0","2","2"
"分数的分母乘以该","0","2","2"
"数的分母乘以该星","0","2","2"
"的分母乘以该星首","0","2","2"
"分母乘以该星首次","0","2","2"
"母乘以该星首次出","0","2","2"
"乘以该星首次出现","0","2","2"
"以该星首次出现时","0","2","2"
"该星首次出现时的","0","2","2"
"星首次出现时的度","0","2","2"
"首次出现时的度数","0","2","2"
"度余除以日度法得","0","2","2"
"余除以日度法得一","0","2","2"
"度法的一半以上也","0","2","2"
"法的一半以上也得","0","2","2"
"的一半以上也得一","0","2","2"
"每天加上所运行的","0","2","2"
"天加上所运行的分","0","2","2"
"加上所运行的分数","0","2","2"
"其对应之分母得一","0","2","2"
"对应之分母得一度","0","2","2"
"逆行和顺行时所用","0","2","2"
"行和顺行时所用分","0","2","2"
"和顺行时所用分母","0","2","2"
"顺行时所用分母不","0","2","2"
"行时所用分母不同","0","2","2"
"以现行的对应分母","0","2","2"
"现行的对应分母乘","0","2","2"
"行的对应分母乘以","0","2","2"
"的对应分母乘以前","0","2","2"
"对应分母乘以前面","0","2","2"
"应分母乘以前面的","0","2","2"
"分母乘以前面的运","0","2","2"
"母乘以前面的运行","0","2","2"
"乘以前面的运行分","0","2","2"
"除以前面运行分对","0","2","2"
"以前面运行分对应","0","2","2"
"前面运行分对应的","0","2","2"
"面运行分对应的分","0","2","2"
"运行分对应的分母","0","2","2"
"所得为对应于现行","0","2","2"
"得为对应于现行分","0","2","2"
"为对应于现行分母","0","2","2"
"对应于现行分母的","0","2","2"
"应于现行分母的运","0","2","2"
"于现行分母的运行","0","2","2"
"现行分母的运行分","0","2","2"
"度沿用前面的不变","0","2","2"
"伏时不写出每天运","0","2","2"
"时不写出每天运行","0","2","2"
"不写出每天运行的","0","2","2"
"写出每天运行的度","0","2","2"
"出每天运行的度数","0","2","2"
"以现行分母作为比","0","2","2"
"现行分母作为比率","0","2","2"
"共运行二度三百二","0","2","2"
"运行二度三百二十","0","2","2"
"行二度三百二十三","0","2","2"
"十三万四千六百零","0","2","2"
"三万四千六百零七","0","2","2"
"万四千六百零七分","0","2","2"
"运行五十八分之十","0","2","2"
"行五十八分之十一","0","2","2"
"五十八分之十一度","0","2","2"
"五十八天共运行十","0","2","2"
"十八天共运行十一","0","2","2"
"八天共运行十一度","0","2","2"
"五十八天共运行九","0","2","2"
"十八天共运行九度","0","2","2"
"每天运行七分之一","0","2","2"
"天运行七分之一度","0","2","2"
"八十四天共退行十","0","2","2"
"十四天共退行十二","0","2","2"
"四天共退行十二度","0","2","2"
"七十一天一百四十","0","2","2"
"十一天一百四十八","0","2","2"
"一天一百四十八万","0","2","2"
"天一百四十八万九","0","2","2"
"一百四十八万九千","0","2","2"
"运行五十五度一百","0","2","2"
"行五十五度一百二","0","2","2"
"五十五度一百二十","0","2","2"
"十五度一百二十四","0","2","2"
"五度一百二十四万","0","2","2"
"度一百二十四万二","0","2","2"
"一百二十四万二千","0","2","2"
"万二千八百六十点","0","2","2"
"二千八百六十点五","0","2","2"
"千八百六十点五分","0","2","2"
"行二十三分之十二","0","2","2"
"二十三分之十二度","0","2","2"
"每天运行六十二分","0","2","2"
"天运行六十二分之","0","2","2"
"运行六十二分之十","0","2","2"
"行六十二分之十七","0","2","2"
"六十二天退行十七","0","2","2"
"十二天退行十七度","0","2","2"
"十一天后转为顺行","0","2","2"
"十六天一百一十二","0","2","2"
"六天一百一十二万","0","2","2"
"天一百一十二万二","0","2","2"
"一百一十二万二千","0","2","2"
"二千四百二十六点","0","2","2"
"千四百二十六点五","0","2","2"
"四百二十六点五分","0","2","2"
"运行一度一百九十","0","2","2"
"五千八百六十四点","0","2","2"
"千八百六十四点五","0","2","2"
"八百六十四点五分","0","2","2"
"每天运行三十五分","0","2","2"
"天运行三十五分之","0","2","2"
"运行三十五分之三","0","2","2"
"行三十五分之三度","0","2","2"
"八十七点五天运行","0","2","2"
"十七点五天运行七","0","2","2"
"七点五天运行七点","0","2","2"
"点五天运行七点五","0","2","2"
"五天运行七点五度","0","2","2"
"每天运行十七分之","0","2","2"
"天运行十七分之一","0","2","2"
"运行十七分之一度","0","2","2"
"一百零二天退行六","0","2","2"
"百零二天退行六度","0","2","2"
"度一百七十三万三","0","2","2"
"每天运行四十六分","0","2","2"
"天运行四十六分之","0","2","2"
"运行四十六分之三","0","2","2"
"行四十六分之三十","0","2","2"
"四十六分之三十三","0","2","2"
"十六分之三十三度","0","2","2"
"四十六天运行三十","0","2","2"
"十六天运行三十三","0","2","2"
"六天运行三十三度","0","2","2"
"一又九十一分之十","0","2","2"
"一天运行一百零六","0","2","2"
"天运行一百零六度","0","2","2"
"九十一分之二十二","0","2","2"
"十一分之二十二度","0","2","2"
"天运行一百一十三","0","2","2"
"运行一百一十三度","0","2","2"
"九百五十四分运行","0","2","2"
"百五十四分运行五","0","2","2"
"五十四分运行五十","0","2","2"
"十四分运行五十度","0","2","2"
"四分运行五十度五","0","2","2"
"分运行五十度五万","0","2","2"
"总计二百九十二天","0","2","2"
"天五万六千九百五","0","2","2"
"转而晚上在西方出","0","2","2"
"而晚上在西方出现","0","2","2"
"总计二次会合一终","0","2","2"
"每天运行九分之八","0","2","2"
"天运行九分之八度","0","2","2"
"每天运行一又四分","0","2","2"
"天运行一又四分之","0","2","2"
"运行一又四分之一","0","2","2"
"行一又四分之一度","0","2","2"
"二十天运行二十五","0","2","2"
"十天运行二十五度","0","2","2"
"十六天六百四十一","0","2","2"
"六天六百四十一万","0","2","2"
"零九百六十七分运","0","2","2"
"九百六十七分运行","0","2","2"
"百六十七分运行三","0","2","2"
"六十七分运行三十","0","2","2"
"十七分运行三十二","0","2","2"
"七分运行三十二度","0","2","2"
"分运行三十二度六","0","2","2"
"运行三十二度六百","0","2","2"
"行三十二度六百四","0","2","2"
"运行一百一十五度","0","2","2"
"于是更改正月所在","0","2","2"
"改变历法的基本数","0","2","2"
"变历法的基本数据","0","2","2"
"个数据的计算方法","0","2","2"
"数据的计算方法是","0","2","2"
"用一纪的积月二万","0","2","2"
"一纪的积月二万二","0","2","2"
"纪的积月二万二千","0","2","2"
"的积月二万二千七","0","2","2"
"积月二万二千七百","0","2","2"
"乘以通数十三万四","0","2","2"
"去会通七十九万零","0","2","2"
"去通周十二万五千","0","2","2"
"通周十二万五千六","0","2","2"
"周十二万五千六百","0","2","2"
"以通敷十三万四千","0","2","2"
"通敷十三万四千六","0","2","2"
"敷十三万四千六百","0","2","2"
"积日连续减去六十","0","2","2"
"不满六十的部分为","0","2","2"
"命名的方法舆前面","0","2","2"
"名的方法舆前面一","0","2","2"
"的方法舆前面一样","0","2","2"
"望在中气或节气前","0","2","2"
"中气或节气前后四","0","2","2"
"气或节气前后四天","0","2","2"
"或节气前后四天以","0","2","2"
"节气前后四天以内","0","2","2"
"中气或节气前后五","0","2","2"
"气或节气前后五天","0","2","2"
"或节气前后五天以","0","2","2"
"节气前后五天以上","0","2","2"
"下不满六十部分从","0","2","2"
"不满六十部分从所","0","2","2"
"满六十部分从所在","0","2","2"
"六十部分从所在纪","0","2","2"
"十部分从所在纪干","0","2","2"
"起算命名的方法如","0","2","2"
"算命名的方法如前","0","2","2"
"一千八百四十三乘","0","2","2"
"千八百四十三乘以","0","2","2"
"满周天六十七万三","0","2","2"
"余下不满周天部分","0","2","2"
"下不满周天部分除","0","2","2"
"不满周天部分除以","0","2","2"
"满周天部分除以纪","0","2","2"
"天部分除以纪法一","0","2","2"
"部分除以纪法一千","0","2","2"
"分除以纪法一千八","0","2","2"
"以月周二万四千六","0","2","2"
"月周二万四千六百","0","2","2"
"周二万四千六百三","0","2","2"
"月朔夜半月亮所在","0","2","2"
"朔夜半月亮所在宿","0","2","2"
"半月亮所在宿度及","0","2","2"
"月亮所在宿度及分","0","2","2"
"月亮共合时的宿度","0","2","2"
"亮共合时的宿度分","0","2","2"
"小分满通法四十七","0","2","2"
"分满通法四十七化","0","2","2"
"满通法四十七化入","0","2","2"
"通法四十七化入大","0","2","2"
"法四十七化入大分","0","2","2"
"大分满纪法一千八","0","2","2"
"度分的基础上加度","0","2","2"
"以所入纪的朔积分","0","2","2"
"纪首时月亮在黄道","0","2","2"
"天正合朔时月亮也","0","2","2"
"正合朔时月亮也在","0","2","2"
"分除以日法四千五","0","2","2"
"四千五百五十九得","0","2","2"
"满曰法四千五百五","0","2","2"
"积分则以平朔小余","0","2","2"
"以周日日余二千五","0","2","2"
"在四千五百五十九","0","2","2"
"四千五百五十九的","0","2","2"
"千五百五十九的一","0","2","2"
"五百五十九的一半","0","2","2"
"百五十九的一半以","0","2","2"
"以周天六十七万三","0","2","2"
"为行星会合时入月","0","2","2"
"则会合在上次会合","0","2","2"
"会合在上次会合的","0","2","2"
"合在上次会合的后","0","2","2"
"于二千四百一十九","0","2","2"
"十六天九十九万七","0","2","2"
"六天九十九万七千","0","2","2"
"天九十九万七千八","0","2","2"
"共运行二度一百七","0","2","2"
"运行二度一百七十","0","2","2"
"行二度一百七十九","0","2","2"
"二度一百七十九万","0","2","2"
"度一百七十九万五","0","2","2"
"一百七十九万五千","0","2","2"
"五十七天共运行十","0","2","2"
"十七天共运行十一","0","2","2"
"七天共运行十一度","0","2","2"
"五十七天共运行九","0","2","2"
"十七天共运行九度","0","2","2"
"七十二天一百七十","0","2","2"
"十二天一百七十九","0","2","2"
"二天一百七十九万","0","2","2"
"天一百七十九万二","0","2","2"
"一百七十九万二千","0","2","2"
"运行五十六度一百","0","2","2"
"行五十六度一百二","0","2","2"
"五十六度一百二十","0","2","2"
"十六度一百二十四","0","2","2"
"六度一百二十四万","0","2","2"
"度一百二十四万九","0","2","2"
"一百二十四万九千","0","2","2"
"十九天三百八十四","0","2","2"
"九天三百八十四万","0","2","2"
"天三百八十四万七","0","2","2"
"七千六百七十五点","0","2","2"
"千六百七十五点五","0","2","2"
"六百七十五点五分","0","2","2"
"运行二度六百四十","0","2","2"
"行二度六百四十九","0","2","2"
"一千一百二十一点","0","2","2"
"千一百二十一点五","0","2","2"
"一百二十一点五分","0","2","2"
"八十六天运行六点","0","2","2"
"十六天运行六点五","0","2","2"
"六天运行六点五度","0","2","2"
"三十二点五天不动","0","2","2"
"每天运行四十五分","0","2","2"
"天运行四十五分之","0","2","2"
"运行四十五分之三","0","2","2"
"行四十五分之三十","0","2","2"
"四十五分之三十三","0","2","2"
"十五分之三十三度","0","2","2"
"四十五天运行三十","0","2","2"
"十五天运行三十三","0","2","2"
"五天运行三十三度","0","2","2"
"一天运行一百零五","0","2","2"
"天运行一百零五度","0","2","2"
"九十一分之二十一","0","2","2"
"十一分之二十一度","0","2","2"
"四十二天十九万四","0","2","2"
"四千九百九十分运","0","2","2"
"千九百九十分运行","0","2","2"
"九百九十分运行五","0","2","2"
"百九十分运行五十","0","2","2"
"九十分运行五十二","0","2","2"
"十分运行五十二度","0","2","2"
"分运行五十二度十","0","2","2"
"运行五十二度十九","0","2","2"
"行五十二度十九万","0","2","2"
"每天运行八分之七","0","2","2"
"天运行八分之七度","0","2","2"
"每天运行一又十八","0","2","2"
"天运行一又十八分","0","2","2"
"运行一又十八分之","0","2","2"
"行一又十八分之四","0","2","2"
"一又十八分之四度","0","2","2"
"十八天运行二十二","0","2","2"
"八天运行二十二度","0","2","2"
"十八天二千零三十","0","2","2"
"八天二千零三十四","0","2","2"
"千二百六十一分运","0","2","2"
"二百六十一分运行","0","2","2"
"百六十一分运行三","0","2","2"
"六十一分运行三十","0","2","2"
"十一分运行三十六","0","2","2"
"一分运行三十六度","0","2","2"
"分运行三十六度二","0","2","2"
"运行三十六度二千","0","2","2"
"行三十六度二千零","0","2","2"
"三十六度二千零三","0","2","2"
"十六度二千零三十","0","2","2"
"六度二千零三十四","0","2","2"
"一千八百九十六万","0","2","2"
"推算四百六十六日","0","2","2"
"算四百六十六日和","0","2","2"
"四百六十六日和一","0","2","2"
"百六十六日和一次","0","2","2"
"六十六日和一次日","0","2","2"
"十六日和一次日食","0","2","2"
"六日和一次日食符","0","2","2"
"日和十九次日食符","0","2","2"
"和十九次日食符合","0","2","2"
"秦朝焚书坑儒之后","0","2","2"
"在明堂宗祀文王来","0","2","2"
"明堂宗祀文王来配","0","2","2"
"堂宗祀文王来配享","0","2","2"
"宗祀文王来配享上","0","2","2"
"祀文王来配享上帝","0","2","2"
"事先取消朝会的礼","0","2","2"
"灾异自行消失而不","0","2","2"
"异自行消失而不发","0","2","2"
"自行消失而不发生","0","2","2"
"亲情已经尽到了就","0","2","2"
"正月初一朝会的礼","0","2","2"
"月初一朝会的礼仪","0","2","2"
"夜间时刻不到七刻","0","2","2"
"掌礼郎唱赞皇帝请","0","2","2"
"自从开天辟地以来","0","2","2"
"山向上天报告成功","0","2","2"
"皮毛马匹作为陈列","0","2","2"
"后的牌位进入宗庙","0","2","2"
"派使持节太常彪之","0","2","2"
"散骑侍郎何准的遣","0","2","2"
"骑侍郎何准的遣女","0","2","2"
"恭敬肃穆地遵守典","0","2","2"
"敬肃穆地遵守典章","0","2","2"
"肃穆地遵守典章制","0","2","2"
"穆地遵守典章制度","0","2","2"
"某人重新宣读宫内","0","2","2"
"人重新宣读宫内诏","0","2","2"
"重新宣读宫内诏书","0","2","2"
"皇太子是国家的储","0","2","2"
"太子是国家的储君","0","2","2"
"说的是这时万物都","0","2","2"
"神灵都很快乐啊!","0","2","2"
"灵都很快乐啊!恭","0","2","2"
"都很快乐啊!恭恭","0","2","2"
"很快乐啊!恭恭敬","0","2","2"
"快乐啊!恭恭敬敬","0","2","2"
"乐啊!恭恭敬敬的","0","2","2"
"啊!恭恭敬敬的在","0","2","2"
"!恭恭敬敬的在位","0","2","2"
"用左延年所改编的","0","2","2"
"皇帝设立明堂四门","0","2","2"
"帝听从了他的意见","0","2","2"
"都是朱斑漆的车轮","0","2","2"
"在牛背上竖起旗帜","0","2","2"
"出行时就派人用车","0","2","2"
"是取它能够负重走","0","2","2"
"取它能够负重走远","0","2","2"
"它能够负重走远道","0","2","2"
"能够负重走远道而","0","2","2"
"够负重走远道而且","0","2","2"
"负重走远道而且安","0","2","2"
"重走远道而且安稳","0","2","2"
"的先导和随从与廷","0","2","2"
"先导和随从与廷尉","0","2","2"
"导和随从与廷尉的","0","2","2"
"和随从与廷尉的一","0","2","2"
"随从与廷尉的一样","0","2","2"
"都是左右各有两行","0","2","2"
"是左右各有两行仪","0","2","2"
"管理前后队伍而没","0","2","2"
"理前后队伍而没有","0","2","2"
"前后队伍而没有固","0","2","2"
"后队伍而没有固定","0","2","2"
"中有功勋德行的才","0","2","2"
"有功勋德行的才被","0","2","2"
"功勋德行的才被特","0","2","2"
"勋德行的才被特别","0","2","2"
"德行的才被特别授","0","2","2"
"行的才被特别授予","0","2","2"
"上画着云纹及鹿头","0","2","2"
"画着云纹及鹿头龙","0","2","2"
"着云纹及鹿头龙纹","0","2","2"
"以油彩涂绘的安车","0","2","2"
"车乘冠服制度采纳","0","2","2"
"色装饰领子和袖子","0","2","2"
"装饰领子和袖子的","0","2","2"
"饰领子和袖子的边","0","2","2"
"领子和袖子的边缘","0","2","2"
"太子和王的继承人","0","2","2"
"用的金玺有龟形钮","0","2","2"
"用七朵金花遮蔽发","0","2","2"
"七朵金花遮蔽发髻","0","2","2"
"认真地告知人们时","0","2","2"
"真地告知人们时令","0","2","2"
"地告知人们时令的","0","2","2"
"告知人们时令的变","0","2","2"
"知人们时令的变迁","0","2","2"
"有见识的人指责说","0","2","2"
"人吃人的现象多有","0","2","2"
"吃人的现象多有发","0","2","2"
"人的现象多有发生","0","2","2"
"一边种地一边防守","0","2","2"
"谷子被使用已经很","0","2","2"
"子被使用已经很久","0","2","2"
"不衹是使国家丰足","0","2","2"
"孝武帝左五十四年","0","2","2"
"私下裹为陛下担忧","0","2","2"
"下裹为陛下担忧此","0","2","2"
"裹为陛下担忧此事","0","2","2"
"人们心怀忧虑恐惧","0","2","2"
"这是金失去其性而","0","2","2"
"宗庙荒废祭祀的惩","0","2","2"
"庙荒废祭祀的惩罚","0","2","2"
"这是阴气盛的缘故","0","2","2"
"汹涌的大水冲入石","0","2","2"
"涌的大水冲入石头","0","2","2"
"这是阴胜阳的应兆","0","2","2"
"这是百姓忧愁怨愤","0","2","2"
"是百姓忧愁怨愤的","0","2","2"
"百姓忧愁怨愤的应","0","2","2"
"姓忧愁怨愤的应兆","0","2","2"
"这是忧愁怨愤的应","0","2","2"
"是忧愁怨愤的应兆","0","2","2"
"是持续降雨的惩罚","0","2","2"
"是持续寒冷的惩罚","0","2","2"
"武帝太元十三年四","0","2","2"
"帝太元十三年四月","0","2","2"
"其惩罚是久晴不雨","0","2","2"
"有黑色灾异黑色征","0","2","2"
"黑色灾异黑色征祥","0","2","2"
"这是对听而不闻的","0","2","2"
"是对听而不闻的惩","0","2","2"
"对听而不闻的惩罚","0","2","2"
"十五年三月初一己","0","2","2"
"五年三月初一己酉","0","2","2"
"有像打雷一样的声","0","2","2"
"像打雷一样的声音","0","2","2"
"所以有这样的妖孽","0","2","2"
"其灾祸是天气昏暗","0","2","2"
"其惩罚是持续有风","0","2","2"
"有黄色灾异黄色征","0","2","2"
"黄色灾异黄色征祥","0","2","2"
"时或有金木水火克","0","2","2"
"或有金木水火克土","0","2","2"
"掀翻房屋折毁树木","0","2","2"
"吹倒房屋折断树木","0","2","2"
"叫做不能建立事功","0","2","2"
"龙出现在软县的水","0","2","2"
"出现在软县的水井","0","2","2"
"现在软县的水井中","0","2","2"
"挖开坟墓打开棺材","0","2","2"
"有男女两种生殖器","0","2","2"
"不是人所遇到过的","0","2","2"
"用流放的办法宽恕","0","2","2"
"流放的办法宽恕犯","0","2","2"
"放的办法宽恕犯了","0","2","2"
"的办法宽恕犯了五","0","2","2"
"办法宽恕犯了五刑","0","2","2"
"法宽恕犯了五刑的","0","2","2"
"宽恕犯了五刑的人","0","2","2"
"未必不是因为这个","0","2","2"
"他儿子母丘甸的妻","0","2","2"
"儿子母丘甸的妻子","0","2","2"
"是颖川太守刘子元","0","2","2"
"颖川太守刘子元的","0","2","2"
"川太守刘子元的妻","0","2","2"
"太守刘子元的妻子","0","2","2"
"通过议事做出裁夺","0","2","2"
"问儿子在什么地方","0","2","2"
"皇后的母亲广城君","0","2","2"
"做天下母亲的典范","0","2","2"
"如今听从他的意愿","0","2","2"
"我在颖昌侯身上看","0","2","2"
"在颖昌侯身上看到","0","2","2"
"颖昌侯身上看到了","0","2","2"
"昌侯身上看到了这","0","2","2"
"推举杜预代替自己","0","2","2"
"最终如同杜预的预","0","2","2"
"在崇有之时否定有","0","2","2"
"在贵无之时否定无","0","2","2"
"司马璋被诛杀以后","0","2","2"
"海王司马越请他任","0","2","2"
"得到了伯英书法的","0","2","2"
"尚书令的职位依旧","0","2","2"
"和太尉汝南王司马","0","2","2"
"于是把女儿嫁给他","0","2","2"
"当时的人把他比作","0","2","2"
"封一个儿子为亭侯","0","2","2"
"于是尽心匡正辅佐","0","2","2"
"代替下邳王司马晃","0","2","2"
"汝南文成王司马亮","0","2","2"
"赵王司马伦辅佐朝","0","2","2"
"王司马伦辅佐朝政","0","2","2"
"在汝南王司马亮那","0","2","2"
"汝南王司马亮那裹","0","2","2"
"齐王司马同辅佐朝","0","2","2"
"王司马同辅佐朝政","0","2","2"
"帝讨伐成都王司马","0","2","2"
"等到齐王司马攸出","0","2","2"
"诏书任命司马肜为","0","2","2"
"书任命司马肜为太","0","2","2"
"任命司马肜为太宰","0","2","2"
"王司马伦篡位叛逆","0","2","2"
"不能抽身离开朝廷","0","2","2"
"来满足大家的期望","0","2","2"
"增加封邑补足两万","0","2","2"
"加封邑补足两万户","0","2","2"
"咸宁初年追加封谧","0","2","2"
"为大将军曹爽的属","0","2","2"
"大将军曹爽的属官","0","2","2"
"到成都王司马颖那","0","2","2"
"成都王司马颖那裹","0","2","2"
"车骑将军的职位依","0","2","2"
"骑将军的职位依旧","0","2","2"
"为大将军从事中郎","0","2","2"
"那么贤能的人每天","0","2","2"
"么贤能的人每天都","0","2","2"
"贤能的人每天都被","0","2","2"
"所推举的人必定有","0","2","2"
"那是因为不知道谁","0","2","2"
"是因为不知道谁最","0","2","2"
"伐成都王司马颖有","0","2","2"
"成都王司马颖有功","0","2","2"
"任大将军从事中郎","0","2","2"
"二千石俸禄的官吏","0","2","2"
"摸天子倒生的鳞片","0","2","2"
"宣王妃张氏为宣穆","0","2","2"
"王妃张氏为宣穆皇","0","2","2"
"妃张氏为宣穆皇后","0","2","2"
"陇西王司马泰为尚","0","2","2"
"西王司马泰为尚书","0","2","2"
"司空王浚为大司马","0","2","2"
"任命吏部尚书周闵","0","2","2"
"命吏部尚书周闵为","0","2","2"
"有二亿零三万一千","0","2","2"
"二亿零三万一千三","0","2","2"
"亿零三万一千三百","0","2","2"
"零三万一千三百里","0","2","2"
"慕容宝的将领慕容","0","2","2"
"仰仗镇军将军刘裕","0","2","2"
