"N-gram","原文","翻译","Total"
"同中书门下","301","276","577"
"门下平章事","177","157","334"
"书门下平章","176","157","333"
"中书门下平","175","157","332"
"都督府长史","138","137","275"
"州大都督府","140","133","273"
"尚书左仆射","132","137","269"
"大都督府长","126","125","251"
"中书门下三","128","119","247"
"书门下三品","128","119","247"
"尚书右仆射","117","121","238"
"开府仪同三","117","121","238"
"府仪同三司","117","121","238"
"银青光禄大","104","107","211"
"青光禄大夫","104","107","211"
"校工部尚书","101","103","204"
"检校工部尚","100","103","203"
"左散骑常侍","98","96","194"
"月一日是朔","0","181","181"
"一日是朔日","0","181","181"
"河东节度使","74","104","178"
"赐紫金鱼袋","82","74","156"
"武军节度使","59","89","148"
"淮南节度使","66","77","143"
"南东道节度","70","72","142"
"检校礼部尚","67","67","134"
"校礼部尚书","67","67","134"
"盐铁转运使","53","80","133"
"山南东道节","63","65","128"
"南西道节度","61","61","122"
"扬州大都督","60","59","119"
"山南西道节","59","59","118"
"检校兵部尚","58","58","116"
"校兵部尚书","58","58","116"
"右散骑常侍","57","58","115"
"东道节度使","51","63","114"
"二年春正月","62","50","112"
"西道节度使","52","59","111"
"道盐铁转运","56","55","111"
"检校右仆射","54","54","108"
"诸道盐铁转","56","50","106"
"剑南西川节","53","47","100"
"南西川节度","53","47","100"
"检校户部尚","49","50","99"
"校户部尚书","49","50","99"
"兼御史大夫","0","97","97"
"检校左仆射","48","48","96"
"西川节度使","43","52","95"
"湖南观察使","47","48","95"
"检校吏部尚","46","47","93"
"校吏部尚书","46","47","93"
"成德军节度","47","46","93"
"义成军节度","45","46","91"
"观察处置使","5","84","89"
"检校尚书左","44","45","89"
"校尚书左仆","44","45","89"
"等州节度使","35","54","89"
"节度副大使","44","44","88"
"金紫光禄大","40","47","87"
"紫光禄大夫","40","47","87"
"宣武军节度","41","45","86"
"荆南节度使","39","47","86"
"三年春正月","49","37","86"
"岭南节度使","41","44","85"
"幽州节度使","39","44","83"
"江西观察使","40","43","83"
"月二十一日","4","79","83"
"月二十三日","3","78","81"
"同凤阁鸾台","47","32","79"
"浙西观察使","39","40","79"
"殿中侍御史","40","39","79"
"太子左庶子","40","38","78"
"金吾卫大将","40","38","78"
"吾卫大将军","40","38","78"
"团练观察使","41","37","78"
"检校左散骑","40","38","78"
"校左散骑常","40","38","78"
"成军节度使","32","46","78"
"东川节度使","35","42","77"
"食邑三千户","39","37","76"
"检校尚书右","38","38","76"
"校尚书右仆","38","38","76"
"都团练观察","42","34","76"
"陇右节度使","33","42","75"
"观察处置等","71","4","75"
"察处置等使","71","4","75"
"凤阁鸾台平","41","31","72"
"阁鸾台平章","41","31","72"
"鸾台平章事","41","31","72"
"食邑二千户","35","37","72"
"泾原节度使","35","37","72"
"月二十五日","3","69","72"
"月二十七日","3","69","72"
"月二十二日","3","68","71"
"德军节度使","28","42","70"
"都知兵马使","35","34","69"
"年春正月一","0","69","69"
"春正月一日","0","69","69"
"忠武军节度","34","34","68"
"义军节度使","18","50","68"
"魏博节度使","28","39","67"
"文馆大学士","33","33","66"
"金吾大将军","30","36","66"
"凤翔节度使","31","34","65"
"任同中书门","0","65","65"
"海军节度使","23","41","64"
"桂管观察使","30","34","64"
"月二十四日","2","62","64"
"剑南东川节","33","29","62"
"南东川节度","33","29","62"
"昭义军节度","21","41","62"
"河中节度使","25","36","61"
"福建观察使","29","31","60"
"十一月二十","1","59","60"
"月二十六日","2","58","60"
"十二月二十","0","60","60"
"弘文馆大学","29","29","58"
"检校刑部尚","29","29","58"
"校刑部尚书","29","29","58"
"为中书侍郎","0","57","57"
"月二十八日","4","52","56"
"食邑三百户","27","28","55"
"陕虢观察使","26","28","54"
"浙东观察使","26","28","54"
"月二十九日","1","52","53"
"集贤殿大学","25","27","52"
"贤殿大学士","25","27","52"
"等州观察使","11","41","52"
"任御史大夫","0","52","52"
"行军大总管","25","26","51"
"骁卫大将军","25","26","51"
"邕管经略使","25","26","51"
"节度观察使","30","20","50"
"武宁军节度","25","25","50"
"品以上官员","0","50","50"
"金吾卫将军","24","25","49"
"州节度使李","22","26","48"
"正月一日是","0","48","48"
"十二月初一","0","48","48"
"道行军大总","23","24","47"
"加银青光禄","35","12","47"
"宁军节度使","20","26","46"
"为兵部尚书","0","46","46"
"四年春正月","27","18","45"
"任同平章事","0","45","45"
"太子右庶子","21","22","43"
"元年春正月","28","15","43"
"平军节度使","17","26","43"
"朔方节度使","18","25","43"
"为御史中丞","0","43","43"
"为户部侍郎","0","43","43"
"礼部员外郎","20","22","42"
"剑南节度使","18","24","42"
"宣歙观察使","22","20","42"
"黔中观察使","21","21","42"
"军节度使李","18","23","41"
"天平军节度","19","21","40"
"兼任御史大","0","40","40"
"为太子宾客","0","40","40"
"为检校工部","0","40","40"
"同东西台三","19","20","39"
"东西台三品","19","20","39"
"昭义节度使","21","18","39"
"本官同平章","39","0","39"
"官同平章事","39","0","39"
"二月初一为","0","39","39"
"凤翔陇右节","20","18","38"
"翔陇右节度","20","18","38"
"节度观察等","30","8","38"
"皇上的车驾","0","38","38"
"为吏部尚书","0","38","38"
"为检校司空","0","38","38"
"年春正月乙","36","1","37"
"御史大夫李","18","19","37"
"行营节度使","16","21","37"
"州观察处置","15","22","37"
"行营招讨使","16","21","37"
"司勋员外郎","18","19","37"
"考功员外郎","18","19","37"
"节度使李光","17","20","37"
"兼御史中丞","0","37","37"
"弘文馆学士","18","18","36"
"羽林大将军","17","19","36"
"横海军节度","18","18","36"
"度观察等使","29","7","36"
"为兵部侍郎","0","36","36"
"兼任度支使","0","36","36"
"十一月一日","0","36","36"
"十一月初一","0","36","36"
"左卫大将军","17","18","35"
"右金吾卫大","18","17","35"
"潼关防御使","9","26","35"
"河阳节度使","16","19","35"
"食邑一千户","16","19","35"
"镇海军节度","17","18","35"
"邠宁节度使","35","0","35"
"灵州大都督","18","17","35"
"实封五百户","23","11","34"
"潞州大都督","16","18","34"
"左金吾卫大","18","16","34"
"五年春正月","18","16","34"
"右卫大将军","17","16","33"
"等州观察处","14","19","33"
"皇上同意了","0","33","33"
"内观察处置","18","14","32"
"翰林学士承","16","16","32"
"林学士承旨","16","16","32"
"实封三百户","18","14","32"
"任翰林学士","0","32","32"
"为户部尚书","0","32","32"
"为开府仪同","0","32","32"
"为礼部尚书","0","32","32"
"六年春正月","17","14","31"
"罢免知政事","0","31","31"
"任御史中丞","0","31","31"
"武卫大将军","15","15","30"
"义武军节度","14","16","30"
"秘书省校书","15","15","30"
"道行军总管","15","14","29"
"军节度使王","14","15","29"
"校右散骑常","14","15","29"
"兵部员外郎","14","15","29"
"为中书舍人","0","29","29"
"秋七月一日","0","29","29"
"左骁卫大将","14","14","28"
"盐铁转运等","26","2","28"
"铁转运等使","26","2","28"
"食邑五百户","12","16","28"
"一千五百户","14","14","28"
"益州大都督","14","14","28"
"尚书户部侍","15","13","28"
"书户部侍郎","15","13","28"
"平卢军节度","14","14","28"
"太子宾客分","14","14","28"
"防御观察使","19","9","28"
"检校右散骑","13","15","28"
"书省校书郎","14","14","28"
"吏部侍郎崔","14","14","28"
"年春正月戊","26","2","28"
"陈许节度使","14","14","28"
"川节度使李","12","16","28"
"命兵部侍郎","1","27","28"
"为御史大夫","0","28","28"
"月初一为乙","0","28","28"
"月初一为己","0","28","28"
"七年春正月","14","13","27"
"同平章事李","13","14","27"
"鄂岳观察使","13","14","27"
"兴元节度使","12","15","27"
"为尚书左仆","0","27","27"
"年春正月十","0","27","27"
"任命兵部侍","0","27","27"
"任东都留守","0","27","27"
"任中书侍郎","0","27","27"
"国公李责力","0","27","27"
"月初一为丙","0","27","27"
"司封员外郎","13","13","26"
"河西节度使","12","14","26"
"荆州大都督","13","13","26"
"幽州大都督","13","13","26"
"卫大将军李","14","12","26"
"食邑七百户","13","13","26"
"行营兵马都","12","14","26"
"道节度观察","17","9","26"
"夏州节度使","13","13","26"
"子宾客分司","14","12","26"
"户部侍郎李","14","12","26"
"军节度副大","11","15","26"
"彰义军节度","12","14","26"
"实封二百户","18","8","26"
"英国公李责","0","26","26"
"正月初一为","0","26","26"
"月初一为辛","0","26","26"
"吏部员外郎","12","13","25"
"年春正月丁","25","0","25"
"年春正月壬","23","2","25"
"命翰林学士","2","23","25"
"任检校司空","0","25","25"
"为门下侍郎","0","25","25"
"任诸道盐铁","0","25","25"
"为刑部尚书","0","25","25"
"任淮南节度","0","25","25"
"月初一为癸","0","25","25"
"任山南东道","0","25","25"
"为工部尚书","0","25","25"
"东都尚书省","12","12","24"
"刑部员外郎","12","12","24"
"南节度观察","15","9","24"
"右金吾卫将","12","12","24"
"翰林侍讲学","13","11","24"
"林侍讲学士","13","11","24"
"西观察使李","12","12","24"
"充山南东道","24","0","24"
"容管经略使","12","12","24"
"军节度副使","12","12","24"
"翔节度使李","12","12","24"
"武候大将军","17","7","24"
"吏部尚书李","11","13","24"
"月初一为丁","0","24","24"
"为检校兵部","0","24","24"
"为太子少师","0","24","24"
"为尚书右仆","0","24","24"
"为尚书左丞","0","24","24"
"为吏部侍郎","0","24","24"
"单于大都护","0","24","24"
"任检校工部","0","24","24"
"为检校礼部","0","24","24"
"三品以上官","0","24","24"
"审查并记录","0","24","24"
"月初一为壬","0","24","24"
"南节度副大","11","12","23"
"淄青节度使","10","13","23"
"度使李光颜","11","12","23"
"淮西节度使","10","13","23"
"年春正月庚","22","1","23"
"命中书侍郎","2","21","23"
"二月二十二","2","21","23"
"年正月一日","8","15","23"
"怀州节度使","9","14","23"
"任河东节度","0","23","23"
"七月初一为","0","23","23"
"月初一为庚","0","23","23"
"命户部侍郎","0","23","23"
"命中书舍人","0","23","23"
"查并记录囚","0","23","23"
"冬十月一日","0","23","23"
"使者前来朝","0","23","23"
"充翰林学士","21","1","22"
"兵部尚书李","11","11","22"
"年春正月辛","21","1","22"
"州兵马留后","9","13","22"
"神策大将军","10","12","22"
"左金吾将军","11","11","22"
"左金吾大将","11","11","22"
"州观察等使","17","5","22"
"户部员外郎","11","11","22"
"阳郡开国公","11","11","22"
"京畿观察使","11","11","22"
"骠骑大将军","11","11","22"
"天下兵马元","11","11","22"
"下兵马元帅","11","11","22"
"年春正月癸","22","0","22"
"年春正月甲","20","2","22"
"为太子少保","0","22","22"
"以吏部侍郎","0","22","22"
"夏四月一日","0","22","22"
"任命户部侍","0","22","22"
"任太子宾客","0","22","22"
"为安南都护","0","22","22"
"五品以上官","0","22","22"
"六月初一为","0","22","22"
"月初一为甲","0","22","22"
"西川节度副","10","11","21"
"川节度副大","11","10","21"
"凤阁鸾台三","12","9","21"
"阁鸾台三品","12","9","21"
"八年春正月","11","10","21"
"充诸道盐铁","20","1","21"
"南节度使崔","9","12","21"
"州节度使王","10","11","21"
"州都团练观","11","10","21"
"魏州大都督","11","10","21"
"隰等州节度","9","12","21"
"都防御观察","14","7","21"
"左金吾卫将","11","10","21"
"宰相李逢吉","10","11","21"
"皇太子监国","19","2","21"
"任吏部尚书","0","21","21"
"任兵部尚书","0","21","21"
"为检校司徒","0","21","21"
"为华州刺史","0","21","21"
"三月初一为","0","21","21"
"任户部侍郎","0","21","21"
"亲自审查并","0","21","21"
"自审查并记","0","21","21"
"并记录囚徒","0","21","21"
"一月初一为","0","21","21"
"淮南节度副","10","10","20"
"旧同中书门","17","3","20"
"吏部侍郎郑","10","10","20"
"右骁卫大将","10","10","20"
"节度观察处","17","3","20"
"度观察处置","17","3","20"
"黄门侍郎裴","10","10","20"
"尚书左丞相","10","10","20"
"右金吾大将","8","12","20"
"吏部侍郎裴","10","10","20"
"神策行营节","10","10","20"
"策行营节度","10","10","20"
"州节度使张","10","10","20"
"等州观察等","17","3","20"
"中书舍人崔","10","10","20"
"州都督府长","10","10","20"
"南面招讨使","10","10","20"
"二月二十一","1","19","20"
"命吏部尚书","2","18","20"
"四月初一为","0","20","20"
"为检校户部","0","20","20"
"任命吏部侍","0","20","20"
"命吏部侍郎","0","20","20"
"任命中书舍","0","20","20"
"为谏议大夫","0","20","20"
"一月一日是","0","20","20"
"为银青光禄","0","20","20"
"兼任御史中","0","20","20"
"任山南西道","0","20","20"
"派遣使者前","0","20","20"
"管内观察处","18","1","19"
"充河东节度","18","1","19"
"依旧同中书","17","2","19"
"年春正月丙","19","0","19"
"国公房玄龄","7","12","19"
"等州都团练","9","10","19"
"幽州卢龙节","13","6","19"
"州卢龙节度","13","6","19"
"右谏议大夫","9","10","19"
"加开府仪同","18","1","19"
"河阳三城怀","11","8","19"
"卢龙军节度","9","10","19"
"赠礼部尚书","12","7","19"
"太原节度使","9","10","19"
"九年春正月","10","9","19"
"为太子少傅","0","19","19"
"国公长孙无","0","19","19"
"公长孙无忌","0","19","19"
"任命中书侍","0","19","19"
"为检校尚书","0","19","19"
"二月十一日","0","19","19"
"八月初一为","0","19","19"
"十月初一为","0","19","19"
"十二月一日","0","19","19"
"职任同平章","0","19","19"
"任同州刺史","0","19","19"
"秋七月二十","0","19","19"
"中书门下省","0","19","19"
"遣使者前来","0","19","19"
"五月初一为","0","19","19"
"礼部尚书王","9","9","18"
"十年春正月","10","8","18"
"河阳三城节","9","9","18"
"阳三城节度","9","9","18"
"左羽林大将","9","9","18"
"右羽林将军","10","8","18"
"左武卫大将","9","9","18"
"尚书右丞相","9","9","18"
"河南副元帅","9","9","18"
"卢军节度使","8","10","18"
"东节度使李","8","10","18"
"河中晋绛慈","12","6","18"
"镇州大都督","9","9","18"
"实封一百户","10","8","18"
"守中书侍郎","14","4","18"
"十一年春正","10","8","18"
"一年春正月","10","8","18"
"御史中丞王","9","9","18"
"四镇北庭行","12","6","18"
"中书舍人李","9","9","18"
"灵武节度使","8","10","18"
"节度使李听","9","9","18"
"谏议大夫李","9","9","18"
"宰相武元衡","9","9","18"
"泽潞节度使","9","9","18"
"冀州大都督","9","9","18"
"赵国公长孙","3","15","18"
"十一月五日","1","17","18"
"祀昊天上帝","10","8","18"
"六月十三日","2","16","18"
"二月十三日","1","17","18"
"为东都留守","0","18","18"
"为太子太保","0","18","18"
"任同凤阁鸾","0","18","18"
"为检校左散","0","18","18"
"为潭州刺史","0","18","18"
"任命翰林学","0","18","18"
"以本职任同","0","18","18"
"本职任同平","0","18","18"
"皇上从东都","0","18","18"
"二月二十五","0","18","18"
"月初一为戊","0","18","18"
"年正月初一","0","18","18"
"兼任较低职","0","18","18"
"任较低职务","0","18","18"
"元二十一年","7","10","17"
"营兵马都统","8","9","17"
"道观察处置","9","8","17"
"集贤殿学士","8","9","17"
"御史大夫崔","8","9","17"
"散骑常侍李","8","9","17"
"经略招讨使","8","9","17"
"授朝散大夫","13","4","17"
"武昌军节度","8","9","17"
"御史中丞李","8","9","17"
"二月二十日","1","16","17"
"节度使李抱","8","9","17"
"昌军节度使","6","11","17"
"和原来一样","0","17","17"
"充任翰林学","0","17","17"
"为监察御史","0","17","17"
"立为皇太子","0","17","17"
"都任同中书","0","17","17"
"以户部侍郎","0","17","17"
"任检校尚书","0","17","17"
"任门下侍郎","0","17","17"
"为黄门侍郎","0","17","17"
"夏四月二十","0","17","17"
"皇甫钅甫寸","0","17","17"
"都尚书省事","9","7","16"
"检校中书令","8","8","16"
"太原郡开国","8","8","16"
"食邑一千五","8","8","16"
"邑一千五百","8","8","16"
"河东县开国","8","8","16"
"十三年春正","9","7","16"
"中书侍郎李","8","8","16"
"依旧知政事","16","0","16"
"卢龙节度使","8","8","16"
"中晋绛慈隰","10","6","16"
"行军司马李","8","8","16"
"右司员外郎","8","8","16"
"鄜坊节度使","16","0","16"
"紫金鱼袋崔","7","9","16"
"河南郡公褚","8","8","16"
"南郡公褚遂","8","8","16"
"郡公褚遂良","8","8","16"
"郑滑节度使","6","10","16"
"行台尚书令","8","8","16"
"部侍郎裴行","8","8","16"
"侍郎裴行俭","8","8","16"
"军节度使韩","8","8","16"
"州节度使刘","7","9","16"
"安东都护府","8","8","16"
"节度使李怀","6","10","16"
"九月初一为","0","16","16"
"任中书舍人","0","16","16"
"任刑部尚书","0","16","16"
"充任河东节","0","16","16"
"二月十二日","0","16","16"
"任检校礼部","0","16","16"
"充任山南东","0","16","16"
"调出朝廷任","0","16","16"
"品以下官员","0","16","16"
"为检校右仆","0","16","16"
"令有关部门","0","16","16"
"皇上亲自审","0","16","16"
"者前来朝贡","0","16","16"
"关押的囚犯","0","16","16"
"七月一日是","0","16","16"
"五月一日是","0","16","16"
"较低职务的","0","16","16"
"博节度使田","6","9","15"
"台御史大夫","8","7","15"
"中书门下同","2","13","15"
"兵部尚书崔","7","8","15"
"南节度使李","7","8","15"
"管经略招讨","11","4","15"
"兵马副元帅","7","8","15"
"二月十五日","1","14","15"
"道士赵归真","7","8","15"
"幽州卢龙军","7","8","15"
"州卢龙军节","7","8","15"
"中尉王守澄","8","7","15"
"部员外郎崔","7","8","15"
"授太子宾客","9","6","15"
"吏部侍郎李","7","8","15"
"权知礼部贡","15","0","15"
"知礼部贡举","15","0","15"
"实封四百户","8","7","15"
"部尚书致仕","15","0","15"
"节度使韩建","7","8","15"
"中节度使王","6","9","15"
"节度使裴度","6","9","15"
"吏部尚书郑","7","8","15"
"阳三城怀州","8","7","15"
"汝州防御使","4","11","15"
"驾到温泉宫","0","15","15"
"为检校左仆","0","15","15"
"二月十九日","0","15","15"
"为洪州刺史","0","15","15"
"以中书舍人","0","15","15"
"二月一日是","0","15","15"
"为广州刺史","0","15","15"
"三月一日是","0","15","15"
"任吏部侍郎","0","15","15"
"节度使事务","0","15","15"
"长孙无忌等","0","15","15"
"冬十月二十","0","15","15"
"因特殊情况","0","15","15"
"驾到九成宫","0","15","15"
"皇上从九成","0","15","15"
"上从九成宫","0","15","15"
"年春正月初","0","15","15"
"皇上听从了","0","15","15"
"十月十一日","1","13","14"
"陕州大都督","7","7","14"
"吏部尚书刘","7","7","14"
"面行营都统","7","7","14"
"原郡开国公","7","7","14"
"右龙武统军","7","7","14"
"左龙武统军","7","7","14"
"检校太子左","7","7","14"
"威卫大将军","7","7","14"
"卫大将军薛","7","7","14"
"西道都团练","7","7","14"
"二年十二月","7","7","14"
"行营都知兵","7","7","14"
"营都知兵马","7","7","14"
"绛慈隰等州","5","9","14"
"观察使李德","7","7","14"
"察使李德裕","7","7","14"
"充东都留守","14","0","14"
"浙江西道观","6","8","14"
"江西道观察","6","8","14"
"岭南东道节","7","7","14"
"吏部侍郎韦","7","7","14"
"司门员外郎","7","7","14"
"龙武大将军","7","7","14"
"阳县开国男","7","7","14"
"镇北庭行军","9","5","14"
"充山南西道","14","0","14"
"中书舍人王","7","7","14"
"节度使刘悟","6","8","14"
"加金紫光禄","11","3","14"
"梁国公房玄","5","9","14"
"都官员外郎","7","7","14"
"节度使王承","7","7","14"
"职方员外郎","7","7","14"
"西节度使李","6","8","14"
"左武卫将军","7","7","14"
"梁王武三思","5","9","14"
"道行台尚书","7","7","14"
"年春正月己","14","0","14"
"清海军节度","7","7","14"
"兵部尚书王","7","7","14"
"州节度观察","10","4","14"
"兵部侍郎李","7","7","14"
"诏大赦天下","1","13","14"
"本管经略使","9","5","14"
"四月十三日","2","12","14"
"了他的意见","0","14","14"
"元和十三年","0","14","14"
"元和十四年","0","14","14"
"任检校兵部","0","14","14"
"赐紫服金鱼","0","14","14"
"紫服金鱼袋","0","14","14"
"旧任同中书","0","14","14"
"契艹必何力","0","14","14"
"任华州刺史","0","14","14"
"充任诸道盐","0","14","14"
"二月十四日","0","14","14"
"为尚书右丞","0","14","14"
"以谏议大夫","0","14","14"
"为工部侍郎","0","14","14"
"为襄州刺史","0","14","14"
"任命京兆尹","0","14","14"
"十一月三日","0","14","14"
"任殿中侍御","0","14","14"
"军队驻扎在","0","14","14"
"上亲自审查","0","14","14"
"囚徒的罪状","0","14","14"
"皇上派遣使","0","14","14"
"上派遣使者","0","14","14"
"十二月三日","0","14","14"
"州节度使朱","0","14","14"
"任命吏部尚","0","14","14"
"四月一日是","0","14","14"
"春正月初一","0","14","14"
"博学宏词科","0","14","14"
"判东都尚书","11","2","13"
"贞元二十一","5","8","13"
"襄阳节度使","6","7","13"
"屯卫大将军","8","5","13"
"右相李林甫","7","6","13"
"郎中知制诰","8","5","13"
"羽林将军李","7","6","13"
"右骁卫将军","7","6","13"
"道都团练观","8","5","13"
"团练观察等","9","4","13"
"练观察等使","9","4","13"
"充淮南节度","13","0","13"
"晋绛慈隰等","5","8","13"
"前淮南节度","8","5","13"
"州行营招讨","6","7","13"
"大同军防御","6","7","13"
"屯田员外郎","6","7","13"
"湖南都团练","7","6","13"
"南都团练观","7","6","13"
"灵盐节度使","7","6","13"
"武节度使李","6","7","13"
"平昌县公宇","6","7","13"
"昌县公宇文","6","7","13"
"县公宇文节","6","7","13"
"京兆长安人","9","4","13"
"皇太子侍读","7","6","13"
"膳部员外郎","6","7","13"
"一千五百人","7","6","13"
"正月十五日","1","12","13"
"品下加一阶","13","0","13"
"十二月十三","1","12","13"
"三城怀州节","7","6","13"
"城怀州节度","7","6","13"
"三城节度使","4","9","13"
"宰相李德裕","6","7","13"
"长孙无忌说","0","13","13"
"任兵部侍郎","0","13","13"
"任扬州大都","0","13","13"
"兼吏部尚书","0","13","13"
"任刑部侍郎","0","13","13"
"依旧任同中","0","13","13"
"任户部尚书","0","13","13"
"以兵部侍郎","0","13","13"
"任岭南节度","0","13","13"
"为福建观察","0","13","13"
"察处置使等","0","13","13"
"任工部尚书","0","13","13"
"署理度支使","0","13","13"
"为单于大都","0","13","13"
"九月十二日","0","13","13"
"张易之兄弟","0","13","13"
"在皇上面前","0","13","13"
"的官职爵位","0","13","13"
"上从东都回","0","13","13"
"皇上亲自在","0","13","13"
"记录囚徒的","0","13","13"
"录囚徒的罪","0","13","13"
"二月二十四","0","13","13"
"下诏大赦天","0","13","13"
"州等州观察","0","13","13"
"六月一日是","0","13","13"
"任义成军节","0","13","13"
"赠兵部尚书","8","4","12"
"二年十一月","6","6","12"
"部侍郎韩愈","6","6","12"
"部员外郎杨","6","6","12"
"主客员外郎","6","6","12"
"赵郡王孝恭","8","4","12"
"右羽林大将","5","7","12"
"监门大将军","6","6","12"
"右武卫大将","6","6","12"
"州道行军总","6","6","12"
"国公高士廉","3","9","12"
"群臣上谥曰","12","0","12"
"节度使李匡","6","6","12"
"太常卿张廷","6","6","12"
"常卿张廷范","6","6","12"
"工部尚书李","6","6","12"
"道行军元帅","6","6","12"
"侍郎薛元超","6","6","12"
"卫大将军程","6","6","12"
"将军程务挺","6","6","12"
"谏议大夫高","6","6","12"
"金吾将军李","6","6","12"
"州都防御使","5","7","12"
"节度行军司","6","6","12"
"度行军司马","6","6","12"
"中书舍人张","6","6","12"
"本官同中书","12","0","12"
"官同中书门","12","0","12"
"右神策大将","6","6","12"
"食实封三百","7","5","12"
"刑部尚书王","6","6","12"
"紫金鱼袋郑","6","6","12"
"御史大夫张","6","6","12"
"永平军节度","6","6","12"
"川节度观察","8","4","12"
"武军节度副","6","6","12"
"紫金鱼袋刘","6","6","12"
"东道节度观","10","2","12"
"忽汗州都督","6","6","12"
"龙军节度使","5","7","12"
"固安县公崔","6","6","12"
"安县公崔敦","6","6","12"
"县公崔敦礼","6","6","12"
"邢国公苏定","6","6","12"
"国公苏定方","6","6","12"
"司元太常伯","6","6","12"
"司列太常伯","6","6","12"
"神策护军中","5","7","12"
"策护军中尉","5","7","12"
"将军李多祚","6","6","12"
"祠部员外郎","6","6","12"
"令中书门下","7","5","12"
"州四面行营","6","6","12"
"翰林学士王","5","7","12"
"徐州节度使","6","6","12"
"学士韦处厚","6","6","12"
"正月十六日","1","11","12"
"副元帅李光","6","6","12"
"元帅李光弼","6","6","12"
"道安抚大使","6","6","12"
"河东副元帅","6","6","12"
"户部侍郎杨","6","6","12"
"辅国大将军","6","6","12"
"授开府仪同","4","8","12"
"陕东道大行","6","6","12"
"东道大行台","6","6","12"
"礼部尚书裴","6","6","12"
"三品上赐爵","12","0","12"
"安西都护府","6","6","12"
"率文武百僚","12","0","12"
"国夫人杨氏","6","6","12"
"十一月十六","2","10","12"
"一月十六日","2","10","12"
"道节度使李","6","6","12"
"中尉仇士良","6","6","12"
"命刑部尚书","2","10","12"
"汴州节度使","4","8","12"
"军节度使刘","4","8","12"
"节度使马燧","6","6","12"
"节度使王锷","6","6","12"
"高阳郡公许","6","6","12"
"阳郡公许敬","6","6","12"
"郡公许敬宗","6","6","12"
"听从了他的","0","12","12"
"任谏议大夫","0","12","12"
"任检校左仆","0","12","12"
"并州大都督","0","12","12"
"十一月二日","0","12","12"
"为检校吏部","0","12","12"
"秋七月三日","0","12","12"
"为朝散大夫","0","12","12"
"命河东节度","0","12","12"
"充任东都留","0","12","12"
"为邕管经略","0","12","12"
"以左散骑常","0","12","12"
"任宁节度使","0","12","12"
"本官任同平","0","12","12"
"官任同平章","0","12","12"
"任礼部尚书","0","12","12"
"任成德军节","0","12","12"
"任盐铁转运","0","12","12"
"命御史中丞","0","12","12"
"三月十二日","0","12","12"
"朝廷的军队","0","12","12"
"任忠武军节","0","12","12"
"贞观十七年","0","12","12"
"灵柩前即皇","0","12","12"
"柩前即皇帝","0","12","12"
"前即皇帝位","0","12","12"
"皇上亲自祭","0","12","12"
"年春正月二","0","12","12"
"皇上避开正","0","12","12"
"上避开正殿","0","12","12"
"派使者前来","0","12","12"
"皇上驾到九","0","12","12"
"二月十八日","0","12","12"
"正月二十七","0","12","12"
"宣政殿接受","0","12","12"
"品以上的官","0","12","12"
"以上的官员","0","12","12"
"掌节度使事","0","12","12"
"停止执掌政","0","12","12"
"止执掌政务","0","12","12"
"军打得大败","0","12","12"
"五月十四日","0","12","12"
"三月十一日","0","12","12"
"皇上下诏曰","0","12","12"
"学宏词科考","0","12","12"
"宏词科考试","0","12","12"
"加检校司徒","9","2","11"
"汝都防御使","7","4","11"
"左屯卫大将","7","4","11"
"申国公高士","3","8","11"
"四面行营都","6","5","11"
"授银青光禄","3","8","11"
"御史中丞杨","5","6","11"
"御史大夫魏","5","6","11"
"右金吾将军","6","5","11"
"河南节度使","3","8","11"
"本州防御使","6","5","11"
"守尚书户部","7","4","11"
"西道节度观","6","5","11"
"慈隰等州节","5","6","11"
"军节度大使","6","5","11"
"同军防御使","4","7","11"
"节度使乌重","4","7","11"
"度使乌重胤","4","7","11"
"八月十七日","2","9","11"
"度营田观察","7","4","11"
"镇国军等使","9","2","11"
"充成德军节","11","0","11"
"十二年春正","6","5","11"
"充剑南西川","11","0","11"
"开元二十年","3","8","11"
"赐实封五百","9","2","11"
"迁中书舍人","9","2","11"
"勋员外郎李","5","6","11"
"面行营招讨","6","5","11"
"太子少保分","7","4","11"
"子少保分司","7","4","11"
"左右神策军","4","7","11"
"授秘书省校","6","5","11"
"节度使李忠","5","6","11"
"度使李忠臣","5","6","11"
"贞元十四年","3","8","11"
"右武候大将","8","3","11"
"侍郎上官仪","5","6","11"
"四年十一月","5","6","11"
"辽东道行军","6","5","11"
"河道行军大","5","6","11"
"四品下加一","11","0","11"
"十四年春正","7","4","11"
"尚书省四品","6","5","11"
"义昌军节度","6","5","11"
"河南尹张全","5","6","11"
"南尹张全义","5","6","11"
"御史中丞裴","5","6","11"
"义军节度副","4","7","11"
"州节度使硃","11","0","11"
"绛等州节度","6","5","11"
"度使李抱玉","5","6","11"
"部尚书刘晏","5","6","11"
"麟胜节度使","7","4","11"
"七月二十七","1","10","11"
"州司马同正","6","5","11"
"易定节度使","5","6","11"
"度使李怀光","4","7","11"
"七月二十八","2","9","11"
"任尚书左仆","0","11","11"
"宗颁发诏书","0","11","11"
"一天比一天","0","11","11"
"治理国家的","0","11","11"
"任浙西观察","0","11","11"
"都罢免知政","0","11","11"
"为太子太师","0","11","11"
"为陕州刺史","0","11","11"
"以礼部尚书","0","11","11"
"为检校刑部","0","11","11"
"为同州刺史","0","11","11"
"为湖南观察","0","11","11"
"以御史中丞","0","11","11"
"辖区内观察","0","11","11"
"区内观察处","0","11","11"
"冬十月二日","0","11","11"
"充任山南西","0","11","11"
"任命御史中","0","11","11"
"任剑南西川","0","11","11"
"为左散骑常","0","11","11"
"贞观十一年","0","11","11"
"有等级差别","0","11","11"
"都加以赦免","0","11","11"
"殿接受朝贺","0","11","11"
"从九成宫到","0","11","11"
"九成宫到来","0","11","11"
"上驾到九成","0","11","11"
"特殊情况赦","0","11","11"
"殊情况赦免","0","11","11"
"公李责力为","0","11","11"
"中书省上奏","0","11","11"
"皇上驾到东","0","11","11"
"上驾到东都","0","11","11"
"月亮遮掩了","0","11","11"
"职务的度支","0","11","11"
"务的度支使","0","11","11"
"这是因为他","0","11","11"
"书门下同平","0","11","11"
"门下同平章","0","11","11"
"下同平章事","0","11","11"
"州录事参军","5","5","10"
"贞观二十三","2","8","10"
"观二十三年","2","8","10"
"迁谏议大夫","10","0","10"
"库部员外郎","5","5","10"
"节度使牛元","5","5","10"
"度使牛元翼","5","5","10"
"淮南节度观","7","3","10"
"相王府长史","5","5","10"
"皇帝尊号曰","5","5","10"
"刑部尚书韦","5","5","10"
"检校吏部侍","5","5","10"
"校吏部侍郎","5","5","10"
"羽林卫大将","5","5","10"
"林卫大将军","5","5","10"
"中书侍郎岑","5","5","10"
"宋国公萧瑀","9","1","10"
"范阳节度使","5","5","10"
"镇东军节度","5","5","10"
"前翰林学士","9","1","10"
"兵部侍郎崔","5","5","10"
"诸道兵马元","5","5","10"
"道兵马元帅","5","5","10"
"将军薛仁贵","5","5","10"
"门侍郎裴炎","5","5","10"
"中书侍郎薛","5","5","10"
"书侍郎薛元","5","5","10"
"安西副都护","5","5","10"
"兵部尚书萧","5","5","10"
"元年十一月","5","5","10"
"左肃政御史","5","5","10"
"夏官侍郎李","5","5","10"
"河东节度副","5","5","10"
"南节度使卫","5","5","10"
"等军节度使","6","4","10"
"青节度使李","4","6","10"
"尚书兵部侍","5","5","10"
"镇国军潼关","5","5","10"
"国军潼关防","5","5","10"
"军潼关防御","5","5","10"
"节度副使李","5","5","10"
"将军高霞寓","5","5","10"
"南节度使杜","5","5","10"
"陕虢都防御","5","5","10"
"西观察使裴","5","5","10"
"左谏议大夫","5","5","10"
"河东行军司","5","5","10"
"东行军司马","5","5","10"
"城都防御使","4","6","10"
"东节度使裴","4","6","10"
"镇冀深赵等","6","4","10"
"行营都招讨","5","5","10"
"营都招讨使","5","5","10"
"紫金鱼袋杨","5","5","10"
"金部员外郎","5","5","10"
"水部员外郎","5","5","10"
"行营兵马使","5","5","10"
"绛慈隰节度","6","4","10"
"行营兵马副","5","5","10"
"荥阳县开国","5","5","10"
"紫金鱼袋李","5","5","10"
"检校秘书监","5","5","10"
"军卫大将军","5","5","10"
"川节度使王","5","5","10"
"沧州节度使","4","6","10"
"侍郎许圉师","4","6","10"
"台侍郎孙处","5","5","10"
"侍郎孙处约","5","5","10"
"迁户部侍郎","10","0","10"
"贞元十五年","4","6","10"
"年登进士第","8","2","10"
"书侍郎李义","5","5","10"
"文学馆学士","5","5","10"
"凤阁舍人张","5","5","10"
"崇贤馆学士","5","5","10"
"太子司议郎","5","5","10"
"宣慰处置使","5","5","10"
"节度使李全","5","5","10"
"度使王承宗","5","5","10"
"守兵部尚书","9","1","10"
"节度使李夷","5","5","10"
"度使李夷简","5","5","10"
"宣州观察使","5","5","10"
"吏部尚书张","4","6","10"
"部侍郎许孟","5","5","10"
"侍郎许孟容","5","5","10"
"校太子左庶","5","5","10"
"左监门大将","5","5","10"
"礼部尚书许","5","5","10"
"卫将军同正","5","5","10"
"左相陈希烈","5","5","10"
"将军陈玄礼","5","5","10"
"右武卫将军","5","5","10"
"定襄道大总","5","5","10"
"襄道大总管","5","5","10"
"图形凌烟阁","10","0","10"
"侍郎褚遂良","5","5","10"
"实封一千户","5","5","10"
"中书门下五","6","4","10"
"书门下五品","6","4","10"
"品上赐爵一","10","0","10"
"春正月乙卯","10","0","10"
"置安西都护","5","5","10"
"十五年春正","5","5","10"
"御宣政殿受","10","0","10"
"京兆府司录","4","6","10"
"食实封一千","5","5","10"
"义节度使李","5","5","10"
"州节度使韩","5","5","10"
"充昭义节度","9","1","10"
"国军节度使","4","6","10"
"保义军节度","5","5","10"
"军节度留后","3","7","10"
"谏议大夫张","5","5","10"
"四月十一日","2","8","10"
"中书侍郎柳","5","5","10"
"右羽林统军","5","5","10"
"兵部侍郎王","5","5","10"
"方节度使郭","4","6","10"
"节度使郭子","4","6","10"
"度使郭子仪","4","6","10"
"镇北大都护","5","5","10"
"京兆尹黎干","5","5","10"
"节度使令狐","5","5","10"
"加检校工部","9","1","10"
"一百五十万","5","5","10"
"义节度使刘","4","6","10"
"前东都留守","7","3","10"
"前山南东道","7","3","10"
"宁节度使李","4","6","10"
"群臣宴曲江","10","0","10"
"宾客分司东","6","4","10"
"客分司东都","6","4","10"
"部尚书崔汉","4","6","10"
"尚书崔汉衡","4","6","10"
"兵部侍郎韩","5","5","10"
"吏部尚书萧","5","5","10"
"充义成军节","10","0","10"
"大历十四年","4","6","10"
"中书门下两","3","7","10"
"书门下两省","3","7","10"
"安大长公主","5","5","10"
"左相许圉师","5","5","10"
"太子李建成","0","10","10"
"兼太子少师","0","10","10"
"武则天临朝","0","10","10"
"任凤阁侍郎","0","10","10"
"任国子祭酒","0","10","10"
"国公萧王禹","0","10","10"
"任命门下侍","0","10","10"
"命门下侍郎","0","10","10"
"任河阳三城","0","10","10"
"任尚书右仆","0","10","10"
"兼任中书令","0","10","10"
"充任淮南节","0","10","10"
"十二月十一","0","10","10"
"平章事的职","0","10","10"
"章事的职衔","0","10","10"
"为刑部侍郎","0","10","10"
"为淮南节度","0","10","10"
"任命河东节","0","10","10"
"为润州刺史","0","10","10"
"为越州刺史","0","10","10"
"冬十月四日","0","10","10"
"兼任太原尹","0","10","10"
"任宣武军节","0","10","10"
"任剑南东川","0","10","10"
"兼门下侍郎","0","10","10"
"命太子宾客","0","10","10"
"三月十三日","0","10","10"
"为泾州刺史","0","10","10"
"任荆南节度","0","10","10"
"任黄门侍郎","0","10","10"
"元和十二年","0","10","10"
"到如此地步","0","10","10"
"任工部侍郎","0","10","10"
"任监察御史","0","10","10"
"武侯大将军","0","10","10"
"彗星出现在","0","10","10"
"被打得大败","0","10","10"
"命令有关部","0","10","10"
"孙无忌等人","0","10","10"
"尉迟敬德说","0","10","10"
"在灵柩前即","0","10","10"
"春正月二十","0","10","10"
"四月十四日","0","10","10"
"驾到新丰之","0","10","10"
"到新丰之温","0","10","10"
"二月十七日","0","10","10"
"冬十月五日","0","10","10"
"二月十六日","0","10","10"
"上封章奏事","0","10","10"
"记录囚徒罪","0","10","10"
"录囚徒罪状","0","10","10"
"令文武官员","0","10","10"
"七月十七日","0","10","10"
"的车驾驻跸","0","10","10"
"率领文武百","0","10","10"
"领文武百官","0","10","10"
"正月二十三","0","10","10"
"十一月十七","0","10","10"
"一月十七日","0","10","10"
"停止上朝三","0","10","10"
"皇上身体不","0","10","10"
"上身体不适","0","10","10"
"驾到宣政殿","0","10","10"
"驾临宣政殿","0","10","10"
"充任义成军","0","10","10"
"主持博学宏","0","10","10"
"持博学宏词","0","10","10"
"科考试选拔","0","10","10"
"考试选拔人","0","10","10"
"试选拔人才","0","10","10"
"门下省同平","0","10","10"
"下省同平章","0","10","10"
"省同平章事","0","10","10"
"东畿汝都防","7","2","9"
"畿汝都防御","7","2","9"
"节度使郭英","4","5","9"
"开元十七年","3","6","9"
"平章军国重","5","4","9"
"章军国重事","5","4","9"
"左台御史大","5","4","9"
"宝圣文神武","4","5","9"
"四面行营兵","4","5","9"
"面行营兵马","4","5","9"
"部郎中知制","6","3","9"
"书吏部侍郎","5","4","9"
"史大夫魏元","4","5","9"
"大夫魏元忠","4","5","9"
"节度使崔光","4","5","9"
"度使崔光远","4","5","9"
"浙西节度使","4","5","9"
"浙江西道节","4","5","9"
"江西道节度","4","5","9"
"福建都团练","5","4","9"
"充岭南节度","9","0","9"
"上御宣政殿","9","0","9"
"七月十三日","2","7","9"
"书兵部侍郎","4","5","9"
"充翰林侍讲","8","1","9"
"汝州都防御","4","5","9"
"翰林学士陆","5","4","9"
"冀深赵等州","5","4","9"
"东军节度使","2","7","9"
"沙陀三部落","6","3","9"
"河阳三城镇","4","5","9"
"阳三城镇遏","4","5","9"
"三城镇遏使","4","5","9"
"度支营田观","8","1","9"
"支营田观察","8","1","9"
"晋绛慈隰节","5","4","9"
"春正月乙巳","8","1","9"
"招讨处置使","4","5","9"
"州司户参军","4","5","9"
"子通事舍人","5","4","9"
"节度副使王","4","5","9"
"凤翔李茂贞","5","4","9"
"原节度使李","4","5","9"
"五月二十三","1","8","9"
"御史中丞宇","4","5","9"
"史中丞宇文","4","5","9"
"充忠武军节","9","0","9"
"判太常卿事","6","3","9"
"左武候大将","7","2","9"
"高丽莫离支","5","4","9"
"令中书舍人","4","5","9"
"淮安王神通","6","3","9"
"左相韦见素","5","4","9"
"加授开府仪","2","7","9"
"天大圣皇后","4","5","9"
"户部尚书李","4","5","9"
"同紫微黄门","5","4","9"
"元年十二月","5","4","9"
"内外文武官","4","5","9"
"夏四月乙丑","9","0","9"
"幸新丰温汤","9","0","9"
"部尚书侯君","4","5","9"
"尚书侯君集","4","5","9"
"国遣使朝贡","9","0","9"
"节度使哥舒","4","5","9"
"度使哥舒翰","4","5","9"
"实封一千五","5","4","9"
"封一千五百","5","4","9"
"军节度观察","8","1","9"
"宣武节度使","3","6","9"
"节度使李克","4","5","9"
"华州节度使","4","5","9"
"昭义节度副","6","3","9"
"充武宁军节","9","0","9"
"食邑九千户","5","4","9"
"西道观察处","5","4","9"
"义军节度留","3","6","9"
"八月十二日","1","8","9"
"西平郡王李","4","5","9"
"本州团练使","4","5","9"
"贬户部侍郎","4","5","9"
"节度使薛平","4","5","9"
"天德军防御","4","5","9"
"赐群臣宴曲","9","0","9"
"军中尉仇士","4","5","9"
"十一月八日","1","8","9"
"慈隰节度使","4","5","9"
"州都团练使","2","7","9"
"度支盐铁转","6","3","9"
"支盐铁转运","6","3","9"
"东节度使马","4","5","9"
"西台侍郎上","4","5","9"
"台侍郎上官","4","5","9"
"正月十四日","1","8","9"
"五月十五日","1","8","9"
"任检校户部","0","9","9"
"为翰林学士","0","9","9"
"元和十五年","0","9","9"
"夏四月八日","0","9","9"
"兼扬州大都","0","9","9"
"为右散骑常","0","9","9"
"宋国公萧王","0","9","9"
"二月二十六","0","9","9"
"兼任京兆尹","0","9","9"
"命正议大夫","0","9","9"
"六月十五日","0","9","9"
"为同中书门","0","9","9"
"秋七月初一","0","9","9"
"主持节度事","0","9","9"
"为江西观察","0","9","9"
"为桂管观察","0","9","9"
"为宁节度使","0","9","9"
"以刑部尚书","0","9","9"
"充任宣武军","0","9","9"
"任命太子宾","0","9","9"
"任检校司徒","0","9","9"
"充任成德军","0","9","9"
"九月十九日","0","9","9"
"充任剑南西","0","9","9"
"仆射于志宁","0","9","9"
"在皇帝面前","0","9","9"
"隋炀帝大业","0","9","9"
"为礼部侍郎","0","9","9"
"任尚书左丞","0","9","9"
"以下的官员","0","9","9"
"为怀州刺史","0","9","9"
"流放到岭南","0","9","9"
"在凌烟阁上","0","9","9"
"令有关官员","0","9","9"
"上亲自祭祀","0","9","9"
"从东都回来","0","9","9"
"八月十一日","0","9","9"
"上表章请求","0","9","9"
"十二月十日","0","9","9"
"品以下加一","0","9","9"
"王为皇太子","0","9","9"
"正月十三日","0","9","9"
"六月十七日","0","9","9"
"八月一日是","0","9","9"
"正月十七日","0","9","9"
"秋八月二十","0","9","9"
"五月十八日","0","9","9"
"公主下嫁给","0","9","9"
"二月二十七","0","9","9"
"太原李克用","0","9","9"
"追加谥号为","0","9","9"
"任徐州刺史","0","9","9"
"上的车驾驻","0","9","9"
"命兵部尚书","0","9","9"
"二月二十九","0","9","9"
"书省上奏说","0","9","9"
"理御史中丞","0","9","9"
"十月十四日","0","9","9"
"派遣使者赈","0","9","9"
"十月十二日","0","9","9"
"低职务的度","0","9","9"
"入太微星座","0","9","9"
"词科考试选","0","9","9"
"皇上驾临宣","0","9","9"
"上驾临宣政","0","9","9"
"安禄山反叛","0","9","9"
"超越本分号","0","9","9"
"越本分号称","0","9","9"
"冬十月丁酉","8","0","8"
"畿汝防御使","7","1","8"
"散骑常侍张","4","4","8"
"唐邓节度使","3","5","8"
"西山八国云","5","3","8"
"山八国云南","5","3","8"
"节度使田季","4","4","8"
"度使田季安","4","4","8"
"元二年正月","4","4","8"
"判国子祭酒","7","1","8"
"散骑常侍崔","4","4","8"
"加检校右仆","5","3","8"
"兵马使崔旰","4","4","8"
"川行军司马","4","4","8"
"国公侯君集","4","4","8"
"国公程知节","4","4","8"
"加光禄大夫","6","2","8"
"赠太子太师","5","3","8"
"驸马都尉王","3","5","8"
"食实封五百","5","3","8"
"韩国公张仁","4","4","8"
"右羽林卫大","4","4","8"
"左右羽林军","4","4","8"
"兵部尚书郭","4","4","8"
"太子少詹事","4","4","8"
"大将军阿史","4","4","8"
"卫大将军契","4","4","8"
"十六年春正","4","4","8"
"十八年春正","4","4","8"
"上玄元皇帝","4","4","8"
"高宗天皇大","4","4","8"
"度使李匡威","4","4","8"
"荆南节度观","5","3","8"
"凤翔陇州节","2","6","8"
"翔陇州节度","2","6","8"
"陇州节度使","2","6","8"
"浙江东道观","4","4","8"
"江东道观察","4","4","8"
"东道观察处","4","4","8"
"博节度使罗","3","5","8"
"守刑部尚书","6","2","8"
"东县开国男","4","4","8"
"金吾上将军","4","4","8"
"守尚书右仆","7","1","8"
"尚书吏部侍","4","4","8"
"刑部郎中李","4","4","8"
"西台侍郎杨","4","4","8"
"台侍郎杨武","4","4","8"
"大将军薛仁","4","4","8"
"门下三品张","4","4","8"
"门下三品李","4","4","8"
"太宗文皇帝","4","4","8"
"州道行军元","4","4","8"
"侍中郝处俊","4","4","8"
"黄门侍郎崔","4","4","8"
"门侍郎崔知","4","4","8"
"侍郎崔知温","4","4","8"
"仆射窦怀贞","4","4","8"
"御史大夫王","4","4","8"
"部尚书萧嵩","4","4","8"
"兵部侍郎裴","4","4","8"
"中书侍郎张","4","4","8"
"肃政御史大","4","4","8"
"政御史大夫","4","4","8"
"侍郎苏味道","4","4","8"
"官侍郎李迥","4","4","8"
"侍郎李迥秀","4","4","8"
"十五年正月","4","4","8"
"关内节度使","4","4","8"
"北庭行营节","4","4","8"
"庭行营节度","4","4","8"
"崇文馆大学","4","4","8"
"节度使卫伯","4","4","8"
"度使卫伯玉","4","4","8"
"常州刺史李","4","4","8"
"御史大夫薛","4","4","8"
"观察使李承","4","4","8"
"华州刺史李","4","4","8"
"汴宋节度使","4","4","8"
"部尚书颜真","4","4","8"
"尚书颜真卿","4","4","8"
"前户部侍郎","5","3","8"
"华州镇国军","4","4","8"
"节度使李程","4","4","8"
"东节度副使","4","4","8"
"濠观察等使","6","2","8"
"李德裕检校","5","3","8"
"赵等州观察","4","4","8"
"检校太子宾","4","4","8"
"校太子宾客","4","4","8"
"道观察等使","7","1","8"
"充宣武军节","8","0","8"
"刑部尚书郑","4","4","8"
"充剑南东川","8","0","8"
"部员外郎张","4","4","8"
"东都留守李","4","4","8"
"代北行营招","4","4","8"
"北行营招讨","4","4","8"
"北平军等使","6","2","8"
"荥阳郡开国","4","4","8"
"营兵马都监","4","4","8"
"十一月辛未","8","0","8"
"安西大都护","4","4","8"
"南节度等使","6","2","8"
"营兵马副元","4","4","8"
"西川节度观","5","3","8"
"宰相李吉甫","4","4","8"
"南节度使严","3","5","8"
"节度使严绶","4","4","8"
"中城都防御","4","4","8"
"押蕃落等使","7","1","8"
"邑二千户李","4","4","8"
"博陵县开国","4","4","8"
"千五百户李","4","4","8"
"德军节度副","4","4","8"
"彭城县开国","4","4","8"
"同平章事张","4","4","8"
"充幽州卢龙","8","0","8"
"铁转运使王","4","4","8"
"统押近界诸","5","3","8"
"押近界诸蛮","5","3","8"
"户部尚书高","4","4","8"
"高阳县男许","4","4","8"
"阳县男许敬","4","4","8"
"县男许敬宗","4","4","8"
"燕国公志宁","8","0","8"
"乐安县公任","4","4","8"
"安县公任雅","4","4","8"
"县公任雅相","4","4","8"
"司刑太常伯","4","4","8"
"太子右中护","4","4","8"
"西台侍郎孙","4","4","8"
"司戎太常伯","4","4","8"
"永安郡公姜","4","4","8"
"安郡公姜恪","4","4","8"
"徐泗节度使","4","4","8"
"迁监察御史","8","0","8"
"春秋左氏传","4","4","8"
"府录事参军","4","4","8"
"文馆直学士","4","4","8"
"中书令张说","4","4","8"
"中书令张九","4","4","8"
"书令张九龄","4","4","8"
"副使王智兴","4","4","8"
"节度使崔群","4","4","8"
"左仆射韩皋","4","4","8"
"度使李全略","4","4","8"
"中书舍人裴","4","4","8"
"集贤大学士","4","4","8"
"左骁卫将军","4","4","8"
"驸马都尉杜","4","4","8"
"四月二十三","1","7","8"
"本道观察使","5","3","8"
"群臣上尊号","7","1","8"
"徐泗濠观察","5","3","8"
"太守颜真卿","4","4","8"
"颍等州观察","3","5","8"
"兵部侍郎许","4","4","8"
"中书令岑文","4","4","8"
"书令岑文本","4","4","8"
"英国公李勣","8","0","8"
"内史李昭德","4","4","8"
"部尚书许敬","4","4","8"
"尚书许敬宗","4","4","8"
"东都留守裴","4","4","8"
"大将军李多","4","4","8"
"部尚书独孤","4","4","8"
"天官员外郎","4","4","8"
"赠工部尚书","6","2","8"
"内侍高力士","4","4","8"
"东南道行台","4","4","8"
"左光禄大夫","4","4","8"
"海道行军大","4","4","8"
"任城王道宗","6","2","8"
"东道行军大","4","4","8"
"中书令许敬","4","4","8"
"书令许敬宗","4","4","8"
"州刺史令狐","4","4","8"
"黄门侍郎褚","4","4","8"
"门侍郎褚遂","4","4","8"
"中书舍人刘","4","4","8"
"太子宾客李","4","4","8"
"官赐勋一转","8","0","8"
"上赐爵一级","8","0","8"
"慕容诺曷钵","4","4","8"
"夏四月戊寅","8","0","8"
"百济王扶余","4","4","8"
"春正月戊辰","7","1","8"
"将军梁建方","4","4","8"
"十二月乙卯","8","0","8"
"春正月丁丑","8","0","8"
"平卢节度使","3","5","8"
"节度使皇甫","4","4","8"
"蔡州四面行","4","4","8"
"军中尉杨复","4","4","8"
"中尉杨复恭","4","4","8"
"军节度使钱","4","4","8"
"令户部侍郎","4","4","8"
"礼部尚书苏","4","4","8"
"六军十二卫","4","4","8"
"工部尚书王","4","4","8"
"千六百九十","4","4","8"
"瀚海都护府","4","4","8"
"十二月丙戌","8","0","8"
"侍郎郝处俊","4","4","8"
"三品刘仁轨","4","4","8"
"龟兹王白素","4","4","8"
"兹王白素稽","4","4","8"
"移安东都护","4","4","8"
"突厥史伏念","4","4","8"
"刑部尚书李","4","4","8"
"户部侍郎裴","4","4","8"
"金轮圣神皇","4","4","8"
"轮圣神皇帝","4","4","8"
"等州节度观","6","2","8"
"潞节度使李","4","4","8"
"押诸蕃部落","4","4","8"
"西山兵马使","4","4","8"
"副元帅郭子","4","4","8"
"元帅郭子仪","4","4","8"
"部侍郎李涵","4","4","8"
"节度使硃泚","8","0","8"
"吏部侍郎杨","4","4","8"
"南节度使王","4","4","8"
"刑部侍郎刘","4","4","8"
"盐铁使王播","4","4","8"
"节度使留后","2","6","8"
"前湖南观察","5","3","8"
"前江西观察","6","2","8"
"文武常参官","6","2","8"
"中书舍人韦","4","4","8"
"管观察使李","4","4","8"
"中节度使李","4","4","8"
"吾卫将军李","4","4","8"
"原节度使刘","4","4","8"
"节度使刘沔","4","4","8"
"华州防御使","4","4","8"
"太子少师致","8","0","8"
"子少师致仕","8","0","8"
"户部侍郎张","4","4","8"
"国子司业裴","4","4","8"
"吏部侍郎萧","4","4","8"
"博节度使何","4","4","8"
"李国昌父子","3","5","8"
"部侍郎崔沆","4","4","8"
"节度使王重","3","5","8"
"度使王重荣","3","5","8"
"北庭节度使","3","5","8"
"吐蕃宰相尚","2","6","8"
"蕃宰相尚结","2","6","8"
"宰相尚结赞","2","6","8"
"加御史大夫","7","1","8"
"四镇节度使","3","5","8"
"节度使袁滋","4","4","8"
"道节度使严","4","4","8"
"部尚书韩皋","4","4","8"
"节度使韩弘","4","4","8"
"部尚书李绛","4","4","8"
"史中丞裴度","4","4","8"
"军节度使马","4","4","8"
"节度使马总","4","4","8"
"三月二十四","1","7","8"
"九月十七日","1","7","8"
"弓月道总管","4","4","8"
"北平县公张","4","4","8"
"平县公张行","4","4","8"
"县公张行成","4","4","8"
"将军赵孝祖","4","4","8"
"颍川县公韩","4","4","8"
"川县公韩瑗","4","4","8"
"夫人杨氏改","4","4","8"
"侍郎杜正伦","4","4","8"
"大将军程知","4","4","8"
"将军程知节","4","4","8"
"皇太子宾客","4","4","8"
"河间郡公李","4","4","8"
"间郡公李义","4","4","8"
"郡公李义府","4","4","8"
"侍中许敬宗","4","4","8"
"王扶余义慈","4","4","8"
"检校右中护","4","4","8"
"太子通事舍","4","4","8"
"贞观十九年","1","7","8"
"元二年十月","4","4","8"
"他们的子孙","0","8","8"
"治理天下的","0","8","8"
"隐太子李建","0","8","8"
"任汴州刺史","0","8","8"
"为青州刺史","0","8","8"
"天宝十三年","0","8","8"
"为许州刺史","0","8","8"
"长孙无忌为","0","8","8"
"任命正议大","0","8","8"
"兼户部尚书","0","8","8"
"部尚书的加","0","8","8"
"尚书的加官","0","8","8"
"八月十五日","0","8","8"
"为大都督府","0","8","8"
"都任同凤阁","0","8","8"
"以太子宾客","0","8","8"
"以工部侍郎","0","8","8"
"以门下侍郎","0","8","8"
"充任岭南节","0","8","8"
"以兵部尚书","0","8","8"
"任命刑部尚","0","8","8"
"为汴州刺史","0","8","8"
"以同州刺史","0","8","8"
"为滑州刺史","0","8","8"
"八月十八日","0","8","8"
"任命右金吾","0","8","8"
"军队屯驻在","0","8","8"
"以中书侍郎","0","8","8"
"十二月十九","0","8","8"
"兼礼部尚书","0","8","8"
"兼任门下侍","0","8","8"
"以翰林学士","0","8","8"
"任江西观察","0","8","8"
"任命宣武军","0","8","8"
"左仆射于志","0","8","8"
"燕国公于志","0","8","8"
"国公于志宁","0","8","8"
"次上表请求","0","8","8"
"祭祀先圣先","0","8","8"
"祀先圣先师","0","8","8"
"为国子祭酒","0","8","8"
"宗非常高兴","0","8","8"
"皇帝的车驾","0","8","8"
"各道的军队","0","8","8"
"国家的根本","0","8","8"
"为崖州司户","0","8","8"
"任湖南观察","0","8","8"
"上表请求辞","0","8","8"
"派遣使者到","0","8","8"
"没有一个人","0","8","8"
"从了他的意","0","8","8"
"昭仪为皇后","0","8","8"
"军渡过黄河","0","8","8"
"接受群臣朝","0","8","8"
"各有等级差","0","8","8"
"秋七月四日","0","8","8"
"十月十七日","0","8","8"
"十二月九日","0","8","8"
"十一月十三","0","8","8"
"一月十三日","0","8","8"
"被关押囚犯","0","8","8"
"讨伐平定了","0","8","8"
"十二月十二","0","8","8"
"特殊情况而","0","8","8"
"殊情况而赦","0","8","8"
"情况而赦免","0","8","8"
"十一月十一","0","8","8"
"一月十一日","0","8","8"
"国派遣使者","0","8","8"
"六月十九日","0","8","8"
"五月十二日","0","8","8"
"七月十五日","0","8","8"
"十月一日是","0","8","8"
"正月十二日","0","8","8"
"五月十六日","0","8","8"
"中书省门下","0","8","8"
"书省门下省","0","8","8"
"七月二十六","0","8","8"
"十二月二日","0","8","8"
"二月二十三","0","8","8"
"官员五品以","0","8","8"
"员五品以上","0","8","8"
"实际封户一","0","8","8"
"决定任命河","0","8","8"
"初一为壬申","0","8","8"
"一为壬申日","0","8","8"
"任武宁军节","0","8","8"
"七月二十三","0","8","8"
"五月十九日","0","8","8"
"祭祀昊天上","0","8","8"
"遣使者赈济","0","8","8"
"罢免参知政","0","8","8"
"免参知政事","0","8","8"
"四月二十一","0","8","8"
"三月十七日","0","8","8"
"一月二十四","0","8","8"
"州发生水灾","0","8","8"
"节度使朱氵","0","8","8"
"度使朱氵此","0","8","8"
"进入太微星","0","8","8"
"十月十三日","0","8","8"
"为陕虢观察","0","8","8"
"在曲江亭宴","0","8","8"
"暂时代理主","0","8","8"
"时代理主持","0","8","8"
"离任退休的","0","8","8"
"书门下省同","0","8","8"
"使李光颜为","0","8","8"
"安禄山叛乱","0","8","8"
"加同平章事","7","0","7"
"十五年二月","3","4","7"
"赐东园秘器","5","2","7"
"实封六百户","4","3","7"
"都督李大亮","3","4","7"
"将军契苾何","7","0","7"
"军契苾何力","7","0","7"
"节度采访使","4","3","7"
"齐国公长孙","3","4","7"
"守尚书左仆","7","0","7"
"春正月乙酉","7","0","7"
"徐国公萧嵩","3","4","7"
"检校扬州大","4","3","7"
"校扬州大都","4","3","7"
"建都团练观","4","3","7"
"陇西郡王李","4","3","7"
"田观察处置","6","1","7"
"赐绯鱼袋李","4","3","7"
"林学士陆贽","4","3","7"
"天德军丰州","3","4","7"
"深赵等州观","4","3","7"
"赐姓名曰李","5","2","7"
"户部尚书崔","3","4","7"
"节度使张镒","3","4","7"
"十一月乙亥","6","1","7"
"宣歙池观察","7","0","7"
"歙池观察使","7","0","7"
"六月十二日","2","5","7"
"西城中城都","4","3","7"
"城中城都防","4","3","7"
"宰相监修国","3","4","7"
"相监修国史","3","4","7"
"充荆南节度","7","0","7"
"邠宁庆节度","7","0","7"
"紫金鱼袋萧","4","3","7"
"江南西道都","3","4","7"
"南西道都团","3","4","7"
"招讨处置等","5","2","7"
"讨处置等使","5","2","7"
"右卫上将军","4","3","7"
"充盐铁转运","7","0","7"
"云南安抚等","4","3","7"
"南安抚等使","4","3","7"
"侍御史知杂","3","4","7"
"左仆射志宁","7","0","7"
"军中尉王守","3","4","7"
"时年六十七","5","2","7"
"部员外郎李","3","4","7"
"度副使王智","3","4","7"
"赐实封三百","5","2","7"
"加食邑一千","6","1","7"
"迁户部尚书","6","1","7"
"置五经博士","4","3","7"
"贬崖州司户","7","0","7"
"食实封二百","6","1","7"
"节度使王智","4","3","7"
"度使王智兴","4","3","7"
"中书门下奏","7","0","7"
"贼将史思明","3","4","7"
"授监察御史","5","2","7"
"贞观十二年","1","6","7"
"赠越州都督","4","3","7"
"文武九品上","7","0","7"
"节度支度营","4","3","7"
"度支度营田","4","3","7"
"封西平郡王","5","2","7"
"驾部员外郎","3","4","7"
"交河道行军","3","4","7"
"江夏王道宗","4","3","7"
"府兵曹参军","3","4","7"
"十三年正月","2","5","7"
"紫微黄门平","4","3","7"
"微黄门平章","4","3","7"
"黄门平章事","4","3","7"
"十一月乙丑","7","0","7"
"春正月庚子","7","0","7"
"置少卿一员","5","2","7"
"春正月庚寅","7","0","7"
"遣礼部尚书","5","2","7"
"御含元殿受","7","0","7"
"事黄门侍郎","3","4","7"
"十一月辛酉","6","1","7"
"新罗渤海两","5","2","7"
"罗渤海两蕃","5","2","7"
"百僚上徽号","7","0","7"
"僚上徽号曰","7","0","7"
"左军中尉杨","3","4","7"
"节度使李茂","2","5","7"
"节度使王行","2","5","7"
"陕州节度使","4","3","7"
"镇国军节度","3","4","7"
"文武百僚上","7","0","7"
"左右军中尉","3","4","7"
"书左仆射刘","3","4","7"
"九月二十九","1","6","7"
"浙江东西道","5","2","7"
"九月二十日","1","6","7"
"十二月己酉","6","1","7"
"冬十月己酉","6","1","7"
"开元通宝钱","4","3","7"
"十二月庚寅","7","0","7"
"春正月癸亥","7","0","7"
"魏王武承嗣","2","5","7"
"度使李光弼","3","4","7"
"三州节度使","2","5","7"
"山南东道襄","4","3","7"
"宋州刺史刘","4","3","7"
"任灵州大都","1","6","7"
"左仆射裴冕","3","4","7"
"节度使马璘","7","0","7"
"度使李光进","3","4","7"
"神策军兵马","3","4","7"
"策军兵马使","3","4","7"
"节度使李承","3","4","7"
"使李德裕奏","3","4","7"
"检校司空李","3","4","7"
"德军防御使","3","4","7"
"振武节度使","4","3","7"
"一千二百人","3","4","7"
"道行军司马","4","3","7"
"道节度使裴","3","4","7"
"邑七百户李","3","4","7"
"上谓宰臣曰","7","0","7"
"臣宴曲江亭","7","0","7"
"部尚书令狐","3","4","7"
"尚书令狐楚","3","4","7"
"节度使李德","2","5","7"
"度使李德裕","2","5","7"
"吾大将军李","3","4","7"
"振武麟胜节","6","1","7"
"武麟胜节度","6","1","7"
"同州防御使","3","4","7"
"平郡王李晟","3","4","7"
"南诏异牟寻","5","2","7"
"两省供奉官","4","3","7"
"京兆尹李充","3","4","7"
"宁庆节度使","6","1","7"
"坊丹延节度","5","2","7"
"一月十四日","2","5","7"
"平章事令狐","4","3","7"
"西道观察使","1","6","7"
"神武大将军","3","4","7"
"诸道行营都","4","3","7"
"节度使高骈","4","3","7"
"节度使刘洽","3","4","7"
"方节度使李","3","4","7"
"元元年正月","4","3","7"
"近太微西垣","3","4","7"
"太子少师郑","3","4","7"
"命淮南节度","1","6","7"
"十月二十六","1","6","7"
"贞元十一年","2","5","7"
"钱一百万贯","4","3","7"
"节度使田布","2","5","7"
"节度使陈楚","3","4","7"
"贞元十二年","2","5","7"
"二年正月一","2","5","7"
"州节度留后","2","5","7"
"大历十二年","2","5","7"
"了很长时间","0","7","7"
"朝廷内外官","0","7","7"
"的典章制度","0","7","7"
"四月二十二","0","7","7"
"皇上敕令说","0","7","7"
"七月十八日","0","7","7"
"对宰相们说","0","7","7"
"有什么不同","0","7","7"
"加授检校司","0","7","7"
"为扬州大都","0","7","7"
"为荆州大都","0","7","7"
"宋王成器为","0","7","7"
"群臣上谥号","0","7","7"
"臣上谥号曰","0","7","7"
"铁转运使等","0","7","7"
"任命左金吾","0","7","7"
"十二月十四","0","7","7"
"流放充军到","0","7","7"
"旧主持政事","0","7","7"
"为兵部郎中","0","7","7"
"阿史那承庆","0","7","7"
"夏四月二日","0","7","7"
"为宣州刺史","0","7","7"
"下平章事的","0","7","7"
"任广州刺史","0","7","7"
"为梓州刺史","0","7","7"
"以正议大夫","0","7","7"
"夏四月初一","0","7","7"
"冬十月初一","0","7","7"
"夏四月三日","0","7","7"
"兼任吏部尚","0","7","7"
"振武军节度","0","7","7"
"任左散骑常","0","7","7"
"任检校吏部","0","7","7"
"为户部郎中","0","7","7"
"以泾原节度","0","7","7"
"任襄州刺史","0","7","7"
"为夏州刺史","0","7","7"
"为散骑常侍","0","7","7"
"任命司农卿","0","7","7"
"为澧州刺史","0","7","7"
"凭本官任同","0","7","7"
"兼太子太傅","0","7","7"
"任幽州卢龙","0","7","7"
"兼太子詹事","0","7","7"
"命令给事中","0","7","7"
"圣明的君主","0","7","7"
"这是为什么","0","7","7"
"是为什么呢","0","7","7"
"在东都洛阳","0","7","7"
"年考中进士","0","7","7"
"升为监察御","0","7","7"
"东都洛阳的","0","7","7"
"没有这样的","0","7","7"
"任考功员外","0","7","7"
"奏请朝廷授","0","7","7"
"任太子少保","0","7","7"
"主持节度使","0","7","7"
"观察使等职","0","7","7"
"到东都洛阳","0","7","7"
"任光禄大夫","0","7","7"
"司空李责力","0","7","7"
"光禄大夫的","0","7","7"
"他的儿子李","0","7","7"
"停止上朝一","0","7","7"
"任剑南节度","0","7","7"
"颉利可汗的","0","7","7"
"派他的儿子","0","7","7"
"以开府仪同","0","7","7"
"太宗李世民","0","7","7"
"长孙无忌和","0","7","7"
"三品以上的","0","7","7"
"为睦州刺史","0","7","7"
"对长孙无忌","0","7","7"
"皇太子代理","0","7","7"
"太子代理国","0","7","7"
"子代理国政","0","7","7"
"九品以上官","0","7","7"
"以上官员及","0","7","7"
"命令有关官","0","7","7"
"命令文武官","0","7","7"
"冬十月十七","0","7","7"
"一月二十六","0","7","7"
"皇上驾到安","0","7","7"
"年春正月九","0","7","7"
"春正月九日","0","7","7"
"员三品以上","0","7","7"
"四品以下加","0","7","7"
"官五品以上","0","7","7"
"五月十一日","0","7","7"
"不能赦免者","0","7","7"
"官三品以上","0","7","7"
"命令皇太子","0","7","7"
"太上皇驾到","0","7","7"
"三月二十八","0","7","7"
"六月二十日","0","7","7"
"八月十四日","0","7","7"
"按等级赐给","0","7","7"
"十月十六日","0","7","7"
"秋八月一日","0","7","7"
"年春正月五","0","7","7"
"春正月五日","0","7","7"
"二月二十八","0","7","7"
"冬十月十一","0","7","7"
"八月二十三","0","7","7"
"一月二十日","0","7","7"
"十二月十五","0","7","7"
"一月二十七","0","7","7"
"为检校太尉","0","7","7"
"一月二十三","0","7","7"
"道的节度使","0","7","7"
"充任昭义军","0","7","7"
"任昭义军节","0","7","7"
"执掌节度使","0","7","7"
"初一为丙子","0","7","7"
"一为丙子日","0","7","7"
"初一为己酉","0","7","7"
"一为己酉日","0","7","7"
"车驾驻跸在","0","7","7"
"仍和原来一","0","7","7"
"任命兵部尚","0","7","7"
"朱全忠命令","0","7","7"
"八月二十九","0","7","7"
"九月二十三","0","7","7"
"正月十一日","0","7","7"
"一月二十五","0","7","7"
"二十七日夜","0","7","7"
"八月二十一","0","7","7"
"皇上车驾回","0","7","7"
"新丰之温泉","0","7","7"
"皇上诏令以","0","7","7"
"被关押的囚","0","7","7"
"九月一日是","0","7","7"
"为桂州刺史","0","7","7"
"任桂管观察","0","7","7"
"为黔中观察","0","7","7"
"曲江亭宴会","0","7","7"
"赐群臣宴会","0","7","7"
"停止上朝五","0","7","7"
"州观察使等","0","7","7"
"安伪朝廷的","0","7","7"
"会妨害成就","0","7","7"
"妨害成就霸","0","7","7"
"害成就霸业","0","7","7"
"谏议大夫王","3","3","6"
"任吏部郎中","1","5","6"
"罚一月俸料","6","0","6"
"御史台大夫","3","3","6"
"驸马都尉薛","3","3","6"
"开成二年五","3","3","6"
"成二年五月","3","3","6"
"黔州观察使","3","3","6"
"贞观二十年","1","5","6"
"西川行军司","3","3","6"
"山南东道副","3","3","6"
"南东道副元","3","3","6"
"东道副元帅","3","3","6"
"国公尉迟敬","3","3","6"
"公尉迟敬德","3","3","6"
"顺圣皇后窦","3","3","6"
"圣皇后窦氏","3","3","6"
"安国相王府","3","3","6"
"国相王府长","3","3","6"
"十一月戊寅","6","0","6"
"部尚书韦巨","3","3","6"
"尚书韦巨源","3","3","6"
"芮国公豆卢","3","3","6"
"国公豆卢钦","3","3","6"
"公豆卢钦望","3","3","6"
"齐国公魏元","3","3","6"
"国公魏元忠","3","3","6"
"黄门侍郎李","3","3","6"
"吏部尚书宋","3","3","6"
"国公韦安石","3","3","6"
"部尚书郭元","3","3","6"
"尚书郭元振","3","3","6"
"玄真大圣大","3","3","6"
"真大圣大兴","3","3","6"
"大圣大兴孝","3","3","6"
"圣大兴孝皇","3","3","6"
"大兴孝皇帝","3","3","6"
"凉州都督李","3","3","6"
"凉州道行军","3","3","6"
"中书令马周","3","3","6"
"二十年春正","3","3","6"
"安西都护郭","3","3","6"
"文武大圣大","3","3","6"
"春正月乙亥","6","0","6"
"东都副留守","3","3","6"
"太子宾客崔","3","3","6"
"仆射裴耀卿","3","3","6"
"太上玄元皇","3","3","6"
"圣祖玄元皇","3","3","6"
"祖玄元皇帝","3","3","6"
"安北都护府","3","3","6"
"太子少保李","3","3","6"
"节度使安禄","3","3","6"
"度使安禄山","3","3","6"
"神尧大圣大","3","3","6"
"尧大圣大光","3","3","6"
"大圣大光孝","3","3","6"
"圣大光孝皇","3","3","6"
"大光孝皇帝","3","3","6"
"宗天皇大圣","3","3","6"
"天皇大圣大","3","3","6"
"皇大圣大弘","3","3","6"
"大圣大弘孝","3","3","6"
"圣大弘孝皇","3","3","6"
"大弘孝皇帝","3","3","6"
"长史袁履谦","3","3","6"
"秋七月壬子","6","0","6"
"国公长孙忌","6","0","6"
"春正月辛丑","6","0","6"
"河间郡开国","3","3","6"
"陇西郡开国","3","3","6"
"西郡开国公","3","3","6"
"邑三千户李","3","3","6"
"充河阳三城","6","0","6"
"充集贤殿大","5","1","6"
"充诸道兵马","6","0","6"
"威卫上将军","3","3","6"
"静海军节度","3","3","6"
"博陵郡开国","3","3","6"
"陵郡开国公","3","3","6"
"卫员外大将","3","3","6"
"员外大将军","3","3","6"
"检校大理卿","3","3","6"
"高祖神尧皇","3","3","6"
"祖神尧皇帝","3","3","6"
"工部尚书刘","3","3","6"
"左丞崔知悌","4","2","6"
"黄门侍郎郭","3","3","6"
"左仆射窦怀","3","3","6"
"雍州长史李","3","3","6"
"林大将军常","3","3","6"
"大将军常元","3","3","6"
"将军常元楷","3","3","6"
"林将军李慈","3","3","6"
"北庭都护府","3","3","6"
"大将军李孝","3","3","6"
"将军李孝逸","3","3","6"
"左威卫大将","3","3","6"
"凤阁侍郎李","3","3","6"
"开元十五年","2","4","6"
"河西兵马使","3","3","6"
"左相苗晋卿","3","3","6"
"中书侍郎崔","3","3","6"
"采访处置使","3","3","6"
"六州节度使","3","3","6"
"节度使王思","3","3","6"
"度使王思礼","3","3","6"
"朝恩观军容","5","1","6"
"户部侍郎第","3","3","6"
"部侍郎第五","3","3","6"
"侍郎第五琦","3","3","6"
"集贤殿崇文","3","3","6"
"贤殿崇文馆","3","3","6"
"殿崇文馆大","3","3","6"
"河北副元帅","3","3","6"
"度支转运使","3","3","6"
"西川节度行","3","3","6"
"川节度行军","3","3","6"
"吏部尚书崔","3","3","6"
"河阳三城使","3","3","6"
"建观察使李","3","3","6"
"十二月丁亥","6","0","6"
"平卢淄青节","6","0","6"
"卢淄青节度","6","0","6"
"长庆元年三","3","3","6"
"庆元年三月","3","3","6"
"令狐楚检校","4","2","6"
"亳观察等使","5","1","6"
"岭南节度观","3","3","6"
"卫尉卿刘遵","3","3","6"
"尉卿刘遵古","3","3","6"
"晋国公裴度","3","3","6"
"部侍郎王播","3","3","6"
"紫金鱼袋韦","3","3","6"
"管内营田观","5","1","6"
"内营田观察","5","1","6"
"营田观察处","6","0","6"
"太原县开国","3","3","6"
"原县开国伯","3","3","6"
"部尚书柳公","3","3","6"
"尚书柳公绰","3","3","6"
"夏四月己巳","6","0","6"
"鸡林州诸军","3","3","6"
"林州诸军事","3","3","6"
"卢龙节度留","3","3","6"
"龙节度留后","3","3","6"
"节度使柳公","3","3","6"
"度使柳公绰","3","3","6"
"襄武县开国","3","3","6"
"武县开国侯","3","3","6"
"十二月丙申","6","0","6"
"御史中丞狄","3","3","6"
"畿汝州都防","3","3","6"
"十一月乙酉","6","0","6"
"慈隰观察使","5","1","6"
"右神策行营","3","3","6"
"平章事崔损","3","3","6"
"工部侍郎郑","3","3","6"
"水陆转运使","3","3","6"
"行军司马裴","3","3","6"
"节度使张允","3","3","6"
"度使张允伸","3","3","6"
"扶风郡开国","3","3","6"
"风郡开国公","3","3","6"
"河东节度观","6","0","6"
"东节度观察","6","0","6"
"扶风县开国","3","3","6"
"西道观察等","5","1","6"
"翰林学士张","3","3","6"
"浙江西道都","3","3","6"
"江西道都团","3","3","6"
"节度使李蔚","3","3","6"
"书舍人崔沆","3","3","6"
"谏议大夫崔","3","3","6"
"容管经略招","3","3","6"
"门下侍郎崔","3","3","6"
"江淮盐铁转","3","3","6"
"淮盐铁转运","3","3","6"
"太子宾客郑","3","3","6"
"右神策十军","3","3","6"
"诸道行营兵","3","3","6"
"道行营兵马","3","3","6"
"东中二受降","3","3","6"
"中二受降城","3","3","6"
"节度度支营","6","0","6"
"度度支营田","6","0","6"
"检校秘书少","3","3","6"
"校秘书少监","3","3","6"
"军节度使张","2","4","6"
"贬门下侍郎","3","3","6"
"银等州节度","3","3","6"
"蔡等州观察","2","4","6"
"范阳郡开国","3","3","6"
"同平章事裴","3","3","6"
"守御史中丞","5","1","6"
"金鱼袋崔慎","3","3","6"
"团练观察处","4","2","6"
"练观察处置","4","2","6"
"本管经略招","6","0","6"
"右监门将军","3","3","6"
"紫金鱼袋王","3","3","6"
"镇冀深赵观","5","1","6"
"冀深赵观察","5","1","6"
"城县开国男","3","3","6"
"依前翰林学","6","0","6"
"马步都虞候","3","3","6"
"怀孟节度使","3","3","6"
"节度使李愿","3","3","6"
"营田观察使","4","2","6"
"八国云南安","4","2","6"
"国云南安抚","4","2","6"
"部侍郎归登","3","3","6"
"南节度使赵","3","3","6"
"部尚书高季","3","3","6"
"尚书高季辅","3","3","6"
"春正月辛未","6","0","6"
"检校太子詹","3","3","6"
"校太子詹事","3","3","6"
"国公契苾何","6","0","6"
"公契苾何力","6","0","6"
"检校沛王府","3","3","6"
"校沛王府长","3","3","6"
"沛王府长史","3","3","6"
"城阳县侯刘","3","3","6"
"阳县侯刘祥","3","3","6"
"县侯刘祥道","3","3","6"
"议大夫李景","3","3","6"
"大夫李景俭","3","3","6"
"节度使李绛","3","3","6"
"加检校礼部","6","0","6"
"贤良方正制","3","3","6"
"良方正制科","3","3","6"
"谏议大夫独","3","3","6"
"议大夫独孤","3","3","6"
"大夫独孤朗","3","3","6"
"镇州节度使","3","3","6"
"刑部尚书张","3","3","6"
"侍郎李义府","3","3","6"
"武三思专权","2","4","6"
"阁舍人张嘉","3","3","6"
"舍人张嘉福","3","3","6"
"弘文馆直学","3","3","6"
"贞观十五年","1","5","6"
"台监察御史","3","3","6"
"户部郎中杨","3","3","6"
"左台侍御史","3","3","6"
"左骁卫兵曹","3","3","6"
"直言极谏科","3","3","6"
"付京兆府决","6","0","6"
"上御通化门","6","0","6"
"一月二十八","1","5","6"
"大中十三年","2","4","6"
"持危启运保","3","3","6"
"食邑四千户","3","3","6"
"宰相韦昭度","3","3","6"
"十三年四月","3","3","6"
"迁太子宾客","6","0","6"
"面招讨使马","3","3","6"
"招讨使马举","3","3","6"
"授检校司徒","1","5","6"
"加检校司空","5","1","6"
"长庆元年正","3","3","6"
"庆元年正月","3","3","6"
"授同州刺史","5","1","6"
"左仆射致仕","6","0","6"
"潼关防御等","4","2","6"
"关防御等使","4","2","6"
"贤良方正科","2","4","6"
"京兆尹杨虞","3","3","6"
"兆尹杨虞卿","3","3","6"
"尝谓侍臣曰","6","0","6"
"本官平章事","4","2","6"
"观察使令狐","3","3","6"
"中丞宇文鼎","3","3","6"
"充史馆修撰","5","1","6"
"上顾谓宰臣","6","0","6"
"顾谓宰臣曰","6","0","6"
"天宝十五年","1","5","6"
"泗濠观察等","4","2","6"
"宁军节度副","3","3","6"
"加御史中丞","5","1","6"
"时淮西节度","3","3","6"
"道节度副使","3","3","6"
"检校兵部郎","3","3","6"
"校兵部郎中","3","3","6"
"京兆尹元义","4","2","6"
"兆尹元义方","4","2","6"
"左赞善大夫","3","3","6"
"十五年六月","3","3","6"
"杀宰相武元","3","3","6"
"右翊卫将军","3","3","6"
"黄门侍郎刘","3","3","6"
"书侍郎岑文","3","3","6"
"侍郎岑文本","3","3","6"
"郡司法书佐","3","3","6"
"州都督府司","3","3","6"
"都督府司马","3","3","6"
"检校黄门侍","3","3","6"
"校黄门侍郎","3","3","6"
"赠开府仪同","4","2","6"
"赠幽州都督","3","3","6"
"州司法参军","3","3","6"
"千一百四十","3","3","6"
"国子祭酒祝","3","3","6"
"子祭酒祝钦","3","3","6"
"祭酒祝钦明","3","3","6"
"皇太后临朝","4","2","6"
"太子中舍人","3","3","6"
"将军裴居道","3","3","6"
"大夫明崇俨","3","3","6"
"林大将军李","2","4","6"
"沙吒忠义等","3","3","6"
"卫大将军刘","3","3","6"
"永安王孝基","4","2","6"
"工部尚书独","3","3","6"
"尚书独孤怀","3","3","6"
"书独孤怀恩","3","3","6"
"斩首万余级","6","0","6"
"侍中裴光庭","3","3","6"
"京畿采访使","3","3","6"
"宰臣杨国忠","3","3","6"
"十二月壬寅","5","1","6"
"六城水运使","3","3","6"
"川兵马留后","3","3","6"
"御史中丞宋","3","3","6"
"史中丞宋浑","3","3","6"
"充剑南节度","5","1","6"
"咸阳望贤驿","3","3","6"
"节度使王忠","3","3","6"
"度使王忠嗣","3","3","6"
"锋兵马元帅","3","3","6"
"左仆射杨素","3","3","6"
"赐实封四百","4","2","6"
"定襄道行军","3","3","6"
"襄道行军总","3","3","6"
"御史大夫温","3","3","6"
"等二十四人","3","3","6"
"辽东道副大","3","3","6"
"东道副大总","3","3","6"
"道副大总管","3","3","6"
"礼部侍郎令","3","3","6"
"部侍郎令狐","3","3","6"
"襄邑王神符","3","3","6"
"陈国公侯君","3","3","6"
"卢国公程知","3","3","6"
"监察御史李","3","3","6"
"侍中辛茂将","3","3","6"
"吏部侍郎高","3","3","6"
"一百三十卷","3","3","6"
"礼部尚书李","3","3","6"
"州道行台尚","3","3","6"
"总监钟绍京","3","3","6"
"军李多祚等","3","3","6"
"州员外司马","3","3","6"
"时太平公主","4","2","6"
"太子宾客韦","3","3","6"
"赐实封一百","4","2","6"
"镇国太平公","3","3","6"
"国太平公主","3","3","6"
"蒲州河东人","3","3","6"
"实封二千户","4","2","6"
"时年六十九","4","2","6"
"西副大都护","3","3","6"
"凤阁侍郎张","3","3","6"
"门下五品上","6","0","6"
"洛城南门楼","3","3","6"
"正月庚子朔","6","0","6"
"春正月丁卯","6","0","6"
"镇军大将军","3","3","6"
"工部尚书张","3","3","6"
"内外官三品","4","2","6"
"文武官三品","4","2","6"
"部尚书岑羲","3","3","6"
"令皇太子监","4","2","6"
"置太子左右","3","3","6"
"太子左右谕","3","3","6"
"子左右谕德","3","3","6"
"冬十月庚子","6","0","6"
"皇后祀先蚕","6","0","6"
"加同中书门","6","0","6"
"中书令温彦","3","3","6"
"书令温彦博","3","3","6"
"千五百七十","3","3","6"
"十七年春正","3","3","6"
"秋七月庚辰","5","1","6"
"春正月壬寅","6","0","6"
"二十一年春","3","3","6"
"十一月癸卯","6","0","6"
"沙钵罗叶护","3","3","6"
"十九年春正","3","3","6"
"万六千八百","3","3","6"
"万五千七百","3","3","6"
"书右仆射裴","3","3","6"
"千二百五十","3","3","6"
"平原太守颜","3","3","6"
"原太守颜真","3","3","6"
"武大将军陈","3","3","6"
"大将军陈玄","3","3","6"
"益州道行台","3","3","6"
"魏国公裴寂","3","3","6"
"圣穆景文孝","3","3","6"
"穆景文孝皇","3","3","6"
"景文孝皇帝","3","3","6"
"年二月二十","3","3","6"
"时年二十二","3","3","6"
"荆襄节度使","3","3","6"
"知制诰刘崇","3","3","6"
"青州节度使","3","3","6"
"押新罗渤海","5","1","6"
"书省四品上","6","0","6"
"北面行营招","3","3","6"
"招讨都虞候","3","3","6"
"沧德节度使","3","3","6"
"大将李存信","3","3","6"
"书右仆射王","3","3","6"
"黔中节度使","2","4","6"
"节度使时溥","3","3","6"
"中书舍人陆","3","3","6"
"御史中丞崔","3","3","6"
"同平章事崔","3","3","6"
"同州节度使","2","4","6"
"幽州兵马留","2","4","6"
"州节度副使","3","3","6"
"岭南东道观","3","3","6"
"南东道观察","3","3","6"
"尚书右丞崔","3","3","6"
"受群臣朝贺","2","4","6"
"太子宾客王","3","3","6"
"节度使刘仁","3","3","6"
"度使刘仁恭","3","3","6"
"泰宁军节度","3","3","6"
"检校国子祭","3","3","6"
"校国子祭酒","3","3","6"
"修奉太庙使","3","3","6"
"食邑五千户","3","3","6"
"中尉韩全诲","3","3","6"
"依前检校司","6","0","6"
"户部侍郎王","3","3","6"
"遣谏议大夫","3","3","6"
"部尚书苏循","3","3","6"
"造竭忠守正","3","3","6"
"竭忠守正功","3","3","6"
"忠守正功臣","3","3","6"
"广州节度使","3","3","6"
"枢密使蒋玄","3","3","6"
"密使蒋玄晖","3","3","6"
"太常卿王溥","3","3","6"
"十一月十九","1","5","6"
"一月十九日","1","5","6"
"谏议大夫郑","3","3","6"
"亲祀昊天上","6","0","6"
"鹿男窦德玄","3","3","6"
"行开元通宝","3","3","6"
"万八千二百","3","3","6"
"六千八百四","3","3","6"
"千八百四十","3","3","6"
"千一百五十","3","3","6"
"等一十八州","4","2","6"
"秋七月戊子","6","0","6"
"吐蕃大将论","3","3","6"
"冬十月癸酉","6","0","6"
"春正月甲午","6","0","6"
"夏四月戊申","6","0","6"
"十一月丁卯","6","0","6"
"部尚书李敬","2","4","6"
"尚书李敬玄","2","4","6"
"文武职事官","2","4","6"
"裴行俭大破","4","2","6"
"行俭大破突","4","2","6"
"俭大破突厥","4","2","6"
"赦京城系囚","6","0","6"
"安南都护府","3","3","6"
"新罗王金法","2","4","6"
"罗王金法敏","2","4","6"
"子左庶子刘","3","3","6"
"正月壬寅朔","6","0","6"
"春正月甲子","6","0","6"
"中丞宇文融","3","3","6"
"侍郎李元素","3","3","6"
"令兵部尚书","3","3","6"
"贼将安守忠","3","3","6"
"侍中苗晋卿","3","3","6"
"左龙武大将","3","3","6"
"羽林军大将","4","2","6"
"林军大将军","4","2","6"
"南副元帅李","3","3","6"
"同华节度使","2","4","6"
"西节度使王","2","4","6"
"臣上尊号曰","5","1","6"
"太常博士柳","3","3","6"
"渭北节度使","2","4","6"
"关内副元帅","3","3","6"
"山兵马使崔","3","3","6"
"等道副元帅","3","3","6"
"破吐蕃二万","5","1","6"
"部侍郎黎干","3","3","6"
"史大夫李栖","3","3","6"
"大夫李栖筠","3","3","6"
"部侍郎徐浩","3","3","6"
"贬吏部侍郎","4","2","6"
"陕州观察使","3","3","6"
"节度使崔宁","3","3","6"
"节度使李勉","2","4","6"
"泾原节度副","3","3","6"
"原节度副使","3","3","6"
"张掖郡王段","3","3","6"
"掖郡王段秀","3","3","6"
"郡王段秀实","3","3","6"
"河东节度留","3","3","6"
"东节度留后","3","3","6"
"鲁郡公颜真","3","3","6"
"郡公颜真卿","3","3","6"
"议大夫李渤","3","3","6"
"部尚书赵宗","3","3","6"
"尚书赵宗儒","3","3","6"
"前河中节度","4","2","6"
"节度使郭钊","3","3","6"
"使李德裕上","2","4","6"
"观察使殷侑","3","3","6"
"宣政殿受册","6","0","6"
"御史中丞独","3","3","6"
"史中丞独孤","3","3","6"
"中丞独孤朗","3","3","6"
"卫大将军高","3","3","6"
"秋七月丙寅","5","1","6"
"平章事裴度","4","2","6"
"龙军节度副","3","3","6"
"十二月八日","1","5","6"
"中尉梁守谦","3","3","6"
"节度使王涯","3","3","6"
"户部侍郎崔","3","3","6"
"东都留守崔","3","3","6"
"年七月二十","2","4","6"
"吏部侍郎王","3","3","6"
"权知京兆尹","6","0","6"
"观察使崔郾","3","3","6"
"左仆射李程","3","3","6"
"年十一月十","3","3","6"
"含元殿受朝","5","1","6"
"元殿受朝贺","5","1","6"
"行军司马郑","3","3","6"
"检校司空王","3","3","6"
"度使裴度充","2","4","6"
"吏部尚书令","3","3","6"
"中书舍人高","3","3","6"
"节度使王茂","3","3","6"
"度使王茂元","3","3","6"
"大将军陈君","3","3","6"
"翰林学士归","3","3","6"
"南观察使卢","3","3","6"
"节度使王元","3","3","6"
"度使王元逵","3","3","6"
"南观察使李","3","3","6"
"贬中书侍郎","3","3","6"
"节度使李元","3","3","6"
"怀化大将军","3","3","6"
"磁邢洺观察","6","0","6"
"州刺史董晋","3","3","6"
"谏议大夫裴","3","3","6"
"北庭行军泾","4","2","6"
"庭行军泾原","4","2","6"
"州刺史李景","3","3","6"
"等五十四人","3","3","6"
"十一月十四","1","5","6"
"试宏词选人","6","0","6"
"州行营都知","3","3","6"
"扬州都督府","3","3","6"
"郓州节度使","2","4","6"
"营招讨使李","3","3","6"
"北面行营都","3","3","6"
"大明宫留守","3","3","6"
"御史台五品","3","3","6"
"节度使李希","3","3","6"
"度使李希烈","3","3","6"
"州刺史李承","3","3","6"
"中书舍人卫","3","3","6"
"徐州刺史李","3","3","6"
"州刺史李洧","3","3","6"
"度使李抱真","3","3","6"
"陆运两税盐","3","3","6"
"运两税盐铁","3","3","6"
"蕃相尚结赞","6","0","6"
"事中孔巢父","3","3","6"
"怀光太子太","3","3","6"
"光太子太保","3","3","6"
"军都知兵马","3","3","6"
"部尚书王绍","3","3","6"
"宗正少卿李","3","3","6"
"吏部尚书韩","3","3","6"
"少师郑余庆","3","3","6"
"部侍郎柳公","3","3","6"
"侍郎柳公绰","3","3","6"
"西观察使韩","4","2","6"
"吾大将军胡","3","3","6"
"大将军胡证","3","3","6"
"官银青光禄","1","5","6"
"录事参军李","3","3","6"
"年三月二十","2","4","6"
"六百四十六","3","3","6"
"卫大将军郑","3","3","6"
"三十七万五","3","3","6"
"十七万五千","3","3","6"
"东都留守郑","3","3","6"
"盐铁转运副","3","3","6"
"铁转运副使","3","3","6"
"十三年二月","1","5","6"
"曾太皇太后","2","4","6"
"观察使韩皋","3","3","6"
"四月二十七","1","5","6"
"中丞李夷简","3","3","6"
"义节度使卢","3","3","6"
"皇太子承乾","3","3","6"
"十三年五月","3","3","6"
"同安大长公","3","3","6"
"县公高季辅","3","3","6"
"谏立武昭仪","4","2","6"
"右屯卫将军","3","3","6"
"检校御史大","3","3","6"
"校御史大夫","3","3","6"
"黄门侍郎许","2","4","6"
"门侍郎许圉","2","4","6"
"云中都护府","3","3","6"
"检校大司成","2","4","6"
"嘉兴县子陆","3","3","6"
"兴县子陆敦","3","3","6"
"县子陆敦信","3","3","6"
"三月二十六","1","5","6"
"太常卿同正","3","3","6"
"监门卫大将","3","3","6"
"门卫大将军","3","3","6"
"支度营田观","3","3","6"
"乾元二年十","3","3","6"
"五品正员官","3","3","6"
"贞元十三年","1","5","6"
"命京兆尹李","1","5","6"
"节度使严武","2","4","6"
"大历十一年","1","5","6"
"采纳了他的","0","6","6"
"因母亲去世","0","6","6"
"廷内外官员","0","6","6"
"当时的舆论","0","6","6"
"兼任太子少","0","6","6"
"听到这个消","0","6","6"
"到这个消息","0","6","6"
"更重要的了","0","6","6"
"到这个地步","0","6","6"
"宪宗发出诏","0","6","6"
"兼兵部尚书","0","6","6"
"兼太子左庶","0","6","6"
"兼检校吏部","0","6","6"
"豆卢钦望为","0","6","6"
"以防备突厥","0","6","6"
"冬十月三日","0","6","6"
"将军契艹必","0","6","6"
"军契艹必何","0","6","6"
"年春正月六","0","6","6"
"春正月六日","0","6","6"
"理尚书左仆","0","6","6"
"命昭义军节","0","6","6"
"充任河阳三","0","6","6"
"充任诸道兵","0","6","6"
"任诸道兵马","0","6","6"
"兼任户部尚","0","6","6"
"六月二十六","0","6","6"
"七月十一日","0","6","6"
"以御史大夫","0","6","6"
"依旧主持政","0","6","6"
"为凤阁侍郎","0","6","6"
"为苏州刺史","0","6","6"
"以常州刺史","0","6","6"
"秋七月七日","0","6","6"
"以苏州刺史","0","6","6"
"以右金吾卫","0","6","6"
"为丰州刺史","0","6","6"
"为同平章事","0","6","6"
"兼任工部尚","0","6","6"
"兼刑部尚书","0","6","6"
"为端州司马","0","6","6"
"兼任汴州刺","0","6","6"
"为左金吾卫","0","6","6"
"封为赵国公","0","6","6"
"命右金吾卫","0","6","6"
"任义武军节","0","6","6"
"任凤翔节度","0","6","6"
"太原的军队","0","6","6"
"为陕州长史","0","6","6"
"嗣曹王李皋","0","6","6"
"为起居舍人","0","6","6"
"任命忠武军","0","6","6"
"以银青光禄","0","6","6"
"以朝请大夫","0","6","6"
"兼管户部事","0","6","6"
"赐绯衣银鱼","0","6","6"
"绯衣银鱼袋","0","6","6"
"命宣武军节","0","6","6"
"任命太常卿","0","6","6"
"任命刑部侍","0","6","6"
"命刑部侍郎","0","6","6"
"公于志宁为","0","6","6"
"公崔敦礼为","0","6","6"
"七月二十一","0","6","6"
"中书令兼检","0","6","6"
"书令兼检校","0","6","6"
"夏四月十三","0","6","6"
"国公契艹必","0","6","6"
"公契艹必何","0","6","6"
"艹必何力为","0","6","6"
"任参知政事","0","6","6"
"任黔中观察","0","6","6"
"任滑州刺史","0","6","6"
"秦王李世民","0","6","6"
"任太常博士","0","6","6"
"任太子右庶","0","6","6"
"将他们全部","0","6","6"
"为衢州刺史","0","6","6"
"的一个儿子","0","6","6"
"在延英殿召","0","6","6"
"的两个儿子","0","6","6"
"四品以下官","0","6","6"
"朝廷授予他","0","6","6"
"是因为他们","0","6","6"
"延英殿召见","0","6","6"
"上奏章请求","0","6","6"
"被立为皇太","0","6","6"
"升为中书侍","0","6","6"
"不依附自己","0","6","6"
"为郴州司马","0","6","6"
"任检校右仆","0","6","6"
"节度使刘从","0","6","6"
"度使刘从谏","0","6","6"
"充任忠武军","0","6","6"
"表请求辞官","0","6","6"
"兼任河中尹","0","6","6"
"派遣使者来","0","6","6"
"率领步兵骑","0","6","6"
"领步兵骑兵","0","6","6"
"把女儿嫁给","0","6","6"
"贞观十八年","0","6","6"
"贞观二十一","0","6","6"
"观二十一年","0","6","6"
"兼任太子宾","0","6","6"
"发配流放到","0","6","6"
"王武三思为","0","6","6"
"任太子少傅","0","6","6"
"这年十一月","0","6","6"
"了一万多人","0","6","6"
"打败了他们","0","6","6"
"的文武官员","0","6","6"
"氵名州刺史","0","6","6"
"止上朝一天","0","6","6"
"临时驻扎在","0","6","6"
"派遣使者分","0","6","6"
"作为自己的","0","6","6"
"过了一年多","0","6","6"
"仪同三司的","0","6","6"
"房玄龄等人","0","6","6"
"哥哥的儿子","0","6","6"
"则天大圣皇","0","6","6"
"百姓免除徭","0","6","6"
"姓免除徭役","0","6","6"
"陈述朝政得","0","6","6"
"述朝政得失","0","6","6"
"正月二十一","0","6","6"
"贡献土特产","0","6","6"
"官员三品以","0","6","6"
"能赦免者都","0","6","6"
"七月二十日","0","6","6"
"令从今以后","0","6","6"
"平定了他们","0","6","6"
"品以上加一","0","6","6"
"祭奠先圣先","0","6","6"
"奠先圣先师","0","6","6"
"皇上从温汤","0","6","6"
"三月十五日","0","6","6"
"者前来朝见","0","6","6"
"十一月四日","0","6","6"
"皇上驾到明","0","6","6"
"五月二十五","0","6","6"
"十月十五日","0","6","6"
"陈设酒食以","0","6","6"
"设酒食以祭","0","6","6"
"三月二十一","0","6","6"
"五月二十六","0","6","6"
"立他的儿子","0","6","6"
"为太子太傅","0","6","6"
"十月二十一","0","6","6"
"夏四月九日","0","6","6"
"皇上驾到温","0","6","6"
"五月二十日","0","6","6"
"八月十九日","0","6","6"
"三月二十二","0","6","6"
"五月十三日","0","6","6"
"驾到华清宫","0","6","6"
"含元殿接受","0","6","6"
"八月二十七","0","6","6"
"八月二十四","0","6","6"
"第二个儿子","0","6","6"
"文武官员五","0","6","6"
"武官员五品","0","6","6"
"四月十五日","0","6","6"
"掌管节度使","0","6","6"
"管节度使事","0","6","6"
"百官向皇上","0","6","6"
"担任诸道盐","0","6","6"
"掌户部事务","0","6","6"
"接受百官朝","0","6","6"
"氵名观察使","0","6","6"
"省四品以上","0","6","6"
"五月二十一","0","6","6"
"三千名士兵","0","6","6"
"兼任潞州大","0","6","6"
"任潞州大都","0","6","6"
"为连州刺史","0","6","6"
"初一为丁未","0","6","6"
"一为丁未日","0","6","6"
"兼任徐州刺","0","6","6"
"队发生动乱","0","6","6"
"朱全忠派遣","0","6","6"
"十月十九日","0","6","6"
"派遣使臣前","0","6","6"
"皇上驻跸处","0","6","6"
"奉上表章请","0","6","6"
"八月二十八","0","6","6"
"初一为庚辰","0","6","6"
"一为庚辰日","0","6","6"
"七月十四日","0","6","6"
"礼部贡举事","0","6","6"
"初一为丙午","0","6","6"
"一为丙午日","0","6","6"
"任礼部侍郎","0","6","6"
"初一为己未","0","6","6"
"一为己未日","0","6","6"
"任汝州刺史","0","6","6"
"正月二十二","0","6","6"
"二月三十日","0","6","6"
"五月二十九","0","6","6"
"六月十四日","0","6","6"
"六月二十一","0","6","6"
"二年正月初","0","6","6"
"十二月初七","0","6","6"
"十二月十八","0","6","6"
"理中书侍郎","0","6","6"
"皇太子弘在","0","6","6"
"十一月十五","0","6","6"
"一月十五日","0","6","6"
"皇上在麟德","0","6","6"
"上在麟德殿","0","6","6"
"第二年正月","0","6","6"
"皇上驾到紫","0","6","6"
"流放以下的","0","6","6"
"九月二十五","0","6","6"
"四月二十九","0","6","6"
"驾到丹凤楼","0","6","6"
"皇上驾到宣","0","6","6"
"上驾到宣政","0","6","6"
"主持尚书省","0","6","6"
"吐蕃入侵灵","0","6","6"
"进入羽林星","0","6","6"
"月亮进入太","0","6","6"
"亮进入太微","0","6","6"
"十月二十五","0","6","6"
"二月初一日","0","6","6"
"任平卢军节","0","6","6"
"初一为甲子","0","6","6"
"一为甲子日","0","6","6"
"任福建观察","0","6","6"
"在曲江亭赐","0","6","6"
"调原给事中","0","6","6"
"兖海观察使","0","6","6"
"代理御史中","0","6","6"
"皇上在曲江","0","6","6"
"侍中浑王咸","0","6","6"
"兼任较低官","0","6","6"
"任较低官职","0","6","6"
"为节度留后","0","6","6"
"任命河中节","0","6","6"
"命河中节度","0","6","6"
"贼军打得大","0","6","6"
"为沧州刺史","0","6","6"
"临宣政殿接","0","6","6"
"三月二十三","0","6","6"
"太白金星靠","0","6","6"
"白金星靠近","0","6","6"
"三月十九日","0","6","6"
"任命华州刺","0","6","6"
"命华州刺史","0","6","6"
"的职俸津贴","0","6","6"
"职俸津贴钱","0","6","6"
"止上朝三天","0","6","6"
"立武昭仪为","0","6","6"
"武昭仪为皇","0","6","6"
"东畿汝防御","4","1","5"
"依旧修国史","5","0","5"
"节度使李醖","5","0","5"
"河中晋绛节","3","2","5"
"中晋绛节度","3","2","5"
"改兵部侍郎","5","0","5"
"德裕检校兵","3","2","5"
"裕检校兵部","3","2","5"
"召翰林学士","4","1","5"
"礼部侍郎李","2","3","5"
"依旧监修国","4","1","5"
"旧监修国史","4","1","5"
"追赠兵部尚","1","4","5"
"天宝十三载","5","0","5"
"秋七月庚午","5","0","5"
"武大圣大广","2","3","5"
"大圣大广孝","2","3","5"
"圣大广孝皇","2","3","5"
"大广孝皇帝","2","3","5"
"圣文神武应","2","3","5"
"文神武应道","2","3","5"
"太守颜杲卿","2","3","5"
"山南节度使","2","3","5"
"剑南节度副","2","3","5"
"同平章事徐","2","3","5"
"宁四面行营","3","2","5"
"紫金鱼袋裴","3","2","5"
"户部郎中崔","2","3","5"
"年七月三日","3","2","5"
"侍郎裴光庭","3","2","5"
"十二月丁未","5","0","5"
"左玉钤卫大","3","2","5"
"玉钤卫大将","3","2","5"
"钤卫大将军","3","2","5"
"使仆固怀恩","3","2","5"
"潞州节度使","2","3","5"
"恩观军容使","4","1","5"
"长春宫等使","3","2","5"
"西团练观察","3","2","5"
"幽州卢龙等","3","2","5"
"州卢龙等军","3","2","5"
"卢龙等军节","4","1","5"
"龙等军节度","4","1","5"
"陇右节度副","2","3","5"
"节度使李正","2","3","5"
"度使李正己","2","3","5"
"谏议大夫刘","2","3","5"
"秋七月癸卯","5","0","5"
"前河阳节度","4","1","5"
"尚书礼部侍","2","3","5"
"书礼部侍郎","2","3","5"
"虢都防御观","4","1","5"
"检校左右仆","3","2","5"
"校左右仆射","3","2","5"
"德军丰州西","3","2","5"
"行军司马王","2","3","5"
"前宣歙观察","3","2","5"
"部员外郎卢","2","3","5"
"充义武军节","5","0","5"
"湖南团练观","2","3","5"
"南团练观察","2","3","5"
"陈州刺史李","3","2","5"
"南节度使张","1","4","5"
"荆南节度等","4","1","5"
"汴滑节度使","3","2","5"
"畿汝州防御","1","4","5"
"阳节度使乌","2","3","5"
"杨嗣复检校","3","2","5"
"丰州西城中","3","2","5"
"州西城中城","3","2","5"
"邑二千户卢","2","3","5"
"二千户卢钧","2","3","5"
"宥等州节度","2","3","5"
"节度营田观","4","1","5"
"颍观察处置","4","1","5"
"经略招讨处","5","0","5"
"略招讨处置","5","0","5"
"紫金鱼袋杜","3","2","5"
"金紫光录大","5","0","5"
"紫光录大夫","5","0","5"
"平章事张弘","3","2","5"
"章事张弘靖","3","2","5"
"贬礼部侍郎","3","2","5"
"晋州刺史李","2","3","5"
"内度支营田","4","1","5"
"御史大夫高","2","3","5"
"前荆南节度","4","1","5"
"秋七月癸未","5","0","5"
"中书令检校","5","0","5"
"神策军中尉","3","2","5"
"擢御史中丞","5","0","5"
"内常侍崔潭","3","2","5"
"常侍崔潭峻","3","2","5"
"赠尚书左仆","3","2","5"
"就加检校礼","5","0","5"
"登贤良方正","4","1","5"
"寻加银青光","5","0","5"
"王府记室参","3","2","5"
"府记室参军","3","2","5"
"万岁通天二","2","3","5"
"岁通天二年","2","3","5"
"通事舍人李","2","3","5"
"举贤良方正","4","1","5"
"能直言极谏","3","2","5"
"节度使高霞","2","3","5"
"度使高霞寓","2","3","5"
"京兆府决杀","5","0","5"
"知枢密魏弘","3","2","5"
"枢密魏弘简","3","2","5"
"节度使田弘","2","3","5"
"度使田弘正","2","3","5"
"本官知制诰","4","1","5"
"蔡贼秦宗权","5","0","5"
"西南面招讨","2","3","5"
"少保分司东","3","2","5"
"保分司东都","3","2","5"
"太子少师萧","2","3","5"
"度副大使知","3","2","5"
"副大使知节","3","2","5"
"大使知节度","3","2","5"
"使知节度事","3","2","5"
"钱五十万贯","3","2","5"
"大圣广孝皇","3","2","5"
"圣广孝皇帝","3","2","5"
"部侍郎李汉","3","2","5"
"襄州节度使","2","3","5"
"赠太子太保","4","1","5"
"充平卢军节","5","0","5"
"东道节度副","2","3","5"
"修文馆学士","3","2","5"
"知吏部选事","4","1","5"
"户部侍郎判","2","3","5"
"部侍郎判度","2","3","5"
"侍郎判度支","2","3","5"
"试大理评事","4","1","5"
"废皇后王氏","5","0","5"
"太尉长孙忌","5","0","5"
"加朝散大夫","3","2","5"
"宗谓侍臣曰","5","0","5"
"中书令褚遂","2","3","5"
"书令褚遂良","2","3","5"
"迁鸾台侍郎","3","2","5"
"开府置官属","4","1","5"
"韦庶人临朝","2","3","5"
"左羽林将军","4","1","5"
"死者数千人","5","0","5"
"节度留后事","1","4","5"
"昭文馆学士","3","2","5"
"大都督府左","3","2","5"
"都督府左司","3","2","5"
"督府左司马","3","2","5"
"赐绢五百匹","3","2","5"
"实封九百户","3","2","5"
"勣辽东道行","5","0","5"
"令开府仪同","4","1","5"
"贞元十七年","1","4","5"
"授光禄大夫","2","3","5"
"授金紫光禄","1","4","5"
"迁兵部尚书","5","0","5"
"十一年正月","2","3","5"
"郧国公张亮","2","3","5"
"知门下省事","5","0","5"
"赠尚书右仆","3","2","5"
"贞观十六年","1","4","5"
"太仆卿杨义","2","3","5"
"仆卿杨义臣","2","3","5"
"同安长公主","2","3","5"
"加实封通前","4","1","5"
"州司功参军","2","3","5"
"授御史中丞","3","2","5"
"月十五日夜","1","4","5"
"迁中书侍郎","5","0","5"
"赐实封二百","5","0","5"
"赠扬州大都","3","2","5"
"孝敬皇帝神","3","2","5"
"敬皇帝神主","3","2","5"
"春正月丙申","5","0","5"
"冬十月己卯","5","0","5"
"十二月己卯","5","0","5"
"外官赐勋一","4","1","5"
"冬十月壬午","5","0","5"
"四大都督府","3","2","5"
"十一月庚申","5","0","5"
"文武三品上","5","0","5"
"部尚书张嘉","2","3","5"
"置十道按察","3","2","5"
"十道按察使","3","2","5"
"御史台官员","2","3","5"
"秋七月己亥","5","0","5"
"春正月戊子","5","0","5"
"十一月丁丑","5","0","5"
"卫大将军张","2","3","5"
"十二月辛丑","5","0","5"
"兵部尚书侯","2","3","5"
"夏四月壬寅","5","0","5"
"十一月辛卯","5","0","5"
"十一月甲子","5","0","5"
"十二月戊子","5","0","5"
"十一月丙辰","5","0","5"
"春正月壬辰","4","1","5"
"十一月戊戌","5","0","5"
"开元二十五","2","3","5"
"元二十五年","2","3","5"
"春正月壬午","5","0","5"
"左右龙武军","2","3","5"
"开元天宝圣","2","3","5"
"元天宝圣文","2","3","5"
"天宝圣文神","2","3","5"
"十一月乙卯","4","1","5"
"冬十月丙寅","5","0","5"
"十一月乙未","5","0","5"
"太守贺兰进","2","3","5"
"守贺兰进明","2","3","5"
"十二月丙午","5","0","5"
"一千三百户","1","4","5"
"襄节度使赵","3","2","5"
"渤海两蕃等","5","0","5"
"海两蕃等使","5","0","5"
"权知兵马事","5","0","5"
"邢洺观察使","5","0","5"
"义节度副大","4","1","5"
"十一月癸丑","5","0","5"
"御史中丞徐","3","2","5"
"户部尚书郑","2","3","5"
"食邑六千户","3","2","5"
"度使李茂贞","1","4","5"
"晋绛慈隰观","4","1","5"
"绛慈隰观察","4","1","5"
"兵马留后王","3","2","5"
"春正月癸丑","5","0","5"
"正月癸丑朔","5","0","5"
"三月壬子朔","5","0","5"
"军节度使崔","3","2","5"
"太常礼院奏","4","1","5"
"江东西道观","4","1","5"
"东西道观察","4","1","5"
"国等军节度","4","1","5"
"州节度使薛","2","3","5"
"正月乙未朔","5","0","5"
"昭义节度留","3","2","5"
"义节度留后","3","2","5"
"实封七百户","3","2","5"
"扶危匡国致","3","2","5"
"危匡国致理","3","2","5"
"匡国致理功","3","2","5"
"国致理功臣","3","2","5"
"邑二千户崔","2","3","5"
"依前判度支","5","0","5"
"海军节度副","2","3","5"
"权知河南尹","5","0","5"
"宫使柳璨奏","3","2","5"
"十二月乙酉","4","1","5"
"节度使罗绍","2","3","5"
"度使罗绍威","2","3","5"
"春正月戊寅","4","1","5"
"德三年春正","2","3","5"
"淄州刺史武","2","3","5"
"州刺史武怀","2","3","5"
"刺史武怀运","2","3","5"
"改瀚海都护","2","3","5"
"夏四月戊子","5","0","5"
"十一月甲午","5","0","5"
"吐蕃赞普卒","5","0","5"
"改仪凤四年","2","3","5"
"诸司三品上","5","0","5"
"诏皇太子监","5","0","5"
"冬十月癸丑","5","0","5"
"元二年二月","2","3","5"
"西节度大使","3","2","5"
"开元大衍历","2","3","5"
"冬十月丙申","5","0","5"
"命工部尚书","1","4","5"
"命尚书右丞","1","4","5"
"西节度使哥","2","3","5"
"开元十四年","1","4","5"
"四年十二月","3","2","5"
"单镇北大都","5","0","5"
"钱四十万贯","3","2","5"
"二月丁亥朔","5","0","5"
"节度使崔圆","2","3","5"
"观军容宣慰","3","2","5"
"军容宣慰处","3","2","5"
"容宣慰处置","3","2","5"
"宋节度使田","2","3","5"
"节度使田神","2","3","5"
"宁节度使马","2","3","5"
"遣兵部侍郎","2","3","5"
"加左右仆射","3","2","5"
"宰臣杜鸿渐","3","2","5"
"京兆府长安","2","3","5"
"经略招讨观","4","1","5"
"略招讨观察","4","1","5"
"度使李承昭","2","3","5"
"宰臣李逢吉","3","2","5"
"大将军李愿","2","3","5"
"许节度使李","2","3","5"
"安南都护李","2","3","5"
"礼部郎中李","2","3","5"
"南观察使沈","3","2","5"
"观察使沈传","3","2","5"
"察使沈传师","3","2","5"
"大将军同正","3","2","5"
"京兆尹刘栖","2","3","5"
"兆尹刘栖楚","2","3","5"
"逢吉检校司","3","2","5"
"临汉监牧使","1","4","5"
"州节度使崔","2","3","5"
"密等州节度","3","2","5"
"散骑常侍冯","2","3","5"
"前山南西道","4","1","5"
"州节度使杨","3","2","5"
"郓曹濮等州","3","2","5"
"军节度使高","2","3","5"
"刑部尚书高","3","2","5"
"棣观察等使","4","1","5"
"宰臣李德裕","3","2","5"
"东观察使李","2","3","5"
"朔方灵盐节","4","1","5"
"方灵盐节度","4","1","5"
"西观察使崔","2","3","5"
"国子祭酒郑","3","2","5"
"下平章事李","3","2","5"
"定节度使张","2","3","5"
"郓州大都督","2","3","5"
"贬太子宾客","3","2","5"
"右节度使李","1","4","5"
"郑滑观察使","1","4","5"
"节度留后李","2","3","5"
"十二月庚子","5","0","5"
"宁节度使张","2","3","5"
"京兆尹韩皋","3","2","5"
"定州大都督","3","2","5"
"潞磁邢洺观","5","0","5"
"右神策护军","3","2","5"
"宴马璘山池","5","0","5"
"鄜坊丹延节","5","0","5"
"丹延节度使","3","2","5"
"行军泾原节","3","2","5"
"军泾原节度","3","2","5"
"行军司马刘","2","3","5"
"节度使范希","2","3","5"
"度使范希朝","2","3","5"
"桂管防御使","1","4","5"
"同平章事萧","2","3","5"
"兵部侍郎郑","3","2","5"
"秦州经略使","3","2","5"
"收复安南府","3","2","5"
"十一月十日","1","4","5"
"右神武大将","2","3","5"
"武百僚上徽","5","0","5"
"春正月丙寅","5","0","5"
"中侍御史李","2","3","5"
"林学士王徽","2","3","5"
"南节度使高","3","2","5"
"博节度使韩","2","3","5"
"节度使韩简","2","3","5"
"州节度使时","2","3","5"
"德元年春正","3","2","5"
"虢都防御使","1","4","5"
"奉迎皇太后","3","2","5"
"吐蕃宰相论","2","3","5"
"晋绛观察使","2","3","5"
"江淮转运使","2","3","5"
"节度使李叔","2","3","5"
"度使李叔明","2","3","5"
"太尉段秀实","2","3","5"
"前岭南节度","3","2","5"
"鸡林州刺史","3","2","5"
"前黔中观察","3","2","5"
"鄜坊观察使","5","0","5"
"州刺史李光","3","2","5"
"刺史李光颜","3","2","5"
"节度使李师","2","3","5"
"度使李师道","2","3","5"
"子少师郑余","2","3","5"
"元元年八月","3","2","5"
"安南都护桂","3","2","5"
"南都护桂仲","3","2","5"
"都护桂仲武","3","2","5"
"濠等州观察","2","3","5"
"三月二十七","1","4","5"
"十四年六月","2","3","5"
"度支盐铁使","2","3","5"
"将军范希朝","2","3","5"
"十一年八月","2","3","5"
"三月十四日","1","4","5"
"御史中丞窦","2","3","5"
"镇州行营招","2","3","5"
"河南尹房式","3","2","5"
"蒋国公屈突","2","3","5"
"国公屈突通","2","3","5"
"州都督武士","2","3","5"
"户部侍郎杜","2","3","5"
"秋七月丁亥","5","0","5"
"四年春二月","2","3","5"
"度支尚书卢","2","3","5"
"加授朝散大","2","3","5"
"东都造乾元","3","2","5"
"都造乾元殿","3","2","5"
"知内侍省事","4","1","5"
"节度使许叔","2","3","5"
"度使许叔冀","2","3","5"
"越州山阴人","3","2","5"
"中三年正月","1","4","5"
"度支使第五","2","3","5"
"支使第五琦","2","3","5"
"九月十五日","1","4","5"
"高丽王高藏","1","4","5"
"萧亻免等人","0","5","5"
"自己的过失","0","5","5"
"少数民族的","0","5","5"
"肖像陈列在","0","5","5"
"任太子少师","0","5","5"
"如果一定要","0","5","5"
"到这种程度","0","5","5"
"我们这些人","0","5","5"
"明经科考试","0","5","5"
"皇上从温泉","0","5","5"
"这都是因为","0","5","5"
"庙举行祭祀","0","5","5"
"举行祭祀大","0","5","5"
"初一为丁丑","0","5","5"
"一为丁丑日","0","5","5"
"文宗颁发诏","0","5","5"
"颁发诏书说","0","5","5"
"七月十六日","0","5","5"
"正月二十四","0","5","5"
"九月二十六","0","5","5"
"宗发出诏书","0","5","5"
"为道州刺史","0","5","5"
"李德裕为检","0","5","5"
"德裕为检校","0","5","5"
"拜御史中丞","0","5","5"
"为光禄大夫","0","5","5"
"中书侍郎兼","0","5","5"
"为晋州刺史","0","5","5"
"兼太子宾客","0","5","5"
"春正月十六","0","5","5"
"单于都护府","0","5","5"
"尊号为开元","0","5","5"
"秋七月二日","0","5","5"
"公房玄龄为","0","5","5"
"署理尚书左","0","5","5"
"任命银青光","0","5","5"
"命银青光禄","0","5","5"
"任命昭义军","0","5","5"
"命光禄大夫","0","5","5"
"以讨伐吐蕃","0","5","5"
"加授银青光","0","5","5"
"与太平公主","0","5","5"
"遣使者来朝","0","5","5"
"使者来朝贡","0","5","5"
"为台州刺史","0","5","5"
"夏四月四日","0","5","5"
"户部侍郎兼","0","5","5"
"大宴饮三天","0","5","5"
"为鸾台侍郎","0","5","5"
"任凤阁鸾台","0","5","5"
"为陇右节度","0","5","5"
"兼汴州刺史","0","5","5"
"以朝议大夫","0","5","5"
"任魏博节度","0","5","5"
"并充任岭南","0","5","5"
"初一为乙巳","0","5","5"
"一为乙巳日","0","5","5"
"初一为癸卯","0","5","5"
"一为癸卯日","0","5","5"
"兼刑部侍郎","0","5","5"
"各道盐铁转","0","5","5"
"以吏部尚书","0","5","5"
"兼任扬州大","0","5","5"
"任金紫光禄","0","5","5"
"任命义成军","0","5","5"
"命义成军节","0","5","5"
"为普州刺史","0","5","5"
"任命户部郎","0","5","5"
"命户部郎中","0","5","5"
"充任剑南东","0","5","5"
"任检校左散","0","5","5"
"任天平军节","0","5","5"
"为礼部员外","0","5","5"
"任太清宫使","0","5","5"
"平章政事崔","0","5","5"
"任命谏议大","0","5","5"
"命谏议大夫","0","5","5"
"李克用率领","0","5","5"
"为河阳三城","0","5","5"
"为杭州刺史","0","5","5"
"以湖南观察","0","5","5"
"以工部尚书","0","5","5"
"以山南东道","0","5","5"
"命户部尚书","0","5","5"
"和九年六月","0","5","5"
"皇上加尊号","0","5","5"
"命忠武军节","0","5","5"
"充任荆南节","0","5","5"
"兼监察御史","0","5","5"
"可以凭本官","0","5","5"
"为容州刺史","0","5","5"
"为泾原节度","0","5","5"
"为鄂州刺史","0","5","5"
"领军卫大将","0","5","5"
"任怀州刺史","0","5","5"
"充任盐铁转","0","5","5"
"充任幽州卢","0","5","5"
"任命凤翔节","0","5","5"
"命凤翔节度","0","5","5"
"任潼关防御","0","5","5"
"度使李听为","0","5","5"
"兼任成都尹","0","5","5"
"任命御史大","0","5","5"
"命御史大夫","0","5","5"
"兼检校太子","0","5","5"
"任起居舍人","0","5","5"
"任礼部员外","0","5","5"
"为开州司马","0","5","5"
"日在延英殿","0","5","5"
"任宣歙观察","0","5","5"
"有才能的人","0","5","5"
"王世充派遣","0","5","5"
"又任命他为","0","5","5"
"父亲的朋友","0","5","5"
"郊外祭祀天","0","5","5"
"外祭祀天地","0","5","5"
"的车驾到达","0","5","5"
"武则天特别","0","5","5"
"善于写文章","0","5","5"
"人们都认为","0","5","5"
"兼任兵部尚","0","5","5"
"附自己的人","0","5","5"
"御史台审讯","0","5","5"
"儿子安庆绪","0","5","5"
"宗同意他的","0","5","5"
"任彰义军节","0","5","5"
"平章事职衔","0","5","5"
"奏请朝廷委","0","5","5"
"了他的请求","0","5","5"
"国家的安危","0","5","5"
"派宫中使者","0","5","5"
"以本官任同","0","5","5"
"的女儿为妻","0","5","5"
"食邑二百户","0","5","5"
"派宫中使臣","0","5","5"
"朱全忠上奏","0","5","5"
"官在曲江亭","0","5","5"
"理兵部尚书","0","5","5"
"命他为检校","0","5","5"
"的太子少师","0","5","5"
"太子太傅的","0","5","5"
"一概不予追","0","5","5"
"概不予追究","0","5","5"
"年八月去世","0","5","5"
"成犄角之势","0","5","5"
"交付京兆府","0","5","5"
"任陕虢观察","0","5","5"
"出任同州刺","0","5","5"
"皇上对宰相","0","5","5"
"左武侯大将","0","5","5"
"右武侯大将","0","5","5"
"的军队进攻","0","5","5"
"宇文化及在","0","5","5"
"派遣使者去","0","5","5"
"太宗认为他","0","5","5"
"认为他说得","0","5","5"
"自己的儿子","0","5","5"
"太尉长孙无","0","5","5"
"尉长孙无忌","0","5","5"
"什么原因呢","0","5","5"
"宇文化及杀","0","5","5"
"省五品以上","0","5","5"
"炀帝大业末","0","5","5"
"当时的人都","0","5","5"
"的军队屯驻","0","5","5"
"任尚书右丞","0","5","5"
"以年老多病","0","5","5"
"第五个儿子","0","5","5"
"侍中兼太子","0","5","5"
"曾对侍臣说","0","5","5"
"到南郊祭祀","0","5","5"
"命令他率领","0","5","5"
"任散骑常侍","0","5","5"
"任河西节度","0","5","5"
"其余官职如","0","5","5"
"被乱兵所杀","0","5","5"
"皇帝下诏书","0","5","5"
"部尚书的职","0","5","5"
"把他们全部","0","5","5"
"一个儿子为","0","5","5"
"任命为太子","0","5","5"
"与长孙无忌","0","5","5"
"为行军司马","0","5","5"
"官开府仪同","0","5","5"
"长孙无忌的","0","5","5"
"告诉他们说","0","5","5"
"太宗亲自到","0","5","5"
"的礼部尚书","0","5","5"
"杀死了他的","0","5","5"
"五品以上的","0","5","5"
"房玄龄为太","0","5","5"
"到安乐公主","0","5","5"
"把他的儿子","0","5","5"
"突厥阿史那","0","5","5"
"皇太子在灵","0","5","5"
"太子在灵柩","0","5","5"
"子在灵柩前","0","5","5"
"位给皇太子","0","5","5"
"任命为司徒","0","5","5"
"四月十六日","0","5","5"
"皇上驾到洛","0","5","5"
"亲自祭祀明","0","5","5"
"自祭祀明堂","0","5","5"
"皇上驾到新","0","5","5"
"冬十月九日","0","5","5"
"驾返回京师","0","5","5"
"勋位升一等","0","5","5"
"皇上不接受","0","5","5"
"使者赈济抚","0","5","5"
"者赈济抚恤","0","5","5"
"殿堂前檐下","0","5","5"
"堂前檐下的","0","5","5"
"前檐下的平","0","5","5"
"檐下的平台","0","5","5"
"八十岁以上","0","5","5"
"冬十一月二","0","5","5"
"郊祭祀天地","0","5","5"
"十恶不赦的","0","5","5"
"新丰之温汤","0","5","5"
"驾到安福门","0","5","5"
"以上官员赐","0","5","5"
"以下加一阶","0","5","5"
"给实际封户","0","5","5"
"为父亲的继","0","5","5"
"父亲的继承","0","5","5"
"亲的继承人","0","5","5"
"的继承人者","0","5","5"
"伐平定了他","0","5","5"
"不接受朝贺","0","5","5"
"武德殿接受","0","5","5"
"栏遮拦野兽","0","5","5"
"六月二十四","0","5","5"
"免除赋税徭","0","5","5"
"除赋税徭役","0","5","5"
"十二月十七","0","5","5"
"十一月九日","0","5","5"
"十二月十六","0","5","5"
"向天下颁布","0","5","5"
"天下颁布新","0","5","5"
"公高士廉为","0","5","5"
"十二月七日","0","5","5"
"风拔起树木","0","5","5"
"设置安西都","0","5","5"
"派遣使者献","0","5","5"
"一个接一个","0","5","5"
"皇上车驾到","0","5","5"
"太子太保的","0","5","5"
"在泰山祭祀","0","5","5"
"秋七月十七","0","5","5"
"九月十四日","0","5","5"
"都派遣使者","0","5","5"
"重新起用为","0","5","5"
"天下被关押","0","5","5"
"上驾到温泉","0","5","5"
"驾幸华清宫","0","5","5"
"实际封户五","0","5","5"
"际封户五百","0","5","5"
"封户五百户","0","5","5"
"政殿接受朝","0","5","5"
"一月二十二","0","5","5"
"七月十九日","0","5","5"
"的军队驻扎","0","5","5"
"四月十二日","0","5","5"
"九月十六日","0","5","5"
"蔡州贼将孙","0","5","5"
"州贼将孙儒","0","5","5"
"朝廷便任命","0","5","5"
"任命右仆射","0","5","5"
"书省四品以","0","5","5"
"五月二十七","0","5","5"
"名士兵前往","0","5","5"
"节镇的军队","0","5","5"
"率领三万名","0","5","5"
"初一为丁酉","0","5","5"
"一为丁酉日","0","5","5"
"五百名骑兵","0","5","5"
"到皇上驻跸","0","5","5"
"在押的囚犯","0","5","5"
"任命尚书右","0","5","5"
"军队发生动","0","5","5"
"暂掌礼部贡","0","5","5"
"掌礼部贡举","0","5","5"
"部贡举事务","0","5","5"
"任命检校司","0","5","5"
"充任武宁军","0","5","5"
"八月二十二","0","5","5"
"担任检校司","0","5","5"
"朱全忠率领","0","5","5"
"初一为乙卯","0","5","5"
"一为乙卯日","0","5","5"
"初一为乙酉","0","5","5"
"一为乙酉日","0","5","5"
"为忠武军节","0","5","5"
"平章政事裴","0","5","5"
"初一为丙寅","0","5","5"
"一为丙寅日","0","5","5"
"初一为乙未","0","5","5"
"一为乙未日","0","5","5"
"四月十九日","0","5","5"
"四月二十四","0","5","5"
"五月二十二","0","5","5"
"各道的节度","0","5","5"
"七月二十九","0","5","5"
"的范围之内","0","5","5"
"门下省上奏","0","5","5"
"为天下兵马","0","5","5"
"三月二十五","0","5","5"
"刺史的职衔","0","5","5"
"因为长久干","0","5","5"
"为长久干旱","0","5","5"
"文武九品以","0","5","5"
"武九品以上","0","5","5"
"在麟德殿宴","0","5","5"
"麟德殿宴请","0","5","5"
"秋七月九日","0","5","5"
"城关押的囚","0","5","5"
"正月一日为","0","5","5"
"一个月的薪","0","5","5"
"个月的薪俸","0","5","5"
"破吐蕃军队","0","5","5"
"全部平定了","0","5","5"
"秋七月八日","0","5","5"
"皇上下诏书","0","5","5"
"正月初一日","0","5","5"
"徒刑以下罪","0","5","5"
"从温泉宫回","0","5","5"
"特许民间大","0","5","5"
"吐蕃入侵泾","0","5","5"
"节度使马瞞","0","5","5"
"散骑常侍的","0","5","5"
"任幽州节度","0","5","5"
"留后的工作","0","5","5"
"月亮遮掩毕","0","5","5"
"等田每亩税","0","5","5"
"职务较低的","0","5","5"
"的科举考试","0","5","5"
"初一为癸酉","0","5","5"
"一为癸酉日","0","5","5"
"初一为辛丑","0","5","5"
"一为辛丑日","0","5","5"
"初一为辛未","0","5","5"
"一为辛未日","0","5","5"
"为容管经略","0","5","5"
"初一为辛酉","0","5","5"
"一为辛酉日","0","5","5"
"原太子宾客","0","5","5"
"任命东都留","0","5","5"
"命东都留守","0","5","5"
"原刑部尚书","0","5","5"
"任凤翔陇右","0","5","5"
"初一为癸未","0","5","5"
"一为癸未日","0","5","5"
"任泾原节度","0","5","5"
"为忠州刺史","0","5","5"
"分管东都的","0","5","5"
"上在曲江亭","0","5","5"
"六韵十二句","0","5","5"
"止上朝五天","0","5","5"
"为灵州大都","0","5","5"
"较低官职的","0","5","5"
"夏四月七日","0","5","5"
"驾临丹凤楼","0","5","5"
"任命给事中","0","5","5"
"元旦的朝会","0","5","5"
"首级传送到","0","5","5"
"门下两省的","0","5","5"
"文武百官向","0","5","5"
"武百官向皇","0","5","5"
"百官向皇帝","0","5","5"
"殿接受册书","0","5","5"
"被贼军击败","0","5","5"
"为秘书少监","0","5","5"
"司徒的职衔","0","5","5"
"右仆射的职","0","5","5"
"仆射的职衔","0","5","5"
"为考功郎中","0","5","5"
"李怀光反叛","0","5","5"
"际封户一百","0","5","5"
"礼部科举考","0","5","5"
"部科举考试","0","5","5"
"命山南东道","0","5","5"
"淄青的李师","0","5","5"
"任命淮南节","0","5","5"
"元年正月初","0","5","5"
"二月初一是","0","5","5"
"平章事头衔","0","5","5"
"发配到桂州","0","5","5"
"配到桂州充","0","5","5"
"到桂州充军","0","5","5"
"用黄门侍郎","0","5","5"
"命段秀实为","0","5","5"
"没有官职爵","0","5","5"
"有官职爵位","0","5","5"
"没有应验的","0","5","5"
"有应验的例","0","5","5"
"应验的例证","0","5","5"
"验的例证之","0","5","5"
"打败了田悦","0","5","5"
"到京城朝拜","0","5","5"
"皇帝下诏命","0","5","5"
"左常侍崔玄","2","2","4"
"常侍崔玄亮","2","2","4"
"等一十四人","3","1","4"
"申锡正议大","3","1","4"
"锡正议大夫","3","1","4"
"刑部郎中知","2","2","4"
"部郎中知杂","2","2","4"
"左御史台大","2","2","4"
"左武卫兵曹","2","2","4"
"卫兵曹参军","2","2","4"
"骑常侍张镐","2","2","4"
"常侍张镐贬","2","2","4"
"一百六十卷","2","2","4"
"三年十一月","2","2","4"
"晋绛节度使","2","2","4"
"知节度使事","3","1","4"
"刑部侍郎韩","2","2","4"
"左司郎中崔","2","2","4"
"员外郎杨嗣","2","2","4"
"外郎杨嗣复","2","2","4"
"部员外郎庾","2","2","4"
"员外郎庾敬","2","2","4"
"外郎庾敬休","2","2","4"
"国子祭酒事","2","2","4"
"王锷检校司","4","0","4"
"迁刑部侍郎","4","0","4"
"赠吏部尚书","3","1","4"
"纳言王德真","2","2","4"
"迁国子祭酒","4","0","4"
"朔方行军大","2","2","4"
"方行军大总","2","2","4"
"开元二十四","1","3","4"
"元二十四年","1","3","4"
"骑常侍崔希","2","2","4"
"常侍崔希逸","2","2","4"
"左威卫将军","2","2","4"
"摄御史大夫","3","1","4"
"元三年正月","1","3","4"
"度使郭英乂","4","0","4"
"改封鄂国公","3","1","4"
"国公段志玄","2","2","4"
"京兆万年人","2","2","4"
"文集一百二","2","2","4"
"集一百二十","2","2","4"
"一百二十卷","2","2","4"
"昭成顺圣皇","2","2","4"
"成顺圣皇后","2","2","4"
"马都尉王同","2","2","4"
"都尉王同皎","2","2","4"
"右千牛将军","2","2","4"
"检校安国相","2","2","4"
"校安国相王","2","2","4"
"侍中桓彦范","2","2","4"
"中书令袁恕","2","2","4"
"书令袁恕己","2","2","4"
"中书令韦安","2","2","4"
"书令韦安石","2","2","4"
"加皇帝尊号","2","2","4"
"帝尊号曰应","2","2","4"
"尊号曰应天","2","2","4"
"皇后尊号曰","2","2","4"
"后尊号曰顺","2","2","4"
"尊号曰顺天","2","2","4"
"仆射中书令","4","0","4"
"检校洛州长","2","2","4"
"校洛州长史","2","2","4"
"朔方道大总","2","2","4"
"方道大总管","2","2","4"
"郢国公宗楚","2","2","4"
"国公宗楚客","2","2","4"
"驸马都尉武","2","2","4"
"马都尉武攸","2","2","4"
"都尉武攸暨","2","2","4"
"将军赵承恩","2","2","4"
"宝十三载二","4","0","4"
"十三载二月","4","0","4"
"大圣大昭孝","2","2","4"
"圣大昭孝皇","2","2","4"
"大昭孝皇帝","2","2","4"
"左千牛中郎","2","2","4"
"千牛中郎将","2","2","4"
"门侍郎李日","2","2","4"
"侍郎李日知","2","2","4"
"洛州长史宋","2","2","4"
"书侍郎岑羲","2","2","4"
"右御史大夫","2","2","4"
"左右羽林卫","2","2","4"
"郧国公韦安","2","2","4"
"礼部尚书窦","2","2","4"
"部尚书窦希","2","2","4"
"冬十月甲辰","4","0","4"
"御史大夫窦","2","2","4"
"史大夫窦怀","2","2","4"
"大夫窦怀贞","2","2","4"
"右仆射李靖","2","2","4"
"御史大夫韦","2","2","4"
"史大夫韦挺","2","2","4"
"督府长史李","2","2","4"
"长史李袭誉","2","2","4"
"督府长史张","2","2","4"
"凉州大都督","2","2","4"
"部尚书李勣","4","0","4"
"灵州道行军","2","2","4"
"江陵子岑文","2","2","4"
"陵子岑文本","2","2","4"
"卫大将军阿","2","2","4"
"大将军契苾","4","0","4"
"西都护郭孝","2","2","4"
"都护郭孝恪","2","2","4"
"史大夫李适","2","2","4"
"左仆射裴耀","2","2","4"
"春正月丙辰","4","0","4"
"南海太守刘","2","2","4"
"海太守刘巨","2","2","4"
"太守刘巨鳞","2","2","4"
"阳节度使安","2","2","4"
"开元天地大","2","2","4"
"元天地大宝","2","2","4"
"天地大宝圣","2","2","4"
"地大宝圣文","2","2","4"
"大宝圣文神","2","2","4"
"太宗文武大","2","2","4"
"宗文武大圣","2","2","4"
"睿宗玄真大","2","2","4"
"宗玄真大圣","2","2","4"
"道大圣大明","2","2","4"
"大圣大明孝","2","2","4"
"圣大明孝皇","2","2","4"
"大明孝皇帝","2","2","4"
"书右仆射萧","2","2","4"
"吏部尚书杨","2","2","4"
"永康县公李","2","2","4"
"康县公李靖","2","2","4"
"太原四面行","2","2","4"
"原四面行营","2","2","4"
"东面招讨使","2","2","4"
"北面招讨使","2","2","4"
"防御使赫连","2","2","4"
"御使赫连铎","2","2","4"
"监修国史崔","2","2","4"
"太清宫修奉","2","2","4"
"清宫修奉太","2","2","4"
"宫修奉太庙","2","2","4"
"修奉太庙等","2","2","4"
"奉太庙等使","2","2","4"
"邑五百户陆","2","2","4"
"制金紫光禄","4","0","4"
"知制诰赵光","2","2","4"
"龙武统军氏","2","2","4"
"武统军氏叔","2","2","4"
"统军氏叔琮","2","2","4"
"州司户同正","2","2","4"
"左金吾上将","2","2","4"
"邑二千户裴","2","2","4"
"南县开国子","2","2","4"
"千五百户崔","2","2","4"
"邑三百户柳","2","2","4"
"三百户柳璨","2","2","4"
"紫金鱼袋张","2","2","4"
"部尚书李克","2","2","4"
"祠部郎中知","2","2","4"
"中知制诰张","2","2","4"
"知制诰张茂","2","2","4"
"制诰张茂枢","2","2","4"
"部郎中杨焕","2","2","4"
"校太子左中","2","2","4"
"太子左中护","2","2","4"
"子左中护戴","2","2","4"
"正谏议大夫","2","2","4"
"检校东台侍","2","2","4"
"校东台侍郎","2","2","4"
"安平郡公李","2","2","4"
"平郡公李安","2","2","4"
"郡公李安期","2","2","4"
"东台侍郎张","2","2","4"
"台侍郎张文","2","2","4"
"置司列少常","2","2","4"
"司列少常伯","2","2","4"
"司戎少常伯","2","2","4"
"右威卫大将","2","2","4"
"逻娑道行军","2","2","4"
"娑道行军大","2","2","4"
"右卫员外大","2","2","4"
"外大将军阿","2","2","4"
"左卫将军郭","2","2","4"
"卫将军郭待","2","2","4"
"将军郭待封","2","2","4"
"道国公戴德","4","0","4"
"下三品张文","2","2","4"
"门下三品郝","2","2","4"
"下三品郝处","2","2","4"
"三品郝处俊","2","2","4"
"郝处俊中书","4","0","4"
"下三品李敬","2","2","4"
"三品李敬玄","2","2","4"
"李敬玄吏部","4","0","4"
"追尊宣简公","2","2","4"
"太祖武皇帝","2","2","4"
"文武圣皇帝","2","2","4"
"太穆神皇后","2","2","4"
"文德圣皇后","2","2","4"
"洮州道行军","2","2","4"
"部尚书刘审","2","2","4"
"尚书刘审礼","2","2","4"
"书刘审礼等","2","2","4"
"刘审礼等十","2","2","4"
"审礼等十二","2","2","4"
"礼等十二总","2","2","4"
"等十二总管","2","2","4"
"左卫将军契","2","2","4"
"契苾何力等","4","0","4"
"中书令郝处","2","2","4"
"书令郝处俊","2","2","4"
"左庶子高智","2","2","4"
"庶子高智周","2","2","4"
"事中刘景先","2","2","4"
"单大都护府","4","0","4"
"大都护府突","2","2","4"
"都护府突厥","2","2","4"
"护府突厥阿","2","2","4"
"府突厥阿史","2","2","4"
"突厥阿史德","2","2","4"
"厥阿史德温","2","2","4"
"阿史德温傅","2","2","4"
"奉职二部相","2","2","4"
"二十四州首","2","2","4"
"郝处俊太子","4","0","4"
"西副都护王","2","2","4"
"副都护王方","2","2","4"
"都护王方翼","2","2","4"
"门侍郎郭待","2","2","4"
"侍郎郭待举","2","2","4"
"兵部侍郎岑","2","2","4"
"部侍郎岑长","2","2","4"
"侍郎岑长倩","2","2","4"
"中书侍郎郭","2","2","4"
"书侍郎郭正","2","2","4"
"侍郎郭正一","2","2","4"
"吏部侍郎魏","2","2","4"
"部侍郎魏玄","2","2","4"
"侍郎魏玄同","2","2","4"
"书门下同承","2","2","4"
"门下同承受","2","2","4"
"下同承受进","2","2","4"
"同承受进止","2","2","4"
"承受进止平","2","2","4"
"受进止平章","2","2","4"
"进止平章事","2","2","4"
"曰天皇大帝","2","2","4"
"中书令萧忠","4","0","4"
"将军李慈等","2","2","4"
"霍国公王毛","2","2","4"
"国公王毛仲","2","2","4"
"天竺国遣使","3","1","4"
"书左丞相源","2","2","4"
"左丞相源乾","2","2","4"
"丞相源乾曜","2","2","4"
"黄门侍郎杜","2","2","4"
"书侍郎张九","2","2","4"
"侍郎张九龄","2","2","4"
"书右丞相萧","2","2","4"
"右丞相萧嵩","2","2","4"
"兵三十万讨","2","2","4"
"大将军程务","2","2","4"
"侍郎陆元方","2","2","4"
"侍郎李昭德","2","2","4"
"肃政御史中","2","2","4"
"政御史中丞","2","2","4"
"松漠都督李","2","2","4"
"建安王攸宜","2","2","4"
"右肃政御史","2","2","4"
"右武威卫大","2","2","4"
"武威卫大将","2","2","4"
"卫大将军沙","2","2","4"
"大将军沙吒","2","2","4"
"将军沙吒忠","2","2","4"
"军沙吒忠义","2","2","4"
"率兵二十万","2","2","4"
"河北道行军","2","2","4"
"北道行军元","2","2","4"
"御史中丞魏","2","2","4"
"台侍郎李怀","2","2","4"
"节度判官崔","2","2","4"
"度判官崔漪","2","2","4"
"州刺史吕崇","2","2","4"
"刺史吕崇贲","2","2","4"
"御史大夫严","2","2","4"
"南阳太守鲁","2","2","4"
"阳太守鲁炅","2","2","4"
"京兆尹崔光","2","2","4"
"兆尹崔光远","2","2","4"
"平章事李麟","2","2","4"
"节度使季广","2","2","4"
"度使季广琛","2","2","4"
"州刺史许叔","2","2","4"
"刺史许叔冀","2","2","4"
"朔方节度郭","3","1","4"
"方节度郭子","3","1","4"
"节度郭子仪","3","1","4"
"平卢兵马使","2","2","4"
"州刺史尚衡","2","2","4"
"充浙江西道","4","0","4"
"州刺史季广","2","2","4"
"刺史季广琛","2","2","4"
"户部侍郎元","2","2","4"
"文明武德大","2","2","4"
"明武德大圣","2","2","4"
"武德大圣大","2","2","4"
"德大圣大宣","2","2","4"
"大圣大宣孝","2","2","4"
"圣大宣孝皇","2","2","4"
"大宣孝皇帝","2","2","4"
"乾元元年三","2","2","4"
"元元年三月","2","2","4"
"转运使刘晏","2","2","4"
"散骑常侍王","2","2","4"
"太常卿杜鸿","2","2","4"
"常卿杜鸿渐","2","2","4"
"邛南防御使","2","2","4"
"邛州刺史柏","2","2","4"
"州刺史柏茂","2","2","4"
"刺史柏茂林","2","2","4"
"兵部侍郎张","2","2","4"
"部侍郎张仲","2","2","4"
"侍郎张仲光","2","2","4"
"大理卿敬括","2","2","4"
"洪州刺史李","2","2","4"
"州刺史李勉","2","2","4"
"张延赏检校","3","1","4"
"工部侍郎蒋","2","2","4"
"苏州刺史韦","2","2","4"
"山南东道诸","3","1","4"
"河东军节度","2","2","4"
"崇玄馆大学","2","2","4"
"玄馆大学士","2","2","4"
"江西团练使","2","2","4"
"西团练使魏","2","2","4"
"团练使魏少","2","2","4"
"练使魏少游","2","2","4"
"池等州都团","2","2","4"
"户部尚书路","2","2","4"
"部尚书路嗣","2","2","4"
"尚书路嗣恭","2","2","4"
"察使李承昭","2","2","4"
"州刺史马燧","2","2","4"
"西郡王李宝","2","2","4"
"郡王李宝臣","2","2","4"
"集贤院学士","2","2","4"
"刑部尚书颜","2","2","4"
"观察留后李","2","2","4"
"西都团练观","2","2","4"
"七州节度使","2","2","4"
"中军兵马使","2","2","4"
"缭绫一千匹","2","2","4"
"沧州李全略","2","2","4"
"中书舍人郑","2","2","4"
"吏部郎中崔","2","2","4"
"兵部郎中李","2","2","4"
"侍中李光颜","2","2","4"
"节度使王沛","2","2","4"
"睿武昭愍孝","2","2","4"
"武昭愍孝皇","2","2","4"
"昭愍孝皇帝","2","2","4"
"翰林学士路","2","2","4"
"林学士路随","2","2","4"
"州镇国军使","2","2","4"
"置临海监牧","2","2","4"
"邑七百户王","2","2","4"
"部侍郎独孤","2","2","4"
"黔中经略使","1","3","4"
"鄂岳蕲黄安","2","2","4"
"岳蕲黄安申","2","2","4"
"蕲黄安申等","2","2","4"
"刑部尚书柳","2","2","4"
"裴度守司徒","3","1","4"
"节度留后杨","2","2","4"
"楚检校右仆","3","1","4"
"前河东节度","3","1","4"
"册九姓回纥","4","0","4"
"邑一千户李","2","2","4"
"一千户李宗","2","2","4"
"千户李宗闵","2","2","4"
"浙西观察等","2","2","4"
"西观察等使","2","2","4"
"江州刺史李","2","2","4"
"御史中丞归","2","2","4"
"史中丞归融","2","2","4"
"节度使牛僧","2","2","4"
"度使牛僧孺","2","2","4"
"牛僧孺检校","3","1","4"
"苏州刺史卢","2","2","4"
"冬十月乙酉","3","1","4"
"卫将军高霞","2","2","4"
"苏州刺史李","2","2","4"
"州刺史李道","2","2","4"
"州刺史李宗","2","2","4"
"将军张献甫","2","2","4"
"节度使樊泽","2","2","4"
"尚书左丞卢","2","2","4"
"转运使张滂","2","2","4"
"观察使王纬","2","2","4"
"节度使严震","2","2","4"
"兵部尚书董","2","2","4"
"部尚书董晋","2","2","4"
"宋亳颍观察","4","0","4"
"西受降城都","2","2","4"
"受降城都防","2","2","4"
"降城都防御","2","2","4"
"晋慈隰观察","4","0","4"
"都团练使李","2","2","4"
"右神策将军","2","2","4"
"同州刺史崔","2","2","4"
"州刺史张建","2","2","4"
"刺史张建封","2","2","4"
"南节度副使","2","2","4"
"南行军司马","2","2","4"
"秘书监张荐","2","2","4"
"东县开国子","2","2","4"
"邑五百户裴","2","2","4"
"五百户裴休","2","2","4"
"节度管内观","4","0","4"
"度管内观察","4","0","4"
"翰林学士杜","2","2","4"
"刑部尚书卢","2","2","4"
"部尚书卢简","2","2","4"
"尚书卢简求","2","2","4"
"食实封一百","2","2","4"
"封一百户王","2","2","4"
"平章事徐商","3","1","4"
"部尚书曹确","2","2","4"
"部尚书路岩","2","2","4"
"千户康承训","2","2","4"
"邑三千户令","2","2","4"
"三千户令狐","2","2","4"
"会稽县开国","2","2","4"
"麟胜等州观","2","2","4"
"胜等州观察","2","2","4"
"授检校司空","2","2","4"
"散骑常侍段","2","2","4"
"前兵部侍郎","2","2","4"
"部侍郎郑畋","2","2","4"
"部尚书郑谠","4","0","4"
"太府卿李峄","2","2","4"
"左司员外郎","2","2","4"
"部员外郎郑","2","2","4"
"仓部员外郎","2","2","4"
"部员外郎牛","2","2","4"
"封员外郎卢","2","2","4"
"侍郎崔彦昭","2","2","4"
"观察使独孤","2","2","4"
"户部郎中李","2","2","4"
"工部侍郎崔","2","2","4"
"右威卫上将","2","2","4"
"苏常杭润观","2","2","4"
"常杭润观察","2","2","4"
"行营招讨供","2","2","4"
"营招讨供军","2","2","4"
"制开府仪同","4","0","4"
"充太清宫使","4","0","4"
"邑三千户郑","2","2","4"
"观军容使西","2","2","4"
"军容使西门","2","2","4"
"天下行营兵","2","2","4"
"下行营兵马","2","2","4"
"兵马都监押","2","2","4"
"北行营兵马","2","2","4"
"拓拔思恭等","2","2","4"
"雁门节度使","2","2","4"
"金吾卫上将","2","2","4"
"吾卫上将军","2","2","4"
"左右神策十","3","1","4"
"神策十军使","2","2","4"
"武定军节度","2","2","4"
"定军节度使","2","2","4"
"弘农郡开国","2","2","4"
"农郡开国公","2","2","4"
"食邑七千户","2","2","4"
"州刺史萧复","2","2","4"
"留后常谦光","2","2","4"
"西观察使杜","2","2","4"
"观察使杜亚","2","2","4"
"东都畿观察","2","2","4"
"都畿观察使","2","2","4"
"史大夫张延","2","2","4"
"大夫张延赏","2","2","4"
"营田观察等","3","1","4"
"田观察等使","3","1","4"
"节度使段秀","2","2","4"
"度使段秀实","2","2","4"
"观察使鲍防","2","2","4"
"北庭大都护","2","2","4"
"兵部郎中杨","2","2","4"
"江西节度使","2","2","4"
"十一月己卯","3","1","4"
"奉义军节度","2","2","4"
"行都知兵马","4","0","4"
"判度支赵赞","4","0","4"
"滑州刺史李","2","2","4"
"保宁军节度","2","2","4"
"北平郡王马","2","2","4"
"平郡王马燧","2","2","4"
"延等州节度","1","3","4"
"右龙武大将","2","2","4"
"工部尚书贾","2","2","4"
"部尚书贾耽","2","2","4"
"兵马使吴诜","2","2","4"
"都虞候邢君","2","2","4"
"虞候邢君牙","2","2","4"
"节度使杜佑","1","3","4"
"州刺史刘赞","2","2","4"
"桂管防御观","3","1","4"
"管防御观察","3","1","4"
"司农卿薛元","2","2","4"
"农卿薛元赏","2","2","4"
"河阳行营诸","2","2","4"
"阳行营诸军","2","2","4"
"邑二千户王","2","2","4"
"观察使郑亚","2","2","4"
"观察判官魏","2","2","4"
"同平章事韦","2","2","4"
"千户白敏中","2","2","4"
"充邠宁节度","4","0","4"
"秋七月丙辰","3","1","4"
"渤海郡开国","2","2","4"
"金鱼袋夏侯","2","2","4"
"鱼袋夏侯孜","2","2","4"
"夏绥银宥节","2","2","4"
"绥银宥节度","2","2","4"
"银宥节度使","2","2","4"
"吾卫将军田","2","2","4"
"守工部尚书","4","0","4"
"州团练守捉","2","2","4"
"团练守捉使","2","2","4"
"吏部侍郎卢","2","2","4"
"前邠宁节度","4","0","4"
"傅分司东都","2","2","4"
"邑三百户郑","2","2","4"
"亳州太清宫","2","2","4"
"礼部郎中杨","2","2","4"
"深赵观察等","3","1","4"
"平阴县开国","2","2","4"
"阴县开国男","2","2","4"
"骁卫上将军","2","2","4"
"左军卫大将","4","0","4"
"康王傅分司","2","2","4"
"加河东节度","4","0","4"
"邑三千户裴","2","2","4"
"三千户裴度","2","2","4"
"阳三城怀孟","3","1","4"
"三城怀孟节","3","1","4"
"城怀孟节度","3","1","4"
"节度使王播","2","2","4"
"一万五千匹","1","3","4"
"礼部侍郎钱","2","2","4"
"部侍郎钱徽","2","2","4"
"充潼关防御","4","0","4"
"度使李听太","4","0","4"
"转运使王播","2","2","4"
"州刺史李寰","2","2","4"
"翰林待诏王","2","2","4"
"待诏王叔文","2","2","4"
"高崇文检校","4","0","4"
"封员外郎韦","2","2","4"
"管内度支营","3","1","4"
"处置统押近","3","1","4"
"置统押近界","3","1","4"
"近界诸蛮西","4","0","4"
"界诸蛮西山","4","0","4"
"诸蛮西山八","4","0","4"
"蛮西山八国","4","0","4"
"国公杜黄裳","2","2","4"
"东观察使薛","2","2","4"
"工部侍郎归","2","2","4"
"尚书左丞张","2","2","4"
"书左丞张行","2","2","4"
"左丞张行成","2","2","4"
"前安州都督","2","2","4"
"公宇文节加","2","2","4"
"宇文节加银","2","2","4"
"文节加银青","2","2","4"
"节加银青光","2","2","4"
"右仆射张行","2","2","4"
"仆射张行成","2","2","4"
"侍中高季辅","2","2","4"
"侍中宇文节","2","2","4"
"驸马都尉房","2","2","4"
"马都尉房遗","2","2","4"
"都尉房遗爱","2","2","4"
"马都尉薛万","2","2","4"
"都尉薛万彻","2","2","4"
"驸马都尉柴","2","2","4"
"马都尉柴令","2","2","4"
"都尉柴令武","2","2","4"
"河东县男柳","2","2","4"
"废皇太子忠","2","2","4"
"苏定方攻破","2","2","4"
"定方攻破西","2","2","4"
"方攻破西突","2","2","4"
"攻破西突厥","2","2","4"
"破西突厥沙","2","2","4"
"西突厥沙钵","2","2","4"
"突厥沙钵罗","2","2","4"
"国公志宁太","4","0","4"
"公志宁太子","4","0","4"
"志宁太子太","4","0","4"
"中书侍郎许","2","2","4"
"书侍郎许圉","2","2","4"
"夏五月丙申","4","0","4"
"凉国公契苾","4","0","4"
"契苾何力辽","4","0","4"
"苾何力辽东","4","0","4"
"辽东道大总","2","2","4"
"东道大总管","2","2","4"
"平壤道大总","2","2","4"
"壤道大总管","2","2","4"
"江道大总管","2","2","4"
"改六宫内职","2","2","4"
"六宫内职名","2","2","4"
"元太常伯窦","2","2","4"
"太常伯窦德","2","2","4"
"常伯窦德玄","2","2","4"
"刑太常伯刘","2","2","4"
"大司宪窦德","2","2","4"
"司宪窦德玄","2","2","4"
"子右中护检","2","2","4"
"右中护检校","2","2","4"
"中护检校西","2","2","4"
"护检校西台","2","2","4"
"检校西台侍","2","2","4"
"校西台侍郎","2","2","4"
"西台侍郎乐","2","2","4"
"台侍郎乐彦","2","2","4"
"侍郎乐彦玮","2","2","4"
"郡公姜恪同","2","2","4"
"公姜恪同东","2","2","4"
"姜恪同东西","2","2","4"
"恪同东西台","2","2","4"
"军虞候豆卢","2","2","4"
"虞候豆卢著","2","2","4"
"改左散骑常","4","0","4"
"历二年四月","2","2","4"
"迁殿中侍御","4","0","4"
"书舍人李虞","2","2","4"
"舍人李虞仲","2","2","4"
"迁尚书右丞","3","1","4"
"河阳怀节度","3","1","4"
"七年十一月","2","2","4"
"者五百余人","2","2","4"
"同昌公主薨","2","2","4"
"居郎孔敏行","2","2","4"
"补阙韦仁实","2","2","4"
"节度使王士","2","2","4"
"度使王士真","2","2","4"
"授太子少师","2","2","4"
"监军使杨叔","2","2","4"
"军使杨叔元","2","2","4"
"赵郡开国公","2","2","4"
"寿州寿春人","2","2","4"
"林将军李多","2","2","4"
"王世充僭号","3","1","4"
"秦府文学馆","2","2","4"
"府文学馆学","2","2","4"
"扬州长史李","2","2","4"
"太子率更令","2","2","4"
"贞观十四年","1","3","4"
"迁黄门侍郎","3","1","4"
"迁太子右庶","4","0","4"
"左台监察御","2","2","4"
"司农卿赵履","2","2","4"
"农卿赵履温","2","2","4"
"监察御史宋","2","2","4"
"监察御史杨","2","2","4"
"察御史杨汪","2","2","4"
"转殿中侍御","4","0","4"
"清平道大总","2","2","4"
"平道大总管","2","2","4"
"神龙元年正","2","2","4"
"龙元年正月","2","2","4"
"史大夫李杰","2","2","4"
"京兆府士曹","2","2","4"
"骁卫兵曹柳","2","2","4"
"著作郎王曾","2","2","4"
"史中丞王鉷","4","0","4"
"河南府参军","2","2","4"
"邓节度使高","2","2","4"
"翰林学士钱","2","2","4"
"林学士钱徽","2","2","4"
"蔡观察等使","3","1","4"
"右庶子韩愈","2","2","4"
"十二年八月","2","2","4"
"彰义军留后","2","2","4"
"镇州四面行","2","2","4"
"四面行营招","2","2","4"
"翰林学士元","2","2","4"
"林学士元稹","2","2","4"
"稹同州刺史","4","0","4"
"八关十六子","2","2","4"
"度支员外郎","2","2","4"
"临汉监牧等","3","1","4"
"汉监牧等使","3","1","4"
"马三千二百","2","2","4"
"诗人白居易","2","2","4"
"时年七十五","3","1","4"
"京兆尹郑复","2","2","4"
"卫尉寺主簿","2","2","4"
"谏议大夫韦","2","2","4"
"史大夫李绛","2","2","4"
"骑常侍李益","2","2","4"
"桂管都防御","2","2","4"
"管都防御观","2","2","4"
"咸通十四年","1","3","4"
"危启运保乂","4","0","4"
"启运保乂功","4","0","4"
"运保乂功臣","4","0","4"
"十四年二月","2","2","4"
"镇冀节度使","2","2","4"
"冀节度使王","2","2","4"
"庆元年十一","2","2","4"
"迁御史中丞","4","0","4"
"监察御史张","2","2","4"
"虞部员外郎","2","2","4"
"忠武节度使","2","2","4"
"转门下侍郎","4","0","4"
"复中书侍郎","3","1","4"
"御史崔元藻","2","2","4"
"秘书省著作","2","2","4"
"十四年四月","2","2","4"
"右仆射郑覃","2","2","4"
"方镇节度使","2","2","4"
"万三千七百","2","2","4"
"河中晋绛等","3","1","4"
"徐州南面招","2","2","4"
"州南面招讨","2","2","4"
"凤翔陇节度","3","1","4"
"翔陇节度使","3","1","4"
"书舍人裴坦","2","2","4"
"左拾遗刘蜕","2","2","4"
"维州守将悉","2","2","4"
"州守将悉怛","2","2","4"
"守将悉怛谋","2","2","4"
"林学士王涯","2","2","4"
"吏部侍郎时","2","2","4"
"女学士宋若","2","2","4"
"太常少卿蒋","2","2","4"
"常少卿蒋偕","2","2","4"
"勋员外郎王","2","2","4"
"时年六十六","2","2","4"
"十四年七月","2","2","4"
"银一万三千","2","2","4"
"一万三千两","2","2","4"
"金一百三十","2","2","4"
"一百三十两","2","2","4"
"置僧尼戒坛","3","1","4"
"命学士韦处","2","2","4"
"察使令狐楚","2","2","4"
"贬袁州长史","4","0","4"
"潞节度使刘","2","2","4"
"节度使刘谏","4","0","4"
"三年十二月","2","2","4"
"逐节度使李","3","1","4"
"节度使李石","2","2","4"
"仆射上事仪","4","0","4"
"中丞李汉奏","2","2","4"
"三百三十五","2","2","4"
"百三十五万","2","2","4"
"权兵部侍郎","4","0","4"
"令中使宣谕","2","2","4"
"授检校兵部","2","2","4"
"沂州刺史王","2","2","4"
"州刺史王智","2","2","4"
"刺史王智兴","2","2","4"
"转运留后事","2","2","4"
"贞元二十年","1","3","4"
"监察御史刘","2","2","4"
"上御安福门","4","0","4"
"郎判度支卢","2","2","4"
"判度支卢坦","2","2","4"
"襄州大都督","3","1","4"
"孔目官沈璧","2","2","4"
"泗节度使李","2","2","4"
"颍观察等使","4","0","4"
"宰臣武元衡","2","2","4"
"银器二百七","2","2","4"
"器二百七十","2","2","4"
"邑三千户韩","2","2","4"
"三千户韩弘","2","2","4"
"节度使张建","2","2","4"
"度使张建封","2","2","4"
"京兆尹顾少","2","2","4"
"兆尹顾少连","2","2","4"
"东道观察使","1","3","4"
"赠太子少保","3","1","4"
"镇州王承宗","2","2","4"
"郎许孟容等","2","2","4"
"太府卿王遂","2","2","4"
"都畿防御使","2","2","4"
"通守张须陀","2","2","4"
"大业十三年","1","3","4"
"长史邴元真","2","2","4"
"郡丞元宝藏","2","2","4"
"南道大行台","2","2","4"
"薛延陀遣使","4","0","4"
"立昭仪武氏","2","2","4"
"豫王府司马","2","2","4"
"相王府司马","2","2","4"
"检校中书侍","2","2","4"
"校中书侍郎","2","2","4"
"内史骞味道","2","2","4"
"时年五十七","2","2","4"
"依前知政事","4","0","4"
"司农卿韦机","2","2","4"
"万岁登封元","2","2","4"
"岁登封元年","2","2","4"
"皇太子定州","4","0","4"
"转黄门侍郎","4","0","4"
"授黄门侍郎","2","2","4"
"长史王德真","2","2","4"
"一十五万六","2","2","4"
"十五万六千","2","2","4"
"一百四十一","2","2","4"
"左仆射魏元","2","2","4"
"仆射魏元忠","2","2","4"
"许国公苏瑰","2","2","4"
"右仆射褚遂","2","2","4"
"仆射褚遂良","2","2","4"
"上子父后者","4","0","4"
"父后者赐勋","4","0","4"
"后者赐勋一","4","0","4"
"太子宾客许","2","2","4"
"赐物三万段","4","0","4"
"赠颜回太子","3","1","4"
"颜回太子少","3","1","4"
"回太子少师","3","1","4"
"曾参太子少","3","1","4"
"参太子少保","3","1","4"
"濮州员外刺","2","2","4"
"州员外刺史","2","2","4"
"赐实封千户","3","1","4"
"令左金吾大","1","3","4"
"遣太常少卿","2","2","4"
"右仆射裴寂","2","2","4"
"隐太子建成","2","2","4"
"迁卫尉少卿","4","0","4"
"尚衣奉御长","2","2","4"
"衣奉御长孙","2","2","4"
"奉御长孙昕","2","2","4"
"侍御史王旭","2","2","4"
"尚书右丞韩","2","2","4"
"书右丞韩休","2","2","4"
"赠荆州大都","2","2","4"
"迁吏部侍郎","4","0","4"
"中书侍郎苏","2","2","4"
"知节度留后","3","1","4"
"加实封二百","2","2","4"
"兵部侍郎卢","2","2","4"
"太子右卫率","2","2","4"
"节度使杜希","2","2","4"
"吾卫将军同","2","2","4"
"河东节度采","2","2","4"
"东节度采访","2","2","4"
"西平郡太守","2","2","4"
"十道黜陟使","2","2","4"
"散骑常侍褚","2","2","4"
"凤阁侍郎苏","2","2","4"
"阁侍郎苏味","2","2","4"
"兵部尚书宗","2","2","4"
"部尚书宗楚","2","2","4"
"尚书宗楚客","2","2","4"
"中书侍郎萧","2","2","4"
"崇文馆学士","2","2","4"
"秘书监马怀","2","2","4"
"书监马怀素","2","2","4"
"丽正殿校写","2","2","4"
"卫率府长史","2","2","4"
"国子博士范","2","2","4"
"左丞相张说","2","2","4"
"长安令柳升","2","2","4"
"户口色役使","2","2","4"
"时右相李林","2","2","4"
"陇右群牧都","2","2","4"
"太白山人李","2","2","4"
"白山人李浑","2","2","4"
"部侍郎杨慎","2","2","4"
"侍郎杨慎矜","2","2","4"
"后魏左仆射","2","2","4"
"西川兵马留","2","2","4"
"山南副元帅","2","2","4"
"贵妃姊虢国","2","2","4"
"山南西道采","2","2","4"
"南西道采访","2","2","4"
"侍御史郑昂","2","2","4"
"部侍郎吉温","2","2","4"
"龙武将军陈","2","2","4"
"武将军陈玄","2","2","4"
"仆射刘幽求","2","2","4"
"尚书左右丞","2","2","4"
"卫员外将军","2","2","4"
"关西兵马使","2","2","4"
"摄御史中丞","3","1","4"
"太子先锋兵","2","2","4"
"子先锋兵马","2","2","4"
"先锋兵马元","2","2","4"
"上御勤政楼","4","0","4"
"行军司马田","2","2","4"
"贼将崔乾祐","4","0","4"
"部尚书安思","2","2","4"
"尚书安思顺","2","2","4"
"吏部尚书牛","2","2","4"
"部尚书牛弘","2","2","4"
"安州大都督","2","2","4"
"鸿胪卿唐俭","2","2","4"
"总管张宝相","2","2","4"
"史大夫温彦","2","2","4"
"大夫温彦博","2","2","4"
"西海道行军","2","2","4"
"州都督李大","2","2","4"
"利州刺史高","2","2","4"
"州刺史高甑","2","2","4"
"刺史高甑生","2","2","4"
"盐泽道总管","2","2","4"
"广州都督府","2","2","4"
"督府长史唐","2","2","4"
"府长史唐奉","2","2","4"
"长史唐奉义","2","2","4"
"凉州都督王","2","2","4"
"州都督王君","2","2","4"
"大总管李靖","2","2","4"
"改封英国公","2","2","4"
"太子左卫率","2","2","4"
"太宗谓侍臣","4","0","4"
"忌等二十四","2","2","4"
"立晋王皇太","4","0","4"
"晋王皇太子","4","0","4"
"司隶大夫薛","2","2","4"
"隶大夫薛道","2","2","4"
"大夫薛道衡","2","2","4"
"居舍人崔祖","2","2","4"
"舍人崔祖浚","2","2","4"
"太宗升春宫","4","0","4"
"黄门侍郎王","2","2","4"
"侍郎令狐德","2","2","4"
"十七年二月","2","2","4"
"申国公士廉","4","0","4"
"二十一年正","2","2","4"
"渭北道行军","2","2","4"
"进封齐国公","4","0","4"
"梁国公玄龄","4","0","4"
"陕东道行台","2","2","4"
"故荆州都督","2","2","4"
"永兴文懿公","2","2","4"
"兴文懿公虞","2","2","4"
"文懿公虞世","2","2","4"
"懿公虞世南","2","2","4"
"渝襄公刘政","2","2","4"
"襄公刘政会","2","2","4"
"谓长孙忌曰","4","0","4"
"行台考功郎","2","2","4"
"台考功郎中","2","2","4"
"子左庶子许","2","2","4"
"左庶子许敬","2","2","4"
"庶子许敬宗","2","2","4"
"卫将军宇文","2","2","4"
"前后部鼓吹","3","1","4"
"黄门侍郎薛","2","2","4"
"州刺史独孤","2","2","4"
"纳言宋正本","2","2","4"
"大将军李世","2","2","4"
"将军王君廓","2","2","4"
"河内王武懿","2","2","4"
"内王武懿宗","2","2","4"
"阁舍人张说","2","2","4"
"侍御史冉祖","2","2","4"
"御史冉祖雍","2","2","4"
"肃政台御史","2","2","4"
"政台御史大","2","2","4"
"部尚书李峤","2","2","4"
"迁右散骑常","4","0","4"
"左仆射豆卢","2","2","4"
"仆射豆卢钦","2","2","4"
"射豆卢钦望","2","2","4"
"武三思父子","2","2","4"
"封博陵郡公","2","2","4"
"检校益州大","2","2","4"
"校益州大都","2","2","4"
"苑总监钟绍","2","2","4"
"长上果毅麻","2","2","4"
"上果毅麻嗣","2","2","4"
"果毅麻嗣宗","2","2","4"
"行尚书右丞","3","1","4"
"羽林将军张","2","2","4"
"侍中纪处讷","2","2","4"
"幸安乐公主","4","0","4"
"太常卿姜皎","2","2","4"
"刑部尚书赵","2","2","4"
"太子少保薛","2","2","4"
"子少保薛稷","2","2","4"
"散骑常侍贾","2","2","4"
"骑常侍贾膺","2","2","4"
"常侍贾膺福","2","2","4"
"安西副大都","2","2","4"
"吾大将军程","2","2","4"
"大将军程伯","2","2","4"
"将军程伯献","2","2","4"
"弘道元年十","2","2","4"
"道元年十二","2","2","4"
"遗诏皇太子","3","1","4"
"后临朝称制","4","0","4"
"传位皇太子","4","0","4"
"者赐勋一转","4","0","4"
"下五品上诸","4","0","4"
"子宾客韦巨","2","2","4"
"宾客韦巨源","2","2","4"
"汉阳郡王张","2","2","4"
"阳郡王张柬","2","2","4"
"秋七月丙午","4","0","4"
"吐蕃赞普遣","4","0","4"
"秋七月庚子","4","0","4"
"冬十一月庚","4","0","4"
"舒国公韦巨","2","2","4"
"国公韦巨源","2","2","4"
"酂国公萧忠","4","0","4"
"侍郎赵彦昭","2","2","4"
"宋国公唐休","2","2","4"
"百姓复一年","4","0","4"
"送金城公主","2","2","4"
"刑部尚书裴","2","2","4"
"常赦所免者","4","0","4"
"赦所免者咸","4","0","4"
"所免者咸赦","4","0","4"
"免者咸赦除","4","0","4"
"官三品上赐","4","0","4"
"十一月己酉","4","0","4"
"四年夏六月","2","2","4"
"朝邑尉刘幽","2","2","4"
"邑尉刘幽求","2","2","4"
"户部尚书岑","2","2","4"
"骁卫将军李","2","2","4"
"太子右谕德","2","2","4"
"朔方道行军","2","2","4"
"方道行军大","2","2","4"
"大圣贞皇帝","2","2","4"
"冬十月庚午","4","0","4"
"代国公李靖","2","2","4"
"正月乙卯朔","4","0","4"
"十二月辛未","4","0","4"
"十二月丙辰","4","0","4"
"遣兵部尚书","2","2","4"
"春正月壬子","4","0","4"
"安德郡公杨","2","2","4"
"德郡公杨师","2","2","4"
"郡公杨师道","2","2","4"
"十一月庚寅","4","0","4"
"十二月壬申","4","0","4"
"吐谷浑河源","2","2","4"
"谷浑河源郡","2","2","4"
"浑河源郡王","2","2","4"
"河源郡王慕","2","2","4"
"源郡王慕容","2","2","4"
"郡王慕容诺","2","2","4"
"王慕容诺曷","2","2","4"
"道大行台尚","2","2","4"
"大行台尚书","2","2","4"
"夏四月辛卯","4","0","4"
"济王扶余璋","2","2","4"
"冬十月辛卯","4","0","4"
"十二月癸卯","4","0","4"
"刑部尚书刘","2","2","4"
"吏部尚书侯","2","2","4"
"冬十月丁巳","4","0","4"
"清苑男刘洎","2","2","4"
"十二月戊申","4","0","4"
"斩首五千余","4","0","4"
"首五千余级","4","0","4"
"二十二年春","2","2","4"
"侍郎崔仁师","2","2","4"
"龟兹王诃黎","2","2","4"
"兹王诃黎布","2","2","4"
"王诃黎布失","2","2","4"
"诃黎布失毕","2","2","4"
"二十三年春","2","2","4"
"卫国公李靖","1","3","4"
"皇太子位柩","4","0","4"
"太子位柩前","4","0","4"
"本钱一千贯","2","2","4"
"吐蕃安戎城","2","2","4"
"圣文神武皇","2","2","4"
"文神武皇帝","2","2","4"
"北庭都护盖","2","2","4"
"庭都护盖嘉","2","2","4"
"都护盖嘉运","2","2","4"
"太子少傅李","2","2","4"
"冬十月甲子","4","0","4"
"玄元皇帝庙","2","2","4"
"左右金吾大","1","3","4"
"十一月己巳","4","0","4"
"县一千五百","2","2","4"
"千五百二十","2","2","4"
"乡一万六千","2","2","4"
"一万六千八","2","2","4"
"千七百六十","2","2","4"
"东京应天门","2","2","4"
"太子少保崔","2","2","4"
"十二月己亥","4","0","4"
"祀九宫贵神","2","2","4"
"右节度使皇","2","2","4"
"度使皇甫惟","2","2","4"
"使皇甫惟明","2","2","4"
"春正月癸酉","4","0","4"
"礼部尚书席","2","2","4"
"部尚书席豫","2","2","4"
"门下侍郎陈","2","2","4"
"下侍郎陈希","2","2","4"
"侍郎陈希烈","2","2","4"
"希烈同中书","2","2","4"
"烈同中书门","2","2","4"
"夏四月戊午","4","0","4"
"工部尚书陆","2","2","4"
"右节度使哥","2","2","4"
"吐蕃石堡城","2","2","4"
"玄元皇帝尊","2","2","4"
"元皇帝尊号","2","2","4"
"十二月乙亥","4","0","4"
"北副大都护","2","2","4"
"正月丁酉朔","4","0","4"
"冬十月壬寅","4","0","4"
"九百六十一","2","2","4"
"十一万九千","2","2","4"
"万九千二百","2","2","4"
"二百五十四","2","2","4"
"百八十八万","2","2","4"
"十六万二千","2","2","4"
"北海太守贺","2","2","4"
"海太守贺兰","2","2","4"
"剑南节度大","2","2","4"
"南节度大使","2","2","4"
"郭子仪收复","1","3","4"
"元三年七月","2","2","4"
"东道行台尚","2","2","4"
"三千五百人","2","2","4"
"总管尉迟敬","2","2","4"
"管尉迟敬德","2","2","4"
"斩首千余级","4","0","4"
"安吉郡公杜","2","2","4"
"吉郡公杜淹","2","2","4"
"武牙郎将高","2","2","4"
"八月甲戌朔","4","0","4"
"中书舍人杜","2","2","4"
"十一月丙午","4","0","4"
"川招抚制置","2","2","4"
"泽州刺史李","2","2","4"
"州刺史李罕","2","2","4"
"州行军司马","2","2","4"
"逆贼秦宗权","1","3","4"
"州刺史王建","2","2","4"
"邑一千户崔","2","2","4"
"御武德殿受","4","0","4"
"武德殿受朝","4","0","4"
"上徽号曰圣","3","1","4"
"圣文睿德光","2","2","4"
"文睿德光武","2","2","4"
"睿德光武弘","2","2","4"
"德光武弘孝","2","2","4"
"光武弘孝皇","2","2","4"
"武弘孝皇帝","2","2","4"
"行营招讨都","2","2","4"
"营招讨都虞","2","2","4"
"东南面招讨","2","2","4"
"沧德观察处","2","2","4"
"德观察处置","2","2","4"
"中使韩归范","2","2","4"
"中尉西门君","2","2","4"
"尉西门君遂","2","2","4"
"判官李巨川","2","2","4"
"二月辛未朔","4","0","4"
"正月辛丑朔","4","0","4"
"剑南东川兵","2","2","4"
"南东川兵马","2","2","4"
"东川节度观","3","1","4"
"度使李匡筹","2","2","4"
"遣判官韦震","2","2","4"
"食邑四千五","2","2","4"
"邑四千五百","2","2","4"
"四千五百户","2","2","4"
"五百户李茂","2","2","4"
"百户李茂贞","2","2","4"
"策大将军李","2","2","4"
"春正月乙丑","4","0","4"
"正月乙丑朔","4","0","4"
"湖南节度使","2","2","4"
"制诰刘崇鲁","2","2","4"
"节度使卢彦","2","2","4"
"度使卢彦威","2","2","4"
"节度使钱镠","4","0","4"
"鲁郡开国公","2","2","4"
"太子宾客张","2","2","4"
"间郡开国侯","2","2","4"
"捧日都头李","2","2","4"
"日都头李筠","2","2","4"
"节度使李思","2","2","4"
"面行营都招","2","2","4"
"原节度使张","2","2","4"
"故左军中尉","2","2","4"
"同平章事王","2","2","4"
"忠贞平难功","2","2","4"
"贞平难功臣","2","2","4"
"催促诸道纲","2","2","4"
"促诸道纲运","2","2","4"
"陵县开国伯","2","2","4"
"上表章请罪","1","3","4"
"史中丞狄归","2","2","4"
"中丞狄归昌","2","2","4"
"刑部侍郎杨","2","2","4"
"前御史中丞","2","2","4"
"部尚书陆扆","4","0","4"
"大将张存敬","2","2","4"
"将张存敬率","2","2","4"
"兵部郎中薛","2","2","4"
"冯翊郡开国","2","2","4"
"大都府长史","2","2","4"
"忠义军节度","2","2","4"
"三司水陆发","2","2","4"
"司水陆发运","2","2","4"
"千户赵匡凝","2","2","4"
"七百户李克","2","2","4"
"知兵马留后","4","0","4"
"一千五百两","2","2","4"
"制门下侍郎","4","0","4"
"前检校司徒","4","0","4"
"部侍郎王溥","2","2","4"
"全忠令判官","4","0","4"
"责授朝散大","4","0","4"
"令翰林学士","2","2","4"
"二月壬申朔","4","0","4"
"宣武宣义天","3","1","4"
"武宣义天平","3","1","4"
"宣义天平护","3","1","4"
"义天平护国","3","1","4"
"护国等军节","3","1","4"
"度支解县池","2","2","4"
"支解县池场","2","2","4"
"感化军节度","2","2","4"
"六军诸卫副","2","2","4"
"军诸卫副使","2","2","4"
"南节度使成","2","2","4"
"年四月十一","2","2","4"
"黄等州观察","2","2","4"
"元年八月十","1","3","4"
"吏部侍郎赵","2","2","4"
"吏部尚书陆","2","2","4"
"魏博罗绍威","2","2","4"
"十二月辛卯","3","1","4"
"春正月庚申","3","1","4"
"节度使杜洪","2","2","4"
"右金吾上将","2","2","4"
"前棣州刺史","2","2","4"
"左仆射裴枢","2","2","4"
"部尚书王溥","2","2","4"
"居舍人卢仁","2","2","4"
"左补阙崔咸","2","2","4"
"补阙崔咸休","2","2","4"
"太清宫使柳","2","2","4"
"清宫使柳璨","2","2","4"
"节度使赵匡","2","2","4"
"度使赵匡凝","2","2","4"
"年十月九日","2","2","4"
"中书舍人封","2","2","4"
"年九月二十","2","2","4"
"一万五千户","2","2","4"
"河阳节度副","2","2","4"
"阳节度副使","2","2","4"
"史大夫薛贻","2","2","4"
"大夫薛贻矩","2","2","4"
"下平章事张","2","2","4"
"光烈孝皇帝","2","2","4"
"麟德三年春","2","2","4"
"正月戊辰朔","4","0","4"
"太穆太皇太","2","2","4"
"穆太皇太后","2","2","4"
"文德皇太后","2","2","4"
"越国太妃燕","2","2","4"
"国太妃燕氏","2","2","4"
"改麟德三年","2","2","4"
"授下州刺史","4","0","4"
"乾封元年正","2","2","4"
"封元年正月","2","2","4"
"元年正月五","2","2","4"
"年正月五日","2","2","4"
"皇太子弘设","2","2","4"
"褒圣侯德伦","2","2","4"
"改铸乾封泉","2","2","4"
"铸乾封泉宝","2","2","4"
"乾封泉宝钱","2","2","4"
"杀司卫少卿","2","2","4"
"司卫少卿武","2","2","4"
"卫少卿武惟","2","2","4"
"少卿武惟良","2","2","4"
"改万年宫依","2","2","4"
"万年宫依旧","2","2","4"
"年宫依旧名","2","2","4"
"宫依旧名九","2","2","4"
"依旧名九成","2","2","4"
"旧名九成宫","2","2","4"
"东台侍郎李","2","2","4"
"台侍郎李安","2","2","4"
"侍郎李安期","2","2","4"
"右相刘仁轨","2","2","4"
"薛贺水五万","2","2","4"
"贺水五万人","2","2","4"
"明堂制度历","2","2","4"
"堂制度历代","2","2","4"
"夏四月丙辰","4","0","4"
"大臣男建等","2","2","4"
"城一百七十","2","2","4"
"六十九万七","2","2","4"
"十九万七千","2","2","4"
"左史事张文","2","2","4"
"夏四月乙酉","4","0","4"
"二万八千二","2","2","4"
"三千三百头","2","2","4"
"二千九百匹","2","2","4"
"安固二县城","2","2","4"
"固二县城郭","2","2","4"
"宅六千八百","2","2","4"
"八百四十三","2","2","4"
"百四十三区","2","2","4"
"田苗四千一","2","2","4"
"苗四千一百","2","2","4"
"四千一百五","2","2","4"
"一百五十顷","2","2","4"
"三十六万七","2","2","4"
"十六万七千","2","2","4"
"六万七千六","2","2","4"
"万七千六百","2","2","4"
"七千六百九","2","2","4"
"六百九十户","2","2","4"
"司珍大夫路","2","2","4"
"珍大夫路励","2","2","4"
"大夫路励行","2","2","4"
"月十三日夜","2","2","4"
"十三日夜降","2","2","4"
"三日夜降雨","2","2","4"
"二十日水深","2","2","4"
"十日水深五","2","2","4"
"日水深五尺","2","2","4"
"屋一万四千","2","2","4"
"一万四千三","2","2","4"
"万四千三百","2","2","4"
"四千三百九","2","2","4"
"千三百九十","2","2","4"
"三百九十区","2","2","4"
"田四千四百","2","2","4"
"四千四百九","2","2","4"
"千四百九十","2","2","4"
"四百九十六","2","2","4"
"百九十六顷","2","2","4"
"驾海道行军","2","2","4"
"封豫王旭轮","2","2","4"
"乐成男刘仁","2","2","4"
"成男刘仁轨","2","2","4"
"西台三品许","2","2","4"
"台三品许敬","2","2","4"
"三品许敬宗","2","2","4"
"袭龟兹拨换","2","2","4"
"龟兹拨换城","2","2","4"
"州县孔子庙","2","2","4"
"县孔子庙堂","2","2","4"
"台侍郎李敬","2","2","4"
"侍郎李敬玄","2","2","4"
"蕃大将论钦","2","2","4"
"大将论钦陵","2","2","4"
"将论钦陵所","2","2","4"
"吐谷浑全国","2","2","4"
"卫国夫人杨","2","2","4"
"赠鲁国夫人","2","2","4"
"周忠孝公士","2","2","4"
"赠鲁国忠烈","2","2","4"
"鲁国忠烈太","2","2","4"
"国忠烈太夫","2","2","4"
"忠烈太夫人","2","2","4"
"赠太原王妃","2","2","4"
"京官文武九","2","2","4"
"官文武九品","2","2","4"
"摄正谏大夫","2","2","4"
"西台三品赵","2","2","4"
"台三品赵仁","2","2","4"
"三品赵仁本","2","2","4"
"留皇太子弘","2","2","4"
"雍州人梁金","2","2","4"
"州人梁金柱","2","2","4"
"人梁金柱请","2","2","4"
"钱三千贯赈","2","2","4"
"周国公武敏","2","2","4"
"复本姓贺兰","2","2","4"
"汝等州教习","2","2","4"
"许州叶县昆","2","2","4"
"州叶县昆水","2","2","4"
"益等一十八","2","2","4"
"一十八州兵","2","2","4"
"募五千三百","2","2","4"
"五千三百人","2","2","4"
"上问中书令","2","2","4"
"问中书令阎","2","2","4"
"中书令阎立","2","2","4"
"书令阎立本","2","2","4"
"黄门侍郎郝","2","2","4"
"门侍郎郝处","2","2","4"
"改赐新鱼袋","2","2","4"
"门大将军高","2","2","4"
"大将军高侃","2","2","4"
"大败新罗众","2","2","4"
"金吾将军裴","2","2","4"
"吾将军裴居","2","2","4"
"燕山道总管","2","2","4"
"山道总管李","2","2","4"
"道总管李谨","2","2","4"
"总管李谨行","2","2","4"
"九成宫太子","2","2","4"
"成宫太子新","2","2","4"
"宫太子新宫","2","2","4"
"居民六百家","2","2","4"
"博陵县子阎","2","2","4"
"陵县子阎立","2","2","4"
"县子阎立本","2","2","4"
"疏勒二国王","2","2","4"
"勒二国王入","2","2","4"
"二国王入朝","2","2","4"
"国王入朝请","2","2","4"
"五年春二月","2","2","4"
"遣太子左庶","2","2","4"
"门下三品刘","2","2","4"
"下三品刘仁","2","2","4"
"鸡林道大总","2","2","4"
"林道大总管","2","2","4"
"大将军李谨","2","2","4"
"将军李谨行","2","2","4"
"三月辛亥朔","4","0","4"
"周国公武承","2","2","4"
"国公武承嗣","2","2","4"
"袭封赵国公","2","2","4"
"波斯王卑路","2","2","4"
"斯王卑路斯","2","2","4"
"上意见十二","2","2","4"
"意见十二条","2","2","4"
"王白素稽献","4","0","4"
"大臣论吐浑","2","2","4"
"臣论吐浑弥","2","2","4"
"鸡林道行军","2","2","4"
"林道行军大","2","2","4"
"中书侍郎郝","2","2","4"
"书侍郎郝处","2","2","4"
"乐成侯刘仁","2","2","4"
"成侯刘仁轨","2","2","4"
"大理卿张文","2","2","4"
"甑山公郝处","2","2","4"
"山公郝处俊","2","2","4"
"监修国史李","3","1","4"
"宰相刘仁轨","2","2","4"
"春正月戊戌","4","0","4"
"幸汝州温汤","4","0","4"
"后尚书省下","2","2","4"
"侍郎李义琰","2","2","4"
"郎李义琰同","2","2","4"
"李义琰同中","2","2","4"
"义琰同中书","2","2","4"
"琰同中书门","2","2","4"
"黄门侍郎高","2","2","4"
"门侍郎高智","2","2","4"
"侍郎高智周","2","2","4"
"郎高智周同","2","2","4"
"高智周同中","2","2","4"
"智周同中书","2","2","4"
"周同中书门","2","2","4"
"黔等州官吏","2","2","4"
"改上元三年","2","2","4"
"丞崔知悌等","2","2","4"
"工部尚书高","2","2","4"
"部尚书高藏","2","2","4"
"司农卿扶余","2","2","4"
"农卿扶余隆","2","2","4"
"熊津州都督","2","2","4"
"牧守者一人","2","2","4"
"改年正月一","4","0","4"
"秋七月丁巳","4","0","4"
"洮河道行军","2","2","4"
"军大总管中","2","2","4"
"大总管中书","2","2","4"
"总管中书令","2","2","4"
"管中书令李","2","2","4"
"中书令李敬","2","2","4"
"书令李敬玄","2","2","4"
"大将军刘审","2","2","4"
"将军刘审礼","2","2","4"
"军刘审礼等","2","2","4"
"侍臣中书舍","2","2","4"
"臣中书舍人","2","2","4"
"中书舍人郭","2","2","4"
"书舍人郭正","2","2","4"
"舍人郭正一","2","2","4"
"人郭正一等","2","2","4"
"正谏大夫明","2","2","4"
"谏大夫明崇","2","2","4"
"礼官学士详","2","2","4"
"郎裴行俭讨","2","2","4"
"大都护长史","2","2","4"
"都护长史萧","2","2","4"
"护长史萧嗣","2","2","4"
"长史萧嗣业","2","2","4"
"将军花大智","2","2","4"
"令将军曹怀","2","2","4"
"将军曹怀舜","2","2","4"
"军曹怀舜率","2","2","4"
"曹怀舜率兵","2","2","4"
"吐蕃文成公","2","2","4"
"蕃文成公主","2","2","4"
"大臣论塞调","2","2","4"
"臣论塞调傍","2","2","4"
"同三品高智","2","2","4"
"三品高智周","2","2","4"
"州都督刺史","2","2","4"
"符玺郎李延","2","2","4"
"玺郎李延寿","2","2","4"
"郎李延寿撰","2","2","4"
"霍王元轨率","2","2","4"
"故玉清观道","2","2","4"
"玉清观道士","2","2","4"
"清观道士王","2","2","4"
"观道士王远","2","2","4"
"道士王远知","2","2","4"
"逍遥谷道士","2","2","4"
"遥谷道士潘","2","2","4"
"谷道士潘师","2","2","4"
"道士潘师正","2","2","4"
"士潘师正所","2","2","4"
"潘师正所居","2","2","4"
"中书侍郎王","2","2","4"
"书侍郎王德","2","2","4"
"侍郎王德真","2","2","4"
"河西镇抚大","2","2","4"
"西镇抚大使","2","2","4"
"镇抚大使李","2","2","4"
"抚大使李敬","2","2","4"
"大使李敬玄","2","2","4"
"吐蕃将赞婆","2","2","4"
"时左武卫将","2","2","4"
"武卫将军黑","2","2","4"
"卫将军黑齿","2","2","4"
"将军黑齿常","2","2","4"
"河源军经略","2","2","4"
"源军经略大","2","2","4"
"军经略大使","2","2","4"
"令李敬玄镇","2","2","4"
"中郎将程务","2","2","4"
"郎将程务挺","2","2","4"
"将程务挺击","2","2","4"
"程务挺击破","2","2","4"
"鄯州都督李","2","2","4"
"州都督李敬","2","2","4"
"都督李敬玄","2","2","4"
"改调露二年","2","2","4"
"下三品张大","2","2","4"
"三品张大安","2","2","4"
"河北诸州大","4","0","4"
"北诸州大水","4","0","4"
"苏州刺史曹","2","2","4"
"州刺史曹王","2","2","4"
"刺史曹王明","2","2","4"
"史曹王明封","2","2","4"
"将军李知十","2","2","4"
"部尚书裴行","2","2","4"
"尚书裴行俭","2","2","4"
"裴行俭定襄","4","0","4"
"行俭定襄道","4","0","4"
"俭定襄道大","4","0","4"
"突厥温傅部","2","2","4"
"厥温傅部落","2","2","4"
"州长史李义","2","2","4"
"长史李义玄","2","2","4"
"同三品刘仁","2","2","4"
"定襄道总管","2","2","4"
"襄道总管曹","2","2","4"
"道总管曹怀","2","2","4"
"总管曹怀舜","2","2","4"
"故江王元祥","2","2","4"
"大理寺后园","2","2","4"
"大破突厥史","2","2","4"
"破突厥史伏","2","2","4"
"部尚书崔知","2","2","4"
"尚书崔知悌","2","2","4"
"甑山县公郝","2","2","4"
"山县公郝处","2","2","4"
"县公郝处俊","2","2","4"
"永淳元年正","2","2","4"
"淳元年正月","2","2","4"
"改开耀二年","2","2","4"
"立皇孙重照","2","2","4"
"吏部郎中王","2","2","4"
"部郎中王方","2","2","4"
"郎中王方庆","2","2","4"
"立愍怀太子","2","2","4"
"立文惠太子","2","2","4"
"金牙道行军","2","2","4"
"牙道行军大","2","2","4"
"将军阎怀旦","2","2","4"
"军阎怀旦等","2","2","4"
"阎怀旦等三","2","2","4"
"十姓突厥阿","2","2","4"
"姓突厥阿史","2","2","4"
"参知政事崔","2","2","4"
"知政事崔知","2","2","4"
"政事崔知温","2","2","4"
"置东都苑总","2","2","4"
"东都苑总监","2","2","4"
"岐州刺史苏","2","2","4"
"州刺史苏良","2","2","4"
"刺史苏良嗣","2","2","4"
"门侍郎刘景","2","2","4"
"侍郎刘景先","2","2","4"
"阿史骨笃禄","4","0","4"
"正月甲午朔","4","0","4"
"阿史德元珍","2","2","4"
"史德元珍等","2","2","4"
"中书令崔知","2","2","4"
"书令崔知温","2","2","4"
"绥州部落稽","2","2","4"
"州部落稽白","2","2","4"
"部落稽白铁","2","2","4"
"落稽白铁余","2","2","4"
"命将军程务","4","0","4"
"刺史李思俭","2","2","4"
"丰州都督崔","2","2","4"
"州都督崔智","2","2","4"
"都督崔智辨","2","2","4"
"督崔智辨率","2","2","4"
"封皇孙重福","2","2","4"
"相王轮改封","2","2","4"
"令唐昌郡王","2","2","4"
"唐昌郡王重","2","2","4"
"昌郡王重福","2","2","4"
"侍医秦鸣鹤","2","2","4"
"文明元年八","2","2","4"
"明元年八月","2","2","4"
"侍郎卢怀慎","2","2","4"
"紫微令姚崇","2","2","4"
"契丹松漠郡","2","2","4"
"丹松漠郡王","2","2","4"
"松漠郡王李","2","2","4"
"令吏部尚书","1","3","4"
"皇太子加元","4","0","4"
"太子加元服","4","0","4"
"军器监官员","2","2","4"
"秋七月壬申","4","0","4"
"内侍杨思勖","2","2","4"
"侍杨思勖讨","2","2","4"
"史大夫崔隐","2","2","4"
"大夫崔隐甫","2","2","4"
"左监门将军","2","2","4"
"陇右节度大","2","2","4"
"右节度大使","2","2","4"
"副大都护赵","2","2","4"
"大都护赵颐","2","2","4"
"都护赵颐贞","2","2","4"
"州都督张审","2","2","4"
"都督张审素","2","2","4"
"燕国公张说","2","2","4"
"春正月壬戌","3","1","4"
"正月癸亥朔","4","0","4"
"侍中裴耀卿","2","2","4"
"中侍御史杨","2","2","4"
"十一月壬寅","4","0","4"
"内外文武九","2","2","4"
"外文武九品","2","2","4"
"尊号曰圣神","2","2","4"
"越古金轮圣","2","2","4"
"古金轮圣神","2","2","4"
"阁侍郎李元","2","2","4"
"夏官侍郎孙","2","2","4"
"官侍郎孙元","2","2","4"
"夏四月庚子","4","0","4"
"史大夫李朝","2","2","4"
"大夫李朝隐","2","2","4"
"河西行军司","2","2","4"
"西行军司马","2","2","4"
"阳节度使李","2","2","4"
"下侍郎崔涣","2","2","4"
"侍郎崔涣等","2","2","4"
"部尚书王思","2","2","4"
"尚书王思礼","2","2","4"
"国公韦见素","2","2","4"
"宫女三千人","1","3","4"
"内节度使王","2","2","4"
"州刺史能元","2","2","4"
"刺史能元皓","2","2","4"
"等州防御使","2","2","4"
"安庆绪相州","4","0","4"
"乾元大圣光","2","2","4"
"元大圣光天","2","2","4"
"大圣光天文","2","2","4"
"圣光天文武","2","2","4"
"光天文武孝","2","2","4"
"天文武孝感","2","2","4"
"太子少师崔","2","2","4"
"判尚书省事","4","0","4"
"太子宾客薛","2","2","4"
"两道节度使","2","2","4"
"韩国公苗晋","2","2","4"
"国公苗晋卿","2","2","4"
"吏部尚书韦","2","2","4"
"太子宾客吕","2","2","4"
"晋绛等州节","4","0","4"
"十二月庚辰","4","0","4"
"右羽林军大","3","1","4"
"陇等州节度","2","2","4"
"节度使李奂","2","2","4"
"道行营节度","2","2","4"
"元十四年十","2","2","4"
"十四年十二","2","2","4"
"年十二月十","1","3","4"
"令御史大夫","2","2","4"
"陕西节度使","1","3","4"
"右兵马使梁","2","2","4"
"兵马使梁崇","2","2","4"
"马使梁崇义","2","2","4"
"封武威郡王","2","2","4"
"华节度使李","2","2","4"
"圣文武皇帝","2","2","4"
"朔方行营节","2","2","4"
"方行营节度","2","2","4"
"吐蕃寇泾州","4","0","4"
"广武王承宏","2","2","4"
"长孙全绪等","2","2","4"
"元帅行军司","2","2","4"
"帅行军司马","2","2","4"
"州刺史第五","2","2","4"
"刺史第五琦","2","2","4"
"常博士柳伉","2","2","4"
"博士柳伉上","2","2","4"
"节度使仆固","2","2","4"
"中书令郭子","2","2","4"
"书令郭子仪","2","2","4"
"二月己巳朔","4","0","4"
"江南西道观","2","2","4"
"南西道观察","2","2","4"
"郡王郭子仪","2","2","4"
"礼部侍郎贾","2","2","4"
"太子詹事李","2","2","4"
"右仆射郭英","2","2","4"
"一千六百九","2","2","4"
"太子詹事臧","2","2","4"
"子詹事臧希","2","2","4"
"部尚书王昂","2","2","4"
"驸马都尉郭","2","2","4"
"马都尉郭暧","2","2","4"
"原节度使马","2","2","4"
"贬刑部尚书","2","2","4"
"同平章事杜","2","2","4"
"部尚书裴士","2","2","4"
"尚书裴士淹","2","2","4"
"度使田神功","2","2","4"
"内侍鱼朝恩","2","2","4"
"吐蕃寇灵州","4","0","4"
"邓国公张献","2","2","4"
"国公张献诚","2","2","4"
"亳节度使令","2","2","4"
"度使令狐彰","2","2","4"
"川节度使崔","2","2","4"
"尚书右丞韦","2","2","4"
"幽州节度副","2","2","4"
"尚书左丞蒋","2","2","4"
"书左丞蒋涣","2","2","4"
"工部尚书赵","2","2","4"
"州刺史杨子","2","2","4"
"刺史杨子琳","2","2","4"
"州节度使皇","2","2","4"
"度使皇甫温","2","2","4"
"南节度使韦","2","2","4"
"充浙西观察","4","0","4"
"吏部侍郎徐","2","2","4"
"观察使李昌","2","2","4"
"西观察使路","2","2","4"
"州刺史杨猷","2","2","4"
"中书舍人常","2","2","4"
"书舍人常衮","2","2","4"
"州刺史李国","2","2","4"
"刺史李国清","2","2","4"
"中书舍人杨","2","2","4"
"州节度大使","1","3","4"
"青州刺史李","2","2","4"
"散骑常侍孟","2","2","4"
"雁门郡王田","2","2","4"
"谏议大夫杜","2","2","4"
"议大夫杜亚","2","2","4"
"一百五十人","2","2","4"
"史大夫李涵","2","2","4"
"等八州节度","2","2","4"
"节度观察留","3","1","4"
"度观察留后","3","1","4"
"春正月甲寅","3","1","4"
"部侍郎赵纵","2","2","4"
"安南都护张","2","2","4"
"润州丹阳军","2","2","4"
"镇北庭行营","3","1","4"
"散骑常侍萧","2","2","4"
"骑常侍萧昕","2","2","4"
"节度使李宝","2","2","4"
"度使李宝臣","2","2","4"
"昊天上帝南","4","0","4"
"天上帝南郊","4","0","4"
"楚州刺史李","2","2","4"
"睿文孝武皇","2","2","4"
"文孝武皇帝","2","2","4"
"川节度使杜","2","2","4"
"节度使杜元","2","2","4"
"度使杜元颖","2","2","4"
"绫绢三千五","2","2","4"
"绢三千五百","2","2","4"
"三千五百匹","2","2","4"
"部尚书胡证","2","2","4"
"道节度使牛","2","2","4"
"翰林学士韦","2","2","4"
"林学士韦处","2","2","4"
"太子宾客令","2","2","4"
"子宾客令狐","2","2","4"
"宾客令狐楚","2","2","4"
"刑部尚书段","2","2","4"
"部尚书段文","2","2","4"
"尚书段文昌","2","2","4"
"制正议大夫","4","0","4"
"户部侍郎韦","2","2","4"
"部侍郎韦顗","4","0","4"
"左神策大将","1","3","4"
"吏部尚书赵","2","2","4"
"河南府兵曹","2","2","4"
"太常卿赵宗","2","2","4"
"常卿赵宗儒","2","2","4"
"南节度使郑","2","2","4"
"宰相牛僧孺","2","2","4"
"军节度使薛","2","2","4"
"节度使张惟","2","2","4"
"度使张惟清","2","2","4"
"右赞善大夫","2","2","4"
"铁使王播奏","3","1","4"
"部尚书王涯","2","2","4"
"兴唐观道士","2","2","4"
"西观察使殷","2","2","4"
"同州刺史萧","2","2","4"
"节度使崔植","2","2","4"
"大将军高霞","2","2","4"
"赐御史中丞","3","1","4"
"知兵马使李","2","2","4"
"李逢吉检校","2","2","4"
"同州刺史裴","2","2","4"
"等二十八人","2","2","4"
"枢密使王守","2","2","4"
"密使王守澄","2","2","4"
"千二百七十","2","2","4"
"吏部侍郎庾","2","2","4"
"部侍郎庾承","2","2","4"
"侍郎庾承宣","2","2","4"
"州刺史白居","2","2","4"
"刺史白居易","2","2","4"
"幽州李载义","2","2","4"
"右仆射致仕","4","0","4"
"山南东道行","2","2","4"
"南东道行军","2","2","4"
"东道行军司","2","2","4"
"下平章事乌","2","2","4"
"送中书门下","3","1","4"
"太常卿李绛","2","2","4"
"宁节度使高","2","2","4"
"节度使高承","2","2","4"
"议大夫张仲","2","2","4"
"大夫张仲方","2","2","4"
"部侍郎卢元","2","2","4"
"侍郎卢元辅","2","2","4"
"骑常侍冯宿","2","2","4"
"管经略使王","2","2","4"
"吏部尚书致","4","0","4"
"节度使李寰","2","2","4"
"道节度使王","2","2","4"
"太子少师李","2","2","4"
"军节度使牛","2","2","4"
"左神策军大","2","2","4"
"神策军大将","2","2","4"
"策军大将军","2","2","4"
"平章事路随","2","2","4"
"南节度使段","2","2","4"
"节度使段文","2","2","4"
"度使段文昌","2","2","4"
"侍讲学士郑","2","2","4"
"讲学士郑覃","2","2","4"
"元略检校吏","2","2","4"
"略检校吏部","2","2","4"
"都留守崔弘","2","2","4"
"留守崔弘礼","2","2","4"
"千一百六十","2","2","4"
"绢三十万匹","2","2","4"
"卫大将军段","2","2","4"
"同州刺史高","2","2","4"
"观察使裴弘","2","2","4"
"察使裴弘泰","2","2","4"
"委中书门下","4","0","4"
"陕州防御使","2","2","4"
"度使王承元","2","2","4"
"管观察使裴","2","2","4"
"节度使殷侑","2","2","4"
"曹濮等州观","2","2","4"
"濮等州观察","2","2","4"
"常平义仓斛","4","0","4"
"平义仓斛斗","4","0","4"
"宴群臣麟德","4","0","4"
"群臣麟德殿","4","0","4"
"议大夫王彦","2","2","4"
"史中丞李汉","2","2","4"
"将军史孝章","2","2","4"
"诏银青光禄","4","0","4"
"七百户李德","2","2","4"
"百户李德裕","2","2","4"
"充凤翔陇右","4","0","4"
"前凤翔节度","3","1","4"
"部侍郎李固","2","2","4"
"侍郎李固言","2","2","4"
"观察使裴谊","2","2","4"
"节度使李载","1","3","4"
"度使李载义","1","3","4"
"度使令狐楚","2","2","4"
"右丞李固言","2","2","4"
"虢州刺史崔","2","2","4"
"诸司疏决系","4","0","4"
"司疏决系囚","4","0","4"
"下递减一等","3","1","4"
"通王府司马","2","2","4"
"节度使李文","2","2","4"
"度使李文悦","2","2","4"
"工部侍郎杨","2","2","4"
"右军中尉王","2","2","4"
"节度使杨志","2","2","4"
"度使杨志诚","2","2","4"
"助教李仲言","2","2","4"
"弟子二十人","2","2","4"
"部尚书王源","2","2","4"
"尚书王源中","2","2","4"
"义节度副使","2","2","4"
"书左仆射李","2","2","4"
"观察使李绅","2","2","4"
"部尚书郑覃","2","2","4"
"贬翰林学士","3","1","4"
"节度使史孝","2","2","4"
"度使史孝章","2","2","4"
"贬中书舍人","3","1","4"
"平章事李固","2","2","4"
"章事李固言","2","2","4"
"知杂李孝本","2","2","4"
"太子太保分","2","2","4"
"子太保分司","2","2","4"
"左军中尉仇","2","2","4"
"江头宫殿锁","2","2","4"
"头宫殿锁千","2","2","4"
"宫殿锁千门","2","2","4"
"太子少傅分","2","2","4"
"子少傅分司","2","2","4"
"州刺史刘禹","2","2","4"
"刺史刘禹锡","2","2","4"
"节度使萧洪","2","2","4"
"大理卿郭行","2","2","4"
"理卿郭行余","2","2","4"
"卫大将军崔","2","2","4"
"左仆射令狐","2","2","4"
"仆射令狐楚","2","2","4"
"少尹罗立言","2","2","4"
"太府卿韩约","2","2","4"
"将军陈君赏","2","2","4"
"观察使卢周","2","2","4"
"察使卢周仁","2","2","4"
"使卢周仁进","2","2","4"
"刑部尚书殷","2","2","4"
"部尚书殷侑","2","2","4"
"州刺史高承","2","2","4"
"华州刺史卢","2","2","4"
"都留守裴度","2","2","4"
"部侍郎李珏","2","2","4"
"天德军都防","2","2","4"
"德军都防御","2","2","4"
"军都防御使","2","2","4"
"平章事李石","2","2","4"
"屯田郎中李","2","2","4"
"金吾将军郭","2","2","4"
"吏部侍郎归","2","2","4"
"东井第三星","2","2","4"
"岳观察使李","2","2","4"
"监军杨明义","2","2","4"
"都虞候杨朝","2","2","4"
"虞候杨朝晟","2","2","4"
"赐钱五百贯","2","2","4"
"隰观察使崔","2","2","4"
"观察使崔汉","2","2","4"
"察使崔汉衡","2","2","4"
"京兆尹郑叔","2","2","4"
"侍郎刘太真","2","2","4"
"外孙燕八八","2","2","4"
"左卫率府胄","2","2","4"
"卫率府胄曹","2","2","4"
"率府胄曹参","2","2","4"
"府胄曹参军","2","2","4"
"平章事张孝","2","2","4"
"章事张孝忠","2","2","4"
"相颉干迦斯","2","2","4"
"节度使曲环","2","2","4"
"节度使刘昌","2","2","4"
"川节度使韦","2","2","4"
"部侍郎张滂","2","2","4"
"司农少卿裴","2","2","4"
"瀛州刺史刘","2","2","4"
"延州刺史李","2","2","4"
"留后李万荣","2","2","4"
"直言极谏等","2","2","4"
"营田观察押","3","1","4"
"罗羽录没密","2","2","4"
"羽录没密施","2","2","4"
"北都副留守","2","2","4"
"谏议大夫阳","2","2","4"
"议大夫阳城","2","2","4"
"前魏博节度","2","2","4"
"节度副使田","2","2","4"
"汝州刺史陆","2","2","4"
"州刺史陆长","2","2","4"
"刺史陆长源","2","2","4"
"武行军司马","2","2","4"
"中尉霍仙鸣","2","2","4"
"管经略使房","2","2","4"
"左神策行营","2","2","4"
"州刺史刘逸","2","2","4"
"刺史刘逸准","2","2","4"
"城节度使李","2","2","4"
"泽潞磁邢洺","4","0","4"
"兵部尚书归","2","2","4"
"秋七月乙巳","4","0","4"
"贬谏议大夫","3","1","4"
"谏议大夫苗","2","2","4"
"议大夫苗拯","2","2","4"
"观察使韦士","2","2","4"
"察使韦士宗","2","2","4"
"军节度使卢","2","2","4"
"工部侍郎赵","2","2","4"
"定平镇兵马","2","2","4"
"平镇兵马使","2","2","4"
"封南康郡王","2","2","4"
"赐群臣宴马","4","0","4"
"群臣宴马璘","4","0","4"
"臣宴马璘山","4","0","4"
"部员外郎裴","2","2","4"
"安南经略使","2","2","4"
"泾原节度留","2","2","4"
"原节度留后","2","2","4"
"太常卿高郢","2","2","4"
"监察御史崔","2","2","4"
"昭德皇后王","2","2","4"
"德皇后王氏","2","2","4"
"昭圣恭惠孝","2","2","4"
"圣恭惠孝皇","2","2","4"
"恭惠孝皇帝","2","2","4"
"同平章事令","2","2","4"
"东观察使王","2","2","4"
"观察使王式","2","2","4"
"部尚书萧鄴","4","0","4"
"金鱼袋刘潼","2","2","4"
"书舍人王铎","2","2","4"
"万四千一百","2","2","4"
"大中十二年","1","3","4"
"欠一百五十","2","2","4"
"百五十万五","2","2","4"
"五十万五千","2","2","4"
"十万五千七","2","2","4"
"千七百一十","2","2","4"
"诸道州府场","4","0","4"
"刑部尚书孔","2","2","4"
"考宏词选人","4","0","4"
"中书舍人赵","2","2","4"
"吐蕃大将尚","2","2","4"
"观察使杜审","2","2","4"
"察使杜审权","2","2","4"
"万五千五百","2","2","4"
"部侍郎李蔚","2","2","4"
"节度使崔彦","2","2","4"
"前浙东观察","2","2","4"
"路行营招讨","2","2","4"
"南行营招讨","2","2","4"
"散骑常侍刘","2","2","4"
"定边军节度","2","2","4"
"部侍郎杨知","2","2","4"
"侍郎杨知温","2","2","4"
"节度使何全","2","2","4"
"兵部侍郎刘","2","2","4"
"京兆尹温璋","2","2","4"
"部员外郎陆","2","2","4"
"御史中丞赵","2","2","4"
"尚书左丞李","2","2","4"
"正月丙寅朔","4","0","4"
"凤翔法门寺","2","2","4"
"惠圣恭定孝","2","2","4"
"圣恭定孝皇","2","2","4"
"恭定孝皇帝","2","2","4"
"右军中尉韩","2","2","4"
"军中尉韩文","2","2","4"
"中尉韩文约","2","2","4"
"川节度使高","2","2","4"
"宰相崔彦昭","2","2","4"
"贼首王仙芝","1","3","4"
"秘书少监李","2","2","4"
"吏部侍郎孔","2","2","4"
"部侍郎孔晦","2","2","4"
"部侍郎崔荛","2","2","4"
"检校考功郎","2","2","4"
"校考功郎中","2","2","4"
"节度使宋威","2","2","4"
"招讨草贼使","2","2","4"
"充昭义军节","3","1","4"
"晋国公王铎","2","2","4"
"行营副招讨","2","2","4"
"中尉田令孜","2","2","4"
"刑部侍郎李","2","2","4"
"行营都监押","2","2","4"
"翔节度使郑","2","2","4"
"节度使郑畋","2","2","4"
"道行营都统","2","2","4"
"延节度使李","2","2","4"
"节度使李孝","2","2","4"
"度使李孝昌","2","2","4"
"节度使拓拔","2","2","4"
"度使拓拔思","2","2","4"
"使拓拔思恭","2","2","4"
"军防御使李","2","2","4"
"行营兵马节","2","2","4"
"营兵马节度","2","2","4"
"时淮南节度","2","2","4"
"朔方军节度","2","2","4"
"节度使诸葛","2","2","4"
"度使诸葛爽","2","2","4"
"北行营节度","2","2","4"
"朔等州观察","2","2","4"
"西北面行营","2","2","4"
"晋慈隰节度","1","3","4"
"春正月辛巳","3","1","4"
"度使石君涉","2","2","4"
"神策左军中","2","2","4"
"策左军中尉","2","2","4"
"保銮都将李","3","1","4"
"京畿制置使","1","3","4"
"陇州刺史薛","2","2","4"
"兵部侍郎黎","2","2","4"
"吏部尚书颜","2","2","4"
"兵部侍郎袁","2","2","4"
"太常少卿韦","2","2","4"
"常少卿韦伦","2","2","4"
"命江西观察","1","3","4"
"等一百八十","2","2","4"
"平章事李勉","2","2","4"
"御史中丞袁","2","2","4"
"史中丞袁高","2","2","4"
"淮宁军节度","2","2","4"
"晋绛都防御","2","2","4"
"易州刺史张","2","2","4"
"州刺史张孝","2","2","4"
"刺史张孝忠","2","2","4"
"绛观察使李","2","2","4"
"书左仆射杨","2","2","4"
"李抱真检校","3","1","4"
"定州刺史杨","2","2","4"
"州刺史杨政","2","2","4"
"刺史杨政义","2","2","4"
"王武俊检校","1","3","4"
"贬太子詹事","2","2","4"
"伊西北庭节","4","0","4"
"西北庭节度","4","0","4"
"尚书左丞庾","2","2","4"
"两税盐铁使","2","2","4"
"翔节度使张","2","2","4"
"夏四月庚申","4","0","4"
"国子祭酒李","2","2","4"
"华州刺史董","2","2","4"
"节度使李晟","2","2","4"
"行营副元帅","2","2","4"
"李怀光太子","1","3","4"
"南节度使陈","2","2","4"
"节度使陈少","2","2","4"
"度使陈少游","2","2","4"
"官员加两阶","1","3","4"
"泾原四镇北","4","0","4"
"原四镇北庭","4","0","4"
"北庭行营兵","2","2","4"
"庭行营兵马","2","2","4"
"卢龙节度副","2","2","4"
"龙节度副大","2","2","4"
"牙将陈仙奇","2","2","4"
"沧州刺史程","2","2","4"
"绥银节度使","2","2","4"
"吐蕃摧沙堡","2","2","4"
"兵部侍郎柳","2","2","4"
"大将论颊热","2","2","4"
"西观察使白","2","2","4"
"观察使白志","2","2","4"
"察使白志贞","2","2","4"
"二十四万石","2","2","4"
"节度使裴玢","2","2","4"
"大都督鸡林","2","2","4"
"都督鸡林州","2","2","4"
"督鸡林州诸","2","2","4"
"观察使房式","2","2","4"
"大将军薛平","2","2","4"
"百五十万贯","2","2","4"
"右监门卫将","2","2","4"
"监门卫将军","2","2","4"
"守礼部尚书","4","0","4"
"库钱五十万","3","1","4"
"观察使元义","2","2","4"
"察使元义方","2","2","4"
"宰相杜黄裳","2","2","4"
"魏博田弘正","3","1","4"
"钱二十万贯","3","1","4"
"司农卿裴武","2","2","4"
"太微西垣南","2","2","4"
"观察使裴次","2","2","4"
"察使裴次元","2","2","4"
"节度使张煦","2","2","4"
"春正月己酉","4","0","4"
"京北五城营","2","2","4"
"北五城营田","2","2","4"
"五城营田使","2","2","4"
"节度使张弘","2","2","4"
"度使张弘靖","2","2","4"
"书舍人王涯","2","2","4"
"皇太子诸王","3","1","4"
"太子诸王侍","3","1","4"
"子诸王侍读","3","1","4"
"西节度使吴","2","2","4"
"节度使吴少","2","2","4"
"度使吴少阳","2","2","4"
"东节度使王","2","2","4"
"赵国公李吉","2","2","4"
"国公李吉甫","2","2","4"
"节度使韩皋","2","2","4"
"蔡等州招抚","2","2","4"
"等州招抚使","2","2","4"
"刑部尚书权","2","2","4"
"部尚书权德","2","2","4"
"尚书权德舆","2","2","4"
"随唐节度使","1","3","4"
"房等州观察","2","2","4"
"令谏议大夫","2","2","4"
"刺史令狐楚","2","2","4"
"阳节度使孟","2","2","4"
"州刺史马总","2","2","4"
"行营供军使","2","2","4"
"密等州都团","2","2","4"
"部尚书郗士","2","2","4"
"尚书郗士美","2","2","4"
"观察使窦易","2","2","4"
"察使窦易直","2","2","4"
"建观察使元","2","2","4"
"将军胡证充","2","2","4"
"散骑常侍致","4","0","4"
"骑常侍致仕","4","0","4"
"州刺史韩愈","2","2","4"
"权知户部侍","3","1","4"
"知户部侍郎","3","1","4"
"圣神章武孝","2","2","4"
"神章武孝皇","2","2","4"
"章武孝皇帝","2","2","4"
"道昭肃孝皇","2","2","4"
"昭肃孝皇帝","2","2","4"
"右军中尉仇","1","3","4"
"中尉鱼弘志","2","2","4"
"南观察使杨","2","2","4"
"置谏议大夫","2","2","4"
"衡山道士刘","2","2","4"
"山道士刘玄","2","2","4"
"道士刘玄靖","2","2","4"
"雄武军使张","2","2","4"
"武军使张绛","2","2","4"
"相李德裕等","2","2","4"
"将吏二千六","2","2","4"
"吏二千六百","2","2","4"
"武卫将军同","2","2","4"
"东节度使刘","2","2","4"
"面招讨泽潞","2","2","4"
"招讨泽潞使","2","2","4"
"阳节度使王","2","2","4"
"招讨党项使","1","3","4"
"都虞候卢行","2","2","4"
"虞候卢行立","2","2","4"
"年四月十三","2","2","4"
"陇州防御使","2","2","4"
"睿圣文惠孝","2","2","4"
"圣文惠孝皇","2","2","4"
"文惠孝皇帝","2","2","4"
"节度使李逢","2","2","4"
"度使李逢吉","2","2","4"
"国大长公主","2","2","4"
"侍讲学士韦","2","2","4"
"讲学士韦处","2","2","4"
"司农卿郭钊","2","2","4"
"千六百一十","2","2","4"
"中书令韩弘","2","2","4"
"万三千五百","2","2","4"
"千五百六十","2","2","4"
"金鱼袋崔植","2","2","4"
"魏博等州节","2","2","4"
"博等州节度","2","2","4"
"监察御史王","2","2","4"
"晋国太夫人","2","2","4"
"常侍崔元略","2","2","4"
"二百三十七","2","2","4"
"百三十七万","2","2","4"
"一千五百七","2","2","4"
"五百七十六","2","2","4"
"百七十六万","2","2","4"
"坊节度使韩","2","2","4"
"员外郎李德","2","2","4"
"外郎李德裕","2","2","4"
"幽州宣慰使","2","2","4"
"知制诰白居","2","2","4"
"制诰白居易","2","2","4"
"州刺史韩泰","2","2","4"
"州刺史韩晔","2","2","4"
"前天平军节","2","2","4"
"大理寺三十","2","2","4"
"中丞牛僧孺","2","2","4"
"宰相杜元颖","2","2","4"
"监军宋惟澄","2","2","4"
"二十八日夜","2","2","4"
"公卿大臣中","1","3","4"
"深冀节度使","1","3","4"
"两道招抚使","2","2","4"
"刺史李景俭","2","2","4"
"易州刺史柳","2","2","4"
"州刺史柳公","2","2","4"
"刺史柳公济","2","2","4"
"冀行营节度","2","2","4"
"中书舍人白","2","2","4"
"书舍人白居","2","2","4"
"舍人白居易","2","2","4"
"知制诰冯宿","2","2","4"
"德州刺史王","2","2","4"
"观察使曹华","2","2","4"
"书舍人韦处","2","2","4"
"舍人韦处厚","2","2","4"
"都留守李绛","2","2","4"
"节度使韩充","2","2","4"
"前义武军节","2","2","4"
"兵马使李质","2","2","4"
"节度使曹华","2","2","4"
"德大圣大安","2","2","4"
"大圣大安孝","2","2","4"
"历十四年六","2","2","4"
"河阳怀州节","1","3","4"
"阳怀州节度","1","3","4"
"吏部郎中韦","2","2","4"
"部郎中韦执","2","2","4"
"郎中韦执谊","2","2","4"
"卫大将军范","2","2","4"
"大将军范希","2","2","4"
"镇行营兵马","2","2","4"
"大历十三年","1","3","4"
"部尚书高郢","2","2","4"
"太子少保韦","2","2","4"
"节度使高崇","2","2","4"
"度使高崇文","2","2","4"
"中书门下御","2","2","4"
"书门下御史","2","2","4"
"门下御史台","2","2","4"
"下御史台五","2","2","4"
"节度使严砺","2","2","4"
"翰林学士李","2","2","4"
"节度使赵昌","2","2","4"
"百四十四万","2","2","4"
"右仆射裴均","2","2","4"
"史中丞李夷","2","2","4"
"德州刺史薛","2","2","4"
"州刺史薛昌","2","2","4"
"刺史薛昌朝","2","2","4"
"保信军节度","2","2","4"
"棣等州观察","1","3","4"
"中尉吐突承","2","2","4"
"尉吐突承璀","2","2","4"
"京兆尹许孟","2","2","4"
"兆尹许孟容","2","2","4"
"补阙独孤郁","2","2","4"
"江陵府士曹","2","2","4"
"陵府士曹参","2","2","4"
"府士曹参军","2","2","4"
"吏部郎中柳","2","2","4"
"部郎中柳公","2","2","4"
"郎中柳公绰","2","2","4"
"都留守郑余","2","2","4"
"留守郑余庆","2","2","4"
"部侍郎李绛","2","2","4"
"道都团练使","1","3","4"
"文德顺圣长","2","2","4"
"德顺圣长孙","2","2","4"
"顺圣长孙皇","2","2","4"
"圣长孙皇后","2","2","4"
"贞观二年六","2","2","4"
"观二年六月","2","2","4"
"著作郎萧德","2","2","4"
"作郎萧德言","2","2","4"
"晋王时年九","2","2","4"
"王时年九岁","2","2","4"
"二十三年五","2","2","4"
"瑶池都督阿","2","2","4"
"池都督阿史","2","2","4"
"永徽元年春","2","2","4"
"徽元年春正","2","2","4"
"吐蕃赞普死","2","2","4"
"遣右武卫将","2","2","4"
"武卫将军鲜","2","2","4"
"右骁卫郎将","2","2","4"
"骁卫郎将高","2","2","4"
"卫郎将高侃","2","2","4"
"仪同三司同","2","2","4"
"同三司同中","2","2","4"
"三司同中书","2","2","4"
"司同中书门","2","2","4"
"钵罗叶护阿","2","2","4"
"罗叶护阿史","2","2","4"
"同等九州旱","2","2","4"
"书侍郎柳奭","4","0","4"
"侍郎柳奭中","4","0","4"
"郎柳奭中书","4","0","4"
"候大将军梁","2","2","4"
"大将军梁建","2","2","4"
"左军将军赵","4","0","4"
"军将军赵孝","4","0","4"
"军赵孝祖讨","2","2","4"
"赵孝祖讨平","2","2","4"
"月道总管梁","2","2","4"
"道总管梁建","2","2","4"
"总管梁建方","2","2","4"
"司沐大夫裴","2","2","4"
"沐大夫裴融","2","2","4"
"侍中崔季舒","2","2","4"
"门侍郎裴泽","2","2","4"
"尚书左丞封","2","2","4"
"书左丞封孝","2","2","4"
"左丞封孝琰","2","2","4"
"仪同三司豆","2","2","4"
"同三司豆卢","2","2","4"
"三司豆卢毓","2","2","4"
"御史中丞游","2","2","4"
"史中丞游楚","2","2","4"
"中丞游楚客","2","2","4"
"丞游楚客等","2","2","4"
"五品己上子","4","0","4"
"上问户部尚","2","2","4"
"问户部尚书","2","2","4"
"部尚书高履","2","2","4"
"尚书高履行","2","2","4"
"八百七十万","2","2","4"
"三百八十万","2","2","4"
"改太子中允","2","2","4"
"冬十月戊戌","4","0","4"
"高阳长公主","2","2","4"
"巴陵高阳公","2","2","4"
"陵高阳公主","2","2","4"
"安国公执失","2","2","4"
"国公执失思","2","2","4"
"公执失思力","2","2","4"
"徐王元礼加","2","2","4"
"王元礼加授","2","2","4"
"元礼加授司","2","2","4"
"礼加授司徒","2","2","4"
"睦州女子陈","2","2","4"
"州女子陈硕","2","2","4"
"婺州刺史崔","2","2","4"
"督府长史房","2","2","4"
"府长史房仁","2","2","4"
"长史房仁裕","2","2","4"
"五年春三月","2","2","4"
"工部尚书阎","2","2","4"
"部尚书阎立","2","2","4"
"尚书阎立德","2","2","4"
"守黄门侍郎","4","0","4"
"黄门侍郎颍","2","2","4"
"门侍郎颍川","2","2","4"
"侍郎颍川县","2","2","4"
"郎颍川县公","2","2","4"
"溺麟游县居","2","2","4"
"蒲州汾阴县","2","2","4"
"州汾阴县暴","2","2","4"
"汾阴县暴雨","2","2","4"
"万年宫皇帝","2","2","4"
"年宫皇帝旧","2","2","4"
"宫皇帝旧宅","2","2","4"
"十一月癸酉","4","0","4"
"京兆百姓四","2","2","4"
"兆百姓四万","2","2","4"
"百姓四万一","2","2","4"
"姓四万一千","2","2","4"
"四万一千人","2","2","4"
"倭国献琥珀","2","2","4"
"内外文武职","2","2","4"
"外文武职事","2","2","4"
"职事五品上","4","0","4"
"营州都督程","2","2","4"
"州都督程名","2","2","4"
"都督程名振","2","2","4"
"昭仪武氏著","2","2","4"
"公程知节等","2","2","4"
"程知节等五","2","2","4"
"知节等五将","2","2","4"
"节等五将军","2","2","4"
"尚药奉御蒋","2","2","4"
"药奉御蒋孝","2","2","4"
"奉御蒋孝璋","2","2","4"
"御蒋孝璋员","2","2","4"
"蒋孝璋员外","2","2","4"
"更置少卿一","4","0","4"
"京师米价暴","2","2","4"
"故工部尚书","2","2","4"
"淄州高苑县","2","2","4"
"州高苑县吴","2","2","4"
"高苑县吴文","2","2","4"
"苑县吴文威","2","2","4"
"县吴文威妻","2","2","4"
"吴文威妻魏","2","2","4"
"文威妻魏氏","2","2","4"
"威妻魏氏一","2","2","4"
"应国夫人杨","2","2","4"
"人杨氏改封","2","2","4"
"武德殿西门","2","2","4"
"葱山道大总","2","2","4"
"山道大总管","2","2","4"
"道大总管程","2","2","4"
"大总管程知","2","2","4"
"总管程知节","2","2","4"
"部侍郎杜正","2","2","4"
"慈恩寺碑文","2","2","4"
"文馆学士许","2","2","4"
"馆学士许敬","2","2","4"
"学士许敬宗","2","2","4"
"改户部尚书","2","2","4"
"程知节贺鲁","4","0","4"
"贺鲁所部歌","2","2","4"
"鲁所部歌逻","2","2","4"
"所部歌逻禄","2","2","4"
"部歌逻禄获","2","2","4"
"歌逻禄获剌","2","2","4"
"逻禄获剌颉","2","2","4"
"禄获剌颉发","2","2","4"
"处月预支俟","2","2","4"
"月预支俟斤","2","2","4"
"预支俟斤等","2","2","4"
"括州海水泛","2","2","4"
"置骠骑大将","2","2","4"
"冬十一月乙","4","0","4"
"屯卫将军苏","2","2","4"
"卫将军苏定","2","2","4"
"将军苏定方","2","2","4"
"军苏定方等","2","2","4"
"苏定方等四","2","2","4"
"伊丽道将军","2","2","4"
"封皇第七子","2","2","4"
"皇第七子显","2","2","4"
"封许王素节","2","2","4"
"度支尚书杜","2","2","4"
"支尚书杜正","2","2","4"
"尚书杜正伦","2","2","4"
"汉太丘长陈","2","2","4"
"福昌等四县","2","2","4"
"居舍人两员","2","2","4"
"分散骑常侍","2","2","4"
"散骑常侍隶","2","2","4"
"二百五十九","2","2","4"
"百五十九篇","2","2","4"
"副将萧嗣业","2","2","4"
"将萧嗣业追","2","2","4"
"置怀化大将","2","2","4"
"襄阳郡公杜","2","2","4"
"阳郡公杜正","2","2","4"
"郡公杜正伦","2","2","4"
"书侍郎李友","2","2","4"
"侍郎李友益","2","2","4"
"郎李友益除","2","2","4"
"鸿胪卿萧嗣","2","2","4"
"胪卿萧嗣业","2","2","4"
"鄂国公尉迟","2","2","4"
"忌带扬州都","2","2","4"
"带扬州都督","2","2","4"
"兵部尚书任","2","2","4"
"部尚书任雅","2","2","4"
"尚书任雅相","2","2","4"
"支尚书卢承","2","2","4"
"尚书卢承庆","2","2","4"
"普州刺史李","2","2","4"
"州刺史李义","2","2","4"
"刺史李义府","2","2","4"
"文武五品己","4","0","4"
"武五品己上","4","0","4"
"者加勋官一","2","2","4"
"加勋官一级","2","2","4"
"神丘道总管","2","2","4"
"昆夷道总管","4","0","4"
"州官属父老","2","2","4"
"佐命功臣子","2","2","4"
"命功臣子孙","2","2","4"
"大将军府僚","2","2","4"
"行文武五品","2","2","4"
"上四科举人","2","2","4"
"门下三品卢","2","2","4"
"下三品卢承","2","2","4"
"三品卢承庆","2","2","4"
"熊津等五都","2","2","4"
"津等五都督","2","2","4"
"等五都督府","2","2","4"
"代国夫人杨","2","2","4"
"济王扶余义","2","2","4"
"太子隆等五","2","2","4"
"子隆等五十","2","2","4"
"隆等五十八","2","2","4"
"淮南六十七","2","2","4"
"四万四千六","2","2","4"
"万四千六百","2","2","4"
"四千六百四","2","2","4"
"千六百四十","2","2","4"
"百四十六人","2","2","4"
"带方道行营","2","2","4"
"令许敬宗等","2","2","4"
"六百三十卷","2","2","4"
"河南县大女","2","2","4"
"南县大女张","2","2","4"
"沛王贤扬州","4","0","4"
"尚书省侍郎","2","2","4"
"新罗王金春","2","2","4"
"罗王金春秋","2","2","4"
"进攻平壤城","2","2","4"
"蓬莱宫诸门","2","2","4"
"右相许敬宗","2","2","4"
"司礼少常伯","2","2","4"
"礼少常伯孙","2","2","4"
"少常伯孙茂","2","2","4"
"常伯孙茂道","2","2","4"
"伯孙茂道奏","2","2","4"
"孙茂道奏称","2","2","4"
"前吏部尚书","2","2","4"
"郎上官仪同","2","2","4"
"上官仪同东","2","2","4"
"官仪同东西","2","2","4"
"仪同东西台","2","2","4"
"相许圉师下","2","2","4"
"许圉师下狱","2","2","4"
"相许圉师解","2","2","4"
"大将军郑仁","2","2","4"
"将军郑仁泰","2","2","4"
"军郑仁泰等","2","2","4"
"列太常伯李","2","2","4"
"太常伯李义","2","2","4"
"常伯李义府","2","2","4"
"一十五州户","2","2","4"
"十五州户口","2","2","4"
"桂坊大夫等","2","2","4"
"坊大夫等官","2","2","4"
"大夫等官员","2","2","4"
"右相李义府","2","2","4"
"麟德元年春","2","2","4"
"改云中都护","2","2","4"
"加授殷王旭","2","2","4"
"授殷王旭轮","2","2","4"
"置姚州都督","2","2","4"
"姚州都督府","2","2","4"
"左右宫伯大","2","2","4"
"右宫伯大将","2","2","4"
"宫伯大将军","2","2","4"
"司卫上将军","2","2","4"
"广陵郡公宇","2","2","4"
"陵郡公宇文","2","2","4"
"郡公宇文孝","2","2","4"
"公宇文孝伯","2","2","4"
"左威卫长史","2","2","4"
"威卫长史思","2","2","4"
"卫长史思纯","2","2","4"
"杀西台侍郎","2","2","4"
"造乾元殿成","2","2","4"
"黔三都督府","2","2","4"
"三都督府管","2","2","4"
"校右中护刘","2","2","4"
"右中护刘仁","2","2","4"
"中护刘仁轨","2","2","4"
"瀚海都护刘","2","2","4"
"海都护刘审","2","2","4"
"都护刘审礼","2","2","4"
"西域道安抚","2","2","4"
"域道安抚大","2","2","4"
"左庶子刘仁","2","2","4"
"庶子刘仁轨","2","2","4"
"子刘仁轨同","2","2","4"
"刘仁轨同中","2","2","4"
"仁轨同中书","2","2","4"
"轨同中书门","2","2","4"
"平恩县公许","2","2","4"
"恩县公许圉","2","2","4"
"县公许圉师","2","2","4"
"郎将宋令文","2","2","4"
"营州都督周","2","2","4"
"州都督周道","2","2","4"
"都督周道务","2","2","4"
"督周道务等","2","2","4"
"西军程务挺","2","2","4"
"温傅等五十","2","2","4"
"傅等五十四","2","2","4"
"洛州长史李","2","2","4"
"州长史李仲","2","2","4"
"长史李仲玄","2","2","4"
"改永淳二年","2","2","4"
"右龙武将军","2","2","4"
"龙武将军李","2","2","4"
"御史中丞卢","2","2","4"
"军赵孝祖大","2","2","4"
"赵孝祖大破","2","2","4"
"孝祖大破白","2","2","4"
"祖大破白水","2","2","4"
"大破白水蛮","2","2","4"
"破白水蛮大","2","2","4"
"白水蛮大勃","2","2","4"
"水蛮大勃律","2","2","4"
"神功破阵乐","2","2","4"
"龙朔元年三","2","2","4"
"朔元年三月","2","2","4"
"司礼太常伯","2","2","4"
"召入翰林学","4","0","4"
"入翰林学士","4","0","4"
"元元年四月","3","1","4"
"七月二十二","1","3","4"
"礼部侍郎高","2","2","4"
"部侍郎高郢","2","2","4"
"十四年三月","2","2","4"
"左卫中郎将","2","2","4"
"常卿同正员","2","2","4"
"右监门卫大","2","2","4"
"德二年正月","1","3","4"
"郭子仪等九","2","2","4"
"子仪等九节","3","1","4"
"仪等九节度","3","1","4"
"乾元二年正","2","2","4"
"节度副元帅","2","2","4"
"兴元元年二","2","2","4"
"元元年二月","2","2","4"
"授检校礼部","1","3","4"
"子五品正员","4","0","4"
"齐黄门侍郎","2","2","4"
"命监察御史","1","3","4"
"覆屯交兵使","2","2","4"
"西平郡司马","2","2","4"
"元帅广平王","2","2","4"
"三州都团练","2","2","4"
"十三年九月","2","2","4"
"二州团练使","2","2","4"
"僭称大冀王","2","2","4"
"兴元元年正","2","2","4"
"元元年九月","2","2","4"
"官工部侍郎","2","2","4"
"建中三年正","1","3","4"
"贞观十三年","1","3","4"
"襄王四十八","2","2","4"
"王四十八年","2","2","4"
"行台仆射辅","2","2","4"
"台仆射辅公","2","2","4"
"本郡防御使","2","2","4"
"太常寺协律","2","2","4"
"常寺协律郎","2","2","4"
"二十五日夜","1","3","4"
"兆府长安县","1","3","4"
"广德元年冬","2","2","4"
"节度使骆元","1","3","4"
"度使骆元光","1","3","4"
"司徒郭子仪","2","2","4"
"德二年九月","2","2","4"
"神策军节度","2","2","4"
"事中许孟容","1","3","4"
"大历六年三","2","2","4"
"历六年三月","2","2","4"
"十一年二月","2","2","4"
"官骠骑大将","1","3","4"
"陇西公建成","2","2","4"
"司马刘文静","2","2","4"
"刑部尚书萧","2","2","4"
"部尚书萧造","2","2","4"
"西突厥叶护","2","2","4"
"南道行台尚","2","2","4"
"行台尚书省","2","2","4"
"太常伯刘祥","1","3","4"
"常伯刘祥道","1","3","4"
"纳了他的意","0","4","4"
"不久授官太","0","4","4"
"到这种地步","0","4","4"
"不接受命令","0","4","4"
"了他的建议","0","4","4"
"得清清楚楚","0","4","4"
"为什么这样","0","4","4"
"立武承嗣为","0","4","4"
"认为怎么样","0","4","4"
"把这事告诉","0","4","4"
"这是上天的","0","4","4"
"把他们当作","0","4","4"
"派遣使者向","0","4","4"
"参加明经科","0","4","4"
"为金紫光禄","0","4","4"
"管军国大事","0","4","4"
"行祭祀大典","0","4","4"
"应当体察我","0","4","4"
"闰正月二十","0","4","4"
"祭祀天地的","0","4","4"
"宪宗颁发诏","0","4","4"
"节度使职务","0","4","4"
"代理使务如","0","4","4"
"许敬宗等人","0","4","4"
"旧兼修国史","0","4","4"
"任天官侍郎","0","4","4"
"牛元翼去世","0","4","4"
"任李德裕为","0","4","4"
"和二年正月","0","4","4"
"拜中书侍郎","0","4","4"
"加授同平章","0","4","4"
"授同平章事","0","4","4"
"调任刑部侍","0","4","4"
"任岐州刺史","0","4","4"
"赵郡王李孝","0","4","4"
"郡王李孝恭","0","4","4"
"领军大将军","0","4","4"
"是同中书门","0","4","4"
"仆射兼中书","0","4","4"
"射兼中书令","0","4","4"
"书左仆射兼","0","4","4"
"宝十三年二","0","4","4"
"为宋州刺史","0","4","4"
"部尚书李责","0","4","4"
"尚书李责力","0","4","4"
"将军阿史那","0","4","4"
"大将军契艹","0","4","4"
"为潞州长史","0","4","4"
"命令他们讨","0","4","4"
"令他们讨伐","0","4","4"
"公萧王禹为","0","4","4"
"任命开府仪","0","4","4"
"命开府仪同","0","4","4"
"兼任江陵尹","0","4","4"
"平章政事杜","0","4","4"
"充任凤翔陇","0","4","4"
"担任门下侍","0","4","4"
"兼任刑部尚","0","4","4"
"充任集贤殿","0","4","4"
"任集贤殿大","0","4","4"
"任命光禄大","0","4","4"
"夏六月二十","0","4","4"
"道国公戴至","0","4","4"
"国公戴至德","0","4","4"
"郝处俊为中","0","4","4"
"处俊为中书","0","4","4"
"艹必何力等","0","4","4"
"于大都护府","0","4","4"
"中书令萧至","0","4","4"
"书令萧至忠","0","4","4"
"兵部尚书兼","0","4","4"
"予银青光禄","0","4","4"
"五月二十八","0","4","4"
"亲自祭献明","0","4","4"
"自祭献明堂","0","4","4"
"为益州大都","0","4","4"
"鸿渐为兵部","0","4","4"
"以太子少师","0","4","4"
"节度使的军","0","4","4"
"度使的军队","0","4","4"
"为徐州刺史","0","4","4"
"为太子詹事","0","4","4"
"以浙东观察","0","4","4"
"九月十八日","0","4","4"
"为福州刺史","0","4","4"
"以浙西观察","0","4","4"
"充任魏博节","0","4","4"
"兼任广州刺","0","4","4"
"兖海节度使","0","4","4"
"以山南西道","0","4","4"
"为宣歙观察","0","4","4"
"以华州刺史","0","4","4"
"初一为庚寅","0","4","4"
"一为庚寅日","0","4","4"
"为横海军节","0","4","4"
"初一为乙亥","0","4","4"
"一为乙亥日","0","4","4"
"使柳公绰为","0","4","4"
"使李德裕为","0","4","4"
"以尚书左丞","0","4","4"
"军高霞寓为","0","4","4"
"秋七月五日","0","4","4"
"以左金吾将","0","4","4"
"为黔州刺史","0","4","4"
"冬十月十四","0","4","4"
"以河东行军","0","4","4"
"为汀州刺史","0","4","4"
"任命左仆射","0","4","4"
"平章政事王","0","4","4"
"部尚书郑从","0","4","4"
"尚书郑从谠","0","4","4"
"为吏部员外","0","4","4"
"担任太子宾","0","4","4"
"任命司勋员","0","4","4"
"命司勋员外","0","4","4"
"任命考功员","0","4","4"
"命考功员外","0","4","4"
"平章政事郑","0","4","4"
"理度支使崔","0","4","4"
"平章政事李","0","4","4"
"充任义武军","0","4","4"
"充任太清宫","0","4","4"
"兼任灵州大","0","4","4"
"以岭南节度","0","4","4"
"兼任襄州刺","0","4","4"
"为陇州刺史","0","4","4"
"行在都知兵","0","4","4"
"在都知兵马","0","4","4"
"度支使赵赞","0","4","4"
"任命户部尚","0","4","4"
"任命荆南节","0","4","4"
"命荆南节度","0","4","4"
"上加尊号为","0","4","4"
"押蕃落使等","0","4","4"
"判官魏钅刑","0","4","4"
"兼任中书侍","0","4","4"
"充任宁节度","0","4","4"
"以河东节度","0","4","4"
"兼任尚书右","0","4","4"
"以朝散大夫","0","4","4"
"任检校右散","0","4","4"
"任中书门下","0","4","4"
"兼任礼部尚","0","4","4"
"可以任检校","0","4","4"
"任都知兵马","0","4","4"
"兼任凤翔尹","0","4","4"
"赐给紫金鱼","0","4","4"
"给紫金鱼袋","0","4","4"
"本管辖区经","0","4","4"
"管辖区经略","0","4","4"
"辖区经略使","0","4","4"
"左领军卫大","0","4","4"
"任命剑南西","0","4","4"
"命剑南西川","0","4","4"
"张弘靖为检","0","4","4"
"弘靖为检校","0","4","4"
"任命太府卿","0","4","4"
"任命常州刺","0","4","4"
"命常州刺史","0","4","4"
"兼吏部侍郎","0","4","4"
"公褚遂良为","0","4","4"
"于志宁兼太","0","4","4"
"志宁兼太子","0","4","4"
"为遂州刺史","0","4","4"
"郎许圉师为","0","4","4"
"令左骁卫大","0","4","4"
"凉国公契艹","0","4","4"
"力为辽东道","0","4","4"
"公苏定方为","0","4","4"
"兼司元太常","0","4","4"
"都任参知政","0","4","4"
"公卿大臣们","0","4","4"
"受到当时人","0","4","4"
"到当时人们","0","4","4"
"受到人们的","0","4","4"
"皇上在延英","0","4","4"
"他们的意见","0","4","4"
"出任华州刺","0","4","4"
"当时隋炀帝","0","4","4"
"率领自己的","0","4","4"
"对王世充的","0","4","4"
"升任侍御史","0","4","4"
"流传于当时","0","4","4"
"密切而获罪","0","4","4"
"任太子舍人","0","4","4"
"祭祀的礼仪","0","4","4"
"为魏州刺史","0","4","4"
"皇上又命令","0","4","4"
"年六十七岁","0","4","4"
"追赠礼部尚","0","4","4"
"了他的家产","0","4","4"
"州二州刺史","0","4","4"
"池州观察使","0","4","4"
"武则天认为","0","4","4"
"与御史大夫","0","4","4"
"史中丞王钅","0","4","4"
"中丞王钅共","0","4","4"
"为河东节度","0","4","4"
"原来的官职","0","4","4"
"命他的儿子","0","4","4"
"肃宗在灵武","0","4","4"
"被调出朝廷","0","4","4"
"皇帝的诏书","0","4","4"
"裴度回答说","0","4","4"
"委任裴度为","0","4","4"
"向朝廷请求","0","4","4"
"皇上的恩宠","0","4","4"
"担任彰义军","0","4","4"
"在延英殿对","0","4","4"
"延英殿对答","0","4","4"
"同平章事职","0","4","4"
"于宰相之位","0","4","4"
"殿对答策问","0","4","4"
"宰辅大臣商","0","4","4"
"辅大臣商议","0","4","4"
"为国家考虑","0","4","4"
"担任淮南节","0","4","4"
"不能这样做","0","4","4"
"请朝廷委任","0","4","4"
"晋升官阶为","0","4","4"
"担任山南东","0","4","4"
"以本官职位","0","4","4"
"向皇帝谢恩","0","4","4"
"朝处理政务","0","4","4"
"在紫宸门外","0","4","4"
"听说这件事","0","4","4"
"身边的侍臣","0","4","4"
"品以上官阶","0","4","4"
"以上官阶的","0","4","4"
"危启运保功","0","4","4"
"启运保功臣","0","4","4"
"观军容使杨","0","4","4"
"军容使杨复","0","4","4"
"容使杨复恭","0","4","4"
"德宗贞元年","0","4","4"
"宗贞元年间","0","4","4"
"为雷州司户","0","4","4"
"升为谏议大","0","4","4"
"才干能胜任","0","4","4"
"同年十二月","0","4","4"
"七年考中进","0","4","4"
"任太常少卿","0","4","4"
"请朝廷授予","0","4","4"
"他为监察御","0","4","4"
"赐给他标示","0","4","4"
"率领的军队","0","4","4"
"兼任诸道盐","0","4","4"
"实征赋税的","0","4","4"
"征赋税的食","0","4","4"
"赋税的食邑","0","4","4"
"为殿中侍御","0","4","4"
"的宰相职务","0","4","4"
"他们的罪状","0","4","4"
"百官在曲江","0","4","4"
"升任户部侍","0","4","4"
"原户部尚书","0","4","4"
"代理兵部尚","0","4","4"
"任命他为检","0","4","4"
"的吏部尚书","0","4","4"
"改任太子少","0","4","4"
"以太子少保","0","4","4"
"子太傅的职","0","4","4"
"贬为潮州司","0","4","4"
"为潮州司户","0","4","4"
"依附自己的","0","4","4"
"朝廷内外的","0","4","4"
"元和十一年","0","4","4"
"令宰辅大臣","0","4","4"
"任兴元节度","0","4","4"
"在陛下身边","0","4","4"
"东都洛阳任","0","4","4"
"都洛阳任职","0","4","4"
"任史馆修撰","0","4","4"
"付京兆府处","0","4","4"
"就来不及了","0","4","4"
"拜吏部侍郎","0","4","4"
"为大理评事","0","4","4"
"对颜真卿说","0","4","4"
"调任工部侍","0","4","4"
"年十一月去","0","4","4"
"十一月去世","0","4","4"
"任苏州刺史","0","4","4"
"执掌枢密院","0","4","4"
"驸马都尉于","0","4","4"
"世代居住在","0","4","4"
"为坊节度使","0","4","4"
"吐突承璀为","0","4","4"
"的士民百姓","0","4","4"
"只是保住了","0","4","4"
"自己的性命","0","4","4"
"王世充率领","0","4","4"
"的叛军首领","0","4","4"
"唐高祖武德","0","4","4"
"宗认为他说","0","4","4"
"遂良回答说","0","4","4"
"纳他的意见","0","4","4"
"陛下的恩德","0","4","4"
"派遣使者进","0","4","4"
"任银青光禄","0","4","4"
"皇上的心意","0","4","4"
"又上表请求","0","4","4"
"代理宰相职","0","4","4"
"理宰相职务","0","4","4"
"年五十七岁","0","4","4"
"光禄大夫之","0","4","4"
"武则天听了","0","4","4"
"明经科中举","0","4","4"
"罢免了宰相","0","4","4"
"任秋官尚书","0","4","4"
"阿谀奉承的","0","4","4"
"谀奉承的人","0","4","4"
"任郑州刺史","0","4","4"
"流放到岭外","0","4","4"
"帝大业末年","0","4","4"
"的少数民族","0","4","4"
"我们的军队","0","4","4"
"给事黄门侍","0","4","4"
"着他的首级","0","4","4"
"齐王李元吉","0","4","4"
"尉迟敬德和","0","4","4"
"淮安王李神","0","4","4"
"安王李神通","0","4","4"
"恢复原来的","0","4","4"
"讨伐刘黑闼","0","4","4"
"非常器重他","0","4","4"
"皇上下诏命","0","4","4"
"自己的官职","0","4","4"
"又上奏请求","0","4","4"
"加封银青光","0","4","4"
"封银青光禄","0","4","4"
"年六十一岁","0","4","4"
"有文集三十","0","4","4"
"文集三十卷","0","4","4"
"赐予紫金鱼","0","4","4"
"相信他的话","0","4","4"
"长期流放到","0","4","4"
"诏令有关部","0","4","4"
"天宝十一年","0","4","4"
"数百名骑兵","0","4","4"
"任命李靖为","0","4","4"
"为行军总管","0","4","4"
"在高祖面前","0","4","4"
"任城王李道","0","4","4"
"城王李道宗","0","4","4"
"杀了他们的","0","4","4"
"皇帝的恩宠","0","4","4"
"为辽东道行","0","4","4"
"贞观二十二","0","4","4"
"观二十二年","0","4","4"
"左右的人都","0","4","4"
"平定王世充","0","4","4"
"百户租税的","0","4","4"
"户租税的实","0","4","4"
"租税的实封","0","4","4"
"同长孙无忌","0","4","4"
"为表彰功臣","0","4","4"
"跟随太宗到","0","4","4"
"娶太宗的女","0","4","4"
"太宗的女儿","0","4","4"
"他们的功绩","0","4","4"
"像当初一样","0","4","4"
"的兵部尚书","0","4","4"
"任益州大都","0","4","4"
"高士廉为司","0","4","4"
"士廉为司徒","0","4","4"
"阳公主为妻","0","4","4"
"令长孙无忌","0","4","4"
"这是不能执","0","4","4"
"是不能执行","0","4","4"
"不能执行的","0","4","4"
"能执行的原","0","4","4"
"执行的原因","0","4","4"
"行的原因之","0","4","4"
"主持编撰本","0","4","4"
"持编撰本朝","0","4","4"
"编撰本朝历","0","4","4"
"撰本朝历史","0","4","4"
"有这样的事","0","4","4"
"进攻王世充","0","4","4"
"王世充带领","0","4","4"
"他们的阴谋","0","4","4"
"高祖面前诬","0","4","4"
"祖面前诬陷","0","4","4"
"为太子右庶","0","4","4"
"任太子太傅","0","4","4"
"他被任命为","0","4","4"
"掠夺百姓的","0","4","4"
"其余官职照","0","4","4"
"余官职照旧","0","4","4"
"败宇文化及","0","4","4"
"李唐朝廷的","0","4","4"
"投奔窦建德","0","4","4"
"率领一万多","0","4","4"
"领一万多人","0","4","4"
"显示自己的","0","4","4"
"有什么罪过","0","4","4"
"经科考试中","0","4","4"
"任右散骑常","0","4","4"
"天宝十二年","0","4","4"
"为京师留守","0","4","4"
"才安定下来","0","4","4"
"诏令皇太子","0","4","4"
"传位给皇太","0","4","4"
"诛杀张易之","0","4","4"
"发配到岭南","0","4","4"
"门下五品以","0","4","4"
"下五品以上","0","4","4"
"物品各有等","0","4","4"
"品各有等级","0","4","4"
"皇上派使者","0","4","4"
"死的人很多","0","4","4"
"附祭于太庙","0","4","4"
"州大都督但","0","4","4"
"大都督但不","0","4","4"
"都督但不到","0","4","4"
"督但不到任","0","4","4"
"坏了天津桥","0","4","4"
"并记录囚犯","0","4","4"
"吐蕃赞普派","0","4","4"
"蕃赞普派遣","0","4","4"
"夏四月十四","0","4","4"
"隶属于秘书","0","4","4"
"属于秘书省","0","4","4"
"赞阝国公萧","0","4","4"
"阝国公萧至","0","4","4"
"国公萧至忠","0","4","4"
"公萧至忠为","0","4","4"
"南郊祭祀天","0","4","4"
"上驾到新丰","0","4","4"
"年春正月三","0","4","4"
"春正月三日","0","4","4"
"夏四月六日","0","4","4"
"五品以上各","0","4","4"
"出生在长安","0","4","4"
"改封为豫王","0","4","4"
"赦免者都加","0","4","4"
"免者都加以","0","4","4"
"者都加以赦","0","4","4"
"上官员赐爵","0","4","4"
"兵部尚书的","0","4","4"
"诏令从今以","0","4","4"
"冬十月七日","0","4","4"
"令皇太子代","0","4","4"
"以上加一阶","0","4","4"
"皇上亲自晋","0","4","4"
"皇上亲自耕","0","4","4"
"上亲自耕种","0","4","4"
"德殿接受朝","0","4","4"
"发配充军到","0","4","4"
"七月二十五","0","4","4"
"十月二十八","0","4","4"
"穿紫色官服","0","4","4"
"三月十六日","0","4","4"
"派使者救济","0","4","4"
"冬十月十六","0","4","4"
"十月二十七","0","4","4"
"其余官职依","0","4","4"
"夏五月二十","0","4","4"
"六月二十三","0","4","4"
"令五品以上","0","4","4"
"六月二十五","0","4","4"
"设置常平仓","0","4","4"
"寻访他们的","0","4","4"
"他们的后人","0","4","4"
"大风拔起树","0","4","4"
"吐蕃派遣使","0","4","4"
"蕃派遣使者","0","4","4"
"十二月五日","0","4","4"
"为带方郡王","0","4","4"
"春正月十五","0","4","4"
"春正月十七","0","4","4"
"兵讨伐他们","0","4","4"
"废太子承乾","0","4","4"
"五月十七日","0","4","4"
"六月十一日","0","4","4"
"率精锐骑兵","0","4","4"
"斩敌人首级","0","4","4"
"一月二十一","0","4","4"
"七月二十四","0","4","4"
"于阗王伏信","0","4","4"
"从去年冬天","0","4","4"
"确实是由于","0","4","4"
"在南郊祭祀","0","4","4"
"八月十六日","0","4","4"
"与吐蕃作战","0","4","4"
"六月二十二","0","4","4"
"冬十月六日","0","4","4"
"九月十一日","0","4","4"
"食实际封户","0","4","4"
"天宝十四年","0","4","4"
"以郭子仪为","0","4","4"
"诏命皇太子","0","4","4"
"到封藩之地","0","4","4"
"到宣政殿接","0","4","4"
"十二月四日","0","4","4"
"驾到兴庆宫","0","4","4"
"三月二十九","0","4","4"
"有一个人不","0","4","4"
"被任命为右","0","4","4"
"是什么缘故","0","4","4"
"派遣他的大","0","4","4"
"共同作恶的","0","4","4"
"位在王公之","0","4","4"
"夏四月十二","0","4","4"
"等军镇节度","0","4","4"
"军镇节度使","0","4","4"
"初一为戊辰","0","4","4"
"一为戊辰日","0","4","4"
"初一为癸亥","0","4","4"
"一为癸亥日","0","4","4"
"执掌户部事","0","4","4"
"举行祭天大","0","4","4"
"行祭天大典","0","4","4"
"皇上驾临武","0","4","4"
"上驾临武德","0","4","4"
"驾临武德殿","0","4","4"
"临武德殿接","0","4","4"
"受百官朝贺","0","4","4"
"节度使朱全","0","4","4"
"度使朱全忠","0","4","4"
"加授食邑一","0","4","4"
"授食邑一千","0","4","4"
"四品以上的","0","4","4"
"军人发生动","0","4","4"
"人发生动乱","0","4","4"
"千名士兵前","0","4","4"
"将领葛从周","0","4","4"
"本来就不是","0","4","4"
"以户部尚书","0","4","4"
"传送到京师","0","4","4"
"担任翰林学","0","4","4"
"治所迁移到","0","4","4"
"来朝见皇上","0","4","4"
"决定任命中","0","4","4"
"任河中节度","0","4","4"
"隰等州观察","0","4","4"
"节度使钱霮","0","4","4"
"为河中节度","0","4","4"
"初一为丁巳","0","4","4"
"一为丁巳日","0","4","4"
"朝觐见皇上","0","4","4"
"实封食邑二","0","4","4"
"封食邑二百","0","4","4"
"功臣的尊号","0","4","4"
"名骑兵前往","0","4","4"
"定任命河东","0","4","4"
"送到皇上驻","0","4","4"
"初一为甲寅","0","4","4"
"一为甲寅日","0","4","4"
"职为崖州司","0","4","4"
"初一为癸丑","0","4","4"
"一为癸丑日","0","4","4"
"任清海军节","0","4","4"
"他们的主帅","0","4","4"
"的军队进犯","0","4","4"
"迁都到洛阳","0","4","4"
"军节度使的","0","4","4"
"决定任命镇","0","4","4"
"接受群臣的","0","4","4"
"葛从周率领","0","4","4"
"十一月初二","0","4","4"
"朱全忠的奏","0","4","4"
"随从的官员","0","4","4"
"上的车驾从","0","4","4"
"节度使之职","0","4","4"
"残余的部众","0","4","4"
"是按照朱全","0","4","4"
"按照朱全忠","0","4","4"
"奏而任命的","0","4","4"
"任命礼部尚","0","4","4"
"命礼部尚书","0","4","4"
"州的治所迁","0","4","4"
"王派遣使者","0","4","4"
"八月二十五","0","4","4"
"担任检校太","0","4","4"
"掌度支事务","0","4","4"
"十月二十九","0","4","4"
"二十九日夜","0","4","4"
"皇上敕命说","0","4","4"
"初一为壬午","0","4","4"
"一为壬午日","0","4","4"
"命河阳节度","0","4","4"
"初一为己卯","0","4","4"
"一为己卯日","0","4","4"
"十一月初九","0","4","4"
"驻跸在凤翔","0","4","4"
"正月二十五","0","4","4"
"掌管度支事","0","4","4"
"宴请朱全忠","0","4","4"
"从京师出发","0","4","4"
"初一为乙丑","0","4","4"
"一为乙丑日","0","4","4"
"任命兵部郎","0","4","4"
"命兵部郎中","0","4","4"
"第九个儿子","0","4","4"
"人们的议论","0","4","4"
"任右金吾卫","0","4","4"
"任兖州刺史","0","4","4"
"在正殿接受","0","4","4"
"殿接受群臣","0","4","4"
"中书令的职","0","4","4"
"九月十三日","0","4","4"
"耕种的田地","0","4","4"
"十月二十二","0","4","4"
"十二月初四","0","4","4"
"已经很久了","0","4","4"
"而停止上朝","0","4","4"
"止上朝三日","0","4","4"
"闰十二月初","0","4","4"
"署理中书侍","0","4","4"
"次祭奠献爵","0","4","4"
"免除赋税一","0","4","4"
"除赋税一年","0","4","4"
"皇上临时驻","0","4","4"
"上临时驻扎","0","4","4"
"审讯并记录","0","4","4"
"尽量陈述朝","0","4","4"
"因这一特殊","0","4","4"
"这一特殊情","0","4","4"
"一特殊情况","0","4","4"
"年冬天无雪","0","4","4"
"被除去名籍","0","4","4"
"年春正月七","0","4","4"
"春正月七日","0","4","4"
"代管国家大","0","4","4"
"管国家大事","0","4","4"
"皇上驾到合","0","4","4"
"上驾到合璧","0","4","4"
"驾到合璧宫","0","4","4"
"以上官员各","0","4","4"
"皇太子李弘","0","4","4"
"皇上亲自制","0","4","4"
"年春二月二","0","4","4"
"春秋两季祭","0","4","4"
"秋两季祭土","0","4","4"
"两季祭土神","0","4","4"
"太白星进入","0","4","4"
"举明经考试","0","4","4"
"为田比沙都","0","4","4"
"田比沙都督","0","4","4"
"王白素稽贡","0","4","4"
"白素稽贡献","0","4","4"
"罗派遣使者","0","4","4"
"在邙山之南","0","4","4"
"监督编纂国","0","4","4"
"督编纂国史","0","4","4"
"东都护府到","0","4","4"
"皇上驾到汝","0","4","4"
"上驾到汝州","0","4","4"
"皇上的诏令","0","4","4"
"上车驾回京","0","4","4"
"京城关押的","0","4","4"
"州海水泛滥","0","4","4"
"皇太子李贤","0","4","4"
"巡视安抚河","0","4","4"
"宽恕了他们","0","4","4"
"改第二年正","0","4","4"
"郭正一等人","0","4","4"
"十月二十三","0","4","4"
"救济饥荒的","0","4","4"
"济饥荒的人","0","4","4"
"以讨伐突厥","0","4","4"
"皇上又驾到","0","4","4"
"在别的地方","0","4","4"
"庶人李贤的","0","4","4"
"降职为普州","0","4","4"
"职为普州刺","0","4","4"
"河北各州大","0","4","4"
"北各州大水","0","4","4"
"到黔州安置","0","4","4"
"从东都回京","0","4","4"
"裴行俭为定","0","4","4"
"行俭为定襄","0","4","4"
"俭为定襄道","0","4","4"
"为定襄道大","0","4","4"
"皇上诏令雍","0","4","4"
"上诏令雍州","0","4","4"
"刘仁轨兼任","0","4","4"
"皇上因为服","0","4","4"
"太子代行国","0","4","4"
"子代行国政","0","4","4"
"以他的儿子","0","4","4"
"元年正月一","0","4","4"
"皇太子健在","0","4","4"
"阿史那骨笃","0","4","4"
"史那骨笃禄","0","4","4"
"皇上驾到奉","0","4","4"
"上驾到奉天","0","4","4"
"驾到奉天宫","0","4","4"
"命令将军程","0","4","4"
"令将军程务","0","4","4"
"车驾回东都","0","4","4"
"宗即皇帝位","0","4","4"
"九月二十四","0","4","4"
"死罪以下囚","0","4","4"
"六月二十七","0","4","4"
"十一月六日","0","4","4"
"皇太子加冠","0","4","4"
"刑以下罪犯","0","4","4"
"温泉宫回来","0","4","4"
"下被关押的","0","4","4"
"军队讨伐他","0","4","4"
"及中书门下","0","4","4"
"皇上采纳了","0","4","4"
"五品以下官","0","4","4"
"庐陵王李哲","0","4","4"
"在天下颁布","0","4","4"
"大宴饮七天","0","4","4"
"许民间大宴","0","4","4"
"年正月二十","0","4","4"
"正月二十八","0","4","4"
"皇上驾到丹","0","4","4"
"上驾到丹凤","0","4","4"
"达奚王旬等","0","4","4"
"十一个儿子","0","4","4"
"现在我命令","0","4","4"
"皇上驾到含","0","4","4"
"上驾到含元","0","4","4"
"驾到含元殿","0","4","4"
"州归附朝廷","0","4","4"
"御史中丞的","0","4","4"
"收复了京城","0","4","4"
"单于镇北大","0","4","4"
"于镇北大都","0","4","4"
"在圆丘祭祀","0","4","4"
"圆丘祭祀昊","0","4","4"
"丘祭祀昊天","0","4","4"
"任度支使的","0","4","4"
"米一斗一千","0","4","4"
"上驾到安福","0","4","4"
"宰辅大臣及","0","4","4"
"兼任较小职","0","4","4"
"以右散骑常","0","4","4"
"持尚书省事","0","4","4"
"蕃入侵灵州","0","4","4"
"荧惑星侵犯","0","4","4"
"上驾到紫宸","0","4","4"
"驾到紫宸殿","0","4","4"
"以尚书右丞","0","4","4"
"兼任职务较","0","4","4"
"任职务较低","0","4","4"
"并充任山南","0","4","4"
"为饶州刺史","0","4","4"
"任度支使韩","0","4","4"
"秋七月六日","0","4","4"
"任浙东观察","0","4","4"
"不接受诏令","0","4","4"
"任昭义节度","0","4","4"
"为永州刺史","0","4","4"
"予同中书门","0","4","4"
"的军队讨伐","0","4","4"
"暂代主持河","0","4","4"
"士兵大肆抢","0","4","4"
"皇上在紫宸","0","4","4"
"多次上表请","0","4","4"
"初一为甲戌","0","4","4"
"一为甲戌日","0","4","4"
"亮遮掩毕宿","0","4","4"
"遮掩毕宿星","0","4","4"
"为义成军节","0","4","4"
"初一为庚午","0","4","4"
"一为庚午日","0","4","4"
"初一为己亥","0","4","4"
"一为己亥日","0","4","4"
"萧亻免为太","0","4","4"
"亻免为太子","0","4","4"
"的第二个儿","0","4","4"
"宰臣和百官","0","4","4"
"前任江西观","0","4","4"
"李绛为检校","0","4","4"
"初一为壬戌","0","4","4"
"一为壬戌日","0","4","4"
"初一为辛卯","0","4","4"
"一为辛卯日","0","4","4"
"初一为己丑","0","4","4"
"一为己丑日","0","4","4"
"初一为丁亥","0","4","4"
"一为丁亥日","0","4","4"
"县发生水灾","0","4","4"
"原吏部尚书","0","4","4"
"为韶州刺史","0","4","4"
"任命太子少","0","4","4"
"调原太子宾","0","4","4"
"原东都留守","0","4","4"
"初一为壬寅","0","4","4"
"一为壬寅日","0","4","4"
"调左金吾卫","0","4","4"
"调原京兆尹","0","4","4"
"代理京兆尹","0","4","4"
"原中书舍人","0","4","4"
"原工部侍郎","0","4","4"
"使裴度充任","0","4","4"
"初一为辛亥","0","4","4"
"一为辛亥日","0","4","4"
"工部尚书衔","0","4","4"
"较低的度支","0","4","4"
"低的度支使","0","4","4"
"水灾和旱灾","0","4","4"
"皇上下诏道","0","4","4"
"以陕虢观察","0","4","4"
"皇上诏令曰","0","4","4"
"皇上停止上","0","4","4"
"上停止上朝","0","4","4"
"一月的薪俸","0","4","4"
"御史大夫的","0","4","4"
"军节度使及","0","4","4"
"山池赐群臣","0","4","4"
"池赐群臣宴","0","4","4"
"的行军司马","0","4","4"
"部尚书萧邺","0","4","4"
"兼任滑州刺","0","4","4"
"任命邕管经","0","4","4"
"命邕管经略","0","4","4"
"等主持博学","0","4","4"
"暂时掌管礼","0","4","4"
"时掌管礼部","0","4","4"
"掌管礼部贡","0","4","4"
"管礼部贡举","0","4","4"
"到现在已经","0","4","4"
"大理寺少卿","0","4","4"
"的首级传送","0","4","4"
"官向皇帝敬","0","4","4"
"亡在外的人","0","4","4"
"氏为皇太后","0","4","4"
"原来一样担","0","4","4"
"来一样担任","0","4","4"
"处节镇的军","0","4","4"
"州等州节度","0","4","4"
"将贼军打得","0","4","4"
"任命宁节度","0","4","4"
"命宁节度使","0","4","4"
"驱逐节度使","0","4","4"
"度使李克用","0","4","4"
"旧担任检校","0","4","4"
"蔡州贼将秦","0","4","4"
"皇上驻跸的","0","4","4"
"驻跸的地方","0","4","4"
"政殿接受册","0","4","4"
"保銮都将领","0","4","4"
"闰五月三日","0","4","4"
"尚书的职衔","0","4","4"
"骑常侍的职","0","4","4"
"常侍的职衔","0","4","4"
"校右仆射的","0","4","4"
"李希烈攻陷","0","4","4"
"朱氵此占据","0","4","4"
"吐蕃的使者","0","4","4"
"封户一百户","0","4","4"
"主持礼部科","0","4","4"
"持礼部科举","0","4","4"
"朝廷内外都","0","4","4"
"任魏州大都","0","4","4"
"任命山南东","0","4","4"
"尚书李绛为","0","4","4"
"于是任命他","0","4","4"
"是任命他为","0","4","4"
"皇上的意图","0","4","4"
"太白金星干","0","4","4"
"白金星干犯","0","4","4"
"节度使李朔","0","4","4"
"度使李朔心","0","4","4"
"为右金吾卫","0","4","4"
"不同数量的","0","4","4"
"陈王李成美","0","4","4"
"朝内外的官","0","4","4"
"内外的官员","0","4","4"
"法令者灭亡","0","4","4"
"月初一是己","0","4","4"
"月初一是乙","0","4","4"
"驾临通化门","0","4","4"
"为凤翔节度","0","4","4"
"加授检校工","0","4","4"
"授检校工部","0","4","4"
"亲临丹凤楼","0","4","4"
"进京朝拜进","0","4","4"
"京朝拜进贡","0","4","4"
"有关主管官","0","4","4"
"关主管官吏","0","4","4"
"王叔文交往","0","4","4"
"月初一是丙","0","4","4"
"东都洛阳留","0","4","4"
"都洛阳留守","0","4","4"
"月初一是壬","0","4","4"
"八月初一是","0","4","4"
"为河南府尹","0","4","4"
"七月初一日","0","4","4"
"收纳实际封","0","4","4"
"纳实际封户","0","4","4"
"阿史那贺鲁","0","4","4"
"晋州又地震","0","4","4"
"受诸侯朝拜","0","4","4"
"书侍郎柳为","0","4","4"
"侍郎柳为中","0","4","4"
"郎柳为中书","0","4","4"
"左领将军赵","0","4","4"
"领将军赵孝","0","4","4"
"皇上驾到观","0","4","4"
"上驾到观德","0","4","4"
"驾到观德殿","0","4","4"
"儿子为父亲","0","4","4"
"高履行奏道","0","4","4"
"长公主府第","0","4","4"
"临殿堂前檐","0","4","4"
"文武官员九","0","4","4"
"武官员九品","0","4","4"
"官员九品以","0","4","4"
"员九品以上","0","4","4"
"诏令文武官","0","4","4"
"驾到万年宫","0","4","4"
"凸形小城圈","0","4","4"
"试用黄门侍","0","4","4"
"皇上从万年","0","4","4"
"上从万年宫","0","4","4"
"职事官五品","0","4","4"
"事官五品以","0","4","4"
"一次生下四","0","4","4"
"次生下四个","0","4","4"
"生下四个儿","0","4","4"
"下四个儿子","0","4","4"
"以讨伐贺鲁","0","4","4"
"与正职相同","0","4","4"
"为代国夫人","0","4","4"
"程知节与贺","0","4","4"
"知节与贺鲁","0","4","4"
"皇后武则天","0","4","4"
"各加勋一级","0","4","4"
"品级相同于","0","4","4"
"充军到辒州","0","4","4"
"禺夷道总管","0","4","4"
"按等级赐绸","0","4","4"
"等级赐绸缎","0","4","4"
"为荣国夫人","0","4","4"
"沛王贤为扬","0","4","4"
"王贤为扬州","0","4","4"
"修建蓬莱宫","0","4","4"
"含元殿前面","0","4","4"
"建中年间的","0","4","4"
"十分之二三","0","4","4"
"人都称赞他","0","4","4"
"妻子娘家人","0","4","4"
"被免去官职","0","4","4"
"认为他是奇","0","4","4"
"为他是奇才","0","4","4"
"神策军将领","0","4","4"
"加封马燧为","0","4","4"
"投降了马燧","0","4","4"
"调出京城任","0","4","4"
"李晟的军队","0","4","4"
"派他的将领","0","4","4"
"劝说王武俊","0","4","4"
"位的人容易","0","4","4"
"处在下位的","0","4","4"
"在下位的人","0","4","4"
"这是禄命书","0","4","4"
"是禄命书没","0","4","4"
"禄命书没有","0","4","4"
"命书没有应","0","4","4"
"书没有应验","0","4","4"
"断定没有官","0","4","4"
"定没有官职","0","4","4"
"多次升官后","0","4","4"
"次升官后任","0","4","4"
"本分号称为","0","4","4"
"授太常博士","3","0","3"
"守司空致仕","2","1","3"
"十一月甲申","3","0","3"
"任刑部郎中","1","2","3"
"李夷简御史","3","0","3"
"转吏部尚书","3","0","3"
"贬辰州司户","3","0","3"
"贬道州刺史","3","0","3"
"会昌三年十","1","2","3"
"转司封员外","3","0","3"
"进绢五千匹","2","1","3"
"封荥阳郡公","2","1","3"
"锷检校司空","3","0","3"
"迁夏官侍郎","3","0","3"
"加云麾将军","2","1","3"
"改封梁国公","2","1","3"
"改封陈国公","2","1","3"
"国公刘弘基","1","2","3"
"官尚书左丞","2","1","3"
"重赠太子太","2","1","3"
"赠太子太傅","2","1","3"
"赠蒲州刺史","2","1","3"
"检校相王府","2","1","3"
"安国相王旦","2","1","3"
"魏元忠尚书","2","1","3"
"上皇帝尊号","2","1","3"
"夏四月庚午","3","0","3"
"国公张仁亶","3","0","3"
"大将军赵承","2","1","3"
"少卿同正员","3","0","3"
"衡阳王成义","2","1","3"
"兵部尚书姚","2","1","3"
"部尚书姚元","2","1","3"
"部尚书宋璟","3","0","3"
"夏四月庚辰","3","0","3"
"部尚书刘幽","2","1","3"
"尚书刘幽求","2","1","3"
"命尚书右仆","1","2","3"
"督府长史皇","2","1","3"
"府长史皇甫","2","1","3"
"工部尚书牛","2","1","3"
"学生一百人","2","1","3"
"中书令右相","3","0","3"
"夏四月庚寅","3","0","3"
"尊号开元天","3","0","3"
"南节度采访","2","1","3"
"前华州刺史","2","1","3"
"等路节度大","2","1","3"
"路节度大使","2","1","3"
"上皇尊号曰","2","1","3"
"太上道圣皇","3","0","3"
"蔡国公杜晦","3","0","3"
"节度使王镕","3","0","3"
"使诸道盐铁","3","0","3"
"邠宁四面行","3","0","3"
"五百户陆扆","3","0","3"
"节度使罗弘","1","2","3"
"度使罗弘信","1","2","3"
"军兵马留后","1","2","3"
"太平公主同","1","2","3"
"平公主同谋","1","2","3"
"突厥默啜遣","2","1","3"
"州大督府长","1","2","3"
"大督府长史","1","2","3"
"夏四月丁巳","3","0","3"
"前中书侍郎","2","1","3"
"客兵部尚书","3","0","3"
"嗣文昌左相","3","0","3"
"建昌王攸宁","3","0","3"
"命右武卫大","1","2","3"
"纳言狄仁杰","2","1","3"
"二年春二月","2","1","3"
"承庆攻陷颍","2","1","3"
"庆攻陷颍川","2","1","3"
"伪御史大夫","2","1","3"
"充京畿采访","3","0","3"
"五州节度使","1","2","3"
"阳节度鲁炅","2","1","3"
"鱼朝恩观军","3","0","3"
"颍等州节度","1","2","3"
"西节度副使","2","1","3"
"回纥登里汗","3","0","3"
"括同州刺史","3","0","3"
"浙西团练观","2","1","3"
"南东道诸节","2","1","3"
"东道诸节度","2","1","3"
"道诸节度行","2","1","3"
"诸节度行营","2","1","3"
"吏部尚书裴","1","2","3"
"道团练观察","2","1","3"
"右节度副使","1","2","3"
"充本州防御","3","0","3"
"修国史杨绾","2","1","3"
"充魏博节度","3","0","3"
"幅盘绦缭绫","1","2","3"
"盘绦缭绫一","1","2","3"
"绦缭绫一千","1","2","3"
"御宣政殿试","3","0","3"
"宣政殿试制","3","0","3"
"人二百九十","1","2","3"
"国公裴度守","2","1","3"
"公裴度守司","2","1","3"
"元年七月十","1","2","3"
"前夏州节度","2","1","3"
"柳公绰检校","3","0","3"
"公绰检校左","3","0","3"
"绰检校左仆","3","0","3"
"封三百户裴","2","1","3"
"三百户裴度","2","1","3"
"诚检校工部","2","1","3"
"德裕太子宾","3","0","3"
"裕太子宾客","3","0","3"
"二月丙申朔","3","0","3"
"观察使裴胄","2","1","3"
"夏四月丁丑","3","0","3"
"铁转运使张","2","1","3"
"经略观察使","1","2","3"
"徐泗濠节度","2","1","3"
"都畿汝防御","3","0","3"
"洺观察等使","3","0","3"
"河东节度管","3","0","3"
"东节度管内","3","0","3"
"郑滑观察等","3","0","3"
"滑观察等使","3","0","3"
"平章事夏侯","3","0","3"
"章事夏侯孜","3","0","3"
"平章事曹确","2","1","3"
"部侍郎郑谠","3","0","3"
"西川节度等","3","0","3"
"川节度等使","3","0","3"
"天德防御使","2","1","3"
"宋亳观察等","3","0","3"
"州刺史李仁","2","1","3"
"进封赵国公","3","0","3"
"充天平军节","3","0","3"
"郓曹濮观察","2","1","3"
"濮观察等使","3","0","3"
"平章事李蔚","3","0","3"
"平章事卢携","2","1","3"
"高骈检校司","3","0","3"
"充湖南都团","3","0","3"
"扈跸都头李","2","1","3"
"李茂贞检校","3","0","3"
"保銮都将陈","2","1","3"
"十军观军容","2","1","3"
"军观军容使","2","1","3"
"左右街功德","2","1","3"
"右街功德使","2","1","3"
"进封魏国公","3","0","3"
"镇节度观察","2","1","3"
"节度使张伯","1","2","3"
"度使张伯仪","1","2","3"
"秋七月甲申","3","0","3"
"冬十月辛亥","3","0","3"
"节度使贾耽","1","2","3"
"节度使唐朝","1","2","3"
"度使唐朝臣","1","2","3"
"三月丙申朔","3","0","3"
"汴东水陆运","2","1","3"
"都畿汝州防","1","2","3"
"滑等州观察","2","1","3"
"夏绥银等州","3","0","3"
"绥银等州节","3","0","3"
"相李吉甫进","2","1","3"
"重胤检校司","2","1","3"
"玄元皇帝降","2","1","3"
"四月乙丑朔","3","0","3"
"平章事李德","2","1","3"
"章事李德裕","2","1","3"
"副招讨石雄","2","1","3"
"招讨使石雄","1","2","3"
"南观察判官","2","1","3"
"银青光录大","3","0","3"
"青光录大夫","3","0","3"
"面招讨党项","1","2","3"
"判户部事魏","2","1","3"
"御史大夫郑","2","1","3"
"守门下侍郎","3","0","3"
"观察处置押","3","0","3"
"察处置押蕃","3","0","3"
"处置押蕃落","3","0","3"
"汴宋亳颍观","3","0","3"
"部侍郎郑涯","2","1","3"
"守吏部尚书","3","0","3"
"紫金鱼袋夏","2","1","3"
"书门下侍郎","2","1","3"
"州太清宫等","2","1","3"
"太清宫等使","2","1","3"
"义武节度使","2","1","3"
"防秋都知兵","2","1","3"
"秋都知兵马","2","1","3"
"部郎中杨知","1","2","3"
"郎中杨知温","1","2","3"
"赵观察等使","2","1","3"
"金鱼袋刘","3","0","3"
"鱼袋刘彖","3","0","3"
"紫金鱼袋柳","1","2","3"
"福建等州都","2","1","3"
"建等州都团","2","1","3"
"前邕管经略","2","1","3"
"金鱼袋段文","1","2","3"
"臣上谥曰圣","3","0","3"
"充江西观察","3","0","3"
"原节度使王","1","2","3"
"州刺史李岵","2","1","3"
"前灵武节度","2","1","3"
"诚同平章事","2","1","3"
"魏博田季安","3","0","3"
"立良娣王氏","1","2","3"
"太上皇德妃","2","1","3"
"夏四月己未","3","0","3"
"命左骁卫大","3","0","3"
"转礼部员外","3","0","3"
"正中书舍人","3","0","3"
"仆射窦易直","2","1","3"
"转户部尚书","3","0","3"
"迁左司郎中","3","0","3"
"寻御史中丞","3","0","3"
"平地水深尺","2","1","3"
"地水深尺余","2","1","3"
"转考功郎中","3","0","3"
"转刑部侍郎","3","0","3"
"改礼部尚书","3","0","3"
"七里港开河","2","1","3"
"长一十九里","2","1","3"
"绢二十万匹","2","1","3"
"时年七十二","2","1","3"
"实天下幸甚","3","0","3"
"授礼部尚书","2","1","3"
"加检校尚书","3","0","3"
"海节度观察","2","1","3"
"择日备礼册","2","1","3"
"日备礼册命","2","1","3"
"死者十三四","3","0","3"
"隋鹰扬郎将","2","1","3"
"礼部侍郎许","1","2","3"
"部侍郎许善","1","2","3"
"侍郎许善心","1","2","3"
"中山王承乾","2","1","3"
"累迁中书舍","3","0","3"
"擢授朝散大","3","0","3"
"赐物五百段","3","0","3"
"事继母孝闻","3","0","3"
"时监察御史","2","1","3"
"累转殿中侍","3","0","3"
"开元二十三","1","2","3"
"元二十三年","1","2","3"
"害者数千人","2","1","3"
"天授二年十","1","2","3"
"彦范等诛张","2","1","3"
"范等诛张易","2","1","3"
"少府少监慎","2","1","3"
"弟洛阳令慎","2","1","3"
"洛阳令慎名","2","1","3"
"十三载正月","3","0","3"
"温武部侍郎","2","1","3"
"端州高要尉","3","0","3"
"擢监察御史","3","0","3"
"年进士擢第","3","0","3"
"度刑部侍郎","3","0","3"
"刺宰相武元","2","1","3"
"高霞寓兵败","1","2","3"
"金鱼袋裴度","2","1","3"
"刑部侍郎马","1","2","3"
"部侍郎马总","1","2","3"
"年八月三日","2","1","3"
"赐勋上柱国","3","0","3"
"取黎阳渡河","2","1","3"
"伏惟皇帝陛","3","0","3"
"惟皇帝陛下","3","0","3"
"袁王府长史","2","1","3"
"幽州硃克融","3","0","3"
"三十万端匹","1","2","3"
"加门下侍郎","3","0","3"
"沧景节度使","1","2","3"
"五日一度入","3","0","3"
"王府谘议参","3","0","3"
"府谘议参军","3","0","3"
"召充翰林学","3","0","3"
"时年五十三","2","1","3"
"知工部侍郎","3","0","3"
"召侍讲学士","2","1","3"
"李德裕对曰","3","0","3"
"五经博士一","3","0","3"
"经博士一人","3","0","3"
"充皇太子侍","2","1","3"
"改太常少卿","3","0","3"
"集贤直学士","2","1","3"
"改太子少保","3","0","3"
"迁门下侍郎","2","1","3"
"进阶开府仪","3","0","3"
"阶开府仪同","3","0","3"
"同年登进士","3","0","3"
"守中书舍人","3","0","3"
"河东节度等","3","0","3"
"东节度等使","3","0","3"
"镇节度使等","2","1","3"
"尚书省兵部","2","1","3"
"书省兵部参","2","1","3"
"官吏部尚书","2","1","3"
"累加开府仪","3","0","3"
"任户部员外","1","2","3"
"故户部尚书","2","1","3"
"授检校左仆","2","1","3"
"书左仆射致","3","0","3"
"部尚书杨陵","3","0","3"
"转中书侍郎","3","0","3"
"寻本官同平","3","0","3"
"守太子少保","3","0","3"
"年十二月卒","3","0","3"
"转中书舍人","3","0","3"
"十五年五月","1","2","3"
"欠十三万贯","2","1","3"
"文武大圣广","2","1","3"
"武大圣广孝","2","1","3"
"部侍郎李宗","1","2","3"
"侍郎李宗闵","1","2","3"
"德裕兵部尚","3","0","3"
"裕兵部尚书","3","0","3"
"前后十余年","2","1","3"
"天德军使田","2","1","3"
"德军使田牟","2","1","3"
"令御史中丞","1","2","3"
"兵一千五百","1","2","3"
"千五百人赴","2","1","3"
"进封卫国公","3","0","3"
"太子少傅致","3","0","3"
"子少傅致仕","3","0","3"
"射上事仪注","3","0","3"
"左右仆射上","2","1","3"
"李程左仆射","3","0","3"
"兴平县人上","2","1","3"
"平县人上官","2","1","3"
"县人上官兴","2","1","3"
"授青州刺史","3","0","3"
"兵额约九十","2","1","3"
"额约九十九","2","1","3"
"约九十九万","2","1","3"
"内官仇士良","2","1","3"
"魏博史宪诚","2","1","3"
"惠昭太子薨","2","1","3"
"迁礼部侍郎","2","1","3"
"转运租庸盐","2","1","3"
"运租庸盐铁","2","1","3"
"时年七十九","2","1","3"
"入吏部侍郎","3","0","3"
"年六月三日","1","2","3"
"迁工部侍郎","3","0","3"
"年十一月卒","3","0","3"
"赞善大夫正","3","0","3"
"驸马都尉季","3","0","3"
"马都尉季友","3","0","3"
"改授太子宾","1","2","3"
"宋亳汴颍观","2","1","3"
"亳汴颍观察","2","1","3"
"二百七十件","1","2","3"
"汴宋亳颍等","2","1","3"
"宋亳颍等州","2","1","3"
"亳颍等州观","2","1","3"
"部尚书张弘","1","2","3"
"尚书张弘靖","1","2","3"
"依前守司徒","3","0","3"
"入尚书左丞","3","0","3"
"留守赐旗甲","3","0","3"
"郓州李师道","2","1","3"
"使洛城流血","2","1","3"
"锦彩三百匹","2","1","3"
"充河中节度","3","0","3"
"率步骑二万","3","0","3"
"武阳郡丞元","2","1","3"
"阳郡丞元宝","2","1","3"
"贼帅徐圆朗","3","0","3"
"部将王儒信","1","2","3"
"府铠曹参军","2","1","3"
"寻授太子宾","3","0","3"
"顾谓侍臣曰","3","0","3"
"张行成尚书","3","0","3"
"行成尚书右","3","0","3"
"成尚书右仆","3","0","3"
"册立武昭仪","1","2","3"
"转文昌左丞","3","0","3"
"迁凤阁侍郎","3","0","3"
"迁太子舍人","2","1","3"
"转凤阁侍郎","3","0","3"
"授太子左庶","2","1","3"
"功加银青光","2","1","3"
"降玺书劳曰","3","0","3"
"文德皇后崩","3","0","3"
"抗表乞骸骨","3","0","3"
"迁刑部尚书","2","1","3"
"吏部尚书高","1","2","3"
"擢授监察御","3","0","3"
"遂良左授同","3","0","3"
"良左授同州","3","0","3"
"左授同州刺","3","0","3"
"擢凤阁舍人","3","0","3"
"本州举进士","3","0","3"
"迁吏部尚书","3","0","3"
"中书令柳奭","3","0","3"
"子父后者赐","3","0","3"
"军裴居道女","3","0","3"
"令中书侍郎","1","2","3"
"追赠皇太子","2","1","3"
"中宗皇太子","3","0","3"
"令备礼改葬","2","1","3"
"王世充洛阳","3","0","3"
"淮阳王道玄","2","1","3"
"迁殿中少监","3","0","3"
"赠户部尚书","2","1","3"
"琳御史大夫","3","0","3"
"陇右防御使","2","1","3"
"将军同正员","1","2","3"
"权知河东节","2","1","3"
"知河东节度","2","1","3"
"乌苏米施汗","3","0","3"
"九姓拔悉密","2","1","3"
"姓拔悉密叶","2","1","3"
"国忠剑南节","3","0","3"
"忠剑南节度","3","0","3"
"官大理评事","1","2","3"
"郡大都督府","3","0","3"
"迁太子少师","3","0","3"
"除太子詹事","3","0","3"
"税地青苗钱","1","2","3"
"卿户部侍郎","3","0","3"
"将火拔归仁","1","2","3"
"乘千里马将","2","1","3"
"遣中书侍郎","2","1","3"
"班剑四十人","3","0","3"
"授散骑常侍","1","2","3"
"王世充东都","3","0","3"
"大将冯惠亮","1","2","3"
"赐实封九百","3","0","3"
"突厥颉利汗","3","0","3"
"东道行军总","2","1","3"
"称扬州司马","2","1","3"
"杀刺史李思","3","0","3"
"疾风知劲草","1","2","3"
"人图形凌烟","3","0","3"
"都护府长史","1","2","3"
"高昌王麹文","3","0","3"
"昌王麹文泰","3","0","3"
"画像凌烟阁","2","1","3"
"时黄门侍郎","2","1","3"
"长春宫谒见","2","1","3"
"实封千三百","3","0","3"
"封千三百户","3","0","3"
"河间元王孝","2","1","3"
"间元王孝恭","2","1","3"
"司空房玄龄","1","2","3"
"知尚书门下","3","0","3"
"尚书门下二","3","0","3"
"书门下二省","3","0","3"
"门下二省事","3","0","3"
"赐物二千段","3","0","3"
"宗令长孙忌","3","0","3"
"秦王府记室","2","1","3"
"监修国史故","3","0","3"
"凡一百三十","3","0","3"
"景龙三年五","2","1","3"
"龙三年五月","2","1","3"
"任正谏大夫","1","2","3"
"知东都留守","2","1","3"
"知军国重事","2","1","3"
"诛张易兄弟","3","0","3"
"迁凤阁舍人","3","0","3"
"附太平公主","2","1","3"
"左右仆射左","3","0","3"
"右仆射左右","3","0","3"
"徐敬业扬州","3","0","3"
"授端州高要","2","1","3"
"加授光禄大","1","2","3"
"追赠尚书左","1","2","3"
"授谏议大夫","3","0","3"
"太平公主谋","2","1","3"
"加实封二千","2","1","3"
"太平公主阴","1","2","3"
"天元年八月","1","2","3"
"加实封一千","1","2","3"
"授晋州刺史","1","2","3"
"吏部尚书事","2","1","3"
"敕中书门下","3","0","3"
"开元二十一","1","2","3"
"转工部侍郎","3","0","3"
"诸王公主皆","2","1","3"
"五品上诸亲","3","0","3"
"武氏七庙神","2","1","3"
"武懿宗等十","1","2","3"
"皇帝神主太","3","0","3"
"帝神主太庙","3","0","3"
"文武官九品","2","1","3"
"天下大酺三","3","0","3"
"下大酺三日","3","0","3"
"贬崖州司马","2","1","3"
"十一月乙巳","3","0","3"
"灵州鸣沙县","2","1","3"
"武氏崇恩庙","2","1","3"
"秋七月辛卯","3","0","3"
"部侍郎崔湜","3","0","3"
"司田参军一","1","2","3"
"武三品上赐","3","0","3"
"兵部尚书韦","1","2","3"
"五品上诸司","3","0","3"
"品上诸司长","3","0","3"
"上诸司长官","3","0","3"
"外官三品上","3","0","3"
"遥冀州大都","3","0","3"
"武官三品上","3","0","3"
"尚书张嘉福","1","2","3"
"秋七月癸丑","3","0","3"
"封皇太子男","2","1","3"
"春正月丁未","3","0","3"
"正月丁未朔","3","0","3"
"正月辛未朔","3","0","3"
"妃王氏皇后","3","0","3"
"肃明皇后神","2","1","3"
"明皇后神主","2","1","3"
"吏部尚书太","3","0","3"
"部尚书太子","3","0","3"
"秋七月甲子","3","0","3"
"取皇帝处分","3","0","3"
"时年五十五","1","2","3"
"十二月辛亥","3","0","3"
"夏五月癸未","3","0","3"
"刑部尚书任","1","2","3"
"部尚书任城","1","2","3"
"尚书任城王","1","2","3"
"魏国公房玄","1","2","3"
"仆射房玄龄","2","1","3"
"皇后长孙氏","1","2","3"
"春正月丁亥","3","0","3"
"夏四月甲子","3","0","3"
"十二月辛酉","3","0","3"
"二月庚辰朔","3","0","3"
"右武候将军","2","1","3"
"房玄龄太子","2","1","3"
"品上上封事","3","0","3"
"十一月辛亥","3","0","3"
"军大总管侯","1","2","3"
"大总管侯君","1","2","3"
"总管侯君集","1","2","3"
"郧节公殷开","1","2","3"
"节公殷开山","1","2","3"
"一月甲子朔","3","0","3"
"十二月丁酉","3","0","3"
"封带方郡王","3","0","3"
"秋七月甲戌","3","0","3"
"二月戊子朔","3","0","3"
"斩首三千余","3","0","3"
"首三千余级","3","0","3"
"秋七月戊午","3","0","3"
"赵国公忌等","3","0","3"
"六月己卯朔","3","0","3"
"书右仆射高","1","2","3"
"命太子詹事","1","2","3"
"赐天下大酺","3","0","3"
"冬十一月癸","3","0","3"
"八月己酉朔","3","0","3"
"春正月辛亥","3","0","3"
"六月甲戌朔","3","0","3"
"三月己巳朔","3","0","3"
"文武官五品","3","0","3"
"武官五品上","3","0","3"
"五品上父后","3","0","3"
"品上父后者","3","0","3"
"加尊号开元","3","0","3"
"元圣文神武","2","1","3"
"贬括州刺史","3","0","3"
"剑南节度等","2","1","3"
"追尊宣皇帝","2","1","3"
"部尚书杜暹","2","1","3"
"内外官赐勋","2","1","3"
"六千八百二","2","1","3"
"千八百二十","2","1","3"
"八百二十九","2","1","3"
"千八百九十","1","2","3"
"御史大夫敬","2","1","3"
"正月丙辰朔","3","0","3"
"十二月甲午","3","0","3"
"人分行天下","2","1","3"
"秋七月丙子","3","0","3"
"北海太守李","1","2","3"
"海太守李邕","1","2","3"
"冬十月戊申","3","0","3"
"春正月甲申","3","0","3"
"华清宫观风","2","1","3"
"清宫观风楼","2","1","3"
"正月乙酉朔","3","0","3"
"春正月丁酉","3","0","3"
"右群牧都使","1","2","3"
"者二千余人","2","1","3"
"米一百万石","1","2","3"
"十八万四百","2","1","3"
"一千三百人","1","2","3"
"朕称太上皇","2","1","3"
"上元二年四","2","1","3"
"元二年四月","2","1","3"
"十二月戊午","3","0","3"
"斩首数千级","3","0","3"
"男女五万口","2","1","3"
"荆王王行本","1","2","3"
"令尚书左仆","1","2","3"
"者赐爵一级","1","2","3"
"十二月癸酉","3","0","3"
"户部尚书裴","1","2","3"
"尚书右丞魏","1","2","3"
"十二月壬午","3","0","3"
"遣御史大夫","2","1","3"
"秋七月戊申","3","0","3"
"隋武牙郎将","2","1","3"
"令文武官上","3","0","3"
"文武官上封","3","0","3"
"武官上封事","3","0","3"
"通汉道行军","1","2","3"
"汉道行军总","1","2","3"
"十二月戊辰","3","0","3"
"军容杨复恭","3","0","3"
"蔡贼孙儒陷","3","0","3"
"两川招抚制","2","1","3"
"二月甲子朔","3","0","3"
"招抚制置使","1","2","3"
"三月壬辰朔","3","0","3"
"平章事孔纬","2","1","3"
"全忠检校太","3","0","3"
"德殿受朝贺","3","0","3"
"宰臣百僚上","3","0","3"
"武节度使硃","3","0","3"
"节度使硃全","3","0","3"
"度使硃全忠","3","0","3"
"充义昌军节","3","0","3"
"二月壬午朔","3","0","3"
"南节度使孔","2","1","3"
"率步骑三万","2","1","3"
"春正月丙午","3","0","3"
"正月丙午朔","3","0","3"
"上御武德殿","3","0","3"
"军中尉西门","1","2","3"
"硃全忠遣将","3","0","3"
"将军李钅岁","1","2","3"
"度使王行瑜","1","2","3"
"州节度使卢","1","2","3"
"春正月己未","3","0","3"
"正月己未朔","3","0","3"
"琅邪郡王王","3","0","3"
"制中书侍郎","3","0","3"
"六月丁亥朔","3","0","3"
"行兵部尚书","3","0","3"
"度使王行实","1","2","3"
"原行营兵马","2","1","3"
"节度使王珂","1","2","3"
"供军粮料使","1","2","3"
"百僚楼前称","3","0","3"
"僚楼前称贺","3","0","3"
"充清海军节","3","0","3"
"二月壬子朔","3","0","3"
"正月丁丑朔","3","0","3"
"制朝议大夫","3","0","3"
"冬十月癸卯","3","0","3"
"十一月壬申","3","0","3"
"一月壬申朔","3","0","3"
"十月丁酉朔","3","0","3"
"春正月乙未","3","0","3"
"蔡州刺史崔","1","2","3"
"州刺史崔洪","1","2","3"
"全忠遣大将","3","0","3"
"阳节度使丁","1","2","3"
"节度使丁会","1","2","3"
"七月丁亥朔","3","0","3"
"州大都府长","2","1","3"
"归义军节度","1","2","3"
"权知兵马留","3","0","3"
"天子令诸侯","2","1","3"
"加兵部尚书","2","1","3"
"忠令判官李","3","0","3"
"春正月戊申","3","0","3"
"令判官李振","2","1","3"
"本道节度使","2","1","3"
"回天造竭忠","3","0","3"
"天造竭忠守","3","0","3"
"天平护国等","3","0","3"
"平护国等军","3","0","3"
"曹等州观察","2","1","3"
"汴滑郓等州","2","1","3"
"滑郓等州刺","2","1","3"
"郓等州刺史","2","1","3"
"平章事裴枢","3","0","3"
"化军节度使","1","2","3"
"令六军诸卫","1","2","3"
"十二月丁卯","3","0","3"
"行营招讨等","3","0","3"
"营招讨等使","3","0","3"
"副元帅梁王","2","1","3"
"年九月三日","1","2","3"
"大行皇帝皇","2","1","3"
"河南尹张廷","2","1","3"
"南尹张廷范","2","1","3"
"武军节度观","2","1","3"
"一子八品正","3","0","3"
"子八品正员","3","0","3"
"八品正员官","3","0","3"
"一月辛酉朔","3","0","3"
"王傅张廷范","3","0","3"
"正月庚申朔","3","0","3"
"大行皇帝山","3","0","3"
"行皇帝山陵","3","0","3"
"二月庚寅朔","3","0","3"
"前平卢军节","2","1","3"
"兵部郎中韦","2","1","3"
"部郎中韦乾","2","1","3"
"郎中韦乾美","2","1","3"
"皇太后册礼","2","1","3"
"卿张廷范充","1","2","3"
"授棣州刺史","2","1","3"
"授工部侍郎","2","1","3"
"河南府决杀","3","0","3"
"月十九日亲","2","1","3"
"等军节度观","3","0","3"
"相国总百揆","3","0","3"
"年十一月五","1","2","3"
"二月己酉朔","3","0","3"
"京兆府奉先","2","1","3"
"兆府奉先县","2","1","3"
"正月戊寅朔","3","0","3"
"平章事张文","2","1","3"
"章事张文蔚","2","1","3"
"山行封禅礼","2","1","3"
"版授下州刺","3","0","3"
"夏四月甲辰","3","0","3"
"钜鹿男窦德","3","0","3"
"外群官上封","3","0","3"
"群官上封事","3","0","3"
"朕获奉宗庙","3","0","3"
"十一月庚辰","3","0","3"
"六月壬寅朔","3","0","3"
"葬太原王妃","1","2","3"
"平地三尺余","3","0","3"
"一月甲午朔","3","0","3"
"大都督府复","3","0","3"
"冬十月己未","3","0","3"
"十一月戊子","3","0","3"
"夏四月丙子","3","0","3"
"十一月丙寅","3","0","3"
"太白入东井","3","0","3"
"一月丙午朔","3","0","3"
"请王公百僚","2","1","3"
"吐蕃遣大臣","3","0","3"
"秋七月辛亥","3","0","3"
"事官三品上","3","0","3"
"荧惑入羽林","3","0","3"
"制大赦天下","3","0","3"
"秋七月己卯","3","0","3"
"士详定仪注","3","0","3"
"一月戊寅朔","3","0","3"
"真同中书门","3","0","3"
"王哲皇太子","3","0","3"
"突厥寇定州","3","0","3"
"时年五十六","3","0","3"
"元元年十二","2","1","3"
"授泽州刺史","3","0","3"
"兵部尚书致","3","0","3"
"幸新丰温泉","3","0","3"
"部尚书李日","1","2","3"
"冬十月甲寅","3","0","3"
"十二月庚午","3","0","3"
"春正月癸未","3","0","3"
"冬十月辛巳","3","0","3"
"春正月丁巳","3","0","3"
"兵部尚书张","1","2","3"
"皇后王氏庶","3","0","3"
"后王氏庶人","3","0","3"
"十二月丁巳","3","0","3"
"诸军节度大","2","1","3"
"年八月五日","2","1","3"
"冬十月戊午","3","0","3"
"前太子宾客","2","1","3"
"上加爵一等","1","2","3"
"降天下死罪","3","0","3"
"天下死罪流","3","0","3"
"天下死罪降","2","1","3"
"米二百万石","2","1","3"
"食实封二千","2","1","3"
"命左金吾大","2","1","3"
"官五品上举","3","0","3"
"五品上举所","3","0","3"
"品上举所知","3","0","3"
"令内外文武","1","2","3"
"督府长史王","2","1","3"
"突厥默啜上","2","1","3"
"淮阳王武延","1","2","3"
"阳王武延秀","1","2","3"
"天官侍郎吉","1","2","3"
"官侍郎吉顼","1","2","3"
"者三千余人","3","0","3"
"李光弼破贼","2","1","3"
"春正月庚戌","3","0","3"
"正月庚戌朔","3","0","3"
"四月戊寅朔","3","0","3"
"冬十月乙巳","3","0","3"
"贼将尹子奇","2","1","3"
"横尸三十里","2","1","3"
"遣太子太师","1","2","3"
"上御丹凤楼","3","0","3"
"加实封三百","2","1","3"
"伪范阳节度","2","1","3"
"伪河东节度","2","1","3"
"节度能元皓","2","1","3"
"十二月癸巳","3","0","3"
"二月癸巳朔","3","0","3"
"杀节度使史","2","1","3"
"南东道襄邓","2","1","3"
"东道襄邓等","2","1","3"
"道襄邓等十","2","1","3"
"襄邓等十州","2","1","3"
"邓等十州节","2","1","3"
"等十州节度","2","1","3"
"棣等州节度","2","1","3"
"凤翔尹李鼎","1","2","3"
"二年三月庚","2","1","3"
"郭子仪河中","3","0","3"
"元帅雍王率","1","2","3"
"易五州归顺","1","2","3"
"士柳伉上疏","2","1","3"
"春正月己亥","3","0","3"
"正月己亥朔","3","0","3"
"昊天上帝圆","3","0","3"
"天上帝圆丘","3","0","3"
"盐池押诸蕃","2","1","3"
"池押诸蕃部","2","1","3"
"判度支第五","3","0","3"
"度支第五琦","3","0","3"
"节都统河南","2","1","3"
"节度行营事","2","1","3"
"汾阳郡王郭","1","2","3"
"阳郡王郭子","1","2","3"
"仆固怀恩引","2","1","3"
"十二月乙丑","3","0","3"
"永泰元年正","2","1","3"
"泰元年正月","2","1","3"
"正月癸巳朔","3","0","3"
"子仪先锋将","2","1","3"
"北节度使李","1","2","3"
"朔方节度等","3","0","3"
"方节度等使","3","0","3"
"判国子监事","3","0","3"
"进封郑国公","3","0","3"
"智光帐下将","2","1","3"
"新罗国王金","1","2","3"
"滑亳节度使","2","1","3"
"河东等十州","2","1","3"
"东等十州户","2","1","3"
"等十州户税","2","1","3"
"十州户税入","2","1","3"
"州户税入奉","2","1","3"
"沣州刺史杨","3","0","3"
"十二月己未","3","0","3"
"正月癸未朔","3","0","3"
"权知幽州卢","2","1","3"
"知幽州卢龙","2","1","3"
"夫李栖筠弹","1","2","3"
"曲赦京城系","3","0","3"
"赦天下系囚","3","0","3"
"判度支韩滉","3","0","3"
"破吐蕃十万","2","1","3"
"充浙东观察","3","0","3"
"冬十月壬申","3","0","3"
"淄青节度观","2","1","3"
"青节度观察","2","1","3"
"刺史李正己","1","2","3"
"贬永州刺史","3","0","3"
"秋七月己未","3","0","3"
"田承嗣上表","2","1","3"
"承嗣上表请","2","1","3"
"将卢子期攻","1","2","3"
"宋等八州节","2","1","3"
"正月甲寅朔","3","0","3"
"四镇北庭泾","3","0","3"
"镇北庭泾原","3","0","3"
"前安南都护","2","1","3"
"宦官刘清潭","1","2","3"
"吐蕃寇盐州","3","0","3"
"前容管经略","2","1","3"
"元四年六月","2","1","3"
"臣紫宸门外","3","0","3"
"太白犯东井","3","0","3"
"官绫绢三千","2","1","3"
"延英对宰臣","3","0","3"
"尚书胡证检","2","1","3"
"书胡证检校","2","1","3"
"部尚书郑絪","3","0","3"
"大将军李祐","3","0","3"
"任龙州刺史","1","2","3"
"冬十月丙子","3","0","3"
"士韦处厚上","1","2","3"
"正衙命使册","3","0","3"
"使沈传师奏","2","1","3"
"尚书致仕裴","3","0","3"
"九月辛未朔","3","0","3"
"徐州王智兴","2","1","3"
"武节度使张","2","1","3"
"节度掌书记","2","1","3"
"卫大将军同","2","1","3"
"赐宰臣百僚","3","0","3"
"工部尚书裴","1","2","3"
"命京城诸司","3","0","3"
"京城诸司疏","3","0","3"
"太白近太微","3","0","3"
"家属三百余","1","2","3"
"属三百余人","1","2","3"
"尉梁守谦率","1","2","3"
"共一千二百","1","2","3"
"士赵归真等","1","2","3"
"礼部尚书致","3","0","3"
"分司东都李","3","0","3"
"贬山南东道","1","2","3"
"平章事乌重","1","2","3"
"章事乌重胤","1","2","3"
"权知御史中","3","0","3"
"知御史中丞","3","0","3"
"前福建观察","3","0","3"
"春正月戊午","3","0","3"
"正月戊午朔","3","0","3"
"节度使李进","1","2","3"
"事窦易直检","2","1","3"
"窦易直检校","2","1","3"
"二月辛亥朔","3","0","3"
"部尚书崔群","2","1","3"
"使李听太子","3","0","3"
"封雁门郡王","2","1","3"
"贬剑南西川","2","1","3"
"狐楚检校右","2","1","3"
"前陕虢观察","2","1","3"
"中节度使薛","1","2","3"
"段文昌检校","2","1","3"
"尚书左丞王","1","2","3"
"宋申锡正议","2","1","3"
"谏议大夫知","2","1","3"
"守司徒裴度","2","1","3"
"崔元略检校","1","2","3"
"曲江亭赐宴","1","2","3"
"节度使杨元","1","2","3"
"度使杨元卿","1","2","3"
"吉检校司徒","2","1","3"
"马都尉杜忭","3","0","3"
"前绵州刺史","2","1","3"
"陈许蔡观察","2","1","3"
"许蔡观察等","2","1","3"
"前忠武军节","3","0","3"
"节度使高瑀","3","0","3"
"李听太子太","3","0","3"
"听太子太保","3","0","3"
"大夫王彦威","2","1","3"
"观察使丁公","1","2","3"
"察使丁公著","1","2","3"
"大四年十一","3","0","3"
"校右仆射崔","2","1","3"
"赞皇县开国","2","1","3"
"皇县开国伯","2","1","3"
"秋七月丙戌","3","0","3"
"复检校礼部","2","1","3"
"节度杨元卿","2","1","3"
"流下递减一","3","0","3"
"年十月七日","1","2","3"
"注内通敕使","2","1","3"
"注通王府司","2","1","3"
"左神策长武","2","1","3"
"神策长武城","2","1","3"
"太常卿庾承","1","2","3"
"常卿庾承宣","1","2","3"
"兗海观察使","3","0","3"
"复检校户部","2","1","3"
"部侍郎杨汝","1","2","3"
"侍郎杨汝士","1","2","3"
"州观察使陆","1","2","3"
"上令中使宣","2","1","3"
"元节度使李","1","2","3"
"节度使温造","1","2","3"
"守左金吾卫","2","1","3"
"州防御观察","2","1","3"
"平章事段文","2","1","3"
"章事段文昌","2","1","3"
"川节度使杨","1","2","3"
"左右神策观","1","2","3"
"右神策观军","1","2","3"
"神策观军容","1","2","3"
"策观军容使","1","2","3"
"淄青观察使","1","2","3"
"中刑部尚书","3","0","3"
"京兆少尹罗","2","1","3"
"兆少尹罗立","2","1","3"
"七月戊辰朔","3","0","3"
"上幸十六宅","3","0","3"
"节度使李泳","1","2","3"
"守户部尚书","3","0","3"
"中书令裴度","1","2","3"
"共赐钱五百","2","1","3"
"百僚宴曲江","3","0","3"
"僚宴曲江亭","3","0","3"
"诏中书门下","3","0","3"
"神策将军李","1","2","3"
"怀光外孙燕","2","1","3"
"光外孙燕八","2","1","3"
"夏四月乙未","3","0","3"
"冬十月丙午","3","0","3"
"虢观察使杜","1","2","3"
"观察使吴凑","1","2","3"
"山南西道等","1","2","3"
"夏四月辛酉","3","0","3"
"州刺史卢征","1","2","3"
"度支使裴延","1","2","3"
"支使裴延龄","1","2","3"
"试贤良方正","1","2","3"
"省供奉官宴","3","0","3"
"供奉官宴曲","3","0","3"
"奉官宴曲江","3","0","3"
"河东节度营","2","1","3"
"东节度营田","2","1","3"
"隰都防御观","2","1","3"
"东畿汝州都","1","2","3"
"节度使张献","1","2","3"
"度使张献甫","1","2","3"
"银夏节度使","1","2","3"
"夏节度使韩","1","2","3"
"节度使李万","1","2","3"
"度使李万荣","1","2","3"
"魏博节度副","1","2","3"
"博节度副使","1","2","3"
"判度支苏弁","2","1","3"
"太子宾客卢","1","2","3"
"粟三十万石","3","0","3"
"观察使李若","1","2","3"
"察使李若初","1","2","3"
"判官孟叔度","1","2","3"
"郓州李师古","2","1","3"
"节度使卢群","1","2","3"
"平章事郑余","2","1","3"
"章事郑余庆","2","1","3"
"德棣观察等","3","0","3"
"恆州大都督","3","0","3"
"前成德军节","2","1","3"
"赐宴曲江亭","2","1","3"
"十二月乙巳","3","0","3"
"章事令狐綯","3","0","3"
"平地水深一","1","2","3"
"部侍郎萧仿","3","0","3"
"幽州张允伸","2","1","3"
"延资库使夏","1","2","3"
"资库使夏侯","1","2","3"
"库使夏侯孜","1","2","3"
"延资库钱绢","3","0","3"
"军防御使卢","1","2","3"
"防御使卢简","1","2","3"
"御使卢简方","1","2","3"
"安南都护高","1","2","3"
"南都护高骈","1","2","3"
"都护高骈奏","1","2","3"
"加检校兵部","3","0","3"
"道州府场监","3","0","3"
"州府场监院","3","0","3"
"本州行营招","1","2","3"
"除十恶忤逆","3","0","3"
"同平章事何","1","2","3"
"平章事何弘","1","2","3"
"章事何弘敬","1","2","3"
"考试宏词选","3","0","3"
"前中书舍人","1","2","3"
"权勾军国政","3","0","3"
"勾军国政事","3","0","3"
"前同州刺史","2","1","3"
"除吏部侍郎","3","0","3"
"军丰州西城","2","1","3"
"正月癸酉朔","3","0","3"
"前昭义节度","2","1","3"
"广南节度使","1","2","3"
"骈诸道行营","2","1","3"
"江西招讨使","1","2","3"
"度使高骈诸","2","1","3"
"使高骈诸道","2","1","3"
"中元年春正","2","1","3"
"雁门北行营","3","0","3"
"兵马节度等","2","1","3"
"马节度等使","2","1","3"
"节度使高浔","1","2","3"
"西面行营都","1","2","3"
"赵观察处置","2","1","3"
"车驾成都府","3","0","3"
"蔚朔等州观","2","1","3"
"德节度使王","2","1","3"
"元节度使石","1","2","3"
"节度使石君","1","2","3"
"銮都将李鋋","3","0","3"
"牙将毕师铎","3","0","3"
"关内河东副","2","1","3"
"内河东副元","2","1","3"
"等道观察使","2","1","3"
"延都团练观","2","1","3"
"特进刘忠翼","2","1","3"
"史台五品上","3","0","3"
"左仆射刘晏","1","2","3"
"秋七月丁丑","3","0","3"
"者一百七十","2","1","3"
"招抚处置等","2","1","3"
"抚处置等使","2","1","3"
"绛都防御观","2","1","3"
"加宣武军节","2","1","3"
"节度都知兵","2","1","3"
"度都知兵马","2","1","3"
"充河中晋绛","3","0","3"
"文宣王三十","2","1","3"
"武俊检校秘","2","1","3"
"俊检校秘书","2","1","3"
"冀都团练观","2","1","3"
"泽潞李抱真","2","1","3"
"官军隔河对","2","1","3"
"军隔河对垒","2","1","3"
"水陆运两税","3","0","3"
"武俊称赵王","2","1","3"
"尚结赞同盟","3","0","3"
"节度李怀光","2","1","3"
"元元年春正","2","1","3"
"京兆尹裴腆","1","2","3"
"置统军一员","2","1","3"
"上命翰林学","1","2","3"
"开苑墙二百","2","1","3"
"苑墙二百余","2","1","3"
"墙二百余步","2","1","3"
"神策兵马使","2","1","3"
"部侍郎班宏","1","2","3"
"加散骑常侍","3","0","3"
"京兆府供帐","3","0","3"
"改封西平郡","2","1","3"
"右神策军都","1","2","3"
"诸道节度使","3","0","3"
"遣工部尚书","2","1","3"
"散骑常侍柳","1","2","3"
"淮西李希烈","2","1","3"
"一子正员官","3","0","3"
"坊节度唐朝","2","1","3"
"节度唐朝臣","2","1","3"
"节度骆元光","2","1","3"
"钱一百五十","2","1","3"
"宰相张延赏","1","2","3"
"李广弘同谋","2","1","3"
"部员外郎王","2","1","3"
"新罗国大宰","1","2","3"
"罗国大宰相","1","2","3"
"国大宰相金","1","2","3"
"三军赏钱一","1","2","3"
"军赏钱一百","1","2","3"
"部尚书郑余","1","2","3"
"尚书郑余庆","1","2","3"
"李夷简检校","3","0","3"
"正月己酉朔","3","0","3"
"部侍郎杨陵","3","0","3"
"易定观察使","1","2","3"
"田弘正检校","3","0","3"
"度使王锷检","3","0","3"
"使王锷检校","3","0","3"
"度使严绶充","2","1","3"
"申光蔡等州","3","0","3"
"侍崔潭峻监","2","1","3"
"韩弘守司徒","3","0","3"
"嵩山僧圆净","2","1","3"
"留守吕元膺","2","1","3"
"李逢吉门下","2","1","3"
"内库钱五十","2","1","3"
"御兴安门受","3","0","3"
"章事裴度守","3","0","3"
"令山南东道","1","2","3"
"子祭酒郑余","1","2","3"
"祭酒郑余庆","1","2","3"
"春正月甲戌","2","1","3"
"开成四年冬","1","2","3"
"时年二十七","1","2","3"
"授左武卫将","2","1","3"
"节度使何弘","1","2","3"
"度使何弘敬","1","2","3"
"授官银青光","1","2","3"
"潞州大将郭","1","2","3"
"州大将郭谊","1","2","3"
"寺四千六百","2","1","3"
"韦弘质上疏","1","2","3"
"罪递减一等","3","0","3"
"县令张弘思","1","2","3"
"紫金鱼袋毕","1","2","3"
"原节度使康","1","2","3"
"刑部侍郎高","1","2","3"
"充四镇北庭","3","0","3"
"紫金鱼袋蒋","2","1","3"
"渤海两蕃使","1","2","3"
"请中书门下","2","1","3"
"京兆府户曹","2","1","3"
"兆府户曹参","2","1","3"
"府户曹参军","2","1","3"
"徐泗濠等州","2","1","3"
"州节度使田","1","2","3"
"前昭义军节","1","2","3"
"命金吾大将","1","2","3"
"原节度使田","1","2","3"
"镇两道招抚","2","1","3"
"度使裴度三","2","1","3"
"深冀行营节","1","2","3"
"李光颜忠武","3","0","3"
"牙将史宪诚","2","1","3"
"军先锋兵马","2","1","3"
"先锋兵马使","2","1","3"
"州刺史王日","1","2","3"
"令兵部侍郎","1","2","3"
"冀行营诸军","1","2","3"
"行营诸军节","1","2","3"
"营诸军节度","1","2","3"
"元翼率十余","2","1","3"
"王廷凑所杀","1","2","3"
"取牛元翼家","2","1","3"
"田弘正骸骨","2","1","3"
"军节度使陈","1","2","3"
"海沂密节度","1","2","3"
"沂密节度使","1","2","3"
"阴山府沙陀","1","2","3"
"四年正月辛","3","0","3"
"淄青李师古","3","0","3"
"兵马节度使","1","2","3"
"渤海国王大","2","1","3"
"海国王大嵩","2","1","3"
"铁转运使副","2","1","3"
"皇太子皇帝","3","0","3"
"太子皇帝位","3","0","3"
"圣大安孝皇","1","2","3"
"大安孝皇帝","1","2","3"
"太皇太后沈","2","1","3"
"皇太后沈氏","2","1","3"
"东都留守韦","2","1","3"
"军司马刘辟","1","2","3"
"节度使陆长","1","2","3"
"度使陆长源","1","2","3"
"甫中书侍郎","3","0","3"
"元年三月十","1","2","3"
"前代君臣事","1","2","3"
"代君臣事迹","1","2","3"
"西观察使时","1","2","3"
"行营招讨处","1","2","3"
"营招讨处置","1","2","3"
"节度使卢史","3","0","3"
"六月庚午朔","3","0","3"
"节度使刘济","1","2","3"
"一月戊戌朔","3","0","3"
"州刺史阿跌","1","2","3"
"刺史阿跌光","1","2","3"
"信军节度使","1","2","3"
"谏议大夫孔","1","2","3"
"条县公高季","3","0","3"
"赠司空武士","2","1","3"
"令太子詹事","2","1","3"
"赐物一千段","3","0","3"
"冬十月丁卯","3","0","3"
"加检校吏部","3","0","3"
"马留后王师","2","1","3"
"改永隆二年","2","1","3"
"陈仓县令薛","1","2","3"
"仓县令薛景","1","2","3"
"县令薛景仙","1","2","3"
"光弼守河阳","2","1","3"
"浙江观察使","1","2","3"
"成德军兵马","1","2","3"
"王武俊杀李","2","1","3"
"武俊杀李惟","2","1","3"
"俊杀李惟岳","2","1","3"
"诬陷宋申锡","1","2","3"
"宪宗朝宰相","1","2","3"
"调授咸阳尉","1","2","3"
"任校书郎时","1","2","3"
"京师竞相传","1","2","3"
"乐天杭州刺","2","1","3"
"天杭州刺史","2","1","3"
"时年七十六","2","1","3"
"迁尚书左丞","3","0","3"
"左卫上将军","1","2","3"
"河南节度张","2","1","3"
"尹子奇攻陷","1","2","3"
"子奇攻陷睢","1","2","3"
"奇攻陷睢阳","1","2","3"
"郭子仪朔方","3","0","3"
"节度李怀仙","1","2","3"
"德军节度张","2","1","3"
"秘书监魏征","1","2","3"
"东台舍人张","1","2","3"
"文集二十卷","1","2","3"
"开元十一年","1","2","3"
"元大衍历经","1","2","3"
"移军东渭桥","3","0","3"
"神策将孟涉","2","1","3"
"李晟收复京","1","2","3"
"赐钱一千贯","1","2","3"
"入太子宾客","3","0","3"
"加吏部尚书","3","0","3"
"上封人李少","2","1","3"
"封人李少良","2","1","3"
"建中四年十","1","2","3"
"吐蕃尚结赞","2","1","3"
"北齐黄门侍","1","2","3"
"寻加御史大","3","0","3"
"一子五品正","3","0","3"
"功加检校司","3","0","3"
"时河东节度","1","2","3"
"淮西节度李","2","1","3"
"滔僭称大冀","1","2","3"
"幽州留后事","1","2","3"
"州刺史李宝","1","2","3"
"赏钱一百万","1","2","3"
"军宋惟澄上","1","2","3"
"淮西节度王","2","1","3"
"西节度王仲","2","1","3"
"宝应元年七","1","2","3"
"应元年七月","1","2","3"
"十二年正月","1","2","3"
"上御延英殿","2","1","3"
"奉天定难功","2","1","3"
"天定难功臣","2","1","3"
"居郎褚遂良","2","1","3"
"雍州万年人","2","1","3"
"礼部尚书杨","1","2","3"
"送咸安公主","1","2","3"
"李抱真合兵","1","2","3"
"太尉李光弼","1","2","3"
"持节郑州诸","1","2","3"
"节郑州诸军","1","2","3"
"郑州诸军事","1","2","3"
"亳四州节度","1","2","3"
"德二年五月","1","2","3"
"观察使留后","1","2","3"
"集贤院直学","1","2","3"
"贤院直学士","1","2","3"
"贞元十九年","1","2","3"
"思州务川县","1","2","3"
"州务川县尉","1","2","3"
"宋州刺史李","1","2","3"
"一万六千人","1","2","3"
"开元十二年","1","2","3"
"集贤院待制","1","2","3"
"永泰元年四","2","1","3"
"泰元年四月","2","1","3"
"左羽林军将","1","2","3"
"羽林军将军","1","2","3"
"封定襄郡王","2","1","3"
"转运使职务","1","2","3"
"主书卓英倩","2","1","3"
"中书主事卓","1","2","3"
"书主事卓英","1","2","3"
"主事卓英倩","1","2","3"
"授门下侍郎","1","2","3"
"开元十八年","1","2","3"
"代左仆射裴","1","2","3"
"令郭子仪率","1","2","3"
"郭子仪率兵","1","2","3"
"突厥始毕汗","3","0","3"
"率兵五百人","1","2","3"
"贼帅李子通","2","1","3"
"皇太子秦王","2","1","3"
"洛阳宫留守","1","2","3"
"京官文武职","1","2","3"
"官文武职事","1","2","3"
"文武职事四","1","2","3"
"武职事四品","1","2","3"
"建中三年十","1","2","3"
"建中二年七","1","2","3"
"中二年七月","1","2","3"
"宝应二年正","1","2","3"
"应二年正月","1","2","3"
"谏议大夫官","1","2","3"
"有见识的人","0","3","3"
"是做臣子的","0","3","3"
"从了他的建","0","3","3"
"杀死自己的","0","3","3"
"唐高祖李渊","0","3","3"
"也心甘情愿","0","3","3"
"武则天下旨","0","3","3"
"国家安危的","0","3","3"
"母亲去世时","0","3","3"
"保卫国家的","0","3","3"
"接受朝廷命","0","3","3"
"受朝廷命令","0","3","3"
"绘制肖像陈","0","3","3"
"制肖像陈列","0","3","3"
"舆论认为李","0","3","3"
"没收他们的","0","3","3"
"收他们的家","0","3","3"
"他们的家产","0","3","3"
"合我的心意","0","3","3"
"虽然接受了","0","3","3"
"这就是所说","0","3","3"
"就是所说的","0","3","3"
"德高望重的","0","3","3"
"使者向朝廷","0","3","3"
"他的将士们","0","3","3"
"的全部人马","0","3","3"
"伤的人很多","0","3","3"
"援救王世充","0","3","3"
"大家的意见","0","3","3"
"加明经科考","0","3","3"
"主管军国大","0","3","3"
"皇位继承人","0","3","3"
"的话是对的","0","3","3"
"当体察我的","0","3","3"
"不切实际的","0","3","3"
"边远的地方","0","3","3"
"实在是因为","0","3","3"
"非常高兴地","0","3","3"
"高兴地接受","0","3","3"
"兴地接受了","0","3","3"
"的大政方针","0","3","3"
"颁发了这道","0","3","3"
"发了这道诏","0","3","3"
"了这道诏书","0","3","3"
"部族的首领","0","3","3"
"这个级别的","0","3","3"
"十月初一日","0","3","3"
"没有什么不","0","3","3"
"一天天增多","0","3","3"
"问民间疾苦","0","3","3"
"大和二年十","0","3","3"
"李夷简为御","0","3","3"
"夷简为御史","0","3","3"
"许孟容为京","0","3","3"
"孟容为京兆","0","3","3"
"容为京兆尹","0","3","3"
"拜尚书左仆","0","3","3"
"理使务如故","0","3","3"
"出任兴元尹","0","3","3"
"官国子博士","0","3","3"
"兼弘文馆学","0","3","3"
"依旧兼修国","0","3","3"
"任太子左庶","0","3","3"
"贬为辰州司","0","3","3"
"为辰州司户","0","3","3"
"贬为道州刺","0","3","3"
"改任兵部侍","0","3","3"
"有文集十卷","0","3","3"
"为荆南节度","0","3","3"
"拜门下侍郎","0","3","3"
"王锷任检校","0","3","3"
"任夏官侍郎","0","3","3"
"任岳州刺史","0","3","3"
"杀死节度使","0","3","3"
"这年十二月","0","3","3"
"任宋州刺史","0","3","3"
"任鄂州刺史","0","3","3"
"拜鸾台侍郎","0","3","3"
"封为南阳郡","0","3","3"
"为并州大都","0","3","3"
"为左右千牛","0","3","3"
"书右仆射兼","0","3","3"
"左仆射兼中","0","3","3"
"为左卫大将","0","3","3"
"少卿同于正","0","3","3"
"卿同于正员","0","3","3"
"为右卫大将","0","3","3"
"兼太子右庶","0","3","3"
"部尚书宋王","0","3","3"
"尚书宋王景","0","3","3"
"公韦安石为","0","3","3"
"夏四月五日","0","3","3"
"兵部侍郎兼","0","3","3"
"部尚书王王","0","3","3"
"为凉州道行","0","3","3"
"高士廉代理","0","3","3"
"为商州刺史","0","3","3"
"百姓免除今","0","3","3"
"姓免除今年","0","3","3"
"侍中为左相","0","3","3"
"中书令为右","0","3","3"
"书令为右相","0","3","3"
"吏部尚书兼","0","3","3"
"为太上玄元","0","3","3"
"号为开元天","0","3","3"
"杨国忠兼任","0","3","3"
"太上至道圣","0","3","3"
"上至道圣皇","0","3","3"
"王禹为太子","0","3","3"
"蔡国公杜如","0","3","3"
"国公杜如晦","0","3","3"
"署理右仆射","0","3","3"
"决定金紫光","0","3","3"
"定金紫光禄","0","3","3"
"任越州刺史","0","3","3"
"署理刑部尚","0","3","3"
"理刑部尚书","0","3","3"
"任静海军节","0","3","3"
"户部尚书的","0","3","3"
"人都任同中","0","3","3"
"任命为同中","0","3","3"
"命为同中书","0","3","3"
"客为兵部尚","0","3","3"
"为文昌左相","0","3","3"
"为文昌右相","0","3","3"
"为地官尚书","0","3","3"
"建昌王武攸","0","3","3"
"昌王武攸宁","0","3","3"
"纳言姚王寿","0","3","3"
"郡王重福为","0","3","3"
"为吏部郎中","0","3","3"
"任蒲州刺史","0","3","3"
"为关内节度","0","3","3"
"任京畿采访","0","3","3"
"任许州刺史","0","3","3"
"兼滑州刺史","0","3","3"
"为广州都督","0","3","3"
"以京兆尹李","0","3","3"
"以杭州刺史","0","3","3"
"充任浙江西","0","3","3"
"任浙江西道","0","3","3"
"奉上谥号曰","0","3","3"
"回纥登里可","0","3","3"
"纥登里可汗","0","3","3"
"以澧州刺史","0","3","3"
"四月二十日","0","3","3"
"像原来一样","0","3","3"
"杜鸿渐兼任","0","3","3"
"使李光进为","0","3","3"
"任陇右节度","0","3","3"
"还任同中书","0","3","3"
"宣政殿考试","0","3","3"
"以国子祭酒","0","3","3"
"为华州镇国","0","3","3"
"以淮南节度","0","3","3"
"为黔中经略","0","3","3"
"度使李程为","0","3","3"
"柳公绰为检","0","3","3"
"公绰为检校","0","3","3"
"绰为检校左","0","3","3"
"初一为己巳","0","3","3"
"一为己巳日","0","3","3"
"封九姓回纥","0","3","3"
"任原山南西","0","3","3"
"原山南西道","0","3","3"
"李德裕为太","0","3","3"
"德裕为太子","0","3","3"
"裕为太子宾","0","3","3"
"赐金紫鱼袋","0","3","3"
"令狐楚为检","0","3","3"
"狐楚为检校","0","3","3"
"裕为检校户","0","3","3"
"前任淮南节","0","3","3"
"牛僧孺为检","0","3","3"
"僧孺为检校","0","3","3"
"以给事中李","0","3","3"
"以兵部郎中","0","3","3"
"以荆南节度","0","3","3"
"以江西观察","0","3","3"
"以本官兼任","0","3","3"
"以东都留守","0","3","3"
"为明州刺史","0","3","3"
"赵宗儒为太","0","3","3"
"为陕州大都","0","3","3"
"州刺史李钅","0","3","3"
"以剑南东川","0","3","3"
"以邕管经略","0","3","3"
"节度副使兼","0","3","3"
"任命凤翔陇","0","3","3"
"任命左散骑","0","3","3"
"命左散骑常","0","3","3"
"平章政事夏","0","3","3"
"章政事夏侯","0","3","3"
"政事夏侯孜","0","3","3"
"任命右神策","0","3","3"
"任命前淮南","0","3","3"
"命前淮南节","0","3","3"
"赐姓名为李","0","3","3"
"任命河阳三","0","3","3"
"命河阳三城","0","3","3"
"授予他检校","0","3","3"
"兼润州刺史","0","3","3"
"部侍郎郑从","0","3","3"
"侍郎郑从谠","0","3","3"
"郑从谠为检","0","3","3"
"从谠为检校","0","3","3"
"贬职为端州","0","3","3"
"职为端州司","0","3","3"
"为国子司业","0","3","3"
"任命右谏议","0","3","3"
"命右谏议大","0","3","3"
"为庐州刺史","0","3","3"
"任梓州刺史","0","3","3"
"为司勋员外","0","3","3"
"兼任郓州刺","0","3","3"
"任郓州刺史","0","3","3"
"为金州刺史","0","3","3"
"任命检校右","0","3","3"
"章政事李蔚","0","3","3"
"充任右街使","0","3","3"
"兖州节度使","0","3","3"
"充任湖南都","0","3","3"
"任湖南都团","0","3","3"
"决定任命特","0","3","3"
"定任命特进","0","3","3"
"李蔚为检校","0","3","3"
"兼定州刺史","0","3","3"
"李克用率军","0","3","3"
"改封为雍王","0","3","3"
"等地节度使","0","3","3"
"为梁州刺史","0","3","3"
"为恩州司马","0","3","3"
"以左金吾卫","0","3","3"
"袁滋为检校","0","3","3"
"为唐州刺史","0","3","3"
"任命河南尹","0","3","3"
"已故中书令","0","3","3"
"兼太子太保","0","3","3"
"任命天德军","0","3","3"
"任检校刑部","0","3","3"
"区内营田使","0","3","3"
"鱼袋崔慎由","0","3","3"
"本管辖区内","0","3","3"
"管辖区内经","0","3","3"
"辖区内经略","0","3","3"
"区内经略使","0","3","3"
"前任宁节度","0","3","3"
"任东都尚书","0","3","3"
"以成德军节","0","3","3"
"二州观察使","0","3","3"
"金鱼袋刘王","0","3","3"
"鱼袋刘王彖","0","3","3"
"为通州刺史","0","3","3"
"为渤海国王","0","3","3"
"事张弘靖为","0","3","3"
"兼任幽州大","0","3","3"
"任幽州大都","0","3","3"
"李愿为检校","0","3","3"
"为剑州刺史","0","3","3"
"命太府卿李","0","3","3"
"任命秘书监","0","3","3"
"充任潼关防","0","3","3"
"为抚州刺史","0","3","3"
"使李听为太","0","3","3"
"魏博的田季","0","3","3"
"博的田季安","0","3","3"
"氏为太上皇","0","3","3"
"及西山八国","0","3","3"
"收纳三千户","0","3","3"
"纳三千户租","0","3","3"
"三千户租税","0","3","3"
"为司封员外","0","3","3"
"理户部尚书","0","3","3"
"遂良为吏部","0","3","3"
"良为吏部尚","0","3","3"
"兼太子少保","0","3","3"
"夏五月二日","0","3","3"
"命令左骁卫","0","3","3"
"充任翰林侍","0","3","3"
"任翰林侍讲","0","3","3"
"在朝廷任职","0","3","3"
"贬宋申锡为","0","3","3"
"京兆府少尹","0","3","3"
"调任户部尚","0","3","3"
"调任殿中侍","0","3","3"
"任左司郎中","0","3","3"
"杀害李绛的","0","3","3"
"加授检校礼","0","3","3"
"入朝任兵部","0","3","3"
"到人们的称","0","3","3"
"任考功郎中","0","3","3"
"改任礼部尚","0","3","3"
"拜刑部尚书","0","3","3"
"兼任盐铁转","0","3","3"
"转运使等职","0","3","3"
"上在延英殿","0","3","3"
"与天地合德","0","3","3"
"子田怀谏年","0","3","3"
"章请求免职","0","3","3"
"授检校尚书","0","3","3"
"召他为从事","0","3","3"
"隋大业年间","0","3","3"
"黄河以东地","0","3","3"
"河以东地区","0","3","3"
"函谷关以东","0","3","3"
"领自己的部","0","3","3"
"投降了王世","0","3","3"
"降了王世充","0","3","3"
"进入函谷关","0","3","3"
"考中明经科","0","3","3"
"亲自为他们","0","3","3"
"年五十五岁","0","3","3"
"到黄河以北","0","3","3"
"加官银青光","0","3","3"
"公卿以下官","0","3","3"
"卿以下官员","0","3","3"
"武则天亲自","0","3","3"
"下诏书褒奖","0","3","3"
"隋文帝开皇","0","3","3"
"李密失败后","0","3","3"
"任国子助教","0","3","3"
"年间官做到","0","3","3"
"高祖武德年","0","3","3"
"祖武德年间","0","3","3"
"请求立武承","0","3","3"
"求立武承嗣","0","3","3"
"在隋朝做官","0","3","3"
"灭亡的原因","0","3","3"
"太宗贞观年","0","3","3"
"宗贞观年间","0","3","3"
"太宗非常高","0","3","3"
"贞元十八年","0","3","3"
"授官著作郎","0","3","3"
"迁任太子右","0","3","3"
"门下三品官","0","3","3"
"和他的妻子","0","3","3"
"帝的车驾到","0","3","3"
"关押的犯人","0","3","3"
"开元二十七","0","3","3"
"元二十七年","0","3","3"
"抄没了他的","0","3","3"
"没了他的家","0","3","3"
"被仇人所杀","0","3","3"
"武则天知道","0","3","3"
"人不可胜数","0","3","3"
"当时张易之","0","3","3"
"以提拔任用","0","3","3"
"提拔任用他","0","3","3"
"被立为太子","0","3","3"
"都是陛下的","0","3","3"
"贬为衢州刺","0","3","3"
"们都认为他","0","3","3"
"追究他的罪","0","3","3"
"到御史台审","0","3","3"
"留后的事务","0","3","3"
"他的儿子安","0","3","3"
"的儿子安庆","0","3","3"
"宝十三年正","0","3","3"
"端州高要县","0","3","3"
"州高要县尉","0","3","3"
"为朔方节度","0","3","3"
"皇帝宠信的","0","3","3"
"任命为中书","0","3","3"
"宰辅大臣在","0","3","3"
"交给京兆府","0","3","3"
"京兆府处死","0","3","3"
"臣子的耻辱","0","3","3"
"加授金紫光","0","3","3"
"派遣宫中使","0","3","3"
"不知怎么办","0","3","3"
"南节度使时","0","3","3"
"驱逐了节度","0","3","3"
"逐了节度使","0","3","3"
"李逢吉的党","0","3","3"
"逢吉的党羽","0","3","3"
"理国家的根","0","3","3"
"除宰相职务","0","3","3"
"朝廷委任他","0","3","3"
"廷委任他为","0","3","3"
"延英殿议事","0","3","3"
"五千名服役","0","3","3"
"服役的工匠","0","3","3"
"他的两个儿","0","3","3"
"文宗下诏书","0","3","3"
"宪宗元和十","0","3","3"
"追赠他为太","0","3","3"
"在宪宗元和","0","3","3"
"出使极远地","0","3","3"
"隐居在嵩山","0","3","3"
"授予官职的","0","3","3"
"王府咨议参","0","3","3"
"府咨议参军","0","3","3"
"分设于东都","0","3","3"
"以有病为由","0","3","3"
"同年十一月","0","3","3"
"官员的考绩","0","3","3"
"知道这件事","0","3","3"
"侍奉君主的","0","3","3"
"调入朝廷任","0","3","3"
"宗听从了他","0","3","3"
"当面赐给他","0","3","3"
"赐给他金鱼","0","3","3"
"给他金鱼袋","0","3","3"
"释放在押囚","0","3","3"
"放在押囚犯","0","3","3"
"有品级的官","0","3","3"
"他们的罪过","0","3","3"
"达到如此地","0","3","3"
"后一个多月","0","3","3"
"初入仕途任","0","3","3"
"任咸阳县尉","0","3","3"
"他母亲去世","0","3","3"
"标示五品以","0","3","3"
"示五品以上","0","3","3"
"上官阶的绯","0","3","3"
"以本官职任","0","3","3"
"宗很赞赏他","0","3","3"
"沙陀军逼近","0","3","3"
"升为开府仪","0","3","3"
"世代享受特","0","3","3"
"代享受特权","0","3","3"
"享受特权的","0","3","3"
"受特权的铁","0","3","3"
"特权的铁券","0","3","3"
"军队乘胜追","0","3","3"
"队乘胜追击","0","3","3"
"吐蕃侵犯边","0","3","3"
"实在是天下","0","3","3"
"天下百姓的","0","3","3"
"他的弟弟王","0","3","3"
"任郑滑节度","0","3","3"
"转任给事中","0","3","3"
"担任京兆尹","0","3","3"
"作为永久的","0","3","3"
"升为户部尚","0","3","3"
"太和九年六","0","3","3"
"升为尚书右","0","3","3"
"刻在石碑上","0","3","3"
"设置五经博","0","3","3"
"五经博士各","0","3","3"
"经博士各一","0","3","3"
"博士各一人","0","3","3"
"奏章请求免","0","3","3"
"免去宰相职","0","3","3"
"去宰相职务","0","3","3"
"弘文馆职务","0","3","3"
"他一个官职","0","3","3"
"文宗在紫宸","0","3","3"
"宗在紫宸殿","0","3","3"
"朝廷派御史","0","3","3"
"的妻子王氏","0","3","3"
"调出宫廷任","0","3","3"
"一举一动都","0","3","3"
"管户部事务","0","3","3"
"不久又改任","0","3","3"
"兼国子祭酒","0","3","3"
"任他为太子","0","3","3"
"委派令狐楚","0","3","3"
"汴州的军队","0","3","3"
"任湖州刺史","0","3","3"
"咸通十三年","0","3","3"
"参加科举考","0","3","3"
"加科举考试","0","3","3"
"念陛下的恩","0","3","3"
"有真才实学","0","3","3"
"升为右拾遗","0","3","3"
"他被提升为","0","3","3"
"晋封为郡公","0","3","3"
"关系到国家","0","3","3"
"吐蕃的维州","0","3","3"
"持节度事务","0","3","3"
"加封检校司","0","3","3"
"的东都尚书","0","3","3"
"的太子少保","0","3","3"
"升为太子少","0","3","3"
"州刺史官职","0","3","3"
"宪宗不得已","0","3","3"
"部尚书杨於","0","3","3"
"尚书杨於陵","0","3","3"
"引荐牛僧孺","0","3","3"
"李德裕执政","0","3","3"
"任用李宗闵","0","3","3"
"文贞公魏征","0","3","3"
"升为御史中","0","3","3"
"兼任户部侍","0","3","3"
"因此获罪被","0","3","3"
"持节度使事","0","3","3"
"参加州县的","0","3","3"
"在思政殿召","0","3","3"
"当时李德裕","0","3","3"
"全国各州府","0","3","3"
"以检校礼部","0","3","3"
"李宗闵一党","0","3","3"
"李德裕进言","0","3","3"
"德裕进言说","0","3","3"
"为袁州长史","0","3","3"
"升任太子宾","0","3","3"
"请求朝廷赐","0","3","3"
"不同于河朔","0","3","3"
"李德裕回答","0","3","3"
"德裕回答说","0","3","3"
"李德裕上奏","0","3","3"
"上表请求告","0","3","3"
"表请求告老","0","3","3"
"请求告老还","0","3","3"
"求告老还乡","0","3","3"
"贬为崖州司","0","3","3"
"至监察御史","0","3","3"
"夏商周三代","0","3","3"
"李程为左仆","0","3","3"
"程为左仆射","0","3","3"
"为河南少尹","0","3","3"
"彦威任检校","0","3","3"
"遭到人们的","0","3","3"
"对宰臣们说","0","3","3"
"甫钅甫寸为","0","3","3"
"入朝拜吏部","0","3","3"
"朝拜吏部侍","0","3","3"
"兼徐州刺史","0","3","3"
"授检校吏部","0","3","3"
"授检校右仆","0","3","3"
"至殿中侍御","0","3","3"
"当时淮西节","0","3","3"
"为虔州司马","0","3","3"
"皇上派御史","0","3","3"
"受皇上恩宠","0","3","3"
"兼侍御史知","0","3","3"
"闻知他的名","0","3","3"
"知他的名声","0","3","3"
"李吉甫认为","0","3","3"
"为开州刺史","0","3","3"
"比部员外郎","0","3","3"
"节度使李钅","0","3","3"
"为颍川太守","0","3","3"
"时人所称道","0","3","3"
"兼判太常卿","0","3","3"
"自己的行为","0","3","3"
"为山南东道","0","3","3"
"娶公主为妻","0","3","3"
"赞善大夫于","0","3","3"
"善大夫于正","0","3","3"
"马都尉于季","0","3","3"
"都尉于季友","0","3","3"
"刘全谅去世","0","3","3"
"被贼人打败","0","3","3"
"坚决请求辞","0","3","3"
"当年十二月","0","3","3"
"皇上命太监","0","3","3"
"太常寺少卿","0","3","3"
"任蕲州刺史","0","3","3"
"上对宰相说","0","3","3"
"任太子侍读","0","3","3"
"任邓州刺史","0","3","3"
"在隋朝官至","0","3","3"
"不用打仗就","0","3","3"
"强大的军队","0","3","3"
"是保住了自","0","3","3"
"保住了自己","0","3","3"
"住了自己的","0","3","3"
"了自己的性","0","3","3"
"亲自率领三","0","3","3"
"没有一个不","0","3","3"
"分封诸侯的","0","3","3"
"向天下宣告","0","3","3"
"争先恐后地","0","3","3"
"洛阳城里的","0","3","3"
"知道了这件","0","3","3"
"道了这件事","0","3","3"
"王世充的兵","0","3","3"
"十多万人马","0","3","3"
"宇文化及到","0","3","3"
"自己的队伍","0","3","3"
"李密的士卒","0","3","3"
"高祖武德元","0","3","3"
"祖武德元年","0","3","3"
"王世充的部","0","3","3"
"世充的部队","0","3","3"
"唐高祖派遣","0","3","3"
"高祖派遣使","0","3","3"
"祖派遣使者","0","3","3"
"把他的首级","0","3","3"
"王羲之的书","0","3","3"
"羲之的书法","0","3","3"
"皇帝的殿廷","0","3","3"
"现在的起居","0","3","3"
"没有什么可","0","3","3"
"陛下难道不","0","3","3"
"采纳他的意","0","3","3"
"有一个儿子","0","3","3"
"薛延陀派遣","0","3","3"
"美好的声誉","0","3","3"
"杀他的君主","0","3","3"
"人们所说的","0","3","3"
"遣使者进贡","0","3","3"
"很远的地方","0","3","3"
"一年的开始","0","3","3"
"则天为皇后","0","3","3"
"议论这件事","0","3","3"
"为潭州都督","0","3","3"
"年六十二岁","0","3","3"
"说长孙无忌","0","3","3"
"朝散大夫之","0","3","3"
"散大夫之职","0","3","3"
"任朝议大夫","0","3","3"
"听到他们的","0","3","3"
"发表意见说","0","3","3"
"对左右的人","0","3","3"
"左右的人说","0","3","3"
"是什么原因","0","3","3"
"任文昌左丞","0","3","3"
"太宗贞观初","0","3","3"
"宗贞观初年","0","3","3"
"以明经科中","0","3","3"
"拜监察御史","0","3","3"
"贞观年间为","0","3","3"
"当时人们议","0","3","3"
"时人们议论","0","3","3"
"宗立为太子","0","3","3"
"其他职务如","0","3","3"
"他职务如故","0","3","3"
"也没有什么","0","3","3"
"擅长写文章","0","3","3"
"文化及在江","0","3","3"
"化及在江都","0","3","3"
"文化及杀害","0","3","3"
"听到他的名","0","3","3"
"文德皇后去","0","3","3"
"德皇后去世","0","3","3"
"太子留守定","0","3","3"
"子留守定州","0","3","3"
"为内史舍人","0","3","3"
"给长孙无忌","0","3","3"
"请求辞官退","0","3","3"
"求辞官退休","0","3","3"
"令文武百官","0","3","3"
"他陪葬在昭","0","3","3"
"陪葬在昭陵","0","3","3"
"职银青光禄","0","3","3"
"太子的时候","0","3","3"
"同意他的意","0","3","3"
"意他的意见","0","3","3"
"为潮州刺史","0","3","3"
"兼主管左史","0","3","3"
"过了一段时","0","3","3"
"了一段时间","0","3","3"
"地方的官员","0","3","3"
"选拔人才的","0","3","3"
"武则天命令","0","3","3"
"长一段时间","0","3","3"
"任命他为殿","0","3","3"
"命他为殿中","0","3","3"
"禄大夫的荣","0","3","3"
"大夫的荣誉","0","3","3"
"夫的荣誉职","0","3","3"
"迁任吏部尚","0","3","3"
"立李忠为太","0","3","3"
"李忠为太子","0","3","3"
"五品以上子","0","3","3"
"迁徙到黔州","0","3","3"
"时年仅二十","0","3","3"
"的第五个儿","0","3","3"
"宗都同意了","0","3","3"
"宗到东都洛","0","3","3"
"太子到东都","0","3","3"
"大将军官职","0","3","3"
"贤为皇太子","0","3","3"
"令左屯卫将","0","3","3"
"左屯卫将军","0","3","3"
"温王重茂为","0","3","3"
"躲藏在山谷","0","3","3"
"收集逃散的","0","3","3"
"集逃散的士","0","3","3"
"逃散的士卒","0","3","3"
"窦建德的将","0","3","3"
"等人一起商","0","3","3"
"粮食吃光了","0","3","3"
"开始不同意","0","3","3"
"当时左仆射","0","3","3"
"任天官员外","0","3","3"
"任卫尉少卿","0","3","3"
"任沧州刺史","0","3","3"
"禄大夫之荣","0","3","3"
"大夫之荣誉","0","3","3"
"夫之荣誉职","0","3","3"
"又调任吏部","0","3","3"
"升为中书舍","0","3","3"
"皇上很高兴","0","3","3"
"授为朝散大","0","3","3"
"乌苏米施可","0","3","3"
"苏米施可汗","0","3","3"
"余官职如故","0","3","3"
"讨伐吐谷浑","0","3","3"
"上下诏命令","0","3","3"
"上奏请求将","0","3","3"
"当时人所称","0","3","3"
"为凤阁舍人","0","3","3"
"他们所在的","0","3","3"
"享年六十一","0","3","3"
"在家中去世","0","3","3"
"予紫金鱼袋","0","3","3"
"任太子詹事","0","3","3"
"升为黄门侍","0","3","3"
"充任礼仪使","0","3","3"
"为度支郎中","0","3","3"
"与虢国夫人","0","3","3"
"次在皇上面","0","3","3"
"哥舒翰驻守","0","3","3"
"舒翰驻守潼","0","3","3"
"翰驻守潼关","0","3","3"
"到咸阳望贤","0","3","3"
"因为杨国忠","0","3","3"
"封为郑国公","0","3","3"
"加封开府仪","0","3","3"
"封开府仪同","0","3","3"
"封为西平郡","0","3","3"
"为西平郡王","0","3","3"
"安禄山谋反","0","3","3"
"杀杨国忠为","0","3","3"
"杨国忠为名","0","3","3"
"诛杀杨国忠","0","3","3"
"他的父亲李","0","3","3"
"讨伐王世充","0","3","3"
"少数民族首","0","3","3"
"数民族首领","0","3","3"
"唐军驻扎在","0","3","3"
"恐怕不是万","0","3","3"
"怕不是万全","0","3","3"
"不是万全之","0","3","3"
"李靖的军队","0","3","3"
"的奇珍异宝","0","3","3"
"班剑的仪仗","0","3","3"
"剑的仪仗队","0","3","3"
"山东发大水","0","3","3"
"讨伐宇文化","0","3","3"
"伐宇文化及","0","3","3"
"又跟从太宗","0","3","3"
"打败刘黑闼","0","3","3"
"的军队到了","0","3","3"
"的职务依旧","0","3","3"
"经过一个多","0","3","3"
"过一个多月","0","3","3"
"丽王高藏及","0","3","3"
"年七十六岁","0","3","3"
"中宗为庐陵","0","3","3"
"宗为庐陵王","0","3","3"
"皇帝的命令","0","3","3"
"被任命为太","0","3","3"
"采纳了这个","0","3","3"
"了这个意见","0","3","3"
"唐高祖平定","0","3","3"
"任命萧瑀为","0","3","3"
"炀帝大业年","0","3","3"
"帝大业年间","0","3","3"
"事情关系到","0","3","3"
"定王世充后","0","3","3"
"书右仆射官","0","3","3"
"右仆射官职","0","3","3"
"密封的奏章","0","3","3"
"也不能超过","0","3","3"
"像陈列在专","0","3","3"
"陈列在专为","0","3","3"
"列在专为表","0","3","3"
"在专为表彰","0","3","3"
"专为表彰功","0","3","3"
"表彰功臣而","0","3","3"
"建造的凌烟","0","3","3"
"造的凌烟阁","0","3","3"
"太宗御驾亲","0","3","3"
"宗御驾亲征","0","3","3"
"出家当和尚","0","3","3"
"安葬在太宗","0","3","3"
"葬在太宗为","0","3","3"
"在太宗为自","0","3","3"
"太宗为自己","0","3","3"
"宗为自己预","0","3","3"
"为自己预先","0","3","3"
"造的昭陵墓","0","3","3"
"的昭陵墓地","0","3","3"
"宋四通等人","0","3","3"
"高昌王麴文","0","3","3"
"昌王麴文泰","0","3","3"
"为忘年之交","0","3","3"
"他为行军司","0","3","3"
"武德九年六","0","3","3"
"德九年六月","0","3","3"
"太宗贞观元","0","3","3"
"宗贞观元年","0","3","3"
"宗祠庙里设","0","3","3"
"任祠部郎中","0","3","3"
"太宗派遣使","0","3","3"
"宗派遣使者","0","3","3"
"太宗被立为","0","3","3"
"封为齐国公","0","3","3"
"收纳一千三","0","3","3"
"纳一千三百","0","3","3"
"千三百户租","0","3","3"
"三百户租税","0","3","3"
"登上帝位的","0","3","3"
"和长孙无忌","0","3","3"
"了长孙无忌","0","3","3"
"南郊举行祭","0","3","3"
"长孙无忌坚","0","3","3"
"孙无忌坚决","0","3","3"
"无忌坚决辞","0","3","3"
"忠诚正直的","0","3","3"
"特殊的功勋","0","3","3"
"孙无忌为太","0","3","3"
"面对危难不","0","3","3"
"命令长孙无","0","3","3"
"任扬州都督","0","3","3"
"门下三品的","0","3","3"
"自古以来都","0","3","3"
"赐给他金银","0","3","3"
"跟长孙无忌","0","3","3"
"讨伐刘武周","0","3","3"
"命令尉迟敬","0","3","3"
"令尉迟敬德","0","3","3"
"对尉迟敬德","0","3","3"
"尉迟敬德也","0","3","3"
"等人的部队","0","3","3"
"到窦建德的","0","3","3"
"尉迟敬德又","0","3","3"
"报告了这事","0","3","3"
"知道他们的","0","3","3"
"骑兵去挑战","0","3","3"
"女儿嫁给了","0","3","3"
"的女儿高阳","0","3","3"
"女儿高阳公","0","3","3"
"儿高阳公主","0","3","3"
"辞官回家的","0","3","3"
"大大小小的","0","3","3"
"不到一个月","0","3","3"
"里头就包含","0","3","3"
"头就包含着","0","3","3"
"他们是可以","0","3","3"
"们是可以的","0","3","3"
"玄龄为太尉","0","3","3"
"担任御史大","0","3","3"
"正确的意见","0","3","3"
"夺百姓的财","0","3","3"
"百姓的财物","0","3","3"
"推算天文历","0","3","3"
"算天文历法","0","3","3"
"打败了叛军","0","3","3"
"带着几十个","0","3","3"
"着几十个人","0","3","3"
"死了一万多","0","3","3"
"领部队讨伐","0","3","3"
"大业十二年","0","3","3"
"吏部尚书的","0","3","3"
"打败宇文化","0","3","3"
"儿子王玄应","0","3","3"
"从此以后不","0","3","3"
"登上了皇帝","0","3","3"
"不少于一万","0","3","3"
"他哥哥的儿","0","3","3"
"武德四年二","0","3","3"
"德四年二月","0","3","3"
"唐朝廷的军","0","3","3"
"来显示自己","0","3","3"
"示自己的威","0","3","3"
"窦建德亲自","0","3","3"
"了这个建议","0","3","3"
"朝文武官员","0","3","3"
"王世充的包","0","3","3"
"世充的包围","0","3","3"
"兵一千多人","0","3","3"
"您为什么不","0","3","3"
"隋朝大业末","0","3","3"
"行宰相职权","0","3","3"
"科考试中举","0","3","3"
"众人都认为","0","3","3"
"又迁任中书","0","3","3"
"任开府仪同","0","3","3"
"任卫州刺史","0","3","3"
"在什么地方","0","3","3"
"在赴任途中","0","3","3"
"太平公主之","0","3","3"
"公主之子薛","0","3","3"
"左右仆射为","0","3","3"
"右仆射为左","0","3","3"
"仆射为左右","0","3","3"
"任杭州刺史","0","3","3"
"诛杀叛逆的","0","3","3"
"任代理宰相","0","3","3"
"兼检校兵部","0","3","3"
"之为中书令","0","3","3"
"年六十四岁","0","3","3"
"少年时代就","0","3","3"
"阿史那忠节","0","3","3"
"这不是国家","0","3","3"
"兼任太常卿","0","3","3"
"母亲去世离","0","3","3"
"亲去世离职","0","3","3"
"没有哪一个","0","3","3"
"有哪一个不","0","3","3"
"值班的卫士","0","3","3"
"阿史那都支","0","3","3"
"金木水火土","0","3","3"
"第七个儿子","0","3","3"
"临朝代行国","0","3","3"
"朝代行国政","0","3","3"
"外文武官员","0","3","3"
"崔玄日韦为","0","3","3"
"都给予银青","0","3","3"
"给予银青光","0","3","3"
"禄大夫的加","0","3","3"
"大夫的加官","0","3","3"
"州百姓免除","0","3","3"
"夏四月十六","0","3","3"
"唐休王景为","0","3","3"
"士子和庶民","0","3","3"
"公唐休王景","0","3","3"
"忠为中书令","0","3","3"
"亲自晋见太","0","3","3"
"自晋见太庙","0","3","3"
"闰二月一日","0","3","3"
"车驾返回京","0","3","3"
"不接受群臣","0","3","3"
"囚犯的罪状","0","3","3"
"内外官员不","0","3","3"
"上驾到安乐","0","3","3"
"驾到安乐公","0","3","3"
"赈济抚恤他","0","3","3"
"济抚恤他们","0","3","3"
"以下官员加","0","3","3"
"十月十八日","0","3","3"
"十岁以上的","0","3","3"
"皇上驾到玄","0","3","3"
"上驾到玄武","0","3","3"
"驾到玄武门","0","3","3"
"部侍郎崔氵","0","3","3"
"侍郎崔氵是","0","3","3"
"在东井星座","0","3","3"
"各州各设置","0","3","3"
"文武官员三","0","3","3"
"武官员三品","0","3","3"
"赐勋升一等","0","3","3"
"入吐蕃的使","0","3","3"
"命令中书门","0","3","3"
"文武三品以","0","3","3"
"武三品以上","0","3","3"
"品以上各司","0","3","3"
"以上各司长","0","3","3"
"上各司长官","0","3","3"
"不发布丧事","0","3","3"
"百官奉上谥","0","3","3"
"官奉上谥号","0","3","3"
"为冀州大都","0","3","3"
"武官三品以","0","3","3"
"为雍州长史","0","3","3"
"成为父亲的","0","3","3"
"孝敬皇帝的","0","3","3"
"设置太子左","0","3","3"
"四品以上加","0","3","3"
"又命令内外","0","3","3"
"命令内外官","0","3","3"
"令内外官员","0","3","3"
"品以上文武","0","3","3"
"年以前拖欠","0","3","3"
"都加以免除","0","3","3"
"八月十三日","0","3","3"
"亲自晋谒太","0","3","3"
"皇上才开始","0","3","3"
"官四品以下","0","3","3"
"三品以上加","0","3","3"
"皇上亲自到","0","3","3"
"还给他们的","0","3","3"
"安福门观看","0","3","3"
"每天在武德","0","3","3"
"天在武德殿","0","3","3"
"王氏为皇后","0","3","3"
"驾到延喜门","0","3","3"
"木栅栏遮拦","0","3","3"
"栅栏遮拦野","0","3","3"
"山大破突厥","0","3","3"
"穿青色官服","0","3","3"
"赋税徭役一","0","3","3"
"税徭役一年","0","3","3"
"遮拦野兽而","0","3","3"
"拦野兽而打","0","3","3"
"野兽而打猎","0","3","3"
"请求在泰山","0","3","3"
"他们的家属","0","3","3"
"使者救济抚","0","3","3"
"者救济抚恤","0","3","3"
"从九成宫回","0","3","3"
"九成宫回来","0","3","3"
"颁布新定的","0","3","3"
"大破吐谷浑","0","3","3"
"余官职依旧","0","3","3"
"主持门下省","0","3","3"
"门下省事务","0","3","3"
"冬十一月四","0","3","3"
"夏四月十日","0","3","3"
"上驾到明德","0","3","3"
"驾到明德宫","0","3","3"
"为蒲州刺史","0","3","3"
"酒食以祭祀","0","3","3"
"食以祭祀先","0","3","3"
"以祭祀先圣","0","3","3"
"访他们的后","0","3","3"
"上驾到洛阳","0","3","3"
"驾到洛阳宫","0","3","3"
"封为带方郡","0","3","3"
"秋七月十五","0","3","3"
"斩首级三千","0","3","3"
"穿狗皮铁爪","0","3","3"
"狗皮铁爪的","0","3","3"
"在南郊祭天","0","3","3"
"李责力为辽","0","3","3"
"责力为辽东","0","3","3"
"年春二月十","0","3","3"
"命有关部门","0","3","3"
"数也数不清","0","3","3"
"十一月七日","0","3","3"
"皇上驾到并","0","3","3"
"上驾到并州","0","3","3"
"因为犯罪被","0","3","3"
"情况赦免并","0","3","3"
"况赦免并州","0","3","3"
"闰三月一日","0","3","3"
"敌人首级五","0","3","3"
"人首级五千","0","3","3"
"秋八月五日","0","3","3"
"进贡土特产","0","3","3"
"泰山祭祀天","0","3","3"
"山祭祀天地","0","3","3"
"除去做官的","0","3","3"
"去做官的资","0","3","3"
"做官的资格","0","3","3"
"皇上亲自驾","0","3","3"
"上亲自驾临","0","3","3"
"九月二十一","0","3","3"
"率领精锐骑","0","3","3"
"领精锐骑兵","0","3","3"
"吐蕃入侵河","0","3","3"
"法令所不能","0","3","3"
"令所不能赦","0","3","3"
"所不能赦免","0","3","3"
"五品以上成","0","3","3"
"品以上成为","0","3","3"
"以上成为父","0","3","3"
"上成为父亲","0","3","3"
"为父亲继承","0","3","3"
"父亲继承人","0","3","3"
"亲继承人者","0","3","3"
"抛弃铠甲逃","0","3","3"
"春正月十二","0","3","3"
"贬为括州刺","0","3","3"
"为括州刺史","0","3","3"
"派使者来朝","0","3","3"
"毁坏了天津","0","3","3"
"人授予官职","0","3","3"
"上从温泉宫","0","3","3"
"这年冬天无","0","3","3"
"都加以宽恕","0","3","3"
"两京及天下","0","3","3"
"应命令有关","0","3","3"
"派礼部尚书","0","3","3"
"充军流放到","0","3","3"
"年春正月八","0","3","3"
"春正月八日","0","3","3"
"皇上到兴庆","0","3","3"
"春正月十九","0","3","3"
"正月十九日","0","3","3"
"皇上驾到华","0","3","3"
"上驾到华清","0","3","3"
"临含元殿接","0","3","3"
"御史大夫兼","0","3","3"
"十一月十二","0","3","3"
"一月十二日","0","3","3"
"整顿清理囚","0","3","3"
"顿清理囚徒","0","3","3"
"官府出钱雇","0","3","3"
"府出钱雇佣","0","3","3"
"出钱雇佣京","0","3","3"
"殿宴请群臣","0","3","3"
"安禄山攻陷","0","3","3"
"留守李忄登","0","3","3"
"为剑南节度","0","3","3"
"与贼将史思","0","3","3"
"命令高力士","0","3","3"
"任天下兵马","0","3","3"
"远近的人都","0","3","3"
"精锐骑兵三","0","3","3"
"并宣布政令","0","3","3"
"平定了霍邑","0","3","3"
"首级数千个","0","3","3"
"仅仅本人逃","0","3","3"
"仅本人逃脱","0","3","3"
"军队二万人","0","3","3"
"治国的关键","0","3","3"
"斩首级一千","0","3","3"
"首级一千多","0","3","3"
"级一千多个","0","3","3"
"冬十一月一","0","3","3"
"际封户一千","0","3","3"
"救国家的危","0","3","3"
"可于姓名前","0","3","3"
"皇上驾到朝","0","3","3"
"文武官员各","0","3","3"
"大风吹断了","0","3","3"
"风吹断了树","0","3","3"
"授为开府仪","0","3","3"
"年二十二岁","0","3","3"
"贼将孙儒攻","0","3","3"
"汴州将领朱","0","3","3"
"黄巢的贼军","0","3","3"
"朱全忠为检","0","3","3"
"全忠为检校","0","3","3"
"忠为检校太","0","3","3"
"军将士推举","0","3","3"
"本朝的旧例","0","3","3"
"列祖列宗的","0","3","3"
"圣明的时代","0","3","3"
"皇上驾临承","0","3","3"
"上驾临承天","0","3","3"
"驾临承天门","0","3","3"
"殿接受百官","0","3","3"
"向皇上敬献","0","3","3"
"署理中书令","0","3","3"
"李克用派大","0","3","3"
"克用派大将","0","3","3"
"担任节度使","0","3","3"
"度留后事务","0","3","3"
"李克用派遣","0","3","3"
"军被打得大","0","3","3"
"率领神策军","0","3","3"
"昭宗驾临安","0","3","3"
"任命德州刺","0","3","3"
"命德州刺史","0","3","3"
"充任义昌军","0","3","3"
"任义昌军节","0","3","3"
"太原军大将","0","3","3"
"七月十二日","0","3","3"
"太原军将领","0","3","3"
"汴州将领葛","0","3","3"
"州将领葛从","0","3","3"
"岐州的军队","0","3","3"
"南节度使的","0","3","3"
"在身的官职","0","3","3"
"追赠为司空","0","3","3"
"把军队驻扎","0","3","3"
"平章政事刘","0","3","3"
"向太原李克","0","3","3"
"原李克用求","0","3","3"
"担任中书侍","0","3","3"
"执掌度支事","0","3","3"
"打得大败而","0","3","3"
"兵马留后的","0","3","3"
"食邑增加到","0","3","3"
"派遣判官韦","0","3","3"
"的治所迁移","0","3","3"
"驾临安福门","0","3","3"
"皇上在内殿","0","3","3"
"上在内殿宴","0","3","3"
"在内殿宴请","0","3","3"
"部下的将领","0","3","3"
"皇上派中使","0","3","3"
"慈隰等州观","0","3","3"
"入朝觐见皇","0","3","3"
"殿宴请他们","0","3","3"
"薛王李知柔","0","3","3"
"王率领禁军","0","3","3"
"李克用的军","0","3","3"
"克用的军队","0","3","3"
"传送到皇上","0","3","3"
"请求皇上的","0","3","3"
"求皇上的车","0","3","3"
"上的车驾返","0","3","3"
"的车驾返回","0","3","3"
"千名骑兵前","0","3","3"
"恭为检校司","0","3","3"
"居于宰相之","0","3","3"
"充任清海军","0","3","3"
"三军拥立他","0","3","3"
"军拥立他的","0","3","3"
"为兵马留后","0","3","3"
"向朝廷进贡","0","3","3"
"京师附近地","0","3","3"
"师附近地区","0","3","3"
"前来朝见皇","0","3","3"
"皇上驻跸在","0","3","3"
"驻跸在华州","0","3","3"
"任命金紫光","0","3","3"
"命金紫光禄","0","3","3"
"决定任命兵","0","3","3"
"定任命兵部","0","3","3"
"太常寺礼院","0","3","3"
"决定朝议大","0","3","3"
"定朝议大夫","0","3","3"
"依照原来的","0","3","3"
"的军队来了","0","3","3"
"命检校司空","0","3","3"
"全忠的奏书","0","3","3"
"当时朱全忠","0","3","3"
"他的儿子刘","0","3","3"
"初一为戊戌","0","3","3"
"一为戊戌日","0","3","3"
"改年号为光","0","3","3"
"朱全忠上表","0","3","3"
"汴州军屯驻","0","3","3"
"州军屯驻在","0","3","3"
"照朱全忠的","0","3","3"
"上奏而任命","0","3","3"
"州军队发生","0","3","3"
"暂署兵部尚","0","3","3"
"署兵部尚书","0","3","3"
"任检校太师","0","3","3"
"三镇的军队","0","3","3"
"任检校太尉","0","3","3"
"十一月初十","0","3","3"
"为邕州刺史","0","3","3"
"各种各样的","0","3","3"
"领三万名士","0","3","3"
"决定任命朱","0","3","3"
"任命河阳节","0","3","3"
"的军队七万","0","3","3"
"十一月初七","0","3","3"
"朱全忠率军","0","3","3"
"文武百官在","0","3","3"
"朱全忠派判","0","3","3"
"全忠派判官","0","3","3"
"派谏议大夫","0","3","3"
"车驾驻跸于","0","3","3"
"车驾停驻在","0","3","3"
"管度支事务","0","3","3"
"正月二十九","0","3","3"
"殿宴请朱全","0","3","3"
"这是按照朱","0","3","3"
"回天再造竭","0","3","3"
"天再造竭忠","0","3","3"
"再造竭忠守","0","3","3"
"章政事裴枢","0","3","3"
"道观察使等","0","3","3"
"率领一万名","0","3","3"
"领一万名士","0","3","3"
"一万名士卒","0","3","3"
"因为朱全忠","0","3","3"
"部下的士兵","0","3","3"
"朱全忠发怒","0","3","3"
"礼仪结束之","0","3","3"
"仪结束之后","0","3","3"
"梁王朱全忠","0","3","3"
"皇上在崇勋","0","3","3"
"上在崇勋殿","0","3","3"
"在崇勋殿宴","0","3","3"
"崇勋殿宴请","0","3","3"
"今年四月十","0","3","3"
"署理御史中","0","3","3"
"为太中大夫","0","3","3"
"宗的第九个","0","3","3"
"的第九个儿","0","3","3"
"暂署河南尹","0","3","3"
"册封皇太后","0","3","3"
"太傅张廷范","0","3","3"
"宗皇帝安葬","0","3","3"
"以汝州刺史","0","3","3"
"朝内朝外的","0","3","3"
"内朝外的官","0","3","3"
"朝外的官员","0","3","3"
"合皇上的意","0","3","3"
"兼任兖州刺","0","3","3"
"起居舍人卢","0","3","3"
"二十五日举","0","3","3"
"十五日举行","0","3","3"
"依次减刑一","0","3","3"
"次减刑一等","0","3","3"
"天之内清查","0","3","3"
"在郊外祭天","0","3","3"
"十月九日在","0","3","3"
"五月二十四","0","3","3"
"上的车驾出","0","3","3"
"所经过的州","0","3","3"
"任尚书户部","0","3","3"
"交付河南府","0","3","3"
"诸道盐铁使","0","3","3"
"追封为魏王","0","3","3"
"送往河南府","0","3","3"
"往河南府处","0","3","3"
"正月十八日","0","3","3"
"不要使他们","0","3","3"
"四月二十六","0","3","3"
"闰十二月二","0","3","3"
"德三年为乾","0","3","3"
"以下加一级","0","3","3"
"授予下等州","0","3","3"
"予下等州郡","0","3","3"
"天下各州设","0","3","3"
"下各州设置","0","3","3"
"巨鹿男窦德","0","3","3"
"通行开元通","0","3","3"
"有彗星出现","0","3","3"
"彗星出现于","0","3","3"
"奉上封章奏","0","3","3"
"星出现在东","0","3","3"
"为安东都护","0","3","3"
"水泛滥猛涨","0","3","3"
"漂走了百姓","0","3","3"
"慰问赈贷救","0","3","3"
"问赈贷救济","0","3","3"
"海都护府为","0","3","3"
"皇上到东都","0","3","3"
"夏四月十七","0","3","3"
"四月十七日","0","3","3"
"九月二十七","0","3","3"
"皇太子代管","0","3","3"
"太子代管国","0","3","3"
"车驾回到京","0","3","3"
"淹没居民六","0","3","3"
"没居民六百","0","3","3"
"屋脊上的装","0","3","3"
"脊上的装饰","0","3","3"
"皇上回京师","0","3","3"
"上亲自制作","0","3","3"
"白星进入东","0","3","3"
"星进入东井","0","3","3"
"进入东井星","0","3","3"
"信前来朝见","0","3","3"
"吐蕃派遣他","0","3","3"
"蕃派遣他的","0","3","3"
"入朝贡献土","0","3","3"
"朝贡献土特","0","3","3"
"号称为二圣","0","3","3"
"下诏书命令","0","3","3"
"加谥号为孝","0","3","3"
"依照原来一","0","3","3"
"照原来一样","0","3","3"
"仍依照先前","0","3","3"
"皇上回东都","0","3","3"
"侵犯轩辕星","0","3","3"
"能胜任将帅","0","3","3"
"大概是上天","0","3","3"
"达到这样的","0","3","3"
"吐蕃赞普去","0","3","3"
"蕃赞普去世","0","3","3"
"仪凤四年为","0","3","3"
"凤四年为调","0","3","3"
"四年为调露","0","3","3"
"年为调露元","0","3","3"
"为调露元年","0","3","3"
"衙门三品以","0","3","3"
"门三品以上","0","3","3"
"官俸以外的","0","3","3"
"以外的食料","0","3","3"
"外的食料钱","0","3","3"
"把首级传送","0","3","3"
"大破吐蕃军","0","3","3"
"为衡州刺史","0","3","3"
"王李哲为皇","0","3","3"
"李哲为皇太","0","3","3"
"哲为皇太子","0","3","3"
"皇上命令将","0","3","3"
"应该免除两","0","3","3"
"该免除两年","0","3","3"
"遭水灾之处","0","3","3"
"游手好闲的","0","3","3"
"酒食以祭奠","0","3","3"
"食以祭奠先","0","3","3"
"以祭奠先圣","0","3","3"
"平公主下嫁","0","3","3"
"皇太子代行","0","3","3"
"危害了庄稼","0","3","3"
"吏士兵等人","0","3","3"
"因为是荒年","0","3","3"
"薛元超等人","0","3","3"
"居民一千多","0","3","3"
"皇上诏令各","0","3","3"
"人民闹饥荒","0","3","3"
"突厥入侵定","0","3","3"
"厥入侵定州","0","3","3"
"军程务挺率","0","3","3"
"程务挺率兵","0","3","3"
"率兵讨伐他","0","3","3"
"命皇太子代","0","3","3"
"第三个儿子","0","3","3"
"跟从皇上到","0","3","3"
"为卫尉少卿","0","3","3"
"临朝代行皇","0","3","3"
"朝代行皇帝","0","3","3"
"月二十日夜","0","3","3"
"将他们斩首","0","3","3"
"按等级赐物","0","3","3"
"元二年春正","0","3","3"
"从去年秋天","0","3","3"
"去年秋天到","0","3","3"
"年秋天到这","0","3","3"
"秋天到这月","0","3","3"
"天到这月不","0","3","3"
"到这月不下","0","3","3"
"这月不下雨","0","3","3"
"军队以讨伐","0","3","3"
"为泽州刺史","0","3","3"
"免去知政事","0","3","3"
"罪以下囚徒","0","3","3"
"正月二十日","0","3","3"
"从温汤回宫","0","3","3"
"夏四月十五","0","3","3"
"死罪降为流","0","3","3"
"罪降为流放","0","3","3"
"罪犯全部赦","0","3","3"
"犯全部赦免","0","3","3"
"从东都出发","0","3","3"
"元十四年春","0","3","3"
"拔起了树木","0","3","3"
"秋八月八日","0","3","3"
"诸军节度使","0","3","3"
"以下罪犯都","0","3","3"
"下罪犯都宽","0","3","3"
"罪犯都宽恕","0","3","3"
"十二月六日","0","3","3"
"内死罪以下","0","3","3"
"流放以下罪","0","3","3"
"太尉的加官","0","3","3"
"国都派遣使","0","3","3"
"大会饮七天","0","3","3"
"民间大宴饮","0","3","3"
"大宴饮九天","0","3","3"
"十八名将军","0","3","3"
"皇上驾到兴","0","3","3"
"改为现在的","0","3","3"
"为现在的名","0","3","3"
"诏令郭子仪","0","3","3"
"郭子仪等人","0","3","3"
"册封回纥可","0","3","3"
"封回纥可汗","0","3","3"
"皇上诏令宰","0","3","3"
"德二年春正","0","3","3"
"接受贼人伪","0","3","3"
"受贼人伪官","0","3","3"
"司徒的加官","0","3","3"
"上驾到明凤","0","3","3"
"驾到明凤门","0","3","3"
"以太常少卿","0","3","3"
"他们的情况","0","3","3"
"主下嫁给回","0","3","3"
"下嫁给回纥","0","3","3"
"五品以上者","0","3","3"
"史思明在魏","0","3","3"
"思明在魏州","0","3","3"
"卿为太子太","0","3","3"
"远远地流放","0","3","3"
"远地流放到","0","3","3"
"二十二日夜","0","3","3"
"以右羽林大","0","3","3"
"史朝义率领","0","3","3"
"州的节度使","0","3","3"
"被赐以自杀","0","3","3"
"上奏说攻破","0","3","3"
"节度使来王","0","3","3"
"贬为施州刺","0","3","3"
"为施州刺史","0","3","3"
"节度使观察","0","3","3"
"度使观察使","0","3","3"
"赐给他们的","0","3","3"
"凌烟阁上画","0","3","3"
"蕃入侵泾州","0","3","3"
"上亲自在太","0","3","3"
"兼任较低的","0","3","3"
"选拔科举人","0","3","3"
"拔科举人才","0","3","3"
"京城附近地","0","3","3"
"城附近地区","0","3","3"
"大米一斗一","0","3","3"
"一斗一千文","0","3","3"
"在集贤院待","0","3","3"
"以尚书右仆","0","3","3"
"以上万来计","0","3","3"
"上万来计算","0","3","3"
"仆固怀恩的","0","3","3"
"以刑部侍郎","0","3","3"
"永远成为常","0","3","3"
"远成为常规","0","3","3"
"州郡的刺史","0","3","3"
"皇上命令宰","0","3","3"
"上命令宰辅","0","3","3"
"和他的儿子","0","3","3"
"驾到昆明池","0","3","3"
"田神功前来","0","3","3"
"神功前来朝","0","3","3"
"功前来朝见","0","3","3"
"为永州司马","0","3","3"
"在私人府第","0","3","3"
"为剑南东川","0","3","3"
"京师解除戒","0","3","3"
"师解除戒严","0","3","3"
"亮遮掩了毕","0","3","3"
"遮掩了毕星","0","3","3"
"予检校工部","0","3","3"
"工部尚书的","0","3","3"
"以幽州节度","0","3","3"
"派遣兵部侍","0","3","3"
"州攻破吐蕃","0","3","3"
"荧惑星进入","0","3","3"
"以宁节度使","0","3","3"
"重又恢复为","0","3","3"
"在京城附近","0","3","3"
"下等田每亩","0","3","3"
"为虔州刺史","0","3","3"
"以防备吐蕃","0","3","3"
"澧州刺史杨","0","3","3"
"充任浙西观","0","3","3"
"月亮掩盖了","0","3","3"
"月亮进入羽","0","3","3"
"亮进入羽林","0","3","3"
"入羽林星座","0","3","3"
"以商州刺史","0","3","3"
"充任昭义节","0","3","3"
"马燧任检校","0","3","3"
"派遣谏议大","0","3","3"
"任节度留后","0","3","3"
"等人的军队","0","3","3"
"田悦军大败","0","3","3"
"的侄儿田悦","0","3","3"
"尚书刘晏审","0","3","3"
"书刘晏审讯","0","3","3"
"给事中杜亚","0","3","3"
"攻破了吐蕃","0","3","3"
"俸以外的料","0","3","3"
"以外的料钱","0","3","3"
"共二十六万","0","3","3"
"兼任州刺史","0","3","3"
"任安南都护","0","3","3"
"部侍郎兼任","0","3","3"
"科举选拔之","0","3","3"
"举选拔之事","0","3","3"
"初一为庚戌","0","3","3"
"一为庚戌日","0","3","3"
"部尚书郑纟","0","3","3"
"尚书郑纟因","0","3","3"
"书郑纟因为","0","3","3"
"初一为戊申","0","3","3"
"一为戊申日","0","3","3"
"度使郭钊为","0","3","3"
"部侍郎王起","0","3","3"
"就近安置的","0","3","3"
"度使薛平为","0","3","3"
"薛平为检校","0","3","3"
"观看舟船竞","0","3","3"
"看舟船竞渡","0","3","3"
"崔元略为户","0","3","3"
"元略为户部","0","3","3"
"长生不老之","0","3","3"
"初一为庚子","0","3","3"
"一为庚子日","0","3","3"
"免为太子少","0","3","3"
"初一为丙申","0","3","3"
"一为丙申日","0","3","3"
"前任东都留","0","3","3"
"初一为甲午","0","3","3"
"一为甲午日","0","3","3"
"以前任江西","0","3","3"
"州重新设置","0","3","3"
"前任福建观","0","3","3"
"初一为庚申","0","3","3"
"一为庚申日","0","3","3"
"初一为戊子","0","3","3"
"一为戊子日","0","3","3"
"初一为戊午","0","3","3"
"一为戊午日","0","3","3"
"初一为丙戌","0","3","3"
"一为丙戌日","0","3","3"
"初一为丙辰","0","3","3"
"一为丙辰日","0","3","3"
"中派出使者","0","3","3"
"邻近的藩镇","0","3","3"
"七县发生水","0","3","3"
"初一为辛巳","0","3","3"
"一为辛巳日","0","3","3"
"书令狐楚为","0","3","3"
"李听为太子","0","3","3"
"川奏报南诏","0","3","3"
"节度使工作","0","3","3"
"奏报南诏军","0","3","3"
"命太子少师","0","3","3"
"任坊节度使","0","3","3"
"原河中节度","0","3","3"
"出任福建观","0","3","3"
"天到中书省","0","3","3"
"从内库拨出","0","3","3"
"取消元旦朝","0","3","3"
"发放救济粮","0","3","3"
"州发生兵变","0","3","3"
"兼太子太师","0","3","3"
"宗在麟德殿","0","3","3"
"节度使高王","0","3","3"
"度使高王禹","0","3","3"
"原尚书右丞","0","3","3"
"大和四年十","0","3","3"
"和四年十一","0","3","3"
"调右金吾卫","0","3","3"
"原凤翔节度","0","3","3"
"原泾原节度","0","3","3"
"任四镇北庭","0","3","3"
"各位亲王的","0","3","3"
"亲王的女儿","0","3","3"
"调原刑部尚","0","3","3"
"任泾州刺史","0","3","3"
"任原御史大","0","3","3"
"原御史大夫","0","3","3"
"原礼部尚书","0","3","3"
"任镇海军节","0","3","3"
"出任天平军","0","3","3"
"原吏部侍郎","0","3","3"
"李宗闵降职","0","3","3"
"宗闵降职为","0","3","3"
"初一为甲辰","0","3","3"
"一为甲辰日","0","3","3"
"降职为虔州","0","3","3"
"职同中书门","0","3","3"
"令大赦天下","0","3","3"
"为华州防御","0","3","3"
"任较小职务","0","3","3"
"以太子太保","0","3","3"
"并充任宣武","0","3","3"
"御史台上奏","0","3","3"
"的度支使王","0","3","3"
"上所撰写的","0","3","3"
"以凭本官职","0","3","3"
"皇上驾到十","0","3","3"
"上驾到十六","0","3","3"
"驾到十六宅","0","3","3"
"群臣在曲江","0","3","3"
"在曲江宴会","0","3","3"
"损坏了房屋","0","3","3"
"邕王李讠原","0","3","3"
"韵十二句赐","0","3","3"
"十二句赐给","0","3","3"
"二句赐给群","0","3","3"
"句赐给群臣","0","3","3"
"向皇上报告","0","3","3"
"为扬州长史","0","3","3"
"上表请求皇","0","3","3"
"务较低的度","0","3","3"
"由尚书左丞","0","3","3"
"太子宾客于","0","3","3"
"马燧在延英","0","3","3"
"燧在延英殿","0","3","3"
"皇上诏令在","0","3","3"
"为秦州刺史","0","3","3"
"官一月的薪","0","3","3"
"韦皋上奏说","0","3","3"
"司徒兼侍中","0","3","3"
"门下两省供","0","3","3"
"下两省供奉","0","3","3"
"皇上诏令因","0","3","3"
"辞官的太子","0","3","3"
"官的太子少","0","3","3"
"在麟德殿前","0","3","3"
"命令宰辅大","0","3","3"
"州升格为大","0","3","3"
"升格为大都","0","3","3"
"格为大都督","0","3","3"
"中和节宴会","0","3","3"
"因为年成不","0","3","3"
"为年成不好","0","3","3"
"以河阳三城","0","3","3"
"贞元十六年","0","3","3"
"国王派遣使","0","3","3"
"皇上在马瞞","0","3","3"
"给事中许孟","0","3","3"
"在马瞞山池","0","3","3"
"秋七月十日","0","3","3"
"隶属于夏州","0","3","3"
"皇太子即皇","0","3","3"
"太子即皇帝","0","3","3"
"子即皇帝位","0","3","3"
"年二十七岁","0","3","3"
"礼部贡举的","0","3","3"
"任命兵部员","0","3","3"
"命兵部员外","0","3","3"
"康承训率领","0","3","3"
"蝗灾和旱灾","0","3","3"
"所率领的军","0","3","3"
"部侍郎萧亻","0","3","3"
"侍郎萧亻放","0","3","3"
"的官员应当","0","3","3"
"的父亲令狐","0","3","3"
"各道观察使","0","3","3"
"的除陌钱中","0","3","3"
"分出十五文","0","3","3"
"取的除陌钱","0","3","3"
"九月分两次","0","3","3"
"使卢简方为","0","3","3"
"以本职任中","0","3","3"
"本职任中书","0","3","3"
"职任中书门","0","3","3"
"皇帝下诏说","0","3","3"
"他的首级传","0","3","3"
"级传送到京","0","3","3"
"从咸通五年","0","3","3"
"年正月以后","0","3","3"
"仍旧和原来","0","3","3"
"旧和原来一","0","3","3"
"被贼军俘获","0","3","3"
"停止元旦的","0","3","3"
"止元旦的朝","0","3","3"
"管东都的事","0","3","3"
"东都的事务","0","3","3"
"皇上下诏给","0","3","3"
"现在已经十","0","3","3"
"除了十恶不","0","3","3"
"了十恶不赦","0","3","3"
"恶不赦的忤","0","3","3"
"不赦的忤逆","0","3","3"
"赦的忤逆大","0","3","3"
"的忤逆大罪","0","3","3"
"把他押送到","0","3","3"
"求治理国家","0","3","3"
"下两省的官","0","3","3"
"两省的官员","0","3","3"
"向皇帝敬奉","0","3","3"
"他是韦殷裕","0","3","3"
"是韦殷裕的","0","3","3"
"为郴州刺史","0","3","3"
"在延英殿当","0","3","3"
"延英殿当面","0","3","3"
"逃亡在外的","0","3","3"
"各道的州府","0","3","3"
"暂时处理军","0","3","3"
"时处理军国","0","3","3"
"十一月初五","0","3","3"
"请求离任退","0","3","3"
"求离任退休","0","3","3"
"掌管内枢密","0","3","3"
"担任吏部侍","0","3","3"
"命左金吾卫","0","3","3"
"为秘书省校","0","3","3"
"任兵部员外","0","3","3"
"使曹全曰政","0","3","3"
"所到之处都","0","3","3"
"任命陈州刺","0","3","3"
"命陈州刺史","0","3","3"
"担任河东节","0","3","3"
"黄巢的部众","0","3","3"
"自己的部下","0","3","3"
"他们向朝廷","0","3","3"
"被沙陀军击","0","3","3"
"沙陀军击败","0","3","3"
"十二月初五","0","3","3"
"陈景思率领","0","3","3"
"请求赦免李","0","3","3"
"雁门以北行","0","3","3"
"门以北行营","0","3","3"
"李克用前往","0","3","3"
"皇上的诏命","0","3","3"
"上的车驾到","0","3","3"
"同原来一样","0","3","3"
"击败贼军的","0","3","3"
"田令孜因为","0","3","3"
"更严重的了","0","3","3"
"州贼将秦宗","0","3","3"
"贼将秦宗权","0","3","3"
"上驻跸的地","0","3","3"
"封为陇西郡","0","3","3"
"为幽州留后","0","3","3"
"驱逐其主帅","0","3","3"
"任退休的太","0","3","3"
"退休的太子","0","3","3"
"偏将毕师铎","0","3","3"
"十一个祭室","0","3","3"
"生在长安皇","0","3","3"
"在长安皇宫","0","3","3"
"年五月二十","0","3","3"
"每年进贡的","0","3","3"
"如原来一样","0","3","3"
"太傅的职衔","0","3","3"
"分别隶属于","0","3","3"
"别隶属于各","0","3","3"
"史台五品以","0","3","3"
"台五品以上","0","3","3"
"令狐山亘为","0","3","3"
"节度使的职","0","3","3"
"等待皇上诏","0","3","3"
"与吐蕃宰相","0","3","3"
"没有安宁的","0","3","3"
"李怀光兼任","0","3","3"
"检校司徒的","0","3","3"
"校司徒的职","0","3","3"
"度支使杜佑","0","3","3"
"为归州刺史","0","3","3"
"兵援救田悦","0","3","3"
"任度支使赵","0","3","3"
"相尚结赞在","0","3","3"
"李希烈的将","0","3","3"
"给事中孔巢","0","3","3"
"谥号为忠烈","0","3","3"
"等到朱氵此","0","3","3"
"讨伐李怀光","0","3","3"
"破李希烈的","0","3","3"
"尚结赞在平","0","3","3"
"结赞在平凉","0","3","3"
"可汗派遣使","0","3","3"
"皇上对宰臣","0","3","3"
"上对宰臣说","0","3","3"
"星靠近太微","0","3","3"
"八月二十日","0","3","3"
"度使袁滋为","0","3","3"
"为魏博节度","0","3","3"
"使李夷简为","0","3","3"
"李夷简为检","0","3","3"
"夷简为检校","0","3","3"
"为坊观察使","0","3","3"
"本管区经略","0","3","3"
"管区经略招","0","3","3"
"区经略招讨","0","3","3"
"在曲江亭向","0","3","3"
"为右卫将军","0","3","3"
"任命福建观","0","3","3"
"命福建观察","0","3","3"
"拖欠未交的","0","3","3"
"常平义仓的","0","3","3"
"平义仓的粮","0","3","3"
"义仓的粮食","0","3","3"
"月亮靠近心","0","3","3"
"亮靠近心宿","0","3","3"
"靠近心宿的","0","3","3"
"心宿的大星","0","3","3"
"部侍郎杨於","0","3","3"
"侍郎杨於陵","0","3","3"
"镇国军使等","0","3","3"
"田弘正为检","0","3","3"
"弘正为检校","0","3","3"
"掌诏令文书","0","3","3"
"朕继承皇帝","0","3","3"
"尚书韩皋为","0","3","3"
"任命朝议郎","0","3","3"
"国派遣使臣","0","3","3"
"拨出内库的","0","3","3"
"讨伐王承宗","0","3","3"
"月初五夜间","0","3","3"
"遣使臣前来","0","3","3"
"月亮掩蔽心","0","3","3"
"充任已故皇","0","3","3"
"兴安门接受","0","3","3"
"临幸丹凤楼","0","3","3"
"为德州刺史","0","3","3"
"使李朔心为","0","3","3"
"任命田弘正","0","3","3"
"田弘正上奏","0","3","3"
"弘正上奏说","0","3","3"
"向皇上道贺","0","3","3"
"赐予不同数","0","3","3"
"了他的儿子","0","3","3"
"任命工部尚","0","3","3"
"任命国子祭","0","3","3"
"命国子祭酒","0","3","3"
"九月三十日","0","3","3"
"恳切地劝谏","0","3","3"
"书门下省上","0","3","3"
"下省上奏说","0","3","3"
"的乌介可汗","0","3","3"
"将以上情况","0","3","3"
"州军队作乱","0","3","3"
"携带诏书前","0","3","3"
"本月十六日","0","3","3"
"过了一个月","0","3","3"
"皇帝派宦官","0","3","3"
"令百官尽情","0","3","3"
"给事中韦弘","0","3","3"
"贬谪流放的","0","3","3"
"门下两省官","0","3","3"
"下两省官员","0","3","3"
"令门下侍郎","0","3","3"
"吐蕃的使臣","0","3","3"
"庆州节度使","0","3","3"
"任命武宁军","0","3","3"
"命武宁军节","0","3","3"
"赵州等州观","0","3","3"
"临幸华清宫","0","3","3"
"靠近太微西","0","3","3"
"七月初一是","0","3","3"
"尚书省事务","0","3","3"
"朱克融的军","0","3","3"
"克融的军队","0","3","3"
"李光颜为忠","0","3","3"
"光颜为忠武","0","3","3"
"皇上驾临通","0","3","3"
"上驾临通化","0","3","3"
"而不接受朝","0","3","3"
"月初一是辛","0","3","3"
"青的李师古","0","3","3"
"宗亲临丹凤","0","3","3"
"教坊的音乐","0","3","3"
"坊的音乐歌","0","3","3"
"的音乐歌舞","0","3","3"
"皇太子李纯","0","3","3"
"追认已故的","0","3","3"
"氏批准为昭","0","3","3"
"蕃的使者论","0","3","3"
"元和元年正","0","3","3"
"和元年正月","0","3","3"
"池三州观察","0","3","3"
"三州观察使","0","3","3"
"授予同中书","0","3","3"
"音乐歌舞艺","0","3","3"
"乐歌舞艺人","0","3","3"
"叔文交往密","0","3","3"
"文交往密切","0","3","3"
"交往密切而","0","3","3"
"往密切而获","0","3","3"
"武元衡禀奏","0","3","3"
"轮流值班的","0","3","3"
"六月初一日","0","3","3"
"朝廷内外文","0","3","3"
"廷内外文武","0","3","3"
"军节度使和","0","3","3"
"河中府尹和","0","3","3"
"扣除一个月","0","3","3"
"任命为京兆","0","3","3"
"命为京兆府","0","3","3"
"亲临宣政殿","0","3","3"
"用刑杖打死","0","3","3"
"归顺了朝廷","0","3","3"
"追认已故太","0","3","3"
"月初一是庚","0","3","3"
"节度使卢从","0","3","3"
"度使卢从史","0","3","3"
"每收纳实际","0","3","3"
"户一百户的","0","3","3"
"一百户的赋","0","3","3"
"百户的赋税","0","3","3"
"一年供给布","0","3","3"
"年供给布帛","0","3","3"
"一样对待他","0","3","3"
"宗十分高兴","0","3","3"
"一品以下官","0","3","3"
"不久被任命","0","3","3"
"久被任命为","0","3","3"
"立晋王为皇","0","3","3"
"晋王为皇太","0","3","3"
"赠申国公高","0","3","3"
"赠蒋国公屈","0","3","3"
"公屈突通为","0","3","3"
"屈突通为左","0","3","3"
"突通为左仆","0","3","3"
"通为左仆射","0","3","3"
"都可在太宗","0","3","3"
"可在太宗庙","0","3","3"
"在太宗庙庭","0","3","3"
"太宗庙庭配","0","3","3"
"宗庙庭配祭","0","3","3"
"艹县公高季","0","3","3"
"中兼太子詹","0","3","3"
"公宇文节发","0","3","3"
"宇文节发配","0","3","3"
"文节发配到","0","3","3"
"节发配到桂","0","3","3"
"李责力为司","0","3","3"
"责力为司空","0","3","3"
"命令司空李","0","3","3"
"令司空李责","0","3","3"
"杨氏改封为","0","3","3"
"中书令来济","0","3","3"
"命为太子宾","0","3","3"
"冬十一月五","0","3","3"
"公许敬宗为","0","3","3"
"大多加以宽","0","3","3"
"多加以宽恕","0","3","3"
"兼检校御史","0","3","3"
"等级赐予绸","0","3","3"
"级赐予绸缎","0","3","3"
"地位在王公","0","3","3"
"为扬州都督","0","3","3"
"按官阶等级","0","3","3"
"官阶等级赐","0","3","3"
"阶等级赐予","0","3","3"
"了解的情况","0","3","3"
"殷王旭轮为","0","3","3"
"皇太子前来","0","3","3"
"太子前来朝","0","3","3"
"子前来朝见","0","3","3"
"冬十月十三","0","3","3"
"史思明攻陷","0","3","3"
"年三月一日","0","3","3"
"于是修建池","0","3","3"
"跟随安禄山","0","3","3"
"就是大自然","0","3","3"
"向皇帝奏报","0","3","3"
"老年反而更","0","3","3"
"年反而更加","0","3","3"
"就任命他为","0","3","3"
"有多余的财","0","3","3"
"纵容其子伯","0","3","3"
"容其子伯和","0","3","3"
"其子伯和等","0","3","3"
"沂兖海观察","0","3","3"
"导致的结果","0","3","3"
"是理所当然","0","3","3"
"此为元稹不","0","3","3"
"为元稹不可","0","3","3"
"元稹不可降","0","3","3"
"稹不可降职","0","3","3"
"不可降职的","0","3","3"
"可降职的理","0","3","3"
"降职的理由","0","3","3"
"职的理由之","0","3","3"
"杭州刺史任","0","3","3"
"州刺史任满","0","3","3"
"薛怀义担任","0","3","3"
"从哪里来的","0","3","3"
"任司农少卿","0","3","3"
"吐蕃的军队","0","3","3"
"任命他为左","0","3","3"
"肃宗至德二","0","3","3"
"宗至德二年","0","3","3"
"至德二年正","0","3","3"
"肃宗乾元二","0","3","3"
"宗乾元二年","0","3","3"
"升为大将军","0","3","3"
"郭子仪率领","0","3","3"
"陈希烈以下","0","3","3"
"事被免去官","0","3","3"
"是大自然的","0","3","3"
"管辖的地区","0","3","3"
"皇帝逃到奉","0","3","3"
"帝逃到奉天","0","3","3"
"皇帝下诏加","0","3","3"
"帝下诏加封","0","3","3"
"他们的军队","0","3","3"
"立牌坊赐匾","0","3","3"
"牌坊赐匾额","0","3","3"
"考中了进士","0","3","3"
"于是上奏说","0","3","3"
"皇帝停止上","0","3","3"
"帝停止上朝","0","3","3"
"李晟的意见","0","3","3"
"李晟为太尉","0","3","3"
"任命李晟为","0","3","3"
"请求裁减官","0","3","3"
"求裁减官员","0","3","3"
"封段秀实为","0","3","3"
"任命段秀实","0","3","3"
"任节度判官","0","3","3"
"加封为检校","0","3","3"
"年少时学习","0","3","3"
"攻陷了洛阳","0","3","3"
"李辅国讨厌","0","3","3"
"任命韦皋为","0","3","3"
"入吐蕃境内","0","3","3"
"直趋吐蕃的","0","3","3"
"宦官李忠言","0","3","3"
"其子李惟岳","0","3","3"
"率三千骑兵","0","3","3"
"任命康日知","0","3","3"
"命康日知为","0","3","3"
"恼怒失去了","0","3","3"
"王武俊恼怒","0","3","3"
"李宝臣死后","0","3","3"
"讨伐李惟岳","0","3","3"
"授王武俊检","0","3","3"
"加授御史大","0","3","3"
"授御史大夫","0","3","3"
"为他说得对","0","3","3"
"处在上位的","0","3","3"
"在上位的人","0","3","3"
"时没有想到","0","3","3"
"宣扬他们的","0","3","3"
"空亡的恶运","0","3","3"
"按照禄命书","0","3","3"
"加封李晟为","0","3","3"
"自己的功劳","0","3","3"
"了叛军将领","0","3","3"
"皇帝在奉天","0","3","3"
"在延英殿被","0","3","3"
"用这把宝剑","0","3","3"
"的儿子仆固","0","3","3"
"李抱真和马","0","3","3"
"抱真和马燧","0","3","3"
"玄宗幸驾到","0","3","3"
"宗幸驾到蜀","0","3","3"
"上奏任他为","0","3","3"
"充任剑南节","0","3","3"
"升为京兆尹","0","3","3"
"渭水上游义","0","3","3"
"突厥始毕可","0","3","3"
"厥始毕可汗","0","3","3"
"世子建成为","0","3","3"
"用木栏杆围","0","3","3"
"殪商辛牧野","2","0","2"
"执子婴咸阳","2","0","2"
"太守王仁恭","1","1","2"
"潜募勇敢士","2","0","2"
"宜赐诏奖饰","2","0","2"
"九月丁丑朔","2","0","2"
"伏乞更下诏","2","0","2"
"乞更下诏书","2","0","2"
"事中李固言","1","1","2"
"议大夫王质","1","1","2"
"袁都等一十","1","1","2"
"都等一十四","1","1","2"
"开成元年九","1","1","2"
"成元年九月","1","1","2"
"崔植任吏部","1","1","2"
"植任吏部郎","1","1","2"
"元略任刑部","1","1","2"
"略任刑部郎","1","1","2"
"马一百五十","1","1","2"
"一百五十匹","1","1","2"
"宫中昭德寺","1","1","2"
"姚合火灭方","1","1","2"
"夷简御史中","2","0","2"
"简御史中丞","2","0","2"
"许孟容京兆","2","0","2"
"孟容京兆尹","2","0","2"
"就加检校司","2","0","2"
"襄州录事参","1","1","2"
"本官充翰林","2","0","2"
"授国子助教","2","0","2"
"加工部尚书","2","0","2"
"圣历二年腊","1","1","2"
"历二年腊月","1","1","2"
"赠左御史台","1","1","2"
"初监察御史","2","0","2"
"右卫将军窦","1","1","2"
"试都水使者","1","1","2"
"都水使者崔","1","1","2"
"水使者崔昌","1","1","2"
"使者崔昌等","1","1","2"
"者崔昌等九","1","1","2"
"崔昌等九人","1","1","2"
"太子洗马赵","1","1","2"
"子洗马赵非","1","1","2"
"洗马赵非熊","1","1","2"
"陈王府长史","1","1","2"
"王府长史陈","1","1","2"
"府长史陈闳","1","1","2"
"楚州司马张","1","1","2"
"州司马张昴","1","1","2"
"武卫兵曹参","1","1","2"
"兵曹参军焦","1","1","2"
"广文馆进士","1","1","2"
"文馆进士张","1","1","2"
"马都尉薛履","1","1","2"
"都尉薛履谦","1","1","2"
"尉薛履谦赐","1","1","2"
"薛履谦赐尽","2","0","2"
"侍张镐贬辰","2","0","2"
"张镐贬辰州","2","0","2"
"镐贬辰州司","2","0","2"
"宝应元年贬","1","1","2"
"邓节度使李","1","1","2"
"阳节度使牛","1","1","2"
"使牛元翼卒","2","0","2"
"转兵部尚书","2","0","2"
"昌三年十一","1","1","2"
"十三代史驳","1","1","2"
"三代史驳议","1","1","2"
"文集一百卷","1","1","2"
"八国云南招","1","1","2"
"国云南招抚","1","1","2"
"云南招抚等","1","1","2"
"南招抚等使","1","1","2"
"授扬州大都","2","0","2"
"处厚本名淳","1","1","2"
"礼部考功二","1","1","2"
"部考功二员","1","1","2"
"考功二员外","1","1","2"
"正兵部侍郎","2","0","2"
"裴度勋高望","1","1","2"
"度勋高望重","1","1","2"
"历中书舍人","2","0","2"
"时魏博节度","1","1","2"
"使田季安进","1","1","2"
"田季安进绢","1","1","2"
"季安进绢五","1","1","2"
"安进绢五千","1","1","2"
"助修开业寺","1","1","2"
"奏刑部侍郎","2","0","2"
"部侍郎李程","1","1","2"
"司郎中崔郾","1","1","2"
"吏部郎中陈","1","1","2"
"客员外郎中","1","1","2"
"楚怀郑三州","1","1","2"
"怀郑三州刺","1","1","2"
"郑三州刺史","1","1","2"
"元十五年二","1","1","2"
"五年二月卒","2","0","2"
"言王德真对","1","1","2"
"王德真对曰","1","1","2"
"追赠中书令","1","1","2"
"继伯父泽王","1","1","2"
"伯父泽王上","1","1","2"
"父泽王上金","1","1","2"
"加扬州大都","1","1","2"
"重润风神俊","1","1","2"
"润风神俊朗","1","1","2"
"授卫尉员外","1","1","2"
"卫尉员外少","1","1","2"
"尉员外少卿","1","1","2"
"贝州漳南人","2","0","2"
"右台御史大","1","1","2"
"持节朔方行","1","1","2"
"节朔方行军","1","1","2"
"二十四年秋","1","1","2"
"侍崔希逸代","1","1","2"
"河西节度事","1","1","2"
"河西讨击副","1","1","2"
"西讨击副使","1","1","2"
"检校代州都","1","1","2"
"校代州都督","1","1","2"
"关内道按察","1","1","2"
"内道按察使","1","1","2"
"鉷长春宫使","1","1","2"
"校左仆射知","1","1","2"
"左仆射知省","1","1","2"
"仆射知省事","1","1","2"
"乾元三年正","1","1","2"
"永泰元年十","1","1","2"
"泰元年十月","1","1","2"
"剑南西川兵","1","1","2"
"南西川兵马","1","1","2"
"西川兵马使","1","1","2"
"川兵马使崔","1","1","2"
"马使崔旰杀","1","1","2"
"邛州衙将柏","1","1","2"
"州衙将柏贞","1","1","2"
"衙将柏贞节","1","1","2"
"泸州衙将杨","1","1","2"
"州衙将杨子","1","1","2"
"衙将杨子琳","1","1","2"
"剑州衙将李","1","1","2"
"州衙将李昌","1","1","2"
"旰剑南西川","2","0","2"
"剑南西川行","1","1","2"
"南西川行军","1","1","2"
"雍州京兆府","2","0","2"
"遥州大都督","2","0","2"
"改封申国公","1","1","2"
"潞国公侯君","1","1","2"
"君集陈州刺","2","0","2"
"集陈州刺史","2","0","2"
"改封江夏郡","1","1","2"
"封江夏郡王","1","1","2"
"改封河间郡","1","1","2"
"封河间郡王","1","1","2"
"吴国公尉迟","1","1","2"
"敬德宣州刺","2","0","2"
"德宣州刺史","2","0","2"
"楚国公段志","1","1","2"
"改封褒国公","1","1","2"
"左军大将军","2","0","2"
"宿国公程知","1","1","2"
"改封卢国公","1","1","2"
"任国公刘弘","1","1","2"
"改封夔国公","1","1","2"
"赠左卫大将","1","1","2"
"凤阁舍人缺","1","1","2"
"迁尚书右仆","2","0","2"
"天皇后实录","1","1","2"
"迁文昌右丞","1","1","2"
"寻鸾台侍郎","2","0","2"
"皇后窦氏生","1","1","2"
"后窦氏生玄","1","1","2"
"窦氏生玄宗","1","1","2"
"肃明顺圣皇","1","1","2"
"明顺圣皇后","1","1","2"
"顺圣皇后刘","1","1","2"
"圣皇后刘氏","1","1","2"
"皇后刘氏生","1","1","2"
"宫人柳氏生","1","1","2"
"人柳氏生惠","1","1","2"
"柳氏生惠庄","1","1","2"
"氏生惠庄太","1","1","2"
"生惠庄太子","1","1","2"
"崔孺人生惠","1","1","2"
"孺人生惠文","1","1","2"
"人生惠文太","1","1","2"
"生惠文太子","1","1","2"
"王德妃生惠","1","1","2"
"德妃生惠宣","1","1","2"
"妃生惠宣太","1","1","2"
"生惠宣太子","1","1","2"
"后宫生隋王","1","1","2"
"宫生隋王隆","1","1","2"
"生隋王隆悌","1","1","2"
"三驱盛礼张","1","1","2"
"亭毒匪多伤","1","1","2"
"阁侍郎韦承","1","1","2"
"侍郎韦承庆","1","1","2"
"正谏大夫房","1","1","2"
"谏大夫房融","1","1","2"
"司礼卿崔神","1","1","2"
"礼卿崔神庆","1","1","2"
"卿崔神庆等","1","1","2"
"袁恕己同凤","1","1","2"
"恕己同凤阁","1","1","2"
"己同凤阁鸾","1","1","2"
"封南阳郡公","2","0","2"
"辽国公李多","1","1","2"
"国公李多祚","1","1","2"
"赐实封六百","2","0","2"
"中书令杨思","2","0","2"
"校相王府长","1","1","2"
"南阳郡公袁","1","1","2"
"阳郡公袁恕","1","1","2"
"郡公袁恕己","1","1","2"
"安北大都护","1","1","2"
"左右千牛大","1","1","2"
"右千牛大将","1","1","2"
"千牛大将军","1","1","2"
"大朝会内供","1","1","2"
"朝会内供奉","1","1","2"
"中书令张柬","1","1","2"
"校中书令韦","1","1","2"
"韦安石中书","2","0","2"
"安石中书令","2","0","2"
"贬青州刺史","2","0","2"
"书右仆射中","2","0","2"
"右仆射中书","2","0","2"
"公魏元忠尚","2","0","2"
"元忠尚书左","1","1","2"
"忠尚书左仆","1","1","2"
"左仆射中书","2","0","2"
"洛州长史张","1","1","2"
"州长史张仁","1","1","2"
"太府卿纪处","1","1","2"
"府卿纪处讷","1","1","2"
"号曰应天神","1","1","2"
"曰应天神龙","1","1","2"
"号曰顺天翊","1","1","2"
"曰顺天翊圣","1","1","2"
"摄右御史台","1","1","2"
"右御史台大","1","1","2"
"朔方道行营","1","1","2"
"方道行营大","1","1","2"
"道行营大总","1","1","2"
"行营大总管","1","1","2"
"曹国公韦温","1","1","2"
"怀县公苏瑰","1","1","2"
"卫大将军赵","2","0","2"
"右监门大将","1","1","2"
"门大将军薛","1","1","2"
"大将军薛简","1","1","2"
"备谯王重福","1","1","2"
"封雍王守礼","1","1","2"
"寿春郡王成","1","1","2"
"春郡王成器","1","1","2"
"晋封新兴王","1","1","2"
"司农少卿同","1","1","2"
"太府少卿同","1","1","2"
"巴陵王隆范","1","1","2"
"左羽林卫大","1","1","2"
"太仆少卿同","1","1","2"
"彭城王隆业","1","1","2"
"曰节愍太子","1","1","2"
"李多祚等官","1","1","2"
"多祚等官爵","1","1","2"
"右羽林卫依","1","1","2"
"羽林卫依旧","1","1","2"
"改封郇国公","2","0","2"
"殿中监窦怀","1","1","2"
"中监窦怀贞","1","1","2"
"窦怀贞左台","2","0","2"
"怀贞左台御","2","0","2"
"贞左台御史","2","0","2"
"韦安石尚书","2","0","2"
"改左右屯卫","1","1","2"
"左右宗卫率","1","1","2"
"右宗卫率府","1","1","2"
"左右司御府","1","1","2"
"散骑常侍魏","1","1","2"
"骑常侍魏知","1","1","2"
"常侍魏知古","1","1","2"
"太子詹事崔","1","1","2"
"中书侍郎陆","1","1","2"
"书侍郎陆象","1","1","2"
"侍郎陆象先","1","1","2"
"侍中李日知","1","1","2"
"检校左台御","1","1","2"
"校左台御史","1","1","2"
"左庶子张说","1","1","2"
"窦怀贞尚书","2","0","2"
"刘幽求尚书","2","0","2"
"曰玄真大圣","1","1","2"
"封皇弟元裕","1","1","2"
"书右仆射李","1","1","2"
"部尚书王珪","2","0","2"
"府长史李袭","1","1","2"
"府长史张亮","1","1","2"
"州大都督李","1","1","2"
"大都督李大","1","1","2"
"右军大将军","2","0","2"
"军大将军窦","1","1","2"
"大将军窦诞","1","1","2"
"子左庶子杜","1","1","2"
"左庶子杜正","1","1","2"
"庶子杜正伦","1","1","2"
"绵州刺史刘","1","1","2"
"州刺史刘德","1","1","2"
"刺史刘德威","1","1","2"
"黄门侍郎赵","1","1","2"
"门侍郎赵弘","1","1","2"
"侍郎赵弘智","1","1","2"
"云麾将军阶","1","1","2"
"褒国公段志","1","1","2"
"公段志玄击","1","1","2"
"段志玄击吐","1","1","2"
"志玄击吐谷","1","1","2"
"玄击吐谷浑","1","1","2"
"九年春三月","1","1","2"
"杀刺史孔长","1","1","2"
"刺史孔长秀","1","1","2"
"封赵王元景","1","1","2"
"大将军李大","1","1","2"
"将军李大亮","1","1","2"
"州都督李袭","1","1","2"
"都督李袭誉","1","1","2"
"士廉摄太子","2","0","2"
"廉摄太子太","2","0","2"
"摄太子太傅","2","0","2"
"子少詹事张","1","1","2"
"少詹事张行","1","1","2"
"詹事张行成","1","1","2"
"子右庶子高","1","1","2"
"右庶子高季","1","1","2"
"庶子高季辅","1","1","2"
"子高季辅五","1","1","2"
"高季辅五人","1","1","2"
"季辅五人同","1","1","2"
"辅五人同掌","1","1","2"
"前太子太保","1","1","2"
"十二月戊寅","2","0","2"
"司农卿杨弘","1","1","2"
"农卿杨弘礼","1","1","2"
"山道行军大","1","1","2"
"置饶乐都督","1","1","2"
"二十六年春","1","1","2"
"部尚书牛仙","1","1","2"
"尚书牛仙客","1","1","2"
"百姓免年租","2","0","2"
"姓免年租税","2","0","2"
"毁东都明堂","1","1","2"
"子宾客崔沔","1","1","2"
"二十八年春","1","1","2"
"城中苑内种","1","1","2"
"中苑内种果","1","1","2"
"苑内种果树","1","1","2"
"左右丞相依","1","1","2"
"右丞相依旧","1","1","2"
"相李林甫加","1","1","2"
"李林甫加尚","1","1","2"
"林甫加尚书","1","1","2"
"甫加尚书左","1","1","2"
"加尚书左仆","1","1","2"
"适兵部尚书","2","0","2"
"裴耀卿尚书","2","0","2"
"两京玄元庙","1","1","2"
"京玄元庙改","1","1","2"
"玄元皇帝宫","1","1","2"
"追尊玄元皇","1","1","2"
"尊玄元皇帝","1","1","2"
"大圣祖玄元","1","1","2"
"两京崇玄学","1","1","2"
"京崇玄学改","1","1","2"
"守刘巨鳞击","1","1","2"
"刘巨鳞击破","1","1","2"
"巨鳞击破海","1","1","2"
"鳞击破海贼","1","1","2"
"击破海贼吴","1","1","2"
"破海贼吴令","1","1","2"
"海贼吴令光","1","1","2"
"玉真公主先","1","1","2"
"渭源伯李适","1","1","2"
"子少保李适","1","1","2"
"贬宜春太守","2","0","2"
"户部侍郎郭","1","1","2"
"部侍郎郭虚","1","1","2"
"惠宣等太子","1","1","2"
"懿德太子同","1","1","2"
"使安禄山赐","1","1","2"
"剑南索磨川","1","1","2"
"南索磨川新","1","1","2"
"号开元天地","2","0","2"
"神武应道皇","1","1","2"
"武应道皇帝","1","1","2"
"曰神尧大圣","1","1","2"
"曰太宗文武","1","1","2"
"曰高宗天皇","1","1","2"
"曰睿宗玄真","1","1","2"
"林大将军王","1","1","2"
"大将军王承","1","1","2"
"将军王承业","1","1","2"
"卫尉卿张介","1","1","2"
"尉卿张介然","1","1","2"
"河南节度采","1","1","2"
"吾将军程千","1","1","2"
"将军程千里","1","1","2"
"常山太守颜","1","1","2"
"山太守颜杲","1","1","2"
"杲卿长史袁","2","0","2"
"卿长史袁履","2","0","2"
"贾深等杀贼","1","1","2"
"深等杀贼将","1","1","2"
"等杀贼将李","1","1","2"
"杀贼将李钦","1","1","2"
"贼将何千年","1","1","2"
"江陵长史源","1","1","2"
"陵长史源洧","1","1","2"
"剑南节度留","1","1","2"
"南节度留后","1","1","2"
"节度留后崔","1","1","2"
"度留后崔圆","1","1","2"
"江陵府都督","1","1","2"
"江南西路等","1","1","2"
"南西路等节","1","1","2"
"西路等节度","1","1","2"
"路等节度大","1","1","2"
"等节度大使","1","1","2"
"广陵郡大都","1","1","2"
"陵郡大都督","1","1","2"
"群臣奉上皇","1","1","2"
"臣奉上皇尊","1","1","2"
"奉上皇尊号","1","1","2"
"皇尊号曰太","1","1","2"
"尊号曰太上","1","1","2"
"号曰太上道","2","0","2"
"曰太上道圣","2","0","2"
"太穆顺圣皇","1","1","2"
"穆顺圣皇后","1","1","2"
"太宗率长孙","1","1","2"
"子左庶子高","1","1","2"
"左庶子高士","1","1","2"
"庶子高士廉","1","1","2"
"右庶子房玄","1","1","2"
"庶子房玄龄","1","1","2"
"萧瑀尚书左","2","0","2"
"瑀尚书左仆","2","0","2"
"部尚书杨恭","1","1","2"
"尚书杨恭仁","1","1","2"
"子左庶子长","1","1","2"
"左庶子长孙","1","1","2"
"太子詹事宇","1","1","2"
"子詹事宇文","1","1","2"
"詹事宇文士","1","1","2"
"国公萧瑀太","2","0","2"
"公萧瑀太子","2","0","2"
"长孙忌尚书","2","0","2"
"郢国公宇文","1","1","2"
"国公宇文士","1","1","2"
"邢国公房玄","1","1","2"
"间郡开国伯","1","1","2"
"邑七百户张","1","1","2"
"七百户张浚","1","1","2"
"京兆尹孙揆","1","1","2"
"太原东面招","1","1","2"
"原东面招讨","1","1","2"
"太原北面招","1","1","2"
"原北面招讨","1","1","2"
"云州防御使","1","1","2"
"州防御使赫","1","1","2"
"平章事杜能","2","0","2"
"章事杜能进","2","0","2"
"平章事徐彦","1","1","2"
"章事徐彦若","1","1","2"
"徐彦若检校","2","0","2"
"修国史崔昭","1","1","2"
"国史崔昭纬","1","1","2"
"右仆射韦昭","1","1","2"
"仆射韦昭度","1","1","2"
"韦昭度司空","2","0","2"
"李克邠宁四","2","0","2"
"克邠宁四面","2","0","2"
"制光禄大夫","2","0","2"
"东莞郡公徐","1","1","2"
"莞郡公徐彦","1","1","2"
"郡公徐彦若","1","1","2"
"陆扆兵部尚","2","0","2"
"扆兵部尚书","2","0","2"
"郡开国公王","1","1","2"
"开国公王抟","1","1","2"
"制诰赵光远","1","1","2"
"部侍郎崔远","1","1","2"
"制昭义节度","2","0","2"
"三千户李罕","1","1","2"
"武泰军节度","1","1","2"
"黔中观察处","1","1","2"
"中观察处置","1","1","2"
"上柱国赵崇","1","1","2"
"天水县开国","1","1","2"
"水县开国子","1","1","2"
"吴郡开国公","1","1","2"
"千五百户陆","1","1","2"
"金鱼袋裴贽","1","1","2"
"邑三百户赵","1","1","2"
"三百户赵崇","1","1","2"
"天复三年二","1","1","2"
"复三年二月","1","1","2"
"贝州司户同","1","1","2"
"散骑常侍窦","1","1","2"
"骑常侍窦回","1","1","2"
"户部郎中知","1","1","2"
"中知制诰封","1","1","2"
"知制诰封舜","1","1","2"
"制诰封舜卿","1","1","2"
"诰封舜卿等","1","1","2"
"封舜卿等加","1","1","2"
"吾上将军卢","1","1","2"
"上将军卢彦","1","1","2"
"将军卢彦威","1","1","2"
"左威卫上将","1","1","2"
"河东郡开国","1","1","2"
"东郡开国公","1","1","2"
"二千户裴枢","1","1","2"
"河南县开国","1","1","2"
"邑五百户独","1","1","2"
"五百户独孤","1","1","2"
"百户独孤损","1","1","2"
"充静海军节","2","0","2"
"安南管内观","1","1","2"
"南管内观察","1","1","2"
"五百户崔远","1","1","2"
"金鱼袋张文","1","1","2"
"鱼袋张文蔚","1","1","2"
"蔚中书侍郎","2","0","2"
"部郎中李煦","1","1","2"
"杨师厚襄州","2","0","2"
"襄州兵马留","1","1","2"
"龙武统军张","1","1","2"
"武统军张慎","1","1","2"
"统军张慎思","1","1","2"
"武宁军兵马","1","1","2"
"宁军兵马留","1","1","2"
"右常侍王钜","1","1","2"
"尚书李克助","1","1","2"
"膳部员外知","1","1","2"
"部员外知制","1","1","2"
"员外知制诰","1","1","2"
"外知制诰杜","1","1","2"
"知制诰杜晓","1","1","2"
"吏部郎中李","1","1","2"
"部郎中李光","1","1","2"
"郎中李光嗣","1","1","2"
"驾部郎中赵","1","1","2"
"部郎中赵光","1","1","2"
"郎中赵光胤","1","1","2"
"部郎中崔协","1","1","2"
"左常侍孔拯","1","1","2"
"右谏议萧颀","1","1","2"
"右拾遗高济","1","1","2"
"职方郎中牛","1","1","2"
"方郎中牛希","1","1","2"
"郎中牛希逸","1","1","2"
"主客郎中萧","1","1","2"
"客郎中萧蘧","1","1","2"
"郎中萧蘧等","1","1","2"
"随册礼使柳","1","1","2"
"册礼使柳璨","1","1","2"
"夏六月乙卯","2","0","2"
"左中护戴德","2","0","2"
"侍郎张文瓘","2","0","2"
"改元总章元","2","0","2"
"元总章元年","2","0","2"
"戎少常伯两","2","0","2"
"少常伯两员","2","0","2"
"军薛仁贵逻","2","0","2"
"薛仁贵逻娑","2","0","2"
"仁贵逻娑道","2","0","2"
"贵逻娑道行","2","0","2"
"将军阿史道","2","0","2"
"军阿史道真","2","0","2"
"军郭待封副","2","0","2"
"兵五万击吐","2","0","2"
"五万击吐蕃","2","0","2"
"阎立本古义","2","0","2"
"立本古义对","2","0","2"
"国公戴德加","2","0","2"
"公戴德加户","2","0","2"
"戴德加户部","2","0","2"
"德加户部尚","2","0","2"
"加户部尚书","2","0","2"
"三品张文瓘","2","0","2"
"品张文瓘检","2","0","2"
"张文瓘检校","2","0","2"
"文瓘检校大","2","0","2"
"瓘检校大理","2","0","2"
"品郝处俊中","2","0","2"
"处俊中书侍","2","0","2"
"俊中书侍郎","2","0","2"
"品李敬玄吏","2","0","2"
"敬玄吏部侍","2","0","2"
"玄吏部侍郎","2","0","2"
"秋八月壬辰","2","0","2"
"尊宣简公宣","2","0","2"
"宣简公宣皇","2","0","2"
"简公宣皇帝","2","0","2"
"懿王光皇帝","2","0","2"
"祖武皇帝高","2","0","2"
"武皇帝高祖","2","0","2"
"皇帝高祖神","2","0","2"
"帝高祖神尧","2","0","2"
"宗文皇帝文","2","0","2"
"文皇帝文武","2","0","2"
"皇帝文武圣","2","0","2"
"帝文武圣皇","2","0","2"
"太穆皇后太","2","0","2"
"穆皇后太穆","2","0","2"
"皇后太穆神","2","0","2"
"后太穆神皇","2","0","2"
"文德皇后文","2","0","2"
"德皇后文德","2","0","2"
"皇后文德圣","2","0","2"
"后文德圣皇","2","0","2"
"分括州永嘉","2","0","2"
"永固二县置","2","0","2"
"固二县置温","2","0","2"
"二县置温州","2","0","2"
"析临海县乐","2","0","2"
"临海县乐安","2","0","2"
"左丞许圉师","2","0","2"
"丞许圉师户","2","0","2"
"许圉师户部","2","0","2"
"圉师户部尚","2","0","2"
"师户部尚书","2","0","2"
"周王显洮州","2","0","2"
"王显洮州道","2","0","2"
"显洮州道行","2","0","2"
"相王轮凉州","2","0","2"
"王轮凉州道","2","0","2"
"轮凉州道行","2","0","2"
"卫将军契苾","2","0","2"
"苾何力等军","2","0","2"
"徙封周王显","2","0","2"
"封周王显英","2","0","2"
"周王显英王","2","0","2"
"丞崔知悌户","2","0","2"
"崔知悌户部","2","0","2"
"知悌户部尚","2","0","2"
"悌户部尚书","2","0","2"
"令郝处俊侍","2","0","2"
"郝处俊侍中","2","0","2"
"中刘景先修","2","0","2"
"刘景先修国","2","0","2"
"景先修国史","2","0","2"
"史德温傅奉","2","0","2"
"德温傅奉职","2","0","2"
"温傅奉职二","2","0","2"
"傅奉职二部","2","0","2"
"职二部相率","2","0","2"
"二部相率反","2","0","2"
"部相率反叛","2","0","2"
"立阿史泥熟","2","0","2"
"阿史泥熟匐","2","0","2"
"史泥熟匐汗","2","0","2"
"十四州首叛","2","0","2"
"中郝处俊太","2","0","2"
"处俊太子少","2","0","2"
"俊太子少保","2","0","2"
"闰七月丁未","2","0","2"
"侍郎裴炎侍","2","0","2"
"郎裴炎侍中","2","0","2"
"郎薛元超中","2","0","2"
"薛元超中书","2","0","2"
"元超中书令","2","0","2"
"护王方翼破","2","0","2"
"王方翼破车","2","0","2"
"方翼破车薄","2","0","2"
"郎魏玄同同","2","0","2"
"魏玄同同中","2","0","2"
"玄同同中书","2","0","2"
"同同中书门","2","0","2"
"臣上谥曰天","2","0","2"
"上谥曰天皇","2","0","2"
"谥曰天皇大","2","0","2"
"景龙二年四","1","1","2"
"龙二年四月","1","1","2"
"先天二年七","1","1","2"
"天二年七月","1","1","2"
"二年七月三","1","1","2"
"书左仆射窦","1","1","2"
"州长史李晋","1","1","2"
"军李慈等太","2","0","2"
"李慈等太平","2","0","2"
"慈等太平公","2","0","2"
"等太平公主","2","0","2"
"羽林军作乱","1","1","2"
"梁国公姚元","1","1","2"
"子同俄特勤","1","1","2"
"同俄特勤率","1","1","2"
"俄特勤率众","1","1","2"
"骁卫将军郭","1","1","2"
"卫将军郭虔","1","1","2"
"天下采捕鲤","1","1","2"
"下采捕鲤鱼","1","1","2"
"同州蒲城县","1","1","2"
"梁国公姚崇","1","1","2"
"安阳男源乾","1","1","2"
"阳男源乾曜","1","1","2"
"吐蕃遣使朝","2","0","2"
"公王毛仲加","1","1","2"
"王毛仲加特","1","1","2"
"毛仲加特进","1","1","2"
"京兆尹源乾","1","1","2"
"兆尹源乾曜","1","1","2"
"源乾曜黄门","2","0","2"
"乾曜黄门侍","2","0","2"
"曜黄门侍郎","2","0","2"
"府长史张嘉","1","1","2"
"长史张嘉贞","1","1","2"
"张嘉贞中书","2","0","2"
"南天竺国遣","1","1","2"
"竺国遣使献","2","0","2"
"献五色鹦鹉","1","1","2"
"王晙兵部尚","2","0","2"
"晙兵部尚书","2","0","2"
"黄门侍郎韦","1","1","2"
"门侍郎韦抗","1","1","2"
"武阳郡王堪","1","1","2"
"后弟太子少","1","1","2"
"弟太子少保","1","1","2"
"河东伯张嘉","1","1","2"
"东伯张嘉贞","1","1","2"
"伯张嘉贞贬","1","1","2"
"贬台州刺史","2","0","2"
"幽州都督府","1","1","2"
"鄂王嗣初改","1","1","2"
"王嗣初改名","1","1","2"
"嗣初改名涓","1","1","2"
"傅游艺四人","1","1","2"
"丽正殿书院","1","1","2"
"正殿书院改","1","1","2"
"集贤殿书院","1","1","2"
"相源乾曜停","1","1","2"
"门侍郎杜暹","1","1","2"
"书侍郎李元","1","1","2"
"侍郎李元纮","2","0","2"
"鸿胪卿宇文","1","1","2"
"胪卿宇文融","1","1","2"
"部侍郎裴光","1","1","2"
"春正月辛卯","2","0","2"
"门侍郎裴光","1","1","2"
"黄门侍郎韩","1","1","2"
"门侍郎韩休","1","1","2"
"休兵部尚书","1","1","2"
"京兆尹裴耀","1","1","2"
"兆尹裴耀卿","1","1","2"
"州张果先生","1","1","2"
"号曰通玄先","1","1","2"
"曰通玄先生","1","1","2"
"京兆商人任","1","1","2"
"兆商人任令","1","1","2"
"商人任令方","1","1","2"
"人任令方资","1","1","2"
"任令方资财","1","1","2"
"令方资财六","1","1","2"
"方资财六十","1","1","2"
"门侍郎裴耀","1","1","2"
"侍郎裴耀卿","1","1","2"
"门侍郎李林","1","1","2"
"侍郎李林甫","1","1","2"
"李林甫礼部","2","0","2"
"林甫礼部尚","2","0","2"
"甫礼部尚书","2","0","2"
"部尚书李林","1","1","2"
"尚书李林甫","1","1","2"
"殿中监牛仙","1","1","2"
"中监牛仙客","1","1","2"
"牛仙客兵部","2","0","2"
"仙客兵部尚","2","0","2"
"工部尚书韩","1","1","2"
"部尚书韩休","1","1","2"
"命左玉钤卫","2","0","2"
"率兵三十万","1","1","2"
"杀左威卫大","1","1","2"
"秋官尚书裴","1","1","2"
"官尚书裴居","1","1","2"
"尚书裴居道","1","1","2"
"冬官尚书苏","1","1","2"
"官尚书苏良","1","1","2"
"尚书苏良嗣","1","1","2"
"苏良嗣纳言","2","0","2"
"封皇子成义","1","1","2"
"地官尚书魏","1","1","2"
"官尚书魏玄","1","1","2"
"尚书魏玄同","1","1","2"
"文昌右相韦","1","1","2"
"昌右相韦待","1","1","2"
"右相韦待价","1","1","2"
"安息道大总","1","1","2"
"息道大总管","1","1","2"
"春官尚书范","1","1","2"
"官尚书范履","1","1","2"
"尚书范履冰","1","1","2"
"凤阁侍郎邢","1","1","2"
"阁侍郎邢文","1","1","2"
"侍郎邢文伟","1","1","2"
"载初元年春","1","1","2"
"初元年春正","1","1","2"
"神皇亲享明","2","0","2"
"皇亲享明堂","2","0","2"
"周制建子月","1","1","2"
"改永昌元年","1","1","2"
"永昌元年十","1","1","2"
"昌元年十一","1","1","2"
"载初元年正","1","1","2"
"初元年正月","1","1","2"
"武承嗣文昌","2","0","2"
"承嗣文昌左","2","0","2"
"父舒王元名","1","1","2"
"子文昌左相","1","1","2"
"官尚书三思","2","0","2"
"尚书三思梁","2","0","2"
"书三思梁王","2","0","2"
"懿宗等十二","1","1","2"
"宗等十二人","1","1","2"
"御史大夫格","1","1","2"
"史大夫格辅","1","1","2"
"大夫格辅元","1","1","2"
"鸾台侍郎乐","1","1","2"
"台侍郎乐思","1","1","2"
"侍郎乐思晦","1","1","2"
"傅游艺下狱","1","1","2"
"洛州司马狄","1","1","2"
"州司马狄仁","1","1","2"
"司马狄仁杰","1","1","2"
"文昌左相岑","1","1","2"
"昌左相岑长","1","1","2"
"左相岑长倩","1","1","2"
"纳言欧阳通","1","1","2"
"地官尚书格","1","1","2"
"官尚书格辅","1","1","2"
"尚书格辅元","1","1","2"
"武威军总管","1","1","2"
"威军总管王","1","1","2"
"军总管王孝","1","1","2"
"总管王孝杰","1","1","2"
"管王孝杰大","1","1","2"
"王孝杰大破","1","1","2"
"孝杰大破吐","1","1","2"
"杰大破吐蕃","1","1","2"
"司宾卿豆卢","1","1","2"
"宾卿豆卢钦","1","1","2"
"卿豆卢钦望","1","1","2"
"文昌右丞韦","1","1","2"
"昌右丞韦巨","1","1","2"
"右丞韦巨源","1","1","2"
"丞韦巨源同","1","1","2"
"韦巨源同凤","1","1","2"
"巨源同凤阁","1","1","2"
"源同凤阁鸾","1","1","2"
"秋官侍郎陆","1","1","2"
"官侍郎陆元","1","1","2"
"阁侍郎李昭","1","1","2"
"鸾台侍郎苏","1","1","2"
"台侍郎苏味","1","1","2"
"洛州司马杜","1","1","2"
"州司马杜景","1","1","2"
"司马杜景俭","1","1","2"
"杜景俭凤阁","2","0","2"
"景俭凤阁侍","2","0","2"
"俭凤阁侍郎","2","0","2"
"文昌右丞李","1","1","2"
"昌右丞李元","1","1","2"
"右丞李元素","1","1","2"
"漠都督李尽","1","1","2"
"都督李尽忠","1","1","2"
"兄归诚州刺","1","1","2"
"归诚州刺史","1","1","2"
"诚州刺史孙","1","1","2"
"州刺史孙万","1","1","2"
"刺史孙万荣","1","1","2"
"史孙万荣杀","1","1","2"
"总管讨契丹","2","0","2"
"州长史王方","1","1","2"
"长史王方庆","1","1","2"
"殿中监李道","1","1","2"
"中监李道广","1","1","2"
"孙万斩攻陷","1","1","2"
"万斩攻陷冀","1","1","2"
"斩攻陷冀州","1","1","2"
"刺史陆宝积","1","1","2"
"命右金吾大","1","1","2"
"河内王懿宗","1","1","2"
"御史大夫娄","1","1","2"
"史大夫娄师","1","1","2"
"大夫娄师德","1","1","2"
"前幽州都督","1","1","2"
"幽州都督狄","1","1","2"
"州都督狄仁","1","1","2"
"都督狄仁杰","1","1","2"
"司刑卿杜景","1","1","2"
"刑卿杜景俭","1","1","2"
"令纳言狄仁","1","1","2"
"天官侍郎苏","1","1","2"
"官侍郎苏味","1","1","2"
"苏味道凤阁","2","0","2"
"味道凤阁侍","2","0","2"
"道凤阁侍郎","2","0","2"
"夏官侍郎姚","1","1","2"
"官侍郎姚元","1","1","2"
"侍郎姚元崇","1","1","2"
"麟台少监李","1","1","2"
"台少监李峤","1","1","2"
"史中丞魏元","1","1","2"
"中丞魏元忠","1","1","2"
"吐蕃大论赞","1","1","2"
"蕃大论赞婆","1","1","2"
"鸾台侍郎李","1","1","2"
"侍郎李怀远","1","1","2"
"天官侍郎顾","1","1","2"
"官侍郎顾琮","1","1","2"
"封平恩郡王","1","1","2"
"平恩郡王重","1","1","2"
"恩郡王重福","1","1","2"
"夏官侍郎宗","1","1","2"
"官侍郎宗楚","1","1","2"
"侍郎宗楚客","1","1","2"
"孝子列女传","1","1","2"
"元十五年正","1","1","2"
"朔方度支副","1","1","2"
"方度支副使","1","1","2"
"大理司直杜","1","1","2"
"理司直杜鸿","1","1","2"
"司直杜鸿渐","1","1","2"
"杜鸿渐兵部","2","0","2"
"朔方节度判","1","1","2"
"方节度判官","1","1","2"
"知中书舍人","2","0","2"
"西兵马使周","1","1","2"
"陇右兵马使","1","1","2"
"右兵马使彭","1","1","2"
"兵马使彭元","1","1","2"
"马使彭元晖","1","1","2"
"蒲州刺史吕","1","1","2"
"顺化郡太守","1","1","2"
"秦州都督郭","1","1","2"
"州都督郭英","1","1","2"
"议大夫高适","1","1","2"
"贼将阿史承","2","0","2"
"将阿史承庆","2","0","2"
"阿史承庆攻","2","0","2"
"史承庆攻陷","2","0","2"
"攻陷颍川郡","1","1","2"
"史大夫严庄","1","1","2"
"兵马使仆固","1","1","2"
"马使仆固怀","1","1","2"
"仆固怀恩封","1","1","2"
"固怀恩封丰","1","1","2"
"怀恩封丰国","1","1","2"
"恩封丰国公","1","1","2"
"吾将军李嗣","1","1","2"
"将军李嗣业","1","1","2"
"军李嗣业封","1","1","2"
"李嗣业封虢","1","1","2"
"嗣业封虢国","1","1","2"
"业封虢国公","1","1","2"
"太原尹李光","1","1","2"
"原尹李光弼","1","1","2"
"关内节度王","1","1","2"
"内节度王思","1","1","2"
"节度王思礼","1","1","2"
"苗晋卿侍中","2","0","2"
"书侍郎崔圆","1","1","2"
"书侍郎张镐","1","1","2"
"夏四月癸卯","2","0","2"
"京畿采访处","1","1","2"
"畿采访处置","1","1","2"
"徐等五州节","1","1","2"
"等五州节度","1","1","2"
"州节度使季","1","1","2"
"青州刺史许","1","1","2"
"关内潞州节","1","1","2"
"内潞州节度","1","1","2"
"淮西襄阳节","1","1","2"
"西襄阳节度","1","1","2"
"卢兵马使董","1","1","2"
"兵马使董秦","1","1","2"
"营节度使李","1","1","2"
"节度使李嗣","1","1","2"
"度使李嗣业","1","1","2"
"郑蔡节度使","1","1","2"
"蔡节度使季","1","1","2"
"使季广琛等","1","1","2"
"季广琛等九","1","1","2"
"广琛等九节","1","1","2"
"琛等九节度","1","1","2"
"步骑二十万","2","0","2"
"开府鱼朝恩","1","1","2"
"凤翔尹李齐","1","1","2"
"翔尹李齐物","1","1","2"
"濮州刺史张","1","1","2"
"州刺史张方","1","1","2"
"刺史张方须","1","1","2"
"五府节度使","1","1","2"
"升州刺史韦","1","1","2"
"州刺史韦黄","1","1","2"
"刺史韦黄裳","1","1","2"
"滑州刺史许","1","1","2"
"史许叔冀充","1","1","2"
"宋等州节度","1","1","2"
"郓州刺史尚","1","1","2"
"京兆尹李岘","1","1","2"
"李岘吏部尚","2","0","2"
"岘吏部尚书","2","0","2"
"部侍郎李揆","1","1","2"
"郎第五琦等","1","1","2"
"河西节度副","1","1","2"
"瑱陕州刺史","2","0","2"
"潼关防御团","1","1","2"
"关防御团练","1","1","2"
"防御团练等","1","1","2"
"御团练等使","1","1","2"
"同平章事第","1","1","2"
"平章事第五","1","1","2"
"章事第五琦","1","1","2"
"事第五琦贬","1","1","2"
"贬忠州长史","2","0","2"
"御史大夫贺","1","1","2"
"史大夫贺兰","1","1","2"
"大夫贺兰进","1","1","2"
"夫贺兰进明","1","1","2"
"贺兰进明贬","1","1","2"
"杭州刺史侯","1","1","2"
"州刺史侯令","1","1","2"
"刺史侯令仪","1","1","2"
"东京留守韦","1","1","2"
"京留守韦陟","1","1","2"
"太子宾客房","1","1","2"
"温州刺史季","1","1","2"
"河中尹萧华","1","1","2"
"部侍郎裴遵","1","1","2"
"侍郎裴遵庆","1","1","2"
"赵国公管崇","1","1","2"
"国公管崇嗣","1","1","2"
"东节度副大","1","1","2"
"昌黎伯韩择","1","1","2"
"黎伯韩择木","1","1","2"
"韩择木礼部","2","0","2"
"择木礼部尚","2","0","2"
"木礼部尚书","2","0","2"
"部侍郎元载","1","1","2"
"载同中书门","2","0","2"
"礼部尚书韩","1","1","2"
"部尚书韩择","1","1","2"
"尚书韩择木","1","1","2"
"卫等州节度","1","1","2"
"承嗣检校户","2","0","2"
"嗣检校户部","2","0","2"
"等州都防御","1","1","2"
"北副元帅仆","1","1","2"
"副元帅仆固","1","1","2"
"元帅仆固怀","1","1","2"
"帅仆固怀恩","1","1","2"
"仆固怀恩加","1","1","2"
"固怀恩加太","1","1","2"
"怀恩加太保","1","1","2"
"尚书右丞颜","1","1","2"
"书右丞颜真","1","1","2"
"右丞颜真卿","1","1","2"
"颜真卿刑部","2","0","2"
"真卿刑部尚","2","0","2"
"卿刑部尚书","2","0","2"
"朔方宣慰使","1","1","2"
"支转运使刘","1","1","2"
"平章事李岘","1","1","2"
"骑常侍王缙","1","1","2"
"鸿渐兵部侍","2","0","2"
"渐兵部侍郎","2","0","2"
"州刺史裴冕","1","1","2"
"淮南转运使","1","1","2"
"东节度使辛","1","1","2"
"节度使辛云","1","1","2"
"度使辛云京","1","1","2"
"使卫伯玉检","1","1","2"
"卫伯玉检校","1","1","2"
"伯玉检校工","1","1","2"
"玉检校工部","1","1","2"
"茂州刺史崔","1","1","2"
"州刺史崔旰","1","1","2"
"邛南节度使","1","1","2"
"太子少保裴","1","1","2"
"子少保裴遵","1","1","2"
"少保裴遵庆","1","1","2"
"庆吏部尚书","2","0","2"
"部尚书崔寓","1","1","2"
"郎张仲光华","2","0","2"
"张仲光华州","2","0","2"
"仲光华州刺","2","0","2"
"光华州刺史","2","0","2"
"理卿敬括同","2","0","2"
"卿敬括同州","2","0","2"
"敬括同州刺","2","0","2"
"刑部侍郎魏","1","1","2"
"部侍郎魏少","1","1","2"
"侍郎魏少游","1","1","2"
"书舍人张延","1","1","2"
"舍人张延赏","1","1","2"
"检校河南尹","1","1","2"
"部侍郎蒋涣","1","1","2"
"州刺史韦元","1","1","2"
"刺史韦元甫","1","1","2"
"州刺史李栖","1","1","2"
"刺史李栖筠","1","1","2"
"史大夫崔旰","1","1","2"
"南淮西山南","2","0","2"
"淮西山南东","2","0","2"
"西山南东道","2","0","2"
"齐国公王缙","1","1","2"
"充河东军节","2","0","2"
"山剑副元帅","2","0","2"
"馆大学士杜","1","1","2"
"大学士杜鸿","1","1","2"
"学士杜鸿渐","1","1","2"
"部尚书裴遵","1","1","2"
"尚书裴遵庆","1","1","2"
"改吏部尚书","2","0","2"
"御史中丞陈","1","1","2"
"史中丞陈少","1","1","2"
"中丞陈少游","1","1","2"
"丞陈少游充","1","1","2"
"充浙江东道","2","0","2"
"浙江东道团","1","1","2"
"江东道团练","1","1","2"
"东道团练观","1","1","2"
"都副留守常","1","1","2"
"副留守常休","1","1","2"
"留守常休明","1","1","2"
"贝州临清县","1","1","2"
"州刺史李琦","1","1","2"
"陇州华亭县","1","1","2"
"越州刺史陈","1","1","2"
"州刺史陈少","1","1","2"
"刺史陈少游","1","1","2"
"汴州刺史田","1","1","2"
"州刺史田神","1","1","2"
"刺史田神功","1","1","2"
"宣州刺史季","1","1","2"
"陇州刺史马","1","1","2"
"饶阳王李正","1","1","2"
"阳王李正己","1","1","2"
"李正己检校","2","0","2"
"李宝臣检校","2","0","2"
"臣检校司空","2","0","2"
"淄青节度留","1","1","2"
"青节度留后","1","1","2"
"夏四月壬午","2","0","2"
"贤院学士常","1","1","2"
"院学士常衮","1","1","2"
"书颜真卿献","1","1","2"
"三百六十卷","1","1","2"
"浙西观察留","1","1","2"
"西观察留后","1","1","2"
"察留后李道","1","1","2"
"留后李道昌","1","1","2"
"浙西都团练","1","1","2"
"魏博七州节","1","1","2"
"博七州节度","1","1","2"
"督府长史田","1","1","2"
"府长史田承","1","1","2"
"长史田承嗣","1","1","2"
"魏博中军兵","1","1","2"
"博中军兵马","1","1","2"
"左司马田悦","1","1","2"
"魏博节度留","1","1","2"
"博节度留后","1","1","2"
"紫金鱼袋窦","1","1","2"
"金鱼袋窦易","1","1","2"
"鱼袋窦易直","1","1","2"
"河南尹令狐","1","1","2"
"南尹令狐楚","1","1","2"
"尹令狐楚检","1","1","2"
"狐楚检校礼","1","1","2"
"楚检校礼部","1","1","2"
"部尚书崔植","1","1","2"
"尚书崔植检","1","1","2"
"书崔植检校","1","1","2"
"崔植检校吏","1","1","2"
"植检校吏部","1","1","2"
"节度观察经","1","1","2"
"度观察经略","1","1","2"
"观察经略使","1","1","2"
"襄州柳公绰","1","1","2"
"滑州高承简","1","1","2"
"尚书加检校","1","1","2"
"书加检校右","1","1","2"
"三月乙巳朔","2","0","2"
"部尚书郭钊","1","1","2"
"政殿试制举","2","0","2"
"殿试制举人","2","0","2"
"试制举人二","1","1","2"
"制举人二百","1","1","2"
"举人二百九","1","1","2"
"二百九十一","1","1","2"
"百九十一人","1","1","2"
"书舍人郑涵","1","1","2"
"部郎中李虞","1","1","2"
"郎中李虞仲","1","1","2"
"策大将军康","1","1","2"
"大将军康志","1","1","2"
"将军康志睦","1","1","2"
"军康志睦检","1","1","2"
"康志睦检校","1","1","2"
"志睦检校工","1","1","2"
"睦检校工部","1","1","2"
"议大夫刘栖","1","1","2"
"大夫刘栖楚","1","1","2"
"七月癸卯朔","2","0","2"
"兗海节度使","2","0","2"
"海节度使王","1","1","2"
"国子祭酒卫","1","1","2"
"子祭酒卫中","1","1","2"
"祭酒卫中行","1","1","2"
"裴度守司空","2","0","2"
"工部侍郎王","1","1","2"
"福州观察使","1","1","2"
"州观察使徐","1","1","2"
"观察使徐晦","1","1","2"
"臣上谥曰睿","2","0","2"
"年七月十三","1","1","2"
"金鱼袋韦处","1","1","2"
"鱼袋韦处厚","1","1","2"
"侍讲学士宋","1","1","2"
"讲学士宋申","1","1","2"
"学士宋申锡","1","1","2"
"士宋申锡充","1","1","2"
"华州刺史钱","1","1","2"
"州刺史钱徽","1","1","2"
"阳节度使崔","1","1","2"
"节度使崔弘","1","1","2"
"度使崔弘礼","1","1","2"
"观察处置临","1","1","2"
"察处置临海","1","1","2"
"处置临海监","1","1","2"
"临海监牧等","1","1","2"
"海监牧等使","1","1","2"
"七百户王播","1","1","2"
"依前充诸道","2","0","2"
"御史大夫段","1","1","2"
"史大夫段文","1","1","2"
"大夫段文昌","1","1","2"
"夫段文昌代","1","1","2"
"工部侍郎独","1","1","2"
"侍郎独孤朗","1","1","2"
"太府卿裴弘","1","1","2"
"府卿裴弘泰","1","1","2"
"州节度使傅","1","1","2"
"节度使傅良","1","1","2"
"度使傅良弼","1","1","2"
"右丞沈传师","1","1","2"
"魏博行营都","1","1","2"
"博行营都知","1","1","2"
"知兵马使亓","1","1","2"
"兵马使亓志","1","1","2"
"马使亓志绍","1","1","2"
"使亓志绍率","1","1","2"
"亓志绍率所","1","1","2"
"志绍率所部","1","1","2"
"绍率所部兵","1","1","2"
"率所部兵马","1","1","2"
"所部兵马二","1","1","2"
"部兵马二万","1","1","2"
"兵马二万人","1","1","2"
"欲杀史宪诚","1","1","2"
"杀史宪诚父","1","1","2"
"史宪诚父子","1","1","2"
"关防御使崔","1","1","2"
"防御使崔植","1","1","2"
"武昌节度使","1","1","2"
"黄安申等观","1","1","2"
"安申等观察","1","1","2"
"申等观察处","1","1","2"
"等观察处置","1","1","2"
"奇章郡开国","1","1","2"
"章郡开国公","1","1","2"
"郡开国公牛","1","1","2"
"开国公牛僧","1","1","2"
"国公牛僧孺","1","1","2"
"书柳公绰检","2","0","2"
"户裴度守司","2","0","2"
"十六宅诸王","2","0","2"
"王绫绢二万","1","1","2"
"绫绢二万匹","1","1","2"
"新罗王嗣子","1","1","2"
"罗王嗣子金","1","1","2"
"王嗣子金景","1","1","2"
"嗣子金景徽","1","1","2"
"使持节鸡林","1","1","2"
"持节鸡林州","1","1","2"
"节鸡林州诸","1","1","2"
"鸡林州大都","1","1","2"
"林州大都督","1","1","2"
"新罗国太妃","1","1","2"
"度留后杨志","1","1","2"
"留后杨志诚","1","1","2"
"后杨志诚检","1","1","2"
"杨志诚检校","1","1","2"
"志诚检校工","1","1","2"
"东节度使柳","1","1","2"
"刑部侍郎宇","1","1","2"
"部侍郎宇文","1","1","2"
"侍郎宇文鼎","1","1","2"
"知制诰李汉","1","1","2"
"吾卫将军唐","1","1","2"
"卫将军唐弘","1","1","2"
"将军唐弘实","1","1","2"
"九姓回纥爱","1","1","2"
"姓回纥爱登","1","1","2"
"回纥爱登里","1","1","2"
"纥爱登里罗","1","1","2"
"爱登里罗汨","1","1","2"
"登里罗汨没","1","1","2"
"里罗汨没施","1","1","2"
"罗汨没施合","1","1","2"
"汨没施合句","1","1","2"
"录毗伽彰信","1","1","2"
"户部侍郎庾","1","1","2"
"部侍郎庾敬","1","1","2"
"侍郎庾敬休","1","1","2"
"度副使李石","1","1","2"
"李宗闵中书","2","0","2"
"观察等使李","1","1","2"
"察等使李德","1","1","2"
"等使李德裕","1","1","2"
"李德裕太子","2","0","2"
"守兵部郎中","1","1","2"
"绯鱼袋李训","1","1","2"
"鱼袋李训守","1","1","2"
"袋李训守尚","1","1","2"
"李训守尚书","1","1","2"
"训守尚书礼","1","1","2"
"守尚书礼部","1","1","2"
"潮州司户李","1","1","2"
"州司户李宗","1","1","2"
"司户李宗闵","1","1","2"
"州刺史李珏","1","1","2"
"铁转运使令","1","1","2"
"转运使令狐","1","1","2"
"运使令狐楚","1","1","2"
"使令狐楚检","2","0","2"
"史大夫薛元","1","1","2"
"大夫薛元赏","1","1","2"
"徐泗宿濠观","2","0","2"
"泗宿濠观察","2","0","2"
"宿濠观察等","2","0","2"
"德裕检校户","2","0","2"
"裕检校户部","2","0","2"
"南节度使牛","1","1","2"
"僧孺检校司","2","0","2"
"孺检校司空","2","0","2"
"州刺史卢商","1","1","2"
"京兆尹归融","1","1","2"
"尚书左丞崔","1","1","2"
"吾卫将军高","1","1","2"
"部侍郎郑肃","1","1","2"
"刺史李道枢","1","1","2"
"议大夫高元","1","1","2"
"大夫高元裕","1","1","2"
"裕御史中丞","2","0","2"
"左仆射牛僧","1","1","2"
"仆射牛僧孺","1","1","2"
"吏部侍郎陈","1","1","2"
"部侍郎陈夷","1","1","2"
"侍郎陈夷行","1","1","2"
"州镇国军防","1","1","2"
"镇国军防御","1","1","2"
"国军防御使","1","1","2"
"州刺史李颖","1","1","2"
"谏议大夫冯","1","1","2"
"议大夫冯定","1","1","2"
"杭州刺史李","1","1","2"
"刺史李宗闵","1","1","2"
"曰元圣昭献","1","1","2"
"元圣昭献皇","1","1","2"
"圣昭献皇帝","1","1","2"
"谏议大夫何","1","1","2"
"议大夫何士","1","1","2"
"大夫何士干","1","1","2"
"黄等州都团","1","1","2"
"秋七月庚戌","2","0","2"
"金吾将军张","1","1","2"
"吾将军张献","1","1","2"
"陈许防御兵","1","1","2"
"许防御兵马","1","1","2"
"防御兵马使","1","1","2"
"御兵马使韩","1","1","2"
"兵马使韩全","1","1","2"
"马使韩全义","1","1","2"
"诸军行营节","1","1","2"
"军行营节度","1","1","2"
"兵部郎中姚","1","1","2"
"部郎中姚南","1","1","2"
"郎中姚南仲","1","1","2"
"司农卿薛珏","1","1","2"
"大理卿李速","1","1","2"
"节度使杜亚","1","1","2"
"司农卿李翼","1","1","2"
"南节度使樊","1","1","2"
"樊泽襄州刺","2","0","2"
"泽襄州刺史","2","0","2"
"左庶子李充","1","1","2"
"苏州刺史齐","1","1","2"
"州刺史齐抗","1","1","2"
"贬左金吾大","1","1","2"
"吾大将军嗣","1","1","2"
"大将军嗣虢","1","1","2"
"将军嗣虢王","1","1","2"
"知制诰吴通","1","1","2"
"制诰吴通玄","1","1","2"
"汴州长史刘","1","1","2"
"州长史刘士","1","1","2"
"长史刘士宁","1","1","2"
"校右仆射贾","1","1","2"
"右仆射贾耽","1","1","2"
"书左丞卢迈","1","1","2"
"哥邻王董卧","1","1","2"
"邻王董卧庭","1","1","2"
"白狗王罗陀","1","1","2"
"狗王罗陀匆","1","1","2"
"弱水王董避","1","1","2"
"逋租王弟邓","1","1","2"
"租王弟邓告","1","1","2"
"王弟邓告知","1","1","2"
"南水王侄尚","1","1","2"
"水王侄尚悉","1","1","2"
"王侄尚悉曩","1","1","2"
"侄尚悉曩等","1","1","2"
"尚悉曩等六","1","1","2"
"悉曩等六国","1","1","2"
"曩等六国君","1","1","2"
"等六国君王","1","1","2"
"令御史一人","1","1","2"
"西观察使王","1","1","2"
"纬诸道盐铁","2","0","2"
"秘书少监王","1","1","2"
"书少监王础","1","1","2"
"黔中经略观","1","1","2"
"中经略观察","1","1","2"
"卫尉少卿武","1","1","2"
"尉少卿武少","1","1","2"
"少卿武少仪","1","1","2"
"河阳献白乌","1","1","2"
"海军节度大","1","1","2"
"兵马使程怀","1","1","2"
"马使程怀信","1","1","2"
"元节度使严","1","1","2"
"加检校左右","2","0","2"
"晋检校左仆","2","0","2"
"军司马李景","1","1","2"
"司马李景略","1","1","2"
"军丰州西受","1","1","2"
"丰州西受降","1","1","2"
"州西受降城","1","1","2"
"少府监崔穆","1","1","2"
"建都团练使","1","1","2"
"团练使李若","1","1","2"
"练使李若初","1","1","2"
"婺州刺史柳","1","1","2"
"州刺史柳冕","1","1","2"
"神策将军张","1","1","2"
"策将军张昌","1","1","2"
"下平章事赵","1","1","2"
"平章事赵宗","1","1","2"
"章事赵宗儒","1","1","2"
"赵宗儒太子","2","0","2"
"州刺史崔宗","1","1","2"
"西观察使诸","2","0","2"
"观察使诸道","2","0","2"
"察使诸道盐","2","0","2"
"常州刺史裴","1","1","2"
"州刺史裴肃","1","1","2"
"太常卿杜确","1","1","2"
"义成军行军","1","1","2"
"成军行军司","1","1","2"
"军行军司马","1","1","2"
"行军司马卢","1","1","2"
"军司马卢群","1","1","2"
"泗濠节度使","1","1","2"
"徐州刺史张","1","1","2"
"左丞李元素","1","1","2"
"剑南东川行","1","1","2"
"南东川行军","1","1","2"
"东川行军司","1","1","2"
"军司马李康","1","1","2"
"吏部尚书顾","1","1","2"
"部尚书顾少","1","1","2"
"尚书顾少连","1","1","2"
"管经略使徐","1","1","2"
"经略使徐申","1","1","2"
"冬十月丁亥","2","0","2"
"部尚书王锷","1","1","2"
"淮南行军司","1","1","2"
"军司马王锷","1","1","2"
"荆南行军司","1","1","2"
"军司马裴筠","1","1","2"
"陈许节度赐","1","1","2"
"许节度赐号","1","1","2"
"入吐蕃吊祭","1","1","2"
"吐蕃吊祭使","1","1","2"
"林学士杜审","1","1","2"
"学士杜审权","1","1","2"
"杜审权检校","2","0","2"
"铁转运使杜","1","1","2"
"节度使裴休","1","1","2"
"知制诰王铎","1","1","2"
"部侍郎李晦","1","1","2"
"骑常侍李荀","1","1","2"
"事夏侯孜增","1","1","2"
"袭食实封一","1","1","2"
"一百户王绍","1","1","2"
"百户王绍懿","1","1","2"
"户部侍郎路","1","1","2"
"部侍郎路岩","1","1","2"
"户部尚书曹","1","1","2"
"礼部尚书路","1","1","2"
"工部尚书徐","1","1","2"
"部尚书徐商","1","1","2"
"使张允伸就","1","1","2"
"龙阳县开国","1","1","2"
"阳县开国伯","1","1","2"
"邑一千户康","1","1","2"
"一千户康承","1","1","2"
"徐泗行营都","1","1","2"
"泗行营都招","1","1","2"
"曹州行营招","1","1","2"
"千户令狐綯","2","0","2"
"稽县开国伯","1","1","2"
"邑二千户康","1","1","2"
"二千户康承","1","1","2"
"本官太原尹","2","0","2"
"河东行营沙","1","1","2"
"东行营沙陀","1","1","2"
"行营沙陀三","1","1","2"
"营沙陀三部","1","1","2"
"陀三部落羌","1","1","2"
"浑诸部招讨","1","1","2"
"诸部招讨使","1","1","2"
"孟怀泽观察","2","0","2"
"史大夫崔彦","1","1","2"
"大夫崔彦昭","1","1","2"
"风县开国子","1","1","2"
"驸马都尉韦","1","1","2"
"马都尉韦保","1","1","2"
"都尉韦保衡","1","1","2"
"同平章事曹","1","1","2"
"金鱼袋郑畋","1","1","2"
"紫金鱼袋孙","1","1","2"
"紫金鱼袋高","1","1","2"
"金鱼袋高湘","1","1","2"
"金鱼袋杨知","1","1","2"
"侍郎郑谠检","2","0","2"
"郎郑谠检校","2","0","2"
"同平章事路","1","1","2"
"平章事路岩","1","1","2"
"邑三千户张","1","1","2"
"三千户张允","1","1","2"
"千户张允伸","1","1","2"
"事中杜裔休","1","1","2"
"中杜裔休贬","1","1","2"
"贬端州司马","2","0","2"
"前大理正万","1","1","2"
"大理正万俟","1","1","2"
"前兴元少尹","1","1","2"
"兴元少尹冯","1","1","2"
"元少尹冯彭","1","1","2"
"前大理正阳","1","1","2"
"骑常侍段文","1","1","2"
"常侍段文楚","1","1","2"
"循州司户崔","1","1","2"
"州司户崔沆","1","1","2"
"司户崔沆复","1","1","2"
"学士承旨郑","1","1","2"
"士承旨郑畋","1","1","2"
"林学士张裼","1","1","2"
"前谏议大夫","1","1","2"
"议大夫高湘","1","1","2"
"歙观察使杨","1","1","2"
"观察使杨严","1","1","2"
"岐山郡开国","1","1","2"
"山郡开国公","1","1","2"
"邑三千户窦","1","1","2"
"三千户窦浣","1","1","2"
"同平章事赵","1","1","2"
"平章事赵隐","1","1","2"
"军卫上将军","1","1","2"
"卫上将军浑","1","1","2"
"上将军浑僖","1","1","2"
"左千牛卫上","1","1","2"
"千牛卫上将","1","1","2"
"牛卫上将军","1","1","2"
"紫金鱼袋卢","1","1","2"
"金鱼袋卢携","1","1","2"
"部侍郎韦荷","1","1","2"
"议大夫崔胤","1","1","2"
"司郎中崔原","1","1","2"
"凤州刺史郭","1","1","2"
"州刺史郭弘","1","1","2"
"刺史郭弘业","1","1","2"
"部侍郎裴坦","1","1","2"
"略招讨使高","1","1","2"
"招讨使高秦","1","1","2"
"湖州刺史张","1","1","2"
"州刺史张搏","1","1","2"
"员外郎杨堪","1","1","2"
"部郎中崔彦","1","1","2"
"郎中崔彦融","1","1","2"
"都官郎中杨","1","1","2"
"官郎中杨知","1","1","2"
"郎中杨知退","1","1","2"
"司员外郎唐","1","1","2"
"员外郎唐峤","1","1","2"
"部员外郎毕","1","1","2"
"员外郎毕绍","1","1","2"
"外郎毕绍颜","1","1","2"
"侍御史郑顼","1","1","2"
"节度使王景","1","1","2"
"度使王景崇","1","1","2"
"使王景崇加","1","1","2"
"汝州刺史崔","1","1","2"
"州刺史崔彦","1","1","2"
"刺史崔彦冲","1","1","2"
"东川点检兵","1","1","2"
"川点检兵马","1","1","2"
"点检兵马使","1","1","2"
"检兵马使吴","1","1","2"
"兵马使吴行","1","1","2"
"马使吴行鲁","1","1","2"
"部尚书崔充","1","1","2"
"河南尹李晦","1","1","2"
"凤翔陇西节","1","1","2"
"翔陇西节度","1","1","2"
"陇西节度使","1","1","2"
"勋员外郎薛","1","1","2"
"员外郎薛迈","1","1","2"
"员外郎郑就","1","1","2"
"员外郎郑綮","1","1","2"
"客员外郎王","1","1","2"
"员外郎王镣","1","1","2"
"京兆尹张裼","1","1","2"
"曹濮观察等","2","0","2"
"左司勋员外","1","1","2"
"勋员外郎杜","1","1","2"
"员外郎杜贞","1","1","2"
"外郎杜贞符","1","1","2"
"员外郎牛循","1","1","2"
"员外郎卢胤","1","1","2"
"外郎卢胤征","1","1","2"
"功员外郎赵","1","1","2"
"员外郎赵蕴","1","1","2"
"员外郎卢庄","1","1","2"
"部员外郎萧","1","1","2"
"员外郎萧遘","1","1","2"
"居郎刘崇龟","1","1","2"
"中侍御史孔","1","1","2"
"侍御史孔纶","1","1","2"
"下侍郎崔彦","1","1","2"
"平章事郑畋","2","0","2"
"事郑畋监修","1","1","2"
"郑畋监修国","1","1","2"
"畋监修国史","1","1","2"
"卫大将军墨","1","1","2"
"大将军墨冲","1","1","2"
"将军墨冲谦","1","1","2"
"黎州刺史杜","1","1","2"
"州刺史杜冈","1","1","2"
"西观察使独","1","1","2"
"察使独孤云","1","1","2"
"金州刺史束","1","1","2"
"州刺史束乡","1","1","2"
"刺史束乡励","1","1","2"
"卫尉卿李铎","1","1","2"
"傅分司裴思","1","1","2"
"分司裴思谦","1","1","2"
"抚王府长史","1","1","2"
"王府长史刘","1","1","2"
"府长史刘允","1","1","2"
"长史刘允章","1","1","2"
"判度支崔彦","2","0","2"
"度支崔彦昭","2","0","2"
"中书侍郎郑","1","1","2"
"书侍郎郑畋","1","1","2"
"歙州刺史萧","1","1","2"
"州刺史萧骞","1","1","2"
"司员外郎崔","1","1","2"
"员外郎崔潼","1","1","2"
"部郎中李节","1","1","2"
"金部郎中王","1","1","2"
"主客郎中郑","1","1","2"
"员外郎张谯","1","1","2"
"田员外郎窦","1","1","2"
"部侍郎崔朗","1","1","2"
"左军擗仗使","1","1","2"
"左监门卫上","1","1","2"
"监门卫上将","1","1","2"
"门卫上将军","1","1","2"
"卫上将军西","1","1","2"
"上将军西门","1","1","2"
"将军西门思","1","1","2"
"军西门思恭","1","1","2"
"平章事崔彦","2","0","2"
"章事崔彦昭","2","0","2"
"事崔彦昭加","1","1","2"
"谏议大夫赵","1","1","2"
"议大夫赵蒙","1","1","2"
"商州刺史张","1","1","2"
"州刺史张同","1","1","2"
"门员外郎郑","1","1","2"
"员外郎郑荛","1","1","2"
"部员外郎樊","1","1","2"
"员外郎樊充","1","1","2"
"工部员外郎","1","1","2"
"汴宋度支使","1","1","2"
"宋度支使杜","1","1","2"
"度支使杜孺","1","1","2"
"支使杜孺休","1","1","2"
"太常少卿崔","1","1","2"
"常少卿崔浑","1","1","2"
"扬州左司马","1","1","2"
"州左司马郑","1","1","2"
"左司马郑祥","1","1","2"
"度支分巡院","1","1","2"
"支分巡院使","1","1","2"
"分巡院使李","1","1","2"
"巡院使李仲","1","1","2"
"院使李仲章","1","1","2"
"吾卫将军张","1","1","2"
"卫将军张简","1","1","2"
"将军张简会","1","1","2"
"观察使陆墉","1","1","2"
"歙观察使高","1","1","2"
"观察使高骈","1","1","2"
"使高骈检校","2","0","2"
"骈检校司空","2","0","2"
"杭润观察处","1","1","2"
"润观察处置","1","1","2"
"兗州节度使","2","0","2"
"节度使李系","1","1","2"
"统府左司马","1","1","2"
"都留守李蔚","1","1","2"
"招讨供军等","2","0","2"
"讨供军等使","2","0","2"
"制银青光禄","2","0","2"
"雁门代北制","1","1","2"
"门代北制置","1","1","2"
"石岭镇北兵","1","1","2"
"岭镇北兵马","1","1","2"
"上柱国康传","1","1","2"
"柱国康传圭","1","1","2"
"制置内闲厩","1","1","2"
"置内闲厩宫","1","1","2"
"内闲厩宫苑","1","1","2"
"七百户王处","1","1","2"
"百户王处存","1","1","2"
"王处存检校","2","0","2"
"易定观察处","1","1","2"
"定观察处置","1","1","2"
"宾客分司卢","1","1","2"
"客分司卢携","1","1","2"
"子宾客郑畋","1","1","2"
"太常博士皮","1","1","2"
"常博士皮日","1","1","2"
"博士皮日休","1","1","2"
"进士沈云翔","1","1","2"
"知制诰萧遘","1","1","2"
"宿州刺史刘","1","1","2"
"州刺史刘汉","1","1","2"
"刺史刘汉宏","1","1","2"
"容使西门思","1","1","2"
"使西门思恭","1","1","2"
"代北行营兵","1","1","2"
"营兵马使诸","1","1","2"
"兵马使诸葛","1","1","2"
"马使诸葛爽","1","1","2"
"拔思恭等军","1","1","2"
"忻代云蔚等","1","1","2"
"代云蔚等州","1","1","2"
"云蔚等州观","1","1","2"
"蔚等州观察","1","1","2"
"遣衙队将前","1","1","2"
"衙队将前锋","1","1","2"
"队将前锋杨","1","1","2"
"将前锋杨守","1","1","2"
"前锋杨守宗","1","1","2"
"河中骑将白","1","1","2"
"中骑将白志","1","1","2"
"骑将白志迁","1","1","2"
"蹑云都将丁","1","1","2"
"云都将丁行","1","1","2"
"都将丁行存","1","1","2"
"镇将康师贞","1","1","2"
"黄头军使庞","1","1","2"
"等三十二都","1","1","2"
"书右仆射东","1","1","2"
"右仆射东方","1","1","2"
"仆射东方逵","1","1","2"
"射东方逵就","1","1","2"
"就加同平章","2","0","2"
"右金吾卫上","1","1","2"
"左街功德使","1","1","2"
"齐国公田令","1","1","2"
"国公田令孜","1","1","2"
"淮南右都押","1","1","2"
"南右都押衙","1","1","2"
"銮都将陈珮","2","0","2"
"都将陈珮检","2","0","2"
"将陈珮检校","2","0","2"
"进封襄阳郡","2","0","2"
"神策十军观","1","1","2"
"策十军观军","1","1","2"
"左金吾卫上","1","1","2"
"郡开国公杨","1","1","2"
"开国公杨复","1","1","2"
"国公杨复恭","1","1","2"
"忠贞启圣定","1","1","2"
"贞启圣定国","1","1","2"
"启圣定国功","1","1","2"
"圣定国功臣","1","1","2"
"德宗神武孝","1","1","2"
"宗神武孝文","1","1","2"
"神武孝文皇","1","1","2"
"武孝文皇帝","1","1","2"
"曰睿真皇后","2","0","2"
"睿真皇后沈","1","1","2"
"真皇后沈氏","1","1","2"
"兵部尚书路","1","1","2"
"恭东都留守","2","0","2"
"常州刺史萧","1","1","2"
"朔方右留后","1","1","2"
"方右留后常","1","1","2"
"右留后常谦","1","1","2"
"光灵州大都","2","0","2"
"朔方左留后","1","1","2"
"胜等军州节","1","1","2"
"等军州节度","1","1","2"
"州节度营田","2","0","2"
"节度营田使","1","1","2"
"检校太常少","1","1","2"
"校太常少卿","1","1","2"
"吏部侍郎房","1","1","2"
"部侍郎房宗","1","1","2"
"侍郎房宗偃","1","1","2"
"鸿胪卿贾耽","1","1","2"
"贾耽梁州刺","2","0","2"
"耽梁州刺史","2","0","2"
"户部郎中韩","1","1","2"
"部郎中韩洄","1","1","2"
"原节度使段","1","1","2"
"司农卿庾准","1","1","2"
"建观察使鲍","1","1","2"
"江西团练观","1","1","2"
"御史中丞元","1","1","2"
"史中丞元全","1","1","2"
"中丞元全柔","1","1","2"
"泾州将刘光","1","1","2"
"州将刘光国","1","1","2"
"将刘光国杀","1","1","2"
"刘光国杀刘","1","1","2"
"光国杀刘文","1","1","2"
"国杀刘文喜","1","1","2"
"东都留守路","1","1","2"
"都留守路嗣","1","1","2"
"留守路嗣恭","1","1","2"
"门下侍郎杨","1","1","2"
"下侍郎杨炎","1","1","2"
"御史大夫卢","1","1","2"
"史大夫卢杞","1","1","2"
"万年令崔汉","1","1","2"
"年令崔汉衡","1","1","2"
"秘书少监郑","1","1","2"
"书少监郑叔","1","1","2"
"观察使李元","1","1","2"
"察使李元忠","1","1","2"
"四镇节度留","1","1","2"
"镇节度留后","1","1","2"
"节度留后郭","1","1","2"
"度留后郭昕","1","1","2"
"平章事杨炎","1","1","2"
"户部郎中包","1","1","2"
"部郎中包佶","1","1","2"
"郎中包佶充","1","1","2"
"江淮水陆运","1","1","2"
"淮水陆运使","1","1","2"
"骑常侍李涵","1","1","2"
"入回纥吊祭","1","1","2"
"回纥吊祭使","1","1","2"
"京兆少尹源","1","1","2"
"兆少尹源休","1","1","2"
"振武军使王","1","1","2"
"部郎中杨真","1","1","2"
"南观察使嗣","1","1","2"
"观察使嗣曹","1","1","2"
"察使嗣曹王","1","1","2"
"使嗣曹王皋","2","0","2"
"吏部侍郎关","1","1","2"
"部侍郎关播","1","1","2"
"播中书侍郎","2","0","2"
"道节度使贾","1","1","2"
"使贾耽检校","2","0","2"
"兴凤团练使","1","1","2"
"凤团练使严","1","1","2"
"团练使严震","1","1","2"
"陇右节度判","1","1","2"
"右节度判官","1","1","2"
"中侍御史韦","1","1","2"
"侍御史韦皋","1","1","2"
"十二月壬戌","2","0","2"
"平章事卢杞","1","1","2"
"知兵马使白","1","1","2"
"兵马使白志","1","1","2"
"马使白志贞","1","1","2"
"侍御史吴通","1","1","2"
"御史吴通玄","1","1","2"
"平章事关播","1","1","2"
"播刑部尚书","2","0","2"
"司封郎中杜","1","1","2"
"封郎中杜黄","1","1","2"
"郎中杜黄裳","1","1","2"
"奉天行营都","1","1","2"
"天行营都团","1","1","2"
"行营都团练","1","1","2"
"营都团练使","1","1","2"
"都团练使杨","1","1","2"
"团练使杨惠","1","1","2"
"练使杨惠元","1","1","2"
"赵州观察使","1","1","2"
"州观察使康","1","1","2"
"观察使康日","1","1","2"
"察使康日知","1","1","2"
"奉诚军节度","1","1","2"
"诚军节度使","1","1","2"
"滑州兵马使","1","1","2"
"州兵马使贾","1","1","2"
"兵马使贾隐","1","1","2"
"马使贾隐林","1","1","2"
"州刺史李澄","1","1","2"
"李澄汴州刺","2","0","2"
"澄汴州刺史","2","0","2"
"秘书监崔汉","1","1","2"
"书监崔汉衡","1","1","2"
"河东保宁军","1","1","2"
"东保宁军节","1","1","2"
"燧奉诚军晋","2","0","2"
"隰节度行营","1","1","2"
"节度行营兵","1","1","2"
"度行营兵马","1","1","2"
"楼烦郡王浑","1","1","2"
"管内行营兵","1","1","2"
"内行营兵马","1","1","2"
"同绛节度使","1","1","2"
"绛节度使唐","1","1","2"
"武大将军李","1","1","2"
"大将军李观","1","1","2"
"将军李观泾","2","0","2"
"冯翊郡王尚","1","1","2"
"蜀州刺史韩","1","1","2"
"州刺史韩洄","1","1","2"
"左庶子包佶","1","1","2"
"汴州刺史薛","1","1","2"
"州刺史薛珏","1","1","2"
"卫大将军韦","1","1","2"
"大将军韦皋","1","1","2"
"观察使贾耽","1","1","2"
"郑滑等州观","2","0","2"
"平章事齐映","1","1","2"
"章事齐映贬","1","1","2"
"陇右元帅副","1","1","2"
"右元帅副兵","1","1","2"
"元帅副兵马","1","1","2"
"帅副兵马使","1","1","2"
"副兵马使吴","1","1","2"
"凤翔都虞候","1","1","2"
"翔都虞候邢","1","1","2"
"本府团练使","1","1","2"
"管经略使李","1","1","2"
"经略使李复","1","1","2"
"唐等州观察","1","1","2"
"道节度使樊","1","1","2"
"林大将军韩","1","1","2"
"大将军韩潭","1","1","2"
"平章事柳浑","1","1","2"
"常州刺史刘","1","1","2"
"户部尚书袁","1","1","2"
"部尚书袁滋","1","1","2"
"袁滋检校兵","2","0","2"
"滋检校兵部","2","0","2"
"十道州郡图","1","1","2"
"立德妃郭氏","1","1","2"
"羽林将军高","1","1","2"
"林将军高霞","1","1","2"
"河南尹郑权","1","1","2"
"乌重胤检校","1","1","2"
"奏攻破吐蕃","1","1","2"
"攻破吐蕃长","1","1","2"
"破吐蕃长乐","1","1","2"
"吐蕃长乐州","1","1","2"
"九年六月十","1","1","2"
"年六月十二","1","1","2"
"月十二日生","1","1","2"
"十二日生东","2","0","2"
"月十五日玄","1","1","2"
"十五日玄元","1","1","2"
"五日玄元皇","1","1","2"
"日玄元皇帝","1","1","2"
"元皇帝降生","1","1","2"
"葬文宗皇帝","1","1","2"
"同平章事杨","1","1","2"
"平章事杨嗣","1","1","2"
"章事杨嗣复","1","1","2"
"平章事李珏","1","1","2"
"防御观察等","2","0","2"
"御观察等使","2","0","2"
"平章事李绅","1","1","2"
"太子太保牛","1","1","2"
"子太保牛僧","1","1","2"
"太保牛僧孺","1","1","2"
"保牛僧孺等","1","1","2"
"号曰仁圣文","2","0","2"
"曰仁圣文武","2","0","2"
"神大孝皇帝","1","1","2"
"行营副使石","1","1","2"
"营副使石雄","1","1","2"
"本管押蕃落","2","0","2"
"管押蕃落等","2","0","2"
"晋绛副招讨","1","1","2"
"泽潞西面招","1","1","2"
"潞西面招讨","1","1","2"
"汾州刺史李","1","1","2"
"州刺史李丕","1","1","2"
"左右街道门","1","1","2"
"右街道门教","1","1","2"
"街道门教授","1","1","2"
"道门教授先","1","1","2"
"门教授先生","1","1","2"
"王宰进军攻","1","1","2"
"判度支崔珙","2","0","2"
"山东三州平","1","1","2"
"庐江郡开国","1","1","2"
"江郡开国公","1","1","2"
"学士承旨崔","1","1","2"
"士承旨崔铉","1","1","2"
"崔铉中书侍","2","0","2"
"铉中书侍郎","2","0","2"
"晋绛行营招","1","1","2"
"绛行营招讨","1","1","2"
"营招讨使石","1","1","2"
"陈许蔡等州","1","1","2"
"许蔡等州观","1","1","2"
"行营诸军招","1","1","2"
"营诸军招讨","1","1","2"
"诸军招讨使","1","1","2"
"二千户王宰","1","1","2"
"第四女封延","1","1","2"
"四女封延庆","1","1","2"
"女封延庆公","1","1","2"
"封延庆公主","1","1","2"
"第五女封靖","1","1","2"
"五女封靖乐","1","1","2"
"女封靖乐公","1","1","2"
"封靖乐公主","1","1","2"
"前寿州刺史","1","1","2"
"寿州刺史王","1","1","2"
"州刺史王镇","1","1","2"
"刺史王镇贬","1","1","2"
"二千户李回","1","1","2"
"察使郑亚贬","1","1","2"
"淮南观察判","1","1","2"
"察判官魏铏","2","0","2"
"陆浑县令元","1","1","2"
"浑县令元寿","1","1","2"
"县令元寿贬","1","1","2"
"铁转运使马","1","1","2"
"转运使马植","1","1","2"
"平章事韦琮","1","1","2"
"太常卿封敖","1","1","2"
"汝南县开国","1","1","2"
"邑五百户周","1","1","2"
"五百户周墀","1","1","2"
"紫金鱼袋马","1","1","2"
"金鱼袋马植","1","1","2"
"陵县开国子","1","1","2"
"平章事魏扶","1","1","2"
"华州刺史周","1","1","2"
"州刺史周敬","1","1","2"
"刺史周敬复","1","1","2"
"复光禄大夫","2","0","2"
"江南西道团","1","1","2"
"南西道团练","1","1","2"
"原郡开国伯","1","1","2"
"邑一千户白","1","1","2"
"一千户白敏","1","1","2"
"同平章事邠","2","0","2"
"东面招讨党","1","1","2"
"修国史崔龟","1","1","2"
"赞皇郡开国","1","1","2"
"皇郡开国公","1","1","2"
"五百户李珏","1","1","2"
"武功县开国","1","1","2"
"功县开国子","1","1","2"
"邑三百户苏","1","1","2"
"三百户苏涤","1","1","2"
"同平章事魏","1","1","2"
"司农卿郑助","1","1","2"
"夏绥银宥等","2","0","2"
"绥银宥等州","2","0","2"
"银宥等州节","2","0","2"
"押蕃落安抚","1","1","2"
"平章事裴休","1","1","2"
"定州观察处","1","1","2"
"金鱼袋郑涓","1","1","2"
"陇西县开国","1","1","2"
"西县开国男","1","1","2"
"金鱼袋李讷","1","1","2"
"浙江东道都","1","1","2"
"江东道都团","1","1","2"
"东道都团练","1","1","2"
"刑部郎中卢","1","1","2"
"部郎中卢搏","1","1","2"
"海郡开国公","1","1","2"
"邑二千户高","1","1","2"
"二千户高少","1","1","2"
"千户高少逸","1","1","2"
"酒泉县开国","1","1","2"
"泉县开国男","1","1","2"
"邑三百户李","1","1","2"
"三百户李景","1","1","2"
"风县开国男","1","1","2"
"金鱼袋韦澳","1","1","2"
"金鱼袋郑助","1","1","2"
"庆州南路救","1","1","2"
"州南路救援","1","1","2"
"道沿路镇寨","1","1","2"
"沿路镇寨粮","1","1","2"
"路镇寨粮料","1","1","2"
"镇寨粮料等","1","1","2"
"寨粮料等使","1","1","2"
"崔慎中书侍","2","0","2"
"慎中书侍郎","2","0","2"
"中书门下侍","1","1","2"
"金鱼袋郑朗","1","1","2"
"集贤院大学","1","1","2"
"贤院大学士","1","1","2"
"复朝请大夫","1","1","2"
"德军节度判","1","1","2"
"军节度判官","1","1","2"
"节度判官王","1","1","2"
"度判官王绍","1","1","2"
"判官王绍懿","1","1","2"
"王绍懿检校","2","0","2"
"镇府左司马","1","1","2"
"成德军中军","1","1","2"
"德军中军兵","1","1","2"
"军中军兵马","1","1","2"
"上柱国王景","1","1","2"
"柱国王景胤","1","1","2"
"本州团练守","1","1","2"
"镇州王绍鼎","1","1","2"
"酂县开国男","2","0","2"
"金鱼袋萧俶","2","0","2"
"部侍郎卢懿","1","1","2"
"懿检校工部","2","0","2"
"书舍人郑宪","1","1","2"
"安南宣慰使","1","1","2"
"右千牛卫大","1","1","2"
"千牛卫大将","1","1","2"
"牛卫大将军","1","1","2"
"卫大将军宋","1","1","2"
"大将军宋涯","1","1","2"
"安南都护宋","1","1","2"
"南都护宋涯","1","1","2"
"清河公崔巨","1","1","2"
"河公崔巨淙","1","1","2"
"太子太傅分","1","1","2"
"子太傅分司","1","1","2"
"太傅分司东","1","1","2"
"邑二千户杜","1","1","2"
"本官判东都","2","0","2"
"官判东都尚","2","0","2"
"史中丞王绍","1","1","2"
"中丞王绍懿","1","1","2"
"成德军副使","1","1","2"
"德军副使留","1","1","2"
"军副使留后","1","1","2"
"易定观察等","2","0","2"
"三百户郑涯","1","1","2"
"泾原渭武节","2","0","2"
"原渭武节度","2","0","2"
"范阳县开国","1","1","2"
"邑三百户卢","1","1","2"
"三百户卢简","1","1","2"
"百户卢简求","1","1","2"
"防御押蕃落","2","0","2"
"押蕃落诸军","1","1","2"
"蕃落诸军防","1","1","2"
"落诸军防秋","1","1","2"
"诸军防秋都","1","1","2"
"军防秋都知","1","1","2"
"度支乌池榷","1","1","2"
"支乌池榷税","1","1","2"
"乌池榷税使","1","1","2"
"紫金鱼袋陆","1","1","2"
"金鱼袋陆耽","1","1","2"
"鱼袋陆耽代","1","1","2"
"中杨知温充","1","1","2"
"金鱼袋杜审","1","1","2"
"鱼袋杜审权","1","1","2"
"西道节度等","2","0","2"
"道节度等使","2","0","2"
"成德军观察","1","1","2"
"德军观察留","1","1","2"
"军观察留后","1","1","2"
"金鱼袋王绍","1","1","2"
"鱼袋王绍懿","1","1","2"
"邑三百户毕","1","1","2"
"金鱼袋柳仲","1","1","2"
"鱼袋柳仲郢","1","1","2"
"官御史大夫","2","0","2"
"晋阳令郑液","1","1","2"
"安南本管经","2","0","2"
"南本管经略","2","0","2"
"金鱼袋李弘","1","1","2"
"鱼袋李弘甫","1","1","2"
"金鱼袋张毅","1","1","2"
"鱼袋张毅夫","1","1","2"
"申等州都团","1","1","2"
"金鱼袋杨发","1","1","2"
"充岭南东道","2","0","2"
"袭太原郡开","1","1","2"
"金鱼袋王镇","1","1","2"
"充福建等州","2","0","2"
"尚书司勋郎","1","1","2"
"书司勋郎中","1","1","2"
"鱼袋孔温裕","1","1","2"
"右骁卫上将","1","1","2"
"卫上将军李","1","1","2"
"上将军李正","1","1","2"
"将军李正源","1","1","2"
"大内皇城留","1","1","2"
"内皇城留守","1","1","2"
"东川节度副","1","1","2"
"紫金鱼袋段","1","1","2"
"鱼袋段文楚","1","1","2"
"金鱼袋萧鄴","2","0","2"
"渤海国王弟","1","1","2"
"国务大虔晃","1","1","2"
"册渤海国王","2","0","2"
"卫大将军分","1","1","2"
"大将军分司","1","1","2"
"将军分司东","1","1","2"
"军分司东都","1","1","2"
"稽县开国公","1","1","2"
"千五百户康","1","1","2"
"五百户康季","1","1","2"
"百户康季荣","1","1","2"
"卫上将军分","1","1","2"
"上将军分司","1","1","2"
"利州刺史杜","1","1","2"
"州刺史杜仓","1","1","2"
"蔡州刺史李","1","1","2"
"州刺史李丛","1","1","2"
"知制诰苗恪","1","1","2"
"驸马都尉卫","1","1","2"
"马都尉卫洙","1","1","2"
"卫洙工部侍","2","0","2"
"洙工部侍郎","2","0","2"
"濮王傅分司","1","1","2"
"王傅分司皇","1","1","2"
"傅分司皇甫","1","1","2"
"分司皇甫权","1","1","2"
"司农少卿卢","1","1","2"
"农少卿卢籍","1","1","2"
"江陵少尹杜","1","1","2"
"陵少尹杜恽","1","1","2"
"河东马步都","1","1","2"
"东马步都虞","1","1","2"
"步都虞候段","1","1","2"
"都虞候段威","1","1","2"
"陀三部落防","1","1","2"
"三部落防遏","1","1","2"
"部落防遏都","1","1","2"
"落防遏都知","1","1","2"
"防遏都知兵","1","1","2"
"遏都知兵马","1","1","2"
"铁转运使夏","1","1","2"
"转运使夏侯","1","1","2"
"运使夏侯孜","1","1","2"
"蛮攻安南府","2","0","2"
"知制诰蒋伸","1","1","2"
"曰圣武献文","1","1","2"
"圣武献文孝","1","1","2"
"武献文孝皇","1","1","2"
"献文孝皇帝","1","1","2"
"吾将军李道","1","1","2"
"将军李道古","1","1","2"
"书舍人王仲","1","1","2"
"舍人王仲舒","1","1","2"
"金吾将军田","1","1","2"
"吾将军田布","1","1","2"
"宗正卿李翱","1","1","2"
"节度使王潜","1","1","2"
"马一万五千","1","1","2"
"事张弘靖检","2","0","2"
"张弘靖检校","2","0","2"
"度使李愿检","2","0","2"
"使李愿检校","2","0","2"
"李愿检校司","2","0","2"
"愿检校司空","2","0","2"
"书舍人李宗","1","1","2"
"舍人李宗闵","1","1","2"
"右补阙杨汝","1","1","2"
"补阙杨汝士","1","1","2"
"太府卿李锐","1","1","2"
"入回纥婚礼","1","1","2"
"回纥婚礼使","1","1","2"
"道节度使崔","1","1","2"
"秘书监许季","1","1","2"
"书监许季同","1","1","2"
"同华州刺史","2","0","2"
"东西受降城","1","1","2"
"前吉州刺史","1","1","2"
"吉州刺史张","1","1","2"
"州刺史张弘","1","1","2"
"刺史张弘靖","1","1","2"
"节度使王日","1","1","2"
"度使王日简","1","1","2"
"姓名李全略","1","1","2"
"运使王播进","1","1","2"
"中丞李德裕","1","1","2"
"户部尚书马","1","1","2"
"部尚书马总","1","1","2"
"前司功参军","1","1","2"
"林待诏王叔","1","1","2"
"瑜吏部尚书","2","0","2"
"高郢刑部尚","2","0","2"
"郢刑部尚书","2","0","2"
"良娣王氏太","2","0","2"
"娣王氏太上","2","0","2"
"王氏太上皇","2","0","2"
"氏太上皇后","2","0","2"
"魏国公贾耽","1","1","2"
"行营节度高","1","1","2"
"营节度高崇","1","1","2"
"节度高崇文","1","1","2"
"前司封员外","1","1","2"
"员外郎韦况","1","1","2"
"封渤海郡王","1","1","2"
"渤海郡王高","1","1","2"
"海郡王高崇","1","1","2"
"郡王高崇文","1","1","2"
"崇文检校司","2","0","2"
"文检校司空","2","0","2"
"太常卿李元","1","1","2"
"常卿李元素","1","1","2"
"商州刺史元","1","1","2"
"州刺史元义","1","1","2"
"刺史元义方","1","1","2"
"方福建观察","2","0","2"
"史大夫高郢","1","1","2"
"御史知杂李","1","1","2"
"史知杂李夷","1","1","2"
"知杂李夷简","1","1","2"
"服食求神仙","1","1","2"
"观察使薛苹","1","1","2"
"州刺史李逊","1","1","2"
"都官郎中韦","1","1","2"
"官郎中韦贯","1","1","2"
"居舍人裴度","1","1","2"
"谏议大夫孟","1","1","2"
"议大夫孟简","1","1","2"
"事中刘伯刍","1","1","2"
"右补阙萧俯","1","1","2"
"补阙萧俯等","1","1","2"
"丰泉寺翻译","1","1","2"
"大乘本生心","1","1","2"
"乘本生心地","1","1","2"
"本生心地观","1","1","2"
"生心地观音","1","1","2"
"心地观音经","1","1","2"
"铁转运使卢","1","1","2"
"转运使卢坦","1","1","2"
"节度使赵宗","1","1","2"
"度使赵宗儒","1","1","2"
"黎阳县公志","2","0","2"
"阳县公志宁","2","0","2"
"县公志宁侍","2","0","2"
"公志宁侍中","2","0","2"
"丞张行成侍","2","0","2"
"张行成侍中","2","0","2"
"摄户部尚书","2","0","2"
"书高季辅中","2","0","2"
"高季辅中书","2","0","2"
"季辅中书令","2","0","2"
"男许敬宗礼","2","0","2"
"许敬宗礼部","2","0","2"
"敬宗礼部尚","2","0","2"
"宗礼部尚书","2","0","2"
"加授鄜州刺","2","0","2"
"授鄜州刺史","2","0","2"
"荆王元景司","2","0","2"
"王元景司徒","2","0","2"
"吴王恪司空","2","0","2"
"王恪司空梁","2","0","2"
"恪司空梁州","2","0","2"
"司空梁州刺","2","0","2"
"空梁州刺史","2","0","2"
"公褚遂良吏","2","0","2"
"褚遂良吏部","2","0","2"
"遂良吏部尚","2","0","2"
"良吏部尚书","2","0","2"
"仆射志宁太","2","0","2"
"射志宁太子","2","0","2"
"志宁太子少","2","0","2"
"宁太子少师","2","0","2"
"射张行成太","2","0","2"
"张行成太子","2","0","2"
"行成太子少","2","0","2"
"成太子少傅","2","0","2"
"中高季辅太","2","0","2"
"高季辅太子","2","0","2"
"季辅太子少","2","0","2"
"辅太子少保","2","0","2"
"中宇文节太","2","0","2"
"宇文节太子","2","0","2"
"文节太子詹","2","0","2"
"节太子詹事","2","0","2"
"新除房州刺","2","0","2"
"除房州刺史","2","0","2"
"尉柴令武谋","2","0","2"
"柴令武谋反","2","0","2"
"东县男柳奭","2","0","2"
"县男柳奭贬","2","0","2"
"男柳奭贬遂","2","0","2"
"柳奭贬遂州","2","0","2"
"奭贬遂州刺","2","0","2"
"贬遂州刺史","2","0","2"
"秋七月乙亥","2","0","2"
"公崔敦礼中","2","0","2"
"崔敦礼中书","2","0","2"
"敦礼中书令","2","0","2"
"皇太子忠梁","2","0","2"
"太子忠梁王","2","0","2"
"立代王弘皇","2","0","2"
"代王弘皇太","2","0","2"
"王弘皇太子","2","0","2"
"书令检校太","2","0","2"
"令检校太子","2","0","2"
"公崔敦礼太","2","0","2"
"崔敦礼太子","2","0","2"
"敦礼太子少","2","0","2"
"礼太子少师","2","0","2"
"厥沙钵罗汗","2","0","2"
"沙钵罗汗贺","2","0","2"
"钵罗汗贺鲁","2","0","2"
"罗汗贺鲁咥","2","0","2"
"汗贺鲁咥运","2","0","2"
"程名振攻高","2","0","2"
"名振攻高丽","2","0","2"
"宁太子太师","2","0","2"
"郎许圉师散","2","0","2"
"许圉师散骑","2","0","2"
"圉师散骑常","2","0","2"
"师散骑常侍","2","0","2"
"何力辽东道","2","0","2"
"力辽东道大","2","0","2"
"公苏定方平","2","0","2"
"苏定方平壤","2","0","2"
"定方平壤道","2","0","2"
"方平壤道大","2","0","2"
"公任雅相浿","2","0","2"
"任雅相浿江","2","0","2"
"雅相浿江道","2","0","2"
"相浿江道大","2","0","2"
"浿江道大总","2","0","2"
"命司元太常","2","0","2"
"太常伯刘详","2","0","2"
"常伯刘详道","2","0","2"
"伯刘详道等","2","0","2"
"刘详道等九","2","0","2"
"详道等九人","2","0","2"
"道等九人持","2","0","2"
"等九人持节","2","0","2"
"九人持节大","2","0","2"
"人持节大使","2","0","2"
"道王元庆薨","2","0","2"
"侯刘祥道右","2","0","2"
"刘祥道右相","2","0","2"
"宪窦德玄司","2","0","2"
"窦德玄司元","2","0","2"
"德玄司元太","2","0","2"
"玄司元太常","2","0","2"
"郎孙处约同","2","0","2"
"孙处约同知","2","0","2"
"处约同知政","2","0","2"
"约同知政事","2","0","2"
"释褐秘书省","2","0","2"
"褐秘书省校","2","0","2"
"外廷朝臣谋","1","1","2"
"申锡顿首谢","1","1","2"
"策军中尉王","1","1","2"
"尉王守澄所","1","1","2"
"王守澄所奏","1","1","2"
"本军虞候豆","1","1","2"
"候豆卢著状","2","0","2"
"宋申锡漳王","2","0","2"
"申锡漳王谋","2","0","2"
"锡漳王谋反","2","0","2"
"内官马存亮","1","1","2"
"官马存亮同","1","1","2"
"捕孔目官张","1","1","2"
"孔目官张全","1","1","2"
"目官张全真","1","1","2"
"家人买子缘","1","1","2"
"人买子缘信","1","1","2"
"买子缘信等","1","1","2"
"申锡开州司","2","0","2"
"锡开州司马","2","0","2"
"王璠京兆尹","2","0","2"
"连十宅谋反","1","1","2"
"谏官伏阁恳","1","1","2"
"京兆尹崔琯","2","0","2"
"大理卿王正","1","1","2"
"理卿王正雅","1","1","2"
"征御史大夫","2","0","2"
"使党项宣抚","1","1","2"
"黔南观察使","1","1","2"
"鄂岳都团练","1","1","2"
"岳都团练观","1","1","2"
"钱万七千贯","2","0","2"
"侍御史萧澈","1","1","2"
"御史萧澈弹","1","1","2"
"史萧澈弹劾","1","1","2"
"刑部郎中赵","1","1","2"
"部郎中赵元","1","1","2"
"郎中赵元亮","1","1","2"
"侍御史温造","1","1","2"
"御史温造充","1","1","2"
"宝历二年四","1","1","2"
"造东渭桥时","1","1","2"
"判官郑复虚","1","1","2"
"二万一千七","1","1","2"
"万一千七百","1","1","2"
"刘栖楚京兆","2","0","2"
"栖楚京兆尹","2","0","2"
"汝等防御使","1","1","2"
"迁滑州刺史","2","0","2"
"寿州刺史张","1","1","2"
"史张建封闻","1","1","2"
"建封授节彭","1","1","2"
"封授节彭门","1","1","2"
"济俯伏流涕","1","1","2"
"俯伏流涕曰","2","0","2"
"知天子神圣","1","1","2"
"外五代祖李","1","1","2"
"幽州刘总请","1","1","2"
"幽州宣谕使","1","1","2"
"总俯伏流汗","1","1","2"
"李景俭史馆","2","0","2"
"造朗州刺史","2","0","2"
"后乡渠九十","1","1","2"
"乡渠九十七","1","1","2"
"渠九十七里","1","1","2"
"蔡州城擒吴","1","1","2"
"州城擒吴元","1","1","2"
"城擒吴元济","1","1","2"
"宣政殿东隔","1","1","2"
"皆环立日华","1","1","2"
"环立日华门","1","1","2"
"立日华门外","1","1","2"
"遇左补阙李","1","1","2"
"左补阙李虞","1","1","2"
"左拾遗舒元","1","1","2"
"拾遗舒元褒","1","1","2"
"遗舒元褒等","1","1","2"
"舒元褒等上","1","1","2"
"元褒等上疏","1","1","2"
"褒等上疏论","1","1","2"
"时中书舍人","2","0","2"
"知制诰崔咸","1","1","2"
"供奉官同道","1","1","2"
"获伪官王果","1","1","2"
"伪官王果等","1","1","2"
"官王果等九","1","1","2"
"王果等九十","1","1","2"
"果等九十余","1","1","2"
"等九十余人","1","1","2"
"封祁县开国","1","1","2"
"祁县开国子","1","1","2"
"杀节度使李","1","1","2"
"授检校右散","2","0","2"
"望赐臣密诏","1","1","2"
"神策行营将","1","1","2"
"河中都将温","1","1","2"
"中都将温德","1","1","2"
"都将温德彝","1","1","2"
"阳都将刘士","1","1","2"
"兴元都将卫","1","1","2"
"元都将卫志","1","1","2"
"都将卫志忠","1","1","2"
"将卫志忠征","1","1","2"
"卫志忠征蛮","1","1","2"
"教练使丘铸","1","1","2"
"练使丘铸等","1","1","2"
"监军杨叔元","1","1","2"
"亲刃绛者斩","2","0","2"
"刃绛者斩一","2","0","2"
"绛者斩一百","2","0","2"
"内一百首祭","2","0","2"
"一百首祭李","2","0","2"
"百首祭李绛","2","0","2"
"入兵部侍郎","2","0","2"
"改授河阳怀","1","1","2"
"授河阳怀节","1","1","2"
"阳怀节度观","1","1","2"
"怀节度观察","1","1","2"
"开浚怀州古","1","1","2"
"浚怀州古秦","1","1","2"
"怀州古秦渠","1","1","2"
"州古秦渠枋","1","1","2"
"古秦渠枋口","1","1","2"
"秦渠枋口堰","1","1","2"
"武陟四县田","1","1","2"
"县田五千余","2","0","2"
"田五千余顷","2","0","2"
"入御史大夫","2","0","2"
"祷鸡翁山祈","1","1","2"
"造晚年积聚","1","1","2"
"晚年积聚财","1","1","2"
"年积聚财货","1","1","2"
"恶者五百余","1","1","2"
"下狱者三百","1","1","2"
"狱者三百人","1","1","2"
"授集贤校理","1","1","2"
"时禁军诸镇","1","1","2"
"畿内军镇将","1","1","2"
"内军镇将卒","1","1","2"
"长庆元年七","1","1","2"
"庆元年七月","1","1","2"
"复盐铁转运","2","0","2"
"度复知政事","2","0","2"
"度淮南节度","2","0","2"
"时中尉王守","2","0","2"
"尉王守澄事","2","0","2"
"时扬州城内","1","1","2"
"扬州城内官","1","1","2"
"州城内官河","1","1","2"
"城内官河水","1","1","2"
"内官河水浅","1","1","2"
"城南阊门西","1","1","2"
"里港开河向","1","1","2"
"港开河向东","1","1","2"
"取禅智寺桥","2","0","2"
"禅智寺桥通","1","1","2"
"大小银碗三","1","1","2"
"小银碗三千","1","1","2"
"银碗三千四","1","1","2"
"碗三千四百","1","1","2"
"三千四百枚","1","1","2"
"绫绢二十万","1","1","2"
"元十五年登","1","1","2"
"十五年登进","1","1","2"
"五年登进士","1","1","2"
"官太常博士","1","1","2"
"尚书主客员","1","1","2"
"书主客员外","1","1","2"
"时中官吐突","1","1","2"
"中官吐突承","1","1","2"
"官吐突承璀","1","1","2"
"安国佛寺建","1","1","2"
"国佛寺建立","1","1","2"
"请立纪圣功","1","1","2"
"立纪圣功碑","1","1","2"
"伏乞圣恩特","1","1","2"
"浴堂北廊奏","1","1","2"
"堂北廊奏对","1","1","2"
"授中书舍人","1","1","2"
"前后朝臣裴","1","1","2"
"后朝臣裴武","1","1","2"
"使王士真死","1","1","2"
"将户部钱献","1","1","2"
"户部钱献入","1","1","2"
"部钱献入内","1","1","2"
"杨国忠相继","1","1","2"
"使田季安死","1","1","2"
"复兵部尚书","2","0","2"
"度使刘悟卒","2","0","2"
"所谓疾雷掩","2","0","2"
"谓疾雷掩耳","2","0","2"
"时宰相李逢","1","1","2"
"史中丞王播","1","1","2"
"中丞王播相","1","1","2"
"丞王播相遇","1","1","2"
"王播相遇道","1","1","2"
"改授太子少","1","1","2"
"兴元兵额素","1","1","2"
"四年二月十","1","1","2"
"年二月十日","1","1","2"
"使杨叔元贪","1","1","2"
"杨叔元贪财","1","1","2"
"衙将王景延","1","1","2"
"将王景延力","1","1","2"
"王景延力战","1","1","2"
"文宗闻奏震","1","1","2"
"故山南西道","1","1","2"
"二千户李绛","1","1","2"
"令所司择日","2","0","2"
"所司择日备","2","0","2"
"司择日备礼","2","0","2"
"布帛三千段","1","1","2"
"梁尚书左仆","1","1","2"
"炀帝幸江都","2","0","2"
"金玉床摇动","1","1","2"
"密王世充所","2","0","2"
"王世充所破","2","0","2"
"持节河南道","2","0","2"
"河南道招慰","1","1","2"
"南道招慰使","1","1","2"
"亳州刺史丁","1","1","2"
"州刺史丁叔","1","1","2"
"汴州刺史王","1","1","2"
"州刺史王要","1","1","2"
"刺史王要汉","1","1","2"
"贞观元年病","1","1","2"
"岐州凤泉人","1","1","2"
"魏司徒高昌","1","1","2"
"司徒高昌王","1","1","2"
"赠瀛州刺史","1","1","2"
"封平原郡公","1","1","2"
"刘黑闼反叛","1","1","2"
"大丈夫受国","1","1","2"
"晋王府参军","1","1","2"
"部尚书张亮","1","1","2"
"时中书侍郎","1","1","2"
"托大理丞毕","1","1","2"
"大理丞毕正","1","1","2"
"理丞毕正义","1","1","2"
"事中刘仁轨","1","1","2"
"侍御史张伦","1","1","2"
"御史张伦重","1","1","2"
"二十七大夫","1","1","2"
"八十一元士","1","1","2"
"太子典膳郎","1","1","2"
"同皎驸马都","1","1","2"
"皎驸马都尉","1","1","2"
"同谋人抚州","1","1","2"
"司仓冉祖雍","1","1","2"
"校书郎李悛","1","1","2"
"书郎李悛上","1","1","2"
"少府监裴匪","1","1","2"
"府监裴匪躬","1","1","2"
"内侍范云仙","1","1","2"
"金藏等工人","1","1","2"
"神龙初丧母","1","1","2"
"造石坟石塔","1","1","2"
"本道使卢怀","1","1","2"
"道使卢怀慎","1","1","2"
"使卢怀慎上","1","1","2"
"右武卫中郎","1","1","2"
"武卫中郎将","1","1","2"
"洛州偃师人","2","0","2"
"郎许善心举","1","1","2"
"署国子祭酒","1","1","2"
"王世充杀元","1","1","2"
"世充杀元文","1","1","2"
"充杀元文都","1","1","2"
"杀元文都等","1","1","2"
"授国子博士","2","0","2"
"国子祭酒徐","1","1","2"
"子祭酒徐克","1","1","2"
"祭酒徐克开","1","1","2"
"始兴王国左","1","1","2"
"兴王国左常","1","1","2"
"王国左常侍","1","1","2"
"时徐文远讲","1","1","2"
"沙门惠乘讲","1","1","2"
"道士刘进喜","1","1","2"
"士刘进喜讲","1","1","2"
"赐帛五十匹","2","0","2"
"州长史李袭","1","1","2"
"太子内率府","1","1","2"
"子内率府录","1","1","2"
"内率府录事","1","1","2"
"率府录事参","1","1","2"
"崇贤馆直学","1","1","2"
"贤馆直学士","1","1","2"
"赐绢一百二","1","1","2"
"绢一百二十","1","1","2"
"一百二十匹","1","1","2"
"潞王府记室","1","1","2"
"沛王府参军","1","1","2"
"尚书令江总","1","1","2"
"年八十余卒","2","0","2"
"赐爵渤海子","1","1","2"
"人张嘉福等","1","1","2"
"请立武承嗣","2","0","2"
"立武承嗣皇","2","0","2"
"武承嗣皇太","2","0","2"
"承嗣皇太子","2","0","2"
"博士刘轨思","1","1","2"
"士刘轨思见","1","1","2"
"伯饶号张曾","1","1","2"
"饶号张曾子","1","1","2"
"庶人承乾东","2","0","2"
"人承乾东宫","2","0","2"
"洛阳宫谒见","1","1","2"
"官太学博士","1","1","2"
"王谘议参军","2","0","2"
"燕王府司马","1","1","2"
"转散骑常侍","2","0","2"
"文学馆直学","1","1","2"
"学馆直学士","1","1","2"
"事中许敬宗","1","1","2"
"中许敬宗撰","1","1","2"
"时梁国公房","1","1","2"
"颜师古所注","1","1","2"
"撰成四十卷","1","1","2"
"书令马周叹","1","1","2"
"李严等四人","1","1","2"
"越州都督府","1","1","2"
"魏车骑大将","1","1","2"
"车骑大将军","1","1","2"
"大理卿郎楚","1","1","2"
"詹事府主簿","1","1","2"
"秘书丞令狐","1","1","2"
"书丞令狐德","1","1","2"
"齐王文学袁","1","1","2"
"彩绢二百匹","1","1","2"
"魏冀州刺史","1","1","2"
"叔业六世孙","1","1","2"
"淮南郡司户","1","1","2"
"永淳初关中","1","1","2"
"博士韦叔夏","1","1","2"
"问雍州长史","1","1","2"
"雍州长史陈","1","1","2"
"州长史陈崇","1","1","2"
"长史陈崇业","1","1","2"
"子孙数千家","1","1","2"
"子余居官清","1","1","2"
"周陇州刺史","1","1","2"
"吏部侍郎岑","1","1","2"
"部侍郎岑羲","1","1","2"
"征中书舍人","2","0","2"
"检校御史中","1","1","2"
"校御史中丞","1","1","2"
"察御史宋宣","1","1","2"
"御史宋宣远","1","1","2"
"子光禄少卿","1","1","2"
"掌吏部十铨","1","1","2"
"吏部十铨事","1","1","2"
"时职方郎中","1","1","2"
"职方郎中韦","1","1","2"
"方郎中韦述","1","1","2"
"部郎中杨伯","1","1","2"
"郎中杨伯成","1","1","2"
"员外郎杨冲","1","1","2"
"外郎杨冲昌","1","1","2"
"监门兵曹刘","1","1","2"
"门兵曹刘秩","1","1","2"
"兵曹刘秩等","1","1","2"
"虢二州刺史","2","0","2"
"衍独加礼敬","1","1","2"
"四十二万贯","1","1","2"
"尚书省都事","1","1","2"
"累迁司刑少","2","0","2"
"迁司刑少卿","2","0","2"
"天授元年九","1","1","2"
"授元年九月","1","1","2"
"除尚书左丞","2","0","2"
"害章怀太子","1","1","2"
"百姓孟青棒","1","1","2"
"吴希智所杀","1","1","2"
"授二年十月","1","1","2"
"箕州刺史刘","1","1","2"
"州刺史刘思","1","1","2"
"刺史刘思礼","1","1","2"
"洛州录事参","1","1","2"
"录事参军綦","1","1","2"
"事参军綦连","1","1","2"
"参军綦连耀","1","1","2"
"军綦连耀应","1","1","2"
"检校相州刺","1","1","2"
"校相州刺史","1","1","2"
"置控鹤监官","1","1","2"
"控鹤监官员","1","1","2"
"殿中少监田","1","1","2"
"中少监田归","1","1","2"
"少监田归道","1","1","2"
"凤阁舍人薛","1","1","2"
"阁舍人薛稷","1","1","2"
"正谏大夫员","1","1","2"
"谏大夫员半","1","1","2"
"大夫员半千","1","1","2"
"控鹤内供奉","1","1","2"
"下平章事吉","1","1","2"
"平章事吉顼","1","1","2"
"桓彦范等诛","1","1","2"
"时光禄少卿","1","1","2"
"光禄少卿卢","1","1","2"
"禄少卿卢崇","1","1","2"
"少卿卢崇道","1","1","2"
"然后结成罪","1","1","2"
"常带侍御史","1","1","2"
"府掾纪希虬","1","1","2"
"任剑南县令","1","1","2"
"时太子文学","1","1","2"
"太子文学薛","1","1","2"
"子文学薛嶷","1","1","2"
"相李林甫善","2","0","2"
"骠骑高力士","2","0","2"
"诏付京兆府","2","0","2"
"外甥武敬一","1","1","2"
"前右司御率","1","1","2"
"右司御率府","1","1","2"
"司御率府仓","1","1","2"
"御率府仓曹","1","1","2"
"率府仓曹王","1","1","2"
"府仓曹王修","1","1","2"
"仓曹王修己","1","1","2"
"左武卫司戈","1","1","2"
"武卫司戈卢","1","1","2"
"卫司戈卢宁","1","1","2"
"左威卫骑曹","1","1","2"
"威卫骑曹徐","1","1","2"
"卫骑曹徐征","1","1","2"
"史中丞杨慎","1","1","2"
"中丞杨慎矜","1","1","2"
"丞杨慎矜违","1","1","2"
"兄少府少监","2","0","2"
"府少监慎余","2","0","2"
"门客史敬忠","1","1","2"
"管内采访监","1","1","2"
"内采访监察","1","1","2"
"采访监察留","1","1","2"
"访监察留后","1","1","2"
"安边郡铸钱","1","1","2"
"边郡铸钱事","1","1","2"
"关内采访处","1","1","2"
"内采访处置","1","1","2"
"五坊等副使","1","1","2"
"河东太守韦","1","1","2"
"东太守韦陟","1","1","2"
"大理司直蒋","1","1","2"
"太守罗希奭","2","0","2"
"玄宗华清宫","2","0","2"
"侍御史卢铉","1","1","2"
"坚李林甫所","2","0","2"
"郑国公李遵","1","1","2"
"事舍人李若","1","1","2"
"舍人李若冰","1","1","2"
"人李若冰告","1","1","2"
"州县官吏犯","1","1","2"
"河南府渑池","1","1","2"
"制举贤良方","2","0","2"
"河南府功曹","1","1","2"
"使田季安卒","2","0","2"
"立小将田兴","1","1","2"
"改御史中丞","2","0","2"
"县令裴寰性","1","1","2"
"相武元衡等","1","1","2"
"决五坊小使","1","1","2"
"使蔡州行营","1","1","2"
"度门下侍郎","2","0","2"
"宜权取中书","2","0","2"
"权取中书门","2","0","2"
"取中书门下","2","0","2"
"中书门下处","2","0","2"
"书门下处分","2","0","2"
"使高霞寓兵","1","1","2"
"霞寓兵败铁","1","1","2"
"寓兵败铁城","1","1","2"
"王涯等三人","1","1","2"
"臣誓贼偕全","2","0","2"
"充彰义军节","2","0","2"
"淮西宣慰招","1","1","2"
"西宣慰招讨","1","1","2"
"宣慰招讨处","1","1","2"
"慰招讨处置","1","1","2"
"淮西行营都","1","1","2"
"西行营都统","1","1","2"
"称宣慰处置","1","1","2"
"子右庶子韩","1","1","2"
"彰义行军司","1","1","2"
"义行军司马","1","1","2"
"员外郎李正","1","1","2"
"外郎李正封","1","1","2"
"官员外郎冯","1","1","2"
"员外郎冯宿","1","1","2"
"员外郎李宗","1","1","2"
"外郎李宗闵","1","1","2"
"郎李宗闵等","1","1","2"
"两使判官书","1","1","2"
"使判官书记","1","1","2"
"李逢吉度协","2","0","2"
"淮西行营大","1","1","2"
"西行营大将","1","1","2"
"行营大将李","1","1","2"
"营大将李光","1","1","2"
"大将李光颜","1","1","2"
"监军梁守谦","1","1","2"
"度二十七日","1","1","2"
"宣慰副使马","1","1","2"
"慰副使马总","1","1","2"
"副使马总入","1","1","2"
"使马总入城","1","1","2"
"马总入城安","1","1","2"
"总入城安抚","1","1","2"
"命彰义军节","1","1","2"
"功臣李光颜","1","1","2"
"臣李光颜等","1","1","2"
"军使张奉国","1","1","2"
"将作监等司","1","1","2"
"作监等司局","1","1","2"
"五坊使杨朝","1","1","2"
"坊使杨朝汶","1","1","2"
"川节度使卢","1","1","2"
"节度使卢坦","1","1","2"
"度使卢坦大","1","1","2"
"使卢坦大夫","1","1","2"
"故郑滑节度","1","1","2"
"御史中丞萧","1","1","2"
"弘正奏请取","1","1","2"
"郓州四十里","1","1","2"
"长庆元年秋","1","1","2"
"王廷凑复乱","2","0","2"
"廷凑复乱河","2","0","2"
"凑复乱河朔","2","0","2"
"充镇州四面","2","0","2"
"进位检校司","2","0","2"
"北山诸蕃使","1","1","2"
"弘简刎颈交","2","0","2"
"臣统率诸道","1","1","2"
"陛下左右前","1","1","2"
"下左右前后","1","1","2"
"若朝中奸臣","2","0","2"
"朝中奸臣尽","1","1","2"
"程元振蒙蔽","1","1","2"
"弘简弓箭库","2","0","2"
"简弓箭库使","2","0","2"
"进阶光禄大","2","0","2"
"阶光禄大夫","2","0","2"
"监军使刘承","1","1","2"
"军使刘承偕","1","1","2"
"臣延英奏事","2","0","2"
"纵军众凌辱","1","1","2"
"军众凌辱监","1","1","2"
"众凌辱监军","1","1","2"
"河北行营率","1","1","2"
"左神策军奏","1","1","2"
"李逢吉三人","1","1","2"
"元稹同州刺","2","0","2"
"时号八关十","2","0","2"
"号八关十六","2","0","2"
"所感悟汉文","2","0","2"
"逢吉素雠嫌","2","0","2"
"使卫尉卿刘","1","1","2"
"谋害李逢吉","1","1","2"
"宝历元年十","1","1","2"
"历元年十一","1","1","2"
"左拾遗张权","1","1","2"
"拾遗张权舆","1","1","2"
"令度支员外","1","1","2"
"支员外郎卢","1","1","2"
"员外郎卢贞","1","1","2"
"请丁匠五千","2","0","2"
"赐春衣使杨","1","1","2"
"春衣使杨文","1","1","2"
"衣使杨文端","1","1","2"
"兵马赴东都","1","1","2"
"景节度使李","1","1","2"
"日一度入中","2","0","2"
"一度入中书","2","0","2"
"置临汉监牧","2","0","2"
"废百姓田四","2","0","2"
"百姓田四百","2","0","2"
"三千二百余","1","1","2"
"千二百余匹","1","1","2"
"进位中书令","2","0","2"
"舒元舆等四","1","1","2"
"吏部郎中卢","1","1","2"
"部郎中卢弘","1","1","2"
"上巳曲江赐","2","0","2"
"巳曲江赐宴","2","0","2"
"注想待元老","1","1","2"
"诏京兆尹郑","1","1","2"
"兆尹郑复监","1","1","2"
"尹郑复监护","1","1","2"
"状貌逾中人","2","0","2"
"后魏横野将","1","1","2"
"魏横野将军","1","1","2"
"铁转运使李","1","1","2"
"转运使李巽","1","1","2"
"议大夫韦况","1","1","2"
"皇甫镈作相","2","0","2"
"潞节度使郗","1","1","2"
"节度使郗士","1","1","2"
"度使郗士美","1","1","2"
"渭南县长源","1","1","2"
"南县长源乡","1","1","2"
"县长源乡本","1","1","2"
"才一百余户","1","1","2"
"林学士杜元","1","1","2"
"学士杜元颖","1","1","2"
"士杜元颖等","1","1","2"
"骑常侍张惟","1","1","2"
"常侍张惟素","1","1","2"
"常侍李益等","1","1","2"
"侍李益等谏","1","1","2"
"请赐考中中","2","0","2"
"少府监裴通","1","1","2"
"两税钱二百","1","1","2"
"税钱二百万","1","1","2"
"税米二万斛","1","1","2"
"一千六百人","1","1","2"
"张平叔判度","2","0","2"
"平叔判度支","2","0","2"
"州贞元二年","1","1","2"
"贞元二年逃","1","1","2"
"钱四千四百","1","1","2"
"四千四百一","1","1","2"
"千四百一十","1","1","2"
"四百一十贯","1","1","2"
"田二千一百","1","1","2"
"二千一百九","1","1","2"
"千一百九十","1","1","2"
"一百九十七","1","1","2"
"百九十七顷","1","1","2"
"旱死一千九","1","1","2"
"死一千九百","1","1","2"
"三十六年前","1","1","2"
"官五十余人","2","0","2"
"发破面折齿","2","0","2"
"四年登进士","2","0","2"
"宰相王铎镇","1","1","2"
"南节度使刘","1","1","2"
"面赐金紫服","2","0","2"
"累迁户部侍","2","0","2"
"进阶银青光","2","0","2"
"阶银青光禄","2","0","2"
"建平县开国","1","1","2"
"平县开国子","1","1","2"
"襄阳郡开国","1","1","2"
"李昌符作乱","1","1","2"
"扶危启运保","1","1","2"
"中尉西门重","1","1","2"
"尉西门重遂","1","1","2"
"宰相崔昭纬","1","1","2"
"景福二年秋","1","1","2"
"补弘文校理","1","1","2"
"使王承宗死","1","1","2"
"长庆元年十","1","1","2"
"权知工部侍","2","0","2"
"德裕浙西入","2","0","2"
"裕浙西入朝","2","0","2"
"覃御史大夫","2","0","2"
"排斥李德裕","1","1","2"
"覃刑部尚书","2","0","2"
"员外郎崔球","1","1","2"
"察御史张次","1","1","2"
"御史张次宗","1","1","2"
"部员外郎温","1","1","2"
"员外郎温业","1","1","2"
"外郎温业等","1","1","2"
"请依王府官","2","0","2"
"依王府官例","2","0","2"
"张次宗等三","1","1","2"
"次宗等三人","1","1","2"
"奴等五百余","1","1","2"
"等五百余人","1","1","2"
"送两街寺观","2","0","2"
"三五日一入","2","0","2"
"守司徒致仕","2","0","2"
"七年登进士","2","0","2"
"迁吏部郎中","2","0","2"
"开成二年四","1","1","2"
"成二年四月","1","1","2"
"史孝章邠宁","2","0","2"
"孝章邠宁节","2","0","2"
"章邠宁节度","2","0","2"
"仙韶院乐官","1","1","2"
"韶院乐官尉","1","1","2"
"院乐官尉迟","1","1","2"
"乐官尉迟璋","1","1","2"
"右拾遗窦洵","1","1","2"
"拾遗窦洵直","1","1","2"
"房玄龄十六","1","1","2"
"玄龄十六年","1","1","2"
"李德裕秉政","2","0","2"
"尚书员外郎","1","1","2"
"河南府永宁","1","1","2"
"南府永宁县","1","1","2"
"府永宁县尉","1","1","2"
"李德裕作相","2","0","2"
"娶百姓颜悦","2","0","2"
"百姓颜悦女","2","0","2"
"姓颜悦女妻","2","0","2"
"差御史崔元","2","0","2"
"前青州衙推","1","1","2"
"书省著作佐","1","1","2"
"省著作佐郎","1","1","2"
"宰相杨收奏","1","1","2"
"史中丞王铎","1","1","2"
"中丞王铎奏","1","1","2"
"宰相徐商奏","1","1","2"
"改刑部尚书","2","0","2"
"纬御史大夫","2","0","2"
"促百官上路","1","1","2"
"行瑜斩硃玫","2","0","2"
"京畿营田使","1","1","2"
"贼秦宗权伏","1","1","2"
"朝服助祭文","2","0","2"
"内官朝服助","2","0","2"
"官朝服助祭","2","0","2"
"大顺元年夏","1","1","2"
"同州王行约","2","0","2"
"天武都头李","1","1","2"
"武都头李顺","1","1","2"
"都头李顺节","1","1","2"
"李顺节恃恩","2","0","2"
"绵州昌明县","1","1","2"
"州昌明县令","1","1","2"
"太原府功曹","1","1","2"
"管观察使王","1","1","2"
"观察使王拱","1","1","2"
"察使王拱爱","1","1","2"
"郑儋相继镇","1","1","2"
"历殿中侍御","2","0","2"
"淮西招抚宣","1","1","2"
"西招抚宣慰","1","1","2"
"招抚宣慰处","1","1","2"
"抚宣慰处置","1","1","2"
"淮西招抚使","1","1","2"
"元十三年四","2","0","2"
"楚河阳怀节","2","0","2"
"阳怀节度使","2","0","2"
"班月华门外","2","0","2"
"楚贬衡州刺","2","0","2"
"贬衡州刺史","2","0","2"
"长庆元年四","1","1","2"
"庆元年四月","1","1","2"
"量移郢州刺","2","0","2"
"移郢州刺史","2","0","2"
"汴宋亳观察","2","0","2"
"进位检校右","2","0","2"
"位检校右仆","2","0","2"
"东平县天平","2","0","2"
"平县天平县","2","0","2"
"入吏部尚书","2","0","2"
"彭阳郡开国","1","1","2"
"前月二十一","1","1","2"
"陌刀赐左右","2","0","2"
"刀赐左右街","2","0","2"
"赐左右街使","2","0","2"
"授方镇节度","1","1","2"
"就尚书省兵","2","0","2"
"省兵部参辞","2","0","2"
"绢一万三千","1","1","2"
"一万三千七","1","1","2"
"三千七百匹","1","1","2"
"开成元年上","1","1","2"
"成元年上巳","1","1","2"
"唯布车一乘","2","0","2"
"宪宗哀册文","1","1","2"
"弘文馆校书","1","1","2"
"文馆校书郎","1","1","2"
"转户部侍郎","2","0","2"
"綯辅政十年","2","0","2"
"迁扬州大都","2","0","2"
"都押衙李湘","1","1","2"
"大将翟行约","1","1","2"
"徐州西南面","1","1","2"
"州西南面招","1","1","2"
"臣任户部员","1","1","2"
"部员外郎时","1","1","2"
"舍人裴坦权","2","0","2"
"人裴坦权知","2","0","2"
"谏议大夫豆","1","1","2"
"议大夫豆卢","1","1","2"
"大夫豆卢籍","1","1","2"
"贬云兴元少","2","0","2"
"云兴元少尹","2","0","2"
"詹事府司直","1","1","2"
"隋仆射奇章","1","1","2"
"仆射奇章公","1","1","2"
"库部郎中知","2","0","2"
"宿州刺史李","1","1","2"
"州刺史李直","1","1","2"
"刺史李直臣","1","1","2"
"加中书侍郎","2","0","2"
"置武昌军额","2","0","2"
"僧孺检校礼","2","0","2"
"孺检校礼部","2","0","2"
"逐帅李载义","2","0","2"
"吐蕃遣使论","2","0","2"
"吐蕃维州守","2","0","2"
"蕃维州守将","2","0","2"
"左军副使王","1","1","2"
"军副使王元","1","1","2"
"副使王元直","1","1","2"
"谓杨嗣复曰","2","0","2"
"复检校司空","2","0","2"
"加食邑三千","1","1","2"
"杓等金银古","1","1","2"
"等金银古器","1","1","2"
"加太子少师","2","0","2"
"肃宗朝宰相","2","0","2"
"宰相段文昌","1","1","2"
"进封徐国公","2","0","2"
"除太子少师","2","0","2"
"子少师萧俛","1","1","2"
"故成德军节","1","1","2"
"使王士真神","1","1","2"
"王士真神道","1","1","2"
"士真神道碑","1","1","2"
"授楚州刺史","2","0","2"
"赐绢三百匹","1","1","2"
"牛僧孺同年","1","1","2"
"僧孺同年登","2","0","2"
"涯甥皇甫湜","2","0","2"
"吉甫泣诉上","2","0","2"
"甫泣诉上前","2","0","2"
"守户部侍郎","2","0","2"
"部员外郎韦","1","1","2"
"员外郎韦贯","1","1","2"
"迁礼部员外","2","0","2"
"宰相裴度征","1","1","2"
"彰义军观察","1","1","2"
"义军观察判","1","1","2"
"军观察判官","1","1","2"
"钱徽下进士","2","0","2"
"徽下进士第","2","0","2"
"入中书舍人","2","0","2"
"权知礼部侍","2","0","2"
"知礼部侍郎","2","0","2"
"权知兵部侍","2","0","2"
"知兵部侍郎","2","0","2"
"寻引牛僧孺","2","0","2"
"引牛僧孺同","2","0","2"
"牛僧孺同知","2","0","2"
"僧孺同知政","2","0","2"
"孺同知政事","2","0","2"
"宗闵知政事","2","0","2"
"宗闵吏部侍","2","0","2"
"闵吏部侍郎","2","0","2"
"驸马都尉沈","1","1","2"
"学士宋若宪","1","1","2"
"知枢密杨承","1","1","2"
"复召宗闵兴","2","0","2"
"召宗闵兴元","2","0","2"
"贬明州刺史","2","0","2"
"贬处州长史","2","0","2"
"宗闵潮州司","2","0","2"
"闵潮州司户","2","0","2"
"劳虚襟求贤","2","0","2"
"励宽德容众","2","0","2"
"望阴阳顺时","2","0","2"
"故门生旧吏","2","0","2"
"门生旧吏等","2","0","2"
"宗闵养成郑","2","0","2"
"闵养成郑注","2","0","2"
"德裕同时罪","2","0","2"
"宗闵杭州刺","2","0","2"
"闵杭州刺史","2","0","2"
"贬郴州司马","2","0","2"
"五代祖文贞","1","1","2"
"代祖文贞公","1","1","2"
"辟防御判官","2","0","2"
"管经略使董","1","1","2"
"经略使董昌","1","1","2"
"略使董昌龄","1","1","2"
"录事参军衡","1","1","2"
"事参军衡方","1","1","2"
"参军衡方厚","1","1","2"
"史中丞李孝","1","1","2"
"中丞李孝本","1","1","2"
"取李孝本女","1","1","2"
"大正人伦风","1","1","2"
"帝谓宰臣曰","2","0","2"
"教坊副使云","1","1","2"
"坊副使云朝","1","1","2"
"副使云朝霞","1","1","2"
"荆南监军使","1","1","2"
"南监军使吕","1","1","2"
"监军使吕令","1","1","2"
"军使吕令琮","1","1","2"
"骂县令韩忠","1","1","2"
"观察使韦长","1","1","2"
"杨嗣复所引","1","1","2"
"马都尉杜中","1","1","2"
"都尉杜中立","1","1","2"
"节度使李业","1","1","2"
"修史官事中","2","0","2"
"史官事中卢","2","0","2"
"官事中卢耽","2","0","2"
"右补阙卢告","1","1","2"
"员外郎牛丛","1","1","2"
"征吏部尚书","2","0","2"
"改检校右仆","2","0","2"
"十二年十二","1","1","2"
"抃仪容魁伟","1","1","2"
"改屯田员外","2","0","2"
"见国朝故事","2","0","2"
"合朝廷要官","2","0","2"
"淫祠一千一","2","0","2"
"祠一千一十","2","0","2"
"一千四百六","1","1","2"
"千四百六十","1","1","2"
"年三月三日","1","1","2"
"三月三日赦","1","1","2"
"月三日赦文","1","1","2"
"奉五月二十","1","1","2"
"二十三日诏","1","1","2"
"十三日诏书","1","1","2"
"四年七月三","1","1","2"
"五年五月七","1","1","2"
"年五月七日","1","1","2"
"五月七日赦","1","1","2"
"月七日赦文","1","1","2"
"唯留使钱五","2","0","2"
"犹欠十三万","2","0","2"
"十三万贯足","2","0","2"
"银九千四百","1","1","2"
"九千四百余","1","1","2"
"千四百余两","1","1","2"
"妆具二十件","1","1","2"
"计银一万三","2","0","2"
"负陛下任使","2","0","2"
"陛下任使恩","2","0","2"
"若分外诛求","2","0","2"
"累陛下慈俭","2","0","2"
"陛下慈俭德","2","0","2"
"宣令宰臣商","2","0","2"
"令宰臣商议","2","0","2"
"何遣臣上违","2","0","2"
"遣臣上违宣","2","0","2"
"臣上违宣索","2","0","2"
"汴州刺史倪","1","1","2"
"州刺史倪若","1","1","2"
"刺史倪若水","1","1","2"
"敕天下州府","2","0","2"
"一日一百余","1","1","2"
"日一百余人","1","1","2"
"道观察使令","1","1","2"
"两街道士赵","1","1","2"
"街道士赵归","1","1","2"
"山人杜景先","2","0","2"
"江南求访异","1","1","2"
"南求访异人","1","1","2"
"写真待诏李","1","1","2"
"真待诏李士","1","1","2"
"彰义观察判","1","1","2"
"义观察判官","1","1","2"
"将悉怛谋请","1","1","2"
"将妇人嫁州","2","0","2"
"人送锦袍金","1","1","2"
"送锦袍金带","1","1","2"
"监军王践言","1","1","2"
"军王践言入","1","1","2"
"王践言入朝","1","1","2"
"代中书侍郎","1","1","2"
"八年正月十","1","1","2"
"年正月十六","1","1","2"
"训天性奸邪","1","1","2"
"授中书侍郎","2","0","2"
"杭润观察等","1","1","2"
"润观察等使","1","1","2"
"钱帛八十万","1","1","2"
"帛八十万贯","1","1","2"
"八十万贯匹","1","1","2"
"德裕镇淮南","2","0","2"
"黠戛斯所攻","2","0","2"
"奉太公主南","2","0","2"
"会昌二年二","1","1","2"
"昌二年二月","1","1","2"
"退浑诸部落","1","1","2"
"宰相陈夷行","1","1","2"
"许借米三万","1","1","2"
"借米三万石","1","1","2"
"入朔州州界","1","1","2"
"云州张献节","1","1","2"
"七千一百里","1","1","2"
"五千二百里","1","1","2"
"朝贤相狄仁","1","1","2"
"贤相狄仁杰","1","1","2"
"吐蕃维州首","1","1","2"
"德裕守司徒","2","0","2"
"度使刘谏卒","2","0","2"
"李抱真成立","1","1","2"
"史中丞李回","1","1","2"
"五百人赴榆","1","1","2"
"百人赴榆社","1","1","2"
"河东监军吕","1","1","2"
"东监军吕义","1","1","2"
"监军吕义忠","1","1","2"
"开成五年冬","1","1","2"
"会昌四年八","1","1","2"
"昌四年八月","1","1","2"
"四年八月平","1","1","2"
"德裕辅政时","1","1","2"
"大中元年秋","1","1","2"
"前永宁县尉","1","1","2"
"永宁县尉吴","1","1","2"
"宁县尉吴汝","1","1","2"
"县尉吴汝纳","1","1","2"
"贬潮州司户","2","0","2"
"洛阳水路经","1","1","2"
"阳水路经江","1","1","2"
"时年六十三","2","0","2"
"杂序数十篇","1","1","2"
"大历中举进","2","0","2"
"历中举进士","2","0","2"
"授秘书正字","1","1","2"
"密奏贼军虚","1","1","2"
"奏贼军虚实","1","1","2"
"州节度使嗣","1","1","2"
"节度使嗣曹","1","1","2"
"度使嗣曹王","1","1","2"
"徐州张建封","1","1","2"
"州张建封卒","1","1","2"
"徐州宣慰使","1","1","2"
"称兵马留后","1","1","2"
"非诏令所加","1","1","2"
"寿等州二万","1","1","2"
"等州二万余","1","1","2"
"州二万余兵","1","1","2"
"命盐铁副使","1","1","2"
"盐铁副使程","1","1","2"
"铁副使程异","1","1","2"
"副使程异乘","1","1","2"
"使程异乘驿","1","1","2"
"吐突承璀监","1","1","2"
"突承璀监淮","1","1","2"
"承璀监淮南","1","1","2"
"璀监淮南军","1","1","2"
"十五年八月","1","1","2"
"成三十卷献","1","1","2"
"周人郊祀后","1","1","2"
"人郊祀后稷","1","1","2"
"朝祖宗制度","1","1","2"
"玄宗扫清内","1","1","2"
"封员外郎中","1","1","2"
"十二州勘定","1","1","2"
"二州勘定两","1","1","2"
"州勘定两税","1","1","2"
"勘定两税使","1","1","2"
"丞李汉奏定","1","1","2"
"请依元七年","2","0","2"
"四品六品丞","1","1","2"
"醉杀人亡窜","2","0","2"
"召户部侍郎","2","0","2"
"度支占额图","1","1","2"
"天下观察者","2","0","2"
"下观察者十","2","0","2"
"节度二十九","2","0","2"
"长庆户口凡","2","0","2"
"庆户口凡三","2","0","2"
"户口凡三百","2","0","2"
"口凡三百三","2","0","2"
"凡三百三十","2","0","2"
"通计三户资","2","0","2"
"过三千五百","1","1","2"
"三千五百余","1","1","2"
"千五百余万","1","1","2"
"留州留使兵","2","0","2"
"州留使兵士","2","0","2"
"留使兵士衣","2","0","2"
"余四十万众","2","0","2"
"时内官仇士","1","1","2"
"彦威大结私","1","1","2"
"威大结私恩","1","1","2"
"应贤良方正","1","1","2"
"改中书舍人","2","0","2"
"授户部侍郎","1","1","2"
"利害十八条","2","0","2"
"许二人分日","1","1","2"
"二人分日入","1","1","2"
"闻朋党议论","1","1","2"
"李绅贬黜尚","1","1","2"
"绅贬黜尚轻","1","1","2"
"天下幸甚建","1","1","2"
"下幸甚建中","1","1","2"
"赐锦彩一百","1","1","2"
"锦彩一百匹","1","1","2"
"宝历元年四","1","1","2"
"历元年四月","1","1","2"
"李逢吉李绅","2","0","2"
"左降官经量","2","0","2"
"降官经量移","2","0","2"
"言未量移者","2","0","2"
"近年流贬官","2","0","2"
"李绅本非亲","1","1","2"
"伏乞圣慈察","1","1","2"
"乞圣慈察臣","1","1","2"
"圣慈察臣肝","1","1","2"
"慈察臣肝胆","1","1","2"
"翰林承旨学","1","1","2"
"林承旨学士","1","1","2"
"处厚闻难奔","1","1","2"
"厚闻难奔赴","1","1","2"
"爵灵昌郡公","1","1","2"
"宰相齐抗奏","1","1","2"
"相齐抗奏减","1","1","2"
"齐抗奏减冗","1","1","2"
"抗奏减冗员","1","1","2"
"皆盛服趋朝","1","1","2"
"三十四州驾","2","0","2"
"沧州李同捷","1","1","2"
"州李同捷叛","1","1","2"
"清河武城人","1","1","2"
"累迁右补阙","2","0","2"
"师古妻裴氏","2","0","2"
"宗奭妻韦氏","2","0","2"
"盐铁福建院","1","1","2"
"铁福建院官","1","1","2"
"福建院官权","1","1","2"
"建院官权长","1","1","2"
"速令中使宣","1","1","2"
"州刺史苗稷","1","1","2"
"刺史苗稷进","1","1","2"
"羡余钱七千","1","1","2"
"余钱七千贯","1","1","2"
"度支使皇甫","1","1","2"
"贤相张九龄","1","1","2"
"专任奸臣李","1","1","2"
"任奸臣李林","1","1","2"
"奸臣李林甫","1","1","2"
"加孝德两字","1","1","2"
"湖南观察都","1","1","2"
"南观察都团","1","1","2"
"观察都团练","1","1","2"
"察都团练使","1","1","2"
"征吏部侍郎","2","0","2"
"授陛下淮西","1","1","2"
"陛下淮西节","1","1","2"
"下淮西节度","1","1","2"
"授沂州刺史","1","1","2"
"史王智兴武","2","0","2"
"王智兴武宁","2","0","2"
"智兴武宁军","2","0","2"
"兴武宁军节","2","0","2"
"歙池等州都","1","1","2"
"征兵部尚书","2","0","2"
"采访使巡按","1","1","2"
"河北采访支","1","1","2"
"北采访支使","1","1","2"
"累官殿中侍","2","0","2"
"官殿中侍御","2","0","2"
"河南转运租","1","1","2"
"南转运租庸","1","1","2"
"江南转运使","1","1","2"
"鄂岳沔都团","1","1","2"
"岳沔都团练","1","1","2"
"沔都团练使","1","1","2"
"淮西鄂岳租","1","1","2"
"西鄂岳租庸","1","1","2"
"鄂岳租庸盐","1","1","2"
"岳租庸盐铁","1","1","2"
"租庸盐铁沿","1","1","2"
"庸盐铁沿江","1","1","2"
"盐铁沿江转","1","1","2"
"铁沿江转运","1","1","2"
"沿江转运使","1","1","2"
"使李忠臣贪","1","1","2"
"检校司封郎","1","1","2"
"校司封郎中","1","1","2"
"秘书监致仕","2","0","2"
"贞元十年十","1","1","2"
"元十年十月","1","1","2"
"同昌郡司马","1","1","2"
"著书三十四","1","1","2"
"书三十四卷","1","1","2"
"史记名臣疏","1","1","2"
"州刺史韦夏","1","1","2"
"刺史韦夏卿","1","1","2"
"蕃使秘书监","1","1","2"
"使秘书监张","1","1","2"
"刑部郎中吕","1","1","2"
"部郎中吕温","1","1","2"
"召术士陈登","1","1","2"
"追赠吏部侍","1","1","2"
"赠吏部侍郎","1","1","2"
"察御史刘禹","1","1","2"
"御史刘禹锡","1","1","2"
"寻迁户部侍","2","0","2"
"东南行十余","1","1","2"
"南行十余步","1","1","2"
"布帛五百匹","1","1","2"
"吉甫先一年","1","1","2"
"元衡后一年","1","1","2"
"十三年六月","1","1","2"
"玄法寺僧法","1","1","2"
"法寺僧法凑","1","1","2"
"万年县尉卢","1","1","2"
"年县尉卢伯","1","1","2"
"县尉卢伯达","1","1","2"
"尉卢伯达断","1","1","2"
"伯达上表论","1","1","2"
"中丞宇文邈","1","1","2"
"刑部侍郎张","1","1","2"
"大理卿郑云","1","1","2"
"理卿郑云逵","1","1","2"
"卿郑云逵等","1","1","2"
"郑云逵等三","1","1","2"
"云逵等三司","1","1","2"
"功德使判官","1","1","2"
"德使判官诸","1","1","2"
"使判官诸葛","1","1","2"
"判官诸葛述","1","1","2"
"臣等同入省","1","1","2"
"将杨惠琳阻","1","1","2"
"夏州军士皆","1","1","2"
"州军士皆仰","1","1","2"
"官典枢密刘","1","1","2"
"典枢密刘光","1","1","2"
"枢密刘光琦","1","1","2"
"改国子祭酒","2","0","2"
"前任宣州观","1","1","2"
"任宣州观察","1","1","2"
"州观察使请","1","1","2"
"左司郎中陆","1","1","2"
"崔备皆罚俸","1","1","2"
"惠昭太子哀","1","1","2"
"昭太子哀册","1","1","2"
"正员五品官","1","1","2"
"改太子少傅","2","0","2"
"恩授三品五","1","1","2"
"授三品五品","1","1","2"
"朝廷礼乐制","1","1","2"
"廷礼乐制度","1","1","2"
"余庆参酌施","1","1","2"
"庆参酌施行","1","1","2"
"太学荒毁日","1","1","2"
"学荒毁日久","1","1","2"
"两京国子监","1","1","2"
"十五年十一","1","1","2"
"五年十一月","1","1","2"
"故金紫光禄","1","1","2"
"邑二千户郑","1","1","2"
"二千户郑余","1","1","2"
"千户郑余庆","1","1","2"
"获钱数百万","1","1","2"
"诗赋共五十","1","1","2"
"赋共五十卷","1","1","2"
"黜陟使刘湾","1","1","2"
"摄监察御史","2","0","2"
"西蕃计会使","1","1","2"
"頔率兵赴唐","1","1","2"
"率兵赴唐州","1","1","2"
"升襄州大都","2","0","2"
"邓州刺史元","1","1","2"
"州刺史元洪","1","1","2"
"隋州枣阳县","1","1","2"
"士卒数百人","1","1","2"
"中使景忠信","1","1","2"
"怒判官薛正","1","1","2"
"判官薛正伦","1","1","2"
"第四子季友","1","1","2"
"四子季友求","1","1","2"
"长女永昌公","1","1","2"
"女永昌公主","1","1","2"
"家僮十余人","1","1","2"
"诏御史中丞","2","0","2"
"御史中丞薛","1","1","2"
"史中丞薛存","1","1","2"
"中丞薛存诚","1","1","2"
"刑部侍郎王","1","1","2"
"大理卿武少","1","1","2"
"理卿武少仪","1","1","2"
"待罪建福门","2","0","2"
"敏长流雷州","2","0","2"
"秘书丞方停","2","0","2"
"书丞方停见","2","0","2"
"丞方停见任","2","0","2"
"宜付京兆府","2","0","2"
"改太子宾客","2","0","2"
"使忠臣义士","1","1","2"
"忠臣义士知","1","1","2"
"乱臣贼子知","1","1","2"
"乱臣贼子惧","1","1","2"
"方交结游侠","1","1","2"
"奏试大理评","2","0","2"
"授检校左右","1","1","2"
"致书宰臣武","1","1","2"
"书宰臣武元","1","1","2"
"弘淮西诸军","1","1","2"
"淮西诸军行","1","1","2"
"西诸军行营","1","1","2"
"诸军行营都","1","1","2"
"军行营都统","1","1","2"
"知制诰李程","1","1","2"
"制诰李程宣","1","1","2"
"子公武率师","2","0","2"
"收复河南二","1","1","2"
"复河南二州","1","1","2"
"牙校千余人","1","1","2"
"校千余人入","1","1","2"
"绢三十五万","1","1","2"
"三十五万匹","1","1","2"
"留京师奉朝","2","0","2"
"京师奉朝请","2","0","2"
"使持节汴州","1","1","2"
"持节汴州诸","1","1","2"
"节汴州诸军","1","1","2"
"汴州诸军事","1","1","2"
"晋绛节度观","1","1","2"
"绛节度观察","1","1","2"
"充郑滑节度","2","0","2"
"年十二月病","1","1","2"
"时年五十八","1","1","2"
"四州征赋皆","1","1","2"
"粟三百万斛","1","1","2"
"等道黜陟使","1","1","2"
"崇文馆诸生","1","1","2"
"罚京兆尹顾","1","1","2"
"孟容执奏曰","2","0","2"
"道观察使裴","1","1","2"
"观察使裴肃","1","1","2"
"副使齐总衢","2","0","2"
"使齐总衢州","2","0","2"
"齐总衢州刺","2","0","2"
"总衢州刺史","2","0","2"
"都团练副使","1","1","2"
"大理评事监","2","0","2"
"理评事监察","2","0","2"
"评事监察御","2","0","2"
"事监察御史","2","0","2"
"一百余万贯","2","0","2"
"三日内闻奏","2","0","2"
"李齐运等谗","1","1","2"
"神策吏李昱","1","1","2"
"盗杀宰相武","2","0","2"
"伤议臣裴度","1","1","2"
"卿尚书左丞","2","0","2"
"右卫仓曹参","1","1","2"
"卫仓曹参军","1","1","2"
"授同州安邑","1","1","2"
"同州刺史侯","1","1","2"
"州王承宗叛","1","1","2"
"许孟容等八","1","1","2"
"孟容等八人","1","1","2"
"除鄂岳观察","2","0","2"
"度支使潘孟","1","1","2"
"支使潘孟阳","1","1","2"
"观察使裴堪","1","1","2"
"察使裴堪奏","1","1","2"
"虔州刺史李","1","1","2"
"州刺史李将","1","1","2"
"刺史李将顺","1","1","2"
"廉使奏刺史","1","1","2"
"州李师道留","1","1","2"
"防御判官王","1","1","2"
"御判官王茂","1","1","2"
"判官王茂元","1","1","2"
"中岳寺僧圆","1","1","2"
"岳寺僧圆净","1","1","2"
"留守防御将","1","1","2"
"都亭驿卒五","1","1","2"
"亭驿卒五人","1","1","2"
"甘水驿卒三","1","1","2"
"水驿卒三人","1","1","2"
"兴锦彩三百","1","1","2"
"河子弟卫宫","2","0","2"
"子弟卫宫城","2","0","2"
"元膺学识深","1","1","2"
"膺学识深远","1","1","2"
"许公宇文述","1","1","2"
"故蒲山公李","1","1","2"
"蒲山公李宽","1","1","2"
"越国公杨素","1","1","2"
"时天下骚动","2","0","2"
"内史舍人韦","1","1","2"
"史舍人韦福","1","1","2"
"舍人韦福嗣","1","1","2"
"大将军李子","1","1","2"
"将军李子雄","1","1","2"
"业十三年春","1","1","2"
"遣虎贲郎将","1","1","2"
"虎贲郎将刘","1","1","2"
"贲郎将刘长","1","1","2"
"郎将刘长恭","1","1","2"
"将刘长恭率","1","1","2"
"行军元帅魏","1","1","2"
"军元帅魏公","1","1","2"
"元帅魏公府","1","1","2"
"勣右武候大","2","0","2"
"侍御史郑颐","1","1","2"
"虎贲郎将裴","1","1","2"
"贲郎将裴仁","1","1","2"
"郎将裴仁基","1","1","2"
"封河东郡公","2","0","2"
"亲率兵三万","1","1","2"
"虎贲郎将高","1","1","2"
"贲郎将高毗","1","1","2"
"宋国公贺若","1","1","2"
"国公贺若弼","1","1","2"
"三十六年灭","1","1","2"
"伊尹佐成汤","2","0","2"
"绛郡公裴行","1","1","2"
"左长史邴元","1","1","2"
"史邴元真等","1","1","2"
"留守段达等","1","1","2"
"清河公房彦","1","1","2"
"河公房彦藻","1","1","2"
"考功郎中房","1","1","2"
"功郎中房山","1","1","2"
"郎中房山基","1","1","2"
"密流矢所中","2","0","2"
"遣王世充率","1","1","2"
"虎贲郎将杨","1","1","2"
"贲郎将杨威","1","1","2"
"将作大匠宇","1","1","2"
"作大匠宇文","1","1","2"
"大匠宇文恺","1","1","2"
"匠宇文恺叛","1","1","2"
"将步骑二万","2","0","2"
"东南道大行","1","1","2"
"道大行台行","1","1","2"
"大行台行军","1","1","2"
"行台行军元","1","1","2"
"台行军元帅","1","1","2"
"署刑部尚书","1","1","2"
"部尚书王轨","1","1","2"
"武德元年九","1","1","2"
"德元年九月","1","1","2"
"时右翊卫将","1","1","2"
"翊卫将军史","1","1","2"
"卫将军史万","1","1","2"
"将军史万宝","1","1","2"
"军史万宝留","1","1","2"
"副将盛彦师","1","1","2"
"将盛彦师率","1","1","2"
"高祖勣旧经","2","0","2"
"祖勣旧经事","2","0","2"
"勣旧经事密","2","0","2"
"遣使报反状","2","0","2"
"三军皆缟素","2","0","2"
"秦州都督府","1","1","2"
"太宗尝谓侍","2","0","2"
"虞世南死后","1","1","2"
"褚遂良下笔","1","1","2"
"遂良下笔遒","1","1","2"
"良下笔遒劲","1","1","2"
"遂良言太宗","2","0","2"
"良言太宗曰","2","0","2"
"陛下拨乱反","1","1","2"
"下拨乱反正","1","1","2"
"门侍郎刘洎","1","1","2"
"太宗问侍臣","1","1","2"
"朕搜访贤德","1","1","2"
"太宗问遂良","1","1","2"
"时皇子年幼","1","1","2"
"遂良上疏曰","2","0","2"
"太子承乾罪","2","0","2"
"太宗问群臣","1","1","2"
"五尺童子人","1","1","2"
"伏惟陛下圣","2","0","2"
"惟陛下圣德","2","0","2"
"陛下兵机神","1","1","2"
"下兵机神算","1","1","2"
"臣数夜思量","1","1","2"
"主长驱高丽","1","1","2"
"莫离支所献","1","1","2"
"搜粟都尉桑","1","1","2"
"粟都尉桑弘","1","1","2"
"都尉桑弘羊","1","1","2"
"陛下诛灭高","1","1","2"
"下诛灭高昌","1","1","2"
"遂良前后谏","1","1","2"
"良前后谏奏","1","1","2"
"陈便宜书数","1","1","2"
"便宜书数十","1","1","2"
"高宗将废皇","2","0","2"
"宗将废皇后","2","0","2"
"将废皇后王","2","0","2"
"昭仪武氏皇","2","0","2"
"仪武氏皇后","2","0","2"
"召太尉长孙","1","1","2"
"明公必须极","1","1","2"
"巾叩头流血","1","1","2"
"遂良受先朝","1","1","2"
"立昭仪皇后","2","0","2"
"弘道元年二","1","1","2"
"道元年二月","1","1","2"
"河东柳顾言","1","1","2"
"友人李伯药","1","1","2"
"人李伯药常","1","1","2"
"李伯药常称","1","1","2"
"吴王府功曹","1","1","2"
"著作郎元万","1","1","2"
"作郎元万顷","1","1","2"
"左史范履冰","1","1","2"
"右史周思茂","1","1","2"
"迁检校中书","1","1","2"
"擢中书侍郎","2","0","2"
"赐爵临淮男","1","1","2"
"门员外郎房","1","1","2"
"员外郎房先","1","1","2"
"外郎房先敏","1","1","2"
"皇太后处分","1","1","2"
"古明王圣主","1","1","2"
"凤阁舍人贾","1","1","2"
"阁舍人贾大","1","1","2"
"舍人贾大隐","1","1","2"
"州都督孙万","1","1","2"
"都督孙万荣","1","1","2"
"天特令肃州","1","1","2"
"特令肃州刺","1","1","2"
"令肃州刺史","1","1","2"
"肃州刺史王","1","1","2"
"州刺史王本","1","1","2"
"刺史王本立","1","1","2"
"时麟台郎郭","1","1","2"
"麟台郎郭翰","1","1","2"
"太子文学周","1","1","2"
"子文学周思","1","1","2"
"文学周思钧","1","1","2"
"上官仪文章","1","1","2"
"监刑御史房","1","1","2"
"刑御史房济","1","1","2"
"寻迁侍御史","2","0","2"
"增置夏官侍","1","1","2"
"置夏官侍郎","1","1","2"
"夏官侍郎三","1","1","2"
"官侍郎三员","1","1","2"
"迁凤阁鸾台","2","0","2"
"加检校内史","1","1","2"
"都城洛水天","1","1","2"
"城洛水天津","1","1","2"
"洛阳人王庆","1","1","2"
"率轻薄恶少","1","1","2"
"轻薄恶少数","1","1","2"
"薄恶少数百","1","1","2"
"恶少数百人","1","1","2"
"洛水中余石","1","1","2"
"弃故妻娶太","1","1","2"
"故妻娶太原","1","1","2"
"妻娶太原王","1","1","2"
"娶太原王庆","1","1","2"
"太原王庆诜","1","1","2"
"凤阁舍人逢","1","1","2"
"阁舍人逢弘","1","1","2"
"舍人逢弘敏","1","1","2"
"钦州南宾尉","1","1","2"
"命免死配流","1","1","2"
"时太仆少卿","1","1","2"
"仆少卿俊臣","2","0","2"
"谓一悲一喜","1","1","2"
"雍州咸阳人","1","1","2"
"少司空石泉","1","1","2"
"司空石泉公","1","1","2"
"越王府参军","1","1","2"
"记室任希古","1","1","2"
"迁太仆少卿","2","0","2"
"旧都督路元","1","1","2"
"封石泉县男","1","1","2"
"封琅邪县男","2","0","2"
"神功元年七","1","1","2"
"功元年七月","1","1","2"
"清边道大总","1","1","2"
"边道大总管","1","1","2"
"道大总管建","1","1","2"
"大总管建安","1","1","2"
"总管建安王","1","1","2"
"管建安王攸","1","1","2"
"孝明高皇帝","1","1","2"
"礼官荀讷议","1","1","2"
"万安山玉泉","1","1","2"
"安山玉泉寺","1","1","2"
"光禄勋张猛","1","1","2"
"改封石泉子","1","1","2"
"臣十一代祖","1","1","2"
"伯祖晋中书","1","1","2"
"祖晋中书令","1","1","2"
"下二十八人","1","1","2"
"二十八人书","1","1","2"
"书舍人崔融","1","1","2"
"授麟台监修","1","1","2"
"麟台监修国","1","1","2"
"台监修国史","1","1","2"
"天子命将帅","1","1","2"
"子命将帅讲","1","1","2"
"命将帅讲武","1","1","2"
"举金害盛德","1","1","2"
"孟春行冬令","1","1","2"
"阴政犯阳气","1","1","2"
"同职事三品","1","1","2"
"侍皇太子读","1","1","2"
"皇太子读书","1","1","2"
"谨按史籍所","1","1","2"
"按史籍所载","1","1","2"
"长安二年五","1","1","2"
"安二年五月","1","1","2"
"太子宫门郎","1","1","2"
"司议郎孟利","1","1","2"
"议郎孟利贞","1","1","2"
"郎孟利贞等","1","1","2"
"孟利贞等奉","1","1","2"
"利贞等奉令","1","1","2"
"贞等奉令撰","1","1","2"
"贬桂州都督","1","1","2"
"桂州都督府","1","1","2"
"召天官侍郎","2","0","2"
"月封送史馆","1","1","2"
"宰相撰时政","1","1","2"
"相撰时政记","1","1","2"
"造天枢端门","2","0","2"
"天枢端门外","2","0","2"
"弥勒下生经","1","1","2"
"七宝台须臾","1","1","2"
"左拾遗刘承","1","1","2"
"拾遗刘承庆","1","1","2"
"璹监造天枢","1","1","2"
"功赐爵一等","1","1","2"
"豫州司户参","1","1","2"
"充封禅副使","1","1","2"
"黄金千两涂","1","1","2"
"命梁王武三","1","1","2"
"榆关道安抚","1","1","2"
"关道安抚大","1","1","2"
"蜀中官吏多","1","1","2"
"中官吏多贪","1","1","2"
"卿早荷朝恩","1","1","2"
"令洛州长史","1","1","2"
"州长史宋元","1","1","2"
"长史宋元爽","1","1","2"
"御史中丞霍","1","1","2"
"史中丞霍献","1","1","2"
"监察御史袁","1","1","2"
"察御史袁恕","1","1","2"
"御史袁恕己","1","1","2"
"史袁恕己劾","1","1","2"
"袁恕己劾奏","1","1","2"
"杭州新城人","1","1","2"
"淮阳郡司法","1","1","2"
"阳郡司法书","1","1","2"
"奏通事舍人","1","1","2"
"通事舍人事","1","1","2"
"宇文化所害","2","0","2"
"元帅府记室","1","1","2"
"率更令欧阳","1","1","2"
"更令欧阳询","1","1","2"
"令欧阳询状","1","1","2"
"欧阳询状貌","1","1","2"
"阳询状貌丑","1","1","2"
"左授洪州都","2","0","2"
"授洪州都督","2","0","2"
"洪州都督府","1","1","2"
"赐物八百段","1","1","2"
"太子定州监","2","0","2"
"子定州监国","2","0","2"
"令岑文本卒","2","0","2"
"本官检校中","2","0","2"
"官检校中书","2","0","2"
"加弘文馆学","2","0","2"
"古长安城游","1","1","2"
"长安城游览","1","1","2"
"历代宫室处","1","1","2"
"代宫室处所","1","1","2"
"李义府中书","2","0","2"
"义府中书令","2","0","2"
"令司空李勣","2","0","2"
"门大将军钱","1","1","2"
"大将军钱九","1","1","2"
"将军钱九陇","1","1","2"
"长孙顺德同","1","1","2"
"孙顺德同卷","1","1","2"
"子娶尉迟宝","1","1","2"
"娶尉迟宝琳","1","1","2"
"白州人庞孝","1","1","2"
"州人庞孝泰","1","1","2"
"诏文武百官","2","0","2"
"文集八十卷","1","1","2"
"博士袁思古","1","1","2"
"太常博士王","1","1","2"
"常博士王福","1","1","2"
"户部尚书戴","1","1","2"
"诏令尚书省","1","1","2"
"令尚书省五","1","1","2"
"尚书省五品","1","1","2"
"授右卫率府","1","1","2"
"右卫率府铠","1","1","2"
"卫率府铠曹","1","1","2"
"率府铠曹参","1","1","2"
"交州刺史李","1","1","2"
"刺史李道彦","1","1","2"
"归家取白衫","1","1","2"
"任广州都督","1","1","2"
"付群官集议","1","1","2"
"吏部三尚书","1","1","2"
"迁水部员外","1","1","2"
"授东西台舍","1","1","2"
"东西台舍人","1","1","2"
"迁东台侍郎","1","1","2"
"节减厩马数","1","1","2"
"减厩马数千","1","1","2"
"厩马数千匹","1","1","2"
"改授黄门侍","1","1","2"
"事四百余条","1","1","2"
"蒲州司法参","1","1","2"
"秋官员外郎","1","1","2"
"凤阁侍郎任","1","1","2"
"阁侍郎任知","1","1","2"
"侍郎任知古","1","1","2"
"冬官尚书裴","1","1","2"
"官尚书裴行","1","1","2"
"尚书裴行本","1","1","2"
"书裴行本等","1","1","2"
"裴行本等七","1","1","2"
"行本等七人","1","1","2"
"道州刺史李","1","1","2"
"刺史李仁褒","1","1","2"
"唐奉一所构","1","1","2"
"秋官侍郎周","1","1","2"
"官侍郎周兴","1","1","2"
"皆欣然相贺","1","1","2"
"润州刺史窦","1","1","2"
"州刺史窦孝","1","1","2"
"刺史窦孝谌","1","1","2"
"史窦孝谌妻","1","1","2"
"窦孝谌妻庞","1","1","2"
"孝谌妻庞氏","1","1","2"
"事中薛季昶","1","1","2"
"中书译语人","1","1","2"
"书译语人地","1","1","2"
"左肃机皇甫","1","1","2"
"肃机皇甫公","1","1","2"
"机皇甫公义","1","1","2"
"皇甫公义检","1","1","2"
"甫公义检校","1","1","2"
"公义检校沛","1","1","2"
"义检校沛王","1","1","2"
"将军田仁会","1","1","2"
"侍御史张仁","1","1","2"
"思谦独坐受","1","1","2"
"中黄门侍郎","2","0","2"
"转监察御史","2","0","2"
"除殿中侍御","2","0","2"
"天手敕特赦","1","1","2"
"授太子右庶","2","0","2"
"隋尚书右仆","1","1","2"
"王府录事参","1","1","2"
"多富商大贾","1","1","2"
"前长史张潜","1","1","2"
"多识台阁故","2","0","2"
"识台阁故事","2","0","2"
"六百一十五","1","1","2"
"百一十五万","1","1","2"
"五万六千一","1","1","2"
"万六千一百","1","1","2"
"六千一百四","1","1","2"
"封淮阳县子","1","1","2"
"秘书员外监","1","1","2"
"书员外监郑","1","1","2"
"员外监郑普","1","1","2"
"外监郑普思","1","1","2"
"州妖党大发","1","1","2"
"书左仆射魏","1","1","2"
"封淮阳县侯","1","1","2"
"进封许国公","2","0","2"
"建议请皇后","1","1","2"
"将作大匠宗","1","1","2"
"作大匠宗晋","1","1","2"
"大匠宗晋卿","1","1","2"
"授安国相王","1","1","2"
"安国相王太","1","1","2"
"国相王太尉","1","1","2"
"中书令宗楚","1","1","2"
"书令宗楚客","1","1","2"
"须请皇太后","1","1","2"
"请皇太后临","1","1","2"
"舅中书令柳","1","1","2"
"立忠皇太子","2","0","2"
"书右仆射褚","1","1","2"
"品上子父后","2","0","2"
"王伏胜谋反","1","1","2"
"高宗第四子","1","1","2"
"素节能日诵","1","1","2"
"节能日诵古","1","1","2"
"能日诵古诗","1","1","2"
"萧淑妃争宠","1","1","2"
"曹参军张柬","1","1","2"
"降封鄱阳郡","1","1","2"
"封鄱阳郡王","1","1","2"
"率更令郭瑜","1","1","2"
"子宾客许敬","1","1","2"
"宾客许敬宗","1","1","2"
"子右庶子许","1","1","2"
"右庶子许圉","1","1","2"
"庶子许圉师","1","1","2"
"中书侍郎上","1","1","2"
"书侍郎上官","1","1","2"
"子中舍人杨","1","1","2"
"中舍人杨思","1","1","2"
"舍人杨思俭","1","1","2"
"人杨思俭等","1","1","2"
"文思殿博采","1","1","2"
"思殿博采古","1","1","2"
"总章元年二","1","1","2"
"章元年二月","1","1","2"
"太子多疾病","1","1","2"
"宣城二公主","1","1","2"
"同州沙苑地","1","1","2"
"州沙苑地分","1","1","2"
"沙苑地分借","1","1","2"
"右卫将军裴","1","1","2"
"卫将军裴居","1","1","2"
"宗尝谓侍臣","2","0","2"
"加右卫大将","1","1","2"
"时学者太子","1","1","2"
"学者太子左","1","1","2"
"者太子左庶","1","1","2"
"子左庶子张","1","1","2"
"左庶子张大","1","1","2"
"庶子张大安","1","1","2"
"洛州司户格","1","1","2"
"州司户格希","1","1","2"
"学士许叔牙","1","1","2"
"正议大夫明","1","1","2"
"议大夫明崇","1","1","2"
"韩国夫人所","1","1","2"
"国夫人所生","1","1","2"
"诏令中书侍","1","1","2"
"史大夫高智","1","1","2"
"大夫高智周","1","1","2"
"东宫马坊搜","1","1","2"
"令左金吾将","1","1","2"
"金吾将军丘","1","1","2"
"吾将军丘神","1","1","2"
"将军丘神勣","2","0","2"
"封安乐郡王","1","1","2"
"徙封永安郡","1","1","2"
"封永安郡王","1","1","2"
"懿德太子重","1","1","2"
"德太子重润","1","1","2"
"中宗迁房州","2","0","2"
"妹永泰郡主","1","1","2"
"婿魏王武延","1","1","2"
"魏王武延基","1","1","2"
"王武延基等","1","1","2"
"聘国子监丞","1","1","2"
"国子监丞裴","1","1","2"
"子监丞裴粹","1","1","2"
"监丞裴粹亡","1","1","2"
"丞裴粹亡女","1","1","2"
"赠永泰郡主","1","1","2"
"中宗第二子","1","1","2"
"伏惟陛下德","1","1","2"
"况陛下慈念","1","1","2"
"洛阳人张灵","1","1","2"
"阳人张灵均","1","1","2"
"讨平韦氏功","2","0","2"
"遣家臣王道","1","1","2"
"家臣王道先","1","1","2"
"洛州司马崔","1","1","2"
"州司马崔日","1","1","2"
"司马崔日知","1","1","2"
"马崔日知捕","1","1","2"
"崔日知捕获","1","1","2"
"王道等率众","1","1","2"
"道等率众随","1","1","2"
"等率众随重","1","1","2"
"率众随重福","1","1","2"
"众随重福径","1","1","2"
"取左右屯营","1","1","2"
"左右屯营兵","1","1","2"
"侍御史李邕","1","1","2"
"御史李邕先","1","1","2"
"令闭关拒守","1","1","2"
"纵火烧城门","1","1","2"
"都留守裴谈","1","1","2"
"留守裴谈等","1","1","2"
"时年三十一","1","1","2"
"中宗第三子","1","1","2"
"太常卿武崇","1","1","2"
"常卿武崇训","1","1","2"
"右庶子平贞","1","1","2"
"庶子平贞慎","1","1","2"
"常教公主凌","1","1","2"
"率左羽林大","1","1","2"
"左右羽林兵","1","1","2"
"千骑三百余","1","1","2"
"骑三百余人","1","1","2"
"吾大将军成","1","1","2"
"大将军成王","1","1","2"
"将军成王千","1","1","2"
"军成王千里","1","1","2"
"成王千里分","1","1","2"
"王千里分兵","1","1","2"
"韦庶人安乐","2","0","2"
"庶人安乐公","2","0","2"
"人安乐公主","2","0","2"
"昭容上官氏","1","1","2"
"将军刘仁景","1","1","2"
"军刘仁景等","1","1","2"
"千骑王欢喜","1","1","2"
"骑王欢喜等","1","1","2"
"王欢喜等倒","1","1","2"
"欢喜等倒戈","1","1","2"
"令长上果毅","1","1","2"
"长上果毅赵","1","1","2"
"上果毅赵思","1","1","2"
"果毅赵思慎","1","1","2"
"毅赵思慎率","1","1","2"
"赵思慎率轻","1","1","2"
"思慎率轻骑","1","1","2"
"慎率轻骑追","1","1","2"
"县西十余里","1","1","2"
"鹰扬府校尉","1","1","2"
"张万岁等十","1","1","2"
"雁门郡丞陈","1","1","2"
"门郡丞陈孝","1","1","2"
"郡丞陈孝意","1","1","2"
"虎贲将王智","1","1","2"
"贲将王智辩","1","1","2"
"卫士杨伏念","1","1","2"
"同县人苑君","1","1","2"
"县人苑君璋","1","1","2"
"贼帅魏刀兒","2","0","2"
"西南道大行","1","1","2"
"太常少卿李","1","1","2"
"常少卿李仲","1","1","2"
"少卿李仲文","1","1","2"
"卿李仲文率","1","1","2"
"大将军刘弘","1","1","2"
"将军刘弘基","1","1","2"
"夏县人吕崇","1","1","2"
"县人吕崇茂","1","1","2"
"人吕崇茂杀","1","1","2"
"高祖命太宗","2","0","2"
"内史侍郎唐","1","1","2"
"史侍郎唐俭","1","1","2"
"侍郎唐俭进","1","1","2"
"将尉迟敬德","2","0","2"
"公刘黑闼果","1","1","2"
"贝州刺史戴","1","1","2"
"州刺史戴元","1","1","2"
"刺史戴元详","1","1","2"
"魏州刺史权","1","1","2"
"州刺史权威","1","1","2"
"武德四年七","1","1","2"
"德四年七月","1","1","2"
"将军秦武通","1","1","2"
"贼帅高开道","2","0","2"
"黎州总管李","1","1","2"
"州总管李世","1","1","2"
"总管李世勣","2","0","2"
"遣俟斤宋耶","1","1","2"
"兗州贼帅徐","2","0","2"
"州贼帅徐圆","2","0","2"
"僭称汉东王","2","0","2"
"太宗遣总管","2","0","2"
"遣总管罗士","1","1","2"
"总管罗士信","1","1","2"
"原国公史万","1","1","2"
"国公史万宝","1","1","2"
"公史万宝讨","1","1","2"
"遣齐王元吉","2","0","2"
"齐王元吉击","2","0","2"
"骑将刘弘基","1","1","2"
"将刘弘基追","1","1","2"
"契丹孙万荣","1","1","2"
"降玺书褒美","2","0","2"
"武三思擅权","2","0","2"
"史大夫李承","1","1","2"
"大夫李承嘉","1","1","2"
"思贞入朝廷","1","1","2"
"蚕一年四熟","1","1","2"
"卫州司马路","1","1","2"
"州司马路敬","1","1","2"
"司马路敬潜","1","1","2"
"马路敬潜八","1","1","2"
"路敬潜八月","1","1","2"
"十三州刺史","1","1","2"
"时左仆射窦","1","1","2"
"射窦怀贞兴","1","1","2"
"思贞常节减","1","1","2"
"累迁天官员","2","0","2"
"迁天官员外","2","0","2"
"河东道巡察","1","1","2"
"东道巡察黜","1","1","2"
"道巡察黜陟","1","1","2"
"巡察黜陟使","1","1","2"
"妹婿尚衣奉","1","1","2"
"婿尚衣奉御","1","1","2"
"妹婿杨仙玉","1","1","2"
"散骑常侍马","1","1","2"
"安抚乌质勒","1","1","2"
"持节西域安","1","1","2"
"节西域安抚","1","1","2"
"西域安抚使","1","1","2"
"郭元振同官","1","1","2"
"朔方军大总","1","1","2"
"方军大总管","1","1","2"
"随军要籍官","1","1","2"
"军要籍官河","1","1","2"
"授右武卫大","1","1","2"
"检校晋州刺","1","1","2"
"校晋州刺史","1","1","2"
"赐爵济南县","1","1","2"
"爵济南县男","1","1","2"
"渭等州严加","1","1","2"
"等州严加防","1","1","2"
"丘神气清古","1","1","2"
"族人左庶子","1","1","2"
"夫魏元忠皆","1","1","2"
"魏元忠皆称","1","1","2"
"迁考功员外","2","0","2"
"转吏部侍郎","2","0","2"
"进士王泠然","1","1","2"
"书侍郎崔沔","1","1","2"
"侍郎崔沔等","1","1","2"
"郎崔沔等数","1","1","2"
"崔沔等数人","1","1","2"
"中裴光庭病","1","1","2"
"裴光庭病卒","1","1","2"
"中书令萧嵩","2","0","2"
"崔琳御史大","2","0","2"
"寻转黄门侍","2","0","2"
"书侍郎苏颋","2","0","2"
"李氏花萼集","1","1","2"
"县令傅文静","1","1","2"
"陇右营田使","1","1","2"
"君河西节","2","0","2"
"河西节度","2","0","2"
"河西节度时","1","1","2"
"上令刑部员","1","1","2"
"令刑部员外","1","1","2"
"员外郎张利","1","1","2"
"外郎张利贞","1","1","2"
"监察御史周","1","1","2"
"察御史周子","1","1","2"
"御史周子谅","1","1","2"
"言御史大夫","2","0","2"
"叔尚书右丞","1","1","2"
"尚书右丞弈","1","1","2"
"部侍郎卢奂","1","1","2"
"开元二年七","1","1","2"
"元二年七月","1","1","2"
"薛讷摄左羽","2","0","2"
"讷摄左羽林","2","0","2"
"摄左羽林将","2","0","2"
"首一万七千","1","1","2"
"一万七千级","1","1","2"
"马七万五千","1","1","2"
"七万五千匹","1","1","2"
"羊牛十四万","1","1","2"
"牛十四万头","1","1","2"
"父安西大都","1","1","2"
"东阳府左果","1","1","2"
"阳府左果毅","1","1","2"
"西节度使杜","1","1","2"
"度使杜希望","1","1","2"
"使杜希望谋","1","1","2"
"忠嗣赴河西","1","1","2"
"左威卫郎将","1","1","2"
"所部策马前","1","1","2"
"诏左金吾卫","1","1","2"
"左羽林军上","1","1","2"
"羽林军上将","1","1","2"
"林军上将军","1","1","2"
"加权知河东","1","1","2"
"时突厥叶护","1","1","2"
"突厥叶护新","1","1","2"
"判武威郡事","1","1","2"
"东节度使事","1","1","2"
"请休兵秣马","1","1","2"
"西兵马使李","1","1","2"
"兵马使李光","1","1","2"
"马使李光弼","1","1","2"
"金吾羽林将","1","1","2"
"吾羽林将军","1","1","2"
"任朔州刺史","1","1","2"
"代忠嗣陇右","2","0","2"
"忠嗣陇右节","2","0","2"
"嗣陇右节度","2","0","2"
"汉东郡太守","1","1","2"
"太子仆崔贞","1","1","2"
"子仆崔贞慎","1","1","2"
"东宫率独孤","1","1","2"
"人诬告贞慎","1","1","2"
"诬告贞慎等","1","1","2"
"时夏官侍郎","1","1","2"
"擢中书舍人","2","0","2"
"骑常侍褚量","2","0","2"
"国子博士尹","1","1","2"
"子博士尹知","1","1","2"
"博士尹知章","1","1","2"
"士尹知章等","1","1","2"
"弱冠举进士","2","0","2"
"时侍中韦巨","1","1","2"
"侍中韦巨源","1","1","2"
"书侍郎萧忠","2","0","2"
"子右庶子徐","1","1","2"
"右庶子徐坚","1","1","2"
"著作郎吴兢","1","1","2"
"丛亭里诸刘","1","1","2"
"曾孙司徒居","1","1","2"
"孙司徒居巢","1","1","2"
"司徒居巢侯","1","1","2"
"徒居巢侯刘","1","1","2"
"居巢侯刘恺","1","1","2"
"高阳乡居巢","1","1","2"
"阳乡居巢里","1","1","2"
"皇太子手令","1","1","2"
"太子手令付","1","1","2"
"子手令付外","1","1","2"
"迁左散骑常","2","0","2"
"礼部尚书郑","1","1","2"
"部尚书郑惟","1","1","2"
"尚书郑惟忠","1","1","2"
"使骄主贼臣","1","1","2"
"后魏常山王","1","1","2"
"魏常山王素","1","1","2"
"常山王素连","1","1","2"
"外祖司农卿","1","1","2"
"祖司农卿韦","1","1","2"
"想门下宾客","1","1","2"
"迁陕州刺史","2","0","2"
"关内两道按","1","1","2"
"内两道按察","1","1","2"
"两道按察使","1","1","2"
"初魏明帝时","1","1","2"
"河西柳谷瑞","1","1","2"
"西柳谷瑞石","1","1","2"
"后魏昭成帝","1","1","2"
"魏昭成帝名","1","1","2"
"昭成帝名犍","1","1","2"
"宁州刺史崔","1","1","2"
"州刺史崔琬","1","1","2"
"刺史崔琬代","1","1","2"
"时嗣彭王志","1","1","2"
"人诬告谋反","1","1","2"
"时扬州长史","1","1","2"
"州长史李杰","1","1","2"
"正殿校写四","1","1","2"
"殿校写四部","1","1","2"
"校写四部书","1","1","2"
"栎阳尉韦述","1","1","2"
"曹州司法参","1","1","2"
"太学助教余","1","1","2"
"学助教余钦","1","1","2"
"助教余钦等","1","1","2"
"教余钦等分","1","1","2"
"余钦等分部","1","1","2"
"钦等分部修","1","1","2"
"等分部修检","1","1","2"
"特令行冲撰","1","1","2"
"令行冲撰御","1","1","2"
"行冲撰御所","1","1","2"
"冲撰御所注","1","1","2"
"正殿校写书","1","1","2"
"左卫率府长","1","1","2"
"率府长史魏","1","1","2"
"府长史魏光","1","1","2"
"长史魏光乘","1","1","2"
"引国子博士","1","1","2"
"子博士范行","1","1","2"
"博士范行恭","1","1","2"
"四门助教施","1","1","2"
"门助教施敬","1","1","2"
"助教施敬本","1","1","2"
"十四年八月","1","1","2"
"书左丞相张","1","1","2"
"宋州人魏元","1","1","2"
"州人魏元忠","1","1","2"
"右拾遗内供","1","1","2"
"拾遗内供奉","1","1","2"
"嵩监修国史","1","1","2"
"蕲四州刺史","1","1","2"
"隋五代史繁","1","1","2"
"五代史繁杂","1","1","2"
"京兆尹稻田","1","1","2"
"兆尹稻田判","1","1","2"
"尹稻田判官","1","1","2"
"苟家觜买山","1","1","2"
"家觜买山居","1","1","2"
"高平太守贬","1","1","2"
"关内道黜陟","1","1","2"
"内道黜陟使","1","1","2"
"关内采访使","1","1","2"
"苑内营田五","1","1","2"
"内营田五坊","1","1","2"
"营田五坊宫","1","1","2"
"田五坊宫苑","1","1","2"
"五坊宫苑等","1","1","2"
"坊宫苑等使","1","1","2"
"支度营田使","1","1","2"
"山人李浑言","2","0","2"
"鉷银青光禄","1","1","2"
"长安尉贾季","2","0","2"
"安尉贾季邻","2","0","2"
"弟户部郎中","1","1","2"
"术士任海川","1","1","2"
"士任海川游","1","1","2"
"韦会任王府","1","1","2"
"会任王府司","1","1","2"
"任王府司马","1","1","2"
"鸿胪少卿邢","1","1","2"
"龙武军万骑","1","1","2"
"杨国忠右相","2","0","2"
"相陈希烈等","1","1","2"
"甲骑四百人","1","1","2"
"上密令国忠","1","1","2"
"侍御史裴冕","1","1","2"
"资圣寺廊下","1","1","2"
"岭南承化郡","1","1","2"
"鉷御史中丞","2","0","2"
"郎杨慎矜亲","1","1","2"
"魏左仆射亮","1","1","2"
"蜀郡大都督","2","0","2"
"大历三年六","1","1","2"
"历三年六月","1","1","2"
"尚书司门员","1","1","2"
"书司门员外","1","1","2"
"杨国忠附己","2","0","2"
"国忠附己者","2","0","2"
"日黄门侍郎","2","0","2"
"同平章事房","1","1","2"
"江淮宣谕选","1","1","2"
"淮宣谕选补","1","1","2"
"宣谕选补使","1","1","2"
"除左散骑常","2","0","2"
"江东采访防","1","1","2"
"东采访防御","1","1","2"
"采访防御使","1","1","2"
"集贤院待诏","2","0","2"
"地青苗钱物","1","1","2"
"青苗钱物使","1","1","2"
"皇城副留守","1","1","2"
"大历三年十","1","1","2"
"历三年十二","1","1","2"
"年十二月壬","1","1","2"
"迁大理司直","2","0","2"
"城水运使魏","1","1","2"
"水运使魏少","1","1","2"
"运使魏少游","1","1","2"
"支度判官卢","1","1","2"
"度判官卢简","1","1","2"
"判官卢简金","1","1","2"
"关内盐池判","1","1","2"
"内盐池判官","1","1","2"
"盐池判官李","1","1","2"
"池判官李涵","1","1","2"
"判官李涵谋","1","1","2"
"陈兵马招集","2","0","2"
"兵马招集势","2","0","2"
"界白草顿迎","1","1","2"
"殿下整理军","1","1","2"
"下整理军戎","1","1","2"
"襄州大将康","1","1","2"
"州大将康楚","1","1","2"
"大将康楚元","1","1","2"
"征尚书右丞","2","0","2"
"剑南节制表","1","1","2"
"鸿渐孤军陷","1","1","2"
"安能挹化源","1","1","2"
"益州长史张","1","1","2"
"州长史张宽","1","1","2"
"金吾卫兵曹","1","1","2"
"吾卫兵曹参","1","1","2"
"南节度使章","1","1","2"
"节度使章仇","1","1","2"
"侍御史杨慎","1","1","2"
"御史杨慎矜","1","1","2"
"皇甫惟明私","1","1","2"
"京兆府法曹","1","1","2"
"兆府法曹吉","1","1","2"
"府法曹吉温","1","1","2"
"法曹吉温舞","1","1","2"
"太子良娣杜","1","1","2"
"子良娣杜氏","1","1","2"
"检校度支员","1","1","2"
"校度支员外","1","1","2"
"召募剑南健","1","1","2"
"公卿百僚观","2","0","2"
"面赐国忠金","1","1","2"
"赐国忠金紫","1","1","2"
"京兆尹萧炅","1","1","2"
"鉷御史大夫","2","0","2"
"哥舒翰附会","1","1","2"
"舒翰附会国","1","1","2"
"翰附会国忠","1","1","2"
"荐阆州人鲜","1","1","2"
"令仲通上表","1","1","2"
"仲通上表请","1","1","2"
"通上表请国","1","1","2"
"上表请国忠","1","1","2"
"蜀郡都督府","1","1","2"
"郡都督府长","1","1","2"
"司马李宓率","1","1","2"
"西道采访使","1","1","2"
"蜀人请国忠","1","1","2"
"太清太微宫","1","1","2"
"清太微宫使","1","1","2"
"纳租庸铸钱","1","1","2"
"租庸铸钱等","1","1","2"
"庸铸钱等使","1","1","2"
"国忠本性疏","1","1","2"
"宰相午后六","1","1","2"
"相午后六刻","1","1","2"
"铨日便定留","2","0","2"
"日便定留放","2","0","2"
"午后归本司","1","1","2"
"呼左相陈希","1","1","2"
"部侍郎韦见","1","1","2"
"侍郎韦见素","1","1","2"
"中书舍人窦","1","1","2"
"书舍人窦华","1","1","2"
"妃姊虢国夫","1","1","2"
"姊虢国夫人","1","1","2"
"年冬十月幸","1","1","2"
"上千秋万岁","1","1","2"
"兵部侍郎吉","1","1","2"
"侍郎吉温知","1","1","2"
"郎吉温知留","1","1","2"
"吉温知留后","1","1","2"
"京师三百里","1","1","2"
"十二日凌晨","1","1","2"
"京兆尹魏方","1","1","2"
"兆尹魏方进","1","1","2"
"令内侍曹大","1","1","2"
"内侍曹大仙","1","1","2"
"宫门大树下","1","1","2"
"虢国二夫人","1","1","2"
"史大夫魏方","1","1","2"
"大夫魏方进","1","1","2"
"夫魏方进死","1","1","2"
"相韦见素伤","1","1","2"
"玄礼等见上","2","0","2"
"尚万春公主","2","0","2"
"国忠娶蜀倡","1","1","2"
"虢国夫人皆","1","1","2"
"党翰林学士","1","1","2"
"林学士张渐","1","1","2"
"中书舍人宋","1","1","2"
"书舍人宋昱","1","1","2"
"吏部郎中郑","1","1","2"
"部郎中郑昂","1","1","2"
"郎中郑昂等","1","1","2"
"乐人赵元礼","1","1","2"
"生废太子瑛","1","1","2"
"唐隆元年六","1","1","2"
"隆元年六月","1","1","2"
"御史台中丞","1","1","2"
"迁太子詹事","2","0","2"
"暐鬓发华皓","1","1","2"
"左氏春秋传","1","1","2"
"大斗军副使","1","1","2"
"右武卫员外","1","1","2"
"武卫员外将","1","1","2"
"都知关西兵","1","1","2"
"知关西兵马","1","1","2"
"陇右节度支","1","1","2"
"右节度支度","1","1","2"
"支度营田副","1","1","2"
"度营田副大","1","1","2"
"营田副大使","1","1","2"
"青海中龙驹","1","1","2"
"海中龙驹岛","1","1","2"
"河东群牧十","1","1","2"
"东群牧十万","1","1","2"
"驸马崔惠童","1","1","2"
"马崔惠童池","1","1","2"
"崔惠童池亭","1","1","2"
"皇太子先锋","1","1","2"
"蕃将火拔归","1","1","2"
"诛杨国忠名","2","0","2"
"遣剑南军将","1","1","2"
"剑南军将李","1","1","2"
"南军将李福","1","1","2"
"召募一万人","1","1","2"
"军司马田良","1","1","2"
"司马田良丘","1","1","2"
"陕郡潜锋蓄","1","1","2"
"郡潜锋蓄锐","1","1","2"
"死者数万人","2","0","2"
"火拔归仁执","1","1","2"
"拔归仁执降","1","1","2"
"归仁执降贼","1","1","2"
"李光弼土门","2","0","2"
"户部尚书安","1","1","2"
"弟太仆卿元","1","1","2"
"太仆卿元贞","1","1","2"
"后魏殷州刺","1","1","2"
"魏殷州刺史","1","1","2"
"长安县功曹","1","1","2"
"后历驾部员","1","1","2"
"历驾部员外","1","1","2"
"天下除暴乱","1","1","2"
"硖州都督许","1","1","2"
"州都督许绍","1","1","2"
"卿竭诚尽力","1","1","2"
"靖行军总管","2","0","2"
"将文士弘率","1","1","2"
"精兵数万屯","1","1","2"
"封永康县公","1","1","2"
"赐物二千五","1","1","2"
"物二千五百","1","1","2"
"二千五百段","1","1","2"
"检校荆州刺","1","1","2"
"校荆州刺史","1","1","2"
"岭南道抚慰","1","1","2"
"南道抚慰大","1","1","2"
"道抚慰大使","1","1","2"
"检校桂州总","1","1","2"
"校桂州总管","1","1","2"
"辅公祏丹阳","2","0","2"
"公祏丹阳反","2","0","2"
"黄君汉等七","1","1","2"
"君汉等七总","1","1","2"
"汉等七总管","1","1","2"
"将冯惠亮率","1","1","2"
"黄君汉等先","1","1","2"
"溺死者万余","2","0","2"
"死者万余人","2","0","2"
"置东南道行","1","1","2"
"行台兵部尚","1","1","2"
"台兵部尚书","1","1","2"
"江淮兵一万","1","1","2"
"检校安州大","1","1","2"
"校安州大都","1","1","2"
"突厥莫贺咄","1","1","2"
"厥莫贺咄设","1","1","2"
"代州道行军","1","1","2"
"进封代国公","2","0","2"
"赐物六百段","1","1","2"
"靖定襄道行","2","0","2"
"遣鸿胪卿唐","1","1","2"
"将军安修仁","1","1","2"
"将军张公谨","1","1","2"
"牙帐十五里","1","1","2"
"隋义成公主","1","1","2"
"千里马将走","1","1","2"
"西道行军总","1","1","2"
"行军总管张","1","1","2"
"军总管张宝","1","1","2"
"加左光禄大","2","0","2"
"通前五百户","2","0","2"
"赐绢二千匹","2","0","2"
"畿内道大使","1","1","2"
"靖西海道行","2","0","2"
"右卫将军李","1","1","2"
"卫将军李道","1","1","2"
"将军李道彦","1","1","2"
"史高甑生等","1","1","2"
"靖立大宁王","1","1","2"
"立大宁王慕","1","1","2"
"大宁王慕容","1","1","2"
"宁王慕容顺","1","1","2"
"授濮州刺史","1","1","2"
"孝恭等二十","1","1","2"
"恭等二十四","1","1","2"
"二十四人凌","2","0","2"
"十四人凌烟","2","0","2"
"四人凌烟阁","2","0","2"
"凤翔府司录","1","1","2"
"翔府司录参","1","1","2"
"府司录参军","1","1","2"
"手诏等十余","1","1","2"
"诏等十余卷","1","1","2"
"芳绢二百匹","1","1","2"
"遣齐郡通守","1","1","2"
"齐郡通守张","1","1","2"
"郡通守张须","1","1","2"
"守张须陀率","1","1","2"
"浚仪人王伯","1","1","2"
"令王世充讨","1","1","2"
"长史郭孝恪","1","1","2"
"改封曹国公","1","1","2"
"赐良田五十","1","1","2"
"良田五十顷","1","1","2"
"伪郑州司兵","1","1","2"
"郑州司兵沈","1","1","2"
"州司兵沈悦","1","1","2"
"司兵沈悦请","1","1","2"
"河南大总管","1","1","2"
"陈正通率兵","1","1","2"
"正通率兵十","1","1","2"
"通率兵十万","1","1","2"
"率兵十万屯","1","1","2"
"勣行军总管","2","0","2"
"道大总管李","1","1","2"
"韩信灭田横","1","1","2"
"袭蕲州刺史","1","1","2"
"能精选贤良","1","1","2"
"八万南侵李","1","1","2"
"万南侵李思","1","1","2"
"南侵李思摩","1","1","2"
"侵李思摩部","1","1","2"
"李思摩部落","1","1","2"
"朔州行军总","1","1","2"
"州行军总管","1","1","2"
"率轻骑三千","1","1","2"
"封一子县公","2","0","2"
"高宗皇太子","2","0","2"
"勣太子詹事","2","0","2"
"白崖等数城","1","1","2"
"封一子郡公","2","0","2"
"遣通事舍人","1","1","2"
"通事舍人萧","1","1","2"
"事舍人萧嗣","1","1","2"
"舍人萧嗣业","1","1","2"
"人萧嗣业招","1","1","2"
"萧嗣业招慰","1","1","2"
"令同中书门","2","0","2"
"仪同三司依","2","0","2"
"同三司依旧","2","0","2"
"丽莫离支男","1","1","2"
"弟男建所逐","2","0","2"
"副大总管刘","1","1","2"
"大总管刘仁","1","1","2"
"总管刘仁轨","1","1","2"
"实封通前一","2","0","2"
"封通前一千","2","0","2"
"一千一百户","1","1","2"
"司平太常伯","1","1","2"
"平太常伯杨","1","1","2"
"摄同文正卿","1","1","2"
"同文正卿监","1","1","2"
"文正卿监护","1","1","2"
"勣前后战胜","1","1","2"
"前后战胜所","1","1","2"
"获伪郑州长","1","1","2"
"伪郑州长史","1","1","2"
"郑州长史戴","1","1","2"
"州长史戴胄","1","1","2"
"皇太子送药","1","1","2"
"天太后临朝","1","1","2"
"废帝庐陵王","2","0","2"
"长安主簿骆","1","1","2"
"安主簿骆宾","1","1","2"
"主簿骆宾王","1","1","2"
"簿骆宾王贬","1","1","2"
"詹事司直杜","1","1","2"
"事司直杜求","1","1","2"
"司直杜求仁","1","1","2"
"嗣圣元年七","1","1","2"
"圣元年七月","1","1","2"
"党监察御史","1","1","2"
"监察御史薛","1","1","2"
"察御史薛璋","1","1","2"
"御史薛璋先","1","1","2"
"令雍州人韦","1","1","2"
"雍州人韦超","1","1","2"
"扬州长史陈","1","1","2"
"州长史陈敬","1","1","2"
"令士曹参军","1","1","2"
"士曹参军李","1","1","2"
"曹参军李宗","1","1","2"
"参军李宗臣","1","1","2"
"录事参军孙","1","1","2"
"事参军孙处","1","1","2"
"参军孙处行","1","1","2"
"军孙处行拒","1","1","2"
"匡复府上将","1","1","2"
"胜兵十余万","2","0","2"
"一抔土未干","2","0","2"
"复本姓徐氏","2","0","2"
"合山东豪杰","1","1","2"
"刺史李思文","1","1","2"
"孝逸乘胜追","1","1","2"
"杜求仁等乘","1","1","2"
"吐蕃陷麟州","2","0","2"
"封新安郡王","2","0","2"
"府学士柳顾","1","1","2"
"学士柳顾言","1","1","2"
"太子右千牛","1","1","2"
"检校左翊卫","1","1","2"
"校左翊卫鹰","1","1","2"
"左翊卫鹰扬","1","1","2"
"翊卫鹰扬郎","1","1","2"
"卫鹰扬郎将","1","1","2"
"迁尚书左仆","2","0","2"
"侍中陈叔达","1","1","2"
"宰臣参议朝","2","0","2"
"臣参议朝政","2","0","2"
"河南道巡省","1","1","2"
"南道巡省大","1","1","2"
"道巡省大使","1","1","2"
"版荡识诚臣","1","1","2"
"长孙忌等二","2","0","2"
"孙忌等二十","2","0","2"
"二十四人图","2","0","2"
"十四人图形","2","0","2"
"四人图形凌","2","0","2"
"瑀太子太保","2","0","2"
"大品般若经","1","1","2"
"太宗对群臣","1","1","2"
"曲直相反难","1","1","2"
"封全椒县子","1","1","2"
"吐谷浑伏允","1","1","2"
"位光禄大夫","1","1","2"
"君集交河道","2","0","2"
"集交河道行","2","0","2"
"军大总管讨","1","1","2"
"男女七千余","1","1","2"
"多入室避石","1","1","2"
"西突厥欲谷","1","1","2"
"突厥欲谷设","1","1","2"
"厥欲谷设约","1","1","2"
"能正身奉法","1","1","2"
"君集等奉行","1","1","2"
"集等奉行圣","1","1","2"
"贰师将军李","1","1","2"
"师将军李广","1","1","2"
"将军李广利","1","1","2"
"军李广利损","1","1","2"
"骏马三十匹","1","1","2"
"所收康居财","1","1","2"
"收康居财物","1","1","2"
"龙骧将军王","1","1","2"
"骧将军王浚","1","1","2"
"新义郡公韩","1","1","2"
"义郡公韩擒","1","1","2"
"郡公韩擒虎","1","1","2"
"公韩擒虎平","1","1","2"
"赐物八千段","1","1","2"
"陛下降雨露","1","1","2"
"时庶人承乾","1","1","2"
"太宗亲临问","2","0","2"
"隋右骁卫将","2","0","2"
"骁卫将军长","1","1","2"
"卫将军长孙","1","1","2"
"将军长孙晟","1","1","2"
"兵部尚书斛","1","1","2"
"部尚书斛斯","1","1","2"
"尚书斛斯政","1","1","2"
"门侍郎王珪","2","0","2"
"郎令狐德棻","2","0","2"
"解尚书右仆","2","0","2"
"一千二百卷","1","1","2"
"皇太子下令","1","1","2"
"配享太宗庙","2","0","2"
"享太宗庙庭","2","0","2"
"除户部侍郎","2","0","2"
"官右卫将军","2","0","2"
"冯翊文宣王","1","1","2"
"北道行军典","1","1","2"
"道行军典签","1","1","2"
"尉迟敬德四","1","1","2"
"功臣世袭刺","1","1","2"
"臣世袭刺史","1","1","2"
"改封赵国公","1","1","2"
"改封莱国公","1","1","2"
"相州都督府","1","1","2"
"改封郧国公","1","1","2"
"郑国文贞公","1","1","2"
"故辅国大将","1","1","2"
"故尚书左仆","1","1","2"
"故陕东道行","1","1","2"
"东道行台右","1","1","2"
"道行台右仆","1","1","2"
"行台右仆射","1","1","2"
"谯襄公柴绍","1","1","2"
"故左骁卫大","1","1","2"
"郯襄公张公","1","1","2"
"襄公张公谨","1","1","2"
"莒国公唐俭","1","1","2"
"故徐州都督","1","1","2"
"胡壮公秦叔","1","1","2"
"壮公秦叔宝","1","1","2"
"公秦叔宝等","1","1","2"
"忌太子太师","2","0","2"
"太尉同中书","1","1","2"
"尉同中书门","1","1","2"
"史官国子祭","1","1","2"
"官国子祭酒","1","1","2"
"国子祭酒令","1","1","2"
"子祭酒令狐","1","1","2"
"祭酒令狐德","1","1","2"
"察御史李巢","1","1","2"
"房遗爱谋反","1","1","2"
"宰相三十年","1","1","2"
"部尚书李义","1","1","2"
"尚书李义府","1","1","2"
"右一府统军","1","1","2"
"行台左仆射","1","1","2"
"台左仆射屈","1","1","2"
"左仆射屈突","1","1","2"
"仆射屈突通","1","1","2"
"尚书殷开山","1","1","2"
"世充骁将单","2","0","2"
"充骁将单雄","2","0","2"
"骁将单雄信","2","0","2"
"秦王府左二","1","1","2"
"王府左二副","1","1","2"
"府左二副护","1","1","2"
"左二副护军","1","1","2"
"突厥侵扰乌","1","1","2"
"厥侵扰乌城","1","1","2"
"密谋请太宗","1","1","2"
"贤大义灭亲","1","1","2"
"侯君集日夜","1","1","2"
"君集日夜进","1","1","2"
"太宗令长孙","2","0","2"
"泾州道行军","1","1","2"
"夏二州都督","1","1","2"
"左一马军总","1","1","2"
"一马军总管","1","1","2"
"令京官五品","1","1","2"
"京官五品上","2","0","2"
"品上朝集使","2","0","2"
"部侍郎高孝","1","1","2"
"侍郎高孝基","1","1","2"
"北道行军记","1","1","2"
"道行军记室","1","1","2"
"行军记室参","1","1","2"
"军记室参军","1","1","2"
"道大行台考","1","1","2"
"大行台考功","1","1","2"
"太宗入春宫","2","0","2"
"将军丘师利","1","1","2"
"军丘师利等","1","1","2"
"忌等十四人","1","1","2"
"玄龄太子太","2","0","2"
"龄太子太傅","2","0","2"
"一千五百段","1","1","2"
"丁继母忧职","2","0","2"
"中书侍郎褚","1","1","2"
"书侍郎褚遂","1","1","2"
"著作郎陆元","1","1","2"
"作郎陆元仕","1","1","2"
"前雍州刺史","1","1","2"
"雍州刺史令","1","1","2"
"刺史令狐德","1","1","2"
"太子舍人李","1","1","2"
"子舍人李义","1","1","2"
"舍人李义府","1","1","2"
"居郎上官仪","1","1","2"
"郎上官仪等","1","1","2"
"上官仪等八","1","1","2"
"官仪等八人","1","1","2"
"司农卿李纬","1","1","2"
"右卫中郎将","1","1","2"
"雍州司马高","1","1","2"
"州司马高孝","1","1","2"
"司马高孝基","1","1","2"
"天策府兵曹","1","1","2"
"策府兵曹参","1","1","2"
"庆州总管杨","1","1","2"
"州总管杨文","1","1","2"
"总管杨文干","1","1","2"
"东宫仪式簿","1","1","2"
"荐刑部员外","1","1","2"
"寻进封齐国","2","0","2"
"十五郡诸军","1","1","2"
"五郡诸军事","1","1","2"
"镇北大将军","1","1","2"
"右卫将军宇","1","1","2"
"将军宇文歆","1","1","2"
"时刘武周率","1","1","2"
"遣车骑将军","1","1","2"
"车骑将军张","1","1","2"
"骑将军张达","1","1","2"
"司马刘德威","1","1","2"
"部尚书李纲","1","1","2"
"襄州道行台","1","1","2"
"赂中书令封","1","1","2"
"中书令封伦","1","1","2"
"护军宇文宝","1","1","2"
"时年二十四","2","0","2"
"晋陵人管崇","1","1","2"
"遣将军吐万","1","1","2"
"将军吐万绪","1","1","2"
"鱼俱罗等讨","1","1","2"
"时厌次人格","1","1","2"
"厌次人格谦","1","1","2"
"太府卿元文","1","1","2"
"府卿元文都","1","1","2"
"武卫将军皇","1","1","2"
"卫将军皇甫","1","1","2"
"右司郎中卢","1","1","2"
"司郎中卢楚","1","1","2"
"世充吏部尚","1","1","2"
"充吏部尚书","1","1","2"
"东太阳门外","1","1","2"
"督内外诸军","2","0","2"
"内外诸军事","2","0","2"
"司马郑虔象","1","1","2"
"孔子闭房记","1","1","2"
"庄子人间世","1","1","2"
"部尚书裴仁","1","1","2"
"尚书裴仁基","1","1","2"
"子左辅大将","1","1","2"
"左辅大将军","1","1","2"
"尚书左丞宇","1","1","2"
"书左丞宇文","1","1","2"
"左丞宇文儒","1","1","2"
"丞宇文儒童","1","1","2"
"宇文儒童等","1","1","2"
"将军罗士信","1","1","2"
"殿中监豆卢","1","1","2"
"中监豆卢达","1","1","2"
"城中人相食","2","0","2"
"尚书郎卢君","1","1","2"
"书郎卢君业","1","1","2"
"内史令长孙","1","1","2"
"史令长孙安","1","1","2"
"令长孙安世","1","1","2"
"长孙安世等","1","1","2"
"诣军门请降","2","0","2"
"门侍郎薛德","1","1","2"
"侍郎薛德音","1","1","2"
"仇人定州刺","1","1","2"
"人定州刺史","1","1","2"
"定州刺史独","1","1","2"
"刺史独孤修","1","1","2"
"通守郭绚率","1","1","2"
"率兵万余人","2","0","2"
"兵万余人讨","2","0","2"
"卿杨义臣率","1","1","2"
"遣右翊卫将","1","1","2"
"翊卫将军薛","1","1","2"
"卫将军薛世","1","1","2"
"将军薛世雄","1","1","2"
"军薛世雄率","1","1","2"
"武德元年冬","1","1","2"
"景城丞孔德","1","1","2"
"城丞孔德绍","1","1","2"
"贼帅王须拔","2","0","2"
"内史侍郎孔","1","1","2"
"史侍郎孔德","1","1","2"
"侍郎孔德绍","1","1","2"
"门侍郎裴矩","1","1","2"
"部侍郎崔君","1","1","2"
"侍郎崔君肃","1","1","2"
"少府令何稠","1","1","2"
"刺史袁子干","1","1","2"
"建天子旌旗","2","0","2"
"义城公主先","1","1","2"
"河北大使淮","1","1","2"
"北大使淮安","1","1","2"
"大使淮安王","1","1","2"
"将军李世勣","2","0","2"
"皇妹同安长","1","1","2"
"妹同安长公","1","1","2"
"安长公主神","2","0","2"
"长公主神通","2","0","2"
"滑州刺史王","1","1","2"
"州刺史王轨","1","1","2"
"邢州刺史陈","1","1","2"
"州刺史陈君","1","1","2"
"刺史陈君宾","1","1","2"
"大使张道源","1","1","2"
"使张道源等","1","1","2"
"国子祭酒凌","1","1","2"
"子祭酒凌敬","1","1","2"
"大将军高士","1","1","2"
"将军高士兴","1","1","2"
"大将王伏宝","1","1","2"
"攻王世充洛","2","0","2"
"书舍人刘斌","1","1","2"
"遣职方侍郎","1","1","2"
"职方侍郎魏","1","1","2"
"方侍郎魏处","1","1","2"
"侍郎魏处绘","1","1","2"
"行台仆射韩","1","1","2"
"台仆射韩洪","1","1","2"
"遣将军王君","1","1","2"
"大将张青特","1","1","2"
"车骑将军白","1","1","2"
"骑将军白士","1","1","2"
"左仆射齐善","1","1","2"
"仆射齐善行","1","1","2"
"右仆射裴矩","1","1","2"
"州人王君廓","1","1","2"
"人王君廓掠","1","1","2"
"义师入定关","1","1","2"
"师入定关中","1","1","2"
"迁左武卫将","1","1","2"
"太宗征辽东","1","1","2"
"左屯营兵马","1","1","2"
"益州录事参","1","1","2"
"隆州司马房","1","1","2"
"州司马房嗣","1","1","2"
"司马房嗣业","1","1","2"
"益州司马折","1","1","2"
"州司马折威","1","1","2"
"司马折威风","1","1","2"
"洪范五行传","1","1","2"
"凤阁侍郎周","1","1","2"
"阁侍郎周允","1","1","2"
"侍郎周允元","1","1","2"
"王武懿宗将","1","1","2"
"赠相州刺史","1","1","2"
"射魏元忠特","1","1","2"
"书舍人李敬","1","1","2"
"舍人李敬玄","1","1","2"
"人李敬玄所","1","1","2"
"寻同凤阁鸾","2","0","2"
"麟台少监王","1","1","2"
"台少监王绍","1","1","2"
"少监王绍宗","1","1","2"
"监王绍宗等","1","1","2"
"王绍宗等十","1","1","2"
"绍宗等十八","1","1","2"
"宗等十八人","1","1","2"
"王同皎亲善","1","1","2"
"授庐州刺史","2","0","2"
"十代兴亡论","1","1","2"
"冉祖雍等诬","1","1","2"
"陛下龙兴宝","1","1","2"
"下龙兴宝位","1","1","2"
"郑州原武人","1","1","2"
"左右肃政台","1","1","2"
"右肃政台御","1","1","2"
"人巧佞邪媚","1","1","2"
"时左补阙戴","1","1","2"
"左补阙戴令","1","1","2"
"补阙戴令言","1","1","2"
"两脚野狐赋","1","1","2"
"御史大夫时","1","1","2"
"兄司礼少卿","1","1","2"
"奏请公卿大","1","1","2"
"皆尽醉极欢","1","1","2"
"杨内史面似","1","1","2"
"内史面似高","1","1","2"
"史面似高丽","1","1","2"
"检校京兆府","1","1","2"
"校京兆府长","1","1","2"
"京兆府长史","1","1","2"
"时武三思将","1","1","2"
"武三思将诬","1","1","2"
"三思将诬杀","1","1","2"
"思将诬杀王","1","1","2"
"将诬杀王同","1","1","2"
"诬杀王同皎","1","1","2"
"改授冀州刺","1","1","2"
"授冀州刺史","1","1","2"
"赐爵平乡县","1","1","2"
"爵平乡县男","1","1","2"
"除太子左庶","2","0","2"
"神龙二年八","1","1","2"
"龙二年八月","1","1","2"
"岭南高要郡","1","1","2"
"隋相州刺史","1","1","2"
"中例称单姓","1","1","2"
"宰相韦巨源","1","1","2"
"司刑少卿皇","1","1","2"
"刑少卿皇甫","1","1","2"
"少卿皇甫文","1","1","2"
"卿皇甫文备","1","1","2"
"河北道宣劳","1","1","2"
"北道宣劳使","1","1","2"
"皇太子宫尹","1","1","2"
"张易兄弟武","2","0","2"
"易兄弟武三","2","0","2"
"兄弟武三思","2","0","2"
"赐爵平阳郡","1","1","2"
"爵平阳郡公","1","1","2"
"等诛张易兄","2","0","2"
"洛州长史薛","1","1","2"
"州长史薛季","1","1","2"
"长史薛季昶","1","1","2"
"兵势诛武三","1","1","2"
"势诛武三思","1","1","2"
"许州司功参","1","1","2"
"晖等兴甲兵","1","1","2"
"叔父秘书监","1","1","2"
"行功所器重","1","1","2"
"见姨兄屯田","1","1","2"
"姨兄屯田郎","1","1","2"
"兄屯田郎中","1","1","2"
"屯田郎中辛","1","1","2"
"田郎中辛玄","1","1","2"
"郎中辛玄驭","1","1","2"
"玄暐遵奉母","1","1","2"
"执政者所忌","1","1","2"
"周兴等诬陷","1","1","2"
"相王仁明孝","1","1","2"
"王仁明孝友","1","1","2"
"预诛张易功","2","0","2"
"授白州司马","1","1","2"
"诸子弟孤贫","1","1","2"
"太平公主子","2","0","2"
"平公主子薛","2","0","2"
"公主子薛崇","2","0","2"
"赐爵中山县","1","1","2"
"爵中山县男","1","1","2"
"奴婢二十人","1","1","2"
"卿见危思奋","1","1","2"
"崔湜中书令","2","0","2"
"托附太平公","2","0","2"
"侍御史邓光","1","1","2"
"御史邓光宾","1","1","2"
"改尚书左右","1","1","2"
"尚书左右仆","1","1","2"
"书左右仆射","1","1","2"
"幽求尚书左","2","0","2"
"除太子少保","2","0","2"
"桂阳郡刺史","1","1","2"
"配享睿宗庙","1","1","2"
"玄宗诛韦氏","1","1","2"
"九州设险图","1","1","2"
"敬业扬州作","2","0","2"
"业扬州作乱","2","0","2"
"军李孝逸督","1","1","2"
"李孝逸督军","1","1","2"
"孝逸督军讨","1","1","2"
"偏将雷仁智","1","1","2"
"元忠请先击","1","1","2"
"敬业隔溪相","1","1","2"
"业隔溪相拒","1","1","2"
"前军总管苏","1","1","2"
"军总管苏孝","1","1","2"
"总管苏孝祥","1","1","2"
"元忠前后三","1","1","2"
"左肃政台御","1","1","2"
"时奉宸令张","1","1","2"
"奉宸令张易","1","1","2"
"特贬授端州","1","1","2"
"贬授端州高","1","1","2"
"能赏善罚恶","1","1","2"
"璟尚书右仆","2","0","2"
"特赐锦袍一","1","1","2"
"子太仆少卿","1","1","2"
"多祚等犹豫","1","1","2"
"中纪处讷等","1","1","2"
"节愍太子同","1","1","2"
"愍太子同谋","1","1","2"
"右卫郎将姚","1","1","2"
"卫郎将姚庭","1","1","2"
"郎将姚庭筠","1","1","2"
"渠州员外司","1","1","2"
"中书令李峤","1","1","2"
"迁思州务川","1","1","2"
"令御史袁守","1","1","2"
"御史袁守一","1","1","2"
"内史狄仁杰","1","1","2"
"史狄仁杰奏","1","1","2"
"狄仁杰奏请","1","1","2"
"仁杰奏请陛","1","1","2"
"杰奏请陛下","1","1","2"
"奏请陛下监","1","1","2"
"请陛下监国","1","1","2"
"守一假借前","1","1","2"
"一假借前事","1","1","2"
"晃实封一百","1","1","2"
"检校民部尚","1","1","2"
"校民部尚书","1","1","2"
"民部尚书事","1","1","2"
"擢膳部员外","2","0","2"
"郑二州刺史","1","1","2"
"秋官二尚书","1","1","2"
"官二尚书事","1","1","2"
"崔神庆等同","1","1","2"
"检校中台左","1","1","2"
"校中台左丞","1","1","2"
"武三思皆恃","1","1","2"
"三思皆恃宠","1","1","2"
"宋霸子等数","1","1","2"
"霸子等数人","1","1","2"
"蜀商等贱类","1","1","2"
"时凤阁侍郎","1","1","2"
"凤阁侍郎陆","1","1","2"
"阁侍郎陆元","1","1","2"
"夏官尚书唐","1","1","2"
"官尚书唐休","1","1","2"
"张柬中书令","2","0","2"
"安乐公主城","1","1","2"
"乐公主城西","1","1","2"
"公主城西池","1","1","2"
"主城西池馆","1","1","2"
"郭元振保护","1","1","2"
"元振保护获","1","1","2"
"振保护获免","1","1","2"
"太常主簿李","1","1","2"
"常主簿李元","1","1","2"
"主簿李元澄","1","1","2"
"监察御史郭","1","1","2"
"察御史郭震","1","1","2"
"御史郭震希","1","1","2"
"青州刺史韦","1","1","2"
"州刺史韦安","1","1","2"
"刺史韦安石","1","1","2"
"子宾客韦嗣","1","1","2"
"宾客韦嗣立","1","1","2"
"部尚书赵彦","1","1","2"
"尚书赵彦昭","1","1","2"
"书赵彦昭等","1","1","2"
"削太上皇辅","1","1","2"
"太上皇辅政","1","1","2"
"安石沔州驾","2","0","2"
"追赠开府仪","1","1","2"
"降吐蕃赞普","2","0","2"
"卿赵履温私","1","1","2"
"托安乐公主","1","1","2"
"安乐公主密","1","1","2"
"乐公主密奏","1","1","2"
"公主密奏留","1","1","2"
"卫大将军杨","1","1","2"
"大将军杨矩","1","1","2"
"将军杨矩代","1","1","2"
"关内道持节","1","1","2"
"内道持节巡","1","1","2"
"道持节巡边","1","1","2"
"持节巡边使","1","1","2"
"检校左御史","1","1","2"
"校左御史台","1","1","2"
"中侍御史郭","1","1","2"
"侍御史郭震","1","1","2"
"女巫赵五娘","1","1","2"
"巫赵五娘左","1","1","2"
"赵五娘左道","1","1","2"
"五娘左道乱","1","1","2"
"娘左道乱常","1","1","2"
"寻迁中书侍","2","0","2"
"节愍太子诛","1","1","2"
"安国相王镇","2","0","2"
"国相王镇国","2","0","2"
"相王镇国太","2","0","2"
"王镇国太平","2","0","2"
"冉祖雍等所","1","1","2"
"祖雍等所奏","1","1","2"
"宰相子弟多","1","1","2"
"相子弟多居","1","1","2"
"子弟多居外","1","1","2"
"弟多居外职","1","1","2"
"伏愿陛下远","1","1","2"
"诸司长官子","1","1","2"
"司长官子弟","1","1","2"
"刘子玄等撰","1","1","2"
"部尚书李晋","1","1","2"
"节愍太子杀","1","1","2"
"中纪处讷共","1","1","2"
"西突厥娑葛","1","1","2"
"西都护郭元","1","1","2"
"都护郭元振","1","1","2"
"护郭元振奏","1","1","2"
"郭元振奏请","1","1","2"
"封永平郡王","1","1","2"
"天册授成器","1","1","2"
"改封寿春郡","1","1","2"
"封寿春郡王","1","1","2"
"宗正员外卿","1","1","2"
"加赐实封四","1","1","2"
"细马二十匹","1","1","2"
"良田三十顷","1","1","2"
"成器等共申","1","1","2"
"先天元年八","1","1","2"
"玄宗讨平萧","1","1","2"
"避昭成皇后","1","1","2"
"五千五百户","1","1","2"
"赐宅兴庆坊","2","0","2"
"胜业东南角","1","1","2"
"业东南角赐","1","1","2"
"东南角赐宅","1","1","2"
"安兴坊东南","1","1","2"
"兴坊东南赐","1","1","2"
"坊东南赐宅","1","1","2"
"西北角赐宅","1","1","2"
"登楼同榻宴","1","1","2"
"西山一何高","1","1","2"
"二十八年冬","1","1","2"
"令中使送医","1","1","2"
"中使送医药","1","1","2"
"四方所进献","1","1","2"
"二十九年冬","1","1","2"
"长子汝阳郡","1","1","2"
"子汝阳郡王","1","1","2"
"历迁凤阁舍","2","0","2"
"位银青光禄","1","1","2"
"睿宗女金仙","1","1","2"
"玉真二公主","1","1","2"
"真二公主入","1","1","2"
"二公主入道","1","1","2"
"陛下人父母","2","0","2"
"陛下翦除凶","1","1","2"
"下翦除凶逆","1","1","2"
"先天元年冬","1","1","2"
"五弟训禽荒","1","1","2"
"赐卿衣裳一","1","1","2"
"蒲州司功参","1","1","2"
"司功参军齐","1","1","2"
"前右内率府","1","1","2"
"右内率府骑","1","1","2"
"内率府骑曹","1","1","2"
"率府骑曹参","1","1","2"
"府骑曹参军","1","1","2"
"骑曹参军柳","1","1","2"
"曹参军柳泽","1","1","2"
"知吏部尚书","2","0","2"
"左补阙袁晖","1","1","2"
"右补阙封希","1","1","2"
"补阙封希颜","1","1","2"
"伊阙尉陈希","1","1","2"
"公卿百官三","1","1","2"
"卿百官三九","1","1","2"
"百官三九射","1","1","2"
"官三九射礼","1","1","2"
"圣王教天下","1","1","2"
"臣窃见数年","1","1","2"
"常卿姜皎荐","1","1","2"
"擢黄门侍郎","2","0","2"
"复黄门侍郎","2","0","2"
"士多任外官","1","1","2"
"父子兄弟三","1","1","2"
"子兄弟三人","1","1","2"
"十年十一月","1","1","2"
"中书门下共","2","0","2"
"共食实封三","1","1","2"
"封安阳郡公","1","1","2"
"怀州刺史李","1","1","2"
"州刺史李文","1","1","2"
"华州司马杨","1","1","2"
"州司马杨孚","1","1","2"
"安西都护张","1","1","2"
"西都护张孝","1","1","2"
"都护张孝嵩","1","1","2"
"阗王尉迟眺","1","1","2"
"暹同中书门","2","0","2"
"赐绢二百匹","1","1","2"
"诏赠尚书右","1","1","2"
"赠尚书右丞","1","1","2"
"司员外郎刘","1","1","2"
"员外郎刘同","1","1","2"
"外郎刘同升","1","1","2"
"官员外郎韦","1","1","2"
"员外郎韦廉","1","1","2"
"太常博士裴","1","1","2"
"常博士裴总","1","1","2"
"时梁州都督","1","1","2"
"梁州都督李","1","1","2"
"州都督李行","1","1","2"
"都督李行褒","1","1","2"
"校书郎赵冬","1","1","2"
"书郎赵冬曦","1","1","2"
"主爵员外郎","1","1","2"
"书令张说驳","1","1","2"
"万年尉李美","1","1","2"
"年尉李美玉","1","1","2"
"二十七年病","1","1","2"
"十七年病卒","1","1","2"
"孝敬皇帝妃","1","1","2"
"敬皇帝妃父","1","1","2"
"皇帝妃父裴","1","1","2"
"帝妃父裴居","1","1","2"
"妃父裴居道","1","1","2"
"模棱持两端","1","1","2"
"弟太子洗马","1","1","2"
"味玄甚相友","1","1","2"
"玄甚相友爱","1","1","2"
"隐居终南山","1","1","2"
"陛下西幸东","1","1","2"
"下西幸东巡","1","1","2"
"大挠造甲子","1","1","2"
"赵贞固友善","1","1","2"
"圣昭孝皇帝","1","1","2"
"天顺圣皇后","2","0","2"
"显庆元年十","1","1","2"
"诏皇太子柩","2","0","2"
"皇太子柩前","2","0","2"
"太后临朝称","2","0","2"
"张易弟昌宗","2","0","2"
"阁侍郎张柬","1","1","2"
"鸾台侍郎崔","1","1","2"
"台侍郎崔玄","1","1","2"
"侍郎崔玄暐","2","0","2"
"羽林将军敬","1","1","2"
"林将军敬晖","1","1","2"
"羽林将军桓","1","1","2"
"林将军桓彦","1","1","2"
"将军桓彦范","1","1","2"
"司刑少卿袁","1","1","2"
"刑少卿袁恕","1","1","2"
"少卿袁恕己","1","1","2"
"卿袁恕己等","1","1","2"
"迎皇太子监","2","0","2"
"地官侍郎樊","1","1","2"
"官侍郎樊忱","1","1","2"
"三品上加爵","2","0","2"
"号安国相王","2","0","2"
"前满五千户","1","1","2"
"徙居上阳宫","2","0","2"
"凤阁侍郎同","1","1","2"
"阁侍郎同凤","1","1","2"
"侍郎同凤阁","1","1","2"
"郎同凤阁鸾","1","1","2"
"台平章事张","1","1","2"
"平章事张柬","1","1","2"
"检校太子右","1","1","2"
"校太子右庶","1","1","2"
"台平章事崔","1","1","2"
"平章事崔玄","1","1","2"
"门下三品姚","1","1","2"
"下三品姚元","1","1","2"
"豫州刺史玄","1","1","2"
"州刺史玄贞","1","1","2"
"后母崔氏赠","1","1","2"
"上洛郡王妃","1","1","2"
"霍王元轨等","1","1","2"
"贤良方正直","1","1","2"
"良方正直言","1","1","2"
"谯王重福贬","1","1","2"
"尉武攸暨封","1","1","2"
"通前一千户","2","0","2"
"侍中事韦安","1","1","2"
"中事韦安石","1","1","2"
"左右司员外","1","1","2"
"酷吏刘光业","1","1","2"
"刘景阳等五","1","1","2"
"太平公主更","1","1","2"
"卫王重俊兄","1","1","2"
"王重俊兄弟","1","1","2"
"长宁公主姊","1","1","2"
"宁公主姊妹","1","1","2"
"公主姊妹等","1","1","2"
"卫王重俊上","1","1","2"
"司仆少卿徐","1","1","2"
"追赠越州都","1","1","2"
"左右千牛卫","1","1","2"
"置大将军一","1","1","2"
"奉宸府官员","1","1","2"
"左庶子韦安","1","1","2"
"庶子韦安石","1","1","2"
"子宾客李怀","1","1","2"
"宾客李怀远","1","1","2"
"右庶子唐休","1","1","2"
"右庶子崔玄","1","1","2"
"弘农郡公杨","1","1","2"
"氏七庙神主","1","1","2"
"西京崇尊庙","1","1","2"
"封成纪郡王","1","1","2"
"成纪郡王千","1","1","2"
"纪郡王千里","1","1","2"
"封平阳郡王","2","0","2"
"特进崔玄暐","2","0","2"
"降梁王武三","1","1","2"
"定王武攸暨","1","1","2"
"王武懿宗等","1","1","2"
"酒泉郡公唐","1","1","2"
"泉郡公唐休","1","1","2"
"隆道公宣尼","1","1","2"
"孙褒圣侯崇","1","1","2"
"褒圣侯崇基","1","1","2"
"圣侯崇基朝","1","1","2"
"侯崇基朝散","1","1","2"
"崇基朝散大","1","1","2"
"基朝散大夫","1","1","2"
"书左仆射豆","1","1","2"
"军国重事中","1","1","2"
"国重事中书","1","1","2"
"重事中书门","1","1","2"
"事中书门下","1","1","2"
"溺死者甚众","2","0","2"
"秋七月辛巳","2","0","2"
"韦巨源同中","2","0","2"
"巨源同中书","2","0","2"
"源同中书门","2","0","2"
"令文武官九","1","1","2"
"武官九品上","2","0","2"
"太祖景皇帝","1","1","2"
"献祖光皇帝","1","1","2"
"世祖元皇帝","1","1","2"
"皇祖太宗文","1","1","2"
"祖太宗文武","1","1","2"
"太宗文武皇","1","1","2"
"宗文武皇帝","1","1","2"
"宗天皇大帝","1","1","2"
"皇兄义宗孝","1","1","2"
"兄义宗孝敬","1","1","2"
"义宗孝敬皇","1","1","2"
"宗孝敬皇帝","1","1","2"
"御洛城南门","2","0","2"
"洛城南门观","1","1","2"
"龙门香山寺","1","1","2"
"城南门楼观","1","1","2"
"遥扬州大都","2","0","2"
"置公主府官","1","1","2"
"公主府官员","1","1","2"
"袁恕己等三","1","1","2"
"恕己等三人","1","1","2"
"遣十使巡察","2","0","2"
"道士史崇玄","1","1","2"
"士史崇玄等","1","1","2"
"史崇玄等十","1","1","2"
"户部尚书苏","1","1","2"
"部尚书苏瑰","1","1","2"
"洛阳城东七","1","1","2"
"阳城东七里","1","1","2"
"后父韦玄贞","1","1","2"
"父韦玄贞太","1","1","2"
"韦玄贞太师","1","1","2"
"夏四月甲戌","2","0","2"
"玄贞弟四人","1","1","2"
"下三品李怀","1","1","2"
"三品李怀远","1","1","2"
"品李怀远请","1","1","2"
"平阳郡王敬","1","1","2"
"阳郡王敬晖","1","1","2"
"郡王敬晖贬","1","1","2"
"郢州刺史袁","1","1","2"
"州刺史袁恕","1","1","2"
"刺史袁恕己","1","1","2"
"博陵郡王崔","1","1","2"
"陵郡王崔玄","1","1","2"
"立卫王重俊","1","1","2"
"令检校兵部","1","1","2"
"兵部尚书齐","1","1","2"
"部尚书齐国","1","1","2"
"尚书齐国公","1","1","2"
"书齐国公魏","1","1","2"
"礼部尚书祝","1","1","2"
"部尚书祝钦","1","1","2"
"尚书祝钦明","1","1","2"
"文武官赐勋","2","0","2"
"武官赐勋一","2","0","2"
"秘书郑普思","1","1","2"
"灵武军大总","1","1","2"
"武军大总管","1","1","2"
"军大总管沙","1","1","2"
"大总管沙吒","1","1","2"
"总管沙吒忠","1","1","2"
"管沙吒忠义","1","1","2"
"掠陇右牧马","1","1","2"
"氏崇恩庙依","1","1","2"
"崇恩庙依旧","1","1","2"
"蕃赞普遣大","2","0","2"
"赞普遣大臣","2","0","2"
"遣大臣悉董","1","1","2"
"大臣悉董热","1","1","2"
"夏四月辛巳","2","0","2"
"嗣雍王守礼","1","1","2"
"突厥默啜杀","1","1","2"
"侍御史唐九","1","1","2"
"御史唐九征","1","1","2"
"皇太子重俊","1","1","2"
"中书令魏元","1","1","2"
"书令魏元忠","1","1","2"
"令魏元忠请","1","1","2"
"两京文武官","1","1","2"
"景龙元年九","1","1","2"
"龙元年九月","1","1","2"
"特进魏元忠","1","1","2"
"改左右羽林","1","1","2"
"两京四大都","1","1","2"
"京四大都督","1","1","2"
"陈国公陆颂","1","1","2"
"天下妇人八","1","1","2"
"下妇人八十","1","1","2"
"道大总管张","1","1","2"
"大总管张仁","1","1","2"
"直学士十二","1","1","2"
"安西都护牛","1","1","2"
"西都护牛师","1","1","2"
"都护牛师奖","1","1","2"
"太府卿韦嗣","1","1","2"
"府卿韦嗣立","1","1","2"
"侍郎崔湜同","2","0","2"
"郎崔湜同中","2","0","2"
"崔湜同中书","2","0","2"
"湜同中书门","2","0","2"
"兵部侍郎赵","1","1","2"
"部侍郎赵彦","1","1","2"
"彦昭中书侍","2","0","2"
"昭中书侍郎","2","0","2"
"贬江州司马","2","0","2"
"书右仆射杨","1","1","2"
"秋七月乙卯","2","0","2"
"七月乙卯朔","2","0","2"
"安福门外设","1","1","2"
"金河王突骑","1","1","2"
"河王突骑施","1","1","2"
"王突骑施守","1","1","2"
"突骑施守忠","1","1","2"
"赵国公李峤","1","1","2"
"国公萧忠中","2","0","2"
"公萧忠中书","2","0","2"
"萧忠中书令","2","0","2"
"韦安石侍中","2","0","2"
"置司田参军","1","1","2"
"蕃赞普遣使","2","0","2"
"送朔方军总","1","1","2"
"朔方军总管","1","1","2"
"安乐公主山","1","1","2"
"乐公主山亭","1","1","2"
"冬十月庚寅","2","0","2"
"安乐公主金","1","1","2"
"乐公主金城","1","1","2"
"公主金城新","1","1","2"
"左仆射舒国","1","1","2"
"仆射舒国公","1","1","2"
"射舒国公韦","1","1","2"
"遣大臣尚赞","1","1","2"
"大臣尚赞吐","1","1","2"
"前尚书右仆","1","1","2"
"国公唐休璟","2","0","2"
"部尚书韦嗣","1","1","2"
"尚书韦嗣立","1","1","2"
"泼胡王乞寒","1","1","2"
"胡王乞寒戏","1","1","2"
"放宫女数千","1","1","2"
"宫女数千人","1","1","2"
"河源军使杨","1","1","2"
"源军使杨矩","1","1","2"
"金城公主入","1","1","2"
"城公主入吐","1","1","2"
"公主入吐蕃","1","1","2"
"公主归吐蕃","2","0","2"
"长安令王光","1","1","2"
"安令王光辅","1","1","2"
"令王光辅马","1","1","2"
"王光辅马嵬","1","1","2"
"光辅马嵬北","1","1","2"
"辅马嵬北原","1","1","2"
"马嵬北原庄","1","1","2"
"中书门下供","1","1","2"
"书门下供奉","1","1","2"
"门下供奉官","1","1","2"
"下供奉官五","1","1","2"
"供奉官五品","1","1","2"
"夏四月丁亥","2","0","2"
"上游樱桃园","1","1","2"
"虢王邕改封","1","1","2"
"许州司兵参","1","1","2"
"州司兵参军","1","1","2"
"司兵参军燕","1","1","2"
"兵参军燕钦","1","1","2"
"参军燕钦融","1","1","2"
"军燕钦融上","1","1","2"
"燕钦融上书","1","1","2"
"时安乐公主","1","1","2"
"后合谋进鸩","1","1","2"
"部尚书裴谈","1","1","2"
"部尚书张锡","1","1","2"
"尚书张锡同","1","1","2"
"见系囚徒常","2","0","2"
"系囚徒常赦","2","0","2"
"囚徒常赦所","2","0","2"
"徒常赦所免","2","0","2"
"皇太后韦氏","1","1","2"
"常赦所原者","2","0","2"
"原者咸赦除","2","0","2"
"府折冲兵五","1","1","2"
"折冲兵五万","1","1","2"
"冲兵五万人","1","1","2"
"兵五万人分","1","1","2"
"龙朔二年六","1","1","2"
"朔二年六月","1","1","2"
"景龙四年夏","1","1","2"
"龙四年夏六","1","1","2"
"监钟绍京等","1","1","2"
"安福门楼慰","1","1","2"
"外文武官三","1","1","2"
"天下百姓免","1","1","2"
"检校龙武右","1","1","2"
"校龙武右军","1","1","2"
"逍遥公韦嗣","1","1","2"
"遥公韦嗣立","1","1","2"
"中书侍郎赵","1","1","2"
"书侍郎赵彦","1","1","2"
"雍州长史崔","1","1","2"
"州长史崔日","1","1","2"
"大圣皇后依","1","1","2"
"圣皇后依旧","1","1","2"
"皇后依旧号","1","1","2"
"右仆射许国","1","1","2"
"仆射许国公","1","1","2"
"射许国公苏","1","1","2"
"右常侍判刑","1","1","2"
"常侍判刑部","1","1","2"
"侍判刑部尚","1","1","2"
"判刑部尚书","1","1","2"
"姚元中书令","2","0","2"
"内外官九品","1","1","2"
"天下州县名","1","1","2"
"景云元年七","1","1","2"
"云元年七月","1","1","2"
"废皇后韦氏","1","1","2"
"改太史监太","2","0","2"
"太史监太史","2","0","2"
"史监太史局","2","0","2"
"皇太子男嗣","1","1","2"
"冬十月甲申","2","0","2"
"宋王成器司","2","0","2"
"太子少傅苏","1","1","2"
"子少傅苏瑰","1","1","2"
"太仆卿郭元","1","1","2"
"仆卿郭元振","1","1","2"
"书侍郎张说","1","1","2"
"改封温王重","1","1","2"
"封温王重茂","1","1","2"
"追尊皇后刘","1","1","2"
"尊皇后刘氏","1","1","2"
"太子左右赞","1","1","2"
"子左右赞善","1","1","2"
"官四品下加","2","0","2"
"上元元年九","1","1","2"
"元元年九品","1","1","2"
"带手巾算袋","1","1","2"
"天下大酺五","2","0","2"
"下大酺五日","2","0","2"
"韦安石加开","1","1","2"
"安石加开府","1","1","2"
"石加开府仪","1","1","2"
"置二十四都","1","1","2"
"二十四都督","1","1","2"
"十四都督府","1","1","2"
"皇太子释奠","2","0","2"
"依旧隶秘书","2","0","2"
"旧隶秘书省","2","0","2"
"内外官四品","1","1","2"
"国子监增置","2","0","2"
"扬四大都督","1","1","2"
"右御史台官","1","1","2"
"天皇后曰天","1","1","2"
"皇后曰天后","1","1","2"
"后曰天后圣","1","1","2"
"曰天后圣帝","1","1","2"
"幽州都督孙","1","1","2"
"州都督孙俭","1","1","2"
"都督孙俭率","1","1","2"
"卫将军李楷","1","1","2"
"将军李楷洛","1","1","2"
"威卫将军周","1","1","2"
"称太上皇帝","1","1","2"
"子许昌王嗣","1","1","2"
"许昌王嗣直","1","1","2"
"昌王嗣直改","1","1","2"
"王嗣直改封","1","1","2"
"真定王嗣谦","1","1","2"
"立皇帝妃王","1","1","2"
"皇帝妃王氏","1","1","2"
"御安福门观","2","0","2"
"左拾遗严挺","1","1","2"
"军大总管郭","1","1","2"
"大总管郭元","1","1","2"
"总管郭元振","1","1","2"
"军常元楷等","1","1","2"
"书舍人李猷","1","1","2"
"书左丞卢藏","1","1","2"
"太史令傅孝","1","1","2"
"史令傅孝忠","1","1","2"
"上御承天门","2","0","2"
"轻重咸赦除","2","0","2"
"开元四年夏","1","1","2"
"元四年夏六","1","1","2"
"曰大圣贞皇","1","1","2"
"行军总管李","1","1","2"
"军总管李靖","1","1","2"
"总管李靖大","1","1","2"
"管李靖大破","1","1","2"
"李靖大破突","1","1","2"
"靖大破突厥","1","1","2"
"武德殿北院","1","1","2"
"德殿北院火","1","1","2"
"民部尚书戴","1","1","2"
"部尚书戴胄","1","1","2"
"大同道行军","1","1","2"
"同道行军副","1","1","2"
"道行军副总","1","1","2"
"行军副总管","1","1","2"
"军副总管张","1","1","2"
"副总管张宝","1","1","2"
"古明王圣帝","2","0","2"
"冬十月壬辰","2","0","2"
"死刑二十九","1","1","2"
"刑二十九人","1","1","2"
"男女八万人","1","1","2"
"新昌县公李","1","1","2"
"昌县公李纲","1","1","2"
"北平郡王阿","1","1","2"
"平郡王阿史","1","1","2"
"冬十月乙卯","2","0","2"
"二百九十人","1","1","2"
"破阵乐舞图","1","1","2"
"延陀遣使朝","2","0","2"
"检校侍中魏","1","1","2"
"将仕郎李淳","1","1","2"
"仕郎李淳风","1","1","2"
"郎李淳风铸","1","1","2"
"浑天黄道仪","1","1","2"
"年正月癸未","2","0","2"
"右屯卫大将","1","1","2"
"大将军张士","1","1","2"
"将军张士贵","1","1","2"
"军张士贵讨","1","1","2"
"赐天下酺三","2","0","2"
"天下酺三日","2","0","2"
"书任城王道","1","1","2"
"督李大亮等","1","1","2"
"王泰雍州牧","2","0","2"
"石国遣使朝","2","0","2"
"康国献狮子","2","0","2"
"副总管薛万","1","1","2"
"总管薛万均","1","1","2"
"名王二十人","1","1","2"
"王慕容伏允","1","1","2"
"子慕容顺光","1","1","2"
"秋七月甲寅","2","0","2"
"葬高祖太武","1","1","2"
"高祖太武皇","1","1","2"
"祖太武皇帝","1","1","2"
"公房玄龄加","1","1","2"
"十二月甲戌","2","0","2"
"吐谷浑西平","1","1","2"
"谷浑西平郡","1","1","2"
"浑西平郡王","1","1","2"
"西平郡王慕","1","1","2"
"平郡王慕容","1","1","2"
"郡王慕容顺","1","1","2"
"王慕容顺光","1","1","2"
"书侯君集率","1","1","2"
"右光禄大夫","1","1","2"
"葬文德皇后","1","1","2"
"正月丁亥朔","2","0","2"
"徙郐王元裕","1","1","2"
"乾元殿前槐","1","1","2"
"元殿前槐树","1","1","2"
"虞国公温彦","1","1","2"
"国公温彦博","1","1","2"
"改封许王元","1","1","2"
"封许王元祥","1","1","2"
"宫寺十九所","1","1","2"
"灾命百官上","1","1","2"
"命百官上封","1","1","2"
"百官上封事","2","0","2"
"陕州河北县","1","1","2"
"白司马坂观","1","1","2"
"丛二州地震","1","1","2"
"夔州都督齐","1","1","2"
"州都督齐善","1","1","2"
"都督齐善行","1","1","2"
"鹰扬郎将尧","1","1","2"
"扬郎将尧君","1","1","2"
"郎将尧君素","1","1","2"
"将尧君素忠","1","1","2"
"永兴县公虞","1","1","2"
"兴县公虞世","1","1","2"
"县公虞世南","1","1","2"
"置玄武门左","1","1","2"
"秋七月癸酉","2","0","2"
"十二月辛巳","2","0","2"
"将军上官怀","1","1","2"
"军上官怀仁","1","1","2"
"正月乙巳朔","2","0","2"
"玄龄太子少","1","1","2"
"龄太子少师","1","1","2"
"五品上上封","2","0","2"
"封皇弟元婴","1","1","2"
"立右武候大","1","1","2"
"怀化郡王李","1","1","2"
"化郡王李思","1","1","2"
"郡王李思摩","1","1","2"
"十二月丁丑","2","0","2"
"州都督王志","1","1","2"
"都督王志远","1","1","2"
"六千五百七","1","1","2"
"五百七十石","1","1","2"
"淮阳王道明","1","1","2"
"阳王道明送","1","1","2"
"王道明送弘","1","1","2"
"道明送弘化","1","1","2"
"明送弘化公","1","1","2"
"送弘化公主","1","1","2"
"刘炫等前代","1","1","2"
"置宁朔大使","1","1","2"
"封燕王灵夔","1","1","2"
"八千三百石","1","1","2"
"管侯君集平","1","1","2"
"行台尚书右","1","1","2"
"台尚书右仆","1","1","2"
"公刘政会等","1","1","2"
"吐蕃遣使献","2","0","2"
"吐蕃遣国相","2","0","2"
"遣国相禄东","1","1","2"
"国相禄东赞","1","1","2"
"夏王道宗送","1","1","2"
"王道宗送文","1","1","2"
"道宗送文成","1","1","2"
"宗送文成公","1","1","2"
"送文成公主","1","1","2"
"诏年二月事","2","0","2"
"年二月事泰","2","0","2"
"二月事泰山","2","0","2"
"太原王业所","2","0","2"
"飞鸟过故乡","1","1","2"
"子扶余义慈","1","1","2"
"命营州都督","1","1","2"
"营州都督张","1","1","2"
"州都督张俭","1","1","2"
"都督张俭统","1","1","2"
"马万五千匹","2","0","2"
"复隐王建成","1","1","2"
"改封海陵剌","1","1","2"
"封海陵剌王","1","1","2"
"海陵剌王元","1","1","2"
"陵剌王元吉","1","1","2"
"郑国公魏徵","2","0","2"
"门下省事故","2","0","2"
"冬十一月丙","2","0","2"
"庆善宫南门","1","1","2"
"高丽大臣盖","1","1","2"
"丽大臣盖苏","1","1","2"
"大臣盖苏文","1","1","2"
"代州都督刘","1","1","2"
"州都督刘兰","1","1","2"
"都督刘兰谋","1","1","2"
"督刘兰谋反","1","1","2"
"臣二十四人","1","1","2"
"齐州都督齐","1","1","2"
"州都督齐王","1","1","2"
"杀长史权万","1","1","2"
"长史权万纪","1","1","2"
"典军韦文振","1","1","2"
"部尚书刘德","1","1","2"
"尚书刘德威","1","1","2"
"书刘德威发","1","1","2"
"刘德威发兵","1","1","2"
"德威发兵讨","1","1","2"
"兵曹杜行敏","1","1","2"
"赐死内侍省","2","0","2"
"中书令杨师","1","1","2"
"书令杨师道","1","1","2"
"改葬隋恭帝","1","1","2"
"右仆射高士","1","1","2"
"仆射高士廉","1","1","2"
"射高士廉请","1","1","2"
"子突利设献","1","1","2"
"突利设献马","1","1","2"
"利设献马五","1","1","2"
"设献马五万","1","1","2"
"献马五万匹","1","1","2"
"封东莱郡王","1","1","2"
"东莱郡王泰","1","1","2"
"夏四月辛亥","2","0","2"
"秋八月甲子","2","0","2"
"散骑常侍清","1","1","2"
"骑常侍清苑","1","1","2"
"常侍清苑男","1","1","2"
"侍清苑男刘","1","1","2"
"中书侍郎江","1","1","2"
"书侍郎江陵","1","1","2"
"侍郎江陵子","1","1","2"
"郎江陵子岑","1","1","2"
"中书侍郎马","1","1","2"
"书侍郎马周","1","1","2"
"置太子司议","1","1","2"
"子司议郎官","1","1","2"
"司议郎官员","1","1","2"
"王突骑支送","1","1","2"
"江夏郡王道","1","1","2"
"夏郡王道宗","1","1","2"
"平壤道行军","1","1","2"
"壤道行军总","1","1","2"
"泸州都督左","1","1","2"
"州都督左难","1","1","2"
"十九年春二","1","1","2"
"九年春二月","1","1","2"
"上亲统六军","1","1","2"
"冬十月丙辰","2","0","2"
"薛延陀真珠","1","1","2"
"大理卿孙伏","1","1","2"
"理卿孙伏伽","1","1","2"
"郎褚遂良等","1","1","2"
"褚遂良等二","1","1","2"
"遂良等二十","1","1","2"
"良等二十二","1","1","2"
"等二十二人","1","1","2"
"国公张亮谋","1","1","2"
"公张亮谋反","1","1","2"
"固安公崔敦","1","1","2"
"安公崔敦礼","1","1","2"
"击破薛延陀","1","1","2"
"郁督军山北","1","1","2"
"男女三万余","1","1","2"
"女三万余人","1","1","2"
"斛薛等十一","1","1","2"
"薛等十一姓","1","1","2"
"灵州者数千","1","1","2"
"州者数千人","1","1","2"
"范宁等二十","1","1","2"
"宁等二十一","1","1","2"
"等二十一人","1","1","2"
"忌加授扬州","1","1","2"
"加授扬州都","1","1","2"
"授扬州都督","1","1","2"
"封顺阳王泰","1","1","2"
"刑部侍郎崔","1","1","2"
"部侍郎崔仁","1","1","2"
"前黄门侍郎","1","1","2"
"书侍郎崔仁","1","1","2"
"郎崔仁师除","1","1","2"
"钵罗叶护率","1","1","2"
"罗叶护率众","1","1","2"
"叶护率众归","1","1","2"
"护率众归附","1","1","2"
"俟斤屈裴禄","1","1","2"
"置坚昆都督","1","1","2"
"武候将军梁","1","1","2"
"候将军梁建","1","1","2"
"部落七十二","1","1","2"
"右卫率长史","1","1","2"
"卫率长史王","1","1","2"
"率长史王玄","1","1","2"
"长史王玄策","1","1","2"
"赞普击破中","1","1","2"
"普击破中天","1","1","2"
"击破中天竺","1","1","2"
"破中天竺国","1","1","2"
"右卫将军梁","1","1","2"
"卫将军梁建","1","1","2"
"军梁建方讨","1","1","2"
"契丹帅窟哥","1","1","2"
"山道总管阿","1","1","2"
"道总管阿史","1","1","2"
"破龟兹大拨","1","1","2"
"新罗女王金","1","1","2"
"罗女王金善","1","1","2"
"女王金善德","1","1","2"
"王金善德死","1","1","2"
"置瑶池都督","1","1","2"
"瑶池都督府","1","1","2"
"西突厥肆叶","1","1","2"
"突厥肆叶护","1","1","2"
"置丰州都督","1","1","2"
"丰州都督府","1","1","2"
"金液门听政","1","1","2"
"百僚上谥曰","2","0","2"
"二十五年春","1","1","2"
"制天下系囚","2","0","2"
"明经加口试","1","1","2"
"葬贞顺皇后","1","1","2"
"河东道节度","1","1","2"
"鄯州都督杜","1","1","2"
"州都督杜希","1","1","2"
"都督杜希望","1","1","2"
"令太常卿韦","1","1","2"
"秋七月己巳","2","0","2"
"益州长史王","1","1","2"
"州长史王昱","1","1","2"
"长史王昱率","1","1","2"
"史王昱率兵","1","1","2"
"王昱率兵攻","1","1","2"
"冬十月戊寅","2","0","2"
"王大武艺死","1","1","2"
"润州刺史齐","1","1","2"
"州刺史齐浣","2","0","2"
"置左右龙武","1","1","2"
"左右万骑营","1","1","2"
"右万骑营隶","1","1","2"
"二十七年春","1","1","2"
"开元圣文神","1","1","2"
"四品上加一","2","0","2"
"品上加一阶","2","0","2"
"太子少傅窦","1","1","2"
"侍中牛仙客","1","1","2"
"东宫内侍隶","1","1","2"
"置龙武军官","1","1","2"
"龙武军官员","1","1","2"
"内常侍牛仙","1","1","2"
"常侍牛仙童","1","1","2"
"史大夫张守","1","1","2"
"左授青州刺","2","0","2"
"秋七月辛丑","2","0","2"
"荧惑犯南斗","2","0","2"
"追赠孔宣父","1","1","2"
"褒圣侯改封","1","1","2"
"刑部尚书致","2","0","2"
"主客郎中王","1","1","2"
"客郎中王佶","1","1","2"
"益州司马章","1","1","2"
"州司马章仇","1","1","2"
"盖嘉运大破","1","1","2"
"嘉运大破突","1","1","2"
"运大破突骑","1","1","2"
"大破突骑施","1","1","2"
"夏五月乙未","2","0","2"
"太子少师韩","1","1","2"
"子少师韩休","1","1","2"
"子宾客李尚","1","1","2"
"宾客李尚隐","1","1","2"
"秋七月壬寅","2","0","2"
"尊宣皇帝陵","1","1","2"
"宣皇帝陵名","1","1","2"
"皇帝陵名曰","2","0","2"
"光皇帝陵名","1","1","2"
"魏州刺史卢","1","1","2"
"州刺史卢晖","1","1","2"
"刺史卢晖开","1","1","2"
"史卢晖开通","1","1","2"
"卢晖开通济","1","1","2"
"晖开通济渠","1","1","2"
"东都新殿后","1","1","2"
"突骑施酋长","1","1","2"
"骑施酋长莫","1","1","2"
"施酋长莫贺","1","1","2"
"酋长莫贺达","1","1","2"
"长莫贺达干","1","1","2"
"莫贺达干率","1","1","2"
"礼部尚书杜","1","1","2"
"二十九年春","1","1","2"
"置玄元皇帝","1","1","2"
"伯叔兄弟子","1","1","2"
"叔兄弟子侄","1","1","2"
"突厥遣使朝","2","0","2"
"吾大将军裴","1","1","2"
"大将军裴宽","1","1","2"
"陷廓州达化","1","1","2"
"廓州达化县","1","1","2"
"振武军石堡","1","1","2"
"武军石堡城","1","1","2"
"节度使盖嘉","1","1","2"
"度使盖嘉运","1","1","2"
"女国王赵曳","1","1","2"
"国王赵曳夫","1","1","2"
"天宝元年春","1","1","2"
"宝元年春正","1","1","2"
"陈王府参军","1","1","2"
"王府参军田","1","1","2"
"府参军田同","1","1","2"
"参军田同秀","1","1","2"
"军田同秀上","1","1","2"
"关尹喜台西","1","1","2"
"尹喜台西发","1","1","2"
"上加尊号开","2","0","2"
"四子所著书","1","1","2"
"子所著书改","1","1","2"
"官三品上加","2","0","2"
"三品上加一","2","0","2"
"品上加一爵","2","0","2"
"卢节度使安","1","1","2"
"使安禄山进","1","1","2"
"安禄山进阶","1","1","2"
"夏六月庚寅","2","0","2"
"武功山水暴","1","1","2"
"功山水暴涨","1","1","2"
"豳国公牛仙","1","1","2"
"国公牛仙客","1","1","2"
"突厥阿布思","1","1","2"
"命陕郡太守","1","1","2"
"陕郡太守韦","1","1","2"
"郡太守韦坚","1","1","2"
"太守韦坚引","1","1","2"
"京兆尹韩朝","1","1","2"
"兆尹韩朝宗","1","1","2"
"天下郡府三","1","1","2"
"下郡府三百","1","1","2"
"郡府三百六","1","1","2"
"府三百六十","1","1","2"
"三百六十二","1","1","2"
"一千五百二","1","1","2"
"五百二十八","1","1","2"
"户部进计帐","2","0","2"
"八百五十二","1","1","2"
"百五十二万","1","1","2"
"五十二万五","1","1","2"
"十二万五千","1","1","2"
"二万五千七","1","1","2"
"五千七百六","1","1","2"
"七百六十三","1","1","2"
"口四千八百","1","1","2"
"四千八百九","1","1","2"
"八百九十万","1","1","2"
"百九十万九","1","1","2"
"九十万九千","1","1","2"
"十万九千八","1","1","2"
"万九千八百","1","1","2"
"追尊圣祖玄","1","1","2"
"尊圣祖玄元","1","1","2"
"父周上御史","1","1","2"
"周上御史大","1","1","2"
"上御史大夫","1","1","2"
"敬曰先天太","1","1","2"
"曰先天太上","1","1","2"
"先天太上皇","1","1","2"
"母益寿氏号","1","1","2"
"益寿氏号先","1","1","2"
"寿氏号先天","1","1","2"
"氏号先天太","1","1","2"
"号先天太后","1","1","2"
"韦坚开广运","1","1","2"
"坚开广运潭","1","1","2"
"雷震东京应","1","1","2"
"震东京应天","1","1","2"
"部尚书王丘","1","1","2"
"右仆射裴耀","1","1","2"
"子少保崔琳","1","1","2"
"谯郡紫极宫","1","1","2"
"郡紫极宫改","1","1","2"
"京应天门改","1","1","2"
"故邠王守礼","2","0","2"
"邠王守礼男","2","0","2"
"王守礼男承","2","0","2"
"皇太子绍改","1","1","2"
"太子绍改名","1","1","2"
"河南尹裴敦","1","1","2"
"南尹裴敦复","1","1","2"
"番禾县天宝","1","1","2"
"禾县天宝山","1","1","2"
"天下见禁囚","2","0","2"
"下见禁囚徒","2","0","2"
"见禁囚徒死","2","0","2"
"禁囚徒死罪","2","0","2"
"天下州郡取","1","1","2"
"下州郡取官","1","1","2"
"拔悉密叶护","1","1","2"
"悉密叶护攻","1","1","2"
"密叶护攻杀","1","1","2"
"叶护攻杀突","1","1","2"
"护攻杀突厥","1","1","2"
"攻杀突厥乌","1","1","2"
"杀突厥乌苏","1","1","2"
"突厥乌苏米","1","1","2"
"厥乌苏米施","1","1","2"
"外文武官六","1","1","2"
"文武官六品","1","1","2"
"终满二百日","1","1","2"
"分新丰县置","2","0","2"
"新丰县置会","2","0","2"
"丰县置会昌","2","0","2"
"县置会昌县","2","0","2"
"亲祀九宫贵","2","0","2"
"四载春三月","2","0","2"
"宴群臣勤政","2","0","2"
"群臣勤政楼","2","0","2"
"封外孙独孤","1","1","2"
"外孙独孤氏","1","1","2"
"契丹松漠都","1","1","2"
"丹松漠都督","1","1","2"
"漠都督李怀","1","1","2"
"都督李怀节","1","1","2"
"封外孙杨氏","1","1","2"
"奚饶乐都督","1","1","2"
"饶乐都督李","1","1","2"
"乐都督李延","1","1","2"
"都督李延宠","1","1","2"
"太真妃杨氏","1","1","2"
"契丹奚酋长","1","1","2"
"副将褚直廉","1","1","2"
"将褚直廉等","1","1","2"
"十二月戊戌","2","0","2"
"五载春正月","2","0","2"
"部尚书韦坚","1","1","2"
"尚书韦坚贬","1","1","2"
"皇甫惟明贬","1","1","2"
"郎陈希烈同","1","1","2"
"陈希烈同中","1","1","2"
"李林甫所构","2","0","2"
"妹皇太子妃","1","1","2"
"坚外甥嗣薛","1","1","2"
"外甥嗣薛王","1","1","2"
"女婿巴陵太","1","1","2"
"婿巴陵太守","1","1","2"
"巴陵太守卢","1","1","2"
"陵太守卢幼","1","1","2"
"太守卢幼临","1","1","2"
"守卢幼临长","1","1","2"
"赞善大夫杜","1","1","2"
"正月辛巳朔","2","0","2"
"淄川太守裴","1","1","2"
"川太守裴敦","1","1","2"
"太守裴敦复","1","1","2"
"南海太守彭","1","1","2"
"海太守彭果","1","1","2"
"部尚书陆景","1","1","2"
"尚书陆景融","1","1","2"
"春正月己卯","2","0","2"
"群臣请加皇","1","1","2"
"臣请加皇帝","1","1","2"
"请加皇帝尊","1","1","2"
"帝尊号曰开","1","1","2"
"尊号曰开元","1","1","2"
"号曰开元天","1","1","2"
"曰开元天宝","1","1","2"
"上御兴庆宫","2","0","2"
"咸宁太守赵","1","1","2"
"宁太守赵奉","1","1","2"
"太守赵奉璋","1","1","2"
"著作郎韦子","1","1","2"
"作郎韦子春","1","1","2"
"郎韦子春贬","1","1","2"
"使哥舒翰攻","1","1","2"
"圣祖大道玄","1","1","2"
"祖大道玄元","1","1","2"
"大道玄元皇","1","1","2"
"道玄元皇帝","1","1","2"
"加顺圣皇后","1","1","2"
"上御含元殿","2","0","2"
"含元殿受册","2","0","2"
"十一月丁巳","2","0","2"
"幸御史中丞","1","1","2"
"史中丞杨钊","1","1","2"
"中丞杨钊庄","1","1","2"
"封东平郡王","1","1","2"
"节度使封王","1","1","2"
"载春正月乙","2","0","2"
"朝献太清宫","2","0","2"
"安北副大都","1","1","2"
"米船二百余","1","1","2"
"等十三人祭","1","1","2"
"南节度使鲜","1","1","2"
"云南王阁罗","1","1","2"
"南王阁罗凤","1","1","2"
"改诸卫幡旗","1","1","2"
"诸卫幡旗绯","1","1","2"
"广陵郡大风","1","1","2"
"覆船数千艘","1","1","2"
"烧器械四十","1","1","2"
"器械四十七","1","1","2"
"械四十七万","1","1","2"
"史中丞杨国","1","1","2"
"中丞杨国忠","1","1","2"
"杨国忠剑南","2","0","2"
"朔方节度副","1","1","2"
"方节度副使","1","1","2"
"奉信王阿布","1","1","2"
"信王阿布思","1","1","2"
"开室门洒扫","1","1","2"
"赠靖德太子","1","1","2"
"晋国公李林","1","1","2"
"国公李林甫","1","1","2"
"蜀郡长史杨","1","1","2"
"郡长史杨国","1","1","2"
"长史杨国忠","1","1","2"
"右相文部尚","2","0","2"
"相文部尚书","2","0","2"
"二载春正月","2","0","2"
"都堂对左相","1","1","2"
"诸司长官唱","1","1","2"
"司长官唱名","1","1","2"
"郑怼等二十","1","1","2"
"怼等二十余","1","1","2"
"等二十余人","1","1","2"
"故右相李林","1","1","2"
"李复道等五","1","1","2"
"复道等五十","1","1","2"
"道等五十人","1","1","2"
"太仓米十万","1","1","2"
"仓米十万石","1","1","2"
"凉国公哥舒","1","1","2"
"国公哥舒翰","1","1","2"
"一万三千人","1","1","2"
"万三千人筑","1","1","2"
"三千人筑兴","1","1","2"
"千人筑兴庆","1","1","2"
"人筑兴庆宫","1","1","2"
"筑兴庆宫墙","1","1","2"
"宪部尚书张","1","1","2"
"部尚书张筠","1","1","2"
"尚书张筠等","1","1","2"
"圣文神武孝","1","1","2"
"文神武孝德","1","1","2"
"神武孝德证","1","1","2"
"武孝德证道","1","1","2"
"孝德证道皇","1","1","2"
"德证道皇帝","1","1","2"
"加安禄山尚","1","1","2"
"安禄山尚书","1","1","2"
"禄山尚书左","1","1","2"
"山尚书左仆","1","1","2"
"武部侍郎吉","1","1","2"
"帝尊号曰大","1","1","2"
"尊号曰大圣","1","1","2"
"号曰大圣祖","1","1","2"
"曰大圣祖高","1","1","2"
"大圣祖高上","1","1","2"
"圣祖高上大","1","1","2"
"道金阙玄元","1","1","2"
"金阙玄元天","1","1","2"
"阙玄元天皇","1","1","2"
"玄元天皇大","1","1","2"
"元天皇大帝","1","1","2"
"献陵等五署","1","1","2"
"陵等五署改","1","1","2"
"文部尚书杨","1","1","2"
"部尚书杨国","1","1","2"
"尚书杨国忠","1","1","2"
"司空杨国忠","1","1","2"
"空杨国忠受","1","1","2"
"中郎将者二","1","1","2"
"郎将者二千","1","1","2"
"将者二千余","1","1","2"
"卢溪郡司马","1","1","2"
"兄宪部尚书","1","1","2"
"宪部尚书均","1","1","2"
"部尚书均贬","1","1","2"
"右相绢一千","1","1","2"
"相绢一千五","1","1","2"
"绢一千五百","1","1","2"
"左相绢三百","1","1","2"
"四品五品六","1","1","2"
"品五品六十","1","1","2"
"六品七品四","1","1","2"
"品七品四十","1","1","2"
"北庭都护程","1","1","2"
"庭都护程千","1","1","2"
"都护程千里","1","1","2"
"左羽林上将","1","1","2"
"羽林上将军","1","1","2"
"林上将军封","1","1","2"
"上将军封常","1","1","2"
"将军封常清","1","1","2"
"伊西节度使","1","1","2"
"剑南留后李","1","1","2"
"阁罗凤所擒","1","1","2"
"许国公陈希","1","1","2"
"国公陈希烈","1","1","2"
"没一十九坊","1","1","2"
"三百二十一","1","1","2"
"一千五百三","1","1","2"
"千五百三十","1","1","2"
"五百三十八","1","1","2"
"户九百六十","1","1","2"
"百六十一万","1","1","2"
"六十一万九","1","1","2"
"一万九千二","1","1","2"
"九千二百五","1","1","2"
"三百八十八","1","1","2"
"八十八万六","1","1","2"
"十八万六千","1","1","2"
"八万六千五","1","1","2"
"万六千五百","1","1","2"
"六千五百四","1","1","2"
"五百三十万","1","1","2"
"百三十万一","1","1","2"
"三十万一千","1","1","2"
"十万一千四","1","1","2"
"万一千四十","1","1","2"
"一千四十四","1","1","2"
"口五千二百","1","1","2"
"五千二百八","1","1","2"
"千二百八十","1","1","2"
"二百八十八","1","1","2"
"八十八万四","1","1","2"
"八万四百八","1","1","2"
"万四百八十","1","1","2"
"四百八十八","1","1","2"
"四千五百二","1","1","2"
"五百二十一","1","1","2"
"百二十一万","1","1","2"
"二十一万八","1","1","2"
"十一万八千","1","1","2"
"一万八千四","1","1","2"
"万八千四百","1","1","2"
"八千四百八","1","1","2"
"千四百八十","1","1","2"
"七百六十六","1","1","2"
"百六十六万","1","1","2"
"六十六万二","1","1","2"
"六万二千八","1","1","2"
"万二千八百","1","1","2"
"事中裴士淹","1","1","2"
"中裴士淹等","1","1","2"
"裴士淹等巡","1","1","2"
"士淹等巡抚","1","1","2"
"淹等巡抚河","1","1","2"
"等巡抚河南","1","1","2"
"始宁太守罗","1","1","2"
"宁太守罗希","1","1","2"
"使安禄山率","1","1","2"
"杀太原尹杨","1","1","2"
"太原尹杨光","1","1","2"
"高仙芝等进","1","1","2"
"仙芝等进军","1","1","2"
"时高仙芝镇","1","1","2"
"皇太子统兵","1","1","2"
"太子统兵东","1","1","2"
"子统兵东讨","1","1","2"
"颍王璬剑南","2","0","2"
"王璬剑南节","2","0","2"
"璬剑南节度","2","0","2"
"蜀郡长史崔","1","1","2"
"郡长史崔圆","1","1","2"
"宣政殿受朝","2","0","2"
"贼将蔡希德","1","1","2"
"位尚书左仆","1","1","2"
"贼将安庆绪","1","1","2"
"加平原太守","1","1","2"
"真卿户部侍","2","0","2"
"将史思明战","2","0","2"
"工部尚书安","1","1","2"
"河北采访使","1","1","2"
"赞善大夫瑱","2","0","2"
"贼将武令珣","2","0","2"
"将武令珣战","2","0","2"
"六月癸未朔","2","0","2"
"破贼将袁知","1","1","2"
"贼将袁知泰","1","1","2"
"贺兰进明收","1","1","2"
"常山东嘉山","1","1","2"
"哥舒翰潼关","2","0","2"
"宰相杨国忠","1","1","2"
"韦见素一人","1","1","2"
"子京兆府司","1","1","2"
"等父母妻子","2","0","2"
"察御史宋若","1","1","2"
"御史宋若思","1","1","2"
"御史中丞充","1","1","2"
"前后左右相","1","1","2"
"圆中书侍郎","1","1","2"
"宪部侍郎房","1","1","2"
"充天下兵马","2","0","2"
"武威郡都督","1","1","2"
"北庭等路节","1","1","2"
"庭等路节度","1","1","2"
"太守崔涣奉","1","1","2"
"守崔涣奉迎","1","1","2"
"者一千三百","1","1","2"
"宫女二十四","1","1","2"
"女二十四人","1","1","2"
"令太子诸王","1","1","2"
"军国大事先","1","1","2"
"国大事先取","1","1","2"
"大事先取皇","1","1","2"
"事先取皇帝","1","1","2"
"先取皇帝处","1","1","2"
"子仪收复两","1","1","2"
"仪收复两京","1","1","2"
"啖廷瑶入蜀","1","1","2"
"廷瑶入蜀奉","1","1","2"
"瑶入蜀奉迎","1","1","2"
"上皇发蜀郡","2","0","2"
"十一月丙申","2","0","2"
"阳望贤驿迎","1","1","2"
"望贤驿迎奉","1","1","2"
"上皇御宫南","2","0","2"
"皇御宫南楼","2","0","2"
"时太庙贼所","2","0","2"
"乾元三年七","1","1","2"
"西内甘露殿","2","0","2"
"李辅国离间","1","1","2"
"辅国离间肃","1","1","2"
"国离间肃宗","1","1","2"
"时年七十八","1","1","2"
"见金粟山岗","1","1","2"
"广德元年三","1","1","2"
"德元年三月","1","1","2"
"开皇十八年","1","1","2"
"皇十八年十","1","1","2"
"十八年十二","1","1","2"
"八年十二月","1","1","2"
"能济世安民","1","1","2"
"屯卫将军云","1","1","2"
"卫将军云定","1","1","2"
"将军云定兴","1","1","2"
"隋将宋老生","1","1","2"
"将宋老生率","1","1","2"
"关中豪杰争","1","1","2"
"破胡贼刘鹞","1","1","2"
"胡贼刘鹞子","1","1","2"
"义宁元年十","1","1","2"
"宁元年十二","1","1","2"
"隋将段达率","1","1","2"
"武德元年七","1","1","2"
"德元年七月","1","1","2"
"薛举寇泾州","2","0","2"
"太宗元帅击","2","0","2"
"将军庞玉先","1","1","2"
"谷死者胜计","2","0","2"
"始大王野战","1","1","2"
"令仁杲兄弟","1","1","2"
"密见太宗天","1","1","2"
"见太宗天姿","1","1","2"
"贼将宋金刚","1","1","2"
"尉迟敬德所","1","1","2"
"世充率精兵","1","1","2"
"充率精兵三","1","1","2"
"率精兵三万","1","1","2"
"将单雄信数","1","1","2"
"单雄信数百","1","1","2"
"雄信数百骑","1","1","2"
"行军总管史","1","1","2"
"军总管史万","1","1","2"
"总管史万宝","1","1","2"
"孝水河中下","1","1","2"
"水河中下舟","1","1","2"
"大将陈智略","1","1","2"
"筠州总管杨","1","1","2"
"州总管杨庆","1","1","2"
"令屈突通率","1","1","2"
"吴王杜伏威","1","1","2"
"徐召宗率精","1","1","2"
"召宗率精兵","1","1","2"
"宗率精兵二","1","1","2"
"率精兵二千","1","1","2"
"伪郑州司马","1","1","2"
"郑州司马沈","1","1","2"
"州司马沈悦","1","1","2"
"伪荆王王行","1","1","2"
"太宗率史大","1","1","2"
"宗率史大奈","1","1","2"
"宇文歆等挥","1","1","2"
"令记室房玄","1","1","2"
"记室房玄龄","1","1","2"
"室房玄龄收","1","1","2"
"段达等五十","1","1","2"
"高祖令尚书","1","1","2"
"祖令尚书左","1","1","2"
"书左仆射裴","1","1","2"
"左仆射裴寂","1","1","2"
"铁马一万骑","1","1","2"
"行台司勋郎","1","1","2"
"台司勋郎中","1","1","2"
"司勋郎中杜","1","1","2"
"晦等十八人","1","1","2"
"窦建德旧将","1","1","2"
"建德旧将刘","1","1","2"
"德旧将刘黑","1","1","2"
"旧将刘黑闼","1","1","2"
"将刘黑闼举","1","1","2"
"刘黑闼举兵","1","1","2"
"左右十二卫","1","1","2"
"右十二卫大","1","1","2"
"十二卫大将","1","1","2"
"二卫大将军","1","1","2"
"中书侍郎宇","1","1","2"
"书侍郎宇文","1","1","2"
"侍郎宇文士","1","1","2"
"置益州大都","1","1","2"
"州大都督庐","1","1","2"
"大都督庐江","1","1","2"
"都督庐江王","1","1","2"
"督庐江王瑗","1","1","2"
"东宫显德殿","1","1","2"
"行军总管尉","1","1","2"
"军总管尉迟","1","1","2"
"尉迟敬德突","1","1","2"
"颉利见军容","1","1","2"
"利见军容盛","1","1","2"
"颉利献马三","1","1","2"
"利献马三千","1","1","2"
"献马三千匹","1","1","2"
"能北逐獯鬻","1","1","2"
"十月丙辰朔","2","0","2"
"立中山王承","1","1","2"
"一千二百户","1","1","2"
"贞观元年春","1","1","2"
"观元年春正","1","1","2"
"燕郡王李艺","1","1","2"
"故尚书仆射","1","1","2"
"尚书仆射崔","1","1","2"
"书仆射崔季","1","1","2"
"仆射崔季舒","1","1","2"
"门侍郎郭遵","1","1","2"
"尚书右丞封","1","1","2"
"书右丞封孝","1","1","2"
"右丞封孝琰","1","1","2"
"丞封孝琰等","1","1","2"
"长乐王幼良","1","1","2"
"密国公封德","1","1","2"
"国公封德彝","1","1","2"
"山东诸州大","2","0","2"
"义兴郡公高","1","1","2"
"兴郡公高士","1","1","2"
"郡公高士廉","1","1","2"
"部尚书裴矩","1","1","2"
"中书侍郎温","1","1","2"
"书侍郎温彦","1","1","2"
"侍郎温彦博","1","1","2"
"上谓侍臣曰","2","0","2"
"女数千人随","1","1","2"
"数千人随徐","1","1","2"
"千人随徐福","1","1","2"
"人随徐福入","1","1","2"
"随徐福入海","1","1","2"
"徐福入海求","1","1","2"
"福入海求仙","1","1","2"
"入海求仙药","1","1","2"
"利州都督义","1","1","2"
"州都督义安","1","1","2"
"都督义安王","1","1","2"
"督义安王孝","1","1","2"
"义安王孝常","1","1","2"
"武卫将军刘","1","1","2"
"卫将军刘德","1","1","2"
"将军刘德裕","1","1","2"
"军刘德裕等","1","1","2"
"副六尚书事","1","1","2"
"置左右司郎","1","1","2"
"左右司郎中","1","1","2"
"御史大夫杜","1","1","2"
"史大夫杜淹","1","1","2"
"大夫杜淹巡","1","1","2"
"弟洛仁所杀","1","1","2"
"长蛇县男裴","1","1","2"
"蛇县男裴虔","1","1","2"
"县男裴虔通","1","1","2"
"莱州刺史牛","1","1","2"
"州刺史牛方","1","1","2"
"刺史牛方裕","1","1","2"
"绛州刺史薛","1","1","2"
"州刺史薛世","1","1","2"
"刺史薛世良","1","1","2"
"牙郎将高元","1","1","2"
"郎将高元礼","1","1","2"
"冬十月庚辰","2","0","2"
"杀瀛州刺史","1","1","2"
"瀛州刺史卢","1","1","2"
"州刺史卢祖","1","1","2"
"刺史卢祖尚","1","1","2"
"太极殿听政","1","1","2"
"书舍人杜正","1","1","2"
"舍人杜正伦","1","1","2"
"人杜正伦等","1","1","2"
"高昌遣使朝","2","0","2"
"昌遣使朝贡","2","0","2"
"州都督李世","1","1","2"
"部尚书李靖","1","1","2"
"咸通八年二","1","1","2"
"通八年二月","1","1","2"
"八年二月二","1","1","2"
"二十二日生","1","1","2"
"文德元年二","1","1","2"
"德元年二月","1","1","2"
"宣遗诏立皇","2","0","2"
"遗诏立皇太","2","0","2"
"司空韦昭度","1","1","2"
"五月丁酉朔","2","0","2"
"制宣武军节","2","0","2"
"四面行营副","1","1","2"
"面行营副都","1","1","2"
"行营副都统","1","1","2"
"六月丁卯朔","2","0","2"
"陈敬瑄告难","2","0","2"
"扶阳郡开国","1","1","2"
"邑二千户韦","1","1","2"
"二千户韦昭","1","1","2"
"千户韦昭度","1","1","2"
"韦昭度检校","2","0","2"
"昭度检校司","2","0","2"
"抚制置等使","2","0","2"
"蔡州行营奏","1","1","2"
"十二月甲子","2","0","2"
"州行营兵士","2","0","2"
"二十五万贯","1","1","2"
"抚制置使韦","1","1","2"
"制置使韦昭","1","1","2"
"置使韦昭度","1","1","2"
"制诰刘崇望","1","1","2"
"刑部侍郎孙","1","1","2"
"部侍郎孙揆","1","1","2"
"二月癸亥朔","2","0","2"
"汴州行军司","1","1","2"
"送逆贼秦宗","1","1","2"
"上御延喜门","2","0","2"
"御延喜门受","2","0","2"
"延喜门受俘","2","0","2"
"同平章事孔","1","1","2"
"殿大学士杜","1","1","2"
"平章事张浚","1","1","2"
"四月壬戌朔","2","0","2"
"充蔡州四面","2","0","2"
"忠检校太尉","2","0","2"
"汉州刺史王","1","1","2"
"节度使孟方","1","1","2"
"度使孟方立","1","1","2"
"弟洺州刺史","2","0","2"
"杭州刺史钱","1","1","2"
"节度使王敬","1","1","2"
"度使王敬武","1","1","2"
"陵郡开国侯","1","1","2"
"一千户崔安","1","1","2"
"千户崔安潜","1","1","2"
"十一月己丑","2","0","2"
"一月己丑朔","2","0","2"
"太常博士钱","1","1","2"
"皇帝陛下承","1","1","2"
"将军必须制","1","1","2"
"大顺元年春","1","1","2"
"正月戊子朔","2","0","2"
"徽号曰圣文","2","0","2"
"号曰圣文睿","2","0","2"
"曰圣文睿德","2","0","2"
"国子祭酒孔","1","1","2"
"子祭酒孔纬","1","1","2"
"加食邑千户","2","0","2"
"都将安金俊","1","1","2"
"观察使孟迁","1","1","2"
"三月丁亥朔","2","0","2"
"硃全忠上表","2","0","2"
"等道节度使","1","1","2"
"度使李克修","1","1","2"
"四月丙辰朔","2","0","2"
"李克遣大将","2","0","2"
"遣大将安金","1","1","2"
"大将安金俊","1","1","2"
"将安金俊率","1","1","2"
"太原军大败","1","1","2"
"太原东南面","1","1","2"
"原东南面招","1","1","2"
"监军使薛缋","1","1","2"
"军使薛缋本","1","1","2"
"都招讨使张","1","1","2"
"招讨使张浚","1","1","2"
"三千赴行营","2","0","2"
"兵马留后安","1","1","2"
"马留后安建","1","1","2"
"沧州兵马留","1","1","2"
"兵马留后卢","1","1","2"
"马留后卢彦","1","1","2"
"留后卢彦威","1","1","2"
"逐帅杨全玫","2","0","2"
"营兵马副招","1","1","2"
"兵马副招讨","1","1","2"
"马副招讨孙","1","1","2"
"副招讨孙揆","1","1","2"
"大将康君立","1","1","2"
"时中使韩归","1","1","2"
"骑将李存孝","1","1","2"
"将康君立率","1","1","2"
"太原将李存","2","0","2"
"原将李存信","2","0","2"
"一月癸丑朔","2","0","2"
"邢州刺史李","1","1","2"
"州刺史李存","1","1","2"
"刺史李存孝","1","1","2"
"遣大将李存","1","1","2"
"行营都统张","1","1","2"
"营都统张浚","1","1","2"
"授连州刺史","2","0","2"
"除荆南节度","2","0","2"
"贼臣张浚依","1","1","2"
"全忠离间功","1","1","2"
"忠离间功臣","1","1","2"
"部侍郎崔昭","1","1","2"
"侍郎崔昭纬","1","1","2"
"史中丞徐彦","1","1","2"
"中丞徐彦若","1","1","2"
"右仆射王徽","1","1","2"
"正月壬子朔","2","0","2"
"复检校太师","1","1","2"
"棣州刺史张","1","1","2"
"州刺史张蟾","1","1","2"
"授平卢节度","2","0","2"
"州观察使杨","1","1","2"
"观察使杨行","1","1","2"
"察使杨行密","1","1","2"
"行密扬州失","1","1","2"
"密扬州失守","1","1","2"
"李匡威率步","2","0","2"
"匡威率步骑","2","0","2"
"威率步骑三","2","0","2"
"天威军使李","1","1","2"
"威军使李顺","1","1","2"
"军使李顺节","1","1","2"
"使李顺节率","1","1","2"
"子玉山军使","1","1","2"
"玉山军使杨","1","1","2"
"山军使杨守","1","1","2"
"军使杨守信","1","1","2"
"溥太子太师","1","1","2"
"幽州李匡威","1","1","2"
"二月丙子朔","2","0","2"
"县开国男刘","1","1","2"
"开国男刘崇","1","1","2"
"国男刘崇望","1","1","2"
"两军中尉刘","1","1","2"
"军中尉刘景","1","1","2"
"令部将嗣光","1","1","2"
"部将嗣光审","1","1","2"
"部尚书郑延","1","1","2"
"尚书郑延昌","1","1","2"
"昌中书侍郎","2","0","2"
"景福元年春","1","1","2"
"邠州王行瑜","2","0","2"
"李茂庄等上","1","1","2"
"茂庄等上表","1","1","2"
"兴元杨守亮","1","1","2"
"纳叛臣杨复","1","1","2"
"叛臣杨复恭","1","1","2"
"茂贞山南招","1","1","2"
"贞山南招讨","1","1","2"
"山南招讨使","1","1","2"
"左军中尉西","1","1","2"
"西门君遂杀","1","1","2"
"天威军使贾","1","1","2"
"威军使贾德","1","1","2"
"军使贾德晟","1","1","2"
"太原大将李","2","0","2"
"将李存信率","1","1","2"
"李存信率军","1","1","2"
"十一月辛丑","2","0","2"
"道节度使杨","1","1","2"
"节度使杨守","1","1","2"
"度使杨守亮","1","1","2"
"前左军中尉","1","1","2"
"官李巨川突","1","1","2"
"李巨川突围","1","1","2"
"度使韩建奏","1","1","2"
"东川兵马留","1","1","2"
"时王建连年","1","1","2"
"二月庚午朔","2","0","2"
"捧日都头陈","1","1","2"
"扈跸都头曹","1","1","2"
"跸都头曹诚","1","1","2"
"耀德都头李","1","1","2"
"宣威都头孙","1","1","2"
"威都头孙惟","1","1","2"
"都头孙惟晟","1","1","2"
"判官李贞抱","1","1","2"
"六月丁酉朔","2","0","2"
"晋国公杜能","2","0","2"
"知制诰陆扆","2","0","2"
"硃全忠遣判","2","0","2"
"全忠遣判官","2","0","2"
"忠遣判官韦","2","0","2"
"八月丙申朔","2","0","2"
"京西招讨使","1","1","2"
"大将军李钅","1","1","2"
"武胜军防御","1","1","2"
"胜军防御使","1","1","2"
"军防御使钱","1","1","2"
"使钱镠镇海","2","0","2"
"钱镠镇海军","2","0","2"
"镠镇海军节","2","0","2"
"五十四军进","1","1","2"
"十四军进攻","1","1","2"
"四军进攻岐","1","1","2"
"军进攻岐阳","1","1","2"
"茂贞乘胜逼","1","1","2"
"昭宗御安福","2","0","2"
"宗御安福门","2","0","2"
"容使西门君","1","1","2"
"使西门君遂","1","1","2"
"内枢密使李","1","1","2"
"枢密使李周","1","1","2"
"密使李周潼","1","1","2"
"邠州节度使","2","0","2"
"使王行瑜赐","1","1","2"
"新除凤翔节","2","0","2"
"除凤翔节度","2","0","2"
"三月甲子朔","2","0","2"
"大将马师素","1","1","2"
"陆扆户部侍","2","0","2"
"扆户部侍郎","2","0","2"
"大同防御使","1","1","2"
"同防御使赫","1","1","2"
"制御史中丞","2","0","2"
"史中丞崔胤","1","1","2"
"邪郡王王重","2","0","2"
"郡王王重盈","1","1","2"
"二月己丑朔","2","0","2"
"遣中使慰劳","1","1","2"
"平章事崔胤","1","1","2"
"崔胤检校尚","2","0","2"
"胤检校尚书","2","0","2"
"慈隰观察处","2","0","2"
"隰观察处置","2","0","2"
"浙东节度使","1","1","2"
"东节度使董","1","1","2"
"节度使董昌","1","1","2"
"婺州刺史蒋","1","1","2"
"请本军进讨","2","0","2"
"制诰赵光逢","1","1","2"
"五月丁巳朔","2","0","2"
"均州司户孔","1","1","2"
"州司户孔纬","1","1","2"
"绣州司户张","1","1","2"
"州司户张浚","1","1","2"
"陆扆兵部侍","2","0","2"
"扆兵部侍郎","2","0","2"
"嗣薛王知柔","2","0","2"
"太子宾客孔","1","1","2"
"子宾客孔纬","1","1","2"
"太清宫延资","1","1","2"
"清宫延资库","1","1","2"
"宫延资库使","1","1","2"
"号持危启运","2","0","2"
"子宾客张浚","1","1","2"
"七月丙辰朔","2","0","2"
"两军中尉骆","1","1","2"
"军中尉骆全","1","1","2"
"诸王率禁兵","2","0","2"
"都头李筠率","1","1","2"
"幸永兴坊李","1","1","2"
"永兴坊李筠","1","1","2"
"跸都头李君","1","1","2"
"都头李君实","1","1","2"
"随驾置顿使","1","1","2"
"宰相徐彦若","1","1","2"
"李克遣牙将","2","0","2"
"克遣牙将阎","2","0","2"
"遣内官张承","1","1","2"
"内官张承业","1","1","2"
"内官郄廷立","1","1","2"
"供奉官王鲁","1","1","2"
"大将王令陶","1","1","2"
"将王令陶献","1","1","2"
"鄜州节度使","2","0","2"
"度使李思孝","1","1","2"
"制河东节度","2","0","2"
"西郡王李克","1","1","2"
"度使李思谏","1","1","2"
"使李思谏充","1","1","2"
"宁东北面招","1","1","2"
"东北面招讨","1","1","2"
"西面招讨使","1","1","2"
"度使王珂充","1","1","2"
"行营供军粮","1","1","2"
"营供军粮料","1","1","2"
"削夺王行瑜","1","1","2"
"都监袁季贞","1","1","2"
"监袁季贞充","1","1","2"
"铁转运使崔","1","1","2"
"转运使崔昭","1","1","2"
"运使崔昭纬","1","1","2"
"河中兵马留","1","1","2"
"中兵马留后","1","1","2"
"马留后王珂","1","1","2"
"护国军节度","1","1","2"
"慈隰观察等","2","0","2"
"隰观察等使","2","0","2"
"兵马留后刘","1","1","2"
"马留后刘仁","1","1","2"
"留后刘仁恭","1","1","2"
"恭检校司空","2","0","2"
"押奚契丹等","2","0","2"
"奚契丹等使","2","0","2"
"平章事王抟","1","1","2"
"部尚书门下","2","0","2"
"郡开国公孔","1","1","2"
"开国公孔纬","1","1","2"
"子宾客崔昭","1","1","2"
"宾客崔昭纬","1","1","2"
"责授梧州司","2","0","2"
"授梧州司马","2","0","2"
"诰刘崇鲁贬","1","1","2"
"州行营都统","1","1","2"
"节度副使崔","1","1","2"
"四面行营知","1","1","2"
"二月甲申朔","2","0","2"
"改赐忠贞平","1","1","2"
"赐忠贞平难","1","1","2"
"书右丞崔泽","1","1","2"
"击败太原军","1","1","2"
"令大将李存","1","1","2"
"将李存信屯","1","1","2"
"贤殿学士杜","1","1","2"
"殿学士杜德","1","1","2"
"学士杜德祥","1","1","2"
"四月壬午朔","2","0","2"
"邵州刺史马","1","1","2"
"州刺史马殷","1","1","2"
"宣化等四军","1","1","2"
"七月庚辰朔","2","0","2"
"建京畿都指","1","1","2"
"京畿都指挥","1","1","2"
"诸道纲运等","2","0","2"
"道纲运等使","2","0","2"
"县开国伯崔","1","1","2"
"开国伯崔胤","1","1","2"
"嘉兴县开国","1","1","2"
"兴县开国子","1","1","2"
"浙江东道军","1","1","2"
"江东道军州","1","1","2"
"东道军州事","1","1","2"
"制户部侍郎","2","0","2"
"平章事陆扆","2","0","2"
"九月己卯朔","2","0","2"
"汴州硃全忠","2","0","2"
"请车驾迁都","2","0","2"
"车驾迁都洛","2","0","2"
"驾迁都洛阳","2","0","2"
"新除清海军","2","0","2"
"除清海军节","2","0","2"
"责授硖州刺","2","0","2"
"授硖州刺史","2","0","2"
"十月戊申朔","2","0","2"
"制兵部侍郎","2","0","2"
"凤翔行营招","1","1","2"
"翔行营招讨","1","1","2"
"一月丁丑朔","2","0","2"
"节度使硃瑄","2","0","2"
"郓州兵马留","1","1","2"
"二月丙午朔","2","0","2"
"荥阳县男郑","1","1","2"
"阳县男郑綮","1","1","2"
"硖州刺史陆","1","1","2"
"陈王等八人","1","1","2"
"宜册皇太子","2","0","2"
"资忠靖国功","1","1","2"
"忠靖国功臣","1","1","2"
"邑二千户张","1","1","2"
"二千户张浚","1","1","2"
"福建节度使","1","1","2"
"建节度使王","1","1","2"
"节度使王潮","1","1","2"
"五月乙亥朔","2","0","2"
"太子詹事马","1","1","2"
"子詹事马道","1","1","2"
"詹事马道殷","1","1","2"
"将作监许岩","1","1","2"
"作监许岩士","1","1","2"
"丞狄归昌尚","2","0","2"
"狄归昌尚书","2","0","2"
"部侍郎杨涉","1","1","2"
"制镇海军节","2","0","2"
"杭州越州刺","1","1","2"
"州越州刺史","1","1","2"
"匡国军节度","1","1","2"
"徐州兵马留","1","1","2"
"兵马留后庞","1","1","2"
"马留后庞师","1","1","2"
"留后庞师古","1","1","2"
"史中丞裴贽","1","1","2"
"杀伤溺死殆","2","0","2"
"牛存节一军","1","1","2"
"充泰宁军节","2","0","2"
"颍州刺史王","1","1","2"
"州刺史王敬","1","1","2"
"刺史王敬荛","1","1","2"
"光化元年春","1","1","2"
"命京兆尹韩","1","1","2"
"京兆尹韩建","1","1","2"
"兆尹韩建入","1","1","2"
"尹韩建入京","1","1","2"
"五月己巳朔","2","0","2"
"汴将葛周率","2","0","2"
"三州兵马留","1","1","2"
"汴将氏叔琮","2","0","2"
"左右司马少","2","0","2"
"右司马少尹","2","0","2"
"封颍川郡王","2","0","2"
"尹张全义就","1","1","2"
"十二月丙寅","2","0","2"
"将潞州节度","1","1","2"
"节度使薛志","1","1","2"
"度使薛志勤","1","1","2"
"使薛志勤死","1","1","2"
"兵部尚书陆","1","1","2"
"尚书陆扆兵","2","0","2"
"书陆扆兵部","2","0","2"
"使刘仁恭驱","1","1","2"
"遂进攻魏州","2","0","2"
"硃全忠遣大","2","0","2"
"上党进军攻","1","1","2"
"立都将军李","1","1","2"
"前太常卿刘","1","1","2"
"太常卿刘崇","1","1","2"
"常卿刘崇望","1","1","2"
"部侍郎裴枢","1","1","2"
"户部侍郎薛","1","1","2"
"部侍郎薛昭","1","1","2"
"侍郎薛昭纬","1","1","2"
"纬兵部侍郎","2","0","2"
"部尚书裴贽","1","1","2"
"宋州砀山县","1","1","2"
"陕州兵马留","1","1","2"
"监修国史王","1","1","2"
"修国史王抟","1","1","2"
"国史王抟贬","1","1","2"
"赐死蓝田驿","2","0","2"
"枢密使宋道","1","1","2"
"密使宋道弼","1","1","2"
"兵部尚书刘","1","1","2"
"部尚书刘崇","1","1","2"
"尚书刘崇望","1","1","2"
"部郎中薛正","1","1","2"
"郎中薛正表","1","1","2"
"州刺史硃友","2","0","2"
"刺史硃友恭","2","0","2"
"史硃友恭检","2","0","2"
"硃友恭检校","2","0","2"
"友恭检校司","2","0","2"
"武卫将军赵","1","1","2"
"卫将军赵霖","1","1","2"
"押衙刘知俊","1","1","2"
"武贞军节度","1","1","2"
"翊郡开国侯","1","1","2"
"千五百户雷","1","1","2"
"五百户雷满","1","1","2"
"封冯翊郡王","1","1","2"
"上柱国孟迁","1","1","2"
"迁检校司徒","2","0","2"
"潞州大都府","2","0","2"
"邢洺等州观","2","0","2"
"洺等州观察","2","0","2"
"乐安郡开国","1","1","2"
"安郡开国公","1","1","2"
"千五百户孙","1","1","2"
"五百户孙储","1","1","2"
"忠烈卫圣镇","1","1","2"
"烈卫圣镇国","1","1","2"
"卫圣镇国功","1","1","2"
"圣镇国功臣","1","1","2"
"观察处置统","2","0","2"
"察处置统押","2","0","2"
"云南安抚制","1","1","2"
"南安抚制置","1","1","2"
"一百户王建","1","1","2"
"武信军两道","1","1","2"
"信军两道都","1","1","2"
"军两道都指","1","1","2"
"两道都指挥","1","1","2"
"道都指挥制","1","1","2"
"都指挥制置","1","1","2"
"南东道管内","2","0","2"
"东道管内观","2","0","2"
"道管内观察","2","0","2"
"观察处置三","2","0","2"
"察处置三司","2","0","2"
"处置三司水","2","0","2"
"置三司水陆","2","0","2"
"邑三千户赵","1","1","2"
"三千户赵匡","1","1","2"
"加实封一百","2","0","2"
"八月丙辰朔","2","0","2"
"食实封七百","1","1","2"
"紫金鱼袋颜","1","1","2"
"金鱼袋颜荛","1","1","2"
"前归义军节","1","1","2"
"上柱国张承","1","1","2"
"柱国张承奉","1","1","2"
"置押蕃落等","2","0","2"
"大将李嗣昭","1","1","2"
"邑三千户成","1","1","2"
"制扶危匡国","2","0","2"
"清河郡开国","1","1","2"
"河郡开国公","1","1","2"
"二千户崔胤","1","1","2"
"遣判官周式","1","1","2"
"副大使王昭","1","1","2"
"大使王昭祚","1","1","2"
"主事梁公儒","1","1","2"
"绢十五万匹","1","1","2"
"节度使王郜","1","1","2"
"衙将王处直","1","1","2"
"孔目官梁汶","1","1","2"
"一百户徐彦","1","1","2"
"百户徐彦若","1","1","2"
"二千户崔远","1","1","2"
"上柱国裴枢","1","1","2"
"租庸使张浚","1","1","2"
"前清海军节","1","1","2"
"上柱国王溥","1","1","2"
"陕虢观察处","1","1","2"
"虢观察处置","1","1","2"
"右军中尉刘","1","1","2"
"军中尉刘季","1","1","2"
"中尉刘季述","1","1","2"
"进奏官程岩","1","1","2"
"奏官程岩等","1","1","2"
"官程岩等十","1","1","2"
"程岩等十三","1","1","2"
"岩等十三人","1","1","2"
"等十三人请","1","1","2"
"突入宣化门","1","1","2"
"银一千五百","1","1","2"
"前左仆射张","1","1","2"
"左仆射张浚","1","1","2"
"盐州都将孙","1","1","2"
"州都将孙德","1","1","2"
"都将孙德昭","1","1","2"
"天复元年春","1","1","2"
"正月甲申朔","2","0","2"
"神策军使李","1","1","2"
"策军使李师","1","1","2"
"军使李师虔","1","1","2"
"全忠令大将","2","0","2"
"令大将张存","1","1","2"
"晋州刺史张","1","1","2"
"州刺史张汉","1","1","2"
"刺史张汉瑜","1","1","2"
"硃全忠河中","2","0","2"
"三月癸未朔","2","0","2"
"课盐三千车","2","0","2"
"天井关进攻","1","1","2"
"井关进攻泽","1","1","2"
"关进攻泽潞","1","1","2"
"节度使孟迁","1","1","2"
"时中尉韩全","1","1","2"
"挟天子令诸","2","0","2"
"安邑解县两","1","1","2"
"解县两池榷","2","0","2"
"县两池榷盐","2","0","2"
"六月辛巳朔","2","0","2"
"制河阳节度","2","0","2"
"全忠引四镇","2","0","2"
"四镇师七万","2","0","2"
"凤翔护驾都","1","1","2"
"翔护驾都将","1","1","2"
"护驾都将李","1","1","2"
"驾都将李继","1","1","2"
"都将李继诲","1","1","2"
"将李继诲奉","1","1","2"
"遣判官李巨","1","1","2"
"太子太师卢","1","1","2"
"子太师卢知","1","1","2"
"太师卢知猷","1","1","2"
"扶危致理功","1","1","2"
"危致理功臣","1","1","2"
"二百户崔胤","1","1","2"
"百户崔胤责","2","0","2"
"户崔胤责授","2","0","2"
"节度使李继","1","1","2"
"度使李继徽","1","1","2"
"正月戊申朔","2","0","2"
"大将周德威","1","1","2"
"友宁乘胜追","1","1","2"
"判官入城迎","1","1","2"
"节度使李周","1","1","2"
"度使李周彝","1","1","2"
"使李周彝率","1","1","2"
"春正月癸卯","2","0","2"
"正月癸卯朔","2","0","2"
"军将郭启奇","1","1","2"
"青州牙将刘","2","0","2"
"州牙将刘鄩","2","0","2"
"户部侍郎韩","1","1","2"
"赵国夫人宠","1","1","2"
"国夫人宠颜","1","1","2"
"判官李振入","1","1","2"
"上令翰林学","1","1","2"
"翰林学士姚","1","1","2"
"林学士姚洎","1","1","2"
"学士姚洎传","1","1","2"
"上令礼部尚","1","1","2"
"令礼部尚书","1","1","2"
"尚书苏循传","1","1","2"
"同押送中尉","1","1","2"
"押送中尉韩","1","1","2"
"送中尉韩全","1","1","2"
"复太清宫使","1","1","2"
"节度使处斩","1","1","2"
"太清宫修葺","1","1","2"
"清宫修葺宫","1","1","2"
"宫修葺宫阙","1","1","2"
"修葺宫阙制","1","1","2"
"葺宫阙制置","1","1","2"
"食实封六百","1","1","2"
"百户硃全忠","2","0","2"
"判六军十二","2","0","2"
"诸道兵马副","1","1","2"
"道兵马副元","1","1","2"
"东道观察等","2","0","2"
"监修国史陆","1","1","2"
"州节度使赵","1","1","2"
"节度使赵翊","1","1","2"
"全忠归大梁","2","0","2"
"遣判官韦庄","1","1","2"
"判官韦庄入","1","1","2"
"制凤翔陇右","2","0","2"
"秦王李茂贞","1","1","2"
"募一千一百","1","1","2"
"一千一百人","1","1","2"
"置六千六百","1","1","2"
"六千六百人","1","1","2"
"京兆尹郑元","1","1","2"
"兆尹郑元规","1","1","2"
"节度使成汭","2","0","2"
"汴州护驾都","1","1","2"
"州护驾都将","1","1","2"
"十一月丁酉","2","0","2"
"制礼部尚书","2","0","2"
"礼部尚书独","1","1","2"
"尚书独孤损","1","1","2"
"军十二卫事","1","1","2"
"五百户崔胤","1","1","2"
"诸卫副使郑","1","1","2"
"卫副使郑元","1","1","2"
"副使郑元规","1","1","2"
"责授循州司","2","0","2"
"皇城使王建","1","1","2"
"城使王建勋","1","1","2"
"飞龙使陈班","1","1","2"
"阁门使王建","1","1","2"
"门使王建袭","1","1","2"
"客省使王建","1","1","2"
"河间郡公张","1","1","2"
"间郡公张浚","1","1","2"
"左拾遗柳璨","1","1","2"
"部尚书崔远","1","1","2"
"牙将寇彦卿","2","0","2"
"将寇彦卿奉","1","1","2"
"二月丙寅朔","2","0","2"
"四月丙寅朔","2","0","2"
"遣晋国夫人","1","1","2"
"四月乙未朔","2","0","2"
"医官许昭远","1","1","2"
"官许昭远告","1","1","2"
"周平王东迁","1","1","2"
"汉光武定业","1","1","2"
"国子博士欧","1","1","2"
"子博士欧阳","1","1","2"
"博士欧阳特","1","1","2"
"阳节度使张","1","1","2"
"节度使张汉","1","1","2"
"度使张汉瑜","1","1","2"
"全忠令敬翔","1","1","2"
"知制诰沈栖","1","1","2"
"制诰沈栖远","1","1","2"
"陕州都督府","1","1","2"
"州都督府改","1","1","2"
"六月甲午朔","2","0","2"
"州杨崇本侵","1","1","2"
"金鱼袋杨注","1","1","2"
"鱼袋杨注充","1","1","2"
"三佛齐国入","1","1","2"
"佛齐国入朝","1","1","2"
"齐国入朝使","1","1","2"
"太子少傅卢","1","1","2"
"子少傅卢绍","1","1","2"
"太子太保致","2","0","2"
"子太保致仕","2","0","2"
"少尹郑韬光","1","1","2"
"前侍御史韦","1","1","2"
"侍御史韦说","1","1","2"
"前进士赵颀","1","1","2"
"省校书郎正","1","1","2"
"校书郎正字","1","1","2"
"荆南襄州忠","1","1","2"
"南襄州忠义","1","1","2"
"襄州忠义军","1","1","2"
"州忠义军节","1","1","2"
"邑六千户赵","1","1","2"
"六千户赵匡","1","1","2"
"七月癸亥朔","2","0","2"
"通引官何凝","1","1","2"
"上柱国韩仪","1","1","2"
"侍御史归蔼","1","1","2"
"金鱼袋杜彦","1","1","2"
"鱼袋杜彦林","1","1","2"
"兵部郎中萧","1","1","2"
"部郎中萧颀","1","1","2"
"户部郎中徐","1","1","2"
"部郎中徐绾","1","1","2"
"勋员外郎张","1","1","2"
"员外郎张茂","1","1","2"
"外郎张茂枢","1","1","2"
"淮南西面行","1","1","2"
"南西面行营","1","1","2"
"西面行营招","1","1","2"
"邑三千户杜","1","1","2"
"三千户杜洪","1","1","2"
"千户杜洪加","1","1","2"
"令左龙武统","1","1","2"
"龙武统军硃","2","0","2"
"武统军硃友","2","0","2"
"统军硃友恭","2","0","2"
"昭仪李渐荣","1","1","2"
"谥曰圣穆景","2","0","2"
"曰圣穆景文","2","0","2"
"二年二月二","1","1","2"
"景福元年九","1","1","2"
"福元年九月","1","1","2"
"元年九月三","1","1","2"
"乾宁四年二","1","1","2"
"宁四年二月","1","1","2"
"年八月十二","1","1","2"
"山陵桥道使","1","1","2"
"太常寺止鼓","1","1","2"
"常寺止鼓两","1","1","2"
"寺止鼓两字","1","1","2"
"十月辛卯朔","2","0","2"
"姓名李彦威","1","1","2"
"崖州司户同","1","1","2"
"邑七千户张","1","1","2"
"七千户张全","1","1","2"
"千户张全义","1","1","2"
"判六军诸卫","2","0","2"
"食邑四百户","1","1","2"
"部侍郎赵光","1","1","2"
"侍郎赵光逢","1","1","2"
"书宝册官吏","1","1","2"
"宝册官吏部","1","1","2"
"册官吏部尚","1","1","2"
"部尚书张祎","2","0","2"
"太子太保卢","1","1","2"
"子太保卢绍","1","1","2"
"二月辛卯朔","2","0","2"
"郓州军州事","1","1","2"
"书侍郎柳璨","1","1","2"
"侍郎柳璨撰","1","1","2"
"长乐门外祭","1","1","2"
"汝州刺史裴","1","1","2"
"州刺史裴迪","1","1","2"
"御史大夫葛","1","1","2"
"周检校司徒","1","1","2"
"左仆射裴贽","1","1","2"
"仆射裴贽等","1","1","2"
"宗皇帝神主","2","0","2"
"三月庚申朔","2","0","2"
"食邑二千五","1","1","2"
"邑二千五百","1","1","2"
"二千五百户","1","1","2"
"千五百户王","1","1","2"
"五百户王师","1","1","2"
"百户王师范","1","1","2"
"邑七百户杨","1","1","2"
"七百户杨涉","1","1","2"
"部侍郎杨注","1","1","2"
"河南府缑氏","1","1","2"
"南府缑氏县","1","1","2"
"分清浊优劣","1","1","2"
"棣州刺史刘","1","1","2"
"州刺史刘仁","1","1","2"
"刺史刘仁遇","1","1","2"
"军节度使独","1","1","2"
"节度使独孤","1","1","2"
"度使独孤损","1","1","2"
"侍御史李光","1","1","2"
"御史李光庭","1","1","2"
"殿中丞张升","1","1","2"
"舍人卢仁烱","2","0","2"
"员外郎崔协","1","1","2"
"右补阙杜承","1","1","2"
"补阙杜承昭","1","1","2"
"右拾遗韦彖","1","1","2"
"二十五日行","2","0","2"
"二年四月十","1","1","2"
"三日内疏理","2","0","2"
"日内疏理闻","2","0","2"
"内疏理闻奏","2","0","2"
"八百五十文","1","1","2"
"年五月一日","1","1","2"
"开西上阁门","1","1","2"
"彗星长六七","1","1","2"
"星长六七十","1","1","2"
"长六七十丈","1","1","2"
"使赵匡凝奏","1","1","2"
"十月九日事","2","0","2"
"月九日事郊","2","0","2"
"九日事郊丘","2","0","2"
"令宰臣柳璨","1","1","2"
"令太常卿张","1","1","2"
"河南郡开国","1","1","2"
"南郡开国侯","1","1","2"
"邑一千户独","1","1","2"
"一千户独孤","1","1","2"
"千户独孤损","1","1","2"
"令御史台发","1","1","2"
"右仆射崔远","1","1","2"
"书舍人封渭","1","1","2"
"右补阙郑辇","1","1","2"
"部郎中李仁","1","1","2"
"郎中李仁俭","1","1","2"
"弘文馆卢晏","1","1","2"
"许节度使张","1","1","2"
"节度使张全","1","1","2"
"度使张全义","1","1","2"
"守太保致仕","2","0","2"
"部侍郎王赞","1","1","2"
"责授登州刺","2","0","2"
"授登州刺史","2","0","2"
"登州刺史裴","1","1","2"
"州刺史裴枢","1","1","2"
"棣州刺史独","1","1","2"
"刺史独孤损","1","1","2"
"莱州刺史崔","1","1","2"
"州刺史崔远","1","1","2"
"司勋员外韦","1","1","2"
"勋员外韦甄","1","1","2"
"洛阳县令李","1","1","2"
"阳县令李光","1","1","2"
"县令李光序","1","1","2"
"左春坊典设","1","1","2"
"春坊典设郎","1","1","2"
"秘书监崔仁","1","1","2"
"书监崔仁鲁","1","1","2"
"国子祭酒崔","1","1","2"
"子祭酒崔澄","1","1","2"
"太府少卿裴","1","1","2"
"府少卿裴钅","1","1","2"
"少卿裴钅咸","1","1","2"
"卫尉少卿裴","1","1","2"
"尉少卿裴纾","1","1","2"
"司封员外薛","1","1","2"
"封员外薛氵","1","1","2"
"员外薛氵高","1","1","2"
"前盐铁推官","1","1","2"
"盐铁推官独","1","1","2"
"铁推官独孤","1","1","2"
"推官独孤宪","1","1","2"
"秘书少监裴","1","1","2"
"部郎中李象","1","1","2"
"刑部员外卢","1","1","2"
"部员外卢荐","1","1","2"
"汝阴县人彭","1","1","2"
"阴县人彭文","1","1","2"
"尚书职方郎","1","1","2"
"书职方郎中","1","1","2"
"职方郎中张","1","1","2"
"方郎中张策","1","1","2"
"陇州司户裴","1","1","2"
"州司户裴枢","1","1","2"
"琼州司户独","1","1","2"
"州司户独孤","1","1","2"
"司户独孤损","1","1","2"
"白州司户崔","1","1","2"
"州司户崔远","1","1","2"
"濮州司户陆","1","1","2"
"淄州司户王","1","1","2"
"州司户王溥","1","1","2"
"曹州司户赵","1","1","2"
"州司户赵崇","1","1","2"
"濮州司户王","1","1","2"
"州司户王赞","1","1","2"
"司户王赞等","1","1","2"
"东县开国公","1","1","2"
"二千户裴贽","1","1","2"
"千户裴贽早","1","1","2"
"太微宫使柳","1","1","2"
"微宫使柳璨","1","1","2"
"十月九日陛","1","1","2"
"月九日陛下","1","1","2"
"清化坊内建","1","1","2"
"建置太微宫","2","0","2"
"卫尉少卿敬","1","1","2"
"尉少卿敬沼","1","1","2"
"福昌主簿陆","1","1","2"
"黄陵二妃祠","1","1","2"
"三闾大夫祠","1","1","2"
"澧朗观察使","1","1","2"
"朗观察使雷","1","1","2"
"观察使雷满","1","1","2"
"元年九月二","1","1","2"
"宰相柳璨记","1","1","2"
"相柳璨记事","1","1","2"
"北邙山下玄","1","1","2"
"邙山下玄元","1","1","2"
"山下玄元观","1","1","2"
"延资库盐铁","1","1","2"
"六军诸卫张","1","1","2"
"军诸卫张全","1","1","2"
"诸卫张全义","1","1","2"
"卫张全义指","1","1","2"
"张全义指挥","1","1","2"
"太子宾客柳","1","1","2"
"子宾客柳逊","1","1","2"
"张浚租庸判","1","1","2"
"浚租庸判官","1","1","2"
"王溥监修日","1","1","2"
"溥监修日奏","1","1","2"
"前司勋员外","1","1","2"
"绯鱼袋李延","1","1","2"
"鱼袋李延古","1","1","2"
"迎銮记功碑","1","1","2"
"銮记功碑文","1","1","2"
"礼钱三万贯","1","1","2"
"尚书苏循充","1","1","2"
"太后册礼使","1","1","2"
"八月丁亥朔","2","0","2"
"中书舍人姚","1","1","2"
"书舍人姚洎","1","1","2"
"元帅府判官","1","1","2"
"晋江县应乡","1","1","2"
"江县应乡贡","1","1","2"
"明经陈文巨","1","1","2"
"元帅梁王正","1","1","2"
"祀天地宗庙","1","1","2"
"太尉副元帅","1","1","2"
"前太中大夫","1","1","2"
"紫金鱼袋司","1","1","2"
"金鱼袋司空","1","1","2"
"鱼袋司空图","1","1","2"
"大将杨师厚","1","1","2"
"将杨师厚讨","1","1","2"
"荆南军府事","1","1","2"
"月十一日弃","1","1","2"
"十一日弃城","1","1","2"
"金州冯行袭","1","1","2"
"荆南留后赵","1","1","2"
"南留后赵匡","1","1","2"
"留后赵匡凝","1","1","2"
"居郎苏楷驳","1","1","2"
"乾宁二年应","1","1","2"
"宁二年应进","1","1","2"
"二年应进士","1","1","2"
"昭宗命翰林","1","1","2"
"宗命翰林学","1","1","2"
"秘书监冯渥","1","1","2"
"柳璨陷害朝","1","1","2"
"璨陷害朝臣","1","1","2"
"居舍人卢鼎","1","1","2"
"卿张廷范改","1","1","2"
"张廷范改谥","1","1","2"
"恭灵庄闵孝","1","1","2"
"灵庄闵孝皇","1","1","2"
"庄闵孝皇帝","1","1","2"
"司改题昭宗","1","1","2"
"一月乙卯朔","2","0","2"
"寿州三十里","1","1","2"
"年正月上辛","2","0","2"
"修宫阙制置","1","1","2"
"食邑一万五","1","1","2"
"邑一万五千","1","1","2"
"实封八千五","1","1","2"
"封八千五百","1","1","2"
"八千五百户","1","1","2"
"令判官司马","1","1","2"
"二月乙酉朔","2","0","2"
"东县开国伯","1","1","2"
"魏国册礼使","1","1","2"
"北院宣徽使","1","1","2"
"院宣徽使王","1","1","2"
"宣徽使王殷","1","1","2"
"使寿州行营","1","1","2"
"令刑部尚书","1","1","2"
"部尚书裴迪","1","1","2"
"河南府处斩","1","1","2"
"丰德库使应","1","1","2"
"德库使应顼","1","1","2"
"送河南府决","2","0","2"
"蒋玄晖身居","1","1","2"
"皇太后何氏","1","1","2"
"积善宫安福","1","1","2"
"善宫安福殿","1","1","2"
"铁转运使柳","1","1","2"
"转运使柳璨","1","1","2"
"太常少卿裴","1","1","2"
"诰张茂枢等","1","1","2"
"右拾遗柳瑗","1","1","2"
"拾遗柳瑗贬","1","1","2"
"镇海镇东军","1","1","2"
"海镇东军节","1","1","2"
"行营招讨营","1","1","2"
"营招讨营田","1","1","2"
"招讨营田安","1","1","2"
"讨营田安抚","1","1","2"
"营田安抚两","1","1","2"
"田安抚两浙","1","1","2"
"安抚两浙盐","1","1","2"
"抚两浙盐铁","1","1","2"
"两浙盐铁制","1","1","2"
"浙盐铁制置","1","1","2"
"杭越两州刺","1","1","2"
"越两州刺史","1","1","2"
"封五百户钱","1","1","2"
"使罗绍威杀","1","1","2"
"衙内亲军八","1","1","2"
"内亲军八千","1","1","2"
"亲军八千人","1","1","2"
"魏博衙外兵","1","1","2"
"博衙外兵五","1","1","2"
"衙外兵五万","1","1","2"
"监生郭应图","1","1","2"
"生郭应图等","1","1","2"
"郭应图等六","1","1","2"
"应图等六十","1","1","2"
"图等六十人","1","1","2"
"等六十人连","1","1","2"
"河中判官刘","1","1","2"
"中判官刘崇","1","1","2"
"度支户部事","1","1","2"
"三司都制置","1","1","2"
"司都制置使","1","1","2"
"西都留守判","1","1","2"
"都留守判官","1","1","2"
"四月甲申朔","2","0","2"
"博罗绍威奏","1","1","2"
"高堂等五县","1","1","2"
"乡村百姓渡","1","1","2"
"村百姓渡河","1","1","2"
"故荆南节度","1","1","2"
"鄂岳节度使","1","1","2"
"岳节度使杜","1","1","2"
"度使杜洪官","1","1","2"
"使杜洪官爵","1","1","2"
"二年九月二","1","1","2"
"山南东道收","1","1","2"
"南东道收管","1","1","2"
"佑国军节度","1","1","2"
"史馆修撰裴","1","1","2"
"皇妹永明公","1","1","2"
"妹永明公主","1","1","2"
"斥丘等六县","1","1","2"
"丘等六县隶","1","1","2"
"十一月庚戌","1","1","2"
"付河南府收","1","1","2"
"河南府收管","1","1","2"
"署宣歙观察","1","1","2"
"检校司徒王","1","1","2"
"校司徒王茂","1","1","2"
"司徒王茂章","1","1","2"
"节度副使孙","1","1","2"
"度副使孙乘","1","1","2"
"节度使王审","1","1","2"
"度使王审知","1","1","2"
"华州镇国节","1","1","2"
"州镇国节度","1","1","2"
"西都佑国军","1","1","2"
"奉先县本属","1","1","2"
"节度使王建","1","1","2"
"兴唐府少尹","1","1","2"
"唐府少尹孙","1","1","2"
"大将李思安","1","1","2"
"宰臣张文蔚","1","1","2"
"等率文武百","2","0","2"
"法驾奉迎梁","1","1","2"
"驾奉迎梁朝","1","1","2"
"事张文蔚充","1","1","2"
"押传国宝使","1","1","2"
"书舍人张策","1","1","2"
"左丞赵光逢","1","1","2"
"事张文蔚等","1","1","2"
"前刺史氏叔","1","1","2"
"刺史氏叔琮","1","1","2"
"五年二月二","1","1","2"
"昭宣光烈孝","1","1","2"
"宣光烈孝皇","1","1","2"
"车驾泰山顿","2","0","2"
"日亲祀昊天","2","0","2"
"昊天上帝封","2","0","2"
"天上帝封祀","2","0","2"
"上帝封祀坛","2","0","2"
"帝升山行封","2","0","2"
"升山行封禅","2","0","2"
"德皇太后配","2","0","2"
"皇太后配飨","2","0","2"
"太妃燕氏终","2","0","2"
"妃燕氏终献","2","0","2"
"御朝觐坛受","2","0","2"
"朝觐坛受朝","2","0","2"
"觐坛受朝贺","2","0","2"
"麟德三年乾","2","0","2"
"德三年乾封","2","0","2"
"三年乾封元","2","0","2"
"年乾封元年","2","0","2"
"诸行文武官","2","0","2"
"行文武官朝","2","0","2"
"文武官朝觐","2","0","2"
"武官朝觐华","2","0","2"
"官朝觐华戎","2","0","2"
"朝觐华戎岳","2","0","2"
"觐华戎岳牧","2","0","2"
"致仕老人朝","2","0","2"
"仕老人朝朔","2","0","2"
"老人朝朔望","2","0","2"
"人朝朔望者","2","0","2"
"品上赐爵二","2","0","2"
"上赐爵二等","2","0","2"
"七品上加阶","2","0","2"
"八品下加一","2","0","2"
"诸老人百岁","2","0","2"
"老人百岁上","2","0","2"
"人百岁上版","2","0","2"
"百岁上版授","2","0","2"
"岁上版授下","2","0","2"
"上版授下州","2","0","2"
"齐州复一年","2","0","2"
"州复一年半","2","0","2"
"管岳县二年","2","0","2"
"正月五日前","2","0","2"
"太子弘设会","2","0","2"
"普进爵阶勋","2","0","2"
"进爵阶勋等","2","0","2"
"天下诸州署","2","0","2"
"下诸州署观","2","0","2"
"圣侯德伦子","2","0","2"
"侯德伦子孙","2","0","2"
"追号曰太上","2","0","2"
"号曰太上玄","2","0","2"
"曰太上玄元","2","0","2"
"改谷阳县真","2","0","2"
"谷阳县真源","2","0","2"
"阳县真源县","2","0","2"
"县内宗姓特","2","0","2"
"内宗姓特复","2","0","2"
"宗姓特复一","2","0","2"
"姓特复一年","2","0","2"
"先谒太庙后","2","0","2"
"谒太庙后入","2","0","2"
"男窦德玄卒","2","0","2"
"英国公勣辽","2","0","2"
"国公勣辽东","2","0","2"
"公勣辽东道","2","0","2"
"复行开元通","2","0","2"
"涪陵郡王愔","2","0","2"
"陵郡王愔薨","2","0","2"
"秋八月己丑","2","0","2"
"八月己丑朔","2","0","2"
"郎李安期荆","2","0","2"
"李安期荆州","2","0","2"
"安期荆州大","2","0","2"
"期荆州大都","2","0","2"
"相刘仁轨辽","2","0","2"
"刘仁轨辽东","2","0","2"
"仁轨辽东道","2","0","2"
"轨辽东道副","2","0","2"
"辽东道破薛","2","0","2"
"东道破薛贺","2","0","2"
"道破薛贺水","2","0","2"
"破薛贺水五","2","0","2"
"阵斩首五千","2","0","2"
"获生口三万","2","0","2"
"生口三万余","2","0","2"
"口三万余人","2","0","2"
"器械牛马胜","2","0","2"
"械牛马胜计","2","0","2"
"制度历代同","2","0","2"
"万年置乾封","2","0","2"
"分理京城中","2","0","2"
"皇太子弘释","2","0","2"
"太子弘释奠","2","0","2"
"子弘释奠国","2","0","2"
"弘释奠国学","2","0","2"
"诏内外群官","2","0","2"
"内外群官上","2","0","2"
"星孛光芒小","2","0","2"
"足上劳圣虑","2","0","2"
"责躬修德禳","2","0","2"
"群臣复进曰","2","0","2"
"高丽将灭征","2","0","2"
"岂推过小蕃","2","0","2"
"推过小蕃竟","2","0","2"
"过小蕃竟所","2","0","2"
"小蕃竟所请","2","0","2"
"侍郎杨武卒","2","0","2"
"秋八月癸酉","2","0","2"
"英国公勣破","2","0","2"
"国公勣破高","2","0","2"
"公勣破高丽","2","0","2"
"擒王高藏大","2","0","2"
"王高藏大臣","2","0","2"
"高藏大臣男","2","0","2"
"藏大臣男建","2","0","2"
"臣男建等归","2","0","2"
"户六十九万","2","0","2"
"地安东都护","2","0","2"
"分置四十二","2","0","2"
"置四十二州","2","0","2"
"封诸王嫡子","2","0","2"
"诸王嫡子皆","2","0","2"
"王嫡子皆郡","2","0","2"
"嫡子皆郡王","2","0","2"
"西台三品知","2","0","2"
"台三品知左","2","0","2"
"三品知左史","2","0","2"
"品知左史事","2","0","2"
"知左史事张","2","0","2"
"史事张文瓘","2","0","2"
"事张文瓘署","2","0","2"
"张文瓘署位","2","0","2"
"皇后亲祀先","2","0","2"
"后亲祀先蚕","2","0","2"
"移高丽户二","2","0","2"
"高丽户二万","2","0","2"
"丽户二万八","2","0","2"
"户二万八千","2","0","2"
"车一千八十","2","0","2"
"一千八十乘","2","0","2"
"牛三千三百","2","0","2"
"马二千九百","2","0","2"
"营二州般次","2","0","2"
"二州般次发","2","0","2"
"州般次发遣","2","0","2"
"凉西诸州空","2","0","2"
"西诸州空闲","2","0","2"
"诸州空闲处","2","0","2"
"州空闲处安","2","0","2"
"空闲处安置","2","0","2"
"六月戊申朔","2","0","2"
"括州大风雨","2","0","2"
"海水泛溢永","2","0","2"
"水泛溢永嘉","2","0","2"
"漂百姓宅六","2","0","2"
"百姓宅六千","2","0","2"
"姓宅六千八","2","0","2"
"溺杀人九千","2","0","2"
"杀人九千七","2","0","2"
"人九千七十","2","0","2"
"损田苗四千","2","0","2"
"漂坏居人庐","2","0","2"
"坏居人庐舍","2","0","2"
"居人庐舍数","2","0","2"
"人庐舍数千","2","0","2"
"庐舍数千家","2","0","2"
"遂等一十九","2","0","2"
"等一十九州","2","0","2"
"一十九州旱","2","0","2"
"总三十六万","2","0","2"
"遣司珍大夫","2","0","2"
"夫路励行存","2","0","2"
"路励行存问","2","0","2"
"励行存问赈","2","0","2"
"行存问赈贷","2","0","2"
"大都督府奏","2","0","2"
"夜暴水深一","2","0","2"
"暴水深一丈","2","0","2"
"水深一丈上","2","0","2"
"坏屋一万四","2","0","2"
"害田四千四","2","0","2"
"遣右卫大将","2","0","2"
"契苾何力驾","2","0","2"
"苾何力驾海","2","0","2"
"何力驾海道","2","0","2"
"力驾海道行","2","0","2"
"秋八月甲戌","2","0","2"
"海都护府安","2","0","2"
"都护府安北","2","0","2"
"护府安北都","2","0","2"
"府安北都护","2","0","2"
"高祖初仕隋","2","0","2"
"祖初仕隋扶","2","0","2"
"初仕隋扶风","2","0","2"
"仕隋扶风太","2","0","2"
"隋扶风太守","2","0","2"
"故曲赦岐州","2","0","2"
"曲赦岐州管","2","0","2"
"赦岐州管内","2","0","2"
"高祖时胥徒","2","0","2"
"祖时胥徒随","2","0","2"
"时胥徒随材","2","0","2"
"胥徒随材擢","2","0","2"
"赐高年衣物","2","0","2"
"高年衣物粟","2","0","2"
"年衣物粟帛","2","0","2"
"衣物粟帛差","2","0","2"
"发九州人夫","2","0","2"
"转发太原仓","2","0","2"
"发太原仓米","2","0","2"
"太原仓米粟","2","0","2"
"原仓米粟入","2","0","2"
"仓米粟入京","2","0","2"
"徙封豫王旭","2","0","2"
"豫王旭轮冀","2","0","2"
"王旭轮冀王","2","0","2"
"英国公勣薨","2","0","2"
"男刘仁轨致","2","0","2"
"刘仁轨致仕","2","0","2"
"列辽东地州","2","0","2"
"辽东地州县","2","0","2"
"祈祷名山大","2","0","2"
"祷名山大川","2","0","2"
"三月甲戌朔","2","0","2"
"改元咸亨元","2","0","2"
"元咸亨元年","2","0","2"
"改蓬莱宫含","2","0","2"
"蓬莱宫含元","2","0","2"
"莱宫含元殿","2","0","2"
"品许敬宗致","2","0","2"
"许敬宗致仕","2","0","2"
"吐蕃寇陷白","2","0","2"
"蕃寇陷白州","2","0","2"
"寇陷白州等","2","0","2"
"陷白州等一","2","0","2"
"白州等一十","2","0","2"
"州等一十八","2","0","2"
"阗合众袭龟","2","0","2"
"合众袭龟兹","2","0","2"
"众袭龟兹拨","2","0","2"
"雍州大雨雹","2","0","2"
"诸州县孔子","2","0","2"
"孔子庙堂学","2","0","2"
"子庙堂学馆","2","0","2"
"庙堂学馆破","2","0","2"
"堂学馆破坏","2","0","2"
"学馆破坏先","2","0","2"
"馆破坏先未","2","0","2"
"破坏先未造","2","0","2"
"坏先未造者","2","0","2"
"遂使生徒肄","2","0","2"
"使生徒肄业","2","0","2"
"生徒肄业所","2","0","2"
"先师阙奠祭","2","0","2"
"师阙奠祭仪","2","0","2"
"宜令所司速","2","0","2"
"令所司速事","2","0","2"
"所司速事营","2","0","2"
"司速事营造","2","0","2"
"前西台侍郎","2","0","2"
"西台侍郎李","2","0","2"
"郎李敬玄复","2","0","2"
"李敬玄复本","2","0","2"
"敬玄复本职","2","0","2"
"依旧同东西","2","0","2"
"旧同东西台","2","0","2"
"郭待封大非","2","0","2"
"待封大非川","2","0","2"
"论钦陵所袭","2","0","2"
"仁贵等坐除","2","0","2"
"贵等坐除名","2","0","2"
"谷浑全国尽","2","0","2"
"浑全国尽没","2","0","2"
"唯慕容诺曷","2","0","2"
"容诺曷钵亲","2","0","2"
"诺曷钵亲信","2","0","2"
"曷钵亲信数","2","0","2"
"钵亲信数千","2","0","2"
"亲信数千帐","2","0","2"
"信数千帐内","2","0","2"
"数千帐内属","2","0","2"
"夫人杨氏薨","2","0","2"
"忠孝公士","2","0","2"
"孝公士赠","2","0","2"
"公士赠太","2","0","2"
"士赠太尉","2","0","2"
"烈太夫人赠","2","0","2"
"太夫人赠太","2","0","2"
"夫人赠太原","2","0","2"
"人赠太原王","2","0","2"
"武九品上外","2","0","2"
"九品上外命","2","0","2"
"品上外命妇","2","0","2"
"送便桥宿次","2","0","2"
"行人冻死者","2","0","2"
"人冻死者赠","2","0","2"
"冻死者赠帛","2","0","2"
"死者赠帛棺","2","0","2"
"者赠帛棺木","2","0","2"
"华州贫窭家","2","0","2"
"年十五下能","2","0","2"
"十五下能存","2","0","2"
"五下能存活","2","0","2"
"下能存活者","2","0","2"
"听一切任人","2","0","2"
"一切任人收","2","0","2"
"切任人收养","2","0","2"
"任人收养男","2","0","2"
"人收养男女","2","0","2"
"子右中护摄","2","0","2"
"右中护摄正","2","0","2"
"中护摄正谏","2","0","2"
"护摄正谏大","2","0","2"
"品赵仁本左","2","0","2"
"赵仁本左肃","2","0","2"
"仁本左肃机","2","0","2"
"诸司百官复","2","0","2"
"司百官复旧","2","0","2"
"百官复旧名","2","0","2"
"天下四十余","2","0","2"
"下四十余州","2","0","2"
"四十余州旱","2","0","2"
"十余州旱霜","2","0","2"
"余州旱霜虫","2","0","2"
"诏令任诸州","2","0","2"
"令任诸州逐","2","0","2"
"任诸州逐食","2","0","2"
"转江南租米","2","0","2"
"江南租米赈","2","0","2"
"皇太子弘京","2","0","2"
"太子弘京监","2","0","2"
"子弘京监国","2","0","2"
"令侍臣戴德","2","0","2"
"李敬玄等辅","2","0","2"
"梁金柱请钱","2","0","2"
"金柱请钱三","2","0","2"
"柱请钱三千","2","0","2"
"请钱三千贯","2","0","2"
"三千贯赈济","2","0","2"
"千贯赈济贫","2","0","2"
"贯赈济贫人","2","0","2"
"散骑常侍检","2","0","2"
"骑常侍检校","2","0","2"
"常侍检校秘","2","0","2"
"侍检校秘书","2","0","2"
"国公武敏罪","2","0","2"
"公武敏罪复","2","0","2"
"武敏罪复本","2","0","2"
"敏罪复本姓","2","0","2"
"罪复本姓贺","2","0","2"
"本姓贺兰氏","2","0","2"
"徐王元礼薨","2","0","2"
"搜扬明达礼","2","0","2"
"扬明达礼乐","2","0","2"
"明达礼乐士","2","0","2"
"校猎许州叶","2","0","2"
"猎许州叶县","2","0","2"
"叶县昆水阳","2","0","2"
"遣右卫副率","2","0","2"
"右卫副率梁","2","0","2"
"卫副率梁积","2","0","2"
"副率梁积寿","2","0","2"
"率梁积寿姚","2","0","2"
"梁积寿姚州","2","0","2"
"积寿姚州击","2","0","2"
"寿姚州击叛","2","0","2"
"姚州击叛蛮","2","0","2"
"伊尹负鼎俎","2","0","2"
"尹负鼎俎汤","2","0","2"
"应补缉时政","2","0","2"
"知铸鼎所缘","2","0","2"
"五品上改赐","2","0","2"
"品上改赐新","2","0","2"
"上改赐新鱼","2","0","2"
"三品上赐金","2","0","2"
"品上赐金装","2","0","2"
"上赐金装刀","2","0","2"
"赐金装刀子","2","0","2"
"洛州柏崖置","2","0","2"
"州柏崖置仓","2","0","2"
"都督府复魏","2","0","2"
"督府复魏州","2","0","2"
"魏州复冀州","2","0","2"
"沛王贤徙封","2","0","2"
"王贤徙封雍","2","0","2"
"贤徙封雍王","2","0","2"
"一月戊子朔","2","0","2"
"将军高侃大","2","0","2"
"军高侃大败","2","0","2"
"高侃大败新","2","0","2"
"侃大败新罗","2","0","2"
"败新罗众横","2","0","2"
"新罗众横水","2","0","2"
"诏咸亨初收","2","0","2"
"咸亨初收养","2","0","2"
"亨初收养男","2","0","2"
"初收养男女","2","0","2"
"收养男女驱","2","0","2"
"养男女驱使","2","0","2"
"男女驱使者","2","0","2"
"听量酬衣食","2","0","2"
"量酬衣食直","2","0","2"
"郑王元懿薨","2","0","2"
"裴居道女皇","2","0","2"
"居道女皇太","2","0","2"
"道女皇太子","2","0","2"
"女皇太子弘","2","0","2"
"皇太子弘妃","2","0","2"
"闰五月丁卯","2","0","2"
"管李谨行破","2","0","2"
"李谨行破高","2","0","2"
"谨行破高丽","2","0","2"
"行破高丽叛","2","0","2"
"破高丽叛党","2","0","2"
"高丽叛党瓠","2","0","2"
"丽叛党瓠卢","2","0","2"
"叛党瓠卢河","2","0","2"
"党瓠卢河西","2","0","2"
"高丽平壤余","2","0","2"
"丽平壤余众","2","0","2"
"平壤余众遁","2","0","2"
"壤余众遁入","2","0","2"
"余众遁入新","2","0","2"
"众遁入新罗","2","0","2"
"太子新宫成","2","0","2"
"上召五品上","2","0","2"
"召五品上诸","2","0","2"
"品上诸亲宴","2","0","2"
"上诸亲宴太","2","0","2"
"诸亲宴太子","2","0","2"
"亲宴太子宫","2","0","2"
"漂溺居民六","2","0","2"
"溺居民六百","2","0","2"
"令太子受诸","2","0","2"
"太子受诸司","2","0","2"
"子受诸司启","2","0","2"
"受诸司启事","2","0","2"
"大风毁太庙","2","0","2"
"风毁太庙鸱","2","0","2"
"毁太庙鸱吻","2","0","2"
"子阎立本卒","2","0","2"
"皇太子弘纳","2","0","2"
"太子弘纳妃","2","0","2"
"子弘纳妃毕","2","0","2"
"诏司诸大祠","2","0","2"
"司诸大祠享","2","0","2"
"诸大祠享奏","2","0","2"
"王入朝请降","2","0","2"
"年春二月壬","2","0","2"
"春二月壬午","2","0","2"
"品刘仁轨鸡","2","0","2"
"刘仁轨鸡林","2","0","2"
"仁轨鸡林道","2","0","2"
"轨鸡林道大","2","0","2"
"令卫尉卿李","2","0","2"
"卫尉卿李弼","2","0","2"
"右大将军李","2","0","2"
"军李谨行副","2","0","2"
"公武承嗣宗","2","0","2"
"武承嗣宗正","2","0","2"
"承嗣宗正卿","2","0","2"
"后除二社外","2","0","2"
"司严加禁止","2","0","2"
"敕文武官三","2","0","2"
"武官三品己","2","0","2"
"官三品己上","2","0","2"
"三品己上服","2","0","2"
"品己上服紫","2","0","2"
"一品下文官","2","0","2"
"武官欲带听","2","0","2"
"百僚具新服","2","0","2"
"上宴麟德殿","2","0","2"
"追复长孙忌","2","0","2"
"复长孙忌官","2","0","2"
"长孙忌官爵","2","0","2"
"曾孙翼袭封","2","0","2"
"孙翼袭封赵","2","0","2"
"翼袭封赵国","2","0","2"
"许归葬昭陵","2","0","2"
"归葬昭陵先","2","0","2"
"葬昭陵先造","2","0","2"
"昭陵先造坟","2","0","2"
"狩华山曲武","2","0","2"
"华山曲武原","2","0","2"
"阗王伏阇雄","2","0","2"
"王伏阇雄朝","2","0","2"
"王卑路斯朝","2","0","2"
"天后上意见","2","0","2"
"后上意见十","2","0","2"
"王公百僚皆","2","0","2"
"公百僚皆习","2","0","2"
"岁明经一准","2","0","2"
"请子父母服","2","0","2"
"子父母服三","2","0","2"
"父母服三年","2","0","2"
"阗毗沙都督","2","0","2"
"毗沙都督府","2","0","2"
"尉迟伏阇雄","2","0","2"
"迟伏阇雄毗","2","0","2"
"伏阇雄毗沙","2","0","2"
"阇雄毗沙都","2","0","2"
"雄毗沙都督","2","0","2"
"分境内十州","2","0","2"
"伏阇雄击吐","2","0","2"
"阇雄击吐蕃","2","0","2"
"雄击吐蕃功","2","0","2"
"击吐蕃功故","2","0","2"
"白素稽献银","2","0","2"
"素稽献银颇","2","0","2"
"稽献银颇罗","2","0","2"
"蕃遣大臣论","2","0","2"
"遣大臣论吐","2","0","2"
"论吐浑弥请","2","0","2"
"军大总管大","2","0","2"
"大总管大破","2","0","2"
"总管大破新","2","0","2"
"管大破新罗","2","0","2"
"大破新罗众","2","0","2"
"破新罗众七","2","0","2"
"新罗众七重","2","0","2"
"罗众七重城","2","0","2"
"新罗遣使入","2","0","2"
"罗遣使入朝","2","0","2"
"遣使入朝献","2","0","2"
"使入朝献方","2","0","2"
"入朝献方物","2","0","2"
"复王金法敏","2","0","2"
"王金法敏官","2","0","2"
"金法敏官爵","2","0","2"
"天后亲蚕邙","2","0","2"
"后亲蚕邙山","2","0","2"
"亲蚕邙山阳","2","0","2"
"时帝风疹能","2","0","2"
"帝风疹能听","2","0","2"
"风疹能听朝","2","0","2"
"政事皆决天","2","0","2"
"事皆决天后","2","0","2"
"诛上官仪后","2","0","2"
"天后垂帘御","2","0","2"
"后垂帘御座","2","0","2"
"垂帘御座后","2","0","2"
"政事大小皆","2","0","2"
"事大小皆预","2","0","2"
"大小皆预闻","2","0","2"
"内外称二圣","2","0","2"
"帝欲下诏令","2","0","2"
"欲下诏令天","2","0","2"
"下诏令天后","2","0","2"
"诏令天后摄","2","0","2"
"令天后摄国","2","0","2"
"天后摄国政","2","0","2"
"郎郝处俊谏","2","0","2"
"郝处俊谏止","2","0","2"
"周王显妃赵","2","0","2"
"王显妃赵氏","2","0","2"
"显妃赵氏罪","2","0","2"
"妃赵氏罪幽","2","0","2"
"赵氏罪幽死","2","0","2"
"皇太子弘薨","2","0","2"
"太子弘薨合","2","0","2"
"子弘薨合璧","2","0","2"
"弘薨合璧宫","2","0","2"
"薨合璧宫绮","2","0","2"
"合璧宫绮云","2","0","2"
"璧宫绮云殿","2","0","2"
"时帝幸合璧","2","0","2"
"帝幸合璧宫","2","0","2"
"追谥太子弘","2","0","2"
"谥太子弘孝","2","0","2"
"太子弘孝敬","2","0","2"
"子弘孝敬皇","2","0","2"
"弘孝敬皇帝","2","0","2"
"雍王贤皇太","2","0","2"
"王贤皇太子","2","0","2"
"洛州复置缑","2","0","2"
"州复置缑氏","2","0","2"
"复置缑氏县","2","0","2"
"管孝敬皇帝","2","0","2"
"孝敬皇帝恭","2","0","2"
"敬皇帝恭陵","2","0","2"
"杞王上金坐","2","0","2"
"王上金坐事","2","0","2"
"侯刘仁轨左","2","0","2"
"刘仁轨左仆","2","0","2"
"仁轨左仆射","2","0","2"
"理卿张文瓘","2","0","2"
"卿张文瓘侍","2","0","2"
"张文瓘侍中","2","0","2"
"公郝处俊中","2","0","2"
"处俊中书令","2","0","2"
"修国史李敬","2","0","2"
"国史李敬玄","2","0","2"
"史李敬玄吏","2","0","2"
"敬玄吏部尚","2","0","2"
"玄吏部尚书","2","0","2"
"尚书太子左","2","0","2"
"书太子左庶","2","0","2"
"依前监修国","2","0","2"
"前监修国史","2","0","2"
"处俊太子宾","2","0","2"
"俊太子宾客","2","0","2"
"析永州营道","2","0","2"
"唐兴三县置","2","0","2"
"兴三县置道","2","0","2"
"三县置道州","2","0","2"
"白素稽献名","2","0","2"
"素稽献名马","2","0","2"
"徙封冀王轮","2","0","2"
"封冀王轮相","2","0","2"
"冀王轮相王","2","0","2"
"东都护府辽","2","0","2"
"都护府辽东","2","0","2"
"坚昆献名马","2","0","2"
"黄门侍郎恆","2","0","2"
"郎薛元超同","2","0","2"
"薛元超同中","2","0","2"
"元超同中书","2","0","2"
"超同中书门","2","0","2"
"尚书省下诸","2","0","2"
"书省下诸司","2","0","2"
"五十八日方","2","0","2"
"十八日方灭","2","0","2"
"吐蕃寇叠州","2","0","2"
"放京城系囚","2","0","2"
"官上封事言","2","0","2"
"上封事言失","2","0","2"
"齐等州海泛","2","0","2"
"等州海泛溢","2","0","2"
"漂溺居人五","2","0","2"
"溺居人五千","2","0","2"
"居人五千家","2","0","2"
"郇王素节削","2","0","2"
"王素节削户","2","0","2"
"素节削户三","2","0","2"
"节削户三分","2","0","2"
"削户三分二","2","0","2"
"北京置金邻","2","0","2"
"京置金邻州","2","0","2"
"陈州言凤凰","2","0","2"
"州言凤凰见","2","0","2"
"言凤凰见宛","2","0","2"
"凤凰见宛丘","2","0","2"
"上元三年曰","2","0","2"
"元三年曰仪","2","0","2"
"三年曰仪凤","2","0","2"
"年曰仪凤元","2","0","2"
"曰仪凤元年","2","0","2"
"书李敬玄中","2","0","2"
"李敬玄中书","2","0","2"
"敬玄中书令","2","0","2"
"皇太子贤上","2","0","2"
"太子贤上所","2","0","2"
"子贤上所注","2","0","2"
"遣使分道巡","2","0","2"
"使分道巡抚","2","0","2"
"宰相恆河南","2","0","2"
"相恆河南道","2","0","2"
"薛元超河北","2","0","2"
"元超河北道","2","0","2"
"崔知悌等江","2","0","2"
"知悌等江南","2","0","2"
"悌等江南道","2","0","2"
"上躬籍田东","2","0","2"
"躬籍田东郊","2","0","2"
"尚书高藏授","2","0","2"
"书高藏授辽","2","0","2"
"高藏授辽东","2","0","2"
"藏授辽东都","2","0","2"
"授辽东都督","2","0","2"
"封朝鲜郡王","2","0","2"
"遣归安东府","2","0","2"
"安辑高丽余","2","0","2"
"辑高丽余众","2","0","2"
"卿扶余隆熊","2","0","2"
"扶余隆熊津","2","0","2"
"余隆熊津州","2","0","2"
"隆熊津州都","2","0","2"
"令安辑百济","2","0","2"
"安辑百济余","2","0","2"
"辑百济余众","2","0","2"
"东都护府新","2","0","2"
"都护府新城","2","0","2"
"护府新城统","2","0","2"
"太白犯轩辕","2","0","2"
"河东诸州召","2","0","2"
"东诸州召募","2","0","2"
"诸州召募勇","2","0","2"
"州召募勇敢","2","0","2"
"诏京文武职","2","0","2"
"京文武职事","2","0","2"
"武职事官三","2","0","2"
"职事官三品","2","0","2"
"年举文武才","2","0","2"
"举文武才能","2","0","2"
"文武才能堪","2","0","2"
"武才能堪任","2","0","2"
"才能堪任将","2","0","2"
"能堪任将帅","2","0","2"
"堪任将帅牧","2","0","2"
"任将帅牧守","2","0","2"
"将帅牧守者","2","0","2"
"帅牧守者一","2","0","2"
"三年四月丁","2","0","2"
"年四月丁亥","2","0","2"
"四月丁亥朔","2","0","2"
"正月一日通","2","0","2"
"月一日通乾","2","0","2"
"泾州献二小","2","0","2"
"州献二小兒","2","0","2"
"宴近臣诸亲","2","0","2"
"近臣诸亲咸","2","0","2"
"臣诸亲咸亨","2","0","2"
"诸亲咸亨殿","2","0","2"
"上谓霍王元","2","0","2"
"谓霍王元轨","2","0","2"
"霍王元轨曰","2","0","2"
"吐蕃入龙支","2","0","2"
"盖上天垂祐","2","0","2"
"岂虚薄所能","2","0","2"
"虚薄所能致","2","0","2"
"薄所能致男","2","0","2"
"所能致男轮","2","0","2"
"能致男轮小","2","0","2"
"近纳刘延景","2","0","2"
"纳刘延景女","2","0","2"
"复私衷一喜","2","0","2"
"思叔等同欢","2","0","2"
"上赋七言诗","2","0","2"
"赋七言诗效","2","0","2"
"七言诗效柏","2","0","2"
"言诗效柏梁","2","0","2"
"诗效柏梁体","2","0","2"
"侍中张文瓘","2","0","2"
"中张文瓘卒","2","0","2"
"刘审礼等吐","2","0","2"
"审礼等吐蕃","2","0","2"
"礼等吐蕃战","2","0","2"
"等吐蕃战青","2","0","2"
"吐蕃战青海","2","0","2"
"蕃战青海上","2","0","2"
"问计侍臣中","2","0","2"
"计侍臣中书","2","0","2"
"咸备边深讨","2","0","2"
"备边深讨上","2","0","2"
"边深讨上策","2","0","2"
"密王元晓薨","2","0","2"
"门下三品恆","2","0","2"
"下三品恆卒","2","0","2"
"诏停明年通","2","0","2"
"停明年通乾","2","0","2"
"明年通乾号","2","0","2"
"国公戴德薨","2","0","2"
"官糙米救饥","2","0","2"
"糙米救饥人","2","0","2"
"惑入羽林星","2","0","2"
"盗杀正谏大","2","0","2"
"杀正谏大夫","2","0","2"
"皇太子贤监","2","0","2"
"太子贤监国","2","0","2"
"造紫桂宫沔","2","0","2"
"紫桂宫沔池","2","0","2"
"桂宫沔池西","2","0","2"
"仪凤四年调","2","0","2"
"凤四年调露","2","0","2"
"四年调露元","2","0","2"
"年调露元年","2","0","2"
"七月己卯朔","2","0","2"
"诏年冬事嵩","2","0","2"
"年冬事嵩岳","2","0","2"
"官学士详定","2","0","2"
"学士详定仪","2","0","2"
"裴行俭讨西","2","0","2"
"行俭讨西突","2","0","2"
"俭讨西突厥","2","0","2"
"擒十姓汗阿","2","0","2"
"十姓汗阿史","2","0","2"
"姓汗阿史都","2","0","2"
"汗阿史都支","2","0","2"
"阿史都支帅","2","0","2"
"史都支帅李","2","0","2"
"都支帅李遮","2","0","2"
"支帅李遮匐","2","0","2"
"帅李遮匐归","2","0","2"
"遣单大都护","2","0","2"
"单大都护长","2","0","2"
"李景嘉等讨","2","0","2"
"嗣业配流桂","2","0","2"
"业配流桂州","2","0","2"
"怀舜率兵恆","2","0","2"
"舜率兵恆州","2","0","2"
"率兵恆州守","2","0","2"
"兵恆州守井","2","0","2"
"恆州守井陉","2","0","2"
"崔献绛州守","2","0","2"
"献绛州守龙","2","0","2"
"绛州守龙门","2","0","2"
"前诏封嵩山","2","0","2"
"文成公主遣","2","0","2"
"成公主遣大","2","0","2"
"公主遣大臣","2","0","2"
"主遣大臣论","2","0","2"
"遣大臣论塞","2","0","2"
"论塞调傍告","2","0","2"
"塞调傍告丧","2","0","2"
"品高智周知","2","0","2"
"高智周知政","2","0","2"
"智周知政事","2","0","2"
"郎裴行俭礼","2","0","2"
"裴行俭礼部","2","0","2"
"行俭礼部尚","2","0","2"
"俭礼部尚书","2","0","2"
"诸州都督刺","2","0","2"
"都督刺史洛","2","0","2"
"督刺史洛城","2","0","2"
"刺史洛城南","2","0","2"
"史洛城南门","2","0","2"
"故符玺郎李","2","0","2"
"宜赐家绢五","2","0","2"
"赐家绢五十","2","0","2"
"家绢五十疋","2","0","2"
"王元轨率文","2","0","2"
"元轨率文武","2","0","2"
"轨率文武百","2","0","2"
"请一月俸料","2","0","2"
"一月俸料助","2","0","2"
"月俸料助军","2","0","2"
"亲谒少姨庙","2","0","2"
"赐故玉清观","2","0","2"
"士王远知谥","2","0","2"
"王远知谥曰","2","0","2"
"远知谥曰升","2","0","2"
"知谥曰升真","2","0","2"
"谥曰升真先","2","0","2"
"曰升真先生","2","0","2"
"赠太中大夫","2","0","2"
"幸逍遥谷道","2","0","2"
"大破突厥黑","2","0","2"
"破突厥黑山","2","0","2"
"伪汗泥熟匐","2","0","2"
"汗泥熟匐部","2","0","2"
"泥熟匐部下","2","0","2"
"熟匐部下所","2","0","2"
"匐部下所杀","2","0","2"
"侍郎裴炎崔","2","0","2"
"郎裴炎崔知","2","0","2"
"裴炎崔知温","2","0","2"
"郎王德真同","2","0","2"
"王德真同中","2","0","2"
"德真同中书","2","0","2"
"使李敬玄吐","2","0","2"
"李敬玄吐蕃","2","0","2"
"敬玄吐蕃将","2","0","2"
"玄吐蕃将赞","2","0","2"
"蕃将赞婆战","2","0","2"
"将赞婆战湟","2","0","2"
"赞婆战湟中","2","0","2"
"军黑齿常力","2","0","2"
"黑齿常力战","2","0","2"
"遂擢河源军","2","0","2"
"擢河源军经","2","0","2"
"李敬玄镇鄯","2","0","2"
"敬玄镇鄯州","2","0","2"
"江王元祥薨","2","0","2"
"突厥余众围","2","0","2"
"厥余众围云","2","0","2"
"余众围云州","2","0","2"
"紫桂宫东都","2","0","2"
"督李敬玄左","2","0","2"
"李敬玄左迁","2","0","2"
"敬玄左迁衡","2","0","2"
"玄左迁衡州","2","0","2"
"左迁衡州刺","2","0","2"
"迁衡州刺史","2","0","2"
"废皇太子贤","2","0","2"
"皇太子贤庶","2","0","2"
"太子贤庶人","2","0","2"
"立英王哲皇","2","0","2"
"英王哲皇太","2","0","2"
"调露二年永","2","0","2"
"露二年永隆","2","0","2"
"二年永隆元","2","0","2"
"年永隆元年","2","0","2"
"品张大安坐","2","0","2"
"张大安坐庶","2","0","2"
"大安坐庶人","2","0","2"
"安坐庶人左","2","0","2"
"坐庶人左迁","2","0","2"
"庶人左迁普","2","0","2"
"人左迁普州","2","0","2"
"左迁普州刺","2","0","2"
"迁普州刺史","2","0","2"
"溺死者官棺","2","0","2"
"死者官棺槥","2","0","2"
"家赐物七段","2","0","2"
"曹王明封零","2","0","2"
"王明封零陵","2","0","2"
"明封零陵郡","2","0","2"
"封零陵郡王","2","0","2"
"坐附庶人贤","2","0","2"
"命将军李知","2","0","2"
"王杲等分兵","2","0","2"
"杲等分兵御","2","0","2"
"书裴行俭定","2","0","2"
"率师讨突厥","2","0","2"
"师讨突厥温","2","0","2"
"讨突厥温傅","2","0","2"
"同民户宜免","2","0","2"
"民户宜免两","2","0","2"
"户宜免两年","2","0","2"
"宜免两年地","2","0","2"
"免两年地税","2","0","2"
"河北遭水处","2","0","2"
"北遭水处一","2","0","2"
"遭水处一年","2","0","2"
"上诏雍州长","2","0","2"
"诏雍州长史","2","0","2"
"史李义玄曰","2","0","2"
"朕思淳返朴","2","0","2"
"示天下质素","2","0","2"
"闻游手堕业","2","0","2"
"花间裙衣等","2","0","2"
"常著七破间","2","0","2"
"著七破间裙","2","0","2"
"岂知更靡丽","2","0","2"
"知更靡丽服","2","0","2"
"更靡丽服饰","2","0","2"
"闾阎公然服","2","0","2"
"卿严加捉搦","2","0","2"
"皇太子亲行","2","0","2"
"太子亲行释","2","0","2"
"子亲行释奠","2","0","2"
"亲行释奠礼","2","0","2"
"品刘仁轨太","2","0","2"
"刘仁轨太子","2","0","2"
"仁轨太子少","2","0","2"
"轨太子少傅","2","0","2"
"管曹怀舜突","2","0","2"
"曹怀舜突厥","2","0","2"
"怀舜突厥史","2","0","2"
"舜突厥史伏","2","0","2"
"厥史伏念战","2","0","2"
"史伏念战横","2","0","2"
"伏念战横水","2","0","2"
"江王元祥男","2","0","2"
"王元祥男晫","2","0","2"
"元祥男晫犯","2","0","2"
"祥男晫犯名","2","0","2"
"男晫犯名教","2","0","2"
"斩大理寺后","2","0","2"
"太平公主降","2","0","2"
"平公主降薛","2","0","2"
"公主降薛绍","2","0","2"
"雍州大风害","2","0","2"
"州大风害稼","2","0","2"
"厥史伏念众","2","0","2"
"伏念程务挺","2","0","2"
"念程务挺急","2","0","2"
"程务挺急追","2","0","2"
"遂执温傅降","2","0","2"
"行俭尽平突","2","0","2"
"俭尽平突厥","2","0","2"
"尽平突厥余","2","0","2"
"平突厥余党","2","0","2"
"行俭执伏念","2","0","2"
"八月丁卯朔","2","0","2"
"许遭水处江","2","0","2"
"书崔知悌卒","2","0","2"
"改交州安南","2","0","2"
"交州安南都","2","0","2"
"州安南都护","2","0","2"
"彗星见天市","2","0","2"
"十月丙寅朔","2","0","2"
"曲赦定襄军","2","0","2"
"赦定襄军缘","2","0","2"
"定襄军缘征","2","0","2"
"襄军缘征突","2","0","2"
"军缘征突厥","2","0","2"
"缘征突厥官","2","0","2"
"征突厥官吏","2","0","2"
"突厥官吏兵","2","0","2"
"厥官吏兵募","2","0","2"
"官吏兵募等","2","0","2"
"王金法敏薨","2","0","2"
"徙庶人贤巴","2","0","2"
"庶人贤巴州","2","0","2"
"吐火罗献金","2","0","2"
"火罗献金衣","2","0","2"
"罗献金衣一","2","0","2"
"公郝处俊薨","2","0","2"
"元年正月乙","2","0","2"
"年正月乙未","2","0","2"
"关内诸府兵","2","0","2"
"绥等州就谷","2","0","2"
"太子诞皇孙","2","0","2"
"子诞皇孙满","2","0","2"
"诞皇孙满月","2","0","2"
"开耀二年永","2","0","2"
"耀二年永淳","2","0","2"
"二年永淳元","2","0","2"
"年永淳元年","2","0","2"
"皇孙重照皇","2","0","2"
"孙重照皇太","2","0","2"
"重照皇太孙","2","0","2"
"欲开府置僚","2","0","2"
"开府置僚属","2","0","2"
"中王方庆曰","2","0","2"
"晋立愍怀太","2","0","2"
"愍怀太子子","2","0","2"
"怀太子子彧","2","0","2"
"太子子彧太","2","0","2"
"子子彧太孙","2","0","2"
"齐立文惠太","2","0","2"
"文惠太子子","2","0","2"
"惠太子子昭","2","0","2"
"太子子昭业","2","0","2"
"子子昭业太","2","0","2"
"子昭业太孙","2","0","2"
"皇太子立太","2","0","2"
"太子立太孙","2","0","2"
"然竟立府僚","2","0","2"
"四月甲子朔","2","0","2"
"皇太子京师","2","0","2"
"太子京师留","2","0","2"
"子京师留守","2","0","2"
"薛元超等辅","2","0","2"
"士庶者多殍","2","0","2"
"庶者多殍踣","2","0","2"
"者多殍踣路","2","0","2"
"裴行俭金牙","2","0","2"
"行俭金牙道","2","0","2"
"俭金牙道行","2","0","2"
"怀旦等三总","2","0","2"
"旦等三总管","2","0","2"
"等三总管兵","2","0","2"
"三总管兵分","2","0","2"
"总管兵分道","2","0","2"
"管兵分道讨","2","0","2"
"兵分道讨十","2","0","2"
"分道讨十姓","2","0","2"
"道讨十姓突","2","0","2"
"讨十姓突厥","2","0","2"
"突厥阿史车","2","0","2"
"厥阿史车薄","2","0","2"
"行俭未行卒","2","0","2"
"次渑池紫桂","2","0","2"
"渑池紫桂宫","2","0","2"
"上谓参知政","2","0","2"
"谓参知政事","2","0","2"
"事崔知温曰","2","0","2"
"待举等历任","2","0","2"
"举等历任尚","2","0","2"
"等历任尚浅","2","0","2"
"令预闻政事","2","0","2"
"未卿等同名","2","0","2"
"卿等同名称","2","0","2"
"外司四品下","2","0","2"
"司四品下知","2","0","2"
"四品下知政","2","0","2"
"品下知政事","2","0","2"
"下知政事者","2","0","2"
"丙午连日澍","2","0","2"
"午连日澍雨","2","0","2"
"坏天津中桥","2","0","2"
"溺居民千余","2","0","2"
"居民千余家","2","0","2"
"陇螟蝗食苗","2","0","2"
"螟蝗食苗尽","2","0","2"
"加民多疫疠","2","0","2"
"死者枕藉路","2","0","2"
"诏所官司埋","2","0","2"
"所官司埋瘗","2","0","2"
"史苏良嗣雍","2","0","2"
"苏良嗣雍州","2","0","2"
"良嗣雍州长","2","0","2"
"嗣雍州长史","2","0","2"
"京师人相食","2","0","2"
"造奉天宫嵩","2","0","2"
"奉天宫嵩山","2","0","2"
"天宫嵩山阳","2","0","2"
"蓝田造万全","2","0","2"
"田造万全宫","2","0","2"
"零陵王明薨","2","0","2"
"郎刘景先同","2","0","2"
"刘景先同平","2","0","2"
"景先同平章","2","0","2"
"先同平章事","2","0","2"
"突厥余党阿","2","0","2"
"厥余党阿史","2","0","2"
"余党阿史骨","2","0","2"
"党阿史骨笃","2","0","2"
"史骨笃禄等","2","0","2"
"骨笃禄等招","2","0","2"
"笃禄等招合","2","0","2"
"禄等招合残","2","0","2"
"等招合残众","2","0","2"
"入寇州北境","2","0","2"
"遣使祭嵩岳","2","0","2"
"军薛仁贵卒","2","0","2"
"突厥阿史骨","2","0","2"
"厥阿史骨笃","2","0","2"
"德元珍等围","2","0","2"
"元珍等围单","2","0","2"
"珍等围单都","2","0","2"
"等围单都护","2","0","2"
"围单都护府","2","0","2"
"彗见五车北","2","0","2"
"二十五日灭","2","0","2"
"令崔知温卒","2","0","2"
"稽白铁余城","2","0","2"
"白铁余城平","2","0","2"
"铁余城平县","2","0","2"
"余城平县反","2","0","2"
"军程务挺将","2","0","2"
"程务挺将兵","2","0","2"
"务挺将兵讨","2","0","2"
"突厥寇蔚州","2","0","2"
"崔智辨率师","2","0","2"
"智辨率师朝","2","0","2"
"辨率师朝山","2","0","2"
"率师朝山掩","2","0","2"
"师朝山掩击","2","0","2"
"皇孙重福唐","2","0","2"
"孙重福唐昌","2","0","2"
"重福唐昌郡","2","0","2"
"福唐昌郡王","2","0","2"
"王轮改封豫","2","0","2"
"轮改封豫王","2","0","2"
"郡王重福京","2","0","2"
"王重福京留","2","0","2"
"重福京留守","2","0","2"
"召皇太子东","2","0","2"
"皇太子东都","2","0","2"
"水面高城内","2","0","2"
"面高城内五","2","0","2"
"高城内五尺","2","0","2"
"居人庐舍漂","2","0","2"
"人庐舍漂没","2","0","2"
"庐舍漂没皆","2","0","2"
"舍漂没皆尽","2","0","2"
"时天后封岱","2","0","2"
"天后封岱后","2","0","2"
"劝上封中岳","2","0","2"
"下诏草仪注","2","0","2"
"边事警急止","2","0","2"
"复行封中岳","2","0","2"
"行封中岳礼","2","0","2"
"上苦头重忍","2","0","2"
"医秦鸣鹤曰","2","0","2"
"天后帷中言","2","0","2"
"后帷中言曰","2","0","2"
"欲刺血人主","2","0","2"
"刺血人主首","2","0","2"
"血人主首耶","2","0","2"
"人主首耶上","2","0","2"
"主首耶上曰","2","0","2"
"军程务挺单","2","0","2"
"程务挺单道","2","0","2"
"务挺单道安","2","0","2"
"挺单道安抚","2","0","2"
"单道安抚大","2","0","2"
"招讨总管讨","2","0","2"
"讨总管讨山","2","0","2"
"总管讨山贼","2","0","2"
"管讨山贼元","2","0","2"
"讨山贼元珍","2","0","2"
"郭正一等东","2","0","2"
"正一等东宫","2","0","2"
"一等东宫同","2","0","2"
"等东宫同平","2","0","2"
"东宫同平章","2","0","2"
"宫同平章事","2","0","2"
"奉天宫东都","2","0","2"
"宰臣下谒见","2","0","2"
"上欲亲御天","2","0","2"
"欲亲御天门","2","0","2"
"亲御天门楼","2","0","2"
"气逆能上马","2","0","2"
"遂召百姓殿","2","0","2"
"召百姓殿前","2","0","2"
"百姓殿前宣","2","0","2"
"上问侍臣曰","2","0","2"
"天地神祇若","2","0","2"
"地神祇若延","2","0","2"
"神祇若延吾","2","0","2"
"祇若延吾一","2","0","2"
"若延吾一两","2","0","2"
"延吾一两月","2","0","2"
"吾一两月命","2","0","2"
"帝崩真观殿","2","0","2"
"军国大事决","2","0","2"
"国大事决者","2","0","2"
"取天后处分","2","0","2"
"元年八月庚","2","0","2"
"年八月庚寅","2","0","2"
"垂拱元年秋","1","1","2"
"拱元年秋八","1","1","2"
"元年秋八月","1","1","2"
"三年闰七月","1","1","2"
"天授三年十","1","1","2"
"授三年十月","1","1","2"
"金吾将军武","1","1","2"
"吾将军武懿","1","1","2"
"将军武懿宗","1","1","2"
"军武懿宗忌","1","1","2"
"东都积善坊","1","1","2"
"属中宗末年","1","1","2"
"道士冯道力","1","1","2"
"长上折冲麻","1","1","2"
"上折冲麻嗣","1","1","2"
"折冲麻嗣宗","1","1","2"
"押万骑果毅","1","1","2"
"万骑果毅葛","1","1","2"
"骑果毅葛福","1","1","2"
"果毅葛福顺","1","1","2"
"毅葛福顺李","1","1","2"
"葛福顺李仙","1","1","2"
"福顺李仙凫","1","1","2"
"宝昌寺僧普","1","1","2"
"昌寺僧普润","1","1","2"
"寺僧普润等","1","1","2"
"幽求等数十","1","1","2"
"求等数十人","1","1","2"
"羽林将军韦","1","1","2"
"林将军韦播","1","1","2"
"时太极殿前","1","1","2"
"臣议立皇太","1","1","2"
"议立皇太子","1","1","2"
"将军王毛仲","1","1","2"
"太仆少卿李","1","1","2"
"仆少卿李令","1","1","2"
"少卿李令问","1","1","2"
"果毅李守德","1","1","2"
"毅李守德等","1","1","2"
"李守德等亲","1","1","2"
"守德等亲信","1","1","2"
"德等亲信十","1","1","2"
"下五品上官","2","0","2"
"司三品上官","2","0","2"
"置右御史台","1","1","2"
"太常少卿唐","1","1","2"
"常少卿唐绍","1","1","2"
"开元神武皇","1","1","2"
"元神武皇帝","1","1","2"
"开元元年十","1","1","2"
"黄门监刘幽","1","1","2"
"门监刘幽求","1","1","2"
"门下侍郎卢","1","1","2"
"下侍郎卢怀","1","1","2"
"郎卢怀慎同","1","1","2"
"卢怀慎同紫","1","1","2"
"怀慎同紫微","1","1","2"
"慎同紫微黄","1","1","2"
"微令姚崇上","1","1","2"
"者二万余人","2","0","2"
"检校左卫大","1","1","2"
"校左卫大将","1","1","2"
"大将军薛讷","1","1","2"
"将军薛讷同","1","1","2"
"军薛讷同紫","1","1","2"
"薛讷同紫微","1","1","2"
"讷同紫微黄","1","1","2"
"紫微黄门三","1","1","2"
"微黄门三品","1","1","2"
"复置十道按","2","0","2"
"突厥默啜妹","1","1","2"
"火拔颉利发","1","1","2"
"拔颉利发石","1","1","2"
"颉利发石失","1","1","2"
"利发石失毕","1","1","2"
"左卫员外大","1","1","2"
"赵国公王琚","1","1","2"
"郇国公韦安","1","1","2"
"黄门监魏知","1","1","2"
"门监魏知古","1","1","2"
"珠玉锦绣等","1","1","2"
"玉锦绣等服","1","1","2"
"国公张仁愿","1","1","2"
"副将杜宾客","1","1","2"
"文馆学士柳","1","1","2"
"馆学士柳冲","1","1","2"
"左庶子刘子","1","1","2"
"庶子刘子玄","1","1","2"
"子刘子玄刊","1","1","2"
"刘子玄刊定","1","1","2"
"所带跨巾算","1","1","2"
"带跨巾算袋","1","1","2"
"遣使献方物","2","0","2"
"立郢王嗣谦","1","1","2"
"黄门侍郎卢","1","1","2"
"门侍郎卢怀","1","1","2"
"检校黄门监","1","1","2"
"工部尚书魏","1","1","2"
"部尚书魏知","1","1","2"
"尚书魏知古","1","1","2"
"十姓部落左","1","1","2"
"姓部落左厢","1","1","2"
"部落左厢五","1","1","2"
"落左厢五咄","1","1","2"
"左厢五咄六","1","1","2"
"厢五咄六啜","1","1","2"
"右厢五弩失","1","1","2"
"厢五弩失毕","1","1","2"
"五弩失毕五","1","1","2"
"弩失毕五俟","1","1","2"
"失毕五俟斤","1","1","2"
"丽莫离支高","1","1","2"
"莫离支高文","1","1","2"
"离支高文简","1","1","2"
"微令姚崇奏","1","1","2"
"令姚崇奏请","1","1","2"
"尚书李日知","1","1","2"
"入相州作乱","1","1","2"
"妹夫杨仙玉","1","1","2"
"夫杨仙玉殴","1","1","2"
"犯昭成皇后","1","1","2"
"昭成皇后谥","1","1","2"
"成皇后谥号","1","1","2"
"中山郡公李","1","1","2"
"三州大风拔","1","1","2"
"九姓拔曳固","1","1","2"
"姓拔曳固所","1","1","2"
"拔曳固所杀","1","1","2"
"子小杀继立","1","1","2"
"河北蝗虫大","1","1","2"
"太子詹事毕","1","1","2"
"子詹事毕构","1","1","2"
"葬睿宗大圣","1","1","2"
"睿宗大圣贞","1","1","2"
"宗大圣贞皇","1","1","2"
"十一月丁亥","2","0","2"
"尚书左丞源","1","1","2"
"书左丞源乾","1","1","2"
"左丞源乾曜","1","1","2"
"吏部尚书卢","1","1","2"
"部尚书卢怀","1","1","2"
"尚书卢怀慎","1","1","2"
"广平郡公宋","1","1","2"
"置营州都督","1","1","2"
"营州都督府","1","1","2"
"饶乐郡王大","1","1","2"
"皇帝第九子","1","1","2"
"帝第九子嗣","1","1","2"
"第九子嗣一","1","1","2"
"唐同泰伪造","1","1","2"
"巩县暴雨连","1","1","2"
"县暴雨连月","1","1","2"
"行二铢四分","1","1","2"
"将作大匠韦","1","1","2"
"作大匠韦凑","1","1","2"
"大匠韦凑上","1","1","2"
"嵩山隐士卢","1","1","2"
"山隐士卢鸿","1","1","2"
"孝敬哀皇后","1","1","2"
"漠郡王李失","1","1","2"
"郡王李失活","1","1","2"
"故侍中桓彦","1","1","2"
"中桓彦范敬","1","1","2"
"桓彦范敬晖","1","1","2"
"部尚书张柬","1","1","2"
"故特进崔玄","1","1","2"
"故中书令袁","1","1","2"
"故司空苏瑰","1","1","2"
"故左丞相太","1","1","2"
"左丞相太子","1","1","2"
"丞相太子少","1","1","2"
"相太子少保","1","1","2"
"郴州刺史刘","1","1","2"
"州刺史刘幽","1","1","2"
"刺史刘幽求","1","1","2"
"七庙元皇帝","1","1","2"
"一人五品京","1","1","2"
"人五品京官","1","1","2"
"传国八玺依","1","1","2"
"国八玺依旧","1","1","2"
"八玺依旧改","1","1","2"
"玺依旧改称","1","1","2"
"郡王大祚荣","1","1","2"
"王大祚荣死","1","1","2"
"仪同三司王","1","1","2"
"同三司王仁","1","1","2"
"三司王仁皎","1","1","2"
"馆雠校书郎","1","1","2"
"雠校书郎官","1","1","2"
"校书郎官员","1","1","2"
"正月甲子朔","2","0","2"
"皇太子谒太","2","0","2"
"太子谒太庙","2","0","2"
"百官太极殿","2","0","2"
"百六十一户","1","1","2"
"八百一十五","1","1","2"
"百一十五人","1","1","2"
"一百四十八","1","1","2"
"百四十八人","1","1","2"
"凉州都督杨","1","1","2"
"州都督杨敬","1","1","2"
"都督杨敬述","1","1","2"
"蒲州河中府","2","0","2"
"死罪减一等","2","0","2"
"升坛行事官","1","1","2"
"坛行事官三","1","1","2"
"行事官三品","1","1","2"
"部尚书张说","1","1","2"
"张说中书令","2","0","2"
"置军器监官","1","1","2"
"新丰温泉宫","2","0","2"
"大将军内侍","2","0","2"
"将军内侍杨","2","0","2"
"军内侍杨思","2","0","2"
"遣御史中丞","2","0","2"
"御史中丞蒋","1","1","2"
"史中丞蒋钦","1","1","2"
"中丞蒋钦绪","1","1","2"
"丞蒋钦绪等","1","1","2"
"皇太子嗣谦","1","1","2"
"太子嗣谦改","1","1","2"
"子嗣谦改名","1","1","2"
"郯王嗣直改","1","1","2"
"王嗣直改名","1","1","2"
"嗣直改名潭","1","1","2"
"王嗣真改名","1","1","2"
"嗣真改名洽","1","1","2"
"御史大夫程","1","1","2"
"史大夫程行","1","1","2"
"王处贞等二","1","1","2"
"处贞等二十","1","1","2"
"贞等二十三","1","1","2"
"等二十三人","1","1","2"
"开元二年二","1","1","2"
"二年二月五","1","1","2"
"年二月五日","1","1","2"
"改封契丹松","1","1","2"
"封契丹松漠","1","1","2"
"漠郡王李召","1","1","2"
"郡王李召固","1","1","2"
"奚饶乐郡王","1","1","2"
"饶乐郡王李","1","1","2"
"乐郡王李鲁","1","1","2"
"郡王李鲁苏","1","1","2"
"二月庚戌朔","2","0","2"
"遣骠骑大将","2","0","2"
"契丹李召固","1","1","2"
"夏四月癸丑","2","0","2"
"夫崔隐甫弹","1","1","2"
"部侍郎李元","1","1","2"
"州租船数百","1","1","2"
"租船数百艘","1","1","2"
"碛西副大都","1","1","2"
"副大都护杜","1","1","2"
"大都护杜暹","1","1","2"
"丞宇文融检","1","1","2"
"十一月甲戌","2","0","2"
"破吐蕃青海","2","0","2"
"监门将军黎","1","1","2"
"门将军黎敬","1","1","2"
"将军黎敬仁","1","1","2"
"书右丞相张","1","1","2"
"右丞相张说","1","1","2"
"迁魏州刺史","2","0","2"
"损居人庐舍","2","0","2"
"河西诸军节","1","1","2"
"西诸军节度","1","1","2"
"朔方节度大","1","1","2"
"方节度大使","1","1","2"
"太原冀北牧","1","1","2"
"河北诸军节","1","1","2"
"北诸军节度","1","1","2"
"河北节度大","1","1","2"
"北节度大使","1","1","2"
"五府节度大","1","1","2"
"府节度大使","1","1","2"
"卢军节度大","1","1","2"
"同州冯翊县","1","1","2"
"吐蕃寇瓜州","2","0","2"
"刺史田元献","1","1","2"
"突厥毗伽汗","2","0","2"
"突骑施苏禄","1","1","2"
"尚书萧嵩判","1","1","2"
"书萧嵩判凉","1","1","2"
"萧嵩判凉州","1","1","2"
"嵩判凉州事","1","1","2"
"六十三州水","1","1","2"
"泷州刺史陈","1","1","2"
"州刺史陈行","1","1","2"
"刺史陈行范","1","1","2"
"骑大将军杨","1","1","2"
"大将军杨思","1","1","2"
"靺鞨遣使朝","2","0","2"
"鄯州都督张","1","1","2"
"州都督张志","1","1","2"
"都督张志亮","1","1","2"
"督张志亮攻","1","1","2"
"新罗王金兴","1","1","2"
"罗王金兴光","1","1","2"
"遣使贡方物","2","0","2"
"斩首五千级","1","1","2"
"十一月癸巳","2","0","2"
"一月癸巳朔","2","0","2"
"凉州事萧嵩","1","1","2"
"巂州都督张","2","0","2"
"督张审素攻","1","1","2"
"张审素攻破","1","1","2"
"审素攻破蛮","1","1","2"
"复尚书左丞","2","0","2"
"同州刺史陆","1","1","2"
"州刺史陆象","1","1","2"
"刺史陆象先","1","1","2"
"夏四月癸亥","2","0","2"
"散骑常侍徐","1","1","2"
"骑常侍徐坚","1","1","2"
"尚书张嘉贞","1","1","2"
"廨宇居人庐","2","0","2"
"宇居人庐舍","2","0","2"
"十月戊午朔","2","0","2"
"太子宾客元","1","1","2"
"子宾客元行","1","1","2"
"宾客元行冲","1","1","2"
"三府兵马供","1","1","2"
"五品上清官","2","0","2"
"上清官父母","1","1","2"
"幸薛王业宅","2","0","2"
"州县上中下","1","1","2"
"县上中下户","1","1","2"
"上中下户口","1","1","2"
"筑京城外郭","1","1","2"
"京城外郭城","1","1","2"
"春明门外宁","1","1","2"
"明门外宁王","1","1","2"
"门外宁王宪","1","1","2"
"上御花萼楼","2","0","2"
"奚王李鲁苏","1","1","2"
"妻东华公主","1","1","2"
"东华公主陈","1","1","2"
"华公主陈氏","1","1","2"
"鲁苏妻东光","1","1","2"
"苏妻东光公","1","1","2"
"妻东光公主","1","1","2"
"东光公主韦","1","1","2"
"光公主韦氏","1","1","2"
"幽州长史赵","1","1","2"
"州长史赵含","1","1","2"
"长史赵含章","1","1","2"
"史赵含章率","1","1","2"
"命左右丞相","1","1","2"
"千秋节百官","1","1","2"
"秋节百官献","1","1","2"
"上赋八韵诗","1","1","2"
"丰州刺史袁","1","1","2"
"州刺史袁振","1","1","2"
"华州父老累","1","1","2"
"上尊号内请","1","1","2"
"尊号内请加","1","1","2"
"号内请加圣","1","1","2"
"内请加圣文","1","1","2"
"请加圣文两","1","1","2"
"加圣文两字","1","1","2"
"公王毛仲贬","1","1","2"
"鸿胪卿崔琳","1","1","2"
"胪卿崔琳入","1","1","2"
"卿崔琳入吐","1","1","2"
"崔琳入吐蕃","1","1","2"
"兴庆宫龙池","1","1","2"
"府春秋二时","1","1","2"
"置太公尚父","1","1","2"
"太公尚父庙","1","1","2"
"太子少傅源","1","1","2"
"子少傅源乾","1","1","2"
"少傅源乾曜","1","1","2"
"制使监察御","1","1","2"
"使监察御史","1","1","2"
"部尚书李嵩","1","1","2"
"幽州道副总","1","1","2"
"州道副总管","1","1","2"
"道副总管郭","1","1","2"
"副总管郭英","1","1","2"
"总管郭英杰","1","1","2"
"管郭英杰等","1","1","2"
"郭英杰等讨","1","1","2"
"命太子少保","1","1","2"
"太子少保陆","1","1","2"
"子少保陆象","1","1","2"
"少保陆象先","1","1","2"
"尚书杜暹等","1","1","2"
"书杜暹等七","1","1","2"
"杜暹等七人","1","1","2"
"下死罪降流","2","0","2"
"书右丞相宋","1","1","2"
"太府卿严挺","1","1","2"
"部侍郎裴宽","1","1","2"
"书舍人裴敦","1","1","2"
"舍人裴敦复","1","1","2"
"人裴敦复巡","1","1","2"
"置十道采访","1","1","2"
"十道采访处","1","1","2"
"道采访处置","1","1","2"
"眉州鼎皇山","1","1","2"
"州鼎皇山下","1","1","2"
"鼎皇山下江","1","1","2"
"皇山下江水","1","1","2"
"山下江水中","1","1","2"
"北庭都护刘","1","1","2"
"庭都护刘涣","1","1","2"
"都护刘涣谋","1","1","2"
"护刘涣谋反","1","1","2"
"关中大风拔","1","1","2"
"遣左金吾将","1","1","2"
"吐蕃分界立","1","1","2"
"蕃分界立碑","1","1","2"
"河南开稻田","1","1","2"
"南开稻田使","1","1","2"
"河南转运使","1","1","2"
"改饶乐都督","1","1","2"
"饶乐都督府","1","1","2"
"奉诚都督府","1","1","2"
"移登州平海","1","1","2"
"登州平海军","1","1","2"
"司农卿陈思","1","1","2"
"农卿陈思问","1","1","2"
"幽州长史张","1","1","2"
"州长史张守","1","1","2"
"酋长李过折","1","1","2"
"朝集采访使","1","1","2"
"集采访使三","1","1","2"
"采访使三品","1","1","2"
"侍御史杨万","1","1","2"
"御史杨万顷","1","1","2"
"兴庆宫建龙","1","1","2"
"庆宫建龙池","1","1","2"
"安西拨换城","1","1","2"
"二十四年春","1","1","2"
"护盖嘉运率","1","1","2"
"盖嘉运率兵","1","1","2"
"京兆醴泉妖","1","1","2"
"兆醴泉妖人","1","1","2"
"醴泉妖人刘","1","1","2"
"泉妖人刘志","1","1","2"
"妖人刘志诚","1","1","2"
"人刘志诚率","1","1","2"
"咸阳官吏烧","1","1","2"
"阳官吏烧便","1","1","2"
"官吏烧便桥","1","1","2"
"太子太保陆","1","1","2"
"子太保陆象","1","1","2"
"太保陆象先","1","1","2"
"天皇后武氏","1","1","2"
"鹰扬府队正","1","1","2"
"迁工部尚书","2","0","2"
"武昭仪争宠","1","1","2"
"嗣圣元年春","1","1","2"
"圣元年春正","1","1","2"
"迁庐陵王哲","2","0","2"
"置右肃政御","1","1","2"
"肃政御史台","1","1","2"
"政御史台官","1","1","2"
"柳州司马徐","1","1","2"
"州司马徐敬","1","1","2"
"司马徐敬业","1","1","2"
"杀长史陈敬","1","1","2"
"楚州司马李","1","1","2"
"州司马李崇","1","1","2"
"司马李崇福","1","1","2"
"马李崇福率","1","1","2"
"杀内史裴炎","1","1","2"
"前中书令薛","1","1","2"
"中书令薛元","1","1","2"
"书令薛元超","1","1","2"
"垂拱元年春","1","1","2"
"拱元年春正","1","1","2"
"庐陵王哲房","2","0","2"
"陵王哲房州","2","0","2"
"司府卿欧阳","1","1","2"
"府卿欧阳通","1","1","2"
"冬官侍郎狄","1","1","2"
"官侍郎狄仁","1","1","2"
"侍郎狄仁杰","1","1","2"
"郎狄仁杰巡","1","1","2"
"王武承嗣伪","1","1","2"
"武承嗣伪造","1","1","2"
"令雍州人唐","1","1","2"
"雍州人唐同","1","1","2"
"州人唐同泰","1","1","2"
"吾大将军丘","1","1","2"
"大将军丘神","1","1","2"
"行军总管讨","1","1","2"
"父豫州刺史","1","1","2"
"内史岑长倩","1","1","2"
"阁侍郎张光","1","1","2"
"侍郎张光辅","1","1","2"
"崇裕率兵讨","1","1","2"
"元嘉子黄国","1","1","2"
"嘉子黄国公","1","1","2"
"灵夔子左散","1","1","2"
"夔子左散骑","1","1","2"
"子左散骑常","1","1","2"
"散骑常侍范","1","1","2"
"骑常侍范阳","1","1","2"
"常侍范阳王","1","1","2"
"侍范阳王蔼","1","1","2"
"子江都王绪","1","1","2"
"故虢王元凤","1","1","2"
"虢王元凤子","1","1","2"
"王元凤子东","1","1","2"
"元凤子东莞","1","1","2"
"凤子东莞公","1","1","2"
"子东莞公融","1","1","2"
"宗室诸王相","1","1","2"
"室诸王相继","1","1","2"
"受天授圣图","1","1","2"
"永昌元年春","1","1","2"
"昌元年春正","1","1","2"
"内史张光辅","1","1","2"
"纳言魏玄同","1","1","2"
"改羽林军百","1","1","2"
"杀随州刺史","1","1","2"
"随州刺史泽","1","1","2"
"州刺史泽王","1","1","2"
"刺史泽王上","1","1","2"
"史泽王上金","1","1","2"
"舒州刺史许","1","1","2"
"州刺史许王","1","1","2"
"刺史许王素","1","1","2"
"史许王素节","1","1","2"
"加尊号曰圣","1","1","2"
"号曰圣神皇","1","1","2"
"曰圣神皇帝","1","1","2"
"立武氏七庙","1","1","2"
"令史务滋等","1","1","2"
"史务滋等十","1","1","2"
"务滋等十人","1","1","2"
"滋等十人分","1","1","2"
"等十人分道","1","1","2"
"尚方监裴匪","1","1","2"
"方监裴匪躬","1","1","2"
"上加金轮圣","1","1","2"
"加金轮圣神","1","1","2"
"司宾少卿姚","1","1","2"
"王武三思劝","1","1","2"
"钦州南宾县","1","1","2"
"州南宾县尉","1","1","2"
"证圣元年春","1","1","2"
"圣元年春一","1","1","2"
"元年春一月","1","1","2"
"上加尊号曰","1","1","2"
"加尊号曰慈","1","1","2"
"尊号曰慈氏","1","1","2"
"号曰慈氏越","1","1","2"
"曰慈氏越古","1","1","2"
"慈氏越古金","1","1","2"
"氏越古金轮","1","1","2"
"登封元年腊","1","1","2"
"封元年腊月","1","1","2"
"百姓复二年","2","0","2"
"鹰扬将军曹","1","1","2"
"扬将军曹仁","1","1","2"
"将军曹仁师","1","1","2"
"吾大将军张","1","1","2"
"大将军张玄","1","1","2"
"将军张玄遇","1","1","2"
"右武威大将","1","1","2"
"武威大将军","1","1","2"
"威大将军李","1","1","2"
"司农少卿麻","1","1","2"
"农少卿麻仁","1","1","2"
"少卿麻仁节","1","1","2"
"卿麻仁节等","1","1","2"
"麻仁节等二","1","1","2"
"仁节等二十","1","1","2"
"节等二十八","1","1","2"
"都督许钦明","1","1","2"
"侍郎孙元亨","1","1","2"
"綦连耀谋反","1","1","2"
"苏宏晖等率","1","1","2"
"宏晖等率兵","1","1","2"
"晖等率兵十","1","1","2"
"等率兵十八","1","1","2"
"率兵十八万","1","1","2"
"契丹李尽灭","1","1","2"
"丹李尽灭等","1","1","2"
"圣历元年正","1","1","2"
"历元年正月","1","1","2"
"厥默啜上言","2","0","2"
"令淮阳王武","1","1","2"
"遣右豹韬卫","1","1","2"
"右豹韬卫大","1","1","2"
"豹韬卫大将","1","1","2"
"韬卫大将军","1","1","2"
"卫大将军阎","1","1","2"
"大将军阎知","1","1","2"
"将军阎知微","1","1","2"
"司属卿高平","1","1","2"
"属卿高平王","1","1","2"
"卿高平王重","1","1","2"
"高平王重规","1","1","2"
"幽州都督张","1","1","2"
"州都督张仁","1","1","2"
"默啜攻陷定","1","1","2"
"啜攻陷定州","1","1","2"
"刺史孙彦高","1","1","2"
"默啜攻陷赵","1","1","2"
"啜攻陷赵州","1","1","2"
"置控鹤府官","1","1","2"
"控鹤府官员","1","1","2"
"定王武攸宁","1","1","2"
"王武攸宁等","1","1","2"
"金轮等尊号","1","1","2"
"甥凤阁鸾台","1","1","2"
"台平章事李","1","1","2"
"平章事李峤","1","1","2"
"大足元年春","1","1","2"
"足元年春正","1","1","2"
"阁侍郎张锡","1","1","2"
"吾大将军唐","1","1","2"
"大将军唐休","1","1","2"
"子右庶子魏","1","1","2"
"右庶子魏元","1","1","2"
"庶子魏元忠","1","1","2"
"天官侍郎崔","1","1","2"
"官侍郎崔玄","1","1","2"
"麟台监张易","1","1","2"
"右羽林军桓","1","1","2"
"羽林军桓彦","1","1","2"
"林军桓彦范","1","1","2"
"上传皇帝位","1","1","2"
"皇帝上尊号","1","1","2"
"帝上尊号曰","1","1","2"
"曰天大圣皇","2","0","2"
"天大圣皇帝","1","1","2"
"肃宗文明武","1","1","2"
"宗文明武德","1","1","2"
"河北道元帅","1","1","2"
"京兆尹裴伷","2","0","2"
"兆尹裴伷先","2","0","2"
"先等八总管","1","1","2"
"诸将大破奚","1","1","2"
"二十六年六","1","1","2"
"十六年六月","1","1","2"
"上召李林甫","1","1","2"
"召李林甫议","1","1","2"
"召河西节度","1","1","2"
"皇太子前锋","1","1","2"
"太子前锋兵","1","1","2"
"子前锋兵马","1","1","2"
"前锋兵马元","1","1","2"
"夜奔驰三百","1","1","2"
"斩新平太守","1","1","2"
"新平太守薛","1","1","2"
"平太守薛羽","1","1","2"
"保定太守徐","1","1","2"
"彭原太守李","1","1","2"
"原太守李遵","1","1","2"
"太守李遵谒","1","1","2"
"守李遵谒见","1","1","2"
"率兵士奉迎","1","1","2"
"扶风人康景","1","1","2"
"风人康景龙","1","1","2"
"人康景龙杀","1","1","2"
"康景龙杀贼","1","1","2"
"景龙杀贼宣","1","1","2"
"龙杀贼宣慰","1","1","2"
"杀贼宣慰使","1","1","2"
"贼宣慰使薛","1","1","2"
"宣慰使薛总","1","1","2"
"慰使薛总等","1","1","2"
"使薛总等二","1","1","2"
"薛总等二百","1","1","2"
"等二百余人","2","0","2"
"令薛景仙率","1","1","2"
"朔方留后杜","1","1","2"
"方留后杜鸿","1","1","2"
"留后杜鸿渐","1","1","2"
"白草顿奉迎","1","1","2"
"时河西行军","1","1","2"
"军司马裴冕","1","1","2"
"时魏少游预","1","1","2"
"魏少游预备","1","1","2"
"岂乐哉公等","2","0","2"
"乐哉公等何","2","0","2"
"上千万岁寿","2","0","2"
"霍国长公主","1","1","2"
"永王妃侯莫","1","1","2"
"王妃侯莫陈","1","1","2"
"妃侯莫陈氏","1","1","2"
"义王妃阎氏","1","1","2"
"陈王妃韦氏","1","1","2"
"信王妃任氏","1","1","2"
"贼党同罗部","2","0","2"
"部五千余人","1","1","2"
"长安令苏震","1","1","2"
"安令苏震等","1","1","2"
"令苏震等率","1","1","2"
"遣左相韦见","1","1","2"
"文部尚书房","1","1","2"
"部尚书房琯","2","0","2"
"郎崔涣等奉","2","0","2"
"令仆固怀恩","1","1","2"
"仆固怀恩送","1","1","2"
"固怀恩送承","1","1","2"
"官边令诚背","1","1","2"
"斩潼关败将","1","1","2"
"潼关败将李","1","1","2"
"关败将李承","1","1","2"
"败将李承光","1","1","2"
"书王思礼副","2","0","2"
"破贼党同罗","1","1","2"
"彭原郡百姓","1","1","2"
"江陵大都督","1","1","2"
"陵大都督府","1","1","2"
"大都督府永","1","1","2"
"都督府永王","1","1","2"
"载春正月庚","2","0","2"
"纳回纥公主","1","1","2"
"回纥叶护太","1","1","2"
"纥叶护太子","1","1","2"
"太子率兵四","1","1","2"
"子率兵四千","1","1","2"
"广平王收西","2","0","2"
"平王收西京","2","0","2"
"郭子仪等进","1","1","2"
"子仪等进攻","1","1","2"
"等三百余人","1","1","2"
"太子太师韦","1","1","2"
"子太师韦见","1","1","2"
"太师韦见素","1","1","2"
"师韦见素入","1","1","2"
"韦见素入蜀","1","1","2"
"见素入蜀迎","1","1","2"
"入居大明宫","1","1","2"
"成九庙神主","1","1","2"
"望贤宫奉迎","1","1","2"
"相苗晋卿率","1","1","2"
"臣太子太师","1","1","2"
"豳国公韦见","1","1","2"
"齐国公高力","1","1","2"
"国公高力士","1","1","2"
"右仆射裴冕","1","1","2"
"殿中监李辅","1","1","2"
"中监李辅国","1","1","2"
"郭子仪加司","2","0","2"
"子仪加司徒","2","0","2"
"近日所改百","1","1","2"
"日所改百司","1","1","2"
"上皇御宣政","2","0","2"
"皇御宣政殿","2","0","2"
"贼将伪范阳","1","1","2"
"将伪范阳节","1","1","2"
"阳节度使史","1","1","2"
"节度使史思","1","1","2"
"度使史思明","1","1","2"
"东节度使高","1","1","2"
"节度使高秀","1","1","2"
"度使高秀岩","1","1","2"
"陈希烈等七","1","1","2"
"希烈等七人","1","1","2"
"大理卿张均","1","1","2"
"理卿张均特","1","1","2"
"正月甲戌朔","2","0","2"
"帝尊号曰光","1","1","2"
"尊号曰光天","1","1","2"
"号曰光天文","1","1","2"
"曰光天文武","1","1","2"
"光天文武大","1","1","2"
"天文武大圣","1","1","2"
"文武大圣孝","1","1","2"
"武大圣孝感","1","1","2"
"大圣孝感皇","1","1","2"
"圣孝感皇帝","1","1","2"
"二月癸卯朔","2","0","2"
"贼将伪淄青","1","1","2"
"将伪淄青节","1","1","2"
"伪淄青节度","1","1","2"
"河北招讨使","1","1","2"
"上皇徽号曰","1","1","2"
"皇徽号曰太","1","1","2"
"徽号曰太上","1","1","2"
"道圣皇大帝","1","1","2"
"例减罪一等","1","1","2"
"取承宁坊张","1","1","2"
"承宁坊张守","1","1","2"
"补官员六十","1","1","2"
"官员六十人","1","1","2"
"荆州长史季","1","1","2"
"州长史季广","1","1","2"
"长史季广琛","1","1","2"
"赴河南行营","1","1","2"
"河南行营会","1","1","2"
"中书令崔圆","1","1","2"
"六月辛丑朔","2","0","2"
"置太一神坛","1","1","2"
"吐火罗叶护","1","1","2"
"赴朔方行营","1","1","2"
"曰乾元重宝","1","1","2"
"开元通宝同","1","1","2"
"公主降回纥","2","0","2"
"回纥英武威","1","1","2"
"纥英武威远","1","1","2"
"英武威远毗","1","1","2"
"武威远毗伽","1","1","2"
"子仪中书令","1","1","2"
"思礼兵部尚","1","1","2"
"礼兵部尚书","1","1","2"
"林大将军赵","1","1","2"
"虢三州节度","1","1","2"
"贝州刺史能","1","1","2"
"郓等州防御","1","1","2"
"讨安庆绪相","2","0","2"
"波斯国兵众","1","1","2"
"斯国兵众攻","1","1","2"
"刺史韦利见","1","1","2"
"史韦利见弃","1","1","2"
"韦利见弃城","1","1","2"
"郭子仪奏破","2","0","2"
"滑州妇人唐","1","1","2"
"州妇人唐四","1","1","2"
"妇人唐四娘","1","1","2"
"州妇人王二","1","1","2"
"妇人王二娘","1","1","2"
"赴相州行营","1","1","2"
"处置节度使","1","1","2"
"刺史崔光远","1","1","2"
"春正月己巳","2","0","2"
"正月己巳朔","2","0","2"
"受尊号曰乾","1","1","2"
"尊号曰乾元","1","1","2"
"号曰乾元大","1","1","2"
"曰乾元大圣","1","1","2"
"文武孝感皇","1","1","2"
"武孝感皇帝","1","1","2"
"史中丞崔寓","1","1","2"
"中丞崔寓都","1","1","2"
"丞崔寓都统","1","1","2"
"崔寓都统浙","1","1","2"
"寓都统浙江","1","1","2"
"淮南节度处","1","1","2"
"南节度处置","1","1","2"
"节度处置使","1","1","2"
"怀州北庭行","1","1","2"
"州北庭行营","1","1","2"
"虢国公李嗣","1","1","2"
"国公李嗣业","1","1","2"
"子少师崔圆","1","1","2"
"少师崔圆充","1","1","2"
"加皇后张氏","1","1","2"
"皇后张氏尊","1","1","2"
"后张氏尊号","1","1","2"
"张氏尊号曰","1","1","2"
"氏尊号曰翊","1","1","2"
"尊号曰翊圣","1","1","2"
"贬东京留守","1","1","2"
"遣侍中苗晋","1","1","2"
"相州行营郭","1","1","2"
"州行营郭子","1","1","2"
"行营郭子仪","1","1","2"
"营郭子仪等","1","1","2"
"郭子仪等贼","2","0","2"
"子仪断河阳","1","1","2"
"仪断河阳桥","1","1","2"
"卫尉卿荔非","1","1","2"
"尉卿荔非元","1","1","2"
"卿荔非元礼","1","1","2"
"兵部侍郎吕","1","1","2"
"子宾客薛景","1","1","2"
"宾客薛景仙","1","1","2"
"本府防御使","1","1","2"
"中苗晋卿太","2","0","2"
"河南等道节","1","1","2"
"南等道节度","1","1","2"
"防御兵马元","1","1","2"
"御兵马元帅","1","1","2"
"四月丁酉朔","2","0","2"
"潞城县东直","1","1","2"
"城县东直千","1","1","2"
"县东直千岭","1","1","2"
"李光弼奏破","2","0","2"
"光弼奏破贼","2","0","2"
"依前平章事","2","0","2"
"商州刺史韦","1","1","2"
"州刺史韦伦","1","1","2"
"神策将军卫","1","1","2"
"策将军卫伯","1","1","2"
"将军卫伯玉","1","1","2"
"陕东强子坂","1","1","2"
"御史大夫史","1","1","2"
"坊两道节度","1","1","2"
"子少保崔光","1","1","2"
"少保崔光远","1","1","2"
"秦陇节度使","1","1","2"
"京兆尹李若","1","1","2"
"兆尹李若幽","1","1","2"
"斗一千五百","1","1","2"
"一千五百文","1","1","2"
"节度使史翙","2","0","2"
"部将张维瑾","1","1","2"
"瑱襄州刺史","2","0","2"
"林大将军郭","1","1","2"
"大将军郭英","1","1","2"
"英乂陕州刺","2","0","2"
"乂陕州刺史","2","0","2"
"四月辛酉朔","2","0","2"
"河西节度大","1","1","2"
"北庭节度大","1","1","2"
"庭节度大使","1","1","2"
"陕西节度大","1","1","2"
"凤翔节度大","1","1","2"
"翔节度大使","1","1","2"
"宁节度大使","1","1","2"
"太原尹王思","1","1","2"
"原尹王思礼","1","1","2"
"追封周太公","1","1","2"
"散骑常侍韩","1","1","2"
"骑常侍韩择","1","1","2"
"常侍韩择木","1","1","2"
"门下三品吕","1","1","2"
"河南尹刘晏","1","1","2"
"七月己丑朔","2","0","2"
"兴庆宫移居","1","1","2"
"开府高力士","1","1","2"
"内侍王承恩","1","1","2"
"侍王承恩流","1","1","2"
"部尚书韦陟","1","1","2"
"五州节度观","2","0","2"
"将作监王昂","1","1","2"
"庐州刺史赵","1","1","2"
"州刺史赵良","1","1","2"
"刺史赵良弼","1","1","2"
"浙江东道节","1","1","2"
"江东道节度","1","1","2"
"青州刺史殷","1","1","2"
"州刺史殷仲","1","1","2"
"刺史殷仲卿","1","1","2"
"德棣等州节","2","0","2"
"兵部侍郎尚","1","1","2"
"部侍郎尚衡","1","1","2"
"扬州长史邓","1","1","2"
"州长史邓景","1","1","2"
"长史邓景山","1","1","2"
"大将军李鼎","1","1","2"
"皇后张氏刺","1","1","2"
"平卢军兵马","1","1","2"
"卢军兵马使","1","1","2"
"军兵马使田","1","1","2"
"兵马使田神","1","1","2"
"马使田神功","1","1","2"
"刺史萧忄曳","1","1","2"
"下三品李揆","1","1","2"
"三品李揆贬","1","1","2"
"驸马都尉杨","1","1","2"
"马都尉杨洄","1","1","2"
"青州刺史尚","1","1","2"
"梓州刺史段","1","1","2"
"州刺史段子","1","1","2"
"刺史段子璋","1","1","2"
"史段子璋叛","1","1","2"
"刺史嗣虢王","1","1","2"
"伪将滑州刺","1","1","2"
"将滑州刺史","1","1","2"
"滑州刺史令","1","1","2"
"刺史令狐彰","1","1","2"
"使崔光远率","1","1","2"
"充河南副元","2","0","2"
"山南东道五","1","1","2"
"南东道五道","1","1","2"
"东道五道行","1","1","2"
"道五道行营","1","1","2"
"五道行营节","1","1","2"
"宗正卿李齐","1","1","2"
"正卿李齐物","1","1","2"
"六月癸丑朔","2","0","2"
"节度营田等","2","0","2"
"度营田等使","2","0","2"
"中官李辅国","2","0","2"
"殿中监李若","1","1","2"
"中监李若幽","1","1","2"
"郑等州节度","1","1","2"
"文武孝感等","1","1","2"
"本管节度观","1","1","2"
"管节度观察","1","1","2"
"度观察等事","1","1","2"
"沔等十六州","1","1","2"
"等十六州节","1","1","2"
"十六州节度","1","1","2"
"刺史李勉弃","1","1","2"
"徐国公萧华","1","1","2"
"楚州刺史崔","1","1","2"
"献定国宝玉","1","1","2"
"定国宝玉十","1","1","2"
"国宝玉十三","1","1","2"
"宝玉十三枚","1","1","2"
"一曰玄黄天","1","1","2"
"曰玄黄天符","1","1","2"
"四曰西王母","1","1","2"
"长一寸二分","1","1","2"
"十一曰皇后","1","1","2"
"一曰皇后采","1","1","2"
"曰皇后采桑","1","1","2"
"皇后采桑钩","1","1","2"
"楚州寺尼真","1","1","2"
"道圣皇天帝","1","1","2"
"西内神龙殿","1","1","2"
"建巳月四月","1","1","2"
"宝应二年三","1","1","2"
"应二年三月","1","1","2"
"东都上阳宫","1","1","2"
"上天下兵马","2","0","2"
"回纥叶护王","1","1","2"
"宝应元年四","1","1","2"
"应元年四月","1","1","2"
"皇帝位柩前","2","0","2"
"判元帅行军","2","0","2"
"飞龙闲厩副","1","1","2"
"龙闲厩副使","1","1","2"
"闲厩副使程","1","1","2"
"厩副使程元","1","1","2"
"副使程元振","1","1","2"
"五月己卯朔","2","0","2"
"适改封雍王","1","1","2"
"山陵使裴冕","1","1","2"
"陵使裴冕贬","1","1","2"
"贬施州刺史","2","0","2"
"御史大夫尚","1","1","2"
"史大夫尚衡","1","1","2"
"秘书监韩颖","1","1","2"
"书舍人刘烜","2","0","2"
"冬十月辛酉","2","0","2"
"诏天下兵马","1","1","2"
"兵马元帅雍","1","1","2"
"马元帅雍王","1","1","2"
"元帅雍王统","1","1","2"
"回纥等兵十","1","1","2"
"西节度使郭","1","1","2"
"节度使张忠","1","1","2"
"度使张忠志","1","1","2"
"姓名曰李宝","1","1","2"
"名曰李宝臣","1","1","2"
"十二月庚戌","2","0","2"
"都统淮南节","1","1","2"
"统淮南节度","1","1","2"
"京兆尹刘晏","1","1","2"
"襄州右兵马","1","1","2"
"州右兵马使","1","1","2"
"使梁崇义杀","1","1","2"
"梁崇义杀大","1","1","2"
"崇义杀大将","1","1","2"
"义杀大将李","1","1","2"
"杀大将李昭","1","1","2"
"崇义襄州刺","1","1","2"
"义襄州刺史","1","1","2"
"节度使王仲","1","1","2"
"度使王仲升","1","1","2"
"观军容使鱼","1","1","2"
"军容使鱼朝","1","1","2"
"容使鱼朝恩","1","1","2"
"上尊号曰宝","1","1","2"
"尊号曰宝应","1","1","2"
"号曰宝应元","1","1","2"
"曰宝应元圣","1","1","2"
"宝应元圣文","1","1","2"
"应元圣文武","1","1","2"
"元圣文武皇","1","1","2"
"史思明亲族","1","1","2"
"思明亲族应","1","1","2"
"九月壬戌朔","2","0","2"
"十月庚午朔","2","0","2"
"高晖引吐蕃","1","1","2"
"射生将王献","1","1","2"
"生将王献忠","1","1","2"
"将王献忠率","1","1","2"
"王献忠率四","1","1","2"
"献忠率四百","1","1","2"
"忠率四百骑","1","1","2"
"立广武王承","1","1","2"
"六军使张知","1","1","2"
"军使张知节","1","1","2"
"孙全绪等率","1","1","2"
"全绪等率兵","1","1","2"
"旧将王甫诱","1","1","2"
"将王甫诱聚","1","1","2"
"子仪收京城","2","0","2"
"吏部侍郎严","1","1","2"
"部侍郎严武","1","1","2"
"第五琦京兆","2","0","2"
"五琦京兆尹","2","0","2"
"李伯越所杀","1","1","2"
"请斩谢天下","2","0","2"
"平章事裴遵","1","1","2"
"章事裴遵庆","1","1","2"
"庆太子少傅","2","0","2"
"放广武王承","1","1","2"
"营节度使仆","1","1","2"
"江陵府安置","1","1","2"
"置京畿观察","1","1","2"
"郎第五琦专","1","1","2"
"尚书令雍王","1","1","2"
"书令雍王三","1","1","2"
"置常平仓使","1","1","2"
"常平仓使司","1","1","2"
"令郭子仪充","1","1","2"
"河中等处观","1","1","2"
"中等处观察","1","1","2"
"云州大都督","1","1","2"
"上亲荐献太","2","0","2"
"亲荐献太清","2","0","2"
"荐献太清宫","2","0","2"
"置散骑常侍","1","1","2"
"散骑常侍四","1","1","2"
"镇北副大都","1","1","2"
"充朔方节度","2","0","2"
"诸蕃部落副","1","1","2"
"蕃部落副大","1","1","2"
"部落副大使","1","1","2"
"大宁郡王仆","1","1","2"
"宁郡王仆固","1","1","2"
"郡王仆固怀","1","1","2"
"王仆固怀恩","1","1","2"
"镇北副元帅","1","1","2"
"临淮王李光","1","1","2"
"淮王李光弼","1","1","2"
"李光弼薨徐","2","0","2"
"光弼薨徐州","2","0","2"
"持节都统河","2","0","2"
"东道节度行","1","1","2"
"道节度行营","1","1","2"
"进封太原郡","2","0","2"
"封太原郡公","2","0","2"
"宰相杜鸿渐","1","1","2"
"节度使崔寓","1","1","2"
"斗值一千文","1","1","2"
"洪州刺史张","1","1","2"
"州刺史张镐","1","1","2"
"朔方招抚使","1","1","2"
"尚书左丞杨","1","1","2"
"书左丞杨绾","1","1","2"
"子詹事李岘","1","1","2"
"观农宣慰使","1","1","2"
"节度使白孝","1","1","2"
"度使白孝德","1","1","2"
"河南尹苏震","1","1","2"
"吐蕃盐川城","1","1","2"
"河中副元帅","1","1","2"
"宰臣百僚送","2","0","2"
"仆射郭英乂","2","0","2"
"二百九十三","1","1","2"
"百九十三万","1","1","2"
"九十三万三","1","1","2"
"十三万三千","1","1","2"
"三万三千一","1","1","2"
"万三千一百","1","1","2"
"三千一百二","1","1","2"
"千一百二十","1","1","2"
"一百二十五","1","1","2"
"口一千六百","1","1","2"
"六百九十二","1","1","2"
"百九十二万","1","1","2"
"九十二万三","1","1","2"
"十二万三百","1","1","2"
"二万三百八","1","1","2"
"万三百八十","1","1","2"
"三百八十六","1","1","2"
"年正月癸巳","2","0","2"
"太子少傅裴","1","1","2"
"子少傅裴遵","1","1","2"
"少傅裴遵庆","1","1","2"
"检校太子少","1","1","2"
"校太子少保","1","1","2"
"太子少保白","1","1","2"
"子少保白志","1","1","2"
"少保白志贞","1","1","2"
"工部尚书崔","1","1","2"
"部尚书崔涣","1","1","2"
"部侍郎李季","1","1","2"
"侍郎李季卿","1","1","2"
"泾王傅吴令","1","1","2"
"王傅吴令瑶","1","1","2"
"傅吴令瑶等","1","1","2"
"吴令瑶等十","1","1","2"
"令瑶等十三","1","1","2"
"瑶等十三人","1","1","2"
"凤翔李抱玉","2","0","2"
"同盟兴唐寺","2","0","2"
"吏部尚书严","1","1","2"
"部尚书严武","1","1","2"
"定襄郡王郭","1","1","2"
"襄郡王郭英","1","1","2"
"部尚书李岘","1","1","2"
"通州石鼓县","1","1","2"
"七月辛卯朔","2","0","2"
"青节度使侯","1","1","2"
"节度使侯希","1","1","2"
"度使侯希逸","1","1","2"
"副将李怀玉","1","1","2"
"将李怀玉所","1","1","2"
"淄青节度大","1","1","2"
"青节度大使","1","1","2"
"斗一千四百","1","1","2"
"河南道副元","1","1","2"
"南道副元帅","1","1","2"
"仆固怀恩死","1","1","2"
"诱吐蕃数十","1","1","2"
"吐蕃数十万","1","1","2"
"尚品息赞磨","1","1","2"
"尚悉东赞等","1","1","2"
"上亲率六军","1","1","2"
"亲率六军屯","1","1","2"
"同华节度周","2","0","2"
"华节度周智","2","0","2"
"节度周智光","2","0","2"
"仪先锋将白","1","1","2"
"先锋将白元","1","1","2"
"锋将白元光","1","1","2"
"大将仆固名","1","1","2"
"将仆固名臣","1","1","2"
"朔方将李回","1","1","2"
"方将李回方","1","1","2"
"分信州弋阳","1","1","2"
"封朔方大将","1","1","2"
"朔方大将孙","1","1","2"
"方大将孙守","1","1","2"
"大将孙守亮","1","1","2"
"将孙守亮等","1","1","2"
"孙守亮等九","1","1","2"
"守亮等九人","1","1","2"
"李国臣等十","1","1","2"
"国臣等十三","1","1","2"
"臣等十三人","1","1","2"
"封渭北节度","1","1","2"
"刑部侍郎路","1","1","2"
"部侍郎路嗣","1","1","2"
"侍郎路嗣恭","1","1","2"
"南节度使郭","1","1","2"
"检校西山兵","1","1","2"
"校西山兵马","1","1","2"
"马使崔旰所","1","1","2"
"使崔旰所杀","1","1","2"
"邛州柏茂林","1","1","2"
"泸州杨子琳","1","1","2"
"臣河南都统","1","1","2"
"河南都统王","1","1","2"
"南都统王缙","1","1","2"
"都统王缙请","1","1","2"
"军资钱四十","2","0","2"
"资钱四十万","2","0","2"
"四十万贯修","2","0","2"
"转运使察访","1","1","2"
"正月丁巳朔","2","0","2"
"大雪平地二","2","0","2"
"雪平地二尺","2","0","2"
"镇南都护依","1","1","2"
"南都护依旧","1","1","2"
"平章事杜鸿","1","1","2"
"章事杜鸿渐","1","1","2"
"剑南东川等","1","1","2"
"南东川等道","1","1","2"
"东川等道副","1","1","2"
"川等道副元","1","1","2"
"税青苗地钱","1","1","2"
"青苗地钱使","1","1","2"
"殿中侍御韦","1","1","2"
"中侍御韦光","1","1","2"
"侍御韦光裔","1","1","2"
"钱四百九十","1","1","2"
"四百九十万","1","1","2"
"百九十万贯","1","1","2"
"天下地亩青","1","1","2"
"下地亩青苗","1","1","2"
"地亩青苗上","1","1","2"
"命御史府差","1","1","2"
"御史府差使","1","1","2"
"衢州刺史李","1","1","2"
"州刺史李岘","1","1","2"
"右监卫大将","1","1","2"
"监卫大将军","1","1","2"
"翊郡开国公","1","1","2"
"郡开国公鱼","1","1","2"
"开国公鱼朝","1","1","2"
"国公鱼朝恩","1","1","2"
"公鱼朝恩加","1","1","2"
"书裴士淹充","1","1","2"
"荐福寺东街","1","1","2"
"宣州刺史李","1","1","2"
"州刺史李佚","1","1","2"
"二十四万贯","1","1","2"
"冬十月癸未","2","0","2"
"十月癸未朔","2","0","2"
"宗正卿吴王","1","1","2"
"皇室永泰新","1","1","2"
"室永泰新论","1","1","2"
"常博士柳芳","1","1","2"
"博士柳芳撰","1","1","2"
"蕃使论位藏","1","1","2"
"使论位藏等","1","1","2"
"东副元帅郭","1","1","2"
"周智光帐下","1","1","2"
"光帐下将斩","2","0","2"
"昆明池踏青","1","1","2"
"封华州牙将","1","1","2"
"华州牙将姚","1","1","2"
"州牙将姚怀","1","1","2"
"使田神功朝","2","0","2"
"贬太子少保","1","1","2"
"子少保李遵","1","1","2"
"臣内侍鱼朝","1","1","2"
"剑南副元帅","1","1","2"
"南副元帅杜","1","1","2"
"副元帅杜鸿","1","1","2"
"元帅杜鸿渐","1","1","2"
"使卫伯玉封","1","1","2"
"封城阳郡王","2","0","2"
"史大夫王翊","1","1","2"
"七月戊申朔","2","0","2"
"行军司马崔","1","1","2"
"军司马崔旰","1","1","2"
"遂州刺史杜","1","1","2"
"州刺史杜济","1","1","2"
"道州延唐县","1","1","2"
"驸马都尉姜","1","1","2"
"马都尉姜庆","1","1","2"
"都尉姜庆初","1","1","2"
"奏破吐蕃二","2","0","2"
"上御紫宸殿","2","0","2"
"试茂才异行","1","1","2"
"仕等四科举","1","1","2"
"等四科举人","1","1","2"
"改黄门侍郎","1","1","2"
"罗国王金乾","1","1","2"
"国王金乾运","1","1","2"
"度使马璘朝","2","0","2"
"林将军张献","1","1","2"
"将军张献恭","1","1","2"
"崔旰检校右","1","1","2"
"旰检校右散","1","1","2"
"改桂州临源","1","1","2"
"桂州临源县","1","1","2"
"骑常侍崔昭","1","1","2"
"崔昭京兆尹","2","0","2"
"节度使崔旰","1","1","2"
"杨子琳所攻","1","1","2"
"子琳乘虚袭","1","1","2"
"奉天皇帝庙","1","1","2"
"太子少师王","1","1","2"
"府长史李怀","1","1","2"
"长史李怀仙","1","1","2"
"赵国公崔圆","1","1","2"
"南副元帅王","1","1","2"
"副元帅王缙","1","1","2"
"书右丞韦元","1","1","2"
"右丞韦元甫","1","1","2"
"知幽州留后","2","0","2"
"李涵御史大","2","0","2"
"涵御史大夫","2","0","2"
"魏州田承嗣","1","1","2"
"宽攻破杨子","1","1","2"
"攻破杨子琳","1","1","2"
"收复成都府","1","1","2"
"史大夫崔涣","1","1","2"
"下平章事辛","1","1","2"
"平章事辛云","1","1","2"
"章事辛云京","1","1","2"
"部尚书赵国","1","1","2"
"尚书赵国珍","1","1","2"
"华州刺史张","1","1","2"
"州刺史张重","1","1","2"
"刺史张重光","1","1","2"
"灵州将白元","1","1","2"
"州将白元光","1","1","2"
"灵武奏破吐","2","0","2"
"武奏破吐蕃","2","0","2"
"灵武大都督","1","1","2"
"武大都督府","1","1","2"
"督府长史常","1","1","2"
"京兆尹李勉","1","1","2"
"硃希彩幽州","2","0","2"
"道州刺史崔","1","1","2"
"州刺史崔涣","1","1","2"
"兵马使段秀","1","1","2"
"马使段秀实","1","1","2"
"使段秀实斩","1","1","2"
"春正月庚午","2","0","2"
"正月庚午朔","2","0","2"
"使李承昭请","1","1","2"
"黑衣大食国","1","1","2"
"泸州刺史杨","1","1","2"
"衡州刺史韦","1","1","2"
"使魏少游封","1","1","2"
"陕州虞邑县","1","1","2"
"虢州天平县","1","1","2"
"置团练观察","1","1","2"
"汝州刺史孟","1","1","2"
"卫国公杜鸿","1","1","2"
"国公杜鸿渐","1","1","2"
"冀国公裴冕","1","1","2"
"十二月乙未","2","0","2"
"内供奉员左","1","1","2"
"供奉员左右","1","1","2"
"河陇节度使","1","1","2"
"河南尹张延","1","1","2"
"南尹张延赏","1","1","2"
"定京兆府户","1","1","2"
"京兆府户税","1","1","2"
"封幽州节度","1","1","2"
"太原尹王缙","1","1","2"
"原尹王缙入","1","1","2"
"尹王缙入朝","1","1","2"
"刑部侍郎黎","1","1","2"
"招讨观察等","2","0","2"
"讨观察等使","2","0","2"
"林大将军辛","1","1","2"
"大将军辛京","1","1","2"
"将军辛京杲","1","1","2"
"户税入奉京","2","0","2"
"税入奉京师","2","0","2"
"创置精兵五","2","0","2"
"置精兵五万","2","0","2"
"汴州田神功","1","1","2"
"史大夫敬括","1","1","2"
"节度使韦元","1","1","2"
"度使韦元甫","1","1","2"
"十一月己亥","2","0","2"
"文单国王婆","1","1","2"
"单国王婆弥","1","1","2"
"刑部尚书魏","1","1","2"
"部尚书魏少","1","1","2"
"尚书魏少游","1","1","2"
"文单王婆弥","1","1","2"
"太常卿杨绾","1","1","2"
"夏四月甲寅","2","0","2"
"回纥王子李","1","1","2"
"纥王子李秉","1","1","2"
"王子李秉义","1","1","2"
"节度留后硃","2","0","2"
"太府卿吕崇","1","1","2"
"府卿吕崇贲","1","1","2"
"相州刺史薛","1","1","2"
"州刺史薛嵩","1","1","2"
"天下青苗地","1","1","2"
"下青苗地头","1","1","2"
"青苗地头钱","1","1","2"
"刺史县令者","2","0","2"
"度使硃泚加","2","0","2"
"加检校户部","2","0","2"
"霍国公令狐","1","1","2"
"国公令狐彰","1","1","2"
"部尚书李勉","1","1","2"
"乾陵上仙观","1","1","2"
"太仆卿吴仲","1","1","2"
"仆卿吴仲孺","1","1","2"
"等州团练观","2","0","2"
"州团练观察","2","0","2"
"京兆尹杜济","1","1","2"
"吐蕃寇灵武","2","0","2"
"赴泾州行营","1","1","2"
"广州刺史吕","1","1","2"
"部将哥舒晃","1","1","2"
"将哥舒晃所","1","1","2"
"哥舒晃所杀","1","1","2"
"晋州男子郇","1","1","2"
"州男子郇谟","1","1","2"
"二字曰监团","1","1","2"
"侍御史杨护","1","1","2"
"东都留守蒋","1","1","2"
"都留守蒋琼","1","1","2"
"锦观察使李","1","1","2"
"察使李昌巙","2","0","2"
"爪长四尺三","1","1","2"
"长四尺三寸","1","1","2"
"神策将张日","1","1","2"
"策将张日芬","1","1","2"
"魏博田承嗣","1","1","2"
"博田承嗣加","1","1","2"
"观察使路嗣","1","1","2"
"察使路嗣恭","1","1","2"
"使李忠臣朝","1","1","2"
"年正月庚子","2","0","2"
"朗两州镇遏","1","1","2"
"两州镇遏使","1","1","2"
"刺史杨猷擅","1","1","2"
"管观察使黎","1","1","2"
"观察使黎干","1","1","2"
"黎干京兆尹","2","0","2"
"舍人常衮率","1","1","2"
"郭子仪等大","1","1","2"
"子仪等大阅","1","1","2"
"仪等大阅兵","1","1","2"
"淮南四千人","1","1","2"
"浙西三千人","1","1","2"
"魏博四千人","1","1","2"
"昭义二千人","1","1","2"
"成德三千人","1","1","2"
"山南东道三","1","1","2"
"南东道三千","1","1","2"
"东道三千人","1","1","2"
"荆南二千人","1","1","2"
"湖南三千人","1","1","2"
"山南西道二","1","1","2"
"南西道二千","1","1","2"
"西道二千人","1","1","2"
"剑南西川三","1","1","2"
"南西川三千","1","1","2"
"西川三千人","1","1","2"
"东川二千人","1","1","2"
"鄂岳一千五","1","1","2"
"岳一千五百","1","1","2"
"宣歙三千人","1","1","2"
"福建一千五","1","1","2"
"建一千五百","1","1","2"
"虢州刺史宋","1","1","2"
"州刺史宋晦","1","1","2"
"长春宫营田","1","1","2"
"长史皇甫温","1","1","2"
"坊州刺史臧","1","1","2"
"州刺史臧希","1","1","2"
"商州刺史李","1","1","2"
"书舍人杨炎","1","1","2"
"秘书少监韦","1","1","2"
"书少监韦肇","1","1","2"
"昭义牙将裴","1","1","2"
"义牙将裴志","1","1","2"
"牙将裴志清","1","1","2"
"薛雄卫州刺","2","0","2"
"雄卫州刺史","2","0","2"
"田承嗣盗取","1","1","2"
"卫州刺史薛","1","1","2"
"州刺史薛雄","1","1","2"
"充渭北鄜坊","2","0","2"
"坊等州节度","1","1","2"
"等州节度大","1","1","2"
"子韩王迥充","1","1","2"
"汴宋节度大","1","1","2"
"宋节度大使","1","1","2"
"昭义节度大","1","1","2"
"义节度大使","1","1","2"
"城使常休明","1","1","2"
"迫牙将王惟","1","1","2"
"牙将王惟恭","1","1","2"
"节度观察海","2","0","2"
"度观察海运","2","0","2"
"海运押新罗","1","1","2"
"州刺史李正","1","1","2"
"逐观察使李","1","1","2"
"观察使李国","1","1","2"
"察使李国清","1","1","2"
"骑常侍孟皞","2","0","2"
"门郡王田承","1","1","2"
"郡王田承嗣","1","1","2"
"王田承嗣贬","1","1","2"
"部将霍荣国","1","1","2"
"请束身归朝","2","0","2"
"商州刺史马","1","1","2"
"马燧检校左","2","0","2"
"燧检校左散","2","0","2"
"磁州清水县","1","1","2"
"贵妃独孤氏","1","1","2"
"曰贞懿皇后","1","1","2"
"右仆射裴遵","1","1","2"
"仆射裴遵庆","1","1","2"
"瀛州刺史吴","1","1","2"
"州刺史吴希","1","1","2"
"刺史吴希光","1","1","2"
"路嗣恭攻破","1","1","2"
"嗣恭攻破广","1","1","2"
"恭攻破广州","1","1","2"
"正月庚寅朔","2","0","2"
"杜亚使魏州","2","0","2"
"使魏州宣慰","2","0","2"
"奏大破吐蕃","2","0","2"
"一千一百五","1","1","2"
"监军使冉廷","1","1","2"
"军使冉廷兰","1","1","2"
"使冉廷兰率","1","1","2"
"冉廷兰率兵","1","1","2"
"廷兰率兵斩","1","1","2"
"濮州刺史孟","1","1","2"
"州刺史孟鉴","1","1","2"
"充节度留后","2","0","2"
"淮西李忠臣","1","1","2"
"悦率兵三万","1","1","2"
"率兵三万援","1","1","2"
"扶风郡王马","1","1","2"
"北都留守薛","1","1","2"
"潞行军司马","1","1","2"
"军司马李抱","1","1","2"
"司马李抱真","1","1","2"
"邢兵马留后","1","1","2"
"平郡王李忠","1","1","2"
"郡王李忠臣","1","1","2"
"李忠臣检校","1","1","2"
"北庭泾原节","2","0","2"
"庭泾原节度","2","0","2"
"秀实泾州刺","2","0","2"
"实泾州刺史","2","0","2"
"献日本国舞","1","1","2"
"日本国舞女","1","1","2"
"本国舞女十","1","1","2"
"国舞女十一","1","1","2"
"舞女十一人","1","1","2"
"朗州刺史李","1","1","2"
"招讨观察使","1","1","2"
"河西陇右副","1","1","2"
"西陇右副元","1","1","2"
"陇右副元帅","1","1","2"
"凉国公李抱","1","1","2"
"国公李抱玉","1","1","2"
"河东节度行","1","1","2"
"东节度行军","1","1","2"
"永州刺史田","1","1","2"
"州刺史田承","1","1","2"
"刺史田承嗣","1","1","2"
"授魏博节度","2","0","2"
"尚书刘晏讯","2","0","2"
"书刘晏讯鞫","2","0","2"
"平章事元载","1","1","2"
"章事元载赐","1","1","2"
"平章事王缙","1","1","2"
"章事王缙贬","1","1","2"
"右庶子潘炎","1","1","2"
"部侍郎杨炎","1","1","2"
"知制诰韩洄","1","1","2"
"户部侍郎赵","1","1","2"
"大理少卿裴","1","1","2"
"理少卿裴翼","1","1","2"
"太常少卿王","1","1","2"
"居舍人韩会","1","1","2"
"舍人韩会等","1","1","2"
"人韩会等十","1","1","2"
"将大笼官论","1","1","2"
"大笼官论器","1","1","2"
"笼官论器然","1","1","2"
"官论器然献","1","1","2"
"商州刺史乌","1","1","2"
"州刺史乌崇","1","1","2"
"刺史乌崇福","1","1","2"
"司共二千七","1","1","2"
"共二千七百","1","1","2"
"二千七百九","1","1","2"
"千七百九十","1","1","2"
"七百九十六","1","1","2"
"文官一千八","1","1","2"
"武官九百四","1","1","2"
"官九百四十","1","1","2"
"九百四十二","1","1","2"
"百四十二员","1","1","2"
"五万六千贯","1","1","2"
"二十六万贯","1","1","2"
"兵马使浑瑊","2","0","2"
"南都护张伯","1","1","2"
"都护张伯仪","1","1","2"
"苏州长洲军","1","1","2"
"赐东川节度","1","1","2"
"川节度使鲜","1","1","2"
"湖州刺史颜","1","1","2"
"州刺史颜真","1","1","2"
"刺史颜真卿","1","1","2"
"许御史点班","1","1","2"
"节度副使段","1","1","2"
"度副使段秀","1","1","2"
"副使段秀实","1","1","2"
"宝应灵庆池","1","1","2"
"滑州牙将刘","1","1","2"
"州牙将刘洽","1","1","2"
"水损田三万","1","1","2"
"损田三万一","1","1","2"
"田三万一千","1","1","2"
"三万一千顷","1","1","2"
"度支使韩滉","2","0","2"
"御史赵计检","1","1","2"
"右节度副大","1","1","2"
"潞行营兵马","1","1","2"
"行营兵马事","1","1","2"
"公颜真卿三","1","1","2"
"使李正己请","1","1","2"
"代州都督张","1","1","2"
"州都督张光","1","1","2"
"都督张光晟","1","1","2"
"太仆寺佛堂","1","1","2"
"小脱空金刚","1","1","2"
"脱空金刚右","1","1","2"
"空金刚右臂","1","1","2"
"金刚右臂忽","1","1","2"
"前浙西观察","2","0","2"
"观察使李涵","1","1","2"
"朔方留后常","1","1","2"
"方留后常谦","1","1","2"
"军士赵贵家","1","1","2"
"书舍人崔祐","2","0","2"
"舍人崔祐甫","2","0","2"
"复本姓张氏","1","1","2"
"葬贞懿皇后","1","1","2"
"州刺史李泌","1","1","2"
"宋节度使李","1","1","2"
"族侄李希烈","1","1","2"
"侄李希烈所","1","1","2"
"河南尹严郢","1","1","2"
"容州刺史王","1","1","2"
"州刺史王翃","2","0","2"
"夏四月癸未","2","0","2"
"节度使张宝","1","1","2"
"度使张宝臣","1","1","2"
"北都留守鲍","1","1","2"
"都留守鲍防","1","1","2"
"迁神柩太极","2","0","2"
"神柩太极殿","2","0","2"
"上尊谥曰睿","1","1","2"
"尊谥曰睿文","1","1","2"
"谥曰睿文孝","1","1","2"
"曰睿文孝武","1","1","2"
"敬宗睿武昭","1","1","2"
"宗睿武昭愍","1","1","2"
"恭僖太后王","1","1","2"
"僖太后王氏","1","1","2"
"四年六月七","1","1","2"
"年六月七日","1","1","2"
"见群臣紫宸","2","0","2"
"群臣紫宸门","2","0","2"
"部侍郎李绅","1","1","2"
"右拾遗吴思","1","1","2"
"议大夫高允","1","1","2"
"大夫高允恭","1","1","2"
"册大行皇帝","2","0","2"
"行皇帝皇太","1","1","2"
"皇帝皇太后","1","1","2"
"使杜元颖进","1","1","2"
"御紫宸殿受","2","0","2"
"紫宸殿受朝","2","0","2"
"白犯东井北","2","0","2"
"犯东井北辕","2","0","2"
"三月庚戌朔","2","0","2"
"贬司农少卿","1","1","2"
"司农少卿李","1","1","2"
"农少卿李彤","1","1","2"
"工部尚书胡","1","1","2"
"故山南东道","1","1","2"
"太子少保张","1","1","2"
"子少保张弘","1","1","2"
"少保张弘靖","1","1","2"
"张弘靖太子","2","0","2"
"左拾遗刘栖","1","1","2"
"拾遗刘栖楚","1","1","2"
"塞外筑乌延","1","1","2"
"陶子等五城","1","1","2"
"芦子关北木","1","1","2"
"子关北木瓜","1","1","2"
"关北木瓜岭","1","1","2"
"伶官绫绢三","1","1","2"
"四月庚辰朔","2","0","2"
"史大夫王涯","1","1","2"
"兵部侍郎武","1","1","2"
"部侍郎武儒","1","1","2"
"侍郎武儒衡","1","1","2"
"张韶等百余","1","1","2"
"韶等百余人","1","1","2"
"左神策军兵","1","1","2"
"军兵马使康","1","1","2"
"兵马使康艺","1","1","2"
"马使康艺全","1","1","2"
"使康艺全率","1","1","2"
"康艺全率兵","1","1","2"
"染坊使田晟","1","1","2"
"渭源县开国","1","1","2"
"源县开国男","1","1","2"
"金鱼袋李程","1","1","2"
"盐州刺史傅","1","1","2"
"州刺史傅良","1","1","2"
"刺史傅良弼","1","1","2"
"江陵监大转","1","1","2"
"陵监大转运","1","1","2"
"监大转运留","1","1","2"
"大转运留后","1","1","2"
"神策大将康","1","1","2"
"策大将康艺","1","1","2"
"大将康艺全","1","1","2"
"大风吹坏延","1","1","2"
"风吹坏延喜","1","1","2"
"工部侍郎张","1","1","2"
"部侍郎张惟","1","1","2"
"侍郎张惟素","1","1","2"
"将军李愿检","2","0","2"
"军李愿检校","2","0","2"
"守司空裴度","1","1","2"
"相李逢吉所","1","1","2"
"李逢吉所排","1","1","2"
"太保张弘靖","1","1","2"
"兵部尚书郑","1","1","2"
"郑絪吏部尚","2","0","2"
"絪吏部尚书","2","0","2"
"中节度使郭","1","1","2"
"子宾客许季","1","1","2"
"宾客许季同","1","1","2"
"灵州特进渠","1","1","2"
"大理卿崔元","1","1","2"
"理卿崔元略","1","1","2"
"马二百五十","1","1","2"
"二百五十匹","1","1","2"
"银一千三百","1","1","2"
"一千三百两","1","1","2"
"留使钱五万","1","1","2"
"使钱五万贯","1","1","2"
"八月丁酉朔","2","0","2"
"妖贼马文忠","1","1","2"
"一千四百人","1","1","2"
"百五十万石","1","1","2"
"南府兵曹参","1","1","2"
"江王府长史","1","1","2"
"王府长史段","1","1","2"
"府长史段钊","1","1","2"
"仙人李龙迁","1","1","2"
"玄宗幸蜀时","2","0","2"
"回奏牛心山","1","1","2"
"武军节度韩","1","1","2"
"军节度韩充","1","1","2"
"商李苏沙进","1","1","2"
"李德裕上表","1","1","2"
"吐蕃遣使求","1","1","2"
"元亮等二十","1","1","2"
"亮等二十五","1","1","2"
"等二十五人","1","1","2"
"赐钱三十万","1","1","2"
"节度使郑权","1","1","2"
"御史中丞郑","1","1","2"
"史中丞郑覃","1","1","2"
"南都护李元","1","1","2"
"都护李元喜","1","1","2"
"护李元喜奏","1","1","2"
"郴等七州水","1","1","2"
"加天平军节","1","1","2"
"军节度使乌","1","1","2"
"使乌重胤同","1","1","2"
"乌重胤同平","1","1","2"
"重胤同平章","1","1","2"
"胤同平章事","1","1","2"
"封奇章郡公","1","1","2"
"吏部侍郎韩","1","1","2"
"宝历元年春","1","1","2"
"充武昌军节","2","0","2"
"部郎中李翱","1","1","2"
"西观察使薛","1","1","2"
"观察使薛放","1","1","2"
"前桂管观察","2","0","2"
"管观察使殷","1","1","2"
"宰相凉国公","1","1","2"
"相凉国公李","1","1","2"
"凉国公李逢","1","1","2"
"国公李逢吉","1","1","2"
"韦处厚上疏","1","1","2"
"校司空李绛","1","1","2"
"御史萧彻弹","1","1","2"
"大夫崔元略","1","1","2"
"夫崔元略违","1","1","2"
"崔元略违诏","1","1","2"
"五月甲辰朔","2","0","2"
"幸鱼藻宫观","2","0","2"
"衙命使册九","2","0","2"
"命使册九姓","2","0","2"
"汨没密施毗","1","1","2"
"没密施毗伽","1","1","2"
"密施毗伽昭","1","1","2"
"施毗伽昭礼","1","1","2"
"吐蕃罗没等","1","1","2"
"吾将军李文","1","1","2"
"将军李文悦","1","1","2"
"安南李元喜","1","1","2"
"将作监张武","1","1","2"
"作监张武均","1","1","2"
"冯志谋等三","1","1","2"
"志谋等三百","1","1","2"
"校司空李愿","1","1","2"
"户部尚书薛","1","1","2"
"部尚书薛平","1","1","2"
"荧惑犯右执","2","0","2"
"惑犯右执法","2","0","2"
"大将军张茂","1","1","2"
"将军张茂宗","1","1","2"
"司徒李光颜","1","1","2"
"王播造竞渡","1","1","2"
"播造竞渡船","1","1","2"
"造竞渡船二","1","1","2"
"竞渡船二十","1","1","2"
"正谟等七人","1","1","2"
"谟等七人谋","1","1","2"
"侍讲学士崔","1","1","2"
"讲学士崔郾","1","1","2"
"京兆尹崔元","1","1","2"
"兆尹崔元略","1","1","2"
"崔元略户部","2","0","2"
"散骑常侍胡","1","1","2"
"骑常侍胡证","1","1","2"
"部侍郎郑覃","1","1","2"
"清思院新殿","1","1","2"
"升阳殿图障","1","1","2"
"事中卢元辅","1","1","2"
"酅国公杨造","2","0","2"
"天台山采药","1","1","2"
"号升玄先生","1","1","2"
"长史武昭谋","1","1","2"
"史武昭谋害","1","1","2"
"武昭谋害宰","1","1","2"
"昭谋害宰相","1","1","2"
"谋害宰相李","1","1","2"
"害宰相李逢","1","1","2"
"州王智兴奏","1","1","2"
"大将武华等","1","1","2"
"将武华等四","1","1","2"
"武华等四百","1","1","2"
"华等四百人","1","1","2"
"等四百人谋","1","1","2"
"十月庚子朔","2","0","2"
"颍王府长史","1","1","2"
"河阳节度掌","1","1","2"
"阳节度掌书","1","1","2"
"度掌书记李","1","1","2"
"掌书记李仲","1","1","2"
"书记李仲言","1","1","2"
"太学博士李","1","1","2"
"学博士李涉","1","1","2"
"博士李涉流","1","1","2"
"十一月庚午","2","0","2"
"殿中少监严","1","1","2"
"中少监严公","1","1","2"
"少监严公素","1","1","2"
"部侍郎刘栖","1","1","2"
"侍郎刘栖楚","1","1","2"
"二月己亥朔","2","0","2"
"子将作监主","1","1","2"
"将作监主簿","1","1","2"
"复云麾将军","2","0","2"
"守金吾卫大","1","1","2"
"左仆射李绛","1","1","2"
"耕牛一万头","1","1","2"
"贬殿中侍御","1","1","2"
"中侍御史王","1","1","2"
"侍御史王源","1","1","2"
"御史王源植","1","1","2"
"罗光远文案","1","1","2"
"赞善大夫李","1","1","2"
"善大夫李光","1","1","2"
"大夫李光现","1","1","2"
"罚两月俸料","2","0","2"
"元节度使裴","1","1","2"
"度使裴度奏","1","1","2"
"斜谷路馆驿","2","0","2"
"阊门外古七","1","1","2"
"门外古七里","1","1","2"
"外古七里港","1","1","2"
"管经略使严","1","1","2"
"经略使严公","1","1","2"
"略使严公素","1","1","2"
"州普宁等七","1","1","2"
"普宁等七县","1","1","2"
"尚书王涯检","1","1","2"
"书王涯检校","1","1","2"
"王涯检校左","1","1","2"
"涯检校左仆","1","1","2"
"命兴唐观道","1","1","2"
"唐观道士孙","1","1","2"
"观道士孙准","1","1","2"
"道士孙准入","1","1","2"
"士孙准入翰","1","1","2"
"孙准入翰林","1","1","2"
"准入翰林待","1","1","2"
"入翰林待诏","1","1","2"
"察使殷侑请","1","1","2"
"洪州宝历寺","1","1","2"
"罚一季俸料","2","0","2"
"上巳宴曲江","2","0","2"
"骑常侍李翱","1","1","2"
"萧俯太子少","2","0","2"
"部尚书裴武","1","1","2"
"昆明夷遣使","1","1","2"
"明夷遣使朝","1","1","2"
"夷遣使朝贡","1","1","2"
"部侍郎韦弘","1","1","2"
"侍郎韦弘景","1","1","2"
"王廷凑检校","1","1","2"
"廷凑检校司","1","1","2"
"凑检校司空","1","1","2"
"义节度使留","1","1","2"
"度使留后刘","1","1","2"
"谏检校工部","1","1","2"
"岳观察使牛","1","1","2"
"观察使牛僧","1","1","2"
"察使牛僧孺","1","1","2"
"鄂州隔江相","1","1","2"
"亲属一千二","1","1","2"
"属一千二百","1","1","2"
"书省著作郎","1","1","2"
"省著作郎韦","1","1","2"
"著作郎韦公","1","1","2"
"作郎韦公肃","1","1","2"
"郎韦公肃注","1","1","2"
"韦公肃注太","1","1","2"
"公肃注太宗","1","1","2"
"肃注太宗所","1","1","2"
"注太宗所撰","1","1","2"
"女道士施子","1","1","2"
"道士施子微","1","1","2"
"苑内古长安","1","1","2"
"内古长安城","1","1","2"
"古长安城中","1","1","2"
"长安城中修","1","1","2"
"安城中修汉","1","1","2"
"白玉床一张","1","1","2"
"右丞丁公著","1","1","2"
"赐兴唐观道","1","1","2"
"唐观道士刘","1","1","2"
"丞独孤朗金","1","1","2"
"独孤朗金紫","1","1","2"
"石定宽等四","1","1","2"
"定宽等四人","1","1","2"
"兵士千余人","1","1","2"
"城诸司疏理","2","0","2"
"诸司疏理系","2","0","2"
"司疏理系囚","2","0","2"
"诸王府司局","1","1","2"
"七月丙寅朔","2","0","2"
"令供奉道士","1","1","2"
"供奉道士二","1","1","2"
"奉道士二十","1","1","2"
"道士二十人","1","1","2"
"士二十人随","1","1","2"
"二十人随浙","1","1","2"
"十人随浙西","1","1","2"
"周息元入内","1","1","2"
"息元入内宫","1","1","2"
"李德裕上疏","2","0","2"
"太府卿李宪","1","1","2"
"兵马使李义","2","0","2"
"所管同州长","1","1","2"
"管同州长春","1","1","2"
"同州长春宫","1","1","2"
"冬十月乙未","2","0","2"
"幽州衙前都","1","1","2"
"州衙前都知","1","1","2"
"衙前都知兵","1","1","2"
"前都知兵马","1","1","2"
"义检校户部","1","1","2"
"书舍人崔郾","1","1","2"
"太清宫道士","1","1","2"
"清宫道士赵","1","1","2"
"宫道士赵归","1","1","2"
"士赵归真充","1","1","2"
"两街道门都","1","1","2"
"街道门都教","1","1","2"
"道门都教授","1","1","2"
"门都教授博","1","1","2"
"都教授博士","1","1","2"
"户部尚书胡","1","1","2"
"胡证检校兵","1","1","2"
"证检校兵部","1","1","2"
"平章事李逢","1","1","2"
"章事李逢吉","1","1","2"
"事李逢吉检","1","1","2"
"吉检校司空","1","1","2"
"州刺史裴武","1","1","2"
"东都留守杨","1","1","2"
"副使刘弘逸","1","1","2"
"军将苏佐明","1","1","2"
"石定宽等二","1","1","2"
"定宽等二十","1","1","2"
"宽等二十八","1","1","2"
"二十八人饮","1","1","2"
"十八人饮酒","1","1","2"
"文宗元圣昭","1","1","2"
"宗元圣昭献","1","1","2"
"元圣昭献孝","1","1","2"
"圣昭献孝皇","1","1","2"
"昭献孝皇帝","1","1","2"
"贞献皇后萧","1","1","2"
"献皇后萧氏","1","1","2"
"宝历二年十","1","1","2"
"历二年十二","1","1","2"
"年十二月八","1","1","2"
"梁守谦率禁","1","1","2"
"守谦率禁军","1","1","2"
"谦率禁军讨","1","1","2"
"百僚上表请","2","0","2"
"道士纪处玄","1","1","2"
"山南道节度","2","0","2"
"道节度使柳","1","1","2"
"凤翔府骆谷","1","1","2"
"一千二百七","1","1","2"
"二百七十人","1","1","2"
"总监中一百","1","1","2"
"监中一百二","1","1","2"
"中一百二十","1","1","2"
"一百二十四","1","1","2"
"百二十四人","1","1","2"
"二十四人先","1","1","2"
"苏佐明等二","1","1","2"
"佐明等二十","1","1","2"
"明等二十八","1","1","2"
"赵归真等假","1","1","2"
"前广州节度","2","0","2"
"李绛检校司","2","0","2"
"绛检校司空","2","0","2"
"敕诸道节度","2","0","2"
"诸道节度观","1","1","2"
"观察使任日","2","0","2"
"虔州刺史韩","1","1","2"
"州刺史韩约","1","1","2"
"右军中尉梁","1","1","2"
"军中尉梁守","1","1","2"
"使王守澄代","1","1","2"
"苏州刺史白","1","1","2"
"一百九十人","1","1","2"
"太子少傅杨","1","1","2"
"阳县西北八","1","1","2"
"县西北八十","1","1","2"
"西北八十里","1","1","2"
"礼部尚书萧","1","1","2"
"太子少师分","1","1","2"
"子少师分司","1","1","2"
"度副使李续","1","1","2"
"行军司马张","1","1","2"
"五月壬戌朔","2","0","2"
"侍御史李同","1","1","2"
"御史李同捷","1","1","2"
"兗海沂密等","2","0","2"
"海沂密等州","2","0","2"
"沂密等州节","2","0","2"
"史宪诚同平","1","1","2"
"宪诚同平章","1","1","2"
"转运等使王","1","1","2"
"运等使王播","1","1","2"
"武常参官朝","2","0","2"
"贯罚二十五","1","1","2"
"罚二十五文","1","1","2"
"御史知杂温","1","1","2"
"史知杂温造","1","1","2"
"仆射致仕杨","2","0","2"
"射致仕杨陵","2","0","2"
"度使高承简","1","1","2"
"建观察使独","1","1","2"
"察使独孤朗","1","1","2"
"东观察使元","1","1","2"
"观察使元稹","1","1","2"
"管观察使刘","1","1","2"
"观察使刘栖","1","1","2"
"察使刘栖楚","1","1","2"
"谏议大夫萧","1","1","2"
"议大夫萧裕","1","1","2"
"十一月己未","2","0","2"
"横海等军节","1","1","2"
"海等军节度","1","1","2"
"处置等使李","1","1","2"
"置等使李寰","1","1","2"
"卫大将军王","1","1","2"
"大将军王公","1","1","2"
"将军王公亮","1","1","2"
"散骑常侍孔","1","1","2"
"骑常侍孔戢","1","1","2"
"刑部侍郎卢","1","1","2"
"秘书监白居","1","1","2"
"书监白居易","1","1","2"
"水柏柴烧灰","1","1","2"
"十二斤一两","1","1","2"
"两池盐法条","1","1","2"
"池盐法条例","1","1","2"
"御宣政殿亲","2","0","2"
"宣政殿亲试","2","0","2"
"试制策举人","1","1","2"
"太常少卿贾","1","1","2"
"库部郎中庞","1","1","2"
"部郎中庞严","1","1","2"
"经略使王茂","1","1","2"
"略使王茂元","1","1","2"
"吏部侍郎丁","1","1","2"
"部侍郎丁公","1","1","2"
"侍郎丁公著","1","1","2"
"侍讲学士许","1","1","2"
"讲学士许康","1","1","2"
"学士许康佐","1","1","2"
"中书省四方","1","1","2"
"书省四方馆","1","1","2"
"尚书郑絪太","2","0","2"
"书郑絪太子","2","0","2"
"郑絪太子少","2","0","2"
"度使李进诚","1","1","2"
"天德军使李","1","1","2"
"德军使李文","1","1","2"
"军使李文悦","1","1","2"
"宁节度使柳","1","1","2"
"奉先等十七","1","1","2"
"先等十七县","1","1","2"
"十月癸丑朔","2","0","2"
"扬州海陵监","1","1","2"
"州海陵监牧","1","1","2"
"南节度使胡","1","1","2"
"节度使胡证","1","1","2"
"观察使李宪","1","1","2"
"同平章事窦","1","1","2"
"平章事窦易","1","1","2"
"章事窦易直","1","1","2"
"平章事韦处","1","1","2"
"章事韦处厚","1","1","2"
"事韦处厚暴","1","1","2"
"诏兵部侍郎","2","0","2"
"正月壬午朔","2","0","2"
"京兆尹孔戢","1","1","2"
"绫罗等衣服","1","1","2"
"驸马韦处仁","1","1","2"
"马韦处仁戴","1","1","2"
"韦处仁戴夹","1","1","2"
"处仁戴夹罗","1","1","2"
"仁戴夹罗巾","1","1","2"
"睦州刺史陆","1","1","2"
"州刺史陆亘","1","1","2"
"江西沈传师","1","1","2"
"部侍郎崔元","1","1","2"
"侍郎崔元略","1","1","2"
"书舍人韦辞","1","1","2"
"太子太傅郑","1","1","2"
"亳州刺史李","1","1","2"
"州刺史李繁","1","1","2"
"南诏蛮入寇","2","0","2"
"川节度使郭","1","1","2"
"南蛮王蒙丰","1","1","2"
"蛮王蒙丰佑","1","1","2"
"卫大将军董","1","1","2"
"大将军董重","1","1","2"
"将军董重质","1","1","2"
"军董重质充","1","1","2"
"神策西川行","1","1","2"
"策西川行营","1","1","2"
"西川行营都","1","1","2"
"川行营都知","1","1","2"
"梓州西郭门","1","1","2"
"州西郭门下","1","1","2"
"西郭门下营","1","1","2"
"东都留守令","1","1","2"
"都留守令狐","1","1","2"
"留守令狐楚","1","1","2"
"子少师李听","1","1","2"
"吏部郎中宇","1","1","2"
"部郎中宇文","1","1","2"
"郎中宇文鼎","1","1","2"
"军大将军丘","1","1","2"
"大将军丘直","1","1","2"
"将军丘直方","1","1","2"
"部侍郎崔郾","1","1","2"
"宁节度使刘","1","1","2"
"节度使刘遵","1","1","2"
"度使刘遵古","1","1","2"
"尚书左丞元","1","1","2"
"书左丞元稹","1","1","2"
"左丞元稹检","1","1","2"
"丞元稹检校","1","1","2"
"元稹检校户","1","1","2"
"稹检校户部","1","1","2"
"黄安申等州","1","1","2"
"安申等州观","1","1","2"
"申等州观察","1","1","2"
"虢观察使王","1","1","2"
"营节度使董","1","1","2"
"节度使董重","1","1","2"
"度使董重质","1","1","2"
"卫尉卿桂仲","1","1","2"
"尉卿桂仲武","1","1","2"
"兴元监军使","1","1","2"
"元监军使杨","1","1","2"
"路随进所撰","2","0","2"
"使段文昌检","1","1","2"
"文昌检校尚","1","1","2"
"昌检校尚书","1","1","2"
"度使崔群检","1","1","2"
"使崔群检校","1","1","2"
"崔群检校右","1","1","2"
"群检校右仆","1","1","2"
"夏四月乙巳","2","0","2"
"尚书致仕张","2","0","2"
"齐德沧景等","1","1","2"
"德沧景等州","1","1","2"
"沧景等州节","1","1","2"
"景等州节度","1","1","2"
"镇州王廷凑","1","1","2"
"州王廷凑请","1","1","2"
"王廷凑请修","1","1","2"
"五月甲戌朔","2","0","2"
"通化南北二","1","1","2"
"化南北二门","1","1","2"
"南北二门锁","1","1","2"
"改郓州东平","1","1","2"
"郓州东平县","1","1","2"
"西川织造绫","1","1","2"
"川织造绫罗","1","1","2"
"织造绫罗锦","1","1","2"
"造绫罗锦八","1","1","2"
"绫罗锦八千","1","1","2"
"罗锦八千一","1","1","2"
"锦八千一百","1","1","2"
"八千一百六","1","1","2"
"一百六十七","1","1","2"
"百六十七匹","1","1","2"
"七月癸酉朔","2","0","2"
"紫金鱼袋宋","1","1","2"
"金鱼袋宋申","1","1","2"
"鱼袋宋申锡","1","1","2"
"行郎中知制","1","1","2"
"议大夫知者","1","1","2"
"长庆二年七","1","1","2"
"庆二年七月","1","1","2"
"二年七月二","1","1","2"
"二十七日敕","2","0","2"
"裴度上表辞","1","1","2"
"居民三百余","1","1","2"
"民三百余家","1","1","2"
"太原柳公绰","1","1","2"
"绫绢三十万","1","1","2"
"大理卿裴谊","1","1","2"
"吏部尚书王","1","1","2"
"骁卫将军同","1","1","2"
"道节度使窦","1","1","2"
"节度使窦易","1","1","2"
"度使窦易直","1","1","2"
"淮南天长等","1","1","2"
"南天长等七","1","1","2"
"天长等七县","1","1","2"
"天德军使浑","1","1","2"
"都留守崔元","1","1","2"
"留守崔元略","1","1","2"
"守崔元略检","1","1","2"
"检校司空郭","1","1","2"
"校司空郭钊","1","1","2"
"左丞康承宣","1","1","2"
"二月辛丑朔","2","0","2"
"节度使崔元","1","1","2"
"度使崔元略","1","1","2"
"大将军段嶷","1","1","2"
"南观察使韦","1","1","2"
"观察使韦辞","1","1","2"
"州刺史高重","1","1","2"
"充湖南观察","2","0","2"
"河南尹冯宿","1","1","2"
"宾客分司白","1","1","2"
"客分司白居","1","1","2"
"分司白居易","1","1","2"
"弘景守刑部","1","1","2"
"景守刑部尚","1","1","2"
"闰十二月辛","2","0","2"
"太常卿郭钊","1","1","2"
"齐州归化县","1","1","2"
"赐沧德节度","1","1","2"
"赈粟十万石","2","0","2"
"方镇节度观","1","1","2"
"度观察使请","1","1","2"
"立后院副兵","1","1","2"
"后院副兵马","1","1","2"
"院副兵马使","1","1","2"
"副兵马使杨","1","1","2"
"兵马使杨志","1","1","2"
"马使杨志诚","1","1","2"
"知渤海国务","2","0","2"
"渤海国务大","2","0","2"
"平章事李载","1","1","2"
"章事李载义","1","1","2"
"事李载义守","1","1","2"
"李载义守太","1","1","2"
"载义守太保","1","1","2"
"观察使李谅","1","1","2"
"神策中尉王","1","1","2"
"策中尉王守","1","1","2"
"宰相宋申锡","1","1","2"
"谏官等十四","1","1","2"
"官等十四人","1","1","2"
"右庶子宋申","1","1","2"
"庶子宋申锡","1","1","2"
"中观察使裴","1","1","2"
"桂管经略使","1","1","2"
"安州刺史陈","1","1","2"
"州刺史陈正","1","1","2"
"刺史陈正仪","1","1","2"
"中书门下丞","1","1","2"
"书门下丞一","1","1","2"
"门下丞一人","1","1","2"
"下丞一人随","1","1","2"
"丞一人随时","1","1","2"
"依前守太保","2","0","2"
"五月戊戌朔","2","0","2"
"太庙第四室","1","1","2"
"第六室破漏","1","1","2"
"右补阙韦温","1","1","2"
"补阙韦温上","1","1","2"
"臣窃圣朝惜","2","0","2"
"西川李德裕","2","0","2"
"川李德裕奏","2","0","2"
"僧道约四千","1","1","2"
"道约四千人","1","1","2"
"部尚书韦弘","1","1","2"
"尚书韦弘景","1","1","2"
"太常少卿庞","1","1","2"
"常少卿庞严","1","1","2"
"玄武江水涨","1","1","2"
"武江水涨二","1","1","2"
"江水涨二丈","1","1","2"
"子宾客李渤","1","1","2"
"兵部侍郎温","1","1","2"
"部侍郎温造","1","1","2"
"侍郎温造检","1","1","2"
"郎温造检校","1","1","2"
"温造检校户","1","1","2"
"造检校户部","1","1","2"
"袭徐国公萧","1","1","2"
"徐国公萧俯","2","0","2"
"户部尚书元","1","1","2"
"部尚书元稹","1","1","2"
"部员外郎舒","1","1","2"
"员外郎舒元","1","1","2"
"外郎舒元舆","1","1","2"
"虢观察使崔","1","1","2"
"鄂岳安黄观","1","1","2"
"岳安黄观察","1","1","2"
"安黄观察使","1","1","2"
"书舍人崔咸","1","1","2"
"京兆尹庞严","1","1","2"
"九月丙申朔","2","0","2"
"子左庶子郭","1","1","2"
"左庶子郭求","1","1","2"
"婺王府司马","1","1","2"
"翰林学士薛","1","1","2"
"林学士薛廷","1","1","2"
"学士薛廷老","1","1","2"
"左仆射窦易","1","1","2"
"冬十月乙丑","2","0","2"
"绵州刺史郑","1","1","2"
"州刺史郑绰","1","1","2"
"翔节度使王","1","1","2"
"太常卿事窦","1","1","2"
"常卿事窦易","1","1","2"
"卿事窦易直","1","1","2"
"易直检校司","1","1","2"
"直检校司空","1","1","2"
"二月乙丑朔","2","0","2"
"郑州刺史李","1","1","2"
"州刺史李翱","1","1","2"
"部落四百七","1","1","2"
"落四百七十","1","1","2"
"四百七十三","1","1","2"
"百七十三帐","1","1","2"
"天下死罪囚","1","1","2"
"除官典犯赃","2","0","2"
"流下递降一","2","0","2"
"下递降一等","2","0","2"
"前义昌军节","2","0","2"
"军节度使殷","1","1","2"
"米二十二万","1","1","2"
"二十二万石","1","1","2"
"本州常平义","1","1","2"
"州常平义仓","1","1","2"
"平章事王智","1","1","2"
"章事王智兴","1","1","2"
"卫大将军孟","1","1","2"
"大将军孟友","1","1","2"
"将军孟友亮","1","1","2"
"兵部尚书柳","1","1","2"
"盐州刺史王","1","1","2"
"州刺史王晏","1","1","2"
"刺史王晏平","1","1","2"
"史王晏平检","1","1","2"
"王晏平检校","1","1","2"
"晏平检校左","1","1","2"
"平检校左散","1","1","2"
"京兆尹杜忭","2","0","2"
"部郎中杨汉","1","1","2"
"郎中杨汉公","1","1","2"
"部员外郎苏","1","1","2"
"员外郎苏涤","1","1","2"
"右补阙裴休","1","1","2"
"度使李程左","2","0","2"
"使李程左仆","2","0","2"
"八月辛酉朔","2","0","2"
"判太常卿王","1","1","2"
"西观察使丁","1","1","2"
"合受四品下","2","0","2"
"时左仆射李","1","1","2"
"仆射李程将","1","1","2"
"射李程将赴","1","1","2"
"宜准大四年","2","0","2"
"准大四年十","2","0","2"
"月十六日敕","2","0","2"
"十六日敕处","2","0","2"
"六日敕处分","2","0","2"
"一十九万三","1","1","2"
"十九万三千","1","1","2"
"九万三千九","1","1","2"
"万三千九百","1","1","2"
"三千九百八","1","1","2"
"千九百八十","1","1","2"
"九百八十九","1","1","2"
"百八十九贯","1","1","2"
"太常卿丁公","1","1","2"
"常卿丁公著","1","1","2"
"吾卫将军史","1","1","2"
"卫将军史孝","1","1","2"
"卫将军李昌","1","1","2"
"将军李昌言","1","1","2"
"军李昌言检","1","1","2"
"李昌言检校","1","1","2"
"昌言检校左","1","1","2"
"言检校左散","1","1","2"
"二月己未朔","2","0","2"
"同平章事牛","1","1","2"
"平章事牛僧","1","1","2"
"章事牛僧孺","1","1","2"
"事牛僧孺检","1","1","2"
"僧孺检校右","1","1","2"
"孺检校右仆","1","1","2"
"左右三军一","1","1","2"
"右三军一百","1","1","2"
"三军一百二","1","1","2"
"军一百二十","1","1","2"
"一百二十司","1","1","2"
"荆南都团练","1","1","2"
"循州司马杜","1","1","2"
"州司马杜元","1","1","2"
"司马杜元颖","1","1","2"
"赠湖州刺史","1","1","2"
"谏同平章事","1","1","2"
"三千二百匹","1","1","2"
"太府卿崔珙","1","1","2"
"节度使崔珙","1","1","2"
"度使崔珙检","1","1","2"
"使崔珙检校","1","1","2"
"崔珙检校工","1","1","2"
"珙检校工部","1","1","2"
"吾卫将军王","1","1","2"
"卫将军王茂","1","1","2"
"将军王茂元","1","1","2"
"黔中等道选","1","1","2"
"中等道选补","1","1","2"
"等道选补使","1","1","2"
"宗正卿李诜","1","1","2"
"部侍郎杨嗣","1","1","2"
"侍郎杨嗣复","1","1","2"
"骑常侍张仲","1","1","2"
"常侍张仲方","1","1","2"
"节度使李谅","1","1","2"
"东都盐铁院","1","1","2"
"都盐铁院官","1","1","2"
"盐铁院官吴","1","1","2"
"铁院官吴季","1","1","2"
"院官吴季真","1","1","2"
"事中杨虞卿","1","1","2"
"书舍人张元","1","1","2"
"舍人张元夫","1","1","2"
"散骑常侍严","1","1","2"
"骑常侍严休","1","1","2"
"常侍严休复","1","1","2"
"九姓回纥汗","2","0","2"
"检校司空窦","1","1","2"
"校司空窦易","1","1","2"
"司空窦易直","1","1","2"
"同州刺史吴","1","1","2"
"部侍郎高釴","2","0","2"
"工部侍郎李","1","1","2"
"书舍人杨汝","1","1","2"
"舍人杨汝士","1","1","2"
"河南尹白居","1","1","2"
"南尹白居易","1","1","2"
"白居易太子","2","0","2"
"邛州刺史刘","1","1","2"
"六月丁巳朔","2","0","2"
"部尚书高瑀","2","0","2"
"平章事李宗","1","1","2"
"章事李宗闵","1","1","2"
"东节度使令","1","1","2"
"七月丙戌朔","2","0","2"
"龙武统军康","1","1","2"
"武统军康志","1","1","2"
"统军康志睦","1","1","2"
"二千户王涯","1","1","2"
"丞李固言等","1","1","2"
"州刺史崔玄","1","1","2"
"刺史崔玄亮","1","1","2"
"左丞杨嗣复","1","1","2"
"丞杨嗣复检","1","1","2"
"嗣复检校礼","1","1","2"
"仆射李程检","1","1","2"
"射李程检校","1","1","2"
"李程检校司","1","1","2"
"程检校司空","1","1","2"
"开州司马宋","2","0","2"
"州司马宋申","2","0","2"
"司马宋申锡","2","0","2"
"前宣武军节","2","0","2"
"子宾客李绅","1","1","2"
"应明经进士","1","1","2"
"六年十月七","1","1","2"
"诸州府长官","1","1","2"
"州府长官子","2","0","2"
"府长官子父","2","0","2"
"长官子父后","2","0","2"
"官子父后者","2","0","2"
"太子太保杨","1","1","2"
"子太保杨元","1","1","2"
"太保杨元卿","1","1","2"
"京兆尹韦长","1","1","2"
"侍御史李款","1","1","2"
"御史李款阁","2","0","2"
"史李款阁内","2","0","2"
"军司马郑注","1","1","2"
"授注通王府","2","0","2"
"神策军判官","1","1","2"
"依前守太傅","2","0","2"
"中晋绛慈","2","0","2"
"晋绛慈显","2","0","2"
"扬州江都等","1","1","2"
"州江都等七","1","1","2"
"江都等七县","1","1","2"
"宰相路随等","1","1","2"
"相路随等奏","1","1","2"
"见开元十七","1","1","2"
"元十七年张","1","1","2"
"十七年张说","1","1","2"
"节度使康志","1","1","2"
"度使康志睦","1","1","2"
"策长武城使","1","1","2"
"十二月癸未","2","0","2"
"大理丞谢登","1","1","2"
"理丞谢登新","1","1","2"
"丞谢登新编","1","1","2"
"校司空王承","1","1","2"
"司空王承元","1","1","2"
"河南尹严休","1","1","2"
"南尹严休复","1","1","2"
"淄青登莱棣","1","1","2"
"青登莱棣观","1","1","2"
"登莱棣观察","1","1","2"
"莱棣观察等","1","1","2"
"田四万余顷","1","1","2"
"蔚州飞狐镇","1","1","2"
"都留守李逢","1","1","2"
"留守李逢吉","1","1","2"
"部侍郎王源","1","1","2"
"侍郎王源中","1","1","2"
"大理卿刘遵","1","1","2"
"理卿刘遵古","1","1","2"
"许节度使高","1","1","2"
"诏诸司疏决","2","0","2"
"海观察使崔","1","1","2"
"观察使崔戎","1","1","2"
"驸马都尉崔","1","1","2"
"马都尉崔杞","1","1","2"
"海沂密观察","1","1","2"
"沂密观察使","1","1","2"
"定陵台大雨","1","1","2"
"裂一百三十","1","1","2"
"一百三十尺","1","1","2"
"宗正卿李叔","2","0","2"
"大将军段百","1","1","2"
"将军段百伦","1","1","2"
"军段百伦检","1","1","2"
"段百伦检校","1","1","2"
"百伦检校工","1","1","2"
"伦检校工部","1","1","2"
"龙武统军董","1","1","2"
"武统军董重","1","1","2"
"统军董重质","1","1","2"
"赐光禄大夫","1","1","2"
"观察使陆亘","1","1","2"
"臣李德裕进","2","0","2"
"随州刺史杜","1","1","2"
"州刺史杜师","1","1","2"
"刺史杜师仁","1","1","2"
"河南尹王质","1","1","2"
"部侍郎郑浣","1","1","2"
"监军李怀仵","1","1","2"
"史元忠留后","2","0","2"
"秘书监崔威","1","1","2"
"皇太子见太","2","0","2"
"太子见太师","2","0","2"
"召国子四门","1","1","2"
"国子四门助","1","1","2"
"子四门助教","1","1","2"
"四门助教李","1","1","2"
"门助教李仲","1","1","2"
"事李德裕检","1","1","2"
"见太师路随","1","1","2"
"谏官上疏论","2","0","2"
"史大夫郑覃","1","1","2"
"子二十人奏","1","1","2"
"二十人奏乐","1","1","2"
"使李德裕兵","2","0","2"
"李德裕兵部","2","0","2"
"卫大将军萧","1","1","2"
"大将军萧洪","1","1","2"
"清流等三县","1","1","2"
"流等三县四","1","1","2"
"等三县四月","1","1","2"
"万三千八百","1","1","2"
"书王源中检","1","1","2"
"王源中检校","1","1","2"
"源中检校户","1","1","2"
"中检校户部","1","1","2"
"节度使王廷","1","1","2"
"度使王廷凑","1","1","2"
"阳节度使温","1","1","2"
"下御史台讯","2","0","2"
"御史台讯鞫","2","0","2"
"部尚书李德","1","1","2"
"尚书李德裕","1","1","2"
"书李德裕检","1","1","2"
"德裕检校右","1","1","2"
"裕检校右仆","1","1","2"
"充镇海军节","2","0","2"
"检校库部员","1","1","2"
"校库部员外","1","1","2"
"金鱼袋郑注","1","1","2"
"棣州刺史韩","1","1","2"
"州刺史韩威","1","1","2"
"幽州兵马史","1","1","2"
"州兵马史元","1","1","2"
"兵马史元忠","1","1","2"
"太子太傅萧","1","1","2"
"宾客分司张","1","1","2"
"客分司张仲","1","1","2"
"分司张仲方","1","1","2"
"常州刺史杨","1","1","2"
"州刺史杨虞","1","1","2"
"刺史杨虞卿","1","1","2"
"左仆射李逢","1","1","2"
"仆射李逢吉","1","1","2"
"州镇国军潼","1","1","2"
"镇州左司马","1","1","2"
"州左司马王","1","1","2"
"左司马王元","1","1","2"
"司马王元逵","1","1","2"
"散骑常侍舒","1","1","2"
"骑常侍舒元","1","1","2"
"常侍舒元舆","1","1","2"
"陕州防御观","1","1","2"
"棣州刺史田","1","1","2"
"州刺史田早","1","1","2"
"司农卿王彦","1","1","2"
"农卿王彦威","1","1","2"
"神策军一千","1","1","2"
"策军一千五","1","1","2"
"军一千五百","1","1","2"
"幽州留后史","1","1","2"
"州留后史元","1","1","2"
"留后史元忠","1","1","2"
"同平章事段","1","1","2"
"节度使杨嗣","1","1","2"
"度使杨嗣复","1","1","2"
"使杨嗣复检","1","1","2"
"嗣复检校户","1","1","2"
"魏博六州粟","1","1","2"
"博六州粟五","1","1","2"
"六州粟五万","1","1","2"
"州粟五万石","1","1","2"
"左丞庾敬休","1","1","2"
"京兆尹贾饣","1","1","2"
"兆尹贾饣束","1","1","2"
"部侍郎杨虞","1","1","2"
"侍郎杨虞卿","1","1","2"
"西观察使贾","1","1","2"
"守太子宾客","1","1","2"
"吏部侍郎沈","1","1","2"
"部侍郎沈传","1","1","2"
"侍郎沈传师","1","1","2"
"史大夫温造","1","1","2"
"尚书右丞王","1","1","2"
"六月乙亥朔","2","0","2"
"礼部尚书温","1","1","2"
"部尚书温造","1","1","2"
"知进等八人","1","1","2"
"策大将军刘","1","1","2"
"大将军刘沔","1","1","2"
"虔州司马同","1","1","2"
"史大夫李固","1","1","2"
"大夫李固言","1","1","2"
"李固言门下","2","0","2"
"固言门下侍","2","0","2"
"言门下侍郎","2","0","2"
"知杂事舒元","1","1","2"
"杂事舒元舆","1","1","2"
"舒元舆御史","2","0","2"
"元舆御史中","2","0","2"
"舆御史中丞","2","0","2"
"刑部侍郎萧","1","1","2"
"部侍郎萧浣","1","1","2"
"太子侍读崔","1","1","2"
"子侍读崔侑","1","1","2"
"吏部郎中张","1","1","2"
"部郎中张讽","1","1","2"
"太子侍读苏","1","1","2"
"子侍读苏涤","1","1","2"
"部郎中杨敬","1","1","2"
"岳观察使崔","1","1","2"
"国子祭酒高","1","1","2"
"子祭酒高重","1","1","2"
"军节度使路","1","1","2"
"节度使路随","1","1","2"
"侍御史李甘","1","1","2"
"中侍御史苏","1","1","2"
"侍御史苏特","1","1","2"
"依前充翰林","2","0","2"
"军节度使庾","1","1","2"
"节度使庾承","1","1","2"
"度使庾承宣","1","1","2"
"汝州刺史郭","1","1","2"
"州刺史郭行","1","1","2"
"刺史郭行余","1","1","2"
"部侍郎李翱","1","1","2"
"太仆卿郑注","1","1","2"
"左军龙首殿","1","1","2"
"秘书监郑覃","1","1","2"
"知制诰李珏","1","1","2"
"坊节度使史","1","1","2"
"军大将军赵","1","1","2"
"大将军赵儋","1","1","2"
"中书舍人权","1","1","2"
"书舍人权璩","1","1","2"
"书舍人高元","1","1","2"
"舍人高元裕","1","1","2"
"州刺史卢周","1","1","2"
"刺史卢周仁","1","1","2"
"分司东都白","1","1","2"
"司东都白居","1","1","2"
"东都白居易","1","1","2"
"御史中丞舒","1","1","2"
"史中丞舒元","1","1","2"
"中丞舒元舆","1","1","2"
"判刑部侍郎","1","1","2"
"襄州监军陈","1","1","2"
"州监军陈弘","1","1","2"
"监军陈弘志","1","1","2"
"工部尚书郑","1","1","2"
"部尚书郑注","1","1","2"
"十二卫统军","1","1","2"
"紫金鱼袋舒","1","1","2"
"金鱼袋舒元","1","1","2"
"鱼袋舒元舆","1","1","2"
"杂李孝本权","2","0","2"
"李孝本权知","2","0","2"
"紫云楼彩霞","1","1","2"
"云楼彩霞亭","1","1","2"
"细柳新蒲绿","2","0","2"
"礼部郎中钱","1","1","2"
"员外郎李敬","1","1","2"
"外郎李敬彝","1","1","2"
"员外郎卢简","1","1","2"
"外郎卢简能","1","1","2"
"客员外郎萧","1","1","2"
"员外郎萧杰","1","1","2"
"左拾遗卢茂","1","1","2"
"拾遗卢茂弘","1","1","2"
"遗卢茂弘等","1","1","2"
"凤翔使府判","1","1","2"
"翔使府判官","1","1","2"
"同州刺史白","1","1","2"
"汝州刺史刘","1","1","2"
"阳节度使萧","1","1","2"
"青观察使王","1","1","2"
"观察使王彦","1","1","2"
"察使王彦威","1","1","2"
"节度使王源","1","1","2"
"度使王源中","1","1","2"
"徐州监军王","1","1","2"
"州监军王守","1","1","2"
"监军王守涓","1","1","2"
"卿郭行余邠","2","0","2"
"郭行余邠宁","2","0","2"
"行余邠宁节","2","0","2"
"余邠宁节度","2","0","2"
"坊节度使赵","1","1","2"
"节度使赵儋","1","1","2"
"大将军崔鄯","1","1","2"
"尹罗立言权","2","0","2"
"罗立言权知","2","0","2"
"尉仇士良率","1","1","2"
"韩约等十余","1","1","2"
"郡开国公郑","1","1","2"
"开国公郑覃","1","1","2"
"判度支李石","1","1","2"
"将军陈君奕","1","1","2"
"盐铁转运榷","1","1","2"
"铁转运榷茶","1","1","2"
"转运榷茶使","1","1","2"
"运榷茶使令","1","1","2"
"榷茶使令狐","1","1","2"
"茶使令狐楚","1","1","2"
"使令狐楚奏","1","1","2"
"太子太保张","1","1","2"
"子太保张茂","1","1","2"
"太保张茂宗","1","1","2"
"凤翔监军奏","1","1","2"
"仪仗使田全","1","1","2"
"仗使田全操","1","1","2"
"使田全操巡","1","1","2"
"吾大将军陈","1","1","2"
"京兆尹张仲","1","1","2"
"兆尹张仲方","1","1","2"
"射令狐楚奏","1","1","2"
"开成元年正","1","1","2"
"成元年正月","1","1","2"
"宣政殿受贺","2","0","2"
"宰臣李石奏","2","0","2"
"臣李石奏曰","2","0","2"
"秘书监韦缜","1","1","2"
"散骑常侍罗","1","1","2"
"生退浑部落","1","1","2"
"袁州长史李","1","1","2"
"州长史李德","1","1","2"
"长史李德裕","1","1","2"
"暮春喜雨诗","1","1","2"
"焦楚长入奏","1","1","2"
"四月庚午朔","2","0","2"
"河南尹郑浣","1","1","2"
"亳州刺史裴","1","1","2"
"州刺史裴弘","1","1","2"
"刺史裴弘泰","1","1","2"
"部侍郎李虞","1","1","2"
"侍郎李虞仲","1","1","2"
"部尚书李固","1","1","2"
"尚书李固言","1","1","2"
"林学士归融","1","1","2"
"事中郭承嘏","1","1","2"
"事中卢钧代","1","1","2"
"尚书右丞郑","1","1","2"
"书右丞郑肃","1","1","2"
"国子祭酒宰","1","1","2"
"太保分司李","1","1","2"
"保分司李听","1","1","2"
"策大将军魏","1","1","2"
"大将军魏仲","1","1","2"
"将军魏仲卿","1","1","2"
"卢周仁进羡","2","0","2"
"周仁进羡余","2","0","2"
"仁进羡余钱","2","0","2"
"河南尹李绅","1","1","2"
"五万六千四","1","1","2"
"万六千四百","1","1","2"
"六千四百七","1","1","2"
"千四百七十","1","1","2"
"四百七十六","1","1","2"
"百七十六卷","1","1","2"
"滁州刺史李","1","1","2"
"州刺史李德","1","1","2"
"刺史李德裕","1","1","2"
"卫大将军陈","1","1","2"
"中丞归融弹","1","1","2"
"坊节度使萧","1","1","2"
"皇太后亲弟","1","1","2"
"九月丁卯朔","2","0","2"
"寿州刺史高","1","1","2"
"刺史高承恭","1","1","2"
"欠书四万五","1","1","2"
"书四万五千","1","1","2"
"四万五千二","1","1","2"
"万五千二百","1","1","2"
"五千二百六","1","1","2"
"千二百六十","1","1","2"
"二百六十一","1","1","2"
"百六十一卷","1","1","2"
"江都七县水","1","1","2"
"太子侍读王","1","1","2"
"天平帅王源","1","1","2"
"平帅王源中","1","1","2"
"州刺史卢钧","1","1","2"
"川节度使冯","1","1","2"
"节度使冯宿","1","1","2"
"太仆卿段伯","1","1","2"
"仆卿段伯伦","1","1","2"
"州观察使王","1","1","2"
"观察使王质","1","1","2"
"部侍郎崔郸","1","1","2"
"判度支王彦","2","0","2"
"度支王彦威","2","0","2"
"王彦威进所","2","0","2"
"彦威进所撰","2","0","2"
"二月乙未朔","2","0","2"
"刑部侍郎郭","1","1","2"
"部侍郎郭承","1","1","2"
"侍郎郭承嘏","1","1","2"
"女妓四十八","1","1","2"
"妓四十八人","1","1","2"
"彗星长五丈","1","1","2"
"尚书工部侍","1","1","2"
"书工部侍郎","1","1","2"
"金鱼袋陈夷","1","1","2"
"鱼袋陈夷行","1","1","2"
"中书舍人敬","1","1","2"
"书舍人敬昕","1","1","2"
"西观察使罗","1","1","2"
"决十六宅宫","1","1","2"
"鸿胪卿李逵","1","1","2"
"南曹郎中一","1","1","2"
"曹郎中一人","1","1","2"
"卫将军李执","1","1","2"
"将军李执方","1","1","2"
"大将军崔珙","1","1","2"
"河南府等州","1","1","2"
"秋七月壬戌","2","0","2"
"太府卿张贾","1","1","2"
"除河北三镇","1","1","2"
"昭仪王氏册","1","1","2"
"昭容杨氏册","1","1","2"
"敬宗皇帝第","1","1","2"
"宗皇帝第二","1","1","2"
"皇帝第二子","1","1","2"
"帝第二子休","1","1","2"
"第二子休复","1","1","2"
"第三子执中","1","1","2"
"第四子言扬","1","1","2"
"第六子成美","1","1","2"
"六子成美等","1","1","2"
"房州刺史卢","1","1","2"
"州刺史卢行","1","1","2"
"刺史卢行简","1","1","2"
"观察使卢行","1","1","2"
"察使卢行术","1","1","2"
"改天后所撰","1","1","2"
"字官唐玄度","1","1","2"
"石经立后数","1","1","2"
"经立后数十","1","1","2"
"立后数十年","1","1","2"
"病人刘德广","1","1","2"
"人刘德广突","1","1","2"
"付京兆府杖","2","0","2"
"元节度使令","1","1","2"
"部尚书郑浣","1","1","2"
"对左右史裴","1","1","2"
"左右史裴素","1","1","2"
"右史裴素等","1","1","2"
"军节度使杜","1","1","2"
"岐阳公主服","1","1","2"
"驸马公主行","2","0","2"
"马公主行服","2","0","2"
"公主行服三","2","0","2"
"主行服三年","2","0","2"
"宏农郡开国","1","1","2"
"农郡开国伯","1","1","2"
"金鱼袋杨嗣","1","1","2"
"鱼袋杨嗣复","1","1","2"
"金鱼袋李珏","1","1","2"
"节度使韦长","1","1","2"
"衡州司马李","1","1","2"
"州司马李宗","1","1","2"
"司马李宗闵","1","1","2"
"同州刺史孙","1","1","2"
"州刺史孙简","1","1","2"
"部尚书许康","1","1","2"
"尚书许康佐","1","1","2"
"故陈王第十","1","1","2"
"陈王第十九","1","1","2"
"故襄王第三","1","1","2"
"部侍郎崔龟","1","1","2"
"户部侍郎两","1","1","2"
"田郎中李衢","1","1","2"
"沔王府长史","1","1","2"
"王府长史林","1","1","2"
"府长史林赞","1","1","2"
"长史林赞等","1","1","2"
"一百五十卷","1","1","2"
"西观察使吴","1","1","2"
"观察使吴士","1","1","2"
"察使吴士规","1","1","2"
"犯天心大星","1","1","2"
"部侍郎高锴","1","1","2"
"宫人四百八","1","1","2"
"人四百八十","1","1","2"
"晋州平阳院","1","1","2"
"许节度使殷","1","1","2"
"卫尉卿王彦","1","1","2"
"尉卿王彦威","1","1","2"
"节度使李固","1","1","2"
"度使李固言","1","1","2"
"事中卢弘宣","1","1","2"
"刑部郎中崔","1","1","2"
"改授检校兵","1","1","2"
"杀太子宫人","1","1","2"
"太子宫人左","1","1","2"
"子宫人左右","1","1","2"
"梁王等五人","1","1","2"
"易州刺史李","1","1","2"
"州刺史李仲","1","1","2"
"刺史李仲迁","1","1","2"
"东都留守牛","1","1","2"
"都留守牛僧","1","1","2"
"太子侍读窦","1","1","2"
"子侍读窦宗","1","1","2"
"侍读窦宗直","1","1","2"
"读窦宗直隔","1","1","2"
"窦宗直隔日","1","1","2"
"宗直隔日入","1","1","2"
"直隔日入少","1","1","2"
"隔日入少阳","1","1","2"
"日入少阳院","1","1","2"
"少府监张沼","1","1","2"
"书舍人李景","1","1","2"
"节度使刘源","1","1","2"
"宁节度使史","1","1","2"
"泰殿观灯作","1","1","2"
"殿观灯作乐","1","1","2"
"延安公主衣","1","1","2"
"安公主衣裾","1","1","2"
"大理卿卢贞","1","1","2"
"元节度使郑","1","1","2"
"节度使郑浣","1","1","2"
"部侍郎归融","1","1","2"
"赐群臣上巳","1","1","2"
"月掩东井第","2","0","2"
"掩东井第三","2","0","2"
"观察使李道","1","1","2"
"察使李道枢","1","1","2"
"宁节度使郭","1","1","2"
"长武城使苻","1","1","2"
"武城使苻澈","1","1","2"
"金鱼袋崔郸","1","1","2"
"磁州移昭义","1","1","2"
"州移昭义县","1","1","2"
"尾长八十余","1","1","2"
"长八十余尺","1","1","2"
"西观察使敬","1","1","2"
"观察使敬昕","1","1","2"
"十月己酉朔","2","0","2"
"陈王成美皇","2","0","2"
"王成美皇太","2","0","2"
"成美皇太子","2","0","2"
"太子太保李","1","1","2"
"子太保李听","1","1","2"
"建观察使唐","1","1","2"
"观察使唐扶","1","1","2"
"四百九十九","1","1","2"
"百九十九万","1","1","2"
"九十九万六","1","1","2"
"十九万六千","1","1","2"
"九万六千七","1","1","2"
"万六千七百","1","1","2"
"六千七百五","1","1","2"
"千七百五十","1","1","2"
"七百五十二","1","1","2"
"亲弟颍王瀍","2","0","2"
"权勾军国事","2","0","2"
"皇太子成美","1","1","2"
"年八月十七","1","1","2"
"鸿胪卿张贾","1","1","2"
"观察使李竦","1","1","2"
"尚书左丞杜","1","1","2"
"胁监军杨明","1","1","2"
"奏请范希朝","1","1","2"
"候杨朝晟斩","1","1","2"
"室韦寇振武","2","0","2"
"郡王李晟长","1","1","2"
"王李晟长子","1","1","2"
"抚州刺史戴","1","1","2"
"州刺史戴叔","1","1","2"
"刺史戴叔伦","1","1","2"
"左右庶子准","1","1","2"
"苏州刺史孙","1","1","2"
"州刺史孙晟","1","1","2"
"九月九日三","1","1","2"
"常参官共赐","2","0","2"
"参官共赐钱","2","0","2"
"官共赐钱五","1","1","2"
"钱五百贯文","2","0","2"
"翰林学士一","1","1","2"
"林学士一百","1","1","2"
"学士一百贯","1","1","2"
"卫将军共赐","1","1","2"
"将军共赐钱","1","1","2"
"军共赐钱二","1","1","2"
"共赐钱二百","1","1","2"
"赐钱二百贯","1","1","2"
"共赐钱一百","1","1","2"
"赐钱一百贯","1","1","2"
"节前五日支","1","1","2"
"前五日支付","1","1","2"
"使崔汉衡加","1","1","2"
"都防御使名","1","1","2"
"重阳赐宴诗","1","1","2"
"殷亮等二十","1","1","2"
"亮等二十人","1","1","2"
"李泌三宰相","1","1","2"
"董晋等十二","1","1","2"
"晋等十二人","1","1","2"
"策将军李长","1","1","2"
"将军李长荣","1","1","2"
"三城怀州团","1","1","2"
"城怀州团练","1","1","2"
"怀州团练使","1","1","2"
"刑部尚书关","1","1","2"
"部尚书关播","1","1","2"
"尚书关播送","1","1","2"
"少府监李观","1","1","2"
"正月壬辰朔","2","0","2"
"散骑常侍宜","1","1","2"
"骑常侍宜城","1","1","2"
"常侍宜城县","1","1","2"
"侍宜城县子","1","1","2"
"宜城县子柳","1","1","2"
"城县子柳浑","1","1","2"
"贬京兆尹郑","1","1","2"
"沧景留后程","1","1","2"
"景留后程怀","1","1","2"
"留后程怀直","1","1","2"
"沧景观察使","1","1","2"
"大理卿董晋","1","1","2"
"度支转运副","1","1","2"
"支转运副使","1","1","2"
"平章事李泌","1","1","2"
"资州刺史庞","1","1","2"
"州刺史庞复","1","1","2"
"礼部侍郎刘","1","1","2"
"部侍郎刘太","1","1","2"
"李怀光外孙","1","1","2"
"姓名曰李承","1","1","2"
"名曰李承绪","1","1","2"
"子少师萧昕","1","1","2"
"光禄卿裴腆","1","1","2"
"嗣滕王湛然","1","1","2"
"同州刺史窦","1","1","2"
"州刺史窦觎","1","1","2"
"李晟等二十","1","1","2"
"晟等二十七","1","1","2"
"降检校司空","1","1","2"
"御史中丞孙","1","1","2"
"史中丞孙晟","1","1","2"
"户部侍郎窦","1","1","2"
"部侍郎窦觎","1","1","2"
"二月戊辰朔","2","0","2"
"节群臣赐宴","1","1","2"
"书舍人陆贽","1","1","2"
"吏部侍郎刘","1","1","2"
"部侍郎刘滋","1","1","2"
"浑瑊河中朝","2","0","2"
"福建等道旱","1","1","2"
"南节度使窦","1","1","2"
"节度使窦觎","1","1","2"
"公主母曰太","1","1","2"
"主母曰太仪","1","1","2"
"工部尚书致","2","0","2"
"道进奏院官","1","1","2"
"冬十月己亥","2","0","2"
"朕精诚祈祷","1","1","2"
"上亲祀昊天","2","0","2"
"昊天上帝郊","2","0","2"
"天上帝郊丘","2","0","2"
"县令四考限","2","0","2"
"节度使杨袭","1","1","2"
"度使杨袭古","1","1","2"
"使杨袭古奔","1","1","2"
"州刺史李衡","1","1","2"
"衡御史中丞","2","0","2"
"一百五十里","1","1","2"
"侍中浑瑊河","2","0","2"
"中浑瑊河中","2","0","2"
"许节度使曲","1","1","2"
"龙武统军戴","1","1","2"
"武统军戴休","1","1","2"
"统军戴休颜","1","1","2"
"神策六军将","1","1","2"
"策六军将士","1","1","2"
"少师致仕萧","2","0","2"
"信州刺史郑","1","1","2"
"州刺史郑叔","1","1","2"
"观察等大使","2","0","2"
"定州刺史张","1","1","2"
"州刺史张升","1","1","2"
"刺史张升云","1","1","2"
"虔州刺史赵","1","1","2"
"州刺史赵昌","1","1","2"
"赵昌安南都","2","0","2"
"昌安南都护","2","0","2"
"贬宗正卿李","1","1","2"
"宗正卿李翰","1","1","2"
"绫袍金玉带","2","0","2"
"建观察使吴","1","1","2"
"桂管经略招","1","1","2"
"许州人李狗","1","1","2"
"户部尚书嗣","1","1","2"
"部尚书嗣曹","1","1","2"
"尚书嗣曹王","1","1","2"
"平章事刘玄","1","1","2"
"章事刘玄佐","1","1","2"
"节度使韦皋","1","1","2"
"观察使李衡","1","1","2"
"户部尚书班","1","1","2"
"部尚书班宏","1","1","2"
"虢观察使吴","1","1","2"
"同州刺史姚","1","1","2"
"州刺史姚南","1","1","2"
"刺史姚南仲","1","1","2"
"雅王傅李翰","1","1","2"
"平章事窦参","1","1","2"
"山南东道两","2","0","2"
"侍郎张滂主","1","1","2"
"遵大历故事","2","0","2"
"光禄少卿崔","1","1","2"
"禄少卿崔穆","1","1","2"
"诏书具所举","2","0","2"
"平章事李纳","1","1","2"
"太仆少卿刘","1","1","2"
"仆少卿刘士","1","1","2"
"少卿刘士干","1","1","2"
"萧国公班宏","1","1","2"
"林学士归崇","1","1","2"
"学士归崇敬","1","1","2"
"州刺史李师","1","1","2"
"刺史李师古","1","1","2"
"青等州节度","1","1","2"
"蕃将论莽热","1","1","2"
"将论莽热献","1","1","2"
"子宾客薛珏","1","1","2"
"庶子姜公辅","1","1","2"
"米三十万石","1","1","2"
"春正月庚辰","2","0","2"
"正月庚辰朔","2","0","2"
"退朝观仗归","1","1","2"
"朝观仗归营","1","1","2"
"观仗归营诗","1","1","2"
"节度使王叔","1","1","2"
"度使王叔邕","1","1","2"
"盐铁使张滂","1","1","2"
"知制诰张式","1","1","2"
"加韦皋检校","2","0","2"
"韦皋检校右","1","1","2"
"皋检校右仆","1","1","2"
"农少卿裴延","1","1","2"
"少卿裴延龄","1","1","2"
"裴延龄户部","2","0","2"
"信州刺史孙","1","1","2"
"州刺史孙公","1","1","2"
"刺史孙公器","1","1","2"
"华州潼关镇","1","1","2"
"州潼关镇国","1","1","2"
"潼关镇国军","1","1","2"
"度使李元谅","1","1","2"
"正月乙亥朔","2","0","2"
"朔方灵盐丰","2","0","2"
"朔方等道行","1","1","2"
"方等道行军","1","1","2"
"等道行军司","1","1","2"
"军司马李栾","1","1","2"
"检校司空平","2","0","2"
"校司空平章","2","0","2"
"司空平章事","2","0","2"
"平章事李抱","1","1","2"
"章事李抱真","1","1","2"
"事李抱真请","1","1","2"
"州刺史刘澭","2","0","2"
"陇右经略军","1","1","2"
"右经略军使","1","1","2"
"滑观察使李","1","1","2"
"观察使李融","1","1","2"
"沧州程怀直","1","1","2"
"诏异牟寻攻","1","1","2"
"同州刺史卢","1","1","2"
"大鸟飞集宫","1","1","2"
"鸟飞集宫中","1","1","2"
"义阳王李抱","1","1","2"
"阳王李抱真","1","1","2"
"祠部郎中袁","1","1","2"
"部郎中袁滋","1","1","2"
"辰州刺史房","1","1","2"
"州刺史房孺","1","1","2"
"刺史房孺复","1","1","2"
"七月壬申朔","2","0","2"
"潞府左司马","1","1","2"
"异牟寻金印","1","1","2"
"牟寻金印银","1","1","2"
"寻金印银窠","1","1","2"
"贞元册南诏","1","1","2"
"元册南诏印","1","1","2"
"度留后李万","1","1","2"
"节度使刘士","1","1","2"
"度使刘士宁","1","1","2"
"州守镇黄少","1","1","2"
"守镇黄少卿","1","1","2"
"镇黄少卿叛","1","1","2"
"管经略使孙","1","1","2"
"经略使孙公","1","1","2"
"略使孙公器","1","1","2"
"蕃大将论乞","1","1","2"
"大将论乞髯","1","1","2"
"袁州刺史董","1","1","2"
"州刺史董镇","1","1","2"
"吐蕃印八纽","1","1","2"
"定州张升云","1","1","2"
"州张升云改","1","1","2"
"张升云改名","1","1","2"
"部尚书刘滋","1","1","2"
"平章事陆贽","1","1","2"
"南节度使薛","1","1","2"
"节度使薛珏","1","1","2"
"经略使王锷","1","1","2"
"渤海大钦茂","1","1","2"
"泾州彰信堡","1","1","2"
"赐宰臣两省","2","0","2"
"宰臣两省供","2","0","2"
"臣两省供奉","2","0","2"
"官宴曲江亭","2","0","2"
"部侍郎郑瑜","1","1","2"
"淮南水陆转","1","1","2"
"南水陆转运","1","1","2"
"蔡广成等九","1","1","2"
"广成等九人","1","1","2"
"太子宾客陆","1","1","2"
"子宾客陆贽","1","1","2"
"卫尉卿张滂","1","1","2"
"部侍郎韩皋","1","1","2"
"宣武留后李","1","1","2"
"武留后李万","1","1","2"
"宣武节度副","1","1","2"
"武节度副使","1","1","2"
"节度留后王","1","1","2"
"度留后王虔","1","1","2"
"留后王虔休","1","1","2"
"朔方留后李","1","1","2"
"方留后李栾","1","1","2"
"天德军节度","1","1","2"
"田观察押蕃","2","0","2"
"观察押蕃落","2","0","2"
"察押蕃落等","2","0","2"
"使册九姓回","2","0","2"
"九姓回纥腾","1","1","2"
"姓回纥腾里","1","1","2"
"回纥腾里罗","1","1","2"
"纥腾里罗羽","1","1","2"
"腾里罗羽录","1","1","2"
"里罗羽录没","1","1","2"
"录没密施合","1","1","2"
"没密施合胡","1","1","2"
"密施合胡六","1","1","2"
"施合胡六骨","1","1","2"
"合胡六骨咄","1","1","2"
"胡六骨咄禄","1","1","2"
"军司马李悦","1","1","2"
"河东监军印","1","1","2"
"绛州刺史姚","1","1","2"
"州刺史姚齐","1","1","2"
"刺史姚齐梧","1","1","2"
"慈隰都防御","2","0","2"
"河东监军王","1","1","2"
"东监军王定","1","1","2"
"监军王定远","1","1","2"
"洪州刺史齐","1","1","2"
"州刺史齐映","1","1","2"
"楚州刺史路","1","1","2"
"州刺史路寰","1","1","2"
"子司业裴澄","1","1","2"
"沧州大将程","1","1","2"
"州大将程怀","1","1","2"
"大将程怀信","1","1","2"
"州节度使程","1","1","2"
"节度使程怀","1","1","2"
"度使程怀直","1","1","2"
"贞元广利药","1","1","2"
"元广利药方","1","1","2"
"五百八十六","1","1","2"
"百八十六首","1","1","2"
"部侍郎裴延","1","1","2"
"侍郎裴延龄","1","1","2"
"尚书董晋充","1","1","2"
"银台亭子门","1","1","2"
"台亭子门外","1","1","2"
"亭子门外立","1","1","2"
"子门外立碑","1","1","2"
"门郡王田绪","1","1","2"
"五月辛卯朔","2","0","2"
"节度使韩潭","1","1","2"
"州司户窦参","1","1","2"
"置左右护军","1","1","2"
"左右护军中","1","1","2"
"右护军中尉","1","1","2"
"护军中尉监","1","1","2"
"宣州刺史刘","1","1","2"
"度副使田季","1","1","2"
"副使田季安","1","1","2"
"魏博节度观","2","0","2"
"博节度观察","2","0","2"
"州刺史崔衍","1","1","2"
"宣武行军司","1","1","2"
"平章事赵憬","1","1","2"
"议大夫崔损","1","1","2"
"事中赵宗儒","1","1","2"
"昭义王虔休","1","1","2"
"剑南西山国","1","1","2"
"南西山国女","1","1","2"
"西山国女国","1","1","2"
"山国女国王","1","1","2"
"度支郎中苏","1","1","2"
"支郎中苏弁","1","1","2"
"兵部郎中王","1","1","2"
"部郎中王绍","1","1","2"
"王绍判户部","2","0","2"
"兴庆宫龙堂","1","1","2"
"州刺史李复","1","1","2"
"翰林学士郑","1","1","2"
"衡州刺史陈","1","1","2"
"州刺史陈云","1","1","2"
"大笼官七人","1","1","2"
"右神策中尉","1","1","2"
"神策中尉霍","1","1","2"
"策中尉霍仙","1","1","2"
"诏京兆尹韩","2","0","2"
"兆尹韩皋修","1","1","2"
"昆明池石炭","1","1","2"
"经略使房孺","1","1","2"
"略使房孺复","1","1","2"
"观察使路寰","1","1","2"
"滁州刺史房","1","1","2"
"州刺史房济","1","1","2"
"水银二百驮","1","1","2"
"淮西吴少诚","1","1","2"
"西吴少诚擅","1","1","2"
"泗节度使张","1","1","2"
"上御麟德殿","2","0","2"
"宫中歌舞妓","1","1","2"
"二月一日中","1","1","2"
"中春麟德殿","1","1","2"
"春麟德殿宴","1","1","2"
"麟德殿宴群","1","1","2"
"德殿宴群臣","1","1","2"
"殿宴群臣诗","1","1","2"
"赐光蔡节度","1","1","2"
"凤翔陇右观","1","1","2"
"翔陇右观察","1","1","2"
"陇右观察使","1","1","2"
"凤翔尹邢君","1","1","2"
"翔尹邢君牙","1","1","2"
"崔损修奉八","2","0","2"
"损修奉八陵","2","0","2"
"吏部尚书杜","1","1","2"
"部尚书杜亚","1","1","2"
"行营节度韩","1","1","2"
"营节度韩全","1","1","2"
"节度韩全义","1","1","2"
"子宾客卢迈","1","1","2"
"金吾将军吴","1","1","2"
"吾将军吴凑","1","1","2"
"左神策护军","1","1","2"
"护军中尉霍","1","1","2"
"军中尉霍仙","1","1","2"
"第五守亮代","1","1","2"
"润州刺史王","1","1","2"
"州刺史王纬","1","1","2"
"襄州刺史樊","1","1","2"
"州刺史樊泽","1","1","2"
"谏议大夫田","1","1","2"
"议大夫田登","1","1","2"
"兵部武举人","1","1","2"
"仓粟三十万","2","0","2"
"夏州韩全义","1","1","2"
"破吐蕃盐州","2","0","2"
"开西南蛮事","1","1","2"
"西南蛮事状","1","1","2"
"郢国公韦伦","1","1","2"
"东都含嘉仓","1","1","2"
"汴州刺史董","1","1","2"
"行军司马陆","1","1","2"
"军司马陆长","1","1","2"
"司马陆长源","1","1","2"
"亳颍观察等","2","0","2"
"节度判官孟","1","1","2"
"度判官孟叔","1","1","2"
"监军俱文珍","1","1","2"
"监军邵国朝","1","1","2"
"部尚书王虔","1","1","2"
"尚书王虔休","1","1","2"
"易州满城县","1","1","2"
"运米二百万","1","1","2"
"过四十万石","1","1","2"
"安州刺史伊","1","1","2"
"州刺史伊慎","1","1","2"
"京城内外诸","1","1","2"
"城内外诸军","1","1","2"
"五万八千二","1","1","2"
"八千二百七","1","1","2"
"二百七十一","1","1","2"
"百七十一人","1","1","2"
"部尚书归崇","1","1","2"
"尚书归崇敬","1","1","2"
"宗正卿嗣吴","1","1","2"
"正卿嗣吴王","1","1","2"
"史中丞王础","1","1","2"
"平章事严震","1","1","2"
"兴元都虞候","1","1","2"
"元都虞候严","1","1","2"
"都虞候严砺","1","1","2"
"故唐安公主","1","1","2"
"唐安公主赐","1","1","2"
"安公主赐谥","1","1","2"
"拯万州刺史","2","0","2"
"左拾遗李繁","1","1","2"
"李繁播州参","2","0","2"
"繁播州参军","2","0","2"
"许州刺史曲","1","1","2"
"州刺史曲环","1","1","2"
"洋州刺史韦","1","1","2"
"州刺史韦士","1","1","2"
"刺史韦士宗","1","1","2"
"陈许兵马使","1","1","2"
"前陈州刺史","1","1","2"
"陈州刺史上","1","1","2"
"州刺史上官","1","1","2"
"汴州刺史刘","1","1","2"
"州刺史刘全","1","1","2"
"刺史刘全谅","1","1","2"
"冬十月己丑","2","0","2"
"吏部侍郎奚","1","1","2"
"部侍郎奚陟","1","1","2"
"朗山破淮西","1","1","2"
"山破淮西贼","1","1","2"
"破淮西贼三","1","1","2"
"淮西贼三千","1","1","2"
"西贼三千人","1","1","2"
"朔方等道副","1","1","2"
"方等道副元","1","1","2"
"绛州节度使","1","1","2"
"同州刺史杜","1","1","2"
"州刺史杜确","1","1","2"
"河中绛州观","1","1","2"
"中绛州观察","1","1","2"
"绛州观察使","1","1","2"
"奉圣乐舞曲","1","1","2"
"韩全义蔡州","2","0","2"
"全义蔡州行","2","0","2"
"义蔡州行营","2","0","2"
"蔡州行营招","1","1","2"
"许节度使上","1","1","2"
"节度使上官","1","1","2"
"龙武统军程","1","1","2"
"武统军程怀","1","1","2"
"统军程怀直","1","1","2"
"镇国军使卢","1","1","2"
"国军使卢征","1","1","2"
"尚书右丞袁","1","1","2"
"书右丞袁滋","1","1","2"
"逐观察使韦","1","1","2"
"军节度使姚","1","1","2"
"节度使姚南","1","1","2"
"度使姚南仲","1","1","2"
"开府检校太","1","1","2"
"府检校太尉","1","1","2"
"鸡林州都督","1","1","2"
"京兆尹吴凑","1","1","2"
"贼将吴少诚","1","1","2"
"纳行军司马","1","1","2"
"行军司马韦","1","1","2"
"军司马韦夏","1","1","2"
"司马韦夏卿","1","1","2"
"吏部侍郎顾","1","1","2"
"部侍郎顾少","1","1","2"
"侍郎顾少连","1","1","2"
"虢州参军张","1","1","2"
"南观察使吕","1","1","2"
"观察使吕渭","1","1","2"
"太常卿裴郁","1","1","2"
"下平章事郑","1","1","2"
"部侍郎王绍","1","1","2"
"韩全义退保","1","1","2"
"全义退保陈","1","1","2"
"义退保陈州","1","1","2"
"太常卿齐抗","1","1","2"
"吴少诚引兵","1","1","2"
"少诚引兵归","1","1","2"
"北都留守李","1","1","2"
"都留守李悦","1","1","2"
"军司马郑儋","1","1","2"
"淮南观察使","1","1","2"
"太府卿韦渠","1","1","2"
"府卿韦渠牟","1","1","2"
"节赐宴曲江","1","1","2"
"赐宴曲江诗","1","1","2"
"中观察使韦","1","1","2"
"衢州刺史郑","1","1","2"
"州刺史郑式","1","1","2"
"刺史郑式瞻","1","1","2"
"史郑式瞻进","1","1","2"
"议大夫裴佶","1","1","2"
"州刺史杨朝","1","1","2"
"刺史杨朝晟","1","1","2"
"部侍郎赵植","1","1","2"
"镇兵马使李","1","1","2"
"兵马使李朝","1","1","2"
"浙西人崔善","1","1","2"
"西人崔善真","1","1","2"
"邠宁兵马使","2","0","2"
"宁兵马使高","1","1","2"
"兵马使高固","1","1","2"
"清河郡王王","1","1","2"
"河郡王王士","1","1","2"
"郡王王士真","1","1","2"
"太常卿韦渠","1","1","2"
"常卿韦渠牟","1","1","2"
"杀刺史郭锋","1","1","2"
"行军司马严","1","1","2"
"军司马严绶","1","1","2"
"九日赐宴曲","1","1","2"
"日赐宴曲江","1","1","2"
"宴曲江亭诗","1","1","2"
"部尚书李齐","1","1","2"
"尚书李齐运","1","1","2"
"盐州刺史杜","1","1","2"
"州刺史杜彦","1","1","2"
"刺史杜彦先","1","1","2"
"海内华夷图","1","1","2"
"郡国县道四","1","1","2"
"国县道四夷","1","1","2"
"县道四夷述","1","1","2"
"诏戴少平死","1","1","2"
"部侍郎韦夏","1","1","2"
"侍郎韦夏卿","1","1","2"
"节度使杜祐","2","0","2"
"国乐十二曲","1","1","2"
"乐工三十五","1","1","2"
"工三十五人","1","1","2"
"常州刺史贾","1","1","2"
"州刺史贾全","1","1","2"
"蕲州刺史郑","1","1","2"
"州刺史郑绅","1","1","2"
"河中行军司","1","1","2"
"中行军司马","1","1","2"
"军司马郑元","1","1","2"
"员外郎裴泰","1","1","2"
"太常少卿杨","1","1","2"
"九日赐宴诗","1","1","2"
"部尚书王栖","1","1","2"
"尚书王栖耀","1","1","2"
"同州刺史刘","1","1","2"
"州刺史刘公","1","1","2"
"刺史刘公济","1","1","2"
"贬大理卿李","1","1","2"
"大理卿李正","1","1","2"
"理卿李正臣","1","1","2"
"御史弹劾下","1","1","2"
"史弹劾下狱","1","1","2"
"赐安黄节度","1","1","2"
"桂管留后韦","1","1","2"
"管留后韦武","1","1","2"
"南经略使裴","1","1","2"
"经略使裴泰","1","1","2"
"泾州刺史刘","1","1","2"
"州刺史刘昌","1","1","2"
"节度留后段","1","1","2"
"论频热入朝","1","1","2"
"陈许行军司","1","1","2"
"许行军司马","1","1","2"
"军司马刘昌","1","1","2"
"司马刘昌裔","1","1","2"
"平章事齐抗","1","1","2"
"书右仆射姚","1","1","2"
"右仆射姚南","1","1","2"
"仆射姚南仲","1","1","2"
"盐州兵马使","1","1","2"
"州兵马使李","1","1","2"
"兵马使李兴","1","1","2"
"马使李兴干","1","1","2"
"胜节度使范","1","1","2"
"振武行军司","1","1","2"
"行军司马阎","1","1","2"
"军司马阎巨","1","1","2"
"司马阎巨源","1","1","2"
"入右神策军","1","1","2"
"德军防御团","1","1","2"
"军防御团练","1","1","2"
"防御团练使","1","1","2"
"丰州刺史李","1","1","2"
"刺史李景略","1","1","2"
"判官任迪简","1","1","2"
"官任迪简代","1","1","2"
"延节度使刘","1","1","2"
"节度使刘公","1","1","2"
"度使刘公济","1","1","2"
"军司马裴玢","1","1","2"
"司马裴玢代","1","1","2"
"国子祭酒赵","1","1","2"
"子祭酒赵昌","1","1","2"
"太子宾客齐","1","1","2"
"子宾客齐抗","1","1","2"
"臧河南观察","1","1","2"
"河南观察使","1","1","2"
"南观察使论","1","1","2"
"观察使论乞","1","1","2"
"察使论乞冉","1","1","2"
"使论乞冉等","1","1","2"
"论乞冉等五","1","1","2"
"乞冉等五十","1","1","2"
"冉等五十四","1","1","2"
"建观察使柳","1","1","2"
"观察使柳冕","1","1","2"
"置万安监牧","1","1","2"
"昭义兵马使","1","1","2"
"义兵马使卢","1","1","2"
"景州南皮县","1","1","2"
"节度使张茂","1","1","2"
"度使张茂昭","1","1","2"
"察御史李程","1","1","2"
"秘书正字张","1","1","2"
"书正字张聿","1","1","2"
"蓝田县尉王","1","1","2"
"田县尉王涯","1","1","2"
"管防御使颜","1","1","2"
"防御使颜证","1","1","2"
"浙东观察判","1","1","2"
"东观察判官","1","1","2"
"观察判官凌","1","1","2"
"察判官凌准","1","1","2"
"永贞元年九","1","1","2"
"贞元年九月","1","1","2"
"曰神武孝文","1","1","2"
"元昭皇太后","1","1","2"
"昭皇太后晁","1","1","2"
"皇太后晁氏","1","1","2"
"中十三年八","1","1","2"
"十三年八月","1","1","2"
"三年八月七","1","1","2"
"年八月七日","1","1","2"
"泰边陲乐曲","1","1","2"
"边陲乐曲词","1","1","2"
"海岳晏咸通","1","1","2"
"夏侯孜兵部","2","0","2"
"平章事蒋伸","2","0","2"
"部侍郎郑颢","1","1","2"
"书左仆射毕","1","1","2"
"咸通元年春","1","1","2"
"中节度使杜","1","1","2"
"节度使杜审","1","1","2"
"度使杜审权","1","1","2"
"中书舍人薛","1","1","2"
"书舍人薛耽","1","1","2"
"部尚书李福","1","1","2"
"颍上等县平","1","1","2"
"上等县平地","1","1","2"
"等县平地水","1","1","2"
"县平地水深","1","1","2"
"地水深一丈","1","1","2"
"工部尚书蒋","1","1","2"
"部尚书蒋伸","1","1","2"
"门下侍郎杜","1","1","2"
"改银青光禄","2","0","2"
"郑滑颍观察","2","0","2"
"滑颍观察处","2","0","2"
"兵部侍郎曹","1","1","2"
"部侍郎曹确","1","1","2"
"员外郎杨知","1","1","2"
"外郎杨知远","1","1","2"
"勋员外郎穆","1","1","2"
"员外郎穆仁","1","1","2"
"外郎穆仁裕","1","1","2"
"吏部宏词选","2","0","2"
"部宏词选人","2","0","2"
"神策将军康","1","1","2"
"策将军康承","1","1","2"
"将军康承训","1","1","2"
"军康承训率","1","1","2"
"上徽号曰睿","2","0","2"
"徽号曰睿文","2","0","2"
"睿文明圣孝","1","1","2"
"文明圣孝德","1","1","2"
"明圣孝德皇","1","1","2"
"圣孝德皇帝","1","1","2"
"岭南西道收","1","1","2"
"南西道收管","1","1","2"
"管经略使郑","1","1","2"
"经略使郑愚","1","1","2"
"岭南西道节","1","1","2"
"年寿州刺史","1","1","2"
"寿州刺史温","1","1","2"
"州刺史温璋","1","1","2"
"遣将军蔡袭","1","1","2"
"将军蔡袭率","1","1","2"
"部侍郎郑处","1","1","2"
"侍郎郑处诲","1","1","2"
"员外郎杨俨","1","1","2"
"员外郎崔彦","1","1","2"
"外郎崔彦昭","1","1","2"
"郎崔彦昭等","1","1","2"
"刑部侍郎曹","1","1","2"
"部侍郎曹汾","1","1","2"
"徐州防御使","1","1","2"
"年四月十八","1","1","2"
"四月十八日","1","1","2"
"南都护李琢","1","1","2"
"都护李琢贪","1","1","2"
"就加幽州张","2","0","2"
"加幽州张允","2","0","2"
"兵部侍郎高","1","1","2"
"部侍郎高璩","1","1","2"
"部侍郎裴寅","1","1","2"
"议大夫裴坦","1","1","2"
"大夫裴坦上","1","1","2"
"夫裴坦上疏","1","1","2"
"兵部尚书牛","1","1","2"
"部尚书牛丛","1","1","2"
"兵部郎中高","1","1","2"
"晋州刺史孟","1","1","2"
"州刺史孟球","1","1","2"
"州经略使高","1","1","2"
"经略使高骈","1","1","2"
"略使高骈率","1","1","2"
"徐泗团练使","1","1","2"
"使夏侯孜奏","1","1","2"
"三百六十九","1","1","2"
"百六十九万","1","1","2"
"六十九万余","1","1","2"
"十九万余贯","1","1","2"
"九万余贯匹","1","1","2"
"户部年合送","2","0","2"
"二十六万四","1","1","2"
"十六万四千","1","1","2"
"六万四千一","1","1","2"
"四千一百八","1","1","2"
"千一百八十","1","1","2"
"一百八十贯","1","1","2"
"百八十贯匹","1","1","2"
"咸通四年九","1","1","2"
"通四年九月","1","1","2"
"五千七百一","1","1","2"
"七百一十四","1","1","2"
"一十四万贯","2","0","2"
"八十文除陌","2","0","2"
"十文除陌钱","2","0","2"
"文除陌钱内","2","0","2"
"割一十五文","2","0","2"
"延资库征收","1","1","2"
"书舍人李蔚","1","1","2"
"卢简方检校","2","0","2"
"德观察等使","2","0","2"
"兵部侍郎萧","1","1","2"
"部尚书孔温","1","1","2"
"尚书孔温裕","1","1","2"
"史中丞徐商","1","1","2"
"部尚书崔慎","1","1","2"
"部侍郎王铎","1","1","2"
"员外郎崔谨","1","1","2"
"试拔萃选人","2","0","2"
"川节度使牛","1","1","2"
"节度使牛丛","1","1","2"
"度使牛丛奏","1","1","2"
"陈许大将颜","1","1","2"
"许大将颜复","1","1","2"
"大将颜复戍","1","1","2"
"左丞杨知温","1","1","2"
"策大将军马","1","1","2"
"大将军马举","1","1","2"
"秦州经略招","1","1","2"
"州经略招讨","1","1","2"
"大将军李宴","1","1","2"
"将军李宴元","1","1","2"
"大败林邑蛮","1","1","2"
"大将军薛绾","1","1","2"
"书舍人赵骘","1","1","2"
"太皇太后郑","1","1","2"
"皇太后郑氏","1","1","2"
"兵马留后事","1","1","2"
"进封燕国公","2","0","2"
"沙州节度使","1","1","2"
"节度使张义","1","1","2"
"度使张义潮","1","1","2"
"使张义潮进","1","1","2"
"吐蕃女子二","1","1","2"
"蕃女子二人","1","1","2"
"大乘百法门","1","1","2"
"乘百法门明","1","1","2"
"百法门明论","1","1","2"
"镇州王景崇","1","1","2"
"德军节度观","2","0","2"
"沙州张义潮","1","1","2"
"州张义潮奏","1","1","2"
"蕃大将尚恐","1","1","2"
"大将尚恐热","1","1","2"
"将尚恐热交","1","1","2"
"尚恐热交战","1","1","2"
"安南高骈奏","2","0","2"
"部郎中李景","1","1","2"
"郎中李景温","1","1","2"
"部员外郎高","1","1","2"
"员外郎高湘","1","1","2"
"晋阳县开国","1","1","2"
"金鱼袋杨收","1","1","2"
"延资库使曹","1","1","2"
"资库使曹确","1","1","2"
"二十一万四","1","1","2"
"十一万四千","1","1","2"
"一万四千一","1","1","2"
"四千一百匹","1","1","2"
"积欠一百五","1","1","2"
"五千七百余","1","1","2"
"千七百余贯","1","1","2"
"七百余贯匹","1","1","2"
"请咸通五年","2","0","2"
"咸通五年正","1","1","2"
"通五年正月","1","1","2"
"府场监院合","2","0","2"
"场监院合送","2","0","2"
"监院合送户","2","0","2"
"院合送户部","2","0","2"
"合送延资库","2","0","2"
"积欠三十六","1","1","2"
"欠三十六万","1","1","2"
"三十六万五","1","1","2"
"十六万五千","1","1","2"
"六万五千五","1","1","2"
"府咸通八年","1","1","2"
"书舍人刘允","1","1","2"
"舍人刘允章","1","1","2"
"部侍郎卢匡","1","1","2"
"部员外郎薛","1","1","2"
"员外郎薛崇","1","1","2"
"勋员外郎崔","1","1","2"
"员外郎崔殷","1","1","2"
"外郎崔殷梦","1","1","2"
"充宣武节度","2","0","2"
"部员外郎焦","1","1","2"
"员外郎焦渎","1","1","2"
"员外郎李岳","1","1","2"
"戍卒五百人","1","1","2"
"粮料判官庞","1","1","2"
"料判官庞勋","1","1","2"
"知州判官焦","1","1","2"
"州判官焦潞","1","1","2"
"度使崔彦曾","1","1","2"
"监军张道谨","1","1","2"
"迥攻围泗州","2","0","2"
"西观察使杨","1","1","2"
"观察使杨收","1","1","2"
"端州司马同","1","1","2"
"南节度使令","1","1","2"
"令大将李湘","1","1","2"
"都监郭厚本","1","1","2"
"令小将张行","1","1","2"
"小将张行简","1","1","2"
"刺史高锡望","1","1","2"
"刺史崔雍登","1","1","2"
"刺史卢望回","1","1","2"
"岳观察使刘","1","1","2"
"观察使刘允","1","1","2"
"察使刘允章","1","1","2"
"使刘允章上","1","1","2"
"刘允章上书","1","1","2"
"右拾遗韦保","1","1","2"
"拾遗韦保衡","1","1","2"
"皇女同昌公","1","1","2"
"女同昌公主","1","1","2"
"武大将军王","1","1","2"
"大将军王晏","1","1","2"
"将军王晏权","1","1","2"
"徐州北路行","1","1","2"
"州北路行营","1","1","2"
"北路行营招","1","1","2"
"北路招讨都","1","1","2"
"路招讨都虞","1","1","2"
"北路招讨前","1","1","2"
"路招讨前军","1","1","2"
"招讨前军使","1","1","2"
"户部侍郎刘","1","1","2"
"部侍郎刘瞻","1","1","2"
"徐州南路行","1","1","2"
"州南路行营","1","1","2"
"南路行营招","1","1","2"
"颍州行营都","1","1","2"
"徐州行营都","1","1","2"
"将军董涛充","1","1","2"
"太原行营招","1","1","2"
"原行营招讨","1","1","2"
"将军王建充","1","1","2"
"淮泗行营招","1","1","2"
"泗行营招讨","1","1","2"
"将军曹翔充","1","1","2"
"淮南行营招","1","1","2"
"将军高罗锐","1","1","2"
"充都粮料使","2","0","2"
"时贼将刘行","1","1","2"
"虹县人郭真","1","1","2"
"贼将吴迥所","1","1","2"
"承训检校尚","1","1","2"
"训检校尚书","1","1","2"
"谯郡开国公","1","1","2"
"邑二千户夏","1","1","2"
"庞勋急攻泗","1","1","2"
"勋急攻泗州","1","1","2"
"司农卿薛琼","1","1","2"
"监军杨玄价","1","1","2"
"州府见禁囚","2","0","2"
"府见禁囚徒","2","0","2"
"贼将郑镒急","1","1","2"
"将郑镒急攻","1","1","2"
"郑镒急攻寿","1","1","2"
"镒急攻寿州","1","1","2"
"诏南面招讨","2","0","2"
"讨使马举救","1","1","2"
"贼将王弘立","1","1","2"
"州防虞行官","1","1","2"
"防虞行官石","1","1","2"
"虞行官石侔","1","1","2"
"行官石侔等","1","1","2"
"官石侔等一","1","1","2"
"石侔等一百","1","1","2"
"侔等一百三","1","1","2"
"等一百三十","1","1","2"
"一百三十人","1","1","2"
"鼓角楼上饮","1","1","2"
"角楼上饮酒","1","1","2"
"军事判官李","1","1","2"
"表状驱使官","1","1","2"
"状驱使官张","1","1","2"
"驱使官张立","1","1","2"
"行官石琼脱","1","1","2"
"官石琼脱衣","1","1","2"
"石琼脱衣甲","1","1","2"
"琼脱衣甲稍","1","1","2"
"令宣歙观察","1","1","2"
"歙观察使追","1","1","2"
"司勋郎中崔","1","1","2"
"勋郎中崔原","1","1","2"
"郎中崔原贬","1","1","2"
"员外郎崔福","1","1","2"
"长安县令崔","1","1","2"
"安县令崔朗","1","1","2"
"左拾遗崔庚","1","1","2"
"荆南观察支","1","1","2"
"南观察支使","1","1","2"
"观察支使崔","1","1","2"
"察支使崔序","1","1","2"
"宿州守将张","1","1","2"
"州守将张玄","1","1","2"
"守将张玄稔","1","1","2"
"金腰带一条","1","1","2"
"四面行营节","1","1","2"
"面行营节度","1","1","2"
"先贤坟墓碑","1","1","2"
"遣右散骑常","2","0","2"
"骑常侍刘异","1","1","2"
"部郎中薛崇","1","1","2"
"郎中薛崇等","1","1","2"
"风县开国伯","1","1","2"
"邑一千户马","1","1","2"
"一千户马举","1","1","2"
"徐州东南面","1","1","2"
"州东南面招","1","1","2"
"面招讨使曹","1","1","2"
"招讨使曹翔","1","1","2"
"使曹翔检校","2","0","2"
"边军节度都","1","1","2"
"军节度都头","1","1","2"
"节度都头安","1","1","2"
"清溪关二百","1","1","2"
"溪关二百里","1","1","2"
"边军节度使","1","1","2"
"军节度使窦","1","1","2"
"节度使窦滂","1","1","2"
"全绪等三将","1","1","2"
"蛮军乘胜进","1","1","2"
"军乘胜进攻","1","1","2"
"乘胜进攻西","1","1","2"
"胜进攻西川","1","1","2"
"大渡河制置","1","1","2"
"诏河东节度","2","0","2"
"东节度使郑","1","1","2"
"吏部侍郎德","2","0","2"
"部侍郎德孙","2","0","2"
"员外郎卢荛","1","1","2"
"部侍郎杨戴","1","1","2"
"虞部郎中宋","1","1","2"
"部郎中宋震","1","1","2"
"主簿胡德融","1","1","2"
"度使何全皞","2","0","2"
"制尚书右仆","2","0","2"
"书右仆射杜","1","1","2"
"右仆射杜审","1","1","2"
"仆射杜审权","1","1","2"
"慈隰节度观","2","0","2"
"隰节度观察","2","0","2"
"吏部尚书曹","1","1","2"
"东节度使康","1","1","2"
"节度使康承","1","1","2"
"度使康承训","1","1","2"
"贬恩州司马","2","0","2"
"恩州司马同","1","1","2"
"泗州刺史杜","1","1","2"
"郎杨知温考","1","1","2"
"员外郎李耀","1","1","2"
"员外郎崔澹","1","1","2"
"外郎崔澹等","1","1","2"
"大将韩君雄","1","1","2"
"四月癸未朔","2","0","2"
"八月辛巳朔","2","0","2"
"郭淑妃所生","1","1","2"
"大中三年七","1","1","2"
"中三年七月","1","1","2"
"咸通九年二","1","1","2"
"通九年二月","1","1","2"
"九年二月二","1","1","2"
"年二月二日","1","1","2"
"二月二日下","1","1","2"
"族三百余人","2","0","2"
"兆尹温璋上","1","1","2"
"尹温璋上疏","1","1","2"
"城县开国侯","1","1","2"
"金鱼袋刘瞻","1","1","2"
"礼部郎中魏","1","1","2"
"柱国崔颜融","1","1","2"
"韦保衡所逐","2","0","2"
"部尚书王铎","1","1","2"
"绫绢十万匹","1","1","2"
"徐州都团练","1","1","2"
"都团练使改","1","1","2"
"宰相路岩率","1","1","2"
"睿文英武明","1","1","2"
"文英武明德","1","1","2"
"仁大圣广孝","1","1","2"
"京兆尹薛能","1","1","2"
"延兴门哭送","1","1","2"
"部侍郎归仁","1","1","2"
"侍郎归仁晦","1","1","2"
"司封郎中郑","1","1","2"
"封郎中郑绍","1","1","2"
"郎中郑绍业","1","1","2"
"员外郎陆勋","1","1","2"
"外郎陆勋等","1","1","2"
"开发坟墓外","2","0","2"
"观察使判官","1","1","2"
"上幸安国寺","2","0","2"
"鄴本官同平","2","0","2"
"将张公素夺","1","1","2"
"留后张简会","1","1","2"
"史中丞赵隐","1","1","2"
"吏部侍郎独","1","1","2"
"侍郎独孤云","1","1","2"
"郎独孤云考","1","1","2"
"职方郎中赵","1","1","2"
"方郎中赵蒙","1","1","2"
"员外郎李超","1","1","2"
"右丞孔温裕","1","1","2"
"左羽林军统","1","1","2"
"羽林军统军","1","1","2"
"史大夫张直","1","1","2"
"大夫张直方","1","1","2"
"夫张直方贬","1","1","2"
"康州司马同","1","1","2"
"国子司业韦","1","1","2"
"子司业韦殷","1","1","2"
"司业韦殷裕","1","1","2"
"红子等九人","1","1","2"
"阁门使田献","1","1","2"
"阁门司阎敬","1","1","2"
"门司阎敬直","1","1","2"
"太仆少卿崔","1","1","2"
"仆少卿崔元","1","1","2"
"少卿崔元应","1","1","2"
"前河阴院官","1","1","2"
"河阴院官韦","1","1","2"
"阴院官韦君","1","1","2"
"院官韦君卿","1","1","2"
"骑常侍李郁","1","1","2"
"常侍李郁贬","1","1","2"
"贬贺州刺史","2","0","2"
"书舍人封彦","1","1","2"
"舍人封彦卿","1","1","2"
"人封彦卿贬","1","1","2"
"知制诰张裼","1","1","2"
"制诰张裼贬","1","1","2"
"谏议大夫杨","1","1","2"
"议大夫杨塾","1","1","2"
"大夫杨塾贬","1","1","2"
"工部尚书严","1","1","2"
"部尚书严祁","1","1","2"
"尚书严祁贬","1","1","2"
"左街使李敬","1","1","2"
"街使李敬伸","1","1","2"
"前青州刺史","1","1","2"
"凉王府长史","1","1","2"
"工部尚书杜","1","1","2"
"部尚书杜慆","2","0","2"
"留刺史宗回","1","1","2"
"延英面奉圣","2","0","2"
"英面奉圣旨","2","0","2"
"应逃亡户口","2","0","2"
"节度使卢简","1","1","2"
"度使卢简方","1","1","2"
"李国昌检校","2","0","2"
"同军防御等","2","0","2"
"军防御等使","2","0","2"
"太仆卿卢简","1","1","2"
"仆卿卢简方","1","1","2"
"国昌小男克","2","0","2"
"云中防御使","1","1","2"
"中防御使段","1","1","2"
"防御使段文","1","1","2"
"御使段文楚","1","1","2"
"明成武献文","1","1","2"
"成武献文睿","1","1","2"
"武献文睿智","1","1","2"
"献文睿智章","1","1","2"
"文睿智章仁","1","1","2"
"睿智章仁神","1","1","2"
"智章仁神聪","1","1","2"
"章仁神聪懿","1","1","2"
"仁神聪懿道","1","1","2"
"神聪懿道大","1","1","2"
"聪懿道大孝","1","1","2"
"懿道大孝皇","1","1","2"
"道大孝皇帝","1","1","2"
"御史中丞韦","1","1","2"
"史中丞韦蟾","1","1","2"
"李国昌久怀","1","1","2"
"诏太原节度","2","0","2"
"原节度使崔","1","1","2"
"度使崔彦昭","1","1","2"
"节度使张公","1","1","2"
"度使张公素","1","1","2"
"翔法门寺迎","1","1","2"
"天下州府见","2","0","2"
"柩前皇帝位","2","0","2"
"平章事韦保","2","0","2"
"章事韦保衡","2","0","2"
"二十七日释","2","0","2"
"十七日释服","2","0","2"
"睿文昭圣恭","1","1","2"
"文昭圣恭惠","1","1","2"
"左军中尉刘","1","1","2"
"军中尉刘行","1","1","2"
"中尉刘行深","1","1","2"
"王氏皇太后","2","0","2"
"节度观察副","1","1","2"
"度观察副大","1","1","2"
"观察副大使","1","1","2"
"守太子少傅","2","0","2"
"刑部尚书杜","1","1","2"
"乾符元年春","1","1","2"
"春正月辛酉","2","0","2"
"正月辛酉朔","2","0","2"
"平章事萧仿","2","0","2"
"书右仆射崔","1","1","2"
"右仆射崔彦","1","1","2"
"仆射崔彦昭","1","1","2"
"郓州刺史高","1","1","2"
"州刺史高骈","1","1","2"
"散骑常侍韦","1","1","2"
"骑常侍韦荷","1","1","2"
"州刺史崔璞","1","1","2"
"侍御史卢胤","1","1","2"
"御史卢胤征","1","1","2"
"子右庶子李","1","1","2"
"右庶子李峄","1","1","2"
"侍御史裴渥","1","1","2"
"礼部侍郎裴","1","1","2"
"故湖南观察","1","1","2"
"观察使李庾","1","1","2"
"十一月丙戌","2","0","2"
"一月丙戌朔","2","0","2"
"部侍郎崔彦","1","1","2"
"沙陀六州部","1","1","2"
"陀六州部落","1","1","2"
"部尚书李钧","1","1","2"
"时李国昌父","1","1","2"
"部员外郎徐","1","1","2"
"员外郎徐彦","1","1","2"
"外郎徐彦若","1","1","2"
"兵部郎中卢","1","1","2"
"部郎中卢鄯","1","1","2"
"相崔彦昭率","1","1","2"
"库部郎中韦","1","1","2"
"部郎中韦岫","1","1","2"
"官员外郎李","1","1","2"
"员外郎李频","1","1","2"
"转运使王凝","1","1","2"
"翰林学士崔","1","1","2"
"林学士崔澹","1","1","2"
"翰林学士徐","1","1","2"
"林学士徐仁","1","1","2"
"学士徐仁嗣","1","1","2"
"右补阙郑勤","1","1","2"
"侍御史李烛","1","1","2"
"子宾客张裼","1","1","2"
"秘书监萧岘","1","1","2"
"新除吏部侍","2","0","2"
"吏部侍郎张","1","1","2"
"部侍郎张裼","1","1","2"
"濮州贼首王","1","1","2"
"州贼首王仙","1","1","2"
"节度使李种","1","1","2"
"殿中少监薛","1","1","2"
"子司业裴拙","1","1","2"
"兵部郎中裴","1","1","2"
"部郎中裴虔","1","1","2"
"郎中裴虔余","1","1","2"
"左仆射王铎","1","1","2"
"右街使齐克","1","1","2"
"海等州节度","1","1","2"
"吏部尚书归","1","1","2"
"部尚书归仁","1","1","2"
"尚书归仁晦","1","1","2"
"功员外郎周","1","1","2"
"员外郎周仁","1","1","2"
"外郎周仁举","1","1","2"
"观察使李播","1","1","2"
"荆州刺史杨","1","1","2"
"州刺史杨权","1","1","2"
"刺史杨权古","1","1","2"
"蔚州刺史王","1","1","2"
"州刺史王龟","1","1","2"
"刺史王龟范","1","1","2"
"璧州刺史张","1","1","2"
"州刺史张贽","1","1","2"
"濮州刺史韦","1","1","2"
"州刺史韦浦","1","1","2"
"施州刺史娄","1","1","2"
"州刺史娄傅","1","1","2"
"刺史娄傅会","1","1","2"
"州刺史王回","1","1","2"
"抚州刺史崔","1","1","2"
"州刺史崔理","1","1","2"
"黄州刺史计","1","1","2"
"州刺史计信","1","1","2"
"刺史计信卿","1","1","2"
"史计信卿等","1","1","2"
"王回等三人","1","1","2"
"主客郎中崔","1","1","2"
"客郎中崔福","1","1","2"
"荆南节度副","1","1","2"
"掠河南十五","1","1","2"
"部侍郎刘承","1","1","2"
"侍郎刘承雍","1","1","2"
"礼部侍郎崔","1","1","2"
"书舍人高湘","1","1","2"
"京兆尹杨知","1","1","2"
"卫尉卿萧宽","1","1","2"
"户部郎中郑","1","1","2"
"翰林学士萧","1","1","2"
"林学士萧遘","1","1","2"
"议大夫李汤","1","1","2"
"兵部郎中崔","1","1","2"
"部郎中崔厚","1","1","2"
"少卿王承颜","1","1","2"
"明州刺史殷","1","1","2"
"州刺史殷僧","1","1","2"
"刺史殷僧辩","1","1","2"
"内侍监致仕","2","0","2"
"内侍省观军","1","1","2"
"侍省观军容","1","1","2"
"考功郎中郑","1","1","2"
"员外郎裴渥","1","1","2"
"方员外郎卢","1","1","2"
"员外郎卢澄","1","1","2"
"宜令诸道兵","2","0","2"
"赏钱一千贯","1","1","2"
"州节度使宋","1","1","2"
"度使宋威上","1","1","2"
"使宋威上表","1","1","2"
"威诸道招讨","1","1","2"
"诸道招讨草","1","1","2"
"道招讨草贼","1","1","2"
"甲马五百匹","1","1","2"
"军节度使宋","1","1","2"
"指挥诸道兵","1","1","2"
"挥诸道兵马","1","1","2"
"诸道兵马招","1","1","2"
"道兵马招讨","1","1","2"
"兵马招讨草","1","1","2"
"马招讨草贼","1","1","2"
"节度使薛崇","1","1","2"
"度使李茂勋","1","1","2"
"使李茂勋上","1","1","2"
"李茂勋上表","1","1","2"
"经略卢龙等","2","0","2"
"略卢龙等军","2","0","2"
"部尚书李茂","1","1","2"
"尚书李茂勋","1","1","2"
"绵州刺史皇","1","1","2"
"州刺史皇甫","1","1","2"
"刺史皇甫镛","1","1","2"
"陈州刺史许","1","1","2"
"州刺史许珂","1","1","2"
"右卫将军程","1","1","2"
"州防御使李","1","1","2"
"防御使李钧","1","1","2"
"钧检校尚书","2","0","2"
"洺磁观察等","2","0","2"
"磁观察等使","2","0","2"
"幽州留后李","1","1","2"
"刺史崔休征","1","1","2"
"江州贼首柳","1","1","2"
"州贼首柳彦","1","1","2"
"贼首柳彦璋","1","1","2"
"首柳彦璋聚","1","1","2"
"书舍人崔澹","1","1","2"
"昭义节度李","2","0","2"
"吐浑赫连铎","2","0","2"
"节度使杨知","1","1","2"
"度使杨知温","1","1","2"
"节度使李福","1","1","2"
"原节度使窦","1","1","2"
"节度使窦浣","1","1","2"
"遣都押衙康","1","1","2"
"都押衙康传","1","1","2"
"押衙康传圭","1","1","2"
"衙康传圭率","1","1","2"
"马步军使邓","1","1","2"
"步军使邓虔","1","1","2"
"节度使曹翔","1","1","2"
"散骑常侍支","1","1","2"
"骑常侍支谟","1","1","2"
"招讨使宋威","1","1","2"
"大将尚君长","1","1","2"
"蔡温玉奉表","1","1","2"
"温玉奉表入","1","1","2"
"玉奉表入朝","1","1","2"
"国公王铎请","1","1","2"
"宋威失策杀","1","1","2"
"诸道兵马都","1","1","2"
"道兵马都统","1","1","2"
"山洞五百里","1","1","2"
"大同军副使","1","1","2"
"同军副使支","1","1","2"
"军副使支谟","1","1","2"
"招讨使李钧","1","1","2"
"书舍人张读","1","1","2"
"节度使崔季","1","1","2"
"度使崔季康","1","1","2"
"孔目官石裕","1","1","2"
"驾部郎中卢","1","1","2"
"刑部郎中郑","1","1","2"
"节度使李岩","1","1","2"
"东观察使崔","1","1","2"
"翰林学士豆","1","1","2"
"林学士豆卢","1","1","2"
"江南行营招","1","1","2"
"礼部侍郎张","1","1","2"
"部侍郎张读","1","1","2"
"两都虞候张","1","1","2"
"都虞候张锴","1","1","2"
"策大将军周","1","1","2"
"大将军周宝","1","1","2"
"河东马步军","1","1","2"
"东马步军都","1","1","2"
"马步军都虞","1","1","2"
"步军都虞候","1","1","2"
"都虞候硃玫","2","0","2"
"张彦球部下","1","1","2"
"时都统王铎","1","1","2"
"前锋都将李","1","1","2"
"将刘汉宏大","1","1","2"
"西招讨使曹","1","1","2"
"招讨使曹全","1","1","2"
"阳节度使刘","1","1","2"
"节度使刘巨","1","1","2"
"度使刘巨容","1","1","2"
"贼军一万屯","1","1","2"
"高骈诸道兵","1","1","2"
"骈诸道兵马","1","1","2"
"诸道兵马行","1","1","2"
"道兵马行营","1","1","2"
"兵马行营都","1","1","2"
"马行营都统","1","1","2"
"州防御使诸","1","1","2"
"防御使诸葛","1","1","2"
"御使诸葛爽","1","1","2"
"北面行营副","1","1","2"
"面行营副招","1","1","2"
"东都防御兵","2","0","2"
"东都长夏门","1","1","2"
"都长夏门内","1","1","2"
"三千户李琢","1","1","2"
"等州诸道行","1","1","2"
"州诸道行营","1","1","2"
"道行营都招","1","1","2"
"应东北面行","1","1","2"
"东北面行营","1","1","2"
"北面行营李","1","1","2"
"面行营李孝","1","1","2"
"行营李孝昌","1","1","2"
"内常侍张存","1","1","2"
"常侍张存礼","1","1","2"
"侍张存礼充","1","1","2"
"招讨使李琢","1","1","2"
"节度使李举","2","0","2"
"大将军傅文","1","1","2"
"将军傅文达","1","1","2"
"军傅文达守","1","1","2"
"萨葛都督米","1","1","2"
"葛都督米海","1","1","2"
"都督米海万","1","1","2"
"安庆都督史","1","1","2"
"庆都督史敬","1","1","2"
"都督史敬存","1","1","2"
"浑都督赫连","1","1","2"
"都督赫连铎","1","1","2"
"州节度使齐","1","1","2"
"节度使齐克","1","1","2"
"徐州兵三千","1","1","2"
"兵三千人赴","2","0","2"
"许州节度使","1","1","2"
"节度使薛能","1","1","2"
"节度使支详","1","1","2"
"率土大将军","1","1","2"
"留守刘允章","1","1","2"
"守刘允章率","1","1","2"
"时左军中尉","1","1","2"
"左军中尉田","1","1","2"
"军中尉田令","1","1","2"
"尉田令孜专","1","1","2"
"宰相卢携曲","1","1","2"
"含光殿金光","1","1","2"
"光殿金光门","1","1","2"
"时右骁卫大","1","1","2"
"时宰相豆卢","1","1","2"
"相左仆射刘","1","1","2"
"太子少师裴","1","1","2"
"子少师裴谂","1","1","2"
"史中丞赵蒙","1","1","2"
"部侍郎李溥","1","1","2"
"将作监郑綦","1","1","2"
"库部郎中郑","1","1","2"
"原节度使郑","1","1","2"
"行营招讨副","1","1","2"
"营招讨副使","1","1","2"
"招讨副使诸","1","1","2"
"讨副使诸葛","1","1","2"
"副使诸葛爽","1","1","2"
"北面行营马","1","1","2"
"面行营马步","1","1","2"
"行营马步都","1","1","2"
"营马步都虞","1","1","2"
"李思恭等行","1","1","2"
"河中马步都","1","1","2"
"中马步都虞","1","1","2"
"步都虞候王","1","1","2"
"都虞候王重","1","1","2"
"虞候王重荣","1","1","2"
"代州北面行","1","1","2"
"州北面行营","1","1","2"
"面行营都监","1","1","2"
"营都监押陈","1","1","2"
"都监押陈景","1","1","2"
"监押陈景思","1","1","2"
"押陈景思率","1","1","2"
"京西诸道行","1","1","2"
"西诸道行营","1","1","2"
"原节度使程","1","1","2"
"节度使程宗","1","1","2"
"度使程宗楚","1","1","2"
"州经略使仇","1","1","2"
"经略使仇公","1","1","2"
"略使仇公遇","1","1","2"
"鄜延节度使","2","0","2"
"州节度使拓","1","1","2"
"前大同军防","1","1","2"
"防御使李克","1","1","2"
"书右仆射赵","1","1","2"
"右仆射赵隐","1","1","2"
"改广明二年","1","1","2"
"郑滑观察处","1","1","2"
"滑观察处置","1","1","2"
"充京城四面","1","1","2"
"京城四面行","1","1","2"
"城四面行营","1","1","2"
"太子太保崔","1","1","2"
"子太保崔安","1","1","2"
"太保崔安潜","1","1","2"
"高骈诸道行","1","1","2"
"京城北面都","1","1","2"
"城北面都统","1","1","2"
"节度使王处","1","1","2"
"度使王处存","1","1","2"
"京城东面都","1","1","2"
"城东面都统","1","1","2"
"京城西面都","1","1","2"
"城西面都统","1","1","2"
"方军节度使","1","1","2"
"军节度使拓","1","1","2"
"京城南面都","1","1","2"
"城南面都统","1","1","2"
"监军使杨复","1","1","2"
"军使杨复光","1","1","2"
"将秦宗权奏","1","1","2"
"将孟方立率","1","1","2"
"京城四面催","1","1","2"
"城四面催阵","1","1","2"
"四面催阵使","1","1","2"
"部尚书王徽","1","1","2"
"凤翔大将李","1","1","2"
"翔大将李昌","1","1","2"
"大将李昌言","1","1","2"
"将李昌言代","1","1","2"
"京城西面行","1","1","2"
"城西面行营","1","1","2"
"逐节度使安","1","1","2"
"节度使安师","1","1","2"
"度使安师儒","1","1","2"
"行营都统王","1","1","2"
"营都统王铎","1","1","2"
"都统王铎率","1","1","2"
"泾原大将唐","1","1","2"
"原大将唐弘","1","1","2"
"大将唐弘夫","1","1","2"
"京师百姓迎","1","1","2"
"前蔚州刺史","1","1","2"
"蔚州刺史苏","1","1","2"
"冻死者十二","2","0","2"
"死者十二三","2","0","2"
"使诸葛爽弃","1","1","2"
"诸葛爽弃城","1","1","2"
"李详守华州","1","1","2"
"岚州刺史汤","1","1","2"
"州刺史汤群","1","1","2"
"节度使曹全","1","1","2"
"监军陈景思","1","1","2"
"华州守将归","1","1","2"
"深赵观察处","2","0","2"
"邑六千户王","1","1","2"
"六千户王景","1","1","2"
"千户王景崇","1","1","2"
"大将乐彦祯","1","1","2"
"将乐彦祯先","1","1","2"
"降贼党三万","1","1","2"
"门节度使李","1","1","2"
"大将张仲庆","1","1","2"
"大将张行方","1","1","2"
"大将顾彦朗","1","1","2"
"左神策弩手","1","1","2"
"神策弩手甄","1","1","2"
"策弩手甄君","1","1","2"
"弩手甄君楚","1","1","2"
"军使杨守亮","1","1","2"
"忠顺都将胡","1","1","2"
"顺都将胡贞","1","1","2"
"绛州监军毛","1","1","2"
"州监军毛宣","1","1","2"
"监军毛宣伯","1","1","2"
"聂弘裕等七","1","1","2"
"弘裕等七十","1","1","2"
"裕等七十都","1","1","2"
"升阳殿合围","1","1","2"
"制河中节度","2","0","2"
"右仆射王重","1","1","2"
"仆射王重荣","1","1","2"
"王重荣检校","2","0","2"
"门北行营节","2","0","2"
"校司空王处","1","1","2"
"司空王处存","1","1","2"
"武节度观察","2","0","2"
"京城西北面","1","1","2"
"城西北面行","1","1","2"
"宁节度使硃","2","0","2"
"节度使硃玫","2","0","2"
"封吴兴县侯","1","1","2"
"王铎行营都","1","1","2"
"铎行营都统","1","1","2"
"依前检校太","2","0","2"
"时中尉田令","1","1","2"
"兵马都监杨","1","1","2"
"马都监杨复","1","1","2"
"都监杨复光","1","1","2"
"资忠耀武匡","1","1","2"
"忠耀武匡国","1","1","2"
"耀武匡国平","1","1","2"
"武匡国平难","1","1","2"
"匡国平难功","1","1","2"
"国平难功臣","1","1","2"
"都头鹿晏弘","1","1","2"
"刺史秦宗权","1","1","2"
"封四百户陈","1","1","2"
"四百户陈敬","1","1","2"
"前振武节度","2","0","2"
"史大夫李国","1","1","2"
"大夫李国昌","1","1","2"
"大将鹿晏弘","1","1","2"
"逐节度使牛","1","1","2"
"节度使牛勖","1","1","2"
"阳节度使诸","1","1","2"
"节度使周岌","1","1","2"
"监军使史敬","1","1","2"
"军使史敬思","1","1","2"
"太山狼虎谷","1","1","2"
"封陇西郡王","1","1","2"
"道节度使鹿","1","1","2"
"节度使鹿晏","1","1","2"
"度使鹿晏弘","1","1","2"
"博节度使乐","1","1","2"
"节度使乐彦","1","1","2"
"度使乐彦祯","1","1","2"
"余人皆遇害","2","0","2"
"光启元年春","1","1","2"
"车驾次凤翔","2","0","2"
"贼秦宗权侵","1","1","2"
"蔡州西北面","1","1","2"
"州西北面行","1","1","2"
"杭州刺史董","1","1","2"
"州刺史董昌","1","1","2"
"刺史董昌大","1","1","2"
"史董昌大败","1","1","2"
"董昌大败刘","1","1","2"
"昌大败刘汉","1","1","2"
"大败刘汉宏","1","1","2"
"杭州大将钱","1","1","2"
"招募新军五","1","1","2"
"募新军五十","1","1","2"
"新军五十四","1","1","2"
"军五十四都","1","1","2"
"郡王王重荣","1","1","2"
"河中晋慈隰","1","1","2"
"中晋慈隰节","1","1","2"
"宰臣萧遘率","1","1","2"
"德光烈孝皇","1","1","2"
"定州王处存","1","1","2"
"衙将卢彦威","1","1","2"
"黔中节度观","2","0","2"
"中节度观察","2","0","2"
"神策军溃散","1","1","2"
"令京兆尹王","1","1","2"
"京兆尹王徽","1","1","2"
"飞龙使杨复","1","1","2"
"龙使杨复恭","1","1","2"
"部尚书孔纬","1","1","2"
"州奏事判官","1","1","2"
"奏事判官李","1","1","2"
"事判官李松","1","1","2"
"判官李松年","1","1","2"
"时兴元节度","1","1","2"
"西川节度监","1","1","2"
"川节度监军","1","1","2"
"内枢密使杨","1","1","2"
"枢密使杨复","1","1","2"
"密使杨复恭","1","1","2"
"使石君涉弃","1","1","2"
"石君涉弃城","1","1","2"
"败邠州军凤","2","0","2"
"邠州军凤州","2","0","2"
"四月庚戌朔","2","0","2"
"迫宰相萧遘","1","1","2"
"户部侍郎柳","1","1","2"
"部侍郎柳涉","1","1","2"
"户部侍郎夏","1","1","2"
"部侍郎夏侯","1","1","2"
"侍郎夏侯潭","1","1","2"
"杨复恭兄弟","1","1","2"
"议大夫刘崇","1","1","2"
"大夫刘崇望","1","1","2"
"扈跸都将杨","1","1","2"
"跸都将杨守","1","1","2"
"都将杨守亮","1","1","2"
"度使李全忠","1","1","2"
"衙将张骁主","1","1","2"
"爱将王行瑜","1","1","2"
"兴元城南门","1","1","2"
"将李罕泽州","2","0","2"
"州都将王行","1","1","2"
"都将王行瑜","1","1","2"
"李鋋检校司","2","0","2"
"都头杨守宗","2","0","2"
"二月乙巳朔","2","0","2"
"度支使薛朗","1","1","2"
"节度使李昌","1","1","2"
"度使李昌符","1","1","2"
"使李昌符请","1","1","2"
"伪宰相裴彻","1","1","2"
"扬州牙将毕","2","0","2"
"州牙将毕师","2","0","2"
"毕师铎高邮","2","0","2"
"怀州刺史张","1","1","2"
"州刺史张全","1","1","2"
"刺史张全义","1","1","2"
"史张全义收","1","1","2"
"州观察使秦","1","1","2"
"观察使秦彦","1","1","2"
"天威军都头","1","1","2"
"威军都头杨","1","1","2"
"军都头杨守","1","1","2"
"都头杨守立","1","1","2"
"李昌符争道","1","1","2"
"将常行儒杀","1","1","2"
"孝明太后等","1","1","2"
"宰相郑延昌","1","1","2"
"造成十一间","1","1","2"
"州刺史薛知","1","1","2"
"刺史薛知筹","1","1","2"
"陇右节度等","2","0","2"
"右节度等使","2","0","2"
"杨行密急攻","1","1","2"
"行密急攻广","1","1","2"
"密急攻广陵","1","1","2"
"十二月己巳","2","0","2"
"川节度使顾","1","1","2"
"节度使顾彦","1","1","2"
"度使顾彦朗","1","1","2"
"壁州刺史王","1","1","2"
"文德元年春","1","1","2"
"故凤翔陇右","1","1","2"
"陇右节度观","2","0","2"
"右节度观察","2","0","2"
"三千户郑畋","1","1","2"
"宰臣韦昭度","1","1","2"
"臣韦昭度率","1","1","2"
"天宝元年四","1","1","2"
"宝元年四月","1","1","2"
"郭子仪等八","1","1","2"
"子仪等八人","1","1","2"
"历十四年五","1","1","2"
"十四年五月","1","1","2"
"平章事常衮","1","1","2"
"贡春酒十斛","1","1","2"
"北大都护充","1","1","2"
"关内支度盐","1","1","2"
"内支度盐池","1","1","2"
"支度盐池六","1","1","2"
"度盐池六城","1","1","2"
"盐池六城水","1","1","2"
"池六城水运","1","1","2"
"六城水运大","1","1","2"
"城水运大使","1","1","2"
"河阳等道观","1","1","2"
"阳等道观察","1","1","2"
"一千九百户","1","1","2"
"千九百户郭","1","1","2"
"九百户郭子","1","1","2"
"百户郭子仪","1","1","2"
"千五百人粮","1","1","2"
"贡珍禽异兽","1","1","2"
"林大将军吴","1","1","2"
"大将军吴希","1","1","2"
"将军吴希光","1","1","2"
"检校散骑常","1","1","2"
"校散骑常侍","1","1","2"
"渭北鄜坊丹","2","0","2"
"北鄜坊丹延","2","0","2"
"鄜坊丹延都","2","0","2"
"坊丹延都团","2","0","2"
"丹延都团练","2","0","2"
"城镇遏使马","1","1","2"
"镇遏使马燧","1","1","2"
"使马燧检校","2","0","2"
"节度留后鲍","1","1","2"
"度留后鲍防","1","1","2"
"寿州刺史杜","1","1","2"
"州刺史杜亚","1","1","2"
"天宝中杨国","1","1","2"
"宝中杨国忠","1","1","2"
"中杨国忠册","1","1","2"
"畿观察使鲍","1","1","2"
"判度支盐铁","2","0","2"
"李正己司徒","1","1","2"
"延英南药院","1","1","2"
"置东都京畿","1","1","2"
"东都京畿观","1","1","2"
"都京畿观察","1","1","2"
"处州刺史王","1","1","2"
"州刺史王缙","1","1","2"
"湖州刺史第","1","1","2"
"睦州刺史李","1","1","2"
"州刺史李揆","1","1","2"
"任刺史县令","1","1","2"
"部侍郎袁傪","2","0","2"
"邕州所奏金","1","1","2"
"州所奏金坑","1","1","2"
"坑任人开采","2","0","2"
"右银台门客","1","1","2"
"银台门客省","1","1","2"
"刑部尚书白","1","1","2"
"部尚书白孝","1","1","2"
"尚书白孝德","1","1","2"
"秘书少监邵","1","1","2"
"书少监邵说","1","1","2"
"中书舍人令","1","1","2"
"书舍人令狐","1","1","2"
"陕州长史杜","1","1","2"
"州长史杜亚","1","1","2"
"平章事乔琳","1","1","2"
"加剑南西川","2","0","2"
"成都尹崔宁","1","1","2"
"鄜州刺史张","2","0","2"
"州刺史张光","1","1","2"
"刺史张光晟","1","1","2"
"胜等军州留","1","1","2"
"等军州留后","1","1","2"
"州刺史李建","1","1","2"
"建中元年春","1","1","2"
"正月丁卯朔","2","0","2"
"上尊号曰圣","1","1","2"
"号曰圣神文","1","1","2"
"曰圣神文武","1","1","2"
"圣神文武皇","1","1","2"
"神文武皇帝","1","1","2"
"十一人分行","1","1","2"
"一人分行天","1","1","2"
"贬尚书左仆","1","1","2"
"度留后李抱","1","1","2"
"留后李抱真","1","1","2"
"贬史馆修撰","1","1","2"
"右补阙柳冕","1","1","2"
"察御史张著","1","1","2"
"林学士张涉","1","1","2"
"谏议大夫韩","1","1","2"
"议大夫韩洄","1","1","2"
"泾原裨将刘","1","1","2"
"原裨将刘文","1","1","2"
"裨将刘文喜","1","1","2"
"观察使崔昭","1","1","2"
"察使崔昭册","1","1","2"
"妃父王景先","1","1","2"
"大将军李通","1","1","2"
"黔中经略招","2","0","2"
"中经略招讨","2","0","2"
"观察盐铁等","2","0","2"
"察盐铁等使","2","0","2"
"潮州刺史常","1","1","2"
"州刺史常衮","1","1","2"
"下平章事崔","1","1","2"
"平章事崔祐","2","0","2"
"章事崔祐甫","2","0","2"
"殿中监刘海","1","1","2"
"中监刘海宾","1","1","2"
"京兆尹源休","1","1","2"
"鸿胪寺左右","1","1","2"
"胪寺左右威","1","1","2"
"寺左右威远","1","1","2"
"左右威远营","1","1","2"
"右威远营隶","1","1","2"
"忠州刺史刘","1","1","2"
"州刺史刘晏","1","1","2"
"振武军使张","1","1","2"
"武军使张光","1","1","2"
"军使张光晟","1","1","2"
"使张光晟杀","1","1","2"
"绛观察使杜","1","1","2"
"尚书右丞孟","1","1","2"
"颜真卿太子","2","0","2"
"判度支韩洄","2","0","2"
"商州红崖冶","1","1","2"
"贬尚书左丞","1","1","2"
"尚书左丞薛","1","1","2"
"书左丞薛邕","1","1","2"
"昌化郡王白","1","1","2"
"化郡王白孝","1","1","2"
"郡王白孝德","1","1","2"
"工部尚书乔","1","1","2"
"部尚书乔琳","1","1","2"
"一百七十三","1","1","2"
"百七十三人","1","1","2"
"敬晖等五王","1","1","2"
"晖等五王官","1","1","2"
"钟绍京太子","1","1","2"
"绍京太子太","1","1","2"
"京太子太傅","1","1","2"
"蕃宰相论钦","1","1","2"
"宰相论钦明","1","1","2"
"相论钦明思","1","1","2"
"论钦明思等","1","1","2"
"钦明思等五","1","1","2"
"明思等五十","1","1","2"
"思等五十五","1","1","2"
"等五十五人","1","1","2"
"五十五人同","1","1","2"
"将相功臣房","1","1","2"
"相功臣房玄","1","1","2"
"功臣房玄龄","1","1","2"
"臣房玄龄等","1","1","2"
"房玄龄等一","1","1","2"
"玄龄等一百","1","1","2"
"龄等一百八","1","1","2"
"一百八十七","1","1","2"
"百八十七人","1","1","2"
"入一千三百","1","1","2"
"定等州观察","1","1","2"
"州刺史刘洽","1","1","2"
"户部尚书张","1","1","2"
"部尚书张献","1","1","2"
"尚书张献恭","1","1","2"
"河南尹赵惠","1","1","2"
"南尹赵惠伯","1","1","2"
"容州刺史卢","1","1","2"
"州刺史卢岳","1","1","2"
"监军刘惠光","1","1","2"
"兵九万二千","1","1","2"
"九万二千人","1","1","2"
"汾州刺史王","1","1","2"
"胜等州留后","1","1","2"
"使李希烈充","1","1","2"
"道都知兵马","1","1","2"
"都知兵马招","1","1","2"
"知兵马招抚","1","1","2"
"加苏州刺史","1","1","2"
"苏州刺史韩","1","1","2"
"御史中丞一","1","1","2"
"谏议大夫一","1","1","2"
"割东畿五县","1","1","2"
"东畿五县隶","1","1","2"
"西夏五十七","1","1","2"
"淮阳郡王侯","1","1","2"
"阳郡王侯希","1","1","2"
"郡王侯希逸","1","1","2"
"河中尹关播","1","1","2"
"同州刺史李","1","1","2"
"延观察留后","1","1","2"
"察留后李建","1","1","2"
"留后李建徽","1","1","2"
"平章事李正","1","1","2"
"章事李正己","1","1","2"
"书舍人卫晏","1","1","2"
"使李希烈攻","1","1","2"
"李希烈同中","1","1","2"
"翼国公路嗣","1","1","2"
"国公路嗣恭","1","1","2"
"杭州刺史元","1","1","2"
"州刺史元全","1","1","2"
"刺史元全柔","1","1","2"
"左仆射杨炎","1","1","2"
"仆射杨炎贬","1","1","2"
"射杨炎贬崖","1","1","2"
"杨炎贬崖州","1","1","2"
"炎贬崖州司","1","1","2"
"度使刘洽御","1","1","2"
"使刘洽御史","1","1","2"
"刘洽御史大","1","1","2"
"洽御史大夫","1","1","2"
"神策将曲环","1","1","2"
"度支郎中杜","1","1","2"
"支郎中杜佑","1","1","2"
"郎中杜佑代","1","1","2"
"陕州长史李","1","1","2"
"州长史李齐","1","1","2"
"商州刺史姚","1","1","2"
"州刺史姚明","1","1","2"
"将海州刺史","1","1","2"
"海州刺史王","1","1","2"
"州刺史王涉","1","1","2"
"中节度使马","1","1","2"
"赏破田悦功","2","0","2"
"子宾客王缙","1","1","2"
"宣王三十七","1","1","2"
"王三十七代","1","1","2"
"三十七代孙","1","1","2"
"十七代孙齐","1","1","2"
"七代孙齐贤","1","1","2"
"史杨政义州","2","0","2"
"滔检校司徒","1","1","2"
"沧三州节度","1","1","2"
"子宾客王武","1","1","2"
"宾客王武俊","1","1","2"
"恆冀都团练","2","0","2"
"故卫尉卿颜","1","1","2"
"卫尉卿颜杲","1","1","2"
"尉卿颜杲卿","1","1","2"
"故常山太守","1","1","2"
"常山太守袁","1","1","2"
"山太守袁履","1","1","2"
"太守袁履谦","1","1","2"
"守袁履谦左","1","1","2"
"袁履谦左散","1","1","2"
"履谦左散骑","1","1","2"
"谦左散骑常","1","1","2"
"故许州长史","1","1","2"
"许州长史庞","1","1","2"
"州长史庞坚","1","1","2"
"长史庞坚右","1","1","2"
"史庞坚右散","1","1","2"
"庞坚右散骑","1","1","2"
"坚右散骑常","1","1","2"
"故巩县主簿","1","1","2"
"巩县主簿蒋","1","1","2"
"县主簿蒋清","1","1","2"
"主簿蒋清礼","1","1","2"
"簿蒋清礼部","1","1","2"
"蒋清礼部侍","1","1","2"
"清礼部侍郎","1","1","2"
"故骁卫将军","1","1","2"
"代国公安金","1","1","2"
"国公安金藏","1","1","2"
"公安金藏兵","1","1","2"
"安金藏兵部","1","1","2"
"金藏兵部尚","1","1","2"
"藏兵部尚书","1","1","2"
"州刺史田昂","1","1","2"
"贬京兆尹卢","1","1","2"
"将士八百人","1","1","2"
"太常博士韦","1","1","2"
"常博士韦都","1","1","2"
"博士韦都宾","1","1","2"
"借京城富商","1","1","2"
"判度支杜佑","2","0","2"
"费度支钱一","1","1","2"
"度支钱一百","1","1","2"
"长安令薛苹","1","1","2"
"彭王傅徐浩","1","1","2"
"赠太子少师","2","0","2"
"平章事张镒","1","1","2"
"贬御史大夫","1","1","2"
"史大夫严郢","1","1","2"
"中侍御史郑","1","1","2"
"侍御史郑詹","1","1","2"
"太子詹事邵","1","1","2"
"子詹事邵说","1","1","2"
"使李怀光率","1","1","2"
"李怀光率神","1","1","2"
"怀光率神策","1","1","2"
"庭节度使杨","1","1","2"
"节度使杨休","1","1","2"
"度使杨休明","1","1","2"
"故河西节度","1","1","2"
"西节度使周","1","1","2"
"节度使周鼎","1","1","2"
"故西州刺史","1","1","2"
"西州刺史李","1","1","2"
"故瓜州刺史","1","1","2"
"瓜州刺史张","1","1","2"
"州刺史张铣","1","1","2"
"刺史张铣等","1","1","2"
"铣赠兵部侍","1","1","2"
"赠兵部侍郎","1","1","2"
"校左仆射马","1","1","2"
"左仆射马燧","1","1","2"
"仆射马燧同","1","1","2"
"射马燧同平","1","1","2"
"马燧同平章","1","1","2"
"燧同平章事","1","1","2"
"潞李抱真检","1","1","2"
"抱真检校右","1","1","2"
"真检校右仆","1","1","2"
"神策营招讨","1","1","2"
"策营招讨使","1","1","2"
"招讨使李晟","1","1","2"
"讨使李晟右","1","1","2"
"使李晟右散","1","1","2"
"李晟右散骑","1","1","2"
"晟右散骑常","1","1","2"
"书舍人赵赞","1","1","2"
"书左丞庾准","1","1","2"
"衢州刺史赵","1","1","2"
"州刺史赵涓","1","1","2"
"右庶子柳载","1","1","2"
"怀宁李希烈","1","1","2"
"西水陆运两","2","0","2"
"两税盐铁事","1","1","2"
"太子宾客第","1","1","2"
"子宾客第五","1","1","2"
"宾客第五琦","1","1","2"
"节度留后姚","1","1","2"
"度留后姚令","1","1","2"
"留后姚令言","1","1","2"
"江淮盐铁使","1","1","2"
"太常少卿包","1","1","2"
"常少卿包佶","1","1","2"
"川节度使张","1","1","2"
"节度使张延","1","1","2"
"度使张延赏","1","1","2"
"使张延赏检","1","1","2"
"延赏检校吏","1","1","2"
"赏检校吏部","1","1","2"
"大理少卿崔","1","1","2"
"理少卿崔纵","1","1","2"
"太子少师颜","1","1","2"
"子少师颜真","1","1","2"
"少师颜真卿","1","1","2"
"沂都团练使","2","0","2"
"团练使李洧","1","1","2"
"部将高承宗","1","1","2"
"官员外郎樊","1","1","2"
"员外郎樊泽","1","1","2"
"王武俊魏县","2","0","2"
"李纳称齐王","1","1","2"
"天下都元帅","1","1","2"
"相尚结赞同","2","0","2"
"李希烈陷汝","2","0","2"
"希烈陷汝州","2","0","2"
"武大将军哥","1","1","2"
"大将军哥舒","1","1","2"
"将军哥舒曜","1","1","2"
"建观察使常","1","1","2"
"观察使常衮","1","1","2"
"置河阳军节","1","1","2"
"河阳军节度","1","1","2"
"部侍郎蒋镇","1","1","2"
"侍郎蒋镇充","1","1","2"
"河阳等军节","1","1","2"
"阳等军节度","1","1","2"
"等军节度都","1","1","2"
"军节度都统","1","1","2"
"淮西招讨使","1","1","2"
"襄阳帅贾耽","1","1","2"
"江西嗣曹王","1","1","2"
"西嗣曹王等","1","1","2"
"哥舒曜进军","1","1","2"
"费钱一百三","1","1","2"
"钱一百三十","1","1","2"
"一百三十万","1","1","2"
"百三十万贯","1","1","2"
"子祭酒李揆","1","1","2"
"入吐蕃会盟","1","1","2"
"吐蕃会盟使","1","1","2"
"哥舒曜襄城","2","0","2"
"原节度使姚","1","1","2"
"节度使姚令","1","1","2"
"度使姚令言","1","1","2"
"使姚令言率","1","1","2"
"姚令言率泾","1","1","2"
"令言率泾原","1","1","2"
"右龙武军使","1","1","2"
"龙武军使令","1","1","2"
"武军使令狐","1","1","2"
"军使令狐建","1","1","2"
"元帅都虞候","1","1","2"
"帅都虞候浑","1","1","2"
"神策军使白","1","1","2"
"策军使白志","1","1","2"
"军使白志贞","1","1","2"
"中军鼓角使","1","1","2"
"金吾将军侯","1","1","2"
"吾将军侯仲","1","1","2"
"将军侯仲庄","1","1","2"
"奉天防城使","1","1","2"
"赐检校司空","1","1","2"
"检校司空崔","1","1","2"
"校司空崔宁","1","1","2"
"部尚书萧复","1","1","2"
"谏议大夫姜","1","1","2"
"议大夫姜公","1","1","2"
"大夫姜公辅","1","1","2"
"邠宁节度韩","2","0","2"
"宁节度韩游","2","0","2"
"节度韩游瑰","2","0","2"
"论惟明率兵","1","1","2"
"惟明率兵三","1","1","2"
"明率兵三千","1","1","2"
"大将吕希倩","1","1","2"
"灵武留后杜","1","1","2"
"武留后杜希","1","1","2"
"留后杜希全","1","1","2"
"盐州刺史戴","1","1","2"
"州刺史戴休","1","1","2"
"刺史戴休颜","1","1","2"
"夏州刺史时","1","1","2"
"州刺史时常","1","1","2"
"刺史时常春","1","1","2"
"朔方节度李","1","1","2"
"方节度李怀","1","1","2"
"遣兵马使张","1","1","2"
"兵马使张韶","1","1","2"
"马使张韶奉","1","1","2"
"商州都虞候","1","1","2"
"州都虞候王","1","1","2"
"都虞候王仙","1","1","2"
"虞候王仙鹤","1","1","2"
"商州防御使","1","1","2"
"湖南观察留","1","1","2"
"南观察留后","1","1","2"
"观察留后赵","1","1","2"
"察留后赵憬","1","1","2"
"员外郎陆贽","1","1","2"
"部员外郎吴","1","1","2"
"员外郎吴通","1","1","2"
"外郎吴通微","1","1","2"
"河中尹李齐","1","1","2"
"中尹李齐运","1","1","2"
"希烈陷汴州","2","0","2"
"兴元元年春","1","1","2"
"行军司马樊","1","1","2"
"军司马樊泽","1","1","2"
"司农卿张掖","1","1","2"
"农卿张掖王","1","1","2"
"卿张掖王段","1","1","2"
"张掖王段秀","1","1","2"
"掖王段秀实","1","1","2"
"加李怀光太","1","1","2"
"李怀光太尉","1","1","2"
"车驾幸梁州","2","0","2"
"戴休颜守奉","2","0","2"
"休颜守奉天","2","0","2"
"御史中丞齐","1","1","2"
"史中丞齐映","1","1","2"
"沿路置顿使","1","1","2"
"段威勇等千","1","1","2"
"威勇等千人","1","1","2"
"勇等千人奔","1","1","2"
"人奔归李晟","2","0","2"
"饶州刺史杜","1","1","2"
"州刺史杜佑","1","1","2"
"神策节度使","1","1","2"
"策节度使李","1","1","2"
"武节度使刘","1","1","2"
"度使刘洽加","1","1","2"
"知兵马使浑","1","1","2"
"奉天行营副","1","1","2"
"天行营副元","1","1","2"
"牙将田希鉴","1","1","2"
"将田希鉴杀","1","1","2"
"杀帅冯河清","2","0","2"
"尚书左丞赵","1","1","2"
"书左丞赵涓","1","1","2"
"魏博行军司","1","1","2"
"博行军司马","1","1","2"
"军司马田绪","1","1","2"
"司马田绪杀","1","1","2"
"左仆射李揆","1","1","2"
"吐蕃将论莽","1","1","2"
"李纳平章事","1","1","2"
"使陈少游加","1","1","2"
"陈少游加检","1","1","2"
"少游加检校","1","1","2"
"游加检校司","1","1","2"
"使李叔明太","2","0","2"
"李叔明太子","2","0","2"
"叔明太子太","2","0","2"
"明太子太傅","2","0","2"
"团练使高承","1","1","2"
"练使高承宗","1","1","2"
"破硃滔经城","2","0","2"
"黔南元全柔","1","1","2"
"桂管卢岳加","1","1","2"
"管卢岳加御","1","1","2"
"卢岳加御史","1","1","2"
"安西四镇节","1","1","2"
"西四镇节度","1","1","2"
"镇节度使郭","1","1","2"
"节度使郭昕","1","1","2"
"北庭都护李","1","1","2"
"庭都护李元","1","1","2"
"都护李元忠","1","1","2"
"护李元忠加","1","1","2"
"李元忠加左","1","1","2"
"元忠加左右","1","1","2"
"忠加左右仆","1","1","2"
"移军光泰门","2","0","2"
"军光泰门外","2","0","2"
"晟收复京城","1","1","2"
"升恆州大都","2","0","2"
"兵马使杨惠","1","1","2"
"马使杨惠元","1","1","2"
"使杨惠元右","1","1","2"
"杨惠元右仆","1","1","2"
"惠元右仆射","1","1","2"
"收京城露布","1","1","2"
"幽州军士韩","1","1","2"
"遣吏部侍郎","1","1","2"
"吏部侍郎班","1","1","2"
"侍郎班宏入","1","1","2"
"郎班宏入京","1","1","2"
"南郑县令赐","1","1","2"
"加兴元尹严","1","1","2"
"兴元尹严震","1","1","2"
"元尹严震检","1","1","2"
"尹严震检校","1","1","2"
"严震检校右","1","1","2"
"震检校右仆","1","1","2"
"实封八百户","1","1","2"
"韩游瑰检校","1","1","2"
"游瑰检校左","1","1","2"
"瑰检校左仆","1","1","2"
"戴休颜检校","1","1","2"
"休颜检校右","1","1","2"
"颜检校右仆","1","1","2"
"部员外郎顾","1","1","2"
"员外郎顾少","1","1","2"
"外郎顾少连","1","1","2"
"左右厢兵马","1","1","2"
"右厢兵马使","1","1","2"
"厢兵马使令","1","1","2"
"兵马使令狐","1","1","2"
"马使令狐建","1","1","2"
"斩伪相李忠","2","0","2"
"伪相李忠臣","2","0","2"
"王孙七十七","1","1","2"
"孙七十七人","1","1","2"
"遣事中孔巢","2","0","2"
"能保全终始","1","1","2"
"旌旗连亘数","2","0","2"
"旗连亘数十","2","0","2"
"连亘数十里","2","0","2"
"河中宣慰使","1","1","2"
"中宣慰使孔","1","1","2"
"宣慰使孔巢","1","1","2"
"慰使孔巢父","1","1","2"
"中官啖守盈","1","1","2"
"李晟永崇里","1","1","2"
"赠太尉段秀","2","0","2"
"段秀实树碑","1","1","2"
"青节度使承","1","1","2"
"合川郡王李","1","1","2"
"川郡王李晟","1","1","2"
"吾大将军杜","1","1","2"
"大将军杜希","1","1","2"
"将军杜希全","1","1","2"
"奉天行营节","1","1","2"
"天行营节度","1","1","2"
"西平长公主","1","1","2"
"湖州刺史袁","1","1","2"
"州刺史袁高","1","1","2"
"宗正卿李琬","1","1","2"
"王武俊加检","1","1","2"
"武俊加检校","1","1","2"
"俊加检校司","1","1","2"
"南节度使元","1","1","2"
"王希迁监左","1","1","2"
"希迁监左右","1","1","2"
"迁监左右神","1","1","2"
"监左右神策","1","1","2"
"神策军都知","1","1","2"
"策军都知兵","1","1","2"
"令诸道节度","1","1","2"
"道节度使明","1","1","2"
"赐米五万石","1","1","2"
"节度使田希","1","1","2"
"度使田希鉴","1","1","2"
"宋亳节度使","1","1","2"
"亳节度使刘","1","1","2"
"贼将翟崇晖","1","1","2"
"郑贲等五人","1","1","2"
"贲等五人献","1","1","2"
"宰相萧复三","1","1","2"
"平章事陈少","1","1","2"
"章事陈少游","1","1","2"
"萧定太子太","1","1","2"
"定太子太师","1","1","2"
"刑部侍郎杜","1","1","2"
"部侍郎杜亚","1","1","2"
"部郎中崔造","1","1","2"
"谏议大夫陆","1","1","2"
"议大夫陆贽","1","1","2"
"诏翰林学士","1","1","2"
"贞元元年正","1","1","2"
"元年正月丁","2","0","2"
"饶州刺史卢","1","1","2"
"吉州长史卢","1","1","2"
"州长史卢杞","1","1","2"
"郎刘太真分","1","1","2"
"校秘书监金","1","1","2"
"秘书监金良","1","1","2"
"书监金良相","1","1","2"
"守将黄金岳","1","1","2"
"宣武帅刘洽","1","1","2"
"观察使李谦","1","1","2"
"河阳都知兵","1","1","2"
"阳都知兵马","1","1","2"
"知兵马使雍","1","1","2"
"兵马使雍希","1","1","2"
"马使雍希颜","1","1","2"
"部侍郎韩洄","1","1","2"
"秋七月甲午","2","0","2"
"骑常侍李泌","1","1","2"
"道节度使韩","1","1","2"
"节度使韩滉","2","0","2"
"河南尹薛珏","1","1","2"
"部尚书王士","1","1","2"
"尚书王士真","1","1","2"
"德棣都团练","1","1","2"
"棣都团练观","1","1","2"
"御史中丞刘","1","1","2"
"史中丞刘怦","1","1","2"
"卢龙等军使","1","1","2"
"骑常侍柳浑","1","1","2"
"议大夫高参","1","1","2"
"权知军州事","2","0","2"
"同华骆元光","1","1","2"
"奉诚康日知","1","1","2"
"诚康日知等","1","1","2"
"康日知等大","1","1","2"
"日知等大将","1","1","2"
"共赐钱七百","1","1","2"
"赐钱七百万","1","1","2"
"钱七百万贯","1","1","2"
"一千五百石","1","1","2"
"骑常侍刘滋","1","1","2"
"中书舍人齐","1","1","2"
"书舍人齐映","1","1","2"
"礼部侍郎鲍","1","1","2"
"部侍郎鲍防","1","1","2"
"京兆尹韩洄","1","1","2"
"国子祭酒包","1","1","2"
"子祭酒包佶","1","1","2"
"江陵少尹李","1","1","2"
"陵少尹李复","1","1","2"
"史大夫崔纵","1","1","2"
"翰林学士吉","1","1","2"
"林学士吉中","1","1","2"
"学士吉中孚","1","1","2"
"刺史差人送","1","1","2"
"道水陆转运","1","1","2"
"京兆少尹李","1","1","2"
"兆少尹李竦","1","1","2"
"司农卿李模","1","1","2"
"中观察使元","1","1","2"
"观察使元全","1","1","2"
"察使元全柔","1","1","2"
"州观察使李","1","1","2"
"观察使李泌","1","1","2"
"淮西牙将陈","1","1","2"
"西牙将陈仙","1","1","2"
"都统刘玄佐","1","1","2"
"北庭节度留","1","1","2"
"庭节度留后","1","1","2"
"度留后杨袭","1","1","2"
"留后杨袭古","1","1","2"
"庭节度使李","1","1","2"
"度使李元忠","1","1","2"
"州刺史程日","1","1","2"
"刺史程日华","1","1","2"
"淮西兵马使","1","1","2"
"西兵马使吴","1","1","2"
"兵马使吴少","1","1","2"
"马使吴少诚","1","1","2"
"加东都留守","1","1","2"
"东都留守贾","1","1","2"
"都留守贾耽","1","1","2"
"留守贾耽东","1","1","2"
"守贾耽东都","1","1","2"
"贾耽东都畿","1","1","2"
"邓都防御观","1","1","2"
"陇右行营节","1","1","2"
"右行营节度","1","1","2"
"营节度使曲","1","1","2"
"鄜坊节度唐","2","0","2"
"吾大将军论","1","1","2"
"大将军论惟","1","1","2"
"将军论惟明","1","1","2"
"吾大将军董","1","1","2"
"大将军董晋","1","1","2"
"散骑常侍蒋","1","1","2"
"遣河中节度","1","1","2"
"十六卫将军","1","1","2"
"置上将军一","1","1","2"
"上将军一人","1","1","2"
"左右金吾上","1","1","2"
"内外文武缺","1","1","2"
"外文武缺官","1","1","2"
"武威郡王李","1","1","2"
"威郡王李澄","1","1","2"
"部侍郎崔纵","1","1","2"
"左右卫上将","1","1","2"
"李晟部将王","1","1","2"
"河南等道秋","1","1","2"
"破吐蕃摧沙","1","1","2"
"两浙节度使","1","1","2"
"浙节度使韩","1","1","2"
"鄂岳卢玄卿","1","1","2"
"平章事崔造","1","1","2"
"贬尚书右丞","1","1","2"
"一百五十文","1","1","2"
"左仆射张延","1","1","2"
"仆射张延赏","1","1","2"
"礼部侍郎薛","1","1","2"
"部侍郎薛播","1","1","2"
"部侍郎李竦","1","1","2"
"部侍郎柳浑","1","1","2"
"北庭管内兵","1","1","2"
"庭管内兵马","1","1","2"
"管内兵马副","1","1","2"
"内兵马副元","1","1","2"
"奉天靖难功","1","1","2"
"天靖难功臣","1","1","2"
"五百户李晟","1","1","2"
"甥元帅兵马","1","1","2"
"元帅兵马使","1","1","2"
"帅兵马使王","1","1","2"
"论颊热入朝","1","1","2"
"蕃国人马真","1","1","2"
"五万九千余","1","1","2"
"万九千余人","1","1","2"
"马八万六千","1","1","2"
"八万六千匹","1","1","2"
"侍中浑瑊吐","2","0","2"
"中浑瑊吐蕃","2","0","2"
"吐蕃清水会","1","1","2"
"蕃清水会盟","1","1","2"
"清水会盟使","1","1","2"
"子司业裴胄","1","1","2"
"河南两府司","1","1","2"
"南两府司录","1","1","2"
"时宰相张延","1","1","2"
"相张延赏请","1","1","2"
"结赞同盟平","2","0","2"
"赞同盟平凉","2","0","2"
"夏二州居民","1","1","2"
"赐骆元光姓","1","1","2"
"骆元光姓曰","1","1","2"
"元光姓曰李","1","1","2"
"光姓曰李元","1","1","2"
"平章事萧复","1","1","2"
"左庶子崔造","1","1","2"
"回纥汗遣使","2","0","2"
"咸安公主降","2","0","2"
"太子太傅李","1","1","2"
"子太傅李叔","1","1","2"
"太傅李叔明","1","1","2"
"神策将魏循","1","1","2"
"策将魏循上","1","1","2"
"射生将韩钦","1","1","2"
"生将韩钦绪","1","1","2"
"将韩钦绪等","1","1","2"
"韩钦绪等十","1","1","2"
"钦绪等十余","1","1","2"
"绪等十余人","1","1","2"
"资敬寺妖僧","1","1","2"
"敬寺妖僧李","1","1","2"
"寺妖僧李广","1","1","2"
"妖僧李广弘","1","1","2"
"僧李广弘同","1","1","2"
"广弘同谋轨","2","0","2"
"十月十日大","1","1","2"
"月十日大举","1","1","2"
"死者百余人","2","0","2"
"南观察使赵","1","1","2"
"观察使赵憬","1","1","2"
"元七年春正","1","1","2"
"赵宗儒检校","2","0","2"
"司农卿李銛","2","0","2"
"毁东受降城","1","1","2"
"粟二十四万","2","0","2"
"右仆射上事","2","0","2"
"私觌正员官","2","0","2"
"正员官十余","1","1","2"
"六百八十五","1","1","2"
"百八十五万","1","1","2"
"八十五万九","1","1","2"
"十五万九千","1","1","2"
"五万九千二","1","1","2"
"九千二百贯","1","1","2"
"荧惑近太微","2","0","2"
"近太微右执","2","0","2"
"太微右执法","2","0","2"
"岐国公杜佑","1","1","2"
"月近南斗魁","2","0","2"
"大宰相金彦","1","1","2"
"封新罗国王","1","1","2"
"大宰相金崇","1","1","2"
"宰相金崇斌","1","1","2"
"相金崇斌等","1","1","2"
"金崇斌等三","1","1","2"
"崇斌等三人","1","1","2"
"歙观察使房","1","1","2"
"苏州刺史范","1","1","2"
"州刺史范传","1","1","2"
"刺史范传正","1","1","2"
"武大将军薛","1","1","2"
"时田季安死","1","1","2"
"魏博都知兵","1","1","2"
"博都知兵马","1","1","2"
"沂国公田兴","1","1","2"
"滑节度使袁","1","1","2"
"知制诰裴度","1","1","2"
"赏钱一百五","1","1","2"
"度副使田怀","1","1","2"
"副使田怀谏","1","1","2"
"州刺史裴堪","1","1","2"
"二月丙戌朔","2","0","2"
"郑余庆太子","2","0","2"
"左拾遗杨归","1","1","2"
"拾遗杨归厚","1","1","2"
"国子主簿分","1","1","2"
"子主簿分司","1","1","2"
"京兆尹裴向","1","1","2"
"官员二百五","1","1","2"
"员二百五十","1","1","2"
"二百五十三","1","1","2"
"郡开国公权","1","1","2"
"开国公权德","1","1","2"
"国公权德舆","1","1","2"
"权德舆守礼","2","0","2"
"德舆守礼部","2","0","2"
"舆守礼部尚","2","0","2"
"简检校户部","2","0","2"
"临淮郡开国","1","1","2"
"淮郡开国公","1","1","2"
"邑二千户武","1","1","2"
"二千户武元","1","1","2"
"千户武元衡","1","1","2"
"复入中书知","2","0","2"
"入中书知政","2","0","2"
"中书知政事","2","0","2"
"坏崇陵寝殿","1","1","2"
"经略使房启","1","1","2"
"开州刺史窦","1","1","2"
"州刺史窦群","1","1","2"
"坊观察使元","1","1","2"
"赂四万五千","1","1","2"
"四万五千贯","1","1","2"
"河中尹张弘","1","1","2"
"中尹张弘靖","1","1","2"
"东都留守韩","1","1","2"
"都留守韩皋","1","1","2"
"京师大风雨","1","1","2"
"权德舆检校","2","0","2"
"德舆检校吏","2","0","2"
"舆检校吏部","2","0","2"
"命中尉彭中","1","1","2"
"中尉彭中献","1","1","2"
"尉彭中献修","1","1","2"
"管观察使房","1","1","2"
"观察使房启","1","1","2"
"察使房启降","1","1","2"
"安南都护马","1","1","2"
"南都护马总","1","1","2"
"江州刺史张","1","1","2"
"坊观察使薛","1","1","2"
"蕲州刺史裴","1","1","2"
"州刺史裴行","1","1","2"
"刺史裴行立","1","1","2"
"裴行立安南","2","0","2"
"行立安南都","2","0","2"
"立安南都护","2","0","2"
"故徐州刺史","1","1","2"
"刺史李洧等","1","1","2"
"太白近轩辕","2","0","2"
"川节度使潘","1","1","2"
"节度使潘孟","1","1","2"
"度使潘孟阳","1","1","2"
"淄青李师道","2","0","2"
"事中窦易直","1","1","2"
"陕虢防御使","1","1","2"
"前朔方灵盐","1","1","2"
"盐节度使王","1","1","2"
"微西垣南首","1","1","2"
"西垣南首星","1","1","2"
"南观察使柳","1","1","2"
"观察使柳公","1","1","2"
"察使柳公绰","1","1","2"
"圣朝万岁乐","1","1","2"
"朝万岁乐谱","1","1","2"
"正少卿李道","1","1","2"
"少卿李道古","1","1","2"
"苏州刺史张","1","1","2"
"州刺史张正","1","1","2"
"刺史张正甫","1","1","2"
"普润镇使苏","1","1","2"
"润镇使苏光","1","1","2"
"镇使苏光荣","1","1","2"
"员外郎韦弘","1","1","2"
"外郎韦弘景","1","1","2"
"建观察使裴","1","1","2"
"泗州刺史薛","1","1","2"
"州刺史薛謇","1","1","2"
"龙武统军刘","1","1","2"
"武统军刘昌","1","1","2"
"统军刘昌裔","1","1","2"
"三万八千顷","1","1","2"
"观察使马总","1","1","2"
"管经略使崔","1","1","2"
"夔州刺史马","1","1","2"
"州刺史马平","1","1","2"
"刺史马平阳","1","1","2"
"度使张煦代","1","1","2"
"卫将军田进","1","1","2"
"夏绥银节度","1","1","2"
"滑州羊马城","1","1","2"
"南北长十四","1","1","2"
"北长十四里","1","1","2"
"深一丈七尺","1","1","2"
"累表辞相位","2","0","2"
"苏国珍等二","1","1","2"
"国珍等二百","1","1","2"
"珍等二百五","1","1","2"
"等二百五十","1","1","2"
"二百五十二","1","1","2"
"百五十二人","1","1","2"
"监军路朝见","1","1","2"
"常平义仓粟","2","0","2"
"月近心大星","2","0","2"
"高邑男李绛","1","1","2"
"妖人梁叔高","1","1","2"
"太子少傅郑","1","1","2"
"子少傅郑余","1","1","2"
"少傅郑余庆","1","1","2"
"前昭应令杜","1","1","2"
"昭应令杜式","1","1","2"
"应令杜式方","1","1","2"
"宜配享德宗","2","0","2"
"配享德宗庙","2","0","2"
"享德宗庙庭","2","0","2"
"郭下置延恩","2","0","2"
"下置延恩县","2","0","2"
"夏州观察使","1","1","2"
"夏税十三万","1","1","2"
"税十三万石","1","1","2"
"青苗钱五万","1","1","2"
"苗钱五万贯","1","1","2"
"天德军经略","1","1","2"
"德军经略使","1","1","2"
"军经略使周","1","1","2"
"经略使周怀","1","1","2"
"节度副使浑","1","1","2"
"度副使浑镐","1","1","2"
"龙武将军燕","1","1","2"
"武将军燕重","1","1","2"
"将军燕重旰","1","1","2"
"御史大夫赵","1","1","2"
"史大夫赵宗","1","1","2"
"大夫赵宗儒","1","1","2"
"中晋绛等州","2","0","2"
"子司议郎杜","1","1","2"
"八月乙巳朔","2","0","2"
"屯田郎中韦","1","1","2"
"田郎中韦绶","1","1","2"
"忠武军都知","1","1","2"
"武军都知兵","1","1","2"
"道节度使袁","1","1","2"
"使袁滋检校","2","0","2"
"使吴少阳卒","2","0","2"
"劫舞阳等四","1","1","2"
"舞阳等四县","1","1","2"
"部员外郎令","1","1","2"
"员外郎令狐","1","1","2"
"外郎令狐楚","1","1","2"
"李光颜许州","2","0","2"
"光颜许州刺","2","0","2"
"颜许州刺史","2","0","2"
"使严绶充申","2","0","2"
"严绶充申光","2","0","2"
"绶充申光蔡","2","0","2"
"充申光蔡等","2","0","2"
"光蔡等州招","2","0","2"
"尚书左丞吕","1","1","2"
"书左丞吕元","1","1","2"
"左丞吕元膺","1","1","2"
"御史中丞胡","1","1","2"
"史中丞胡证","1","1","2"
"太子太傅范","1","1","2"
"子太傅范希","1","1","2"
"太傅范希朝","1","1","2"
"书舍人裴度","1","1","2"
"吾大将军郭","1","1","2"
"大将军郭钊","1","1","2"
"校右仆射阎","1","1","2"
"右仆射阎巨","1","1","2"
"仆射阎巨源","1","1","2"
"羽林统军孟","1","1","2"
"林统军孟元","1","1","2"
"统军孟元阳","1","1","2"
"太子少保赵","1","1","2"
"子少保赵昌","1","1","2"
"金鱼袋韦贯","1","1","2"
"吴元济身官","2","0","2"
"元济身官爵","2","0","2"
"华州潼关防","1","1","2"
"州潼关防御","1","1","2"
"河东防秋将","1","1","2"
"东防秋将刘","1","1","2"
"防秋将刘辅","1","1","2"
"秋将刘辅杀","1","1","2"
"丰州刺史燕","1","1","2"
"州刺史燕重","1","1","2"
"刺史燕重旰","1","1","2"
"吾将军李奉","1","1","2"
"将军李奉仙","1","1","2"
"天德军西城","1","1","2"
"德军西城中","1","1","2"
"军西城中城","1","1","2"
"军司马李程","1","1","2"
"虔州司马韩","1","1","2"
"州司马韩泰","1","1","2"
"永州司马柳","1","1","2"
"州司马柳宗","1","1","2"
"司马柳宗元","1","1","2"
"饶州司马韩","1","1","2"
"州司马韩晔","1","1","2"
"朗州司马刘","1","1","2"
"州司马刘禹","1","1","2"
"司马刘禹锡","1","1","2"
"台州司马陈","1","1","2"
"州司马陈谏","1","1","2"
"李光颜破贼","2","0","2"
"河阴转运院","1","1","2"
"钱帛二十万","1","1","2"
"帛二十万贯","1","1","2"
"二十万贯匹","1","1","2"
"米二万四千","1","1","2"
"二万四千八","1","1","2"
"万四千八百","1","1","2"
"四千八百石","1","1","2"
"长安县令徐","1","1","2"
"安县令徐俊","1","1","2"
"五月辛未朔","2","0","2"
"刺御史中丞","1","1","2"
"郎许孟容请","1","1","2"
"积钱二万贯","1","1","2"
"张晏等八人","1","1","2"
"神策军长武","1","1","2"
"策军长武城","1","1","2"
"军长武城使","1","1","2"
"长武城使杜","1","1","2"
"武城使杜叔","1","1","2"
"城使杜叔良","1","1","2"
"定远城节度","1","1","2"
"乐寿两县本","1","1","2"
"马都尉王承","1","1","2"
"都尉王承系","1","1","2"
"太子赞善王","1","1","2"
"子赞善王承","1","1","2"
"赞善王承迪","1","1","2"
"丹王府司马","1","1","2"
"王府司马王","1","1","2"
"府司马王承","1","1","2"
"司马王承荣","1","1","2"
"马王承荣等","1","1","2"
"承宗上表怨","1","1","2"
"将作监王潜","1","1","2"
"京兆尹裴武","1","1","2"
"度使韩弘充","1","1","2"
"使韩弘充淮","1","1","2"
"韩弘充淮西","1","1","2"
"弘充淮西行","1","1","2"
"充淮西行营","1","1","2"
"淮西行营兵","1","1","2"
"西行营兵马","1","1","2"
"太子宾客韩","1","1","2"
"子宾客韩皋","1","1","2"
"部侍郎李逊","1","1","2"
"书权德舆奏","1","1","2"
"权德舆奏请","1","1","2"
"缯绢五十五","1","1","2"
"绢五十五万","1","1","2"
"五十五万匹","1","1","2"
"十五万匹供","1","1","2"
"军讨王承宗","2","0","2"
"太白犯镇星","2","0","2"
"李愿击败李","1","1","2"
"愿击败李师","1","1","2"
"击败李师道","1","1","2"
"斩首二千级","2","0","2"
"东都留守吕","1","1","2"
"都留守吕元","1","1","2"
"守吕元膺请","1","1","2"
"宫人七十二","1","1","2"
"人七十二人","1","1","2"
"承宗身官爵","2","0","2"
"子金吾将军","1","1","2"
"门戟四十七","1","1","2"
"绯鱼袋李逢","1","1","2"
"鱼袋李逢吉","1","1","2"
"逢吉门下侍","2","0","2"
"吉门下侍郎","2","0","2"
"绢四万匹赏","1","1","2"
"州刺史李绛","1","1","2"
"李绛兵部尚","2","0","2"
"绛兵部尚书","2","0","2"
"崩兴庆宫咸","2","0","2"
"兴庆宫咸宁","2","0","2"
"庆宫咸宁殿","2","0","2"
"臣李逢吉充","1","1","2"
"大行皇太后","2","0","2"
"缯帛五万匹","1","1","2"
"帛五万匹充","1","1","2"
"退保新兴栅","2","0","2"
"田弘正军讨","1","1","2"
"群臣上大行","2","0","2"
"唐节度使高","1","1","2"
"南节度使袁","1","1","2"
"随州刺史杨","1","1","2"
"五月内暴雨","1","1","2"
"四千七百户","1","1","2"
"一百七十人","1","1","2"
"部侍郎韦贯","1","1","2"
"贬湖南观察","2","0","2"
"部郎中李正","1","1","2"
"度支郎中薛","1","1","2"
"支郎中薛公","1","1","2"
"郎中薛公干","1","1","2"
"田郎中李宣","1","1","2"
"考功郎中韦","1","1","2"
"功郎中韦处","1","1","2"
"郎中韦处厚","1","1","2"
"员外郎崔韶","1","1","2"
"司农卿王遂","1","1","2"
"五十万贯供","1","1","2"
"内常侍梁守","1","1","2"
"校左仆射李","1","1","2"
"左丞卫次公","1","1","2"
"丞卫次公代","1","1","2"
"唐节度使李","1","1","2"
"判官刘协等","1","1","2"
"官刘协等七","1","1","2"
"刘协等七人","1","1","2"
"襄邓随唐复","2","0","2"
"邓随唐复郢","2","0","2"
"随唐复郢均","2","0","2"
"唐复郢均房","2","0","2"
"复郢均房等","2","0","2"
"郢均房等州","2","0","2"
"均房等州观","2","0","2"
"宣武军都虞","1","1","2"
"武军都虞候","1","1","2"
"军都虞候韩","1","1","2"
"都虞候韩公","1","1","2"
"虞候韩公武","1","1","2"
"魏博行营兵","1","1","2"
"博行营兵马","1","1","2"
"营兵马使田","1","1","2"
"兵马使田布","1","1","2"
"遂平三县隶","1","1","2"
"淮西宣慰副","1","1","2"
"西宣慰副使","1","1","2"
"蔡州留后马","1","1","2"
"州留后马总","1","1","2"
"三十八代孙","1","1","2"
"十八代孙孔","1","1","2"
"八代孙孔惟","1","1","2"
"宜令谏议大","2","0","2"
"议大夫张宿","1","1","2"
"部尚书王播","1","1","2"
"前剑南西川","1","1","2"
"史大夫李夷","1","1","2"
"大夫李夷简","1","1","2"
"东都留守许","1","1","2"
"都留守许孟","1","1","2"
"留守许孟容","1","1","2"
"华州刺史郑","1","1","2"
"州刺史郑权","1","1","2"
"景等州观察","1","1","2"
"节度使李惟","1","1","2"
"度使李惟简","1","1","2"
"户部侍郎孟","1","1","2"
"部侍郎孟简","1","1","2"
"简检校工部","2","0","2"
"南观察使袁","1","1","2"
"观察使袁滋","1","1","2"
"内库绢三十","1","1","2"
"库绢三十万","1","1","2"
"钱三十万贯","1","1","2"
"弘正检校司","2","0","2"
"平章事李夷","1","1","2"
"章事李夷简","1","1","2"
"左仆射郑余","1","1","2"
"仆射郑余庆","1","1","2"
"时刑部员外","1","1","2"
"道节度使权","1","1","2"
"节度使权德","1","1","2"
"度使权德舆","1","1","2"
"左卫将军高","1","1","2"
"铁转运使程","1","1","2"
"转运使程异","1","1","2"
"节度使卫次","1","1","2"
"度使卫次公","1","1","2"
"平凉镇遏兵","1","1","2"
"凉镇遏兵马","1","1","2"
"镇遏兵马使","1","1","2"
"遏兵马使郝","1","1","2"
"奏收复原州","1","1","2"
"天台山采仙","1","1","2"
"台山采仙药","1","1","2"
"华州刺史令","1","1","2"
"右龙武军六","1","1","2"
"龙武军六军","1","1","2"
"户共一千八","1","1","2"
"共一千八百","1","1","2"
"一千八百人","1","1","2"
"将夏侯澄等","1","1","2"
"夏侯澄等四","1","1","2"
"侯澄等四十","1","1","2"
"澄等四十七","1","1","2"
"等四十七人","1","1","2"
"义成军收管","1","1","2"
"侍郎韩愈上","1","1","2"
"郎韩愈上疏","1","1","2"
"韩愈上疏极","1","1","2"
"魏博军破贼","2","0","2"
"前沧州刺史","1","1","2"
"沧州刺史李","1","1","2"
"商州刺史严","1","1","2"
"州刺史严谟","1","1","2"
"王承宗绫绢","1","1","2"
"节度使孟简","1","1","2"
"度使孟简举","1","1","2"
"郧乡镇遏使","1","1","2"
"乡镇遏使赵","1","1","2"
"镇遏使赵洁","1","1","2"
"淄青都知兵","1","1","2"
"青都知兵马","1","1","2"
"知兵马使刘","1","1","2"
"兵马使刘悟","1","1","2"
"所管十二州","2","0","2"
"受田弘正所","1","1","2"
"田弘正所献","1","1","2"
"淄青兵马使","1","1","2"
"察御史刘悟","1","1","2"
"封彭城郡王","1","1","2"
"赐钱二万贯","1","1","2"
"华州刺史马","1","1","2"
"莱等州观察","1","1","2"
"淄青四面行","1","1","2"
"青四面行营","1","1","2"
"四面行营供","1","1","2"
"面行营供军","1","1","2"
"营供军使王","1","1","2"
"供军使王遂","1","1","2"
"十二州三镇","2","0","2"
"书舍人卫中","1","1","2"
"舍人卫中行","1","1","2"
"抚州司马令","1","1","2"
"州司马令狐","1","1","2"
"司马令狐通","1","1","2"
"部尚书李愿","1","1","2"
"刺史带本州","1","1","2"
"史带本州团","1","1","2"
"带本州团练","1","1","2"
"转运等使程","1","1","2"
"运等使程异","1","1","2"
"刑部侍郎柳","1","1","2"
"郎柳公绰充","1","1","2"
"州刺史李听","1","1","2"
"工部尚书郗","1","1","2"
"郗士美检校","2","0","2"
"歙观察使窦","1","1","2"
"观察使元锡","1","1","2"
"户部侍郎归","1","1","2"
"郑州刺史裴","1","1","2"
"前兵部尚书","1","1","2"
"尚书李绛检","2","0","2"
"书李绛检校","2","0","2"
"京西北巡边","1","1","2"
"西北巡边使","1","1","2"
"圣文神武法","1","1","2"
"文神武法天","1","1","2"
"神武法天应","1","1","2"
"武法天应道","1","1","2"
"法天应道皇","1","1","2"
"天应道皇帝","1","1","2"
"绢二十八万","1","1","2"
"二十八万匹","1","1","2"
"使持节怀州","1","1","2"
"持节怀州诸","1","1","2"
"节怀州诸军","1","1","2"
"怀州诸军事","1","1","2"
"紫金鱼袋令","1","1","2"
"金鱼袋令狐","1","1","2"
"鱼袋令狐楚","1","1","2"
"永州刺史韦","1","1","2"
"州刺史韦正","1","1","2"
"刺史韦正武","1","1","2"
"武邕管经略","2","0","2"
"中观察使魏","1","1","2"
"观察使魏义","1","1","2"
"察使魏义通","1","1","2"
"节度使王遂","1","1","2"
"棣州刺史曹","1","1","2"
"州刺史曹华","1","1","2"
"晋州防御使","1","1","2"
"刑部尚书郗","1","1","2"
"考功郎中萧","1","1","2"
"古书二十卷","1","1","2"
"子祭酒李逊","1","1","2"
"卫大将军田","1","1","2"
"大将军田缙","1","1","2"
"军粮四万石","1","1","2"
"相州刺史田","1","1","2"
"州刺史田融","1","1","2"
"州大都督长","1","1","2"
"大都督长史","1","1","2"
"都护李象古","1","1","2"
"唐州刺史桂","1","1","2"
"州刺史桂仲","1","1","2"
"刺史桂仲武","1","1","2"
"潮州刺史韩","1","1","2"
"一月乙亥朔","2","0","2"
"部尚书李鄘","2","0","2"
"灵武大将史","1","1","2"
"武大将史敬","1","1","2"
"大将史敬奉","1","1","2"
"金鱼袋崔群","1","1","2"
"镇冀观察使","1","1","2"
"冀观察使王","1","1","2"
"观察使王承","1","1","2"
"察使王承宗","1","1","2"
"置录事参军","1","1","2"
"录事参军一","1","1","2"
"南观察使崔","1","1","2"
"宣懿皇后韦","1","1","2"
"懿皇后韦氏","1","1","2"
"文宗追悔庄","1","1","2"
"宗追悔庄恪","1","1","2"
"追悔庄恪太","1","1","2"
"悔庄恪太子","1","1","2"
"子陈王成美","1","1","2"
"成四年冬十","1","1","2"
"四年冬十月","1","1","2"
"年冬十月宣","1","1","2"
"五年正月二","1","1","2"
"知枢密刘弘","2","0","2"
"枢密刘弘逸","2","0","2"
"东宫思贤殿","1","1","2"
"捕仙韶院副","1","1","2"
"仙韶院副使","1","1","2"
"韶院副使尉","1","1","2"
"院副使尉迟","1","1","2"
"副使尉迟璋","1","1","2"
"宰相杨嗣复","1","1","2"
"仇士良立武","1","1","2"
"士良立武宗","1","1","2"
"妃韦氏追谥","1","1","2"
"宣懿皇太后","1","1","2"
"尉仇士良封","1","1","2"
"左军中尉鱼","1","1","2"
"军中尉鱼弘","1","1","2"
"太常卿崔郸","1","1","2"
"户部尚书判","1","1","2"
"部尚书判度","1","1","2"
"尚书判度支","1","1","2"
"年二月八日","1","1","2"
"华州刺史陈","1","1","2"
"州刺史陈夷","1","1","2"
"刺史陈夷行","1","1","2"
"卤簿使兵部","1","1","2"
"簿使兵部尚","1","1","2"
"使兵部尚书","1","1","2"
"逐节度使陈","1","1","2"
"节度使陈君","1","1","2"
"度使陈君赏","1","1","2"
"左仆射李德","1","1","2"
"仆射李德裕","1","1","2"
"裕吏部尚书","2","0","2"
"汴州刺史李","1","1","2"
"州刺史李绅","1","1","2"
"刺史李绅代","1","1","2"
"归真等八十","1","1","2"
"真等八十一","1","1","2"
"等八十一人","1","1","2"
"右拾遗王哲","1","1","2"
"拾遗王哲上","1","1","2"
"遗王哲上疏","1","1","2"
"节度使何进","1","1","2"
"度使何进滔","1","1","2"
"会昌元年正","1","1","2"
"昌元年正月","1","1","2"
"部尚书李绅","1","1","2"
"仇士良纪功","1","1","2"
"士良纪功碑","1","1","2"
"右仆射李程","1","1","2"
"观察使杨嗣","1","1","2"
"察使杨嗣复","1","1","2"
"观察使李珏","1","1","2"
"杭州刺史裴","1","1","2"
"州刺史裴夷","1","1","2"
"刺史裴夷直","1","1","2"
"山南东道蝗","1","1","2"
"造灵符应圣","1","1","2"
"灵符应圣院","1","1","2"
"令史官重修","1","1","2"
"时李德裕先","1","1","2"
"李德裕先请","1","1","2"
"谏议大夫七","1","1","2"
"议大夫七人","1","1","2"
"魏博兵马留","1","1","2"
"博兵马留后","1","1","2"
"兵马留后何","1","1","2"
"马留后何重","1","1","2"
"留后何重霸","1","1","2"
"天雄军节度","1","1","2"
"雄军节度使","1","1","2"
"崇玄馆学士","1","1","2"
"赐号广成先","1","1","2"
"号广成先生","1","1","2"
"左补阙刘彦","1","1","2"
"补阙刘彦谟","1","1","2"
"阙刘彦谟上","1","1","2"
"刘彦谟上疏","1","1","2"
"河南府户曹","1","1","2"
"请付御史台","1","1","2"
"防御使田牟","1","1","2"
"吾大将军王","1","1","2"
"大将军王会","1","1","2"
"正少卿李师","1","1","2"
"少卿李师偃","1","1","2"
"卢龙节度大","1","1","2"
"龙节度大使","1","1","2"
"幽州左司马","1","1","2"
"六万二千五","1","1","2"
"万二千五百","1","1","2"
"二千五百贯","1","1","2"
"平留官数百","1","1","2"
"太子太师致","2","0","2"
"子太师致仕","2","0","2"
"回纥乌介汗","2","0","2"
"彭城郡开国","1","1","2"
"城郡开国公","1","1","2"
"邑二千户刘","1","1","2"
"二千户刘沔","1","1","2"
"宰相作赦书","1","1","2"
"李德裕等知","1","1","2"
"赐钱三百贯","1","1","2"
"令京兆府供","1","1","2"
"相李德裕守","2","0","2"
"六月甲子朔","2","0","2"
"宰相受耶勿","1","1","2"
"归义军副使","1","1","2"
"岚州人田满","1","1","2"
"州人田满川","1","1","2"
"少师牛僧孺","1","1","2"
"督热论等十","1","1","2"
"热论等十五","1","1","2"
"论等十五人","1","1","2"
"论普热入朝","1","1","2"
"将作少监李","1","1","2"
"议大夫高少","1","1","2"
"大夫高少逸","1","1","2"
"本州押蕃落","1","1","2"
"银川监牧使","1","1","2"
"川监牧使何","1","1","2"
"监牧使何清","1","1","2"
"牧使何清朝","1","1","2"
"慰太皇太后","1","1","2"
"太皇太后深","1","1","2"
"中书门下条","2","0","2"
"书门下条疏","2","0","2"
"门下条疏闻","2","0","2"
"下条疏闻奏","2","0","2"
"注吾合素入","1","1","2"
"吾合素入朝","1","1","2"
"送公主入朝","1","1","2"
"送注吾合素","1","1","2"
"御史台四品","1","1","2"
"左军中尉楚","1","1","2"
"军中尉楚国","1","1","2"
"中尉楚国公","1","1","2"
"尉楚国公仇","1","1","2"
"楚国公仇士","1","1","2"
"国公仇士良","1","1","2"
"谛德伊斯难","1","1","2"
"德伊斯难珠","1","1","2"
"伊斯难珠入","1","1","2"
"斯难珠入朝","1","1","2"
"北面招讨泽","1","1","2"
"东面招讨泽","1","1","2"
"郓州旧将校","1","1","2"
"节度使李彦","1","1","2"
"度使李彦佐","1","1","2"
"泽潞西南面","1","1","2"
"潞西南面招","1","1","2"
"许节度使王","1","1","2"
"节度使王宰","1","1","2"
"度使王宰充","1","1","2"
"泽潞南面招","1","1","2"
"潞南面招讨","1","1","2"
"修国史李绅","1","1","2"
"馆事郑亚进","1","1","2"
"晋绛行营副","1","1","2"
"绛行营副招","1","1","2"
"营副招讨石","1","1","2"
"招讨石雄奏","1","1","2"
"郑滑濮观察","1","1","2"
"榆社行营都","1","1","2"
"社行营都将","1","1","2"
"行营都将王","1","1","2"
"营都将王逢","1","1","2"
"太原军二千","1","1","2"
"都头杨弁乘","1","1","2"
"逐太原节度","1","1","2"
"准开元二十","2","0","2"
"开元二十二","1","1","2"
"元二十二年","1","1","2"
"河东监军使","1","1","2"
"东监军使吕","1","1","2"
"监军使吕义","1","1","2"
"军使吕义忠","1","1","2"
"使吕义忠收","1","1","2"
"吕义忠收复","1","1","2"
"义忠收复太","1","1","2"
"忠收复太原","1","1","2"
"陵县开国男","1","1","2"
"邑三百户崔","1","1","2"
"三百户崔元","1","1","2"
"百户崔元式","1","1","2"
"安平郡开国","1","1","2"
"平郡开国公","1","1","2"
"宋滑院盐铁","1","1","2"
"检校司空杜","1","1","2"
"二千户李绅","1","1","2"
"减官员一千","1","1","2"
"官员一千一","1","1","2"
"员一千一百","1","1","2"
"一千一百一","1","1","2"
"千一百一十","1","1","2"
"一百一十四","1","1","2"
"百一十四员","1","1","2"
"邢州刺史裴","1","1","2"
"州刺史裴问","1","1","2"
"州刺史王钊","1","1","2"
"磁州刺史安","1","1","2"
"州刺史安玉","1","1","2"
"大将郭谊等","1","1","2"
"将郭谊等一","1","1","2"
"郭谊等一百","1","1","2"
"谊等一百五","1","1","2"
"等一百五十","1","1","2"
"东节度使陈","1","1","2"
"节度使陈夷","1","1","2"
"度使陈夷行","1","1","2"
"道节度使卢","1","1","2"
"节度使卢钧","1","1","2"
"邢洺观察等","2","0","2"
"逆贼郭谊等","1","1","2"
"方军节度大","1","1","2"
"两京天下州","2","0","2"
"京天下州府","2","0","2"
"时左仆射王","1","1","2"
"时道士赵归","1","1","2"
"罗浮道士邓","1","1","2"
"浮道士邓元","1","1","2"
"仁圣文武章","1","1","2"
"圣文武章天","1","1","2"
"文武章天成","1","1","2"
"武章天成功","1","1","2"
"章天成功神","1","1","2"
"天成功神德","1","1","2"
"成功神德明","1","1","2"
"功神德明道","1","1","2"
"神德明道皇","1","1","2"
"德明道皇帝","1","1","2"
"义安太后崩","1","1","2"
"部尚书归融","1","1","2"
"前太原节度","1","1","2"
"校司空李石","1","1","2"
"礼部贡举陈","1","1","2"
"部贡举陈商","1","1","2"
"翰林学士白","1","1","2"
"林学士白敏","1","1","2"
"学士白敏中","1","1","2"
"刘伯刍等七","1","1","2"
"伯刍等七人","1","1","2"
"部侍郎李回","1","1","2"
"僧尼二十六","2","0","2"
"尼二十六万","2","0","2"
"二十六万五","2","0","2"
"十六万五百","2","0","2"
"舍五百三十","1","1","2"
"五百三十九","1","1","2"
"百三十九间","1","1","2"
"东都两街请","1","1","2"
"水县武牢关","1","1","2"
"取寺中大殿","1","1","2"
"孟节度使差","1","1","2"
"悲田养病坊","1","1","2"
"事中韦弘质","1","1","2"
"中韦弘质上","1","1","2"
"监察御史陈","1","1","2"
"察御史陈师","1","1","2"
"御史陈师合","1","1","2"
"史陈师合上","1","1","2"
"陈师合上书","1","1","2"
"皆中书舍人","2","0","2"
"中书舍人六","1","1","2"
"书舍人六人","1","1","2"
"成玄元皇帝","1","1","2"
"散骑常侍裴","1","1","2"
"骑常侍裴章","1","1","2"
"监察元寿奏","1","1","2"
"前彭州刺史","1","1","2"
"彭州刺史李","1","1","2"
"买本州龙兴","1","1","2"
"本州龙兴寺","1","1","2"
"左拾遗王龟","1","1","2"
"州节度使米","1","1","2"
"节度使米暨","1","1","2"
"度使米暨充","1","1","2"
"东北道招讨","1","1","2"
"北道招讨党","1","1","2"
"道招讨党项","1","1","2"
"七年嫁左卫","1","1","2"
"年嫁左卫兵","1","1","2"
"嫁左卫兵曹","1","1","2"
"左卫兵曹萧","1","1","2"
"卫兵曹萧敏","1","1","2"
"前太子少保","1","1","2"
"太子少保刘","1","1","2"
"子少保刘沔","1","1","2"
"须令旧钱流","1","1","2"
"舒州刺史苏","1","1","2"
"州刺史苏涤","1","1","2"
"度使高承恭","1","1","2"
"使高承恭充","1","1","2"
"金国连入朝","1","1","2"
"李德裕等请","1","1","2"
"皇太叔光王","1","1","2"
"时年三十三","1","1","2"
"徽号曰圣敬","1","1","2"
"号曰圣敬文","1","1","2"
"曰圣敬文思","1","1","2"
"武光孝皇帝","1","1","2"
"左银台门楼","1","1","2"
"扬州都虞候","1","1","2"
"州都虞候卢","1","1","2"
"阿颜家吃酒","1","1","2"
"母阿焦同坐","1","1","2"
"江都县尉吴","1","1","2"
"都县尉吴湘","1","1","2"
"县尉吴湘密","1","1","2"
"尉吴湘密约","1","1","2"
"押军牙官李","1","1","2"
"军牙官李克","1","1","2"
"牙官李克勋","1","1","2"
"节度使李绅","1","1","2"
"元推判官魏","2","0","2"
"推判官魏铏","2","0","2"
"淮南都虞候","1","1","2"
"南都虞候刘","1","1","2"
"都虞候刘群","1","1","2"
"江都县典沈","1","1","2"
"都县典沈颁","1","1","2"
"节度押牙白","1","1","2"
"度押牙白沙","1","1","2"
"押牙白沙镇","1","1","2"
"牙白沙镇遏","1","1","2"
"白沙镇遏使","1","1","2"
"沙镇遏使傅","1","1","2"
"镇遏使傅义","1","1","2"
"左都虞候卢","1","1","2"
"天长县令张","1","1","2"
"长县令张弘","1","1","2"
"右厢子巡李","1","1","2"
"厢子巡李行","1","1","2"
"典臣金弘举","1","1","2"
"送吴湘妻女","1","1","2"
"澧州取受钱","1","1","2"
"州取受钱物","1","1","2"
"扬府录事参","1","1","2"
"事参军李公","1","1","2"
"参军李公佐","1","1","2"
"少保分司李","1","1","2"
"保分司李德","1","1","2"
"分司李德裕","1","1","2"
"节度使李回","1","1","2"
"管观察使郑","1","1","2"
"察使郑亚等","1","1","2"
"追夺三任官","1","1","2"
"李德裕先朝","1","1","2"
"崔元藻曾受","1","1","2"
"中书门下商","1","1","2"
"日本国王子","1","1","2"
"本国王子入","1","1","2"
"国王子入朝","1","1","2"
"王子入朝贡","1","1","2"
"太皇太后郭","1","1","2"
"皇太后郭氏","1","1","2"
"判度支崔龟","2","0","2"
"道节度使高","1","1","2"
"节度使高元","1","1","2"
"度使高元裕","1","1","2"
"街市投匿名","1","1","2"
"市投匿名文","1","1","2"
"投匿名文书","1","1","2"
"天下州府钱","1","1","2"
"下州府钱物","1","1","2"
"录事参军专","1","1","2"
"路随等所修","1","1","2"
"州府严加搜","1","1","2"
"府严加搜捕","1","1","2"
"节度使康季","1","1","2"
"度使康季荣","1","1","2"
"蕃宰相论恐","1","1","2"
"宰相论恐热","1","1","2"
"太仆卿陆耽","1","1","2"
"令灵武节度","1","1","2"
"节度使张君","1","1","2"
"度使张君绪","1","1","2"
"行兵部侍郎","2","0","2"
"鹿县开国男","1","1","2"
"紫金鱼袋魏","1","1","2"
"金鱼袋魏扶","1","1","2"
"平章事张仲","1","1","2"
"章事张仲武","1","1","2"
"军节度使韦","1","1","2"
"三州七关军","1","1","2"
"州七关军人","1","1","2"
"共赐绢十五","1","1","2"
"赐绢十五万","1","1","2"
"故意杀人者","1","1","2"
"右拾遗郑颢","1","1","2"
"建中三年三","1","1","2"
"中三年三月","1","1","2"
"三年三月二","1","1","2"
"二年十月二","1","1","2"
"年十月二十","1","1","2"
"二十六日刑","1","1","2"
"十六日刑部","1","1","2"
"六日刑部侍","1","1","2"
"日刑部侍郎","1","1","2"
"臣恐烦劳州","1","1","2"
"恐烦劳州县","1","1","2"
"道观察使幕","1","1","2"
"观察使幕中","1","1","2"
"皇第七子洽","1","1","2"
"第七子洽封","1","1","2"
"大中五年正","1","1","2"
"中五年正月","1","1","2"
"五年正月一","1","1","2"
"二百二十四","1","1","2"
"百二十四年","1","1","2"
"计六百四十","1","1","2"
"百四十六门","1","1","2"
"二千一百六","1","1","2"
"一百六十五","1","1","2"
"百六十五条","1","1","2"
"大中刑法统","1","1","2"
"中刑法统类","1","1","2"
"酌事体施行","1","1","2"
"沙州刺史张","1","1","2"
"州刺史张义","1","1","2"
"刺史张义潮","1","1","2"
"等十一州户","1","1","2"
"十一州户口","1","1","2"
"复陇右故地","2","0","2"
"伊等州节度","1","1","2"
"州防御使薛","1","1","2"
"防御使薛逵","1","1","2"
"成两州经略","1","1","2"
"两州经略使","1","1","2"
"大将军郑光","1","1","2"
"州刺史薛逵","1","1","2"
"修筑定成关","1","1","2"
"筑定成关工","1","1","2"
"晋陵郡开国","1","1","2"
"邑二千户归","1","1","2"
"二千户归融","1","1","2"
"宗正卿李文","1","1","2"
"左卫率府仓","1","1","2"
"卫率府仓曹","1","1","2"
"率府仓曹张","1","1","2"
"一千二百五","1","1","2"
"二百五十条","1","1","2"
"一百二十一","1","1","2"
"百二十一门","1","1","2"
"翰林学士苏","1","1","2"
"林学士苏涤","1","1","2"
"馆大学士崔","1","1","2"
"大学士崔铉","1","1","2"
"监修国史魏","1","1","2"
"许昌县开国","1","1","2"
"昌县开国男","1","1","2"
"县开国男陈","1","1","2"
"开国男陈商","1","1","2"
"侍郎裴谂改","1","1","2"
"郎中周敬复","1","1","2"
"中周敬复罚","1","1","2"
"周敬复罚两","1","1","2"
"考试官刑部","1","1","2"
"试官刑部郎","1","1","2"
"官刑部郎中","1","1","2"
"刑部郎中唐","1","1","2"
"部郎中唐枝","1","1","2"
"监察御史冯","1","1","2"
"察御史冯颛","1","1","2"
"御史冯颛罚","1","1","2"
"史冯颛罚一","1","1","2"
"冯颛罚一月","1","1","2"
"吏部东铨委","1","1","2"
"正月八日礼","1","1","2"
"月八日礼部","1","1","2"
"八日礼部贡","1","1","2"
"日礼部贡院","1","1","2"
"礼部贡院捉","1","1","2"
"全质等三人","1","1","2"
"质等三人伪","1","1","2"
"等三人伪造","1","1","2"
"令举人虞蒸","1","1","2"
"一千六百贯","1","1","2"
"钱未曾入手","1","1","2"
"一千户崔铉","1","1","2"
"童子等九科","1","1","2"
"备朝廷顾问","1","1","2"
"管观察使令","1","1","2"
"察使令狐定","1","1","2"
"邑二千户白","1","1","2"
"二千户白敏","1","1","2"
"府长史王绍","1","1","2"
"长史王绍鼎","1","1","2"
"军事王绍孚","1","1","2"
"京兆尹崔郢","1","1","2"
"一百五十户","1","1","2"
"百五十户裴","1","1","2"
"五十户裴识","1","1","2"
"定远等城节","1","1","2"
"远等城节度","1","1","2"
"等城节度使","1","1","2"
"宫闱局令王","1","1","2"
"闱局令王归","1","1","2"
"局令王归长","1","1","2"
"内侍省内常","1","1","2"
"侍省内常侍","1","1","2"
"右仆射王绍","1","1","2"
"仆射王绍鼎","1","1","2"
"紫金鱼袋曹","1","1","2"
"金鱼袋曹确","1","1","2"
"州防御使令","1","1","2"
"防御使令狐","1","1","2"
"御使令狐绪","1","1","2"
"太常卿苏涤","1","1","2"
"海郡开国伯","1","1","2"
"邑七百户封","1","1","2"
"七百户封敖","1","1","2"
"秦州刺史李","1","1","2"
"刺史李承勋","1","1","2"
"右补阙陈嘏","1","1","2"
"左拾遗王谱","1","1","2"
"罗浮山迎轩","1","1","2"
"浮山迎轩辕","1","1","2"
"山迎轩辕先","1","1","2"
"迎轩辕先生","1","1","2"
"黑车子阻路","1","1","2"
"子少师郑朗","1","1","2"
"三百户郑光","1","1","2"
"紫金鱼袋孔","1","1","2"
"金鱼袋孔温","1","1","2"
"鱼袋孔温业","1","1","2"
"本官分司东","1","1","2"
"官分司东都","1","1","2"
"幽州中军使","1","1","2"
"幽府左司马","1","1","2"
"御史中丞张","1","1","2"
"史中丞张简","1","1","2"
"中丞张简真","1","1","2"
"金鱼袋蒋系","1","1","2"
"舒州吴塘堰","1","1","2"
"罗浮山人轩","1","1","2"
"浮山人轩辕","1","1","2"
"山人轩辕集","1","1","2"
"王傅分司东","1","1","2"
"魏郡开国公","1","1","2"
"金鱼袋王式","1","1","2"
"金鱼袋杜胜","1","1","2"
"吾卫将军郑","1","1","2"
"卫将军郑汉","1","1","2"
"将军郑汉璋","1","1","2"
"鸿胪少卿郑","1","1","2"
"胪少卿郑汉","1","1","2"
"少卿郑汉卿","1","1","2"
"洪州贼毛合","1","1","2"
"宣州贼康全","1","1","2"
"州贼康全大","1","1","2"
"贼康全大攻","1","1","2"
"康全大攻掠","1","1","2"
"全大攻掠郡","1","1","2"
"大攻掠郡县","1","1","2"
"太子少保魏","1","1","2"
"遗诏立郓王","1","1","2"
"宪宗第三子","1","1","2"
"懿安皇后郭","1","1","2"
"安皇后郭氏","1","1","2"
"元十一年七","1","1","2"
"十一年七月","1","1","2"
"义军节度大","1","1","2"
"皇帝位太极","2","0","2"
"帝位太极殿","2","0","2"
"翰林学士段","1","1","2"
"林学士段文","1","1","2"
"学士段文昌","1","1","2"
"平章事皇甫","1","1","2"
"赐绯鱼袋萧","1","1","2"
"介国公宇文","1","1","2"
"国公宇文仲","1","1","2"
"公宇文仲达","1","1","2"
"察御史李德","1","1","2"
"御史李德裕","1","1","2"
"右拾遗李绅","1","1","2"
"策大将军张","1","1","2"
"大将军张维","1","1","2"
"将军张维清","1","1","2"
"幸左神策军","1","1","2"
"左神策军观","1","1","2"
"观察使裴行","1","1","2"
"察使裴行立","1","1","2"
"子宾客吕元","1","1","2"
"宾客吕元膺","1","1","2"
"言极谏等科","1","1","2"
"极谏等科目","1","1","2"
"虢国大长公","1","1","2"
"齐国大长公","1","1","2"
"右军中尉马","1","1","2"
"军中尉马进","1","1","2"
"中尉马进潭","1","1","2"
"魏弘简等请","1","1","2"
"史中丞崔植","1","1","2"
"御史台三院","1","1","2"
"年九月十七","1","1","2"
"三院御史职","1","1","2"
"刑部尚书司","2","0","2"
"部尚书司农","2","0","2"
"尚书司农卿","2","0","2"
"卫大将军郭","1","1","2"
"太子宾客留","1","1","2"
"子宾客留司","1","1","2"
"宾客留司东","1","1","2"
"客留司东都","1","1","2"
"吉州员外司","1","1","2"
"四千六百一","1","1","2"
"六百一十八","1","1","2"
"百一十八人","1","1","2"
"六百九十六","1","1","2"
"加衣粮半分","1","1","2"
"付度支收管","2","0","2"
"护桂仲武奏","1","1","2"
"青苗钱八万","1","1","2"
"苗钱八万三","1","1","2"
"钱八万三千","1","1","2"
"八万三千五","1","1","2"
"三千五百六","1","1","2"
"五百六十贯","1","1","2"
"使李光颜特","1","1","2"
"李光颜特进","1","1","2"
"史馆修撰李","1","1","2"
"馆修撰李翱","1","1","2"
"工部尚书归","1","1","2"
"部尚书归登","1","1","2"
"内库钱三十","1","1","2"
"库钱三十七","1","1","2"
"钱三十七万","1","1","2"
"七万五千贯","1","1","2"
"皇太后移居","1","1","2"
"观察使李绛","1","1","2"
"新成永安殿","2","0","2"
"幸安国寺观","1","1","2"
"管经略使杨","1","1","2"
"平卢军新加","1","1","2"
"置巡官一人","1","1","2"
"兵部尚书杨","1","1","2"
"护桂仲武斩","1","1","2"
"户曹参军韦","1","1","2"
"曹参军韦正","1","1","2"
"参军韦正牧","1","1","2"
"军韦正牧专","1","1","2"
"八千七百贯","1","1","2"
"一万三千贯","1","1","2"
"歙观察使令","1","1","2"
"河北税盐使","1","1","2"
"李光颜入朝","1","1","2"
"拾遗李珏等","1","1","2"
"知制诰李宗","1","1","2"
"制诰李宗闵","1","1","2"
"部侍郎崔群","1","1","2"
"武威郡开国","1","1","2"
"威郡开国公","1","1","2"
"二千户李光","1","1","2"
"千户李光颜","1","1","2"
"泗濠等州观","2","0","2"
"袁州刺史韩","1","1","2"
"史大夫崔群","1","1","2"
"共赐钱一万","1","1","2"
"赐钱一万贯","1","1","2"
"居舍人柏耆","1","1","2"
"魏博大都督","1","1","2"
"博大都督府","1","1","2"
"封三百户田","1","1","2"
"三百户田弘","1","1","2"
"百户田弘正","1","1","2"
"观察度支使","1","1","2"
"金吾左卫胄","1","1","2"
"吾左卫胄曹","1","1","2"
"左卫胄曹参","1","1","2"
"卫胄曹参军","1","1","2"
"察御史王承","1","1","2"
"御史王承元","1","1","2"
"滑州诸军事","1","1","2"
"磁等州观察","1","1","2"
"时夏州节度","1","1","2"
"节度使田缙","1","1","2"
"度使田缙贪","1","1","2"
"度使王涯陈","1","1","2"
"大将史重归","1","1","2"
"议大夫郑覃","1","1","2"
"赐钱一百万","1","1","2"
"兵二千人赴","2","0","2"
"华州刺史卫","1","1","2"
"州刺史卫中","1","1","2"
"刺史卫中行","1","1","2"
"充陕虢观察","2","0","2"
"幸金吾将军","1","1","2"
"泾原行营兵","1","1","2"
"保定郡王郝","1","1","2"
"故女学士宋","1","1","2"
"学士宋若华","1","1","2"
"若昭入宫掌","1","1","2"
"军节度使辛","1","1","2"
"节度使辛秘","1","1","2"
"知制诰牛僧","1","1","2"
"制诰牛僧孺","1","1","2"
"崖州司户参","1","1","2"
"司户参军皇","1","1","2"
"户参军皇甫","1","1","2"
"门员外郎白","1","1","2"
"员外郎白居","1","1","2"
"外郎白居易","1","1","2"
"七万五千四","1","1","2"
"万五千四百","1","1","2"
"四千九百六","1","1","2"
"千九百六十","1","1","2"
"等道防秋兵","2","0","2"
"募一千五百","1","1","2"
"节度使韩璀","1","1","2"
"度使韩璀改","1","1","2"
"使韩璀改名","1","1","2"
"前检校大理","1","1","2"
"驸马都尉刘","1","1","2"
"马都尉刘士","1","1","2"
"都尉刘士泾","1","1","2"
"事中韦弘景","1","1","2"
"平章事徐国","1","1","2"
"章事徐国公","1","1","2"
"事徐国公萧","1","1","2"
"骑常侍崔元","1","1","2"
"事中丁公著","1","1","2"
"国家天宝后","2","0","2"
"节度使刘总","1","1","2"
"三军赏设钱","2","0","2"
"军赏设钱一","2","0","2"
"赏设钱一百","2","0","2"
"设钱一百万","2","0","2"
"建安县开国","1","1","2"
"安县开国男","1","1","2"
"县开国男杜","1","1","2"
"开国男杜元","1","1","2"
"国男杜元颖","1","1","2"
"三万三千五","1","1","2"
"部侍郎李建","1","1","2"
"毗伽保义汗","2","0","2"
"滑节度使王","1","1","2"
"祖母晋国太","1","1","2"
"母晋国太夫","1","1","2"
"国太夫人李","1","1","2"
"太夫人李氏","1","1","2"
"放五百七十","1","1","2"
"五百七十人","1","1","2"
"请严加禁绝","1","1","2"
"事中韦弘庆","1","1","2"
"中韦弘庆充","1","1","2"
"斗加五十文","1","1","2"
"楚国公刘总","1","1","2"
"前检校司空","2","0","2"
"京兆尹卢士","1","1","2"
"兆尹卢士玫","1","1","2"
"宣慰使薛存","1","1","2"
"慰使薛存庆","1","1","2"
"田员外郎李","1","1","2"
"左补阙李绅","1","1","2"
"郑朗等一十","2","0","2"
"朗等一十四","2","0","2"
"主客郎中知","1","1","2"
"客郎中知制","1","1","2"
"中知制诰白","1","1","2"
"诰白居易等","1","1","2"
"漳州刺史韩","1","1","2"
"汀州刺史韩","1","1","2"
"循州刺史陈","1","1","2"
"州刺史陈谏","1","1","2"
"卢公亮等十","1","1","2"
"公亮等十一","1","1","2"
"亮等十一人","1","1","2"
"登罗羽录没","1","1","2"
"录没密施句","1","1","2"
"没密施句主","1","1","2"
"密施句主录","1","1","2"
"施句主录毗","1","1","2"
"句主录毗伽","1","1","2"
"衡州刺史令","1","1","2"
"吉州司马孟","1","1","2"
"州司马孟简","1","1","2"
"理寺三十五","1","1","2"
"寺三十五日","1","1","2"
"理寺三十日","1","1","2"
"刑部二十五","1","1","2"
"部二十五日","1","1","2"
"大理寺二十","1","1","2"
"理寺二十五","1","1","2"
"寺二十五日","1","1","2"
"刑部二十日","1","1","2"
"功员外郎李","1","1","2"
"员外郎李渤","1","1","2"
"相杜元颖等","1","1","2"
"幽州大将李","1","1","2"
"州大将李参","1","1","2"
"事中薛存庆","1","1","2"
"登罗骨没施","1","1","2"
"罗骨没施合","1","1","2"
"骨没施合毗","1","1","2"
"没施合毗伽","1","1","2"
"送公主入回","1","1","2"
"公主入回纥","1","1","2"
"主入回纥使","1","1","2"
"六月乙丑朔","2","0","2"
"御史中丞牛","1","1","2"
"史中丞牛僧","1","1","2"
"丞牛僧孺金","1","1","2"
"文武孝德皇","1","1","2"
"武孝德皇帝","1","1","2"
"幽州监军使","1","1","2"
"害判官韦雍","1","1","2"
"国子祭酒韩","1","1","2"
"子祭酒韩愈","1","1","2"
"御通化门临","2","0","2"
"通化门临送","2","0","2"
"镇州监军宋","1","1","2"
"州监军宋惟","1","1","2"
"衙将王廷凑","1","1","2"
"金吾将军杨","1","1","2"
"吾将军杨元","1","1","2"
"将军杨元卿","1","1","2"
"冀州刺史王","1","1","2"
"州刺史王进","1","1","2"
"刺史王进岌","1","1","2"
"前泾原节度","1","1","2"
"复检校工部","2","0","2"
"州团练使牛","1","1","2"
"团练使牛元","1","1","2"
"练使牛元翼","1","1","2"
"使牛元翼充","1","1","2"
"冀州刺史吴","1","1","2"
"观察使卢士","1","1","2"
"察使卢士玫","1","1","2"
"河东节度裴","2","0","2"
"东节度裴度","2","0","2"
"节度裴度充","2","0","2"
"度裴度充幽","2","0","2"
"建州刺史李","1","1","2"
"史李景俭谏","2","0","2"
"李景俭谏议","2","0","2"
"景俭谏议大","2","0","2"
"俭谏议大夫","2","0","2"
"常侍段文政","1","1","2"
"侍段文政监","1","1","2"
"博节度使李","1","1","2"
"骑都尉王播","1","1","2"
"卫大将军杜","1","1","2"
"大将军杜叔","1","1","2"
"将军杜叔良","1","1","2"
"军杜叔良充","1","1","2"
"冀诸道行营","1","1","2"
"诸道行营节","1","1","2"
"冀节度使牛","1","1","2"
"深赵等州节","1","1","2"
"赵等州节度","1","1","2"
"部郎中杨嗣","1","1","2"
"郎中杨嗣复","1","1","2"
"尚书丁公著","1","1","2"
"工部尚书韦","1","1","2"
"部尚书韦贯","1","1","2"
"尚书主客郎","1","1","2"
"书主客郎中","1","1","2"
"使裴度三上","2","0","2"
"御史大夫柳","1","1","2"
"史大夫柳公","1","1","2"
"大夫柳公绰","1","1","2"
"营节度使杜","1","1","2"
"节度使杜叔","1","1","2"
"度使杜叔良","1","1","2"
"胤检校司徒","1","1","2"
"观察使薛戎","1","1","2"
"使王智兴率","1","1","2"
"镇州行营供","1","1","2"
"州行营供军","1","1","2"
"试制科举人","2","0","2"
"度使薛平觉","1","1","2"
"诏中书舍人","2","0","2"
"缮部郎中陈","1","1","2"
"部郎中陈岵","1","1","2"
"功员外郎贾","1","1","2"
"管经略使留","1","1","2"
"经略使留后","1","1","2"
"略使留后严","1","1","2"
"使留后严公","1","1","2"
"留后严公素","1","1","2"
"留州留使钱","2","0","2"
"州留使钱内","2","0","2"
"留使钱内贯","2","0","2"
"使钱内贯割","2","0","2"
"钱内贯割二","2","0","2"
"内贯割二百","2","0","2"
"贯割二百文","2","0","2"
"割二百文助","2","0","2"
"二百文助军","2","0","2"
"使李光颜忠","2","0","2"
"光颜忠武军","2","0","2"
"颜忠武军节","2","0","2"
"员外郎独孤","1","1","2"
"外郎独孤朗","1","1","2"
"居舍人温造","1","1","2"
"员外郎李肇","1","1","2"
"员外郎王镒","1","1","2"
"醉见宰相谩","1","1","2"
"见宰相谩骂","1","1","2"
"知制诰杨嗣","1","1","2"
"制诰杨嗣复","1","1","2"
"冀行营都监","1","1","2"
"内库钱五万","1","1","2"
"库钱五万贯","1","1","2"
"幽州都知兵","1","1","2"
"州都知兵马","1","1","2"
"王廷凑杀害","1","1","2"
"计二百三十","1","1","2"
"七万五千八","1","1","2"
"万五千八百","1","1","2"
"七十六万二","1","1","2"
"六万二千四","1","1","2"
"万二千四百","1","1","2"
"二千四百三","1","1","2"
"千四百三十","1","1","2"
"四百三十二","1","1","2"
"春正月癸巳","2","0","2"
"夔州刺史王","1","1","2"
"州刺史王承","1","1","2"
"刺史王承弁","1","1","2"
"陷沧州弓高","1","1","2"
"沧州弓高县","1","1","2"
"魏博中军先","1","1","2"
"博中军先锋","1","1","2"
"中军先锋兵","1","1","2"
"锋兵马使史","1","1","2"
"兵马使史宪","1","1","2"
"马使史宪诚","1","1","2"
"刺史王日简","1","1","2"
"沧德棣观察","1","1","2"
"史大夫张平","1","1","2"
"大夫张平叔","1","1","2"
"节度使李逊","1","1","2"
"部尚书李逊","1","1","2"
"防御使李进","1","1","2"
"御使李进诚","1","1","2"
"盐定远城等","1","1","2"
"定远城等州","1","1","2"
"远城等州节","1","1","2"
"城等州节度","1","1","2"
"知制诰李德","1","1","2"
"制诰李德裕","1","1","2"
"工部侍郎元","1","1","2"
"部侍郎元稹","1","1","2"
"书舍人李德","1","1","2"
"舍人李德裕","1","1","2"
"知制诰李绅","1","1","2"
"右庶子王仲","1","1","2"
"庶子王仲周","1","1","2"
"检校左庶子","1","1","2"
"襄州军府事","1","1","2"
"牛元翼深州","2","0","2"
"令神策六军","1","1","2"
"左骁卫上将","1","1","2"
"卫上将军张","1","1","2"
"上将军张奉","1","1","2"
"将军张奉国","1","1","2"
"王廷凑合兵","1","1","2"
"新授东都留","1","1","2"
"授东都留守","1","1","2"
"右仆射韩皋","1","1","2"
"宰臣百僚皆","2","0","2"
"牛元翼率十","1","1","2"
"翼率十余骑","2","0","2"
"率十余骑突","2","0","2"
"十余骑突围","2","0","2"
"余骑突围深","2","0","2"
"骑突围深州","2","0","2"
"深州大将臧","1","1","2"
"州大将臧平","1","1","2"
"大将臧平等","1","1","2"
"将臧平等一","1","1","2"
"臧平等一百","1","1","2"
"平等一百八","1","1","2"
"一百八十人","1","1","2"
"棣节度使李","1","1","2"
"仆射韩皋赴","1","1","2"
"中使赐酒馔","2","0","2"
"管观察使杜","1","1","2"
"观察使杜式","1","1","2"
"察使杜式方","1","1","2"
"锦彩二百匹","1","1","2"
"秘书监严誉","1","1","2"
"德州刺史李","1","1","2"
"太子少傅严","1","1","2"
"子少傅严绶","1","1","2"
"轻车都尉李","1","1","2"
"车都尉李逢","1","1","2"
"都尉李逢吉","1","1","2"
"削长春宫使","2","0","2"
"前右仆射李","1","1","2"
"右仆射李夷","1","1","2"
"仆射李夷简","1","1","2"
"安南副使崔","1","1","2"
"南副使崔结","1","1","2"
"白居易杭州","1","1","2"
"居易杭州刺","1","1","2"
"易杭州刺史","1","1","2"
"滑节度使韩","1","1","2"
"武军节度押","1","1","2"
"军节度押衙","1","1","2"
"节度押衙李","1","1","2"
"绫绢五十万","1","1","2"
"绢五十万匹","1","1","2"
"牛元翼家族","2","0","2"
"忠烈公李忄","1","1","2"
"绛州刺史崔","1","1","2"
"州刺史崔弘","1","1","2"
"刺史崔弘礼","1","1","2"
"东畿防御副","1","1","2"
"畿防御副使","1","1","2"
"韩皋东都留","2","0","2"
"皋东都留守","2","0","2"
"东都留守陈","1","1","2"
"都留守陈楚","1","1","2"
"汴州监军姚","1","1","2"
"州监军姚文","1","1","2"
"监军姚文寿","1","1","2"
"华滑州刺史","2","0","2"
"宋州刺史高","1","1","2"
"刺史高承简","1","1","2"
"汴州防城兵","1","1","2"
"州防城兵马","1","1","2"
"防城兵马使","1","1","2"
"城兵马使李","1","1","2"
"浙西大将王","1","1","2"
"西大将王国","1","1","2"
"大将王国清","1","1","2"
"将王国清谋","1","1","2"
"道瀹等三人","1","1","2"
"子少师李夷","1","1","2"
"少师李夷简","1","1","2"
"阳节度使郭","1","1","2"
"吏部侍郎柳","1","1","2"
"柳公绰御史","2","0","2"
"万州刺史李","1","1","2"
"州刺史李元","1","1","2"
"刺史李元喜","1","1","2"
"山府沙陀突","1","1","2"
"府沙陀突厥","1","1","2"
"沙陀突厥兵","1","1","2"
"陀突厥兵马","1","1","2"
"突厥兵马使","1","1","2"
"许国公韩弘","1","1","2"
"部侍郎郑权","1","1","2"
"华州刺史许","1","1","2"
"州刺史许季","1","1","2"
"刺史许季同","1","1","2"
"副使光禄卿","1","1","2"
"使光禄卿李","1","1","2"
"光禄卿李宪","1","1","2"
"婚礼使卫尉","1","1","2"
"礼使卫尉卿","1","1","2"
"使卫尉卿李","1","1","2"
"卫尉卿李锐","1","1","2"
"副使宗正少","1","1","2"
"使宗正少卿","1","1","2"
"正少卿李子","1","1","2"
"少卿李子鸿","1","1","2"
"卿李子鸿等","1","1","2"
"卫大将军韩","1","1","2"
"大将军韩公","1","1","2"
"将军韩公武","1","1","2"
"户部尚书杨","1","1","2"
"侍讲学士谏","1","1","2"
"讲学士谏议","1","1","2"
"学士谏议大","1","1","2"
"士谏议大夫","1","1","2"
"谏议大夫路","1","1","2"
"议大夫路随","1","1","2"
"书左丞庾承","1","1","2"
"左丞庾承宣","1","1","2"
"幸华清宫迎","1","1","2"
"臣李逢吉率","1","1","2"
"请立皇太子","2","0","2"
"左仆射裴度","1","1","2"
"部侍郎张平","1","1","2"
"侍郎张平叔","1","1","2"
"郎张平叔贬","1","1","2"
"吏部侍郎窦","1","1","2"
"部侍郎窦易","1","1","2"
"侍郎窦易直","1","1","2"
"中观察使崔","1","1","2"
"观察使崔元","1","1","2"
"察使崔元略","1","1","2"
"太子宾客孟","1","1","2"
"子宾客孟简","1","1","2"
"虢观察使卫","1","1","2"
"观察使卫中","1","1","2"
"察使卫中行","1","1","2"
"礼部侍郎王","1","1","2"
"天平军监军","1","1","2"
"牙将王贽割","1","1","2"
"阳节度使陈","1","1","2"
"议大夫殷侑","1","1","2"
"一百二十贯","1","1","2"
"山南西道奏","1","1","2"
"书少监李随","1","1","2"
"史官沈传师","1","1","2"
"御史大夫韩","1","1","2"
"史大夫韩愈","1","1","2"
"国子祭酒韦","1","1","2"
"子祭酒韦乾","1","1","2"
"祭酒韦乾庆","1","1","2"
"滑节度使曹","1","1","2"
"元节度使韦","1","1","2"
"节度使韦绶","1","1","2"
"韩愈京兆尹","1","1","2"
"龙武统军陈","1","1","2"
"武统军陈楚","1","1","2"
"翰林学士庞","1","1","2"
"林学士庞严","1","1","2"
"本钱一万贯","1","1","2"
"军器使三千","1","1","2"
"器使三千贯","1","1","2"
"作毗沙门神","1","1","2"
"潞判官贾直","1","1","2"
"判官贾直言","1","1","2"
"官贾直言新","1","1","2"
"贾直言新授","1","1","2"
"新授谏议大","2","0","2"
"上元二年正","1","1","2"
"月生长安东","2","0","2"
"生长安东内","2","0","2"
"建中元年正","1","1","2"
"中元年正月","1","1","2"
"二十年九月","1","1","2"
"河阳三城行","1","1","2"
"阳三城行军","1","1","2"
"三城行军司","1","1","2"
"城行军司马","1","1","2"
"行军司马元","1","1","2"
"军司马元韶","1","1","2"
"易定张茂昭","2","0","2"
"贬京兆尹李","1","1","2"
"京兆尹李实","1","1","2"
"韦皋检校太","1","1","2"
"皋检校太尉","1","1","2"
"平章事杜祐","2","0","2"
"徐州节度赐","1","1","2"
"林学士王叔","1","1","2"
"学士王叔文","1","1","2"
"书舍人崔枢","1","1","2"
"史大夫张荐","1","1","2"
"杭州刺史韩","1","1","2"
"州刺史韩皋","1","1","2"
"右神策统军","1","1","2"
"城镇行营兵","1","1","2"
"管经略使韦","1","1","2"
"经略使韦丹","1","1","2"
"万年县令房","1","1","2"
"年县令房启","1","1","2"
"郴州司马郑","1","1","2"
"州司马郑余","1","1","2"
"司马郑余庆","1","1","2"
"国王大嵩璘","2","0","2"
"王大嵩璘检","2","0","2"
"大嵩璘检校","2","0","2"
"鄂岳沔蕲都","1","1","2"
"岳沔蕲都团","1","1","2"
"沔蕲都团练","1","1","2"
"蕲都团练观","1","1","2"
"前百姓所欠","1","1","2"
"五十二万六","1","1","2"
"十二万六千","1","1","2"
"二万六千八","1","1","2"
"八百四十一","1","1","2"
"百四十一贯","1","1","2"
"故道州刺史","1","1","2"
"道州刺史阳","1","1","2"
"州刺史阳城","1","1","2"
"户部侍郎潘","1","1","2"
"部侍郎潘孟","1","1","2"
"侍郎潘孟阳","1","1","2"
"州刺史程怀","1","1","2"
"刺史程怀信","1","1","2"
"米八十万石","1","1","2"
"米四十五万","1","1","2"
"四十五万石","1","1","2"
"宜令皇太子","2","0","2"
"太常卿杜黄","1","1","2"
"常卿杜黄裳","1","1","2"
"二十一年八","1","1","2"
"转运使王叔","1","1","2"
"运使王叔文","1","1","2"
"号曰应乾圣","2","0","2"
"曰应乾圣寿","2","0","2"
"太上皇崩兴","2","0","2"
"上皇崩兴庆","2","0","2"
"皇崩兴庆宫","2","0","2"
"享年四十六","1","1","2"
"年四十六岁","1","1","2"
"皇帝率群臣","2","0","2"
"大行太上皇","2","0","2"
"宪宗圣神章","1","1","2"
"宗圣神章武","1","1","2"
"历十三年二","1","1","2"
"贞元四年六","1","1","2"
"升平公主进","1","1","2"
"道州刺史路","1","1","2"
"南康郡王韦","1","1","2"
"康郡王韦皋","1","1","2"
"常州刺史穆","1","1","2"
"州刺史穆赞","1","1","2"
"观察使崔衍","1","1","2"
"平章事袁滋","1","1","2"
"剑南东西两","1","1","2"
"南东西两川","1","1","2"
"山南西道安","1","1","2"
"南西道安抚","1","1","2"
"西道安抚大","1","1","2"
"金鱼袋郑余","1","1","2"
"鱼袋郑余庆","1","1","2"
"饶州刺史李","1","1","2"
"州刺史李吉","1","1","2"
"刺史李吉甫","1","1","2"
"夔州刺史唐","1","1","2"
"州刺史唐次","1","1","2"
"城节度使元","1","1","2"
"节度使元韶","1","1","2"
"陈州刺史孟","1","1","2"
"州刺史孟元","1","1","2"
"刺史孟元阳","1","1","2"
"户部侍郎蔡","1","1","2"
"部侍郎蔡弁","1","1","2"
"京西神策行","1","1","2"
"西神策行营","1","1","2"
"行营节度行","1","1","2"
"营节度行军","1","1","2"
"行军司马韩","1","1","2"
"军司马韩泰","1","1","2"
"司马韩泰贬","1","1","2"
"贬抚州刺史","2","0","2"
"司封郎中韩","1","1","2"
"封郎中韩晔","1","1","2"
"部员外郎柳","1","1","2"
"员外郎柳宗","1","1","2"
"外郎柳宗元","1","1","2"
"郎柳宗元贬","1","1","2"
"田员外郎刘","1","1","2"
"员外郎刘禹","1","1","2"
"外郎刘禹锡","1","1","2"
"郎刘禹锡贬","1","1","2"
"坐交王叔文","2","0","2"
"宰臣剑南安","1","1","2"
"臣剑南安抚","1","1","2"
"剑南安抚使","1","1","2"
"南安抚使袁","1","1","2"
"安抚使袁滋","1","1","2"
"东观察使贾","1","1","2"
"观察使贾全","1","1","2"
"华州刺史杨","1","1","2"
"丞李鄘京兆","2","0","2"
"李鄘京兆尹","2","0","2"
"京兆尹王权","1","1","2"
"平章事韦执","1","1","2"
"章事韦执谊","1","1","2"
"川节度使袁","1","1","2"
"卫将军李演","1","1","2"
"右庶子武元","1","1","2"
"庶子武元衡","1","1","2"
"抚州刺史韩","1","1","2"
"河中少尹陈","1","1","2"
"中少尹陈谏","1","1","2"
"邵州刺史柳","1","1","2"
"州刺史柳宗","1","1","2"
"刺史柳宗元","1","1","2"
"连州刺史刘","1","1","2"
"池州刺史韩","1","1","2"
"州刺史凌准","1","1","2"
"岳州刺史程","1","1","2"
"州刺史程异","1","1","2"
"虢州刺史薛","1","1","2"
"州刺史薛苹","1","1","2"
"观察使穆赞","1","1","2"
"留守韦夏卿","1","1","2"
"议大夫韦丹","1","1","2"
"常州刺史路","1","1","2"
"州刺史路应","1","1","2"
"知制诰李吉","1","1","2"
"制诰李吉甫","1","1","2"
"李吉甫中书","2","0","2"
"功员外郎裴","1","1","2"
"奉上太上皇","1","1","2"
"应乾圣寿太","1","1","2"
"乾圣寿太上","1","1","2"
"圣寿太上皇","1","1","2"
"黄等州节度","1","1","2"
"子少保韦夏","1","1","2"
"少保韦夏卿","1","1","2"
"神策护军使","1","1","2"
"策护军使副","1","1","2"
"校司空王士","1","1","2"
"司空王士真","1","1","2"
"长武城防秋","1","1","2"
"武城防秋都","1","1","2"
"知兵马使高","1","1","2"
"兵马使高崇","1","1","2"
"马使高崇文","1","1","2"
"使高崇文检","2","0","2"
"右仆射伊慎","1","1","2"
"营节度使高","1","1","2"
"策兵马使李","1","1","2"
"兵马使李元","1","1","2"
"马使李元奕","1","1","2"
"使李元奕率","1","1","2"
"度支郎中敬","1","1","2"
"支郎中敬宽","1","1","2"
"行营粮料使","1","1","2"
"军节度使陆","1","1","2"
"故吉州刺史","1","1","2"
"吉州刺史姜","1","1","2"
"州刺史姜公","1","1","2"
"刺史姜公辅","1","1","2"
"京兆尹李鄘","2","0","2"
"吾大将军郑","1","1","2"
"大将军郑云","1","1","2"
"将军郑云逵","1","1","2"
"御史中丞武","1","1","2"
"史中丞武元","1","1","2"
"中丞武元衡","1","1","2"
"转运盐铁节","1","1","2"
"运盐铁节度","1","1","2"
"盐铁节度观","1","1","2"
"铁节度观察","1","1","2"
"团练防御招","1","1","2"
"练防御招讨","1","1","2"
"防御招讨经","1","1","2"
"御招讨经略","1","1","2"
"招讨经略等","1","1","2"
"讨经略等使","1","1","2"
"卫将军三品","1","1","2"
"礼部贡院官","1","1","2"
"部贡院官员","1","1","2"
"王颜任中丞","1","1","2"
"元十二年四","1","1","2"
"十二年四月","1","1","2"
"二年四月二","1","1","2"
"年四月二十","1","1","2"
"夏州兵马使","1","1","2"
"州兵马使张","1","1","2"
"兵马使张承","1","1","2"
"马使张承金","1","1","2"
"使张承金斩","1","1","2"
"安南经略副","1","1","2"
"南经略副使","1","1","2"
"经略副使张","1","1","2"
"略副使张舟","1","1","2"
"前剑南东川","1","1","2"
"节度使韦丹","1","1","2"
"前安南经略","1","1","2"
"南经略使赵","1","1","2"
"经略使赵昌","1","1","2"
"南节度使徐","1","1","2"
"节度使徐申","1","1","2"
"尚书省六品","1","1","2"
"京兆尹郑云","1","1","2"
"兆尹郑云逵","1","1","2"
"兵部侍郎韦","1","1","2"
"部侍郎韦武","1","1","2"
"节度使李康","1","1","2"
"横海军留后","1","1","2"
"海军留后程","1","1","2"
"军留后程执","1","1","2"
"留后程执恭","1","1","2"
"同平章事郑","1","1","2"
"秘书监董叔","1","1","2"
"书监董叔经","1","1","2"
"封王子平原","1","1","2"
"王子平原郡","1","1","2"
"子平原郡王","1","1","2"
"度副使李师","1","1","2"
"副使李师道","1","1","2"
"京兆尹董叔","1","1","2"
"兆尹董叔经","1","1","2"
"尚书右丞李","1","1","2"
"子宾客郑余","1","1","2"
"宾客郑余庆","1","1","2"
"将作监柳晟","1","1","2"
"晟检校工部","2","0","2"
"吉州刺史袁","1","1","2"
"州刺史袁滋","1","1","2"
"青节度使留","1","1","2"
"度使留后李","1","1","2"
"使留后李师","1","1","2"
"留后李师道","1","1","2"
"淄青节度副","1","1","2"
"青节度副大","1","1","2"
"超郎等九人","1","1","2"
"司农卿李上","1","1","2"
"农卿李上公","1","1","2"
"宁军节度张","1","1","2"
"部侍郎赵宗","1","1","2"
"侍郎赵宗儒","1","1","2"
"事中刘宗经","1","1","2"
"内常侍吐突","1","1","2"
"常侍吐突承","1","1","2"
"侍吐突承璀","1","1","2"
"南阳郡开国","1","1","2"
"郡开国公杜","1","1","2"
"开国公杜黄","1","1","2"
"赐绯鱼袋武","1","1","2"
"绯鱼袋武元","1","1","2"
"鱼袋武元衡","1","1","2"
"林学士李吉","1","1","2"
"学士李吉甫","1","1","2"
"吉甫中书侍","2","0","2"
"五千六百一","1","1","2"
"六百一十三","1","1","2"
"百一十三人","1","1","2"
"居舍人郑随","1","1","2"
"右神策军中","1","1","2"
"判度支李巽","1","1","2"
"度使赵昌进","1","1","2"
"六十二洞归","1","1","2"
"十二洞归降","1","1","2"
"二洞归降图","1","1","2"
"节度使张敬","1","1","2"
"左神策军新","1","1","2"
"玄化门晨耀","1","1","2"
"化门晨耀楼","1","1","2"
"刑部侍郎许","1","1","2"
"开元格后敕","1","1","2"
"太仆寺丞令","1","1","2"
"仆寺丞令狐","1","1","2"
"寺丞令狐丕","1","1","2"
"丞令狐丕进","1","1","2"
"方员外郎王","1","1","2"
"员外郎王洁","1","1","2"
"岭南选补使","1","1","2"
"察御史崔元","1","1","2"
"御史崔元方","1","1","2"
"良阐等四百","1","1","2"
"阐等四百五","1","1","2"
"等四百五十","1","1","2"
"四百五十人","1","1","2"
"史大夫李元","1","1","2"
"大夫李元素","1","1","2"
"诸道行营招","1","1","2"
"道行营招讨","1","1","2"
"内官薛尚衍","1","1","2"
"平章事武元","1","1","2"
"章事武元衡","1","1","2"
"武元衡检校","1","1","2"
"元衡检校吏","1","1","2"
"衡检校吏部","1","1","2"
"安福门慰劳","1","1","2"
"润州大将张","1","1","2"
"州大将张子","1","1","2"
"弟宋州刺史","1","1","2"
"润州牙将张","1","1","2"
"州牙将张子","1","1","2"
"牙将张子良","1","1","2"
"年三月十四","1","1","2"
"月十四日敕","1","1","2"
"史官李吉甫","1","1","2"
"官李吉甫撰","1","1","2"
"计天下方镇","2","0","2"
"二百九十五","1","1","2"
"一千四百五","1","1","2"
"千四百五十","1","1","2"
"四百五十三","1","1","2"
"二百四十四","1","1","2"
"淄青十五道","1","1","2"
"湖南等八道","1","1","2"
"一百四十四","1","1","2"
"四十四万户","1","1","2"
"睿圣文武皇","1","1","2"
"左右神威军","1","1","2"
"坊节度使裴","1","1","2"
"卫大将军路","1","1","2"
"大将军路恕","1","1","2"
"咸安大长公","1","1","2"
"良方正科第","1","1","2"
"方正科第三","1","1","2"
"正科第三等","1","1","2"
"南节度使裴","1","1","2"
"节度使裴均","1","1","2"
"三千七百三","1","1","2"
"千七百三十","1","1","2"
"州防御使分","1","1","2"
"仆射裴均请","1","1","2"
"施合毗伽保","1","1","2"
"合毗伽保义","1","1","2"
"归顺州刺史","1","1","2"
"阴山府都督","1","1","2"
"平章事李吉","1","1","2"
"章事李吉甫","1","1","2"
"史中丞窦群","1","1","2"
"军节度使程","1","1","2"
"节度使程执","1","1","2"
"度使程执恭","1","1","2"
"谏议大夫段","1","1","2"
"议大夫段平","1","1","2"
"大夫段平仲","1","1","2"
"国子祭酒冯","1","1","2"
"子祭酒冯伉","1","1","2"
"兵部侍郎权","1","1","2"
"部侍郎权德","1","1","2"
"侍郎权德舆","1","1","2"
"部尚书郑元","1","1","2"
"部尚书李巽","1","1","2"
"盐节度使范","1","1","2"
"卫上将军王","1","1","2"
"羽林统军高","1","1","2"
"林统军高固","1","1","2"
"丞李夷简弹","1","1","2"
"尚书右丞许","1","1","2"
"书右丞许孟","1","1","2"
"右丞许孟容","1","1","2"
"南都护张舟","1","1","2"
"环王国三万","1","1","2"
"赠太师李晟","2","0","2"
"成德军都知","1","1","2"
"德军都知兵","1","1","2"
"镇府右司马","1","1","2"
"府右司马王","1","1","2"
"右司马王承","1","1","2"
"司马王承宗","1","1","2"
"检校左常侍","1","1","2"
"同平章事高","1","1","2"
"平章事高崇","1","1","2"
"章事高崇文","1","1","2"
"羽林统军阎","1","1","2"
"林统军阎巨","1","1","2"
"统军阎巨源","1","1","2"
"左军中尉吐","1","1","2"
"军中尉吐突","1","1","2"
"龙武将军赵","1","1","2"
"武将军赵万","1","1","2"
"将军赵万敌","1","1","2"
"神策先锋将","1","1","2"
"行营馆驿粮","1","1","2"
"营馆驿粮料","1","1","2"
"馆驿粮料等","1","1","2"
"驿粮料等使","1","1","2"
"事中吕元膺","1","1","2"
"同平章事吴","1","1","2"
"平章事吴少","1","1","2"
"章事吴少诚","1","1","2"
"部侍郎张弘","1","1","2"
"侍郎张弘靖","1","1","2"
"陕虢观察陆","1","1","2"
"虢观察陆运","1","1","2"
"观察陆运等","1","1","2"
"察陆运等使","1","1","2"
"虢观察使房","1","1","2"
"安吉令孙澥","2","0","2"
"奏东宫殿阁","1","1","2"
"东台监察御","1","1","2"
"监察御史元","1","1","2"
"察御史元稹","1","1","2"
"贬江陵府士","2","0","2"
"申州刺史吴","1","1","2"
"州刺史吴少","1","1","2"
"刺史吴少阳","1","1","2"
"部尚书李元","1","1","2"
"尚书李元素","1","1","2"
"营招讨使吐","1","1","2"
"招讨使吐突","1","1","2"
"讨使吐突承","1","1","2"
"使吐突承璀","1","1","2"
"昭义都知兵","1","1","2"
"义都知兵马","1","1","2"
"潞州左司马","1","1","2"
"州左司马乌","1","1","2"
"左司马乌重","1","1","2"
"司马乌重胤","1","1","2"
"节度使孟元","1","1","2"
"度使孟元阳","1","1","2"
"右神策军使","1","1","2"
"神策军使段","1","1","2"
"太府卿李少","1","1","2"
"节度使宰相","2","0","2"
"诸卫大将军","1","1","2"
"三百五十端","1","1","2"
"百五十端匹","1","1","2"
"遣判官崔遂","1","1","2"
"虔州刺史马","1","1","2"
"邓州刺史崔","1","1","2"
"州刺史崔咏","1","1","2"
"内官程文干","1","1","2"
"州刺史刘总","1","1","2"
"兵部尚书高","1","1","2"
"紫金鱼袋权","1","1","2"
"金鱼袋权德","1","1","2"
"鱼袋权德舆","1","1","2"
"翰林学士独","1","1","2"
"林学士独孤","1","1","2"
"学士独孤郁","1","1","2"
"冬十月戊辰","2","0","2"
"升平大长公","1","1","2"
"平大长公主","1","1","2"
"行军司马任","1","1","2"
"军司马任迪","1","1","2"
"司马任迪简","1","1","2"
"将张佐元杀","1","1","2"
"平章事张茂","1","1","2"
"章事张茂昭","1","1","2"
"卫大将军伊","1","1","2"
"大将军伊慎","1","1","2"
"将军伊慎降","1","1","2"
"求河东节度","2","0","2"
"代州刺史阿","1","1","2"
"史阿跌光进","1","1","2"
"前保信军节","1","1","2"
"采石军等使","1","1","2"
"歙观察使卢","1","1","2"
"观察使卢坦","1","1","2"
"御史中丞吕","1","1","2"
"史中丞吕元","1","1","2"
"中丞吕元膺","1","1","2"
"察使郗士美","1","1","2"
"谏议大夫蒋","1","1","2"
"议大夫蒋武","1","1","2"
"大夫蒋武请","1","1","2"
"义军留后吴","1","1","2"
"军留后吴少","1","1","2"
"留后吴少阳","1","1","2"
"中书令张茂","1","1","2"
"书令张茂昭","1","1","2"
"太府卿裴次","1","1","2"
"府卿裴次元","1","1","2"
"慈等州节度","1","1","2"
"右丞卫次公","1","1","2"
"校右仆射严","1","1","2"
"右仆射严绶","1","1","2"
"兵部尚书裴","1","1","2"
"议大夫裴堪","1","1","2"
"判度支李夷","1","1","2"
"度支李夷简","1","1","2"
"京兆尹王播","1","1","2"
"六百九十八","1","1","2"
"百九十八万","1","1","2"
"九十八万五","1","1","2"
"十八万五千","1","1","2"
"八万五千五","1","1","2"
"五千五百贯","1","1","2"
"一千七百四","1","1","2"
"千七百四十","1","1","2"
"七百四十六","1","1","2"
"百四十六万","1","1","2"
"四十六万三","1","1","2"
"十六万三千","1","1","2"
"六万三千七","1","1","2"
"三千七百贯","1","1","2"
"品官王伯恭","1","1","2"
"卫将军李惟","1","1","2"
"将军李惟简","1","1","2"
"平章事裴均","1","1","2"
"振武节度阿","1","1","2"
"武节度阿跌","1","1","2"
"节度阿跌光","1","1","2"
"度阿跌光进","1","1","2"
"事中段平仲","1","1","2"
"书舍人韦贯","1","1","2"
"侍郎李绛等","1","1","2"
"御史中丞柳","1","1","2"
"史中丞柳公","1","1","2"
"中丞柳公绰","1","1","2"
"史中丞窦易","1","1","2"
"中丞窦易直","1","1","2"
"太子宾客裴","1","1","2"
"军防御使张","1","1","2"
"防御使张煦","1","1","2"
"常州刺史崔","1","1","2"
"蜀州刺史崔","1","1","2"
"州刺史崔能","1","1","2"
"方员外郎韩","1","1","2"
"员外郎韩愈","1","1","2"
"一千七百六","1","1","2"
"七百六十九","1","1","2"
"百六十九人","1","1","2"
"中观察使窦","1","1","2"
"观察使窦群","1","1","2"
"户部尚书韩","1","1","2"
"二十五万石","1","1","2"
"授华州刺史","1","1","2"
"部尚书赵昌","1","1","2"
"金鱼袋李绛","1","1","2"
"卫上将军伊","1","1","2"
"上将军伊慎","1","1","2"
"太宗第九子","2","0","2"
"母曰文德顺","2","0","2"
"曰文德顺圣","2","0","2"
"生东宫丽正","2","0","2"
"东宫丽正殿","2","0","2"
"遥授州都督","2","0","2"
"幼岐嶷端审","2","0","2"
"书中何言要","2","0","2"
"太宗大悦曰","2","0","2"
"哀慕感动左","2","0","2"
"慕感动左右","2","0","2"
"太宗屡加慰","2","0","2"
"宗屡加慰抚","2","0","2"
"寻右武候大","2","0","2"
"太子承乾废","2","0","2"
"魏王泰罪黜","2","0","2"
"太宗长孙忌","2","0","2"
"李勣等计议","2","0","2"
"太宗数称善","2","0","2"
"太宗将伐高","2","0","2"
"宗将伐高丽","2","0","2"
"命太子留镇","2","0","2"
"太子留镇定","2","0","2"
"子留镇定州","2","0","2"
"请飞驿递表","2","0","2"
"飞驿递表居","2","0","2"
"时太宗患痈","2","0","2"
"扶辇步数日","2","0","2"
"三年五月己","2","0","2"
"年五月己巳","2","0","2"
"英国公勣开","2","0","2"
"国公勣开府","2","0","2"
"公勣开府仪","2","0","2"
"勣开府仪同","2","0","2"
"配食太宗庙","2","0","2"
"食太宗庙庭","2","0","2"
"冬十一月甲","2","0","2"
"都督阿史贺","2","0","2"
"督阿史贺鲁","2","0","2"
"阿史贺鲁左","2","0","2"
"史贺鲁左骁","2","0","2"
"贺鲁左骁卫","2","0","2"
"鲁左骁卫大","2","0","2"
"陈王忠雍州","2","0","2"
"王忠雍州牧","2","0","2"
"封皇子孝许","2","0","2"
"皇子孝许王","2","0","2"
"上谓群臣曰","2","0","2"
"朕谬膺大位","2","0","2"
"遂使晋州地","2","0","2"
"使晋州地屡","2","0","2"
"晋州地屡震","2","0","2"
"州地屡震动","2","0","2"
"良赏罚失中","2","0","2"
"卿等宜进封","2","0","2"
"等宜进封事","2","0","2"
"吐火罗遣使","2","0","2"
"火罗遣使献","2","0","2"
"罗遣使献大","2","0","2"
"遣使献大鸟","2","0","2"
"使献大鸟驼","2","0","2"
"上遣献昭陵","2","0","2"
"卫将军鲜匡","2","0","2"
"将军鲜匡济","2","0","2"
"军鲜匡济赉","2","0","2"
"鲜匡济赉玺","2","0","2"
"匡济赉玺书","2","0","2"
"济赉玺书吊","2","0","2"
"赉玺书吊祭","2","0","2"
"亲录京城囚","2","0","2"
"录京城囚徒","2","0","2"
"郎将高侃执","2","0","2"
"将高侃执车","2","0","2"
"高侃执车鼻","2","0","2"
"侃执车鼻汗","2","0","2"
"执车鼻汗诣","2","0","2"
"车鼻汗诣阙","2","0","2"
"献社庙昭陵","2","0","2"
"英国公勣固","2","0","2"
"国公勣固请","2","0","2"
"公勣固请解","2","0","2"
"勣固请解职","2","0","2"
"公褚遂良左","2","0","2"
"褚遂良左授","2","0","2"
"叶护阿史贺","2","0","2"
"护阿史贺鲁","2","0","2"
"阿史贺鲁府","2","0","2"
"史贺鲁府叛","2","0","2"
"等九州旱蝗","2","0","2"
"定等十六州","2","0","2"
"等十六州水","2","0","2"
"遭虫水处贫","2","0","2"
"虫水处贫乏","2","0","2"
"水处贫乏者","2","0","2"
"遣郎中一人","2","0","2"
"郎中一人充","2","0","2"
"中一人充使","2","0","2"
"一人充使存","2","0","2"
"人充使存问","2","0","2"
"务尽哀矜旨","2","0","2"
"柳奭中书侍","2","0","2"
"奭中书侍郎","2","0","2"
"秩太庙令献","2","0","2"
"昭二陵令五","2","0","2"
"二陵令五品","2","0","2"
"秋七月丁未","2","0","2"
"贺鲁寇陷金","2","0","2"
"鲁寇陷金岭","2","0","2"
"寇陷金岭城","2","0","2"
"遣武候大将","2","0","2"
"契苾何力弓","2","0","2"
"苾何力弓月","2","0","2"
"何力弓月道","2","0","2"
"力弓月道总","2","0","2"
"月道总管讨","2","0","2"
"大食国始遣","2","0","2"
"食国始遣使","2","0","2"
"国始遣使朝","2","0","2"
"始遣使朝献","2","0","2"
"侍中刑部尚","2","0","2"
"公张行成尚","2","0","2"
"高昌故地置","2","0","2"
"昌故地置安","2","0","2"
"故地置安西","2","0","2"
"地置安西都","2","0","2"
"白水蛮冠麻","2","0","2"
"水蛮冠麻州","2","0","2"
"命左军将军","2","0","2"
"下死罪流罪","2","0","2"
"死罪流罪递","2","0","2"
"罪流罪递减","2","0","2"
"流罪递减一","2","0","2"
"苾何力等大","2","0","2"
"何力等大破","2","0","2"
"力等大破处","2","0","2"
"等大破处月","2","0","2"
"大破处月硃","2","0","2"
"破处月硃耶","2","0","2"
"处月硃耶孤","2","0","2"
"月硃耶孤注","2","0","2"
"硃耶孤注牢","2","0","2"
"耶孤注牢山","2","0","2"
"斩首九千级","2","0","2"
"虏渠帅六千","2","0","2"
"俘生口万余","2","0","2"
"获牛马杂畜","2","0","2"
"牛马杂畜七","2","0","2"
"马杂畜七万","2","0","2"
"赵国公忌旱","2","0","2"
"国公忌旱请","2","0","2"
"公忌旱请逊","2","0","2"
"忌旱请逊位","2","0","2"
"赐群官帛差","2","0","2"
"公宇文节侍","2","0","2"
"宇文节侍中","2","0","2"
"柳奭中书令","2","0","2"
"赐文武群官","2","0","2"
"文武群官大","2","0","2"
"武群官大射","2","0","2"
"诏周司沐大","2","0","2"
"周司沐大夫","2","0","2"
"齐侍中崔季","2","0","2"
"隋仪同三司","2","0","2"
"子孙宜甄擢","2","0","2"
"立陈王忠皇","2","0","2"
"陈王忠皇太","2","0","2"
"王忠皇太子","2","0","2"
"品己上子父","2","0","2"
"己上子父后","2","0","2"
"年进户多少","2","0","2"
"进户总一十","2","0","2"
"户总一十五","2","0","2"
"总一十五万","2","0","2"
"问曰隋日户","2","0","2"
"隋开皇中户","2","0","2"
"开皇中户八","2","0","2"
"皇中户八百","2","0","2"
"中户八百七","2","0","2"
"户八百七十","2","0","2"
"见户三百八","2","0","2"
"户三百八十","2","0","2"
"太子中允内","2","0","2"
"子中允内允","2","0","2"
"中书舍人内","2","0","2"
"书舍人内史","2","0","2"
"舍人内史舍","2","0","2"
"人内史舍人","2","0","2"
"诸率府中郎","2","0","2"
"率府中郎改","2","0","2"
"府中郎改旅","2","0","2"
"中郎改旅贲","2","0","2"
"郎改旅贲郎","2","0","2"
"改旅贲郎将","2","0","2"
"幸同安大长","2","0","2"
"大长公主第","2","0","2"
"幸高阳长公","2","0","2"
"阳长公主第","2","0","2"
"驳马国遣使","2","0","2"
"马国遣使朝","2","0","2"
"濮王泰殡故","2","0","2"
"令武等伏诛","2","0","2"
"高阳公主赐","2","0","2"
"阳公主赐死","2","0","2"
"执失思力配","2","0","2"
"失思力配流","2","0","2"
"思力配流巂","2","0","2"
"力配流巂州","2","0","2"
"侍中太子詹","2","0","2"
"中太子詹事","2","0","2"
"公宇文节配","2","0","2"
"宇文节配流","2","0","2"
"文节配流桂","2","0","2"
"节配流桂州","2","0","2"
"夏王道宗配","2","0","2"
"王道宗配流","2","0","2"
"道宗配流桂","2","0","2"
"宗配流桂州","2","0","2"
"恪母弟蜀王","2","0","2"
"母弟蜀王愔","2","0","2"
"弟蜀王愔废","2","0","2"
"蜀王愔废庶","2","0","2"
"王愔废庶人","2","0","2"
"英国公勣司","2","0","2"
"国公勣司空","2","0","2"
"年明经令依","2","0","2"
"明经令依考","2","0","2"
"经令依考试","2","0","2"
"上御观德殿","2","0","2"
"陈逆人房遗","2","0","2"
"逆人房遗爱","2","0","2"
"人房遗爱等","2","0","2"
"房遗爱等口","2","0","2"
"遗爱等口马","2","0","2"
"爱等口马资","2","0","2"
"等口马资财","2","0","2"
"口马资财五","2","0","2"
"马资财五垛","2","0","2"
"蕃客文武九","2","0","2"
"客文武九品","2","0","2"
"文武九品己","2","0","2"
"武九品己上","2","0","2"
"九品己上射","2","0","2"
"林邑国王遣","2","0","2"
"邑国王遣使","2","0","2"
"国王遣使朝","2","0","2"
"遣使分省天","2","0","2"
"使分省天下","2","0","2"
"分省天下冤","2","0","2"
"省天下冤狱","2","0","2"
"诏文武官极","2","0","2"
"文武官极言","2","0","2"
"武官极言失","2","0","2"
"陨石十八同","2","0","2"
"石十八同州","2","0","2"
"十八同州冯","2","0","2"
"八同州冯翊","2","0","2"
"公褚遂良尚","2","0","2"
"褚遂良尚书","2","0","2"
"遂良尚书右","2","0","2"
"良尚书右仆","2","0","2"
"女子陈硕贞","2","0","2"
"子陈硕贞举","2","0","2"
"陈硕贞举兵","2","0","2"
"硕贞举兵反","2","0","2"
"称文佳皇帝","2","0","2"
"攻陷睦州属","2","0","2"
"陷睦州属县","2","0","2"
"州刺史崔义","2","0","2"
"刺史崔义玄","2","0","2"
"史房仁裕率","2","0","2"
"房仁裕率众","2","0","2"
"仁裕率众讨","2","0","2"
"裕率众讨平","2","0","2"
"公崔敦礼侍","2","0","2"
"崔敦礼侍中","2","0","2"
"颁新律疏天","2","0","2"
"新律疏天下","2","0","2"
"侍中太子少","2","0","2"
"中太子少保","2","0","2"
"公高季辅卒","2","0","2"
"年春三月戊","2","0","2"
"春三月戊午","2","0","2"
"书阎立德丁","2","0","2"
"阎立德丁夫","2","0","2"
"立德丁夫四","2","0","2"
"德丁夫四万","2","0","2"
"丁夫四万筑","2","0","2"
"夫四万筑长","2","0","2"
"四万筑长安","2","0","2"
"万筑长安罗","2","0","2"
"筑长安罗郭","2","0","2"
"守尚书侍郎","2","0","2"
"尚书侍郎济","2","0","2"
"闰五月丁丑","2","0","2"
"五月丁丑夜","2","0","2"
"漂溺麟游县","2","0","2"
"麟游县居人","2","0","2"
"游县居人番","2","0","2"
"县居人番卫","2","0","2"
"居人番卫士","2","0","2"
"死者三千余","2","0","2"
"滹沱河泛溢","2","0","2"
"溺五千余家","2","0","2"
"书令柳奭吏","2","0","2"
"令柳奭吏部","2","0","2"
"柳奭吏部尚","2","0","2"
"奭吏部尚书","2","0","2"
"生大鸟鸠万","2","0","2"
"大鸟鸠万年","2","0","2"
"鸟鸠万年宫","2","0","2"
"鸠万年宫皇","2","0","2"
"大理奏决死","2","0","2"
"理奏决死囚","2","0","2"
"总管七十余","2","0","2"
"管七十余人","2","0","2"
"五品上薨亡","2","0","2"
"品上薨亡者","2","0","2"
"随身鱼须追","2","0","2"
"身鱼须追收","2","0","2"
"吐蕃使人献","2","0","2"
"蕃使人献马","2","0","2"
"使人献马百","2","0","2"
"人献马百匹","2","0","2"
"献马百匹大","2","0","2"
"马百匹大庐","2","0","2"
"百匹大庐高","2","0","2"
"匹大庐高五","2","0","2"
"大庐高五丈","2","0","2"
"广袤二十七","2","0","2"
"袤二十七步","2","0","2"
"筑京师罗郭","2","0","2"
"雇京兆百姓","2","0","2"
"板筑三十日","2","0","2"
"十二月癸丑","2","0","2"
"码瑙大五斗","2","0","2"
"瑙大五斗器","2","0","2"
"发京师谒昭","2","0","2"
"京师谒昭陵","2","0","2"
"路生皇子贤","2","0","2"
"敕二年一定","2","0","2"
"二年一定户","2","0","2"
"春正月壬申","2","0","2"
"正月壬申朔","2","0","2"
"曲赦醴泉县","2","0","2"
"赦醴泉县民","2","0","2"
"陵所宿卫将","2","0","2"
"所宿卫将军","2","0","2"
"郎将进爵一","2","0","2"
"将进爵一等","2","0","2"
"丞加阶赐物","2","0","2"
"陵侧建佛寺","2","0","2"
"封皇子弘代","2","0","2"
"皇子弘代王","2","0","2"
"皇太子忠加","1","1","2"
"文武职事五","2","0","2"
"武职事五品","2","0","2"
"事五品上父","2","0","2"
"督程名振破","2","0","2"
"程名振破高","2","0","2"
"名振破高丽","2","0","2"
"振破高丽贵","2","0","2"
"破高丽贵端","2","0","2"
"高丽贵端水","2","0","2"
"嘉州辛道妻","2","0","2"
"州辛道妻一","2","0","2"
"辛道妻一产","2","0","2"
"道妻一产四","2","0","2"
"妻一产四男","2","0","2"
"命左屯卫大","2","0","2"
"等五将军帅","2","0","2"
"五将军帅师","2","0","2"
"将军帅师葱","2","0","2"
"军帅师葱山","2","0","2"
"帅师葱山道","2","0","2"
"师葱山道讨","2","0","2"
"葱山道讨贺","2","0","2"
"山道讨贺鲁","2","0","2"
"大食国遣使","2","0","2"
"食国遣使朝","2","0","2"
"均天下州县","2","0","2"
"天下州县公","2","0","2"
"下州县公廨","2","0","2"
"孝璋员外特","2","0","2"
"璋员外特置","2","0","2"
"大理更置少","2","0","2"
"理更置少卿","2","0","2"
"师米价暴贵","2","0","2"
"京师东西二","2","0","2"
"师东西二市","2","0","2"
"东西二市置","2","0","2"
"西二市置常","2","0","2"
"二市置常平","2","0","2"
"市置常平仓","2","0","2"
"公褚遂良谏","2","0","2"
"褚遂良谏立","2","0","2"
"遂良谏立武","2","0","2"
"良谏立武昭","2","0","2"
"贬授潭州都","2","0","2"
"授潭州都督","2","0","2"
"一月丁卯朔","2","0","2"
"仆射志宁册","2","0","2"
"射志宁册皇","2","0","2"
"志宁册皇后","2","0","2"
"文武群官番","2","0","2"
"武群官番夷","2","0","2"
"群官番夷长","2","0","2"
"奉朝皇后肃","2","0","2"
"朝皇后肃义","2","0","2"
"皇后肃义门","2","0","2"
"追赠后父故","2","0","2"
"赠后父故工","2","0","2"
"后父故工部","2","0","2"
"父故工部尚","2","0","2"
"赠州都督武","2","0","2"
"都督武士","2","0","2"
"督武士司","2","0","2"
"武士司空","2","0","2"
"妻魏氏一产","2","0","2"
"魏氏一产四","2","0","2"
"氏一产四男","2","0","2"
"杨氏改封代","2","0","2"
"氏改封代国","2","0","2"
"改封代国夫","2","0","2"
"封代国夫人","2","0","2"
"男许敬宗日","2","0","2"
"许敬宗日待","2","0","2"
"敬宗日待诏","2","0","2"
"宗日待诏武","2","0","2"
"日待诏武德","2","0","2"
"待诏武德殿","2","0","2"
"诏武德殿西","2","0","2"
"武九品上五","2","0","2"
"九品上五品","2","0","2"
"品上五品己","2","0","2"
"上五品己下","2","0","2"
"五品己下子","2","0","2"
"品己下子父","2","0","2"
"己下子父后","2","0","2"
"下子父后者","2","0","2"
"赐勋官一转","2","0","2"
"书左仆射太","2","0","2"
"左仆射太子","2","0","2"
"仆射太子少","2","0","2"
"射太子少师","2","0","2"
"宁太子太傅","2","0","2"
"饯葱山道大","2","0","2"
"司空武士","2","0","2"
"空武士司","2","0","2"
"武士司徒","2","0","2"
"后祀先蚕北","2","0","2"
"祀先蚕北郊","2","0","2"
"郎杜正伦守","2","0","2"
"杜正伦守黄","2","0","2"
"正伦守黄门","2","0","2"
"伦守黄门侍","2","0","2"
"观僧玄奘迎","2","0","2"
"僧玄奘迎御","2","0","2"
"玄奘迎御制","2","0","2"
"奘迎御制书","2","0","2"
"迎御制书慈","2","0","2"
"御制书慈恩","2","0","2"
"制书慈恩寺","2","0","2"
"书慈恩寺碑","2","0","2"
"导天竺法仪","2","0","2"
"尉长孙忌进","2","0","2"
"长孙忌进史","2","0","2"
"孙忌进史官","2","0","2"
"忌进史官所","2","0","2"
"进史官所撰","2","0","2"
"史官所撰梁","2","0","2"
"士许敬宗进","2","0","2"
"许敬宗进所","2","0","2"
"敬宗进所撰","2","0","2"
"户部尚书度","2","0","2"
"部尚书度支","2","0","2"
"尚书度支尚","2","0","2"
"书度支尚书","2","0","2"
"子少师崔敦","1","1","2"
"少师崔敦礼","1","1","2"
"军程知节贺","2","0","2"
"知节贺鲁所","2","0","2"
"节贺鲁所部","2","0","2"
"获剌颉发处","2","0","2"
"剌颉发处月","2","0","2"
"颉发处月预","2","0","2"
"发处月预支","2","0","2"
"支俟斤等战","2","0","2"
"俟斤等战榆","2","0","2"
"斤等战榆幕","2","0","2"
"等战榆幕谷","2","0","2"
"获驼马牛羊","2","0","2"
"驼马牛羊万","2","0","2"
"马牛羊万计","2","0","2"
"初诏户满三","2","0","2"
"诏户满三万","2","0","2"
"户满三万上","2","0","2"
"满三万上上","2","0","2"
"三万上上州","2","0","2"
"二万上中州","2","0","2"
"中州者依旧","2","0","2"
"州海水泛溢","2","0","2"
"损四千余家","2","0","2"
"初置骠骑大","2","0","2"
"知节贺鲁男","2","0","2"
"节贺鲁男咥","2","0","2"
"贺鲁男咥运","2","0","2"
"鲁男咥运战","2","0","2"
"俘部落户口","2","0","2"
"部落户口货","2","0","2"
"落户口货物","2","0","2"
"户口货物巨","2","0","2"
"口货物巨积","2","0","2"
"朝集使加勋","2","0","2"
"集使加勋级","2","0","2"
"军程知节坐","2","0","2"
"程知节坐讨","2","0","2"
"知节坐讨贺","2","0","2"
"节坐讨贺鲁","2","0","2"
"坐讨贺鲁逗","2","0","2"
"讨贺鲁逗留","2","0","2"
"鄯州置都督","2","0","2"
"命右屯卫将","2","0","2"
"定方等四将","2","0","2"
"方等四将军","2","0","2"
"等四将军伊","2","0","2"
"四将军伊丽","2","0","2"
"将军伊丽道","2","0","2"
"军伊丽道将","2","0","2"
"帅师讨贺鲁","2","0","2"
"第七子显周","2","0","2"
"七子显周王","2","0","2"
"徙封许王素","2","0","2"
"许王素节郇","2","0","2"
"王素节郇王","2","0","2"
"县公韩瑗左","2","0","2"
"公韩瑗左授","2","0","2"
"韩瑗左授振","2","0","2"
"瑗左授振州","2","0","2"
"左授振州刺","2","0","2"
"授振州刺史","2","0","2"
"中书令太子","2","0","2"
"书令太子詹","2","0","2"
"南阳侯济左","2","0","2"
"阳侯济左授","2","0","2"
"侯济左授台","2","0","2"
"济左授台州","2","0","2"
"左授台州刺","2","0","2"
"授台州刺史","2","0","2"
"皆坐谏立武","2","0","2"
"坐谏立武昭","2","0","2"
"立武昭仪皇","2","0","2"
"武昭仪皇后","2","0","2"
"救褚遂良贬","2","0","2"
"公许敬宗侍","2","0","2"
"许敬宗侍中","2","0","2"
"书杜正伦中","2","0","2"
"杜正伦中书","2","0","2"
"正伦中书令","2","0","2"
"遣使祭郑大","2","0","2"
"使祭郑大夫","2","0","2"
"祭郑大夫国","2","0","2"
"郑大夫国侨","2","0","2"
"太丘长陈实","2","0","2"
"丘长陈实墓","2","0","2"
"手诏改洛阳","2","0","2"
"诏改洛阳宫","2","0","2"
"改洛阳宫东","2","0","2"
"洛阳宫东都","2","0","2"
"洛州官员阶","2","0","2"
"州官员阶品","2","0","2"
"官员阶品准","2","0","2"
"员阶品准雍","2","0","2"
"阶品准雍州","2","0","2"
"郑州汜水隶","2","0","2"
"州汜水隶洛","2","0","2"
"汜水隶洛州","2","0","2"
"中书省置居","2","0","2"
"书省置居舍","2","0","2"
"省置居舍人","2","0","2"
"置居舍人两","2","0","2"
"周王显洛州","2","0","2"
"王显洛州牧","2","0","2"
"散骑常侍左","2","0","2"
"骑常侍左右","2","0","2"
"常侍左右两","2","0","2"
"侍左右两员","2","0","2"
"骑常侍隶中","2","0","2"
"常侍隶中书","2","0","2"
"侍隶中书省","2","0","2"
"国公忌等修","2","0","2"
"贺鲁走石国","2","0","2"
"萧嗣业追擒","2","0","2"
"收人畜前后","2","0","2"
"人畜前后四","2","0","2"
"畜前后四十","2","0","2"
"前后四十余","2","0","2"
"后四十余万","2","0","2"
"昆陵二都护","2","0","2"
"陵二都护府","2","0","2"
"复龟兹国置","2","0","2"
"龟兹国置安","2","0","2"
"兹国置安西","2","0","2"
"国置安西都","2","0","2"
"高昌故地西","2","0","2"
"昌故地西州","2","0","2"
"化大将军正","2","0","2"
"大将军正三","2","0","2"
"将军正三品","2","0","2"
"归化将军三","2","0","2"
"化将军三品","2","0","2"
"太子宾客检","2","0","2"
"子宾客检校","2","0","2"
"宾客检校御","2","0","2"
"客检校御史","2","0","2"
"公李义府左","2","0","2"
"李义府左授","2","0","2"
"义府左授普","2","0","2"
"府左授普州","2","0","2"
"左授普州刺","2","0","2"
"授普州刺史","2","0","2"
"公杜正伦左","2","0","2"
"杜正伦左授","2","0","2"
"正伦左授横","2","0","2"
"伦左授横州","2","0","2"
"左授横州刺","2","0","2"
"授横州刺史","2","0","2"
"李友益除名","2","0","2"
"中许敬宗权","2","0","2"
"许敬宗权检","2","0","2"
"敬宗权检校","2","0","2"
"宗权检校中","2","0","2"
"权检校中书","2","0","2"
"卿萧嗣业石","2","0","2"
"萧嗣业石国","2","0","2"
"嗣业石国取","2","0","2"
"业石国取贺","2","0","2"
"石国取贺鲁","2","0","2"
"尉迟敬德薨","2","0","2"
"年春二月乙","2","0","2"
"春二月乙亥","2","0","2"
"上亲策试举","2","0","2"
"亲策试举人","2","0","2"
"张九龄五人","2","0","2"
"九龄五人居","2","0","2"
"龄五人居上","2","0","2"
"五人居上第","2","0","2"
"令待诏弘文","2","0","2"
"待诏弘文馆","2","0","2"
"郕国公契苾","2","0","2"
"何力辽东经","2","0","2"
"力辽东经略","2","0","2"
"郎许圉师同","2","0","2"
"许圉师同中","2","0","2"
"圉师同中书","2","0","2"
"师同中书门","2","0","2"
"国公志宁免","2","0","2"
"公志宁免官","2","0","2"
"赵国公忌带","2","0","2"
"国公忌带扬","2","0","2"
"公忌带扬州","2","0","2"
"扬州都督黔","2","0","2"
"州都督黔州","2","0","2"
"都督黔州安","2","0","2"
"督黔州安置","2","0","2"
"依旧准一品","2","0","2"
"旧准一品供","2","0","2"
"书卢承庆参","2","0","2"
"卢承庆参知","2","0","2"
"承庆参知政","2","0","2"
"庆参知政事","2","0","2"
"史李义府吏","2","0","2"
"李义府吏部","2","0","2"
"义府吏部尚","2","0","2"
"府吏部尚书","2","0","2"
"品己上子孙","2","0","2"
"己上子孙父","2","0","2"
"上子孙父祖","2","0","2"
"子孙父祖后","2","0","2"
"孙父祖后者","2","0","2"
"父祖后者加","2","0","2"
"祖后者加勋","2","0","2"
"后者加勋官","2","0","2"
"中辛茂将卒","2","0","2"
"公苏定方神","2","0","2"
"苏定方神丘","2","0","2"
"定方神丘道","2","0","2"
"方神丘道总","2","0","2"
"刘伯英昆夷","2","0","2"
"伯英昆夷道","2","0","2"
"英昆夷道总","2","0","2"
"曲赦州管内","2","0","2"
"赦州管内诸","2","0","2"
"州管内诸州","2","0","2"
"义旗初职事","2","0","2"
"旗初职事五","2","0","2"
"初职事五品","2","0","2"
"事五品上身","2","0","2"
"五品上身亡","2","0","2"
"品上身亡殁","2","0","2"
"上身亡殁坟","2","0","2"
"身亡殁坟墓","2","0","2"
"亡殁坟墓州","2","0","2"
"殁坟墓州者","2","0","2"
"令所司致祭","2","0","2"
"功臣子孙大","2","0","2"
"臣子孙大将","2","0","2"
"子孙大将军","2","0","2"
"孙大将军府","2","0","2"
"将军府僚佐","2","0","2"
"军府僚佐下","2","0","2"
"府僚佐下见","2","0","2"
"僚佐下见存","2","0","2"
"佐下见存者","2","0","2"
"义徒职事一","2","0","2"
"徒职事一品","2","0","2"
"职事一品己","2","0","2"
"事一品己下","2","0","2"
"佐命功臣食","2","0","2"
"命功臣食封","2","0","2"
"功臣食封身","2","0","2"
"臣食封身殁","2","0","2"
"食封身殁者","2","0","2"
"后子孙加两","2","0","2"
"子孙加两阶","2","0","2"
"刘政会配食","2","0","2"
"皇后宴亲族","2","0","2"
"后宴亲族邻","2","0","2"
"宴亲族邻里","2","0","2"
"亲族邻里故","2","0","2"
"族邻里故旧","2","0","2"
"邻里故旧朝","2","0","2"
"里故旧朝堂","2","0","2"
"命妇妇人入","2","0","2"
"妇妇人入会","2","0","2"
"妇人入会内","2","0","2"
"人入会内殿","2","0","2"
"皇室诸亲赐","2","0","2"
"室诸亲赐帛","2","0","2"
"诸亲赐帛差","2","0","2"
"文武五品上","2","0","2"
"制皇后故乡","2","0","2"
"皇后故乡州","2","0","2"
"后故乡州长","2","0","2"
"故乡州长史","2","0","2"
"司马加勋级","2","0","2"
"皇后亲预会","2","0","2"
"期亲五百段","2","0","2"
"大功下服亲","2","0","2"
"邻里故旧差","2","0","2"
"城内诸妇女","2","0","2"
"内诸妇女年","2","0","2"
"诸妇女年八","2","0","2"
"妇女年八十","2","0","2"
"女年八十上","2","0","2"
"讲武州城西","2","0","2"
"引群臣临观","2","0","2"
"发神丘道军","2","0","2"
"神丘道军伐","2","0","2"
"丘道军伐百","2","0","2"
"道军伐百济","2","0","2"
"左右始改左","2","0","2"
"右始改左右","2","0","2"
"始改左右千","2","0","2"
"改左右千牛","2","0","2"
"造八关宫东","2","0","2"
"八关宫东都","2","0","2"
"关宫东都苑","2","0","2"
"宫东都苑内","2","0","2"
"诏文武五品","2","0","2"
"五品己上四","2","0","2"
"品己上四科","2","0","2"
"己上四科举","2","0","2"
"废梁王忠庶","2","0","2"
"梁王忠庶人","2","0","2"
"品卢承庆罪","2","0","2"
"卢承庆罪免","2","0","2"
"苏定方等讨","2","0","2"
"定方等讨平","2","0","2"
"方等讨平百","2","0","2"
"等讨平百济","2","0","2"
"面缚王扶余","2","0","2"
"缚王扶余义","2","0","2"
"户七十六万","2","0","2"
"地分置熊津","2","0","2"
"分置熊津等","2","0","2"
"置熊津等五","2","0","2"
"夷道总管下","2","0","2"
"赐英国公勣","2","0","2"
"英国公勣墓","2","0","2"
"国公勣墓茔","2","0","2"
"公勣墓茔一","2","0","2"
"勣墓茔一所","2","0","2"
"人杨氏改荣","2","0","2"
"杨氏改荣国","2","0","2"
"氏改荣国夫","2","0","2"
"改荣国夫人","2","0","2"
"位王公母妻","2","0","2"
"王公母妻上","2","0","2"
"公苏定方献","2","0","2"
"苏定方献百","2","0","2"
"定方献百济","2","0","2"
"方献百济王","2","0","2"
"献百济王扶","2","0","2"
"等五十八人","2","0","2"
"五十八人俘","2","0","2"
"十八人俘天","2","0","2"
"八人俘天门","2","0","2"
"南六十七州","2","0","2"
"六十七州募","2","0","2"
"十七州募四","2","0","2"
"七州募四万","2","0","2"
"州募四万四","2","0","2"
"募四万四千","2","0","2"
"平壤带方道","2","0","2"
"壤带方道行","2","0","2"
"绵等州皆言","2","0","2"
"等州皆言龙","2","0","2"
"州皆言龙见","2","0","2"
"皇后请禁天","2","0","2"
"后请禁天下","2","0","2"
"请禁天下妇","2","0","2"
"禁天下妇人","2","0","2"
"天下妇人俳","2","0","2"
"下妇人俳优","2","0","2"
"妇人俳优戏","2","0","2"
"许敬宗等进","2","0","2"
"令诸州举孝","2","0","2"
"诸州举孝行","2","0","2"
"州举孝行尤","2","0","2"
"举孝行尤著","2","0","2"
"孝行尤著累","2","0","2"
"行尤著累叶","2","0","2"
"尤著累叶义","2","0","2"
"著累叶义居","2","0","2"
"累叶义居励","2","0","2"
"叶义居励风","2","0","2"
"义居励风俗","2","0","2"
"居励风俗者","2","0","2"
"县大女张年","2","0","2"
"大女张年百","2","0","2"
"女张年百三","2","0","2"
"张年百三岁","2","0","2"
"天宫寺高祖","2","0","2"
"宫寺高祖潜","2","0","2"
"寺高祖潜龙","2","0","2"
"高祖潜龙时","2","0","2"
"祖潜龙时旧","2","0","2"
"潜龙时旧宅","2","0","2"
"上周历殿宇","2","0","2"
"度僧二十人","2","0","2"
"皇后许圉师","2","0","2"
"后许圉师第","2","0","2"
"徙封潞王贤","2","0","2"
"封潞王贤沛","2","0","2"
"潞王贤沛王","2","0","2"
"王贤扬州都","2","0","2"
"贤扬州都督","2","0","2"
"书省侍郎诸","2","0","2"
"省侍郎诸亲","2","0","2"
"侍郎诸亲三","2","0","2"
"郎诸亲三等","2","0","2"
"诸亲三等上","2","0","2"
"诣沛王宅设","2","0","2"
"沛王宅设宴","2","0","2"
"王宅设宴礼","2","0","2"
"赐帛杂彩等","2","0","2"
"帛杂彩等差","2","0","2"
"王金春秋卒","2","0","2"
"子法敏嗣立","2","0","2"
"太府寺更置","2","0","2"
"府寺更置少","2","0","2"
"寺更置少卿","2","0","2"
"分两京检校","2","0","2"
"东都初置国","2","0","2"
"都初置国子","2","0","2"
"初置国子监","2","0","2"
"加学生等员","2","0","2"
"均分两都教","2","0","2"
"分两都教授","2","0","2"
"改京诸司百","2","0","2"
"京诸司百官","2","0","2"
"诸司百官名","2","0","2"
"尚书省中台","2","0","2"
"门下省东台","2","0","2"
"中书省西台","2","0","2"
"仆射左右匡","2","0","2"
"射左右匡政","2","0","2"
"左右丞肃机","2","0","2"
"浿江道总管","2","0","2"
"公任雅相卒","2","0","2"
"任雅相卒军","2","0","2"
"苏定方破高","2","0","2"
"定方破高丽","2","0","2"
"方破高丽苇","2","0","2"
"破高丽苇岛","2","0","2"
"四月庚申朔","2","0","2"
"造蓬莱宫成","2","0","2"
"左侍极许圉","2","0","2"
"侍极许圉师","2","0","2"
"极许圉师左","2","0","2"
"许圉师左相","2","0","2"
"六月己未朔","2","0","2"
"皇子旭轮生","2","0","2"
"尽礼致父母","2","0","2"
"制蓬莱宫诸","2","0","2"
"莱宫诸门殿","2","0","2"
"宫诸门殿亭","2","0","2"
"诸门殿亭等","2","0","2"
"门殿亭等名","2","0","2"
"东宫诞育满","2","0","2"
"宫诞育满月","2","0","2"
"相许敬宗乞","2","0","2"
"许敬宗乞骸","2","0","2"
"敬宗乞骸骨","2","0","2"
"许敬宗太子","2","0","2"
"敬宗太子少","2","0","2"
"宗太子少师","2","0","2"
"九品旧令著","2","0","2"
"品旧令著青","2","0","2"
"非卑品所服","2","0","2"
"公李义府复","2","0","2"
"李义府复司","2","0","2"
"义府复司列","2","0","2"
"府复司列太","2","0","2"
"复司列太常","2","0","2"
"皇太子弘监","2","0","2"
"太子弘监国","2","0","2"
"同东西台二","2","0","2"
"东西台二品","2","0","2"
"一月辛未左","2","0","2"
"月辛未左相","2","0","2"
"辛未左相许","2","0","2"
"未左相许圉","2","0","2"
"改魏州冀州","2","0","2"
"魏州冀州大","2","0","2"
"州冀州大都","2","0","2"
"改冀州魏州","2","0","2"
"王贤扬州大","2","0","2"
"贤扬州大都","2","0","2"
"周王显州大","2","0","2"
"王显州大都","2","0","2"
"显州大都督","2","0","2"
"殷王旭轮遥","2","0","2"
"王旭轮遥冀","2","0","2"
"旭轮遥冀州","2","0","2"
"轮遥冀州大","2","0","2"
"许圉师解见","2","0","2"
"圉师解见任","2","0","2"
"郑仁泰等帅","2","0","2"
"仁泰等帅师","2","0","2"
"泰等帅师讨","2","0","2"
"等帅师讨铁","2","0","2"
"帅师讨铁勒","2","0","2"
"师讨铁勒余","2","0","2"
"讨铁勒余种","2","0","2"
"伯李义府右","2","0","2"
"李义府右相","2","0","2"
"岐等一十五","2","0","2"
"等一十五州","2","0","2"
"征修蓬莱宫","2","0","2"
"左右谕德桂","2","0","2"
"右谕德桂坊","2","0","2"
"谕德桂坊大","2","0","2"
"德桂坊大夫","2","0","2"
"改司经局桂","2","0","2"
"司经局桂坊","2","0","2"
"经局桂坊馆","2","0","2"
"崇贤馆隶左","2","0","2"
"贤馆隶左春","2","0","2"
"馆隶左春坊","2","0","2"
"减京官一月","2","0","2"
"京官一月俸","2","0","2"
"助修蓬莱宫","2","0","2"
"相李义府下","2","0","2"
"李义府下狱","2","0","2"
"李义府除名","2","0","2"
"幸蓬莱宫新","2","0","2"
"蓬莱宫新含","2","0","2"
"莱宫新含元","2","0","2"
"宫新含元殿","2","0","2"
"秋八月癸卯","2","0","2"
"彗星见左摄","2","0","2"
"星见左摄提","2","0","2"
"诏百僚极言","2","0","2"
"百僚极言正","2","0","2"
"僚极言正谏","2","0","2"
"令内外官五","2","0","2"
"内外官五品","2","0","2"
"外官五品上","2","0","2"
"绛州麟见介","2","0","2"
"州麟见介山","2","0","2"
"含元殿前麟","2","0","2"
"元殿前麟趾","2","0","2"
"殿前麟趾见","2","0","2"
"诏改年正月","2","0","2"
"正月一日麟","2","0","2"
"月一日麟德","2","0","2"
"一日麟德元","2","0","2"
"日麟德元年","2","0","2"
"中都护府单","2","0","2"
"都护府单大","2","0","2"
"护府单大都","2","0","2"
"府单大都护","2","0","2"
"官品同大都","2","0","2"
"品同大都督","2","0","2"
"同大都督府","2","0","2"
"殷王旭轮单","2","0","2"
"王旭轮单大","2","0","2"
"旭轮单大都","2","0","2"
"轮单大都护","2","0","2"
"长女追封安","2","0","2"
"女追封安定","2","0","2"
"追封安定公","2","0","2"
"封安定公主","2","0","2"
"卤簿鼓吹供","2","0","2"
"簿鼓吹供葬","2","0","2"
"鼓吹供葬所","2","0","2"
"吹供葬所须","2","0","2"
"德业寺迁崇","2","0","2"
"业寺迁崇敬","2","0","2"
"寺迁崇敬寺","2","0","2"
"昆明弄栋川","2","0","2"
"明弄栋川置","2","0","2"
"弄栋川置姚","2","0","2"
"栋川置姚州","2","0","2"
"川置姚州都","2","0","2"
"秋八月丙子","2","0","2"
"八月丙子朔","2","0","2"
"降万年县系","2","0","2"
"万年县系囚","2","0","2"
"幸大慈恩寺","2","0","2"
"甘捐躯徇节","2","0","2"
"孙左威卫长","2","0","2"
"庶人忠坐仪","2","0","2"
"人忠坐仪交","2","0","2"
"忠坐仪交通","2","0","2"
"洛二州诸司","2","0","2"
"二州诸司囚","2","0","2"
"都督府管内","2","0","2"
"督府管内大","2","0","2"
"府管内大辟","2","0","2"
"管内大辟罪","2","0","2"
"内大辟罪上","2","0","2"
"讲武邙山阳","2","0","2"
"御城北楼观","2","0","2"
"子陆敦信检","2","0","2"
"陆敦信检校","2","0","2"
"敦信检校右","2","0","2"
"信检校右相","2","0","2"
"大司成宜停","2","0","2"
"乐彦玮停知","2","0","2"
"彦玮停知政","2","0","2"
"玮停知政事","2","0","2"
"赵郡赞皇人","1","1","2"
"泗州涟水人","1","1","2"
"侍郎孙元通","1","1","2"
"天官侍郎刘","1","1","2"
"官侍郎刘奇","1","1","2"
"凤阁舍人王","1","1","2"
"阁舍人王处","1","1","2"
"泾州刺史王","1","1","2"
"察御史王助","1","1","2"
"司议郎路敬","1","1","2"
"议郎路敬淳","1","1","2"
"门员外郎刘","1","1","2"
"员外郎刘慎","1","1","2"
"司员外郎宇","1","1","2"
"员外郎宇文","1","1","2"
"外郎宇文全","1","1","2"
"郎宇文全志","1","1","2"
"宇文全志等","1","1","2"
"文全志等三","1","1","2"
"全志等三十","1","1","2"
"志等三十六","1","1","2"
"等三十六家","1","1","2"
"河东闻喜人","1","1","2"
"支盐铁使王","1","1","2"
"怀州河内人","1","1","2"
"安禄山始叛","1","1","2"
"河南缑氏人","1","1","2"
"周太师燕文","1","1","2"
"太师燕文公","1","1","2"
"郓州东平人","1","1","2"
"常州晋陵人","1","1","2"
"定州鼓城人","1","1","2"
"京兆功曹参","1","1","2"
"兆功曹参军","1","1","2"
"功曹参军崔","1","1","2"
"曹参军崔擢","1","1","2"
"前鲁王府功","1","1","2"
"鲁王府功曹","1","1","2"
"王府功曹参","1","1","2"
"府功曹参军","1","1","2"
"功曹参军丘","1","1","2"
"明堂行告朔","1","1","2"
"司礼博士辟","1","1","2"
"礼博士辟闾","1","1","2"
"博士辟闾仁","1","1","2"
"封吴兴县男","1","1","2"
"郑州阳武人","1","1","2"
"韦庶人召诸","1","1","2"
"庶人召诸宰","1","1","2"
"人召诸宰相","1","1","2"
"瑰等十九人","1","1","2"
"等十九人入","1","1","2"
"礼便首人伦","1","1","2"
"授凉州大都","1","1","2"
"授太子洗马","1","1","2"
"魏州元城人","1","1","2"
"赵州房子人","1","1","2"
"泾州鹑觚人","1","1","2"
"润州丹徒人","1","1","2"
"汴州浚仪人","1","1","2"
"清河东武城","1","1","2"
"河东武城人","1","1","2"
"蒲州永乐人","1","1","2"
"汝州襄城人","1","1","2"
"张守瑜进攻","1","1","2"
"鸿胪员外卿","1","1","2"
"雍州三原人","1","1","2"
"曹州离狐人","1","1","2"
"豳州三水人","1","1","2"
"洺州邯郸人","1","1","2"
"冀州武邑人","1","1","2"
"天下颇多流","1","1","2"
"下颇多流言","1","1","2"
"颇多流言异","1","1","2"
"多流言异议","1","1","2"
"顺天皇后使","1","1","2"
"邢州柏仁人","1","1","2"
"绛州太平人","1","1","2"
"周利贞所杀","1","1","2"
"博陵安平人","1","1","2"
"冀州武强人","1","1","2"
"宋州宋城人","1","1","2"
"甘州张掖人","1","1","2"
"臣窃见宰相","1","1","2"
"五人分院同","1","1","2"
"人分院同居","1","1","2"
"遭司马宣王","1","1","2"
"司马宣王夺","1","1","2"
"追赠宪妃元","1","1","2"
"赠宪妃元氏","1","1","2"
"深州陆泽人","1","1","2"
"乘中国饥虚","1","1","2"
"窦怀贞等将","1","1","2"
"怀贞等将谋","1","1","2"
"能端本革弊","1","1","2"
"御史大夫宋","1","1","2"
"濮州濮阳人","1","1","2"
"西副都护郭","1","1","2"
"副都护郭虔","1","1","2"
"镇守使刘遐","1","1","2"
"守使刘遐庆","1","1","2"
"使刘遐庆等","1","1","2"
"赵州栾城人","1","1","2"
"检校凤阁侍","1","1","2"
"校凤阁侍郎","1","1","2"
"削树斩庞涓","1","1","2"
"黔州都督府","1","1","2"
"封堂兄左金","1","1","2"
"堂兄左金吾","1","1","2"
"兄左金吾将","1","1","2"
"郁林郡公千","1","1","2"
"林郡公千里","1","1","2"
"部尚书韦安","1","1","2"
"尚书韦安石","1","1","2"
"兵部尚书魏","1","1","2"
"部尚书魏元","1","1","2"
"尚书魏元忠","1","1","2"
"置户部侍郎","1","1","2"
"户部侍郎一","1","1","2"
"改西城公主","1","1","2"
"泽道总管高","1","1","2"
"道总管高甑","1","1","2"
"总管高甑生","1","1","2"
"管高甑生大","1","1","2"
"高甑生大破","1","1","2"
"京兆府新开","1","1","2"
"兆府新开稻","1","1","2"
"府新开稻田","1","1","2"
"汴州刺史齐","1","1","2"
"夏四月庚戌","2","0","2"
"陕郡太守李","1","1","2"
"郡太守李齐","1","1","2"
"太守李齐物","1","1","2"
"守李齐物先","1","1","2"
"李齐物先凿","1","1","2"
"改天下县名","1","1","2"
"重名一百一","1","1","2"
"名一百一十","1","1","2"
"一百一十处","1","1","2"
"太子宾客贺","1","1","2"
"子宾客贺知","1","1","2"
"宾客贺知章","1","1","2"
"客贺知章请","1","1","2"
"依旧取正月","1","1","2"
"旧取正月十","1","1","2"
"取正月十四","1","1","2"
"十六日开坊","1","1","2"
"六日开坊市","1","1","2"
"日开坊市门","1","1","2"
"开坊市门燃","1","1","2"
"八月己亥朔","2","0","2"
"方节度使张","1","1","2"
"节度使张齐","1","1","2"
"度使张齐丘","1","1","2"
"受降城北筑","1","1","2"
"降城北筑横","1","1","2"
"城北筑横塞","1","1","2"
"北筑横塞城","1","1","2"
"太白山金星","1","1","2"
"白山金星洞","1","1","2"
"福寿玉版石","1","1","2"
"所管华阳县","1","1","2"
"杨国忠亭子","1","1","2"
"将崔乾祐战","2","0","2"
"崔乾祐战灵","2","0","2"
"乾祐战灵宝","2","0","2"
"祐战灵宝西","2","0","2"
"龙纪元年春","1","1","2"
"请节度使孙","1","1","2"
"节度使孙揆","1","1","2"
"青州权知兵","2","0","2"
"州权知兵马","2","0","2"
"留后王师范","1","1","2"
"改天复四年","1","1","2"
"宜充大行皇","2","0","2"
"充大行皇帝","2","0","2"
"皇帝山陵礼","1","1","2"
"帝山陵礼仪","1","1","2"
"山陵礼仪使","1","1","2"
"皇帝山陵使","1","1","2"
"宗正卿李克","1","1","2"
"正卿李克勤","1","1","2"
"卿李克勤充","1","1","2"
"大司宪检校","2","0","2"
"司宪检校右","2","0","2"
"宪检校右中","2","0","2"
"护刘仁轨右","2","0","2"
"刘仁轨右相","2","0","2"
"诏缮工大监","2","0","2"
"缮工大监瀚","2","0","2"
"工大监瀚海","2","0","2"
"大监瀚海都","2","0","2"
"监瀚海都护","2","0","2"
"护刘审礼西","2","0","2"
"刘审礼西域","2","0","2"
"审礼西域道","2","0","2"
"礼西域道安","2","0","2"
"郡公姜恪卒","2","0","2"
"公姜恪卒河","2","0","2"
"姜恪卒河西","2","0","2"
"恪卒河西镇","2","0","2"
"卒河西镇守","2","0","2"
"公许敬宗卒","2","0","2"
"支汗郡王献","2","0","2"
"汗郡王献碧","2","0","2"
"郡王献碧玻","2","0","2"
"王献碧玻璃","2","0","2"
"闰三月己巳","2","0","2"
"吐蕃入寇鄯","2","0","2"
"太阳合亏亏","2","0","2"
"年正月辛未","2","0","2"
"公许圉师卒","2","0","2"
"遣郎将宋令","2","0","2"
"将宋令文使","2","0","2"
"宋令文使吐","2","0","2"
"令文使吐蕃","2","0","2"
"周道务等兵","2","0","2"
"道务等兵十","2","0","2"
"务等兵十八","2","0","2"
"等兵十八万","2","0","2"
"东军李文暕","2","0","2"
"军李文暕等","2","0","2"
"总三十万讨","2","0","2"
"三十万讨突","2","0","2"
"十万讨突厥","2","0","2"
"幸嵩阳观启","2","0","2"
"嵩阳观启母","2","0","2"
"阳观启母庙","2","0","2"
"吐蕃寇河源","2","0","2"
"永隆二年开","2","0","2"
"隆二年开耀","2","0","2"
"二年开耀元","2","0","2"
"年开耀元年","2","0","2"
"斩阿史伏念","2","0","2"
"阿史伏念温","2","0","2"
"史伏念温傅","2","0","2"
"伏念温傅等","2","0","2"
"念温傅等五","2","0","2"
"五十四人都","2","0","2"
"十四人都市","2","0","2"
"史李仲玄宗","2","0","2"
"李仲玄宗正","2","0","2"
"仲玄宗正卿","2","0","2"
"诏改永淳二","2","0","2"
"永淳二年弘","2","0","2"
"淳二年弘道","2","0","2"
"二年弘道元","2","0","2"
"年弘道元年","2","0","2"
"左仆射刘幽","1","1","2"
"射刘幽求同","1","1","2"
"刘幽求同中","1","1","2"
"幽求同中书","1","1","2"
"求同中书门","1","1","2"
"代国公郭元","1","1","2"
"国公郭元振","1","1","2"
"光禄卿窦希","1","1","2"
"部尚书刘知","1","1","2"
"尚书刘知柔","1","1","2"
"置医博士一","1","1","2"
"医博士一人","1","1","2"
"妖贼刘定高","1","1","2"
"贼刘定高率","1","1","2"
"六万九千五","1","1","2"
"万九千五百","1","1","2"
"九千五百六","1","1","2"
"五百六十五","1","1","2"
"四千一百四","1","1","2"
"百四十一万","1","1","2"
"四十一万九","1","1","2"
"一万九千七","1","1","2"
"万九千七百","1","1","2"
"九千七百一","1","1","2"
"七百一十二","1","1","2"
"遣大臣名悉","1","1","2"
"大臣名悉猎","1","1","2"
"臣名悉猎献","1","1","2"
"秋七月乙丑","2","0","2"
"豫王府长史","1","1","2"
"王府长史王","1","1","2"
"府长史王德","1","1","2"
"王府司马刘","1","1","2"
"事中傅游艺","1","1","2"
"尚书欧阳通","1","1","2"
"官侍郎李昭","1","1","2"
"检校天官侍","1","1","2"
"校天官侍郎","1","1","2"
"天官侍郎姚","1","1","2"
"地官侍郎李","1","1","2"
"官侍郎李元","1","1","2"
"改封皇孙成","1","1","2"
"封皇孙成器","1","1","2"
"三年春三月","1","1","2"
"右节度使郭","1","1","2"
"天水郡太守","1","1","2"
"香积寺西北","1","1","2"
"贼帅张通儒","1","1","2"
"平章事张镐","1","1","2"
"礼部尚书崔","1","1","2"
"部尚书崔光","1","1","2"
"尚书崔光远","1","1","2"
"史思明陷洛","2","0","2"
"思明陷洛阳","2","0","2"
"帅李光弼守","1","1","2"
"李光弼守河","1","1","2"
"礼部尚书房","1","1","2"
"史大夫崔器","1","1","2"
"凤翔尹崔光","1","1","2"
"翔尹崔光远","1","1","2"
"光远成都尹","2","0","2"
"帅李光弼破","1","1","2"
"代宗睿文孝","1","1","2"
"宗睿文孝武","1","1","2"
"赐道州司马","1","1","2"
"道州司马敬","1","1","2"
"州司马敬羽","1","1","2"
"贬太子少傅","1","1","2"
"京兆少尹黎","1","1","2"
"兆少尹黎干","1","1","2"
"四镇行营节","1","1","2"
"镇行营节度","1","1","2"
"梁州刺史张","1","1","2"
"州刺史张献","1","1","2"
"刺史张献诚","1","1","2"
"史柏茂林充","1","1","2"
"剑南西山防","1","1","2"
"南西山防御","1","1","2"
"西山防御使","1","1","2"
"工部侍郎徐","1","1","2"
"南都团练使","1","1","2"
"都团练使崔","1","1","2"
"兵马使臧玠","2","0","2"
"江观察使李","1","1","2"
"观察使李栖","1","1","2"
"察使李栖筠","1","1","2"
"溆五州经略","1","1","2"
"五州经略使","1","1","2"
"刺史李承昭","1","1","2"
"昭义兵马留","1","1","2"
"义兵马留后","1","1","2"
"郴州黄芩山","1","1","2"
"州黄芩山崩","1","1","2"
"知制诰庞严","1","1","2"
"知制诰蒋防","1","1","2"
"清溪等六县","1","1","2"
"溪等六县大","1","1","2"
"等六县大雨","1","1","2"
"赐振武军钱","1","1","2"
"修筑东受降","1","1","2"
"筑东受降城","1","1","2"
"大将军高承","1","1","2"
"将军高承简","1","1","2"
"泾原节度杨","1","1","2"
"原节度杨元","1","1","2"
"长庆元年封","1","1","2"
"庆元年封江","1","1","2"
"元年封江王","1","1","2"
"部侍郎李德","1","1","2"
"侍郎李德裕","1","1","2"
"右仆射王涯","1","1","2"
"仆射王涯奉","1","1","2"
"讲论麟德殿","2","0","2"
"吾卫将军傅","1","1","2"
"卫将军傅毅","1","1","2"
"卫大将军史","1","1","2"
"大将军史孝","1","1","2"
"夏四月壬子","1","1","2"
"书传示子孙","1","1","2"
"管观察使严","1","1","2"
"观察使严謇","1","1","2"
"贞元四年春","1","1","2"
"元四年春正","1","1","2"
"宁州刺史范","1","1","2"
"州刺史范希","1","1","2"
"刺史范希朝","1","1","2"
"事中韦夏卿","1","1","2"
"平章事董晋","1","1","2"
"大破奚王啜","1","1","2"
"破奚王啜剌","1","1","2"
"龙武统军韩","1","1","2"
"武统军韩游","1","1","2"
"统军韩游瑰","1","1","2"
"金吾皆上闻","2","0","2"
"造屋三百八","1","1","2"
"屋三百八十","1","1","2"
"三百八十间","1","1","2"
"太子詹事苏","1","1","2"
"子詹事苏弁","1","1","2"
"兄赞善大夫","1","1","2"
"兆府士曹冕","1","1","2"
"浙东团练副","1","1","2"
"东团练副使","1","1","2"
"团练副使齐","1","1","2"
"练副使齐总","1","1","2"
"大理评事张","1","1","2"
"理评事张正","1","1","2"
"评事张正元","1","1","2"
"江陵尹裴胄","1","1","2"
"会昌六年十","1","1","2"
"昌六年十月","1","1","2"
"书舍人卫洙","1","1","2"
"朔方都虞候","1","1","2"
"方都虞候李","1","1","2"
"都虞候李怀","1","1","2"
"虞候李怀光","1","1","2"
"李怀光河中","2","0","2"
"内外文武三","1","1","2"
"外文武三品","1","1","2"
"道州司马同","1","1","2"
"司马同正杨","1","1","2"
"马同正杨炎","1","1","2"
"怀州刺史乔","1","1","2"
"州刺史乔琳","1","1","2"
"归尚书省本","1","1","2"
"尚书省本司","1","1","2"
"史中丞卢杞","1","1","2"
"南节度使庾","1","1","2"
"节度使庾准","1","1","2"
"德军兵马使","1","1","2"
"军兵马使王","1","1","2"
"兵马使王武","1","1","2"
"马使王武俊","1","1","2"
"使王武俊杀","1","1","2"
"管经略使元","1","1","2"
"部侍郎萧复","1","1","2"
"宁兵马使韩","1","1","2"
"兵马使韩游","1","1","2"
"马使韩游瑰","1","1","2"
"平章事姜公","1","1","2"
"章事姜公辅","1","1","2"
"东川兵马使","1","1","2"
"川兵马使王","1","1","2"
"兵马使王叔","1","1","2"
"马使王叔邕","1","1","2"
"少府监卢岳","1","1","2"
"平章事张延","1","1","2"
"章事张延赏","1","1","2"
"坊节度使论","1","1","2"
"节度使论惟","1","1","2"
"度使论惟明","1","1","2"
"海四州观察","1","1","2"
"四州观察使","1","1","2"
"州观察使府","1","1","2"
"幽州雄武军","1","1","2"
"州雄武军使","1","1","2"
"遣军吏吴仲","1","1","2"
"军吏吴仲舒","1","1","2"
"吏吴仲舒入","1","1","2"
"吴仲舒入朝","1","1","2"
"二千六百人","1","1","2"
"千六百人请","1","1","2"
"会昌元年三","1","1","2"
"昌元年三月","1","1","2"
"元年三月二","1","1","2"
"定条目奏闻","1","1","2"
"节度使李拭","1","1","2"
"书舍人杜审","1","1","2"
"舍人杜审权","1","1","2"
"员外司马张","1","1","2"
"外司马张直","1","1","2"
"司马张直方","1","1","2"
"入回鹘册礼","1","1","2"
"回鹘册礼使","1","1","2"
"卫尉少卿王","1","1","2"
"尉少卿王端","1","1","2"
"少卿王端章","1","1","2"
"卿王端章贬","1","1","2"
"判官河南府","1","1","2"
"官河南府士","1","1","2"
"河南府士曹","1","1","2"
"南府士曹李","1","1","2"
"府士曹李寂","1","1","2"
"金鱼袋蒋伸","1","1","2"
"拾遗李珏上","1","1","2"
"忻州刺史李","1","1","2"
"陇右经略使","1","1","2"
"秦州刺史刘","1","1","2"
"四月己巳朔","2","0","2"
"邑王神符薨","2","0","2"
"改九成宫万","2","0","2"
"九成宫万年","2","0","2"
"成宫万年宫","2","0","2"
"废玉华宫佛","2","0","2"
"玉华宫佛寺","2","0","2"
"弘化长公主","1","1","2"
"公张行成薨","2","0","2"
"立仪武昭氏","2","0","2"
"仪武昭氏皇","2","0","2"
"武昭氏皇后","2","0","2"
"门侍郎杜正","1","1","2"
"元年三月丙","2","0","2"
"年三月丙申","2","0","2"
"天下承平日","2","0","2"
"下承平日久","2","0","2"
"后世圣人易","2","0","2"
"法曲弟子二","1","1","2"
"曲弟子二十","1","1","2"
"侍讲宋申锡","1","1","2"
"讲宋申锡谋","1","1","2"
"五日一入翰","2","0","2"
"日一入翰林","2","0","2"
"军十二卫观","1","1","2"
"十二卫观军","1","1","2"
"二卫观军容","1","1","2"
"卫观军容使","1","1","2"
"年十一月诛","1","1","2"
"户部尚书王","1","1","2"
"郎中知杂李","1","1","2"
"中知杂李孝","1","1","2"
"金吾左仗院","1","1","2"
"吾左仗院石","1","1","2"
"左仗院石榴","1","1","2"
"仗院石榴树","1","1","2"
"含元殿东阶","1","1","2"
"元殿东阶升","1","1","2"
"殿东阶升殿","1","1","2"
"宰相侍臣分","1","1","2"
"相侍臣分立","1","1","2"
"请陛下入内","1","1","2"
"金吾卫士上","1","1","2"
"吾卫士上殿","1","1","2"
"金吾卫士数","1","1","2"
"吾卫士数十","1","1","2"
"卫士数十人","1","1","2"
"罗立言率府","1","1","2"
"立言率府中","1","1","2"
"共四百余人","1","1","2"
"内官郄志荣","1","1","2"
"官郄志荣奋","1","1","2"
"入东上阁门","1","1","2"
"内官率禁兵","1","1","2"
"官率禁兵五","1","1","2"
"率禁兵五百","1","1","2"
"禁兵五百人","1","1","2"
"弟户部员外","1","1","2"
"绛州翼城人","1","1","2"
"检校库部郎","1","1","2"
"校库部郎中","1","1","2"
"事诬陷宋申","1","1","2"
"郑注内通敕","1","1","2"
"右神策判官","1","1","2"
"楼台行宫廨","1","1","2"
"台行宫廨署","1","1","2"
"命左右神策","1","1","2"
"右神策军差","1","1","2"
"许公卿士大","1","1","2"
"公卿士大夫","1","1","2"
"凤翔率亲兵","1","1","2"
"翔率亲兵五","1","1","2"
"率亲兵五百","1","1","2"
"亲兵五百余","1","1","2"
"兵五百余人","1","1","2"
"监军使张仲","1","1","2"
"军使张仲清","1","1","2"
"监军府议事","1","1","2"
"致衣冠涂地","1","1","2"
"绢一百万匹","1","1","2"
"登博学宏辞","1","1","2"
"博学宏辞科","1","1","2"
"盐铁转运院","1","1","2"
"籴使韩重华","1","1","2"
"孟阳惧工作","2","0","2"
"勿学潘孟阳","1","1","2"
"宋州楚丘人","1","1","2"
"朝廷命河阳","1","1","2"
"帅乌重胤讨","1","1","2"
"乌重胤讨贼","1","1","2"
"封陈留郡王","1","1","2"
"华招募群盗","1","1","2"
"牙将王弁所","1","1","2"
"将王弁所害","1","1","2"
"伏甲士千人","1","1","2"
"郓州将士分","1","1","2"
"州将士分割","1","1","2"
"天子深知郓","1","1","2"
"德宗朝翰林","1","1","2"
"宗朝翰林学","1","1","2"
"朝翰林学士","1","1","2"
"太常寺奉礼","1","1","2"
"常寺奉礼郎","1","1","2"
"调补秘书省","1","1","2"
"补秘书省校","1","1","2"
"第六室缺漏","1","1","2"
"罚宗正卿李","1","1","2"
"宗正卿李锐","1","1","2"
"见庄恪太子","1","1","2"
"员外郎张文","1","1","2"
"外郎张文规","1","1","2"
"盐铁使崔珙","1","1","2"
"铁使崔珙奏","1","1","2"
"权知职方员","1","1","2"
"知职方员外","1","1","2"
"勖检校礼部","1","1","2"
"检校礼部郎","1","1","2"
"校礼部郎中","1","1","2"
"放姚勖入省","1","1","2"
"爱婿张复鲁","1","1","2"
"后魏昭成皇","1","1","2"
"魏昭成皇帝","1","1","2"
"舒王府长史","1","1","2"
"九岁能属文","2","0","2"
"登第者十八","1","1","2"
"第者十八人","1","1","2"
"道德者十八","1","1","2"
"德者十八人","1","1","2"
"医匠安金藏","1","1","2"
"匠安金藏剖","1","1","2"
"安金藏剖腹","1","1","2"
"求明哲慈惠","1","1","2"
"七州刺史皆","1","1","2"
"徐州监军使","1","1","2"
"州监军使孟","1","1","2"
"监军使孟升","1","1","2"
"节度使王绍","1","1","2"
"内官刘士元","1","1","2"
"官刘士元后","1","1","2"
"太原白居易","1","1","2"
"白居易友善","2","0","2"
"稹量移通州","1","1","2"
"量移通州司","1","1","2"
"移通州司马","1","1","2"
"宰相令狐楚","1","1","2"
"御史府谪官","1","1","2"
"五百言律诗","1","1","2"
"写古体歌诗","1","1","2"
"古体歌诗一","1","1","2"
"体歌诗一百","1","1","2"
"歌诗一百首","1","1","2"
"两韵律诗一","1","1","2"
"韵律诗一百","1","1","2"
"律诗一百首","1","1","2"
"荆南监军崔","1","1","2"
"南监军崔潭","1","1","2"
"监军崔潭峻","1","1","2"
"师竞相传唱","1","1","2"
"密魏弘简尤","1","1","2"
"王友明二人","1","1","2"
"三司使韩皋","1","1","2"
"司使韩皋等","1","1","2"
"京兆尹刘遵","1","1","2"
"兆尹刘遵古","1","1","2"
"臣八岁丧父","1","1","2"
"臣同谏院时","1","1","2"
"同谏院时拾","1","1","2"
"谏院时拾遗","1","1","2"
"书授臣制诰","1","1","2"
"承旨翰林学","1","1","2"
"旨翰林学士","1","1","2"
"遣王友明等","1","1","2"
"便拟杀身谢","1","1","2"
"改授越州刺","1","1","2"
"授越州刺史","1","1","2"
"会稽山水奇","1","1","2"
"稽山水奇秀","1","1","2"
"五年七月二","1","1","2"
"二十二日暴","1","1","2"
"兄司农少卿","1","1","2"
"元氏长庆集","1","1","2"
"刑政书三百","1","1","2"
"政书三百卷","1","1","2"
"北齐五兵尚","1","1","2"
"齐五兵尚书","1","1","2"
"朝利州都督","1","1","2"
"检校都官郎","1","1","2"
"校都官郎中","1","1","2"
"河南十余州","1","1","2"
"南十余州叛","1","1","2"
"章武皇帝纳","1","1","2"
"武皇帝纳谏","1","1","2"
"皇帝纳谏思","1","1","2"
"蒙恩授臣左","1","1","2"
"恩授臣左拾","1","1","2"
"授臣左拾遗","1","1","2"
"崔群同状陈","1","1","2"
"群同状陈谢","1","1","2"
"臣内察事情","1","1","2"
"资产八十余","1","1","2"
"产八十余家","1","1","2"
"陛下先朝宰","1","1","2"
"下先朝宰相","1","1","2"
"神策中尉吐","1","1","2"
"策中尉吐突","1","1","2"
"陛下欲开谏","1","1","2"
"下欲开谏诤","1","1","2"
"居易官卑俸","1","1","2"
"易官卑俸薄","1","1","2"
"舍人王涯上","1","1","2"
"人王涯上疏","1","1","2"
"庐山遗爱寺","1","1","2"
"东西二林间","1","1","2"
"西二林间香","1","1","2"
"二林间香炉","1","1","2"
"林间香炉峰","1","1","2"
"间香炉峰下","1","1","2"
"见云木泉石","1","1","2"
"圣人感人心","2","0","2"
"人感人心天","2","0","2"
"感人心天下","2","0","2"
"人心天下平","2","0","2"
"余霞散成绮","1","1","2"
"归花先委露","1","1","2"
"初应进士时","2","0","2"
"中朝缌麻亲","2","0","2"
"达官半面旧","2","0","2"
"江西三四千","1","1","2"
"西三四千里","1","1","2"
"共一百五十","1","1","2"
"一百五十首","1","1","2"
"年春游城南","1","1","2"
"春游城南时","1","1","2"
"西二十里黄","1","1","2"
"二十里黄牛","1","1","2"
"十里黄牛峡","1","1","2"
"里黄牛峡口","1","1","2"
"黄牛峡口石","1","1","2"
"牛峡口石洞","1","1","2"
"峡口石洞中","1","1","2"
"木莲荔枝图","1","1","2"
"四月初始开","1","1","2"
"命道士毋丘","1","1","2"
"道士毋丘元","1","1","2"
"士毋丘元志","1","1","2"
"九月上诞节","1","1","2"
"除太子宾客","2","0","2"
"散骑常侍杨","1","1","2"
"东都风土水","1","1","2"
"都风土水木","1","1","2"
"颍川陈孝仙","1","1","2"
"博陵崔晦叔","1","1","2"
"弘农杨贞一","1","1","2"
"五柳先生传","1","1","2"
"醉吟先生传","1","1","2"
"授太子少傅","1","1","2"
"封冯翊县开","1","1","2"
"冯翊县开国","1","1","2"
"翊县开国侯","1","1","2"
"放诸妓女樊","1","1","2"
"称香山居士","1","1","2"
"五六岁识声","1","1","2"
"六岁识声韵","1","1","2"
"中拔萃甲科","1","1","2"
"性习相近远","1","1","2"
"一金换一篇","1","1","2"
"二千二百五","1","1","2"
"二百五十一","1","1","2"
"百五十一首","1","1","2"
"白氏长庆集","1","1","2"
"五字律诗百","1","1","2"
"字律诗百言","1","1","2"
"碑记叙事制","1","1","2"
"记叙事制诰","1","1","2"
"书檄辞册剖","1","1","2"
"檄辞册剖判","1","1","2"
"江州东西二","1","1","2"
"州东西二林","1","1","2"
"东西二林寺","1","1","2"
"功曹贺兰越","1","1","2"
"曹贺兰越石","1","1","2"
"弟淄州刺史","1","1","2"
"时韩国夫人","1","1","2"
"集学士李嗣","1","1","2"
"学士李嗣真","1","1","2"
"少卿杨思俭","1","1","2"
"俄迁秘书监","2","0","2"
"置武氏七庙","1","1","2"
"追尊周文王","1","1","2"
"始祖文皇帝","1","1","2"
"睿祖康皇帝","1","1","2"
"通事舍人攸","2","0","2"
"左卫亲府中","1","1","2"
"卫亲府中郎","1","1","2"
"亲府中郎将","1","1","2"
"右卫勋二府","1","1","2"
"卫勋二府中","1","1","2"
"勋二府中郎","1","1","2"
"二府中郎将","1","1","2"
"授左卫中郎","2","0","2"
"阎朝隐等数","1","1","2"
"朝隐等数百","1","1","2"
"隐等数百人","1","1","2"
"等数百人赋","1","1","2"
"数百人赋诗","1","1","2"
"府仓曹符凤","1","1","2"
"仓曹符凤知","1","1","2"
"黑衣神孙披","1","1","2"
"衣神孙披天","1","1","2"
"神孙披天裳","1","1","2"
"令太平公主","2","0","2"
"台御史冯思","1","1","2"
"御史冯思勖","1","1","2"
"怀义充使督","2","0","2"
"义充使督作","2","0","2"
"怀义法明等","2","0","2"
"延安大长公","1","1","2"
"娶魏王武承","1","1","2"
"代北道行军","1","1","2"
"北道行军大","1","1","2"
"平章事苏味","1","1","2"
"章事苏味道","1","1","2"
"吒忠义等十","1","1","2"
"忠义等十八","1","1","2"
"侍御史周矩","1","1","2"
"乳母张夫人","1","1","2"
"蜀郡司法书","1","1","2"
"检校南宁州","1","1","2"
"校南宁州都","1","1","2"
"南宁州都督","1","1","2"
"置八州十七","1","1","2"
"八州十七县","1","1","2"
"蒲州汾阳人","1","1","2"
"周太子少傅","1","1","2"
"太子少傅博","1","1","2"
"子少傅博平","1","1","2"
"少傅博平公","1","1","2"
"大将军府察","1","1","2"
"将军府察非","1","1","2"
"军府察非掾","1","1","2"
"直达沧海鱼","1","1","2"
"达沧海鱼盐","1","1","2"
"瀛州刺史贾","1","1","2"
"州刺史贾敦","1","1","2"
"刺史贾敦颐","1","1","2"
"曹州刺史郑","1","1","2"
"州刺史郑德","1","1","2"
"刺史郑德本","1","1","2"
"灵州都督府","1","1","2"
"永隆二年七","1","1","2"
"隆二年七月","1","1","2"
"官工部尚书","1","1","2"
"左千牛胄曹","1","1","2"
"国风俗物产","1","1","2"
"检校司农少","1","1","2"
"校司农少卿","1","1","2"
"司农少卿事","1","1","2"
"右骁卫兵曹","1","1","2"
"高宗王庶人","1","1","2"
"妹同安大长","1","1","2"
"友人赵持满","1","1","2"
"人赵持满犯","1","1","2"
"赵持满犯罪","1","1","2"
"大姓皇甫氏","1","1","2"
"检校安西都","1","1","2"
"校安西都护","1","1","2"
"突骑施等三","1","1","2"
"骑施等三百","1","1","2"
"施等三百人","1","1","2"
"绥州白铁余","1","1","2"
"同类金刚二","1","1","2"
"类金刚二人","1","1","2"
"岭南讨击使","1","1","2"
"南讨击使李","1","1","2"
"讨击使李千","1","1","2"
"击使李千里","1","1","2"
"使李千里进","1","1","2"
"长六尺五寸","1","1","2"
"内侍同正员","1","1","2"
"授三品将军","1","1","2"
"帘帷中休息","1","1","2"
"父高延福夫","1","1","2"
"高延福夫妻","1","1","2"
"广州大都督","1","1","2"
"麦氏越国夫","1","1","2"
"氏越国夫人","1","1","2"
"瀛州吕玄晤","1","1","2"
"冠军大将军","1","1","2"
"加骠骑大将","2","0","2"
"造宝寿佛寺","1","1","2"
"华封道士观","1","1","2"
"京城西北截","1","1","2"
"华州袁思艺","1","1","2"
"上元元年八","1","1","2"
"上皇移居西","1","1","2"
"皇移居西内","1","1","2"
"上皇登长庆","1","1","2"
"皇登长庆楼","1","1","2"
"宝应元年三","1","1","2"
"应元年三月","1","1","2"
"力士北望号","1","1","2"
"托襄阳节度","1","1","2"
"左监门卫大","1","1","2"
"时郭子仪频","1","1","2"
"郭子仪频立","1","1","2"
"子仪频立大","1","1","2"
"仪频立大功","1","1","2"
"朝恩大军遽","1","1","2"
"天下观军容","1","1","2"
"下观军容宣","1","1","2"
"六军将军送","1","1","2"
"大臣群官二","1","1","2"
"臣群官二百","1","1","2"
"章敬太后忌","1","1","2"
"敬太后忌日","1","1","2"
"户部郎中相","1","1","2"
"部郎中相里","1","1","2"
"郎中相里造","1","1","2"
"州观察使皇","1","1","2"
"观察使皇甫","1","1","2"
"察使皇甫温","1","1","2"
"使皇甫温相","1","1","2"
"皇甫温相结","1","1","2"
"武将刘希暹","1","1","2"
"御通化门楼","2","0","2"
"诱潞州牙将","1","1","2"
"潞州牙将乌","1","1","2"
"州牙将乌重","1","1","2"
"牙将乌重胤","1","1","2"
"时弓箭库使","1","1","2"
"弓箭库使刘","1","1","2"
"箭库使刘希","1","1","2"
"库使刘希先","1","1","2"
"使刘希先取","1","1","2"
"刘希先取羽","1","1","2"
"希先取羽林","1","1","2"
"先取羽林大","1","1","2"
"取羽林大将","1","1","2"
"林大将军孙","1","1","2"
"淮南节度监","1","1","2"
"南节度监军","1","1","2"
"节度监军使","1","1","2"
"事舍人李涉","1","1","2"
"中尉马存亮","1","1","2"
"营州柳城杂","1","1","2"
"州柳城杂种","1","1","2"
"柳城杂种胡","1","1","2"
"城杂种胡人","1","1","2"
"将军安道买","1","1","2"
"张守珪幽州","2","0","2"
"守珪幽州节","2","0","2"
"珪幽州节度","2","0","2"
"平卢军等使","1","1","2"
"采访使张利","1","1","2"
"访使张利贞","1","1","2"
"黜陟使席建","1","1","2"
"陟使席建侯","1","1","2"
"重三百三十","1","1","2"
"三百三十斤","1","1","2"
"陇右群牧等","1","1","2"
"右群牧等都","1","1","2"
"群牧等都使","1","1","2"
"吉温武部侍","1","1","2"
"南节度张介","1","1","2"
"节度张介然","1","1","2"
"将军荔非守","1","1","2"
"军荔非守瑜","1","1","2"
"荔非守瑜蹲","1","1","2"
"留守李忄妻","2","0","2"
"采访使判官","1","1","2"
"访使判官蒋","1","1","2"
"使判官蒋清","1","1","2"
"判官蒋清烧","1","1","2"
"河南尹达奚","1","1","2"
"高仙芝率兵","1","1","2"
"仙芝率兵守","1","1","2"
"临汝太守韦","1","1","2"
"汝太守韦斌","1","1","2"
"南阳节度鲁","1","1","2"
"节度鲁炅率","1","1","2"
"回纥三千骑","1","1","2"
"将尹子奇攻","1","1","2"
"攻陷睢阳郡","1","1","2"
"遣副元帅郭","1","1","2"
"帅郭子仪等","1","1","2"
"伪中书令张","1","1","2"
"中书令张通","1","1","2"
"书令张通儒","1","1","2"
"改乾元元年","2","0","2"
"贝州刺史宇","1","1","2"
"州刺史宇文","1","1","2"
"刺史宇文宽","1","1","2"
"史宇文宽等","1","1","2"
"天下兵马使","1","1","2"
"遣郭子仪等","1","1","2"
"中官将军吴","1","1","2"
"官将军吴怀","1","1","2"
"将军吴怀实","1","1","2"
"男丞相锡学","1","1","2"
"父吕令皓特","1","1","2"
"军仓曹参军","1","1","2"
"仓曹参军同","1","1","2"
"曹参军同正","1","1","2"
"参军同正员","1","1","2"
"平卢掌书记","1","1","2"
"哥舒翰二十","1","1","2"
"舒翰二十万","1","1","2"
"营州宁夷州","1","1","2"
"州宁夷州突","1","1","2"
"宁夷州突厥","1","1","2"
"夷州突厥杂","1","1","2"
"特进乌知义","1","1","2"
"平卢节度都","1","1","2"
"卢节度都知","1","1","2"
"思明蔡希德","2","0","2"
"副留守向润","1","1","2"
"留守向润客","1","1","2"
"令向润客代","1","1","2"
"中官邢廷恩","1","1","2"
"官邢廷恩追","1","1","2"
"太守王怀忠","1","1","2"
"回纥二千骑","2","0","2"
"判官耿仁智","1","1","2"
"令衙官窦子","1","1","2"
"衙官窦子昂","1","1","2"
"兵众八万人","1","1","2"
"河东节度高","1","1","2"
"东节度高秀","1","1","2"
"节度高秀岩","1","1","2"
"河北节度使","1","1","2"
"内侍李思敬","1","1","2"
"将军乌承恩","1","1","2"
"节度仆固怀","1","1","2"
"度仆固怀恩","1","1","2"
"留守张通儒","1","1","2"
"宝应元年十","1","1","2"
"应元年十月","1","1","2"
"遣元帅雍王","1","1","2"
"三万二千人","1","1","2"
"范阳节度李","1","1","2"
"阳节度李怀","1","1","2"
"军节度张忠","1","1","2"
"节度张忠志","1","1","2"
"赵州刺史卢","1","1","2"
"州刺史卢淑","1","1","2"
"相州节度薛","1","1","2"
"州节度薛嵩","1","1","2"
"乾元二年僭","1","1","2"
"钱米绢布等","1","1","2"
"驾李道钦犯","1","1","2"
"国子祭酒周","1","1","2"
"子祭酒周弘","1","1","2"
"祭酒周弘正","1","1","2"
"德仁兄弟八","1","1","2"
"仁兄弟八人","1","1","2"
"豫章王府记","1","1","2"
"章王府记室","1","1","2"
"河东郡司法","1","1","2"
"迁太子中舍","2","0","2"
"右卫率府长","1","1","2"
"周仪同大将","1","1","2"
"仪同大将军","1","1","2"
"扬州录事参","1","1","2"
"枫落吴江冷","1","1","2"
"信明五月五","1","1","2"
"明五月五日","1","1","2"
"太史令史良","1","1","2"
"中书侍郎唐","1","1","2"
"书侍郎唐俭","1","1","2"
"侍郎唐俭爱","1","1","2"
"兰台侍郎李","1","1","2"
"侍郎李怀俨","1","1","2"
"太宗命秘书","1","1","2"
"宗命秘书监","1","1","2"
"命秘书监魏","1","1","2"
"写四部群书","1","1","2"
"东台侍郎赵","1","1","2"
"台侍郎赵仁","1","1","2"
"侍郎赵仁本","1","1","2"
"台舍人张文","1","1","2"
"置详正学士","1","1","2"
"襄州襄阳人","1","1","2"
"周硖州刺史","1","1","2"
"兄中书令岑","1","1","2"
"时吏部侍郎","1","1","2"
"部员外郎贾","1","1","2"
"员外郎贾言","1","1","2"
"外郎贾言忠","1","1","2"
"御史台杂注","1","1","2"
"苏味道必死","1","1","2"
"司马周季重","1","1","2"
"员外司户郭","1","1","2"
"外司户郭若","1","1","2"
"司户郭若讷","1","1","2"
"天召见审言","1","1","2"
"国子监主簿","1","1","2"
"修文馆直学","1","1","2"
"太常博士苏","1","1","2"
"常博士苏知","1","1","2"
"梓州司法参","1","1","2"
"意元年七月","1","1","2"
"追赠著作郎","1","1","2"
"论近代文士","1","1","2"
"宁食三斗蒜","1","1","2"
"友杜易简常","1","1","2"
"杜易简常称","1","1","2"
"宸游东岳颂","1","1","2"
"檄英王鸡文","1","1","2"
"勃恃才傲物","1","1","2"
"雍州司户参","1","1","2"
"太子典膳丞","1","1","2"
"宰相相顾失","1","1","2"
"相相顾失色","1","1","2"
"知天官侍郎","1","1","2"
"大唐千岁历","1","1","2"
"州人郄云卿","1","1","2"
"日诵千余言","2","0","2"
"洛州总管独","1","1","2"
"州总管独孤","1","1","2"
"总管独孤信","1","1","2"
"管独孤信见","1","1","2"
"鄱阳公主邑","2","0","2"
"阳公主邑司","2","0","2"
"长安光德坊","1","1","2"
"孙思邈处士","1","1","2"
"思邈处士居","1","1","2"
"东台侍郎孙","1","1","2"
"太子詹事卢","1","1","2"
"子詹事卢齐","1","1","2"
"詹事卢齐卿","1","1","2"
"西域十七年","1","1","2"
"六百五十七","1","1","2"
"百五十七部","1","1","2"
"右仆射房玄","1","1","2"
"门侍郎薛元","1","1","2"
"郎薛元超等","1","1","2"
"子博士范义","1","1","2"
"博士范义硕","1","1","2"
"太子洗马郭","1","1","2"
"子洗马郭瑜","1","1","2"
"文馆学士高","1","1","2"
"馆学士高若","1","1","2"
"学士高若思","1","1","2"
"士高若思等","1","1","2"
"送葬者数万","2","0","2"
"葬者数万人","2","0","2"
"蕲州双峰山","1","1","2"
"州双峰山东","1","1","2"
"双峰山东山","1","1","2"
"峰山东山寺","1","1","2"
"书舍人张说","1","1","2"
"韶州广果寺","1","1","2"
"征士卢鸿一","1","1","2"
"荆州玉泉寺","1","1","2"
"开元十三年","1","1","2"
"河南尹裴宽","1","1","2"
"京城慈恩寺","1","1","2"
"中书侍郎严","1","1","2"
"书侍郎严挺","1","1","2"
"留守韦安石","1","1","2"
"天一太一经","1","1","2"
"太一局遁甲","1","1","2"
"一局遁甲经","1","1","2"
"令率府长史","1","1","2"
"率府长史梁","1","1","2"
"府长史梁令","1","1","2"
"天台山国清","1","1","2"
"台山国清寺","1","1","2"
"朔方军都虞","1","1","2"
"方军都虞候","1","1","2"
"庆三州都将","1","1","2"
"子仪节度副","1","1","2"
"仪节度副元","1","1","2"
"慈隰节度支","1","1","2"
"隰节度支度","1","1","2"
"田观察押诸","1","1","2"
"观察押诸蕃","1","1","2"
"察押诸蕃部","1","1","2"
"诸蕃部落等","1","1","2"
"蕃部落等使","1","1","2"
"镇节度使段","1","1","2"
"朔方旧将温","1","1","2"
"方旧将温儒","1","1","2"
"旧将温儒雅","1","1","2"
"将温儒雅等","1","1","2"
"宁节度等使","1","1","2"
"王武俊皆反","2","0","2"
"遣翰林学士","2","0","2"
"李晟移军东","2","0","2"
"晟移军东渭","2","0","2"
"晟收复京师","1","1","2"
"河中节度副","1","1","2"
"中节度副元","1","1","2"
"度使马燧威","1","1","2"
"国军节度骆","1","1","2"
"军节度骆元","1","1","2"
"贞元元年秋","1","1","2"
"将牛名俊斩","2","0","2"
"牛名俊斩怀","2","0","2"
"名俊斩怀光","2","0","2"
"俊斩怀光首","2","0","2"
"孙燕八八赐","1","1","2"
"燕八八赐姓","1","1","2"
"八八赐姓李","1","1","2"
"日监察御史","2","0","2"
"江淮租庸使","1","1","2"
"山南等五道","1","1","2"
"南等五道度","1","1","2"
"等五道度支","1","1","2"
"五道度支使","1","1","2"
"乾元重宝钱","1","1","2"
"重轮乾元钱","1","1","2"
"人黄金二百","1","1","2"
"黄金二百两","1","1","2"
"御史刘期光","1","1","2"
"史刘期光追","1","1","2"
"内副元帅郭","1","1","2"
"帅郭子仪请","1","1","2"
"关内元帅副","1","1","2"
"内元帅副使","1","1","2"
"改户部侍郎","2","0","2"
"鱼朝恩伏诛","2","0","2"
"右司御胄曹","1","1","2"
"时右仆射崔","1","1","2"
"右仆射崔宁","1","1","2"
"蕃会盟使李","1","1","2"
"会盟使李揆","1","1","2"
"京兆尹薛珏","1","1","2"
"米五十万斛","1","1","2"
"贞元八年七","1","1","2"
"元八年七月","1","1","2"
"左司御率府","1","1","2"
"司御率府兵","1","1","2"
"御率府兵曹","1","1","2"
"率府兵曹参","1","1","2"
"公苗晋卿见","1","1","2"
"使王思礼请","1","1","2"
"道营田副使","1","1","2"
"朝御史大夫","2","0","2"
"中四年十一","1","1","2"
"山兵马使张","1","1","2"
"将叱干遂等","1","1","2"
"吐蕃寇剑南","2","0","2"
"兴兵入陇州","2","0","2"
"将王佖选锐","2","0","2"
"王佖选锐兵","2","0","2"
"佖选锐兵三","2","0","2"
"选锐兵三千","2","0","2"
"宰相韩滉扶","2","0","2"
"相韩滉扶晟","2","0","2"
"韩滉扶晟议","2","0","2"
"将帅生事邀","2","0","2"
"帅生事邀功","2","0","2"
"事中郑云逵","1","1","2"
"中书令读册","2","0","2"
"子少保韦伦","1","1","2"
"贞元三年七","1","1","2"
"节度马灵察","1","1","2"
"授斥候府果","1","1","2"
"斥候府果毅","1","1","2"
"绥德府折冲","1","1","2"
"节度使梁宰","1","1","2"
"安西兵马使","1","1","2"
"西兵马使荔","1","1","2"
"兵马使荔非","1","1","2"
"马使荔非元","1","1","2"
"使荔非元礼","1","1","2"
"先锋将白孝","1","1","2"
"锋将白孝德","1","1","2"
"知奉天行营","1","1","2"
"奉天行营事","1","1","2"
"刀斧将王童","1","1","2"
"时都将焦令","1","1","2"
"都将焦令谌","1","1","2"
"左厢兵马使","1","1","2"
"十将张羽飞","1","1","2"
"都虞候史廷","1","1","2"
"虞候史廷干","1","1","2"
"泾原郑颍节","1","1","2"
"原郑颍节度","1","1","2"
"郑颍节度使","1","1","2"
"说大将刘海","1","1","2"
"大将刘海宾","1","1","2"
"判官岐灵岳","1","1","2"
"秀实见禁兵","1","1","2"
"故开府仪同","1","1","2"
"三品正员官","1","1","2"
"赠太尉秀实","2","0","2"
"太常博士一","1","1","2"
"常博士一人","1","1","2"
"河西陇右军","1","1","2"
"试覆屯交兵","2","0","2"
"兄弟三十年","1","1","2"
"东都畿采访","1","1","2"
"都畿采访判","1","1","2"
"畿采访判官","1","1","2"
"武部员外郎","1","1","2"
"司兵参军李","1","1","2"
"兵参军李平","1","1","2"
"北二十四郡","1","1","2"
"太守张献直","1","1","2"
"事参军李择","1","1","2"
"参军李择交","1","1","2"
"军李择交统","1","1","2"
"杀留守李忄","1","1","2"
"史中丞卢奕","1","1","2"
"太守司马垂","1","1","2"
"大将李择交","1","1","2"
"副将平原县","1","1","2"
"将平原县令","1","1","2"
"平原县令范","1","1","2"
"原县令范东","1","1","2"
"县令范东馥","1","1","2"
"肃宗幸灵武","2","0","2"
"授工部尚书","1","1","2"
"河北采访招","1","1","2"
"北采访招讨","1","1","2"
"采访招讨使","1","1","2"
"尹子奇急攻","1","1","2"
"子奇急攻河","1","1","2"
"奇急攻河北","1","1","2"
"德元年十月","1","1","2"
"部侍郎崔漪","1","1","2"
"侍郎崔漪带","1","1","2"
"议大夫李何","1","1","2"
"大夫李何忌","1","1","2"
"左司郎中李","1","1","2"
"司郎中李巽","1","1","2"
"礼仪使崔器","1","1","2"
"刑部尚书知","1","1","2"
"部尚书知省","1","1","2"
"尚书知省事","1","1","2"
"长官白宰相","2","0","2"
"史中丞李进","1","1","2"
"中丞李进等","1","1","2"
"丞李进等传","1","1","2"
"抚州湖州刺","1","1","2"
"州湖州刺史","1","1","2"
"高祖下七圣","2","0","2"
"大将周曾等","1","1","2"
"兴元元年八","1","1","2"
"元年八月三","1","1","2"
"贞元六年十","1","1","2"
"元六年十一","1","1","2"
"六年十一月","1","1","2"
"使府监察御","1","1","2"
"府监察御史","1","1","2"
"陇州行营留","1","1","2"
"州行营留后","1","1","2"
"行营留后事","1","1","2"
"德宗幸奉天","2","0","2"
"凤翔兵马使","1","1","2"
"翔兵马使李","1","1","2"
"兵马使李楚","1","1","2"
"马使李楚琳","1","1","2"
"使李楚琳杀","1","1","2"
"陇州刺史郝","1","1","2"
"州刺史郝通","1","1","2"
"旧将牛云光","1","1","2"
"将牛云光督","1","1","2"
"置奉义军节","1","1","2"
"遣判官崔佐","1","1","2"
"判官崔佐时","1","1","2"
"蛮国羊咀咩","1","1","2"
"国羊咀咩城","1","1","2"
"生擒笼官四","1","1","2"
"擒笼官四十","1","1","2"
"笼官四十五","1","1","2"
"官四十五人","1","1","2"
"南道元帅论","1","1","2"
"道元帅论莽","1","1","2"
"元帅论莽热","1","1","2"
"帅论莽热率","1","1","2"
"堡栅五十余","1","1","2"
"十一年九月","1","1","2"
"十二年二月","1","1","2"
"笼官马定德","1","1","2"
"令镇静军使","1","1","2"
"镇静军使陈","1","1","2"
"静军使陈洎","1","1","2"
"军使陈洎等","1","1","2"
"威戎军使崔","1","1","2"
"戎军使崔尧","1","1","2"
"军使崔尧臣","1","1","2"
"二州兵马使","1","1","2"
"州兵马使仇","1","1","2"
"兵马使仇冕","1","1","2"
"二州刺史董","1","1","2"
"州刺史董振","1","1","2"
"刺史董振等","1","1","2"
"北路兵马使","1","1","2"
"路兵马使邢","1","1","2"
"陇东兵马使","1","1","2"
"东兵马使元","1","1","2"
"兵马使元膺","1","1","2"
"令镇南军使","1","1","2"
"镇南军使韦","1","1","2"
"南军使韦良","1","1","2"
"军使韦良金","1","1","2"
"雅州经略使","1","1","2"
"州经略使路","1","1","2"
"经略使路惟","1","1","2"
"略使路惟明","1","1","2"
"使路惟明等","1","1","2"
"黎州经略使","1","1","2"
"州经略使王","1","1","2"
"州经略使陈","1","1","2"
"经略使陈孝","1","1","2"
"略使陈孝阳","1","1","2"
"兵马使何大","1","1","2"
"马使何大海","1","1","2"
"东蛮二部落","1","1","2"
"进攻昆明城","1","1","2"
"东境五道节","1","1","2"
"境五道节度","1","1","2"
"五道节度兵","1","1","2"
"道节度兵马","1","1","2"
"节度兵马都","1","1","2"
"度兵马都群","1","1","2"
"兵马都群牧","1","1","2"
"马都群牧大","1","1","2"
"都群牧大使","1","1","2"
"生擒论莽热","1","1","2"
"加检校太尉","2","0","2"
"能临朝听政","1","1","2"
"侍棋待诏王","1","1","2"
"棋待诏王叔","1","1","2"
"侍书待诏王","1","1","2"
"时年六十一","1","1","2"
"伪将李庭伟","1","1","2"
"将李庭伟率","1","1","2"
"太守韩择木","1","1","2"
"员外司兵张","1","1","2"
"外司兵张孚","1","1","2"
"代宗遣中使","2","0","2"
"道州刺史裴","1","1","2"
"州刺史裴虬","1","1","2"
"左清道兵曹","1","1","2"
"使令狐彰闻","1","1","2"
"使李希烈乘","1","1","2"
"李希烈乘破","1","1","2"
"寿州刺史崔","1","1","2"
"州刺史崔昭","1","1","2"
"选寿州刺史","1","1","2"
"淮南陈少游","1","1","2"
"封伪赦书送","1","1","2"
"陈少游忧愤","1","1","2"
"濠寿庐三州","1","1","2"
"寿庐三州都","1","1","2"
"庐三州都团","1","1","2"
"后高承宗父","1","1","2"
"高承宗父子","1","1","2"
"独孤华相继","1","1","2"
"白望数十百","1","1","2"
"望数十百人","1","1","2"
"农夫绢十匹","1","1","2"
"节度使李说","1","1","2"
"大将军李翰","1","1","2"
"牧守寄所重","1","1","2"
"卿忠贞节义","1","1","2"
"徐泗行军司","1","1","2"
"泗行军司马","1","1","2"
"军使安禄山","1","1","2"
"前锋兵马使","1","1","2"
"宗遣朔方节","2","0","2"
"遣朔方节度","2","0","2"
"方节度使仆","1","1","2"
"度使仆固怀","1","1","2"
"薛嵩等四人","1","1","2"
"嵩等四人分","1","1","2"
"检校尚书仆","1","1","2"
"校尚书仆射","1","1","2"
"尚永乐公主","2","0","2"
"相卫节度使","1","1","2"
"卫节度使薛","1","1","2"
"节度使薛嵩","1","1","2"
"衙将裴志清","1","1","2"
"东节度使薛","1","1","2"
"幽州节度留","1","1","2"
"将郝光朝奉","1","1","2"
"承嗣令田悦","1","1","2"
"嗣令田悦率","1","1","2"
"事中杜亚宣","1","1","2"
"入长安通化","1","1","2"
"长安通化门","1","1","2"
"臣年二十八","1","1","2"
"李正己等解","1","1","2"
"子惟岳谋袭","2","0","2"
"惟岳谋袭父","2","0","2"
"岳谋袭父位","2","0","2"
"康日知深赵","2","0","2"
"赵二州团练","1","1","2"
"冀二州团练","1","1","2"
"滔怒失深州","2","0","2"
"滔令大将马","2","0","2"
"令大将马实","2","0","2"
"授王武俊平","1","1","2"
"王武俊平章","1","1","2"
"武俊平章事","1","1","2"
"骑径入武俊","2","0","2"
"贝州三十里","1","1","2"
"武俊父子纵","1","1","2"
"俊父子纵马","1","1","2"
"父子纵马急","1","1","2"
"李晟收京城","2","0","2"
"宝臣田承嗣","2","0","2"
"乘胜欲袭取","1","1","2"
"胜欲袭取幽","1","1","2"
"欲袭取幽州","1","1","2"
"惟岳拒朝命","2","0","2"
"夹道排列二","1","1","2"
"道排列二十","1","1","2"
"排列二十余","1","1","2"
"列二十余里","1","1","2"
"贞元元年九","1","1","2"
"安禄山帐下","1","1","2"
"禄山帐下将","1","1","2"
"宝臣部将张","1","1","2"
"臣部将张孝","1","1","2"
"部将张孝忠","1","1","2"
"授成德军节","1","1","2"
"华知沧州事","1","1","2"
"事参军李宇","1","1","2"
"华御史中丞","1","1","2"
"义武军粮饷","1","1","2"
"授秘书省正","1","1","2"
"秘书省正字","1","1","2"
"中部郡太守","1","1","2"
"三千六百八","1","1","2"
"千六百八十","1","1","2"
"六百八十二","1","1","2"
"百八十二卷","1","1","2"
"兴庆宫史馆","1","1","2"
"修史官工部","1","1","2"
"史官工部侍","1","1","2"
"工部侍郎韦","1","1","2"
"部侍郎韦述","1","1","2"
"侍郎韦述陷","1","1","2"
"一百一十三","1","1","2"
"百一十三卷","1","1","2"
"五代帝王论","1","1","2"
"光顺门朝贺","1","1","2"
"顺门朝贺皇","1","1","2"
"门朝贺皇后","1","1","2"
"宰臣元载称","1","1","2"
"休烈父子儒","1","1","2"
"遣谒者内常","1","1","2"
"谒者内常侍","1","1","2"
"者内常侍吴","1","1","2"
"内常侍吴承","1","1","2"
"常侍吴承倩","1","1","2"
"饶乐府都督","1","1","2"
"乐府都督李","1","1","2"
"府都督李诗","1","1","2"
"都督李诗率","1","1","2"
"部落五千帐","1","1","2"
"刺史李宝臣","1","1","2"
"武俊佩刀立","1","1","2"
"旧将易州刺","1","1","2"
"将易州刺史","1","1","2"
"武俊率三千","1","1","2"
"俊率三千骑","1","1","2"
"授武俊检校","2","0","2"
"深赵团练观","1","1","2"
"赵团练观察","1","1","2"
"伪定州刺史","1","1","2"
"深州刺史杨","1","1","2"
"州刺史杨荣","1","1","2"
"刺史杨荣国","1","1","2"
"大将张钟葵","1","1","2"
"康日知击败","1","1","2"
"劝诱蔡州李","1","1","2"
"诱蔡州李希","1","1","2"
"蔡州李希烈","1","1","2"
"州李希烈同","1","1","2"
"贾林复说武","2","0","2"
"林复说武俊","2","0","2"
"复说武俊曰","2","0","2"
"兴元元年德","1","1","2"
"元元年德宗","1","1","2"
"御史大夫董","1","1","2"
"史大夫董晋","1","1","2"
"武俊检校兵","1","1","2"
"俊检校兵部","1","1","2"
"围贝州数十","1","1","2"
"贝州数十日","1","1","2"
"张孝忠见魏","1","1","2"
"吾上将军同","1","1","2"
"上将军同正","1","1","2"
"十七年六月","1","1","2"
"延英门奉慰","1","1","2"
"左庶子上公","1","1","2"
"庶子上公持","1","1","2"
"子上公持节","1","1","2"
"上公持节册","1","1","2"
"李宝臣父子","1","1","2"
"王承元衙内","1","1","2"
"承元衙内兵","1","1","2"
"元衙内兵马","1","1","2"
"衙内兵马使","1","1","2"
"承元上禀朝","1","1","2"
"元上禀朝旨","1","1","2"
"国家赏钱一","1","1","2"
"家赏钱一百","1","1","2"
"长庆元年六","1","1","2"
"庆元年六月","1","1","2"
"子泾原节度","1","1","2"
"深州刺史牛","1","1","2"
"州刺史牛元","1","1","2"
"刺史牛元翼","1","1","2"
"镇州大将王","1","1","2"
"州大将王位","1","1","2"
"大将王位等","1","1","2"
"度使王涯献","1","1","2"
"命易定节度","1","1","2"
"沧德乌重胤","1","1","2"
"德乌重胤独","1","1","2"
"德州王日简","1","1","2"
"州王日简代","1","1","2"
"置南北供军","1","1","2"
"南北供军院","1","1","2"
"府牙将史宪","1","1","2"
"招抚使裴度","1","1","2"
"克融检校工","1","1","2"
"融检校工部","1","1","2"
"深州将校臧","1","1","2"
"州将校臧平","1","1","2"
"将吏一百八","1","1","2"
"吏一百八十","1","1","2"
"一百八十余","1","1","2"
"百八十余人","1","1","2"
"州李全略死","1","1","2"
"史宪诚危急","1","1","2"
"进滔魏博节","1","1","2"
"滔魏博节度","1","1","2"
"加太子太傅","1","1","2"
"八年十一月","1","1","2"
"晋上书谒见","1","1","2"
"刺史崔圆改","1","1","2"
"送崇徽公主","1","1","2"
"御史中丞知","1","1","2"
"史中丞知台","1","1","2"
"中丞知台事","1","1","2"
"武军节度营","1","1","2"
"军节度营田","1","1","2"
"汴宋观察使","1","1","2"
"河内府折冲","1","1","2"
"平卢军先锋","1","1","2"
"卢军先锋使","1","1","2"
"贼将申子贡","1","1","2"
"奚王阿笃孤","1","1","2"
"安东都护王","1","1","2"
"东都护王玄","1","1","2"
"都护王玄志","1","1","2"
"大将田神功","1","1","2"
"擒伪刺史臧","1","1","2"
"伪刺史臧瑜","1","1","2"
"刺史臧瑜等","1","1","2"
"史思明归顺","1","1","2"
"贼将王福德","1","1","2"
"等九节度围","2","0","2"
"九节度围安","2","0","2"
"节度围安庆","2","0","2"
"度围安庆绪","2","0","2"
"围安庆绪相","2","0","2"
"缘河守捉使","1","1","2"
"殿中监同正","1","1","2"
"封陇西郡公","2","0","2"
"两军节度兵","1","1","2"
"军节度兵马","1","1","2"
"节度兵马使","1","1","2"
"贼将李归仁","1","1","2"
"会淮西节度","2","0","2"
"节度王仲升","1","1","2"
"忠臣太常卿","1","1","2"
"臣太常卿同","1","1","2"
"淮西十一州","1","1","2"
"西十一州节","1","1","2"
"十一州节度","1","1","2"
"忠臣所信任","1","1","2"
"大将李希烈","1","1","2"
"监军判官蒋","1","1","2"
"军判官蒋知","1","1","2"
"判官蒋知璋","1","1","2"
"官蒋知璋等","1","1","2"
"单骑赴京师","1","1","2"
"妄传董重质","1","1","2"
"令内常侍崔","1","1","2"
"宣歙等道兵","1","1","2"
"歙等道兵马","1","1","2"
"东都防御使","1","1","2"
"怀郑汝节度","1","1","2"
"淄郓李师道","1","1","2"
"大小十余镇","1","1","2"
"遣嵩山僧圆","1","1","2"
"淮右行营兵","1","1","2"
"右行营兵马","1","1","2"
"擒栅将吴秀","1","1","2"
"栅将吴秀琳","1","1","2"
"申光蔡四面","1","1","2"
"光蔡四面行","1","1","2"
"蔡四面行营","1","1","2"
"面行营招抚","1","1","2"
"行营招抚使","1","1","2"
"时年三十五","1","1","2"
"明州员外长","1","1","2"
"州员外长史","1","1","2"
"中使刘光琦","1","1","2"
"封员外郎吕","1","1","2"
"员外郎吕温","1","1","2"
"高邮县筑堤","1","1","2"
"义章二公主","1","1","2"
"造祠堂一百","1","1","2"
"祠堂一百二","1","1","2"
"堂一百二十","1","1","2"
"一百二十间","1","1","2"
"二十户百姓","1","1","2"
"宥州寄理经","2","0","2"
"州寄理经略","2","0","2"
"寄理经略军","2","0","2"
"夏绥银观察","1","1","2"
"绥银观察使","1","1","2"
"郎中张仲方","1","1","2"
"庆州刺史论","1","1","2"
"州刺史论惟","1","1","2"
"刺史论惟明","1","1","2"
"史论惟明合","1","1","2"
"论惟明合兵","1","1","2"
"惟明合兵三","1","1","2"
"明合兵三千","1","1","2"
"合兵三千人","1","1","2"
"贾隐林等分","1","1","2"
"骆元光三将","1","1","2"
"元光三将奉","1","1","2"
"光三将奉迎","1","1","2"
"妖贼李广弘","1","1","2"
"大将范希朝","1","1","2"
"将范希朝善","1","1","2"
"都虞侯杨朝","1","1","2"
"虞侯杨朝晟","1","1","2"
"授宁州刺史","1","1","2"
"授右龙武统","1","1","2"
"宫千牛李志","1","1","2"
"千牛李志安","1","1","2"
"齐王护军李","1","1","2"
"王护军李思","1","1","2"
"护军李思行","1","1","2"
"副使李桐客","1","1","2"
"未尝欣然纳","2","0","2"
"尝欣然纳受","2","0","2"
"能远避嫌疑","1","1","2"
"学者校定四","1","1","2"
"者校定四部","1","1","2"
"校定四部书","1","1","2"
"时厌怛纥干","1","1","2"
"长乐公主将","1","1","2"
"永嘉长公主","1","1","2"
"徵受诏总加","1","1","2"
"受诏总加撰","1","1","2"
"诏总加撰定","1","1","2"
"齐桓公问管","1","1","2"
"桓公问管仲","1","1","2"
"中行穆伯攻","1","1","2"
"西域立叶护","1","1","2"
"独乘千里马","1","1","2"
"时公卿大臣","1","1","2"
"时年六十四","1","1","2"
"荐中书侍郎","1","1","2"
"中书侍郎杜","1","1","2"
"书侍郎杜正","1","1","2"
"太子内舍人","1","1","2"
"汉王府参军","1","1","2"
"河间郡司法","1","1","2"
"间郡司法书","1","1","2"
"思廉上表陈","1","1","2"
"十八学士图","1","1","2"
"谢炅等诸家","1","1","2"
"炅等诸家梁","1","1","2"
"等诸家梁史","1","1","2"
"顾野王所修","1","1","2"
"彩绢五百段","1","1","2"
"通直散骑常","1","1","2"
"直散骑常侍","1","1","2"
"赐爵丰城县","1","1","2"
"爵丰城县男","1","1","2"
"书左丞李纲","1","1","2"
"仆射杨素见","1","1","2"
"射杨素见师","1","1","2"
"杨素见师古","1","1","2"
"素见师古年","1","1","2"
"秘书省考定","1","1","2"
"博士等撰定","1","1","2"
"太常卿韦挺","1","1","2"
"封禅仪注书","1","1","2"
"扬庭帛五十","1","1","2"
"庭帛五十匹","1","1","2"
"青州法曹参","1","1","2"
"州法曹参军","1","1","2"
"举明经高第","2","0","2"
"河内郡博士","1","1","2"
"部尚书杨玄","1","1","2"
"尚书杨玄感","1","1","2"
"补太学助教","1","1","2"
"封曲阜县男","1","1","2"
"加位散骑常","1","1","2"
"位散骑常侍","1","1","2"
"左庶子志宁","2","0","2"
"赐黄金一斤","1","1","2"
"乳母遂安夫","1","1","2"
"母遂安夫人","1","1","2"
"一百八十卷","1","1","2"
"国子监施行","1","1","2"
"太学博士马","1","1","2"
"学博士马嘉","1","1","2"
"博士马嘉运","1","1","2"
"士马嘉运驳","1","1","2"
"马嘉运驳颖","1","1","2"
"嘉运驳颖达","1","1","2"
"运驳颖达所","1","1","2"
"驳颖达所撰","1","1","2"
"太史令庾俭","1","1","2"
"井钺等十二","1","1","2"
"钺等十二军","1","1","2"
"齐朝章仇子","1","1","2"
"太仆卿张道","1","1","2"
"仆卿张道源","1","1","2"
"卿张道源称","1","1","2"
"太子洗马蔡","1","1","2"
"子洗马蔡允","1","1","2"
"洗马蔡允恭","1","1","2"
"桓公六年七","1","1","2"
"公六年七月","1","1","2"
"背驿马三刑","1","1","2"
"破驿马三刑","1","1","2"
"皇兴元年八","1","1","2"
"兴元年八月","1","1","2"
"时司墓大夫","1","1","2"
"教飞骑战阵","1","1","2"
"飞骑战阵图","1","1","2"
"大夫宋玉对","1","1","2"
"夫宋玉对襄","1","1","2"
"宋玉对襄王","1","1","2"
"中许敬宗等","1","1","2"
"时右监门长","1","1","2"
"右监门长史","1","1","2"
"监门长史苏","1","1","2"
"门长史苏敬","1","1","2"
"礼部郎中孔","1","1","2"
"部郎中孔志","1","1","2"
"郎中孔志约","1","1","2"
"图合成五十","1","1","2"
"合成五十四","1","1","2"
"成五十四卷","1","1","2"
"太子司更大","1","1","2"
"子司更大夫","1","1","2"
"右卫铠曹参","1","1","2"
"卫铠曹参军","1","1","2"
"越州余姚人","1","1","2"
"太子中庶子","1","1","2"
"吴郡顾野王","1","1","2"
"建安王法曹","1","1","2"
"安王法曹参","1","1","2"
"王法曹参军","1","1","2"
"伪授黄门侍","1","1","2"
"授弘文馆学","1","1","2"
"赐爵永兴县","1","1","2"
"爵永兴县子","1","1","2"
"晋侯召伯宗","1","1","2"
"侯召伯宗问","1","1","2"
"汉文帝元年","1","1","2"
"后汉灵帝时","1","1","2"
"大蛇长三百","1","1","2"
"蛇长三百步","1","1","2"
"汉成帝造延","1","1","2"
"赤眉贼入长","1","1","2"
"眉贼入长安","1","1","2"
"藏金银铜铁","1","1","2"
"烧取玉匣金","1","1","2"
"取玉匣金缕","1","1","2"
"见高坟大墓","1","1","2"
"汉家大郡五","1","1","2"
"家大郡五十","1","1","2"
"大郡五十万","1","1","2"
"郡五十万户","1","1","2"
"同京官职事","1","1","2"
"家设五百僧","1","1","2"
"设五百僧斋","1","1","2"
"造天尊像一","1","1","2"
"定州安平人","1","1","2"
"友齐中书舍","1","1","2"
"齐中书舍人","1","1","2"
"东宫通事舍","1","1","2"
"宫通事舍人","1","1","2"
"鲁郡临泗府","1","1","2"
"郡临泗府步","1","1","2"
"临泗府步兵","1","1","2"
"泗府步兵校","1","1","2"
"府步兵校尉","1","1","2"
"杜伏威攻灭","1","1","2"
"仆射辅公祏","2","0","2"
"公祏令杀百","2","0","2"
"祏令杀百药","2","0","2"
"伏威养子王","1","1","2"
"威养子王雄","1","1","2"
"养子王雄诞","1","1","2"
"百药吏部侍","1","1","2"
"药吏部侍郎","1","1","2"
"召中书舍人","2","0","2"
"赐爵安平县","1","1","2"
"爵安平县男","1","1","2"
"中允孔颖达","1","1","2"
"舍人陆敦信","1","1","2"
"行太子左庶","1","1","2"
"神策军使王","1","1","2"
"策军使王驾","1","1","2"
"军使王驾鹤","1","1","2"
"检校金部员","1","1","2"
"校金部员外","1","1","2"
"迎皇太后副","1","1","2"
"皇太后副使","1","1","2"
"西节度李希","1","1","2"
"节度李希烈","1","1","2"
"检校吏部郎","1","1","2"
"校吏部郎中","1","1","2"
"改太子少师","2","0","2"
"元十三年正","1","1","2"
"丽正殿校理","1","1","2"
"节度使张守","1","1","2"
"托侍郎薛邕","1","1","2"
"侍郎薛邕注","1","1","2"
"妾侯莫陈氏","1","1","2"
"回乐峰前沙","1","1","2"
"乐峰前沙似","1","1","2"
"峰前沙似雪","1","1","2"
"受降城外月","1","1","2"
"时河西节度","1","1","2"
"翔节度使高","1","1","2"
"节度使高升","1","1","2"
"宕州连狂羌","1","1","2"
"林大将军同","1","1","2"
"翔节度使孙","1","1","2"
"节度使孙志","1","1","2"
"度使孙志直","1","1","2"
"党项羌高玉","1","1","2"
"项羌高玉等","1","1","2"
"北庭都知兵","1","1","2"
"庭都知兵马","1","1","2"
"功封合川郡","1","1","2"
"封合川郡王","1","1","2"
"时节度使崔","1","1","2"
"先锋都知兵","1","1","2"
"锋都知兵马","1","1","2"
"寻加御史中","2","0","2"
"魏府左司马","1","1","2"
"禁军将军莫","1","1","2"
"军将军莫仁","1","1","2"
"将军莫仁擢","1","1","2"
"时朔方节度","1","1","2"
"坊节度李建","1","1","2"
"节度李建徽","1","1","2"
"晟大将张少","1","1","2"
"大将张少弘","1","1","2"
"令检校户部","1","1","2"
"检校户部郎","1","1","2"
"校户部郎中","1","1","2"
"户部郎中张","1","1","2"
"渭桥横跨大","1","1","2"
"丹延节度招","1","1","2"
"延节度招讨","1","1","2"
"节度招讨使","1","1","2"
"华兵马副元","1","1","2"
"时京兆府司","1","1","2"
"兆府司录李","1","1","2"
"府司录李敬","1","1","2"
"司录李敬仲","1","1","2"
"议大夫郑云","1","1","2"
"大夫郑云逵","1","1","2"
"京兆少尹张","1","1","2"
"决胜军使唐","1","1","2"
"胜军使唐良","1","1","2"
"军使唐良臣","1","1","2"
"兵马使赵光","1","1","2"
"马使赵光铣","1","1","2"
"孟日华等步","1","1","2"
"日华等步骑","1","1","2"
"京兆尹李齐","1","1","2"
"兆尹李齐运","1","1","2"
"长安令陈元","1","1","2"
"安令陈元众","1","1","2"
"万年令韦上","1","1","2"
"年令韦上亻","1","1","2"
"晟大将高明","1","1","2"
"大将高明曜","1","1","2"
"李希倩等八","1","1","2"
"希倩等八人","1","1","2"
"石奇等三十","1","1","2"
"武将军李观","1","1","2"
"贞元二年九","1","1","2"
"元二年九月","1","1","2"
"扈屈律悉蒙","1","1","2"
"屈律悉蒙等","1","1","2"
"通王府长史","1","1","2"
"王府长史丁","1","1","2"
"府长史丁琼","1","1","2"
"命皇太子书","1","1","2"
"军司马李叔","1","1","2"
"司马李叔度","1","1","2"
"贞元九年八","1","1","2"
"元九年八月","1","1","2"
"兆尹李充监","1","1","2"
"晋国夫人王","1","1","2"
"国夫人王氏","1","1","2"
"晋二州刺史","1","1","2"
"蔡州吴元济","1","1","2"
"高霞寓战败","1","1","2"
"分五百人断","2","0","2"
"十五年九月","1","1","2"
"博田弘正移","1","1","2"
"田弘正移任","1","1","2"
"弘正移任镇","1","1","2"
"时年四十九","1","1","2"
"功臣安兴贵","1","1","2"
"鸿胪卿员外","1","1","2"
"胪卿员外置","1","1","2"
"卿员外置同","1","1","2"
"员外置同正","1","1","2"
"外置同正员","1","1","2"
"徐黄玉等先","1","1","2"
"吐蕃寇京师","2","0","2"
"翔节度使讨","1","1","2"
"山南西道副","1","1","2"
"南西道副元","1","1","2"
"西道副元帅","1","1","2"
"授兵部尚书","1","1","2"
"子仪朔方众","2","0","2"
"泽潞节度留","1","1","2"
"潞节度留后","1","1","2"
"泽潞节度副","1","1","2"
"潞节度副使","1","1","2"
"潞观察使留","1","1","2"
"磁邢节度观","1","1","2"
"邢节度观察","1","1","2"
"磁邢观察使","1","1","2"
"迁检校左仆","2","0","2"
"上奉天下罪","2","0","2"
"奉天下罪己","2","0","2"
"天下罪己诏","2","0","2"
"军司马卢玄","1","1","2"
"司马卢玄卿","1","1","2"
"道士牛洞玄","1","1","2"
"赙布帛米粟","2","0","2"
"布帛米粟差","2","0","2"
"子殿中侍御","1","1","2"
"营田副使卢","1","1","2"
"田副使卢会","1","1","2"
"副使卢会昌","1","1","2"
"度副使李说","1","1","2"
"成德节度使","1","1","2"
"节度使王武","1","1","2"
"度使王武俊","1","1","2"
"东都度支院","1","1","2"
"两税青苗钱","1","1","2"
"待延龄益厚","2","0","2"
"计钱二十万","1","1","2"
"太府卿韦少","1","1","2"
"府卿韦少华","1","1","2"
"人庶安财货","2","0","2"
"严刑重赏使","1","1","2"
"大夫阳城等","1","1","2"
"五十余万贯","1","1","2"
"部郎中崔元","1","1","2"
"补阙张正一","1","1","2"
"成季等六七","1","1","2"
"季等六七人","1","1","2"
"骑都尉赐绯","1","1","2"
"都尉赐绯鱼","1","1","2"
"尉赐绯鱼袋","1","1","2"
"授尚书左丞","1","1","2"
"岭南州县名","1","1","2"
"刘禹锡等十","1","1","2"
"美人牛昭容","1","1","2"
"下立广陵王","1","1","2"
"杜甫题诸葛","1","1","2"
"甫题诸葛亮","1","1","2"
"题诸葛亮祠","1","1","2"
"诸葛亮祠堂","1","1","2"
"葛亮祠堂诗","1","1","2"
"亮祠堂诗末","1","1","2"
"祠堂诗末句","1","1","2"
"师未捷身先","1","1","2"
"未捷身先死","1","1","2"
"长使英雄泪","1","1","2"
"使英雄泪满","1","1","2"
"英雄泪满襟","1","1","2"
"翰林侍书待","1","1","2"
"林侍书待诏","1","1","2"
"皇太子侍书","1","1","2"
"盐铁使李巽","1","1","2"
"淮南等五道","1","1","2"
"南等五道两","1","1","2"
"等五道两税","1","1","2"
"五道两税使","1","1","2"
"署铸钱内作","1","1","2"
"铸钱内作使","1","1","2"
"钱内作使判","1","1","2"
"内作使判官","1","1","2"
"剑南节度行","1","1","2"
"南节度行军","1","1","2"
"充置顿使判","1","1","2"
"置顿使判官","1","1","2"
"荆襄等道租","1","1","2"
"襄等道租庸","1","1","2"
"等道租庸使","1","1","2"
"襄州刺史王","1","1","2"
"州刺史王政","1","1","2"
"刺史王政弃","1","1","2"
"史王政弃城","1","1","2"
"崔光远襄州","1","1","2"
"光远襄州节","1","1","2"
"远襄州节度","1","1","2"
"襄州大将张","1","1","2"
"州大将张瑾","1","1","2"
"大将张瑾杀","1","1","2"
"十州节度使","1","1","2"
"宰相卢杞所","1","1","2"
"左玉钤卫仓","1","1","2"
"玉钤卫仓曹","1","1","2"
"幽州经略军","1","1","2"
"州经略军使","1","1","2"
"长六尺二寸","1","1","2"
"时回纥大军","1","1","2"
"太原都将李","1","1","2"
"原都将李竭","1","1","2"
"都将李竭诚","1","1","2"
"千人守河阳","1","1","2"
"防御水陆运","1","1","2"
"御水陆运使","1","1","2"
"河阳三城兵","1","1","2"
"十一年五月","1","1","2"
"汴州大将李","1","1","2"
"州大将李灵","1","1","2"
"大将李灵耀","1","1","2"
"将李灵耀反","1","1","2"
"八州节度留","1","1","2"
"破永平军将","2","0","2"
"州刺史李僧","1","1","2"
"刺史李僧惠","1","1","2"
"建中二年六","1","1","2"
"中二年六月","1","1","2"
"神策行营兵","1","1","2"
"策行营兵马","1","1","2"
"营兵马使李","1","1","2"
"兵马使李晟","1","1","2"
"大将卢子昌","1","1","2"
"魏博招讨使","1","1","2"
"大将孙晋卿","1","1","2"
"冀观察都防","1","1","2"
"观察都防御","1","1","2"
"朔方军步骑","1","1","2"
"贝四州节度","1","1","2"
"田悦称魏王","1","1","2"
"王武俊称赵","1","1","2"
"乘田悦洹水","1","1","2"
"军司马王权","1","1","2"
"军行营副元","1","1","2"
"军节度使骆","1","1","2"
"刺史王克同","1","1","2"
"大将达奚小","1","1","2"
"将达奚小进","1","1","2"
"达奚小进弃","1","1","2"
"奚小进弃城","1","1","2"
"兵六千守宫","1","1","2"
"焦篱堡守将","1","1","2"
"篱堡守将尉","1","1","2"
"太原堡守将","1","1","2"
"原堡守将吴","1","1","2"
"度使杜希全","1","1","2"
"河东等道副","1","1","2"
"东等道副元","1","1","2"
"蕃大将尚结","1","1","2"
"大将尚结赞","1","1","2"
"麟胜招讨使","1","1","2"
"闰五月十五","1","1","2"
"元十一年八","1","1","2"
"兆尹韩皋监","1","1","2"
"随节度使王","1","1","2"
"吐蕃苏毗王","1","1","2"
"中使李大宜","1","1","2"
"元帅府马军","1","1","2"
"帅府马军都","1","1","2"
"府马军都将","1","1","2"
"谋杀安思顺","1","1","2"
"左右巡御史","1","1","2"
"右巡御史虞","1","1","2"
"帅广平王收","1","1","2"
"贮军粮百万","1","1","2"
"卿监护丧事","1","1","2"
"青齐节度使","1","1","2"
"副大使田神","1","1","2"
"大使田神功","1","1","2"
"上元二年十","1","1","2"
"北京留守王","1","1","2"
"京留守王思","1","1","2"
"留守王思礼","1","1","2"
"守王思礼军","1","1","2"
"代州刺史辛","1","1","2"
"州刺史辛云","1","1","2"
"刺史辛云京","1","1","2"
"陆浑伊阳山","1","1","2"
"浑伊阳山中","1","1","2"
"伊阳山中读","1","1","2"
"阳山中读书","1","1","2"
"同州冯翊尉","1","1","2"
"试主客郎中","1","1","2"
"迁宪部侍郎","1","1","2"
"大臣陈希烈","1","1","2"
"城南十数里","1","1","2"
"南十数里山","1","1","2"
"十数里山寺","1","1","2"
"普安郡谒见","1","1","2"
"时潼关败将","1","1","2"
"潼关败将王","1","1","2"
"关败将王思","1","1","2"
"败将王思礼","1","1","2"
"防御蒲潼两","1","1","2"
"御蒲潼两关","1","1","2"
"蒲潼两关兵","1","1","2"
"潼两关兵马","1","1","2"
"两关兵马节","1","1","2"
"关兵马节度","1","1","2"
"咸阳县陈涛","1","1","2"
"阳县陈涛斜","1","1","2"
"中使邢延恩","1","1","2"
"使邢延恩等","1","1","2"
"听董庭兰弹","1","1","2"
"董庭兰弹琴","1","1","2"
"议大夫张镐","1","1","2"
"大夫张镐上","1","1","2"
"征太子宾客","2","0","2"
"上元元年四","1","1","2"
"外甥女卢氏","1","1","2"
"宝应二年四","1","1","2"
"应二年四月","1","1","2"
"广德元年八","1","1","2"
"德元年八月","1","1","2"
"元年八月四","1","1","2"
"年八月四日","1","1","2"
"举赞善大夫","1","1","2"
"濠州刺史闾","1","1","2"
"州刺史闾丘","1","1","2"
"刺史闾丘晓","1","1","2"
"镐银青光禄","1","1","2"
"时贼帅史思","1","1","2"
"贼帅史思明","1","1","2"
"广德二年九","1","1","2"
"适年过五十","1","1","2"
"宋州刺史张","1","1","2"
"州刺史张九","1","1","2"
"汴州封丘尉","1","1","2"
"梓州副使段","1","1","2"
"州副使段子","1","1","2"
"副使段子璋","1","1","2"
"使段子璋反","1","1","2"
"使崔光远攻","1","1","2"
"西川牙将花","1","1","2"
"黄门侍郎严","1","1","2"
"门侍郎严武","1","1","2"
"贺兰进明书","1","1","2"
"河北海运判","1","1","2"
"北海运判官","1","1","2"
"迁大理评事","2","0","2"
"中书侍郎挺","1","1","2"
"使哥舒翰奏","1","1","2"
"梓州刺史章","1","1","2"
"州刺史章彝","1","1","2"
"先朝陇右节","1","1","2"
"朝陇右节度","1","1","2"
"林军将军知","1","1","2"
"军将军知运","1","1","2"
"诸卫员外将","1","1","2"
"玄宗铸金真","1","1","2"
"宗铸金真容","1","1","2"
"乘舆侍卫图","1","1","2"
"舆侍卫图画","1","1","2"
"女人骑驴击","1","1","2"
"普州刺史韩","1","1","2"
"州刺史韩澄","1","1","2"
"东川节度判","1","1","2"
"川节度判官","1","1","2"
"节度判官韦","1","1","2"
"度判官韦收","1","1","2"
"凤两州团练","1","1","2"
"两州团练使","1","1","2"
"司勋郎中韦","1","1","2"
"勋郎中韦桢","1","1","2"
"凤州十四年","1","1","2"
"上临轩召勋","1","1","2"
"取节度使符","1","1","2"
"口流散大半","1","1","2"
"贞元元年十","1","1","2"
"元元年十一","1","1","2"
"元十五年六","1","1","2"
"凤州刺史马","1","1","2"
"州刺史马勋","1","1","2"
"元四年三月","1","1","2"
"御史元稹奉","1","1","2"
"时宰臣李林","1","1","2"
"宰臣李林甫","1","1","2"
"臣李辅国权","1","1","2"
"术士中书舍","1","1","2"
"士中书舍人","1","1","2"
"山陵使判官","1","1","2"
"神尧馆陶公","1","1","2"
"尧馆陶公主","1","1","2"
"属贼党同罗","1","1","2"
"长安守将安","1","1","2"
"安守将安守","1","1","2"
"守将安守忠","1","1","2"
"梁国公李岘","1","1","2"
"安庆绪所驱","1","1","2"
"释放陈希烈","1","1","2"
"上元元年七","1","1","2"
"元元年七月","1","1","2"
"本管经略等","1","1","2"
"管经略等使","1","1","2"
"书舍人张渐","1","1","2"
"大历三年九","1","1","2"
"历三年九月","1","1","2"
"大历五年四","1","1","2"
"历五年四月","1","1","2"
"判官达奚觏","1","1","2"
"叛臣周智光","1","1","2"
"采访使韦涉","1","1","2"
"南节度使缺","1","1","2"
"大历六年八","1","1","2"
"历六年八月","1","1","2"
"朔方水陆转","1","1","2"
"方水陆转运","1","1","2"
"水陆转运副","1","1","2"
"陆转运副使","1","1","2"
"界鸣沙县奉","1","1","2"
"鸣沙县奉迎","1","1","2"
"司正员三品","1","1","2"
"驸马中期周","1","1","2"
"任京兆府判","1","1","2"
"赤县丞簿尉","1","1","2"
"大历二年四","1","1","2"
"六年三月己","1","1","2"
"年三月己未","1","1","2"
"员外诸卫将","1","1","2"
"外诸卫将军","1","1","2"
"历十一年二","1","1","2"
"赵郡高邑人","1","1","2"
"河南采访使","1","1","2"
"南采访使郭","1","1","2"
"采访使郭纳","1","1","2"
"抚州临川尉","1","1","2"
"度使崔圆请","1","1","2"
"检校刑部员","1","1","2"
"校刑部员外","1","1","2"
"淮南西道黜","1","1","2"
"南西道黜陟","1","1","2"
"西道黜陟使","1","1","2"
"时梁崇义纵","1","1","2"
"梁崇义纵恣","1","1","2"
"改检校工部","2","0","2"
"建中四年七","1","1","2"
"中四年七月","1","1","2"
"监察御史韦","1","1","2"
"察御史韦镒","1","1","2"
"充使监选黔","1","1","2"
"使监选黔中","1","1","2"
"东都留守苗","1","1","2"
"都留守苗晋","1","1","2"
"留守苗晋卿","1","1","2"
"江东采访使","1","1","2"
"东采访使李","1","1","2"
"采访使李希","1","1","2"
"访使李希言","1","1","2"
"迁洪州刺史","2","0","2"
"诸道转运使","1","1","2"
"辅国恳辞京","1","1","2"
"国恳辞京尹","1","1","2"
"支转运使职","1","1","2"
"运使职务繁","1","1","2"
"上封人顾繇","1","1","2"
"大历四年冬","1","1","2"
"密奏朝恩专","1","1","2"
"奏朝恩专权","1","1","2"
"表请建中都","1","1","2"
"校左仆射田","1","1","2"
"左仆射田神","1","1","2"
"仆射田神功","1","1","2"
"代宗宽仁明","1","1","2"
"宗宽仁明恕","1","1","2"
"历十二年三","1","1","2"
"十二年三月","1","1","2"
"年三月庚辰","1","1","2"
"吾大将军吴","1","1","2"
"载受任树党","1","1","2"
"礼部侍郎常","1","1","2"
"部侍郎常衮","1","1","2"
"宦官左卫将","1","1","2"
"官左卫将军","1","1","2"
"内侍省事董","1","1","2"
"侍省事董秀","1","1","2"
"女资敬寺尼","1","1","2"
"资敬寺尼真","1","1","2"
"敬寺尼真一","1","1","2"
"开元中河西","1","1","2"
"元中河西节","1","1","2"
"中河西节度","1","1","2"
"西节度使忠","1","1","2"
"节度使忠嗣","1","1","2"
"秦陇州防御","1","1","2"
"玄宗哀册文","1","1","2"
"河东节度辛","1","1","2"
"东节度辛云","1","1","2"
"节度辛云京","1","1","2"
"太原旧将王","1","1","2"
"度观察使入","1","1","2"
"观察使入朝","1","1","2"
"弟妹女尼等","1","1","2"
"建中二年十","1","1","2"
"中二年十二","1","1","2"
"官谏议大夫","1","1","2"
"本管观察使","1","1","2"
"时中官刘忠","1","1","2"
"中官刘忠翼","1","1","2"
"建中三年六","1","1","2"
"中三年六月","1","1","2"
"三年六月丁","1","1","2"
"年六月丁巳","1","1","2"
"鸿胪卿同正","1","1","2"
"胪卿同正员","1","1","2"
"持节碛西副","1","1","2"
"节碛西副大","1","1","2"
"碛西副大使","1","1","2"
"仗内五坊等","1","1","2"
"内五坊等使","1","1","2"
"汝南郡太守","1","1","2"
"降将毕思琛","1","1","2"
"河南淮南游","1","1","2"
"南淮南游奕","1","1","2"
"淮南游奕逐","1","1","2"
"南游奕逐要","1","1","2"
"游奕逐要招","1","1","2"
"奕逐要招讨","1","1","2"
"逐要招讨等","1","1","2"
"要招讨等使","1","1","2"
"东道节度防","1","1","2"
"道节度防御","1","1","2"
"节度防御处","1","1","2"
"度防御处置","1","1","2"
"防御处置等","1","1","2"
"御处置等使","1","1","2"
"阳节度使魏","1","1","2"
"节度使魏仲","1","1","2"
"度使魏仲犀","1","1","2"
"淮南西道节","1","1","2"
"河南节度经","1","1","2"
"南节度经略","1","1","2"
"节度经略副","1","1","2"
"度经略副大","1","1","2"
"经略副大使","1","1","2"
"元帅司徒郭","1","1","2"
"帅司徒郭子","1","1","2"
"徒郭子仪镇","1","1","2"
"虢等州节度","1","1","2"
"乾元三年四","1","1","2"
"元三年四月","1","1","2"
"三年四月十","1","1","2"
"等六州节度","1","1","2"
"沔节度观察","1","1","2"
"上表称淮西","1","1","2"
"宝应元年五","1","1","2"
"应元年五月","1","1","2"
"奉义军渭北","1","1","2"
"义军渭北兵","1","1","2"
"军渭北兵马","1","1","2"
"渭北兵马等","1","1","2"
"北兵马等使","1","1","2"
"副使薛南阳","1","1","2"
"时中官骠骑","1","1","2"
"中官骠骑大","1","1","2"
"骑大将军程","1","1","2"
"大将军程元","1","1","2"
"将军程元振","1","1","2"
"校书郎殷亮","1","1","2"
"书郎殷亮后","1","1","2"
"县令长孙演","1","1","2"
"行军司马庞","1","1","2"
"军司马庞充","1","1","2"
"左兵马使李","1","1","2"
"兵马使李昭","1","1","2"
"宦官鱼朝恩","1","1","2"
"同华二州节","1","1","2"
"华二州节度","1","1","2"
"二州节度使","1","1","2"
"州刺史张麟","1","1","2"
"永泰二年十","1","1","2"
"泰二年十二","1","1","2"
"杀前虢州刺","1","1","2"
"前虢州刺史","1","1","2"
"节度使进奉","1","1","2"
"监军张志斌","1","1","2"
"中使余元仙","1","1","2"
"使余元仙持","1","1","2"
"余元仙持告","1","1","2"
"大历二年正","1","1","2"
"历二年正月","1","1","2"
"子仪率兵讨","1","1","2"
"女婿工部侍","1","1","2"
"婿工部侍郎","1","1","2"
"华州将士相","1","1","2"
"判官监察御","1","1","2"
"官监察御史","1","1","2"
"监察御史邵","1","1","2"
"察御史邵贲","1","1","2"
"都虞候蒋罗","1","1","2"
"虞候蒋罗汉","1","1","2"
"潼关二百里","1","1","2"
"关二百里间","1","1","2"
"陇西狄道人","1","1","2"
"凉武昭王暠","2","0","2"
"武昭王暠七","2","0","2"
"昭王暠七代","2","0","2"
"王暠七代孙","2","0","2"
"大司马独孤","1","1","2"
"司马独孤信","1","1","2"
"马独孤信等","1","1","2"
"柱国大将军","1","1","2"
"岐三州刺史","1","1","2"
"楼烦二郡太","1","1","2"
"烦二郡太守","1","1","2"
"牙郎将高君","1","1","2"
"郎将高君雅","1","1","2"
"令刘文静首","1","1","2"
"马邑校尉刘","1","1","2"
"邑校尉刘武","1","1","2"
"校尉刘武周","1","1","2"
"汾阳宫举兵","1","1","2"
"高君雅将集","1","1","2"
"门下客长孙","1","1","2"
"下客长孙顺","1","1","2"
"客长孙顺德","1","1","2"
"召世子建成","1","1","2"
"晋阳乡长刘","1","1","2"
"阳乡长刘世","1","1","2"
"乡长刘世龙","1","1","2"
"长刘世龙知","1","1","2"
"遣开阳府司","1","1","2"
"开阳府司马","1","1","2"
"阳府司马刘","1","1","2"
"府司马刘政","1","1","2"
"司马刘政会","1","1","2"
"马刘政会告","1","1","2"
"大将军府长","1","1","2"
"将军府长史","1","1","2"
"石艾县长殷","1","1","2"
"艾县长殷开","1","1","2"
"县长殷开山","1","1","2"
"武牙郎将宋","1","1","2"
"牙郎将宋老","1","1","2"
"郎将宋老生","1","1","2"
"将宋老生屯","1","1","2"
"康稍利率兵","1","1","2"
"稍利率兵五","1","1","2"
"利率兵五百","1","1","2"
"隋骁卫大将","1","1","2"
"卫大将军屈","1","1","2"
"大将军屈突","1","1","2"
"将军屈突通","1","1","2"
"军屈突通镇","1","1","2"
"武牙郎将桑","1","1","2"
"牙郎将桑显","1","1","2"
"冯翊太守萧","1","1","2"
"翊太守萧造","1","1","2"
"高祖亲率众","1","1","2"
"祖亲率众围","1","1","2"
"亲率众围河","1","1","2"
"率众围河东","1","1","2"
"文武将吏请","1","1","2"
"武将吏请高","1","1","2"
"将吏请高祖","1","1","2"
"马刘文静屯","1","1","2"
"刘文静屯兵","1","1","2"
"长孙顺德等","1","1","2"
"孙顺德等前","1","1","2"
"顺德等前后","1","1","2"
"德等前后数","1","1","2"
"等前后数万","1","1","2"
"前后数万人","1","1","2"
"高祖率大军","1","1","2"
"炀帝行宫园","1","1","2"
"帝行宫园苑","1","1","2"
"高祖假黄钺","1","1","2"
"遣赵郡公孝","1","1","2"
"赵郡公孝恭","1","1","2"
"河池太守萧","1","1","2"
"武功县正李","1","1","2"
"功县正李仲","1","1","2"
"县正李仲衮","1","1","2"
"抚宁大将军","1","1","2"
"屯卫将军宇","1","1","2"
"将军宇文化","1","1","2"
"长安通义里","1","1","2"
"梁郡公萧造","1","1","2"
"尚书萧造太","2","0","2"
"命相国长史","1","1","2"
"相国长史裴","1","1","2"
"国长史裴寂","1","1","2"
"长史裴寂等","1","1","2"
"相国府长史","1","1","2"
"国府长史裴","1","1","2"
"府长史裴寂","1","1","2"
"相国府司马","1","1","2"
"国府司马刘","1","1","2"
"府司马刘文","1","1","2"
"隋民部尚书","1","1","2"
"相国府司录","1","1","2"
"国府司录窦","1","1","2"
"府司录窦威","1","1","2"
"皇高祖宣简","1","1","2"
"高祖宣简公","1","1","2"
"追谥妃窦氏","1","1","2"
"立世子建成","1","1","2"
"西讨元帅征","1","1","2"
"内史令窦威","1","1","2"
"隋太常卿高","1","1","2"
"上柱国贺若","1","1","2"
"柱国贺若弼","1","1","2"
"刑部尚书宇","1","1","2"
"部尚书宇文","1","1","2"
"左翊卫将军","1","1","2"
"翊卫将军董","1","1","2"
"卫将军董纯","1","1","2"
"隋右骁卫大","1","1","2"
"大将军李金","1","1","2"
"将军李金才","1","1","2"
"光禄大夫李","1","1","2"
"禄大夫李敏","1","1","2"
"隋太上皇炀","1","1","2"
"太上皇炀帝","1","1","2"
"行傅仁均所","1","1","2"
"傅仁均所造","1","1","2"
"大破薛仁杲","1","1","2"
"封上柱国李","1","1","2"
"上柱国李孝","1","1","2"
"柱国李孝常","1","1","2"
"行军总管盛","1","1","2"
"军总管盛彦","1","1","2"
"总管盛彦师","1","1","2"
"管盛彦师追","1","1","2"
"遭父母丧者","2","0","2"
"父母丧者听","2","0","2"
"李密旧将徐","1","1","2"
"密旧将徐世","1","1","2"
"骑常侍段确","1","1","2"
"伪尚书安兴","1","1","2"
"尚书安兴贵","1","1","2"
"书安兴贵所","1","1","2"
"晋州道行军","1","1","2"
"关内诸府分","1","1","2"
"突厥叶护汗","2","0","2"
"刘武周将宋","2","0","2"
"武周将宋金","2","0","2"
"周将宋金刚","2","0","2"
"卫大将军姜","1","1","2"
"大将军姜宝","1","1","2"
"将军姜宝谊","1","1","2"
"封幽州总管","1","1","2"
"幽州总管罗","1","1","2"
"州总管罗艺","1","1","2"
"十一月丙子","2","0","2"
"独孤怀恩谋","1","1","2"
"孤怀恩谋反","1","1","2"
"置行台尚书","1","1","2"
"大破宋金刚","1","1","2"
"封楚王杜伏","1","1","2"
"楚王杜伏威","1","1","2"
"加授东南道","1","1","2"
"授东南道行","1","1","2"
"皇太子镇蒲","1","1","2"
"太子镇蒲州","1","1","2"
"封北平郡王","1","1","2"
"窦建德行台","1","1","2"
"建德行台尚","1","1","2"
"德行台尚书","1","1","2"
"台尚书令胡","1","1","2"
"尚书令胡大","1","1","2"
"书令胡大恩","1","1","2"
"封皇子元方","1","1","2"
"置都护府官","1","1","2"
"都护府官员","1","1","2"
"大破窦建德","1","1","2"
"建德余党刘","1","1","2"
"德余党刘黑","1","1","2"
"余党刘黑闼","1","1","2"
"置山东道行","1","1","2"
"山东道行台","1","1","2"
"州总管徐圆","1","1","2"
"总管徐圆朗","1","1","2"
"加秦王天策","1","1","2"
"秦王天策上","1","1","2"
"王天策上将","1","1","2"
"郡王孝恭平","1","1","2"
"东都紫微宫","1","1","2"
"都紫微宫乾","1","1","2"
"紫微宫乾阳","1","1","2"
"微宫乾阳殿","1","1","2"
"会稽贼帅李","1","1","2"
"稽贼帅李子","1","1","2"
"齐王元吉讨","1","1","2"
"刘黑闼洺州","2","0","2"
"北平王高开","1","1","2"
"平王高开道","1","1","2"
"王高开道叛","1","1","2"
"刘黑闼引突","1","1","2"
"黑闼引突厥","1","1","2"
"隋汉阳太守","1","1","2"
"汉阳太守冯","1","1","2"
"阳太守冯盎","1","1","2"
"突厥颉利寇","2","0","2"
"遣皇太子秦","2","0","2"
"时山东州县","1","1","2"
"命皇太子率","1","1","2"
"皇太子率兵","1","1","2"
"太子率兵讨","1","1","2"
"南道行台仆","1","1","2"
"道行台仆射","1","1","2"
"岭南道大使","1","1","2"
"县公李靖讨","1","1","2"
"部将张金树","1","1","2"
"将张金树所","1","1","2"
"张金树所杀","1","1","2"
"尚书省六司","1","1","2"
"书省六司侍","1","1","2"
"省六司侍郎","1","1","2"
"郡王孝恭大","1","1","2"
"王孝恭大破","1","1","2"
"孝恭大破辅","1","1","2"
"恭大破辅公","1","1","2"
"州地震山崩","1","1","2"
"八年春二月","1","1","2"
"州道总管张","1","1","2"
"道总管张公","1","1","2"
"天策上将府","1","1","2"
"策上将府司","1","1","2"
"上将府司马","1","1","2"
"将府司马宇","1","1","2"
"府司马宇文","1","1","2"
"司马宇文士","1","1","2"
"秦王皇太子","2","0","2"
"皇太子建成","1","1","2"
"齐王元吉同","1","1","2"
"王元吉同谋","1","1","2"
"贞观八年三","1","1","2"
"观八年三月","1","1","2"
"西突厥使者","1","1","2"
"太宗奉觞上","2","0","2"
"宗奉觞上寿","2","0","2"
"高祖命突厥","1","1","2"
"祖命突厥颉","1","1","2"
"命突厥颉利","1","1","2"
"酋长冯智戴","1","1","2"
"长冯智戴咏","1","1","2"
"冯智戴咏诗","1","1","2"
"丽莫离支盖","1","1","2"
"莫离支盖苏","1","1","2"
"离支盖苏文","1","1","2"
"支盖苏文死","1","1","2"
"封殷王旭轮","1","1","2"
"嘉兴子陆敦","1","1","2"
"兴子陆敦信","1","1","2"
"改民部尚书","1","1","2"
"检校洛州刺","1","1","2"
"校洛州刺史","1","1","2"
"改治书侍御","1","1","2"
"治书侍御史","1","1","2"
"前左相许圉","1","1","2"
"秘阁郎中李","1","1","2"
"阁郎中李淳","1","1","2"
"郎中李淳风","1","1","2"
"礼太常伯刘","1","1","2"
"伯刘祥道上","1","1","2"
"赠骠骑大将","1","1","2"
"肃宗时宰相","1","1","2"
"怀汝节度行","1","1","2"
"汝节度行营","1","1","2"
"节度行营副","1","1","2"
"度行营副使","1","1","2"
"前后数十战","1","1","2"
"长庆三年七","1","1","2"
"庆三年七月","1","1","2"
"稹八岁丧父","1","1","2"
"故剑南东川","1","1","2"
"川节度使严","1","1","2"
"度使严砺违","1","1","2"
"使严砺违制","1","1","2"
"严砺违制擅","1","1","2"
"籍没涂山甫","1","1","2"
"没涂山甫等","1","1","2"
"涂山甫等吏","1","1","2"
"山甫等吏民","1","1","2"
"甫等吏民八","1","1","2"
"等吏民八十","1","1","2"
"吏民八十八","1","1","2"
"民八十八户","1","1","2"
"田宅一百一","1","1","2"
"宅一百一十","1","1","2"
"一百一十一","1","1","2"
"奴婢二十七","1","1","2"
"婢二十七人","1","1","2"
"宪宗皇帝开","1","1","2"
"宗皇帝开释","1","1","2"
"授臣膳部员","1","1","2"
"臣膳部员外","1","1","2"
"称兰亭绝唱","1","1","2"
"封晋阳县男","1","1","2"
"文集七十五","1","1","2"
"集七十五卷","1","1","2"
"宣歙等道赴","1","1","2"
"歙等道赴镇","1","1","2"
"等道赴镇州","1","1","2"
"道赴镇州行","1","1","2"
"赴镇州行营","1","1","2"
"镇州行营兵","1","1","2"
"州行营兵马","1","1","2"
"行营兵马招","1","1","2"
"营兵马招讨","1","1","2"
"兵马招讨等","1","1","2"
"马招讨等使","1","1","2"
"内侍省常侍","1","1","2"
"侍省常侍宋","1","1","2"
"省常侍宋惟","1","1","2"
"常侍宋惟澄","1","1","2"
"河北行营粮","1","1","2"
"北行营粮料","1","1","2"
"陕郡太守窦","1","1","2"
"郡太守窦庭","1","1","2"
"太守窦庭芝","1","1","2"
"豫章王改封","1","1","2"
"后魏七兵尚","1","1","2"
"魏七兵尚书","1","1","2"
"绛州龙门人","1","1","2"
"朔方节度支","1","1","2"
"方节度支度","1","1","2"
"营田观察盐","1","1","2"
"田观察盐池","1","1","2"
"观察盐池押","1","1","2"
"察盐池押诸","1","1","2"
"诸蕃部落六","1","1","2"
"蕃部落六城","1","1","2"
"部落六城水","1","1","2"
"落六城水运","1","1","2"
"封扶风郡公","1","1","2"
"洪州南昌县","1","1","2"
"州南昌县令","1","1","2"
"赠郑州刺史","1","1","2"
"将贺兰元均","1","1","2"
"怦幽州大都","1","1","2"
"经略卢龙军","1","1","2"
"略卢龙军使","1","1","2"
"定州安喜人","1","1","2"
"封东海郡公","1","1","2"
"卢龙两道节","1","1","2"
"龙两道节度","1","1","2"
"赠左散骑常","1","1","2"
"秘书太府太","1","1","2"
"书太府太常","1","1","2"
"太府太常少","1","1","2"
"府太常少卿","1","1","2"
"太常少卿监","1","1","2"
"东都畿汝州","1","1","2"
"都畿汝州都","1","1","2"
"东都护府录","1","1","2"
"都护府录事","1","1","2"
"护府录事参","1","1","2"
"乾元元年九","1","1","2"
"光禄卿同正","1","1","2"
"十一年十二","1","1","2"
"一年十二月","1","1","2"
"判官刘协庶","1","1","2"
"吉甫金紫光","1","1","2"
"甫金紫光禄","1","1","2"
"日昃玩百篇","1","1","2"
"受降临轵道","1","1","2"
"争长趣鸿门","1","1","2"
"敦煌公府文","1","1","2"
"煌公府文学","1","1","2"
"除西阳王友","1","1","2"
"中三年十月","1","1","2"
"光禄卿贾循","1","1","2"
"禄卿贾循守","1","1","2"
"卿贾循守范","1","1","2"
"贾循守范阳","1","1","2"
"营州城傍高","1","1","2"
"州城傍高丽","1","1","2"
"城傍高丽人","1","1","2"
"史中丞邓景","1","1","2"
"中丞邓景山","1","1","2"
"部侍郎李揖","1","1","2"
"中丞宋若思","1","1","2"
"居郎知制诰","1","1","2"
"郎知制诰贾","1","1","2"
"正授江南西","1","1","2"
"授江南西道","1","1","2"
"广德二年十","1","1","2"
"德二年十二","1","1","2"
"上元二年二","1","1","2"
"妻王氏赐死","1","1","2"
"弘文崇贤馆","1","1","2"
"文崇贤馆大","1","1","2"
"崇贤馆大学","1","1","2"
"贤馆大学士","1","1","2"
"度使李怀仙","1","1","2"
"使李怀仙死","1","1","2"
"北庭行军司","1","1","2"
"庭行军司马","1","1","2"
"播州县尉员","1","1","2"
"州县尉员外","1","1","2"
"县尉员外置","1","1","2"
"奏告太清宫","1","1","2"
"统军王长谐","1","1","2"
"刘弘基引兵","1","1","2"
"弘基引兵渡","1","1","2"
"基引兵渡河","1","1","2"
"华阴令李孝","1","1","2"
"阴令李孝常","1","1","2"
"京师留守刑","1","1","2"
"师留守刑部","1","1","2"
"留守刑部尚","1","1","2"
"刑部尚书卫","1","1","2"
"部尚书卫文","1","1","2"
"尚书卫文升","1","1","2"
"翊卫将军阴","1","1","2"
"卫将军阴世","1","1","2"
"将军阴世师","1","1","2"
"京兆郡丞滑","1","1","2"
"兆郡丞滑仪","1","1","2"
"郡丞滑仪挟","1","1","2"
"吴兴人沈法","1","1","2"
"兴人沈法兴","1","1","2"
"东都留守官","1","1","2"
"都留守官共","1","1","2"
"立隋越王侗","1","1","2"
"诸州总管加","1","1","2"
"黄门侍郎陈","1","1","2"
"门侍郎陈叔","1","1","2"
"侍郎陈叔达","1","1","2"
"黄门侍郎杨","1","1","2"
"门侍郎杨恭","1","1","2"
"侍郎杨恭仁","1","1","2"
"鲁国公刘文","1","1","2"
"国公刘文静","1","1","2"
"封宜都王泰","1","1","2"
"议大夫官员","1","1","2"
"观国公杨恭","1","1","2"
"国公杨恭仁","1","1","2"
"封高丽王高","1","1","2"
"高丽王高武","1","1","2"
"新罗王金真","1","1","2"
"罗王金真平","1","1","2"
"加授秦王中","1","1","2"
"授秦王中书","1","1","2"
"秦王中书令","1","1","2"
"改名太安宫","1","1","2"
"曰大武皇帝","1","1","2"
"带同中书门","1","1","2"
"改燕然都护","1","1","2"
"燕然都护府","1","1","2"
"检校封禅使","1","1","2"
"严祖成皇帝","1","1","2"
"肃祖章敬皇","1","1","2"
"祖章敬皇帝","1","1","2"
"幽州范阳人","1","1","2"
"河南等道支","1","1","2"
"南等道支度","1","1","2"
"等道支度都","1","1","2"
"道支度都勾","1","1","2"
"租庸盐铁铸","1","1","2"
"庸盐铁铸钱","1","1","2"
"时常侍张涉","1","1","2"
"冀州衡水人","1","1","2"
"青山白云人","1","1","2"
"集贤学士判","1","1","2"
"贤学士判院","1","1","2"
"学士判院事","1","1","2"
"六七千万贯","1","1","2"
"时年八十三","1","1","2"
"大将杨朝光","1","1","2"
"琯金紫光禄","1","1","2"
"深州安平人","1","1","2"
"凤翔岐山人","1","1","2"
"邠州永寿人","1","1","2"
"高祖神尧大","1","1","2"
"祖神尧大圣","1","1","2"
"光孝皇帝姓","1","1","2"
"孝皇帝姓李","1","1","2"
"弟襄武公琛","1","1","2"
"事情的发展","0","2","2"
"的人认为这","0","2","2"
"宰相的职责","0","2","2"
"这是做臣子","0","2","2"
"随从护驾的","0","2","2"
"不知如何是","0","2","2"
"知如何是好","0","2","2"
"母亲去世守","0","2","2"
"亲去世守丧","0","2","2"
"三院的御史","0","2","2"
"在周至遭到","0","2","2"
"一路相继而","0","2","2"
"我朝都城近","0","2","2"
"朝都城近地","0","2","2"
"嫉妒他的功","0","2","2"
"让他们回家","0","2","2"
"没有一个犯","0","2","2"
"万无一失的","0","2","2"
"无一失的形","0","2","2"
"一失的形势","0","2","2"
"禾巨鬯等九","0","2","2"
"巨鬯等九种","0","2","2"
"鬯等九种器","0","2","2"
"等九种器物","0","2","2"
"夺取政权的","0","2","2"
"失去立身之","0","2","2"
"去立身之地","0","2","2"
"就像是自己","0","2","2"
"还没有见过","0","2","2"
"春秋时的陈","0","2","2"
"得明明白白","0","2","2"
"开创基业的","0","2","2"
"强大的对手","0","2","2"
"了多种防御","0","2","2"
"高祖李渊的","0","2","2"
"像周武王那","0","2","2"
"周武王那样","0","2","2"
"武王那样在","0","2","2"
"杀掉商纣王","0","2","2"
"像汉高祖那","0","2","2"
"汉高祖那样","0","2","2"
"用谦恭的言","0","2","2"
"谦恭的言词","0","2","2"
"弄到这步田","0","2","2"
"到这步田地","0","2","2"
"百年的基业","0","2","2"
"多次战斗都","0","2","2"
"汉光武帝的","0","2","2"
"什么这样说","0","2","2"
"么这样说呢","0","2","2"
"武则天才明","0","2","2"
"则天才明白","0","2","2"
"武承嗣为太","0","2","2"
"承嗣为太子","0","2","2"
"徐有功执法","0","2","2"
"的杰出人才","0","2","2"
"我也心甘情","0","2","2"
"这个位置上","0","2","2"
"脱下自己的","0","2","2"
"手腕高兴地","0","2","2"
"高兴地听从","0","2","2"
"战取得胜利","0","2","2"
"方少数民族","0","2","2"
"可汗的妻子","0","2","2"
"政绩的考核","0","2","2"
"不被他们的","0","2","2"
"关系国家安","0","2","2"
"系国家安危","0","2","2"
"家安危的大","0","2","2"
"一个质体也","0","2","2"
"梁武帝萧衍","0","2","2"
"在母亲身边","0","2","2"
"朝臣们没有","0","2","2"
"臣们没有谁","0","2","2"
"人们认为他","0","2","2"
"呈递给太宗","0","2","2"
"我们的思想","0","2","2"
"托付高士廉","0","2","2"
"这样才平定","0","2","2"
"为自己谋求","0","2","2"
"哪里只是为","0","2","2"
"他们的待遇","0","2","2"
"为了使国家","0","2","2"
"政权固若磐","0","2","2"
"权固若磐石","0","2","2"
"卫国家的重","0","2","2"
"重任委托给","0","2","2"
"前代的典章","0","2","2"
"代的典章制","0","2","2"
"私人的恩惠","0","2","2"
"功臣绘制肖","0","2","2"
"臣绘制肖像","0","2","2"
"表彰他们的","0","2","2"
"参照前代的","0","2","2"
"列在凌烟阁","0","2","2"
"位认为怎么","0","2","2"
"不采纳我的","0","2","2"
"采纳我的意","0","2","2"
"纳我的意见","0","2","2"
"到底怎样保","0","2","2"
"底怎样保全","0","2","2"
"使得天下太","0","2","2"
"得天下太平","0","2","2"
"符合我的心","0","2","2"
"长孙无忌就","0","2","2"
"这事告诉了","0","2","2"
"是上天的帮","0","2","2"
"上天的帮助","0","2","2"
"房玄龄于是","0","2","2"
"书左仆射的","0","2","2"
"没有办法才","0","2","2"
"才用兵打仗","0","2","2"
"房玄龄的灵","0","2","2"
"玄龄的灵位","0","2","2"
"太宗的庙堂","0","2","2"
"宗的庙堂里","0","2","2"
"劝谏君主的","0","2","2"
"更加宠信他","0","2","2"
"于是向朝廷","0","2","2"
"遣使者向朝","0","2","2"
"了他的全部","0","2","2"
"受伤的人很","0","2","2"
"了大家的意","0","2","2"
"经科考试而","0","2","2"
"从温泉回来","0","2","2"
"圣明的皇位","0","2","2"
"用酒肉款待","0","2","2"
"才渐渐平息","0","2","2"
"病情危重的","0","2","2"
"你的话是对","0","2","2"
"讨伐李茂贞","0","2","2"
"皇上在宗庙","0","2","2"
"上在宗庙举","0","2","2"
"在宗庙举行","0","2","2"
"宗庙举行祭","0","2","2"
"喊来对他说","0","2","2"
"都应当体察","0","2","2"
"减少日常饮","0","2","2"
"少日常饮食","0","2","2"
"皇上也为此","0","2","2"
"清理积案审","0","2","2"
"理积案审理","0","2","2"
"颁发诏书道","0","2","2"
"能使国家富","0","2","2"
"请皇上重新","0","2","2"
"皇上重新下","0","2","2"
"上重新下令","0","2","2"
"诏令各司清","0","2","2"
"令各司清理","0","2","2"
"各司清理积","0","2","2"
"司清理积案","0","2","2"
"理在押人犯","0","2","2"
"的是百姓的","0","2","2"
"发生水旱灾","0","2","2"
"生水旱灾害","0","2","2"
"诚心不能感","0","2","2"
"心不能感动","0","2","2"
"内外官员们","0","2","2"
"司空赵宗儒","0","2","2"
"是阴阳失调","0","2","2"
"严格要求自","0","2","2"
"格要求自己","0","2","2"
"实行茶叶专","0","2","2"
"行茶叶专卖","0","2","2"
"茶叶实行专","0","2","2"
"叶实行专卖","0","2","2"
"士兵听到这","0","2","2"
"兵听到这个","0","2","2"
"停留了三天","0","2","2"
"白天黑夜都","0","2","2"
"朝廷的刑典","0","2","2"
"均和原来一","0","2","2"
"当地的人民","0","2","2"
"自己招来的","0","2","2"
"皇上病势沉","0","2","2"
"上病势沉重","0","2","2"
"到朝廷上奏","0","2","2"
"越来越厉害","0","2","2"
"从上午七点","0","2","2"
"点直到下午","0","2","2"
"到这一点就","0","2","2"
"武军上奏说","0","2","2"
"是为了整治","0","2","2"
"将他们处以","0","2","2"
"他们处以极","0","2","2"
"们处以极刑","0","2","2"
"法令更重要","0","2","2"
"令更重要的","0","2","2"
"哪里会到这","0","2","2"
"呈递奏章请","0","2","2"
"递奏章请求","0","2","2"
"很长时间才","0","2","2"
"长时间才回","0","2","2"
"软禁在宫庭","0","2","2"
"禁在宫庭拘","0","2","2"
"在宫庭拘留","0","2","2"
"宫庭拘留所","0","2","2"
"理天下的重","0","2","2"
"天下的重任","0","2","2"
"自己的欲望","0","2","2"
"疾病没有好","0","2","2"
"病没有好转","0","2","2"
"举行祭祀天","0","2","2"
"行祭祀天地","0","2","2"
"祀天地的礼","0","2","2"
"天地的礼仪","0","2","2"
"从早到晚恭","0","2","2"
"早到晚恭敬","0","2","2"
"不能长时间","0","2","2"
"能长时间地","0","2","2"
"以下的囚犯","0","2","2"
"亲自处理各","0","2","2"
"自处理各种","0","2","2"
"如果没有这","0","2","2"
"果没有这些","0","2","2"
"到天下大治","0","2","2"
"的高级文官","0","2","2"
"写出报告禀","0","2","2"
"出报告禀奏","0","2","2"
"报告禀奏朝","0","2","2"
"告禀奏朝廷","0","2","2"
"的节度使职","0","2","2"
"有利于百姓","0","2","2"
"和二年十一","0","2","2"
"罚一月俸禄","0","2","2"
"一月俸禄及","0","2","2"
"月俸禄及料","0","2","2"
"俸禄及料钱","0","2","2"
"简为御史中","0","2","2"
"以本官充任","0","2","2"
"官至礼部侍","0","2","2"
"至礼部侍郎","0","2","2"
"等九人一并","0","2","2"
"侍张镐贬为","0","2","2"
"张镐贬为辰","0","2","2"
"镐贬为辰州","0","2","2"
"使牛元翼去","0","2","2"
"迁升谏议大","0","2","2"
"升谏议大夫","0","2","2"
"转任兵部尚","0","2","2"
"有文集一百","0","2","2"
"懿宗咸通二","0","2","2"
"宗咸通二年","0","2","2"
"转任司封员","0","2","2"
"任司封员外","0","2","2"
"委任李德裕","0","2","2"
"元和五年冬","0","2","2"
"出任扬州大","0","2","2"
"正式拜兵部","0","2","2"
"召为翰林学","0","2","2"
"历任中书舍","0","2","2"
"元和二年正","0","2","2"
"兼东都留守","0","2","2"
"锷任检校司","0","2","2"
"五年二月去","0","2","2"
"年二月去世","0","2","2"
"任桂州都督","0","2","2"
"泽王上金之","0","2","2"
"为当时人们","0","2","2"
"当时人们所","0","2","2"
"贝州漳南县","0","2","2"
"州漳南县人","0","2","2"
"牛仙客主持","0","2","2"
"以本官又兼","0","2","2"
"为汉阳太守","0","2","2"
"自称为留后","0","2","2"
"为剑南西川","0","2","2"
"改元为开元","0","2","2"
"任陈州刺史","0","2","2"
"任宣州刺史","0","2","2"
"任金州刺史","0","2","2"
"左领军大将","0","2","2"
"任朗州刺史","0","2","2"
"官至尚书左","0","2","2"
"至尚书左丞","0","2","2"
"武则天皇后","0","2","2"
"不久拜鸾台","0","2","2"
"久拜鸾台侍","0","2","2"
"任魏州刺史","0","2","2"
"为南阳郡公","0","2","2"
"为云麾将军","0","2","2"
"食邑实封五","0","2","2"
"邑实封五百","0","2","2"
"为玄元皇帝","0","2","2"
"中书令杨再","0","2","2"
"书令杨再思","0","2","2"
"侍郎兼检校","0","2","2"
"兼检校安国","0","2","2"
"为南阳郡王","0","2","2"
"依旧是同中","0","2","2"
"旧是同中书","0","2","2"
"被贬为青州","0","2","2"
"贬为青州刺","0","2","2"
"主持兵部事","0","2","2"
"公魏元忠为","0","2","2"
"魏元忠为尚","0","2","2"
"元忠为尚书","0","2","2"
"忠为尚书左","0","2","2"
"卫大将军兼","0","2","2"
"兼检校洛州","0","2","2"
"封为楚国公","0","2","2"
"国公张仁任","0","2","2"
"太子少保兼","0","2","2"
"苏瑰为尚书","0","2","2"
"和大圣大昭","0","2","2"
"为左羽林卫","0","2","2"
"韦安石为太","0","2","2"
"安石为太子","0","2","2"
"石为太子少","0","2","2"
"改封为郇国","0","2","2"
"封为郇国公","0","2","2"
"窦怀贞为左","0","2","2"
"怀贞为左台","0","2","2"
"贞为左台御","0","2","2"
"为左台御史","0","2","2"
"韦安石为尚","0","2","2"
"安石为尚书","0","2","2"
"崔氵是为中","0","2","2"
"氵是为中书","0","2","2"
"以上四人都","0","2","2"
"人都罢免知","0","2","2"
"窦怀贞为尚","0","2","2"
"怀贞为尚书","0","2","2"
"命令尚书右","0","2","2"
"尚书王王圭","0","2","2"
"右领军大将","0","2","2"
"为灵州道行","0","2","2"
"兼中书侍郎","0","2","2"
"士廉代理太","0","2","2"
"廉代理太子","0","2","2"
"代理太子太","0","2","2"
"理太子太傅","0","2","2"
"阿史那社尔","0","2","2"
"号为文武大","0","2","2"
"为文武大圣","0","2","2"
"免除今年租","0","2","2"
"除今年租税","0","2","2"
"大夫李适之","0","2","2"
"裴耀卿为尚","0","2","2"
"耀卿为尚书","0","2","2"
"贬为宜春太","0","2","2"
"为宜春太守","0","2","2"
"设置都护府","0","2","2"
"皇帝尊号为","0","2","2"
"为开元天地","0","2","2"
"以羽林大将","0","2","2"
"前任华州刺","0","2","2"
"德三年二月","0","2","2"
"号曰太上至","0","2","2"
"曰太上至道","0","2","2"
"至道大圣大","0","2","2"
"玄武门杀了","0","2","2"
"萧王禹为尚","0","2","2"
"王禹为尚书","0","2","2"
"子长孙无忌","0","2","2"
"萧王禹为太","0","2","2"
"禹为太子少","0","2","2"
"书右丞魏征","0","2","2"
"决定由特进","0","2","2"
"任命成德军","0","2","2"
"命成德军节","0","2","2"
"任命幽州节","0","2","2"
"命幽州节度","0","2","2"
"章政事杜让","0","2","2"
"政事杜让能","0","2","2"
"事杜让能晋","0","2","2"
"杜让能晋升","0","2","2"
"李克用班师","0","2","2"
"任凤翔陇州","0","2","2"
"兼任尚书左","0","2","2"
"授李克用为","0","2","2"
"李克用为宁","0","2","2"
"由光禄大夫","0","2","2"
"五百户陆为","0","2","2"
"陆为兵部尚","0","2","2"
"担任检校尚","0","2","2"
"兼任越州刺","0","2","2"
"为孟州刺史","0","2","2"
"兼安南都护","0","2","2"
"充任静海军","0","2","2"
"管内观察使","0","2","2"
"比部郎中杨","0","2","2"
"左中护戴至","0","2","2"
"中护戴至德","0","2","2"
"侍郎张文馞","0","2","2"
"并同东西台","0","2","2"
"下诏令大赦","0","2","2"
"改元为总章","0","2","2"
"元为总章元","0","2","2"
"为总章元年","0","2","2"
"设置司列少","0","2","2"
"戎少常伯各","0","2","2"
"少常伯各两","0","2","2"
"常伯各两员","0","2","2"
"以右威卫大","0","2","2"
"军薛仁贵为","0","2","2"
"薛仁贵为逻","0","2","2"
"仁贵为逻娑","0","2","2"
"贵为逻娑道","0","2","2"
"为逻娑道行","0","2","2"
"军阿史那道","0","2","2"
"阿史那道真","0","2","2"
"军郭待封为","0","2","2"
"郭待封为副","0","2","2"
"领兵五万以","0","2","2"
"兵五万以打","0","2","2"
"五万以打击","0","2","2"
"万以打击吐","0","2","2"
"以打击吐蕃","0","2","2"
"阎立本以古","0","2","2"
"立本以古义","0","2","2"
"本以古义对","0","2","2"
"以古义对答","0","2","2"
"公戴至德兼","0","2","2"
"戴至德兼户","0","2","2"
"至德兼户部","0","2","2"
"德兼户部尚","0","2","2"
"三品张文馞","0","2","2"
"品张文馞任","0","2","2"
"张文馞任检","0","2","2"
"文馞任检校","0","2","2"
"馞任检校大","0","2","2"
"任检校大理","0","2","2"
"品郝处俊为","0","2","2"
"俊为中书侍","0","2","2"
"品李敬玄为","0","2","2"
"李敬玄为吏","0","2","2"
"敬玄为吏部","0","2","2"
"玄为吏部侍","0","2","2"
"一律依旧同","0","2","2"
"律依旧同中","0","2","2"
"秋八月十五","0","2","2"
"尊宣简公为","0","2","2"
"宣简公为宣","0","2","2"
"简公为宣皇","0","2","2"
"公为宣皇帝","0","2","2"
"懿王为光皇","0","2","2"
"王为光皇帝","0","2","2"
"祖武皇帝为","0","2","2"
"武皇帝为高","0","2","2"
"皇帝为高祖","0","2","2"
"帝为高祖神","0","2","2"
"为高祖神尧","0","2","2"
"宗文皇帝为","0","2","2"
"文皇帝为文","0","2","2"
"皇帝为文武","0","2","2"
"帝为文武圣","0","2","2"
"为文武圣皇","0","2","2"
"太穆皇后为","0","2","2"
"穆皇后为太","0","2","2"
"皇后为太穆","0","2","2"
"后为太穆神","0","2","2"
"为太穆神皇","0","2","2"
"文德皇后为","0","2","2"
"德皇后为文","0","2","2"
"皇后为文德","0","2","2"
"后为文德圣","0","2","2"
"为文德圣皇","0","2","2"
"永固二县而","0","2","2"
"固二县而设","0","2","2"
"二县而设置","0","2","2"
"县而设置温","0","2","2"
"而设置温州","0","2","2"
"分临海县为","0","2","2"
"临海县为乐","0","2","2"
"海县为乐安","0","2","2"
"左丞相许圉","0","2","2"
"丞相许圉师","0","2","2"
"相许圉师为","0","2","2"
"许圉师为户","0","2","2"
"圉师为户部","0","2","2"
"师为户部尚","0","2","2"
"周王显为洮","0","2","2"
"王显为洮州","0","2","2"
"显为洮州道","0","2","2"
"为洮州道行","0","2","2"
"率领工部尚","0","2","2"
"领工部尚书","0","2","2"
"相王轮为凉","0","2","2"
"王轮为凉州","0","2","2"
"轮为凉州道","0","2","2"
"率领左卫将","0","2","2"
"领左卫将军","0","2","2"
"卫将军契艹","0","2","2"
"必何力等军","0","2","2"
"何力等军以","0","2","2"
"力等军以讨","0","2","2"
"等军以讨伐","0","2","2"
"军以讨伐吐","0","2","2"
"迁徙改封周","0","2","2"
"徙改封周王","0","2","2"
"改封周王显","0","2","2"
"封周王显为","0","2","2"
"周王显为英","0","2","2"
"王显为英王","0","2","2"
"左丞相崔知","0","2","2"
"丞相崔知悌","0","2","2"
"相崔知悌为","0","2","2"
"崔知悌为户","0","2","2"
"知悌为户部","0","2","2"
"悌为户部尚","0","2","2"
"令郝处俊为","0","2","2"
"郝处俊为侍","0","2","2"
"处俊为侍中","0","2","2"
"给事中刘景","0","2","2"
"中刘景先兼","0","2","2"
"刘景先兼修","0","2","2"
"景先兼修国","0","2","2"
"先兼修国史","0","2","2"
"史德温傅及","0","2","2"
"德温傅及奉","0","2","2"
"温傅及奉职","0","2","2"
"傅及奉职二","0","2","2"
"及奉职二部","0","2","2"
"职二部相继","0","2","2"
"二部相继反","0","2","2"
"部相继反叛","0","2","2"
"立阿史那泥","0","2","2"
"阿史那泥熟","0","2","2"
"史那泥熟匐","0","2","2"
"那泥熟匐为","0","2","2"
"泥熟匐为可","0","2","2"
"熟匐为可汗","0","2","2"
"十四州首领","0","2","2"
"四州首领都","0","2","2"
"州首领都反","0","2","2"
"首领都反叛","0","2","2"
"突厥入侵原","0","2","2"
"中郝处俊为","0","2","2"
"郝处俊为太","0","2","2"
"处俊为太子","0","2","2"
"俊为太子少","0","2","2"
"闰七月十一","0","2","2"
"侍郎裴炎为","0","2","2"
"郎裴炎为侍","0","2","2"
"裴炎为侍中","0","2","2"
"郎薛元超并","0","2","2"
"薛元超并为","0","2","2"
"元超并为中","0","2","2"
"超并为中书","0","2","2"
"并为中书令","0","2","2"
"护王方翼攻","0","2","2"
"王方翼攻破","0","2","2"
"方翼攻破车","0","2","2"
"翼攻破车薄","0","2","2"
"郎魏玄同都","0","2","2"
"魏玄同都任","0","2","2"
"玄同都任同","0","2","2"
"同都任同中","0","2","2"
"上谥号曰天","0","2","2"
"谥号曰天皇","0","2","2"
"号曰天皇大","0","2","2"
"军李慈等与","0","2","2"
"李慈等与太","0","2","2"
"慈等与太平","0","2","2"
"等与太平公","0","2","2"
"源乾曜为黄","0","2","2"
"乾曜为黄门","0","2","2"
"曜为黄门侍","0","2","2"
"张嘉贞为中","0","2","2"
"嘉贞为中书","0","2","2"
"两人都任同","0","2","2"
"遣使者贡献","0","2","2"
"王腢为兵部","0","2","2"
"腢为兵部尚","0","2","2"
"贬为台州刺","0","2","2"
"郎裴光庭为","0","2","2"
"旧兼任御史","0","2","2"
"棣王洽为太","0","2","2"
"起用恢复旧","0","2","2"
"担任同中书","0","2","2"
"李林甫为礼","0","2","2"
"林甫为礼部","0","2","2"
"甫为礼部尚","0","2","2"
"牛仙客为兵","0","2","2"
"仙客为兵部","0","2","2"
"依旧任知政","0","2","2"
"旧任知政事","0","2","2"
"命令左玉钤","0","2","2"
"令左玉钤卫","0","2","2"
"三十万讨伐","0","2","2"
"苏良嗣为纳","0","2","2"
"良嗣为纳言","0","2","2"
"任检校纳言","0","2","2"
"大总管以讨","0","2","2"
"总管以讨伐","0","2","2"
"武承嗣为文","0","2","2"
"承嗣为文昌","0","2","2"
"嗣为文昌左","0","2","2"
"武承嗣为魏","0","2","2"
"承嗣为魏王","0","2","2"
"官尚书武三","0","2","2"
"尚书武三思","0","2","2"
"王武攸宁为","0","2","2"
"禁止天下屠","0","2","2"
"止天下屠杀","0","2","2"
"天下屠杀牲","0","2","2"
"下屠杀牲畜","0","2","2"
"郎苏味道任","0","2","2"
"杜景俭为凤","0","2","2"
"景俭为凤阁","0","2","2"
"俭为凤阁侍","0","2","2"
"言姚王寿为","0","2","2"
"为河北道行","0","2","2"
"为天官侍郎","0","2","2"
"仍旧主持政","0","2","2"
"太子瑛得罪","0","2","2"
"杜鸿渐为兵","0","2","2"
"渐为兵部郎","0","2","2"
"南节度使兼","0","2","2"
"相苗晋卿为","0","2","2"
"苗晋卿为侍","0","2","2"
"晋卿为侍中","0","2","2"
"嗣虢王巨为","0","2","2"
"充任京畿采","0","2","2"
"兼任许州刺","0","2","2"
"以青州刺史","0","2","2"
"令朔方节度","0","2","2"
"等九节度使","0","2","2"
"九节度使的","0","2","2"
"骑兵二十万","0","2","2"
"朝恩为观军","0","2","2"
"恩为观军容","0","2","2"
"以凤翔尹李","0","2","2"
"以滑州刺史","0","2","2"
"李岘为吏部","0","2","2"
"岘为吏部尚","0","2","2"
"道节度使兼","0","2","2"
"史季广琛为","0","2","2"
"以前任河中","0","2","2"
"韩择木为礼","0","2","2"
"择木为礼部","0","2","2"
"木为礼部尚","0","2","2"
"以尚书户部","0","2","2"
"群臣奉上谥","0","2","2"
"臣奉上谥号","0","2","2"
"改封为成王","0","2","2"
"吐蕃攻陷我","0","2","2"
"颜真卿为刑","0","2","2"
"真卿为刑部","0","2","2"
"卿为刑部尚","0","2","2"
"的右散骑常","0","2","2"
"渐为兵部侍","0","2","2"
"工部尚书之","0","2","2"
"部尚书之职","0","2","2"
"这是听从了","0","2","2"
"听从了杜鸿","0","2","2"
"从了杜鸿渐","0","2","2"
"了杜鸿渐的","0","2","2"
"杜鸿渐的请","0","2","2"
"鸿渐的请求","0","2","2"
"庆为吏部尚","0","2","2"
"郎张仲光为","0","2","2"
"张仲光为华","0","2","2"
"仲光为华州","0","2","2"
"光为华州刺","0","2","2"
"理卿敬括为","0","2","2"
"卿敬括为同","0","2","2"
"敬括为同州","0","2","2"
"括为同州刺","0","2","2"
"刺史李勉为","0","2","2"
"张延赏为检","0","2","2"
"延赏为检校","0","2","2"
"充任河东军","0","2","2"
"任河东军节","0","2","2"
"兼任东都留","0","2","2"
"充任浙江东","0","2","2"
"任浙江东道","0","2","2"
"书路嗣恭为","0","2","2"
"以福建观察","0","2","2"
"充任本州防","0","2","2"
"任本州防御","0","2","2"
"李正己为检","0","2","2"
"正己为检校","0","2","2"
"给予检校司","0","2","2"
"予检校司空","0","2","2"
"兼修撰国史","0","2","2"
"皇上至宣政","0","2","2"
"上至宣政殿","0","2","2"
"考试制策官","0","2","2"
"兼青州刺史","0","2","2"
"兼侍中李光","0","2","2"
"侍郎王播为","0","2","2"
"学士路随为","0","2","2"
"任河阳节度","0","2","2"
"兼诸道盐铁","0","2","2"
"书柳公绰为","0","2","2"
"为幽州卢龙","0","2","2"
"任驾部郎中","0","2","2"
"户李宗闵为","0","2","2"
"李宗闵为中","0","2","2"
"宗闵为中书","0","2","2"
"原镇海军节","0","2","2"
"仍赐金紫鱼","0","2","2"
"使令狐楚为","0","2","2"
"武宁节度使","0","2","2"
"以前任淮南","0","2","2"
"中丞狄兼谟","0","2","2"
"给事中李翊","0","2","2"
"事中李翊为","0","2","2"
"裕为御史中","0","2","2"
"牛僧孺任检","0","2","2"
"僧孺任检校","0","2","2"
"兼襄州刺史","0","2","2"
"张献甫为宁","0","2","2"
"献甫为宁节","0","2","2"
"甫为宁节度","0","2","2"
"部侍郎裴氵","0","2","2"
"为陕虢都防","0","2","2"
"陆贽为兵部","0","2","2"
"度使樊泽为","0","2","2"
"樊泽为襄州","0","2","2"
"泽为襄州刺","0","2","2"
"为昭州司马","0","2","2"
"给事中窦申","0","2","2"
"事中窦申为","0","2","2"
"为道州司马","0","2","2"
"以义成军节","0","2","2"
"兼任同平章","0","2","2"
"仍旧令御史","0","2","2"
"卿武少仪为","0","2","2"
"以虔王谅为","0","2","2"
"使李若初为","0","2","2"
"以右神策将","0","2","2"
"宗儒为太子","0","2","2"
"为太子左庶","0","2","2"
"以左谏议大","0","2","2"
"章事崔损为","0","2","2"
"西观察使及","0","2","2"
"观察使及各","0","2","2"
"察使及各道","0","2","2"
"使及各道盐","0","2","2"
"及各道盐铁","0","2","2"
"氵名等州观","0","2","2"
"名等州观察","0","2","2"
"兼潞州大都","0","2","2"
"节度使辖区","0","2","2"
"任命尚书左","0","2","2"
"担任中书舍","0","2","2"
"兼任兴元尹","0","2","2"
"追封为司徒","0","2","2"
"平章政事徐","0","2","2"
"章政事徐商","0","2","2"
"尚书曹确兼","0","2","2"
"书曹确兼任","0","2","2"
"尚书路岩兼","0","2","2"
"书路岩兼任","0","2","2"
"就地加授为","0","2","2"
"为检校太傅","0","2","2"
"命右神策大","0","2","2"
"将军戴可师","0","2","2"
"分管东都洛","0","2","2"
"管东都洛阳","0","2","2"
"以本职兼任","0","2","2"
"职兼任太原","0","2","2"
"并赐姓名为","0","2","2"
"予他检校司","0","2","2"
"他检校司空","0","2","2"
"任命将仕郎","0","2","2"
"郎郑从谠为","0","2","2"
"追赠为太尉","0","2","2"
"为云州刺史","0","2","2"
"担任谏议大","0","2","2"
"节度使管辖","0","2","2"
"度使管辖内","0","2","2"
"内州郡观察","0","2","2"
"州郡观察处","0","2","2"
"郡观察处置","0","2","2"
"侍郎郑畋为","0","2","2"
"府卿李峄为","0","2","2"
"搏为庐州刺","0","2","2"
"为长安县令","0","2","2"
"为刑部郎中","0","2","2"
"担任太常卿","0","2","2"
"兼任梓州刺","0","2","2"
"任命东川节","0","2","2"
"命东川节度","0","2","2"
"晋封为赵国","0","2","2"
"为户部员外","0","2","2"
"为考功员外","0","2","2"
"章政事郑畋","0","2","2"
"任命右武卫","0","2","2"
"任命江西观","0","2","2"
"度支使崔彦","0","2","2"
"支使崔彦昭","0","2","2"
"政事李蔚任","0","2","2"
"为右司员外","0","2","2"
"为驾部郎中","0","2","2"
"郎中郑讠咸","0","2","2"
"中郑讠咸为","0","2","2"
"为主客郎中","0","2","2"
"为屯田员外","0","2","2"
"章政事崔彦","0","2","2"
"政事崔彦昭","0","2","2"
"任命司门员","0","2","2"
"命司门员外","0","2","2"
"为池州刺史","0","2","2"
"任澧州刺史","0","2","2"
"任建州刺史","0","2","2"
"为左金吾大","0","2","2"
"虢州观察使","0","2","2"
"任命宣歙观","0","2","2"
"命宣歙观察","0","2","2"
"高骈为检校","0","2","2"
"骈为检校司","0","2","2"
"兼任潭州刺","0","2","2"
"任潭州刺史","0","2","2"
"招讨供军使","0","2","2"
"讨供军使等","0","2","2"
"北平军使等","0","2","2"
"充任凤翔节","0","2","2"
"决定任命开","0","2","2"
"定任命开府","0","2","2"
"察处置使兼","0","2","2"
"担任天下行","0","2","2"
"任天下行营","0","2","2"
"就地加授李","0","2","2"
"地加授李克","0","2","2"
"加授李克用","0","2","2"
"李克用为检","0","2","2"
"克用为检校","0","2","2"
"就地加授同","0","2","2"
"地加授同平","0","2","2"
"为左右神策","0","2","2"
"率领太原的","0","2","2"
"领太原的军","0","2","2"
"伪命任淮南","0","2","2"
"兼广州刺史","0","2","2"
"授宣州刺史","0","2","2"
"晋封为襄阳","0","2","2"
"封为襄阳郡","0","2","2"
"恭为东都留","0","2","2"
"刺史萧复为","0","2","2"
"光兼任灵州","0","2","2"
"察使杜亚为","0","2","2"
"夫张延赏为","0","2","2"
"以户部郎中","0","2","2"
"使段秀实为","0","2","2"
"察使鲍防为","0","2","2"
"以衡州刺史","0","2","2"
"曹王李皋为","0","2","2"
"侍郎杨炎为","0","2","2"
"以检校秘书","0","2","2"
"任永平军节","0","2","2"
"以京兆少尹","0","2","2"
"使嗣曹王李","0","2","2"
"度使贾耽为","0","2","2"
"以陇右节度","0","2","2"
"为新州司马","0","2","2"
"使白志贞为","0","2","2"
"为播州司马","0","2","2"
"播为刑部尚","0","2","2"
"以奉天行营","0","2","2"
"兼任同州刺","0","2","2"
"散骑常侍于","0","2","2"
"马燧为奉诚","0","2","2"
"燧为奉诚军","0","2","2"
"浑王咸为河","0","2","2"
"王咸为河中","0","2","2"
"使唐朝臣为","0","2","2"
"薛珏为河南","0","2","2"
"为夔州刺史","0","2","2"
"以容管经略","0","2","2"
"滋为检校兵","0","2","2"
"元和郡国图","0","2","2"
"妃郭氏为皇","0","2","2"
"度使严绶为","0","2","2"
"任命右羽林","0","2","2"
"高霞寓为唐","0","2","2"
"命河南尹郑","0","2","2"
"元和九年六","0","2","2"
"十二日生于","0","2","2"
"二日生于东","0","2","2"
"等奉上表章","0","2","2"
"请求皇上加","0","2","2"
"讨使石雄为","0","2","2"
"以汾州刺史","0","2","2"
"卿薛元赏为","0","2","2"
"命令剑南西","0","2","2"
"令剑南西川","0","2","2"
"贬为湖南观","0","2","2"
"察判官魏钅","0","2","2"
"贬为吉州司","0","2","2"
"为吉州司户","0","2","2"
"贬为澧州司","0","2","2"
"凭本官任平","0","2","2"
"本官任平章","0","2","2"
"官任平章事","0","2","2"
"任洪州刺史","0","2","2"
"金鱼袋和紫","0","2","2"
"鱼袋和紫衣","0","2","2"
"卷奉上朝廷","0","2","2"
"管辖内观察","0","2","2"
"辖内观察处","0","2","2"
"郑助为检校","0","2","2"
"兼任夏州刺","0","2","2"
"任夏州刺史","0","2","2"
"书侍郎兼礼","0","2","2"
"侍郎兼礼部","0","2","2"
"郎兼礼部尚","0","2","2"
"裴休任检校","0","2","2"
"郑涯任检校","0","2","2"
"管辖区内观","0","2","2"
"月癸酉是朔","0","2","2"
"癸酉是朔日","0","2","2"
"袋夏侯孜为","0","2","2"
"辖区内营田","0","2","2"
"崔慎由为中","0","2","2"
"慎由为中书","0","2","2"
"由为中书侍","0","2","2"
"以凭本官任","0","2","2"
"赞阝县开国","0","2","2"
"阝县开国男","0","2","2"
"金鱼袋萧亻","0","2","2"
"鱼袋萧亻叔","0","2","2"
"懿任检校工","0","2","2"
"以前任宁节","0","2","2"
"凭本官兼任","0","2","2"
"兼任东都尚","0","2","2"
"以中散大夫","0","2","2"
"卢钧为检校","0","2","2"
"以昭义军节","0","2","2"
"为尚书户部","0","2","2"
"兼任尚书兵","0","2","2"
"任尚书兵部","0","2","2"
"安南本管辖","0","2","2"
"南本管辖区","0","2","2"
"以太中大夫","0","2","2"
"充任岭南东","0","2","2"
"任岭南东道","0","2","2"
"裕为中书舍","0","2","2"
"任邕管经略","0","2","2"
"金鱼袋萧邺","0","2","2"
"任利州刺史","0","2","2"
"为贺州司户","0","2","2"
"卫洙为工部","0","2","2"
"洙为工部侍","0","2","2"
"以司农少卿","0","2","2"
"为代州刺史","0","2","2"
"为司农少卿","0","2","2"
"为朔州刺史","0","2","2"
"攻打安南府","0","2","2"
"为循州司马","0","2","2"
"充任江西观","0","2","2"
"加授河东节","0","2","2"
"授河东节度","0","2","2"
"命左金吾将","0","2","2"
"进献马一万","0","2","2"
"愿为检校司","0","2","2"
"职为江州刺","0","2","2"
"为江州刺史","0","2","2"
"贬为剑州刺","0","2","2"
"任命山南西","0","2","2"
"命山南西道","0","2","2"
"任命晋州刺","0","2","2"
"命晋州刺史","0","2","2"
"充任天德军","0","2","2"
"任天德军丰","0","2","2"
"兼任检校司","0","2","2"
"良娣王氏为","0","2","2"
"娣王氏为太","0","2","2"
"王氏为太上","0","2","2"
"为太上皇后","0","2","2"
"检校司空兼","0","2","2"
"高崇文为检","0","2","2"
"崇文为检校","0","2","2"
"高崇文任检","0","2","2"
"崇文任检校","0","2","2"
"文任检校司","0","2","2"
"西山八国兼","0","2","2"
"山八国兼云","0","2","2"
"八国兼云南","0","2","2"
"国兼云南安","0","2","2"
"兼云南安抚","0","2","2"
"命太常卿李","0","2","2"
"任命商州刺","0","2","2"
"命商州刺史","0","2","2"
"方为福建观","0","2","2"
"任命刑部郎","0","2","2"
"命刑部郎中","0","2","2"
"任命浙东观","0","2","2"
"命浙东观察","0","2","2"
"起居舍人裴","0","2","2"
"舍人裴度为","0","2","2"
"诏令谏议大","0","2","2"
"黎阳县公于","0","2","2"
"阳县公于志","0","2","2"
"县公于志宁","0","2","2"
"于志宁为侍","0","2","2"
"志宁为侍中","0","2","2"
"兼尚书左丞","0","2","2"
"丞张行成为","0","2","2"
"张行成为兼","0","2","2"
"行成为兼侍","0","2","2"
"成为兼侍中","0","2","2"
"代理户部尚","0","2","2"
"书高季辅为","0","2","2"
"高季辅为兼","0","2","2"
"季辅为兼中","0","2","2"
"辅为兼中书","0","2","2"
"为兼中书令","0","2","2"
"男许敬宗兼","0","2","2"
"许敬宗兼礼","0","2","2"
"敬宗兼礼部","0","2","2"
"宗兼礼部尚","0","2","2"
"加授州刺史","0","2","2"
"荆王元景为","0","2","2"
"王元景为司","0","2","2"
"元景为司徒","0","2","2"
"吴王恪为司","0","2","2"
"王恪为司空","0","2","2"
"恪为司空兼","0","2","2"
"为司空兼梁","0","2","2"
"司空兼梁州","0","2","2"
"空兼梁州刺","0","2","2"
"兼梁州刺史","0","2","2"
"褚遂良为吏","0","2","2"
"射于志宁兼","0","2","2"
"宁兼太子少","0","2","2"
"射张行成兼","0","2","2"
"张行成兼太","0","2","2"
"行成兼太子","0","2","2"
"成兼太子少","0","2","2"
"兼太子少傅","0","2","2"
"中高季辅兼","0","2","2"
"高季辅兼太","0","2","2"
"季辅兼太子","0","2","2"
"辅兼太子少","0","2","2"
"中宇文节兼","0","2","2"
"宇文节兼太","0","2","2"
"文节兼太子","0","2","2"
"节兼太子詹","0","2","2"
"新任命的房","0","2","2"
"任命的房州","0","2","2"
"命的房州刺","0","2","2"
"的房州刺史","0","2","2"
"尉柴令武等","0","2","2"
"柴令武等人","0","2","2"
"令武等人谋","0","2","2"
"武等人谋反","0","2","2"
"东县男柳贬","0","2","2"
"县男柳贬降","0","2","2"
"男柳贬降为","0","2","2"
"柳贬降为遂","0","2","2"
"贬降为遂州","0","2","2"
"降为遂州刺","0","2","2"
"崔敦礼为中","0","2","2"
"敦礼为中书","0","2","2"
"礼为中书令","0","2","2"
"皇太子忠为","0","2","2"
"太子忠为梁","0","2","2"
"子忠为梁王","0","2","2"
"立代王弘为","0","2","2"
"代王弘为皇","0","2","2"
"王弘为皇太","0","2","2"
"弘为皇太子","0","2","2"
"令兼检校太","0","2","2"
"崔敦礼为太","0","2","2"
"敦礼为太子","0","2","2"
"礼为太子少","0","2","2"
"厥沙钵罗可","0","2","2"
"沙钵罗可汗","0","2","2"
"钵罗可汗贺","0","2","2"
"罗可汗贺鲁","0","2","2"
"可汗贺鲁及","0","2","2"
"汗贺鲁及口","0","2","2"
"贺鲁及口至","0","2","2"
"鲁及口至运","0","2","2"
"程名振攻打","0","2","2"
"名振攻打高","0","2","2"
"振攻打高丽","0","2","2"
"于志宁为太","0","2","2"
"志宁为太子","0","2","2"
"宁为太子太","0","2","2"
"仍然是同中","0","2","2"
"然是同中书","0","2","2"
"许圉师为散","0","2","2"
"圉师为散骑","0","2","2"
"师为散骑常","0","2","2"
"必何力为辽","0","2","2"
"何力为辽东","0","2","2"
"为辽东道大","0","2","2"
"苏定方为平","0","2","2"
"定方为平壤","0","2","2"
"方为平壤道","0","2","2"
"为平壤道大","0","2","2"
"公任雅相为","0","2","2"
"任雅相为氵","0","2","2"
"雅相为氵贝","0","2","2"
"相为氵贝江","0","2","2"
"为氵贝江道","0","2","2"
"氵贝江道大","0","2","2"
"贝江道大总","0","2","2"
"来讨伐高丽","0","2","2"
"又更改六宫","0","2","2"
"更改六宫内","0","2","2"
"命令司元太","0","2","2"
"令司元太常","0","2","2"
"伯刘祥道等","0","2","2"
"刘祥道等九","0","2","2"
"祥道等九人","0","2","2"
"道等九人为","0","2","2"
"等九人为持","0","2","2"
"九人为持节","0","2","2"
"人为持节大","0","2","2"
"为持节大使","0","2","2"
"道王元庆去","0","2","2"
"王元庆去世","0","2","2"
"兼司列太常","0","2","2"
"侯刘祥道兼","0","2","2"
"刘祥道兼右","0","2","2"
"祥道兼右相","0","2","2"
"宪窦德玄兼","0","2","2"
"窦德玄兼司","0","2","2"
"德玄兼司元","0","2","2"
"玄兼司元太","0","2","2"
"郎孙处约都","0","2","2"
"孙处约都任","0","2","2"
"处约都任参","0","2","2"
"约都任参知","0","2","2"
"兼司戎太常","0","2","2"
"小父母亡故","0","2","2"
"调任起居舍","0","2","2"
"转任礼部员","0","2","2"
"拜中书舍人","0","2","2"
"及至王守澄","0","2","2"
"在内廷任职","0","2","2"
"了解他为人","0","2","2"
"谋划除掉他","0","2","2"
"中书省任职","0","2","2"
"宋申锡与漳","0","2","2"
"申锡与漳王","0","2","2"
"王守澄在浴","0","2","2"
"守澄在浴堂","0","2","2"
"街市追捕宋","0","2","2"
"市追捕宋申","0","2","2"
"追捕宋申锡","0","2","2"
"屠杀他的家","0","2","2"
"与公卿大臣","0","2","2"
"宋申锡为开","0","2","2"
"暗中做了防","0","2","2"
"中做了防备","0","2","2"
"不能识破他","0","2","2"
"时朝内朝外","0","2","2"
"做臣子的不","0","2","2"
"四方慰问馈","0","2","2"
"方慰问馈赠","0","2","2"
"和七年七月","0","2","2"
"拜御史大夫","0","2","2"
"依例赐紫服","0","2","2"
"例赐紫服金","0","2","2"
"改任左散骑","0","2","2"
"崔元略受命","0","2","2"
"出任黔中观","0","2","2"
"调任京兆尹","0","2","2"
"舆论认为崔","0","2","2"
"钱一万七千","0","2","2"
"一万七千贯","0","2","2"
"宰相的希望","0","2","2"
"调任户部侍","0","2","2"
"于意料之外","0","2","2"
"十二月去世","0","2","2"
"了不起的人","0","2","2"
"驱逐了主帅","0","2","2"
"张建封将他","0","2","2"
"将他的名字","0","2","2"
"德宗认为是","0","2","2"
"府县跑腿小","0","2","2"
"县跑腿小吏","0","2","2"
"在郊外迎接","0","2","2"
"杀了田弘正","0","2","2"
"朝廷发兵征","0","2","2"
"廷发兵征讨","0","2","2"
"合皇上意旨","0","2","2"
"李景俭在史","0","2","2"
"景俭在史馆","0","2","2"
"调任左司郎","0","2","2"
"与温造相遇","0","2","2"
"升尚书右丞","0","2","2"
"授以检校右","0","2","2"
"以检校右散","0","2","2"
"用这些军队","0","2","2"
"将领董重质","0","2","2"
"杨叔元流放","0","2","2"
"叔元流放康","0","2","2"
"元流放康州","0","2","2"
"用其中一百","0","2","2"
"即加授检校","0","2","2"
"大和七年十","0","2","2"
"和七年十一","0","2","2"
"入朝任御史","0","2","2"
"朝任御史大","0","2","2"
"为振州司马","0","2","2"
"升监察御史","0","2","2"
"转殿中省任","0","2","2"
"殿中省任职","0","2","2"
"恩宠颇为强","0","2","2"
"宠颇为强横","0","2","2"
"任虢州刺史","0","2","2"
"讨伐吴元济","0","2","2"
"程异乘驿车","0","2","2"
"裴度自太原","0","2","2"
"王播替代裴","0","2","2"
"播替代裴度","0","2","2"
"裴度为淮南","0","2","2"
"度为淮南节","0","2","2"
"王播便奏请","0","2","2"
"时护军中尉","0","2","2"
"王守澄当权","0","2","2"
"起居郎孔敏","0","2","2"
"拾遗李景让","0","2","2"
"人与天地合","0","2","2"
"与日月齐明","0","2","2"
"之事便作罢","0","2","2"
"皇上亲自为","0","2","2"
"罢免翰林学","0","2","2"
"免翰林学士","0","2","2"
"代理户部侍","0","2","2"
"理户部侍郎","0","2","2"
"李吉甫不和","0","2","2"
"认为李吉甫","0","2","2"
"李绛性情刚","0","2","2"
"绛性情刚直","0","2","2"
"说用钱是为","0","2","2"
"到这种情况","0","2","2"
"其子田怀谏","0","2","2"
"田怀谏年幼","0","2","2"
"次日在延英","0","2","2"
"李绛因足疾","0","2","2"
"入朝为兵部","0","2","2"
"重任兵部尚","0","2","2"
"加授检校尚","0","2","2"
"入朝任尚书","0","2","2"
"度使刘悟去","0","2","2"
"使刘悟去世","0","2","2"
"刘从谏承袭","0","2","2"
"迅雷不及掩","0","2","2"
"雷不及掩耳","0","2","2"
"与御史中丞","0","2","2"
"便罢免李绛","0","2","2"
"遭不测之祸","0","2","2"
"任大理司直","0","2","2"
"天下的人就","0","2","2"
"认为他的话","0","2","2"
"为他的话很","0","2","2"
"李密被王世","0","2","2"
"密被王世充","0","2","2"
"被王世充打","0","2","2"
"王世充打败","0","2","2"
"传递檄文给","0","2","2"
"皇帝的军队","0","2","2"
"共事的情谊","0","2","2"
"砍下我的头","0","2","2"
"流下了眼泪","0","2","2"
"是因为忠义","0","2","2"
"以保全性命","0","2","2"
"世充派遣使","0","2","2"
"充派遣使者","0","2","2"
"王世充的使","0","2","2"
"世充的使者","0","2","2"
"了王世充的","0","2","2"
"京拜见皇上","0","2","2"
"王李世民率","0","2","2"
"李世民率领","0","2","2"
"官职与爵位","0","2","2"
"当保持人臣","0","2","2"
"交往而获罪","0","2","2"
"举行祭祀先","0","2","2"
"数民族的酋","0","2","2"
"民族的酋长","0","2","2"
"张皎的妻子","0","2","2"
"为著作佐郎","0","2","2"
"有失于任用","0","2","2"
"赦免有罪的","0","2","2"
"这样的情况","0","2","2"
"御史弹劾的","0","2","2"
"徒传授学业","0","2","2"
"广泛涉猎经","0","2","2"
"泛涉猎经书","0","2","2"
"涉猎经书史","0","2","2"
"猎经书史籍","0","2","2"
"他的先祖从","0","2","2"
"黄河以北地","0","2","2"
"河以北地区","0","2","2"
"娶皇太子的","0","2","2"
"皇太子的女","0","2","2"
"太子的女儿","0","2","2"
"授官朝散大","0","2","2"
"官朝散大夫","0","2","2"
"与右羽林将","0","2","2"
"封地以食租","0","2","2"
"地以食租税","0","2","2"
"杀掉武三思","0","2","2"
"睿宗即位后","0","2","2"
"把他们一起","0","2","2"
"身边的人说","0","2","2"
"武则天下令","0","2","2"
"武则天听说","0","2","2"
"则天听说后","0","2","2"
"为右骁卫将","0","2","2"
"洛州偃师县","0","2","2"
"州偃师县人","0","2","2"
"家境贫寒无","0","2","2"
"为什么这么","0","2","2"
"炀帝大业初","0","2","2"
"授官国子博","0","2","2"
"他为国子祭","0","2","2"
"为众望所归","0","2","2"
"王世充已经","0","2","2"
"元文都等人","0","2","2"
"权独断专行","0","2","2"
"然达到如此","0","2","2"
"京朝见君主","0","2","2"
"后来王世充","0","2","2"
"有人比得上","0","2","2"
"封他的儿子","0","2","2"
"为秦府文学","0","2","2"
"祭奠先师的","0","2","2"
"高宗龙朔年","0","2","2"
"宗龙朔年间","0","2","2"
"又派遣使臣","0","2","2"
"派遣使臣到","0","2","2"
"任朝散大夫","0","2","2"
"官至给事中","0","2","2"
"王羲之书法","0","2","2"
"官至中书舍","0","2","2"
"至中书舍人","0","2","2"
"武承嗣为皇","0","2","2"
"亲的朋友齐","0","2","2"
"我听说君子","0","2","2"
"庶人承乾在","0","2","2"
"迫害忠臣良","0","2","2"
"害忠臣良将","0","2","2"
"太子位被废","0","2","2"
"流传于当世","0","2","2"
"广博地涉猎","0","2","2"
"逝世于任上","0","2","2"
"不久有诏命","0","2","2"
"久授官太子","0","2","2"
"转任著作郎","0","2","2"
"任太子司议","0","2","2"
"受牵累获罪","0","2","2"
"到贞观二十","0","2","2"
"绸帛三百段","0","2","2"
"因事获罪贬","0","2","2"
"事获罪贬为","0","2","2"
"为越州都督","0","2","2"
"隋朝大业年","0","2","2"
"朝大业年间","0","2","2"
"连续不断地","0","2","2"
"高宗很高兴","0","2","2"
"研习古代典","0","2","2"
"习古代典籍","0","2","2"
"赐给他彩绢","0","2","2"
"为崇贤馆学","0","2","2"
"年八十二岁","0","2","2"
"大业年间为","0","2","2"
"的妻子儿女","0","2","2"
"应制举考试","0","2","2"
"遭遇大饥荒","0","2","2"
"认为他的才","0","2","2"
"为他的才能","0","2","2"
"山筑坛祭天","0","2","2"
"到郊外祭祀","0","2","2"
"是天子亲自","0","2","2"
"天子亲自射","0","2","2"
"长时间以来","0","2","2"
"过去的先例","0","2","2"
"押的犯人的","0","2","2"
"的犯人的案","0","2","2"
"犯人的案子","0","2","2"
"任宁州刺史","0","2","2"
"的有数千人","0","2","2"
"侍奉继母以","0","2","2"
"奉继母以孝","0","2","2"
"当时他的同","0","2","2"
"为左台监察","0","2","2"
"番户的子孙","0","2","2"
"为政宽厚仁","0","2","2"
"元十四年去","0","2","2"
"十四年去世","0","2","2"
"世代为望族","0","2","2"
"授官中书舍","0","2","2"
"官中书舍人","0","2","2"
"的母亲年老","0","2","2"
"审查这件事","0","2","2"
"授官中书侍","0","2","2"
"官中书侍郎","0","2","2"
"完全没有什","0","2","2"
"全没有什么","0","2","2"
"没有什么事","0","2","2"
"有不同的意","0","2","2"
"不同的意见","0","2","2"
"历任秘书监","0","2","2"
"太常卿韦纟","0","2","2"
"常卿韦纟舀","0","2","2"
"的丧服加到","0","2","2"
"丧服加到服","0","2","2"
"服加到服期","0","2","2"
"袒衣免冠以","0","2","2"
"衣免冠以示","0","2","2"
"免冠以示哀","0","2","2"
"冠以示哀思","0","2","2"
"又命令百官","0","2","2"
"十七年去世","0","2","2"
"享年六十七","0","2","2"
"乘驿站车马","0","2","2"
"在路途中被","0","2","2"
"审素的同党","0","2","2"
"他的家产入","0","2","2"
"的家产入官","0","2","2"
"转任殿中侍","0","2","2"
"被追捕的人","0","2","2"
"当时京城里","0","2","2"
"张九龄等人","0","2","2"
"国家设立法","0","2","2"
"家设立法令","0","2","2"
"于是颁发诏","0","2","2"
"安葬在洛阳","0","2","2"
"不供给衣食","0","2","2"
"虢州二州刺","0","2","2"
"谈论这件事","0","2","2"
"裴延龄兼任","0","2","2"
"有地位的人","0","2","2"
"其中为首的","0","2","2"
"州发生饥荒","0","2","2"
"任司刑少卿","0","2","2"
"命监禁犯人","0","2","2"
"监禁犯人的","0","2","2"
"禁犯人的牢","0","2","2"
"犯人的牢狱","0","2","2"
"为叠州刺史","0","2","2"
"懿宗与吉顼","0","2","2"
"赴皇帝殿庭","0","2","2"
"不久颁发诏","0","2","2"
"发诏书任命","0","2","2"
"的人不可胜","0","2","2"
"所以提拔任","0","2","2"
"立为太子时","0","2","2"
"张昌宗曾经","0","2","2"
"相王为太子","0","2","2"
"陛下的儿子","0","2","2"
"当时无人知","0","2","2"
"时无人知道","0","2","2"
"辅佐的重任","0","2","2"
"桓彦范等人","0","2","2"
"杀了张易之","0","2","2"
"张昌宗兄弟","0","2","2"
"和他的三个","0","2","2"
"他的三个儿","0","2","2"
"的三个儿子","0","2","2"
"发有贪赃罪","0","2","2"
"交御史台审","0","2","2"
"帝王宠幸的","0","2","2"
"一个不好的","0","2","2"
"骠骑将军高","0","2","2"
"骑将军高力","0","2","2"
"将军高力士","0","2","2"
"没有人敢于","0","2","2"
"卫兵曹柳责","0","2","2"
"兵曹柳责力","0","2","2"
"就问成了罪","0","2","2"
"问成了罪案","0","2","2"
"柳责力等人","0","2","2"
"责力等人被","0","2","2"
"是隋炀帝的","0","2","2"
"怕事情败露","0","2","2"
"大逆不道的","0","2","2"
"安禄山受皇","0","2","2"
"禄山受皇帝","0","2","2"
"山受皇帝恩","0","2","2"
"受皇帝恩宠","0","2","2"
"一定不会让","0","2","2"
"便奏请授予","0","2","2"
"奏请授予吉","0","2","2"
"请授予吉温","0","2","2"
"充任闲厩使","0","2","2"
"到华清宫拜","0","2","2"
"华清宫拜见","0","2","2"
"因贪污七千","0","2","2"
"被贬为端州","0","2","2"
"为端州高要","0","2","2"
"玄宗在华清","0","2","2"
"宗在华清宫","0","2","2"
"韦坚被李林","0","2","2"
"坚被李林甫","0","2","2"
"邢纟宰的事","0","2","2"
"宗在灵武即","0","2","2"
"在灵武即位","0","2","2"
"提拔为御史","0","2","2"
"拔为御史中","0","2","2"
"关押进监狱","0","2","2"
"了两天两夜","0","2","2"
"请求让自己","0","2","2"
"没收了他的","0","2","2"
"流放黔中道","0","2","2"
"帝宠信的权","0","2","2"
"宠信的权臣","0","2","2"
"管拟制诏令","0","2","2"
"使田季安去","0","2","2"
"田季安去世","0","2","2"
"裴度出使魏","0","2","2"
"处理政务的","0","2","2"
"被任命为中","0","2","2"
"命为中书舍","0","2","2"
"元和九年十","0","2","2"
"和九年十月","0","2","2"
"延英殿进奏","0","2","2"
"裴度兼刑部","0","2","2"
"度兼刑部侍","0","2","2"
"刺杀宰相武","0","2","2"
"为人刚强正","0","2","2"
"人刚强正直","0","2","2"
"能感动人心","0","2","2"
"武元衡遇害","0","2","2"
"裴度任门下","0","2","2"
"度任门下侍","0","2","2"
"宪宗对裴度","0","2","2"
"裴度为宰相","0","2","2"
"人心方才安","0","2","2"
"心方才安定","0","2","2"
"必定能消灭","0","2","2"
"上朝处理政","0","2","2"
"蔡州行营的","0","2","2"
"逆贼吴元济","0","2","2"
"以停止征讨","0","2","2"
"及至高霞寓","0","2","2"
"有不合适的","0","2","2"
"进奉朝廷的","0","2","2"
"奉朝廷的财","0","2","2"
"朝廷的财物","0","2","2"
"裴度进奏说","0","2","2"
"请求亲自督","0","2","2"
"宪宗同意他","0","2","2"
"朝廷内外所","0","2","2"
"他主持政事","0","2","2"
"侍郎马总为","0","2","2"
"庶子韩愈为","0","2","2"
"是臣子的耻","0","2","2"
"通化门慰问","0","2","2"
"宪宗赐给他","0","2","2"
"实际上行使","0","2","2"
"李逢吉与裴","0","2","2"
"逢吉与裴度","0","2","2"
"吉与裴度不","0","2","2"
"与裴度不和","0","2","2"
"于是免除了","0","2","2"
"是免除了李","0","2","2"
"免除了李逢","0","2","2"
"除了李逢吉","0","2","2"
"向朝廷报捷","0","2","2"
"奏请朝廷将","0","2","2"
"的父老乡亲","0","2","2"
"吴元济的旧","0","2","2"
"元济的旧将","0","2","2"
"赐予上柱国","0","2","2"
"封为晋国公","0","2","2"
"说了这件事","0","2","2"
"平章事职位","0","2","2"
"请求免除自","0","2","2"
"求免除自己","0","2","2"
"自己的宰相","0","2","2"
"己的宰相职","0","2","2"
"的宰相职位","0","2","2"
"卢坦的儿子","0","2","2"
"向皇帝上疏","0","2","2"
"英殿对答策","0","2","2"
"这样的小事","0","2","2"
"宗很不高兴","0","2","2"
"派去的使者","0","2","2"
"取道黎阳渡","0","2","2"
"宗在延英殿","0","2","2"
"殿召集宰辅","0","2","2"
"召集宰辅大","0","2","2"
"集宰辅大臣","0","2","2"
"渡过黄河向","0","2","2"
"灭了李师道","0","2","2"
"在河朔作乱","0","2","2"
"裴度以本官","0","2","2"
"度以本官职","0","2","2"
"以本官职担","0","2","2"
"本官职担任","0","2","2"
"任镇州四面","0","2","2"
"即使李光颜","0","2","2"
"遣宫中使臣","0","2","2"
"宫中使臣前","0","2","2"
"中使臣前往","0","2","2"
"报答皇上的","0","2","2"
"不为国家考","0","2","2"
"如果朝中奸","0","2","2"
"果朝中奸臣","0","2","2"
"几乎危及社","0","2","2"
"乎危及社稷","0","2","2"
"宫廷使臣赵","0","2","2"
"裴度的兵权","0","2","2"
"宗为之动容","0","2","2"
"皇帝的近臣","0","2","2"
"王廷凑虽然","0","2","2"
"解除对深州","0","2","2"
"除对深州的","0","2","2"
"对深州的围","0","2","2"
"深州的围困","0","2","2"
"从太原出发","0","2","2"
"派宫廷使臣","0","2","2"
"宫廷使臣去","0","2","2"
"任裴度为淮","0","2","2"
"侍从已被杀","0","2","2"
"穆宗下诏让","0","2","2"
"仆射的职位","0","2","2"
"刘承偕的事","0","2","2"
"处置刘承偕","0","2","2"
"太平无事了","0","2","2"
"合适的办法","0","2","2"
"被册封为司","0","2","2"
"王智兴从河","0","2","2"
"智兴从河北","0","2","2"
"裴度从太原","0","2","2"
"的大臣认为","0","2","2"
"神策军奏报","0","2","2"
"当时号称八","0","2","2"
"时号称八关","0","2","2"
"号称八关十","0","2","2"
"称八关十六","0","2","2"
"不带平章事","0","2","2"
"于朝廷的谋","0","2","2"
"朝廷的谋略","0","2","2"
"对国家没有","0","2","2"
"国家没有功","0","2","2"
"免除宰相职","0","2","2"
"部尚书的官","0","2","2"
"尚书的官职","0","2","2"
"臣与李逢吉","0","2","2"
"敬望陛下明","0","2","2"
"望陛下明察","0","2","2"
"为什么没有","0","2","2"
"被李逢吉排","0","2","2"
"兼同平章事","0","2","2"
"卿刘遵古的","0","2","2"
"将他召回朝","0","2","2"
"他召回朝廷","0","2","2"
"度主持政事","0","2","2"
"裴度从兴元","0","2","2"
"宗神情严肃","0","2","2"
"神情严肃地","0","2","2"
"国事艰难以","0","2","2"
"事艰难以来","0","2","2"
"陛下一定要","0","2","2"
"派五千名服","0","2","2"
"千名服役的","0","2","2"
"名服役的工","0","2","2"
"帮助修复东","0","2","2"
"助修复东都","0","2","2"
"一个季度的","0","2","2"
"派一位重要","0","2","2"
"一位重要大","0","2","2"
"位重要大臣","0","2","2"
"使臣前去宣","0","2","2"
"事放在心上","0","2","2"
"听从他的建","0","2","2"
"从他的建议","0","2","2"
"和缓地进言","0","2","2"
"缓地进言说","0","2","2"
"天下人的心","0","2","2"
"遥远的地方","0","2","2"
"气上升时需","0","2","2"
"上升时需要","0","2","2"
"升时需要求","0","2","2"
"时需要求得","0","2","2"
"裴度兼任度","0","2","2"
"度兼任度支","0","2","2"
"加授门下侍","0","2","2"
"使李全略去","0","2","2"
"李全略去世","0","2","2"
"其子李同捷","0","2","2"
"谋求承袭父","0","2","2"
"上疏恳请辞","0","2","2"
"下诏依从了","0","2","2"
"诏依从了他","0","2","2"
"依从了他的","0","2","2"
"从了他的请","0","2","2"
"宗元和十四","0","2","2"
"撤销临汉监","0","2","2"
"销临汉监牧","0","2","2"
"文宗太和八","0","2","2"
"宗太和八年","0","2","2"
"本官职位兼","0","2","2"
"官职位兼任","0","2","2"
"都尚书省的","0","2","2"
"晋升官位为","0","2","2"
"将他们流放","0","2","2"
"有名望的人","0","2","2"
"名望的人士","0","2","2"
"从东都返回","0","2","2"
"他以本官职","0","2","2"
"以本官职兼","0","2","2"
"宗下诏准许","0","2","2"
"裴度因病不","0","2","2"
"度因病不能","0","2","2"
"宗下诏书说","0","2","2"
"三月初三上","0","2","2"
"月初三上巳","0","2","2"
"停止上朝四","0","2","2"
"止上朝四天","0","2","2"
"办理丧事所","0","2","2"
"理丧事所需","0","2","2"
"穆宗长庆年","0","2","2"
"宗长庆年间","0","2","2"
"不正派的人","0","2","2"
"他的祖父李","0","2","2"
"将他改任为","0","2","2"
"在分设于东","0","2","2"
"设于东都的","0","2","2"
"闲散而又无","0","2","2"
"散而又无一","0","2","2"
"而又无一定","0","2","2"
"又无一定职","0","2","2"
"无一定职守","0","2","2"
"一定职守的","0","2","2"
"定职守的官","0","2","2"
"职守的官职","0","2","2"
"任库部员外","0","2","2"
"郗士美去世","0","2","2"
"逃亡户的赋","0","2","2"
"亡户的赋税","0","2","2"
"是国家的根","0","2","2"
"天下太平的","0","2","2"
"得到皇帝宠","0","2","2"
"到皇帝宠信","0","2","2"
"宰辅大臣萧","0","2","2"
"王的大道美","0","2","2"
"陛下游历骊","0","2","2"
"下游历骊山","0","2","2"
"陛下的心腹","0","2","2"
"下的心腹大","0","2","2"
"的心腹大臣","0","2","2"
"都知道这件","0","2","2"
"亻免等人不","0","2","2"
"考绩为中下","0","2","2"
"绩为中下等","0","2","2"
"是担心陛下","0","2","2"
"考绩为上之","0","2","2"
"绩为上之下","0","2","2"
"为上之下等","0","2","2"
"考绩为中中","0","2","2"
"绩为中中等","0","2","2"
"考绩定等为","0","2","2"
"绩定等为中","0","2","2"
"定等为中下","0","2","2"
"以上官员的","0","2","2"
"以下官员的","0","2","2"
"任江州刺史","0","2","2"
"入朝廷任职","0","2","2"
"的职责在于","0","2","2"
"他为给事中","0","2","2"
"面赐给他金","0","2","2"
"县县令崔发","0","2","2"
"说这件事后","0","2","2"
"品级的官员","0","2","2"
"所犯罪过在","0","2","2"
"犯罪过在施","0","2","2"
"罪过在施恩","0","2","2"
"逐渐使他们","0","2","2"
"将他调出朝","0","2","2"
"他调出朝廷","0","2","2"
"任桂州刺史","0","2","2"
"对皇帝谈到","0","2","2"
"崔发的母亲","0","2","2"
"宰相韦贯之","0","2","2"
"又派宫中使","0","2","2"
"接替自己的","0","2","2"
"召为太子宾","0","2","2"
"这时他五十","0","2","2"
"礼部尚书职","0","2","2"
"官阶的绯色","0","2","2"
"阶的绯色官","0","2","2"
"的绯色官服","0","2","2"
"他为翰林学","0","2","2"
"陀军逼近京","0","2","2"
"军逼近京都","0","2","2"
"逼近京都长","0","2","2"
"近京都长安","0","2","2"
"僖宗在凤翔","0","2","2"
"军突然到来","0","2","2"
"宗在凤翔时","0","2","2"
"运保功臣的","0","2","2"
"又给杜让能","0","2","2"
"祀天地的大","0","2","2"
"他食邑一千","0","2","2"
"封他为太尉","0","2","2"
"大顺年以来","0","2","2"
"就在中书省","0","2","2"
"一个多月后","0","2","2"
"自从安史之","0","2","2"
"从安史之乱","0","2","2"
"与你永别了","0","2","2"
"杜让能自尽","0","2","2"
"他的儿子杜","0","2","2"
"由于父亲的","0","2","2"
"在是天下百","0","2","2"
"是天下百姓","0","2","2"
"已很久没有","0","2","2"
"的弟弟王承","0","2","2"
"弟弟王承元","0","2","2"
"听从朝廷命","0","2","2"
"从朝廷命令","0","2","2"
"升任御史中","0","2","2"
"特别器重他","0","2","2"
"与李德裕友","0","2","2"
"调出朝廷镇","0","2","2"
"出朝廷镇守","0","2","2"
"担任工部尚","0","2","2"
"的侍讲学士","0","2","2"
"太和六年二","0","2","2"
"和六年二月","0","2","2"
"李德裕做宰","0","2","2"
"德裕做宰相","0","2","2"
"委任郑覃为","0","2","2"
"郑覃为御史","0","2","2"
"覃为御史大","0","2","2"
"文宗曾在延","0","2","2"
"宗曾在延英","0","2","2"
"曾在延英殿","0","2","2"
"延英殿对宰","0","2","2"
"英殿对宰相","0","2","2"
"殿对宰相们","0","2","2"
"郑覃迁升为","0","2","2"
"又主持朝政","0","2","2"
"李宗闵获罪","0","2","2"
"郑覃为刑部","0","2","2"
"覃为刑部尚","0","2","2"
"兼任国子祭","0","2","2"
"殿应答策问","0","2","2"
"应答策问时","0","2","2"
"对宰辅大臣","0","2","2"
"宰辅大臣说","0","2","2"
"希望陛下不","0","2","2"
"望陛下不要","0","2","2"
"再度任宰相","0","2","2"
"对答策问的","0","2","2"
"呈奏章请求","0","2","2"
"他太子太师","0","2","2"
"太子太师职","0","2","2"
"李德裕当政","0","2","2"
"以脚有毛病","0","2","2"
"的职位辞官","0","2","2"
"职位辞官归","0","2","2"
"位辞官归居","0","2","2"
"代理弘文馆","0","2","2"
"理弘文馆职","0","2","2"
"和七年考中","0","2","2"
"任虞部员外","0","2","2"
"他应对策问","0","2","2"
"和九年八月","0","2","2"
"的所作所为","0","2","2"
"次在皇帝面","0","2","2"
"为忠武节度","0","2","2"
"史孝章为宁","0","2","2"
"孝章为宁节","0","2","2"
"章为宁节度","0","2","2"
"在延英殿应","0","2","2"
"清贵的官职","0","2","2"
"也不足为怪","0","2","2"
"另外给他一","0","2","2"
"给他一个官","0","2","2"
"在紫宸殿召","0","2","2"
"天宝年间的","0","2","2"
"李林甫陷害","0","2","2"
"为坊州刺史","0","2","2"
"因贪赃获罪","0","2","2"
"代理吏部尚","0","2","2"
"理吏部尚书","0","2","2"
"担任华州刺","0","2","2"
"任忠州刺史","0","2","2"
"为潘州司户","0","2","2"
"长时间没有","0","2","2"
"武宗会昌年","0","2","2"
"宗会昌年间","0","2","2"
"娶平民颜悦","0","2","2"
"平民颜悦的","0","2","2"
"民颜悦的女","0","2","2"
"颜悦的女儿","0","2","2"
"悦的女儿为","0","2","2"
"吴湘的妻子","0","2","2"
"湘的妻子颜","0","2","2"
"的妻子颜氏","0","2","2"
"因贪赃犯法","0","2","2"
"因而李德裕","0","2","2"
"是礼部尚书","0","2","2"
"任秘书省校","0","2","2"
"崔慎由镇守","0","2","2"
"给他标示三","0","2","2"
"他标示三品","0","2","2"
"标示三品以","0","2","2"
"示三品以上","0","2","2"
"被免去学士","0","2","2"
"出宫廷任御","0","2","2"
"宫廷任御史","0","2","2"
"廷任御史中","0","2","2"
"孔纬随僖宗","0","2","2"
"改任刑部尚","0","2","2"
"随僖宗返回","0","2","2"
"僖宗返回京","0","2","2"
"宗返回京都","0","2","2"
"在皇帝身边","0","2","2"
"和监察御史","0","2","2"
"生病的缘故","0","2","2"
"还没有上路","0","2","2"
"升为左仆射","0","2","2"
"予持危启运","0","2","2"
"蔡州逆贼秦","0","2","2"
"州逆贼秦宗","0","2","2"
"孔纬晋升官","0","2","2"
"穿官服助祭","0","2","2"
"掌礼仪的官","0","2","2"
"礼仪的官员","0","2","2"
"国家的典章","0","2","2"
"家的典章制","0","2","2"
"为均州刺史","0","2","2"
"派人到汴州","0","2","2"
"他为太子宾","0","2","2"
"他为吏部尚","0","2","2"
"任命他为司","0","2","2"
"到延英殿向","0","2","2"
"间不称职地","0","2","2"
"沙陀军进驻","0","2","2"
"仗皇帝恩宠","0","2","2"
"御史台的官","0","2","2"
"心里很不满","0","2","2"
"里很不满意","0","2","2"
"十八学士之","0","2","2"
"八学士之一","0","2","2"
"贞元七年考","0","2","2"
"元七年考中","0","2","2"
"先奏报朝廷","0","2","2"
"奏报朝廷而","0","2","2"
"报朝廷而后","0","2","2"
"征召他担任","0","2","2"
"令狐楚拟制","0","2","2"
"到军营门前","0","2","2"
"他父亲去世","0","2","2"
"令狐楚与皇","0","2","2"
"狐楚与皇甫","0","2","2"
"为职方郎中","0","2","2"
"当时朝廷正","0","2","2"
"以宰相兼任","0","2","2"
"相李逢吉与","0","2","2"
"理中书舍人","0","2","2"
"和十三年四","0","2","2"
"和十四年四","0","2","2"
"和十五年五","0","2","2"
"担任山陵使","0","2","2"
"穆宗即位的","0","2","2"
"列班于月华","0","2","2"
"班于月华门","0","2","2"
"于月华门外","0","2","2"
"准备杀掉他","0","2","2"
"令狐楚担任","0","2","2"
"吏贪赃枉法","0","2","2"
"任衡州刺史","0","2","2"
"得皇帝宠信","0","2","2"
"任郢州刺史","0","2","2"
"升为太子宾","0","2","2"
"诏令下达后","0","2","2"
"这时令狐楚","0","2","2"
"令狐楚已经","0","2","2"
"这时李逢吉","0","2","2"
"令狐楚为河","0","2","2"
"狐楚为河南","0","2","2"
"楚为河南尹","0","2","2"
"令狐楚任检","0","2","2"
"狐楚任检校","0","2","2"
"诸州观察使","0","2","2"
"替代乌重胤","0","2","2"
"让他们全部","0","2","2"
"都心悦诚服","0","2","2"
"他奏请朝廷","0","2","2"
"东节度使等","0","2","2"
"节度使等职","0","2","2"
"他入朝任吏","0","2","2"
"入朝任吏部","0","2","2"
"转任太常卿","0","2","2"
"代理尚书左","0","2","2"
"任用为宰相","0","2","2"
"宰相的任命","0","2","2"
"库的弓箭长","0","2","2"
"的弓箭长刀","0","2","2"
"到尚书省参","0","2","2"
"尚书省参拜","0","2","2"
"赐百官在曲","0","2","2"
"年七十二岁","0","2","2"
"得以侍奉先","0","2","2"
"的儿子令狐","0","2","2"
"文宗下诏说","0","2","2"
"他所撰写的","0","2","2"
"令狐楚去世","0","2","2"
"宣宗大中二","0","2","2"
"宗大中二年","0","2","2"
"享受食邑三","0","2","2"
"兼任尚书省","0","2","2"
"尚书省官署","0","2","2"
"居宰相之位","0","2","2"
"在太常礼院","0","2","2"
"升任扬州大","0","2","2"
"的武宁军节","0","2","2"
"不是我的事","0","2","2"
"派人送信给","0","2","2"
"立即奏报朝","0","2","2"
"即奏报朝廷","0","2","2"
"执掌兵权的","0","2","2"
"咸通十二年","0","2","2"
"令狐腍在朝","0","2","2"
"调出朝廷到","0","2","2"
"儿子令狐滈","0","2","2"
"离开中书省","0","2","2"
"报皇上知道","0","2","2"
"大臣的子弟","0","2","2"
"上疏评论说","0","2","2"
"录取为进士","0","2","2"
"制令发出后","0","2","2"
"起居郎张云","0","2","2"
"不轻易伤害","0","2","2"
"张云贬为兴","0","2","2"
"云贬为兴元","0","2","2"
"贬为兴元少","0","2","2"
"为兴元少尹","0","2","2"
"为华阴县令","0","2","2"
"宪宗元和年","0","2","2"
"宗元和年间","0","2","2"
"以库部郎中","0","2","2"
"牛僧孺回答","0","2","2"
"僧孺回答说","0","2","2"
"他以本官任","0","2","2"
"进入朝廷任","0","2","2"
"任宣武节度","0","2","2"
"儿子韩公武","0","2","2"
"同在朝班的","0","2","2"
"对牛僧孺的","0","2","2"
"孺为检校礼","0","2","2"
"和四年正月","0","2","2"
"和五年正月","0","2","2"
"宰相等大臣","0","2","2"
"系到国家的","0","2","2"
"到国家的安","0","2","2"
"安史之乱以","0","2","2"
"史之乱以来","0","2","2"
"蕃的维州守","0","2","2"
"的维州守将","0","2","2"
"陈述利害关","0","2","2"
"述利害关系","0","2","2"
"也认为这不","0","2","2"
"英殿召见宰","0","2","2"
"殿召见宰相","0","2","2"
"能达到太平","0","2","2"
"李德裕一党","0","2","2"
"文宗开成初","0","2","2"
"宗开成初年","0","2","2"
"自己的封地","0","2","2"
"他为左仆射","0","2","2"
"庄恪太子李","0","2","2"
"恪太子李永","0","2","2"
"的宰辅大臣","0","2","2"
"他为检校司","0","2","2"
"就牛僧孺原","0","2","2"
"牛僧孺原职","0","2","2"
"僧孺原职加","0","2","2"
"封检校司徒","0","2","2"
"宣宗大中初","0","2","2"
"宗大中初年","0","2","2"
"李德裕憎恶","0","2","2"
"牛僧孺多次","0","2","2"
"李德裕被贬","0","2","2"
"承袭徐国公","0","2","2"
"袭徐国公爵","0","2","2"
"徐国公爵位","0","2","2"
"宪宗元和初","0","2","2"
"宗元和初年","0","2","2"
"又考中贤良","0","2","2"
"考中贤良方","0","2","2"
"中贤良方正","0","2","2"
"吐蕃进犯泾","0","2","2"
"必定取胜的","0","2","2"
"在延英殿向","0","2","2"
"免去他主持","0","2","2"
"去他主持政","0","2","2"
"时的舆论很","0","2","2"
"全国各军镇","0","2","2"
"军队的地方","0","2","2"
"诏令全国各","0","2","2"
"上奏恳切辞","0","2","2"
"不接受任命","0","2","2"
"理国家事务","0","2","2"
"的谦逊礼让","0","2","2"
"担任吏部尚","0","2","2"
"太子少师官","0","2","2"
"所授予的官","0","2","2"
"授予的官职","0","2","2"
"宗下诏让他","0","2","2"
"亲身边侍奉","0","2","2"
"为东都洛阳","0","2","2"
"让他的弟弟","0","2","2"
"以太子太傅","0","2","2"
"给萧俛的诏","0","2","2"
"萧俛的诏书","0","2","2"
"是皇族郑王","0","2","2"
"说翰林学士","0","2","2"
"王涯的外甥","0","2","2"
"涯的外甥皇","0","2","2"
"的外甥皇甫","0","2","2"
"外甥皇甫氵","0","2","2"
"甥皇甫氵是","0","2","2"
"李吉甫向宪","0","2","2"
"吉甫向宪宗","0","2","2"
"甫向宪宗哭","0","2","2"
"向宪宗哭诉","0","2","2"
"任果州刺史","0","2","2"
"为虢州司马","0","2","2"
"韦贯之再贬","0","2","2"
"贯之再贬为","0","2","2"
"李吉甫去世","0","2","2"
"委任李宗闵","0","2","2"
"任李宗闵为","0","2","2"
"李宗闵为彰","0","2","2"
"宗闵为彰义","0","2","2"
"任他为中书","0","2","2"
"接受皇帝的","0","2","2"
"李宗闵再次","0","2","2"
"代礼部侍郎","0","2","2"
"暂代兵部侍","0","2","2"
"代兵部侍郎","0","2","2"
"用为吏部侍","0","2","2"
"太和三年八","0","2","2"
"和三年八月","0","2","2"
"本官职任同","0","2","2"
"裴度举荐李","0","2","2"
"度举荐李德","0","2","2"
"举荐李德裕","0","2","2"
"李宗闵引荐","0","2","2"
"宗闵引荐牛","0","2","2"
"闵引荐牛僧","0","2","2"
"一同主持政","0","2","2"
"李宗闵掌管","0","2","2"
"管朝廷政务","0","2","2"
"李宗闵任吏","0","2","2"
"宗闵任吏部","0","2","2"
"闵任吏部侍","0","2","2"
"获得权位后","0","2","2"
"杨虞卿获罪","0","2","2"
"为处州长史","0","2","2"
"的有十余人","0","2","2"
"除今日以前","0","2","2"
"紫宸殿召见","0","2","2"
"殿召见大臣","0","2","2"
"授予他一个","0","2","2"
"给他管一个","0","2","2"
"他管一个郡","0","2","2"
"李德裕同时","0","2","2"
"李宗闵为杭","0","2","2"
"宗闵为杭州","0","2","2"
"闵为杭州刺","0","2","2"
"贬为郴州司","0","2","2"
"死在被贬的","0","2","2"
"在被贬的处","0","2","2"
"被贬的处所","0","2","2"
"祖文贞公魏","0","2","2"
"任防御判官","0","2","2"
"有故意杀人","0","2","2"
"谨慎地对待","0","2","2"
"不要认为是","0","2","2"
"要认为是小","0","2","2"
"使陛下陷于","0","2","2"
"是这类事情","0","2","2"
"别人不知道","0","2","2"
"你的先祖魏","0","2","2"
"的先祖魏征","0","2","2"
"授给你这一","0","2","2"
"兼任弘文馆","0","2","2"
"为太宗皇帝","0","2","2"
"至谏议大夫","0","2","2"
"一党而获罪","0","2","2"
"任汾州刺史","0","2","2"
"被贬为信州","0","2","2"
"为信州长史","0","2","2"
"任商州刺史","0","2","2"
"后升为御史","0","2","2"
"进宫谢恩时","0","2","2"
"册立皇太子","0","2","2"
"是君主自己","0","2","2"
"别人的意见","0","2","2"
"担任宰相时","0","2","2"
"向皇帝进言","0","2","2"
"同意他的奏","0","2","2"
"此获罪被贬","0","2","2"
"史官给事中","0","2","2"
"官给事中卢","0","2","2"
"给事中卢耽","0","2","2"
"员外郎王氵","0","2","2"
"外郎王氵风","0","2","2"
"本官职任平","0","2","2"
"官职任平章","0","2","2"
"职任平章事","0","2","2"
"请求朝廷派","0","2","2"
"代理太子少","0","2","2"
"理太子少保","0","2","2"
"是御史大夫","0","2","2"
"父亲李吉甫","0","2","2"
"大理寺评事","0","2","2"
"张弘靖进入","0","2","2"
"监察御史官","0","2","2"
"察御史官职","0","2","2"
"翰林院任学","0","2","2"
"林院任学士","0","2","2"
"宗为太子时","0","2","2"
"的诏令文书","0","2","2"
"李德裕草拟","0","2","2"
"宗在思政殿","0","2","2"
"改任屯田员","0","2","2"
"任屯田员外","0","2","2"
"臣访察得知","0","2","2"
"不要让他们","0","2","2"
"的直言极谏","0","2","2"
"认为出兵不","0","2","2"
"时李德裕与","0","2","2"
"李逢吉一党","0","2","2"
"出朝廷任同","0","2","2"
"朝廷任同州","0","2","2"
"廷任同州刺","0","2","2"
"有任宰相的","0","2","2"
"的祠庙一千","0","2","2"
"祠庙一千零","0","2","2"
"庙一千零一","0","2","2"
"一千零一十","0","2","2"
"皇上的敕令","0","2","2"
"酒业专营税","0","2","2"
"业专营税收","0","2","2"
"负陛下任用","0","2","2"
"有这样的人","0","2","2"
"玄宗皇帝的","0","2","2"
"奏请在泗州","0","2","2"
"请在泗州设","0","2","2"
"在泗州设置","0","2","2"
"泗州设置僧","0","2","2"
"关系到朝廷","0","2","2"
"以往汉宣帝","0","2","2"
"往汉宣帝时","0","2","2"
"当克制自己","0","2","2"
"采用他的意","0","2","2"
"用他的意见","0","2","2"
"得到皇帝的","0","2","2"
"时传言有圣","0","2","2"
"宗朝的方士","0","2","2"
"为宗庙社稷","0","2","2"
"祖在天之灵","0","2","2"
"宗遇刺身亡","0","2","2"
"被召回朝廷","0","2","2"
"请求朝廷任","0","2","2"
"被吐蕃攻占","0","2","2"
"守城门的人","0","2","2"
"子长大成人","0","2","2"
"维州因此失","0","2","2"
"州因此失陷","0","2","2"
"称其为无忧","0","2","2"
"其为无忧城","0","2","2"
"以归附诚意","0","2","2"
"兵攻打吐蕃","0","2","2"
"朝廷诏令李","0","2","2"
"廷诏令李德","0","2","2"
"诏令李德裕","0","2","2"
"朝任兵部尚","0","2","2"
"到紫宸殿接","0","2","2"
"紫宸殿接见","0","2","2"
"再将李宗闵","0","2","2"
"出任兴元节","0","2","2"
"诏书任命他","0","2","2"
"李德裕到任","0","2","2"
"众人的议论","0","2","2"
"贬为袁州长","0","2","2"
"任滁州刺史","0","2","2"
"牛僧孺上奏","0","2","2"
"部落的军队","0","2","2"
"的军队攻打","0","2","2"
"是部族混杂","0","2","2"
"部族混杂的","0","2","2"
"族混杂的胡","0","2","2"
"混杂的胡人","0","2","2"
"与宰辅大臣","0","2","2"
"宗认为有理","0","2","2"
"出奇制胜的","0","2","2"
"论莽热前来","0","2","2"
"求朝廷赐予","0","2","2"
"商议是否可","0","2","2"
"朝廷的权威","0","2","2"
"是肯定的了","0","2","2"
"刘从谏袭职","0","2","2"
"待到何弘敬","0","2","2"
"横水的士兵","0","2","2"
"了节度使李","0","2","2"
"抽调横水的","0","2","2"
"列队十五里","0","2","2"
"在太原会合","0","2","2"
"封为卫国公","0","2","2"
"李德裕特别","0","2","2"
"为潮州司马","0","2","2"
"特别优待他","0","2","2"
"大历年间应","0","2","2"
"历年间应举","0","2","2"
"年间应举进","0","2","2"
"间应举进士","0","2","2"
"官至监察御","0","2","2"
"李怀光得知","0","2","2"
"李怀光无法","0","2","2"
"兼任殿中侍","0","2","2"
"子张忄音为","0","2","2"
"升任吏部郎","0","2","2"
"官拜御史中","0","2","2"
"以刚直严厉","0","2","2"
"称病辞官归","0","2","2"
"病辞官归家","0","2","2"
"以太子少傅","0","2","2"
"太子少傅职","0","2","2"
"十卷献给朝","0","2","2"
"卷献给朝廷","0","2","2"
"再到太极殿","0","2","2"
"到太极殿禀","0","2","2"
"太极殿禀告","0","2","2"
"省奏请依照","0","2","2"
"仆射上任之","0","2","2"
"射上任之日","0","2","2"
"了他的父亲","0","2","2"
"丞宇文鼎认","0","2","2"
"宇文鼎认为","0","2","2"
"被朝廷征召","0","2","2"
"朝廷征召拜","0","2","2"
"其余四十万","0","2","2"
"交付御史台","0","2","2"
"王彦威任检","0","2","2"
"威任检校礼","0","2","2"
"改任中书舍","0","2","2"
"及至韦处厚","0","2","2"
"韦处厚逐条","0","2","2"
"兼任史馆修","0","2","2"
"代理兵部侍","0","2","2"
"理兵部侍郎","0","2","2"
"臣俯首恳望","0","2","2"
"俯首恳望陛","0","2","2"
"首恳望陛下","0","2","2"
"则天下幸甚","0","2","2"
"贬为端州司","0","2","2"
"献皇帝尊号","0","2","2"
"为自身打算","0","2","2"
"太子属官之","0","2","2"
"人们的非议","0","2","2"
"文宗命太监","0","2","2"
"屡次升迁至","0","2","2"
"次升迁至右","0","2","2"
"升迁至右补","0","2","2"
"迁至右补阙","0","2","2"
"皇上方才应","0","2","2"
"上方才应允","0","2","2"
"李师古之妻","0","2","2"
"师古之妻裴","0","2","2"
"古之妻裴氏","0","2","2"
"李宗之妻韦","0","2","2"
"宗之妻韦氏","0","2","2"
"京兆府处决","0","2","2"
"群因而入朝","0","2","2"
"钅甫寸为宰","0","2","2"
"甫寸为宰相","0","2","2"
"出任湖南观","0","2","2"
"史王智兴为","0","2","2"
"王智兴为武","0","2","2"
"智兴为武宁","0","2","2"
"兴为武宁军","0","2","2"
"为武宁军节","0","2","2"
"兵前去讨伐","0","2","2"
"王智兴驱逐","0","2","2"
"拜兵部尚书","0","2","2"
"颜真卿对他","0","2","2"
"官至殿中侍","0","2","2"
"加授兼御史","0","2","2"
"赐佩金鱼袋","0","2","2"
"佩金鱼袋服","0","2","2"
"金鱼袋服紫","0","2","2"
"鱼袋服紫衣","0","2","2"
"贬为昭州平","0","2","2"
"为泉州司户","0","2","2"
"德宗返回京","0","2","2"
"宗返回京师","0","2","2"
"是我的志向","0","2","2"
"举进士及第","0","2","2"
"改任京兆尹","0","2","2"
"入朝谢恩那","0","2","2"
"朝谢恩那天","0","2","2"
"官拜左拾遗","0","2","2"
"任膳部员外","0","2","2"
"节度使于由","0","2","2"
"度使于由页","0","2","2"
"贬为开州刺","0","2","2"
"调任御史中","0","2","2"
"经在延英殿","0","2","2"
"宰相的材料","0","2","2"
"遭到武元衡","0","2","2"
"王叔文一党","0","2","2"
"封为皇太子","0","2","2"
"为皇太子时","0","2","2"
"武元衡为御","0","2","2"
"元衡为御史","0","2","2"
"衡为御史中","0","2","2"
"度使李钅奇","0","2","2"
"请求赦免吴","0","2","2"
"求赦免吴元","0","2","2"
"赦免吴元济","0","2","2"
"武元衡宅第","0","2","2"
"武元衡的坐","0","2","2"
"元衡的坐骑","0","2","2"
"皇上驾临紫","0","2","2"
"上驾临紫宸","0","2","2"
"等到李吉甫","0","2","2"
"度支使于丕","0","2","2"
"支使于丕页","0","2","2"
"拜尚书左丞","0","2","2"
"能达到目的","0","2","2"
"达到目的的","0","2","2"
"及至郑余庆","0","2","2"
"贬为太子宾","0","2","2"
"贪赃之罪被","0","2","2"
"赃之罪被揭","0","2","2"
"之罪被揭发","0","2","2"
"以清廉节俭","0","2","2"
"清廉节俭为","0","2","2"
"是德高望重","0","2","2"
"评议朝政得","0","2","2"
"议朝政得失","0","2","2"
"长达五十年","0","2","2"
"使自己的行","0","2","2"
"当时人们都","0","2","2"
"将此事奏报","0","2","2"
"此事奏报朝","0","2","2"
"事奏报朝廷","0","2","2"
"们心中恐惧","0","2","2"
"州为大都督","0","2","2"
"也无可奈何","0","2","2"
"册封为司空","0","2","2"
"于頔之子于","0","2","2"
"元和八年春","0","2","2"
"诏令御史中","0","2","2"
"建福门等候","0","2","2"
"福门等候降","0","2","2"
"秘书丞于方","0","2","2"
"请求辞官归","0","2","2"
"也不放在眼","0","2","2"
"不放在眼里","0","2","2"
"皇上即位之","0","2","2"
"上即位之初","0","2","2"
"怎么可以不","0","2","2"
"使奸邪之人","0","2","2"
"给他定谥号","0","2","2"
"他定谥号为","0","2","2"
"臣俯首以为","0","2","2"
"企图结交刺","0","2","2"
"图结交刺客","0","2","2"
"是他的舅父","0","2","2"
"试官大理评","0","2","2"
"刘士宁被逐","0","2","2"
"列举他们的","0","2","2"
"举他们的罪","0","2","2"
"三次上表章","0","2","2"
"决请求辞去","0","2","2"
"本官兼任河","0","2","2"
"去节度使职","0","2","2"
"推荐许孟容","0","2","2"
"荐许孟容为","0","2","2"
"任礼部郎中","0","2","2"
"任兵部郎中","0","2","2"
"许孟容禀奏","0","2","2"
"孟容禀奏道","0","2","2"
"副使齐总为","0","2","2"
"使齐总为衢","0","2","2"
"齐总为衢州","0","2","2"
"总为衢州刺","0","2","2"
"许孟容谏奏","0","2","2"
"兼任都团练","0","2","2"
"有什么功绩","0","2","2"
"将提升齐总","0","2","2"
"提升齐总的","0","2","2"
"升齐总的诏","0","2","2"
"齐总的诏书","0","2","2"
"皇上的行为","0","2","2"
"百姓一年的","0","2","2"
"获罪流放贬","0","2","2"
"改任太常寺","0","2","2"
"皇上立即命","0","2","2"
"盗贼杀害了","0","2","2"
"许孟容去世","0","2","2"
"论惟明去世","0","2","2"
"后调任殿中","0","2","2"
"突承璀为招","0","2","2"
"承璀为招讨","0","2","2"
"辜负了圣上","0","2","2"
"兼任太子侍","0","2","2"
"的是非曲直","0","2","2"
"临刑时叹息","0","2","2"
"误了我的事","0","2","2"
"能坚守正道","0","2","2"
"当时的著名","0","2","2"
"到京城长安","0","2","2"
"李密非常高","0","2","2"
"密非常高兴","0","2","2"
"炀帝征讨高","0","2","2"
"帝征讨高丽","0","2","2"
"对杨玄感说","0","2","2"
"不值得担心","0","2","2"
"韦福嗣本来","0","2","2"
"福嗣本来不","0","2","2"
"嗣本来不是","0","2","2"
"本来不是同","0","2","2"
"关系亲密的","0","2","2"
"后来杨玄感","0","2","2"
"朝左武卫大","0","2","2"
"因事获罪被","0","2","2"
"没有人响应","0","2","2"
"着强大的军","0","2","2"
"围攻弘农宫","0","2","2"
"聚集了一万","0","2","2"
"集了一万多","0","2","2"
"争夺天下的","0","2","2"
"立即释放了","0","2","2"
"又向翟让建","0","2","2"
"向翟让建议","0","2","2"
"翟让建议说","0","2","2"
"认为应当这","0","2","2"
"为应当这样","0","2","2"
"一千多名士","0","2","2"
"千多名士卒","0","2","2"
"李密和翟让","0","2","2"
"李密的队伍","0","2","2"
"袭击兴洛仓","0","2","2"
"隋朝的越王","0","2","2"
"朝的越王杨","0","2","2"
"的越王杨侗","0","2","2"
"越王杨侗派","0","2","2"
"王杨侗派遣","0","2","2"
"步兵骑兵二","0","2","2"
"封为东郡公","0","2","2"
"为左武侯大","0","2","2"
"为右武侯大","0","2","2"
"级授予官职","0","2","2"
"里驻扎下来","0","2","2"
"山东长白山","0","2","2"
"献出县城投","0","2","2"
"出县城投降","0","2","2"
"上柱国官衔","0","2","2"
"自率领三万","0","2","2"
"天下治理得","0","2","2"
"名目繁多的","0","2","2"
"很少见到他","0","2","2"
"少见到他的","0","2","2"
"朝廷内外人","0","2","2"
"古代的制度","0","2","2"
"像秦始皇那","0","2","2"
"这样的事也","0","2","2"
"助有道德的","0","2","2"
"有道德的人","0","2","2"
"如同周武王","0","2","2"
"继承他祖父","0","2","2"
"伊尹辅佐商","0","2","2"
"尹辅佐商汤","0","2","2"
"于本月二十","0","2","2"
"隋朝灭亡的","0","2","2"
"东西崤山和","0","2","2"
"西崤山和函","0","2","2"
"崤山和函谷","0","2","2"
"山和函谷关","0","2","2"
"还没有攻克","0","2","2"
"李密被乱箭","0","2","2"
"密被乱箭射","0","2","2"
"被乱箭射伤","0","2","2"
"到了洛口仓","0","2","2"
"王世充在洛","0","2","2"
"世充在洛口","0","2","2"
"了一百多天","0","2","2"
"齐郡的叛军","0","2","2"
"叛军首领徐","0","2","2"
"军首领徐圆","0","2","2"
"首领徐圆朗","0","2","2"
"都归附了他","0","2","2"
"翟让的部将","0","2","2"
"的哥哥翟宽","0","2","2"
"单雄信等人","0","2","2"
"领精兵强将","0","2","2"
"将徐世责力","0","2","2"
"都免于处分","0","2","2"
"又打败了他","0","2","2"
"几百名精兵","0","2","2"
"保住了性命","0","2","2"
"的士卒几乎","0","2","2"
"投降了李密","0","2","2"
"洛阳的隋军","0","2","2"
"没有像这样","0","2","2"
"步兵骑兵两","0","2","2"
"兵骑兵两万","0","2","2"
"骑兵两万人","0","2","2"
"使者授予李","0","2","2"
"者授予李密","0","2","2"
"授予李密太","0","2","2"
"的官职爵号","0","2","2"
"带领自己的","0","2","2"
"领自己的队","0","2","2"
"的刑部尚书","0","2","2"
"遣使者到洛","0","2","2"
"使者到洛阳","0","2","2"
"者到洛阳朝","0","2","2"
"杀害炀帝的","0","2","2"
"的士卒缺少","0","2","2"
"被王世充俘","0","2","2"
"王世充俘虏","0","2","2"
"城投降了王","0","2","2"
"的部队来了","0","2","2"
"有人对他说","0","2","2"
"当时王伯当","0","2","2"
"轻装的骑兵","0","2","2"
"当年汉高祖","0","2","2"
"人没有谁不","0","2","2"
"没有谁不感","0","2","2"
"派遣使者迎","0","2","2"
"遣使者迎接","0","2","2"
"不久授予他","0","2","2"
"原来的部将","0","2","2"
"穿上女人的","0","2","2"
"上女人的衣","0","2","2"
"女人的衣裳","0","2","2"
"埋伏在山谷","0","2","2"
"曾经侍奉李","0","2","2"
"经侍奉李密","0","2","2"
"派遣使者告","0","2","2"
"力上表请求","0","2","2"
"把他安葬在","0","2","2"
"被任命为行","0","2","2"
"是散骑常侍","0","2","2"
"为通事舍人","0","2","2"
"他父亲的朋","0","2","2"
"太宗曾经对","0","2","2"
"没有人可以","0","2","2"
"赴皇帝的殿","0","2","2"
"遂良对太宗","0","2","2"
"良对太宗说","0","2","2"
"泰山封禅礼","0","2","2"
"臣下的愚见","0","2","2"
"为他说得很","0","2","2"
"他说得很对","0","2","2"
"迁任谏议大","0","2","2"
"太宗曾经问","0","2","2"
"宗曾经问他","0","2","2"
"曾经问他说","0","2","2"
"就是古代的","0","2","2"
"有不好的事","0","2","2"
"自己的职责","0","2","2"
"遂良走上前","0","2","2"
"良走上前说","0","2","2"
"国家的危亡","0","2","2"
"好的人做刺","0","2","2"
"的人做刺史","0","2","2"
"人做刺史郡","0","2","2"
"做刺史郡守","0","2","2"
"到这个样子","0","2","2"
"是什么吉祥","0","2","2"
"出现在秦地","0","2","2"
"延陀派遣使","0","2","2"
"陀派遣使者","0","2","2"
"使者前来求","0","2","2"
"者前来求婚","0","2","2"
"女儿嫁给薛","0","2","2"
"收纳了他的","0","2","2"
"感念陛下的","0","2","2"
"而内心惭愧","0","2","2"
"报答陛下的","0","2","2"
"于是平定高","0","2","2"
"是平定高昌","0","2","2"
"环顾身边的","0","2","2"
"顾身边的侍","0","2","2"
"边的侍臣对","0","2","2"
"的侍臣对他","0","2","2"
"侍臣对他们","0","2","2"
"臣对他们说","0","2","2"
"高丽的人民","0","2","2"
"有一个人能","0","2","2"
"臣听说国家","0","2","2"
"是人们所说","0","2","2"
"广泛地寻求","0","2","2"
"受他的贿赂","0","2","2"
"背叛君主之","0","2","2"
"听说古代圣","0","2","2"
"说古代圣明","0","2","2"
"古代圣明的","0","2","2"
"威力施加到","0","2","2"
"出发的时候","0","2","2"
"到很远的地","0","2","2"
"给国家造成","0","2","2"
"遗留下来的","0","2","2"
"长期成为边","0","2","2"
"汉朝的太子","0","2","2"
"不可以马上","0","2","2"
"可以马上改","0","2","2"
"以马上改变","0","2","2"
"美好的名声","0","2","2"
"本官的身份","0","2","2"
"官的身份检","0","2","2"
"的身份检校","0","2","2"
"及长孙无忌","0","2","2"
"长孙无忌进","0","2","2"
"高宗即位后","0","2","2"
"担任光禄大","0","2","2"
"高宗准备废","0","2","2"
"立昭仪为皇","0","2","2"
"你们认为怎","0","2","2"
"上朝时执的","0","2","2"
"朝时执的手","0","2","2"
"时执的手板","0","2","2"
"受先朝遗诏","0","2","2"
"终年六十二","0","2","2"
"流放到爱州","0","2","2"
"他所居住的","0","2","2"
"居住的地方","0","2","2"
"永徽元年去","0","2","2"
"徽元年去世","0","2","2"
"以文章知名","0","2","2"
"荣国夫人的","0","2","2"
"任相王府司","0","2","2"
"得到他们的","0","2","2"
"武则天很不","0","2","2"
"则天很不高","0","2","2"
"天很不高兴","0","2","2"
"这是什么原","0","2","2"
"州郡地方官","0","2","2"
"不是太难了","0","2","2"
"是太难了吗","0","2","2"
"的三分之一","0","2","2"
"任命自己的","0","2","2"
"向朝廷举荐","0","2","2"
"品以下的官","0","2","2"
"任司刑太常","0","2","2"
"少年时就以","0","2","2"
"升任凤阁鸾","0","2","2"
"代理宰相之","0","2","2"
"理宰相之职","0","2","2"
"认为他很有","0","2","2"
"的人都认为","0","2","2"
"人都认为很","0","2","2"
"认为很方便","0","2","2"
"嗣是陛下的","0","2","2"
"能赶得上的","0","2","2"
"转任太子少","0","2","2"
"何况陛下是","0","2","2"
"王庆诜之女","0","2","2"
"李自挹之女","0","2","2"
"武则天于是","0","2","2"
"不久又召回","0","2","2"
"久又召回京","0","2","2"
"仆少卿来俊","0","2","2"
"少卿来俊臣","0","2","2"
"唐高宗永淳","0","2","2"
"高宗永淳年","0","2","2"
"任太仆少卿","0","2","2"
"升迁鸾台侍","0","2","2"
"依旧代理宰","0","2","2"
"旧代理宰相","0","2","2"
"他的意见而","0","2","2"
"王方庆又上","0","2","2"
"安不忘危之","0","2","2"
"被世人称扬","0","2","2"
"当时武则天","0","2","2"
"谏官退朝后","0","2","2"
"便上表请求","0","2","2"
"免了宰相职","0","2","2"
"了宰相职务","0","2","2"
"率领各少数","0","2","2"
"领各少数民","0","2","2"
"各少数民族","0","2","2"
"武则天功德","0","2","2"
"这实际上是","0","2","2"
"追赠他的父","0","2","2"
"赠他的父亲","0","2","2"
"契丹侵犯边","0","2","2"
"调任益州大","0","2","2"
"武则天开始","0","2","2"
"世代在江左","0","2","2"
"代在江左为","0","2","2"
"在江左为官","0","2","2"
"及在江都反","0","2","2"
"在江都反叛","0","2","2"
"江都反叛杀","0","2","2"
"都反叛杀君","0","2","2"
"敬宗的父亲","0","2","2"
"被宇文化及","0","2","2"
"到他的名声","0","2","2"
"为洪州都督","0","2","2"
"国的诸侯大","0","2","2"
"的诸侯大夫","0","2","2"
"才得免死罪","0","2","2"
"少数民族部","0","2","2"
"任弘文馆学","0","2","2"
"一起流放到","0","2","2"
"朝廷追赠他","0","2","2"
"父亲许善心","0","2","2"
"杂居在一起","0","2","2"
"是这样的吗","0","2","2"
"敬宗回答说","0","2","2"
"尉迟敬德的","0","2","2"
"给尉迟敬德","0","2","2"
"上奏朝廷请","0","2","2"
"不久就去世","0","2","2"
"久就去世了","0","2","2"
"年八十一岁","0","2","2"
"高宗为他举","0","2","2"
"诏令文武百","0","2","2"
"定谥号为缪","0","2","2"
"调任黄门侍","0","2","2"
"任命检校吏","0","2","2"
"命检校吏部","0","2","2"
"高宗很是高","0","2","2"
"宗很是高兴","0","2","2"
"贬为潮州刺","0","2","2"
"牢中的囚犯","0","2","2"
"时的人都称","0","2","2"
"享年七十三","0","2","2"
"年七十三岁","0","2","2"
"为左台侍御","0","2","2"
"陛下即位以","0","2","2"
"下即位以来","0","2","2"
"以报答圣上","0","2","2"
"武则天看了","0","2","2"
"流放到岭表","0","2","2"
"当时的人把","0","2","2"
"时的人把他","0","2","2"
"过了较长一","0","2","2"
"了较长一段","0","2","2"
"较长一段时","0","2","2"
"他曾对人说","0","2","2"
"调同州刺史","0","2","2"
"接受了他的","0","2","2"
"受了他的意","0","2","2"
"追赠幽州都","0","2","2"
"为绥州刺史","0","2","2"
"武则天对他","0","2","2"
"又加银青光","0","2","2"
"的荣誉职务","0","2","2"
"造反的情况","0","2","2"
"流放到儋州","0","2","2"
"在南郊举行","0","2","2"
"安乐公主为","0","2","2"
"来理顺万物","0","2","2"
"其他官职如","0","2","2"
"他官职如故","0","2","2"
"当太子的时","0","2","2"
"死刑罪以下","0","2","2"
"为申州刺史","0","2","2"
"有什么能比","0","2","2"
"宗曾对侍臣","0","2","2"
"章怀太子李","0","2","2"
"怀太子李贤","0","2","2"
"卫大将军官","0","2","2"
"被武则天所","0","2","2"
"武则天又曾","0","2","2"
"唐睿宗登位","0","2","2"
"将军丘神责","0","2","2"
"军丘神责力","0","2","2"
"丘神责力为","0","2","2"
"中宗李显登","0","2","2"
"宗李显登位","0","2","2"
"与张易之兄","0","2","2"
"为濮州员外","0","2","2"
"亲自到南郊","0","2","2"
"自到南郊祭","0","2","2"
"庶人临朝掌","0","2","2"
"任集州刺史","0","2","2"
"有讨平韦氏","0","2","2"
"讨平韦氏的","0","2","2"
"过了一会儿","0","2","2"
"节愍太子李","0","2","2"
"愍太子李重","0","2","2"
"太子李重俊","0","2","2"
"做太子宾客","0","2","2"
"娶安乐公主","0","2","2"
"立为皇太女","0","2","2"
"武三思和武","0","2","2"
"三思和武崇","0","2","2"
"思和武崇训","0","2","2"
"命令左金吾","0","2","2"
"韦庶人和安","0","2","2"
"庶人和安乐","0","2","2"
"人和安乐公","0","2","2"
"和安乐公主","0","2","2"
"在这种情况","0","2","2"
"这种情况下","0","2","2"
"武崇训的灵","0","2","2"
"崇训的灵柩","0","2","2"
"在处理公务","0","2","2"
"突袭攻克了","0","2","2"
"士气更加高","0","2","2"
"年号定为天","0","2","2"
"州的叛军首","0","2","2"
"攻克了榆次","0","2","2"
"克了榆次县","0","2","2"
"派遣太常少","0","2","2"
"刘武周继续","0","2","2"
"武周继续进","0","2","2"
"继续进军攻","0","2","2"
"永安王李孝","0","2","2"
"安王李孝基","0","2","2"
"将领尉迟敬","0","2","2"
"领尉迟敬德","0","2","2"
"就带领部队","0","2","2"
"的骁勇将领","0","2","2"
"全部收复原","0","2","2"
"部收复原有","0","2","2"
"人一起商议","0","2","2"
"一起商议说","0","2","2"
"手下的将领","0","2","2"
"宽厚仁爱能","0","2","2"
"着一百多人","0","2","2"
"都死在阵地","0","2","2"
"死在阵地上","0","2","2"
"下的一千多","0","2","2"
"的一千多名","0","2","2"
"建德的将士","0","2","2"
"德的将士们","0","2","2"
"军队的气势","0","2","2"
"总管李世责","0","2","2"
"管李世责力","0","2","2"
"时间全部收","0","2","2"
"间全部收复","0","2","2"
"高祖武德五","0","2","2"
"祖武德五年","0","2","2"
"在氵名州建","0","2","2"
"氵名州建都","0","2","2"
"队伍驻扎在","0","2","2"
"的粮食吃光","0","2","2"
"一千多人逃","0","2","2"
"千多人逃往","0","2","2"
"山东全部平","0","2","2"
"东全部平定","0","2","2"
"领军队到河","0","2","2"
"讨伐徐圆朗","0","2","2"
"响应刘黑闼","0","2","2"
"李建成和李","0","2","2"
"建成和李元","0","2","2"
"成和李元吉","0","2","2"
"后升任殿中","0","2","2"
"升任殿中少","0","2","2"
"任殿中少监","0","2","2"
"任晋州刺史","0","2","2"
"当时武三思","0","2","2"
"多次上表陈","0","2","2"
"平素与郭元","0","2","2"
"素与郭元振","0","2","2"
"实在是国家","0","2","2"
"令他与吐蕃","0","2","2"
"上表请求解","0","2","2"
"调任太子宾","0","2","2"
"第二年去世","0","2","2"
"享年八十余","0","2","2"
"年八十余岁","0","2","2"
"当时所有的","0","2","2"
"每年达数百","0","2","2"
"调任吏部侍","0","2","2"
"职尚书左丞","0","2","2"
"派中书侍郎","0","2","2"
"吏部选拔人","0","2","2"
"部选拔人才","0","2","2"
"中书令肖嵩","0","2","2"
"追赠荆州大","0","2","2"
"升为吏部侍","0","2","2"
"转为黄门侍","0","2","2"
"与中书侍郎","0","2","2"
"书侍郎苏廷","0","2","2"
"侍郎苏廷页","0","2","2"
"上奏给皇上","0","2","2"
"非常信任他","0","2","2"
"称赞推荐他","0","2","2"
"主持节度留","0","2","2"
"持节度留后","0","2","2"
"任凉州刺史","0","2","2"
"仙客为尚书","0","2","2"
"上奏认为不","0","2","2"
"流放氵襄州","0","2","2"
"封他的父亲","0","2","2"
"知道后非常","0","2","2"
"率领杜宾客","0","2","2"
"斩敌首一万","0","2","2"
"授予左金吾","0","2","2"
"授予左威卫","0","2","2"
"都感到害怕","0","2","2"
"皇上下诏授","0","2","2"
"上下诏授予","0","2","2"
"兼左羽林军","0","2","2"
"率领其部落","0","2","2"
"突厥的军队","0","2","2"
"首级传到京","0","2","2"
"级传到京师","0","2","2"
"被授予御史","0","2","2"
"国家安定的","0","2","2"
"个儿子五品","0","2","2"
"儿子五品官","0","2","2"
"攻占石堡城","0","2","2"
"代替忠嗣为","0","2","2"
"替忠嗣为陇","0","2","2"
"忠嗣为陇右","0","2","2"
"嗣为陇右节","0","2","2"
"语非常恳切","0","2","2"
"请求以自己","0","2","2"
"求以自己的","0","2","2"
"以自己的官","0","2","2"
"己的官职来","0","2","2"
"次升迁为左","0","2","2"
"魏元忠被张","0","2","2"
"被罢免官职","0","2","2"
"升为礼部员","0","2","2"
"为当时人所","0","2","2"
"提升为秘书","0","2","2"
"升为秘书监","0","2","2"
"常侍褚无量","0","2","2"
"令九品以上","0","2","2"
"品以上的文","0","2","2"
"以上的文武","0","2","2"
"上的文武官","0","2","2"
"词非常恳切","0","2","2"
"书侍郎萧至","0","2","2"
"侍郎萧至忠","0","2","2"
"被发配流放","0","2","2"
"最终不能成","0","2","2"
"终不能成为","0","2","2"
"当时人们认","0","2","2"
"时人们认为","0","2","2"
"人们认为这","0","2","2"
"们认为这是","0","2","2"
"的舆论所赞","0","2","2"
"在学馆陈列","0","2","2"
"年七十七岁","0","2","2"
"追封礼部尚","0","2","2"
"封礼部尚书","0","2","2"
"授予谏议大","0","2","2"
"予谏议大夫","0","2","2"
"将近三十年","0","2","2"
"的儿子进献","0","2","2"
"担任兵部侍","0","2","2"
"又升为监察","0","2","2"
"不利于自己","0","2","2"
"玄宗认为鉷","0","2","2"
"使职仍如同","0","2","2"
"升为户部侍","0","2","2"
"山人李浑说","0","2","2"
"长安尉官贾","0","2","2"
"安尉官贾季","0","2","2"
"尉官贾季邻","0","2","2"
"安公主的儿","0","2","2"
"公主的儿子","0","2","2"
"兼任殿中监","0","2","2"
"在化度寺门","0","2","2"
"化度寺门前","0","2","2"
"大夫难道不","0","2","2"
"难道不知道","0","2","2"
"纟宰的事情","0","2","2"
"难道是天意","0","2","2"
"集逃散的官","0","2","2"
"逃散的官员","0","2","2"
"非常不高兴","0","2","2"
"蜀郡大都府","0","2","2"
"玄宗幸驾蜀","0","2","2"
"赶赴肃宗所","0","2","2"
"赴肃宗所在","0","2","2"
"肃宗所在地","0","2","2"
"玄宗亲自在","0","2","2"
"升为中书令","0","2","2"
"官军在相州","0","2","2"
"皇上诏令削","0","2","2"
"为汾州刺史","0","2","2"
"与左相韦见","0","2","2"
"于是罢免其","0","2","2"
"京师百官的","0","2","2"
"皇上诏令有","0","2","2"
"上诏令有关","0","2","2"
"次升为大理","0","2","2"
"升为大理司","0","2","2"
"为大理司直","0","2","2"
"太子在平凉","0","2","2"
"也是臣子的","0","2","2"
"兵马招集的","0","2","2"
"肃宗非常高","0","2","2"
"从平凉出发","0","2","2"
"为武部侍郎","0","2","2"
"都惊慌害怕","0","2","2"
"不久升为中","0","2","2"
"久升为中书","0","2","2"
"第二年二月","0","2","2"
"为西川兵马","0","2","2"
"年十一月死","0","2","2"
"宠臣张易之","0","2","2"
"因驻防出色","0","2","2"
"玄宗很高兴","0","2","2"
"王鉷为御史","0","2","2"
"以保全自己","0","2","2"
"兼兵部侍郎","0","2","2"
"受到的恩宠","0","2","2"
"兼任山南西","0","2","2"
"上奏请求派","0","2","2"
"自己一定会","0","2","2"
"被李林甫所","0","2","2"
"对公卿以下","0","2","2"
"完成这件事","0","2","2"
"能与之相比","0","2","2"
"多次在皇上","0","2","2"
"皇上面前说","0","2","2"
"翰迫不得已","0","2","2"
"在春明门外","0","2","2"
"已渡过渭水","0","2","2"
"是因为杨国","0","2","2"
"陈玄礼等人","0","2","2"
"等到哥舒翰","0","2","2"
"兼户部侍郎","0","2","2"
"为郓州刺史","0","2","2"
"拜为尚书左","0","2","2"
"升为尚书左","0","2","2"
"赠特进之职","0","2","2"
"张暐的儿子","0","2","2"
"暐的儿子履","0","2","2"
"的儿子履冰","0","2","2"
"以示特别恩","0","2","2"
"示特别恩宠","0","2","2"
"城一个多月","0","2","2"
"节度使王亻","0","2","2"
"侍高力士及","0","2","2"
"心事奉皇上","0","2","2"
"于是停止了","0","2","2"
"禄山谋反时","0","2","2"
"皇上在勤政","0","2","2"
"以杀杨国忠","0","2","2"
"多次上奏说","0","2","2"
"哥舒翰上奏","0","2","2"
"到了这个地","0","2","2"
"了这个地步","0","2","2"
"李光弼等人","0","2","2"
"遇到圣明的","0","2","2"
"到圣明的君","0","2","2"
"天下的志向","0","2","2"
"准备到江都","0","2","2"
"备到江都去","0","2","2"
"他上奏请求","0","2","2"
"上奏请求赦","0","2","2"
"奏请求赦免","0","2","2"
"州少数民族","0","2","2"
"高祖非常高","0","2","2"
"祖非常高兴","0","2","2"
"对大臣们说","0","2","2"
"有功劳的人","0","2","2"
"的行军长史","0","2","2"
"所有的将领","0","2","2"
"有的将领都","0","2","2"
"在江陵城下","0","2","2"
"精锐兵力全","0","2","2"
"一定能攻破","0","2","2"
"与敌军交战","0","2","2"
"有一万多人","0","2","2"
"派遣使者请","0","2","2"
"遣使者请求","0","2","2"
"使者请求投","0","2","2"
"者请求投降","0","2","2"
"高祖下诏命","0","2","2"
"祖下诏命李","0","2","2"
"遣使者分头","0","2","2"
"讨伐辅公礻","0","2","2"
"伐辅公礻石","0","2","2"
"辅公礻石的","0","2","2"
"的精锐兵力","0","2","2"
"尚且不能攻","0","2","2"
"李靖亲自率","0","2","2"
"全都平定了","0","2","2"
"李靖为检校","0","2","2"
"为检校扬州","0","2","2"
"没有一个能","0","2","2"
"与突厥结盟","0","2","2"
"太宗即位后","0","2","2"
"出其不意地","0","2","2"
"日柬的儿子","0","2","2"
"柬的儿子杨","0","2","2"
"到京都长安","0","2","2"
"李靖为定襄","0","2","2"
"靖为定襄道","0","2","2"
"为定襄道行","0","2","2"
"虽然表面上","0","2","2"
"了颉利可汗","0","2","2"
"的使者也在","0","2","2"
"又有什么可","0","2","2"
"五里的地方","0","2","2"
"一部分军队","0","2","2"
"对有功的不","0","2","2"
"连同以前的","0","2","2"
"命李靖为西","0","2","2"
"李靖为西海","0","2","2"
"靖为西海道","0","2","2"
"为西海道行","0","2","2"
"了很多敌军","0","2","2"
"就杀了他们","0","2","2"
"肖像画在凌","0","2","2"
"像画在凌烟","0","2","2"
"画在凌烟阁","0","2","2"
"晋封卫国公","0","2","2"
"陛下如果不","0","2","2"
"没有停止过","0","2","2"
"承受玄宗的","0","2","2"
"受玄宗的恩","0","2","2"
"玄宗的恩宠","0","2","2"
"当时的政事","0","2","2"
"于是改封为","0","2","2"
"李密反叛朝","0","2","2"
"密反叛朝廷","0","2","2"
"反叛朝廷的","0","2","2"
"逮捕了他的","0","2","2"
"斩下他的首","0","2","2"
"下他的首级","0","2","2"
"下诏命李勣","0","2","2"
"率领步兵一","0","2","2"
"领步兵一万","0","2","2"
"派他的大将","0","2","2"
"在长江西岸","0","2","2"
"朝廷命李勣","0","2","2"
"廷命李勣为","0","2","2"
"突厥颉利可","0","2","2"
"厥颉利可汗","0","2","2"
"派使者请求","0","2","2"
"朝廷下诏命","0","2","2"
"的军队会合","0","2","2"
"这样就可以","0","2","2"
"不久又起用","0","2","2"
"督府长史的","0","2","2"
"李勣在并州","0","2","2"
"太宗对侍臣","0","2","2"
"宗对侍臣说","0","2","2"
"畏惧他的威","0","2","2"
"封李勣的一","0","2","2"
"李勣的一个","0","2","2"
"勣的一个儿","0","2","2"
"个儿子为县","0","2","2"
"太宗对他说","0","2","2"
"宫中的事情","0","2","2"
"的事情委托","0","2","2"
"事情委托给","0","2","2"
"所以有这样","0","2","2"
"以有这样的","0","2","2"
"任命李勣为","0","2","2"
"命李勣为辽","0","2","2"
"李勣为辽东","0","2","2"
"勣为辽东道","0","2","2"
"二百名骑兵","0","2","2"
"队前去讨伐","0","2","2"
"乌德革建山","0","2","2"
"上表请求免","0","2","2"
"他以开府仪","0","2","2"
"依旧执掌政","0","2","2"
"凌烟阁上为","0","2","2"
"烟阁上为他","0","2","2"
"阁上为他画","0","2","2"
"上为他画像","0","2","2"
"皇帝诏封李","0","2","2"
"帝诏封李勣","0","2","2"
"后亲临她的","0","2","2"
"被他的弟弟","0","2","2"
"他的弟弟男","0","2","2"
"的弟弟男建","0","2","2"
"关闭城门不","0","2","2"
"的礼仪结束","0","2","2"
"礼仪结束后","0","2","2"
"享年七十六","0","2","2"
"让他陪葬在","0","2","2"
"当时人们称","0","2","2"
"有知人之明","0","2","2"
"是山东的一","0","2","2"
"这难道不是","0","2","2"
"武则天太后","0","2","2"
"为临海县丞","0","2","2"
"命令雍州人","0","2","2"
"长史陈敬之","0","2","2"
"禁在另外的","0","2","2"
"担任重要的","0","2","2"
"用这种力量","0","2","2"
"复原来的姓","0","2","2"
"淮河而北上","0","2","2"
"的军队渡过","0","2","2"
"军队渡过淮","0","2","2"
"队渡过淮河","0","2","2"
"把他们全都","0","2","2"
"辅佐朝廷的","0","2","2"
"都应当恢复","0","2","2"
"少数民族地","0","2","2"
"数民族地区","0","2","2"
"吐蕃攻陷麟","0","2","2"
"蕃攻陷麟州","0","2","2"
"为新安郡王","0","2","2"
"说始毕可汗","0","2","2"
"使者去向义","0","2","2"
"者去向义成","0","2","2"
"去向义成公","0","2","2"
"向义成公主","0","2","2"
"纳了这个意","0","2","2"
"要征讨高丽","0","2","2"
"让他出任河","0","2","2"
"任河池郡太","0","2","2"
"河池郡太守","0","2","2"
"光禄大夫头","0","2","2"
"禄大夫头衔","0","2","2"
"任民部尚书","0","2","2"
"部尚书官职","0","2","2"
"还没有平定","0","2","2"
"亲手写给诏","0","2","2"
"太宗担任雍","0","2","2"
"宗担任雍州","0","2","2"
"担任雍州牧","0","2","2"
"各有关部门","0","2","2"
"定军事谋略","0","2","2"
"封伦为尚书","0","2","2"
"在太宗面前","0","2","2"
"天下永远安","0","2","2"
"下永远安宁","0","2","2"
"调回朝廷任","0","2","2"
"参与商议朝","0","2","2"
"行使太常卿","0","2","2"
"使太常卿职","0","2","2"
"出京城任河","0","2","2"
"明的君主因","0","2","2"
"的君主因为","0","2","2"
"必然遭受祸","0","2","2"
"然遭受祸患","0","2","2"
"孙无忌等二","0","2","2"
"无忌等二十","0","2","2"
"十四人一起","0","2","2"
"彰功臣而建","0","2","2"
"功臣而建造","0","2","2"
"臣而建造的","0","2","2"
"而建造的凌","0","2","2"
"立晋王李治","0","2","2"
"晋王李治为","0","2","2"
"王李治为太","0","2","2"
"李治为太子","0","2","2"
"参与朝廷政","0","2","2"
"御驾亲征高","0","2","2"
"驾亲征高丽","0","2","2"
"军事交通要","0","2","2"
"中书门下职","0","2","2"
"中书门下的","0","2","2"
"理事的朝堂","0","2","2"
"事的朝堂里","0","2","2"
"对身边的臣","0","2","2"
"身边的臣子","0","2","2"
"君臣之间的","0","2","2"
"臣之间的关","0","2","2"
"之间的关系","0","2","2"
"玉华宫休养","0","2","2"
"享年七十四","0","2","2"
"年七十四岁","0","2","2"
"为他举行悼","0","2","2"
"他举行悼念","0","2","2"
"使者吊唁祭","0","2","2"
"谥号不恰当","0","2","2"
"自古以来贤","0","2","2"
"城公主去世","0","2","2"
"高宗永徽二","0","2","2"
"宗永徽二年","0","2","2"
"宗特地命令","0","2","2"
"将他们处死","0","2","2"
"呈递奏疏说","0","2","2"
"亲手写诏书","0","2","2"
"是前代圣贤","0","2","2"
"那样的过失","0","2","2"
"流放到边远","0","2","2"
"迁任兵部尚","0","2","2"
"击败了贼军","0","2","2"
"平定吐谷浑","0","2","2"
"君集为交河","0","2","2"
"集为交河道","0","2","2"
"为交河道行","0","2","2"
"不知道他们","0","2","2"
"自己的见解","0","2","2"
"我听说古代","0","2","2"
"战胜敌人就","0","2","2"
"严酷的刑罚","0","2","2"
"赦免了他的","0","2","2"
"赦免而不追","0","2","2"
"免而不追究","0","2","2"
"为辅国大将","0","2","2"
"廉洁谨慎的","0","2","2"
"一般的恩泽","0","2","2"
"把这话告诉","0","2","2"
"把这事交给","0","2","2"
"在北齐官至","0","2","2"
"起居舍人崔","0","2","2"
"的文德皇后","0","2","2"
"征讨高丽时","0","2","2"
"因为是他的","0","2","2"
"马虽然很多","0","2","2"
"任命他为行","0","2","2"
"命他为行军","0","2","2"
"打败了敌军","0","2","2"
"外甥长孙无","0","2","2"
"甥长孙无忌","0","2","2"
"长孙无忌一","0","2","2"
"太宗立为太","0","2","2"
"门侍郎王王","0","2","2"
"侍郎王王圭","0","2","2"
"得到了很大","0","2","2"
"以平民身份","0","2","2"
"封为许国公","0","2","2"
"一个儿子被","0","2","2"
"个儿子被封","0","2","2"
"儿子被封为","0","2","2"
"把崔干排在","0","2","2"
"授予开府仪","0","2","2"
"予开府仪同","0","2","2"
"免去了尚书","0","2","2"
"去了尚书右","0","2","2"
"了尚书右仆","0","2","2"
"皇太子李治","0","2","2"
"代为处理国","0","2","2"
"为处理国政","0","2","2"
"坚决推让不","0","2","2"
"您别再说了","0","2","2"
"的赤诚之心","0","2","2"
"追认高士廉","0","2","2"
"认高士廉为","0","2","2"
"长孙无忌任","0","2","2"
"高宗李治登","0","2","2"
"授予驸马都","0","2","2"
"予驸马都尉","0","2","2"
"高宗显庆元","0","2","2"
"宗显庆元年","0","2","2"
"长孙无忌是","0","2","2"
"任永州刺史","0","2","2"
"官职做到右","0","2","2"
"职做到右卫","0","2","2"
"做到右卫将","0","2","2"
"到右卫将军","0","2","2"
"把他的尸体","0","2","2"
"贬为睦州刺","0","2","2"
"献文帝拓跋","0","2","2"
"文帝拓跋弘","0","2","2"
"在北魏官至","0","2","2"
"北魏官至司","0","2","2"
"在西魏官至","0","2","2"
"官至右骁卫","0","2","2"
"按照太宗的","0","2","2"
"杜如晦等人","0","2","2"
"宗被立为太","0","2","2"
"升任吏部尚","0","2","2"
"晋封为齐国","0","2","2"
"为长孙无忌","0","2","2"
"他登上帝位","0","2","2"
"自己的卧室","0","2","2"
"有人秘密上","0","2","2"
"人秘密上表","0","2","2"
"的儿子都年","0","2","2"
"儿子都年幼","0","2","2"
"恳切地辞让","0","2","2"
"叫长孙无忌","0","2","2"
"孙无忌和司","0","2","2"
"无忌和司空","0","2","2"
"坚决辞谢不","0","2","2"
"重要的官职","0","2","2"
"上表恳切地","0","2","2"
"靠大家出力","0","2","2"
"宗亲自到他","0","2","2"
"亲自到他家","0","2","2"
"已故荆州都","0","2","2"
"给后代子孙","0","2","2"
"有三个儿子","0","2","2"
"太宗对长孙","0","2","2"
"宗对长孙无","0","2","2"
"无忌等人说","0","2","2"
"没有不同意","0","2","2"
"有不同意见","0","2","2"
"无忌为太子","0","2","2"
"忌为太子太","0","2","2"
"曾对长孙无","0","2","2"
"有什么过失","0","2","2"
"问题机敏迅","0","2","2"
"题机敏迅速","0","2","2"
"是他的长处","0","2","2"
"忌坚决辞去","0","2","2"
"辞去太子太","0","2","2"
"去太子太师","0","2","2"
"太子太师的","0","2","2"
"褚遂良接受","0","2","2"
"下面的情况","0","2","2"
"随心所欲地","0","2","2"
"长孙无忌由","0","2","2"
"孙无忌由于","0","2","2"
"亲自到长孙","0","2","2"
"自到长孙无","0","2","2"
"到长孙无忌","0","2","2"
"长孙无忌家","0","2","2"
"孙无忌家里","0","2","2"
"密派遣使者","0","2","2"
"赏赐给他金","0","2","2"
"非常怨恨他","0","2","2"
"进献给高宗","0","2","2"
"的儿子长孙","0","2","2"
"令许敬宗和","0","2","2"
"长孙无忌谋","0","2","2"
"孙无忌谋反","0","2","2"
"叛逆的念头","0","2","2"
"自己的亲戚","0","2","2"
"给百姓造成","0","2","2"
"能相提并论","0","2","2"
"长孙无忌本","0","2","2"
"孙无忌的官","0","2","2"
"无忌的官职","0","2","2"
"忌的官职爵","0","2","2"
"高宗上元元","0","2","2"
"宗上元元年","0","2","2"
"的叔伯哥哥","0","2","2"
"一直提升到","0","2","2"
"任命他为右","0","2","2"
"洛阳进攻王","0","2","2"
"阳进攻王世","0","2","2"
"尉迟敬德驱","0","2","2"
"迟敬德驱马","0","2","2"
"特地赐给他","0","2","2"
"敌人的长矛","0","2","2"
"尉迟敬德回","0","2","2"
"迟敬德回答","0","2","2"
"敬德回答说","0","2","2"
"后来窦建德","0","2","2"
"又跟随太宗","0","2","2"
"尉迟敬德率","0","2","2"
"多次立下战","0","2","2"
"次立下战功","0","2","2"
"答应我们的","0","2","2"
"道他们的阴","0","2","2"
"推荐李元吉","0","2","2"
"国家的大事","0","2","2"
"失作为人臣","0","2","2"
"您如果不采","0","2","2"
"如果不采纳","0","2","2"
"当时房玄龄","0","2","2"
"出了秦王府","0","2","2"
"他们的首级","0","2","2"
"尉迟敬德去","0","2","2"
"尉迟敬德奏","0","2","2"
"任命他为太","0","2","2"
"命他为太子","0","2","2"
"大将军头衔","0","2","2"
"突厥侵犯边","0","2","2"
"厥侵犯边境","0","2","2"
"任命他为泾","0","2","2"
"命他为泾州","0","2","2"
"升为同州刺","0","2","2"
"有什么功劳","0","2","2"
"理国家的重","0","2","2"
"国家的重要","0","2","2"
"改封为鄂国","0","2","2"
"封为鄂国公","0","2","2"
"的开府仪同","0","2","2"
"仪同三司名","0","2","2"
"同三司名号","0","2","2"
"亲自到辽东","0","2","2"
"担心发生意","0","2","2"
"心发生意外","0","2","2"
"宗没有采纳","0","2","2"
"以原来的官","0","2","2"
"为幽州都督","0","2","2"
"没有功业德","0","2","2"
"有功业德行","0","2","2"
"任隰城县尉","0","2","2"
"军营门前请","0","2","2"
"营门前请求","0","2","2"
"能使国家安","0","2","2"
"使国家安定","0","2","2"
"任秦王府记","0","2","2"
"方面的工作","0","2","2"
"宗命令长孙","0","2","2"
"提拔为太子","0","2","2"
"太宗登上帝","0","2","2"
"宗登上帝位","0","2","2"
"讨伐窦建德","0","2","2"
"是一定不能","0","2","2"
"朝廷各部门","0","2","2"
"不求全责备","0","2","2"
"房玄龄多次","0","2","2"
"表请求免去","0","2","2"
"事奉国君的","0","2","2"
"降低自己的","0","2","2"
"儿子房遗爱","0","2","2"
"子房遗爱娶","0","2","2"
"房遗爱娶太","0","2","2"
"遗爱娶太宗","0","2","2"
"爱娶太宗的","0","2","2"
"宗的女儿高","0","2","2"
"高阳公主为","0","2","2"
"使者对他说","0","2","2"
"是东宫太子","0","2","2"
"兼任太子太","0","2","2"
"因继母去世","0","2","2"
"萧何留守关","0","2","2"
"何留守关中","0","2","2"
"宗亲自撰写","0","2","2"
"守臣子节操","0","2","2"
"命司农卿李","0","2","2"
"从长安来到","0","2","2"
"的官员每天","0","2","2"
"自古以来不","0","2","2"
"都能使他们","0","2","2"
"自统领军队","0","2","2"
"阵亡将士的","0","2","2"
"边远地区的","0","2","2"
"百姓的生命","0","2","2"
"我们的百姓","0","2","2"
"的崇高声望","0","2","2"
"到如此程度","0","2","2"
"任命他的儿","0","2","2"
"高宗永徽初","0","2","2"
"宗永徽初年","0","2","2"
"官职做到太","0","2","2"
"为普通百姓","0","2","2"
"北周时官至","0","2","2"
"隋文帝杨坚","0","2","2"
"把他安排在","0","2","2"
"了他的阴谋","0","2","2"
"杜淹回答说","0","2","2"
"隐瞒自己的","0","2","2"
"瞒自己的真","0","2","2"
"应该有能劝","0","2","2"
"该有能劝谏","0","2","2"
"赏赐绢帛三","0","2","2"
"赐绢帛三百","0","2","2"
"第四个儿子","0","2","2"
"宇文歆协助","0","2","2"
"文歆协助他","0","2","2"
"放纵身边的","0","2","2"
"纵身边的人","0","2","2"
"年老体弱的","0","2","2"
"肆无忌惮地","0","2","2"
"刑罚就不会","0","2","2"
"元吉为侍中","0","2","2"
"授左卫大将","0","2","2"
"不久提升为","0","2","2"
"州刺史等官","0","2","2"
"刺史等官职","0","2","2"
"平定天下的","0","2","2"
"什么样的人","0","2","2"
"颁发诏令把","0","2","2"
"为海陵郡王","0","2","2"
"方面的学问","0","2","2"
"王世充知道","0","2","2"
"一万多人马","0","2","2"
"包围王世充","0","2","2"
"几十个人悄","0","2","2"
"十个人悄悄","0","2","2"
"个人悄悄逃","0","2","2"
"人悄悄逃走","0","2","2"
"率领部队讨","0","2","2"
"大业十一年","0","2","2"
"杨义臣杀掉","0","2","2"
"王世充统率","0","2","2"
"了好几万人","0","2","2"
"战一百多次","0","2","2"
"任命王世充","0","2","2"
"命王世充为","0","2","2"
"将军皇甫无","0","2","2"
"军皇甫无逸","0","2","2"
"攻打宇文化","0","2","2"
"打宇文化及","0","2","2"
"尚书令的官","0","2","2"
"书令的官职","0","2","2"
"王世充派人","0","2","2"
"叛朝廷的人","0","2","2"
"诈称杨侗的","0","2","2"
"称杨侗的命","0","2","2"
"杨侗的命令","0","2","2"
"升任尚书左","0","2","2"
"他的哥哥王","0","2","2"
"的哥哥王世","0","2","2"
"哥哥王世恽","0","2","2"
"李密打败宇","0","2","2"
"密打败宇文","0","2","2"
"骁勇的人马","0","2","2"
"当时李密刚","0","2","2"
"时李密刚刚","0","2","2"
"命令全体将","0","2","2"
"令全体将士","0","2","2"
"哥哥王世伟","0","2","2"
"李密的长史","0","2","2"
"进行安抚慰","0","2","2"
"行安抚慰问","0","2","2"
"朝见唐高祖","0","2","2"
"十分高兴地","0","2","2"
"上了皇帝宝","0","2","2"
"了皇帝宝座","0","2","2"
"布置警戒禁","0","2","2"
"置警戒禁止","0","2","2"
"警戒禁止行","0","2","2"
"戒禁止行人","0","2","2"
"屠杀抢劫当","0","2","2"
"杀抢劫当地","0","2","2"
"不论老少都","0","2","2"
"要产生怀疑","0","2","2"
"少于一万人","0","2","2"
"自己的地盘","0","2","2"
"跟王世充结","0","2","2"
"的军队乘胜","0","2","2"
"了五千多人","0","2","2"
"不敢再出城","0","2","2"
"等待窦建德","0","2","2"
"秦王在武牢","0","2","2"
"库存的财物","0","2","2"
"的黄门侍郎","0","2","2"
"他的儿子王","0","2","2"
"三年时间就","0","2","2"
"朝廷大赦天","0","2","2"
"廷大赦天下","0","2","2"
"的有一千多","0","2","2"
"百姓大多逃","0","2","2"
"年发生水灾","0","2","2"
"了一千多人","0","2","2"
"的几千名士","0","2","2"
"几千名士卒","0","2","2"
"在高鸡泊一","0","2","2"
"自己的威严","0","2","2"
"窦建德的妻","0","2","2"
"建德的妻子","0","2","2"
"跟随窦建德","0","2","2"
"窦建德突然","0","2","2"
"杨隋朝廷派","0","2","2"
"隋朝的军队","0","2","2"
"了三千多人","0","2","2"
"得到几千人","0","2","2"
"隋朝郡县的","0","2","2"
"率领一千名","0","2","2"
"为瀛州刺史","0","2","2"
"窦建德听从","0","2","2"
"建德听从了","0","2","2"
"听从了这个","0","2","2"
"从了这个建","0","2","2"
"统帅王须拔","0","2","2"
"他的纳言宋","0","2","2"
"的纳言宋正","0","2","2"
"他就是我的","0","2","2"
"普通百姓的","0","2","2"
"通百姓的身","0","2","2"
"百姓的身份","0","2","2"
"是天下的公","0","2","2"
"隋朝文武官","0","2","2"
"给各位将领","0","2","2"
"他的妻子曹","0","2","2"
"的妻子曹氏","0","2","2"
"他们到哪里","0","2","2"
"们到哪里去","0","2","2"
"将军李世责","0","2","2"
"军李世责力","0","2","2"
"安长公主和","0","2","2"
"长公主和李","0","2","2"
"公主和李神","0","2","2"
"主和李神通","0","2","2"
"带着他的首","0","2","2"
"德三年正月","0","2","2"
"袭击窦建德","0","2","2"
"窦建德就要","0","2","2"
"建德就要杀","0","2","2"
"大败窦建德","0","2","2"
"窦建德的军","0","2","2"
"建德的军营","0","2","2"
"到黄河以南","0","2","2"
"自率领军队","0","2","2"
"军队渡过黄","0","2","2"
"队渡过黄河","0","2","2"
"全部兵力攻","0","2","2"
"攻打王世充","0","2","2"
"来援救王世","0","2","2"
"的行台仆射","0","2","2"
"打开城门迎","0","2","2"
"开城门迎接","0","2","2"
"派遣他的部","0","2","2"
"遣他的部将","0","2","2"
"骑兵一千多","0","2","2"
"全军渡过黄","0","2","2"
"不过是个书","0","2","2"
"过是个书生","0","2","2"
"听从了他们","0","2","2"
"向天下表明","0","2","2"
"说话不算话","0","2","2"
"按兵不动以","0","2","2"
"兵不动以挫","0","2","2"
"秦王派遣骑","0","2","2"
"王派遣骑兵","0","2","2"
"的官员属吏","0","2","2"
"年四十九岁","0","2","2"
"河北全部平","0","2","2"
"北全部平定","0","2","2"
"任荆州司马","0","2","2"
"不久又调任","0","2","2"
"调任凤阁侍","0","2","2"
"魏元忠特别","0","2","2"
"年七十五岁","0","2","2"
"在武则天时","0","2","2"
"不久又上表","0","2","2"
"对国家有功","0","2","2"
"又任中书令","0","2","2"
"杨再思去世","0","2","2"
"以清廉简朴","0","2","2"
"迁任右散骑","0","2","2"
"不久又授太","0","2","2"
"久又授太子","0","2","2"
"又授太子宾","0","2","2"
"李怀远去世","0","2","2"
"宴请侍臣和","0","2","2"
"迁任中书舍","0","2","2"
"被御史中丞","0","2","2"
"过了几个月","0","2","2"
"玄宗到四川","0","2","2"
"到收复两京","0","2","2"
"曾祖父豆卢","0","2","2"
"到唐高祖平","0","2","2"
"守萧王禹率","0","2","2"
"唐高宗时为","0","2","2"
"为赵州刺史","0","2","2"
"易之兄弟和","0","2","2"
"之兄弟和武","0","2","2"
"兄弟和武三","0","2","2"
"弟和武三思","0","2","2"
"诛张易之兄","0","2","2"
"武三思之辈","0","2","2"
"他们的功劳","0","2","2"
"迁任凤阁侍","0","2","2"
"得不到召见","0","2","2"
"升任中书令","0","2","2"
"认为这不是","0","2","2"
"后悔就来不","0","2","2"
"悔就来不及","0","2","2"
"平公主之子","0","2","2"
"主之子薛崇","0","2","2"
"心中很是不","0","2","2"
"将谋划叛乱","0","2","2"
"是太平公主","0","2","2"
"罢免宰相职","0","2","2"
"免宰相职务","0","2","2"
"调他任户部","0","2","2"
"不久又迁任","0","2","2"
"任检校太子","0","2","2"
"等到武则天","0","2","2"
"到武则天召","0","2","2"
"魏元忠请求","0","2","2"
"带兵到玄武","0","2","2"
"兵到玄武楼","0","2","2"
"到玄武楼下","0","2","2"
"与侍中纪处","0","2","2"
"与节愍太子","0","2","2"
"就可以知道","0","2","2"
"享年七十余","0","2","2"
"年七十余岁","0","2","2"
"部尚书事务","0","2","2"
"所在的地方","0","2","2"
"官吏百姓都","0","2","2"
"败了他们的","0","2","2"
"又迁任吏部","0","2","2"
"张柬之为中","0","2","2"
"柬之为中书","0","2","2"
"太平公主与","0","2","2"
"调任尚书左","0","2","2"
"年时代就以","0","2","2"
"以文辞知名","0","2","2"
"金城公主下","0","2","2"
"城公主下嫁","0","2","2"
"公主下嫁吐","0","2","2"
"主下嫁吐蕃","0","2","2"
"又任刑部尚","0","2","2"
"及镇国太平","0","2","2"
"宗庙社稷的","0","2","2"
"天下的人都","0","2","2"
"的意见而不","0","2","2"
"国家的职位","0","2","2"
"馆陶公主为","0","2","2"
"到今天人们","0","2","2"
"今天人们还","0","2","2"
"官员的行列","0","2","2"
"死去的女儿","0","2","2"
"劝武则天改","0","2","2"
"宗楚客和宗","0","2","2"
"楚客和宗晋","0","2","2"
"客和宗晋卿","0","2","2"
"杀了武三思","0","2","2"
"原有的制度","0","2","2"
"被御史弹劾","0","2","2"
"封地做藩王","0","2","2"
"任左赞善大","0","2","2"
"为寿春郡王","0","2","2"
"卫大将军之","0","2","2"
"大将军之职","0","2","2"
"平王李隆基","0","2","2"
"李隆基有社","0","2","2"
"隆基有社稷","0","2","2"
"基有社稷大","0","2","2"
"有社稷大功","0","2","2"
"成器为司空","0","2","2"
"州大都督之","0","2","2"
"大都督之职","0","2","2"
"在兴庆坊的","0","2","2"
"前一段时间","0","2","2"
"下葬的时候","0","2","2"
"二十岁中进","0","2","2"
"十岁中进士","0","2","2"
"任凤阁舍人","0","2","2"
"魏知古兼任","0","2","2"
"他升任吏部","0","2","2"
"升任吏部侍","0","2","2"
"公主造道观","0","2","2"
"百姓的住宅","0","2","2"
"的一举一动","0","2","2"
"有二千余人","0","2","2"
"时间很久了","0","2","2"
"命他为代理","0","2","2"
"兼任左庶子","0","2","2"
"玄宗在渭川","0","2","2"
"宗在渭川打","0","2","2"
"在渭川打猎","0","2","2"
"封为梁国公","0","2","2"
"年六十九岁","0","2","2"
"有古之遗风","0","2","2"
"主持吏部尚","0","2","2"
"持吏部尚书","0","2","2"
"所以孔子说","0","2","2"
"令左右的人","0","2","2"
"开元八年春","0","2","2"
"在武则天称","0","2","2"
"武则天称帝","0","2","2"
"则天称帝之","0","2","2"
"天称帝之初","0","2","2"
"升任监察御","0","2","2"
"拜黄门侍郎","0","2","2"
"任荆州大都","0","2","2"
"开元二十八","0","2","2"
"元二十八年","0","2","2"
"中裴光庭去","0","2","2"
"裴光庭去世","0","2","2"
"年六十八岁","0","2","2"
"追赠扬州大","0","2","2"
"人们称之为","0","2","2"
"来表达自己","0","2","2"
"表达自己的","0","2","2"
"低矮的宫室","0","2","2"
"顺从陛下心","0","2","2"
"从陛下心意","0","2","2"
"陛下心意为","0","2","2"
"那么天下人","0","2","2"
"天时不如地","0","2","2"
"时不如地利","0","2","2"
"地利不如人","0","2","2"
"利不如人和","0","2","2"
"就在这里吧","0","2","2"
"因此被世人","0","2","2"
"此被世人所","0","2","2"
"被世人所讥","0","2","2"
"令皇太子在","0","2","2"
"皇太后武则","0","2","2"
"太后武则天","0","2","2"
"则天临朝代","0","2","2"
"天临朝代行","0","2","2"
"废中宗为庐","0","2","2"
"张易之与弟","0","2","2"
"宗暗中图谋","0","2","2"
"侍郎崔玄日","0","2","2"
"郎崔玄日韦","0","2","2"
"袁恕己等人","0","2","2"
"等人定策略","0","2","2"
"都让他们洗","0","2","2"
"以上官员加","0","2","2"
"上官员加爵","0","2","2"
"特许天下百","0","2","2"
"许天下百姓","0","2","2"
"天下百姓大","0","2","2"
"下百姓大宴","0","2","2"
"百姓大宴饮","0","2","2"
"大宴饮五天","0","2","2"
"相王李旦及","0","2","2"
"杀张易之兄","0","2","2"
"号为安国相","0","2","2"
"为安国相王","0","2","2"
"家族的名册","0","2","2"
"量才授予官","0","2","2"
"才授予官职","0","2","2"
"放宫女三千","0","2","2"
"兄弟的功劳","0","2","2"
"免除徭役三","0","2","2"
"除徭役三年","0","2","2"
"者听任他们","0","2","2"
"官员及朝集","0","2","2"
"直言劝谏的","0","2","2"
"食邑共一千","0","2","2"
"共一千五百","0","2","2"
"武攸暨封为","0","2","2"
"安国相王李","0","2","2"
"国相王李旦","0","2","2"
"坚决辞去司","0","2","2"
"诏令从文明","0","2","2"
"他们原来的","0","2","2"
"皇上的意思","0","2","2"
"王公以下官","0","2","2"
"公以下官员","0","2","2"
"上官员及所","0","2","2"
"官员及所有","0","2","2"
"礼仪非常隆","0","2","2"
"仪非常隆重","0","2","2"
"予他一个儿","0","2","2"
"他一个儿子","0","2","2"
"子崔玄日韦","0","2","2"
"兼任都督事","0","2","2"
"以上诸人都","0","2","2"
"宗在东宫时","0","2","2"
"为平阳郡王","0","2","2"
"特进崔玄日","0","2","2"
"进崔玄日韦","0","2","2"
"特进的加官","0","2","2"
"子和庶民百","0","2","2"
"和庶民百姓","0","2","2"
"王景为尚书","0","2","2"
"担任平章事","0","2","2"
"皇帝神主附","0","2","2"
"到太庙附祭","0","2","2"
"淹死的人很","0","2","2"
"韦巨源任同","0","2","2"
"巨源任同中","0","2","2"
"源任同中书","0","2","2"
"郡王张柬之","0","2","2"
"官九品以上","0","2","2"
"以上官员尽","0","2","2"
"上官员尽力","0","2","2"
"氏为恭皇后","0","2","2"
"上驾到洛城","0","2","2"
"驾到洛城南","0","2","2"
"到洛城南门","0","2","2"
"许天下人大","0","2","2"
"大聚饮三天","0","2","2"
"皇上驾到龙","0","2","2"
"赐给臣下大","0","2","2"
"给臣下大宴","0","2","2"
"臣下大宴饮","0","2","2"
"下大宴饮三","0","2","2"
"卫王重俊为","0","2","2"
"则天皇太后","0","2","2"
"龙二年春正","0","2","2"
"中书侍郎于","0","2","2"
"清清楚楚的","0","2","2"
"一个多月才","0","2","2"
"总计二千多","0","2","2"
"超越提拔授","0","2","2"
"为崖州司马","0","2","2"
"皇上驾到白","0","2","2"
"突厥王默啜","0","2","2"
"牛发生瘟疫","0","2","2"
"龙三年春正","0","2","2"
"上不接受群","0","2","2"
"记录囚犯的","0","2","2"
"录囚犯的罪","0","2","2"
"赞普派遣大","0","2","2"
"普派遣大臣","0","2","2"
"从京师到山","0","2","2"
"皇上驾到荐","0","2","2"
"上驾到荐福","0","2","2"
"驾到荐福寺","0","2","2"
"攻破了他们","0","2","2"
"李多祚等人","0","2","2"
"多祚等人率","0","2","2"
"的三百多人","0","2","2"
"下官员加一","0","2","2"
"官员加一阶","0","2","2"
"外官勋位升","0","2","2"
"官勋位升一","0","2","2"
"仍然分为左","0","2","2"
"星出现在西","0","2","2"
"出现在西方","0","2","2"
"春正月二日","0","2","2"
"皇上因为皇","0","2","2"
"官员的母亲","0","2","2"
"皇上驾到长","0","2","2"
"公主的庄园","0","2","2"
"气布满整个","0","2","2"
"布满整个天","0","2","2"
"满整个天空","0","2","2"
"为突厥可汗","0","2","2"
"乐公主下嫁","0","2","2"
"皇后的仪仗","0","2","2"
"两个侍郎来","0","2","2"
"宴请侍臣及","0","2","2"
"郎赵彦昭为","0","2","2"
"彦昭为中书","0","2","2"
"昭为中书侍","0","2","2"
"贬为江州司","0","2","2"
"为江州司马","0","2","2"
"太白星白昼","0","2","2"
"在安福门外","0","2","2"
"设立布施斋","0","2","2"
"立布施斋饭","0","2","2"
"布施斋饭的","0","2","2"
"施斋饭的佛","0","2","2"
"斋饭的佛教","0","2","2"
"皇上驾到承","0","2","2"
"派遣使者册","0","2","2"
"遣使者册封","0","2","2"
"兼代中书令","0","2","2"
"萧至忠为中","0","2","2"
"至忠为中书","0","2","2"
"赞普派遣使","0","2","2"
"普派遣使者","0","2","2"
"作为凭证的","0","2","2"
"皇上亲自送","0","2","2"
"皇上亲自作","0","2","2"
"上亲自作序","0","2","2"
"绸缎各有等","0","2","2"
"缎各有等级","0","2","2"
"冬十月八日","0","2","2"
"京中文武官","0","2","2"
"中文武官员","0","2","2"
"三品以上赐","0","2","2"
"品以上赐爵","0","2","2"
"以上赐爵位","0","2","2"
"上赐爵位一","0","2","2"
"国公唐休王","0","2","2"
"县百姓免除","0","2","2"
"这天皇上驾","0","2","2"
"天皇上驾到","0","2","2"
"命令各司长","0","2","2"
"令各司长官","0","2","2"
"便服私下在","0","2","2"
"服私下在民","0","2","2"
"私下在民间","0","2","2"
"下在民间看","0","2","2"
"在民间看花","0","2","2"
"民间看花灯","0","2","2"
"皇上与皇后","0","2","2"
"相以下官员","0","2","2"
"门下省五品","0","2","2"
"下省五品以","0","2","2"
"并命令百官","0","2","2"
"可立为皇太","0","2","2"
"旧任东都留","0","2","2"
"他们洗涤掉","0","2","2"
"内外官员三","0","2","2"
"外官员三品","0","2","2"
"三品以上者","0","2","2"
"品以上者赐","0","2","2"
"以上者赐爵","0","2","2"
"上者赐爵一","0","2","2"
"长时间不能","0","2","2"
"诏令各州府","0","2","2"
"临淄王李隆","0","2","2"
"淄王李隆基","0","2","2"
"武则天的亲","0","2","2"
"第八个儿子","0","2","2"
"草书和隶书","0","2","2"
"旧临朝代行","0","2","2"
"改国号为周","0","2","2"
"令他依旧名","0","2","2"
"中宗为皇太","0","2","2"
"宗为皇太子","0","2","2"
"加给实际封","0","2","2"
"立他为皇太","0","2","2"
"他为皇太弟","0","2","2"
"官员赐爵一","0","2","2"
"员赐爵一级","0","2","2"
"参加主持政","0","2","2"
"加主持政务","0","2","2"
"用为黄门侍","0","2","2"
"改年号为景","0","2","2"
"继承人者各","0","2","2"
"以来由于直","0","2","2"
"来由于直言","0","2","2"
"武氏的昊陵","0","2","2"
"为悖逆庶人","0","2","2"
"改太史监为","0","2","2"
"太史监为太","0","2","2"
"史监为太史","0","2","2"
"监为太史局","0","2","2"
"授予官职者","0","2","2"
"为许昌郡王","0","2","2"
"王成器为司","0","2","2"
"他们的尸体","0","2","2"
"职为楚州刺","0","2","2"
"为楚州刺史","0","2","2"
"官赐勋升一","0","2","2"
"品官员都用","0","2","2"
"八品九品官","0","2","2"
"品九品官员","0","2","2"
"开始设置十","0","2","2"
"始设置十道","0","2","2"
"设置十道按","0","2","2"
"特别加以赦","0","2","2"
"别加以赦免","0","2","2"
"皇太子在太","0","2","2"
"依旧隶属于","0","2","2"
"旧隶属于秘","0","2","2"
"上亲自晋谒","0","2","2"
"自晋谒太庙","0","2","2"
"正殿接受朝","0","2","2"
"亲自耕种籍","0","2","2"
"自耕种籍田","0","2","2"
"品以上加爵","0","2","2"
"以上加爵一","0","2","2"
"九十岁以上","0","2","2"
"十岁以上老","0","2","2"
"岁以上老人","0","2","2"
"皇太子在国","0","2","2"
"设酒食祭奠","0","2","2"
"酒食祭奠先","0","2","2"
"食祭奠先圣","0","2","2"
"被贼人击败","0","2","2"
"殿接受朝拜","0","2","2"
"三品以下官","0","2","2"
"妃王氏为皇","0","2","2"
"门观看花灯","0","2","2"
"率兵将他们","0","2","2"
"将他们杀死","0","2","2"
"他们的党羽","0","2","2"
"不论轻重都","0","2","2"
"皇上尊号为","0","2","2"
"到太阳偏西","0","2","2"
"知道皇上不","0","2","2"
"设木栏遮拦","0","2","2"
"木栏遮拦野","0","2","2"
"春正月十三","0","2","2"
"在泰山筑坛","0","2","2"
"泰山筑坛祭","0","2","2"
"次复核上奏","0","2","2"
"膳食的官员","0","2","2"
"在骊山打猎","0","2","2"
"从温汤回来","0","2","2"
"春正月十日","0","2","2"
"然而天下的","0","2","2"
"薛延陀派使","0","2","2"
"延陀派使者","0","2","2"
"陀派使者前","0","2","2"
"夏五月七日","0","2","2"
"孙无忌为司","0","2","2"
"用猪和羊祭","0","2","2"
"猪和羊祭祀","0","2","2"
"赐天下宴饮","0","2","2"
"天下宴饮三","0","2","2"
"下宴饮三天","0","2","2"
"王泰为雍州","0","2","2"
"泰为雍州牧","0","2","2"
"跟从太上皇","0","2","2"
"国派使者前","0","2","2"
"派遣兵部尚","0","2","2"
"公杨师道为","0","2","2"
"在昭陵安葬","0","2","2"
"容诺曷钵前","0","2","2"
"诺曷钵前来","0","2","2"
"孝敬父母尊","0","2","2"
"敬父母尊敬","0","2","2"
"父母尊敬兄","0","2","2"
"母尊敬兄长","0","2","2"
"为世袭封赠","0","2","2"
"给遭水灾之","0","2","2"
"遭水灾之家","0","2","2"
"赐给遭水灾","0","2","2"
"冬十一月十","0","2","2"
"了百姓房屋","0","2","2"
"皇上从洛阳","0","2","2"
"上从洛阳宫","0","2","2"
"从洛阳宫回","0","2","2"
"洛阳宫回来","0","2","2"
"死刑的犯人","0","2","2"
"玄龄为太子","0","2","2"
"冬十月十五","0","2","2"
"前来迎接未","0","2","2"
"来迎接未婚","0","2","2"
"迎接未婚妻","0","2","2"
"以下的犯人","0","2","2"
"公主嫁到吐","0","2","2"
"州死刑罪犯","0","2","2"
"诏命明年二","0","2","2"
"命明年二月","0","2","2"
"明年二月在","0","2","2"
"年二月在泰","0","2","2"
"二月在泰山","0","2","2"
"皇上对他们","0","2","2"
"上对他们说","0","2","2"
"六月十八日","0","2","2"
"令天下各州","0","2","2"
"首级三千多","0","2","2"
"级三千多个","0","2","2"
"缴获马匹一","0","2","2"
"郑国公魏征","0","2","2"
"上亲自晋见","0","2","2"
"太子承乾之","0","2","2"
"特殊才能之","0","2","2"
"他为开府仪","0","2","2"
"皮铁爪的人","0","2","2"
"庶人废太子","0","2","2"
"人废太子承","0","2","2"
"谥号曰忠烈","0","2","2"
"有关部门对","0","2","2"
"车驾到京师","0","2","2"
"都命令他们","0","2","2"
"命令他们在","0","2","2"
"皇上驾到翠","0","2","2"
"上驾到翠微","0","2","2"
"驾到翠微宫","0","2","2"
"到回纥部落","0","2","2"
"兼检校中书","0","2","2"
"为忠武将军","0","2","2"
"经过的地方","0","2","2"
"一万二千人","0","2","2"
"使者来朝见","0","2","2"
"去年冬天不","0","2","2"
"年冬天不下","0","2","2"
"冬天不下雨","0","2","2"
"十五日才下","0","2","2"
"排列在道路","0","2","2"
"列在道路两","0","2","2"
"在道路两旁","0","2","2"
"使国家昌盛","0","2","2"
"良好的教育","0","2","2"
"能当机立断","0","2","2"
"诏命天下被","0","2","2"
"下被关押囚","0","2","2"
"选拔出来的","0","2","2"
"较低的梁州","0","2","2"
"低的梁州事","0","2","2"
"文武官员及","0","2","2"
"弃铠甲逃跑","0","2","2"
"州刺史齐遆","0","2","2"
"上尊号为开","0","2","2"
"改移到近处","0","2","2"
"赐爵位一级","0","2","2"
"秋七月十一","0","2","2"
"刑部尚书崔","0","2","2"
"从温泉宫来","0","2","2"
"从温泉宫返","0","2","2"
"温泉宫返回","0","2","2"
"因为是正月","0","2","2"
"勤政楼宴请","0","2","2"
"政楼宴请群","0","2","2"
"楼宴请群臣","0","2","2"
"秋七月十八","0","2","2"
"皇帝陵名叫","0","2","2"
"吐蕃派使者","0","2","2"
"能胜任刺史","0","2","2"
"有关部门应","0","2","2"
"各派使者来","0","2","2"
"详细把名字","0","2","2"
"细把名字情","0","2","2"
"把名字情况","0","2","2"
"才干能担任","0","2","2"
"玄元皇帝在","0","2","2"
"加尊号为开","0","2","2"
"论轻重都释","0","2","2"
"轻重都释放","0","2","2"
"在被贬之处","0","2","2"
"为骠骑大将","0","2","2"
"今年管辖户","0","2","2"
"年管辖户数","0","2","2"
"皇上驾到广","0","2","2"
"改为太清宫","0","2","2"
"皇上到温泉","0","2","2"
"上到温泉宫","0","2","2"
"三年正月一","0","2","2"
"以下官员在","0","2","2"
"皇上赋诗赠","0","2","2"
"上赋诗赠送","0","2","2"
"被监禁囚徒","0","2","2"
"死罪降罪为","0","2","2"
"罪降罪为流","0","2","2"
"降罪为流放","0","2","2"
"京及天下州","0","2","2"
"首级到京师","0","2","2"
"亲自祭祀九","0","2","2"
"自祭祀九宫","0","2","2"
"祭祀九宫贵","0","2","2"
"四年春三月","0","2","2"
"下嫁给契丹","0","2","2"
"亲自祭祀太","0","2","2"
"在京城设置","0","2","2"
"长期流放溱","0","2","2"
"设置军器监","0","2","2"
"从五月不下","0","2","2"
"五月不下雨","0","2","2"
"不下雨直到","0","2","2"
"上到兴庆宫","0","2","2"
"时致以祭祀","0","2","2"
"元殿接受册","0","2","2"
"殿接受册封","0","2","2"
"秋七月十三","0","2","2"
"祭祀太清宫","0","2","2"
"岳四渎四海","0","2","2"
"任云中太守","0","2","2"
"节度使鲜于","0","2","2"
"国忠兼任剑","0","2","2"
"忠兼任剑南","0","2","2"
"兼任剑南节","0","2","2"
"李林甫在皇","0","2","2"
"林甫在皇帝","0","2","2"
"右相兼文部","0","2","2"
"相兼文部尚","0","2","2"
"兼文部尚书","0","2","2"
"二年正月十","0","2","2"
"之子将作监","0","2","2"
"拿出太仓米","0","2","2"
"出太仓米十","0","2","2"
"赐给实封一","0","2","2"
"住宅各一处","0","2","2"
"殿接受徽号","0","2","2"
"安禄山上奏","0","2","2"
"皇上到勤政","0","2","2"
"东都氵廛水","0","2","2"
"皇上驾到勤","0","2","2"
"上驾到勤政","0","2","2"
"百五十四户","0","2","2"
"四百八十人","0","2","2"
"中上吊自杀","0","2","2"
"太守崔无讠","0","2","2"
"守崔无讠皮","0","2","2"
"禄山攻陷东","0","2","2"
"攻陷东京洛","0","2","2"
"陷东京洛阳","0","2","2"
"命皇太子统","0","2","2"
"颍王王敫为","0","2","2"
"王王敫为剑","0","2","2"
"王敫为剑南","0","2","2"
"敫为剑南节","0","2","2"
"都不到封藩","0","2","2"
"不到封藩之","0","2","2"
"守颜真卿为","0","2","2"
"颜真卿为户","0","2","2"
"真卿为户部","0","2","2"
"卿为户部侍","0","2","2"
"赞善大夫来","0","2","2"
"善大夫来王","0","2","2"
"大夫来王真","0","2","2"
"颜真卿在堂","0","2","2"
"真卿在堂邑","0","2","2"
"卿在堂邑打","0","2","2"
"杨国忠想要","0","2","2"
"从哪里得到","0","2","2"
"皇上命令高","0","2","2"
"上命令高力","0","2","2"
"有的人说去","0","2","2"
"是万全之策","0","2","2"
"以监察御史","0","2","2"
"对人推心置","0","2","2"
"人推心置腹","0","2","2"
"可以大赦天","0","2","2"
"以大赦天下","0","2","2"
"称为太上皇","0","2","2"
"奉迎太上皇","0","2","2"
"上皇从蜀郡","0","2","2"
"皇从蜀郡出","0","2","2"
"从蜀郡出发","0","2","2"
"锐骑兵三千","0","2","2"
"备皇帝的车","0","2","2"
"当时太庙被","0","2","2"
"庙被贼人所","0","2","2"
"二年三月二","0","2","2"
"神龙殿去世","0","2","2"
"三月十八日","0","2","2"
"旗连绵数十","0","2","2"
"连绵数十里","0","2","2"
"精锐的骑兵","0","2","2"
"攻下了西河","0","2","2"
"右领大都督","0","2","2"
"霍邑以抗拒","0","2","2"
"邑以抗拒义","0","2","2"
"以抗拒义军","0","2","2"
"高祖与建成","0","2","2"
"到军门请求","0","2","2"
"后送走他们","0","2","2"
"次被任命为","0","2","2"
"任命太宗为","0","2","2"
"太宗为尚书","0","2","2"
"宗为尚书令","0","2","2"
"薛举入侵泾","0","2","2"
"举入侵泾州","0","2","2"
"任命为元帅","0","2","2"
"十多个骑兵","0","2","2"
"大军陆续到","0","2","2"
"这是什么缘","0","2","2"
"太宗全部俘","0","2","2"
"宗全部俘虏","0","2","2"
"刘武周占据","0","2","2"
"为益州道行","0","2","2"
"统率各军在","0","2","2"
"率各军在洛","0","2","2"
"有一个不是","0","2","2"
"一个前来归","0","2","2"
"个前来归降","0","2","2"
"到下午一点","0","2","2"
"遣他的大将","0","2","2"
"亲自率领骑","0","2","2"
"自率领骑兵","0","2","2"
"在黄河北岸","0","2","2"
"率几名骑兵","0","2","2"
"活捉窦建德","0","2","2"
"按品级等第","0","2","2"
"以表彰功勋","0","2","2"
"在王公之上","0","2","2"
"亲自率领精","0","2","2"
"人都认为不","0","2","2"
"仍旧派遣太","0","2","2"
"免赋税徭役","0","2","2"
"及其以下的","0","2","2"
"有很多劝谏","0","2","2"
"山王承乾为","0","2","2"
"承乾为皇太","0","2","2"
"乾为皇太子","0","2","2"
"食实封四百","0","2","2"
"传送首级到","0","2","2"
"命令所在地","0","2","2"
"皇上对侍臣","0","2","2"
"上对侍臣道","0","2","2"
"率城池归降","0","2","2"
"谋杀害皇帝","0","2","2"
"特别免除死","0","2","2"
"削除官职爵","0","2","2"
"除官职爵位","0","2","2"
"充军到岭表","0","2","2"
"亲自耕种征","0","2","2"
"自耕种征用","0","2","2"
"耕种征用民","0","2","2"
"种征用民用","0","2","2"
"征用民用耕","0","2","2"
"用民用耕种","0","2","2"
"民用耕种的","0","2","2"
"用耕种的田","0","2","2"
"官员各人上","0","2","2"
"吹断了树木","0","2","2"
"是懿宗皇帝","0","2","2"
"母亲惠安太","0","2","2"
"亲惠安太后","0","2","2"
"卢龙等军镇","0","2","2"
"龙等军镇节","0","2","2"
"有左右神策","0","2","2"
"宗的灵柩前","0","2","2"
"的灵柩前即","0","2","2"
"统一全国的","0","2","2"
"已故的母亲","0","2","2"
"其主帅乐彦","0","2","2"
"主帅乐彦祯","0","2","2"
"乐从训率领","0","2","2"
"为蔡州四面","0","2","2"
"贼军的势力","0","2","2"
"表示归顺朝","0","2","2"
"示归顺朝廷","0","2","2"
"陈敬王宣向","0","2","2"
"敬王宣向朝","0","2","2"
"王宣向朝廷","0","2","2"
"宣向朝廷告","0","2","2"
"向朝廷告急","0","2","2"
"韦昭度为检","0","2","2"
"昭度为检校","0","2","2"
"度为检校司","0","2","2"
"贼军占据的","0","2","2"
"刺史李罕之","0","2","2"
"军队进攻河","0","2","2"
"队进攻河阳","0","2","2"
"行营的士兵","0","2","2"
"皇上驾临延","0","2","2"
"驾临延喜门","0","2","2"
"临延喜门接","0","2","2"
"延喜门接受","0","2","2"
"门接受献俘","0","2","2"
"向皇上表示","0","2","2"
"皇上表示祝","0","2","2"
"上表示祝贺","0","2","2"
"留下来的人","0","2","2"
"没有听说过","0","2","2"
"有听说过的","0","2","2"
"被平定以后","0","2","2"
"唐朝的国运","0","2","2"
"暂署度支使","0","2","2"
"为集贤殿大","0","2","2"
"充任蔡州四","0","2","2"
"任蔡州四面","0","2","2"
"攻陷成都府","0","2","2"
"邢氵名节度","0","2","2"
"将士推举他","0","2","2"
"士推举他的","0","2","2"
"任检校太傅","0","2","2"
"三军将士推","0","2","2"
"皇上在武德","0","2","2"
"上在武德殿","0","2","2"
"宰相率领百","0","2","2"
"相率领百官","0","2","2"
"在皇上身边","0","2","2"
"举行盛大的","0","2","2"
"行盛大的典","0","2","2"
"盛大的典礼","0","2","2"
"礼法律令上","0","2","2"
"虔诚地进行","0","2","2"
"违背了礼仪","0","2","2"
"了礼仪制度","0","2","2"
"宰相杜让能","0","2","2"
"率领百官向","0","2","2"
"领百官向皇","0","2","2"
"官向皇上敬","0","2","2"
"敬献徽号为","0","2","2"
"改年号为大","0","2","2"
"的津贴钱中","0","2","2"
"武节度使朱","0","2","2"
"城内粮食断","0","2","2"
"内粮食断绝","0","2","2"
"邢氵名观察","0","2","2"
"朱全忠奉上","0","2","2"
"全忠奉上表","0","2","2"
"忠奉上表章","0","2","2"
"奉上表章说","0","2","2"
"克用派遣大","0","2","2"
"用派遣大将","0","2","2"
"的军队擒获","0","2","2"
"军队擒获了","0","2","2"
"沙陀军战败","0","2","2"
"陀军战败逃","0","2","2"
"认为不可以","0","2","2"
"宰臣杜让能","0","2","2"
"勾结在一起","0","2","2"
"依仗着朱全","0","2","2"
"仗着朱全忠","0","2","2"
"着朱全忠的","0","2","2"
"任命华州节","0","2","2"
"命华州节度","0","2","2"
"度使韩建为","0","2","2"
"为北面行营","0","2","2"
"州军人发生","0","2","2"
"的三千名士","0","2","2"
"建奉上表章","0","2","2"
"皇上派遣中","0","2","2"
"上派遣中使","0","2","2"
"兼任沧州刺","0","2","2"
"驱逐他的主","0","2","2"
"逐他的主帅","0","2","2"
"的主帅杨全","0","2","2"
"主帅杨全玫","0","2","2"
"任命扈跸都","0","2","2"
"讨伐李克用","0","2","2"
"率领两千名","0","2","2"
"押送到太原","0","2","2"
"的士兵全部","0","2","2"
"率领两万名","0","2","2"
"领两万名士","0","2","2"
"两万名士兵","0","2","2"
"族和汉族士","0","2","2"
"和汉族士兵","0","2","2"
"将领李存信","0","2","2"
"将他们击败","0","2","2"
"任鄂岳观察","0","2","2"
"职为连州刺","0","2","2"
"哪一个不是","0","2","2"
"幽州的部众","0","2","2"
"宽赦了他们","0","2","2"
"并不是不想","0","2","2"
"王统治天下","0","2","2"
"原谅他的过","0","2","2"
"蓟州的军队","0","2","2"
"大概是因为","0","2","2"
"出兵攻击敌","0","2","2"
"自然的规律","0","2","2"
"不知道这样","0","2","2"
"正当的名义","0","2","2"
"正处于困顿","0","2","2"
"处于困顿之","0","2","2"
"于困顿之中","0","2","2"
"救援朝廷的","0","2","2"
"援朝廷的军","0","2","2"
"仍然和原来","0","2","2"
"然和原来一","0","2","2"
"派兵去救援","0","2","2"
"章政事崔昭","0","2","2"
"政事崔昭纬","0","2","2"
"朱全忠因为","0","2","2"
"节度使的崔","0","2","2"
"李克用派兵","0","2","2"
"领三万名步","0","2","2"
"三万名步骑","0","2","2"
"万名步骑兵","0","2","2"
"病而不接受","0","2","2"
"李匡威再次","0","2","2"
"李克用求援","0","2","2"
"晚上才安定","0","2","2"
"华州的韩建","0","2","2"
"度支司支取","0","2","2"
"认为李茂贞","0","2","2"
"很久不颁发","0","2","2"
"再次向幽州","0","2","2"
"赵州的士卒","0","2","2"
"原军大将李","0","2","2"
"得大败而回","0","2","2"
"击败了他们","0","2","2"
"头颅传送到","0","2","2"
"李茂贞想要","0","2","2"
"的军队回到","0","2","2"
"同平章事的","0","2","2"
"当时朝臣们","0","2","2"
"皇上的命令","0","2","2"
"将食邑增加","0","2","2"
"请求朝见皇","0","2","2"
"求朝见皇上","0","2","2"
"汴州将领李","0","2","2"
"晋国公杜让","0","2","2"
"国公杜让能","0","2","2"
"知制诰陆为","0","2","2"
"结下了仇怨","0","2","2"
"全忠派遣判","0","2","2"
"忠派遣判官","0","2","2"
"判官韦震前","0","2","2"
"决定任命凤","0","2","2"
"定任命凤翔","0","2","2"
"命凤翔陇州","0","2","2"
"户李茂贞为","0","2","2"
"当时李茂贞","0","2","2"
"使钱霮为镇","0","2","2"
"钱霮为镇海","0","2","2"
"霮为镇海军","0","2","2"
"为镇海军节","0","2","2"
"屯驻在兴平","0","2","2"
"屯驻在銩稨","0","2","2"
"不战而自溃","0","2","2"
"宗驾临安福","0","2","2"
"代理中书令","0","2","2"
"理度支使郑","0","2","2"
"这是他因病","0","2","2"
"重新执掌政","0","2","2"
"新执掌政务","0","2","2"
"宣布大赦令","0","2","2"
"改年号为乾","0","2","2"
"内殿宴请他","0","2","2"
"州等十五个","0","2","2"
"州的军队在","0","2","2"
"的军队打得","0","2","2"
"军队打得大","0","2","2"
"队打得大败","0","2","2"
"州的形势危","0","2","2"
"的形势危急","0","2","2"
"太原军进攻","0","2","2"
"为湖南节度","0","2","2"
"陆为户部侍","0","2","2"
"暂时充任的","0","2","2"
"李克用攻陷","0","2","2"
"李石奚为户","0","2","2"
"石奚为户部","0","2","2"
"由御史中丞","0","2","2"
"任幽州兵马","0","2","2"
"琅笽郡王王","0","2","2"
"笽郡王王重","0","2","2"
"王重荣的儿","0","2","2"
"重荣的儿子","0","2","2"
"执掌节度留","0","2","2"
"掌节度留后","0","2","2"
"上派中使去","0","2","2"
"定任命中书","0","2","2"
"崔胤为检校","0","2","2"
"胤为检校尚","0","2","2"
"充任河中节","0","2","2"
"请求率领本","0","2","2"
"军队进行讨","0","2","2"
"队进行讨伐","0","2","2"
"赐给他节仗","0","2","2"
"韩建等各自","0","2","2"
"自率领精兵","0","2","2"
"入宫朝见皇","0","2","2"
"宫朝见皇上","0","2","2"
"不事先上奏","0","2","2"
"各赐给他们","0","2","2"
"朝臣和宦官","0","2","2"
"两千名士兵","0","2","2"
"贬职为太子","0","2","2"
"职为太子宾","0","2","2"
"陆为兵部侍","0","2","2"
"嗣薛王李知","0","2","2"
"月初八夜间","0","2","2"
"诸侯王率领","0","2","2"
"侯王率领禁","0","2","2"
"的声音震动","0","2","2"
"泾原的军队","0","2","2"
"原的军队和","0","2","2"
"到河中府去","0","2","2"
"派延王李戒","0","2","2"
"延王李戒丕","0","2","2"
"拯救国家的","0","2","2"
"皇上又下诏","0","2","2"
"充任宁四面","0","2","2"
"以河中节度","0","2","2"
"现任的官职","0","2","2"
"颁发诏令给","0","2","2"
"发诏令给予","0","2","2"
"车驾返回皇","0","2","2"
"驾返回皇宫","0","2","2"
"下诏回答说","0","2","2"
"为臣的节操","0","2","2"
"本月二十四","0","2","2"
"押奚契丹两","0","2","2"
"已故左军中","0","2","2"
"权托付给他","0","2","2"
"贬职为梧州","0","2","2"
"职为梧州司","0","2","2"
"为梧州司马","0","2","2"
"贬职为崖州","0","2","2"
"是由于这个","0","2","2"
"门接受战俘","0","2","2"
"百官在楼前","0","2","2"
"平难功臣的","0","2","2"
"难功臣的尊","0","2","2"
"李克用求救","0","2","2"
"李克用命令","0","2","2"
"一千名骑兵","0","2","2"
"命令大将李","0","2","2"
"杀死他们的","0","2","2"
"死他们的主","0","2","2"
"部众五万人","0","2","2"
"李茂贞奉上","0","2","2"
"茂贞奉上表","0","2","2"
"贞奉上表章","0","2","2"
"军进犯京师","0","2","2"
"率领禁军护","0","2","2"
"的日常生活","0","2","2"
"安抚制置使","0","2","2"
"诸道纲运使","0","2","2"
"道纲运使等","0","2","2"
"京师附近的","0","2","2"
"师附近的地","0","2","2"
"军队进犯京","0","2","2"
"队进犯京师","0","2","2"
"平章政事陆","0","2","2"
"户部的事务","0","2","2"
"说秦中有灾","0","2","2"
"请求圣驾迁","0","2","2"
"求圣驾迁都","0","2","2"
"圣驾迁都到","0","2","2"
"驾迁都到洛","0","2","2"
"九月二十八","0","2","2"
"定任命镇国","0","2","2"
"任命镇国军","0","2","2"
"商议进军的","0","2","2"
"议进军的事","0","2","2"
"驾驻跸在华","0","2","2"
"受群臣的朝","0","2","2"
"群臣的朝贺","0","2","2"
"节度使朱王","0","2","2"
"度使朱王宣","0","2","2"
"朱全忠任命","0","2","2"
"师古为郓州","0","2","2"
"投降葛从周","0","2","2"
"葛从周担任","0","2","2"
"向朱全忠表","0","2","2"
"朱全忠表示","0","2","2"
"担任礼部侍","0","2","2"
"皇上听说了","0","2","2"
"上听说了这","0","2","2"
"为皇上殿后","0","2","2"
"皇上殿后的","0","2","2"
"诸侯王侍读","0","2","2"
"因病请求辞","0","2","2"
"为右谏议大","0","2","2"
"沾湿了衣襟","0","2","2"
"和执掌枢密","0","2","2"
"枢密使事务","0","2","2"
"这都是皇上","0","2","2"
"丞狄归昌为","0","2","2"
"狄归昌为尚","0","2","2"
"归昌为尚书","0","2","2"
"定任命镇海","0","2","2"
"任命镇海军","0","2","2"
"命镇海军节","0","2","2"
"掌管贡举事","0","2","2"
"为兖州刺史","0","2","2"
"充任泰宁军","0","2","2"
"任泰宁军节","0","2","2"
"任命颍州刺","0","2","2"
"命颍州刺史","0","2","2"
"这是按朱全","0","2","2"
"是按朱全忠","0","2","2"
"按朱全忠的","0","2","2"
"忠的奏书任","0","2","2"
"的奏书任命","0","2","2"
"奏书任命的","0","2","2"
"时朱全忠在","0","2","2"
"派遣他的儿","0","2","2"
"遣他的儿子","0","2","2"
"的儿子刘守","0","2","2"
"因为册立皇","0","2","2"
"领葛从周率","0","2","2"
"率领部众进","0","2","2"
"领部众进攻","0","2","2"
"百官奉上表","0","2","2"
"官奉上表章","0","2","2"
"汴州将领氏","0","2","2"
"州将领氏叔","0","2","2"
"将领氏叔琮","0","2","2"
"左右司马改","0","2","2"
"右司马改为","0","2","2"
"司马改为少","0","2","2"
"马改为少尹","0","2","2"
"州返回京师","0","2","2"
"国军等军镇","0","2","2"
"军等军镇节","0","2","2"
"为颍川郡王","0","2","2"
"张存敬率军","0","2","2"
"向他表示忠","0","2","2"
"李克用的部","0","2","2"
"部尚书陆为","0","2","2"
"尚书陆为兵","0","2","2"
"书陆为兵部","0","2","2"
"和他们一起","0","2","2"
"到汴州去做","0","2","2"
"汴州去做人","0","2","2"
"州去做人质","0","2","2"
"士兵发生动","0","2","2"
"兵发生动乱","0","2","2"
"他的儿子朱","0","2","2"
"朱全忠派大","0","2","2"
"全忠派大将","0","2","2"
"部队屯驻在","0","2","2"
"屯驻在内黄","0","2","2"
"州军打得大","0","2","2"
"刘仁恭父子","0","2","2"
"魏州的军队","0","2","2"
"命检校司徒","0","2","2"
"朱全忠的上","0","2","2"
"全忠的上奏","0","2","2"
"忠的上奏而","0","2","2"
"的上奏而任","0","2","2"
"为陕州留后","0","2","2"
"决定任命前","0","2","2"
"纬为兵部侍","0","2","2"
"州事务的将","0","2","2"
"事务的将领","0","2","2"
"承蒙皇上的","0","2","2"
"蒙皇上的恩","0","2","2"
"皇上的恩典","0","2","2"
"州刺史朱友","0","2","2"
"刺史朱友恭","0","2","2"
"史朱友恭为","0","2","2"
"朱友恭为检","0","2","2"
"友恭为检校","0","2","2"
"是依朱全忠","0","2","2"
"决定任命武","0","2","2"
"为检校太保","0","2","2"
"奏而决定的","0","2","2"
"兼任剑南东","0","2","2"
"南东道辖区","0","2","2"
"东道辖区内","0","2","2"
"道辖区内观","0","2","2"
"水陆发运使","0","2","2"
"实封食邑一","0","2","2"
"封食邑一百","0","2","2"
"食邑一百户","0","2","2"
"实封食邑七","0","2","2"
"封食邑七百","0","2","2"
"百户李克用","0","2","2"
"任命朝请大","0","2","2"
"命朝请大夫","0","2","2"
"兼任汝州刺","0","2","2"
"充任归义军","0","2","2"
"其余官职仍","0","2","2"
"余官职仍和","0","2","2"
"官职仍和原","0","2","2"
"职仍和原来","0","2","2"
"决定扶危匡","0","2","2"
"定扶危匡国","0","2","2"
"暂掌度支事","0","2","2"
"镇的军队进","0","2","2"
"朱全忠允许","0","2","2"
"二十万匹绢","0","2","2"
"担任义武军","0","2","2"
"决定左仆射","0","2","2"
"度支使事务","0","2","2"
"旧掌管度支","0","2","2"
"决定任命保","0","2","2"
"任陕州大都","0","2","2"
"十一月初六","0","2","2"
"请求皇太子","0","2","2"
"皇太子李裕","0","2","2"
"情况自行处","0","2","2"
"况自行处置","0","2","2"
"们的情绪都","0","2","2"
"至于到这个","0","2","2"
"于到这个地","0","2","2"
"这个地步呢","0","2","2"
"皇帝和皇后","0","2","2"
"十九日夜间","0","2","2"
"决定任命孙","0","2","2"
"定任命孙德","0","2","2"
"任命孙德昭","0","2","2"
"命孙德昭为","0","2","2"
"押送到京师","0","2","2"
"把皇太子李","0","2","2"
"的心腹之人","0","2","2"
"三万名士卒","0","2","2"
"和他的哥哥","0","2","2"
"定任命朱全","0","2","2"
"任命朱全忠","0","2","2"
"命朱全忠为","0","2","2"
"朱全忠带着","0","2","2"
"全忠带着军","0","2","2"
"忠带着军队","0","2","2"
"军队大举进","0","2","2"
"万名士卒从","0","2","2"
"粮草供应不","0","2","2"
"草供应不上","0","2","2"
"皇上驾临长","0","2","2"
"上驾临长乐","0","2","2"
"改年号为天","0","2","2"
"皇上在寿春","0","2","2"
"上在寿春殿","0","2","2"
"朱全忠兼任","0","2","2"
"闰六月初一","0","2","2"
"这是朱全忠","0","2","2"
"朱全忠奏请","0","2","2"
"十月二十日","0","2","2"
"朱全忠带领","0","2","2"
"镇的军队七","0","2","2"
"军队七万人","0","2","2"
"奔窜到山谷","0","2","2"
"窜到山谷中","0","2","2"
"十一月初四","0","2","2"
"的文武百官","0","2","2"
"官在坡头迎","0","2","2"
"在坡头迎接","0","2","2"
"忠派判官李","0","2","2"
"城迎接圣驾","0","2","2"
"百户崔胤贬","0","2","2"
"户崔胤贬职","0","2","2"
"崔胤贬职为","0","2","2"
"驾驻跸在凤","0","2","2"
"朱全忠回到","0","2","2"
"率领五万人","0","2","2"
"岐州军出战","0","2","2"
"亲自率领五","0","2","2"
"偏将刘寻阝","0","2","2"
"杀死华州守","0","2","2"
"死华州守将","0","2","2"
"命令户部侍","0","2","2"
"皇上命翰林","0","2","2"
"文武百官前","0","2","2"
"皇上返回京","0","2","2"
"上的车驾离","0","2","2"
"的车驾离开","0","2","2"
"穿着素服等","0","2","2"
"上的车驾停","0","2","2"
"的车驾停驻","0","2","2"
"崔胤暂署司","0","2","2"
"铁转运使的","0","2","2"
"正月二十六","0","2","2"
"素服在太庙","0","2","2"
"服在太庙哭","0","2","2"
"赐予朱全忠","0","2","2"
"功臣的称号","0","2","2"
"又决定任命","0","2","2"
"州等州刺史","0","2","2"
"百户朱全忠","0","2","2"
"将门下侍郎","0","2","2"
"州节度使的","0","2","2"
"公主抵达京","0","2","2"
"主抵达京师","0","2","2"
"个军镇的军","0","2","2"
"朱全忠的大","0","2","2"
"北庭行军使","0","2","2"
"实际上并没","0","2","2"
"际上并没有","0","2","2"
"占据了城池","0","2","2"
"军屯驻在河","0","2","2"
"屯驻在河中","0","2","2"
"初一为丁卯","0","2","2"
"一为丁卯日","0","2","2"
"十二月三十","0","2","2"
"贬职为循州","0","2","2"
"职为循州司","0","2","2"
"为循州司户","0","2","2"
"偏将寇彦卿","0","2","2"
"都没有停止","0","2","2"
"落到这个地","0","2","2"
"四月二十八","0","2","2"
"朱全忠认为","0","2","2"
"他们全部除","0","2","2"
"州的士兵作","0","2","2"
"驾临光政门","0","2","2"
"有的是为了","0","2","2"
"齐心协力地","0","2","2"
"四镇的军队","0","2","2"
"建立了朝廷","0","2","2"
"既已广布恩","0","2","2"
"殿宴请百官","0","2","2"
"不能说没有","0","2","2"
"署理太子少","0","2","2"
"为太常寺少","0","2","2"
"朱全忠从汴","0","2","2"
"定任命中大","0","2","2"
"任命中大夫","0","2","2"
"为礼部郎中","0","2","2"
"王朱全忠的","0","2","2"
"初一为壬辰","0","2","2"
"一为壬辰日","0","2","2"
"龙武统军朱","0","2","2"
"武统军朱友","0","2","2"
"统军朱友恭","0","2","2"
"使蒋玄晖在","0","2","2"
"有紧急情况","0","2","2"
"对蒋玄晖说","0","2","2"
"群臣敬奉谥","0","2","2"
"臣敬奉谥号","0","2","2"
"敬奉谥号为","0","2","2"
"谥号为圣穆","0","2","2"
"号为圣穆景","0","2","2"
"为圣穆景文","0","2","2"
"我们的国家","0","2","2"
"应当表现在","0","2","2"
"署河南尹的","0","2","2"
"从河中来朝","0","2","2"
"河中来朝见","0","2","2"
"后在崇勋殿","0","2","2"
"与皇上谈话","0","2","2"
"贬谪到远方","0","2","2"
"张全义以本","0","2","2"
"晋封为开国","0","2","2"
"一个儿子授","0","2","2"
"个儿子授予","0","2","2"
"儿子授予正","0","2","2"
"子授予正八","0","2","2"
"授予正八品","0","2","2"
"予正八品官","0","2","2"
"一月二十九","0","2","2"
"和王太傅张","0","2","2"
"王太傅张廷","0","2","2"
"州军州事务","0","2","2"
"天二年正月","0","2","2"
"杨行密占领","0","2","2"
"先皇的灵柩","0","2","2"
"诏令交付给","0","2","2"
"任命检校左","0","2","2"
"本月十一日","0","2","2"
"皇帝安葬在","0","2","2"
"担任刑部尚","0","2","2"
"昭宗的神位","0","2","2"
"本月十二日","0","2","2"
"升格为赤县","0","2","2"
"白马驿被杀","0","2","2"
"并兼任兖州","0","2","2"
"一个儿子正","0","2","2"
"先皇陵墓效","0","2","2"
"皇陵墓效劳","0","2","2"
"陵墓效劳的","0","2","2"
"墓效劳的酬","0","2","2"
"效劳的酬劳","0","2","2"
"从本月八日","0","2","2"
"日常饮食费","0","2","2"
"常饮食费用","0","2","2"
"舍人卢仁炯","0","2","2"
"侍奉母亲的","0","2","2"
"本月二十五","0","2","2"
"月十六日夜","0","2","2"
"彗星起于北","0","2","2"
"任命的官员","0","2","2"
"三次考选后","0","2","2"
"囚禁的犯人","0","2","2"
"无论罪轻罪","0","2","2"
"论罪轻罪重","0","2","2"
"三天之内清","0","2","2"
"回避在正殿","0","2","2"
"避在正殿接","0","2","2"
"受群臣朝拜","0","2","2"
"抽取除陌钱","0","2","2"
"文抵当一百","0","2","2"
"抵当一百文","0","2","2"
"四月三十日","0","2","2"
"近来因为宦","0","2","2"
"来因为宦官","0","2","2"
"月一日以后","0","2","2"
"确定不移的","0","2","2"
"定不移的制","0","2","2"
"不移的制度","0","2","2"
"受百官朝拜","0","2","2"
"每月初一的","0","2","2"
"应当暂时停","0","2","2"
"当暂时停止","0","2","2"
"因为星象变","0","2","2"
"命太常卿张","0","2","2"
"张廷范充任","0","2","2"
"今年十月九","0","2","2"
"月九日在郊","0","2","2"
"九日在郊外","0","2","2"
"日在郊外的","0","2","2"
"在郊外的山","0","2","2"
"郊外的山陵","0","2","2"
"外的山陵举","0","2","2"
"的山陵举行","0","2","2"
"山陵举行祭","0","2","2"
"崇高的地位","0","2","2"
"引起人们的","0","2","2"
"可谪授为朝","0","2","2"
"谪授为朝散","0","2","2"
"降职为密州","0","2","2"
"降职为淄州","0","2","2"
"司天监奏报","0","2","2"
"降职为和王","0","2","2"
"全义上奏说","0","2","2"
"任范县县尉","0","2","2"
"已经被贬谪","0","2","2"
"经被贬谪到","0","2","2"
"委任御史台","0","2","2"
"们所在的州","0","2","2"
"所在的州县","0","2","2"
"经过的州县","0","2","2"
"他们自己的","0","2","2"
"降职为登州","0","2","2"
"因为他们都","0","2","2"
"为他们都是","0","2","2"
"皇上颁发诏","0","2","2"
"上颁发诏令","0","2","2"
"的敕令处理","0","2","2"
"皇上乘车到","0","2","2"
"礼院上奏说","0","2","2"
"我以渺小之","0","2","2"
"以渺小之身","0","2","2"
"凡是关系到","0","2","2"
"宗庙的仪式","0","2","2"
"书令的职务","0","2","2"
"京朝见皇上","0","2","2"
"封为郡夫人","0","2","2"
"当时朝廷的","0","2","2"
"商量的意见","0","2","2"
"用来供给军","0","2","2"
"则不在此限","0","2","2"
"宗庙的称号","0","2","2"
"朱全忠对他","0","2","2"
"相以下的官","0","2","2"
"官员在南郊","0","2","2"
"员在南郊祭","0","2","2"
"本月十九日","0","2","2"
"旧充任诸道","0","2","2"
"十一月十八","0","2","2"
"一月十八日","0","2","2"
"慰劳朱全忠","0","2","2"
"十二月初十","0","2","2"
"传达我的意","0","2","2"
"仔细告诉他","0","2","2"
"河南府处死","0","2","2"
"命令他们全","0","2","2"
"日开启延英","0","2","2"
"开启延英阁","0","2","2"
"延英阁发布","0","2","2"
"英阁发布一","0","2","2"
"阁发布一次","0","2","2"
"发布一次诏","0","2","2"
"布一次诏令","0","2","2"
"坐朝的日子","0","2","2"
"委托河南府","0","2","2"
"托河南府在","0","2","2"
"河南府在都","0","2","2"
"结为生死之","0","2","2"
"为生死之交","0","2","2"
"皇太后的丧","0","2","2"
"太后的丧事","0","2","2"
"后的丧事而","0","2","2"
"以向天下谢","0","2","2"
"向天下谢罪","0","2","2"
"以幼小的年","0","2","2"
"幼小的年龄","0","2","2"
"亲自拜谒宗","0","2","2"
"自拜谒宗庙","0","2","2"
"前一个辛日","0","2","2"
"委托御史台","0","2","2"
"罗绍威杀死","0","2","2"
"行册封之礼","0","2","2"
"录取的进士","0","2","2"
"降职为崖州","0","2","2"
"随即令其自","0","2","2"
"即令其自尽","0","2","2"
"忠义军职额","0","2","2"
"决定任命京","0","2","2"
"朝廷的正衙","0","2","2"
"文武两班官","0","2","2"
"武两班官员","0","2","2"
"朝见皇上的","0","2","2"
"闰十二月十","0","2","2"
"复为华州刺","0","2","2"
"仍旧隶属于","0","2","2"
"应当隶属于","0","2","2"
"派御史大夫","0","2","2"
"取代唐朝的","0","2","2"
"于是下诏给","0","2","2"
"及文武百官","0","2","2"
"亿万百姓的","0","2","2"
"体察我的心","0","2","2"
"察我的心意","0","2","2"
"平章政事张","0","2","2"
"平章政事杨","0","2","2"
"恭敬地承受","0","2","2"
"上车驾到泰","0","2","2"
"车驾到泰山","0","2","2"
"驾到泰山顿","0","2","2"
"这天皇上在","0","2","2"
"天皇上在封","0","2","2"
"皇上在封祀","0","2","2"
"上在封祀坛","0","2","2"
"在封祀坛亲","0","2","2"
"封祀坛亲自","0","2","2"
"祀坛亲自祭","0","2","2"
"坛亲自祭祀","0","2","2"
"亲自祭祀昊","0","2","2"
"自祭祀昊天","0","2","2"
"太宗附带在","0","2","2"
"宗附带在泰","0","2","2"
"附带在泰山","0","2","2"
"带在泰山祭","0","2","2"
"皇上登山行","0","2","2"
"上登山行封","0","2","2"
"登山行封禅","0","2","2"
"山行封禅祭","0","2","2"
"行封禅祭天","0","2","2"
"封禅祭天地","0","2","2"
"禅祭天地之","0","2","2"
"祭天地之大","0","2","2"
"天地之大礼","0","2","2"
"在社首祭天","0","2","2"
"以太穆太皇","0","2","2"
"德皇太后附","0","2","2"
"皇太后附带","0","2","2"
"太后附带祭","0","2","2"
"后附带祭祀","0","2","2"
"皇后为第二","0","2","2"
"后为第二次","0","2","2"
"为第二次祭","0","2","2"
"第二次祭奠","0","2","2"
"二次祭奠献","0","2","2"
"太妃燕氏为","0","2","2"
"妃燕氏为第","0","2","2"
"燕氏为第三","0","2","2"
"氏为第三次","0","2","2"
"为第三次祭","0","2","2"
"第三次祭奠","0","2","2"
"三次祭奠献","0","2","2"
"皇上驾到封","0","2","2"
"上驾到封禅","0","2","2"
"驾到封禅祭","0","2","2"
"到封禅祭祀","0","2","2"
"封禅祭祀坛","0","2","2"
"上驾到朝觐","0","2","2"
"驾到朝觐坛","0","2","2"
"到朝觐坛接","0","2","2"
"朝觐坛接受","0","2","2"
"觐坛接受朝","0","2","2"
"坛接受朝贺","0","2","2"
"接受朝贺改","0","2","2"
"受朝贺改麟","0","2","2"
"朝贺改麟德","0","2","2"
"贺改麟德三","0","2","2"
"麟德三年为","0","2","2"
"三年为乾封","0","2","2"
"年为乾封元","0","2","2"
"为乾封元年","0","2","2"
"所有随从文","0","2","2"
"有随从文武","0","2","2"
"随从文武官","0","2","2"
"从文武官员","0","2","2"
"文武官员以","0","2","2"
"武官员以及","0","2","2"
"官员以及朝","0","2","2"
"员以及朝拜","0","2","2"
"以及朝拜皇","0","2","2"
"及朝拜皇上","0","2","2"
"朝拜皇上的","0","2","2"
"拜皇上的各","0","2","2"
"皇上的各州","0","2","2"
"上的各州郡","0","2","2"
"的各州郡之","0","2","2"
"各州郡之长","0","2","2"
"州郡之长官","0","2","2"
"辞官之老人","0","2","2"
"官之老人初","0","2","2"
"之老人初一","0","2","2"
"十五朝拜者","0","2","2"
"官员赐爵二","0","2","2"
"员赐爵二等","0","2","2"
"七品以上加","0","2","2"
"八品以下加","0","2","2"
"所有老人百","0","2","2"
"有老人百岁","0","2","2"
"老人百岁以","0","2","2"
"人百岁以上","0","2","2"
"百岁以上授","0","2","2"
"岁以上授予","0","2","2"
"以上授予下","0","2","2"
"上授予下等","0","2","2"
"下等州郡刺","0","2","2"
"等州郡刺史","0","2","2"
"州郡刺史的","0","2","2"
"郡刺史的职","0","2","2"
"女人则授予","0","2","2"
"人则授予郡","0","2","2"
"则授予郡君","0","2","2"
"授予郡君的","0","2","2"
"予郡君的封","0","2","2"
"郡君的封号","0","2","2"
"八十岁授予","0","2","2"
"十岁授予节","0","2","2"
"岁授予节级","0","2","2"
"授予节级职","0","2","2"
"予节级职衔","0","2","2"
"齐州免除赋","0","2","2"
"州免除赋税","0","2","2"
"赋税一年半","0","2","2"
"管山岳之县","0","2","2"
"山岳之县免","0","2","2"
"岳之县免除","0","2","2"
"之县免除租","0","2","2"
"县免除租税","0","2","2"
"免除租税二","0","2","2"
"除租税二年","0","2","2"
"皇上经历之","0","2","2"
"上经历之处","0","2","2"
"不再出今年","0","2","2"
"再出今年租","0","2","2"
"出今年租赋","0","2","2"
"正月五日以","0","2","2"
"月五日以前","0","2","2"
"赐大宴七天","0","2","2"
"赐臣下物品","0","2","2"
"臣下物品各","0","2","2"
"下物品各有","0","2","2"
"直到日光过","0","2","2"
"到日光过午","0","2","2"
"日光过午才","0","2","2"
"光过午才罢","0","2","2"
"太子弘设宴","0","2","2"
"子弘设宴会","0","2","2"
"因为先前太","0","2","2"
"为先前太子","0","2","2"
"先前太子恩","0","2","2"
"前太子恩情","0","2","2"
"太子恩情太","0","2","2"
"子恩情太薄","0","2","2"
"所以普遍晋","0","2","2"
"以普遍晋爵","0","2","2"
"普遍晋爵位","0","2","2"
"遍晋爵位及","0","2","2"
"晋爵位及晋","0","2","2"
"爵位及晋阶","0","2","2"
"位及晋阶晋","0","2","2"
"及晋阶晋级","0","2","2"
"兖州界设置","0","2","2"
"州界设置紫","0","2","2"
"界设置紫云","0","2","2"
"设置紫云观","0","2","2"
"设置封峦寺","0","2","2"
"各州设置观","0","2","2"
"皇上从泰山","0","2","2"
"上从泰山出","0","2","2"
"从泰山出发","0","2","2"
"时驻扎在曲","0","2","2"
"驻扎在曲阜","0","2","2"
"扎在曲阜县","0","2","2"
"驾到孔子庙","0","2","2"
"追赠孔子为","0","2","2"
"赠孔子为太","0","2","2"
"孔子为太师","0","2","2"
"增加修缮祠","0","2","2"
"加修缮祠堂","0","2","2"
"修缮祠堂庙","0","2","2"
"缮祠堂庙宇","0","2","2"
"孔子后代褒","0","2","2"
"子后代褒圣","0","2","2"
"后代褒圣侯","0","2","2"
"代褒圣侯德","0","2","2"
"圣侯德伦的","0","2","2"
"侯德伦的子","0","2","2"
"德伦的子孙","0","2","2"
"都免除赋税","0","2","2"
"临时驻扎亳","0","2","2"
"时驻扎亳州","0","2","2"
"驾到老君庙","0","2","2"
"追赠称号为","0","2","2"
"赠称号为太","0","2","2"
"称号为太上","0","2","2"
"号为太上玄","0","2","2"
"老君庙设置","0","2","2"
"君庙设置令","0","2","2"
"改谷阳县为","0","2","2"
"谷阳县为真","0","2","2"
"阳县为真源","0","2","2"
"县为真源县","0","2","2"
"县内李老君","0","2","2"
"内李老君宗","0","2","2"
"李老君宗姓","0","2","2"
"老君宗姓特","0","2","2"
"君宗姓特别","0","2","2"
"宗姓特别免","0","2","2"
"姓特别免除","0","2","2"
"特别免除赋","0","2","2"
"别免除赋税","0","2","2"
"车驾从泰山","0","2","2"
"驾从泰山来","0","2","2"
"先谒见太庙","0","2","2"
"谒见太庙而","0","2","2"
"见太庙而后","0","2","2"
"太庙而后进","0","2","2"
"庙而后进入","0","2","2"
"而后进入皇","0","2","2"
"后进入皇宫","0","2","2"
"兼检校左相","0","2","2"
"男窦德玄去","0","2","2"
"窦德玄去世","0","2","2"
"二人又改姓","0","2","2"
"人又改姓为","0","2","2"
"又改姓为蝮","0","2","2"
"改姓为蝮氏","0","2","2"
"以讨伐高丽","0","2","2"
"去年冬天到","0","2","2"
"年冬天到这","0","2","2"
"冬天到这个","0","2","2"
"天到这个月","0","2","2"
"到这个月无","0","2","2"
"这个月无雨","0","2","2"
"个月无雨无","0","2","2"
"月无雨无雪","0","2","2"
"减少膳食亲","0","2","2"
"少膳食亲自","0","2","2"
"膳食亲自审","0","2","2"
"食亲自审讯","0","2","2"
"亲自审讯并","0","2","2"
"自审讯并记","0","2","2"
"讯并记录囚","0","2","2"
"不再用乾封","0","2","2"
"再用乾封钱","0","2","2"
"重新通行开","0","2","2"
"新通行开元","0","2","2"
"涪陵郡王忄","0","2","2"
"陵郡王忄音","0","2","2"
"郡王忄音去","0","2","2"
"王忄音去世","0","2","2"
"郎李安期外","0","2","2"
"李安期外放","0","2","2"
"安期外放为","0","2","2"
"期外放为荆","0","2","2"
"外放为荆州","0","2","2"
"放为荆州大","0","2","2"
"以右相刘仁","0","2","2"
"相刘仁轨为","0","2","2"
"刘仁轨为辽","0","2","2"
"仁轨为辽东","0","2","2"
"轨为辽东道","0","2","2"
"为辽东道副","0","2","2"
"辽东道打败","0","2","2"
"东道打败薛","0","2","2"
"道打败薛贺","0","2","2"
"打败薛贺水","0","2","2"
"败薛贺水五","0","2","2"
"在阵上斩敌","0","2","2"
"阵上斩敌人","0","2","2"
"上斩敌人首","0","2","2"
"首级五千多","0","2","2"
"级五千多个","0","2","2"
"活捉三万多","0","2","2"
"捉三万多人","0","2","2"
"军器刀矛弓","0","2","2"
"器刀矛弓箭","0","2","2"
"刀矛弓箭缴","0","2","2"
"矛弓箭缴获","0","2","2"
"弓箭缴获不","0","2","2"
"箭缴获不可","0","2","2"
"缴获不可胜","0","2","2"
"获不可胜计","0","2","2"
"因为明堂制","0","2","2"
"为明堂制度","0","2","2"
"制度历代不","0","2","2"
"度历代不同","0","2","2"
"愈加讹误错","0","2","2"
"加讹误错乱","0","2","2"
"于是对古代","0","2","2"
"是对古代明","0","2","2"
"对古代明堂","0","2","2"
"古代明堂制","0","2","2"
"代明堂制度","0","2","2"
"明堂制度加","0","2","2"
"堂制度加以","0","2","2"
"制度加以增","0","2","2"
"度加以增加","0","2","2"
"加以增加或","0","2","2"
"以增加或减","0","2","2"
"增加或减少","0","2","2"
"重新制定明","0","2","2"
"新制定明堂","0","2","2"
"制定明堂制","0","2","2"
"定明堂制度","0","2","2"
"万年两县而","0","2","2"
"年两县而设","0","2","2"
"两县而设置","0","2","2"
"县而设置乾","0","2","2"
"而设置乾封","0","2","2"
"在京城之中","0","2","2"
"京城之中分","0","2","2"
"城之中分别","0","2","2"
"之中分别治","0","2","2"
"中分别治理","0","2","2"
"太子弘在国","0","2","2"
"子弘在国学","0","2","2"
"弘在国学陈","0","2","2"
"在国学陈设","0","2","2"
"国学陈设酒","0","2","2"
"学陈设酒食","0","2","2"
"赠颜回为太","0","2","2"
"颜回为太子","0","2","2"
"回为太子少","0","2","2"
"曾参为太子","0","2","2"
"参为太子少","0","2","2"
"星出现于毕","0","2","2"
"出现于毕星","0","2","2"
"现于毕星与","0","2","2"
"于毕星与昴","0","2","2"
"毕星与昴星","0","2","2"
"星与昴星之","0","2","2"
"与昴星之间","0","2","2"
"诏命内外郡","0","2","2"
"命内外郡官","0","2","2"
"内外郡官各","0","2","2"
"外郡官各个","0","2","2"
"郡官各个奉","0","2","2"
"官各个奉上","0","2","2"
"各个奉上封","0","2","2"
"个奉上封章","0","2","2"
"量陈述朝廷","0","2","2"
"陈述朝廷过","0","2","2"
"述朝廷过失","0","2","2"
"于是群臣上","0","2","2"
"是群臣上言","0","2","2"
"星虽然是彗","0","2","2"
"虽然是彗星","0","2","2"
"然是彗星然","0","2","2"
"是彗星然而","0","2","2"
"彗星然而光","0","2","2"
"星然而光芒","0","2","2"
"然而光芒很","0","2","2"
"而光芒很小","0","2","2"
"不是国家的","0","2","2"
"是国家的灾","0","2","2"
"国家的灾祸","0","2","2"
"不值得皇上","0","2","2"
"值得皇上辛","0","2","2"
"得皇上辛勤","0","2","2"
"皇上辛勤忧","0","2","2"
"上辛勤忧虑","0","2","2"
"请皇上驾到","0","2","2"
"皇上驾到正","0","2","2"
"上驾到正殿","0","2","2"
"恢复正常的","0","2","2"
"复正常的膳","0","2","2"
"正常的膳食","0","2","2"
"我获得宗庙","0","2","2"
"获得宗庙社","0","2","2"
"得宗庙社稷","0","2","2"
"统治亿万百","0","2","2"
"治亿万百姓","0","2","2"
"被上天所谴","0","2","2"
"上天所谴责","0","2","2"
"告诫我德行","0","2","2"
"诫我德行不","0","2","2"
"我德行不好","0","2","2"
"我应当责备","0","2","2"
"应当责备自","0","2","2"
"当责备自己","0","2","2"
"责备自己修","0","2","2"
"备自己修养","0","2","2"
"自己修养德","0","2","2"
"己修养德行","0","2","2"
"修养德行而","0","2","2"
"养德行而来","0","2","2"
"德行而来祈","0","2","2"
"行而来祈祷","0","2","2"
"而来祈祷消","0","2","2"
"来祈祷消除","0","2","2"
"祈祷消除灾","0","2","2"
"祷消除灾祸","0","2","2"
"群臣再次进","0","2","2"
"臣再次进言","0","2","2"
"再次进言道","0","2","2"
"出现在东北","0","2","2"
"这是高丽将","0","2","2"
"是高丽将被","0","2","2"
"高丽将被消","0","2","2"
"丽将被消灭","0","2","2"
"将被消灭的","0","2","2"
"被消灭的征","0","2","2"
"消灭的征兆","0","2","2"
"就是我的百","0","2","2"
"是我的百姓","0","2","2"
"既然成为万","0","2","2"
"然成为万国","0","2","2"
"成为万国之","0","2","2"
"为万国之主","0","2","2"
"难道可以把","0","2","2"
"道可以把过","0","2","2"
"可以把过错","0","2","2"
"以把过错推","0","2","2"
"把过错推卸","0","2","2"
"过错推卸给","0","2","2"
"错推卸给小","0","2","2"
"推卸给小小","0","2","2"
"卸给小小的","0","2","2"
"给小小的外","0","2","2"
"小小的外邦","0","2","2"
"小的外邦国","0","2","2"
"的外邦国家","0","2","2"
"群臣的请求","0","2","2"
"侍郎杨武去","0","2","2"
"郎杨武去世","0","2","2"
"公李责力破","0","2","2"
"李责力破高","0","2","2"
"责力破高丽","0","2","2"
"攻克平壤城","0","2","2"
"活捉高丽王","0","2","2"
"捉高丽王高","0","2","2"
"王高藏及其","0","2","2"
"高藏及其大","0","2","2"
"藏及其大臣","0","2","2"
"及其大臣男","0","2","2"
"其大臣男建","0","2","2"
"臣男建等人","0","2","2"
"男建等人回","0","2","2"
"建等人回朝","0","2","2"
"高丽境内全","0","2","2"
"丽境内全部","0","2","2"
"境内全部投","0","2","2"
"内全部投降","0","2","2"
"投降城一百","0","2","2"
"降城一百七","0","2","2"
"一百七十个","0","2","2"
"九万七千户","0","2","2"
"以高丽之地","0","2","2"
"高丽之地为","0","2","2"
"丽之地为安","0","2","2"
"之地为安东","0","2","2"
"地为安东都","0","2","2"
"分别设置四","0","2","2"
"别设置四十","0","2","2"
"设置四十二","0","2","2"
"置四十二个","0","2","2"
"四十二个州","0","2","2"
"封诸王正妻","0","2","2"
"诸王正妻之","0","2","2"
"王正妻之子","0","2","2"
"正妻之子都","0","2","2"
"妻之子都为","0","2","2"
"之子都为郡","0","2","2"
"子都为郡王","0","2","2"
"西台三品兼","0","2","2"
"台三品兼主","0","2","2"
"三品兼主管","0","2","2"
"品兼主管左","0","2","2"
"主管左史事","0","2","2"
"管左史事张","0","2","2"
"史事张文馞","0","2","2"
"事张文馞可","0","2","2"
"张文馞可于","0","2","2"
"文馞可于姓","0","2","2"
"馞可于姓名","0","2","2"
"于姓名前书","0","2","2"
"姓名前书衔","0","2","2"
"才开始进入","0","2","2"
"开始进入三","0","2","2"
"始进入三品","0","2","2"
"进入三品职","0","2","2"
"入三品职衔","0","2","2"
"皇后亲自祭","0","2","2"
"后亲自祭祀","0","2","2"
"亲自祭祀先","0","2","2"
"自祭祀先蚕","0","2","2"
"以鼓励蚕桑","0","2","2"
"把高丽二万","0","2","2"
"高丽二万八","0","2","2"
"丽二万八千","0","2","2"
"八千二百户","0","2","2"
"一千零八十","0","2","2"
"千零八十乘","0","2","2"
"零八十乘车","0","2","2"
"千三百头牛","0","2","2"
"千九百匹马","0","2","2"
"六十头骆驼","0","2","2"
"转移到内地","0","2","2"
"营二州依次","0","2","2"
"二州依次转","0","2","2"
"州依次转移","0","2","2"
"依次转移发","0","2","2"
"次转移发遣","0","2","2"
"按数量分配","0","2","2"
"数量分配到","0","2","2"
"量分配到江","0","2","2"
"淮以南以及","0","2","2"
"以南以及山","0","2","2"
"南以及山南","0","2","2"
"凉以西各州","0","2","2"
"以西各州空","0","2","2"
"西各州空闲","0","2","2"
"各州空闲之","0","2","2"
"州空闲之处","0","2","2"
"空闲之处安","0","2","2"
"闲之处安置","0","2","2"
"括州大风大","0","2","2"
"州大风大雨","0","2","2"
"海水泛滥猛","0","2","2"
"泛滥猛涨淹","0","2","2"
"滥猛涨淹了","0","2","2"
"猛涨淹了永","0","2","2"
"涨淹了永嘉","0","2","2"
"走了百姓住","0","2","2"
"了百姓住宅","0","2","2"
"百姓住宅六","0","2","2"
"姓住宅六千","0","2","2"
"住宅六千八","0","2","2"
"淹死人九千","0","2","2"
"死人九千零","0","2","2"
"人九千零七","0","2","2"
"九千零七十","0","2","2"
"千零七十人","0","2","2"
"损害田苗四","0","2","2"
"害田苗四千","0","2","2"
"漂走冲坏民","0","2","2"
"走冲坏民房","0","2","2"
"冲坏民房数","0","2","2"
"坏民房数千","0","2","2"
"民房数千家","0","2","2"
"遂等十九州","0","2","2"
"等十九州干","0","2","2"
"十九州干旱","0","2","2"
"百姓困乏断","0","2","2"
"姓困乏断粮","0","2","2"
"总计三十六","0","2","2"
"计三十六万","0","2","2"
"派司珍大夫","0","2","2"
"夫路励行慰","0","2","2"
"路励行慰问","0","2","2"
"励行慰问赈","0","2","2"
"行慰问赈贷","0","2","2"
"大都督府上","0","2","2"
"都督府上奏","0","2","2"
"从六月十三","0","2","2"
"到二十日水","0","2","2"
"当夜降雨水","0","2","2"
"夜降雨水深","0","2","2"
"降雨水深一","0","2","2"
"雨水深一丈","0","2","2"
"水深一丈以","0","2","2"
"深一丈以上","0","2","2"
"冲坏房屋一","0","2","2"
"坏房屋一万","0","2","2"
"房屋一万四","0","2","2"
"破坏田四千","0","2","2"
"坏田四千四","0","2","2"
"派右卫大将","0","2","2"
"必何力为驾","0","2","2"
"何力为驾海","0","2","2"
"力为驾海道","0","2","2"
"为驾海道行","0","2","2"
"都护府为安","0","2","2"
"护府为安北","0","2","2"
"府为安北都","0","2","2"
"为安北都护","0","2","2"
"从九成宫出","0","2","2"
"九成宫出发","0","2","2"
"停在华林顿","0","2","2"
"在岐州大检","0","2","2"
"岐州大检阅","0","2","2"
"高祖开始在","0","2","2"
"祖开始在隋","0","2","2"
"开始在隋朝","0","2","2"
"始在隋朝做","0","2","2"
"任扶风太守","0","2","2"
"所以因这一","0","2","2"
"以因这一特","0","2","2"
"情况赦免岐","0","2","2"
"况赦免岐州","0","2","2"
"赦免岐州管","0","2","2"
"免岐州管辖","0","2","2"
"岐州管辖内","0","2","2"
"州管辖内囚","0","2","2"
"管辖内囚徒","0","2","2"
"高祖时在官","0","2","2"
"祖时在官府","0","2","2"
"时在官府中","0","2","2"
"在官府中办","0","2","2"
"官府中办文","0","2","2"
"府中办文书","0","2","2"
"中办文书的","0","2","2"
"办文书的小","0","2","2"
"文书的小官","0","2","2"
"书的小官是","0","2","2"
"的小官是根","0","2","2"
"小官是根据","0","2","2"
"官是根据才","0","2","2"
"是根据才干","0","2","2"
"根据才干提","0","2","2"
"据才干提拔","0","2","2"
"才干提拔任","0","2","2"
"干提拔任用","0","2","2"
"提拔任用的","0","2","2"
"赐给高年人","0","2","2"
"给高年人衣","0","2","2"
"高年人衣物","0","2","2"
"年人衣物粮","0","2","2"
"人衣物粮食","0","2","2"
"衣物粮食布","0","2","2"
"物粮食布匹","0","2","2"
"粮食布匹绸","0","2","2"
"食布匹绸缎","0","2","2"
"冬十月十二","0","2","2"
"征调九州的","0","2","2"
"调九州的夫","0","2","2"
"九州的夫役","0","2","2"
"转运调拨太","0","2","2"
"运调拨太原","0","2","2"
"调拨太原仓","0","2","2"
"拨太原仓米","0","2","2"
"太原仓米粮","0","2","2"
"原仓米粮入","0","2","2"
"仓米粮入京","0","2","2"
"米粮入京师","0","2","2"
"迁徙改封豫","0","2","2"
"徙改封豫王","0","2","2"
"改封豫王旭","0","2","2"
"豫王旭轮为","0","2","2"
"王旭轮为冀","0","2","2"
"旭轮为冀王","0","2","2"
"仍然令他单","0","2","2"
"然令他单名","0","2","2"
"令他单名为","0","2","2"
"他单名为轮","0","2","2"
"公李责力去","0","2","2"
"李责力去世","0","2","2"
"男刘仁轨辞","0","2","2"
"刘仁轨辞去","0","2","2"
"仁轨辞去官","0","2","2"
"轨辞去官职","0","2","2"
"把辽东地列","0","2","2"
"辽东地列为","0","2","2"
"东地列为州","0","2","2"
"地列为州县","0","2","2"
"向名山大川","0","2","2"
"名山大川祈","0","2","2"
"山大川祈祷","0","2","2"
"大川祈祷求","0","2","2"
"川祈祷求福","0","2","2"
"日光出来如","0","2","2"
"光出来如赭","0","2","2"
"出来如赭红","0","2","2"
"来如赭红色","0","2","2"
"改元为咸亨","0","2","2"
"元为咸亨元","0","2","2"
"为咸亨元年","0","2","2"
"改蓬莱宫为","0","2","2"
"蓬莱宫为含","0","2","2"
"莱宫为含元","0","2","2"
"宫为含元殿","0","2","2"
"品许敬宗辞","0","2","2"
"许敬宗辞官","0","2","2"
"吐蕃入侵并","0","2","2"
"蕃入侵并攻","0","2","2"
"入侵并攻陷","0","2","2"
"侵并攻陷白","0","2","2"
"并攻陷白州","0","2","2"
"攻陷白州等","0","2","2"
"陷白州等十","0","2","2"
"白州等十八","0","2","2"
"州等十八州","0","2","2"
"又与于阗之","0","2","2"
"与于阗之众","0","2","2"
"于阗之众纠","0","2","2"
"阗之众纠合","0","2","2"
"之众纠合偷","0","2","2"
"众纠合偷袭","0","2","2"
"纠合偷袭龟","0","2","2"
"合偷袭龟兹","0","2","2"
"偷袭龟兹拨","0","2","2"
"撤掉安西四","0","2","2"
"掉安西四镇","0","2","2"
"雍州下大雨","0","2","2"
"州下大雨下","0","2","2"
"下大雨下冰","0","2","2"
"大雨下冰雹","0","2","2"
"各州县孔子","0","2","2"
"孔子庙堂及","0","2","2"
"子庙堂及学","0","2","2"
"庙堂及学馆","0","2","2"
"堂及学馆有","0","2","2"
"及学馆有被","0","2","2"
"学馆有被破","0","2","2"
"馆有被破坏","0","2","2"
"有被破坏并","0","2","2"
"被破坏并且","0","2","2"
"破坏并且先","0","2","2"
"坏并且先前","0","2","2"
"并且先前未","0","2","2"
"且先前未建","0","2","2"
"先前未建造","0","2","2"
"前未建造的","0","2","2"
"未建造的地","0","2","2"
"建造的地方","0","2","2"
"以致使生员","0","2","2"
"致使生员没","0","2","2"
"使生员没有","0","2","2"
"生员没有学","0","2","2"
"员没有学习","0","2","2"
"没有学习的","0","2","2"
"有学习的场","0","2","2"
"学习的场所","0","2","2"
"对先圣先师","0","2","2"
"先圣先师缺","0","2","2"
"圣先师缺乏","0","2","2"
"先师缺乏祭","0","2","2"
"师缺乏祭奠","0","2","2"
"缺乏祭奠之","0","2","2"
"乏祭奠之礼","0","2","2"
"祭奠之礼仪","0","2","2"
"长久使先圣","0","2","2"
"久使先圣先","0","2","2"
"使先圣先师","0","2","2"
"先圣先师飘","0","2","2"
"圣先师飘零","0","2","2"
"先师飘零暴","0","2","2"
"师飘零暴露","0","2","2"
"确实不是尊","0","2","2"
"实不是尊敬","0","2","2"
"不是尊敬之","0","2","2"
"是尊敬之根","0","2","2"
"尊敬之根本","0","2","2"
"有关官员从","0","2","2"
"关官员从速","0","2","2"
"官员从速进","0","2","2"
"员从速进行","0","2","2"
"从速进行营","0","2","2"
"速进行营造","0","2","2"
"前两台侍郎","0","2","2"
"两台侍郎李","0","2","2"
"郎李敬玄恢","0","2","2"
"李敬玄恢复","0","2","2"
"敬玄恢复本","0","2","2"
"玄恢复本职","0","2","2"
"仍然依照原","0","2","2"
"然依照原来","0","2","2"
"照原来的同","0","2","2"
"原来的同东","0","2","2"
"来的同东西","0","2","2"
"的同东西台","0","2","2"
"郭待封到大","0","2","2"
"待封到大非","0","2","2"
"封到大非川","0","2","2"
"被吐蕃大将","0","2","2"
"论钦陵所偷","0","2","2"
"钦陵所偷袭","0","2","2"
"郭待封都获","0","2","2"
"待封都获罪","0","2","2"
"封都获罪而","0","2","2"
"都获罪而被","0","2","2"
"获罪而被除","0","2","2"
"罪而被除去","0","2","2"
"而被除去名","0","2","2"
"谷浑全国失","0","2","2"
"浑全国失陷","0","2","2"
"惟有慕容诺","0","2","2"
"有慕容诺曷","0","2","2"
"容诺曷钵及","0","2","2"
"诺曷钵及其","0","2","2"
"曷钵及其亲","0","2","2"
"钵及其亲信","0","2","2"
"及其亲信数","0","2","2"
"其亲信数千","0","2","2"
"亲信数千营","0","2","2"
"信数千营帐","0","2","2"
"数千营帐归","0","2","2"
"千营帐归附","0","2","2"
"仍旧迁徙到","0","2","2"
"旧迁徙到灵","0","2","2"
"迁徙到灵州","0","2","2"
"徙到灵州界","0","2","2"
"赵王福去世","0","2","2"
"尚食官员减","0","2","2"
"食官员减少","0","2","2"
"官员减少皇","0","2","2"
"员减少皇上","0","2","2"
"减少皇上膳","0","2","2"
"少皇上膳食","0","2","2"
"夫人杨氏去","0","2","2"
"人杨氏去世","0","2","2"
"鲁国夫人称","0","2","2"
"国夫人称号","0","2","2"
"闰九月十二","0","2","2"
"已故赠司徒","0","2","2"
"忠孝公士再","0","2","2"
"孝公士再赠","0","2","2"
"公士再赠太","0","2","2"
"士再赠太尉","0","2","2"
"已故赠鲁国","0","2","2"
"故赠鲁国忠","0","2","2"
"烈太夫人再","0","2","2"
"太夫人再赠","0","2","2"
"夫人再赠太","0","2","2"
"人再赠太原","0","2","2"
"再赠太原王","0","2","2"
"上官员及外","0","2","2"
"官员及外官","0","2","2"
"员及外官命","0","2","2"
"及外官命妇","0","2","2"
"送到便桥停","0","2","2"
"到便桥停留","0","2","2"
"便桥停留三","0","2","2"
"桥停留三宿","0","2","2"
"平地有三尺","0","2","2"
"地有三尺多","0","2","2"
"有三尺多厚","0","2","2"
"三尺多厚的","0","2","2"
"尺多厚的雪","0","2","2"
"行人冻死的","0","2","2"
"人冻死的赠","0","2","2"
"冻死的赠给","0","2","2"
"死的赠给布","0","2","2"
"的赠给布匹","0","2","2"
"华州贫寒而","0","2","2"
"州贫寒而简","0","2","2"
"贫寒而简陋","0","2","2"
"寒而简陋之","0","2","2"
"而简陋之家","0","2","2"
"有年纪十五","0","2","2"
"年纪十五岁","0","2","2"
"纪十五岁以","0","2","2"
"十五岁以下","0","2","2"
"五岁以下不","0","2","2"
"岁以下不能","0","2","2"
"以下不能养","0","2","2"
"下不能养活","0","2","2"
"不能养活者","0","2","2"
"任凭人们收","0","2","2"
"凭人们收养","0","2","2"
"人们收养为","0","2","2"
"们收养为男","0","2","2"
"收养为男女","0","2","2"
"充当别人的","0","2","2"
"当别人的驱","0","2","2"
"别人的驱使","0","2","2"
"但都不能做","0","2","2"
"都不能做为","0","2","2"
"不能做为奴","0","2","2"
"能做为奴婢","0","2","2"
"子右中护兼","0","2","2"
"右中护兼摄","0","2","2"
"中护兼摄正","0","2","2"
"护兼摄正谏","0","2","2"
"兼摄正谏大","0","2","2"
"品赵仁本为","0","2","2"
"赵仁本为左","0","2","2"
"仁本为左肃","0","2","2"
"本为左肃机","0","2","2"
"诸司及百官","0","2","2"
"司及百官各","0","2","2"
"及百官各恢","0","2","2"
"百官各恢复","0","2","2"
"官各恢复旧","0","2","2"
"各恢复旧的","0","2","2"
"恢复旧的官","0","2","2"
"复旧的官署","0","2","2"
"旧的官署名","0","2","2"
"的官署名称","0","2","2"
"这年天下四","0","2","2"
"年天下四十","0","2","2"
"天下四十多","0","2","2"
"下四十多州","0","2","2"
"四十多州干","0","2","2"
"十多州干旱","0","2","2"
"百姓饥饿困","0","2","2"
"姓饥饿困乏","0","2","2"
"关中尤其厉","0","2","2"
"中尤其厉害","0","2","2"
"诏令任他们","0","2","2"
"令任他们往","0","2","2"
"任他们往各","0","2","2"
"他们往各州","0","2","2"
"们往各州随","0","2","2"
"往各州随处","0","2","2"
"各州随处求","0","2","2"
"州随处求食","0","2","2"
"又转运江南","0","2","2"
"转运江南租","0","2","2"
"运江南租米","0","2","2"
"江南租米以","0","2","2"
"南租米以赈","0","2","2"
"租米以赈贷","0","2","2"
"米以赈贷救","0","2","2"
"以赈贷救济","0","2","2"
"赈贷救济他","0","2","2"
"贷救济他们","0","2","2"
"咸亨二年春","0","2","2"
"亨二年春正","0","2","2"
"太子弘在京","0","2","2"
"子弘在京中","0","2","2"
"弘在京中代","0","2","2"
"在京中代管","0","2","2"
"京中代管国","0","2","2"
"中代管国家","0","2","2"
"命令侍卫之","0","2","2"
"令侍卫之臣","0","2","2"
"侍卫之臣戴","0","2","2"
"卫之臣戴至","0","2","2"
"之臣戴至德","0","2","2"
"李敬玄等人","0","2","2"
"敬玄等人辅","0","2","2"
"玄等人辅助","0","2","2"
"等人辅助他","0","2","2"
"只以阎立本","0","2","2"
"郝处俊跟从","0","2","2"
"处俊跟从皇","0","2","2"
"俊跟从皇上","0","2","2"
"梁金柱请求","0","2","2"
"金柱请求出","0","2","2"
"柱请求出钱","0","2","2"
"请求出钱三","0","2","2"
"求出钱三千","0","2","2"
"出钱三千贯","0","2","2"
"三千贯赈贷","0","2","2"
"千贯赈贷救","0","2","2"
"贯赈贷救济","0","2","2"
"赈贷救济贫","0","2","2"
"贷救济贫寒","0","2","2"
"救济贫寒之","0","2","2"
"济贫寒之人","0","2","2"
"大风折断树","0","2","2"
"风折断树木","0","2","2"
"散骑常侍兼","0","2","2"
"骑常侍兼检","0","2","2"
"常侍兼检校","0","2","2"
"侍兼检校秘","0","2","2"
"兼检校秘书","0","2","2"
"国公武敏之","0","2","2"
"公武敏之因","0","2","2"
"武敏之因为","0","2","2"
"敏之因为犯","0","2","2"
"之因为犯罪","0","2","2"
"因为犯罪恢","0","2","2"
"为犯罪恢复","0","2","2"
"犯罪恢复本","0","2","2"
"罪恢复本姓","0","2","2"
"恢复本姓贺","0","2","2"
"官的资格流","0","2","2"
"的资格流放","0","2","2"
"资格流放到","0","2","2"
"格流放到雷","0","2","2"
"流放到雷州","0","2","2"
"徐王元礼去","0","2","2"
"王元礼去世","0","2","2"
"搜寻推荐明","0","2","2"
"寻推荐明白","0","2","2"
"推荐明白通","0","2","2"
"荐明白通达","0","2","2"
"明白通达礼","0","2","2"
"白通达礼乐","0","2","2"
"通达礼乐之","0","2","2"
"达礼乐之士","0","2","2"
"皇上驾到许","0","2","2"
"在许州叶县","0","2","2"
"叶县昆水的","0","2","2"
"县昆水的北","0","2","2"
"昆水的北面","0","2","2"
"水的北面设","0","2","2"
"的北面设木","0","2","2"
"北面设木栅","0","2","2"
"面设木栅栏","0","2","2"
"设木栅栏遮","0","2","2"
"招募五千三","0","2","2"
"派遣右卫副","0","2","2"
"遣右卫副帅","0","2","2"
"右卫副帅梁","0","2","2"
"卫副帅梁积","0","2","2"
"副帅梁积寿","0","2","2"
"帅梁积寿前","0","2","2"
"梁积寿前往","0","2","2"
"积寿前往姚","0","2","2"
"寿前往姚州","0","2","2"
"前往姚州打","0","2","2"
"往姚州打击","0","2","2"
"姚州打击叛","0","2","2"
"州打击叛变","0","2","2"
"打击叛变的","0","2","2"
"击叛变的蛮","0","2","2"
"叛变的蛮夷","0","2","2"
"皇上问中书","0","2","2"
"伊尹背负烹","0","2","2"
"尹背负烹调","0","2","2"
"背负烹调用","0","2","2"
"负烹调用的","0","2","2"
"烹调用的鼎","0","2","2"
"砧板求见商","0","2","2"
"板求见商汤","0","2","2"
"应该是补助","0","2","2"
"该是补助国","0","2","2"
"是补助国政","0","2","2"
"不知铸造鼎","0","2","2"
"知铸造鼎是","0","2","2"
"铸造鼎是什","0","2","2"
"造鼎是什么","0","2","2"
"鼎是什么缘","0","2","2"
"后又放在什","0","2","2"
"又放在什么","0","2","2"
"放在什么国","0","2","2"
"在什么国家","0","2","2"
"将作为国家","0","2","2"
"作为国家的","0","2","2"
"为国家的重","0","2","2"
"国家的重器","0","2","2"
"历代流传的","0","2","2"
"代流传的国","0","2","2"
"流传的国宝","0","2","2"
"传的国宝吗","0","2","2"
"以上官员改","0","2","2"
"上官员改赐","0","2","2"
"官员改赐新","0","2","2"
"员改赐新鱼","0","2","2"
"并且用银装","0","2","2"
"且用银装饰","0","2","2"
"上官员各赐","0","2","2"
"官员各赐予","0","2","2"
"员各赐予金","0","2","2"
"各赐予金子","0","2","2"
"赐予金子装","0","2","2"
"予金子装饰","0","2","2"
"金子装饰的","0","2","2"
"子装饰的刀","0","2","2"
"装饰的刀子","0","2","2"
"磨刀石一具","0","2","2"
"在洛州柏崖","0","2","2"
"洛州柏崖设","0","2","2"
"州柏崖设谷","0","2","2"
"柏崖设谷仓","0","2","2"
"州大都督再","0","2","2"
"大都督再次","0","2","2"
"都督再次成","0","2","2"
"督再次成为","0","2","2"
"再次成为魏","0","2","2"
"次成为魏州","0","2","2"
"魏州再次成","0","2","2"
"州再次成为","0","2","2"
"再次成为冀","0","2","2"
"次成为冀州","0","2","2"
"沛王贤迁徙","0","2","2"
"王贤迁徙改","0","2","2"
"贤迁徙改封","0","2","2"
"迁徙改封为","0","2","2"
"徙改封为雍","0","2","2"
"子代管国家","0","2","2"
"上车驾回到","0","2","2"
"驾回到京师","0","2","2"
"将军高侃在","0","2","2"
"军高侃在横","0","2","2"
"高侃在横水","0","2","2"
"侃在横水大","0","2","2"
"在横水大败","0","2","2"
"横水大败新","0","2","2"
"水大败新罗","0","2","2"
"败新罗众军","0","2","2"
"诏令咸亨初","0","2","2"
"令咸亨初年","0","2","2"
"咸亨初年收","0","2","2"
"亨初年收养","0","2","2"
"初年收养为","0","2","2"
"年收养为儿","0","2","2"
"收养为儿女","0","2","2"
"养为儿女以","0","2","2"
"为儿女以及","0","2","2"
"儿女以及供","0","2","2"
"女以及供应","0","2","2"
"以及供应驱","0","2","2"
"及供应驱使","0","2","2"
"供应驱使的","0","2","2"
"应驱使的人","0","2","2"
"听凭他们衡","0","2","2"
"凭他们衡量","0","2","2"
"他们衡量计","0","2","2"
"们衡量计算","0","2","2"
"衡量计算自","0","2","2"
"量计算自己","0","2","2"
"计算自己衣","0","2","2"
"算自己衣食","0","2","2"
"自己衣食之","0","2","2"
"己衣食之报","0","2","2"
"衣食之报酬","0","2","2"
"放回到原来","0","2","2"
"回到原来居","0","2","2"
"到原来居住","0","2","2"
"原来居住之","0","2","2"
"来居住之处","0","2","2"
"郑王元懿去","0","2","2"
"王元懿去世","0","2","2"
"军裴居道的","0","2","2"
"裴居道的女","0","2","2"
"居道的女儿","0","2","2"
"道的女儿为","0","2","2"
"的女儿为皇","0","2","2"
"女儿为皇太","0","2","2"
"儿为皇太子","0","2","2"
"为皇太子李","0","2","2"
"太子李弘之","0","2","2"
"子李弘之妃","0","2","2"
"闰五月十三","0","2","2"
"管李谨行在","0","2","2"
"李谨行在瓠","0","2","2"
"谨行在瓠卢","0","2","2"
"行在瓠卢河","0","2","2"
"在瓠卢河之","0","2","2"
"瓠卢河之西","0","2","2"
"卢河之西打","0","2","2"
"河之西打败","0","2","2"
"之西打败高","0","2","2"
"西打败高丽","0","2","2"
"打败高丽叛","0","2","2"
"败高丽叛党","0","2","2"
"高丽平壤剩","0","2","2"
"丽平壤剩余","0","2","2"
"平壤剩余叛","0","2","2"
"壤剩余叛党","0","2","2"
"剩余叛党逃","0","2","2"
"余叛党逃入","0","2","2"
"叛党逃入新","0","2","2"
"党逃入新罗","0","2","2"
"太子新宫落","0","2","2"
"子新宫落成","0","2","2"
"皇上诏令五","0","2","2"
"上诏令五品","0","2","2"
"诏令五品以","0","2","2"
"以上官员亲","0","2","2"
"上官员亲族","0","2","2"
"官员亲族在","0","2","2"
"员亲族在太","0","2","2"
"亲族在太子","0","2","2"
"族在太子宫","0","2","2"
"在太子宫宴","0","2","2"
"太子宫宴会","0","2","2"
"子宫宴会庆","0","2","2"
"宫宴会庆贺","0","2","2"
"极欢而后才","0","2","2"
"欢而后才罢","0","2","2"
"而后才罢宴","0","2","2"
"皇上患虐疾","0","2","2"
"命令太子接","0","2","2"
"令太子接受","0","2","2"
"太子接受各","0","2","2"
"子接受各衙","0","2","2"
"接受各衙门","0","2","2"
"受各衙门禀","0","2","2"
"各衙门禀告","0","2","2"
"衙门禀告的","0","2","2"
"门禀告的事","0","2","2"
"禀告的事情","0","2","2"
"大风毁坏了","0","2","2"
"风毁坏了太","0","2","2"
"毁坏了太庙","0","2","2"
"坏了太庙屋","0","2","2"
"了太庙屋脊","0","2","2"
"太庙屋脊上","0","2","2"
"庙屋脊上的","0","2","2"
"子阎立本去","0","2","2"
"阎立本去世","0","2","2"
"太子李弘纳","0","2","2"
"子李弘纳妃","0","2","2"
"李弘纳妃完","0","2","2"
"弘纳妃完毕","0","2","2"
"亲自制作乐","0","2","2"
"自制作乐章","0","2","2"
"各种盛大祭","0","2","2"
"种盛大祭祀","0","2","2"
"盛大祭祀即","0","2","2"
"大祭祀即奏","0","2","2"
"祭祀即奏这","0","2","2"
"祀即奏这些","0","2","2"
"即奏这些乐","0","2","2"
"奏这些乐曲","0","2","2"
"王入朝请求","0","2","2"
"入朝请求归","0","2","2"
"朝请求归降","0","2","2"
"春二月二日","0","2","2"
"派遣太子左","0","2","2"
"品刘仁轨为","0","2","2"
"刘仁轨为鸡","0","2","2"
"仁轨为鸡林","0","2","2"
"轨为鸡林道","0","2","2"
"为鸡林道大","0","2","2"
"以讨伐新罗","0","2","2"
"又命令卫尉","0","2","2"
"命令卫尉李","0","2","2"
"令卫尉李弼","0","2","2"
"右领大将军","0","2","2"
"领大将军李","0","2","2"
"军李谨行为","0","2","2"
"李谨行为副","0","2","2"
"皇后祭祀先","0","2","2"
"后祭祀先蚕","0","2","2"
"祭祀先蚕神","0","2","2"
"以尚辇奉御","0","2","2"
"公武承嗣为","0","2","2"
"武承嗣为宗","0","2","2"
"承嗣为宗正","0","2","2"
"嗣为宗正卿","0","2","2"
"本来是用来","0","2","2"
"来是用来祈","0","2","2"
"是用来祈祷","0","2","2"
"用来祈祷农","0","2","2"
"来祈祷农业","0","2","2"
"祈祷农业丰","0","2","2"
"祷农业丰收","0","2","2"
"然而听说此","0","2","2"
"而听说此外","0","2","2"
"听说此外另","0","2","2"
"说此外另有","0","2","2"
"此外另有别","0","2","2"
"外另有别的","0","2","2"
"另有别的乡","0","2","2"
"有别的乡镇","0","2","2"
"别的乡镇聚","0","2","2"
"的乡镇聚会","0","2","2"
"此后除春秋","0","2","2"
"后除春秋两","0","2","2"
"除春秋两季","0","2","2"
"季祭土神外","0","2","2"
"有关部门严","0","2","2"
"关部门严加","0","2","2"
"部门严加禁","0","2","2"
"门严加禁止","0","2","2"
"入东井星垣","0","2","2"
"三品以上穿","0","2","2"
"品以上穿紫","0","2","2"
"以上穿紫色","0","2","2"
"上穿紫色官","0","2","2"
"四品官穿深","0","2","2"
"品官穿深绯","0","2","2"
"官穿深绯色","0","2","2"
"穿深绯色官","0","2","2"
"深绯色官服","0","2","2"
"五品官穿浅","0","2","2"
"品官穿浅绯","0","2","2"
"官穿浅绯色","0","2","2"
"穿浅绯色官","0","2","2"
"浅绯色官服","0","2","2"
"六品官穿深","0","2","2"
"品官穿深绿","0","2","2"
"官穿深绿色","0","2","2"
"穿深绿色官","0","2","2"
"深绿色官服","0","2","2"
"七品官穿浅","0","2","2"
"品官穿浅绿","0","2","2"
"官穿浅绿色","0","2","2"
"穿浅绿色官","0","2","2"
"浅绿色官服","0","2","2"
"八品官穿深","0","2","2"
"品官穿深青","0","2","2"
"官穿深青色","0","2","2"
"穿深青色官","0","2","2"
"深青色官服","0","2","2"
"九品官穿浅","0","2","2"
"品官穿浅青","0","2","2"
"官穿浅青色","0","2","2"
"穿浅青色官","0","2","2"
"浅青色官服","0","2","2"
"都是黄铜带","0","2","2"
"普通百姓穿","0","2","2"
"通百姓穿黄","0","2","2"
"百姓穿黄色","0","2","2"
"一品以下文","0","2","2"
"品以下文官","0","2","2"
"武官想带也","0","2","2"
"官想带也听","0","2","2"
"想带也听任","0","2","2"
"带也听任他","0","2","2"
"百官具备新","0","2","2"
"官具备新服","0","2","2"
"德殿宴请他","0","2","2"
"追认恢复长","0","2","2"
"认恢复长孙","0","2","2"
"恢复长孙无","0","2","2"
"复长孙无忌","0","2","2"
"长孙无忌官","0","2","2"
"孙无忌官爵","0","2","2"
"又以他的曾","0","2","2"
"以他的曾孙","0","2","2"
"他的曾孙翼","0","2","2"
"的曾孙翼承","0","2","2"
"曾孙翼承袭","0","2","2"
"孙翼承袭封","0","2","2"
"翼承袭封赵","0","2","2"
"承袭封赵国","0","2","2"
"允许他将长","0","2","2"
"许他将长孙","0","2","2"
"他将长孙无","0","2","2"
"将长孙无忌","0","2","2"
"长孙无忌归","0","2","2"
"孙无忌归葬","0","2","2"
"无忌归葬在","0","2","2"
"忌归葬在太","0","2","2"
"归葬在太宗","0","2","2"
"葬在太宗先","0","2","2"
"在太宗先造","0","2","2"
"太宗先造之","0","2","2"
"宗先造之坟","0","2","2"
"先造之坟昭","0","2","2"
"造之坟昭陵","0","2","2"
"在华山之曲","0","2","2"
"华山之曲武","0","2","2"
"山之曲武原","0","2","2"
"之曲武原打","0","2","2"
"曲武原打猎","0","2","2"
"阗王伏信前","0","2","2"
"王伏信前来","0","2","2"
"伏信前来朝","0","2","2"
"王卑路斯前","0","2","2"
"卑路斯前来","0","2","2"
"路斯前来朝","0","2","2"
"斯前来朝见","0","2","2"
"天后奉上意","0","2","2"
"后奉上意见","0","2","2"
"奉上意见十","0","2","2"
"请王公百官","0","2","2"
"王公百官都","0","2","2"
"公百官都学","0","2","2"
"百官都学习","0","2","2"
"每年科举明","0","2","2"
"年科举明经","0","2","2"
"科举明经考","0","2","2"
"为准则由有","0","2","2"
"准则由有关","0","2","2"
"则由有关部","0","2","2"
"由有关部门","0","2","2"
"有关部门作","0","2","2"
"关部门作为","0","2","2"
"部门作为考","0","2","2"
"门作为考试","0","2","2"
"作为考试的","0","2","2"
"为考试的模","0","2","2"
"考试的模仿","0","2","2"
"试的模仿标","0","2","2"
"的模仿标准","0","2","2"
"又请求儿子","0","2","2"
"请求儿子当","0","2","2"
"求儿子当父","0","2","2"
"儿子当父亲","0","2","2"
"子当父亲健","0","2","2"
"当父亲健在","0","2","2"
"父亲健在而","0","2","2"
"亲健在而母","0","2","2"
"健在而母丧","0","2","2"
"在而母丧时","0","2","2"
"而母丧时服","0","2","2"
"母丧时服孝","0","2","2"
"丧时服孝三","0","2","2"
"时服孝三年","0","2","2"
"虢王凤去世","0","2","2"
"以于阗为田","0","2","2"
"于阗为田比","0","2","2"
"阗为田比沙","0","2","2"
"比沙都督府","0","2","2"
"以尉迟伏雄","0","2","2"
"尉迟伏雄为","0","2","2"
"迟伏雄为田","0","2","2"
"伏雄为田比","0","2","2"
"雄为田比沙","0","2","2"
"分其境内地","0","2","2"
"其境内地方","0","2","2"
"境内地方为","0","2","2"
"内地方为十","0","2","2"
"地方为十个","0","2","2"
"方为十个州","0","2","2"
"因为伏雄有","0","2","2"
"为伏雄有打","0","2","2"
"伏雄有打击","0","2","2"
"雄有打击吐","0","2","2"
"有打击吐蕃","0","2","2"
"打击吐蕃功","0","2","2"
"击吐蕃功劳","0","2","2"
"吐蕃功劳的","0","2","2"
"蕃功劳的缘","0","2","2"
"功劳的缘故","0","2","2"
"素稽贡献银","0","2","2"
"稽贡献银颇","0","2","2"
"贡献银颇罗","0","2","2"
"遣他的大臣","0","2","2"
"他的大臣论","0","2","2"
"的大臣论吐","0","2","2"
"论吐浑弥前","0","2","2"
"吐浑弥前来","0","2","2"
"浑弥前来请","0","2","2"
"弥前来请求","0","2","2"
"前来请求和","0","2","2"
"来请求和解","0","2","2"
"军大总管在","0","2","2"
"大总管在七","0","2","2"
"总管在七重","0","2","2"
"管在七重城","0","2","2"
"在七重城大","0","2","2"
"七重城大破","0","2","2"
"重城大破新","0","2","2"
"城大破新罗","0","2","2"
"大破新罗的","0","2","2"
"破新罗的部","0","2","2"
"新罗的部众","0","2","2"
"俘虏敌军很","0","2","2"
"虏敌军很多","0","2","2"
"新罗派遣使","0","2","2"
"派遣使者入","0","2","2"
"遣使者入朝","0","2","2"
"使者入朝贡","0","2","2"
"者入朝贡献","0","2","2"
"恢复新罗王","0","2","2"
"复新罗王金","0","2","2"
"王金法敏的","0","2","2"
"金法敏的官","0","2","2"
"法敏的官爵","0","2","2"
"日色如赤褐","0","2","2"
"色如赤褐色","0","2","2"
"天后亲自在","0","2","2"
"后亲自在邙","0","2","2"
"亲自在邙山","0","2","2"
"自在邙山之","0","2","2"
"邙山之南养","0","2","2"
"山之南养蚕","0","2","2"
"当时皇上风","0","2","2"
"时皇上风疹","0","2","2"
"皇上风疹不","0","2","2"
"上风疹不能","0","2","2"
"风疹不能听","0","2","2"
"疹不能听朝","0","2","2"
"国家政事都","0","2","2"
"家政事都由","0","2","2"
"政事都由天","0","2","2"
"事都由天后","0","2","2"
"都由天后决","0","2","2"
"由天后决断","0","2","2"
"自从杀了上","0","2","2"
"从杀了上官","0","2","2"
"杀了上官仪","0","2","2"
"了上官仪以","0","2","2"
"上官仪以后","0","2","2"
"皇上每次上","0","2","2"
"上每次上朝","0","2","2"
"每次上朝视","0","2","2"
"次上朝视事","0","2","2"
"天后垂帘在","0","2","2"
"后垂帘在皇","0","2","2"
"垂帘在皇上","0","2","2"
"帘在皇上宝","0","2","2"
"在皇上宝座","0","2","2"
"皇上宝座后","0","2","2"
"上宝座后倾","0","2","2"
"宝座后倾听","0","2","2"
"大小小的政","0","2","2"
"小小的政事","0","2","2"
"小的政事都","0","2","2"
"的政事都参","0","2","2"
"政事都参与","0","2","2"
"事都参与了","0","2","2"
"都参与了解","0","2","2"
"朝廷内外号","0","2","2"
"廷内外号称","0","2","2"
"内外号称为","0","2","2"
"外号称为二","0","2","2"
"皇上想下诏","0","2","2"
"上想下诏书","0","2","2"
"想下诏书命","0","2","2"
"诏书命令天","0","2","2"
"书命令天后","0","2","2"
"命令天后代","0","2","2"
"令天后代管","0","2","2"
"天后代管国","0","2","2"
"后代管国政","0","2","2"
"郎郝处俊劝","0","2","2"
"郝处俊劝谏","0","2","2"
"处俊劝谏制","0","2","2"
"俊劝谏制止","0","2","2"
"周王显之妃","0","2","2"
"王显之妃子","0","2","2"
"显之妃子赵","0","2","2"
"之妃子赵氏","0","2","2"
"妃子赵氏因","0","2","2"
"子赵氏因为","0","2","2"
"赵氏因为犯","0","2","2"
"氏因为犯罪","0","2","2"
"为犯罪被囚","0","2","2"
"犯罪被囚禁","0","2","2"
"罪被囚禁而","0","2","2"
"被囚禁而死","0","2","2"
"太子弘在合","0","2","2"
"子弘在合璧","0","2","2"
"弘在合璧宫","0","2","2"
"在合璧宫之","0","2","2"
"合璧宫之绮","0","2","2"
"璧宫之绮云","0","2","2"
"宫之绮云殿","0","2","2"
"之绮云殿去","0","2","2"
"绮云殿去世","0","2","2"
"当时皇上驾","0","2","2"
"时皇上驾到","0","2","2"
"这天回到东","0","2","2"
"天回到东都","0","2","2"
"给太子弘追","0","2","2"
"太子弘追加","0","2","2"
"子弘追加谥","0","2","2"
"弘追加谥号","0","2","2"
"谥号为孝敬","0","2","2"
"号为孝敬皇","0","2","2"
"为孝敬皇帝","0","2","2"
"以雍王贤为","0","2","2"
"雍王贤为皇","0","2","2"
"王贤为皇太","0","2","2"
"洛州再次设","0","2","2"
"州再次设置","0","2","2"
"再次设置缑","0","2","2"
"次设置缑氏","0","2","2"
"设置缑氏县","0","2","2"
"以管理孝敬","0","2","2"
"管理孝敬皇","0","2","2"
"理孝敬皇帝","0","2","2"
"敬皇帝的恭","0","2","2"
"皇帝的恭陵","0","2","2"
"杞王上金因","0","2","2"
"王上金因事","0","2","2"
"上金因事犯","0","2","2"
"金因事犯罪","0","2","2"
"安置到澧州","0","2","2"
"侯刘仁轨为","0","2","2"
"刘仁轨为左","0","2","2"
"仁轨为左仆","0","2","2"
"轨为左仆射","0","2","2"
"依旧监督修","0","2","2"
"旧监督修纂","0","2","2"
"监督修纂国","0","2","2"
"督修纂国史","0","2","2"
"理卿张文馞","0","2","2"
"卿张文馞为","0","2","2"
"张文馞为侍","0","2","2"
"文馞为侍中","0","2","2"
"公郝处俊为","0","2","2"
"俊为中书令","0","2","2"
"编纂国史依","0","2","2"
"纂国史依照","0","2","2"
"国史依照原","0","2","2"
"史依照原来","0","2","2"
"编纂国史的","0","2","2"
"纂国史的吏","0","2","2"
"国史的吏部","0","2","2"
"史的吏部尚","0","2","2"
"书李敬玄兼","0","2","2"
"李敬玄兼太","0","2","2"
"敬玄兼太子","0","2","2"
"玄兼太子左","0","2","2"
"依照先前监","0","2","2"
"照先前监督","0","2","2"
"先前监督编","0","2","2"
"前监督编修","0","2","2"
"监督编修国","0","2","2"
"督编修国史","0","2","2"
"郝处俊都兼","0","2","2"
"处俊都兼任","0","2","2"
"俊都兼任太","0","2","2"
"都兼任太子","0","2","2"
"分永州之营","0","2","2"
"永州之营道","0","2","2"
"唐兴三县而","0","2","2"
"兴三县而设","0","2","2"
"三县而设置","0","2","2"
"县而设置道","0","2","2"
"而设置道州","0","2","2"
"彗星在角星","0","2","2"
"素稽贡献名","0","2","2"
"稽贡献名马","0","2","2"
"迁徙改封冀","0","2","2"
"徙改封冀王","0","2","2"
"改封冀王轮","0","2","2"
"封冀王轮为","0","2","2"
"冀王轮为相","0","2","2"
"王轮为相王","0","2","2"
"迁移安东都","0","2","2"
"都护府到辽","0","2","2"
"护府到辽东","0","2","2"
"坚昆贡献名","0","2","2"
"昆贡献名马","0","2","2"
"驾到汝州之","0","2","2"
"到汝州之温","0","2","2"
"汝州之温汤","0","2","2"
"黄门侍郎来","0","2","2"
"门侍郎来恒","0","2","2"
"郎薛元超都","0","2","2"
"薛元超都任","0","2","2"
"元超都任同","0","2","2"
"超都任同中","0","2","2"
"二王终竟没","0","2","2"
"王终竟没有","0","2","2"
"终竟没有成","0","2","2"
"竟没有成行","0","2","2"
"上的诏令由","0","2","2"
"的诏令由于","0","2","2"
"诏令由于连","0","2","2"
"令由于连续","0","2","2"
"由于连续用","0","2","2"
"于连续用白","0","2","2"
"连续用白纸","0","2","2"
"大多被虫蛀","0","2","2"
"今后尚书省","0","2","2"
"尚书省下达","0","2","2"
"书省下达给","0","2","2"
"省下达给各","0","2","2"
"下达给各司","0","2","2"
"应全部用黄","0","2","2"
"全部用黄纸","0","2","2"
"那些承受制","0","2","2"
"些承受制定","0","2","2"
"承受制定诏","0","2","2"
"受制定诏令","0","2","2"
"制定诏令的","0","2","2"
"定诏令的有","0","2","2"
"诏令的有关","0","2","2"
"令的有关部","0","2","2"
"的有关部门","0","2","2"
"衡量诏令大","0","2","2"
"量诏令大小","0","2","2"
"以备皇上翻","0","2","2"
"备皇上翻阅","0","2","2"
"皇上翻阅检","0","2","2"
"上翻阅检索","0","2","2"
"车驾回京师","0","2","2"
"夏四月十一","0","2","2"
"彗星起于东","0","2","2"
"星起于东井","0","2","2"
"起于东井星","0","2","2"
"扫过中台星","0","2","2"
"过中台星指","0","2","2"
"中台星指向","0","2","2"
"台星指向文","0","2","2"
"星指向文昌","0","2","2"
"指向文昌宫","0","2","2"
"向文昌宫斗","0","2","2"
"文昌宫斗魁","0","2","2"
"昌宫斗魁上","0","2","2"
"宫斗魁上六","0","2","2"
"斗魁上六星","0","2","2"
"五十八天才","0","2","2"
"十八天才灭","0","2","2"
"吐蕃入侵迭","0","2","2"
"蕃入侵迭州","0","2","2"
"因为彗星变","0","2","2"
"为彗星变化","0","2","2"
"释放京城关","0","2","2"
"放京城关押","0","2","2"
"武官员各上","0","2","2"
"官员各上封","0","2","2"
"员各上封章","0","2","2"
"各上封章奏","0","2","2"
"封章奏事陈","0","2","2"
"章奏事陈述","0","2","2"
"奏事陈述朝","0","2","2"
"事陈述朝政","0","2","2"
"设置南选使","0","2","2"
"选拔补上广","0","2","2"
"徐等州海水","0","2","2"
"等州海水泛","0","2","2"
"淹没五千家","0","2","2"
"没五千家住","0","2","2"
"五千家住户","0","2","2"
"郇王素节封","0","2","2"
"王素节封地","0","2","2"
"素节封地食","0","2","2"
"节封地食户","0","2","2"
"封地食户被","0","2","2"
"地食户被削","0","2","2"
"食户被削减","0","2","2"
"户被削减三","0","2","2"
"被削减三分","0","2","2"
"削减三分之","0","2","2"
"减三分之二","0","2","2"
"送到袁州安","0","2","2"
"到袁州安置","0","2","2"
"在北京设置","0","2","2"
"北京设置金","0","2","2"
"京设置金邻","0","2","2"
"设置金邻州","0","2","2"
"皇上命令新","0","2","2"
"上命令新制","0","2","2"
"命令新制成","0","2","2"
"令新制成的","0","2","2"
"祭献太庙用","0","2","2"
"献太庙用它","0","2","2"
"其余祭礼就","0","2","2"
"余祭礼就停","0","2","2"
"祭礼就停止","0","2","2"
"礼就停止使","0","2","2"
"就停止使用","0","2","2"
"因为陈州人","0","2","2"
"为陈州人说","0","2","2"
"陈州人说凤","0","2","2"
"州人说凤凰","0","2","2"
"人说凤凰在","0","2","2"
"说凤凰在宛","0","2","2"
"凤凰在宛丘","0","2","2"
"凰在宛丘出","0","2","2"
"在宛丘出现","0","2","2"
"所以改上元","0","2","2"
"以改上元三","0","2","2"
"上元三年为","0","2","2"
"元三年为仪","0","2","2"
"三年为仪凤","0","2","2"
"年为仪凤元","0","2","2"
"为仪凤元年","0","2","2"
"书李敬玄为","0","2","2"
"李敬玄为中","0","2","2"
"敬玄为中书","0","2","2"
"玄为中书令","0","2","2"
"太子李贤奉","0","2","2"
"子李贤奉上","0","2","2"
"李贤奉上所","0","2","2"
"贤奉上所注","0","2","2"
"奉上所注的","0","2","2"
"皇上赐布帛","0","2","2"
"上赐布帛三","0","2","2"
"赐布帛三万","0","2","2"
"布帛三万段","0","2","2"
"遣使者分道","0","2","2"
"使者分道巡","0","2","2"
"者分道巡视","0","2","2"
"分道巡视安","0","2","2"
"道巡视安抚","0","2","2"
"宰相来恒巡","0","2","2"
"相来恒巡视","0","2","2"
"来恒巡视安","0","2","2"
"恒巡视安抚","0","2","2"
"视安抚河南","0","2","2"
"安抚河南道","0","2","2"
"薛元超巡视","0","2","2"
"元超巡视安","0","2","2"
"超巡视安抚","0","2","2"
"视安抚河北","0","2","2"
"安抚河北道","0","2","2"
"崔知悌等人","0","2","2"
"知悌等人巡","0","2","2"
"悌等人巡视","0","2","2"
"等人巡视安","0","2","2"
"人巡视安抚","0","2","2"
"巡视安抚江","0","2","2"
"视安抚江南","0","2","2"
"安抚江南道","0","2","2"
"上亲自在东","0","2","2"
"亲自在东郊","0","2","2"
"自在东郊耕","0","2","2"
"在东郊耕种","0","2","2"
"东郊耕种籍","0","2","2"
"郊耕种籍田","0","2","2"
"皇上驾到司","0","2","2"
"上驾到司竹","0","2","2"
"驾到司竹园","0","2","2"
"尚书高藏被","0","2","2"
"书高藏被授","0","2","2"
"高藏被授予","0","2","2"
"藏被授予辽","0","2","2"
"被授予辽东","0","2","2"
"授予辽东都","0","2","2"
"予辽东都督","0","2","2"
"封为朝鲜郡","0","2","2"
"为朝鲜郡王","0","2","2"
"派回安东府","0","2","2"
"安抚高丽剩","0","2","2"
"抚高丽剩余","0","2","2"
"高丽剩余部","0","2","2"
"丽剩余部众","0","2","2"
"卿扶余隆任","0","2","2"
"扶余隆任熊","0","2","2"
"余隆任熊津","0","2","2"
"隆任熊津州","0","2","2"
"任熊津州都","0","2","2"
"命令他安抚","0","2","2"
"令他安抚百","0","2","2"
"他安抚百济","0","2","2"
"安抚百济剩","0","2","2"
"抚百济剩余","0","2","2"
"百济剩余部","0","2","2"
"济剩余部众","0","2","2"
"又移安东都","0","2","2"
"都护府到新","0","2","2"
"护府到新城","0","2","2"
"府到新城以","0","2","2"
"到新城以统","0","2","2"
"新城以统率","0","2","2"
"城以统率他","0","2","2"
"以统率他们","0","2","2"
"因为河南河","0","2","2"
"为河南河北","0","2","2"
"河南河北干","0","2","2"
"南河北干旱","0","2","2"
"使者赈济他","0","2","2"
"者赈济他们","0","2","2"
"太白星侵犯","0","2","2"
"白星侵犯轩","0","2","2"
"星侵犯轩辕","0","2","2"
"暗示有兵戎","0","2","2"
"示有兵戎之","0","2","2"
"有兵戎之事","0","2","2"
"皇上命令关","0","2","2"
"上命令关内","0","2","2"
"河东各州招","0","2","2"
"东各州招募","0","2","2"
"各州招募勇","0","2","2"
"州招募勇敢","0","2","2"
"招募勇敢之","0","2","2"
"募勇敢之士","0","2","2"
"诏令京中三","0","2","2"
"令京中三品","0","2","2"
"京中三品以","0","2","2"
"中三品以上","0","2","2"
"三品以上文","0","2","2"
"以上文武职","0","2","2"
"上文武职事","0","2","2"
"每年各举荐","0","2","2"
"年各举荐文","0","2","2"
"各举荐文武","0","2","2"
"举荐文武才","0","2","2"
"荐文武才干","0","2","2"
"文武才干能","0","2","2"
"武才干能胜","0","2","2"
"干能胜任将","0","2","2"
"胜任将帅或","0","2","2"
"任将帅或牧","0","2","2"
"将帅或牧守","0","2","2"
"帅或牧守者","0","2","2"
"或牧守者一","0","2","2"
"三年四月一","0","2","2"
"年四月一日","0","2","2"
"全部宽恕了","0","2","2"
"部宽恕了他","0","2","2"
"月一日为通","0","2","2"
"一日为通乾","0","2","2"
"泾州献上二","0","2","2"
"州献上二小","0","2","2"
"献上二小儿","0","2","2"
"两个身躯同","0","2","2"
"个身躯同一","0","2","2"
"身躯同一个","0","2","2"
"躯同一个心","0","2","2"
"在咸亨殿宴","0","2","2"
"咸亨殿宴请","0","2","2"
"亨殿宴请近","0","2","2"
"殿宴请近臣","0","2","2"
"宴请近臣及","0","2","2"
"请近臣及各","0","2","2"
"近臣及各位","0","2","2"
"臣及各位亲","0","2","2"
"及各位亲族","0","2","2"
"皇上对霍王","0","2","2"
"上对霍王元","0","2","2"
"对霍王元轨","0","2","2"
"霍王元轨道","0","2","2"
"去年冬天无","0","2","2"
"今年春天少","0","2","2"
"年春天少雨","0","2","2"
"自从到此宫","0","2","2"
"从到此宫避","0","2","2"
"到此宫避暑","0","2","2"
"秋天的庄稼","0","2","2"
"天的庄稼生","0","2","2"
"的庄稼生长","0","2","2"
"庄稼生长茂","0","2","2"
"稼生长茂盛","0","2","2"
"另外又得到","0","2","2"
"外又得到李","0","2","2"
"又得到李敬","0","2","2"
"得到李敬玄","0","2","2"
"到李敬玄表","0","2","2"
"李敬玄表章","0","2","2"
"敬玄表章上","0","2","2"
"玄表章上奏","0","2","2"
"吐蕃侵入龙","0","2","2"
"蕃侵入龙支","0","2","2"
"张虔勖与他","0","2","2"
"虔勖与他作","0","2","2"
"勖与他作战","0","2","2"
"一天打了两","0","2","2"
"天打了两仗","0","2","2"
"斩杀敌首级","0","2","2"
"杀敌首级甚","0","2","2"
"敌首级甚多","0","2","2"
"这些大概是","0","2","2"
"些大概是上","0","2","2"
"概是上天降","0","2","2"
"是上天降福","0","2","2"
"难道对百姓","0","2","2"
"道对百姓恩","0","2","2"
"对百姓恩情","0","2","2"
"百姓恩情不","0","2","2"
"姓恩情不厚","0","2","2"
"恩情不厚会","0","2","2"
"情不厚会达","0","2","2"
"不厚会达到","0","2","2"
"厚会达到这","0","2","2"
"会达到这样","0","2","2"
"到这样的幸","0","2","2"
"这样的幸福","0","2","2"
"样的幸福另","0","2","2"
"的幸福另外","0","2","2"
"幸福另外儿","0","2","2"
"福另外儿子","0","2","2"
"另外儿子轮","0","2","2"
"外儿子轮年","0","2","2"
"儿子轮年龄","0","2","2"
"子轮年龄最","0","2","2"
"轮年龄最小","0","2","2"
"我特别喜爱","0","2","2"
"特别喜爱而","0","2","2"
"别喜爱而留","0","2","2"
"喜爱而留在","0","2","2"
"爱而留在身","0","2","2"
"而留在身边","0","2","2"
"近来为他挑","0","2","2"
"来为他挑选","0","2","2"
"为他挑选新","0","2","2"
"他挑选新媳","0","2","2"
"挑选新媳妇","0","2","2"
"大多不合他","0","2","2"
"多不合他的","0","2","2"
"不合他的心","0","2","2"
"合他的心意","0","2","2"
"近来娶刘延","0","2","2"
"来娶刘延景","0","2","2"
"娶刘延景的","0","2","2"
"刘延景的女","0","2","2"
"延景的女儿","0","2","2"
"观察她为人","0","2","2"
"察她为人处","0","2","2"
"她为人处事","0","2","2"
"为人处事很","0","2","2"
"人处事很有","0","2","2"
"处事很有孝","0","2","2"
"事很有孝心","0","2","2"
"我私下是一","0","2","2"
"私下是一喜","0","2","2"
"想与叔父等","0","2","2"
"与叔父等人","0","2","2"
"叔父等人共","0","2","2"
"父等人共同","0","2","2"
"等人共同为","0","2","2"
"人共同为此","0","2","2"
"共同为此而","0","2","2"
"同为此而欢","0","2","2"
"为此而欢乐","0","2","2"
"各人都应尽","0","2","2"
"人都应尽醉","0","2","2"
"皇上因而仿","0","2","2"
"上因而仿效","0","2","2"
"因而仿效柏","0","2","2"
"而仿效柏梁","0","2","2"
"仿效柏梁体","0","2","2"
"陪侍诸臣都","0","2","2"
"侍诸臣都各","0","2","2"
"诸臣都各人","0","2","2"
"臣都各人和","0","2","2"
"都各人和诗","0","2","2"
"侍中张文馞","0","2","2"
"中张文馞去","0","2","2"
"张文馞去世","0","2","2"
"刘审礼等人","0","2","2"
"审礼等人在","0","2","2"
"礼等人在青","0","2","2"
"等人在青海","0","2","2"
"人在青海之","0","2","2"
"在青海之上","0","2","2"
"青海之上与","0","2","2"
"海之上与吐","0","2","2"
"之上与吐蕃","0","2","2"
"上与吐蕃作","0","2","2"
"刘审礼被俘","0","2","2"
"审礼被俘虏","0","2","2"
"皇上以吐蕃","0","2","2"
"上以吐蕃入","0","2","2"
"以吐蕃入侵","0","2","2"
"吐蕃入侵为","0","2","2"
"蕃入侵为忧","0","2","2"
"入侵为忧患","0","2","2"
"向侍臣中书","0","2","2"
"正一等人问","0","2","2"
"一等人问计","0","2","2"
"等人问计策","0","2","2"
"他们都认为","0","2","2"
"们都认为以","0","2","2"
"都认为以防","0","2","2"
"认为以防备","0","2","2"
"为以防备边","0","2","2"
"以防备边疆","0","2","2"
"防备边疆而","0","2","2"
"备边疆而不","0","2","2"
"边疆而不深","0","2","2"
"疆而不深入","0","2","2"
"而不深入讨","0","2","2"
"不深入讨伐","0","2","2"
"深入讨伐为","0","2","2"
"入讨伐为上","0","2","2"
"讨伐为上策","0","2","2"
"密王元晓去","0","2","2"
"王元晓去世","0","2","2"
"大雨雪沾附","0","2","2"
"雨雪沾附于","0","2","2"
"雪沾附于树","0","2","2"
"沾附于树木","0","2","2"
"门下三品来","0","2","2"
"下三品来恒","0","2","2"
"三品来恒去","0","2","2"
"品来恒去世","0","2","2"
"皇上诏令停","0","2","2"
"上诏令停止","0","2","2"
"诏令停止明","0","2","2"
"令停止明年","0","2","2"
"停止明年通","0","2","2"
"止明年通乾","0","2","2"
"明年通乾的","0","2","2"
"年通乾的年","0","2","2"
"通乾的年号","0","2","2"
"因为通乾的","0","2","2"
"为通乾的反","0","2","2"
"通乾的反话","0","2","2"
"乾的反话不","0","2","2"
"的反话不好","0","2","2"
"反话不好的","0","2","2"
"话不好的缘","0","2","2"
"不好的缘故","0","2","2"
"公戴至德去","0","2","2"
"戴至德去世","0","2","2"
"遣使者前往","0","2","2"
"使者前往吊","0","2","2"
"者前往吊唁","0","2","2"
"前往吊唁祭","0","2","2"
"往吊唁祭祀","0","2","2"
"东都发生饥","0","2","2"
"都发生饥荒","0","2","2"
"官府拿出糙","0","2","2"
"府拿出糙米","0","2","2"
"拿出糙米来","0","2","2"
"出糙米来救","0","2","2"
"糙米来救济","0","2","2"
"米来救济饥","0","2","2"
"来救济饥荒","0","2","2"
"荧惑星侵入","0","2","2"
"惑星侵入羽","0","2","2"
"星侵入羽林","0","2","2"
"侵入羽林星","0","2","2"
"偷盗者杀害","0","2","2"
"盗者杀害了","0","2","2"
"者杀害了正","0","2","2"
"杀害了正谏","0","2","2"
"害了正谏大","0","2","2"
"了正谏大夫","0","2","2"
"太子李贤代","0","2","2"
"子李贤代管","0","2","2"
"李贤代管国","0","2","2"
"贤代管国事","0","2","2"
"在渑池之西","0","2","2"
"渑池之西建","0","2","2"
"池之西建造","0","2","2"
"之西建造紫","0","2","2"
"西建造紫桂","0","2","2"
"建造紫桂宫","0","2","2"
"皇上诏命大","0","2","2"
"上诏命大赦","0","2","2"
"诏命大赦天","0","2","2"
"命大赦天下","0","2","2"
"因为今年冬","0","2","2"
"为今年冬至","0","2","2"
"今年冬至在","0","2","2"
"年冬至在嵩","0","2","2"
"冬至在嵩岳","0","2","2"
"至在嵩岳举","0","2","2"
"在嵩岳举行","0","2","2"
"嵩岳举行祭","0","2","2"
"岳举行祭祀","0","2","2"
"命礼官学士","0","2","2"
"官学士详细","0","2","2"
"学士详细拟","0","2","2"
"士详细拟定","0","2","2"
"详细拟定礼","0","2","2"
"细拟定礼节","0","2","2"
"拟定礼节制","0","2","2"
"定礼节制度","0","2","2"
"裴行俭讨伐","0","2","2"
"行俭讨伐西","0","2","2"
"俭讨伐西突","0","2","2"
"讨伐西突厥","0","2","2"
"活捉西突厥","0","2","2"
"捉西突厥十","0","2","2"
"西突厥十姓","0","2","2"
"突厥十姓可","0","2","2"
"厥十姓可汗","0","2","2"
"十姓可汗阿","0","2","2"
"姓可汗阿史","0","2","2"
"可汗阿史那","0","2","2"
"汗阿史那都","0","2","2"
"史那都支以","0","2","2"
"那都支以及","0","2","2"
"都支以及别","0","2","2"
"支以及别帅","0","2","2"
"以及别帅李","0","2","2"
"及别帅李遮","0","2","2"
"别帅李遮匐","0","2","2"
"帅李遮匐而","0","2","2"
"李遮匐而归","0","2","2"
"皇上派单于","0","2","2"
"上派单于大","0","2","2"
"派单于大都","0","2","2"
"于大都护长","0","2","2"
"李景嘉等人","0","2","2"
"景嘉等人讨","0","2","2"
"嘉等人讨伐","0","2","2"
"等人讨伐他","0","2","2"
"人讨伐他们","0","2","2"
"与突厥作战","0","2","2"
"萧嗣业流放","0","2","2"
"嗣业流放充","0","2","2"
"业流放充军","0","2","2"
"放充军到桂","0","2","2"
"充军到桂州","0","2","2"
"怀舜率兵往","0","2","2"
"舜率兵往恒","0","2","2"
"率兵往恒州","0","2","2"
"兵往恒州守","0","2","2"
"往恒州守卫","0","2","2"
"恒州守卫井","0","2","2"
"州守卫井陉","0","2","2"
"派崔献前往","0","2","2"
"崔献前往绛","0","2","2"
"献前往绛州","0","2","2"
"前往绛州守","0","2","2"
"往绛州守卫","0","2","2"
"绛州守卫龙","0","2","2"
"州守卫龙门","0","2","2"
"先前下诏封","0","2","2"
"前下诏封嵩","0","2","2"
"下诏封嵩山","0","2","2"
"文成公主派","0","2","2"
"成公主派遣","0","2","2"
"公主派遣她","0","2","2"
"主派遣她的","0","2","2"
"派遣她的大","0","2","2"
"遣她的大臣","0","2","2"
"她的大臣论","0","2","2"
"的大臣论塞","0","2","2"
"论塞调傍前","0","2","2"
"塞调傍前来","0","2","2"
"调傍前来报","0","2","2"
"傍前来报告","0","2","2"
"前来报告丧","0","2","2"
"来报告丧事","0","2","2"
"请求与吐蕃","0","2","2"
"求与吐蕃和","0","2","2"
"与吐蕃和亲","0","2","2"
"品高智周罢","0","2","2"
"高智周罢免","0","2","2"
"智周罢免参","0","2","2"
"周罢免参知","0","2","2"
"郎裴行俭为","0","2","2"
"裴行俭为礼","0","2","2"
"行俭为礼部","0","2","2"
"俭为礼部尚","0","2","2"
"奖赏他擒捉","0","2","2"
"赏他擒捉都","0","2","2"
"他擒捉都支","0","2","2"
"遮匐的功劳","0","2","2"
"皇上在洛城","0","2","2"
"上在洛城南","0","2","2"
"在洛城南门","0","2","2"
"城南门楼宴","0","2","2"
"南门楼宴请","0","2","2"
"门楼宴请诸","0","2","2"
"楼宴请诸王","0","2","2"
"各司衙门三","0","2","2"
"司衙门三品","0","2","2"
"以及各州都","0","2","2"
"及各州都督","0","2","2"
"各州都督刺","0","2","2"
"乐队奏新制","0","2","2"
"队奏新制作","0","2","2"
"奏新制作的","0","2","2"
"已去世之符","0","2","2"
"去世之符玺","0","2","2"
"世之符玺郎","0","2","2"
"之符玺郎李","0","2","2"
"李延寿撰写","0","2","2"
"文辞博学方","0","2","2"
"辞博学方正","0","2","2"
"虽然已经佚","0","2","2"
"然已经佚亡","0","2","2"
"功劳还可记","0","2","2"
"劳还可记载","0","2","2"
"应该赐给他","0","2","2"
"该赐给他家","0","2","2"
"赐给他家绢","0","2","2"
"给他家绢绸","0","2","2"
"他家绢绸五","0","2","2"
"家绢绸五十","0","2","2"
"绢绸五十匹","0","2","2"
"王元轨率领","0","2","2"
"元轨率领文","0","2","2"
"轨率领文武","0","2","2"
"请求拿出一","0","2","2"
"求拿出一个","0","2","2"
"拿出一个月","0","2","2"
"出一个月的","0","2","2"
"月的薪俸以","0","2","2"
"的薪俸以及","0","2","2"
"薪俸以及官","0","2","2"
"俸以及官俸","0","2","2"
"以及官俸以","0","2","2"
"及官俸以外","0","2","2"
"俸以外的食","0","2","2"
"的食料钱来","0","2","2"
"食料钱来助","0","2","2"
"料钱来助军","0","2","2"
"钱来助军用","0","2","2"
"驾到汝州的","0","2","2"
"到汝州的温","0","2","2"
"汝州的温汤","0","2","2"
"到了少室山","0","2","2"
"亲自晋见少","0","2","2"
"自晋见少姨","0","2","2"
"晋见少姨庙","0","2","2"
"赐给已故玉","0","2","2"
"给已故玉清","0","2","2"
"已故玉清观","0","2","2"
"士王远知的","0","2","2"
"王远知的谥","0","2","2"
"远知的谥号","0","2","2"
"知的谥号叫","0","2","2"
"的谥号叫升","0","2","2"
"谥号叫升真","0","2","2"
"号叫升真先","0","2","2"
"叫升真先生","0","2","2"
"追赠为太中","0","2","2"
"赠为太中大","0","2","2"
"上又驾到逍","0","2","2"
"又驾到逍遥","0","2","2"
"驾到逍遥谷","0","2","2"
"到逍遥谷道","0","2","2"
"师正所居之","0","2","2"
"正所居之地","0","2","2"
"上从温汤返","0","2","2"
"从温汤返回","0","2","2"
"温汤返回东","0","2","2"
"汤返回东都","0","2","2"
"裴行俭在黑","0","2","2"
"行俭在黑山","0","2","2"
"俭在黑山大","0","2","2"
"在黑山大破","0","2","2"
"黑山大破突","0","2","2"
"活捉突厥首","0","2","2"
"捉突厥首领","0","2","2"
"突厥首领奉","0","2","2"
"厥首领奉职","0","2","2"
"伪突厥可汗","0","2","2"
"突厥可汗泥","0","2","2"
"厥可汗泥熟","0","2","2"
"可汗泥熟匐","0","2","2"
"汗泥熟匐被","0","2","2"
"泥熟匐被他","0","2","2"
"熟匐被他的","0","2","2"
"匐被他的部","0","2","2"
"被他的部下","0","2","2"
"他的部下所","0","2","2"
"的部下所杀","0","2","2"
"首级传送京","0","2","2"
"级传送京师","0","2","2"
"传送京师前","0","2","2"
"送京师前来","0","2","2"
"京师前来投","0","2","2"
"师前来投降","0","2","2"
"上驾到紫桂","0","2","2"
"驾到紫桂宫","0","2","2"
"郎王德真都","0","2","2"
"王德真都任","0","2","2"
"德真都任同","0","2","2"
"真都任同中","0","2","2"
"使李敬玄与","0","2","2"
"李敬玄与吐","0","2","2"
"敬玄与吐蕃","0","2","2"
"玄与吐蕃将","0","2","2"
"与吐蕃将赞","0","2","2"
"蕃将赞婆在","0","2","2"
"将赞婆在湟","0","2","2"
"赞婆在湟中","0","2","2"
"婆在湟中作","0","2","2"
"在湟中作战","0","2","2"
"当时左武卫","0","2","2"
"军黑齿常之","0","2","2"
"黑齿常之奋","0","2","2"
"齿常之奋力","0","2","2"
"常之奋力作","0","2","2"
"之奋力作战","0","2","2"
"于是被提升","0","2","2"
"是被提升为","0","2","2"
"被提升为河","0","2","2"
"提升为河源","0","2","2"
"升为河源军","0","2","2"
"为河源军经","0","2","2"
"并命令李敬","0","2","2"
"命令李敬玄","0","2","2"
"李敬玄镇守","0","2","2"
"敬玄镇守鄯","0","2","2"
"玄镇守鄯州","0","2","2"
"为黑齿常之","0","2","2"
"黑齿常之的","0","2","2"
"齿常之的声","0","2","2"
"常之的声援","0","2","2"
"江王元祥去","0","2","2"
"王元祥去世","0","2","2"
"突厥剩余部","0","2","2"
"厥剩余部众","0","2","2"
"剩余部众包","0","2","2"
"余部众包围","0","2","2"
"部众包围云","0","2","2"
"众包围云州","0","2","2"
"务挺击破他","0","2","2"
"挺击破他们","0","2","2"
"皇上从紫桂","0","2","2"
"上从紫桂宫","0","2","2"
"从紫桂宫还","0","2","2"
"紫桂宫还东","0","2","2"
"桂宫还东都","0","2","2"
"督李敬玄降","0","2","2"
"李敬玄降职","0","2","2"
"敬玄降职为","0","2","2"
"玄降职为衡","0","2","2"
"降职为衡州","0","2","2"
"职为衡州刺","0","2","2"
"废除皇太子","0","2","2"
"除皇太子贤","0","2","2"
"皇太子贤为","0","2","2"
"太子贤为庶","0","2","2"
"子贤为庶人","0","2","2"
"幽禁关押在","0","2","2"
"禁关押在别","0","2","2"
"关押在别的","0","2","2"
"押在别的地","0","2","2"
"立英王李哲","0","2","2"
"英王李哲为","0","2","2"
"调露二年为","0","2","2"
"露二年为永","0","2","2"
"二年为永隆","0","2","2"
"年为永隆元","0","2","2"
"为永隆元年","0","2","2"
"品张大安因","0","2","2"
"张大安因与","0","2","2"
"大安因与庶","0","2","2"
"安因与庶人","0","2","2"
"因与庶人李","0","2","2"
"与庶人李贤","0","2","2"
"人李贤的关","0","2","2"
"李贤的关系","0","2","2"
"贤的关系犯","0","2","2"
"的关系犯法","0","2","2"
"关系犯法降","0","2","2"
"系犯法降职","0","2","2"
"犯法降职为","0","2","2"
"法降职为普","0","2","2"
"淹死的人官","0","2","2"
"死的人官府","0","2","2"
"的人官府给","0","2","2"
"人官府给予","0","2","2"
"官府给予他","0","2","2"
"府给予他们","0","2","2"
"给予他们小","0","2","2"
"予他们小而","0","2","2"
"他们小而薄","0","2","2"
"们小而薄的","0","2","2"
"小而薄的棺","0","2","2"
"而薄的棺材","0","2","2"
"薄的棺材安","0","2","2"
"的棺材安葬","0","2","2"
"死者之家赐","0","2","2"
"者之家赐帛","0","2","2"
"之家赐帛布","0","2","2"
"家赐帛布七","0","2","2"
"赐帛布七段","0","2","2"
"曹王明封为","0","2","2"
"王明封为零","0","2","2"
"明封为零陵","0","2","2"
"封为零陵郡","0","2","2"
"为零陵郡王","0","2","2"
"送到黔州安","0","2","2"
"因为他犯了","0","2","2"
"为他犯了依","0","2","2"
"他犯了依附","0","2","2"
"犯了依附庶","0","2","2"
"了依附庶人","0","2","2"
"依附庶人李","0","2","2"
"附庶人李贤","0","2","2"
"人李贤的罪","0","2","2"
"粮食减价由","0","2","2"
"食减价由官","0","2","2"
"减价由官府","0","2","2"
"价由官府出","0","2","2"
"由官府出卖","0","2","2"
"以救济饥荒","0","2","2"
"上命令将军","0","2","2"
"命令将军李","0","2","2"
"令将军李知","0","2","2"
"王杲等人分","0","2","2"
"杲等人分兵","0","2","2"
"等人分兵抵","0","2","2"
"人分兵抵御","0","2","2"
"分兵抵御突","0","2","2"
"兵抵御突厥","0","2","2"
"皇上派礼部","0","2","2"
"上派礼部尚","0","2","2"
"书裴行俭为","0","2","2"
"率军讨伐突","0","2","2"
"军讨伐突厥","0","2","2"
"讨伐突厥温","0","2","2"
"伐突厥温傅","0","2","2"
"同州人民住","0","2","2"
"州人民住户","0","2","2"
"人民住户应","0","2","2"
"民住户应该","0","2","2"
"住户应该免","0","2","2"
"户应该免除","0","2","2"
"免除两年地","0","2","2"
"除两年地税","0","2","2"
"河北遭水灾","0","2","2"
"北遭水灾之","0","2","2"
"水灾之处免","0","2","2"
"灾之处免地","0","2","2"
"之处免地税","0","2","2"
"处免地税一","0","2","2"
"免地税一年","0","2","2"
"诏令雍州长","0","2","2"
"令雍州长史","0","2","2"
"史李义玄道","0","2","2"
"朕想返回到","0","2","2"
"想返回到真","0","2","2"
"返回到真淳","0","2","2"
"回到真淳质","0","2","2"
"到真淳质朴","0","2","2"
"向天下表示","0","2","2"
"天下表示朴","0","2","2"
"下表示朴素","0","2","2"
"表示朴素的","0","2","2"
"示朴素的本","0","2","2"
"朴素的本质","0","2","2"
"我们听说游","0","2","2"
"们听说游手","0","2","2"
"听说游手好","0","2","2"
"说游手好闲","0","2","2"
"手好闲的人","0","2","2"
"好闲的人废","0","2","2"
"闲的人废弃","0","2","2"
"的人废弃劳","0","2","2"
"人废弃劳作","0","2","2"
"废弃劳作事","0","2","2"
"弃劳作事业","0","2","2"
"此类人很多","0","2","2"
"年成稍微不","0","2","2"
"成稍微不好","0","2","2"
"便会遭到饥","0","2","2"
"会遭到饥荒","0","2","2"
"粮食蔬菜都","0","2","2"
"食蔬菜都没","0","2","2"
"蔬菜都没有","0","2","2"
"其他各色绸","0","2","2"
"他各色绸缎","0","2","2"
"以及妇女裙","0","2","2"
"及妇女裙衣","0","2","2"
"妇女裙衣等","0","2","2"
"奢侈浪费既","0","2","2"
"侈浪费既广","0","2","2"
"都害得女工","0","2","2"
"害得女工劳","0","2","2"
"得女工劳作","0","2","2"
"与朕地位相","0","2","2"
"朕地位相当","0","2","2"
"常常穿七条","0","2","2"
"常穿七条破","0","2","2"
"穿七条破花","0","2","2"
"七条破花裙","0","2","2"
"难道她不知","0","2","2"
"道她不知道","0","2","2"
"她不知道还","0","2","2"
"不知道还有","0","2","2"
"知道还有奢","0","2","2"
"道还有奢侈","0","2","2"
"还有奢侈华","0","2","2"
"有奢侈华丽","0","2","2"
"奢侈华丽的","0","2","2"
"侈华丽的服","0","2","2"
"华丽的服饰","0","2","2"
"那是务必遵","0","2","2"
"是务必遵循","0","2","2"
"务必遵循节","0","2","2"
"必遵循节俭","0","2","2"
"那些紫色服","0","2","2"
"些紫色服饰","0","2","2"
"赤色的贵重","0","2","2"
"色的贵重衣","0","2","2"
"的贵重衣服","0","2","2"
"民间里巷的","0","2","2"
"间里巷的人","0","2","2"
"里巷的人公","0","2","2"
"巷的人公然","0","2","2"
"的人公然穿","0","2","2"
"人公然穿戴","0","2","2"
"加之商贾富","0","2","2"
"之商贾富人","0","2","2"
"你可以严加","0","2","2"
"可以严加拘","0","2","2"
"以严加拘留","0","2","2"
"要使他们重","0","2","2"
"使他们重新","0","2","2"
"他们重新奢","0","2","2"
"们重新奢侈","0","2","2"
"皇太子亲自","0","2","2"
"太子亲自陈","0","2","2"
"子亲自陈设","0","2","2"
"亲自陈设酒","0","2","2"
"自陈设酒食","0","2","2"
"品刘仁轨兼","0","2","2"
"仁轨兼任太","0","2","2"
"轨兼任太子","0","2","2"
"管曹怀舜与","0","2","2"
"曹怀舜与突","0","2","2"
"怀舜与突厥","0","2","2"
"舜与突厥史","0","2","2"
"与突厥史伏","0","2","2"
"厥史伏念在","0","2","2"
"史伏念在横","0","2","2"
"伏念在横水","0","2","2"
"念在横水作","0","2","2"
"在横水作战","0","2","2"
"曹怀舜减免","0","2","2"
"怀舜减免死","0","2","2"
"舜减免死罪","0","2","2"
"配到岭南充","0","2","2"
"到岭南充军","0","2","2"
"已故江王元","0","2","2"
"江王元祥之","0","2","2"
"王元祥之子","0","2","2"
"元祥之子日","0","2","2"
"祥之子日卓","0","2","2"
"之子日卓因","0","2","2"
"子日卓因为","0","2","2"
"日卓因为违","0","2","2"
"卓因为违犯","0","2","2"
"因为违犯名","0","2","2"
"为违犯名教","0","2","2"
"在大理寺后","0","2","2"
"理寺后园被","0","2","2"
"寺后园被斩","0","2","2"
"后园被斩首","0","2","2"
"太平公主下","0","2","2"
"主下嫁给薛","0","2","2"
"下嫁给薛绍","0","2","2"
"赦免京城关","0","2","2"
"免京城关押","0","2","2"
"上因为服食","0","2","2"
"因为服食丹","0","2","2"
"为服食丹药","0","2","2"
"雍州起大风","0","2","2"
"州起大风危","0","2","2"
"起大风危害","0","2","2"
"大风危害了","0","2","2"
"风危害了庄","0","2","2"
"厥史伏念之","0","2","2"
"史伏念之部","0","2","2"
"伏念之部众","0","2","2"
"史伏念因为","0","2","2"
"伏念因为程","0","2","2"
"念因为程务","0","2","2"
"因为程务挺","0","2","2"
"为程务挺追","0","2","2"
"程务挺追赶","0","2","2"
"务挺追赶太","0","2","2"
"挺追赶太急","0","2","2"
"于是抓住温","0","2","2"
"是抓住温傅","0","2","2"
"抓住温傅来","0","2","2"
"住温傅来投","0","2","2"
"温傅来投降","0","2","2"
"裴行俭于是","0","2","2"
"行俭于是全","0","2","2"
"俭于是全部","0","2","2"
"于是全部平","0","2","2"
"是全部平定","0","2","2"
"部平定了突","0","2","2"
"平定了突厥","0","2","2"
"定了突厥余","0","2","2"
"了突厥余党","0","2","2"
"裴行俭捉住","0","2","2"
"行俭捉住了","0","2","2"
"俭捉住了史","0","2","2"
"捉住了史伏","0","2","2"
"住了史伏念","0","2","2"
"允许遭水灾","0","2","2"
"许遭水灾的","0","2","2"
"遭水灾的地","0","2","2"
"水灾的地方","0","2","2"
"灾的地方前","0","2","2"
"的地方前往","0","2","2"
"地方前往江","0","2","2"
"淮以南地方","0","2","2"
"以南地方寻","0","2","2"
"南地方寻找","0","2","2"
"地方寻找食","0","2","2"
"方寻找食物","0","2","2"
"书崔知悌去","0","2","2"
"崔知悌去世","0","2","2"
"改交州为安","0","2","2"
"交州为安南","0","2","2"
"州为安南都","0","2","2"
"彗星在天市","0","2","2"
"星在天市星","0","2","2"
"在天市星上","0","2","2"
"天市星上出","0","2","2"
"市星上出现","0","2","2"
"特别赦免定","0","2","2"
"别赦免定襄","0","2","2"
"赦免定襄军","0","2","2"
"免定襄军以","0","2","2"
"定襄军以及","0","2","2"
"襄军以及为","0","2","2"
"军以及为征","0","2","2"
"以及为征讨","0","2","2"
"及为征讨突","0","2","2"
"为征讨突厥","0","2","2"
"征讨突厥不","0","2","2"
"讨突厥不力","0","2","2"
"突厥不力的","0","2","2"
"厥不力的官","0","2","2"
"不力的官吏","0","2","2"
"力的官吏士","0","2","2"
"的官吏士兵","0","2","2"
"官吏士兵等","0","2","2"
"王金法敏去","0","2","2"
"金法敏去世","0","2","2"
"仍以他的儿","0","2","2"
"他的儿子政","0","2","2"
"的儿子政继","0","2","2"
"儿子政继承","0","2","2"
"子政继承新","0","2","2"
"政继承新罗","0","2","2"
"继承新罗王","0","2","2"
"承新罗王位","0","2","2"
"迁徙庶人贤","0","2","2"
"徙庶人贤到","0","2","2"
"庶人贤到巴","0","2","2"
"人贤到巴州","0","2","2"
"吐火罗贡献","0","2","2"
"火罗贡献金","0","2","2"
"罗贡献金衣","0","2","2"
"贡献金衣一","0","2","2"
"献金衣一件","0","2","2"
"公郝处俊去","0","2","2"
"郝处俊去世","0","2","2"
"皇上免除了","0","2","2"
"上免除了朝","0","2","2"
"免除了朝会","0","2","2"
"关内各府军","0","2","2"
"内各府军队","0","2","2"
"命令他们到","0","2","2"
"令他们到邓","0","2","2"
"他们到邓州","0","2","2"
"绥州等地就","0","2","2"
"州等地就地","0","2","2"
"等地就地取","0","2","2"
"地就地取食","0","2","2"
"因为太子诞","0","2","2"
"为太子诞生","0","2","2"
"太子诞生的","0","2","2"
"子诞生的皇","0","2","2"
"诞生的皇孙","0","2","2"
"生的皇孙满","0","2","2"
"的皇孙满月","0","2","2"
"开耀二年为","0","2","2"
"耀二年为永","0","2","2"
"二年为永淳","0","2","2"
"年为永淳元","0","2","2"
"为永淳元年","0","2","2"
"皇孙重照为","0","2","2"
"孙重照为皇","0","2","2"
"重照为皇太","0","2","2"
"照为皇太孙","0","2","2"
"想要开建府","0","2","2"
"要开建府署","0","2","2"
"中王方庆道","0","2","2"
"只有嫡子而","0","2","2"
"有嫡子而没","0","2","2"
"嫡子而没有","0","2","2"
"子而没有嫡","0","2","2"
"而没有嫡孙","0","2","2"
"汉魏以来皇","0","2","2"
"魏以来皇太","0","2","2"
"以来皇太子","0","2","2"
"来皇太子健","0","2","2"
"只是封王罢","0","2","2"
"是封王罢了","0","2","2"
"晋朝立愍怀","0","2","2"
"朝立愍怀太","0","2","2"
"愍怀太子之","0","2","2"
"怀太子之子","0","2","2"
"太子之子为","0","2","2"
"子之子为太","0","2","2"
"之子为太孙","0","2","2"
"齐国立文惠","0","2","2"
"国立文惠太","0","2","2"
"文惠太子昭","0","2","2"
"惠太子昭业","0","2","2"
"太子昭业为","0","2","2"
"子昭业为太","0","2","2"
"昭业为太孙","0","2","2"
"太孙便住在","0","2","2"
"孙便住在东","0","2","2"
"便住在东宫","0","2","2"
"住在东宫而","0","2","2"
"在东宫而为","0","2","2"
"东宫而为实","0","2","2"
"宫而为实际","0","2","2"
"而为实际上","0","2","2"
"为实际上的","0","2","2"
"实际上的太","0","2","2"
"际上的太子","0","2","2"
"而皇太子健","0","2","2"
"太子健在然","0","2","2"
"子健在然而","0","2","2"
"健在然而却","0","2","2"
"在然而却立","0","2","2"
"然而却立皇","0","2","2"
"而却立皇太","0","2","2"
"却立皇太孙","0","2","2"
"从我开始作","0","2","2"
"我开始作为","0","2","2"
"开始作为古","0","2","2"
"始作为古代","0","2","2"
"可以然而终","0","2","2"
"以然而终竟","0","2","2"
"然而终竟不","0","2","2"
"而终竟不为","0","2","2"
"终竟不为皇","0","2","2"
"竟不为皇太","0","2","2"
"不为皇太孙","0","2","2"
"为皇太孙开","0","2","2"
"皇太孙开府","0","2","2"
"太孙开府建","0","2","2"
"孙开府建署","0","2","2"
"日光呈赤褐","0","2","2"
"光呈赤褐色","0","2","2"
"皇太子在东","0","2","2"
"太子在东京","0","2","2"
"子在东京留","0","2","2"
"在东京留守","0","2","2"
"命令刘仁轨","0","2","2"
"元超等人辅","0","2","2"
"超等人辅佐","0","2","2"
"等人辅佐太","0","2","2"
"人辅佐太子","0","2","2"
"皇上因为谷","0","2","2"
"上因为谷价","0","2","2"
"因为谷价太","0","2","2"
"为谷价太贵","0","2","2"
"减少随驾扈","0","2","2"
"少随驾扈从","0","2","2"
"随驾扈从之","0","2","2"
"驾扈从之兵","0","2","2"
"跟从的士子","0","2","2"
"从的士子百","0","2","2"
"的士子百姓","0","2","2"
"士子百姓大","0","2","2"
"子百姓大多","0","2","2"
"百姓大多饿","0","2","2"
"姓大多饿倒","0","2","2"
"大多饿倒在","0","2","2"
"多饿倒在路","0","2","2"
"饿倒在路上","0","2","2"
"以裴行俭为","0","2","2"
"裴行俭为金","0","2","2"
"行俭为金牙","0","2","2"
"俭为金牙道","0","2","2"
"为金牙道行","0","2","2"
"与将军阎怀","0","2","2"
"怀旦等三个","0","2","2"
"旦等三个总","0","2","2"
"等三个总管","0","2","2"
"三个总管分","0","2","2"
"个总管分几","0","2","2"
"总管分几路","0","2","2"
"管分几路讨","0","2","2"
"分几路讨伐","0","2","2"
"几路讨伐十","0","2","2"
"路讨伐十姓","0","2","2"
"讨伐十姓突","0","2","2"
"伐十姓突厥","0","2","2"
"厥阿史那车","0","2","2"
"阿史那车薄","0","2","2"
"裴行俭尚未","0","2","2"
"行俭尚未出","0","2","2"
"俭尚未出师","0","2","2"
"尚未出师而","0","2","2"
"未出师而去","0","2","2"
"出师而去世","0","2","2"
"皇上驾到渑","0","2","2"
"上驾到渑池","0","2","2"
"驾到渑池之","0","2","2"
"到渑池之紫","0","2","2"
"渑池之紫桂","0","2","2"
"池之紫桂宫","0","2","2"
"皇上对参知","0","2","2"
"上对参知政","0","2","2"
"对参知政事","0","2","2"
"事崔知温道","0","2","2"
"郭待举等人","0","2","2"
"待举等人历","0","2","2"
"举等人历任","0","2","2"
"等人历任官","0","2","2"
"人历任官职","0","2","2"
"历任官职还","0","2","2"
"任官职还浅","0","2","2"
"暂且让他们","0","2","2"
"且让他们参","0","2","2"
"让他们参预","0","2","2"
"他们参预政","0","2","2"
"们参预政事","0","2","2"
"不能马上与","0","2","2"
"能马上与你","0","2","2"
"马上与你们","0","2","2"
"上与你们同","0","2","2"
"与你们同受","0","2","2"
"你们同受一","0","2","2"
"们同受一个","0","2","2"
"同受一个职","0","2","2"
"受一个职务","0","2","2"
"一个职务称","0","2","2"
"个职务称呼","0","2","2"
"从此宫外百","0","2","2"
"此宫外百官","0","2","2"
"宫外百官四","0","2","2"
"外百官四品","0","2","2"
"百官四品以","0","2","2"
"四品以下任","0","2","2"
"品以下任知","0","2","2"
"以下任知政","0","2","2"
"下任知政事","0","2","2"
"任知政事者","0","2","2"
"就以平章为","0","2","2"
"以平章为职","0","2","2"
"平章为职务","0","2","2"
"章为职务名","0","2","2"
"为职务名称","0","2","2"
"设置东都苑","0","2","2"
"从十四日开","0","2","2"
"十四日开始","0","2","2"
"四日开始连","0","2","2"
"日开始连续","0","2","2"
"开始连续降","0","2","2"
"始连续降下","0","2","2"
"连续降下时","0","2","2"
"续降下时雨","0","2","2"
"冲坏了天津","0","2","2"
"坏了天津及","0","2","2"
"了天津及中","0","2","2"
"天津及中桥","0","2","2"
"淹没居民一","0","2","2"
"没居民一千","0","2","2"
"民一千多家","0","2","2"
"关中开始下","0","2","2"
"中开始下雨","0","2","2"
"麦苗因水涝","0","2","2"
"苗因水涝而","0","2","2"
"因水涝而受","0","2","2"
"水涝而受损","0","2","2"
"后来又干旱","0","2","2"
"蝗虫把麦苗","0","2","2"
"虫把麦苗全","0","2","2"
"把麦苗全部","0","2","2"
"麦苗全部吃","0","2","2"
"苗全部吃光","0","2","2"
"加上人民害","0","2","2"
"上人民害瘟","0","2","2"
"人民害瘟疫","0","2","2"
"死亡者在道","0","2","2"
"亡者在道路","0","2","2"
"者在道路上","0","2","2"
"在道路上纵","0","2","2"
"道路上纵横","0","2","2"
"路上纵横交","0","2","2"
"上纵横交错","0","2","2"
"一个连一个","0","2","2"
"上诏令各所","0","2","2"
"诏令各所在","0","2","2"
"令各所在地","0","2","2"
"各所在地区","0","2","2"
"所在地区的","0","2","2"
"在地区的官","0","2","2"
"地区的官府","0","2","2"
"区的官府将","0","2","2"
"的官府将他","0","2","2"
"官府将他们","0","2","2"
"府将他们埋","0","2","2"
"将他们埋葬","0","2","2"
"以岐州刺史","0","2","2"
"史苏良嗣为","0","2","2"
"苏良嗣为雍","0","2","2"
"良嗣为雍州","0","2","2"
"嗣为雍州长","0","2","2"
"京师人们互","0","2","2"
"师人们互相","0","2","2"
"人们互相残","0","2","2"
"们互相残杀","0","2","2"
"互相残杀吞","0","2","2"
"相残杀吞食","0","2","2"
"在嵩山之南","0","2","2"
"嵩山之南建","0","2","2"
"山之南建造","0","2","2"
"之南建造奉","0","2","2"
"南建造奉天","0","2","2"
"建造奉天宫","0","2","2"
"仍旧设置嵩","0","2","2"
"旧设置嵩阳","0","2","2"
"设置嵩阳县","0","2","2"
"又在蓝田建","0","2","2"
"在蓝田建造","0","2","2"
"蓝田建造万","0","2","2"
"田建造万全","0","2","2"
"建造万全宫","0","2","2"
"零陵王明去","0","2","2"
"陵王明去世","0","2","2"
"吐蕃入侵柘","0","2","2"
"冬天十月五","0","2","2"
"天十月五日","0","2","2"
"郎刘景先任","0","2","2"
"刘景先任同","0","2","2"
"景先任同平","0","2","2"
"先任同平章","0","2","2"
"于阗等国各","0","2","2"
"阗等国各献","0","2","2"
"等国各献土","0","2","2"
"国各献土特","0","2","2"
"各献土特产","0","2","2"
"突厥残余党","0","2","2"
"厥残余党羽","0","2","2"
"残余党羽阿","0","2","2"
"余党羽阿史","0","2","2"
"党羽阿史那","0","2","2"
"羽阿史那骨","0","2","2"
"那骨笃禄等","0","2","2"
"骨笃禄等人","0","2","2"
"笃禄等人招","0","2","2"
"禄等人招集","0","2","2"
"等人招集残","0","2","2"
"人招集残余","0","2","2"
"招集残余部","0","2","2"
"集残余部众","0","2","2"
"占据黑沙城","0","2","2"
"入侵并州北","0","2","2"
"侵并州北边","0","2","2"
"并州北边边","0","2","2"
"州北边边境","0","2","2"
"遣使者祭祀","0","2","2"
"使者祭祀嵩","0","2","2"
"者祭祀嵩岳","0","2","2"
"祭祀嵩岳山","0","2","2"
"并祭祀西王","0","2","2"
"祭祀西王母","0","2","2"
"许由等人的","0","2","2"
"由等人的祠","0","2","2"
"等人的祠庙","0","2","2"
"妫州的边境","0","2","2"
"军薛仁贵去","0","2","2"
"薛仁贵去世","0","2","2"
"厥阿史那骨","0","2","2"
"德元珍等人","0","2","2"
"元珍等人包","0","2","2"
"珍等人包围","0","2","2"
"等人包围单","0","2","2"
"人包围单于","0","2","2"
"包围单于都","0","2","2"
"围单于都护","0","2","2"
"彗星在五车","0","2","2"
"星在五车北","0","2","2"
"在五车北星","0","2","2"
"五车北星座","0","2","2"
"车北星座上","0","2","2"
"北星座上出","0","2","2"
"星座上出现","0","2","2"
"二十五天以","0","2","2"
"十五天以后","0","2","2"
"五天以后才","0","2","2"
"天以后才熄","0","2","2"
"以后才熄灭","0","2","2"
"令崔知温去","0","2","2"
"崔知温去世","0","2","2"
"稽白铁余占","0","2","2"
"白铁余占据","0","2","2"
"铁余占据城","0","2","2"
"余占据城平","0","2","2"
"占据城平县","0","2","2"
"据城平县造","0","2","2"
"城平县造反","0","2","2"
"务挺率兵讨","0","2","2"
"挺率兵讨伐","0","2","2"
"皇上驾到芳","0","2","2"
"上驾到芳桂","0","2","2"
"驾到芳桂宫","0","2","2"
"突厥入侵蔚","0","2","2"
"厥入侵蔚州","0","2","2"
"杀了刺史李","0","2","2"
"了刺史李思","0","2","2"
"崔智辨率军","0","2","2"
"智辨率军从","0","2","2"
"辨率军从朝","0","2","2"
"率军从朝那","0","2","2"
"军从朝那山","0","2","2"
"从朝那山出","0","2","2"
"朝那山出发","0","2","2"
"乘敌不备而","0","2","2"
"敌不备而打","0","2","2"
"不备而打击","0","2","2"
"备而打击他","0","2","2"
"而打击他们","0","2","2"
"但被贼人所","0","2","2"
"被贼人所击","0","2","2"
"贼人所击败","0","2","2"
"于是贼人入","0","2","2"
"是贼人入侵","0","2","2"
"贼人入侵岚","0","2","2"
"人入侵岚州","0","2","2"
"皇孙重福为","0","2","2"
"孙重福为唐","0","2","2"
"重福为唐昌","0","2","2"
"福为唐昌郡","0","2","2"
"为唐昌郡王","0","2","2"
"王轮改封为","0","2","2"
"轮改封为豫","0","2","2"
"王重福为京","0","2","2"
"重福为京师","0","2","2"
"福为京师留","0","2","2"
"刘仁轨为副","0","2","2"
"仁轨为副留","0","2","2"
"轨为副留守","0","2","2"
"皇上召皇太","0","2","2"
"上召皇太子","0","2","2"
"召皇太子到","0","2","2"
"皇太子到东","0","2","2"
"黄河水猛涨","0","2","2"
"冲坏河阳城","0","2","2"
"水面比城内","0","2","2"
"面比城内高","0","2","2"
"比城内高五","0","2","2"
"城内高五尺","0","2","2"
"往北一直淹","0","2","2"
"北一直淹到","0","2","2"
"一直淹到盐","0","2","2"
"直淹到盐坎","0","2","2"
"平民房屋全","0","2","2"
"民房屋全被","0","2","2"
"房屋全被淹","0","2","2"
"屋全被淹没","0","2","2"
"全被淹没冲","0","2","2"
"被淹没冲走","0","2","2"
"南北两面土","0","2","2"
"北两面土地","0","2","2"
"两面土地全","0","2","2"
"面土地全被","0","2","2"
"土地全被破","0","2","2"
"地全被破坏","0","2","2"
"当时天后从","0","2","2"
"时天后从封","0","2","2"
"天后从封泰","0","2","2"
"后从封泰山","0","2","2"
"从封泰山以","0","2","2"
"封泰山以后","0","2","2"
"劝皇上封中","0","2","2"
"皇上封中岳","0","2","2"
"每次皇上下","0","2","2"
"次皇上下诏","0","2","2"
"上下诏书草","0","2","2"
"下诏书草拟","0","2","2"
"诏书草拟礼","0","2","2"
"书草拟礼节","0","2","2"
"草拟礼节制","0","2","2"
"拟礼节制度","0","2","2"
"就马上发生","0","2","2"
"马上发生荒","0","2","2"
"上发生荒年","0","2","2"
"发生边境警","0","2","2"
"生边境警急","0","2","2"
"边境警急事","0","2","2"
"境警急事件","0","2","2"
"警急事件而","0","2","2"
"急事件而后","0","2","2"
"事件而后终","0","2","2"
"件而后终止","0","2","2"
"现在又再次","0","2","2"
"在又再次行","0","2","2"
"又再次行分","0","2","2"
"再次行分封","0","2","2"
"次行分封嵩","0","2","2"
"行分封嵩山","0","2","2"
"分封嵩山之","0","2","2"
"封嵩山之礼","0","2","2"
"皇上又患病","0","2","2"
"上又患病而","0","2","2"
"又患病而终","0","2","2"
"患病而终止","0","2","2"
"皇上苦于头","0","2","2"
"上苦于头痛","0","2","2"
"苦于头痛不","0","2","2"
"于头痛不可","0","2","2"
"头痛不可忍","0","2","2"
"痛不可忍耐","0","2","2"
"医秦鸣鹤道","0","2","2"
"刺头微微出","0","2","2"
"头微微出血","0","2","2"
"天后在帷帐","0","2","2"
"后在帷帐中","0","2","2"
"在帷帐中说","0","2","2"
"帷帐中说道","0","2","2"
"此医可斩首","0","2","2"
"想要在皇上","0","2","2"
"要在皇上头","0","2","2"
"在皇上头上","0","2","2"
"皇上头上刺","0","2","2"
"上头上刺出","0","2","2"
"头上刺出血","0","2","2"
"上刺出血来","0","2","2"
"刺出血来吗","0","2","2"
"出血来吗皇","0","2","2"
"血来吗皇上","0","2","2"
"来吗皇上道","0","2","2"
"我苦于头痛","0","2","2"
"出血未必不","0","2","2"
"血未必不好","0","2","2"
"未必不好侍","0","2","2"
"必不好侍医","0","2","2"
"不好侍医就","0","2","2"
"好侍医就用","0","2","2"
"侍医就用针","0","2","2"
"医就用针刺","0","2","2"
"就用针刺百","0","2","2"
"用针刺百会","0","2","2"
"我的眼睛明","0","2","2"
"的眼睛明亮","0","2","2"
"眼睛明亮了","0","2","2"
"军程务挺为","0","2","2"
"程务挺为单","0","2","2"
"务挺为单于","0","2","2"
"挺为单于道","0","2","2"
"为单于道安","0","2","2"
"单于道安抚","0","2","2"
"于道安抚大","0","2","2"
"凭借招讨总","0","2","2"
"借招讨总管","0","2","2"
"招讨总管的","0","2","2"
"讨总管的身","0","2","2"
"总管的身份","0","2","2"
"管的身份讨","0","2","2"
"的身份讨伐","0","2","2"
"身份讨伐山","0","2","2"
"份讨伐山贼","0","2","2"
"讨伐山贼元","0","2","2"
"伐山贼元珍","0","2","2"
"正一等人在","0","2","2"
"一等人在东","0","2","2"
"等人在东宫","0","2","2"
"人在东宫任","0","2","2"
"在东宫任同","0","2","2"
"东宫任同平","0","2","2"
"宫任同平章","0","2","2"
"皇上从奉天","0","2","2"
"上从奉天宫","0","2","2"
"从奉天宫回","0","2","2"
"奉天宫回东","0","2","2"
"天宫回东都","0","2","2"
"皇上病得很","0","2","2"
"上病得很厉","0","2","2"
"病得很厉害","0","2","2"
"宰相以下大","0","2","2"
"相以下大臣","0","2","2"
"以下大臣都","0","2","2"
"下大臣都不","0","2","2"
"大臣都不能","0","2","2"
"臣都不能晋","0","2","2"
"都不能晋见","0","2","2"
"不能晋见皇","0","2","2"
"能晋见皇上","0","2","2"
"将要宣布赦","0","2","2"
"要宣布赦免","0","2","2"
"宣布赦免之","0","2","2"
"布赦免之书","0","2","2"
"皇上想要亲","0","2","2"
"上想要亲自","0","2","2"
"想要亲自到","0","2","2"
"要亲自到则","0","2","2"
"亲自到则天","0","2","2"
"自到则天门","0","2","2"
"到则天门楼","0","2","2"
"由于气不顺","0","2","2"
"于气不顺而","0","2","2"
"气不顺而不","0","2","2"
"不顺而不能","0","2","2"
"顺而不能上","0","2","2"
"而不能上马","0","2","2"
"于是召百姓","0","2","2"
"是召百姓在","0","2","2"
"召百姓在殿","0","2","2"
"百姓在殿前","0","2","2"
"姓在殿前宣","0","2","2"
"在殿前宣读","0","2","2"
"殿前宣读赦","0","2","2"
"前宣读赦免","0","2","2"
"宣读赦免书","0","2","2"
"皇上问侍臣","0","2","2"
"上问侍臣道","0","2","2"
"百姓喜欢吗","0","2","2"
"百姓承蒙皇","0","2","2"
"姓承蒙皇上","0","2","2"
"承蒙皇上赦","0","2","2"
"蒙皇上赦免","0","2","2"
"一个人不感","0","2","2"
"个人不感动","0","2","2"
"人不感动喜","0","2","2"
"不感动喜悦","0","2","2"
"但我的性命","0","2","2"
"我的性命危","0","2","2"
"的性命危险","0","2","2"
"天神地神若","0","2","2"
"神地神若延","0","2","2"
"地神若延长","0","2","2"
"神若延长我","0","2","2"
"若延长我一","0","2","2"
"延长我一两","0","2","2"
"长我一两个","0","2","2"
"我一两个月","0","2","2"
"一两个月的","0","2","2"
"两个月的命","0","2","2"
"能够回长安","0","2","2"
"死也无遗憾","0","2","2"
"也无遗憾了","0","2","2"
"皇上在贞观","0","2","2"
"上在贞观殿","0","2","2"
"在贞观殿去","0","2","2"
"贞观殿去世","0","2","2"
"当时年纪五","0","2","2"
"时年纪五十","0","2","2"
"年纪五十六","0","2","2"
"纪五十六岁","0","2","2"
"七天装在灵","0","2","2"
"天装在灵柩","0","2","2"
"装在灵柩内","0","2","2"
"军国大事有","0","2","2"
"国大事有不","0","2","2"
"大事有不能","0","2","2"
"事有不能决","0","2","2"
"有不能决断","0","2","2"
"不能决断者","0","2","2"
"请天后处理","0","2","2"
"天后处理决","0","2","2"
"后处理决断","0","2","2"
"年八月十一","0","2","2"
"安葬在乾陵","0","2","2"
"为临淄郡王","0","2","2"
"升为卫尉少","0","2","2"
"不同寻常的","0","2","2"
"的人认为是","0","2","2"
"面一万骑兵","0","2","2"
"一万骑兵从","0","2","2"
"睿宗即皇帝","0","2","2"
"天下诏书道","0","2","2"
"于大旗之下","0","2","2"
"还俗的僧尼","0","2","2"
"重新设置十","0","2","2"
"申王成义为","0","2","2"
"为虢州刺史","0","2","2"
"以抵御吐蕃","0","2","2"
"驾幸新丰之","0","2","2"
"幸新丰之温","0","2","2"
"从凤泉汤回","0","2","2"
"上从温汤回","0","2","2"
"皇上命令在","0","2","2"
"日皇上驾到","0","2","2"
"夏五月十五","0","2","2"
"个部落前来","0","2","2"
"移中宗神主","0","2","2"
"中宗神主到","0","2","2"
"元五年春正","0","2","2"
"天亲自祭祀","0","2","2"
"其余都加以","0","2","2"
"免除徭役一","0","2","2"
"除徭役一年","0","2","2"
"不出今年地","0","2","2"
"没有官职者","0","2","2"
"他们的名字","0","2","2"
"元六年春正","0","2","2"
"氵廛水猛涨","0","2","2"
"宗庙庭附带","0","2","2"
"庙庭附带祭","0","2","2"
"庭附带祭祀","0","2","2"
"外官三品以","0","2","2"
"赐物各有等","0","2","2"
"物各有等级","0","2","2"
"有等级区别","0","2","2"
"元八年春正","0","2","2"
"皇太子晋见","0","2","2"
"太子晋见太","0","2","2"
"子晋见太庙","0","2","2"
"元九年春正","0","2","2"
"蒲州为河中","0","2","2"
"州为河中府","0","2","2"
"监禁的囚徒","0","2","2"
"罪减免一等","0","2","2"
"开始就跟从","0","2","2"
"跟从皇上的","0","2","2"
"从皇上的人","0","2","2"
"武德年间的","0","2","2"
"德年间的功","0","2","2"
"年间的功臣","0","2","2"
"被监禁囚犯","0","2","2"
"神主到太庙","0","2","2"
"用酒宴欢庆","0","2","2"
"丰之温泉宫","0","2","2"
"有关官员详","0","2","2"
"关官员详细","0","2","2"
"皇上从凤泉","0","2","2"
"上从凤泉汤","0","2","2"
"为蕲州刺史","0","2","2"
"皇后王氏为","0","2","2"
"加谥号为惠","0","2","2"
"大将军兼内","0","2","2"
"将军兼内侍","0","2","2"
"军兼内侍杨","0","2","2"
"兼内侍杨思","0","2","2"
"杨思勖讨伐","0","2","2"
"放以下的罪","0","2","2"
"派御史中丞","0","2","2"
"分别隶属十","0","2","2"
"别隶属十二","0","2","2"
"第二十一子","0","2","2"
"派骠骑大将","0","2","2"
"冲坏漂走了","0","2","2"
"宇文融降职","0","2","2"
"文融降职为","0","2","2"
"为安西大都","0","2","2"
"坏百姓房屋","0","2","2"
"吐蕃入侵瓜","0","2","2"
"蕃入侵瓜州","0","2","2"
"抓住了刺史","0","2","2"
"百姓和官吏","0","2","2"
"突厥毗伽可","0","2","2"
"厥毗伽可汗","0","2","2"
"皇上车驾从","0","2","2"
"开元十六年","0","2","2"
"元十六年春","0","2","2"
"使者贡献土","0","2","2"
"者贡献土特","0","2","2"
"辒州都督张","0","2","2"
"令将天下被","0","2","2"
"将天下被关","0","2","2"
"日为千秋节","0","2","2"
"官署衙门及","0","2","2"
"署衙门及百","0","2","2"
"衙门及百姓","0","2","2"
"依旧管理政","0","2","2"
"旧管理政事","0","2","2"
"景为尚书左","0","2","2"
"到远处的官","0","2","2"
"远处的官员","0","2","2"
"五品以上清","0","2","2"
"品以上清官","0","2","2"
"驾到薛王业","0","2","2"
"当日便回宫","0","2","2"
"有关部门供","0","2","2"
"关部门供给","0","2","2"
"队讨伐他们","0","2","2"
"坏民房一千","0","2","2"
"上奏请求在","0","2","2"
"四品以上官","0","2","2"
"赐给五品以","0","2","2"
"请求奉上尊","0","2","2"
"求奉上尊号","0","2","2"
"皇上不允许","0","2","2"
"皇上在兴庆","0","2","2"
"上在兴庆宫","0","2","2"
"祭祀土地神","0","2","2"
"令两京及天","0","2","2"
"及天下各州","0","2","2"
"春正月十一","0","2","2"
"兵讨伐契丹","0","2","2"
"出使到吐蕃","0","2","2"
"同意了他的","0","2","2"
"拿出太仓之","0","2","2"
"派使者朝拜","0","2","2"
"朝大业末年","0","2","2"
"到工部尚书","0","2","2"
"皇太子李显","0","2","2"
"子太保的加","0","2","2"
"太保的加官","0","2","2"
"改年号为文","0","2","2"
"皇太后仍然","0","2","2"
"代行皇帝事","0","2","2"
"迁徙庐陵王","0","2","2"
"徙庐陵王李","0","2","2"
"陵王李哲到","0","2","2"
"兵抵御他们","0","2","2"
"官员及百姓","0","2","2"
"都让他们自","0","2","2"
"让他们自我","0","2","2"
"他们自我举","0","2","2"
"们自我举荐","0","2","2"
"事的人听任","0","2","2"
"的人听任他","0","2","2"
"人听任他们","0","2","2"
"总管讨伐他","0","2","2"
"改姓为虺氏","0","2","2"
"放充军到岭","0","2","2"
"神皇武则天","0","2","2"
"则天亲自祭","0","2","2"
"令各州各设","0","2","2"
"为皇帝继承","0","2","2"
"皇帝继承人","0","2","2"
"人都让他们","0","2","2"
"上亲自祭献","0","2","2"
"许百姓大会","0","2","2"
"百姓大会饮","0","2","2"
"姓大会饮七","0","2","2"
"间大宴饮七","0","2","2"
"明堂发生火","0","2","2"
"堂发生火灾","0","2","2"
"都被贼人所","0","2","2"
"被贼人所俘","0","2","2"
"贼人所俘虏","0","2","2"
"御史大夫之","0","2","2"
"驾到三阳宫","0","2","2"
"皇上从三阳","0","2","2"
"上从三阳宫","0","2","2"
"皇上诏令改","0","2","2"
"仅剩下钩状","0","2","2"
"被任命为司","0","2","2"
"表请求辞去","0","2","2"
"降职为端州","0","2","2"
"主持纳言事","0","2","2"
"号曰则天大","0","2","2"
"曰则天大圣","0","2","2"
"年八十三岁","0","2","2"
"二年五月十","0","2","2"
"年间的旧例","0","2","2"
"的第三个儿","0","2","2"
"被任命为安","0","2","2"
"京兆尹裴亻","0","2","2"
"兆尹裴亻由","0","2","2"
"尹裴亻由先","0","2","2"
"对自己不利","0","2","2"
"安禄山果然","0","2","2"
"禄山果然反","0","2","2"
"山果然反叛","0","2","2"
"皇上车驾将","0","2","2"
"等二百多人","0","2","2"
"贼党同罗所","0","2","2"
"党同罗所部","0","2","2"
"李光弼在常","0","2","2"
"光弼在常山","0","2","2"
"令郭子仪等","0","2","2"
"李光弼率领","0","2","2"
"前任灵州大","0","2","2"
"帮助唐朝讨","0","2","2"
"助唐朝讨伐","0","2","2"
"唐朝讨伐叛","0","2","2"
"郎崔涣等人","0","2","2"
"回纥可汗的","0","2","2"
"书王思礼为","0","2","2"
"王思礼为副","0","2","2"
"与贼将安守","0","2","2"
"城渡过黄河","0","2","2"
"上诏令宰相","0","2","2"
"的赋税徭役","0","2","2"
"广平王收复","0","2","2"
"平王收复西","0","2","2"
"王收复西京","0","2","2"
"到皇帝临时","0","2","2"
"穿白色素服","0","2","2"
"派遣太子太","0","2","2"
"太上皇从蜀","0","2","2"
"皇上在宣政","0","2","2"
"上在宣政殿","0","2","2"
"广平王李亻","0","2","2"
"平王李亻叔","0","2","2"
"从开远门到","0","2","2"
"驾到丹凤门","0","2","2"
"各加实际封","0","2","2"
"加实际封户","0","2","2"
"实际封户二","0","2","2"
"郭子仪给予","0","2","2"
"都给予追赠","0","2","2"
"第十一个儿","0","2","2"
"上皇驾到宣","0","2","2"
"皇驾到宣政","0","2","2"
"史思明把他","0","2","2"
"皇上下制曰","0","2","2"
"奚王旬等人","0","2","2"
"被任命为宰","0","2","2"
"任命为宰相","0","2","2"
"些普通百姓","0","2","2"
"让她们归家","0","2","2"
"同他的儿子","0","2","2"
"上驾到兴庆","0","2","2"
"恭敬地奉上","0","2","2"
"以下官员给","0","2","2"
"下官员给予","0","2","2"
"一个儿子以","0","2","2"
"给予一个儿","0","2","2"
"予一个儿子","0","2","2"
"到兴庆宫向","0","2","2"
"兴庆宫向太","0","2","2"
"庆宫向太上","0","2","2"
"宫向太上皇","0","2","2"
"原先设置的","0","2","2"
"事王王与为","0","2","2"
"根据他们的","0","2","2"
"据他们的情","0","2","2"
"帮助国家讨","0","2","2"
"助国家讨伐","0","2","2"
"给予郭子仪","0","2","2"
"书令的加官","0","2","2"
"讨伐安庆绪","0","2","2"
"郭子仪上奏","0","2","2"
"皇上诏令还","0","2","2"
"为卫州刺史","0","2","2"
"以河南节度","0","2","2"
"定时入朝参","0","2","2"
"时入朝参见","0","2","2"
"兼任地位较","0","2","2"
"皇上因为有","0","2","2"
"中苗晋卿为","0","2","2"
"苗晋卿为太","0","2","2"
"代东京留守","0","2","2"
"李光弼上奏","0","2","2"
"充当山南东","0","2","2"
"当山南东道","0","2","2"
"元三年春正","0","2","2"
"晋位为太尉","0","2","2"
"流放到夷州","0","2","2"
"节度使史岁","0","2","2"
"度使史岁羽","0","2","2"
"州刺史来王","0","2","2"
"刺史来王真","0","2","2"
"史来王真为","0","2","2"
"防御使等职","0","2","2"
"任陕西节度","0","2","2"
"晋位为司空","0","2","2"
"以河南尹刘","0","2","2"
"流放到播州","0","2","2"
"流放到溱州","0","2","2"
"节度使和观","0","2","2"
"度使和观察","0","2","2"
"遮掩了房星","0","2","2"
"死罪减轻为","0","2","2"
"罪减轻为流","0","2","2"
"减轻为流放","0","2","2"
"放以下罪人","0","2","2"
"以下罪人都","0","2","2"
"罪人都释放","0","2","2"
"仆固怀恩逃","0","2","2"
"被他的儿子","0","2","2"
"州等州的节","0","2","2"
"等州的节度","0","2","2"
"率滑州归附","0","2","2"
"滑州归附朝","0","2","2"
"授予御史中","0","2","2"
"予御史中丞","0","2","2"
"史中丞的职","0","2","2"
"中丞的职衔","0","2","2"
"充任河南副","0","2","2"
"任河南副元","0","2","2"
"太监李辅国","0","2","2"
"才得以安定","0","2","2"
"由于郭子仪","0","2","2"
"了十之七八","0","2","2"
"太子李豫在","0","2","2"
"的发展变化","0","2","2"
"兼任元帅行","0","2","2"
"任元帅行军","0","2","2"
"州前来朝见","0","2","2"
"郭子仪从河","0","2","2"
"子仪从河中","0","2","2"
"西北方有赤","0","2","2"
"原来一样兼","0","2","2"
"来一样兼任","0","2","2"
"裴冕贬为施","0","2","2"
"冕贬为施州","0","2","2"
"率领部众来","0","2","2"
"命令御史大","0","2","2"
"书舍人刘火","0","2","2"
"舍人刘火亘","0","2","2"
"帅雍王率领","0","2","2"
"王率领各军","0","2","2"
"恒州节度使","0","2","2"
"削除本身官","0","2","2"
"除本身官职","0","2","2"
"本身官职爵","0","2","2"
"身官职爵位","0","2","2"
"上听从了他","0","2","2"
"使李抱玉任","0","2","2"
"度使李怀让","0","2","2"
"让任检校工","0","2","2"
"升为右羽林","0","2","2"
"到含元殿接","0","2","2"
"到宣政殿宣","0","2","2"
"仆固怀恩在","0","2","2"
"固怀恩在汾","0","2","2"
"怀恩在汾州","0","2","2"
"皇上驾到陕","0","2","2"
"上驾到陕州","0","2","2"
"皇上于是驾","0","2","2"
"上于是驾到","0","2","2"
"翰林学士的","0","2","2"
"不务正业之","0","2","2"
"吐蕃入侵京","0","2","2"
"庆为太子少","0","2","2"
"专门兼任度","0","2","2"
"门兼任度支","0","2","2"
"三次上奏章","0","2","2"
"次上奏章辞","0","2","2"
"第五琦上奏","0","2","2"
"五琦上奏请","0","2","2"
"琦上奏请求","0","2","2"
"省增加设置","0","2","2"
"充任朔方节","0","2","2"
"任朔方节度","0","2","2"
"度支使的第","0","2","2"
"支使的第五","0","2","2"
"使的第五琦","0","2","2"
"晋封为太原","0","2","2"
"封为太原郡","0","2","2"
"下诏书征调","0","2","2"
"官员们不能","0","2","2"
"员们不能禁","0","2","2"
"们不能禁止","0","2","2"
"郭子仪三次","0","2","2"
"子仪三次上","0","2","2"
"仪三次上表","0","2","2"
"部侍郎贾至","0","2","2"
"主持东都科","0","2","2"
"持东都科举","0","2","2"
"以太子詹事","0","2","2"
"科举人才事","0","2","2"
"仆固怀恩与","0","2","2"
"郭子仪从泾","0","2","2"
"子仪从泾阳","0","2","2"
"表章请求辞","0","2","2"
"隶属于太常","0","2","2"
"属于太常寺","0","2","2"
"等十五个州","0","2","2"
"詹事臧希让","0","2","2"
"于是将他们","0","2","2"
"斗一千文钱","0","2","2"
"令宰辅之臣","0","2","2"
"宰辅之臣元","0","2","2"
"辅之臣元载","0","2","2"
"与吐蕃使者","0","2","2"
"这年春天大","0","2","2"
"年春天大旱","0","2","2"
"春天大旱灾","0","2","2"
"十分之一的","0","2","2"
"当时仆固怀","0","2","2"
"时仆固怀恩","0","2","2"
"吐蕃大肆掠","0","2","2"
"蕃大肆掠夺","0","2","2"
"华节度使周","0","2","2"
"节度使周智","0","2","2"
"度使周智光","0","2","2"
"上奏说收复","0","2","2"
"上采纳了这","0","2","2"
"书颜真卿为","0","2","2"
"等州郡的刺","0","2","2"
"百官薪俸钱","0","2","2"
"才开始下雨","0","2","2"
"国子监祭祀","0","2","2"
"子监祭祀先","0","2","2"
"用棍棒打死","0","2","2"
"臣在中书省","0","2","2"
"秘密下诏给","0","2","2"
"使田神功前","0","2","2"
"因为犯了贪","0","2","2"
"为犯了贪污","0","2","2"
"也在私人府","0","2","2"
"私人府第设","0","2","2"
"人府第设宴","0","2","2"
"府第设宴招","0","2","2"
"第设宴招待","0","2","2"
"封为城阳郡","0","2","2"
"为城阳郡王","0","2","2"
"玉前来朝见","0","2","2"
"官员禄米田","0","2","2"
"度使马瞞前","0","2","2"
"使马瞞前来","0","2","2"
"马瞞前来朝","0","2","2"
"瞞前来朝见","0","2","2"
"给予检校工","0","2","2"
"追加谥号给","0","2","2"
"崔昭为京兆","0","2","2"
"以剑南西川","0","2","2"
"皇帝的灵位","0","2","2"
"试用太常卿","0","2","2"
"主持幽州留","0","2","2"
"持幽州留后","0","2","2"
"州留后的工","0","2","2"
"往河北安抚","0","2","2"
"土五大行星","0","2","2"
"聚集在东井","0","2","2"
"集在东井星","0","2","2"
"吐蕃十万兵","0","2","2"
"太微垣星座","0","2","2"
"攻破吐蕃军","0","2","2"
"星进入太微","0","2","2"
"为幽州长史","0","2","2"
"雪满满一尺","0","2","2"
"而设置官吏","0","2","2"
"供给粮食和","0","2","2"
"是不可能的","0","2","2"
"命令京兆府","0","2","2"
"县重又恢复","0","2","2"
"嫁给回纥可","0","2","2"
"给回纥可汗","0","2","2"
"皋为京兆尹","0","2","2"
"禁止在京城","0","2","2"
"止在京城附","0","2","2"
"上等田每亩","0","2","2"
"每亩税六升","0","2","2"
"的田地每亩","0","2","2"
"田地每亩税","0","2","2"
"地每亩税二","0","2","2"
"每亩税二升","0","2","2"
"军队隶属于","0","2","2"
"军队大肆抢","0","2","2"
"以后才停止","0","2","2"
"赦免天下被","0","2","2"
"免天下被关","0","2","2"
"于休烈去世","0","2","2"
"度使李勉为","0","2","2"
"李栖筠弹劾","0","2","2"
"亳州观察使","0","2","2"
"侍郎徐浩为","0","2","2"
"为明州别驾","0","2","2"
"特别赦免京","0","2","2"
"别赦免京城","0","2","2"
"皇上诏令赦","0","2","2"
"上诏令赦免","0","2","2"
"度支使韩上","0","2","2"
"支使韩上奏","0","2","2"
"使韩上奏说","0","2","2"
"蕃入侵灵武","0","2","2"
"率领五千骑","0","2","2"
"领五千骑兵","0","2","2"
"察使李昌为","0","2","2"
"以桂管观察","0","2","2"
"黎干为京兆","0","2","2"
"干为京兆尹","0","2","2"
"宰辅大臣上","0","2","2"
"忠诚的大臣","0","2","2"
"交易买卖的","0","2","2"
"以虢州刺史","0","2","2"
"充任浙东观","0","2","2"
"亮遮掩了轩","0","2","2"
"遮掩了轩辕","0","2","2"
"掩了轩辕星","0","2","2"
"了轩辕星座","0","2","2"
"史李国清为","0","2","2"
"上表请求离","0","2","2"
"为相州刺史","0","2","2"
"四个儿子李","0","2","2"
"五个儿子李","0","2","2"
"第六个儿子","0","2","2"
"六个儿子李","0","2","2"
"并充任昭义","0","2","2"
"十五个儿子","0","2","2"
"驱逐观察使","0","2","2"
"身穿白色素","0","2","2"
"骑常侍孟白","0","2","2"
"常侍孟白皋","0","2","2"
"侍孟白皋为","0","2","2"
"皇上下诏令","0","2","2"
"讨伐田承嗣","0","2","2"
"田承嗣的部","0","2","2"
"承嗣的部将","0","2","2"
"自己归附朝","0","2","2"
"己归附朝廷","0","2","2"
"部将卢子期","0","2","2"
"卢子期攻打","0","2","2"
"京城被关押","0","2","2"
"燧任检校左","0","2","2"
"与卢子期在","0","2","2"
"光率城投降","0","2","2"
"杜亚出使魏","0","2","2"
"亚出使魏州","0","2","2"
"崔宁上奏说","0","2","2"
"勾结田承嗣","0","2","2"
"州刺史的职","0","2","2"
"李灵耀不接","0","2","2"
"灵耀不接受","0","2","2"
"李灵耀为汴","0","2","2"
"灵耀为汴州","0","2","2"
"充任节度留","0","2","2"
"田承嗣派侄","0","2","2"
"承嗣派侄儿","0","2","2"
"嗣派侄儿田","0","2","2"
"派侄儿田悦","0","2","2"
"万援救李灵","0","2","2"
"援救李灵耀","0","2","2"
"攻击田悦军","0","2","2"
"将领杜如江","0","2","2"
"代主持河东","0","2","2"
"节度留后的","0","2","2"
"为北都留守","0","2","2"
"病请求辞职","0","2","2"
"马留后的工","0","2","2"
"王段秀实为","0","2","2"
"段秀实为泾","0","2","2"
"秀实为泾州","0","2","2"
"实为泾州刺","0","2","2"
"李抱玉去世","0","2","2"
"留后鲍防为","0","2","2"
"其余官职同","0","2","2"
"城攻破了吐","0","2","2"
"薪俸以外的","0","2","2"
"百九十六名","0","2","2"
"九十六名官","0","2","2"
"十六名官员","0","2","2"
"兵马使浑王","0","2","2"
"马使浑王咸","0","2","2"
"皇上赐给的","0","2","2"
"参见皇上的","0","2","2"
"侍郎兼任度","0","2","2"
"郎兼任度支","0","2","2"
"二十四日夜","0","2","2"
"刘洽为宋州","0","2","2"
"萧昕为工部","0","2","2"
"昕为工部尚","0","2","2"
"活捉九百人","0","2","2"
"朱氵此兼任","0","2","2"
"放纵士兵大","0","2","2"
"纵士兵大肆","0","2","2"
"兵大肆抢掠","0","2","2"
"书舍人崔佑","0","2","2"
"舍人崔佑甫","0","2","2"
"主持吏部科","0","2","2"
"持吏部科举","0","2","2"
"吏部科举选","0","2","2"
"部科举选拔","0","2","2"
"检校司空的","0","2","2"
"吐蕃入侵盐","0","2","2"
"蕃入侵盐州","0","2","2"
"以楚州刺史","0","2","2"
"赵惠伯为河","0","2","2"
"任容管经略","0","2","2"
"州刺史王罖","0","2","2"
"刺史王罖为","0","2","2"
"为河中少尹","0","2","2"
"灵柩迁到太","0","2","2"
"柩迁到太极","0","2","2"
"迁到太极殿","0","2","2"
"群臣奉上尊","0","2","2"
"生于大明宫","0","2","2"
"长庆四年正","0","2","2"
"庆四年正月","0","2","2"
"军每人绢十","0","2","2"
"每人绢十匹","0","2","2"
"皇帝听从了","0","2","2"
"为太皇太后","0","2","2"
"十万石粮食","0","2","2"
"至东井星北","0","2","2"
"东井星北面","0","2","2"
"候补官员中","0","2","2"
"廷凑所杀害","0","2","2"
"没有别的办","0","2","2"
"有别的办法","0","2","2"
"会受到重用","0","2","2"
"洛阳的太子","0","2","2"
"阳的太子宾","0","2","2"
"的太子宾客","0","2","2"
"客令狐楚为","0","2","2"
"吐突承璀之","0","2","2"
"为夏州节度","0","2","2"
"以左神策大","0","2","2"
"将军李愿为","0","2","2"
"军李愿为检","0","2","2"
"绛隰等州节","0","2","2"
"百姓和房屋","0","2","2"
"书赵宗儒为","0","2","2"
"郑纟因为吏","0","2","2"
"纟因为吏部","0","2","2"
"因为吏部尚","0","2","2"
"这道奏章引","0","2","2"
"道奏章引起","0","2","2"
"奏章引起的","0","2","2"
"大火星冲犯","0","2","2"
"火星冲犯东","0","2","2"
"星冲犯东井","0","2","2"
"冲犯东井星","0","2","2"
"州水灾淹没","0","2","2"
"秋季的庄稼","0","2","2"
"向朝廷上书","0","2","2"
"地建立祠庙","0","2","2"
"卿赵宗儒为","0","2","2"
"朱克融为检","0","2","2"
"克融为检校","0","2","2"
"侍郎王起为","0","2","2"
"向皇宫进奉","0","2","2"
"代理工部侍","0","2","2"
"理工部侍郎","0","2","2"
"理礼部侍郎","0","2","2"
"起居舍人之","0","2","2"
"王智兴奏请","0","2","2"
"以牛僧孺为","0","2","2"
"任武昌军节","0","2","2"
"王播为御史","0","2","2"
"播为御史中","0","2","2"
"在三殿宴会","0","2","2"
"三殿宴会群","0","2","2"
"殿宴会群臣","0","2","2"
"前任桂管观","0","2","2"
"察使殷侑为","0","2","2"
"皇帝在宣政","0","2","2"
"帝在宣政殿","0","2","2"
"在宣政殿接","0","2","2"
"弹劾京兆尹","0","2","2"
"皇上至鱼藻","0","2","2"
"上至鱼藻宫","0","2","2"
"至鱼藻宫观","0","2","2"
"鱼藻宫观看","0","2","2"
"藻宫观看舟","0","2","2"
"宫观看舟船","0","2","2"
"皇上在前殿","0","2","2"
"为洋州刺史","0","2","2"
"犯右执法星","0","2","2"
"张茂宗为兖","0","2","2"
"兖海沂密节","0","2","2"
"部侍郎韦靑","0","2","2"
"闰七月初一","0","2","2"
"以给事中卢","0","2","2"
"餋国公杨造","0","2","2"
"为光禄少卿","0","2","2"
"太白星冲犯","0","2","2"
"嗣郢王李佐","0","2","2"
"太白星移近","0","2","2"
"严公素为容","0","2","2"
"为昭义军节","0","2","2"
"二十六日夜","0","2","2"
"以左仆射李","0","2","2"
"沈传师上奏","0","2","2"
"铁使王播上","0","2","2"
"使王播上奏","0","2","2"
"为山南西道","0","2","2"
"星冲犯昴宿","0","2","2"
"冲犯昴宿星","0","2","2"
"京城各司清","0","2","2"
"兵马使李再","0","2","2"
"马使李再义","0","2","2"
"杨於陵为太","0","2","2"
"一并流放岭","0","2","2"
"并流放岭南","0","2","2"
"三次上表请","0","2","2"
"在宣政殿正","0","2","2"
"宣政殿正式","0","2","2"
"百官上表请","0","2","2"
"统治国家的","0","2","2"
"责成有关部","0","2","2"
"成有关部门","0","2","2"
"所到之处的","0","2","2"
"郎庾承宣为","0","2","2"
"初一为癸巳","0","2","2"
"一为癸巳日","0","2","2"
"绛为检校司","0","2","2"
"以虔州刺史","0","2","2"
"上书请求退","0","2","2"
"史白居易为","0","2","2"
"部尚书萧亻","0","2","2"
"尚书萧亻免","0","2","2"
"书萧亻免为","0","2","2"
"兼任忠武军","0","2","2"
"令定时入朝","0","2","2"
"和年间以来","0","2","2"
"常卿李绛为","0","2","2"
"讨伐李同捷","0","2","2"
"主持军队工","0","2","2"
"持军队工作","0","2","2"
"军队工作的","0","2","2"
"薛平上奏说","0","2","2"
"郎卢元辅为","0","2","2"
"宣政殿亲自","0","2","2"
"政殿亲自考","0","2","2"
"讨伐王廷凑","0","2","2"
"郑纟因为太","0","2","2"
"纟因为太子","0","2","2"
"因为太子少","0","2","2"
"为灵武节度","0","2","2"
"初一为甲申","0","2","2"
"一为甲申日","0","2","2"
"为岭南节度","0","2","2"
"李逢吉为宣","0","2","2"
"逢吉为宣武","0","2","2"
"吉为宣武军","0","2","2"
"为宣武军节","0","2","2"
"大将军李为","0","2","2"
"初一为壬子","0","2","2"
"一为壬子日","0","2","2"
"前任山南西","0","2","2"
"楚为东都留","0","2","2"
"初一为戊寅","0","2","2"
"一为戊寅日","0","2","2"
"任命元稹为","0","2","2"
"略为户部尚","0","2","2"
"至南郊祭天","0","2","2"
"西川奏报南","0","2","2"
"南诏军队攻","0","2","2"
"诏军队攻陷","0","2","2"
"报南诏军队","0","2","2"
"楚为检校右","0","2","2"
"崔弘礼为东","0","2","2"
"弘礼为东都","0","2","2"
"礼为东都留","0","2","2"
"调左神策军","0","2","2"
"出任坊节度","0","2","2"
"原兵部侍郎","0","2","2"
"出任陕虢观","0","2","2"
"原宁节度使","0","2","2"
"调原尚书左","0","2","2"
"任神策行营","0","2","2"
"调原河中节","0","2","2"
"颗人头祭奠","0","2","2"
"原淮南节度","0","2","2"
"原荆南节度","0","2","2"
"调中书舍人","0","2","2"
"任命右散骑","0","2","2"
"命右散骑常","0","2","2"
"学士郑覃为","0","2","2"
"命令京城各","0","2","2"
"令京城各司","0","2","2"
"宋申锡为正","0","2","2"
"申锡为正议","0","2","2"
"锡为正议大","0","2","2"
"为正议大夫","0","2","2"
"淹没居民三","0","2","2"
"没居民三百","0","2","2"
"内库拨出绫","0","2","2"
"库拨出绫绢","0","2","2"
"接替沈传师","0","2","2"
"替沈传师任","0","2","2"
"出任山南东","0","2","2"
"原山南东道","0","2","2"
"使窦易直为","0","2","2"
"等七县发生","0","2","2"
"达皇上旨意","0","2","2"
"近左执法星","0","2","2"
"白居易接替","0","2","2"
"消元旦朝见","0","2","2"
"粮粟十万石","0","2","2"
"诏令各方镇","0","2","2"
"幽州发生兵","0","2","2"
"为检校秘书","0","2","2"
"调原桂管观","0","2","2"
"原桂管观察","0","2","2"
"宗在曲江亭","0","2","2"
"记录皇帝与","0","2","2"
"录皇帝与大","0","2","2"
"皇帝与大臣","0","2","2"
"徐国公萧亻","0","2","2"
"国公萧亻免","0","2","2"
"察使崔郾任","0","2","2"
"出任陕州防","0","2","2"
"任陕州防御","0","2","2"
"李德裕奏称","0","2","2"
"原尚书左仆","0","2","2"
"兼太常卿事","0","2","2"
"农作物受害","0","2","2"
"下了一个多","0","2","2"
"了一个多月","0","2","2"
"依次递减一","0","2","2"
"次递减一等","0","2","2"
"为天平军节","0","2","2"
"放救济粮米","0","2","2"
"文宗在麟德","0","2","2"
"在麟德殿设","0","2","2"
"麟德殿设宴","0","2","2"
"设宴招待群","0","2","2"
"宴招待群臣","0","2","2"
"原武宁军节","0","2","2"
"度使李听任","0","2","2"
"出任宁节度","0","2","2"
"调原忠武军","0","2","2"
"原忠武军节","0","2","2"
"并任武宁军","0","2","2"
"任太子太保","0","2","2"
"粮米七万石","0","2","2"
"京兆尹杜琮","0","2","2"
"上官兴死罪","0","2","2"
"使李程为左","0","2","2"
"调原户部尚","0","2","2"
"调原尚书右","0","2","2"
"任润州刺史","0","2","2"
"受四品以下","0","2","2"
"尚书省就职","0","2","2"
"退休的原司","0","2","2"
"同平章事衔","0","2","2"
"元殿接受群","0","2","2"
"原户部侍郎","0","2","2"
"任宿州刺史","0","2","2"
"任常州刺史","0","2","2"
"原同州刺史","0","2","2"
"部侍郎高钅","0","2","2"
"侍郎高钅弋","0","2","2"
"郎李固言为","0","2","2"
"白居易为太","0","2","2"
"居易为太子","0","2","2"
"原江西观察","0","2","2"
"为凤翔陇右","0","2","2"
"出任桂管观","0","2","2"
"调右神策大","0","2","2"
"校右仆射兼","0","2","2"
"右仆射兼吏","0","2","2"
"仆射兼吏部","0","2","2"
"射兼吏部尚","0","2","2"
"开州司马的","0","2","2"
"州司马的宋","0","2","2"
"司马的宋申","0","2","2"
"马的宋申锡","0","2","2"
"原宣武军节","0","2","2"
"宗在宣政殿","0","2","2"
"李永为皇太","0","2","2"
"永为皇太子","0","2","2"
"十六宅各位","0","2","2"
"六宅各位亲","0","2","2"
"宅各位亲王","0","2","2"
"位亲王的女","0","2","2"
"的规定执行","0","2","2"
"原太子太保","0","2","2"
"在文宗面前","0","2","2"
"仍带守太傅","0","2","2"
"任王起为兵","0","2","2"
"王起为兵部","0","2","2"
"起为兵部尚","0","2","2"
"农作物受损","0","2","2"
"皇上寿诞之","0","2","2"
"代理河南尹","0","2","2"
"得到当时人","0","2","2"
"调原凤翔节","0","2","2"
"任兖海沂密","0","2","2"
"调原工部侍","0","2","2"
"杨汝士出任","0","2","2"
"汝士出任同","0","2","2"
"士出任同州","0","2","2"
"宗正卿李仍","0","2","2"
"正卿李仍叔","0","2","2"
"的工部尚书","0","2","2"
"彗星从东方","0","2","2"
"赶走节度使","0","2","2"
"史元忠为留","0","2","2"
"元忠为留后","0","2","2"
"翰林院侍讲","0","2","2"
"林院侍讲学","0","2","2"
"院侍讲学士","0","2","2"
"不可轻易改","0","2","2"
"李德裕为兵","0","2","2"
"德裕为兵部","0","2","2"
"裕为兵部尚","0","2","2"
"已退休的尚","0","2","2"
"退休的尚书","0","2","2"
"仆射萧亻免","0","2","2"
"射萧亻免为","0","2","2"
"原河阳节度","0","2","2"
"出任镇海军","0","2","2"
"吏部尚书衔","0","2","2"
"骑马射箭的","0","2","2"
"尚书郑覃为","0","2","2"
"任原吏部尚","0","2","2"
"杨虞卿因家","0","2","2"
"原给事中李","0","2","2"
"李固言为门","0","2","2"
"固言为门下","0","2","2"
"言为门下侍","0","2","2"
"将李宗闵降","0","2","2"
"舒元舆为御","0","2","2"
"元舆为御史","0","2","2"
"舆为御史中","0","2","2"
"将吏部侍郎","0","2","2"
"为封州司马","0","2","2"
"原坊节度使","0","2","2"
"将原中书舍","0","2","2"
"为郑州刺史","0","2","2"
"他们的官员","0","2","2"
"原职同中书","0","2","2"
"听为太子太","0","2","2"
"细柳新蒲为","0","2","2"
"柳新蒲为谁","0","2","2"
"新蒲为谁绿","0","2","2"
"地发生旱灾","0","2","2"
"宴请文武百","0","2","2"
"请文武百官","0","2","2"
"任命同州刺","0","2","2"
"命同州刺史","0","2","2"
"给东都留守","0","2","2"
"卿郭行余任","0","2","2"
"郭行余任宁","0","2","2"
"行余任宁节","0","2","2"
"余任宁节度","0","2","2"
"府卿韩约为","0","2","2"
"任太原节度","0","2","2"
"令狐楚奏称","0","2","2"
"诏令大赦天","0","2","2"
"宰相李石上","0","2","2"
"相李石上奏","0","2","2"
"地位较高的","0","2","2"
"位较高的官","0","2","2"
"史李德裕为","0","2","2"
"子宾客分管","0","2","2"
"宾客分管东","0","2","2"
"客分管东都","0","2","2"
"对宰相们道","0","2","2"
"从古以来就","0","2","2"
"以金吾卫大","0","2","2"
"降职为开州","0","2","2"
"职为开州司","0","2","2"
"以寿州刺史","0","2","2"
"职务的太常","0","2","2"
"务的太常卿","0","2","2"
"度支使王彦","0","2","2"
"支使王彦威","0","2","2"
"有八十多万","0","2","2"
"从今天起每","0","2","2"
"留守裴度为","0","2","2"
"兼任本司之","0","2","2"
"任本司之事","0","2","2"
"与诸王宴饮","0","2","2"
"诸王宴饮欢","0","2","2"
"王宴饮欢乐","0","2","2"
"使王元逵为","0","2","2"
"上奏说蝗虫","0","2","2"
"蝗虫危害庄","0","2","2"
"虫危害庄稼","0","2","2"
"诏书嘉奖赞","0","2","2"
"较小职务的","0","2","2"
"小职务的度","0","2","2"
"赐勋为上柱","0","2","2"
"勋为上柱国","0","2","2"
"臣在曲江宴","0","2","2"
"依旧同先前","0","2","2"
"用棍杖打死","0","2","2"
"已被任命为","0","2","2"
"向皇上谢恩","0","2","2"
"公主服丧三","0","2","2"
"主服丧三年","0","2","2"
"皇上对他的","0","2","2"
"永远成为定","0","2","2"
"兼任较高职","0","2","2"
"任较高职务","0","2","2"
"可以在本官","0","2","2"
"位上兼同中","0","2","2"
"上兼同中书","0","2","2"
"兼同中书门","0","2","2"
"低职务的户","0","2","2"
"职务的户部","0","2","2"
"务的户部事","0","2","2"
"先前一样任","0","2","2"
"以前任荆南","0","2","2"
"前任荆南节","0","2","2"
"去年秋天蝗","0","2","2"
"年秋天蝗虫","0","2","2"
"月己丑是朔","0","2","2"
"己丑是朔日","0","2","2"
"上对宰相们","0","2","2"
"月己未是朔","0","2","2"
"己未是朔日","0","2","2"
"为乐平郡王","0","2","2"
"为鄂岳观察","0","2","2"
"月丙辰是朔","0","2","2"
"丙辰是朔日","0","2","2"
"山南东道各","0","2","2"
"皇上下诏说","0","2","2"
"道安抚慰问","0","2","2"
"因为皇太子","0","2","2"
"以易州刺史","0","2","2"
"为定州刺史","0","2","2"
"以司农卿李","0","2","2"
"国前来朝贡","0","2","2"
"月癸未是朔","0","2","2"
"癸未是朔日","0","2","2"
"皇上赐群臣","0","2","2"
"了东井第三","0","2","2"
"凭本官职任","0","2","2"
"月己卯是朔","0","2","2"
"己卯是朔日","0","2","2"
"月己酉是朔","0","2","2"
"己酉是朔日","0","2","2"
"曲江亭赐群","0","2","2"
"江亭赐群臣","0","2","2"
"亭赐群臣宴","0","2","2"
"成美为皇太","0","2","2"
"美为皇太子","0","2","2"
"百官到延英","0","2","2"
"管辖户数是","0","2","2"
"皇上在大明","0","2","2"
"年三十三岁","0","2","2"
"陷入吐蕃的","0","2","2"
"身穿粗布衣","0","2","2"
"穿粗布衣服","0","2","2"
"皇上赐给他","0","2","2"
"书崔汉衡为","0","2","2"
"以暂时代理","0","2","2"
"理吏部侍郎","0","2","2"
"定时入朝之","0","2","2"
"时入朝之官","0","2","2"
"奏事的官员","0","2","2"
"的官员共赐","0","2","2"
"官员共赐钱","0","2","2"
"皇上诏令中","0","2","2"
"上诏令中书","0","2","2"
"治理地方的","0","2","2"
"兆尹郑叔则","0","2","2"
"为度支转运","0","2","2"
"为信州刺史","0","2","2"
"上诏令以李","0","2","2"
"为左卫率府","0","2","2"
"给一半俸禄","0","2","2"
"活捉吐蕃将","0","2","2"
"终于收复了","0","2","2"
"回纥汨咄禄","0","2","2"
"杜佑任检校","0","2","2"
"守棣州的将","0","2","2"
"棣州的将领","0","2","2"
"王咸从河中","0","2","2"
"咸从河中前","0","2","2"
"从河中前来","0","2","2"
"河中前来朝","0","2","2"
"中前来朝见","0","2","2"
"紫宸殿接受","0","2","2"
"亲自在郊外","0","2","2"
"县令以四次","0","2","2"
"令以四次考","0","2","2"
"宰相颉干迦","0","2","2"
"抵御戎狄的","0","2","2"
"御戎狄的交","0","2","2"
"戎狄的交通","0","2","2"
"狄的交通要","0","2","2"
"的交通要道","0","2","2"
"绶带的文彩","0","2","2"
"十分之五六","0","2","2"
"皇上派遣太","0","2","2"
"给京城附近","0","2","2"
"以信州刺史","0","2","2"
"赵昌为安南","0","2","2"
"昌为安南都","0","2","2"
"职的兵部尚","0","2","2"
"见皇上的官","0","2","2"
"皇上的官员","0","2","2"
"固定朝见皇","0","2","2"
"察使吴凑为","0","2","2"
"节度使的任","0","2","2"
"度使的任命","0","2","2"
"按大历年间","0","2","2"
"尚书右丞推","0","2","2"
"书右丞推荐","0","2","2"
"应该让尚书","0","2","2"
"举荐者以表","0","2","2"
"荐者以表示","0","2","2"
"者以表示对","0","2","2"
"以表示对进","0","2","2"
"表示对进贤","0","2","2"
"较低职务度","0","2","2"
"低职务度支","0","2","2"
"职务度支使","0","2","2"
"务度支使的","0","2","2"
"命朝廷大臣","0","2","2"
"为郓州大都","0","2","2"
"上奏的意见","0","2","2"
"把吐蕃俘虏","0","2","2"
"裴延龄为户","0","2","2"
"延龄为户部","0","2","2"
"宰相拿笔断","0","2","2"
"相拿笔断决","0","2","2"
"位宰相拿笔","0","2","2"
"皇上又诏令","0","2","2"
"侍中马燧在","0","2","2"
"中马燧在延","0","2","2"
"皇上诏令不","0","2","2"
"太尉李晟一","0","2","2"
"尉李晟一起","0","2","2"
"李晟一起来","0","2","2"
"上亲自在圆","0","2","2"
"亲自在圆丘","0","2","2"
"自在圆丘祭","0","2","2"
"情况报告朝","0","2","2"
"况报告朝廷","0","2","2"
"的举荐者姓","0","2","2"
"举荐者姓名","0","2","2"
"以虔王李谅","0","2","2"
"虔王李谅为","0","2","2"
"于是授予他","0","2","2"
"当时李抱真","0","2","2"
"降低官职爵","0","2","2"
"低官职爵位","0","2","2"
"为安塞军使","0","2","2"
"李抱真去世","0","2","2"
"管理仪仗侍","0","2","2"
"理仪仗侍卫","0","2","2"
"仪仗侍卫的","0","2","2"
"南诏国异牟","0","2","2"
"诏国异牟寻","0","2","2"
"州军队骚乱","0","2","2"
"他们全部捕","0","2","2"
"们全部捕获","0","2","2"
"四边少数民","0","2","2"
"边少数民族","0","2","2"
"诗赐给他们","0","2","2"
"皇上赐给宰","0","2","2"
"上赐给宰辅","0","2","2"
"赐给宰辅大","0","2","2"
"给宰辅大臣","0","2","2"
"辅大臣及中","0","2","2"
"大臣及中书","0","2","2"
"管内度支使","0","2","2"
"册封九姓回","0","2","2"
"闰八月二十","0","2","2"
"宰辅大臣和","0","2","2"
"省供奉官在","0","2","2"
"供奉官在曲","0","2","2"
"奉官在曲江","0","2","2"
"监管近界诸","0","2","2"
"管近界诸蛮","0","2","2"
"任沧州节度","0","2","2"
"为左龙武统","0","2","2"
"留下的圣迹","0","2","2"
"为魏州长史","0","2","2"
"求让出宰相","0","2","2"
"王绍为户部","0","2","2"
"皇上诏令京","0","2","2"
"上诏令京兆","0","2","2"
"诏令京兆尹","0","2","2"
"中间有些是","0","2","2"
"这是因为张","0","2","2"
"皇上驾到麟","0","2","2"
"上驾到麟德","0","2","2"
"驾到麟德殿","0","2","2"
"度为彰义军","0","2","2"
"以左神策行","0","2","2"
"皇上听说后","0","2","2"
"民施加恩惠","0","2","2"
"使者前来祝","0","2","2"
"者前来祝贺","0","2","2"
"撤销中和节","0","2","2"
"销中和节宴","0","2","2"
"杀了节度使","0","2","2"
"以宋州刺史","0","2","2"
"在独柳树斩","0","2","2"
"独柳树斩首","0","2","2"
"前兼任度支","0","2","2"
"以河阳节度","0","2","2"
"公主赐谥号","0","2","2"
"使去世而停","0","2","2"
"去世而停止","0","2","2"
"世而停止上","0","2","2"
"为万州刺史","0","2","2"
"为播州参军","0","2","2"
"由于这个原","0","2","2"
"于这个原因","0","2","2"
"上官氵兑为","0","2","2"
"打仗的原因","0","2","2"
"的军队与贼","0","2","2"
"郎顾少连为","0","2","2"
"为骁卫将军","0","2","2"
"将他远远地","0","2","2"
"恢复他的官","0","2","2"
"复他的官职","0","2","2"
"他的官职爵","0","2","2"
"为太常寺卿","0","2","2"
"曲江亭赐给","0","2","2"
"被三军所驱","0","2","2"
"三军所驱逐","0","2","2"
"史大夫的职","0","2","2"
"大夫的职衔","0","2","2"
"以宁兵马使","0","2","2"
"御史大夫衔","0","2","2"
"王武俊去世","0","2","2"
"重新起用授","0","2","2"
"新起用授予","0","2","2"
"上奏说大破","0","2","2"
"以检校司徒","0","2","2"
"这是赏赐他","0","2","2"
"上在马瞞之","0","2","2"
"在马瞞之山","0","2","2"
"马瞞之山池","0","2","2"
"瞞之山池赐","0","2","2"
"之山池赐群","0","2","2"
"中许孟容认","0","2","2"
"许孟容认为","0","2","2"
"以祠部员外","0","2","2"
"马瞞山池赐","0","2","2"
"瞞山池赐群","0","2","2"
"节度的军队","0","2","2"
"六月十六日","0","2","2"
"吏部选拔官","0","2","2"
"部选拔官吏","0","2","2"
"是因为他患","0","2","2"
"因为他患病","0","2","2"
"常卿高郢为","0","2","2"
"他的行军司","0","2","2"
"万安监牧的","0","2","2"
"元殿接受朝","0","2","2"
"安葬在崇陵","0","2","2"
"现在的名字","0","2","2"
"懿宗皇帝的","0","2","2"
"藩王的时候","0","2","2"
"加谥号为元","0","2","2"
"决定任命门","0","2","2"
"定任命门下","0","2","2"
"平章政事蒋","0","2","2"
"章政事蒋伸","0","2","2"
"暂时主持礼","0","2","2"
"时主持礼部","0","2","2"
"部贡举的事","0","2","2"
"贡举的事务","0","2","2"
"任命右拾遗","0","2","2"
"使杜审权为","0","2","2"
"兼领度支使","0","2","2"
"在郊庙举行","0","2","2"
"郊庙举行祭","0","2","2"
"驾临丹凤门","0","2","2"
"兼工部尚书","0","2","2"
"改任银青光","0","2","2"
"州刺史之职","0","2","2"
"家人的名字","0","2","2"
"主持吏部博","0","2","2"
"持吏部博学","0","2","2"
"吏部博学宏","0","2","2"
"部博学宏词","0","2","2"
"词科考试以","0","2","2"
"科考试以选","0","2","2"
"考试以选拔","0","2","2"
"试以选拔人","0","2","2"
"以选拔人才","0","2","2"
"任命前兵部","0","2","2"
"皇上敬献尊","0","2","2"
"上敬献尊号","0","2","2"
"敬献尊号为","0","2","2"
"发生蝗灾和","0","2","2"
"生蝗灾和旱","0","2","2"
"的水上运输","0","2","2"
"到一个月就","0","2","2"
"三万石粮食","0","2","2"
"徐州的军队","0","2","2"
"州的军队发","0","2","2"
"的军队发生","0","2","2"
"节度使及徐","0","2","2"
"节度使对他","0","2","2"
"度使对他们","0","2","2"
"骄横的士兵","0","2","2"
"横的士兵们","0","2","2"
"开诚布公地","0","2","2"
"诚布公地进","0","2","2"
"布公地进行","0","2","2"
"率领忠武军","0","2","2"
"兵三千多人","0","2","2"
"率领三千名","0","2","2"
"掌度支事杨","0","2","2"
"州防御使之","0","2","2"
"防御使之职","0","2","2"
"劫掠的地方","0","2","2"
"应当指示各","0","2","2"
"当指示各道","0","2","2"
"州发生大水","0","2","2"
"集贤殿校理","0","2","2"
"任詹事司直","0","2","2"
"毕讠咸为检","0","2","2"
"讠咸为检校","0","2","2"
"杜审权担任","0","2","2"
"命令他们出","0","2","2"
"交纳给户部","0","2","2"
"纳给户部的","0","2","2"
"给户部的除","0","2","2"
"户部的除陌","0","2","2"
"部的除陌钱","0","2","2"
"每八十文中","0","2","2"
"八十文中分","0","2","2"
"十文中分出","0","2","2"
"文中分出十","0","2","2"
"中分出十五","0","2","2"
"收取的除陌","0","2","2"
"交给延资库","0","2","2"
"给延资库的","0","2","2"
"延资库的钱","0","2","2"
"资库的钱绢","0","2","2"
"以前所积欠","0","2","2"
"前所积欠的","0","2","2"
"即按照旧制","0","2","2"
"按照旧制实","0","2","2"
"照旧制实行","0","2","2"
"月分两次交","0","2","2"
"卢简方为检","0","2","2"
"简方为检校","0","2","2"
"六年正月初","0","2","2"
"主持拔萃科","0","2","2"
"持拔萃科考","0","2","2"
"任命神策大","0","2","2"
"命神策大将","0","2","2"
"护高骈奏报","0","2","2"
"任命右卫大","0","2","2"
"命右卫大将","0","2","2"
"郎萧亻放为","0","2","2"
"萧亻放为检","0","2","2"
"亻放为检校","0","2","2"
"太皇太后的","0","2","2"
"是王绍鼎的","0","2","2"
"王绍鼎的儿","0","2","2"
"绍鼎的儿子","0","2","2"
"晋封为燕国","0","2","2"
"封为燕国公","0","2","2"
"兼任镇州大","0","2","2"
"任镇州大都","0","2","2"
"川节度副使","0","2","2"
"高骈上奏说","0","2","2"
"前任延资库","0","2","2"
"任延资库使","0","2","2"
"请求从咸通","0","2","2"
"求从咸通五","0","2","2"
"送交延资库","0","2","2"
"敕令的规定","0","2","2"
"的经费不足","0","2","2"
"求朝廷授予","0","2","2"
"南各道的军","0","2","2"
"十一月初八","0","2","2"
"吐谷浑部落","0","2","2"
"谷浑部落的","0","2","2"
"淮南地区的","0","2","2"
"朝廷的命令","0","2","2"
"正在打仗而","0","2","2"
"是王智兴的","0","2","2"
"王智兴的侄","0","2","2"
"任命将军朱","0","2","2"
"任北路招讨","0","2","2"
"署理同平章","0","2","2"
"理同平章事","0","2","2"
"担任太子太","0","2","2"
"任命将军李","0","2","2"
"任命将军马","0","2","2"
"担任楚州刺","0","2","2"
"任楚州刺史","0","2","2"
"并任本州行","0","2","2"
"任本州行营","0","2","2"
"任濠州刺史","0","2","2"
"充任都粮料","0","2","2"
"任都粮料使","0","2","2"
"千零一十五","0","2","2"
"没有洗心革","0","2","2"
"有洗心革面","0","2","2"
"刺史杜忄舀","0","2","2"
"在已经十一","0","2","2"
"已经十一年","0","2","2"
"经十一年了","0","2","2"
"暴虐的政令","0","2","2"
"主管的官吏","0","2","2"
"军营中的将","0","2","2"
"及全国各州","0","2","2"
"教化还没有","0","2","2"
"皇上诏令南","0","2","2"
"上诏令南面","0","2","2"
"诏令南面招","0","2","2"
"令南面招讨","0","2","2"
"送到贼军那","0","2","2"
"到贼军那里","0","2","2"
"贼军那里去","0","2","2"
"所有的钱财","0","2","2"
"一千名士兵","0","2","2"
"镇静自若地","0","2","2"
"向朝廷申奏","0","2","2"
"忠诚的节操","0","2","2"
"为衡州司户","0","2","2"
"州司户他们","0","2","2"
"司户他们都","0","2","2"
"他部下的将","0","2","2"
"徐州的贼寇","0","2","2"
"纳亡命之徒","0","2","2"
"有部众二十","0","2","2"
"部众二十万","0","2","2"
"朝廷招安的","0","2","2"
"农桑的生产","0","2","2"
"天比一天谨","0","2","2"
"比一天谨慎","0","2","2"
"认为他们的","0","2","2"
"为他们的罪","0","2","2"
"是国家的栋","0","2","2"
"国家的栋梁","0","2","2"
"特别的敕令","0","2","2"
"别的敕令处","0","2","2"
"的节级军官","0","2","2"
"分门别类地","0","2","2"
"锐利的武器","0","2","2"
"忠诚和节操","0","2","2"
"如果没有父","0","2","2"
"果没有父兄","0","2","2"
"没有父兄子","0","2","2"
"有父兄子弟","0","2","2"
"父兄子弟而","0","2","2"
"兄子弟而有","0","2","2"
"子弟而有妻","0","2","2"
"弟而有妻女","0","2","2"
"而有妻女的","0","2","2"
"因在战场上","0","2","2"
"的诏令而不","0","2","2"
"现在既然已","0","2","2"
"在既然已经","0","2","2"
"被贼军毁坏","0","2","2"
"都允许他们","0","2","2"
"派右散骑常","0","2","2"
"决定任命徐","0","2","2"
"定任命徐州","0","2","2"
"举为检校司","0","2","2"
"使曹翔为检","0","2","2"
"曹翔为检校","0","2","2"
"拥立他的儿","0","2","2"
"他的儿子何","0","2","2"
"何全白皋为","0","2","2"
"南诏蛮部的","0","2","2"
"苗全绪等三","0","2","2"
"他们的队伍","0","2","2"
"的部队会合","0","2","2"
"令河东节度","0","2","2"
"节度使郑从","0","2","2"
"度使郑从谠","0","2","2"
"郑从谠前来","0","2","2"
"吏部侍郎于","0","2","2"
"部侍郎于德","0","2","2"
"侍郎于德孙","0","2","2"
"贡举的考试","0","2","2"
"度使何全白","0","2","2"
"使何全白皋","0","2","2"
"兼任右仆射","0","2","2"
"不懂得军事","0","2","2"
"但以后不得","0","2","2"
"决定任命正","0","2","2"
"定任命正议","0","2","2"
"任命朝议大","0","2","2"
"命朝议大夫","0","2","2"
"他们都因为","0","2","2"
"友善而获罪","0","2","2"
"的那天夜晚","0","2","2"
"军镇的等级","0","2","2"
"军人和百姓","0","2","2"
"应当赐给他","0","2","2"
"皇上驾临含","0","2","2"
"上驾临含元","0","2","2"
"驾临含元殿","0","2","2"
"挖坟盗墓的","0","2","2"
"坟盗墓的之","0","2","2"
"盗墓的之外","0","2","2"
"道的观察使","0","2","2"
"皇上驾临安","0","2","2"
"韦殷裕的妻","0","2","2"
"任正议大夫","0","2","2"
"分管东都事","0","2","2"
"管东都事务","0","2","2"
"为漳州刺史","0","2","2"
"为贺州刺史","0","2","2"
"都是于琮的","0","2","2"
"部尚书杜蝕","0","2","2"
"所有逃亡在","0","2","2"
"有逃亡在外","0","2","2"
"在外的人口","0","2","2"
"他们的赋税","0","2","2"
"的人户身上","0","2","2"
"道的州府按","0","2","2"
"的州府按照","0","2","2"
"州府按照这","0","2","2"
"府按照这个","0","2","2"
"任命振武军","0","2","2"
"命振武军节","0","2","2"
"李国昌为检","0","2","2"
"国昌为检校","0","2","2"
"在云中任职","0","2","2"
"大家都知道","0","2","2"
"征调他的军","0","2","2"
"调他的军队","0","2","2"
"按照朝廷的","0","2","2"
"对待一般人","0","2","2"
"皇上便下诏","0","2","2"
"令太原节度","0","2","2"
"讨伐李国昌","0","2","2"
"当时李国昌","0","2","2"
"皇上诏令两","0","2","2"
"各寺庙供奉","0","2","2"
"天下各州府","0","2","2"
"其余的罪犯","0","2","2"
"处理军国政","0","2","2"
"理军国政务","0","2","2"
"是有限度的","0","2","2"
"承担国家的","0","2","2"
"国家的大业","0","2","2"
"平章政事韦","0","2","2"
"章政事韦保","0","2","2"
"政事韦保衡","0","2","2"
"后除去丧服","0","2","2"
"武常参官员","0","2","2"
"五坊的鹰犬","0","2","2"
"我的继承人","0","2","2"
"咸宁殿驾崩","0","2","2"
"奉上谥号为","0","2","2"
"竭尽你们的","0","2","2"
"尽你们的心","0","2","2"
"王在灵柩前","0","2","2"
"母亲王氏为","0","2","2"
"王氏为皇太","0","2","2"
"从七月开始","0","2","2"
"萧亻放兼任","0","2","2"
"掌管户部的","0","2","2"
"任命礼部侍","0","2","2"
"命礼部侍郎","0","2","2"
"王道教化的","0","2","2"
"任命长安县","0","2","2"
"命长安县令","0","2","2"
"征召军队前","0","2","2"
"因为道路崎","0","2","2"
"为道路崎岖","0","2","2"
"让他们返回","0","2","2"
"三处节镇的","0","2","2"
"因为患病而","0","2","2"
"皇上驾临正","0","2","2"
"上驾临正殿","0","2","2"
"正殿接受册","0","2","2"
"一样担任翰","0","2","2"
"样担任翰林","0","2","2"
"新授任的吏","0","2","2"
"授任的吏部","0","2","2"
"任的吏部侍","0","2","2"
"的吏部侍郎","0","2","2"
"任洋州刺史","0","2","2"
"任命大理寺","0","2","2"
"命大理寺卿","0","2","2"
"任大理寺卿","0","2","2"
"任命前大同","0","2","2"
"命前大同军","0","2","2"
"政务的官职","0","2","2"
"齐克让为检","0","2","2"
"克让为检校","0","2","2"
"侍郎崔荛主","0","2","2"
"郎崔荛主持","0","2","2"
"崔荛主持博","0","2","2"
"荛主持博学","0","2","2"
"想到百姓们","0","2","2"
"任主客郎中","0","2","2"
"其部众有几","0","2","2"
"部众有几万","0","2","2"
"众有几万人","0","2","2"
"还没有停止","0","2","2"
"署理内侍监","0","2","2"
"不能使他们","0","2","2"
"能使他们的","0","2","2"
"应当命令各","0","2","2"
"当命令各道","0","2","2"
"令下达以后","0","2","2"
"报答圣上的","0","2","2"
"皇上特下诏","0","2","2"
"讨草贼使之","0","2","2"
"草贼使之职","0","2","2"
"赶走了节度","0","2","2"
"走了节度使","0","2","2"
"暂时执掌军","0","2","2"
"时执掌军务","0","2","2"
"寿王李杰为","0","2","2"
"李可举为检","0","2","2"
"可举为检校","0","2","2"
"任命汝州防","0","2","2"
"命汝州防御","0","2","2"
"钧为检校尚","0","2","2"
"留后李可举","0","2","2"
"军攻破江陵","0","2","2"
"百名骑兵在","0","2","2"
"沙陀族首领","0","2","2"
"陀族首领李","0","2","2"
"命令他的大","0","2","2"
"令他的大将","0","2","2"
"任命王铎为","0","2","2"
"王铎为检校","0","2","2"
"亲自率军前","0","2","2"
"昭义军士兵","0","2","2"
"沙陀军进攻","0","2","2"
"和北面行营","0","2","2"
"试博学宏词","0","2","2"
"上表章分析","0","2","2"
"都虞候朱玫","0","2","2"
"照这个原则","0","2","2"
"所希望的是","0","2","2"
"的士兵作乱","0","2","2"
"江顺流而下","0","2","2"
"与襄阳节度","0","2","2"
"余下的部众","0","2","2"
"曹全曰政的","0","2","2"
"十之二三被","0","2","2"
"任命内常侍","0","2","2"
"节度使李可","0","2","2"
"度使李可举","0","2","2"
"当时李克用","0","2","2"
"请求节仗斧","0","2","2"
"求节仗斧钺","0","2","2"
"知道了这些","0","2","2"
"分掌东都的","0","2","2"
"文武百官都","0","2","2"
"武百官都不","0","2","2"
"百官都不知","0","2","2"
"官都不知道","0","2","2"
"率领十余名","0","2","2"
"四品以下的","0","2","2"
"讨伐贼军以","0","2","2"
"用为检校工","0","2","2"
"放纵自己的","0","2","2"
"兵大肆抢劫","0","2","2"
"率军前来增","0","2","2"
"军前来增援","0","2","2"
"大赦天下罪","0","2","2"
"任诸道行营","0","2","2"
"从皇上的车","0","2","2"
"兵攻击贼军","0","2","2"
"任京城西面","0","2","2"
"忠武军监军","0","2","2"
"军镇的军队","0","2","2"
"禁军和山南","0","2","2"
"防御使朱温","0","2","2"
"朝廷怀疑他","0","2","2"
"州节度使曹","0","2","2"
"部下的亲军","0","2","2"
"驾驻跸于成","0","2","2"
"驻跸于成都","0","2","2"
"跸于成都府","0","2","2"
"被自己的部","0","2","2"
"贼首黄巢的","0","2","2"
"千方百计地","0","2","2"
"领自己的军","0","2","2"
"自己的军队","0","2","2"
"既然已经扫","0","2","2"
"定任命河中","0","2","2"
"王重荣为检","0","2","2"
"重荣为检校","0","2","2"
"职务仍同原","0","2","2"
"务仍同原来","0","2","2"
"仍同原来一","0","2","2"
"以北行营节","0","2","2"
"宁节度使朱","0","2","2"
"节度使朱玫","0","2","2"
"仍旧担任检","0","2","2"
"原来一样任","0","2","2"
"了击败贼军","0","2","2"
"败贼军的功","0","2","2"
"贼军平定之","0","2","2"
"军平定之后","0","2","2"
"死去的消息","0","2","2"
"心里很高兴","0","2","2"
"没有比这更","0","2","2"
"有比这更严","0","2","2"
"比这更严重","0","2","2"
"这更严重的","0","2","2"
"前来皇上驻","0","2","2"
"来皇上驻跸","0","2","2"
"前振武军节","0","2","2"
"诏命河东节","0","2","2"
"监军田从异","0","2","2"
"太康和西华","0","2","2"
"平地积水达","0","2","2"
"军突然来到","0","2","2"
"投降了时溥","0","2","2"
"徐州将领李","0","2","2"
"州将领李师","0","2","2"
"将领李师悦","0","2","2"
"暂署京兆尹","0","2","2"
"所能控制的","0","2","2"
"便任命汴州","0","2","2"
"廷便任命董","0","2","2"
"解县两处盐","0","2","2"
"县两处盐池","0","2","2"
"盐铁使管辖","0","2","2"
"皇帝敬奉徽","0","2","2"
"帝敬奉徽号","0","2","2"
"控制的地区","0","2","2"
"自称为节度","0","2","2"
"称为节度留","0","2","2"
"驱逐他们的","0","2","2"
"逐他们的主","0","2","2"
"任命保銮都","0","2","2"
"命保銮都将","0","2","2"
"列举田令孜","0","2","2"
"派宁节度使","0","2","2"
"率领军队到","0","2","2"
"都不知道这","0","2","2"
"不知道这件","0","2","2"
"兵五千人到","0","2","2"
"嗣子襄王李","0","2","2"
"子襄王李誰","0","2","2"
"拒绝而不接","0","2","2"
"自己的过错","0","2","2"
"金商节度使","0","2","2"
"銮都将领李","0","2","2"
"都将领李钅","0","2","2"
"将领李钅延","0","2","2"
"将孙儒攻陷","0","2","2"
"而免于一死","0","2","2"
"关进了监狱","0","2","2"
"请求皇上驾","0","2","2"
"皇上驾临兴","0","2","2"
"祝贺的礼仪","0","2","2"
"朱玫的首级","0","2","2"
"级传送到皇","0","2","2"
"庆等州节度","0","2","2"
"李钅延任检","0","2","2"
"钅延任检校","0","2","2"
"延任检校司","0","2","2"
"休的太子少","0","2","2"
"扬州偏将毕","0","2","2"
"州偏将毕师","0","2","2"
"的士兵攻打","0","2","2"
"他为节度使","0","2","2"
"圣驾返回京","0","2","2"
"晋封阶官开","0","2","2"
"封阶官开府","0","2","2"
"阶官开府仪","0","2","2"
"理军国大事","0","2","2"
"与郭子仪等","0","2","2"
"在太极殿即","0","2","2"
"太极殿即皇","0","2","2"
"极殿即皇帝","0","2","2"
"殿即皇帝位","0","2","2"
"余官职如原","0","2","2"
"官职如原来","0","2","2"
"职如原来一","0","2","2"
"使马燧任检","0","2","2"
"为京畿观察","0","2","2"
"册封郭子仪","0","2","2"
"进献的物品","0","2","2"
"六品以上的","0","2","2"
"诏令中书门","0","2","2"
"司三品以上","0","2","2"
"颜真卿上奏","0","2","2"
"部侍郎袁亻","0","2","2"
"侍郎袁亻参","0","2","2"
"确实有利于","0","2","2"
"任人们开采","0","2","2"
"州每年进贡","0","2","2"
"号称二十万","0","2","2"
"以陕州长史","0","2","2"
"平章事崔甫","0","2","2"
"加给朱氵此","0","2","2"
"书令的职衔","0","2","2"
"颜真卿为太","0","2","2"
"真卿为太子","0","2","2"
"卿为太子少","0","2","2"
"章事李勉为","0","2","2"
"中丞袁高为","0","2","2"
"等七州之地","0","2","2"
"田承嗣的儿","0","2","2"
"承嗣的儿子","0","2","2"
"嗣的儿子田","0","2","2"
"的儿子田悦","0","2","2"
"了众多的人","0","2","2"
"在郾城设置","0","2","2"
"兼任同中书","0","2","2"
"使李怀光兼","0","2","2"
"进攻临氵名","0","2","2"
"守将张亻丕","0","2","2"
"度使刘洽与","0","2","2"
"为蜀州刺史","0","2","2"
"率州郡归降","0","2","2"
"攻破田悦的","0","2","2"
"破田悦的功","0","2","2"
"田悦的功劳","0","2","2"
"中三年春正","0","2","2"
"授予他的儿","0","2","2"
"予他的儿子","0","2","2"
"为庐州长史","0","2","2"
"海三州团练","0","2","2"
"三州团练使","0","2","2"
"州的将领李","0","2","2"
"陷落在吐蕃","0","2","2"
"人从吐蕃回","0","2","2"
"从吐蕃回国","0","2","2"
"严厉的刑法","0","2","2"
"神策禁卫军","0","2","2"
"支使赵赞上","0","2","2"
"水运陆运两","0","2","2"
"运陆运两税","0","2","2"
"吐蕃相国尚","0","2","2"
"蕃相国尚结","0","2","2"
"相国尚结赞","0","2","2"
"在清水缔结","0","2","2"
"以前任山南","0","2","2"
"在魏县军营","0","2","2"
"竟没有一个","0","2","2"
"皇上到了奉","0","2","2"
"上到了奉天","0","2","2"
"王咸为行在","0","2","2"
"咸为行在都","0","2","2"
"为行在都知","0","2","2"
"宁节度使韩","0","2","2"
"节度使韩游","0","2","2"
"率兵三千人","0","2","2"
"奔赴皇上行","0","2","2"
"赴皇上行宫","0","2","2"
"以京兆尹裴","0","2","2"
"学士的职务","0","2","2"
"段秀实为太","0","2","2"
"赐给实际封","0","2","2"
"军队转移到","0","2","2"
"因为李怀光","0","2","2"
"李怀光的部","0","2","2"
"怀光的部将","0","2","2"
"任饶州刺史","0","2","2"
"皇上车驾驻","0","2","2"
"上车驾驻扎","0","2","2"
"车驾驻扎在","0","2","2"
"授予李怀光","0","2","2"
"予李怀光太","0","2","2"
"浑王咸与吐","0","2","2"
"王咸与吐蕃","0","2","2"
"他的儿子高","0","2","2"
"右仆射职衔","0","2","2"
"到光泰门外","0","2","2"
"在光泰门外","0","2","2"
"派遣骑兵将","0","2","2"
"遣骑兵将领","0","2","2"
"李晟收复了","0","2","2"
"晟收复了京","0","2","2"
"将领田希鉴","0","2","2"
"穿绯红色官","0","2","2"
"绯红色官服","0","2","2"
"朱氵此叛乱","0","2","2"
"李怀光率军","0","2","2"
"然而李怀光","0","2","2"
"国难的功劳","0","2","2"
"如当初一样","0","2","2"
"戴休颜率他","0","2","2"
"休颜率他们","0","2","2"
"颜率他们的","0","2","2"
"在三桥拜见","0","2","2"
"被李怀光杀","0","2","2"
"李怀光杀害","0","2","2"
"皇上所赐的","0","2","2"
"乐队仪仗队","0","2","2"
"以金吾大将","0","2","2"
"令各道节度","0","2","2"
"各道节度使","0","2","2"
"个节度地区","0","2","2"
"希烈的将领","0","2","2"
"大破李希烈","0","2","2"
"杀了三万人","0","2","2"
"李希烈的部","0","2","2"
"希烈的部众","0","2","2"
"他的儿子颜","0","2","2"
"的儿子颜君","0","2","2"
"儿子颜君页","0","2","2"
"严震前来朝","0","2","2"
"震前来朝见","0","2","2"
"大风拔起了","0","2","2"
"风拔起了树","0","2","2"
"以散骑常侍","0","2","2"
"攻破李希烈","0","2","2"
"杀了他的妻","0","2","2"
"瑟瑟这珠宝","0","2","2"
"为蔡州刺史","0","2","2"
"为果州刺史","0","2","2"
"他们的中军","0","2","2"
"使王亻必为","0","2","2"
"王亻必为右","0","2","2"
"派大将论颊","0","2","2"
"马燧亲自率","0","2","2"
"燧亲自率领","0","2","2"
"极力说吐蕃","0","2","2"
"吐蕃请求结","0","2","2"
"收取他们的","0","2","2"
"从兵部尚书","0","2","2"
"书崔汉衡以","0","2","2"
"崔汉衡以下","0","2","2"
"子以正员官","0","2","2"
"回纥可汗派","0","2","2"
"纥可汗派遣","0","2","2"
"咸安公主下","0","2","2"
"安公主下嫁","0","2","2"
"赵宗儒为检","0","2","2"
"宗儒为检校","0","2","2"
"司农卿李钅","0","2","2"
"农卿李钅舌","0","2","2"
"充作私卖的","0","2","2"
"作私卖的贽","0","2","2"
"私卖的贽礼","0","2","2"
"因为发生旱","0","2","2"
"为发生旱灾","0","2","2"
"李绛回答说","0","2","2"
"有什么值得","0","2","2"
"向皇上拜贺","0","2","2"
"垣右执法星","0","2","2"
"每月朔日和","0","2","2"
"月朔日和望","0","2","2"
"朔日和望日","0","2","2"
"月亮靠近斗","0","2","2"
"亮靠近斗宿","0","2","2"
"员外郎执掌","0","2","2"
"兼任宁海军","0","2","2"
"任宁海军使","0","2","2"
"任命苏州刺","0","2","2"
"命苏州刺史","0","2","2"
"奏转调改任","0","2","2"
"停职的官员","0","2","2"
"任命左龙武","0","2","2"
"将军薛平为","0","2","2"
"推举其偏将","0","2","2"
"担任节度副","0","2","2"
"任节度副使","0","2","2"
"兼任魏州大","0","2","2"
"任命郑滑节","0","2","2"
"命郑滑节度","0","2","2"
"赐给三军赏","0","2","2"
"给三军赏钱","0","2","2"
"担任皇太子","0","2","2"
"于是下诏令","0","2","2"
"任命前魏博","0","2","2"
"命前魏博节","0","2","2"
"命京兆尹裴","0","2","2"
"为同州防御","0","2","2"
"署理礼部尚","0","2","2"
"理礼部尚书","0","2","2"
"简为检校户","0","2","2"
"宰相于由页","0","2","2"
"于由页的儿","0","2","2"
"由页的儿子","0","2","2"
"给京兆府以","0","2","2"
"京兆府以杖","0","2","2"
"兆府以杖刑","0","2","2"
"府以杖刑处","0","2","2"
"以杖刑处死","0","2","2"
"进入中书省","0","2","2"
"因为钱的价","0","2","2"
"为钱的价值","0","2","2"
"钱的价值重","0","2","2"
"任命将作监","0","2","2"
"二十万贯钱","0","2","2"
"权德舆为检","0","2","2"
"德舆为检校","0","2","2"
"舆为检校吏","0","2","2"
"的主管官员","0","2","2"
"裴行立为安","0","2","2"
"行立为安南","0","2","2"
"立为安南都","0","2","2"
"命司农卿裴","0","2","2"
"农卿裴武为","0","2","2"
"金星靠近轩","0","2","2"
"星靠近轩辕","0","2","2"
"青的李师道","0","2","2"
"赐予金章紫","0","2","2"
"予金章紫绶","0","2","2"
"荧惑星接近","0","2","2"
"任命湖南观","0","2","2"
"命湖南观察","0","2","2"
"汴州的韩弘","0","2","2"
"任命神策军","0","2","2"
"京畿地区的","0","2","2"
"十二月初二","0","2","2"
"任命桂管观","0","2","2"
"命桂管观察","0","2","2"
"任命夔州刺","0","2","2"
"命夔州刺史","0","2","2"
"任命夏州节","0","2","2"
"命夏州节度","0","2","2"
"求辞去相位","0","2","2"
"贬职为通州","0","2","2"
"职为通州刺","0","2","2"
"以前拖欠未","0","2","2"
"前拖欠未交","0","2","2"
"欠未交的租","0","2","2"
"用常平义仓","0","2","2"
"粮食三十万","0","2","2"
"近心宿的大","0","2","2"
"是因为他多","0","2","2"
"因为他多次","0","2","2"
"为他多次上","0","2","2"
"他多次上表","0","2","2"
"任命岭南节","0","2","2"
"命岭南节度","0","2","2"
"史李光颜为","0","2","2"
"使袁滋为检","0","2","2"
"吴少阳去世","0","2","2"
"他的儿子吴","0","2","2"
"的儿子吴元","0","2","2"
"儿子吴元济","0","2","2"
"遣使臣前去","0","2","2"
"度使王锷为","0","2","2"
"使王锷为检","0","2","2"
"王锷为检校","0","2","2"
"锷为检校司","0","2","2"
"度使韩皋为","0","2","2"
"李光颜为许","0","2","2"
"光颜为许州","0","2","2"
"颜为许州刺","0","2","2"
"放肆地进行","0","2","2"
"丞吕元膺为","0","2","2"
"赐予旌旗甲","0","2","2"
"予旌旗甲仗","0","2","2"
"郭钊为检校","0","2","2"
"任命职方员","0","2","2"
"命职方员外","0","2","2"
"十二月初八","0","2","2"
"署理尚书右","0","2","2"
"韩弘署理司","0","2","2"
"弘署理司徒","0","2","2"
"在职的官爵","0","2","2"
"李绛为华州","0","2","2"
"将军李为泾","0","2","2"
"军李为泾原","0","2","2"
"李为泾原节","0","2","2"
"请求任命他","0","2","2"
"的五百名士","0","2","2"
"符合皇上的","0","2","2"
"使杜叔良为","0","2","2"
"章留在宫中","0","2","2"
"派遣使臣进","0","2","2"
"出内库的缯","0","2","2"
"二月初五夜","0","2","2"
"金星干犯土","0","2","2"
"星干犯土星","0","2","2"
"李师道的部","0","2","2"
"和十一年春","0","2","2"
"因为正在打","0","2","2"
"为正在打仗","0","2","2"
"露宿在野外","0","2","2"
"请求罢兵休","0","2","2"
"求罢兵休战","0","2","2"
"李光颜奏报","0","2","2"
"吐蕃的赞普","0","2","2"
"蕃的赞普去","0","2","2"
"的赞普去世","0","2","2"
"李逢吉为门","0","2","2"
"逢吉为门下","0","2","2"
"吉为门下侍","0","2","2"
"李绛为兵部","0","2","2"
"绛为兵部尚","0","2","2"
"亮掩蔽心宿","0","2","2"
"在兴庆宫的","0","2","2"
"兴庆宫的咸","0","2","2"
"庆宫的咸宁","0","2","2"
"宫的咸宁殿","0","2","2"
"上在紫宸门","0","2","2"
"已故皇太后","0","2","2"
"因为其供给","0","2","2"
"在铁城战败","0","2","2"
"敬献谥号为","0","2","2"
"贬职为归州","0","2","2"
"职为归州刺","0","2","2"
"郓州的李师","0","2","2"
"因而有这项","0","2","2"
"有这项任命","0","2","2"
"拨出内库钱","0","2","2"
"出内库钱五","0","2","2"
"月亮干犯木","0","2","2"
"亮干犯木星","0","2","2"
"交付给史馆","0","2","2"
"分列条款奏","0","2","2"
"列条款奏闻","0","2","2"
"驾临兴安门","0","2","2"
"临兴安门接","0","2","2"
"打入掖庭为","0","2","2"
"入掖庭为奴","0","2","2"
"为彰义军节","0","2","2"
"马总为检校","0","2","2"
"任命右庶子","0","2","2"
"应当派谏议","0","2","2"
"当派谏议大","0","2","2"
"皇上驾临麟","0","2","2"
"上驾临麟德","0","2","2"
"驾临麟德殿","0","2","2"
"任命前剑南","0","2","2"
"度使马总为","0","2","2"
"交给度支司","0","2","2"
"正为检校司","0","2","2"
"全部予以免","0","2","2"
"在轸宿天区","0","2","2"
"事皇甫钅甫","0","2","2"
"为中书门下","0","2","2"
"东路的军队","0","2","2"
"击败吐蕃军","0","2","2"
"败吐蕃军二","0","2","2"
"吐蕃军二万","0","2","2"
"蕃军二万人","0","2","2"
"史令狐楚为","0","2","2"
"照着陛下所","0","2","2"
"击败二万贼","0","2","2"
"败二万贼军","0","2","2"
"的十二个州","0","2","2"
"刘悟为检校","0","2","2"
"刺史马总为","0","2","2"
"充任平卢军","0","2","2"
"为沂州刺史","0","2","2"
"崔群回答说","0","2","2"
"任寿州刺史","0","2","2"
"才得以执行","0","2","2"
"千名士卒前","0","2","2"
"名士卒前往","0","2","2"
"书李绛为检","0","2","2"
"军胡证充任","0","2","2"
"元和五年以","0","2","2"
"和五年以前","0","2","2"
"任命前黔中","0","2","2"
"命前黔中观","0","2","2"
"予不同数量","0","2","2"
"吐蕃人入侵","0","2","2"
"命田弘正之","0","2","2"
"兼魏州大都","0","2","2"
"即位的初期","0","2","2"
"刺史韩愈为","0","2","2"
"为袁州刺史","0","2","2"
"部尚书李庸","0","2","2"
"尚书李庸阝","0","2","2"
"实封食邑五","0","2","2"
"暂署中书侍","0","2","2"
"署中书侍郎","0","2","2"
"至道昭肃孝","0","2","2"
"王李成美为","0","2","2"
"五年正月初","0","2","2"
"知枢密院事","0","2","2"
"枢密院事刘","0","2","2"
"密院事刘弘","0","2","2"
"院事刘弘逸","0","2","2"
"从十六宅迎","0","2","2"
"十六宅迎取","0","2","2"
"人们的愿望","0","2","2"
"百官在东宫","0","2","2"
"杀他的全家","0","2","2"
"宣懿太后附","0","2","2"
"被勒令停职","0","2","2"
"任职的官员","0","2","2"
"吏员的杂项","0","2","2"
"很厌恶他们","0","2","2"
"裕为吏部尚","0","2","2"
"不久又兼任","0","2","2"
"亲自接受符","0","2","2"
"在太庙举行","0","2","2"
"李绅为中书","0","2","2"
"从今以后请","0","2","2"
"委托中书门","0","2","2"
"托中书门下","0","2","2"
"职为潮州司","0","2","2"
"蝗虫伤害庄","0","2","2"
"虫伤害庄稼","0","2","2"
"设置谏议大","0","2","2"
"宫禁中任职","0","2","2"
"升格为从四","0","2","2"
"格为从四品","0","2","2"
"上疏恳切地","0","2","2"
"疏恳切地劝","0","2","2"
"回鹘的乌介","0","2","2"
"鹘的乌介可","0","2","2"
"汗派遣使臣","0","2","2"
"令金吾大将","0","2","2"
"加给津贴钱","0","2","2"
"人们认为很","0","2","2"
"认为很恰当","0","2","2"
"负有高利贷","0","2","2"
"的太子太师","0","2","2"
"派遣使臣入","0","2","2"
"遣使臣入朝","0","2","2"
"派遣使臣册","0","2","2"
"遣使臣册封","0","2","2"
"职御史大夫","0","2","2"
"担任检校右","0","2","2"
"开启延英殿","0","2","2"
"天雨住天晴","0","2","2"
"皇上临幸含","0","2","2"
"上临幸含元","0","2","2"
"临幸含元殿","0","2","2"
"宰相及中书","0","2","2"
"相及中书门","0","2","2"
"待掌扇分列","0","2","2"
"侍立在皇帝","0","2","2"
"立在皇帝面","0","2","2"
"带诏书前去","0","2","2"
"去慰劳他们","0","2","2"
"退休离任的","0","2","2"
"李德裕认为","0","2","2"
"度使刘沔为","0","2","2"
"百姓的父母","0","2","2"
"你们的国家","0","2","2"
"知道你们的","0","2","2"
"的志向在于","0","2","2"
"必定是因为","0","2","2"
"以外的地方","0","2","2"
"如有违犯者","0","2","2"
"交纳给官府","0","2","2"
"黠斯部的使","0","2","2"
"斯部的使臣","0","2","2"
"护送公主入","0","2","2"
"百官在章敬","0","2","2"
"官在章敬寺","0","2","2"
"谏官上疏说","0","2","2"
"他担任使臣","0","2","2"
"追赠的官职","0","2","2"
"以本职充任","0","2","2"
"表现出忠诚","0","2","2"
"以君臣大义","0","2","2"
"体察朕的心","0","2","2"
"追赠为司徒","0","2","2"
"颁赐给他们","0","2","2"
"仍任检校司","0","2","2"
"应当裁减官","0","2","2"
"当裁减官员","0","2","2"
"照开元二十","0","2","2"
"十二年的敕","0","2","2"
"二年的敕令","0","2","2"
"向皇上称贺","0","2","2"
"暂署尚书右","0","2","2"
"署尚书右仆","0","2","2"
"兵进入潞州","0","2","2"
"在楼前向皇","0","2","2"
"楼前向皇上","0","2","2"
"任命前山南","0","2","2"
"命前山南东","0","2","2"
"他们的巢穴","0","2","2"
"为一个节镇","0","2","2"
"帝派宦官去","0","2","2"
"向皇帝敬献","0","2","2"
"二十六万零","0","2","2"
"十六万零五","0","2","2"
"六万零五百","0","2","2"
"万零五百人","0","2","2"
"卿大臣们详","0","2","2"
"情关系到礼","0","2","2"
"委派盐铁使","0","2","2"
"天下的僧尼","0","2","2"
"交纳春秋两","0","2","2"
"纳春秋两税","0","2","2"
"春秋两税的","0","2","2"
"公主所上的","0","2","2"
"主所上的表","0","2","2"
"所上的表章","0","2","2"
"重要则君王","0","2","2"
"要则君王尊","0","2","2"
"则君王尊贵","0","2","2"
"奏闻于皇上","0","2","2"
"自己的地位","0","2","2"
"与中书舍人","0","2","2"
"议是否可行","0","2","2"
"李德裕结怨","0","2","2"
"贬职为随州","0","2","2"
"铸造的钱币","0","2","2"
"百官的职俸","0","2","2"
"官的职俸津","0","2","2"
"光芒照亮地","0","2","2"
"芒照亮地面","0","2","2"
"皇上宣布遗","0","2","2"
"上宣布遗诏","0","2","2"
"任度支使崔","0","2","2"
"度支使崔龟","0","2","2"
"支使崔龟从","0","2","2"
"金鱼袋毕讠","0","2","2"
"鱼袋毕讠咸","0","2","2"
"康季荣上奏","0","2","2"
"兼任兵部侍","0","2","2"
"封地掌管财","0","2","2"
"地掌管财物","0","2","2"
"掌管财物的","0","2","2"
"管财物的官","0","2","2"
"财物的官员","0","2","2"
"上旬的物价","0","2","2"
"旬的物价估","0","2","2"
"的物价估价","0","2","2"
"命令起居郎","0","2","2"
"的被关押囚","0","2","2"
"被御史台所","0","2","2"
"御史台所弹","0","2","2"
"史台所弹劾","0","2","2"
"薪俸和食料","0","2","2"
"俸和食料钱","0","2","2"
"贬出京城为","0","2","2"
"持节度使工","0","2","2"
"科举考试的","0","2","2"
"举考试的贡","0","2","2"
"考试的贡院","0","2","2"
"入仕做官的","0","2","2"
"从大中十年","0","2","2"
"主持内侍省","0","2","2"
"到朝廷请求","0","2","2"
"以金紫光禄","0","2","2"
"代理主持刑","0","2","2"
"理主持刑部","0","2","2"
"他坚决要求","0","2","2"
"兼任尚书户","0","2","2"
"任鸿胪少卿","0","2","2"
"被册立为皇","0","2","2"
"册立为皇太","0","2","2"
"代理中书侍","0","2","2"
"驾临延英殿","0","2","2"
"翰林院待诏","0","2","2"
"使李逢吉为","0","2","2"
"把谏议大夫","0","2","2"
"夫李景俭贬","0","2","2"
"李景俭贬职","0","2","2"
"景俭贬职为","0","2","2"
"观看角抵戏","0","2","2"
"管辖的州县","0","2","2"
"进入回纥的","0","2","2"
"入回纥的使","0","2","2"
"回纥的使臣","0","2","2"
"郎杨於陵为","0","2","2"
"应当令中书","0","2","2"
"上的官员在","0","2","2"
"任命太子詹","0","2","2"
"以拜官敕文","0","2","2"
"拜官敕文的","0","2","2"
"制科考试的","0","2","2"
"农卿郭钊为","0","2","2"
"刑部尚书兼","0","2","2"
"部尚书兼司","0","2","2"
"尚书兼司农","0","2","2"
"书兼司农卿","0","2","2"
"将军郭钅从","0","2","2"
"现在掌管的","0","2","2"
"国家的经费","0","2","2"
"抽取五十文","0","2","2"
"充任朔方灵","0","2","2"
"修筑盐州城","0","2","2"
"为朗州刺史","0","2","2"
"交付给度支","0","2","2"
"付给度支司","0","2","2"
"诞辰接受朝","0","2","2"
"辰接受朝贺","0","2","2"
"接受朝贺的","0","2","2"
"皇上临幸安","0","2","2"
"观看盂兰盆","0","2","2"
"看盂兰盆会","0","2","2"
"二十日夜间","0","2","2"
"人们的疾苦","0","2","2"
"千名神策军","0","2","2"
"鱼袋崔植为","0","2","2"
"八月三十日","0","2","2"
"省门下省同","0","2","2"
"濠州观察使","0","2","2"
"氵名州观察","0","2","2"
"名州观察使","0","2","2"
"宥州的治所","0","2","2"
"赐给金章紫","0","2","2"
"给金章紫绶","0","2","2"
"王承宗去世","0","2","2"
"上奏说吐蕃","0","2","2"
"击败吐蕃的","0","2","2"
"初一是己巳","0","2","2"
"户籍的账目","0","2","2"
"当天返回皇","0","2","2"
"天返回皇宫","0","2","2"
"朝见皇太后","0","2","2"
"道等地的边","0","2","2"
"等地的边防","0","2","2"
"地的边防军","0","2","2"
"充任四镇北","0","2","2"
"了这道任命","0","2","2"
"呈上奏疏说","0","2","2"
"员的私宅中","0","2","2"
"的私宅中去","0","2","2"
"台省官员的","0","2","2"
"命检校右仆","0","2","2"
"丁公著回答","0","2","2"
"公著回答说","0","2","2"
"天宝年以后","0","2","2"
"州所管辖的","0","2","2"
"九姓回纥的","0","2","2"
"毗伽保义可","0","2","2"
"伽保义可汗","0","2","2"
"的治所迁到","0","2","2"
"人出府为官","0","2","2"
"度使的职务","0","2","2"
"郎柳公绰为","0","2","2"
"郎李德裕为","0","2","2"
"进士及第的","0","2","2"
"郑朗等十四","0","2","2"
"朗等十四人","0","2","2"
"书舍人王起","0","2","2"
"上奏说刘总","0","2","2"
"任命前天平","0","2","2"
"命前天平军","0","2","2"
"真才实学的","0","2","2"
"才实学的人","0","2","2"
"杜元颖上奏","0","2","2"
"为郢州刺史","0","2","2"
"十五日以内","0","2","2"
"则限定大理","0","2","2"
"限定大理寺","0","2","2"
"日以内申奏","0","2","2"
"十件以上为","0","2","2"
"职为虔州刺","0","2","2"
"的治所设在","0","2","2"
"给御史中丞","0","2","2"
"皇上驾临丹","0","2","2"
"上驾临丹凤","0","2","2"
"把张弘靖贬","0","2","2"
"张弘靖贬为","0","2","2"
"为吉州刺史","0","2","2"
"临通化门送","0","2","2"
"通化门送行","0","2","2"
"令公卿大臣","0","2","2"
"到中书省商","0","2","2"
"中书省商议","0","2","2"
"月十八日夜","0","2","2"
"十八日夜间","0","2","2"
"裴度充任幽","0","2","2"
"史李景俭为","0","2","2"
"李景俭为谏","0","2","2"
"景俭为谏议","0","2","2"
"俭为谏议大","0","2","2"
"金星靠近太","0","2","2"
"度使田布上","0","2","2"
"使田布上奏","0","2","2"
"田布上奏说","0","2","2"
"使牛元翼为","0","2","2"
"执掌东都尚","0","2","2"
"掌东都尚书","0","2","2"
"裴度上奏说","0","2","2"
"的三千人马","0","2","2"
"阳击败贼军","0","2","2"
"翰林学士之","0","2","2"
"任命深冀行","0","2","2"
"命深冀行营","0","2","2"
"向皇上辞行","0","2","2"
"度支使崔統","0","2","2"
"支使崔統为","0","2","2"
"为镇州行营","0","2","2"
"十二月初三","0","2","2"
"每贯分出二","0","2","2"
"贯分出二百","0","2","2"
"分出二百文","0","2","2"
"出二百文资","0","2","2"
"二百文资助","0","2","2"
"百文资助军","0","2","2"
"颜为忠武军","0","2","2"
"任深冀行营","0","2","2"
"贬为澧州刺","0","2","2"
"受株连获罪","0","2","2"
"诛杀王廷凑","0","2","2"
"长庆二年正","0","2","2"
"庆二年正月","0","2","2"
"魏博的军队","0","2","2"
"任横海军节","0","2","2"
"命天德军防","0","2","2"
"由内库拨出","0","2","2"
"任命考功郎","0","2","2"
"命考功郎中","0","2","2"
"任命工部侍","0","2","2"
"命工部侍郎","0","2","2"
"深冀行营诸","0","2","2"
"任命横海军","0","2","2"
"章政事裴度","0","2","2"
"政事裴度暂","0","2","2"
"事裴度暂署","0","2","2"
"仆射韩皋为","0","2","2"
"为汴州节度","0","2","2"
"度使韩充为","0","2","2"
"宦官杨再昌","0","2","2"
"接取牛元翼","0","2","2"
"田弘正的骸","0","2","2"
"弘正的骸骨","0","2","2"
"年以后转任","0","2","2"
"东畿汝州防","0","2","2"
"韩皋为东都","0","2","2"
"皋为东都留","0","2","2"
"密州节度使","0","2","2"
"曹华为滑州","0","2","2"
"华为滑州刺","0","2","2"
"柳公绰为御","0","2","2"
"公绰为御史","0","2","2"
"皇上经由复","0","2","2"
"上经由复道","0","2","2"
"经由复道临","0","2","2"
"由复道临幸","0","2","2"
"闰十月二十","0","2","2"
"水旱灾害的","0","2","2"
"旱灾害的地","0","2","2"
"灾害的地方","0","2","2"
"的五百名骑","0","2","2"
"任命前安南","0","2","2"
"有一名宦官","0","2","2"
"立景王为皇","0","2","2"
"景王为皇太","0","2","2"
"册封皇太子","0","2","2"
"三年正月初","0","2","2"
"曲江亭向宰","0","2","2"
"江亭向宰臣","0","2","2"
"号为睿圣文","0","2","2"
"至德大圣大","0","2","2"
"孝皇帝名李","0","2","2"
"肃宗上元二","0","2","2"
"宗上元二年","0","2","2"
"年正月出生","0","2","2"
"月出生在长","0","2","2"
"长安皇宫东","0","2","2"
"安皇宫东边","0","2","2"
"皇宫东边的","0","2","2"
"宫东边的宫","0","2","2"
"东边的宫中","0","2","2"
"代宗大历十","0","2","2"
"从贞元二十","0","2","2"
"逝世的噩耗","0","2","2"
"人们的情绪","0","2","2"
"任命吏部郎","0","2","2"
"命吏部郎中","0","2","2"
"让他们回去","0","2","2"
"待诏王亻丕","0","2","2"
"岁以上的百","0","2","2"
"以上的百姓","0","2","2"
"到他们家里","0","2","2"
"音乐歌舞女","0","2","2"
"乐歌舞女艺","0","2","2"
"歌舞女艺人","0","2","2"
"平章事杜佑","0","2","2"
"为度支盐铁","0","2","2"
"顺宗颁发诏","0","2","2"
"顺宗颁布诏","0","2","2"
"死刑减为流","0","2","2"
"刑减为流放","0","2","2"
"给事中陆质","0","2","2"
"军范希朝为","0","2","2"
"国王大嵩瞞","0","2","2"
"王大嵩瞞为","0","2","2"
"大嵩瞞为检","0","2","2"
"嵩瞞为检校","0","2","2"
"王氏批准为","0","2","2"
"师古被任命","0","2","2"
"古被任命为","0","2","2"
"被任命为检","0","2","2"
"任命为检校","0","2","2"
"应当让皇太","0","2","2"
"当让皇太子","0","2","2"
"人们议论纷","0","2","2"
"们议论纷纷","0","2","2"
"极为公正的","0","2","2"
"为太上皇帝","0","2","2"
"太上皇帝发","0","2","2"
"上皇帝发出","0","2","2"
"皇帝发出诰","0","2","2"
"帝发出诰命","0","2","2"
"在宣政殿册","0","2","2"
"宣政殿册立","0","2","2"
"减刑为流放","0","2","2"
"率领全体朝","0","2","2"
"领全体朝臣","0","2","2"
"太上皇帝进","0","2","2"
"上皇帝进奉","0","2","2"
"太上皇帝在","0","2","2"
"上皇帝在兴","0","2","2"
"皇帝在兴庆","0","2","2"
"帝在兴庆宫","0","2","2"
"进奉谥号为","0","2","2"
"安葬在丰陵","0","2","2"
"宗皇帝的长","0","2","2"
"皇帝的长子","0","2","2"
"的飞禽走兽","0","2","2"
"吉祥符瑞的","0","2","2"
"歙二州观察","0","2","2"
"下平章事头","0","2","2"
"李吉甫为考","0","2","2"
"吉甫为考功","0","2","2"
"甫为考功郎","0","2","2"
"州散发救济","0","2","2"
"散发救济粮","0","2","2"
"发救济粮食","0","2","2"
"韩泰贬谪为","0","2","2"
"贬谪为连州","0","2","2"
"和王叔文交","0","2","2"
"切而获罪受","0","2","2"
"而获罪受到","0","2","2"
"获罪受到处","0","2","2"
"罪受到处分","0","2","2"
"十月初一是","0","2","2"
"初一是丙申","0","2","2"
"司马刘辟为","0","2","2"
"皇太后的礼","0","2","2"
"尚书高郢为","0","2","2"
"丞李庸阝为","0","2","2"
"李庸阝为京","0","2","2"
"庸阝为京兆","0","2","2"
"阝为京兆尹","0","2","2"
"德宗皇帝的","0","2","2"
"夏州刺史和","0","2","2"
"州刺史和夏","0","2","2"
"谪流放的处","0","2","2"
"流放的处罚","0","2","2"
"州遭受旱灾","0","2","2"
"州等地遭受","0","2","2"
"等地遭受旱","0","2","2"
"地遭受旱灾","0","2","2"
"洛阳留守韦","0","2","2"
"宣州刺史和","0","2","2"
"州刺史和宣","0","2","2"
"李吉甫为中","0","2","2"
"吉甫为中书","0","2","2"
"郎裴土自为","0","2","2"
"殿接受朝臣","0","2","2"
"宪宗亲临丹","0","2","2"
"天下宣告大","0","2","2"
"下宣告大赦","0","2","2"
"为神策护军","0","2","2"
"临朝处理政","0","2","2"
"向天下宣布","0","2","2"
"书省主持政","0","2","2"
"省主持政务","0","2","2"
"军粮马料的","0","2","2"
"的部队经由","0","2","2"
"禀奏收复了","0","2","2"
"授予同平章","0","2","2"
"予同平章事","0","2","2"
"同平章事头","0","2","2"
"毛病就在不","0","2","2"
"病就在不能","0","2","2"
"京兆尹李庸","0","2","2"
"兆尹李庸阝","0","2","2"
"尹李庸阝为","0","2","2"
"初一是乙丑","0","2","2"
"的职事官员","0","2","2"
"宗发出诏令","0","2","2"
"的全部官职","0","2","2"
"全部官职爵","0","2","2"
"部官职爵号","0","2","2"
"转运等使职","0","2","2"
"运等使职务","0","2","2"
"准备皇上访","0","2","2"
"备皇上访问","0","2","2"
"皇上访问咨","0","2","2"
"上访问咨询","0","2","2"
"每当皇上临","0","2","2"
"当皇上临朝","0","2","2"
"皇上临朝理","0","2","2"
"上临朝理事","0","2","2"
"个人值班准","0","2","2"
"人值班准备","0","2","2"
"知政事职务","0","2","2"
"皇太后王氏","0","2","2"
"暴风刮断了","0","2","2"
"风刮断了树","0","2","2"
"刮断了树木","0","2","2"
"幽州的刘济","0","2","2"
"初一是壬辰","0","2","2"
"被封为太妃","0","2","2"
"罪犯的文书","0","2","2"
"御史台禀奏","0","2","2"
"不进宫朝拜","0","2","2"
"滞留在外没","0","2","2"
"留在外没有","0","2","2"
"在外没有回","0","2","2"
"外没有回京","0","2","2"
"命令东都洛","0","2","2"
"令东都洛阳","0","2","2"
"东都留守和","0","2","2"
"命令门下侍","0","2","2"
"兼任河中府","0","2","2"
"任河中府尹","0","2","2"
"中府尹和河","0","2","2"
"府尹和河中","0","2","2"
"甫为中书侍","0","2","2"
"二月初三日","0","2","2"
"天文历法的","0","2","2"
"猎鹰猎犬的","0","2","2"
"各种名目的","0","2","2"
"种名目的劳","0","2","2"
"名目的劳役","0","2","2"
"许孟容等人","0","2","2"
"除一个月的","0","2","2"
"为京兆府司","0","2","2"
"向朝廷禀奏","0","2","2"
"的吉祥符瑞","0","2","2"
"请求按照朝","0","2","2"
"求按照朝廷","0","2","2"
"命令淮南节","0","2","2"
"令淮南节度","0","2","2"
"亲临安福门","0","2","2"
"李奉仙等人","0","2","2"
"每天到中书","0","2","2"
"相李吉甫被","0","2","2"
"李吉甫被封","0","2","2"
"吉甫被封为","0","2","2"
"肃宗乾元元","0","2","2"
"宗乾元元年","0","2","2"
"州刺史和州","0","2","2"
"科考试中答","0","2","2"
"考试中答对","0","2","2"
"试中答对了","0","2","2"
"元和国计簿","0","2","2"
"交纳赋税的","0","2","2"
"玄宗天宝年","0","2","2"
"宗天宝年间","0","2","2"
"依靠朝廷供","0","2","2"
"靠朝廷供给","0","2","2"
"朝廷供给的","0","2","2"
"正月初一是","0","2","2"
"宪宗亲临宣","0","2","2"
"宗亲临宣政","0","2","2"
"任命坊节度","0","2","2"
"命坊节度使","0","2","2"
"被用刑杖打","0","2","2"
"为江陵府尹","0","2","2"
"五月初一日","0","2","2"
"命令右仆射","0","2","2"
"隰州节度使","0","2","2"
"不敢侵犯边","0","2","2"
"国王异牟寻","0","2","2"
"五月初一是","0","2","2"
"六月初一是","0","2","2"
"被贬谪为临","0","2","2"
"月初一是甲","0","2","2"
"认已故太师","0","2","2"
"祠庙里设置","0","2","2"
"庙里设置灵","0","2","2"
"里设置灵位","0","2","2"
"设置灵位陪","0","2","2"
"置灵位陪同","0","2","2"
"灵位陪同享","0","2","2"
"位陪同享受","0","2","2"
"陪同享受祭","0","2","2"
"同享受祭祀","0","2","2"
"九月初一是","0","2","2"
"朝廷认为王","0","2","2"
"为激烈率直","0","2","2"
"吐突承璀的","0","2","2"
"宪宗亲临通","0","2","2"
"宗亲临通化","0","2","2"
"亲临通化门","0","2","2"
"一月初一日","0","2","2"
"为陕府长史","0","2","2"
"任命陕虢观","0","2","2"
"命陕虢观察","0","2","2"
"安吉县令孙","0","2","2"
"吉县令孙氵","0","2","2"
"县令孙氵解","0","2","2"
"皇太子李宁","0","2","2"
"为江陵府士","0","2","2"
"三月初一日","0","2","2"
"四月初一是","0","2","2"
"初一是庚午","0","2","2"
"宰相的节度","0","2","2"
"相的节度使","0","2","2"
"派遣判官崔","0","2","2"
"王承宗平反","0","2","2"
"承宗平反昭","0","2","2"
"宗平反昭雪","0","2","2"
"从前一样对","0","2","2"
"前一样对待","0","2","2"
"是不得已才","0","2","2"
"神仙的学说","0","2","2"
"兼任比本身","0","2","2"
"任比本身职","0","2","2"
"比本身职务","0","2","2"
"本身职务高","0","2","2"
"身职务高的","0","2","2"
"求担任河东","0","2","2"
"部侍郎崔为","0","2","2"
"的粟米二十","0","2","2"
"为京兆府尹","0","2","2"
"就不一定会","0","2","2"
"不一定会政","0","2","2"
"一定会政务","0","2","2"
"停止或减少","0","2","2"
"止或减少录","0","2","2"
"或减少录用","0","2","2"
"官员每月薪","0","2","2"
"员每月薪俸","0","2","2"
"使官的名额","0","2","2"
"李泌任宰相","0","2","2"
"禄米田的禄","0","2","2"
"米田的禄米","0","2","2"
"一分禄米田","0","2","2"
"的都团练使","0","2","2"
"陆路转运使","0","2","2"
"抵交租银的","0","2","2"
"担任潼关防","0","2","2"
"是太宗的第","0","2","2"
"太宗的第九","0","2","2"
"母亲是文德","0","2","2"
"亲是文德顺","0","2","2"
"是文德顺圣","0","2","2"
"出生在东宫","0","2","2"
"生在东宫的","0","2","2"
"在东宫的丽","0","2","2"
"东宫的丽正","0","2","2"
"宫的丽正殿","0","2","2"
"不到任所而","0","2","2"
"到任所而接","0","2","2"
"任所而接受","0","2","2"
"所而接受并","0","2","2"
"而接受并州","0","2","2"
"接受并州都","0","2","2"
"受并州都督","0","2","2"
"并州都督之","0","2","2"
"州都督之职","0","2","2"
"开始由著作","0","2","2"
"始由著作郎","0","2","2"
"由著作郎萧","0","2","2"
"郎萧德言教","0","2","2"
"萧德言教授","0","2","2"
"说的什么最","0","2","2"
"的什么最重","0","2","2"
"什么最重要","0","2","2"
"开始是事奉","0","2","2"
"始是事奉双","0","2","2"
"是事奉双亲","0","2","2"
"长大后是事","0","2","2"
"大后是事奉","0","2","2"
"后是事奉君","0","2","2"
"是事奉君王","0","2","2"
"最终是修身","0","2","2"
"君子事奉皇","0","2","2"
"子事奉皇上","0","2","2"
"进朝廷想着","0","2","2"
"朝廷想着尽","0","2","2"
"廷想着尽忠","0","2","2"
"退居在家想","0","2","2"
"居在家想到","0","2","2"
"在家想到弥","0","2","2"
"家想到弥补","0","2","2"
"想到弥补皇","0","2","2"
"到弥补皇上","0","2","2"
"弥补皇上的","0","2","2"
"补皇上的过","0","2","2"
"皇上的过错","0","2","2"
"将顺从其美","0","2","2"
"太宗大喜道","0","2","2"
"完全能够事","0","2","2"
"全能够事奉","0","2","2"
"能够事奉好","0","2","2"
"够事奉好父","0","2","2"
"事奉好父兄","0","2","2"
"做好臣子了","0","2","2"
"等到文德皇","0","2","2"
"到文德皇后","0","2","2"
"悲哀思念之","0","2","2"
"哀思念之情","0","2","2"
"思念之情感","0","2","2"
"念之情感动","0","2","2"
"之情感动左","0","2","2"
"情感动左右","0","2","2"
"感动左右的","0","2","2"
"动左右的人","0","2","2"
"太宗多次加","0","2","2"
"宗多次加以","0","2","2"
"多次加以安","0","2","2"
"次加以安慰","0","2","2"
"从此特别受","0","2","2"
"此特别受到","0","2","2"
"特别受到宠","0","2","2"
"别受到宠爱","0","2","2"
"任命为右武","0","2","2"
"命为右武候","0","2","2"
"为右武候大","0","2","2"
"太子承乾被","0","2","2"
"子承乾被废","0","2","2"
"承乾被废弃","0","2","2"
"魏王泰也因","0","2","2"
"王泰也因犯","0","2","2"
"泰也因犯罪","0","2","2"
"也因犯罪被","0","2","2"
"因犯罪被贬","0","2","2"
"太宗与长孙","0","2","2"
"宗与长孙无","0","2","2"
"李责力等人","0","2","2"
"责力等人计","0","2","2"
"力等人计议","0","2","2"
"太宗每次上","0","2","2"
"宗每次上朝","0","2","2"
"常令晋王在","0","2","2"
"令晋王在旁","0","2","2"
"晋王在旁边","0","2","2"
"让他观看自","0","2","2"
"他观看自己","0","2","2"
"观看自己决","0","2","2"
"看自己决断","0","2","2"
"自己决断各","0","2","2"
"己决断各种","0","2","2"
"决断各种政","0","2","2"
"断各种政务","0","2","2"
"有时候让他","0","2","2"
"时候让他参","0","2","2"
"候让他参加","0","2","2"
"让他参加议","0","2","2"
"他参加议事","0","2","2"
"太宗多次称","0","2","2"
"宗多次称赞","0","2","2"
"多次称赞他","0","2","2"
"次称赞他好","0","2","2"
"太宗将讨伐","0","2","2"
"宗将讨伐高","0","2","2"
"将讨伐高丽","0","2","2"
"命令太子留","0","2","2"
"令太子留守","0","2","2"
"等到太宗基","0","2","2"
"到太宗基本","0","2","2"
"太宗基本确","0","2","2"
"宗基本确定","0","2","2"
"基本确定了","0","2","2"
"本确定了发","0","2","2"
"确定了发兵","0","2","2"
"定了发兵日","0","2","2"
"了发兵日期","0","2","2"
"因而请求驿","0","2","2"
"而请求驿站","0","2","2"
"请求驿站飞","0","2","2"
"求驿站飞马","0","2","2"
"驿站飞马传","0","2","2"
"站飞马传递","0","2","2"
"飞马传递自","0","2","2"
"马传递自己","0","2","2"
"传递自己生","0","2","2"
"递自己生活","0","2","2"
"自己生活工","0","2","2"
"己生活工作","0","2","2"
"生活工作起","0","2","2"
"活工作起居","0","2","2"
"工作起居的","0","2","2"
"作起居的表","0","2","2"
"起居的表章","0","2","2"
"并传递边境","0","2","2"
"传递边境情","0","2","2"
"递边境情况","0","2","2"
"边境情况的","0","2","2"
"境情况的报","0","2","2"
"情况的报告","0","2","2"
"太宗都同意","0","2","2"
"用快马奏事","0","2","2"
"等到太宗大","0","2","2"
"到太宗大军","0","2","2"
"太宗大军凯","0","2","2"
"宗大军凯旋","0","2","2"
"太子跟从皇","0","2","2"
"子跟从皇上","0","2","2"
"从皇上到并","0","2","2"
"皇上到并州","0","2","2"
"当时太宗生","0","2","2"
"时太宗生了","0","2","2"
"太宗生了个","0","2","2"
"宗生了个大","0","2","2"
"生了个大毒","0","2","2"
"了个大毒疮","0","2","2"
"太子亲自用","0","2","2"
"子亲自用口","0","2","2"
"亲自用口吸","0","2","2"
"自用口吸毒","0","2","2"
"用口吸毒脓","0","2","2"
"扶着车辇步","0","2","2"
"着车辇步行","0","2","2"
"车辇步行跟","0","2","2"
"辇步行跟从","0","2","2"
"步行跟从了","0","2","2"
"行跟从了几","0","2","2"
"跟从了几天","0","2","2"
"三年五月二","0","2","2"
"三日又发生","0","2","2"
"日又发生地","0","2","2"
"又发生地震","0","2","2"
"诏令派遣使","0","2","2"
"令派遣使者","0","2","2"
"派遣使者慰","0","2","2"
"遣使者慰问","0","2","2"
"免赋税三年","0","2","2"
"压死的人家","0","2","2"
"死的人家各","0","2","2"
"的人家各赐","0","2","2"
"人家各赐给","0","2","2"
"家各赐给绢","0","2","2"
"各赐给绢绸","0","2","2"
"赐给绢绸三","0","2","2"
"给绢绸三匹","0","2","2"
"李责力为尚","0","2","2"
"责力为尚书","0","2","2"
"力为尚书左","0","2","2"
"赠梁国公房","0","2","2"
"以瑶池都督","0","2","2"
"都督阿史那","0","2","2"
"督阿史那贺","0","2","2"
"史那贺鲁为","0","2","2"
"那贺鲁为左","0","2","2"
"贺鲁为左骁","0","2","2"
"鲁为左骁卫","0","2","2"
"为左骁卫大","0","2","2"
"皇上不受诸","0","2","2"
"上不受诸侯","0","2","2"
"不受诸侯朝","0","2","2"
"皇上登太极","0","2","2"
"上登太极殿","0","2","2"
"接受诸侯朝","0","2","2"
"诸侯朝拜而","0","2","2"
"侯朝拜而不","0","2","2"
"朝拜而不按","0","2","2"
"拜而不按时","0","2","2"
"而不按时会","0","2","2"
"不按时会见","0","2","2"
"以陈王忠为","0","2","2"
"陈王忠为雍","0","2","2"
"王忠为雍州","0","2","2"
"忠为雍州牧","0","2","2"
"封皇子孝为","0","2","2"
"皇子孝为许","0","2","2"
"子孝为许王","0","2","2"
"上金为杞王","0","2","2"
"素节为雍王","0","2","2"
"皇上对群臣","0","2","2"
"上对群臣道","0","2","2"
"继承皇帝大","0","2","2"
"承皇帝大位","0","2","2"
"刑罚教化不","0","2","2"
"罚教化不明","0","2","2"
"致使晋州多","0","2","2"
"使晋州多次","0","2","2"
"晋州多次地","0","2","2"
"州多次地震","0","2","2"
"实是由于赏","0","2","2"
"是由于赏罚","0","2","2"
"由于赏罚不","0","2","2"
"于赏罚不公","0","2","2"
"赏罚不公正","0","2","2"
"政理荒谬所","0","2","2"
"理荒谬所致","0","2","2"
"您们应该晋","0","2","2"
"们应该晋封","0","2","2"
"应该晋封章","0","2","2"
"该晋封章奏","0","2","2"
"晋封章奏事","0","2","2"
"尽量指明政","0","2","2"
"量指明政教","0","2","2"
"指明政教得","0","2","2"
"明政教得失","0","2","2"
"以挽救朕之","0","2","2"
"挽救朕之不","0","2","2"
"救朕之不足","0","2","2"
"吐火罗派遣","0","2","2"
"火罗派遣使","0","2","2"
"遣使者献大","0","2","2"
"使者献大鸟","0","2","2"
"大鸟像骆驼","0","2","2"
"皇上派人献","0","2","2"
"上派人献到","0","2","2"
"派人献到昭","0","2","2"
"人献到昭陵","0","2","2"
"皇上派遣右","0","2","2"
"上派遣右武","0","2","2"
"派遣右武卫","0","2","2"
"卫将军鲜于","0","2","2"
"将军鲜于匡","0","2","2"
"军鲜于匡济","0","2","2"
"鲜于匡济持","0","2","2"
"于匡济持皇","0","2","2"
"匡济持皇帝","0","2","2"
"济持皇帝书","0","2","2"
"持皇帝书信","0","2","2"
"皇帝书信前","0","2","2"
"帝书信前往","0","2","2"
"书信前往吊","0","2","2"
"信前往吊祭","0","2","2"
"郎将高侃活","0","2","2"
"将高侃活捉","0","2","2"
"高侃活捉车","0","2","2"
"侃活捉车鼻","0","2","2"
"活捉车鼻可","0","2","2"
"捉车鼻可汗","0","2","2"
"车鼻可汗送","0","2","2"
"鼻可汗送到","0","2","2"
"可汗送到朝","0","2","2"
"汗送到朝廷","0","2","2"
"将俘虏献到","0","2","2"
"俘虏献到太","0","2","2"
"虏献到太庙","0","2","2"
"献到太庙和","0","2","2"
"到太庙和昭","0","2","2"
"太庙和昭陵","0","2","2"
"公李责力坚","0","2","2"
"李责力坚决","0","2","2"
"责力坚决请","0","2","2"
"力坚决请求","0","2","2"
"坚决请求解","0","2","2"
"决请求解除","0","2","2"
"请求解除职","0","2","2"
"求解除职务","0","2","2"
"令以开府仪","0","2","2"
"门下三品任","0","2","2"
"下三品任用","0","2","2"
"公褚遂良降","0","2","2"
"褚遂良降职","0","2","2"
"遂良降职为","0","2","2"
"良降职为同","0","2","2"
"降职为同州","0","2","2"
"职为同州刺","0","2","2"
"叶护阿史那","0","2","2"
"护阿史那贺","0","2","2"
"史那贺鲁凭","0","2","2"
"那贺鲁凭借","0","2","2"
"贺鲁凭借州","0","2","2"
"鲁凭借州府","0","2","2"
"凭借州府叛","0","2","2"
"借州府叛乱","0","2","2"
"自称为可汗","0","2","2"
"全部占有西","0","2","2"
"部占有西域","0","2","2"
"占有西域之","0","2","2"
"有西域之地","0","2","2"
"等九州旱灾","0","2","2"
"定等十六个","0","2","2"
"等十六个州","0","2","2"
"十六个州水","0","2","2"
"六个州水灾","0","2","2"
"永徽二年春","0","2","2"
"徽二年春正","0","2","2"
"年春正月四","0","2","2"
"春正月四日","0","2","2"
"去年关中畿","0","2","2"
"年关中畿辅","0","2","2"
"关中畿辅之","0","2","2"
"中畿辅之地","0","2","2"
"颇受蝗虫之","0","2","2"
"受蝗虫之灾","0","2","2"
"有的遭水灾","0","2","2"
"的遭水灾和","0","2","2"
"遭水灾和旱","0","2","2"
"以致粮食空","0","2","2"
"致粮食空竭","0","2","2"
"这是由于朕","0","2","2"
"是由于朕德","0","2","2"
"由于朕德行","0","2","2"
"于朕德行不","0","2","2"
"朕德行不好","0","2","2"
"亿万百姓有","0","2","2"
"万百姓有何","0","2","2"
"百姓有何罪","0","2","2"
"朕深感忧虑","0","2","2"
"当引以为戒","0","2","2"
"现在是一年","0","2","2"
"在是一年的","0","2","2"
"是一年的开","0","2","2"
"春耕生产开","0","2","2"
"耕生产开始","0","2","2"
"粮食有的空","0","2","2"
"食有的空尽","0","2","2"
"应从事资助","0","2","2"
"从事资助救","0","2","2"
"事资助救济","0","2","2"
"那些遭受虫","0","2","2"
"些遭受虫灾","0","2","2"
"遭受虫灾水","0","2","2"
"受虫灾水灾","0","2","2"
"虫灾水灾之","0","2","2"
"灾水灾之处","0","2","2"
"水灾之处有","0","2","2"
"灾之处有贫","0","2","2"
"之处有贫乏","0","2","2"
"处有贫乏的","0","2","2"
"有贫乏的人","0","2","2"
"各派郎中一","0","2","2"
"派郎中一人","0","2","2"
"郎中一人任","0","2","2"
"中一人任使","0","2","2"
"一人任使者","0","2","2"
"人任使者去","0","2","2"
"任使者去慰","0","2","2"
"使者去慰问","0","2","2"
"务必尽哀悯","0","2","2"
"必尽哀悯同","0","2","2"
"尽哀悯同情","0","2","2"
"哀悯同情之","0","2","2"
"悯同情之意","0","2","2"
"以符朕眷顾","0","2","2"
"符朕眷顾思","0","2","2"
"朕眷顾思念","0","2","2"
"眷顾思念百","0","2","2"
"顾思念百姓","0","2","2"
"思念百姓之","0","2","2"
"念百姓之心","0","2","2"
"试用中书侍","0","2","2"
"用中书侍郎","0","2","2"
"柳为中书侍","0","2","2"
"增太庙令及","0","2","2"
"太庙令及献","0","2","2"
"庙令及献陵","0","2","2"
"令及献陵令","0","2","2"
"昭陵令从五","0","2","2"
"陵令从五品","0","2","2"
"令从五品的","0","2","2"
"从五品的俸","0","2","2"
"五品的俸禄","0","2","2"
"丞则是从七","0","2","2"
"则是从七品","0","2","2"
"是从七品的","0","2","2"
"从七品的俸","0","2","2"
"七品的俸禄","0","2","2"
"仪同三司及","0","2","2"
"同三司及京","0","2","2"
"三司及京官","0","2","2"
"司及京官文","0","2","2"
"及京官文武","0","2","2"
"都赐给随身","0","2","2"
"赐给随身带","0","2","2"
"给随身带铜","0","2","2"
"随身带铜鱼","0","2","2"
"身带铜鱼符","0","2","2"
"秋七月十六","0","2","2"
"贺鲁入侵攻","0","2","2"
"鲁入侵攻陷","0","2","2"
"入侵攻陷金","0","2","2"
"侵攻陷金岭","0","2","2"
"攻陷金岭城","0","2","2"
"派武候大将","0","2","2"
"必何力为弓","0","2","2"
"何力为弓月","0","2","2"
"力为弓月道","0","2","2"
"为弓月道总","0","2","2"
"月道总管而","0","2","2"
"道总管而讨","0","2","2"
"总管而讨伐","0","2","2"
"管而讨伐他","0","2","2"
"大食国开始","0","2","2"
"食国开始派","0","2","2"
"国开始派遣","0","2","2"
"开始派遣使","0","2","2"
"始派遣使者","0","2","2"
"遣使者来唐","0","2","2"
"使者来唐朝","0","2","2"
"者来唐朝拜","0","2","2"
"来唐朝拜贡","0","2","2"
"唐朝拜贡献","0","2","2"
"于志宁为尚","0","2","2"
"志宁为尚书","0","2","2"
"宁为尚书左","0","2","2"
"侍中兼刑部","0","2","2"
"中兼刑部尚","0","2","2"
"公张行成为","0","2","2"
"张行成为尚","0","2","2"
"行成为尚书","0","2","2"
"成为尚书右","0","2","2"
"令兼检校吏","0","2","2"
"公高季辅为","0","2","2"
"高季辅为侍","0","2","2"
"季辅为侍郎","0","2","2"
"闰九月十一","0","2","2"
"下颁布新定","0","2","2"
"布新定的律","0","2","2"
"在高昌旧地","0","2","2"
"高昌旧地设","0","2","2"
"昌旧地设置","0","2","2"
"旧地设置安","0","2","2"
"地设置安西","0","2","2"
"白水蛮入侵","0","2","2"
"水蛮入侵麻","0","2","2"
"蛮入侵麻州","0","2","2"
"命令左领将","0","2","2"
"令左领将军","0","2","2"
"孝祖讨平他","0","2","2"
"因为从去年","0","2","2"
"为从去年秋","0","2","2"
"将天下死罪","0","2","2"
"天下死罪及","0","2","2"
"下死罪及流","0","2","2"
"死罪及流放","0","2","2"
"罪及流放罪","0","2","2"
"及流放罪人","0","2","2"
"流放罪人顺","0","2","2"
"放罪人顺次","0","2","2"
"罪人顺次降","0","2","2"
"人顺次降低","0","2","2"
"顺次降低一","0","2","2"
"次降低一等","0","2","2"
"犯都宽恕他","0","2","2"
"都宽恕他们","0","2","2"
"必何力等人","0","2","2"
"何力等人在","0","2","2"
"力等人在牢","0","2","2"
"等人在牢山","0","2","2"
"人在牢山大","0","2","2"
"在牢山大破","0","2","2"
"牢山大破处","0","2","2"
"山大破处月","0","2","2"
"大破处月朱","0","2","2"
"破处月朱耶","0","2","2"
"处月朱耶孤","0","2","2"
"月朱耶孤注","0","2","2"
"斩首级九千","0","2","2"
"首级九千个","0","2","2"
"俘虏敌大帅","0","2","2"
"虏敌大帅六","0","2","2"
"敌大帅六千","0","2","2"
"大帅六千人","0","2","2"
"活捉俘虏一","0","2","2"
"捉俘虏一万","0","2","2"
"俘虏一万多","0","2","2"
"获取牛马及","0","2","2"
"取牛马及各","0","2","2"
"牛马及各种","0","2","2"
"马及各种牲","0","2","2"
"及各种牲畜","0","2","2"
"各种牲畜七","0","2","2"
"种牲畜七万","0","2","2"
"牲畜七万头","0","2","2"
"长孙无忌因","0","2","2"
"孙无忌因为","0","2","2"
"无忌因为干","0","2","2"
"忌因为干旱","0","2","2"
"因为干旱请","0","2","2"
"为干旱请求","0","2","2"
"干旱请求辞","0","2","2"
"旱请求辞位","0","2","2"
"亲自在太庙","0","2","2"
"自在太庙祭","0","2","2"
"在太庙祭祀","0","2","2"
"皇上征用民","0","2","2"
"上征用民力","0","2","2"
"征用民力耕","0","2","2"
"用民力耕种","0","2","2"
"民力耕种的","0","2","2"
"力耕种的田","0","2","2"
"种的田地一","0","2","2"
"的田地一千","0","2","2"
"田地一千亩","0","2","2"
"等级赐给群","0","2","2"
"级赐给群官","0","2","2"
"赐给群官绸","0","2","2"
"给群官绸缎","0","2","2"
"公宇文节为","0","2","2"
"宇文节为侍","0","2","2"
"文节为侍中","0","2","2"
"柳为中书令","0","2","2"
"赐文武百官","0","2","2"
"文武百官大","0","2","2"
"武百官大射","0","2","2"
"百官大射之","0","2","2"
"官大射之礼","0","2","2"
"彭王元则去","0","2","2"
"王元则去世","0","2","2"
"上诏令因周","0","2","2"
"诏令因周朝","0","2","2"
"令因周朝司","0","2","2"
"因周朝司沐","0","2","2"
"周朝司沐大","0","2","2"
"朝司沐大夫","0","2","2"
"齐国侍中崔","0","2","2"
"国侍中崔季","0","2","2"
"隋朝仪同三","0","2","2"
"朝仪同三司","0","2","2"
"都是正直忠","0","2","2"
"是正直忠诚","0","2","2"
"们的子孙各","0","2","2"
"的子孙各应","0","2","2"
"子孙各应提","0","2","2"
"孙各应提升","0","2","2"
"立陈王忠为","0","2","2"
"陈王忠为皇","0","2","2"
"王忠为皇太","0","2","2"
"忠为皇太子","0","2","2"
"子为父亲的","0","2","2"
"继承人者勋","0","2","2"
"承人者勋位","0","2","2"
"人者勋位升","0","2","2"
"者勋位升一","0","2","2"
"皇上问户部","0","2","2"
"去年增加多","0","2","2"
"年增加多少","0","2","2"
"增加多少户","0","2","2"
"去年增加十","0","2","2"
"年增加十五","0","2","2"
"增加十五万","0","2","2"
"加十五万户","0","2","2"
"皇上又问道","0","2","2"
"隋朝有多少","0","2","2"
"朝有多少户","0","2","2"
"现在有多少","0","2","2"
"在有多少户","0","2","2"
"隋朝开皇中","0","2","2"
"朝开皇中期","0","2","2"
"开皇中期有","0","2","2"
"皇中期有八","0","2","2"
"中期有八百","0","2","2"
"期有八百七","0","2","2"
"有八百七十","0","2","2"
"百七十万户","0","2","2"
"现在有三百","0","2","2"
"在有三百八","0","2","2"
"有三百八十","0","2","2"
"百八十万户","0","2","2"
"太子中允为","0","2","2"
"子中允为内","0","2","2"
"中允为内允","0","2","2"
"中书舍人改","0","2","2"
"书舍人改为","0","2","2"
"舍人改为内","0","2","2"
"人改为内史","0","2","2"
"改为内史舍","0","2","2"
"所有率府中","0","2","2"
"有率府中郎","0","2","2"
"率府中郎将","0","2","2"
"府中郎将改","0","2","2"
"中郎将改为","0","2","2"
"郎将改为旅","0","2","2"
"将改为旅贲","0","2","2"
"改为旅贲郎","0","2","2"
"为旅贲郎将","0","2","2"
"以回避太子","0","2","2"
"回避太子之","0","2","2"
"避太子之名","0","2","2"
"驾到同安大","0","2","2"
"到同安大长","0","2","2"
"大长公主府","0","2","2"
"又驾到高阳","0","2","2"
"驾到高阳长","0","2","2"
"到高阳长公","0","2","2"
"阳长公主府","0","2","2"
"驳马国派遣","0","2","2"
"马国派遣使","0","2","2"
"濮王泰去世","0","2","2"
"永徽四年春","0","2","2"
"徽四年春正","0","2","2"
"皇上驾临殿","0","2","2"
"上驾临殿堂","0","2","2"
"驾临殿堂前","0","2","2"
"不接受朝拜","0","2","2"
"因为濮王泰","0","2","2"
"为濮王泰灵","0","2","2"
"濮王泰灵柩","0","2","2"
"王泰灵柩未","0","2","2"
"泰灵柩未葬","0","2","2"
"灵柩未葬的","0","2","2"
"柩未葬的缘","0","2","2"
"未葬的缘故","0","2","2"
"柴令武等都","0","2","2"
"令武等都被","0","2","2"
"武等都被判","0","2","2"
"等都被判死","0","2","2"
"都被判死刑","0","2","2"
"高阳公主都","0","2","2"
"阳公主都被","0","2","2"
"公主都被赐","0","2","2"
"主都被赐以","0","2","2"
"都被赐以自","0","2","2"
"执失思力发","0","2","2"
"失思力发配","0","2","2"
"思力发配到","0","2","2"
"力发配到辒","0","2","2"
"发配到辒州","0","2","2"
"配到辒州充","0","2","2"
"到辒州充军","0","2","2"
"夏王道宗发","0","2","2"
"王道宗发配","0","2","2"
"道宗发配到","0","2","2"
"宗发配到桂","0","2","2"
"吴王恪之母","0","2","2"
"王恪之母弟","0","2","2"
"恪之母弟蜀","0","2","2"
"之母弟蜀王","0","2","2"
"母弟蜀王忄","0","2","2"
"弟蜀王忄音","0","2","2"
"蜀王忄音废","0","2","2"
"王忄音废为","0","2","2"
"忄音废为庶","0","2","2"
"音废为庶人","0","2","2"
"天下颁布孔","0","2","2"
"下颁布孔颖","0","2","2"
"颁布孔颖达","0","2","2"
"布孔颖达的","0","2","2"
"每年秋举明","0","2","2"
"年秋举明经","0","2","2"
"秋举明经考","0","2","2"
"明经考试就","0","2","2"
"经考试就依","0","2","2"
"考试就依据","0","2","2"
"陈列叛逆房","0","2","2"
"列叛逆房遗","0","2","2"
"叛逆房遗爱","0","2","2"
"薛万彻等人","0","2","2"
"万彻等人口","0","2","2"
"彻等人口马","0","2","2"
"等人口马匹","0","2","2"
"人口马匹资","0","2","2"
"口马匹资财","0","2","2"
"马匹资财为","0","2","2"
"匹资财为五","0","2","2"
"资财为五垛","0","2","2"
"外国宾客以","0","2","2"
"国宾客以及","0","2","2"
"宾客以及文","0","2","2"
"客以及文武","0","2","2"
"以及文武官","0","2","2"
"及文武官员","0","2","2"
"九品以上者","0","2","2"
"品以上者猜","0","2","2"
"以上者猜测","0","2","2"
"上者猜测垛","0","2","2"
"者猜测垛内","0","2","2"
"猜测垛内之","0","2","2"
"测垛内之物","0","2","2"
"垛内之物而","0","2","2"
"内之物而赏","0","2","2"
"之物而赏赐","0","2","2"
"物而赏赐他","0","2","2"
"而赏赐他们","0","2","2"
"林邑国王派","0","2","2"
"邑国王派遣","0","2","2"
"贡献驯化的","0","2","2"
"献驯化的大","0","2","2"
"驯化的大象","0","2","2"
"记录囚犯罪","0","2","2"
"录囚犯罪状","0","2","2"
"遣使者分别","0","2","2"
"使者分别检","0","2","2"
"者分别检查","0","2","2"
"分别检查天","0","2","2"
"别检查天下","0","2","2"
"检查天下冤","0","2","2"
"查天下冤案","0","2","2"
"文武官员尽","0","2","2"
"武官员尽量","0","2","2"
"官员尽量陈","0","2","2"
"员尽量陈述","0","2","2"
"量陈述朝政","0","2","2"
"在同州之冯","0","2","2"
"同州之冯翊","0","2","2"
"州之冯翊有","0","2","2"
"之冯翊有十","0","2","2"
"冯翊有十八","0","2","2"
"翊有十八颗","0","2","2"
"有十八颗陨","0","2","2"
"十八颗陨石","0","2","2"
"八颗陨石降","0","2","2"
"颗陨石降落","0","2","2"
"落地响声如","0","2","2"
"地响声如雷","0","2","2"
"褚遂良为尚","0","2","2"
"遂良为尚书","0","2","2"
"良为尚书右","0","2","2"
"依旧任参知","0","2","2"
"旧任参知政","0","2","2"
"特赦新丰罪","0","2","2"
"赦新丰罪囚","0","2","2"
"女子陈硕真","0","2","2"
"子陈硕真起","0","2","2"
"陈硕真起兵","0","2","2"
"硕真起兵造","0","2","2"
"真起兵造反","0","2","2"
"自称为文佳","0","2","2"
"称为文佳皇","0","2","2"
"为文佳皇帝","0","2","2"
"攻陷睦州下","0","2","2"
"陷睦州下属","0","2","2"
"睦州下属县","0","2","2"
"州下属县城","0","2","2"
"州刺史崔文","0","2","2"
"刺史崔文玄","0","2","2"
"史房仁裕分","0","2","2"
"房仁裕分别","0","2","2"
"仁裕分别率","0","2","2"
"裕分别率众","0","2","2"
"分别率众军","0","2","2"
"别率众军讨","0","2","2"
"率众军讨伐","0","2","2"
"众军讨伐平","0","2","2"
"军讨伐平定","0","2","2"
"伐平定了她","0","2","2"
"崔敦礼为侍","0","2","2"
"敦礼为侍中","0","2","2"
"下颁布新律","0","2","2"
"颁布新律疏","0","2","2"
"永徽五年春","0","2","2"
"徽五年春三","0","2","2"
"年春三月十","0","2","2"
"春三月十二","0","2","2"
"书阎立德率","0","2","2"
"阎立德率领","0","2","2"
"立德率领丁","0","2","2"
"德率领丁壮","0","2","2"
"率领丁壮人","0","2","2"
"领丁壮人夫","0","2","2"
"丁壮人夫四","0","2","2"
"壮人夫四万","0","2","2"
"人夫四万人","0","2","2"
"夫四万人修","0","2","2"
"四万人修筑","0","2","2"
"万人修筑长","0","2","2"
"人修筑长安","0","2","2"
"修筑长安城","0","2","2"
"筑长安城墙","0","2","2"
"长安城墙外","0","2","2"
"安城墙外的","0","2","2"
"城墙外的凸","0","2","2"
"墙外的凸形","0","2","2"
"外的凸形小","0","2","2"
"的凸形小城","0","2","2"
"试用尚书侍","0","2","2"
"用尚书侍郎","0","2","2"
"尚书侍郎来","0","2","2"
"书侍郎来济","0","2","2"
"五月三日夜","0","2","2"
"漂没淹溺麟","0","2","2"
"没淹溺麟游","0","2","2"
"淹溺麟游县","0","2","2"
"麟游县居民","0","2","2"
"游县居民及","0","2","2"
"县居民及轮","0","2","2"
"居民及轮流","0","2","2"
"民及轮流值","0","2","2"
"及轮流值班","0","2","2"
"流值班的卫","0","2","2"
"死亡三千多","0","2","2"
"亡三千多人","0","2","2"
"滹沱河泛滥","0","2","2"
"淹没五千多","0","2","2"
"没五千多家","0","2","2"
"漂没淹死居","0","2","2"
"没淹死居民","0","2","2"
"浸蚀损坏了","0","2","2"
"蚀损坏了房","0","2","2"
"中书令柳兼","0","2","2"
"书令柳兼吏","0","2","2"
"令柳兼吏部","0","2","2"
"柳兼吏部尚","0","2","2"
"有小鸟如雀","0","2","2"
"在万年宫皇","0","2","2"
"皇帝旧宅生","0","2","2"
"帝旧宅生一","0","2","2"
"旧宅生一大","0","2","2"
"宅生一大鸟","0","2","2"
"生一大鸟像","0","2","2"
"一大鸟像鸠","0","2","2"
"大理寺奏请","0","2","2"
"理寺奏请判","0","2","2"
"寺奏请判决","0","2","2"
"奏请判决死","0","2","2"
"请判决死囚","0","2","2"
"判决死囚犯","0","2","2"
"总数约七十","0","2","2"
"数约七十多","0","2","2"
"约七十多人","0","2","2"
"以下官员有","0","2","2"
"下官员有去","0","2","2"
"官员有去世","0","2","2"
"员有去世者","0","2","2"
"随身带的鱼","0","2","2"
"身带的鱼符","0","2","2"
"带的鱼符并","0","2","2"
"的鱼符并不","0","2","2"
"鱼符并不要","0","2","2"
"符并不要追","0","2","2"
"并不要追回","0","2","2"
"吐蕃派人献","0","2","2"
"蕃派人献马","0","2","2"
"派人献马一","0","2","2"
"人献马一百","0","2","2"
"献马一百匹","0","2","2"
"马一百匹以","0","2","2"
"一百匹以及","0","2","2"
"百匹以及大","0","2","2"
"匹以及大毛","0","2","2"
"以及大毛帐","0","2","2"
"及大毛帐一","0","2","2"
"大毛帐一个","0","2","2"
"宽阔各二十","0","2","2"
"阔各二十七","0","2","2"
"各二十七步","0","2","2"
"从万年宫回","0","2","2"
"万年宫回来","0","2","2"
"修筑京城墙","0","2","2"
"筑京城墙外","0","2","2"
"京城墙外凸","0","2","2"
"城墙外凸形","0","2","2"
"墙外凸形小","0","2","2"
"外凸形小城","0","2","2"
"由官府出钱","0","2","2"
"钱雇佣京兆","0","2","2"
"雇佣京兆百","0","2","2"
"佣京兆百姓","0","2","2"
"用零部件板","0","2","2"
"零部件板筑","0","2","2"
"部件板筑土","0","2","2"
"件板筑土墙","0","2","2"
"板筑土墙筑","0","2","2"
"筑土墙筑了","0","2","2"
"土墙筑了三","0","2","2"
"墙筑了三十","0","2","2"
"筑了三十天","0","2","2"
"了三十天才","0","2","2"
"三十天才完","0","2","2"
"十天才完工","0","2","2"
"京师九门都","0","2","2"
"师九门都建","0","2","2"
"九门都建筑","0","2","2"
"门都建筑台","0","2","2"
"都建筑台观","0","2","2"
"琥珀大如斗","0","2","2"
"玛瑙大如五","0","2","2"
"瑙大如五斗","0","2","2"
"大如五斗器","0","2","2"
"如五斗器皿","0","2","2"
"京师出发拜","0","2","2"
"师出发拜谒","0","2","2"
"出发拜谒昭","0","2","2"
"发拜谒昭陵","0","2","2"
"在半路上生","0","2","2"
"半路上生皇","0","2","2"
"路上生皇子","0","2","2"
"上生皇子贤","0","2","2"
"命令两年确","0","2","2"
"令两年确定","0","2","2"
"两年确定一","0","2","2"
"年确定一次","0","2","2"
"确定一次户","0","2","2"
"定一次户数","0","2","2"
"亲自晋谒昭","0","2","2"
"自晋谒昭陵","0","2","2"
"情况赦免醴","0","2","2"
"况赦免醴泉","0","2","2"
"赦免醴泉县","0","2","2"
"免醴泉县民","0","2","2"
"醴泉县民当","0","2","2"
"泉县民当年","0","2","2"
"县民当年的","0","2","2"
"民当年的租","0","2","2"
"当年的租税","0","2","2"
"昭陵所在地","0","2","2"
"陵所在地住","0","2","2"
"所在地住宿","0","2","2"
"在地住宿守","0","2","2"
"地住宿守卫","0","2","2"
"住宿守卫的","0","2","2"
"宿守卫的将","0","2","2"
"守卫的将军","0","2","2"
"郎将晋爵一","0","2","2"
"将晋爵一等","0","2","2"
"昭陵丞加一","0","2","2"
"陵丞加一阶","0","2","2"
"丞加一阶并","0","2","2"
"加一阶并赐","0","2","2"
"一阶并赐物","0","2","2"
"皇上从昭陵","0","2","2"
"上从昭陵回","0","2","2"
"从昭陵回来","0","2","2"
"在昭陵侧旁","0","2","2"
"昭陵侧旁建","0","2","2"
"陵侧旁建佛","0","2","2"
"侧旁建佛寺","0","2","2"
"封皇子弘为","0","2","2"
"皇子弘为代","0","2","2"
"子弘为代王","0","2","2"
"皇子贤为潞","0","2","2"
"子贤为潞王","0","2","2"
"武职事官五","0","2","2"
"督程名振在","0","2","2"
"程名振在贵","0","2","2"
"名振在贵端","0","2","2"
"振在贵端水","0","2","2"
"在贵端水攻","0","2","2"
"贵端水攻破","0","2","2"
"端水攻破高","0","2","2"
"水攻破高丽","0","2","2"
"嘉州辛道让","0","2","2"
"州辛道让之","0","2","2"
"辛道让之妻","0","2","2"
"道让之妻一","0","2","2"
"让之妻一次","0","2","2"
"之妻一次生","0","2","2"
"妻一次生下","0","2","2"
"夏五月十四","0","2","2"
"命令左屯卫","0","2","2"
"等五将军率","0","2","2"
"五将军率军","0","2","2"
"将军率军队","0","2","2"
"军率军队从","0","2","2"
"率军队从葱","0","2","2"
"军队从葱山","0","2","2"
"队从葱山道","0","2","2"
"从葱山道以","0","2","2"
"葱山道以讨","0","2","2"
"山道以讨伐","0","2","2"
"道以讨伐贺","0","2","2"
"大食国派遣","0","2","2"
"食国派遣使","0","2","2"
"使天下州县","0","2","2"
"天下州县衙","0","2","2"
"下州县衙门","0","2","2"
"州县衙门均","0","2","2"
"县衙门均等","0","2","2"
"孝璋员外郎","0","2","2"
"璋员外郎特","0","2","2"
"员外郎特置","0","2","2"
"仍然与正职","0","2","2"
"然与正职相","0","2","2"
"员外郎为副","0","2","2"
"外郎为副职","0","2","2"
"郎为副职与","0","2","2"
"为副职与正","0","2","2"
"副职与正职","0","2","2"
"职与正职相","0","2","2"
"从蒋孝璋开","0","2","2"
"蒋孝璋开始","0","2","2"
"大理寺再设","0","2","2"
"理寺再设置","0","2","2"
"寺再设置大","0","2","2"
"再设置大理","0","2","2"
"设置大理少","0","2","2"
"置大理少卿","0","2","2"
"大理少卿一","0","2","2"
"理少卿一员","0","2","2"
"先前这里大","0","2","2"
"前这里大雨","0","2","2"
"师米价暴涨","0","2","2"
"官府拿出官","0","2","2"
"府拿出官仓","0","2","2"
"拿出官仓粮","0","2","2"
"出官仓粮食","0","2","2"
"官仓粮食出","0","2","2"
"仓粮食出卖","0","2","2"
"京师东西两","0","2","2"
"师东西两市","0","2","2"
"东西两市设","0","2","2"
"西两市设置","0","2","2"
"两市设置常","0","2","2"
"市设置常平","0","2","2"
"公褚遂良因","0","2","2"
"褚遂良因为","0","2","2"
"遂良因为劝","0","2","2"
"良因为劝谏","0","2","2"
"因为劝谏不","0","2","2"
"为劝谏不应","0","2","2"
"劝谏不应立","0","2","2"
"谏不应立武","0","2","2"
"不应立武昭","0","2","2"
"应立武昭仪","0","2","2"
"降职为潭州","0","2","2"
"职为潭州都","0","2","2"
"皇上面临殿","0","2","2"
"上面临殿堂","0","2","2"
"面临殿堂前","0","2","2"
"射于志宁封","0","2","2"
"于志宁封立","0","2","2"
"志宁封立皇","0","2","2"
"宁封立皇后","0","2","2"
"文武百官及","0","2","2"
"武百官及少","0","2","2"
"百官及少数","0","2","2"
"官及少数民","0","2","2"
"及少数民族","0","2","2"
"少数民族国","0","2","2"
"数民族国家","0","2","2"
"民族国家之","0","2","2"
"族国家之长","0","2","2"
"国家之长官","0","2","2"
"在肃义门恭","0","2","2"
"肃义门恭迎","0","2","2"
"义门恭迎朝","0","2","2"
"门恭迎朝见","0","2","2"
"恭迎朝见皇","0","2","2"
"迎朝见皇后","0","2","2"
"皇后谒见太","0","2","2"
"后谒见太庙","0","2","2"
"追赠皇后之","0","2","2"
"赠皇后之父","0","2","2"
"已故工部尚","0","2","2"
"赠并州都督","0","2","2"
"并州都督武","0","2","2"
"都督武士为","0","2","2"
"督武士为司","0","2","2"
"武士为司空","0","2","2"
"妻魏氏一次","0","2","2"
"魏氏一次生","0","2","2"
"氏一次生下","0","2","2"
"氏改封为代","0","2","2"
"改封为代国","0","2","2"
"封为代国夫","0","2","2"
"派遣礼部尚","0","2","2"
"男许敬宗每","0","2","2"
"许敬宗每天","0","2","2"
"敬宗每天在","0","2","2"
"宗每天在武","0","2","2"
"在武德殿西","0","2","2"
"德殿西门等","0","2","2"
"殿西门等待","0","2","2"
"西门等待皇","0","2","2"
"门等待皇上","0","2","2"
"待皇上诏命","0","2","2"
"改元为显庆","0","2","2"
"九品以上及","0","2","2"
"品以上及五","0","2","2"
"以上及五品","0","2","2"
"上及五品以","0","2","2"
"及五品以下","0","2","2"
"五品以下儿","0","2","2"
"品以下儿子","0","2","2"
"以下儿子为","0","2","2"
"下儿子为父","0","2","2"
"子为父亲继","0","2","2"
"赐予勋官升","0","2","2"
"予勋官升一","0","2","2"
"勋官升一等","0","2","2"
"右仆射兼太","0","2","2"
"仆射兼太子","0","2","2"
"射兼太子少","0","2","2"
"公于志宁兼","0","2","2"
"宁兼太子太","0","2","2"
"都任命为太","0","2","2"
"开始有了宾","0","2","2"
"始有了宾客","0","2","2"
"有了宾客一","0","2","2"
"了宾客一职","0","2","2"
"设宴送别葱","0","2","2"
"宴送别葱山","0","2","2"
"送别葱山道","0","2","2"
"别葱山道大","0","2","2"
"武士为司徒","0","2","2"
"皇后在北郊","0","2","2"
"后在北郊祭","0","2","2"
"在北郊祭祀","0","2","2"
"北郊祭祀先","0","2","2"
"郊祭祀先蚕","0","2","2"
"以表示鼓励","0","2","2"
"表示鼓励蚕","0","2","2"
"示鼓励蚕桑","0","2","2"
"郎杜正伦为","0","2","2"
"杜正伦为试","0","2","2"
"正伦为试用","0","2","2"
"伦为试用黄","0","2","2"
"为试用黄门","0","2","2"
"观里僧人玄","0","2","2"
"里僧人玄奘","0","2","2"
"僧人玄奘迎","0","2","2"
"人玄奘迎接","0","2","2"
"玄奘迎接皇","0","2","2"
"奘迎接皇上","0","2","2"
"迎接皇上亲","0","2","2"
"接皇上亲自","0","2","2"
"皇上亲自书","0","2","2"
"上亲自书写","0","2","2"
"亲自书写并","0","2","2"
"自书写并制","0","2","2"
"书写并制好","0","2","2"
"写并制好的","0","2","2"
"并制好的慈","0","2","2"
"制好的慈恩","0","2","2"
"好的慈恩寺","0","2","2"
"的慈恩寺碑","0","2","2"
"用古印度佛","0","2","2"
"古印度佛教","0","2","2"
"印度佛教法","0","2","2"
"度佛教法规","0","2","2"
"佛教法规导","0","2","2"
"教法规导从","0","2","2"
"慈恩寺佛徒","0","2","2"
"恩寺佛徒很","0","2","2"
"寺佛徒很多","0","2","2"
"长孙无忌奉","0","2","2"
"孙无忌奉上","0","2","2"
"无忌奉上史","0","2","2"
"忌奉上史官","0","2","2"
"奉上史官所","0","2","2"
"上史官所撰","0","2","2"
"史官所撰写","0","2","2"
"官所撰写的","0","2","2"
"所撰写的梁","0","2","2"
"士许敬宗奉","0","2","2"
"许敬宗奉上","0","2","2"
"敬宗奉上所","0","2","2"
"宗奉上所撰","0","2","2"
"奉上所撰写","0","2","2"
"皇上亲自写","0","2","2"
"上亲自写序","0","2","2"
"户部尚书为","0","2","2"
"部尚书为度","0","2","2"
"尚书为度支","0","2","2"
"书为度支尚","0","2","2"
"为度支尚书","0","2","2"
"户部侍郎亦","0","2","2"
"部侍郎亦改","0","2","2"
"侍郎亦改为","0","2","2"
"郎亦改为度","0","2","2"
"亦改为度支","0","2","2"
"改为度支侍","0","2","2"
"为度支侍郎","0","2","2"
"军程知节与","0","2","2"
"节与贺鲁所","0","2","2"
"与贺鲁所部","0","2","2"
"获剌颉发以","0","2","2"
"剌颉发以及","0","2","2"
"颉发以及处","0","2","2"
"发以及处月","0","2","2"
"以及处月预","0","2","2"
"及处月预支","0","2","2"
"支俟斤等在","0","2","2"
"俟斤等在榆","0","2","2"
"斤等在榆幕","0","2","2"
"等在榆幕谷","0","2","2"
"在榆幕谷大","0","2","2"
"榆幕谷大战","0","2","2"
"羊以上万来","0","2","2"
"开始诏令户","0","2","2"
"始诏令户数","0","2","2"
"诏令户数满","0","2","2"
"令户数满三","0","2","2"
"户数满三万","0","2","2"
"数满三万以","0","2","2"
"满三万以上","0","2","2"
"三万以上的","0","2","2"
"万以上的为","0","2","2"
"以上的为上","0","2","2"
"上的为上等","0","2","2"
"的为上等州","0","2","2"
"二万户以上","0","2","2"
"万户以上的","0","2","2"
"户以上的为","0","2","2"
"以上的为中","0","2","2"
"上的为中等","0","2","2"
"的为中等州","0","2","2"
"先前已为上","0","2","2"
"前已为上等","0","2","2"
"已为上等州","0","2","2"
"中等州的各","0","2","2"
"等州的各个","0","2","2"
"州的各个按","0","2","2"
"的各个按照","0","2","2"
"各个按照旧","0","2","2"
"个按照旧的","0","2","2"
"按照旧的规","0","2","2"
"照旧的规定","0","2","2"
"后武则天制","0","2","2"
"武则天制定","0","2","2"
"破坏了安固","0","2","2"
"毁损四千多","0","2","2"
"损四千多家","0","2","2"
"开始设置骠","0","2","2"
"始设置骠骑","0","2","2"
"设置骠骑大","0","2","2"
"官阶为从一","0","2","2"
"阶为从一品","0","2","2"
"节与贺鲁之","0","2","2"
"与贺鲁之子","0","2","2"
"贺鲁之子口","0","2","2"
"鲁之子口至","0","2","2"
"之子口至运","0","2","2"
"子口至运战","0","2","2"
"斩首级数千","0","2","2"
"进军到怛笃","0","2","2"
"军到怛笃城","0","2","2"
"俘获贺鲁部","0","2","2"
"获贺鲁部落","0","2","2"
"贺鲁部落户","0","2","2"
"鲁部落户口","0","2","2"
"部落户口及","0","2","2"
"落户口及货","0","2","2"
"户口及货物","0","2","2"
"口及货物堆","0","2","2"
"及货物堆积","0","2","2"
"货物堆积如","0","2","2"
"物堆积如山","0","2","2"
"皇子显出生","0","2","2"
"朝集使各加","0","2","2"
"集使各加勋","0","2","2"
"使各加勋一","0","2","2"
"军程知节讨","0","2","2"
"程知节讨伐","0","2","2"
"知节讨伐贺","0","2","2"
"节讨伐贺鲁","0","2","2"
"讨伐贺鲁逗","0","2","2"
"伐贺鲁逗留","0","2","2"
"贺鲁逗留不","0","2","2"
"鲁逗留不前","0","2","2"
"逗留不前而","0","2","2"
"留不前而犯","0","2","2"
"不前而犯罪","0","2","2"
"追杀贼人没","0","2","2"
"杀贼人没有","0","2","2"
"贼人没有追","0","2","2"
"人没有追上","0","2","2"
"撤销兰州都","0","2","2"
"销兰州都督","0","2","2"
"鄯州设置都","0","2","2"
"州设置都督","0","2","2"
"显庆二年春","0","2","2"
"庆二年春闰","0","2","2"
"二年春闰正","0","2","2"
"年春闰正月","0","2","2"
"春闰正月一","0","2","2"
"闰正月一日","0","2","2"
"命令右屯卫","0","2","2"
"令右屯卫将","0","2","2"
"定方等四位","0","2","2"
"方等四位将","0","2","2"
"等四位将军","0","2","2"
"四位将军为","0","2","2"
"位将军为伊","0","2","2"
"将军为伊丽","0","2","2"
"军为伊丽道","0","2","2"
"为伊丽道将","0","2","2"
"率军队以讨","0","2","2"
"队以讨伐贺","0","2","2"
"第七子显为","0","2","2"
"七子显为周","0","2","2"
"子显为周王","0","2","2"
"迁徙改封许","0","2","2"
"徙改封许王","0","2","2"
"改封许王素","0","2","2"
"许王素节为","0","2","2"
"王素节为郇","0","2","2"
"素节为郇王","0","2","2"
"夏五月九日","0","2","2"
"县公韩瑗降","0","2","2"
"公韩瑗降职","0","2","2"
"韩瑗降职为","0","2","2"
"瑗降职为振","0","2","2"
"降职为振州","0","2","2"
"职为振州刺","0","2","2"
"为振州刺史","0","2","2"
"中书令兼太","0","2","2"
"书令兼太子","0","2","2"
"令兼太子詹","0","2","2"
"南阳侯来济","0","2","2"
"阳侯来济降","0","2","2"
"侯来济降职","0","2","2"
"来济降职为","0","2","2"
"济降职为台","0","2","2"
"降职为台州","0","2","2"
"职为台州刺","0","2","2"
"都犯了劝谏","0","2","2"
"犯了劝谏立","0","2","2"
"了劝谏立武","0","2","2"
"劝谏立武昭","0","2","2"
"仪为皇后的","0","2","2"
"为皇后的罪","0","2","2"
"为援救褚遂","0","2","2"
"援救褚遂良","0","2","2"
"救褚遂良而","0","2","2"
"褚遂良而遭","0","2","2"
"遂良而遭贬","0","2","2"
"良而遭贬职","0","2","2"
"而遭贬职也","0","2","2"
"许敬宗为侍","0","2","2"
"敬宗为侍中","0","2","2"
"因为同意立","0","2","2"
"为同意立武","0","2","2"
"同意立武则","0","2","2"
"意立武则天","0","2","2"
"立武则天为","0","2","2"
"武则天为皇","0","2","2"
"天为皇后的","0","2","2"
"为皇后的功","0","2","2"
"皇后的功劳","0","2","2"
"书杜正伦为","0","2","2"
"杜正伦为中","0","2","2"
"正伦为中书","0","2","2"
"伦为中书令","0","2","2"
"郑之郊外亲","0","2","2"
"之郊外亲自","0","2","2"
"郊外亲自练","0","2","2"
"外亲自练习","0","2","2"
"亲自练习武","0","2","2"
"自练习武事","0","2","2"
"况而赦免郑","0","2","2"
"而赦免郑州","0","2","2"
"赦免郑州人","0","2","2"
"免郑州人犯","0","2","2"
"派使者祭祀","0","2","2"
"使者祭祀郑","0","2","2"
"者祭祀郑国","0","2","2"
"祭祀郑国大","0","2","2"
"祀郑国大夫","0","2","2"
"郑国大夫国","0","2","2"
"国大夫国侨","0","2","2"
"太丘长陈宀","0","2","2"
"丘长陈宀是","0","2","2"
"长陈宀是之","0","2","2"
"陈宀是之墓","0","2","2"
"皇上回洛阳","0","2","2"
"上回洛阳宫","0","2","2"
"皇上手令改","0","2","2"
"上手令改洛","0","2","2"
"手令改洛阳","0","2","2"
"令改洛阳宫","0","2","2"
"改洛阳宫为","0","2","2"
"洛阳宫为东","0","2","2"
"阳宫为东都","0","2","2"
"洛州官员官","0","2","2"
"州官员官阶","0","2","2"
"官员官阶品","0","2","2"
"员官阶品第","0","2","2"
"官阶品第都","0","2","2"
"阶品第都以","0","2","2"
"品第都以雍","0","2","2"
"第都以雍州","0","2","2"
"都以雍州为","0","2","2"
"以雍州为准","0","2","2"
"以福昌等四","0","2","2"
"昌等四县并","0","2","2"
"等四县并入","0","2","2"
"四县并入怀","0","2","2"
"县并入怀州","0","2","2"
"并入怀州之","0","2","2"
"入怀州之河","0","2","2"
"怀州之河阳","0","2","2"
"郑州汜水都","0","2","2"
"州汜水都隶","0","2","2"
"汜水都隶属","0","2","2"
"水都隶属洛","0","2","2"
"都隶属洛州","0","2","2"
"中书省设置","0","2","2"
"书省设置起","0","2","2"
"省设置起居","0","2","2"
"设置起居舍","0","2","2"
"置起居舍人","0","2","2"
"起居舍人两","0","2","2"
"级相同于起","0","2","2"
"相同于起居","0","2","2"
"同于起居郎","0","2","2"
"以周王显为","0","2","2"
"周王显为洛","0","2","2"
"王显为洛州","0","2","2"
"显为洛州牧","0","2","2"
"散骑常侍为","0","2","2"
"骑常侍为左","0","2","2"
"骑常侍隶属","0","2","2"
"常侍隶属中","0","2","2"
"侍隶属中书","0","2","2"
"隶属中书省","0","2","2"
"无忌等人修","0","2","2"
"总计一百三","0","2","2"
"计一百三十","0","2","2"
"上诏令在全","0","2","2"
"诏令在全国","0","2","2"
"令在全国颁","0","2","2"
"在全国颁行","0","2","2"
"贺鲁逃往石","0","2","2"
"鲁逃往石国","0","2","2"
"萧嗣业追上","0","2","2"
"嗣业追上将","0","2","2"
"业追上将其","0","2","2"
"追上将其抓","0","2","2"
"上将其抓获","0","2","2"
"俘获贺鲁人","0","2","2"
"获贺鲁人畜","0","2","2"
"贺鲁人畜前","0","2","2"
"鲁人畜前后","0","2","2"
"人畜前后共","0","2","2"
"畜前后共计","0","2","2"
"前后共计四","0","2","2"
"后共计四十","0","2","2"
"共计四十多","0","2","2"
"计四十多万","0","2","2"
"在西域地方","0","2","2"
"西域地方设","0","2","2"
"域地方设置","0","2","2"
"地方设置氵","0","2","2"
"方设置氵蒙","0","2","2"
"设置氵蒙池","0","2","2"
"陵两个都护","0","2","2"
"两个都护府","0","2","2"
"又在龟兹国","0","2","2"
"在龟兹国设","0","2","2"
"龟兹国设置","0","2","2"
"兹国设置安","0","2","2"
"国设置安西","0","2","2"
"以高昌原地","0","2","2"
"高昌原地为","0","2","2"
"昌原地为西","0","2","2"
"原地为西州","0","2","2"
"设置怀化大","0","2","2"
"以授给一开","0","2","2"
"授给一开始","0","2","2"
"给一开始就","0","2","2"
"一开始就归","0","2","2"
"开始就归附","0","2","2"
"始就归附的","0","2","2"
"就归附的少","0","2","2"
"归附的少数","0","2","2"
"附的少数民","0","2","2"
"仍然分别隶","0","2","2"
"然分别隶属","0","2","2"
"隶属于各都","0","2","2"
"属于各都护","0","2","2"
"于各都护府","0","2","2"
"冬十一月六","0","2","2"
"太子宾客兼","0","2","2"
"子宾客兼检","0","2","2"
"宾客兼检校","0","2","2"
"客兼检校御","0","2","2"
"公李义府降","0","2","2"
"李义府降职","0","2","2"
"义府降职为","0","2","2"
"府降职为普","0","2","2"
"公杜正伦降","0","2","2"
"杜正伦降职","0","2","2"
"正伦降职为","0","2","2"
"伦降职为横","0","2","2"
"降职为横州","0","2","2"
"职为横州刺","0","2","2"
"为横州刺史","0","2","2"
"李友益除去","0","2","2"
"友益除去名","0","2","2"
"益除去名籍","0","2","2"
"中许敬宗暂","0","2","2"
"许敬宗暂代","0","2","2"
"敬宗暂代检","0","2","2"
"宗暂代检校","0","2","2"
"暂代检校中","0","2","2"
"代检校中书","0","2","2"
"卿萧嗣业在","0","2","2"
"萧嗣业在石","0","2","2"
"嗣业在石国","0","2","2"
"业在石国活","0","2","2"
"在石国活捉","0","2","2"
"石国活捉贺","0","2","2"
"国活捉贺鲁","0","2","2"
"活捉贺鲁到","0","2","2"
"捉贺鲁到来","0","2","2"
"春二月二十","0","2","2"
"皇上亲自考","0","2","2"
"上亲自考试","0","2","2"
"亲自考试举","0","2","2"
"自考试举人","0","2","2"
"考试举人策","0","2","2"
"试举人策论","0","2","2"
"总计九百人","0","2","2"
"只有郭待封","0","2","2"
"张九龄两人","0","2","2"
"九龄两人居","0","2","2"
"龄两人居于","0","2","2"
"两人居于优","0","2","2"
"人居于优等","0","2","2"
"命他们为弘","0","2","2"
"他们为弘文","0","2","2"
"们为弘文馆","0","2","2"
"为弘文馆待","0","2","2"
"弘文馆待诏","0","2","2"
"随着皇帝仪","0","2","2"
"着皇帝仪仗","0","2","2"
"皇帝仪仗供","0","2","2"
"帝仪仗供奉","0","2","2"
"仪仗供奉皇","0","2","2"
"仗供奉皇帝","0","2","2"
"以左骁卫大","0","2","2"
"成阝国公契","0","2","2"
"阝国公契艹","0","2","2"
"艹必何力前","0","2","2"
"必何力前往","0","2","2"
"何力前往辽","0","2","2"
"力前往辽东","0","2","2"
"前往辽东谋","0","2","2"
"往辽东谋划","0","2","2"
"辽东谋划处","0","2","2"
"东谋划处理","0","2","2"
"谋划处理军","0","2","2"
"划处理军务","0","2","2"
"郎许圉师任","0","2","2"
"许圉师任同","0","2","2"
"圉师任同中","0","2","2"
"师任同中书","0","2","2"
"公于志宁免","0","2","2"
"于志宁免去","0","2","2"
"志宁免去官","0","2","2"
"宁免去官职","0","2","2"
"长孙无忌带","0","2","2"
"孙无忌带扬","0","2","2"
"无忌带扬州","0","2","2"
"扬州都督衔","0","2","2"
"州都督衔到","0","2","2"
"都督衔到黔","0","2","2"
"督衔到黔州","0","2","2"
"衔到黔州安","0","2","2"
"依旧按一品","0","2","2"
"旧按一品官","0","2","2"
"按一品官职","0","2","2"
"一品官职俸","0","2","2"
"品官职俸禄","0","2","2"
"官职俸禄供","0","2","2"
"职俸禄供给","0","2","2"
"书卢承庆都","0","2","2"
"卢承庆都任","0","2","2"
"承庆都任参","0","2","2"
"庆都任参知","0","2","2"
"史李义府为","0","2","2"
"李义府为吏","0","2","2"
"义府为吏部","0","2","2"
"府为吏部尚","0","2","2"
"品以上子孙","0","2","2"
"以上子孙为","0","2","2"
"上子孙为父","0","2","2"
"子孙为父亲","0","2","2"
"祖父继承人","0","2","2"
"父继承人者","0","2","2"
"继承人者加","0","2","2"
"承人者加勋","0","2","2"
"人者加勋官","0","2","2"
"上从东都归","0","2","2"
"从东都归来","0","2","2"
"兼侍中辛茂","0","2","2"
"中辛茂将去","0","2","2"
"辛茂将去世","0","2","2"
"以邢国公苏","0","2","2"
"苏定方为神","0","2","2"
"定方为神丘","0","2","2"
"方为神丘道","0","2","2"
"为神丘道总","0","2","2"
"刘伯英为禺","0","2","2"
"伯英为禺夷","0","2","2"
"英为禺夷道","0","2","2"
"为禺夷道总","0","2","2"
"宴请随从官","0","2","2"
"请随从官员","0","2","2"
"随从官员及","0","2","2"
"从官员及诸","0","2","2"
"官员及诸亲","0","2","2"
"员及诸亲族","0","2","2"
"并州官属父","0","2","2"
"按等级赐予","0","2","2"
"赦免并州及","0","2","2"
"免并州及管","0","2","2"
"并州及管辖","0","2","2"
"州及管辖内","0","2","2"
"及管辖内各","0","2","2"
"管辖内各州","0","2","2"
"起义之初职","0","2","2"
"义之初职事","0","2","2"
"之初职事官","0","2","2"
"初职事官五","0","2","2"
"以上官员死","0","2","2"
"上官员死后","0","2","2"
"官员死后坟","0","2","2"
"员死后坟墓","0","2","2"
"死后坟墓在","0","2","2"
"后坟墓在并","0","2","2"
"坟墓在并州","0","2","2"
"墓在并州者","0","2","2"
"有关部门致","0","2","2"
"关部门致以","0","2","2"
"部门致以祭","0","2","2"
"门致以祭祀","0","2","2"
"功臣子孙及","0","2","2"
"臣子孙及大","0","2","2"
"子孙及大将","0","2","2"
"孙及大将军","0","2","2"
"及大将军府","0","2","2"
"将军府僚属","0","2","2"
"军府僚属以","0","2","2"
"府僚属以下","0","2","2"
"僚属以下官","0","2","2"
"属以下官员","0","2","2"
"以下官员现","0","2","2"
"下官员现在","0","2","2"
"官员现在还","0","2","2"
"员现在还活","0","2","2"
"现在还活着","0","2","2"
"在还活着的","0","2","2"
"还活着的人","0","2","2"
"赐给品级也","0","2","2"
"给品级也不","0","2","2"
"品级也不相","0","2","2"
"级也不相同","0","2","2"
"起义的人职","0","2","2"
"义的人职事","0","2","2"
"的人职事官","0","2","2"
"人职事官一","0","2","2"
"职事官一品","0","2","2"
"事官一品以","0","2","2"
"官一品以下","0","2","2"
"年八十以上","0","2","2"
"八十以上者","0","2","2"
"辅佐王命之","0","2","2"
"佐王命之功","0","2","2"
"王命之功臣","0","2","2"
"命之功臣另","0","2","2"
"之功臣另外","0","2","2"
"功臣另外封","0","2","2"
"臣另外封赠","0","2","2"
"另外封赠后","0","2","2"
"外封赠后已","0","2","2"
"封赠后已经","0","2","2"
"赠后已经死","0","2","2"
"后已经死亡","0","2","2"
"已经死亡者","0","2","2"
"为他继承的","0","2","2"
"他继承的子","0","2","2"
"继承的子孙","0","2","2"
"承的子孙各","0","2","2"
"的子孙各加","0","2","2"
"子孙各加两","0","2","2"
"孙各加两级","0","2","2"
"祭祀起义旧","0","2","2"
"祀起义旧宅","0","2","2"
"刘政会为附","0","2","2"
"政会为附带","0","2","2"
"会为附带陪","0","2","2"
"为附带陪祭","0","2","2"
"后武则天在","0","2","2"
"武则天在朝","0","2","2"
"则天在朝堂","0","2","2"
"天在朝堂宴","0","2","2"
"在朝堂宴请","0","2","2"
"朝堂宴请亲","0","2","2"
"堂宴请亲族","0","2","2"
"宴请亲族邻","0","2","2"
"请亲族邻里","0","2","2"
"亲族邻里朋","0","2","2"
"族邻里朋友","0","2","2"
"受封诰的妇","0","2","2"
"封诰的妇人","0","2","2"
"诰的妇人及","0","2","2"
"的妇人及一","0","2","2"
"妇人及一般","0","2","2"
"人及一般妇","0","2","2"
"及一般妇女","0","2","2"
"一般妇女在","0","2","2"
"般妇女在内","0","2","2"
"妇女在内殿","0","2","2"
"女在内殿会","0","2","2"
"在内殿会合","0","2","2"
"皇室诸亲贵","0","2","2"
"室诸亲贵按","0","2","2"
"诸亲贵按等","0","2","2"
"亲贵按等级","0","2","2"
"贵按等级赐","0","2","2"
"随行文武五","0","2","2"
"文武五品以","0","2","2"
"武五品以上","0","2","2"
"以上官员也","0","2","2"
"上官员也按","0","2","2"
"官员也按等","0","2","2"
"员也按等级","0","2","2"
"也按等级赐","0","2","2"
"由于并州是","0","2","2"
"于并州是皇","0","2","2"
"并州是皇后","0","2","2"
"州是皇后故","0","2","2"
"是皇后故乡","0","2","2"
"所以并州长","0","2","2"
"以并州长史","0","2","2"
"司马各加勋","0","2","2"
"马各加勋一","0","2","2"
"皇后亲自参","0","2","2"
"后亲自参加","0","2","2"
"亲自参加宴","0","2","2"
"自参加宴会","0","2","2"
"赏赐绸缎一","0","2","2"
"赐绸缎一千","0","2","2"
"绸缎一千段","0","2","2"
"姐妹等亲人","0","2","2"
"妹等亲人各","0","2","2"
"等亲人各五","0","2","2"
"亲人各五百","0","2","2"
"人各五百段","0","2","2"
"堂兄弟等以","0","2","2"
"兄弟等以及","0","2","2"
"弟等以及没","0","2","2"
"等以及没有","0","2","2"
"以及没有五","0","2","2"
"及没有五服","0","2","2"
"没有五服之","0","2","2"
"有五服之亲","0","2","2"
"五服之亲戚","0","2","2"
"乡里朋友赐","0","2","2"
"里朋友赐物","0","2","2"
"朋友赐物也","0","2","2"
"友赐物也有","0","2","2"
"赐物也有等","0","2","2"
"物也有等级","0","2","2"
"也有等级差","0","2","2"
"城内及所有","0","2","2"
"内及所有妇","0","2","2"
"及所有妇女","0","2","2"
"所有妇女年","0","2","2"
"有妇女年龄","0","2","2"
"妇女年龄八","0","2","2"
"女年龄八十","0","2","2"
"年龄八十岁","0","2","2"
"龄八十岁以","0","2","2"
"各给予郡君","0","2","2"
"给予郡君的","0","2","2"
"予郡君的职","0","2","2"
"郡君的职务","0","2","2"
"在交州城西","0","2","2"
"交州城西练","0","2","2"
"州城西练习","0","2","2"
"城西练习武","0","2","2"
"西练习武事","0","2","2"
"皇上驾临飞","0","2","2"
"上驾临飞阁","0","2","2"
"带领群臣下","0","2","2"
"领群臣下临","0","2","2"
"群臣下临观","0","2","2"
"臣下临观看","0","2","2"
"下临观看练","0","2","2"
"临观看练武","0","2","2"
"派遣神丘道","0","2","2"
"遣神丘道军","0","2","2"
"神丘道军讨","0","2","2"
"丘道军讨伐","0","2","2"
"道军讨伐百","0","2","2"
"军讨伐百济","0","2","2"
"左右领军开","0","2","2"
"右领军开始","0","2","2"
"领军开始改","0","2","2"
"军开始改为","0","2","2"
"开始改为左","0","2","2"
"始改为左右","0","2","2"
"改为左右千","0","2","2"
"车驾还京都","0","2","2"
"在东都花园","0","2","2"
"东都花园内","0","2","2"
"都花园内建","0","2","2"
"花园内建造","0","2","2"
"园内建造八","0","2","2"
"内建造八关","0","2","2"
"建造八关宫","0","2","2"
"皇上从并州","0","2","2"
"上从并州来","0","2","2"
"皇上驾到八","0","2","2"
"上驾到八关","0","2","2"
"驾到八关宫","0","2","2"
"又改为合璧","0","2","2"
"改为合璧宫","0","2","2"
"五品以上四","0","2","2"
"品以上四科","0","2","2"
"以上四科举","0","2","2"
"车驾还东都","0","2","2"
"废梁王忠为","0","2","2"
"梁王忠为庶","0","2","2"
"王忠为庶人","0","2","2"
"品卢承庆因","0","2","2"
"卢承庆因犯","0","2","2"
"承庆因犯罪","0","2","2"
"庆因犯罪免","0","2","2"
"因犯罪免官","0","2","2"
"苏定方等人","0","2","2"
"定方等人讨","0","2","2"
"方等人讨伐","0","2","2"
"等人讨伐平","0","2","2"
"人讨伐平定","0","2","2"
"讨伐平定百","0","2","2"
"伐平定百济","0","2","2"
"将其王扶余","0","2","2"
"其王扶余义","0","2","2"
"扶余义慈反","0","2","2"
"余义慈反手","0","2","2"
"义慈反手缚","0","2","2"
"慈反手缚住","0","2","2"
"将百济国分","0","2","2"
"百济国分为","0","2","2"
"济国分为五","0","2","2"
"国分为五部","0","2","2"
"户口七十六","0","2","2"
"口七十六万","0","2","2"
"把当地分设","0","2","2"
"当地分设熊","0","2","2"
"地分设熊津","0","2","2"
"分设熊津等","0","2","2"
"设熊津等五","0","2","2"
"况而赦免神","0","2","2"
"而赦免神丘","0","2","2"
"夷道总管以","0","2","2"
"道总管以下","0","2","2"
"总管以下的","0","2","2"
"管以下的人","0","2","2"
"赐天下人大","0","2","2"
"天下人大饮","0","2","2"
"下人大饮宴","0","2","2"
"人大饮宴三","0","2","2"
"大饮宴三天","0","2","2"
"赐给英国公","0","2","2"
"给英国公李","0","2","2"
"公李责力墓","0","2","2"
"李责力墓地","0","2","2"
"责力墓地一","0","2","2"
"力墓地一处","0","2","2"
"人杨氏改为","0","2","2"
"杨氏改为荣","0","2","2"
"氏改为荣国","0","2","2"
"改为荣国夫","0","2","2"
"在王公之母","0","2","2"
"王公之母亲","0","2","2"
"公苏定方在","0","2","2"
"苏定方在则","0","2","2"
"定方在则天","0","2","2"
"方在则天门","0","2","2"
"在则天门献","0","2","2"
"则天门献上","0","2","2"
"天门献上百","0","2","2"
"门献上百济","0","2","2"
"献上百济王","0","2","2"
"上百济王扶","0","2","2"
"等五十八个","0","2","2"
"五十八个俘","0","2","2"
"十八个俘虏","0","2","2"
"皇上谴责他","0","2","2"
"上谴责他们","0","2","2"
"谴责他们而","0","2","2"
"责他们而后","0","2","2"
"他们而后宽","0","2","2"
"们而后宽恕","0","2","2"
"而后宽恕了","0","2","2"
"后宽恕了他","0","2","2"
"郑之郊野打","0","2","2"
"之郊野打猎","0","2","2"
"皇上从许州","0","2","2"
"上从许州归","0","2","2"
"从许州归来","0","2","2"
"南六十七个","0","2","2"
"六十七个州","0","2","2"
"十七个州招","0","2","2"
"七个州招募","0","2","2"
"个州招募了","0","2","2"
"州招募了四","0","2","2"
"招募了四万","0","2","2"
"募了四万四","0","2","2"
"了四万四千","0","2","2"
"前往带方道","0","2","2"
"往带方道行","0","2","2"
"绵州等州都","0","2","2"
"州等州都说","0","2","2"
"等州都说有","0","2","2"
"州都说有龙","0","2","2"
"都说有龙出","0","2","2"
"说有龙出现","0","2","2"
"因此改纪元","0","2","2"
"况而赦免洛","0","2","2"
"而赦免洛州","0","2","2"
"赦免洛州犯","0","2","2"
"免洛州犯人","0","2","2"
"皇上驾幸合","0","2","2"
"上驾幸合璧","0","2","2"
"驾幸合璧宫","0","2","2"
"皇后请求禁","0","2","2"
"后请求禁止","0","2","2"
"请求禁止天","0","2","2"
"求禁止天下","0","2","2"
"禁止天下妇","0","2","2"
"止天下妇女","0","2","2"
"天下妇女做","0","2","2"
"下妇女做歌","0","2","2"
"妇女做歌舞","0","2","2"
"女做歌舞的","0","2","2"
"做歌舞的事","0","2","2"
"诏令听从之","0","2","2"
"三十日是月","0","2","2"
"十日是月末","0","2","2"
"敬宗等人奉","0","2","2"
"宗等人奉上","0","2","2"
"驾回东都洛","0","2","2"
"回东都洛阳","0","2","2"
"命令各州举","0","2","2"
"令各州举荐","0","2","2"
"各州举荐孝","0","2","2"
"州举荐孝行","0","2","2"
"举荐孝行特","0","2","2"
"荐孝行特别","0","2","2"
"孝行特别显","0","2","2"
"行特别显著","0","2","2"
"特别显著以","0","2","2"
"别显著以及","0","2","2"
"显著以及累","0","2","2"
"著以及累代","0","2","2"
"以及累代同","0","2","2"
"及累代同居","0","2","2"
"孝义著称的","0","2","2"
"义著称的家","0","2","2"
"著称的家庭","0","2","2"
"称的家庭以","0","2","2"
"的家庭以及","0","2","2"
"家庭以及可","0","2","2"
"庭以及可以","0","2","2"
"以及可以勉","0","2","2"
"及可以勉励","0","2","2"
"可以勉励风","0","2","2"
"以勉励风俗","0","2","2"
"勉励风俗的","0","2","2"
"励风俗的人","0","2","2"
"因为河南县","0","2","2"
"为河南县大","0","2","2"
"县大女张某","0","2","2"
"大女张某年","0","2","2"
"女张某年龄","0","2","2"
"张某年龄一","0","2","2"
"某年龄一百","0","2","2"
"年龄一百零","0","2","2"
"龄一百零三","0","2","2"
"一百零三岁","0","2","2"
"亲自驾临其","0","2","2"
"自驾临其家","0","2","2"
"又驾临李责","0","2","2"
"驾临李责力","0","2","2"
"临李责力府","0","2","2"
"李责力府第","0","2","2"
"天宫寺是高","0","2","2"
"宫寺是高祖","0","2","2"
"寺是高祖未","0","2","2"
"是高祖未当","0","2","2"
"高祖未当皇","0","2","2"
"祖未当皇上","0","2","2"
"未当皇上前","0","2","2"
"当皇上前的","0","2","2"
"皇上前的旧","0","2","2"
"上前的旧住","0","2","2"
"前的旧住宅","0","2","2"
"皇上环绕殿","0","2","2"
"上环绕殿宇","0","2","2"
"感伤凄凉很","0","2","2"
"伤凄凉很久","0","2","2"
"引度二十人","0","2","2"
"度二十人出","0","2","2"
"二十人出家","0","2","2"
"十人出家为","0","2","2"
"人出家为僧","0","2","2"
"皇后到许圉","0","2","2"
"后到许圉师","0","2","2"
"到许圉师府","0","2","2"
"许圉师府第","0","2","2"
"迁徙改封潞","0","2","2"
"徙改封潞王","0","2","2"
"改封潞王贤","0","2","2"
"封潞王贤为","0","2","2"
"潞王贤为沛","0","2","2"
"王贤为沛王","0","2","2"
"贤为扬州都","0","2","2"
"仍然做雍州","0","2","2"
"然做雍州牧","0","2","2"
"书省侍郎及","0","2","2"
"省侍郎及诸","0","2","2"
"侍郎及诸亲","0","2","2"
"郎及诸亲族","0","2","2"
"及诸亲族三","0","2","2"
"诸亲族三等","0","2","2"
"亲族三等以","0","2","2"
"族三等以上","0","2","2"
"三等以上勋","0","2","2"
"等以上勋爵","0","2","2"
"都到沛王府","0","2","2"
"到沛王府参","0","2","2"
"沛王府参加","0","2","2"
"王府参加所","0","2","2"
"府参加所设","0","2","2"
"参加所设宴","0","2","2"
"加所设宴礼","0","2","2"
"等级赐予杂","0","2","2"
"级赐予杂彩","0","2","2"
"在陆浑打猎","0","2","2"
"王金春秋去","0","2","2"
"金春秋去世","0","2","2"
"其子法敏继","0","2","2"
"子法敏继立","0","2","2"
"法敏继立为","0","2","2"
"敏继立为新","0","2","2"
"继立为新罗","0","2","2"
"立为新罗王","0","2","2"
"太府寺另设","0","2","2"
"府寺另设置","0","2","2"
"寺另设置少","0","2","2"
"另设置少卿","0","2","2"
"设置少卿一","0","2","2"
"西两京查核","0","2","2"
"东都首次设","0","2","2"
"都首次设置","0","2","2"
"首次设置国","0","2","2"
"次设置国子","0","2","2"
"设置国子监","0","2","2"
"并增加学生","0","2","2"
"增加学生等","0","2","2"
"加学生等生","0","2","2"
"学生等生员","0","2","2"
"平均分到两","0","2","2"
"均分到两京","0","2","2"
"分到两京去","0","2","2"
"到两京去教","0","2","2"
"两京去教授","0","2","2"
"改变京都各","0","2","2"
"变京都各司","0","2","2"
"京都各司及","0","2","2"
"都各司及百","0","2","2"
"各司及百官","0","2","2"
"司及百官名","0","2","2"
"尚书省为中","0","2","2"
"书省为中台","0","2","2"
"门下省为东","0","2","2"
"下省为东台","0","2","2"
"中书省为西","0","2","2"
"书省为西台","0","2","2"
"射为左右匡","0","2","2"
"为左右匡政","0","2","2"
"左右丞为肃","0","2","2"
"右丞为肃机","0","2","2"
"其余各官名","0","2","2"
"余各官名根","0","2","2"
"各官名根据","0","2","2"
"官名根据含","0","2","2"
"名根据含义","0","2","2"
"根据含义改","0","2","2"
"据含义改变","0","2","2"
"含义改变它","0","2","2"
"氵具江道总","0","2","2"
"具江道总管","0","2","2"
"公任雅相死","0","2","2"
"任雅相死在","0","2","2"
"雅相死在军","0","2","2"
"相死在军中","0","2","2"
"苏定方在苇","0","2","2"
"定方在苇岛","0","2","2"
"方在苇岛打","0","2","2"
"在苇岛打破","0","2","2"
"苇岛打破高","0","2","2"
"岛打破高丽","0","2","2"
"又进攻平壤","0","2","2"
"不能攻克而","0","2","2"
"能攻克而回","0","2","2"
"上从东都来","0","2","2"
"造蓬莱宫城","0","2","2"
"皇上迁徙居","0","2","2"
"上迁徙居住","0","2","2"
"迁徙居住在","0","2","2"
"徙居住在蓬","0","2","2"
"居住在蓬莱","0","2","2"
"住在蓬莱宫","0","2","2"
"许圉师为左","0","2","2"
"圉师为左相","0","2","2"
"重新设置律","0","2","2"
"皇子旭轮出","0","2","2"
"子旭轮出生","0","2","2"
"首次命令道","0","2","2"
"次命令道士","0","2","2"
"都尽礼致拜","0","2","2"
"尽礼致拜其","0","2","2"
"礼致拜其父","0","2","2"
"致拜其父母","0","2","2"
"皇上制定蓬","0","2","2"
"上制定蓬莱","0","2","2"
"制定蓬莱宫","0","2","2"
"定蓬莱宫诸","0","2","2"
"莱宫诸门及","0","2","2"
"宫诸门及殿","0","2","2"
"诸门及殿亭","0","2","2"
"门及殿亭等","0","2","2"
"及殿亭等名","0","2","2"
"殿亭等名字","0","2","2"
"因为皇子满","0","2","2"
"为皇子满月","0","2","2"
"赐群臣大宴","0","2","2"
"群臣大宴三","0","2","2"
"臣大宴三天","0","2","2"
"相许敬宗请","0","2","2"
"许敬宗请求","0","2","2"
"敬宗请求退","0","2","2"
"宗请求退职","0","2","2"
"许敬宗为太","0","2","2"
"敬宗为太子","0","2","2"
"宗为太子少","0","2","2"
"仍然主持西","0","2","2"
"然主持西台","0","2","2"
"主持西台事","0","2","2"
"九品过去让","0","2","2"
"品过去让他","0","2","2"
"过去让他们","0","2","2"
"去让他们穿","0","2","2"
"让他们穿青","0","2","2"
"他们穿青色","0","2","2"
"们穿青色官","0","2","2"
"与紫色相混","0","2","2"
"紫色相混淆","0","2","2"
"不是低品级","0","2","2"
"是低品级所","0","2","2"
"低品级所应","0","2","2"
"品级所应穿","0","2","2"
"级所应穿的","0","2","2"
"希望让他们","0","2","2"
"望让他们穿","0","2","2"
"让他们穿碧","0","2","2"
"他们穿碧色","0","2","2"
"们穿碧色官","0","2","2"
"穿碧色官服","0","2","2"
"公李义府重","0","2","2"
"李义府重新","0","2","2"
"义府重新起","0","2","2"
"府重新起用","0","2","2"
"新起用为司","0","2","2"
"起用为司列","0","2","2"
"用为司列太","0","2","2"
"为司列太常","0","2","2"
"皇太子弘代","0","2","2"
"太子弘代理","0","2","2"
"子弘代理国","0","2","2"
"弘代理国政","0","2","2"
"改魏州为冀","0","2","2"
"魏州为冀州","0","2","2"
"州为冀州大","0","2","2"
"改冀州为魏","0","2","2"
"冀州为魏州","0","2","2"
"贤为扬州大","0","2","2"
"周王显为并","0","2","2"
"王显为并州","0","2","2"
"显为并州大","0","2","2"
"殷王旭轮任","0","2","2"
"王旭轮任冀","0","2","2"
"旭轮任冀州","0","2","2"
"轮任冀州大","0","2","2"
"任冀州大都","0","2","2"
"许圉师解除","0","2","2"
"圉师解除现","0","2","2"
"师解除现任","0","2","2"
"解除现任职","0","2","2"
"除现任职务","0","2","2"
"郑仁泰等率","0","2","2"
"仁泰等率军","0","2","2"
"泰等率军讨","0","2","2"
"等率军讨伐","0","2","2"
"率军讨伐铁","0","2","2"
"军讨伐铁勒","0","2","2"
"讨伐铁勒残","0","2","2"
"伐铁勒残余","0","2","2"
"部平定了他","0","2","2"
"伯李义府为","0","2","2"
"李义府为右","0","2","2"
"义府为右相","0","2","2"
"岐四州等共","0","2","2"
"四州等共一","0","2","2"
"州等共一十","0","2","2"
"等共一十五","0","2","2"
"共一十五州","0","2","2"
"五州户口之","0","2","2"
"州户口之人","0","2","2"
"征调前来修","0","2","2"
"调前来修建","0","2","2"
"前来修建蓬","0","2","2"
"来修建蓬莱","0","2","2"
"左右谕德及","0","2","2"
"右谕德及桂","0","2","2"
"谕德及桂坊","0","2","2"
"德及桂坊大","0","2","2"
"及桂坊大夫","0","2","2"
"改司经局为","0","2","2"
"司经局为桂","0","2","2"
"经局为桂坊","0","2","2"
"局为桂坊馆","0","2","2"
"崇贤馆撤销","0","2","2"
"贤馆撤销而","0","2","2"
"馆撤销而隶","0","2","2"
"撤销而隶属","0","2","2"
"销而隶属于","0","2","2"
"而隶属于左","0","2","2"
"隶属于左春","0","2","2"
"属于左春坊","0","2","2"
"减去京官一","0","2","2"
"去京官一月","0","2","2"
"京官一月的","0","2","2"
"资助修建蓬","0","2","2"
"助修建蓬莱","0","2","2"
"相李义府犯","0","2","2"
"李义府犯法","0","2","2"
"义府犯法下","0","2","2"
"府犯法下狱","0","2","2"
"李义府被除","0","2","2"
"义府被除去","0","2","2"
"府被除去名","0","2","2"
"放充军到辒","0","2","2"
"皇上驾到蓬","0","2","2"
"上驾到蓬莱","0","2","2"
"驾到蓬莱宫","0","2","2"
"到蓬莱宫中","0","2","2"
"蓬莱宫中新","0","2","2"
"莱宫中新修","0","2","2"
"宫中新修起","0","2","2"
"中新修起的","0","2","2"
"新修起的含","0","2","2"
"修起的含元","0","2","2"
"起的含元殿","0","2","2"
"有彗星在左","0","2","2"
"彗星在左摄","0","2","2"
"星在左摄提","0","2","2"
"在左摄提星","0","2","2"
"左摄提星座","0","2","2"
"摄提星座旁","0","2","2"
"提星座旁出","0","2","2"
"星座旁出现","0","2","2"
"乃不吉之征","0","2","2"
"不吉之征兆","0","2","2"
"诏令百官尽","0","2","2"
"百官尽情说","0","2","2"
"官尽情说出","0","2","2"
"尽情说出正","0","2","2"
"情说出正确","0","2","2"
"说出正确的","0","2","2"
"出正确的意","0","2","2"
"内外官员五","0","2","2"
"外官员五品","0","2","2"
"品以上者各","0","2","2"
"以上者各人","0","2","2"
"上者各人提","0","2","2"
"者各人提出","0","2","2"
"各人提出所","0","2","2"
"人提出所了","0","2","2"
"提出所了解","0","2","2"
"出所了解的","0","2","2"
"所了解的情","0","2","2"
"绛州有麒麟","0","2","2"
"州有麒麟在","0","2","2"
"有麒麟在介","0","2","2"
"麒麟在介山","0","2","2"
"麟在介山出","0","2","2"
"在介山出现","0","2","2"
"元殿前面出","0","2","2"
"殿前面出现","0","2","2"
"前面出现了","0","2","2"
"面出现了麒","0","2","2"
"出现了麒麟","0","2","2"
"现了麒麟的","0","2","2"
"了麒麟的脚","0","2","2"
"麒麟的脚趾","0","2","2"
"麟的脚趾印","0","2","2"
"诏令改第二","0","2","2"
"令改第二年","0","2","2"
"月一日为麟","0","2","2"
"一日为麟德","0","2","2"
"日为麟德元","0","2","2"
"为麟德元年","0","2","2"
"中都护府为","0","2","2"
"都护府为单","0","2","2"
"护府为单于","0","2","2"
"府为单于大","0","2","2"
"官员品级相","0","2","2"
"员品级相同","0","2","2"
"级相同于大","0","2","2"
"相同于大都","0","2","2"
"同于大都督","0","2","2"
"于大都督府","0","2","2"
"王旭轮为单","0","2","2"
"旭轮为单于","0","2","2"
"轮为单于大","0","2","2"
"皇上驾到万","0","2","2"
"上驾到万年","0","2","2"
"已死去的大","0","2","2"
"死去的大女","0","2","2"
"去的大女儿","0","2","2"
"的大女儿追","0","2","2"
"大女儿追封","0","2","2"
"女儿追封为","0","2","2"
"儿追封为安","0","2","2"
"追封为安定","0","2","2"
"封为安定公","0","2","2"
"为安定公主","0","2","2"
"她的仪仗鼓","0","2","2"
"的仪仗鼓吹","0","2","2"
"仪仗鼓吹以","0","2","2"
"仗鼓吹以及","0","2","2"
"鼓吹以及供","0","2","2"
"吹以及供给","0","2","2"
"以及供给安","0","2","2"
"及供给安葬","0","2","2"
"供给安葬所","0","2","2"
"给安葬所需","0","2","2"
"安葬所需物","0","2","2"
"葬所需物资","0","2","2"
"都按照亲王","0","2","2"
"按照亲王的","0","2","2"
"照亲王的规","0","2","2"
"亲王的规定","0","2","2"
"王的规定供","0","2","2"
"的规定供给","0","2","2"
"从德业寺迁","0","2","2"
"德业寺迁葬","0","2","2"
"业寺迁葬到","0","2","2"
"寺迁葬到崇","0","2","2"
"迁葬到崇敬","0","2","2"
"葬到崇敬寺","0","2","2"
"许王孝去世","0","2","2"
"在昆明之弄","0","2","2"
"昆明之弄栋","0","2","2"
"明之弄栋川","0","2","2"
"之弄栋川设","0","2","2"
"弄栋川设置","0","2","2"
"栋川设置姚","0","2","2"
"川设置姚州","0","2","2"
"设置姚州都","0","2","2"
"从万年宫到","0","2","2"
"万年宫到来","0","2","2"
"顺便驾到旧","0","2","2"
"便驾到旧住","0","2","2"
"驾到旧住宅","0","2","2"
"降低万年县","0","2","2"
"低万年县所","0","2","2"
"万年县所关","0","2","2"
"年县所关押","0","2","2"
"县所关押囚","0","2","2"
"所关押囚犯","0","2","2"
"关押囚犯之","0","2","2"
"押囚犯之罪","0","2","2"
"囚犯之罪名","0","2","2"
"因而驾到大","0","2","2"
"而驾到大慈","0","2","2"
"驾到大慈恩","0","2","2"
"到大慈恩寺","0","2","2"
"皇上回蓬莱","0","2","2"
"上回蓬莱宫","0","2","2"
"周朝京兆尹","0","2","2"
"品格思想忠","0","2","2"
"格思想忠诚","0","2","2"
"德行意志坚","0","2","2"
"行意志坚贞","0","2","2"
"周朝虽滥用","0","2","2"
"朝虽滥用刑","0","2","2"
"虽滥用刑法","0","2","2"
"但他为求正","0","2","2"
"他为求正义","0","2","2"
"为求正义而","0","2","2"
"求正义而纳","0","2","2"
"正义而纳谏","0","2","2"
"甘心牺牲性","0","2","2"
"心牺牲性命","0","2","2"
"牺牲性命而","0","2","2"
"牲性命而殉","0","2","2"
"性命而殉节","0","2","2"
"年代虽然久","0","2","2"
"代虽然久了","0","2","2"
"但风范刚毅","0","2","2"
"仍然长存在","0","2","2"
"然长存在世","0","2","2"
"长存在世上","0","2","2"
"他的孙子左","0","2","2"
"的孙子左威","0","2","2"
"孙子左威卫","0","2","2"
"子左威卫长","0","2","2"
"可加授朝散","0","2","2"
"原皇子李忠","0","2","2"
"犯了与上官","0","2","2"
"了与上官仪","0","2","2"
"与上官仪勾","0","2","2"
"上官仪勾结","0","2","2"
"官仪勾结之","0","2","2"
"仪勾结之罪","0","2","2"
"讯并记录雍","0","2","2"
"洛二州及各","0","2","2"
"二州及各衙","0","2","2"
"州及各衙门","0","2","2"
"及各衙门所","0","2","2"
"各衙门所关","0","2","2"
"衙门所关押","0","2","2"
"门所关押之","0","2","2"
"所关押之囚","0","2","2"
"关押之囚徒","0","2","2"
"因皇上出发","0","2","2"
"皇上出发去","0","2","2"
"上出发去泰","0","2","2"
"出发去泰山","0","2","2"
"停止选拔贤","0","2","2"
"止选拔贤能","0","2","2"
"乾元殿成功","0","2","2"
"情况赦免桂","0","2","2"
"都督府管辖","0","2","2"
"督府管辖内","0","2","2"
"府管辖内死","0","2","2"
"管辖内死罪","0","2","2"
"辖内死罪以","0","2","2"
"邙山之南练","0","2","2"
"山之南练武","0","2","2"
"皇上驾到城","0","2","2"
"上驾到城北","0","2","2"
"驾到城北楼","0","2","2"
"到城北楼观","0","2","2"
"城北楼观看","0","2","2"
"因袭检校大","0","2","2"
"袭检校大司","0","2","2"
"子陆敦信为","0","2","2"
"陆敦信为检","0","2","2"
"敦信为检校","0","2","2"
"信为检校右","0","2","2"
"为检校右相","0","2","2"
"他的检校大","0","2","2"
"的检校大司","0","2","2"
"校大司成一","0","2","2"
"大司成一职","0","2","2"
"司成一职应","0","2","2"
"成一职应该","0","2","2"
"一职应该罢","0","2","2"
"职应该罢免","0","2","2"
"乐彦玮都罢","0","2","2"
"彦玮都罢免","0","2","2"
"玮都罢免参","0","2","2"
"都罢免参知","0","2","2"
"加授检校吏","0","2","2"
"越发不高兴","0","2","2"
"年七月去世","0","2","2"
"任鸾台侍郎","0","2","2"
"在九泉之下","0","2","2"
"裴亻由先为","0","2","2"
"能参加州县","0","2","2"
"加州县的科","0","2","2"
"州县的科举","0","2","2"
"县的科举考","0","2","2"
"任已故皇帝","0","2","2"
"已故皇帝山","0","2","2"
"故皇帝山陵","0","2","2"
"大司宪兼检","0","2","2"
"司宪兼检校","0","2","2"
"宪兼检校右","0","2","2"
"兼检校右中","0","2","2"
"护刘仁轨兼","0","2","2"
"仁轨兼任右","0","2","2"
"轨兼任右相","0","2","2"
"诏令缮工大","0","2","2"
"令缮工大监","0","2","2"
"缮工大监兼","0","2","2"
"工大监兼瀚","0","2","2"
"大监兼瀚海","0","2","2"
"监兼瀚海都","0","2","2"
"兼瀚海都护","0","2","2"
"护刘审礼为","0","2","2"
"刘审礼为西","0","2","2"
"审礼为西域","0","2","2"
"礼为西域道","0","2","2"
"为西域道安","0","2","2"
"郡公姜恪在","0","2","2"
"公姜恪在河","0","2","2"
"姜恪在河西","0","2","2"
"恪在河西镇","0","2","2"
"在河西镇守","0","2","2"
"河西镇守任","0","2","2"
"西镇守任上","0","2","2"
"镇守任上死","0","2","2"
"守任上死去","0","2","2"
"公许敬宗去","0","2","2"
"许敬宗去世","0","2","2"
"支汗郡王贡","0","2","2"
"汗郡王贡献","0","2","2"
"郡王贡献碧","0","2","2"
"王贡献碧色","0","2","2"
"贡献碧色玻","0","2","2"
"献碧色玻璃","0","2","2"
"吐蕃入侵鄯","0","2","2"
"另外太史上","0","2","2"
"外太史上奏","0","2","2"
"太阳该蚀而","0","2","2"
"阳该蚀而不","0","2","2"
"该蚀而不蚀","0","2","2"
"昏夜雾气四","0","2","2"
"夜雾气四面","0","2","2"
"雾气四面充","0","2","2"
"气四面充塞","0","2","2"
"公许圉师去","0","2","2"
"许圉师去世","0","2","2"
"派郎将宋令","0","2","2"
"将宋令文出","0","2","2"
"宋令文出使","0","2","2"
"令文出使吐","0","2","2"
"文出使吐蕃","0","2","2"
"与营州都督","0","2","2"
"周道务等的","0","2","2"
"道务等的兵","0","2","2"
"务等的兵十","0","2","2"
"等的兵十八","0","2","2"
"的兵十八万","0","2","2"
"以及西军程","0","2","2"
"及西军程务","0","2","2"
"东军李文日","0","2","2"
"军李文日柬","0","2","2"
"李文日柬等","0","2","2"
"总共三十万","0","2","2"
"共三十万兵","0","2","2"
"三十万兵以","0","2","2"
"十万兵以讨","0","2","2"
"万兵以讨伐","0","2","2"
"兵以讨伐突","0","2","2"
"上又驾到嵩","0","2","2"
"又驾到嵩阳","0","2","2"
"驾到嵩阳观","0","2","2"
"到嵩阳观及","0","2","2"
"嵩阳观及启","0","2","2"
"阳观及启母","0","2","2"
"观及启母庙","0","2","2"
"命令立石碑","0","2","2"
"蕃入侵河源","0","2","2"
"在良非川屯","0","2","2"
"良非川屯扎","0","2","2"
"斩阿史那伏","0","2","2"
"阿史那伏念","0","2","2"
"史那伏念及","0","2","2"
"那伏念及温","0","2","2"
"伏念及温傅","0","2","2"
"念及温傅等","0","2","2"
"及温傅等五","0","2","2"
"五十四人于","0","2","2"
"十四人于都","0","2","2"
"四人于都市","0","2","2"
"史李仲玄为","0","2","2"
"李仲玄为宗","0","2","2"
"仲玄为宗正","0","2","2"
"玄为宗正卿","0","2","2"
"诏令改永淳","0","2","2"
"令改永淳二","0","2","2"
"永淳二年为","0","2","2"
"淳二年为弘","0","2","2"
"二年为弘道","0","2","2"
"年为弘道元","0","2","2"
"为弘道元年","0","2","2"
"为扶风太守","0","2","2"
"为河南节度","0","2","2"
"设置横海军","0","2","2"
"马燧为司徒","0","2","2"
"张延赏去世","0","2","2"
"贬为贺州司","0","2","2"
"邑王神符去","0","2","2"
"王神符去世","0","2","2"
"改九成宫为","0","2","2"
"九成宫为万","0","2","2"
"成宫为万年","0","2","2"
"宫为万年宫","0","2","2"
"废弃玉华宫","0","2","2"
"弃玉华宫以","0","2","2"
"玉华宫以它","0","2","2"
"华宫以它作","0","2","2"
"宫以它作为","0","2","2"
"以它作为佛","0","2","2"
"它作为佛寺","0","2","2"
"公张行成去","0","2","2"
"张行成去世","0","2","2"
"废黜皇后为","0","2","2"
"黜皇后为平","0","2","2"
"皇后为平民","0","2","2"
"元年三月一","0","2","2"
"年春正月皇","0","2","2"
"春正月皇上","0","2","2"
"正月皇上驾","0","2","2"
"月皇上驾到","0","2","2"
"驾到东都合","0","2","2"
"到东都合璧","0","2","2"
"东都合璧宫","0","2","2"
"安禄山的好","0","2","2"
"他的几个弟","0","2","2"
"的几个弟弟","0","2","2"
"史思明的部","0","2","2"
"思明的部队","0","2","2"
"尹子奇包围","0","2","2"
"告诉了史思","0","2","2"
"诉了史思明","0","2","2"
"随安禄山造","0","2","2"
"安禄山造反","0","2","2"
"睡觉吃饭都","0","2","2"
"在自己身边","0","2","2"
"由于史思明","0","2","2"
"征求班宏的","0","2","2"
"求班宏的意","0","2","2"
"班宏的意见","0","2","2"
"裁减官员太","0","2","2"
"减官员太多","0","2","2"
"至今仍是祸","0","2","2"
"今仍是祸害","0","2","2"
"如今您的昌","0","2","2"
"今您的昌平","0","2","2"
"您的昌平故","0","2","2"
"的昌平故里","0","2","2"
"朝廷改称太","0","2","2"
"廷改称太尉","0","2","2"
"改称太尉乡","0","2","2"
"这是使大夫","0","2","2"
"是使大夫得","0","2","2"
"使大夫得以","0","2","2"
"大夫得以不","0","2","2"
"夫得以不朽","0","2","2"
"得以不朽的","0","2","2"
"以不朽的名","0","2","2"
"不朽的名声","0","2","2"
"朽的名声啊","0","2","2"
"不急迫的事","0","2","2"
"要树木生长","0","2","2"
"那么刑罚就","0","2","2"
"正月属金命","0","2","2"
"出生于绝下","0","2","2"
"生于绝下的","0","2","2"
"于绝下的年","0","2","2"
"绝下的年月","0","2","2"
"尽人的责任","0","2","2"
"人的责任无","0","2","2"
"的责任无头","0","2","2"
"责任无头有","0","2","2"
"任无头有尾","0","2","2"
"反而更加吉","0","2","2"
"而更加吉利","0","2","2"
"后代的圣贤","0","2","2"
"安葬的吉凶","0","2","2"
"都不知道说","0","2","2"
"不知道说的","0","2","2"
"知道说的什","0","2","2"
"道说的什么","0","2","2"
"说的什么事","0","2","2"
"后又在临氵","0","2","2"
"又在临氵名","0","2","2"
"不想让他们","0","2","2"
"袭击吴元济","0","2","2"
"多余的财产","0","2","2"
"是这个道理","0","2","2"
"的将领官员","0","2","2"
"朝廷内外恐","0","2","2"
"廷内外恐惧","0","2","2"
"内外恐惧不","0","2","2"
"外恐惧不安","0","2","2"
"旧垒都还存","0","2","2"
"垒都还存在","0","2","2"
"素以凶戾闻","0","2","2"
"以凶戾闻名","0","2","2"
"子伯和等人","0","2","2"
"伯和等人助","0","2","2"
"和等人助纣","0","2","2"
"等人助纣为","0","2","2"
"人助纣为虐","0","2","2"
"圣明的谋划","0","2","2"
"时常郁郁不","0","2","2"
"皇上始终不","0","2","2"
"上始终不听","0","2","2"
"往往流传到","0","2","2"
"和九年七月","0","2","2"
"率府中役卒","0","2","2"
"府中役卒从","0","2","2"
"具押送京师","0","2","2"
"之事告诉李","0","2","2"
"于是将潘孟","0","2","2"
"是将潘孟阳","0","2","2"
"将潘孟阳免","0","2","2"
"潘孟阳免职","0","2","2"
"孟阳免职贬","0","2","2"
"阳免职贬为","0","2","2"
"免职贬为左","0","2","2"
"职贬为左散","0","2","2"
"贬为左散骑","0","2","2"
"吴少诚叛乱","0","2","2"
"吴元济叛乱","0","2","2"
"因功加授检","0","2","2"
"功加授检校","0","2","2"
"韦温调授咸","0","2","2"
"温调授咸阳","0","2","2"
"韦温上疏道","0","2","2"
"官吏各尽其","0","2","2"
"吏各尽其职","0","2","2"
"简慢的官员","0","2","2"
"其渎职之罪","0","2","2"
"古代圣王之","0","2","2"
"皇上深表赞","0","2","2"
"上深表赞同","0","2","2"
"朱克融囚禁","0","2","2"
"明于体用科","0","2","2"
"方面的事情","0","2","2"
"教育导致的","0","2","2"
"育导致的结","0","2","2"
"而胡亥却已","0","2","2"
"权位尊宠的","0","2","2"
"为自己辩白","0","2","2"
"让病残盲聋","0","2","2"
"病残盲聋不","0","2","2"
"出任河南县","0","2","2"
"任河南县尉","0","2","2"
"将他贬为江","0","2","2"
"他贬为江陵","0","2","2"
"白居易相友","0","2","2"
"居易相友善","0","2","2"
"不能超过他","0","2","2"
"称为元和诗","0","2","2"
"与古人相比","0","2","2"
"元稹相友善","0","2","2"
"为江陵判司","0","2","2"
"追赠尚书右","0","2","2"
"徐州归附朝","0","2","2"
"白居易被召","0","2","2"
"理所当然的","0","2","2"
"下难道不想","0","2","2"
"臣耽心元稹","0","2","2"
"再无人肯为","0","2","2"
"无人肯为陛","0","2","2"
"人肯为陛下","0","2","2"
"陛下从此无","0","2","2"
"下从此无法","0","2","2"
"从此无法得","0","2","2"
"此无法得知","0","2","2"
"外议论纷纷","0","2","2"
"王承宗反叛","0","2","2"
"木水火土五","0","2","2"
"此时六义开","0","2","2"
"时六义开始","0","2","2"
"有十分之二","0","2","2"
"玩弄花草罢","0","2","2"
"弄花草罢了","0","2","2"
"应为现实而","0","2","2"
"询问民间疾","0","2","2"
"提拔入翰林","0","2","2"
"情况大抵如","0","2","2"
"况大抵如此","0","2","2"
"不能一一列","0","2","2"
"能一一列举","0","2","2"
"认为我有错","0","2","2"
"当初应进士","0","2","2"
"初应进士科","0","2","2"
"应进士科考","0","2","2"
"进士科考时","0","2","2"
"朝中绝无沾","0","2","2"
"中绝无沾亲","0","2","2"
"绝无沾亲之","0","2","2"
"无沾亲之人","0","2","2"
"达官贵人里","0","2","2"
"官贵人里也","0","2","2"
"贵人里也没","0","2","2"
"人里也没有","0","2","2"
"里也没有一","0","2","2"
"也没有一面","0","2","2"
"没有一面之","0","2","2"
"有一面之交","0","2","2"
"一瘸一拐地","0","2","2"
"瘸一拐地走","0","2","2"
"一拐地走上","0","2","2"
"拐地走上奔","0","2","2"
"地走上奔走","0","2","2"
"走上奔走趋","0","2","2"
"上奔走趋附","0","2","2"
"奔走趋附的","0","2","2"
"走趋附的仕","0","2","2"
"趋附的仕途","0","2","2"
"赤手空拳进","0","2","2"
"手空拳进入","0","2","2"
"空拳进入比","0","2","2"
"拳进入比赛","0","2","2"
"进入比赛文","0","2","2"
"入比赛文章","0","2","2"
"比赛文章的","0","2","2"
"赛文章的战","0","2","2"
"文章的战场","0","2","2"
"窃取当世之","0","2","2"
"称为讽喻诗","0","2","2"
"称为闲适诗","0","2","2"
"那怎么办呢","0","2","2"
"的人都称赞","0","2","2"
"刺史任满时","0","2","2"
"还没有这样","0","2","2"
"样广为流传","0","2","2"
"兄长的儿子","0","2","2"
"氏为代国夫","0","2","2"
"韩国夫人的","0","2","2"
"武则天垂拱","0","2","2"
"她的堂兄弟","0","2","2"
"通事舍人武","0","2","2"
"事舍人武攸","0","2","2"
"府中郎将武","0","2","2"
"追封为太尉","0","2","2"
"突厥首领默","0","2","2"
"厥首领默啜","0","2","2"
"武延秀被封","0","2","2"
"延秀被封为","0","2","2"
"秀被封为桓","0","2","2"
"被封为桓国","0","2","2"
"封为桓国公","0","2","2"
"又授职任左","0","2","2"
"授职任左卫","0","2","2"
"职任左卫中","0","2","2"
"任左卫中郎","0","2","2"
"安乐公主的","0","2","2"
"与安乐公主","0","2","2"
"中宗与韦后","0","2","2"
"享有实征赋","0","2","2"
"有实征赋税","0","2","2"
"税的食邑五","0","2","2"
"的食邑五百","0","2","2"
"得到武则天","0","2","2"
"武则天召见","0","2","2"
"太平公主的","0","2","2"
"武则天的宠","0","2","2"
"则天的宠爱","0","2","2"
"政教的明堂","0","2","2"
"薛怀义与法","0","2","2"
"怀义与法明","0","2","2"
"义与法明和","0","2","2"
"与法明和尚","0","2","2"
"法明和尚等","0","2","2"
"他们随心所","0","2","2"
"们随心所欲","0","2","2"
"又让薛怀义","0","2","2"
"让薛怀义担","0","2","2"
"任他的行军","0","2","2"
"挑选体力强","0","2","2"
"选体力强健","0","2","2"
"体力强健的","0","2","2"
"他妻子的娘","0","2","2"
"妻子的娘家","0","2","2"
"子娘家人不","0","2","2"
"全部集中在","0","2","2"
"部集中在一","0","2","2"
"集中在一起","0","2","2"
"是从哪里来","0","2","2"
"走了十几里","0","2","2"
"远近之人都","0","2","2"
"没有人叛变","0","2","2"
"升任刑部侍","0","2","2"
"很同意他的","0","2","2"
"有两个儿子","0","2","2"
"黄河以北去","0","2","2"
"坚决推辞不","0","2","2"
"把他囚禁起","0","2","2"
"他囚禁起来","0","2","2"
"的儿子名叫","0","2","2"
"儿子名叫韦","0","2","2"
"人被处死刑","0","2","2"
"不久升为陕","0","2","2"
"久升为陕州","0","2","2"
"升为陕州刺","0","2","2"
"景骏对他们","0","2","2"
"骏对他们说","0","2","2"
"还没有出生","0","2","2"
"是怎么回事","0","2","2"
"掌内侍省事","0","2","2"
"内侍省事务","0","2","2"
"加官骠骑大","0","2","2"
"以宦官身份","0","2","2"
"度使来王真","0","2","2"
"将他放逐归","0","2","2"
"他放逐归田","0","2","2"
"于是请求以","0","2","2"
"临通化门城","0","2","2"
"通化门城楼","0","2","2"
"承璀被贬出","0","2","2"
"璀被贬出京","0","2","2"
"他原来没有","0","2","2"
"原来没有姓","0","2","2"
"来没有姓氏","0","2","2"
"名字叫轧荦","0","2","2"
"字叫轧荦山","0","2","2"
"小时候失去","0","2","2"
"时候失去了","0","2","2"
"候失去了父","0","2","2"
"的儿子一起","0","2","2"
"人结为兄弟","0","2","2"
"长大成人后","0","2","2"
"为买卖人协","0","2","2"
"买卖人协议","0","2","2"
"卖人协议物","0","2","2"
"人协议物价","0","2","2"
"协议物价的","0","2","2"
"议物价的牙","0","2","2"
"物价的牙郎","0","2","2"
"张守王圭任","0","2","2"
"守王圭任幽","0","2","2"
"王圭任幽州","0","2","2"
"圭任幽州节","0","2","2"
"以骁勇出名","0","2","2"
"玄宗天宝元","0","2","2"
"宗天宝元年","0","2","2"
"进宫朝见玄","0","2","2"
"宫朝见玄宗","0","2","2"
"有十一个儿","0","2","2"
"大儿子安庆","0","2","2"
"儿子安庆宗","0","2","2"
"小儿子安庆","0","2","2"
"州城北边筑","0","2","2"
"城北边筑起","0","2","2"
"了安禄山的","0","2","2"
"他到华清宫","0","2","2"
"他推说生病","0","2","2"
"推说生病没","0","2","2"
"说生病没有","0","2","2"
"州城失守殉","0","2","2"
"城失守殉难","0","2","2"
"告诉安禄山","0","2","2"
"洛阳留守李","0","2","2"
"阳留守李忄","0","2","2"
"安禄山的内","0","2","2"
"宝十五年正","0","2","2"
"跟叛军将领","0","2","2"
"河北各州郡","0","2","2"
"叛军将领崔","0","2","2"
"军将领崔乾","0","2","2"
"进安禄山的","0","2","2"
"是安禄山的","0","2","2"
"善于骑马射","0","2","2"
"于骑马射箭","0","2","2"
"到安禄山的","0","2","2"
"安禄山手下","0","2","2"
"军将领尹子","0","2","2"
"将领尹子奇","0","2","2"
"又振作起来","0","2","2"
"命令蔡希德","0","2","2"
"子仪等九位","0","2","2"
"仪等九位节","0","2","2"
"等九位节度","0","2","2"
"骑兵三千人","0","2","2"
"就是肃宗乾","0","2","2"
"是肃宗乾元","0","2","2"
"史思明带领","0","2","2"
"安庆绪派人","0","2","2"
"安禄山奏请","0","2","2"
"禄山奏请朝","0","2","2"
"山奏请朝廷","0","2","2"
"奏请朝廷任","0","2","2"
"请朝廷任命","0","2","2"
"因此安禄山","0","2","2"
"此安禄山对","0","2","2"
"安禄山对他","0","2","2"
"到了这种地","0","2","2"
"了这种地步","0","2","2"
"是精锐部队","0","2","2"
"如何处理这","0","2","2"
"何处理这事","0","2","2"
"拍着他的背","0","2","2"
"着他的背说","0","2","2"
"官军将领李","0","2","2"
"攻克了常山","0","2","2"
"子仪率领朔","0","2","2"
"仪率领朔方","0","2","2"
"李光弼追击","0","2","2"
"史思明率领","0","2","2"
"史思明进攻","0","2","2"
"史思明命令","0","2","2"
"自从安禄山","0","2","2"
"从安禄山攻","0","2","2"
"史思明于是","0","2","2"
"任命周贽为","0","2","2"
"被叛军占领","0","2","2"
"这个杂种害","0","2","2"
"个杂种害我","0","2","2"
"了伪燕国的","0","2","2"
"他押送朝廷","0","2","2"
"当时有个擅","0","2","2"
"时有个擅长","0","2","2"
"有个擅长文","0","2","2"
"个擅长文辞","0","2","2"
"擅长文辞的","0","2","2"
"长文辞的孙","0","2","2"
"文辞的孙万","0","2","2"
"辞的孙万寿","0","2","2"
"与绍安友情","0","2","2"
"绍安友情笃","0","2","2"
"安友情笃厚","0","2","2"
"友情笃厚为","0","2","2"
"情笃厚为忘","0","2","2"
"笃厚为忘年","0","2","2"
"厚为忘年之","0","2","2"
"被当时的人","0","2","2"
"当时的人并","0","2","2"
"时的人并称","0","2","2"
"的人并称为","0","2","2"
"人并称为孙","0","2","2"
"高祖的军队","0","2","2"
"不遵守法令","0","2","2"
"已经很多了","0","2","2"
"在座位右边","0","2","2"
"任太子洗马","0","2","2"
"年轻时好学","0","2","2"
"儿嫁给了他","0","2","2"
"被当时人所","0","2","2"
"审言也因此","0","2","2"
"言也因此事","0","2","2"
"也因此事被","0","2","2"
"因此事被免","0","2","2"
"此事被免去","0","2","2"
"博学善于写","0","2","2"
"学善于写文","0","2","2"
"伯祖杨虔威","0","2","2"
"杨盈川的文","0","2","2"
"盈川的文思","0","2","2"
"川的文思有","0","2","2"
"的文思有如","0","2","2"
"文思有如悬","0","2","2"
"思有如悬河","0","2","2"
"有如悬河注","0","2","2"
"如悬河注水","0","2","2"
"既比卢为优","0","2","2"
"也不比王差","0","2","2"
"把他藏了起","0","2","2"
"他藏了起来","0","2","2"
"一起被处死","0","2","2"
"传二十代享","0","2","2"
"二十代享国","0","2","2"
"的庄园别墅","0","2","2"
"宗到九成宫","0","2","2"
"的正常现象","0","2","2"
"学识渊博的","0","2","2"
"来礼拜晋见","0","2","2"
"向他学习佛","0","2","2"
"他学习佛法","0","2","2"
"蕲州黄梅县","0","2","2"
"州黄梅县人","0","2","2"
"的王公贵族","0","2","2"
"先恐后地来","0","2","2"
"撰写了碑文","0","2","2"
"玄宗下诏赐","0","2","2"
"宗下诏赐号","0","2","2"
"下诏赐号叫","0","2","2"
"诏赐号叫大","0","2","2"
"用气数推演","0","2","2"
"气数推演八","0","2","2"
"数推演八卦","0","2","2"
"推演八卦的","0","2","2"
"年四十五岁","0","2","2"
"对他的徒弟","0","2","2"
"他的徒弟说","0","2","2"
"门前的溪水","0","2","2"
"封爵食实封","0","2","2"
"副元帅职务","0","2","2"
"他管辖的地","0","2","2"
"用来驻扎军","0","2","2"
"来驻扎军队","0","2","2"
"怀光兼任泾","0","2","2"
"当时李怀光","0","2","2"
"节度等使职","0","2","2"
"同以前一样","0","2","2"
"皇帝下诏派","0","2","2"
"李怀光率朔","0","2","2"
"怀光率朔方","0","2","2"
"骑兵一万五","0","2","2"
"兵一万五千","0","2","2"
"李怀光有勇","0","2","2"
"怀光有勇无","0","2","2"
"光有勇无谋","0","2","2"
"食实封两百","0","2","2"
"实封两百户","0","2","2"
"打败了朱氵","0","2","2"
"败了朱氵此","0","2","2"
"心才安定了","0","2","2"
"朱氵此军队","0","2","2"
"是因为这些","0","2","2"
"李怀光在咸","0","2","2"
"怀光在咸阳","0","2","2"
"派翰林学士","0","2","2"
"坚持说不行","0","2","2"
"李怀光又派","0","2","2"
"怀光又派人","0","2","2"
"光又派人催","0","2","2"
"移驻东渭桥","0","2","2"
"劫持李建徽","0","2","2"
"吞并了他们","0","2","2"
"并了他们的","0","2","2"
"了他们的军","0","2","2"
"杀死李怀光","0","2","2"
"穿白色服装","0","2","2"
"掌管军中事","0","2","2"
"管军中事务","0","2","2"
"求赦免李怀","0","2","2"
"赦免李怀光","0","2","2"
"一起讨伐李","0","2","2"
"马燧率兵攻","0","2","2"
"了李怀光的","0","2","2"
"各军包围了","0","2","2"
"朔方军将领","0","2","2"
"军将领牛名","0","2","2"
"将领牛名俊","0","2","2"
"的儿子李王","0","2","2"
"儿子李王隹","0","2","2"
"李怀光的妻","0","2","2"
"怀光的妻子","0","2","2"
"他的儿子封","0","2","2"
"的儿子封为","0","2","2"
"是京兆府长","0","2","2"
"府长安县人","0","2","2"
"失去了父母","0","2","2"
"一枚值旧钱","0","2","2"
"任处州刺史","0","2","2"
"皇帝因为他","0","2","2"
"享年七十岁","0","2","2"
"赠官太子少","0","2","2"
"以行孝有名","0","2","2"
"是卫州汲县","0","2","2"
"卫州汲县人","0","2","2"
"各地的军队","0","2","2"
"知道了这事","0","2","2"
"大历年间的","0","2","2"
"提升他为监","0","2","2"
"升他为监察","0","2","2"
"任行军司马","0","2","2"
"长期遭受战","0","2","2"
"期遭受战乱","0","2","2"
"帝下诏书褒","0","2","2"
"人李少良秘","0","2","2"
"李少良秘密","0","2","2"
"被调出京城","0","2","2"
"张延赏上奏","0","2","2"
"延赏上奏请","0","2","2"
"赏上奏请求","0","2","2"
"不久因母亲","0","2","2"
"久因母亲去","0","2","2"
"皇帝逃到梁","0","2","2"
"帝逃到梁州","0","2","2"
"吐蕃进犯剑","0","2","2"
"蕃进犯剑南","0","2","2"
"将领和官员","0","2","2"
"贞元三年正","0","2","2"
"李晟和张延","0","2","2"
"晟和张延赏","0","2","2"
"和张延赏和","0","2","2"
"张延赏和解","0","2","2"
"曾对李晟有","0","2","2"
"对李晟有恩","0","2","2"
"李晟的兵权","0","2","2"
"慢慢才退兵","0","2","2"
"用这来离间","0","2","2"
"这来离间李","0","2","2"
"来离间李晟","0","2","2"
"衙将王亻必","0","2","2"
"多次派使者","0","2","2"
"次派使者求","0","2","2"
"派使者求和","0","2","2"
"李晟到京城","0","2","2"
"吐蕃不讲信","0","2","2"
"蕃不讲信用","0","2","2"
"封李晟为太","0","2","2"
"只是上朝请","0","2","2"
"是上朝请安","0","2","2"
"劫持浑王咸","0","2","2"
"中书令宣读","0","2","2"
"书令宣读册","0","2","2"
"令宣读册命","0","2","2"
"就由宰相代","0","2","2"
"由宰相代理","0","2","2"
"上朝三天致","0","2","2"
"朝三天致哀","0","2","2"
"助丧礼物增","0","2","2"
"丧礼物增加","0","2","2"
"礼物增加一","0","2","2"
"物增加一等","0","2","2"
"段秀实为助","0","2","2"
"秀实为助手","0","2","2"
"多次立有战","0","2","2"
"次立有战功","0","2","2"
"被任命为节","0","2","2"
"被流箭射中","0","2","2"
"被部下杀死","0","2","2"
"代宗听说后","0","2","2"
"段秀实任留","0","2","2"
"秀实任留后","0","2","2"
"泾州节度使","0","2","2"
"段秀实就把","0","2","2"
"在盐仓作战","0","2","2"
"没有杀一个","0","2","2"
"有杀一个人","0","2","2"
"没有多余的","0","2","2"
"氵此占据京","0","2","2"
"就派他的将","0","2","2"
"刘海宾等人","0","2","2"
"有不服从的","0","2","2"
"爪子和牙齿","0","2","2"
"赐谥号为忠","0","2","2"
"封五品正员","0","2","2"
"收复长安以","0","2","2"
"复长安以后","0","2","2"
"在家乡立牌","0","2","2"
"家乡立牌坊","0","2","2"
"乡立牌坊赐","0","2","2"
"德宗回到京","0","2","2"
"宗回到京城","0","2","2"
"又下诏书说","0","2","2"
"赠官太尉段","0","2","2"
"官太尉段秀","0","2","2"
"大和二年正","0","2","2"
"颜真卿奏本","0","2","2"
"不亲附自己","0","2","2"
"调他出京任","0","2","2"
"任平原郡太","0","2","2"
"平原郡太守","0","2","2"
"推举颜真卿","0","2","2"
"任命颜真卿","0","2","2"
"为西平郡司","0","2","2"
"太庙被叛军","0","2","2"
"庙被叛军毁","0","2","2"
"被叛军毁坏","0","2","2"
"辅国讨厌他","0","2","2"
"奏本贬他为","0","2","2"
"本贬他为蓬","0","2","2"
"贬他为蓬州","0","2","2"
"他为蓬州长","0","2","2"
"为蓬州长史","0","2","2"
"唐代宗登基","0","2","2"
"任命为尚书","0","2","2"
"命为尚书左","0","2","2"
"多次提升后","0","2","2"
"先报告各自","0","2","2"
"报告各自长","0","2","2"
"告各自长官","0","2","2"
"各级长官报","0","2","2"
"级长官报告","0","2","2"
"长官报告宰","0","2","2"
"官报告宰相","0","2","2"
"决定是否可","0","2","2"
"中书省宣读","0","2","2"
"官吏百姓认","0","2","2"
"吏百姓认为","0","2","2"
"就秘密奏本","0","2","2"
"秘密奏本请","0","2","2"
"密奏本请求","0","2","2"
"派他哥哥的","0","2","2"
"李希烈攻占","0","2","2"
"希烈攻占了","0","2","2"
"到了这件事","0","2","2"
"前去任命韦","0","2","2"
"去任命韦皋","0","2","2"
"命韦皋为御","0","2","2"
"韦皋为御史","0","2","2"
"如果不接受","0","2","2"
"的军队进城","0","2","2"
"朱氵此又派","0","2","2"
"能侍奉皇上","0","2","2"
"不久升为大","0","2","2"
"久升为大将","0","2","2"
"死的不计其","0","2","2"
"的不计其数","0","2","2"
"韦皋因战功","0","2","2"
"皋因战功而","0","2","2"
"韦皋便命令","0","2","2"
"深入吐蕃境","0","2","2"
"千人直趋吐","0","2","2"
"人直趋吐蕃","0","2","2"
"渡过大渡河","0","2","2"
"宗即位之后","0","2","2"
"知道王叔文","0","2","2"
"止上朝五日","0","2","2"
"韦行式之妻","0","2","2"
"于是杀了李","0","2","2"
"光弼镇守河","0","2","2"
"张建封便去","0","2","2"
"马燧任河阳","0","2","2"
"燧任河阳三","0","2","2"
"征聘张建封","0","2","2"
"聘张建封为","0","2","2"
"张建封为判","0","2","2"
"建封为判官","0","2","2"
"并奏请朝廷","0","2","2"
"廷授予他监","0","2","2"
"授予他监察","0","2","2"
"予他监察御","0","2","2"
"他监察御史","0","2","2"
"与李忠臣一","0","2","2"
"从皇上行宫","0","2","2"
"加授张建封","0","2","2"
"授张建封兼","0","2","2"
"张建封兼御","0","2","2"
"建封兼御史","0","2","2"
"御史中丞和","0","2","2"
"宫市的弊端","0","2","2"
"皇上特别赐","0","2","2"
"宗派朔方节","0","2","2"
"派朔方节度","0","2","2"
"暗中图谋不","0","2","2"
"中图谋不轨","0","2","2"
"百姓们长期","0","2","2"
"姓们长期遭","0","2","2"
"们长期遭受","0","2","2"
"任他为检校","0","2","2"
"他为检校尚","0","2","2"
"归附田承嗣","0","2","2"
"攻打氵名州","0","2","2"
"所管辖的地","0","2","2"
"强壮的士兵","0","2","2"
"他的侄儿田","0","2","2"
"年九月去世","0","2","2"
"子李惟岳谋","0","2","2"
"李惟岳谋求","0","2","2"
"康日知为深","0","2","2"
"王武俊为恒","0","2","2"
"武俊为恒冀","0","2","2"
"朱滔恼怒失","0","2","2"
"滔恼怒失去","0","2","2"
"怒失去了深","0","2","2"
"失去了深州","0","2","2"
"武俊恼怒失","0","2","2"
"俊恼怒失去","0","2","2"
"勾结王武俊","0","2","2"
"朱滔僭称大","0","2","2"
"对王武俊说","0","2","2"
"朱滔心地阴","0","2","2"
"滔心地阴险","0","2","2"
"朱滔为皇太","0","2","2"
"滔为皇太弟","0","2","2"
"朱滔命大将","0","2","2"
"滔命大将马","0","2","2"
"命大将马萛","0","2","2"
"王武俊军营","0","2","2"
"李惟岳抗拒","0","2","2"
"惟岳抗拒朝","0","2","2"
"岳抗拒朝命","0","2","2"
"及至李惟岳","0","2","2"
"人们都称赞","0","2","2"
"赐给数量不","0","2","2"
"州归顺朝廷","0","2","2"
"当时李惟岳","0","2","2"
"时李惟岳部","0","2","2"
"王武俊谋反","0","2","2"
"派人游说程","0","2","2"
"二百骑兵去","0","2","2"
"王武俊欣然","0","2","2"
"对于休烈说","0","2","2"
"加授礼仪使","0","2","2"
"将他打得大","0","2","2"
"他打得大败","0","2","2"
"恐怕不能这","0","2","2"
"怕不能这样","0","2","2"
"能这样做吧","0","2","2"
"以本州顺从","0","2","2"
"本州顺从王","0","2","2"
"州顺从王命","0","2","2"
"王武俊之子","0","2","2"
"武俊之子王","0","2","2"
"俊之子王士","0","2","2"
"之子王士真","0","2","2"
"于是平定了","0","2","2"
"不能满足他","0","2","2"
"说王武俊道","0","2","2"
"往恒州宣旨","0","2","2"
"与李抱真合","0","2","2"
"任命王武俊","0","2","2"
"命王武俊为","0","2","2"
"赦免王廷凑","0","2","2"
"牛元翼家属","0","2","2"
"王廷凑出兵","0","2","2"
"又就地加授","0","2","2"
"就地加授王","0","2","2"
"地加授王廷","0","2","2"
"加授王廷凑","0","2","2"
"授王廷凑太","0","2","2"
"王廷凑太子","0","2","2"
"廷凑太子太","0","2","2"
"凑太子太傅","0","2","2"
"升为侍御史","0","2","2"
"任太常寺卿","0","2","2"
"宰相回答说","0","2","2"
"行走脚步要","0","2","2"
"李万荣病重","0","2","2"
"交付邓惟恭","0","2","2"
"代居住在幽","0","2","2"
"居住在幽州","0","2","2"
"住在幽州蓟","0","2","2"
"在幽州蓟县","0","2","2"
"积累军功升","0","2","2"
"累军功升至","0","2","2"
"李忠臣又与","0","2","2"
"命李忠臣率","0","2","2"
"命李忠臣为","0","2","2"
"李忠臣率兵","0","2","2"
"命令李忠臣","0","2","2"
"加授李忠臣","0","2","2"
"为陇西郡公","0","2","2"
"仲升被贼军","0","2","2"
"诏令李忠臣","0","2","2"
"信任的大将","0","2","2"
"李忠臣上奏","0","2","2"
"忠臣上奏道","0","2","2"
"早就该死了","0","2","2"
"某某在某处","0","2","2"
"某在某处战","0","2","2"
"在某处战死","0","2","2"
"李师道派遣","0","2","2"
"为唐邓军帅","0","2","2"
"于是任命李","0","2","2"
"吴元济请求","0","2","2"
"三千骑兵为","0","2","2"
"当时很多人","0","2","2"
"陆贽任宰相","0","2","2"
"对李吉甫说","0","2","2"
"当时的时政","0","2","2"
"时的时政记","0","2","2"
"再交给史官","0","2","2"
"写下来交给","0","2","2"
"下来交给史","0","2","2"
"来交给史官","0","2","2"
"在经略故城","0","2","2"
"治所寄设在","0","2","2"
"所寄设在经","0","2","2"
"寄设在经略","0","2","2"
"设在经略军","0","2","2"
"浑王咸与韩","0","2","2"
"王咸与韩游","0","2","2"
"咸与韩游瑰","0","2","2"
"德宗从兴元","0","2","2"
"韩游瑰入朝","0","2","2"
"及至韩游瑰","0","2","2"
"修筑丰义城","0","2","2"
"范希朝为主","0","2","2"
"希朝为主帅","0","2","2"
"有远大志向","0","2","2"
"是老生常谈","0","2","2"
"对国家有利","0","2","2"
"任他为尚书","0","2","2"
"他为尚书左","0","2","2"
"升任秘书监","0","2","2"
"入京朝见皇","0","2","2"
"魏徵的意见","0","2","2"
"到九成宫游","0","2","2"
"九成宫游玩","0","2","2"
"侍中王王圭","0","2","2"
"要向他们询","0","2","2"
"向他们询问","0","2","2"
"魏徵回答说","0","2","2"
"如果陛下不","0","2","2"
"退下后又有","0","2","2"
"下后又有话","0","2","2"
"后又有话说","0","2","2"
"魏徵的住宅","0","2","2"
"于是拜魏徵","0","2","2"
"是拜魏徵为","0","2","2"
"拜魏徵为特","0","2","2"
"魏徵为特进","0","2","2"
"仍旧让他掌","0","2","2"
"旧让他掌管","0","2","2"
"让他掌管门","0","2","2"
"他掌管门下","0","2","2"
"掌管门下省","0","2","2"
"管门下省事","0","2","2"
"朝的借鉴不","0","2","2"
"的借鉴不远","0","2","2"
"国家的灭亡","0","2","2"
"超过一个月","0","2","2"
"上位的人容","0","2","2"
"的人容易侍","0","2","2"
"人容易侍奉","0","2","2"
"下位的人容","0","2","2"
"的人容易了","0","2","2"
"人容易了解","0","2","2"
"那么君长就","0","2","2"
"就不会有二","0","2","2"
"不会有二心","0","2","2"
"有的是因为","0","2","2"
"原因是国家","0","2","2"
"自以为一定","0","2","2"
"以为一定不","0","2","2"
"为一定不会","0","2","2"
"没有一天比","0","2","2"
"有一天比一","0","2","2"
"刚强正直的","0","2","2"
"强正直的人","0","2","2"
"忠直敢谏的","0","2","2"
"直敢谏的人","0","2","2"
"不讲诚信就","0","2","2"
"讲诚信就无","0","2","2"
"诚信就无法","0","2","2"
"不会妨害成","0","2","2"
"鼓国就可以","0","2","2"
"国就可以得","0","2","2"
"就可以得到","0","2","2"
"想知道自己","0","2","2"
"知道自己的","0","2","2"
"封一个儿子","0","2","2"
"轻视我的儿","0","2","2"
"视我的儿子","0","2","2"
"严直言规劝","0","2","2"
"前辈儒家的","0","2","2"
"到西域各国","0","2","2"
"西域各国买","0","2","2"
"域各国买马","0","2","2"
"顺利每天走","0","2","2"
"到哪里去呢","0","2","2"
"惟独魏徵认","0","2","2"
"独魏徵认为","0","2","2"
"魏徵认为不","0","2","2"
"徵认为不可","0","2","2"
"宫廷中派出","0","2","2"
"廷中派出使","0","2","2"
"天就修成了","0","2","2"
"太宗夜里梦","0","2","2"
"宗夜里梦见","0","2","2"
"哭得非常悲","0","2","2"
"追赠魏徵为","0","2","2"
"赠魏徵为司","0","2","2"
"魏徵为司空","0","2","2"
"赐谥号文贞","0","2","2"
"宫廷供给手","0","2","2"
"廷供给手持","0","2","2"
"供给手持羽","0","2","2"
"给手持羽葆","0","2","2"
"的仪仗队和","0","2","2"
"仪仗队和吹","0","2","2"
"仗队和吹鼓","0","2","2"
"队和吹鼓乐","0","2","2"
"和吹鼓乐手","0","2","2"
"吹鼓乐手共","0","2","2"
"鼓乐手共四","0","2","2"
"乐手共四十","0","2","2"
"手共四十人","0","2","2"
"送给办丧事","0","2","2"
"给办丧事用","0","2","2"
"办丧事用的","0","2","2"
"丧事用的绢","0","2","2"
"事用的绢帛","0","2","2"
"用的绢帛千","0","2","2"
"的绢帛千段","0","2","2"
"让魏徵陪葬","0","2","2"
"魏徵陪葬昭","0","2","2"
"徵陪葬昭陵","0","2","2"
"魏徵的灵柩","0","2","2"
"魏徵去世后","0","2","2"
"的就只看见","0","2","2"
"就只看见他","0","2","2"
"只看见他的","0","2","2"
"而知道他的","0","2","2"
"升任著作郎","0","2","2"
"地方治理得","0","2","2"
"师古因事被","0","2","2"
"古因事被免","0","2","2"
"任命为秘书","0","2","2"
"命为秘书少","0","2","2"
"任秘书少监","0","2","2"
"晋升为子爵","0","2","2"
"赏赐给师古","0","2","2"
"赐给师古帛","0","2","2"
"给师古帛物","0","2","2"
"师古帛物二","0","2","2"
"古帛物二百","0","2","2"
"帛物二百段","0","2","2"
"泰山行封禅","0","2","2"
"颖达回答说","0","2","2"
"自己虽然有","0","2","2"
"被任命为国","0","2","2"
"任命为国子","0","2","2"
"绢帛三百段","0","2","2"
"傅奕回答说","0","2","2"
"只有天子君","0","2","2"
"享用珍美食","0","2","2"
"用珍美食物","0","2","2"
"同意他的说","0","2","2"
"意他的说法","0","2","2"
"等姓分属为","0","2","2"
"没有五姓的","0","2","2"
"知道寿命祸","0","2","2"
"道寿命祸福","0","2","2"
"断定应当长","0","2","2"
"定应当长寿","0","2","2"
"自身能克制","0","2","2"
"身能克制驿","0","2","2"
"能克制驿马","0","2","2"
"遇上了空亡","0","2","2"
"上了空亡的","0","2","2"
"了空亡的恶","0","2","2"
"减少了一半","0","2","2"
"的吉凶祸福","0","2","2"
"不留恋死者","0","2","2"
"这就是丧葬","0","2","2"
"己亥这天举","0","2","2"
"亥这天举行","0","2","2"
"这天举行丧","0","2","2"
"天举行丧葬","0","2","2"
"丧葬不用选","0","2","2"
"葬不用选择","0","2","2"
"的父亲虞荔","0","2","2"
"他的叔父虞","0","2","2"
"的叔父虞寄","0","2","2"
"文字多无记","0","2","2"
"字多无记载","0","2","2"
"天上出现彗","0","2","2"
"上出现彗星","0","2","2"
"有可贪欲的","0","2","2"
"可贪欲的东","0","2","2"
"贪欲的东西","0","2","2"
"汉朝的制度","0","2","2"
"秦汉的君主","0","2","2"
"感到非常惊","0","2","2"
"到非常惊奇","0","2","2"
"别人一定会","0","2","2"
"人的意见不","0","2","2"
"来劝告太子","0","2","2"
"然而太子最","0","2","2"
"而太子最终","0","2","2"
"太子最终还","0","2","2"
"子最终还是","0","2","2"
"最终还是因","0","2","2"
"终还是因不","0","2","2"
"还是因不醒","0","2","2"
"是因不醒悟","0","2","2"
"因不醒悟而","0","2","2"
"不醒悟而被","0","2","2"
"醒悟而被废","0","2","2"
"悟而被废去","0","2","2"
"因他完成了","0","2","2"
"把他调出京","0","2","2"
"他调出京城","0","2","2"
"唐德宗即位","0","2","2"
"诏令求贤才","0","2","2"
"黜陟使推荐","0","2","2"
"不服从命令","0","2","2"
"任河中府少","0","2","2"
"河中府少尹","0","2","2"
"喜欢说大话","0","2","2"
"可以立大功","0","2","2"
"升任兵部尚","0","2","2"
"赠官为太子","0","2","2"
"亲去世服丧","0","2","2"
"去世服丧离","0","2","2"
"世服丧离职","0","2","2"
"唐德宗登基","0","2","2"
"自恃才能和","0","2","2"
"擅长骑马射","0","2","2"
"长骑马射箭","0","2","2"
"会合援救临","0","2","2"
"合援救临氵","0","2","2"
"援救临氵名","0","2","2"
"在临氵名南","0","2","2"
"临氵名南边","0","2","2"
"进攻杨朝光","0","2","2"
"于是杀死了","0","2","2"
"杀死了杨朝","0","2","2"
"死了杨朝光","0","2","2"
"因功加封为","0","2","2"
"功加封为检","0","2","2"
"的精兵强将","0","2","2"
"就奏本请求","0","2","2"
"了李晟的军","0","2","2"
"要阻止李晟","0","2","2"
"诏加封李晟","0","2","2"
"封李晟为检","0","2","2"
"李晟为检校","0","2","2"
"和李晟会合","0","2","2"
"刘德信的军","0","2","2"
"到李怀光军","0","2","2"
"和李怀光一","0","2","2"
"李怀光一起","0","2","2"
"神策军待遇","0","2","2"
"李怀光军营","0","2","2"
"军合力进攻","0","2","2"
"李晟奏本说","0","2","2"
"收复京城的","0","2","2"
"合力进攻他","0","2","2"
"抓获了叛军","0","2","2"
"获了叛军将","0","2","2"
"在含元殿前","0","2","2"
"将叛军将领","0","2","2"
"出现在岁星","0","2","2"
"现在岁星附","0","2","2"
"在岁星附近","0","2","2"
"了他们的节","0","2","2"
"他们的节度","0","2","2"
"们的节度使","0","2","2"
"李晟到了凤","0","2","2"
"晟到了凤翔","0","2","2"
"把他抓住杀","0","2","2"
"尚结赞的计","0","2","2"
"这年闰五月","0","2","2"
"赞在平凉盟","0","2","2"
"在平凉盟誓","0","2","2"
"贞元五年九","0","2","2"
"元五年九月","0","2","2"
"延英殿被召","0","2","2"
"英殿被召见","0","2","2"
"皇帝嘉奖他","0","2","2"
"帝嘉奖他们","0","2","2"
"嘉奖他们的","0","2","2"
"监督保护办","0","2","2"
"督保护办丧","0","2","2"
"保护办丧事","0","2","2"
"吴秀琳投降","0","2","2"
"攻打吴房县","0","2","2"
"打吴房县城","0","2","2"
"宾客的礼节","0","2","2"
"用全部精兵","0","2","2"
"分兵五百人","0","2","2"
"山的坚固城","0","2","2"
"这把宝剑讨","0","2","2"
"把宝剑讨平","0","2","2"
"他为太子少","0","2","2"
"州诸军事兼","0","2","2"
"诸军事兼郑","0","2","2"
"军事兼郑州","0","2","2"
"事兼郑州刺","0","2","2"
"兼郑州刺史","0","2","2"
"至德二年五","0","2","2"
"德元年冬天","0","2","2"
"吐蕃进犯京","0","2","2"
"李抱玉镇守","0","2","2"
"赠官为太保","0","2","2"
"任泽潞节度","0","2","2"
"仆固怀恩倚","0","2","2"
"李抱真上奏","0","2","2"
"帝下诏命河","0","2","2"
"邢州的包围","0","2","2"
"升任检校兵","0","2","2"
"率几百名骑","0","2","2"
"几百名骑兵","0","2","2"
"百名骑兵逃","0","2","2"
"带几名骑兵","0","2","2"
"命李缄掌管","0","2","2"
"李缄掌管军","0","2","2"
"任太府少卿","0","2","2"
"买草百万把","0","2","2"
"草百万把送","0","2","2"
"裴延龄上奏","0","2","2"
"延龄上奏说","0","2","2"
"三分之一的","0","2","2"
"分之一的赋","0","2","2"
"之一的赋税","0","2","2"
"从来没有过","0","2","2"
"所以经典说","0","2","2"
"如果认为多","0","2","2"
"了解朝外情","0","2","2"
"解朝外情况","0","2","2"
"母亲去世了","0","2","2"
"唐顺宗即位","0","2","2"
"王叔文当权","0","2","2"
"让韦执谊在","0","2","2"
"韦执谊在外","0","2","2"
"只有王叔文","0","2","2"
"进入翰林院","0","2","2"
"王叔文刚进","0","2","2"
"扬子院留守","0","2","2"
"任命韦伦为","0","2","2"
"跟随皇上到","0","2","2"
"他的儿子仆","0","2","2"
"仆固怀恩派","0","2","2"
"于是任命马","0","2","2"
"是任命马燧","0","2","2"
"任命马燧为","0","2","2"
"永平军将领","0","2","2"
"李忠臣会合","0","2","2"
"一百名骑兵","0","2","2"
"恒冀节度使","0","2","2"
"大将李自良","0","2","2"
"田悦召集败","0","2","2"
"悦召集败兵","0","2","2"
"队驻扎在他","0","2","2"
"驻扎在他的","0","2","2"
"马燧率各军","0","2","2"
"军都过了河","0","2","2"
"当时王武俊","0","2","2"
"马燧和各军","0","2","2"
"马燧率军回","0","2","2"
"燧率军回到","0","2","2"
"率军回到太","0","2","2"
"军回到太原","0","2","2"
"为晋慈隰节","0","2","2"
"和太尉李晟","0","2","2"
"升为陇右节","0","2","2"
"少年时喜爱","0","2","2"
"房琯又经常","0","2","2"
"琯又经常称","0","2","2"
"又经常称病","0","2","2"
"杀了段子璋","0","2","2"
"升为大理评","0","2","2"
"一并在集贤","0","2","2"
"并在集贤院","0","2","2"
"赠予太子太","0","2","2"
"兵平定国难","0","2","2"
"第一个推荐","0","2","2"
"一个推荐他","0","2","2"
"多次升为给","0","2","2"
"次升为给事","0","2","2"
"升为给事中","0","2","2"
"入朝为太子","0","2","2"
"朝为太子宾","0","2","2"
"与宰相元载","0","2","2"
"宰相元载结","0","2","2"
"被当时人们","0","2","2"
"军功多次升","0","2","2"
"功多次升为","0","2","2"
"收复二京后","0","2","2"
"不久加授御","0","2","2"
"久加授御史","0","2","2"
"任神策军节","0","2","2"
"又历任卫尉","0","2","2"
"节度使又上","0","2","2"
"度使又上奏","0","2","2"
"使又上奏任","0","2","2"
"派数百名骑","0","2","2"
"赐予实封二","0","2","2"
"予实封二百","0","2","2"
"严砺在任期","0","2","2"
"砺在任期间","0","2","2"
"宠臣李辅国","0","2","2"
"受牵连贬为","0","2","2"
"水上游义军","0","2","2"
"当时人们的","0","2","2"
"任淮南西道","0","2","2"
"引荐元载为","0","2","2"
"荐元载为判","0","2","2"
"元载为判官","0","2","2"
"鱼朝恩伏法","0","2","2"
"李待荣及载","0","2","2"
"待荣及载的","0","2","2"
"荣及载的儿","0","2","2"
"及载的儿子","0","2","2"
"载的儿子仲","0","2","2"
"的儿子仲武","0","2","2"
"季能一并拘","0","2","2"
"能一并拘捕","0","2","2"
"吏官不能管","0","2","2"
"官不能管制","0","2","2"
"于是任瑱为","0","2","2"
"个州节度观","0","2","2"
"升为兵部尚","0","2","2"
"依旧担任山","0","2","2"
"旧担任山南","0","2","2"
"替代左仆射","0","2","2"
"仆射裴冕任","0","2","2"
"射裴冕任山","0","2","2"
"裴冕任山陵","0","2","2"
"冕任山陵使","0","2","2"
"他是西凉武","0","2","2"
"是西凉武昭","0","2","2"
"西凉武昭王","0","2","2"
"凉武昭王李","0","2","2"
"武昭王李詗","0","2","2"
"昭王李詗的","0","2","2"
"王李詗的七","0","2","2"
"李詗的七世","0","2","2"
"詗的七世孙","0","2","2"
"袭封唐国公","0","2","2"
"高祖于是命","0","2","2"
"祖于是命令","0","2","2"
"世子建成及","0","2","2"
"统军隶属他","0","2","2"
"高祖引军急","0","2","2"
"祖引军急攻","0","2","2"
"引军急攻霍","0","2","2"
"军急攻霍邑","0","2","2"
"杀了宋老生","0","2","2"
"义军所到之","0","2","2"
"军所到之处","0","2","2"
"帝为太上皇","0","2","2"
"窦建德超越","0","2","2"
"建德超越本","0","2","2"
"德超越本分","0","2","2"
"敦请高祖登","0","2","2"
"请高祖登位","0","2","2"
"赠予上柱国","0","2","2"
"分号称为天","0","2","2"
"号称为天子","0","2","2"
"本分号称天","0","2","2"
"分号称天子","0","2","2"
"突厥叶护可","0","2","2"
"厥叶护可汗","0","2","2"
"沈法兴占据","0","2","2"
"使者前来归","0","2","2"
"者前来归降","0","2","2"
"刘武周的大","0","2","2"
"武周的大将","0","2","2"
"周的大将宋","0","2","2"
"的大将宋金","0","2","2"
"大将宋金刚","0","2","2"
"逃奔到突厥","0","2","2"
"刘黑闼占据","0","2","2"
"春正月十四","0","2","2"
"引突厥入侵","0","2","2"
"突厥颉利入","0","2","2"
"厥颉利入侵","0","2","2"
"派皇太子及","0","2","2"
"皇太子及秦","0","2","2"
"太子及秦王","0","2","2"
"木栏杆围阻","0","2","2"
"栏杆围阻猎","0","2","2"
"杆围阻猎取","0","2","2"
"围阻猎取野","0","2","2"
"阻猎取野兽","0","2","2"
"皇上从宜州","0","2","2"
"齐王元吉为","0","2","2"
"求在泰山祭","0","2","2"
