"N-gram","原文","翻译","Total"
"同中书门下平章事","170","154","324"
"扬州大都督府长史","36","35","71"
"同凤阁鸾台平章事","37","25","62"
"年春正月一日是朔","0","41","41"
"春正月一日是朔日","0","41","41"
"潞州大都督府长史","16","18","34"
"任同中书门下三品","0","33","33"
"任同中书门下平章","0","29","29"
"任诸道盐铁转运使","0","23","23"
"诸道盐铁转运等使","20","2","22"
"亲自审查并记录囚","0","21","21"
"十一月一日是朔日","0","20","20"
"魏州大都督府长史","9","10","19"
"灵州大都督府长史","10","9","19"
"剑南西川节度副大","10","8","18"
"南西川节度副大使","10","8","18"
"荆州大都督府长史","9","9","18"
"旧同中书门下三品","15","3","18"
"益州大都督府长史","9","9","18"
"为检校左散骑常侍","0","18","18"
"以本职任同平章事","0","18","18"
"依旧同中书门下三","15","2","17"
"任山南东道节度使","0","17","17"
"自审查并记录囚徒","0","17","17"
"幽州大都督府长史","8","8","16"
"镇州大都督府长史","8","8","16"
"任山南西道节度使","0","16","16"
"节度观察处置等使","14","1","15"
"任同凤阁鸾台平章","0","15","15"
"陕州大都督府长史","7","7","14"
"充任山南东道节度","0","14","14"
"皇上亲自审查并记","0","14","14"
"上亲自审查并记录","0","14","14"
"秋七月一日是朔日","0","14","14"
"管内观察处置等使","13","0","13"
"等州都团练观察使","6","7","13"
"河阳三城怀州节度","7","6","13"
"阳三城怀州节度使","7","6","13"
"依旧任同中书门下","0","13","13"
"为检校尚书左仆射","0","13","13"
"本官同中书门下平","12","0","12"
"官同中书门下平章","12","0","12"
"充诸道盐铁转运使","11","1","12"
"浙西观察使李德裕","6","6","12"
"旧任同中书门下三","0","12","12"
"充任诸道盐铁转运","0","12","12"
"山南西道节度观察","6","5","11"
"绛慈隰等州节度使","5","6","11"
"等州观察处置等使","10","1","11"
"山南东道节度观察","9","2","11"
"任扬州大都督府长","0","11","11"
"并记录囚徒的罪状","0","11","11"
"派遣使者前来朝贡","0","11","11"
"中书门下同平章事","0","11","11"
"晋绛慈隰等州节度","5","5","10"
"充山南东道节度使","10","0","10"
"幽州卢龙军节度使","4","6","10"
"朔方节度使郭子仪","4","6","10"
"山南东道节度使李","5","5","10"
"任检校尚书右仆射","0","10","10"
"辖区内观察处置使","0","10","10"
"充任山南西道节度","0","10","10"
"皇上从九成宫到来","0","10","10"
"审查并记录囚徒罪","0","10","10"
"查并记录囚徒罪状","0","10","10"
"充任义成军节度使","0","10","10"
"主持博学宏词科考","0","10","10"
"持博学宏词科考试","0","10","10"
"道都团练观察等使","6","3","9"
"湖南都团练观察使","5","4","9"
"充山南西道节度使","9","0","9"
"淮西节度使李忠臣","4","5","9"
"加授开府仪同三司","2","7","9"
"昭义军节度副大使","3","6","9"
"前山南东道节度使","6","3","9"
"太子宾客分司东都","5","4","9"
"为同中书门下平章","0","9","9"
"在灵柩前即皇帝位","0","9","9"
"审查并记录囚徒的","0","9","9"
"查并记录囚徒的罪","0","9","9"
"兼任较低职务的度","0","9","9"
"任较低职务的度支","0","9","9"
"较低职务的度支使","0","9","9"
"博学宏词科考试选","0","9","9"
"学宏词科考试选拔","0","9","9"
"宏词科考试选拔人","0","9","9"
"词科考试选拔人才","0","9","9"
"魏博节度使田季安","4","4","8"
"幽州节度使李匡威","4","4","8"
"充诸道盐铁转运等","8","0","8"
"同中书门下三品张","4","4","8"
"同中书门下三品李","4","4","8"
"荆南节度使卫伯玉","4","4","8"
"西道都团练观察等","5","3","8"
"镇国军潼关防御使","4","4","8"
"河中晋绛慈隰等州","4","4","8"
"剑南西川节度观察","5","3","8"
"忠武军节度使李光","4","4","8"
"武军节度使李光颜","4","4","8"
"宣武军节度副大使","4","4","8"
"辽东道行军大总管","4","4","8"
"河中节度使王重荣","3","5","8"
"都任同中书门下三","0","8","8"
"任命翰林学士承旨","0","8","8"
"充任宣武军节度使","0","8","8"
"任剑南东川节度使","0","8","8"
"充任成德军节度使","0","8","8"
"充任剑南西川节度","0","8","8"
"任剑南西川节度使","0","8","8"
"冬十月一日是朔日","0","8","8"
"二年春正月一日是","0","8","8"
"夏四月一日是朔日","0","8","8"
"中书门下省同平章","0","8","8"
"书门下省同平章事","0","8","8"
"四面行营兵马都统","3","4","7"
"检校扬州大都督府","4","3","7"
"校扬州大都督府长","4","3","7"
"福建都团练观察使","4","3","7"
"中晋绛慈隰等州节","4","3","7"
"镇冀深赵等州观察","4","3","7"
"充山南东道节度观","7","0","7"
"交河道行军大总管","3","4","7"
"同紫微黄门平章事","4","3","7"
"朔方节度使李怀光","3","4","7"
"任检校尚书左仆射","0","7","7"
"都任同中书门下平","0","7","7"
"都任同凤阁鸾台平","0","7","7"
"中书门下平章事的","0","7","7"
"凭本官任同平章事","0","7","7"
"三年春正月一日是","0","7","7"
"州等州观察处置使","0","7","7"
"年正月一日是朔日","0","7","7"
"幽州节度使朱氵此","0","7","7"
"玄真大圣大兴孝皇","3","3","6"
"真大圣大兴孝皇帝","3","3","6"
"神尧大圣大光孝皇","3","3","6"
"尧大圣大光孝皇帝","3","3","6"
"高宗天皇大圣大弘","3","3","6"
"宗天皇大圣大弘孝","3","3","6"
"天皇大圣大弘孝皇","3","3","6"
"皇大圣大弘孝皇帝","3","3","6"
"左羽林大将军常元","3","3","6"
"羽林大将军常元楷","3","3","6"
"集贤殿崇文馆大学","3","3","6"
"贤殿崇文馆大学士","3","3","6"
"西川节度行军司马","3","3","6"
"道节度观察处置等","5","1","6"
"幽州节度使张允伸","3","3","6"
"南西道节度观察使","3","3","6"
"江南西道都团练观","3","3","6"
"南西道都团练观察","3","3","6"
"西山八国云南安抚","4","2","6"
"充剑南西川节度使","6","0","6"
"工部尚书独孤怀恩","3","3","6"
"龙武大将军陈玄礼","3","3","6"
"幽州节度使刘仁恭","3","3","6"
"淮南节度观察等使","5","1","6"
"河南副元帅李光弼","3","3","6"
"卢龙军节度副大使","3","3","6"
"成德军节度使王元","3","3","6"
"德军节度使王元逵","3","3","6"
"州行营都知兵马使","3","3","6"
"山南东道节度使严","3","3","6"
"南东道节度使严绶","3","3","6"
"成德军节度使王承","3","3","6"
"德军节度使王承宗","3","3","6"
"天平军节度使马总","3","3","6"
"为荆州大都督府长","0","6","6"
"书门下平章事的职","0","6","6"
"门下平章事的职衔","0","6","6"
"任幽州卢龙军节度","0","6","6"
"固安县公崔敦礼为","0","6","6"
"充任忠武军节度使","0","6","6"
"因特殊情况而赦免","0","6","6"
"文武官员五品以上","0","6","6"
"担任诸道盐铁转运","0","6","6"
"兼任潞州大都督府","0","6","6"
"任潞州大都督府长","0","6","6"
"皇上的车驾驻跸在","0","6","6"
"皇上派遣使者赈济","0","6","6"
"月亮进入太微星座","0","6","6"
"德裕检校兵部尚书","3","2","5"
"文武大圣大广孝皇","2","3","5"
"武大圣大广孝皇帝","2","3","5"
"左玉钤卫大将军李","3","2","5"
"玉钤卫大将军李孝","3","2","5"
"钤卫大将军李孝逸","3","2","5"
"剑南西川节度行军","3","2","5"
"南西川节度行军司","3","2","5"
"淄青节度使李正己","2","3","5"
"幽州卢龙节度留后","3","2","5"
"浙江西道都团练观","3","2","5"
"江西道都团练观察","3","2","5"
"河阳节度使乌重胤","2","3","5"
"丰州西城中城都防","3","2","5"
"州西城中城都防御","3","2","5"
"充剑南东川节度使","5","0","5"
"充幽州卢龙军节度","5","0","5"
"就加检校礼部尚书","5","0","5"
"寻加银青光禄大夫","5","0","5"
"节度副大使知节度","3","2","5"
"度副大使知节度事","3","2","5"
"山南东道节度副使","2","3","5"
"开元天宝圣文神武","2","3","5"
"食实封一千五百户","3","2","5"
"押新罗渤海两蕃等","5","0","5"
"新罗渤海两蕃等使","5","0","5"
"西道观察处置等使","5","0","5"
"扶危匡国致理功臣","3","2","5"
"魏博节度使罗绍威","2","3","5"
"河西节度使哥舒翰","2","3","5"
"河东节度使李光弼","2","3","5"
"泽潞节度使李抱玉","3","2","5"
"观军容宣慰处置使","3","2","5"
"昭义节度使李承昭","2","3","5"
"加同中书门下平章","5","0","5"
"湖南观察使沈传师","3","2","5"
"前山南西道节度使","4","1","5"
"山南东道节度使裴","2","3","5"
"南东道节度使裴度","2","3","5"
"中书门下平章事李","3","2","5"
"四镇北庭行军泾原","4","1","5"
"北庭行军泾原节度","3","2","5"
"庭行军泾原节度使","3","2","5"
"率文武百僚上徽号","5","0","5"
"文武百僚上徽号曰","5","0","5"
"西城中城都防御使","2","3","5"
"东川节度使李叔明","2","3","5"
"宣武军节度使韩弘","3","2","5"
"淄青节度使李师道","2","3","5"
"剑南东川节度使李","3","2","5"
"河中晋绛慈隰节度","3","2","5"
"中晋绛慈隰节度使","3","2","5"
"西川节度使李德裕","1","4","5"
"诸道盐铁转运使等","0","5","5"
"任命银青光禄大夫","0","5","5"
"任命昭义军节度使","0","5","5"
"加授银青光禄大夫","0","5","5"
"十三年春正月一日","0","5","5"
"任命义成军节度使","0","5","5"
"充任剑南东川节度","0","5","5"
"任检校左散骑常侍","0","5","5"
"任命宣武军节度使","0","5","5"
"以本官任同平章事","0","5","5"
"皇太子在灵柩前即","0","5","5"
"殿堂前檐下的平台","0","5","5"
"为父亲的继承人者","0","5","5"
"十一年春正月一日","0","5","5"
"都派遣使者前来朝","0","5","5"
"为检校尚书右仆射","0","5","5"
"充任武宁军节度使","0","5","5"
"文武九品以上官员","0","5","5"
"任命右金吾卫大将","0","5","5"
"命右金吾卫大将军","0","5","5"
"充任昭义军节度使","0","5","5"
"命山南东道节度使","0","5","5"
"没有应验的例证之","0","5","5"
"左散骑常侍张镐贬","2","2","4"
"刑部员外郎杨嗣复","2","2","4"
"礼部员外郎庾敬休","2","2","4"
"昭成顺圣皇后窦氏","2","2","4"
"检校安国相王府长","2","2","4"
"校安国相王府长史","2","2","4"
"左台御史大夫窦怀","2","2","4"
"台御史大夫窦怀贞","2","2","4"
"州大都督府长史李","2","2","4"
"骁卫大将军契苾何","4","0","4"
"卫大将军契苾何力","4","0","4"
"范阳节度使安禄山","2","2","4"
"开元天地大宝圣文","2","2","4"
"元天地大宝圣文神","2","2","4"
"天地大宝圣文神武","2","2","4"
"睿宗玄真大圣大兴","2","2","4"
"宗玄真大圣大兴孝","2","2","4"
"道大圣大明孝皇帝","2","2","4"
"太清宫修奉太庙等","2","2","4"
"清宫修奉太庙等使","2","2","4"
"浙江东道观察处置","2","2","4"
"东道观察处置等使","4","0","4"
"右龙武统军氏叔琮","2","2","4"
"祠部郎中知制诰张","2","2","4"
"部郎中知制诰张茂","2","2","4"
"郎中知制诰张茂枢","2","2","4"
"检校太子左中护戴","2","2","4"
"右威卫大将军薛仁","2","2","4"
"威卫大将军薛仁贵","2","2","4"
"逻娑道行军大总管","2","2","4"
"右卫员外大将军阿","2","2","4"
"卫员外大将军阿史","2","2","4"
"中书门下三品张文","2","2","4"
"同中书门下三品郝","2","2","4"
"中书门下三品郝处","2","2","4"
"书门下三品郝处俊","2","2","4"
"中书门下三品李敬","2","2","4"
"书门下三品李敬玄","2","2","4"
"工部尚书刘审礼等","2","2","4"
"部尚书刘审礼等十","2","2","4"
"尚书刘审礼等十二","2","2","4"
"书刘审礼等十二总","2","2","4"
"刘审礼等十二总管","2","2","4"
"大都护府突厥阿史","2","2","4"
"都护府突厥阿史德","2","2","4"
"护府突厥阿史德温","2","2","4"
"府突厥阿史德温傅","2","2","4"
"安西副都护王方翼","2","2","4"
"同中书门下同承受","2","2","4"
"中书门下同承受进","2","2","4"
"书门下同承受进止","2","2","4"
"门下同承受进止平","2","2","4"
"下同承受进止平章","2","2","4"
"同承受进止平章事","2","2","4"
"右羽林将军李慈等","2","2","4"
"尚书左丞相源乾曜","2","2","4"
"左威卫大将军程务","2","2","4"
"威卫大将军程务挺","2","2","4"
"右武威卫大将军沙","2","2","4"
"武威卫大将军沙吒","2","2","4"
"威卫大将军沙吒忠","2","2","4"
"卫大将军沙吒忠义","2","2","4"
"文明武德大圣大宣","2","2","4"
"明武德大圣大宣孝","2","2","4"
"武德大圣大宣孝皇","2","2","4"
"德大圣大宣孝皇帝","2","2","4"
"幽州卢龙等军节度","3","1","4"
"江西团练使魏少游","2","2","4"
"池等州都团练观察","2","2","4"
"福建观察使李承昭","2","2","4"
"管内营田观察处置","4","0","4"
"食邑一千户李宗闵","2","2","4"
"西受降城都防御使","2","2","4"
"节度管内观察处置","4","0","4"
"度管内观察处置等","4","0","4"
"检校刑部尚书卢简","2","2","4"
"校刑部尚书卢简求","2","2","4"
"冀深赵等州观察处","2","2","4"
"深赵等州观察处置","2","2","4"
"浙江西道观察等使","3","1","4"
"前淮南节度使李蔚","2","2","4"
"天下行营兵马都监","2","2","4"
"诸道行营兵马都统","2","2","4"
"南西川节度观察使","2","2","4"
"食邑一千五百户李","2","2","4"
"南东道节度观察处","4","0","4"
"东道节度观察处置","4","0","4"
"河阳三城怀孟节度","3","1","4"
"充剑南西川节度副","4","0","4"
"处置统押近界诸蛮","3","1","4"
"统押近界诸蛮西山","4","0","4"
"押近界诸蛮西山八","4","0","4"
"近界诸蛮西山八国","4","0","4"
"山八国云南安抚等","3","1","4"
"八国云南安抚等使","3","1","4"
"平昌县公宇文节加","2","2","4"
"昌县公宇文节加银","2","2","4"
"县公宇文节加银青","2","2","4"
"公宇文节加银青光","2","2","4"
"宇文节加银青光禄","2","2","4"
"文节加银青光禄大","2","2","4"
"节加银青光禄大夫","2","2","4"
"苏定方攻破西突厥","2","2","4"
"定方攻破西突厥沙","2","2","4"
"方攻破西突厥沙钵","2","2","4"
"攻破西突厥沙钵罗","2","2","4"
"燕国公志宁太子太","4","0","4"
"国公契苾何力辽东","4","0","4"
"司元太常伯窦德玄","2","2","4"
"太子右中护检校西","2","2","4"
"子右中护检校西台","2","2","4"
"右中护检校西台侍","2","2","4"
"中护检校西台侍郎","2","2","4"
"护检校西台侍郎乐","2","2","4"
"检校西台侍郎乐彦","2","2","4"
"校西台侍郎乐彦玮","2","2","4"
"永安郡公姜恪同东","2","2","4"
"安郡公姜恪同东西","2","2","4"
"郡公姜恪同东西台","2","2","4"
"公姜恪同东西台三","2","2","4"
"姜恪同东西台三品","2","2","4"
"唐邓节度使高霞寓","2","2","4"
"桂管都防御观察使","2","2","4"
"太子少保分司东都","2","2","4"
"淮南节度使李夷简","2","2","4"
"州都团练观察等使","3","1","4"
"时淮西节度使李忠","2","2","4"
"户部侍郎判度支卢","2","2","4"
"部侍郎判度支卢坦","2","2","4"
"武军节度副大使知","2","2","4"
"军节度副大使知节","2","2","4"
"左羽林大将军李多","2","2","4"
"羽林大将军李多祚","2","2","4"
"左金吾卫将军同正","2","2","4"
"太子先锋兵马元帅","2","2","4"
"西海道行军大总管","2","2","4"
"广州都督府长史唐","2","2","4"
"州都督府长史唐奉","2","2","4"
"都督府长史唐奉义","2","2","4"
"永兴文懿公虞世南","2","2","4"
"太子左庶子许敬宗","2","2","4"
"检校益州大都督府","2","2","4"
"校益州大都督府长","2","2","4"
"左散骑常侍贾膺福","2","2","4"
"金吾大将军程伯献","2","2","4"
"中书门下五品上诸","4","0","4"
"常赦所免者咸赦除","4","0","4"
"朔方道行军大总管","2","2","4"
"吐谷浑河源郡王慕","2","2","4"
"谷浑河源郡王慕容","2","2","4"
"浑河源郡王慕容诺","2","2","4"
"河源郡王慕容诺曷","2","2","4"
"源郡王慕容诺曷钵","2","2","4"
"陕东道大行台尚书","2","2","4"
"龟兹王诃黎布失毕","2","2","4"
"陇右节度使皇甫惟","2","2","4"
"右节度使皇甫惟明","2","2","4"
"希烈同中书门下平","2","2","4"
"烈同中书门下平章","2","2","4"
"陇右节度使哥舒翰","2","2","4"
"北海太守贺兰进明","2","2","4"
"益州道行台尚书令","2","2","4"
"蔡州四面行营兵马","2","2","4"
"州四面行营兵马都","2","2","4"
"圣文睿德光武弘孝","2","2","4"
"文睿德光武弘孝皇","2","2","4"
"睿德光武弘孝皇帝","2","2","4"
"充昭义节度副大使","4","0","4"
"剑南东川节度观察","3","1","4"
"幽州节度使李匡筹","2","2","4"
"浙江西道观察处置","2","2","4"
"岭南东道观察处置","2","2","4"
"宣武宣义天平护国","3","1","4"
"荆襄节度使赵匡凝","2","2","4"
"中书门下平章事张","2","2","4"
"乾封元年正月五日","2","2","4"
"杀司卫少卿武惟良","2","2","4"
"改万年宫依旧名九","2","2","4"
"万年宫依旧名九成","2","2","4"
"年宫依旧名九成宫","2","2","4"
"宅六千八百四十三","2","2","4"
"六千八百四十三区","2","2","4"
"田苗四千一百五十","2","2","4"
"苗四千一百五十顷","2","2","4"
"三十六万七千六百","2","2","4"
"十六万七千六百九","2","2","4"
"六万七千六百九十","2","2","4"
"万七千六百九十户","2","2","4"
"六月十三日夜降雨","2","2","4"
"屋一万四千三百九","2","2","4"
"一万四千三百九十","2","2","4"
"万四千三百九十区","2","2","4"
"田四千四百九十六","2","2","4"
"四千四百九十六顷","2","2","4"
"驾海道行军大总管","2","2","4"
"同东西台三品许敬","2","2","4"
"东西台三品许敬宗","2","2","4"
"吐蕃大将论钦陵所","2","2","4"
"赠鲁国忠烈太夫人","2","2","4"
"同东西台三品赵仁","2","2","4"
"东西台三品赵仁本","2","2","4"
"上问中书令阎立本","2","2","4"
"左监门大将军高侃","2","2","4"
"左金吾将军裴居道","2","2","4"
"燕山道总管李谨行","2","2","4"
"疏勒二国王入朝请","2","2","4"
"同中书门下三品刘","2","2","4"
"中书门下三品刘仁","2","2","4"
"书门下三品刘仁轨","2","2","4"
"鸡林道行军大总管","2","2","4"
"中书侍郎李义琰同","2","2","4"
"书侍郎李义琰同中","2","2","4"
"侍郎李义琰同中书","2","2","4"
"郎李义琰同中书门","2","2","4"
"李义琰同中书门下","2","2","4"
"义琰同中书门下三","2","2","4"
"琰同中书门下三品","2","2","4"
"黄门侍郎高智周同","2","2","4"
"门侍郎高智周同中","2","2","4"
"侍郎高智周同中书","2","2","4"
"郎高智周同中书门","2","2","4"
"高智周同中书门下","2","2","4"
"智周同中书门下三","2","2","4"
"周同中书门下三品","2","2","4"
"洮河道行军大总管","2","2","4"
"河道行军大总管中","2","2","4"
"道行军大总管中书","2","2","4"
"行军大总管中书令","2","2","4"
"军大总管中书令李","2","2","4"
"大总管中书令李敬","2","2","4"
"总管中书令李敬玄","2","2","4"
"左卫大将军刘审礼","2","2","4"
"卫大将军刘审礼等","2","2","4"
"侍臣中书舍人郭正","2","2","4"
"臣中书舍人郭正一","2","2","4"
"中书舍人郭正一等","2","2","4"
"吏部侍郎裴行俭讨","2","2","4"
"大都护长史萧嗣业","2","2","4"
"令将军曹怀舜率兵","2","2","4"
"故玉清观道士王远","2","2","4"
"玉清观道士王远知","2","2","4"
"逍遥谷道士潘师正","2","2","4"
"遥谷道士潘师正所","2","2","4"
"谷道士潘师正所居","2","2","4"
"河西镇抚大使李敬","2","2","4"
"西镇抚大使李敬玄","2","2","4"
"时左武卫将军黑齿","2","2","4"
"左武卫将军黑齿常","2","2","4"
"中郎将程务挺击破","2","2","4"
"中书门下三品张大","2","2","4"
"书门下三品张大安","2","2","4"
"苏州刺史曹王明封","2","2","4"
"裴行俭定襄道大总","4","0","4"
"行俭定襄道大总管","4","0","4"
"定襄道总管曹怀舜","2","2","4"
"裴行俭大破突厥史","2","2","4"
"行俭大破突厥史伏","2","2","4"
"俭大破突厥史伏念","2","2","4"
"金牙道行军大总管","2","2","4"
"军卫大将军薛仁贵","2","2","4"
"绥州部落稽白铁余","2","2","4"
"丰州都督崔智辨率","2","2","4"
"检校兵部尚书萧嵩","2","2","4"
"越古金轮圣神皇帝","2","2","4"
"令兵部尚书王思礼","2","2","4"
"关内节度使王思礼","2","2","4"
"乾元大圣光天文武","2","2","4"
"元大圣光天文武孝","2","2","4"
"大圣光天文武孝感","2","2","4"
"凤翔节度使李抱玉","2","2","4"
"陕州节度使皇甫温","2","2","4"
"永平军节度使李勉","2","2","4"
"成德军节度使李宝","2","2","4"
"德军节度使李宝臣","2","2","4"
"西川节度使杜元颖","2","2","4"
"山南东道节度使牛","2","2","4"
"南东道节度使牛元","2","2","4"
"东道节度使牛元翼","2","2","4"
"左金吾卫大将军李","2","2","4"
"西观察使李德裕奏","3","1","4"
"横海军节度使李全","2","2","4"
"海军节度使李全略","2","2","4"
"右金吾卫大将军高","2","2","4"
"西观察使李德裕上","1","3","4"
"山南东道行军司马","2","2","4"
"中书门下平章事乌","2","2","4"
"山南西道节度使王","2","2","4"
"诸道盐铁转运使王","2","2","4"
"翰林侍讲学士郑覃","2","2","4"
"元略检校吏部尚书","2","2","4"
"四年十一月十六日","2","2","4"
"食邑七百户李德裕","2","2","4"
"武军节度使王智兴","2","2","4"
"湖南观察使卢周仁","2","2","4"
"南观察使卢周仁进","2","2","4"
"左卫率府胄曹参军","2","2","4"
"河阳三城节度使李","2","2","4"
"赐群臣宴马璘山池","4","0","4"
"镇北庭行军泾原节","3","1","4"
"欠一百五十万五千","2","2","4"
"一百五十万五千七","2","2","4"
"百五十万五千七百","2","2","4"
"州大都督府左司马","2","2","4"
"检校尚书右仆射王","2","2","4"
"淮宁军节度使李希","2","2","4"
"宁军节度使李希烈","2","2","4"
"淮南节度使陈少游","2","2","4"
"北庭行营兵马副元","2","2","4"
"庭行营兵马副元帅","2","2","4"
"浙西观察使白志贞","2","2","4"
"大都督鸡林州诸军","2","2","4"
"都督鸡林州诸军事","2","2","4"
"淮西节度使吴少阳","2","2","4"
"西川节度使李夷简","2","2","4"
"金吾大将军胡证充","2","2","4"
"河阳节度使王茂元","2","2","4"
"二百三十七万五千","2","2","4"
"一千五百七十六万","2","2","4"
"幽州卢龙军节度副","2","2","4"
"州卢龙军节度副大","2","2","4"
"前天平军节度使马","2","2","4"
"昭义军节度使刘悟","1","3","4"
"河东节度使裴度充","1","3","4"
"凤翔节度使李光颜","2","2","4"
"右金吾卫大将军范","2","2","4"
"金吾卫大将军范希","2","2","4"
"吾卫大将军范希朝","2","2","4"
"中书门下御史台五","2","2","4"
"书门下御史台五品","2","2","4"
"文德顺圣长孙皇后","2","2","4"
"开府仪同三司同中","2","2","4"
"府仪同三司同中书","2","2","4"
"仪同三司同中书门","2","2","4"
"同三司同中书门下","2","2","4"
"三司同中书门下三","2","2","4"
"司同中书门下三品","2","2","4"
"中书侍郎柳奭中书","4","0","4"
"武候大将军梁建方","2","2","4"
"弓月道总管梁建方","2","2","4"
"御史中丞游楚客等","2","2","4"
"上问户部尚书高履","2","2","4"
"问户部尚书高履行","2","2","4"
"徐王元礼加授司徒","2","2","4"
"扬州都督府长史房","2","2","4"
"州都督府长史房仁","2","2","4"
"都督府长史房仁裕","2","2","4"
"黄门侍郎颍川县公","2","2","4"
"门侍郎颍川县公韩","2","2","4"
"侍郎颍川县公韩瑗","2","2","4"
"京兆百姓四万一千","2","2","4"
"兆百姓四万一千人","2","2","4"
"卢国公程知节等五","2","2","4"
"国公程知节等五将","2","2","4"
"公程知节等五将军","2","2","4"
"尚药奉御蒋孝璋员","2","2","4"
"药奉御蒋孝璋员外","2","2","4"
"淄州高苑县吴文威","2","2","4"
"州高苑县吴文威妻","2","2","4"
"高苑县吴文威妻魏","2","2","4"
"苑县吴文威妻魏氏","2","2","4"
"县吴文威妻魏氏一","2","2","4"
"应国夫人杨氏改封","2","2","4"
"葱山道大总管程知","2","2","4"
"山道大总管程知节","2","2","4"
"弘文馆学士许敬宗","2","2","4"
"左卫大将军程知节","2","2","4"
"贺鲁所部歌逻禄获","2","2","4"
"鲁所部歌逻禄获剌","2","2","4"
"所部歌逻禄获剌颉","2","2","4"
"部歌逻禄获剌颉发","2","2","4"
"左屯卫大将军程知","2","2","4"
"屯卫大将军程知节","2","2","4"
"右屯卫将军苏定方","2","2","4"
"屯卫将军苏定方等","2","2","4"
"卫将军苏定方等四","2","2","4"
"中书侍郎李友益除","2","2","4"
"同中书门下三品卢","2","2","4"
"中书门下三品卢承","2","2","4"
"书门下三品卢承庆","2","2","4"
"四万四千六百四十","2","2","4"
"万四千六百四十六","2","2","4"
"四千六百四十六人","2","2","4"
"司礼少常伯孙茂道","2","2","4"
"礼少常伯孙茂道奏","2","2","4"
"少常伯孙茂道奏称","2","2","4"
"西台侍郎上官仪同","2","2","4"
"台侍郎上官仪同东","2","2","4"
"侍郎上官仪同东西","2","2","4"
"郎上官仪同东西台","2","2","4"
"左武卫大将军郑仁","2","2","4"
"武卫大将军郑仁泰","2","2","4"
"卫大将军郑仁泰等","2","2","4"
"司列太常伯李义府","2","2","4"
"广陵郡公宇文孝伯","2","2","4"
"杀西台侍郎上官仪","2","2","4"
"检校右中护刘仁轨","2","2","4"
"太子左庶子刘仁轨","2","2","4"
"子左庶子刘仁轨同","2","2","4"
"左庶子刘仁轨同中","2","2","4"
"庶子刘仁轨同中书","2","2","4"
"子刘仁轨同中书门","2","2","4"
"刘仁轨同中书门下","2","2","4"
"仁轨同中书门下三","2","2","4"
"轨同中书门下三品","2","2","4"
"营州都督周道务等","2","2","4"
"将军赵孝祖大破白","2","2","4"
"军赵孝祖大破白水","2","2","4"
"赵孝祖大破白水蛮","2","2","4"
"孝祖大破白水蛮大","2","2","4"
"祖大破白水蛮大勃","2","2","4"
"大破白水蛮大勃律","2","2","4"
"节度支度营田观察","2","2","4"
"昭义节度使李抱真","2","2","4"
"陈许节度使李光颜","1","3","4"
"东南道行台尚书令","2","2","4"
"并州大都督府长史","0","4","4"
"是同中书门下三品","0","4","4"
"骁卫大将军契艹必","0","4","4"
"卫大将军契艹必何","0","4","4"
"大将军契艹必何力","0","4","4"
"任命开府仪同三司","0","4","4"
"任河阳三城节度使","0","4","4"
"充任集贤殿大学士","0","4","4"
"充任诸道兵马元帅","0","4","4"
"任凤阁鸾台平章事","0","4","4"
"十二月一日是朔日","0","4","4"
"兼任扬州大都督府","0","4","4"
"充任义武军节度使","0","4","4"
"以山南东道节度使","0","4","4"
"任命忠武军节度使","0","4","4"
"任检校右散骑常侍","0","4","4"
"任命剑南西川节度","0","4","4"
"充任幽州卢龙军节","0","4","4"
"河南郡公褚遂良为","0","4","4"
"凉国公契艹必何力","0","4","4"
"国公契艹必何力为","0","4","4"
"担任山南东道节度","0","4","4"
"兼任诸道盐铁转运","0","4","4"
"加封银青光禄大夫","0","4","4"
"任益州大都督府长","0","4","4"
"这是不能执行的原","0","4","4"
"是不能执行的原因","0","4","4"
"不能执行的原因之","0","4","4"
"主持编撰本朝历史","0","4","4"
"太子在灵柩前即皇","0","4","4"
"子在灵柩前即皇帝","0","4","4"
"中书门下五品以上","0","4","4"
"皇上亲自祭祀明堂","0","4","4"
"州大都督但不到任","0","4","4"
"自审查并记录囚犯","0","4","4"
"赞阝国公萧至忠为","0","4","4"
"皇上驾到新丰之温","0","4","4"
"不能赦免者都加以","0","4","4"
"能赦免者都加以赦","0","4","4"
"赦免者都加以赦免","0","4","4"
"三品以上官员赐爵","0","4","4"
"皇上驾临武德殿接","0","4","4"
"上驾临武德殿接受","0","4","4"
"龟兹王白素稽贡献","0","4","4"
"年春正月二十三日","0","4","4"
"上派遣使者赈济抚","0","4","4"
"派遣使者赈济抚恤","0","4","4"
"改第二年正月一日","0","4","4"
"第二年正月一日为","0","4","4"
"裴行俭为定襄道大","0","4","4"
"行俭为定襄道大总","0","4","4"
"俭为定襄道大总管","0","4","4"
"元年正月一日是朔","0","4","4"
"圆丘祭祀昊天上帝","0","4","4"
"四年春正月一日是","0","4","4"
"以右金吾卫大将军","0","4","4"
"昭义节度使刘从谏","0","4","4"
"任凤翔陇右节度使","0","4","4"
"为灵州大都督府长","0","4","4"
"等主持博学宏词科","0","4","4"
"暂时掌管礼部贡举","0","4","4"
"率领文武百官向皇","0","4","4"
"领文武百官向皇帝","0","4","4"
"文武百官向皇帝敬","0","4","4"
"皇上驾临宣政殿接","0","4","4"
"上驾临宣政殿接受","0","4","4"
"检校右仆射的职衔","0","4","4"
"主持礼部科举考试","0","4","4"
"任魏州大都督府长","0","4","4"
"任命山南东道节度","0","4","4"
"军节度使李光颜为","0","4","4"
"加授检校工部尚书","0","4","4"
"中书侍郎柳为中书","0","4","4"
"临殿堂前檐下的平","0","4","4"
"文武官员九品以上","0","4","4"
"一次生下四个儿子","0","4","4"
"这是禄命书没有应","0","4","4"
"是禄命书没有应验","0","4","4"
"禄命书没有应验的","0","4","4"
"命书没有应验的例","0","4","4"
"书没有应验的例证","0","4","4"
"断定没有官职爵位","0","4","4"
"州大都督府长史皇","2","1","3"
"大都督府长史皇甫","2","1","3"
"州大都督府长史张","1","2","3"
"右骁卫大将军契苾","3","0","3"
"魏博节度使罗弘信","1","2","3"
"河南节度使崔光远","1","2","3"
"山南东道诸节度行","2","1","3"
"南东道诸节度行营","2","1","3"
"州卢龙等军节度使","2","1","3"
"幅盘绦缭绫一千匹","1","2","3"
"柳公绰检校左仆射","3","0","3"
"食实封三百户裴度","2","1","3"
"陕虢都防御观察使","2","1","3"
"河东节度管内观察","3","0","3"
"东节度管内观察处","3","0","3"
"河东节度观察等使","3","0","3"
"充湖南都团练观察","3","0","3"
"节度度支营田观察","3","0","3"
"夏绥银等州节度使","3","0","3"
"赐紫金鱼袋夏侯孜","2","1","3"
"西道都团练观察处","2","1","3"
"道都团练观察处置","2","1","3"
"本管经略招讨处置","3","0","3"
"管经略招讨处置等","3","0","3"
"经略招讨处置等使","3","0","3"
"镇冀深赵观察等使","2","1","3"
"赐紫金鱼袋刘彖","3","0","3"
"都团练观察处置等","2","1","3"
"团练观察处置等使","2","1","3"
"阳三城怀孟节度使","2","1","3"
"管内度支营田观察","2","1","3"
"置统押近界诸蛮西","3","0","3"
"界诸蛮西山八国云","3","0","3"
"诸蛮西山八国云南","3","0","3"
"蛮西山八国云南安","3","0","3"
"魏博节度使田弘正","1","2","3"
"持危启运保乂功臣","3","0","3"
"进阶开府仪同三司","3","0","3"
"荆南节度观察等使","2","1","3"
"累加开府仪同三司","3","0","3"
"文武大圣广孝皇帝","2","1","3"
"充山南西道节度观","3","0","3"
"汴宋亳颍等州观察","2","1","3"
"宋亳颍等州观察处","2","1","3"
"亳颍等州观察处置","2","1","3"
"张行成尚书右仆射","3","0","3"
"功加银青光禄大夫","2","1","3"
"遂良左授同州刺史","3","0","3"
"上子父后者赐勋一","3","0","3"
"勣辽东道行军大总","3","0","3"
"知尚书门下二省事","3","0","3"
"文武三品上赐爵一","3","0","3"
"书门下五品上诸司","3","0","3"
"门下五品上诸司长","3","0","3"
"下五品上诸司长官","3","0","3"
"官三品上赐爵一级","3","0","3"
"河道行军大总管侯","1","2","3"
"道行军大总管侯君","1","2","3"
"行军大总管侯君集","1","2","3"
"乡一万六千八百二","2","1","3"
"一万六千八百二十","2","1","3"
"万六千八百二十九","2","1","3"
"元天宝圣文神武应","1","2","3"
"天宝圣文神武应道","1","2","3"
"太宗文武大圣大广","1","2","3"
"宗文武大圣大广孝","1","2","3"
"沧州节度使卢彦威","1","2","3"
"镇海军节度使钱镠","3","0","3"
"同州节度使王行实","1","2","3"
"四面行营都招讨使","2","1","3"
"镇国军节度使韩建","1","2","3"
"江东西道观察处置","2","1","3"
"回天造竭忠守正功","3","0","3"
"天造竭忠守正功臣","3","0","3"
"武宣义天平护国等","3","0","3"
"宣义天平护国等军","3","0","3"
"义天平护国等军节","3","0","3"
"天平护国等军节度","3","0","3"
"三年春正月戊辰朔","3","0","3"
"二年春正月甲午朔","3","0","3"
"州大都督府长史王","2","1","3"
"山南东道襄邓等十","2","1","3"
"南东道襄邓等十州","2","1","3"
"东道襄邓等十州节","2","1","3"
"道襄邓等十州节度","2","1","3"
"太常博士柳伉上疏","2","1","3"
"任灵州大都督府长","1","2","3"
"渭北节度使李光进","1","2","3"
"汴宋节度使田神功","2","1","3"
"南西川节度观察等","2","1","3"
"西川节度观察等使","2","1","3"
"滑亳节度使令狐彰","2","1","3"
"河东等十州户税入","2","1","3"
"东等十州户税入奉","2","1","3"
"权知幽州卢龙节度","2","1","3"
"知幽州卢龙节度留","2","1","3"
"御史大夫李栖筠弹","1","2","3"
"等州节度观察等使","3","0","3"
"官绫绢三千五百匹","2","1","3"
"金吾卫大将军李祐","3","0","3"
"翰林学士韦处厚上","1","2","3"
"南观察使沈传师奏","2","1","3"
"金吾卫大将军同正","2","1","3"
"书门下平章事乌重","1","2","3"
"门下平章事乌重胤","1","2","3"
"右金吾卫大将军李","2","1","3"
"贬剑南西川节度使","2","1","3"
"令狐楚检校右仆射","2","1","3"
"崔元略检校吏部尚","1","2","3"
"郓曹濮等州观察使","1","2","3"
"幽州节度使杨志诚","2","1","3"
"李德裕检校兵部尚","1","2","3"
"守左金吾卫大将军","2","1","3"
"左右神策观军容使","1","2","3"
"郓州大都督府长史","1","2","3"
"两省供奉官宴曲江","3","0","3"
"河东节度营田观察","2","1","3"
"东畿汝州都防御使","1","2","3"
"汴州节度使李万荣","1","2","3"
"泽潞磁邢洺观察使","3","0","3"
"大同军防御使卢简","1","2","3"
"同军防御使卢简方","1","2","3"
"南西道节度观察等","2","1","3"
"西道节度观察等使","2","1","3"
"天德军丰州西城中","2","1","3"
"德军丰州西城中城","2","1","3"
"军丰州西城中城都","2","1","3"
"淮南节度使高骈诸","2","1","3"
"南节度使高骈诸道","2","1","3"
"兴元节度使石君涉","1","2","3"
"晋绛都防御观察使","2","1","3"
"宣武军节度使刘洽","1","2","3"
"幽州卢龙节度副大","2","1","3"
"州卢龙节度副大使","2","1","3"
"节度使王锷检校司","3","0","3"
"东道节度使严绶充","2","1","3"
"密等州都团练观察","2","1","3"
"令山南东道节度使","1","2","3"
"授左武卫将军同正","2","1","3"
"授官银青光禄大夫","1","2","3"
"河东节度使裴度三","2","1","3"
"德大圣大安孝皇帝","1","2","3"
"西川行军司马刘辟","1","2","3"
"镇州行营招讨处置","1","2","3"
"州行营招讨处置等","1","2","3"
"行营招讨处置等使","1","2","3"
"京官文武职事四品","1","2","3"
"州节度观察处置使","1","2","3"
"为扬州大都督府长","0","3","3"
"右骁卫大将军契艹","0","3","3"
"二年春正月十六日","0","3","3"
"齐国公长孙无忌为","0","3","3"
"决定金紫光禄大夫","0","3","3"
"充任河阳三城节度","0","3","3"
"人都任同中书门下","0","3","3"
"任命为同中书门下","0","3","3"
"命为同中书门下平","0","3","3"
"任同凤阁鸾台三品","0","3","3"
"还任同中书门下平","0","3","3"
"柳公绰为检校左仆","0","3","3"
"公绰为检校左仆射","0","3","3"
"任原山南西道节度","0","3","3"
"原山南西道节度使","0","3","3"
"李德裕为太子宾客","0","3","3"
"李德裕为检校户部","0","3","3"
"德裕为检校户部尚","0","3","3"
"裕为检校户部尚书","0","3","3"
"为陕州大都督府长","0","3","3"
"区内观察处置使等","0","3","3"
"任命河东节度使裴","0","3","3"
"任命前淮南节度使","0","3","3"
"为左金吾卫大将军","0","3","3"
"充任湖南都团练观","0","3","3"
"任湖南都团练观察","0","3","3"
"以山南西道节度使","0","3","3"
"兼扬州大都督府长","0","3","3"
"赐紫金鱼袋崔慎由","0","3","3"
"本管辖区内经略使","0","3","3"
"赐紫金鱼袋刘王彖","0","3","3"
"命剑南西川节度使","0","3","3"
"兼任幽州大都督府","0","3","3"
"任幽州大都督府长","0","3","3"
"任命凤翔节度使李","0","3","3"
"任剑南西川节度副","0","3","3"
"命令左骁卫大将军","0","3","3"
"充任翰林侍讲学士","0","3","3"
"加授检校礼部尚书","0","3","3"
"加官银青光禄大夫","0","3","3"
"加授金紫光禄大夫","0","3","3"
"奏请朝廷委任他为","0","3","3"
"标示五品以上官阶","0","3","3"
"示五品以上官阶的","0","3","3"
"五品以上官阶的绯","0","3","3"
"升为开府仪同三司","0","3","3"
"世代享受特权的铁","0","3","3"
"川节度使李德裕奏","0","3","3"
"上表请求告老还乡","0","3","3"
"当时淮西节度使李","0","3","3"
"颍等州观察处置使","0","3","3"
"只是保住了自己的","0","3","3"
"是保住了自己的性","0","3","3"
"保住了自己的性命","0","3","3"
"光禄大夫的荣誉职","0","3","3"
"光禄大夫之荣誉职","0","3","3"
"加封开府仪同三司","0","3","3"
"为辽东道行军大总","0","3","3"
"肖像陈列在专为表","0","3","3"
"像陈列在专为表彰","0","3","3"
"陈列在专为表彰功","0","3","3"
"列在专为表彰功臣","0","3","3"
"安葬在太宗为自己","0","3","3"
"葬在太宗为自己预","0","3","3"
"在太宗为自己预先","0","3","3"
"收纳一千三百户租","0","3","3"
"纳一千三百户租税","0","3","3"
"国公长孙无忌等人","0","3","3"
"同中书门下三品的","0","3","3"
"都给予银青光禄大","0","3","3"
"给予银青光禄大夫","0","3","3"
"予银青光禄大夫的","0","3","3"
"银青光禄大夫的加","0","3","3"
"青光禄大夫的加官","0","3","3"
"物品各有等级差别","0","3","3"
"年春正月二十一日","0","3","3"
"皇上驾到安乐公主","0","3","3"
"使者赈济抚恤他们","0","3","3"
"文武官员三品以上","0","3","3"
"上驾到新丰之温汤","0","3","3"
"文武三品以上官员","0","3","3"
"五品以上各司长官","0","3","3"
"成为父亲的继承人","0","3","3"
"设置太子左右谕德","0","3","3"
"栏遮拦野兽而打猎","0","3","3"
"皇上从九成宫回来","0","3","3"
"陈设酒食以祭祀先","0","3","3"
"设酒食以祭祀先圣","0","3","3"
"酒食以祭祀先圣先","0","3","3"
"食以祭祀先圣先师","0","3","3"
"赵国公长孙无忌为","0","3","3"
"赵国公长孙无忌等","0","3","3"
"梁国公房玄龄为太","0","3","3"
"英国公李责力为辽","0","3","3"
"国公李责力为辽东","0","3","3"
"因特殊情况赦免并","0","3","3"
"特殊情况赦免并州","0","3","3"
"法令所不能赦免者","0","3","3"
"令所不能赦免者都","0","3","3"
"五品以上成为父亲","0","3","3"
"授为开府仪同三司","0","3","3"
"省四品以上的官员","0","3","3"
"充任义昌军节度使","0","3","3"
"驾临武德殿接受朝","0","3","3"
"临武德殿接受朝贺","0","3","3"
"晋绛慈隰等州观察","0","3","3"
"镇海军节度使钱霮","0","3","3"
"请求皇上的车驾返","0","3","3"
"求皇上的车驾返回","0","3","3"
"充任清海军节度使","0","3","3"
"任命金紫光禄大夫","0","3","3"
"暂掌礼部贡举事务","0","3","3"
"皇上的车驾驻跸于","0","3","3"
"二月初一为壬申日","0","3","3"
"回天再造竭忠守正","0","3","3"
"天再造竭忠守正功","0","3","3"
"再造竭忠守正功臣","0","3","3"
"皇上在崇勋殿宴请","0","3","3"
"任右金吾卫大将军","0","3","3"
"武九品以上官员及","0","3","3"
"皇上在麟德殿宴请","0","3","3"
"改仪凤四年为调露","0","3","3"
"仪凤四年为调露元","0","3","3"
"凤四年为调露元年","0","3","3"
"衙门三品以上官员","0","3","3"
"陈设酒食以祭奠先","0","3","3"
"设酒食以祭奠先圣","0","3","3"
"酒食以祭奠先圣先","0","3","3"
"食以祭奠先圣先师","0","3","3"
"令皇太子代行国政","0","3","3"
"诏命皇太子代理国","0","3","3"
"命皇太子代理国政","0","3","3"
"从去年秋天到这月","0","3","3"
"去年秋天到这月不","0","3","3"
"年秋天到这月不下","0","3","3"
"秋天到这月不下雨","0","3","3"
"徒刑以下罪犯都宽","0","3","3"
"刑以下罪犯都宽恕","0","3","3"
"十二年春正月一日","0","3","3"
"令文武官员五品以","0","3","3"
"国都派遣使者前来","0","3","3"
"国派遣使者前来朝","0","3","3"
"在圆丘祭祀昊天上","0","3","3"
"元年春正月一日是","0","3","3"
"为剑南东川节度使","0","3","3"
"予检校工部尚书的","0","3","3"
"检校工部尚书的加","0","3","3"
"校工部尚书的加官","0","3","3"
"五年春正月一日是","0","3","3"
"六年春正月一日是","0","3","3"
"七年春正月一日是","0","3","3"
"并充任岭南节度使","0","3","3"
"九年春正月一日是","0","3","3"
"十年春正月一日是","0","3","3"
"予同中书门下平章","0","3","3"
"吏部尚书刘晏审讯","0","3","3"
"并充任山南东道节","0","3","3"
"以前任江西观察使","0","3","3"
"出任天平军节度使","0","3","3"
"职同中书门下平章","0","3","3"
"百官在曲江亭宴会","0","3","3"
"六韵十二句赐给群","0","3","3"
"韵十二句赐给群臣","0","3","3"
"职务较低的度支使","0","3","3"
"州升格为大都督府","0","3","3"
"任命吏部侍郎萧亻","0","3","3"
"命吏部侍郎萧亻放","0","3","3"
"以本职任中书门下","0","3","3"
"本职任中书门下同","0","3","3"
"职任中书门下同平","0","3","3"
"任中书门下同平章","0","3","3"
"除了十恶不赦的忤","0","3","3"
"了十恶不赦的忤逆","0","3","3"
"十恶不赦的忤逆大","0","3","3"
"恶不赦的忤逆大罪","0","3","3"
"中书门下两省的官","0","3","3"
"书门下两省的官员","0","3","3"
"任命吏部尚书萧邺","0","3","3"
"任淮南节度副大使","0","3","3"
"武百官向皇帝敬奉","0","3","3"
"任命吏部尚书郑从","0","3","3"
"命吏部尚书郑从谠","0","3","3"
"河东节度使李克用","0","3","3"
"驾临宣政殿接受册","0","3","3"
"吐蕃宰相尚结赞在","0","3","3"
"给实际封户五百户","0","3","3"
"李怀光太子太保的","0","3","3"
"本管区经略招讨使","0","3","3"
"中书门下省上奏说","0","3","3"
"东节度使裴度充任","0","3","3"
"王叔文交往密切而","0","3","3"
"叔文交往密切而获","0","3","3"
"文交往密切而获罪","0","3","3"
"昭义节度使卢从史","0","3","3"
"每收纳实际封户一","0","3","3"
"收纳实际封户一百","0","3","3"
"纳实际封户一百户","0","3","3"
"实际封户一百户的","0","3","3"
"际封户一百户的赋","0","3","3"
"封户一百户的赋税","0","3","3"
"赠申国公高士廉为","0","3","3"
"申国公高士廉为司","0","3","3"
"国公高士廉为司徒","0","3","3"
"赠蒋国公屈突通为","0","3","3"
"蒋国公屈突通为左","0","3","3"
"国公屈突通为左仆","0","3","3"
"公屈突通为左仆射","0","3","3"
"都可在太宗庙庭配","0","3","3"
"可在太宗庙庭配祭","0","3","3"
"平昌县公宇文节发","0","3","3"
"昌县公宇文节发配","0","3","3"
"县公宇文节发配到","0","3","3"
"公宇文节发配到桂","0","3","3"
"宇文节发配到桂州","0","3","3"
"文节发配到桂州充","0","3","3"
"节发配到桂州充军","0","3","3"
"英国公李责力为司","0","3","3"
"国公李责力为司空","0","3","3"
"高阳郡公许敬宗为","0","3","3"
"二年春正月十五日","0","3","3"
"此为元稹不可降职","0","3","3"
"为元稹不可降职的","0","3","3"
"元稹不可降职的理","0","3","3"
"稹不可降职的理由","0","3","3"
"不可降职的理由之","0","3","3"
"元略任刑部郎中知","1","1","2"
"略任刑部郎中知杂","1","1","2"
"试都水使者崔昌等","1","1","2"
"都水使者崔昌等九","1","1","2"
"水使者崔昌等九人","1","1","2"
"左武卫兵曹参军焦","1","1","2"
"驸马都尉薛履谦赐","1","1","2"
"散骑常侍张镐贬辰","2","0","2"
"骑常侍张镐贬辰州","2","0","2"
"常侍张镐贬辰州司","2","0","2"
"侍张镐贬辰州司户","2","0","2"
"襄阳节度使牛元翼","1","1","2"
"西山八国云南招抚","1","1","2"
"山八国云南招抚等","1","1","2"
"八国云南招抚等使","1","1","2"
"时魏博节度使田季","1","1","2"
"博节度使田季安进","1","1","2"
"节度使田季安进绢","1","1","2"
"度使田季安进绢五","1","1","2"
"使田季安进绢五千","1","1","2"
"田季安进绢五千匹","1","1","2"
"持节朔方行军大总","1","1","2"
"节朔方行军大总管","1","1","2"
"右散骑常侍崔希逸","1","1","2"
"散骑常侍崔希逸代","1","1","2"
"检校左仆射知省事","1","1","2"
"剑南西川兵马使崔","1","1","2"
"南西川兵马使崔旰","1","1","2"
"西川兵马使崔旰杀","1","1","2"
"剑南西川行军司马","1","1","2"
"成顺圣皇后窦氏生","1","1","2"
"顺圣皇后窦氏生玄","1","1","2"
"圣皇后窦氏生玄宗","1","1","2"
"肃明顺圣皇后刘氏","1","1","2"
"明顺圣皇后刘氏生","1","1","2"
"宫人柳氏生惠庄太","1","1","2"
"人柳氏生惠庄太子","1","1","2"
"崔孺人生惠文太子","1","1","2"
"王德妃生惠宣太子","1","1","2"
"袁恕己同凤阁鸾台","1","1","2"
"恕己同凤阁鸾台三","1","1","2"
"己同凤阁鸾台三品","1","1","2"
"检校中书令韦安石","1","1","2"
"加皇帝尊号曰应天","1","1","2"
"尚书右仆射中书令","2","0","2"
"齐国公魏元忠尚书","2","0","2"
"魏元忠尚书左仆射","1","1","2"
"检校洛州长史张仁","1","1","2"
"上皇帝尊号曰应天","1","1","2"
"皇帝尊号曰应天神","1","1","2"
"帝尊号曰应天神龙","1","1","2"
"皇后尊号曰顺天翊","1","1","2"
"后尊号曰顺天翊圣","1","1","2"
"朔方道行营大总管","1","1","2"
"右监门大将军薛简","1","1","2"
"依旧同中书门下平","2","0","2"
"旧同中书门下平章","2","0","2"
"窦怀贞左台御史大","2","0","2"
"怀贞左台御史大夫","2","0","2"
"检校左台御史大夫","1","1","2"
"校左台御史大夫窦","1","1","2"
"曰玄真大圣大兴孝","1","1","2"
"大都督府长史李袭","1","1","2"
"都督府长史李袭誉","1","1","2"
"大都督府长史张亮","1","1","2"
"凉州大都督李大亮","1","1","2"
"太子左庶子杜正伦","1","1","2"
"褒国公段志玄击吐","1","1","2"
"国公段志玄击吐谷","1","1","2"
"公段志玄击吐谷浑","1","1","2"
"右卫大将军李大亮","1","1","2"
"太子少詹事张行成","1","1","2"
"太子右庶子高季辅","1","1","2"
"子右庶子高季辅五","1","1","2"
"右庶子高季辅五人","1","1","2"
"庶子高季辅五人同","1","1","2"
"子高季辅五人同掌","1","1","2"
"左骁卫大将军阿史","1","1","2"
"右相李林甫加尚书","1","1","2"
"相李林甫加尚书左","1","1","2"
"李林甫加尚书左仆","1","1","2"
"林甫加尚书左仆射","1","1","2"
"南海太守刘巨鳞击","1","1","2"
"海太守刘巨鳞击破","1","1","2"
"太守刘巨鳞击破海","1","1","2"
"守刘巨鳞击破海贼","1","1","2"
"刘巨鳞击破海贼吴","1","1","2"
"巨鳞击破海贼吴令","1","1","2"
"鳞击破海贼吴令光","1","1","2"
"阳节度使安禄山赐","1","1","2"
"尊号开元天地大宝","2","0","2"
"号开元天地大宝圣","2","0","2"
"地大宝圣文神武应","1","1","2"
"大宝圣文神武应道","1","1","2"
"宝圣文神武应道皇","1","1","2"
"圣文神武应道皇帝","1","1","2"
"曰神尧大圣大光孝","1","1","2"
"曰太宗文武大圣大","1","1","2"
"曰高宗天皇大圣大","1","1","2"
"曰睿宗玄真大圣大","1","1","2"
"羽林大将军王承业","1","1","2"
"贾深等杀贼将李钦","1","1","2"
"剑南节度留后崔圆","1","1","2"
"江南西路等节度大","1","1","2"
"南西路等节度大使","1","1","2"
"群臣奉上皇尊号曰","1","1","2"
"臣奉上皇尊号曰太","1","1","2"
"奉上皇尊号曰太上","1","1","2"
"太穆顺圣皇后窦氏","1","1","2"
"太子左庶子高士廉","1","1","2"
"太原四面行营兵马","1","1","2"
"原四面行营兵马都","1","1","2"
"云州防御使赫连铎","1","1","2"
"李克邠宁四面行营","2","0","2"
"克邠宁四面行营都","2","0","2"
"太原郡开国公王抟","1","1","2"
"江东道观察处置等","2","0","2"
"食邑一千五百户陆","1","1","2"
"户部郎中知制诰封","1","1","2"
"部郎中知制诰封舜","1","1","2"
"郎中知制诰封舜卿","1","1","2"
"中知制诰封舜卿等","1","1","2"
"知制诰封舜卿等加","1","1","2"
"左金吾上将军卢彦","1","1","2"
"金吾上将军卢彦威","1","1","2"
"食邑五百户独孤损","1","1","2"
"食邑一千五百户崔","1","1","2"
"邑一千五百户崔远","1","1","2"
"赐紫金鱼袋张文蔚","1","1","2"
"左龙武统军张慎思","1","1","2"
"膳部员外知制诰杜","1","1","2"
"部员外知制诰杜晓","1","1","2"
"校太子左中护戴德","2","0","2"
"卫大将军薛仁贵逻","2","0","2"
"大将军薛仁贵逻娑","2","0","2"
"将军薛仁贵逻娑道","2","0","2"
"军薛仁贵逻娑道行","2","0","2"
"薛仁贵逻娑道行军","2","0","2"
"仁贵逻娑道行军大","2","0","2"
"贵逻娑道行军大总","2","0","2"
"员外大将军阿史道","2","0","2"
"外大将军阿史道真","2","0","2"
"左卫将军郭待封副","2","0","2"
"道国公戴德加户部","2","0","2"
"国公戴德加户部尚","2","0","2"
"公戴德加户部尚书","2","0","2"
"书门下三品张文瓘","2","0","2"
"门下三品张文瓘检","2","0","2"
"下三品张文瓘检校","2","0","2"
"三品张文瓘检校大","2","0","2"
"品张文瓘检校大理","2","0","2"
"张文瓘检校大理卿","2","0","2"
"门下三品郝处俊中","2","0","2"
"下三品郝处俊中书","2","0","2"
"三品郝处俊中书侍","2","0","2"
"品郝处俊中书侍郎","2","0","2"
"门下三品李敬玄吏","2","0","2"
"下三品李敬玄吏部","2","0","2"
"三品李敬玄吏部侍","2","0","2"
"品李敬玄吏部侍郎","2","0","2"
"追尊宣简公宣皇帝","2","0","2"
"太祖武皇帝高祖神","2","0","2"
"祖武皇帝高祖神尧","2","0","2"
"武皇帝高祖神尧皇","2","0","2"
"皇帝高祖神尧皇帝","2","0","2"
"太宗文皇帝文武圣","2","0","2"
"宗文皇帝文武圣皇","2","0","2"
"文皇帝文武圣皇帝","2","0","2"
"太穆皇后太穆神皇","2","0","2"
"穆皇后太穆神皇后","2","0","2"
"文德皇后文德圣皇","2","0","2"
"德皇后文德圣皇后","2","0","2"
"左丞许圉师户部尚","2","0","2"
"丞许圉师户部尚书","2","0","2"
"周王显洮州道行军","2","0","2"
"王显洮州道行军元","2","0","2"
"显洮州道行军元帅","2","0","2"
"相王轮凉州道行军","2","0","2"
"王轮凉州道行军元","2","0","2"
"轮凉州道行军元帅","2","0","2"
"左卫将军契苾何力","2","0","2"
"卫将军契苾何力等","2","0","2"
"将军契苾何力等军","2","0","2"
"左丞崔知悌户部尚","2","0","2"
"丞崔知悌户部尚书","2","0","2"
"中书令郝处俊侍中","2","0","2"
"事中刘景先修国史","2","0","2"
"单大都护府突厥阿","2","0","2"
"突厥阿史德温傅奉","2","0","2"
"厥阿史德温傅奉职","2","0","2"
"阿史德温傅奉职二","2","0","2"
"史德温傅奉职二部","2","0","2"
"德温傅奉职二部相","2","0","2"
"温傅奉职二部相率","2","0","2"
"傅奉职二部相率反","2","0","2"
"奉职二部相率反叛","2","0","2"
"侍中郝处俊太子少","2","0","2"
"中郝处俊太子少保","2","0","2"
"黄门侍郎裴炎侍中","2","0","2"
"中书侍郎薛元超中","2","0","2"
"书侍郎薛元超中书","2","0","2"
"侍郎薛元超中书令","2","0","2"
"西副都护王方翼破","2","0","2"
"副都护王方翼破车","2","0","2"
"都护王方翼破车薄","2","0","2"
"吏部侍郎魏玄同同","2","0","2"
"部侍郎魏玄同同中","2","0","2"
"侍郎魏玄同同中书","2","0","2"
"郎魏玄同同中书门","2","0","2"
"魏玄同同中书门下","2","0","2"
"玄同同中书门下同","2","0","2"
"同同中书门下同承","2","0","2"
"群臣上谥曰天皇大","2","0","2"
"臣上谥曰天皇大帝","2","0","2"
"先天二年七月三日","1","1","2"
"尚书左仆射窦怀贞","1","1","2"
"羽林将军李慈等太","2","0","2"
"林将军李慈等太平","2","0","2"
"将军李慈等太平公","2","0","2"
"军李慈等太平公主","2","0","2"
"霍国公王毛仲加特","1","1","2"
"国公王毛仲加特进","1","1","2"
"书左丞相源乾曜停","1","1","2"
"前中书侍郎张九龄","1","1","2"
"京兆商人任令方资","1","1","2"
"兆商人任令方资财","1","1","2"
"商人任令方资财六","1","1","2"
"人任令方资财六十","1","1","2"
"命左玉钤卫大将军","2","0","2"
"杀左威卫大将军程","1","1","2"
"改永昌元年十一月","1","1","2"
"左肃政御史大夫格","1","1","2"
"肃政御史大夫格辅","1","1","2"
"政御史大夫格辅元","1","1","2"
"武威军总管王孝杰","1","1","2"
"威军总管王孝杰大","1","1","2"
"军总管王孝杰大破","1","1","2"
"总管王孝杰大破吐","1","1","2"
"管王孝杰大破吐蕃","1","1","2"
"文昌右丞韦巨源同","1","1","2"
"昌右丞韦巨源同凤","1","1","2"
"右丞韦巨源同凤阁","1","1","2"
"丞韦巨源同凤阁鸾","1","1","2"
"韦巨源同凤阁鸾台","1","1","2"
"巨源同凤阁鸾台平","1","1","2"
"源同凤阁鸾台平章","1","1","2"
"左肃政御史中丞杨","1","1","2"
"兄归诚州刺史孙万","1","1","2"
"归诚州刺史孙万荣","1","1","2"
"诚州刺史孙万荣杀","1","1","2"
"右肃政御史大夫娄","1","1","2"
"肃政御史大夫娄师","1","1","2"
"政御史大夫娄师德","1","1","2"
"前幽州都督狄仁杰","1","1","2"
"左肃政御史中丞魏","1","1","2"
"肃政御史中丞魏元","1","1","2"
"政御史中丞魏元忠","1","1","2"
"左肃政御史大夫魏","1","1","2"
"肃政御史大夫魏元","1","1","2"
"政御史大夫魏元忠","1","1","2"
"朔方节度判官崔漪","1","1","2"
"陇右兵马使彭元晖","1","1","2"
"阿史承庆攻陷颍川","2","0","2"
"兵马使仆固怀恩封","1","1","2"
"马使仆固怀恩封丰","1","1","2"
"使仆固怀恩封丰国","1","1","2"
"仆固怀恩封丰国公","1","1","2"
"右金吾将军李嗣业","1","1","2"
"金吾将军李嗣业封","1","1","2"
"吾将军李嗣业封虢","1","1","2"
"将军李嗣业封虢国","1","1","2"
"军李嗣业封虢国公","1","1","2"
"徐等五州节度使季","1","1","2"
"等五州节度使季广","1","1","2"
"五州节度使季广琛","1","1","2"
"关内潞州节度使王","1","1","2"
"内潞州节度使王思","1","1","2"
"潞州节度使王思礼","1","1","2"
"北庭行营节度使李","1","1","2"
"庭行营节度使李嗣","1","1","2"
"行营节度使李嗣业","1","1","2"
"郑蔡节度使季广琛","1","1","2"
"蔡节度使季广琛等","1","1","2"
"节度使季广琛等九","1","1","2"
"度使季广琛等九节","1","1","2"
"使季广琛等九节度","1","1","2"
"滑州刺史许叔冀充","1","1","2"
"户部侍郎第五琦等","1","1","2"
"潼关防御团练等使","1","1","2"
"同平章事第五琦贬","1","1","2"
"御史大夫贺兰进明","1","1","2"
"史大夫贺兰进明贬","1","1","2"
"尚书户部侍郎元载","1","1","2"
"载同中书门下平章","2","0","2"
"承嗣检校户部尚书","2","0","2"
"河北副元帅仆固怀","1","1","2"
"北副元帅仆固怀恩","1","1","2"
"副元帅仆固怀恩加","1","1","2"
"元帅仆固怀恩加太","1","1","2"
"帅仆固怀恩加太保","1","1","2"
"河东节度使辛云京","1","1","2"
"南节度使卫伯玉检","1","1","2"
"节度使卫伯玉检校","1","1","2"
"度使卫伯玉检校工","1","1","2"
"使卫伯玉检校工部","1","1","2"
"卫伯玉检校工部尚","1","1","2"
"伯玉检校工部尚书","1","1","2"
"兵部侍郎张仲光华","2","0","2"
"部侍郎张仲光华州","2","0","2"
"侍郎张仲光华州刺","2","0","2"
"郎张仲光华州刺史","2","0","2"
"大理卿敬括同州刺","2","0","2"
"理卿敬括同州刺史","2","0","2"
"崇玄馆大学士杜鸿","1","1","2"
"玄馆大学士杜鸿渐","1","1","2"
"御史中丞陈少游充","1","1","2"
"浙江东道团练观察","1","1","2"
"江东道团练观察使","1","1","2"
"东都副留守常休明","1","1","2"
"检校户部尚书路嗣","1","1","2"
"校户部尚书路嗣恭","1","1","2"
"刑部尚书颜真卿献","1","1","2"
"浙西观察留后李道","1","1","2"
"西观察留后李道昌","1","1","2"
"浙西都团练观察使","1","1","2"
"州大都督府长史田","1","1","2"
"大都督府长史田承","1","1","2"
"都督府长史田承嗣","1","1","2"
"赐紫金鱼袋窦易直","1","1","2"
"河南尹令狐楚检校","1","1","2"
"南尹令狐楚检校礼","1","1","2"
"尹令狐楚检校礼部","1","1","2"
"令狐楚检校礼部尚","1","1","2"
"狐楚检校礼部尚书","1","1","2"
"检校兵部尚书崔植","1","1","2"
"校兵部尚书崔植检","1","1","2"
"兵部尚书崔植检校","1","1","2"
"部尚书崔植检校吏","1","1","2"
"尚书崔植检校吏部","1","1","2"
"书崔植检校吏部尚","1","1","2"
"崔植检校吏部尚书","1","1","2"
"岭南节度观察经略","1","1","2"
"南节度观察经略使","1","1","2"
"尚书加检校右仆射","1","1","2"
"上御宣政殿试制举","2","0","2"
"御宣政殿试制举人","2","0","2"
"试制举人二百九十","1","1","2"
"制举人二百九十一","1","1","2"
"举人二百九十一人","1","1","2"
"右神策大将军康志","1","1","2"
"神策大将军康志睦","1","1","2"
"策大将军康志睦检","1","1","2"
"大将军康志睦检校","1","1","2"
"将军康志睦检校工","1","1","2"
"军康志睦检校工部","1","1","2"
"康志睦检校工部尚","1","1","2"
"志睦检校工部尚书","1","1","2"
"南西道节度观察处","1","1","2"
"西道节度观察处置","1","1","2"
"赐紫金鱼袋韦处厚","1","1","2"
"侍讲学士宋申锡充","1","1","2"
"河阳节度使崔弘礼","1","1","2"
"田观察处置临海监","1","1","2"
"观察处置临海监牧","1","1","2"
"察处置临海监牧等","1","1","2"
"处置临海监牧等使","1","1","2"
"御史大夫段文昌代","1","1","2"
"夏州节度使傅良弼","1","1","2"
"魏博行营都知兵马","1","1","2"
"博行营都知兵马使","1","1","2"
"行营都知兵马使亓","1","1","2"
"营都知兵马使亓志","1","1","2"
"都知兵马使亓志绍","1","1","2"
"知兵马使亓志绍率","1","1","2"
"兵马使亓志绍率所","1","1","2"
"马使亓志绍率所部","1","1","2"
"使亓志绍率所部兵","1","1","2"
"亓志绍率所部兵马","1","1","2"
"志绍率所部兵马二","1","1","2"
"绍率所部兵马二万","1","1","2"
"率所部兵马二万人","1","1","2"
"国军潼关防御使崔","1","1","2"
"军潼关防御使崔植","1","1","2"
"鄂岳蕲黄安申等观","1","1","2"
"岳蕲黄安申等观察","1","1","2"
"蕲黄安申等观察处","1","1","2"
"黄安申等观察处置","1","1","2"
"安申等观察处置等","1","1","2"
"申等观察处置等使","1","1","2"
"奇章郡开国公牛僧","1","1","2"
"章郡开国公牛僧孺","1","1","2"
"刑部尚书柳公绰检","2","0","2"
"部尚书柳公绰检校","2","0","2"
"尚书柳公绰检校左","2","0","2"
"书柳公绰检校左仆","2","0","2"
"新罗王嗣子金景徽","1","1","2"
"使持节鸡林州诸军","1","1","2"
"持节鸡林州诸军事","1","1","2"
"州卢龙节度留后杨","1","1","2"
"卢龙节度留后杨志","1","1","2"
"龙节度留后杨志诚","1","1","2"
"节度留后杨志诚检","1","1","2"
"度留后杨志诚检校","1","1","2"
"留后杨志诚检校工","1","1","2"
"后杨志诚检校工部","1","1","2"
"杨志诚检校工部尚","1","1","2"
"志诚检校工部尚书","1","1","2"
"前河东节度使柳公","1","1","2"
"河东节度使柳公绰","1","1","2"
"右金吾卫将军唐弘","1","1","2"
"金吾卫将军唐弘实","1","1","2"
"九姓回纥爱登里罗","1","1","2"
"姓回纥爱登里罗汨","1","1","2"
"回纥爱登里罗汨没","1","1","2"
"纥爱登里罗汨没施","1","1","2"
"爱登里罗汨没施合","1","1","2"
"登里罗汨没施合句","1","1","2"
"河东节度副使李石","1","1","2"
"浙西观察等使李德","1","1","2"
"西观察等使李德裕","1","1","2"
"赐绯鱼袋李训守尚","1","1","2"
"绯鱼袋李训守尚书","1","1","2"
"鱼袋李训守尚书礼","1","1","2"
"袋李训守尚书礼部","1","1","2"
"李训守尚书礼部侍","1","1","2"
"训守尚书礼部侍郎","1","1","2"
"诸道盐铁转运使令","1","1","2"
"道盐铁转运使令狐","1","1","2"
"盐铁转运使令狐楚","1","1","2"
"徐泗宿濠观察等使","2","0","2"
"李德裕检校户部尚","2","0","2"
"德裕检校户部尚书","2","0","2"
"淮南节度使牛僧孺","1","1","2"
"右金吾卫将军高霞","1","1","2"
"金吾卫将军高霞寓","1","1","2"
"华州镇国军防御使","1","1","2"
"黄等州都团练观察","1","1","2"
"左金吾将军张献甫","1","1","2"
"陈许防御兵马使韩","1","1","2"
"许防御兵马使韩全","1","1","2"
"防御兵马使韩全义","1","1","2"
"贬左金吾大将军嗣","1","1","2"
"左金吾大将军嗣虢","1","1","2"
"金吾大将军嗣虢王","1","1","2"
"南水王侄尚悉曩等","1","1","2"
"水王侄尚悉曩等六","1","1","2"
"王侄尚悉曩等六国","1","1","2"
"侄尚悉曩等六国君","1","1","2"
"尚悉曩等六国君王","1","1","2"
"道盐铁转运使张滂","1","1","2"
"纬诸道盐铁转运使","2","0","2"
"河东行军司马李景","1","1","2"
"东行军司马李景略","1","1","2"
"天德军丰州西受降","1","1","2"
"德军丰州西受降城","1","1","2"
"军丰州西受降城都","1","1","2"
"丰州西受降城都防","1","1","2"
"州西受降城都防御","1","1","2"
"福建都团练使李若","1","1","2"
"建都团练使李若初","1","1","2"
"中书门下平章事赵","1","1","2"
"书门下平章事赵宗","1","1","2"
"门下平章事赵宗儒","1","1","2"
"浙西观察使诸道盐","2","0","2"
"西观察使诸道盐铁","2","0","2"
"观察使诸道盐铁转","2","0","2"
"察使诸道盐铁转运","2","0","2"
"使诸道盐铁转运使","2","0","2"
"义成军行军司马卢","1","1","2"
"成军行军司马卢群","1","1","2"
"剑南东川行军司马","1","1","2"
"南东川行军司马李","1","1","2"
"东川行军司马李康","1","1","2"
"淮南行军司马王锷","1","1","2"
"荆南行军司马裴筠","1","1","2"
"诸道盐铁转运使杜","1","1","2"
"赵等州观察处置等","2","0","2"
"袭食实封一百户王","1","1","2"
"食实封一百户王绍","1","1","2"
"实封一百户王绍懿","1","1","2"
"州节度使张允伸就","1","1","2"
"食邑一千户康承训","1","1","2"
"徐泗行营都招讨使","1","1","2"
"食邑三千户令狐綯","2","0","2"
"食邑二千户康承训","1","1","2"
"河东行营沙陀三部","1","1","2"
"东行营沙陀三部落","1","1","2"
"行营沙陀三部落羌","1","1","2"
"麟胜等州观察等使","2","0","2"
"吏部侍郎郑谠检校","2","0","2"
"剑南西川节度等使","2","0","2"
"食邑三千户张允伸","1","1","2"
"检校左散骑常侍段","1","1","2"
"校左散骑常侍段文","1","1","2"
"左散骑常侍段文楚","1","1","2"
"翰林学士承旨郑畋","1","1","2"
"前宣歙观察使杨严","1","1","2"
"充河东节度管内观","2","0","2"
"容管经略招讨使高","1","1","2"
"管经略招讨使高秦","1","1","2"
"刑部员外郎毕绍颜","1","1","2"
"成德军节度使王景","1","1","2"
"德军节度使王景崇","1","1","2"
"军节度使王景崇加","1","1","2"
"东川点检兵马使吴","1","1","2"
"川点检兵马使吴行","1","1","2"
"点检兵马使吴行鲁","1","1","2"
"检校户部尚书崔充","1","1","2"
"左司勋员外郎杜贞","1","1","2"
"司勋员外郎杜贞符","1","1","2"
"司封员外郎卢胤征","1","1","2"
"右武卫大将军墨冲","1","1","2"
"武卫大将军墨冲谦","1","1","2"
"江西观察使独孤云","1","1","2"
"抚王府长史刘允章","1","1","2"
"左监门卫上将军西","1","1","2"
"监门卫上将军西门","1","1","2"
"门卫上将军西门思","1","1","2"
"卫上将军西门思恭","1","1","2"
"汴宋度支使杜孺休","1","1","2"
"度支分巡院使李仲","1","1","2"
"支分巡院使李仲章","1","1","2"
"右金吾卫将军张简","1","1","2"
"金吾卫将军张简会","1","1","2"
"苏常杭润观察处置","1","1","2"
"代北行营招讨供军","1","1","2"
"行营招讨供军等使","2","0","2"
"食邑七百户王处存","1","1","2"
"太子宾客分司卢携","1","1","2"
"观军容使西门思恭","1","1","2"
"下行营兵马都监押","1","1","2"
"代北行营兵马使诸","1","1","2"
"北行营兵马使诸葛","1","1","2"
"行营兵马使诸葛爽","1","1","2"
"检校工部尚书李克","1","1","2"
"忻代云蔚等州观察","1","1","2"
"代云蔚等州观察处","1","1","2"
"云蔚等州观察处置","1","1","2"
"遣衙队将前锋杨守","1","1","2"
"衙队将前锋杨守宗","1","1","2"
"检校尚书右仆射东","1","1","2"
"校尚书右仆射东方","1","1","2"
"尚书右仆射东方逵","1","1","2"
"书右仆射东方逵就","1","1","2"
"保銮都将陈珮检校","2","0","2"
"右神策十军观军容","1","1","2"
"神策十军观军容使","1","1","2"
"弘农郡开国公杨复","1","1","2"
"农郡开国公杨复恭","1","1","2"
"忠贞启圣定国功臣","1","1","2"
"德宗神武孝文皇帝","1","1","2"
"朔方右留后常谦光","1","1","2"
"度度支营田观察等","2","0","2"
"度支营田观察等使","2","0","2"
"泾原节度使段秀实","1","1","2"
"泾州将刘光国杀刘","1","1","2"
"州将刘光国杀刘文","1","1","2"
"将刘光国杀刘文喜","1","1","2"
"检校秘书少监郑叔","1","1","2"
"四镇节度留后郭昕","1","1","2"
"永平军节度使张镒","1","1","2"
"岭南节度使张伯仪","1","1","2"
"湖南观察使嗣曹王","1","1","2"
"山南西道节度使贾","1","1","2"
"南西道节度使贾耽","1","1","2"
"都知兵马使白志贞","1","1","2"
"奉天行营都团练使","1","1","2"
"天行营都团练使杨","1","1","2"
"行营都团练使杨惠","1","1","2"
"营都团练使杨惠元","1","1","2"
"赵州观察使康日知","1","1","2"
"滑州兵马使贾隐林","1","1","2"
"河东保宁军节度使","1","1","2"
"隰节度行营兵马副","1","1","2"
"节度行营兵马副元","1","1","2"
"度行营兵马副元帅","1","1","2"
"管内行营兵马副元","1","1","2"
"内行营兵马副元帅","1","1","2"
"同绛节度使唐朝臣","1","1","2"
"右龙武大将军李观","1","1","2"
"左金吾卫大将军韦","1","1","2"
"金吾卫大将军韦皋","1","1","2"
"陇右元帅副兵马使","1","1","2"
"右元帅副兵马使吴","1","1","2"
"元帅副兵马使吴诜","1","1","2"
"凤翔都虞候邢君牙","1","1","2"
"山南东道节度使樊","1","1","2"
"南东道节度使樊泽","1","1","2"
"左羽林大将军韩潭","1","1","2"
"袁滋检校兵部尚书","2","0","2"
"右羽林将军高霞寓","1","1","2"
"九年六月十二日生","1","1","2"
"二月十五日玄元皇","1","1","2"
"月十五日玄元皇帝","1","1","2"
"十五日玄元皇帝降","1","1","2"
"五日玄元皇帝降生","1","1","2"
"太子太保牛僧孺等","1","1","2"
"左右街道门教授先","1","1","2"
"右街道门教授先生","1","1","2"
"翰林学士承旨崔铉","1","1","2"
"晋绛行营招讨使石","1","1","2"
"绛行营招讨使石雄","1","1","2"
"陈许蔡等州观察处","1","1","2"
"许蔡等州观察处置","1","1","2"
"河阳行营诸军招讨","1","1","2"
"阳行营诸军招讨使","1","1","2"
"第四女封延庆公主","1","1","2"
"第五女封靖乐公主","1","1","2"
"前寿州刺史王镇贬","1","1","2"
"食邑一千户白敏中","1","1","2"
"宰相监修国史崔龟","1","1","2"
"邑一千五百户李珏","1","1","2"
"夏绥银宥等州节度","2","0","2"
"食邑二千户高少逸","1","1","2"
"道沿路镇寨粮料等","1","1","2"
"沿路镇寨粮料等使","1","1","2"
"成德军节度判官王","1","1","2"
"德军节度判官王绍","1","1","2"
"军节度判官王绍懿","1","1","2"
"成德军中军兵马使","1","1","2"
"右千牛卫大将军宋","1","1","2"
"千牛卫大将军宋涯","1","1","2"
"太子太傅分司东都","1","1","2"
"本官判东都尚书省","2","0","2"
"食邑三百户卢简求","1","1","2"
"押蕃落诸军防秋都","1","1","2"
"蕃落诸军防秋都知","1","1","2"
"落诸军防秋都知兵","1","1","2"
"诸军防秋都知兵马","1","1","2"
"军防秋都知兵马使","1","1","2"
"赐紫金鱼袋陆耽代","1","1","2"
"礼部郎中杨知温充","1","1","2"
"赐紫金鱼袋杜审权","1","1","2"
"山南西道节度等使","2","0","2"
"赐紫金鱼袋王绍懿","1","1","2"
"赐紫金鱼袋柳仲郢","1","1","2"
"安南本管经略招讨","2","0","2"
"南本管经略招讨处","2","0","2"
"管经略招讨处置使","2","0","2"
"赐紫金鱼袋李弘甫","1","1","2"
"赐紫金鱼袋张毅夫","1","1","2"
"申等州都团练观察","1","1","2"
"充福建等州都团练","2","0","2"
"福建等州都团练观","2","0","2"
"建等州都团练观察","2","0","2"
"右骁卫上将军李正","1","1","2"
"骁卫上将军李正源","1","1","2"
"剑南东川节度副大","1","1","2"
"南东川节度副大使","1","1","2"
"军卫大将军分司东","1","1","2"
"卫大将军分司东都","1","1","2"
"食邑一千五百户康","1","1","2"
"邑一千五百户康季","1","1","2"
"一千五百户康季荣","1","1","2"
"濮王傅分司皇甫权","1","1","2"
"河东马步都虞候段","1","1","2"
"东马步都虞候段威","1","1","2"
"沙陀三部落防遏都","1","1","2"
"陀三部落防遏都知","1","1","2"
"三部落防遏都知兵","1","1","2"
"部落防遏都知兵马","1","1","2"
"落防遏都知兵马使","1","1","2"
"盐铁转运使夏侯孜","1","1","2"
"曰圣武献文孝皇帝","1","1","2"
"剑南西川节度使王","1","1","2"
"南西川节度使王播","1","1","2"
"平章事张弘靖检校","2","0","2"
"山南西道节度使崔","1","1","2"
"东西受降城都防御","1","1","2"
"前吉州刺史张弘靖","1","1","2"
"沧州节度使王日简","1","1","2"
"前灵武节度使李听","1","1","2"
"盐铁转运使王播进","1","1","2"
"良娣王氏太上皇后","2","0","2"
"右神策行营节度高","1","1","2"
"神策行营节度高崇","1","1","2"
"策行营节度高崇文","1","1","2"
"前司封员外郎韦况","1","1","2"
"封渤海郡王高崇文","1","1","2"
"内度支营田观察使","1","1","2"
"侍御史知杂李夷简","1","1","2"
"大乘本生心地观音","1","1","2"
"乘本生心地观音经","1","1","2"
"前荆南节度使赵宗","1","1","2"
"荆南节度使赵宗儒","1","1","2"
"黎阳县公志宁侍中","2","0","2"
"尚书左丞张行成侍","2","0","2"
"书左丞张行成侍中","2","0","2"
"摄户部尚书高季辅","2","0","2"
"户部尚书高季辅中","2","0","2"
"部尚书高季辅中书","2","0","2"
"尚书高季辅中书令","2","0","2"
"高阳县男许敬宗礼","2","0","2"
"阳县男许敬宗礼部","2","0","2"
"县男许敬宗礼部尚","2","0","2"
"男许敬宗礼部尚书","2","0","2"
"吴王恪司空梁州刺","2","0","2"
"王恪司空梁州刺史","2","0","2"
"河南郡公褚遂良吏","2","0","2"
"南郡公褚遂良吏部","2","0","2"
"郡公褚遂良吏部尚","2","0","2"
"公褚遂良吏部尚书","2","0","2"
"左仆射志宁太子少","2","0","2"
"仆射志宁太子少师","2","0","2"
"右仆射张行成太子","2","0","2"
"仆射张行成太子少","2","0","2"
"射张行成太子少傅","2","0","2"
"侍中高季辅太子少","2","0","2"
"中高季辅太子少保","2","0","2"
"侍中宇文节太子詹","2","0","2"
"中宇文节太子詹事","2","0","2"
"驸马都尉柴令武谋","2","0","2"
"马都尉柴令武谋反","2","0","2"
"河东县男柳奭贬遂","2","0","2"
"东县男柳奭贬遂州","2","0","2"
"县男柳奭贬遂州刺","2","0","2"
"男柳奭贬遂州刺史","2","0","2"
"固安县公崔敦礼中","2","0","2"
"安县公崔敦礼中书","2","0","2"
"县公崔敦礼中书令","2","0","2"
"中书令检校太子詹","2","0","2"
"书令检校太子詹事","2","0","2"
"固安县公崔敦礼太","2","0","2"
"安县公崔敦礼太子","2","0","2"
"县公崔敦礼太子少","2","0","2"
"公崔敦礼太子少师","2","0","2"
"破西突厥沙钵罗汗","2","0","2"
"西突厥沙钵罗汗贺","2","0","2"
"突厥沙钵罗汗贺鲁","2","0","2"
"厥沙钵罗汗贺鲁咥","2","0","2"
"沙钵罗汗贺鲁咥运","2","0","2"
"国公志宁太子太师","2","0","2"
"中书侍郎许圉师散","2","0","2"
"书侍郎许圉师散骑","2","0","2"
"侍郎许圉师散骑常","2","0","2"
"郎许圉师散骑常侍","2","0","2"
"凉国公契苾何力辽","2","0","2"
"公契苾何力辽东道","2","0","2"
"契苾何力辽东道大","2","0","2"
"苾何力辽东道大总","2","0","2"
"何力辽东道大总管","2","0","2"
"邢国公苏定方平壤","2","0","2"
"国公苏定方平壤道","2","0","2"
"公苏定方平壤道大","2","0","2"
"苏定方平壤道大总","2","0","2"
"定方平壤道大总管","2","0","2"
"乐安县公任雅相浿","2","0","2"
"安县公任雅相浿江","2","0","2"
"县公任雅相浿江道","2","0","2"
"公任雅相浿江道大","2","0","2"
"任雅相浿江道大总","2","0","2"
"雅相浿江道大总管","2","0","2"
"命司元太常伯窦德","2","0","2"
"司刑太常伯刘详道","2","0","2"
"刑太常伯刘详道等","2","0","2"
"太常伯刘详道等九","2","0","2"
"常伯刘详道等九人","2","0","2"
"伯刘详道等九人持","2","0","2"
"刘详道等九人持节","2","0","2"
"详道等九人持节大","2","0","2"
"道等九人持节大使","2","0","2"
"城阳县侯刘祥道右","2","0","2"
"阳县侯刘祥道右相","2","0","2"
"大司宪窦德玄司元","2","0","2"
"司宪窦德玄司元太","2","0","2"
"宪窦德玄司元太常","2","0","2"
"窦德玄司元太常伯","2","0","2"
"西台侍郎孙处约同","2","0","2"
"台侍郎孙处约同知","2","0","2"
"侍郎孙处约同知政","2","0","2"
"郎孙处约同知政事","2","0","2"
"释褐秘书省校书郎","2","0","2"
"神策军中尉王守澄","1","1","2"
"策军中尉王守澄所","1","1","2"
"军中尉王守澄所奏","1","1","2"
"鄂岳都团练观察使","1","1","2"
"寿州刺史张建封闻","1","1","2"
"左拾遗舒元褒等上","1","1","2"
"拾遗舒元褒等上疏","1","1","2"
"遗舒元褒等上疏论","1","1","2"
"获伪官王果等九十","1","1","2"
"伪官王果等九十余","1","1","2"
"官王果等九十余人","1","1","2"
"授检校右散骑常侍","2","0","2"
"兴元都将卫志忠征","1","1","2"
"元都将卫志忠征蛮","1","1","2"
"改授河阳怀节度观","1","1","2"
"授河阳怀节度观察","1","1","2"
"河阳怀节度观察等","1","1","2"
"阳怀节度观察等使","1","1","2"
"开浚怀州古秦渠枋","1","1","2"
"浚怀州古秦渠枋口","1","1","2"
"怀州古秦渠枋口堰","1","1","2"
"时扬州城内官河水","1","1","2"
"扬州城内官河水浅","1","1","2"
"大小银碗三千四百","1","1","2"
"小银碗三千四百枚","1","1","2"
"贞元十五年登进士","1","1","2"
"元十五年登进士第","1","1","2"
"镇州节度使王士真","1","1","2"
"州节度使王士真死","1","1","2"
"博节度使田季安死","1","1","2"
"加检校尚书右仆射","2","0","2"
"御史中丞王播相遇","1","1","2"
"史中丞王播相遇道","1","1","2"
"监军使杨叔元贪财","1","1","2"
"时中书侍郎李义府","1","1","2"
"右羽林将军李多祚","1","1","2"
"礼部侍郎许善心举","1","1","2"
"王世充杀元文都等","1","1","2"
"太子内率府录事参","1","1","2"
"子内率府录事参军","1","1","2"
"凤阁舍人张嘉福等","1","1","2"
"请立武承嗣皇太子","2","0","2"
"问雍州长史陈崇业","1","1","2"
"时监察御史宋宣远","1","1","2"
"礼部员外郎杨冲昌","1","1","2"
"洛州录事参军綦连","1","1","2"
"州录事参军綦连耀","1","1","2"
"录事参军綦连耀应","1","1","2"
"中书门下平章事吉","1","1","2"
"书门下平章事吉顼","1","1","2"
"时光禄少卿卢崇道","1","1","2"
"前右司御率府仓曹","1","1","2"
"右司御率府仓曹王","1","1","2"
"司御率府仓曹王修","1","1","2"
"御率府仓曹王修己","1","1","2"
"御史中丞杨慎矜违","1","1","2"
"管内采访监察留后","1","1","2"
"通事舍人李若冰告","1","1","2"
"博节度使田季安卒","2","0","2"
"宜权取中书门下处","2","0","2"
"权取中书门下处分","2","0","2"
"邓节度使高霞寓兵","1","1","2"
"节度使高霞寓兵败","1","1","2"
"度使高霞寓兵败铁","1","1","2"
"使高霞寓兵败铁城","1","1","2"
"淮西宣慰招讨处置","1","1","2"
"西宣慰招讨处置使","1","1","2"
"司勋员外郎李正封","1","1","2"
"礼部员外郎李宗闵","1","1","2"
"部员外郎李宗闵等","1","1","2"
"淮西行营大将李光","1","1","2"
"西行营大将李光颜","1","1","2"
"宣慰副使马总入城","1","1","2"
"慰副使马总入城安","1","1","2"
"副使马总入城安抚","1","1","2"
"西川节度使卢坦大","1","1","2"
"川节度使卢坦大夫","1","1","2"
"镇州四面行营招讨","1","1","2"
"州四面行营招讨使","1","1","2"
"令度支员外郎卢贞","1","1","2"
"沧景节度使李全略","1","1","2"
"诏京兆尹郑复监护","1","1","2"
"泽潞节度使郗士美","1","1","2"
"翰林学士杜元颖等","1","1","2"
"左散骑常侍张惟素","1","1","2"
"右散骑常侍李益等","1","1","2"
"散骑常侍李益等谏","1","1","2"
"钱四千四百一十贯","1","1","2"
"田二千一百九十七","1","1","2"
"二千一百九十七顷","1","1","2"
"进阶银青光禄大夫","2","0","2"
"镇冀节度使王承宗","1","1","2"
"冀节度使王承宗死","1","1","2"
"礼部员外郎温业等","1","1","2"
"史孝章邠宁节度使","2","0","2"
"仙韶院乐官尉迟璋","1","1","2"
"桂管观察使王拱爱","1","1","2"
"淮西招抚宣慰处置","1","1","2"
"西招抚宣慰处置使","1","1","2"
"就尚书省兵部参辞","2","0","2"
"绢一万三千七百匹","1","1","2"
"迁扬州大都督府长","2","0","2"
"徐州西南面招讨使","1","1","2"
"州西南面招讨使马","1","1","2"
"西南面招讨使马举","1","1","2"
"臣任户部员外郎时","1","1","2"
"中书舍人裴坦权知","2","0","2"
"僧孺检校礼部尚书","2","0","2"
"吐蕃维州守将悉怛","2","0","2"
"蕃维州守将悉怛谋","2","0","2"
"守尚书左仆射致仕","2","0","2"
"故成德军节度使王","1","1","2"
"成德军节度使王士","1","1","2"
"德军节度使王士真","1","1","2"
"军节度使王士真神","1","1","2"
"节度使王士真神道","1","1","2"
"度使王士真神道碑","1","1","2"
"镇国军潼关防御等","1","1","2"
"国军潼关防御等使","1","1","2"
"寻引牛僧孺同知政","2","0","2"
"引牛僧孺同知政事","2","0","2"
"前邕管经略使董昌","1","1","2"
"邕管经略使董昌龄","1","1","2"
"荆南监军使吕令琮","1","1","2"
"奉五月二十三日诏","1","1","2"
"五月二十三日诏书","1","1","2"
"十五年五月七日赦","1","1","2"
"五年五月七日赦文","1","1","2"
"本道观察使令狐楚","1","1","2"
"维州守将悉怛谋请","1","1","2"
"苏常杭润观察等使","1","1","2"
"兵一千五百人赴榆","1","1","2"
"一千五百人赴榆社","1","1","2"
"前永宁县尉吴汝纳","1","1","2"
"襄州节度使嗣曹王","1","1","2"
"命盐铁副使程异乘","1","1","2"
"盐铁副使程异乘驿","1","1","2"
"吐突承璀监淮南军","1","1","2"
"十二州勘定两税使","1","1","2"
"长庆户口凡三百三","2","0","2"
"庆户口凡三百三十","2","0","2"
"户口凡三百三十五","2","0","2"
"口凡三百三十五万","2","0","2"
"伏乞圣慈察臣肝胆","1","1","2"
"宰相齐抗奏减冗员","1","1","2"
"盐铁福建院官权长","1","1","2"
"湖南观察都团练使","1","1","2"
"授陛下淮西节度使","1","1","2"
"授沂州刺史王智兴","1","1","2"
"沂州刺史王智兴武","2","0","2"
"州刺史王智兴武宁","2","0","2"
"刺史王智兴武宁军","2","0","2"
"史王智兴武宁军节","2","0","2"
"王智兴武宁军节度","2","0","2"
"智兴武宁军节度副","2","0","2"
"兴武宁军节度副使","2","0","2"
"歙池等州都团练观","1","1","2"
"等州都团练观察等","2","0","2"
"淮西鄂岳租庸盐铁","1","1","2"
"西鄂岳租庸盐铁沿","1","1","2"
"鄂岳租庸盐铁沿江","1","1","2"
"岳租庸盐铁沿江转","1","1","2"
"租庸盐铁沿江转运","1","1","2"
"庸盐铁沿江转运使","1","1","2"
"西节度使李忠臣贪","1","1","2"
"万年县尉卢伯达断","1","1","2"
"大理卿郑云逵等三","1","1","2"
"理卿郑云逵等三司","1","1","2"
"功德使判官诸葛述","1","1","2"
"前任宣州观察使请","1","1","2"
"食邑二千户郑余庆","1","1","2"
"弘淮西诸军行营都","1","1","2"
"淮西诸军行营都统","1","1","2"
"颍等州观察处置等","2","0","2"
"使持节汴州诸军事","1","1","2"
"河中晋绛节度观察","1","1","2"
"徐州节度使张建封","1","1","2"
"浙江东道观察使裴","1","1","2"
"江东道观察使裴肃","1","1","2"
"副使齐总衢州刺史","2","0","2"
"大理评事监察御史","2","0","2"
"兵部侍郎许孟容等","1","1","2"
"部侍郎许孟容等八","1","1","2"
"侍郎许孟容等八人","1","1","2"
"江西观察使裴堪奏","1","1","2"
"左武卫大将军李子","1","1","2"
"武卫大将军李子雄","1","1","2"
"遣虎贲郎将刘长恭","1","1","2"
"虎贲郎将刘长恭率","1","1","2"
"将作大匠宇文恺叛","1","1","2"
"东南道大行台行军","1","1","2"
"南道大行台行军元","1","1","2"
"道大行台行军元帅","1","1","2"
"时右翊卫将军史万","1","1","2"
"右翊卫将军史万宝","1","1","2"
"翊卫将军史万宝留","1","1","2"
"高宗将废皇后王氏","2","0","2"
"司门员外郎房先敏","1","1","2"
"天特令肃州刺史王","1","1","2"
"特令肃州刺史王本","1","1","2"
"令肃州刺史王本立","1","1","2"
"增置夏官侍郎三员","1","1","2"
"率轻薄恶少数百人","1","1","2"
"弃故妻娶太原王庆","1","1","2"
"故妻娶太原王庆诜","1","1","2"
"清边道大总管建安","1","1","2"
"边道大总管建安王","1","1","2"
"道大总管建安王攸","1","1","2"
"大总管建安王攸宜","1","1","2"
"司议郎孟利贞等奉","1","1","2"
"议郎孟利贞等奉令","1","1","2"
"郎孟利贞等奉令撰","1","1","2"
"贬桂州都督府长史","1","1","2"
"令洛州长史宋元爽","1","1","2"
"监察御史袁恕己劾","1","1","2"
"察御史袁恕己劾奏","1","1","2"
"率更令欧阳询状貌","1","1","2"
"更令欧阳询状貌丑","1","1","2"
"左监门大将军钱九","1","1","2"
"监门大将军钱九陇","1","1","2"
"授右卫率府铠曹参","1","1","2"
"右卫率府铠曹参军","1","1","2"
"冬官尚书裴行本等","1","1","2"
"官尚书裴行本等七","1","1","2"
"尚书裴行本等七人","1","1","2"
"润州刺史窦孝谌妻","1","1","2"
"州刺史窦孝谌妻庞","1","1","2"
"刺史窦孝谌妻庞氏","1","1","2"
"左肃机皇甫公义检","1","1","2"
"肃机皇甫公义检校","1","1","2"
"机皇甫公义检校沛","1","1","2"
"皇甫公义检校沛王","1","1","2"
"甫公义检校沛王府","1","1","2"
"公义检校沛王府长","1","1","2"
"义检校沛王府长史","1","1","2"
"六百一十五万六千","1","1","2"
"百一十五万六千一","1","1","2"
"一十五万六千一百","1","1","2"
"十五万六千一百四","1","1","2"
"五万六千一百四十","1","1","2"
"万六千一百四十一","1","1","2"
"秘书员外监郑普思","1","1","2"
"尚书左仆射魏元忠","1","1","2"
"尚书右仆射褚遂良","1","1","2"
"太子右庶子许圉师","1","1","2"
"太子中舍人杨思俭","1","1","2"
"子中舍人杨思俭等","1","1","2"
"时学者太子左庶子","1","1","2"
"学者太子左庶子张","1","1","2"
"者太子左庶子张大","1","1","2"
"太子左庶子张大安","1","1","2"
"诏令中书侍郎薛元","1","1","2"
"令中书侍郎薛元超","1","1","2"
"令左金吾将军丘神","1","1","2"
"聘国子监丞裴粹亡","1","1","2"
"国子监丞裴粹亡女","1","1","2"
"洛州司马崔日知捕","1","1","2"
"州司马崔日知捕获","1","1","2"
"王道等率众随重福","1","1","2"
"道等率众随重福径","1","1","2"
"率左羽林大将军李","1","1","2"
"令左金吾大将军成","1","1","2"
"左金吾大将军成王","1","1","2"
"金吾大将军成王千","1","1","2"
"吾大将军成王千里","1","1","2"
"大将军成王千里分","1","1","2"
"将军成王千里分兵","1","1","2"
"千骑王欢喜等倒戈","1","1","2"
"令长上果毅赵思慎","1","1","2"
"长上果毅赵思慎率","1","1","2"
"上果毅赵思慎率轻","1","1","2"
"果毅赵思慎率轻骑","1","1","2"
"毅赵思慎率轻骑追","1","1","2"
"遣太常少卿李仲文","1","1","2"
"太常少卿李仲文率","1","1","2"
"右骁卫大将军刘弘","1","1","2"
"骁卫大将军刘弘基","1","1","2"
"卫州司马路敬潜八","1","1","2"
"州司马路敬潜八月","1","1","2"
"时左仆射窦怀贞兴","1","1","2"
"河东道巡察黜陟使","1","1","2"
"妹婿尚衣奉御长孙","1","1","2"
"婿尚衣奉御长孙昕","1","1","2"
"御史大夫魏元忠皆","1","1","2"
"史大夫魏元忠皆称","1","1","2"
"中书侍郎崔沔等数","1","1","2"
"书侍郎崔沔等数人","1","1","2"
"上令刑部员外郎张","1","1","2"
"令刑部员外郎张利","1","1","2"
"刑部员外郎张利贞","1","1","2"
"薛讷摄左羽林将军","2","0","2"
"河西节度使杜希望","1","1","2"
"西节度使杜希望谋","1","1","2"
"金吾卫将军同正员","1","1","2"
"河西兵马使李光弼","1","1","2"
"时夏官侍郎李迥秀","1","1","2"
"国子博士尹知章等","1","1","2"
"曾孙司徒居巢侯刘","1","1","2"
"孙司徒居巢侯刘恺","1","1","2"
"丽正殿校写四部书","1","1","2"
"太学助教余钦等分","1","1","2"
"学助教余钦等分部","1","1","2"
"助教余钦等分部修","1","1","2"
"教余钦等分部修检","1","1","2"
"特令行冲撰御所注","1","1","2"
"左卫率府长史魏光","1","1","2"
"卫率府长史魏光乘","1","1","2"
"引国子博士范行恭","1","1","2"
"苑内营田五坊宫苑","1","1","2"
"内营田五坊宫苑等","1","1","2"
"营田五坊宫苑等使","1","1","2"
"户部侍郎杨慎矜亲","1","1","2"
"大历三年十二月壬","1","1","2"
"历三年十二月壬寅","1","1","2"
"六城水运使魏少游","1","1","2"
"关内盐池判官李涵","1","1","2"
"内盐池判官李涵谋","1","1","2"
"京兆府法曹吉温舞","1","1","2"
"令仲通上表请国忠","1","1","2"
"兵部侍郎吉温知留","1","1","2"
"部侍郎吉温知留后","1","1","2"
"御史大夫魏方进死","1","1","2"
"陇右节度支度营田","1","1","2"
"右节度支度营田副","1","1","2"
"节度支度营田副大","1","1","2"
"度支度营田副大使","1","1","2"
"皇太子先锋兵马元","1","1","2"
"靖定襄道行军总管","2","0","2"
"西道行军总管张宝","1","1","2"
"道行军总管张宝相","1","1","2"
"靖西海道行军大总","2","0","2"
"利州刺史高甑生等","1","1","2"
"靖立大宁王慕容顺","1","1","2"
"遣齐郡通守张须陀","1","1","2"
"齐郡通守张须陀率","1","1","2"
"伪郑州司兵沈悦请","1","1","2"
"陈正通率兵十万屯","1","1","2"
"定襄道大总管李靖","1","1","2"
"八万南侵李思摩部","1","1","2"
"万南侵李思摩部落","1","1","2"
"遣通事舍人萧嗣业","1","1","2"
"通事舍人萧嗣业招","1","1","2"
"事舍人萧嗣业招慰","1","1","2"
"令开府仪同三司依","2","0","2"
"开府仪同三司依旧","2","0","2"
"勣辽东道行军总管","2","0","2"
"辽东道副大总管刘","1","1","2"
"东道副大总管刘仁","1","1","2"
"道副大总管刘仁轨","1","1","2"
"获伪郑州长史戴胄","1","1","2"
"长安主簿骆宾王贬","1","1","2"
"党监察御史薛璋先","1","1","2"
"令士曹参军李宗臣","1","1","2"
"录事参军孙处行拒","1","1","2"
"检校左翊卫鹰扬郎","1","1","2"
"校左翊卫鹰扬郎将","1","1","2"
"长孙忌等二十四人","2","0","2"
"孙忌等二十四人图","2","0","2"
"忌等二十四人图形","2","0","2"
"等二十四人图形凌","2","0","2"
"二十四人图形凌烟","2","0","2"
"十四人图形凌烟阁","2","0","2"
"君集交河道行军大","2","0","2"
"集交河道行军大总","2","0","2"
"河道行军大总管讨","1","1","2"
"贰师将军李广利损","1","1","2"
"新义郡公韩擒虎平","1","1","2"
"右骁卫将军长孙晟","1","1","2"
"礼部侍郎令狐德棻","2","0","2"
"故陕东道行台右仆","1","1","2"
"陕东道行台右仆射","1","1","2"
"太尉同中书门下三","1","1","2"
"尉同中书门下三品","1","1","2"
"史官国子祭酒令狐","1","1","2"
"官国子祭酒令狐德","1","1","2"
"行台左仆射屈突通","1","1","2"
"秦王府左二副护军","1","1","2"
"渭北道行军记室参","1","1","2"
"北道行军记室参军","1","1","2"
"陕东道大行台考功","1","1","2"
"东道大行台考功郎","1","1","2"
"道大行台考功郎中","1","1","2"
"前雍州刺史令狐德","1","1","2"
"居郎上官仪等八人","1","1","2"
"襄州道行台尚书令","1","1","2"
"尚书左丞宇文儒童","1","1","2"
"书左丞宇文儒童等","1","1","2"
"仇人定州刺史独孤","1","1","2"
"人定州刺史独孤修","1","1","2"
"遣右翊卫将军薛世","1","1","2"
"右翊卫将军薛世雄","1","1","2"
"翊卫将军薛世雄率","1","1","2"
"左武卫大将军李世","1","1","2"
"遣职方侍郎魏处绘","1","1","2"
"中书舍人李敬玄所","1","1","2"
"寻同凤阁鸾台平章","2","0","2"
"麟台少监王绍宗等","1","1","2"
"台少监王绍宗等十","1","1","2"
"少监王绍宗等十八","1","1","2"
"监王绍宗等十八人","1","1","2"
"左右肃政台御史大","1","1","2"
"右肃政台御史大夫","1","1","2"
"时武三思将诬杀王","1","1","2"
"武三思将诬杀王同","1","1","2"
"三思将诬杀王同皎","1","1","2"
"司刑少卿皇甫文备","1","1","2"
"见姨兄屯田郎中辛","1","1","2"
"姨兄屯田郎中辛玄","1","1","2"
"兄屯田郎中辛玄驭","1","1","2"
"大将军李孝逸督军","1","1","2"
"将军李孝逸督军讨","1","1","2"
"左肃政台御史大夫","1","1","2"
"林大将军李多祚等","1","1","2"
"内史狄仁杰奏请陛","1","1","2"
"史狄仁杰奏请陛下","1","1","2"
"狄仁杰奏请陛下监","1","1","2"
"仁杰奏请陛下监国","1","1","2"
"时凤阁侍郎陆元方","1","1","2"
"安乐公主城西池馆","1","1","2"
"刑部尚书赵彦昭等","1","1","2"
"追赠开府仪同三司","1","1","2"
"托安乐公主密奏留","1","1","2"
"左骁卫大将军杨矩","1","1","2"
"骁卫大将军杨矩代","1","1","2"
"关内道持节巡边使","1","1","2"
"检校左御史台大夫","1","1","2"
"女巫赵五娘左道乱","1","1","2"
"巫赵五娘左道乱常","1","1","2"
"安国相王镇国太平","2","0","2"
"国相王镇国太平公","2","0","2"
"相王镇国太平公主","2","0","2"
"宰相子弟多居外职","1","1","2"
"安西都护郭元振奏","1","1","2"
"西都护郭元振奏请","1","1","2"
"前右内率府骑曹参","1","1","2"
"右内率府骑曹参军","1","1","2"
"内率府骑曹参军柳","1","1","2"
"率府骑曹参军柳泽","1","1","2"
"公卿百官三九射礼","1","1","2"
"暹同中书门下平章","2","0","2"
"右司员外郎刘同升","1","1","2"
"时梁州都督李行褒","1","1","2"
"孝敬皇帝妃父裴居","1","1","2"
"敬皇帝妃父裴居道","1","1","2"
"右羽林将军桓彦范","1","1","2"
"司刑少卿袁恕己等","1","1","2"
"凤阁侍郎同凤阁鸾","1","1","2"
"阁侍郎同凤阁鸾台","1","1","2"
"侍郎同凤阁鸾台平","1","1","2"
"郎同凤阁鸾台平章","1","1","2"
"凤阁鸾台平章事张","1","1","2"
"阁鸾台平章事张柬","1","1","2"
"凤阁鸾台平章事崔","1","1","2"
"阁鸾台平章事崔玄","1","1","2"
"同中书门下三品姚","1","1","2"
"中书门下三品姚元","1","1","2"
"驸马都尉武攸暨封","1","1","2"
"河内王武懿宗等十","1","1","2"
"孙褒圣侯崇基朝散","1","1","2"
"褒圣侯崇基朝散大","1","1","2"
"圣侯崇基朝散大夫","1","1","2"
"尚书左仆射豆卢钦","1","1","2"
"书左仆射豆卢钦望","1","1","2"
"军国重事中书门下","1","1","2"
"孝敬皇帝神主太庙","2","0","2"
"韦巨源同中书门下","2","0","2"
"巨源同中书门下三","2","0","2"
"源同中书门下三品","2","0","2"
"皇祖太宗文武皇帝","1","1","2"
"皇兄义宗孝敬皇帝","1","1","2"
"兄义宗孝敬皇帝神","1","1","2"
"义宗孝敬皇帝神主","1","1","2"
"中书门下三品李怀","1","1","2"
"书门下三品李怀远","1","1","2"
"门下三品李怀远请","1","1","2"
"检校兵部尚书齐国","1","1","2"
"校兵部尚书齐国公","1","1","2"
"兵部尚书齐国公魏","1","1","2"
"部尚书齐国公魏元","1","1","2"
"尚书齐国公魏元忠","1","1","2"
"灵武军大总管沙吒","1","1","2"
"武军大总管沙吒忠","1","1","2"
"军大总管沙吒忠义","1","1","2"
"三年春正月庚子朔","2","0","2"
"羽林将军李多祚等","1","1","2"
"朔方道大总管张仁","1","1","2"
"吏部侍郎崔湜同中","2","0","2"
"部侍郎崔湜同中书","2","0","2"
"侍郎崔湜同中书门","2","0","2"
"郎崔湜同中书门下","2","0","2"
"崔湜同中书门下平","2","0","2"
"湜同中书门下平章","2","0","2"
"金河王突骑施守忠","1","1","2"
"酂国公萧忠中书令","2","0","2"
"左仆射舒国公韦巨","1","1","2"
"仆射舒国公韦巨源","1","1","2"
"送金城公主入吐蕃","1","1","2"
"长安令王光辅马嵬","1","1","2"
"安令王光辅马嵬北","1","1","2"
"令王光辅马嵬北原","1","1","2"
"王光辅马嵬北原庄","1","1","2"
"令中书门下供奉官","1","1","2"
"中书门下供奉官五","1","1","2"
"书门下供奉官五品","1","1","2"
"许州司兵参军燕钦","1","1","2"
"州司兵参军燕钦融","1","1","2"
"司兵参军燕钦融上","1","1","2"
"兵参军燕钦融上书","1","1","2"
"见系囚徒常赦所免","2","0","2"
"系囚徒常赦所免者","2","0","2"
"囚徒常赦所免者咸","2","0","2"
"徒常赦所免者咸赦","2","0","2"
"府折冲兵五万人分","1","1","2"
"天大圣皇后依旧号","1","1","2"
"右仆射许国公苏瑰","1","1","2"
"右常侍判刑部尚书","1","1","2"
"韦安石加开府仪同","1","1","2"
"安石加开府仪同三","1","1","2"
"石加开府仪同三司","1","1","2"
"天皇后曰天后圣帝","1","1","2"
"左骁卫将军李楷洛","1","1","2"
"子许昌王嗣直改封","1","1","2"
"方道行军大总管郭","1","1","2"
"道行军大总管郭元","1","1","2"
"行军大总管郭元振","1","1","2"
"林大将军常元楷等","1","1","2"
"定襄道行军总管李","1","1","2"
"襄道行军总管李靖","1","1","2"
"道行军总管李靖大","1","1","2"
"行军总管李靖大破","1","1","2"
"军总管李靖大破突","1","1","2"
"总管李靖大破突厥","1","1","2"
"大同道行军副总管","1","1","2"
"同道行军副总管张","1","1","2"
"道行军副总管张宝","1","1","2"
"行军副总管张宝相","1","1","2"
"右屯卫大将军张士","1","1","2"
"屯卫大将军张士贵","1","1","2"
"卫大将军张士贵讨","1","1","2"
"刑部尚书任城王道","1","1","2"
"部尚书任城王道宗","1","1","2"
"凉州都督李大亮等","1","1","2"
"吐谷浑西平郡王慕","1","1","2"
"谷浑西平郡王慕容","1","1","2"
"浑西平郡王慕容顺","1","1","2"
"西平郡王慕容顺光","1","1","2"
"遣兵部尚书侯君集","1","1","2"
"兵部尚书侯君集率","1","1","2"
"隋鹰扬郎将尧君素","1","1","2"
"鹰扬郎将尧君素忠","1","1","2"
"淮阳王道明送弘化","1","1","2"
"阳王道明送弘化公","1","1","2"
"王道明送弘化公主","1","1","2"
"军大总管侯君集平","1","1","2"
"东道大行台尚书右","1","1","2"
"道大行台尚书右仆","1","1","2"
"大行台尚书右仆射","1","1","2"
"江夏王道宗送文成","1","1","2"
"夏王道宗送文成公","1","1","2"
"王道宗送文成公主","1","1","2"
"命营州都督张俭统","1","1","2"
"改封海陵剌王元吉","1","1","2"
"代州都督刘兰谋反","1","1","2"
"刑部尚书刘德威发","1","1","2"
"部尚书刘德威发兵","1","1","2"
"尚书刘德威发兵讨","1","1","2"
"尚书右仆射高士廉","1","1","2"
"书右仆射高士廉请","1","1","2"
"子突利设献马五万","1","1","2"
"突利设献马五万匹","1","1","2"
"散骑常侍清苑男刘","1","1","2"
"骑常侍清苑男刘洎","1","1","2"
"中书侍郎江陵子岑","1","1","2"
"书侍郎江陵子岑文","1","1","2"
"侍郎江陵子岑文本","1","1","2"
"置太子司议郎官员","1","1","2"
"黄门侍郎褚遂良等","1","1","2"
"门侍郎褚遂良等二","1","1","2"
"侍郎褚遂良等二十","1","1","2"
"郎褚遂良等二十二","1","1","2"
"褚遂良等二十二人","1","1","2"
"前黄门侍郎褚遂良","1","1","2"
"中书侍郎崔仁师除","1","1","2"
"沙钵罗叶护率众归","1","1","2"
"钵罗叶护率众归附","1","1","2"
"右武候将军梁建方","1","1","2"
"右卫率长史王玄策","1","1","2"
"赞普击破中天竺国","1","1","2"
"右卫将军梁建方讨","1","1","2"
"新罗女王金善德死","1","1","2"
"开元二十五年春正","1","1","2"
"元二十五年春正月","1","1","2"
"左散骑常侍崔希逸","1","1","2"
"益州长史王昱率兵","1","1","2"
"州长史王昱率兵攻","1","1","2"
"开元圣文神武皇帝","1","1","2"
"盖嘉运大破突骑施","1","1","2"
"魏州刺史卢晖开通","1","1","2"
"州刺史卢晖开通济","1","1","2"
"刺史卢晖开通济渠","1","1","2"
"突骑施酋长莫贺达","1","1","2"
"骑施酋长莫贺达干","1","1","2"
"施酋长莫贺达干率","1","1","2"
"左右金吾大将军裴","1","1","2"
"右金吾大将军裴宽","1","1","2"
"陈王府参军田同秀","1","1","2"
"王府参军田同秀上","1","1","2"
"元天宝圣文神武皇","1","1","2"
"天宝圣文神武皇帝","1","1","2"
"平卢节度使安禄山","1","1","2"
"卢节度使安禄山进","1","1","2"
"节度使安禄山进阶","1","1","2"
"命陕郡太守韦坚引","1","1","2"
"天下郡府三百六十","1","1","2"
"下郡府三百六十二","1","1","2"
"县一千五百二十八","1","1","2"
"八百五十二万五千","1","1","2"
"百五十二万五千七","1","1","2"
"五十二万五千七百","1","1","2"
"十二万五千七百六","1","1","2"
"二万五千七百六十","1","1","2"
"万五千七百六十三","1","1","2"
"口四千八百九十万","1","1","2"
"四千八百九十万九","1","1","2"
"千八百九十万九千","1","1","2"
"八百九十万九千八","1","1","2"
"百九十万九千八百","1","1","2"
"追尊圣祖玄元皇帝","1","1","2"
"母益寿氏号先天太","1","1","2"
"益寿氏号先天太后","1","1","2"
"尚书右仆射裴耀卿","1","1","2"
"九姓拔悉密叶护攻","1","1","2"
"姓拔悉密叶护攻杀","1","1","2"
"拔悉密叶护攻杀突","1","1","2"
"悉密叶护攻杀突厥","1","1","2"
"密叶护攻杀突厥乌","1","1","2"
"叶护攻杀突厥乌苏","1","1","2"
"护攻杀突厥乌苏米","1","1","2"
"攻杀突厥乌苏米施","1","1","2"
"分新丰县置会昌县","2","0","2"
"契丹松漠都督李怀","1","1","2"
"丹松漠都督李怀节","1","1","2"
"奚饶乐都督李延宠","1","1","2"
"节度使皇甫惟明贬","1","1","2"
"门下侍郎陈希烈同","1","1","2"
"下侍郎陈希烈同中","1","1","2"
"侍郎陈希烈同中书","1","1","2"
"郎陈希烈同中书门","1","1","2"
"陈希烈同中书门下","1","1","2"
"女婿巴陵太守卢幼","1","1","2"
"婿巴陵太守卢幼临","1","1","2"
"巴陵太守卢幼临长","1","1","2"
"群臣请加皇帝尊号","1","1","2"
"臣请加皇帝尊号曰","1","1","2"
"请加皇帝尊号曰开","1","1","2"
"加皇帝尊号曰开元","1","1","2"
"皇帝尊号曰开元天","1","1","2"
"帝尊号曰开元天宝","1","1","2"
"尊号曰开元天宝圣","1","1","2"
"号曰开元天宝圣文","1","1","2"
"曰开元天宝圣文神","1","1","2"
"右节度使哥舒翰攻","1","1","2"
"圣祖玄元皇帝尊号","1","1","2"
"圣祖大道玄元皇帝","1","1","2"
"幸御史中丞杨钊庄","1","1","2"
"一万三千人筑兴庆","1","1","2"
"万三千人筑兴庆宫","1","1","2"
"三千人筑兴庆宫墙","1","1","2"
"地大宝圣文神武孝","1","1","2"
"大宝圣文神武孝德","1","1","2"
"宝圣文神武孝德证","1","1","2"
"圣文神武孝德证道","1","1","2"
"文神武孝德证道皇","1","1","2"
"神武孝德证道皇帝","1","1","2"
"加安禄山尚书左仆","1","1","2"
"安禄山尚书左仆射","1","1","2"
"上玄元皇帝尊号曰","1","1","2"
"玄元皇帝尊号曰大","1","1","2"
"元皇帝尊号曰大圣","1","1","2"
"皇帝尊号曰大圣祖","1","1","2"
"帝尊号曰大圣祖高","1","1","2"
"尊号曰大圣祖高上","1","1","2"
"号曰大圣祖高上大","1","1","2"
"道金阙玄元天皇大","1","1","2"
"金阙玄元天皇大帝","1","1","2"
"武三品上赐爵一级","2","0","2"
"中郎将者二千余人","1","1","2"
"左羽林上将军封常","1","1","2"
"羽林上将军封常清","1","1","2"
"县一千五百三十八","1","1","2"
"户九百六十一万九","1","1","2"
"九百六十一万九千","1","1","2"
"百六十一万九千二","1","1","2"
"六十一万九千二百","1","1","2"
"十一万九千二百五","1","1","2"
"一万九千二百五十","1","1","2"
"万九千二百五十四","1","1","2"
"三百八十八万六千","1","1","2"
"百八十八万六千五","1","1","2"
"八十八万六千五百","1","1","2"
"十八万六千五百四","1","1","2"
"五百三十万一千四","1","1","2"
"百三十万一千四十","1","1","2"
"三十万一千四十四","1","1","2"
"口五千二百八十八","1","1","2"
"五千二百八十八万","1","1","2"
"千二百八十八万四","1","1","2"
"二百八十八万四百","1","1","2"
"百八十八万四百八","1","1","2"
"八十八万四百八十","1","1","2"
"十八万四百八十八","1","1","2"
"四千五百二十一万","1","1","2"
"千五百二十一万八","1","1","2"
"五百二十一万八千","1","1","2"
"百二十一万八千四","1","1","2"
"二十一万八千四百","1","1","2"
"十一万八千四百八","1","1","2"
"一万八千四百八十","1","1","2"
"七百六十六万二千","1","1","2"
"百六十六万二千八","1","1","2"
"六十六万二千八百","1","1","2"
"事中裴士淹等巡抚","1","1","2"
"中裴士淹等巡抚河","1","1","2"
"裴士淹等巡抚河南","1","1","2"
"阳节度使安禄山率","1","1","2"
"加平原太守颜真卿","1","1","2"
"海太守贺兰进明收","1","1","2"
"北庭等路节度大使","1","1","2"
"军国大事先取皇帝","1","1","2"
"国大事先取皇帝处","1","1","2"
"开皇十八年十二月","1","1","2"
"陕东道行台尚书令","1","1","2"
"徐召宗率精兵二千","1","1","2"
"高祖令尚书左仆射","1","1","2"
"祖令尚书左仆射裴","1","1","2"
"令尚书左仆射裴寂","1","1","2"
"窦建德旧将刘黑闼","1","1","2"
"建德旧将刘黑闼举","1","1","2"
"德旧将刘黑闼举兵","1","1","2"
"左右十二卫大将军","1","1","2"
"遣中书侍郎宇文士","1","1","2"
"幽州大都督庐江王","1","1","2"
"州大都督庐江王瑗","1","1","2"
"行军总管尉迟敬德","1","1","2"
"故尚书仆射崔季舒","1","1","2"
"尚书右丞封孝琰等","1","1","2"
"命中书侍郎温彦博","1","1","2"
"女数千人随徐福入","1","1","2"
"数千人随徐福入海","1","1","2"
"千人随徐福入海求","1","1","2"
"人随徐福入海求仙","1","1","2"
"随徐福入海求仙药","1","1","2"
"利州都督义安王孝","1","1","2"
"州都督义安王孝常","1","1","2"
"右武卫将军刘德裕","1","1","2"
"武卫将军刘德裕等","1","1","2"
"遣御史大夫杜淹巡","1","1","2"
"隋武牙郎将高元礼","1","1","2"
"杀瀛州刺史卢祖尚","1","1","2"
"中书舍人杜正伦等","1","1","2"
"咸通八年二月二十","1","1","2"
"通八年二月二十二","1","1","2"
"八年二月二十二日","1","1","2"
"年二月二十二日生","1","1","2"
"蔡州四面行营副都","1","1","2"
"州四面行营副都统","1","1","2"
"食邑二千户韦昭度","1","1","2"
"两川招抚制置使韦","1","1","2"
"川招抚制置使韦昭","1","1","2"
"招抚制置使韦昭度","1","1","2"
"营田观察处置等使","2","0","2"
"蔡州四面行营都统","1","1","2"
"青州节度使王敬武","1","1","2"
"食邑一千户崔安潜","1","1","2"
"百僚上徽号曰圣文","2","0","2"
"僚上徽号曰圣文睿","2","0","2"
"上徽号曰圣文睿德","2","0","2"
"徽号曰圣文睿德光","2","0","2"
"号曰圣文睿德光武","2","0","2"
"曰圣文睿德光武弘","2","0","2"
"宣武节度使硃全忠","2","0","2"
"北面行营招讨都虞","1","1","2"
"面行营招讨都虞候","1","1","2"
"太原东南面招讨使","1","1","2"
"沧州兵马留后卢彦","1","1","2"
"州兵马留后卢彦威","1","1","2"
"沧德观察处置等使","2","0","2"
"行营兵马副招讨孙","1","1","2"
"营兵马副招讨孙揆","1","1","2"
"太原四面行营都统","1","1","2"
"原四面行营都统张","1","1","2"
"四面行营都统张浚","1","1","2"
"二年春正月壬子朔","2","0","2"
"河东节度观察处置","2","0","2"
"东节度观察处置等","2","0","2"
"宣州观察使杨行密","1","1","2"
"李匡威率步骑三万","2","0","2"
"天威军使李顺节率","1","1","2"
"子玉山军使杨守信","1","1","2"
"彭城县开国男刘崇","1","1","2"
"城县开国男刘崇望","1","1","2"
"上御武德殿受朝贺","2","0","2"
"左军中尉西门君遂","1","1","2"
"军中尉西门君遂杀","1","1","2"
"山南西道节度使杨","1","1","2"
"南西道节度使杨守","1","1","2"
"西道节度使杨守亮","1","1","2"
"前左军中尉杨复恭","1","1","2"
"华州节度使韩建奏","1","1","2"
"剑南东川兵马留后","1","1","2"
"充剑南东川节度观","2","0","2"
"南东川节度观察等","2","0","2"
"东川节度观察等使","2","0","2"
"硃全忠遣判官韦震","2","0","2"
"食邑四千五百户李","1","1","2"
"邑四千五百户李茂","1","1","2"
"四千五百户李茂贞","1","1","2"
"神策大将军李钅岁","1","1","2"
"使钱镠镇海军节度","2","0","2"
"江西道观察处置等","2","0","2"
"五十四军进攻岐阳","1","1","2"
"观军容使西门君遂","1","1","2"
"凤翔节度使李茂贞","1","1","2"
"州节度使王行瑜赐","1","1","2"
"大同防御使赫连铎","1","1","2"
"崔胤检校尚书左仆","2","0","2"
"胤检校尚书左仆射","2","0","2"
"晋绛慈隰观察处置","2","0","2"
"号持危启运保乂功","2","0","2"
"夏州节度使李思谏","1","1","2"
"州节度使李思谏充","1","1","2"
"河中节度使王珂充","1","1","2"
"宁四面行营兵马都","1","1","2"
"四面行营兵马都监","1","1","2"
"面行营兵马都监押","1","1","2"
"诸道盐铁转运使崔","1","1","2"
"道盐铁转运使崔昭","1","1","2"
"盐铁转运使崔昭纬","1","1","2"
"河中兵马留后王珂","1","1","2"
"晋绛慈隰观察等使","2","0","2"
"幽州兵马留后刘仁","1","1","2"
"州兵马留后刘仁恭","1","1","2"
"故左军中尉杨复恭","1","1","2"
"改赐忠贞平难功臣","1","1","2"
"南东道观察处置等","2","0","2"
"集贤殿学士杜德祥","1","1","2"
"催促诸道纲运等使","2","0","2"
"博陵县开国伯崔胤","1","1","2"
"新除清海军节度使","2","0","2"
"御史中丞狄归昌尚","2","0","2"
"史中丞狄归昌尚书","2","0","2"
"东西道观察处置等","2","0","2"
"徐州兵马留后庞师","1","1","2"
"州兵马留后庞师古","1","1","2"
"将潞州节度使薛志","1","1","2"
"潞州节度使薛志勤","1","1","2"
"州节度使薛志勤死","1","1","2"
"州节度使刘仁恭驱","1","1","2"
"州刺史硃友恭检校","2","0","2"
"刺史硃友恭检校司","2","0","2"
"食邑一千五百户雷","1","1","2"
"邑一千五百户雷满","1","1","2"
"食邑一千五百户孙","1","1","2"
"邑一千五百户孙储","1","1","2"
"忠烈卫圣镇国功臣","1","1","2"
"观察处置统押近界","2","0","2"
"察处置统押近界诸","2","0","2"
"山八国云南安抚制","1","1","2"
"八国云南安抚制置","1","1","2"
"武信军两道都指挥","1","1","2"
"信军两道都指挥制","1","1","2"
"军两道都指挥制置","1","1","2"
"南东道管内观察处","2","0","2"
"东道管内观察处置","2","0","2"
"观察处置三司水陆","2","0","2"
"察处置三司水陆发","2","0","2"
"处置三司水陆发运","2","0","2"
"食邑三千户赵匡凝","1","1","2"
"前归义军节度副使","1","1","2"
"观察处置押蕃落等","2","0","2"
"察处置押蕃落等使","2","0","2"
"制扶危匡国致理功","2","0","2"
"前清海军节度副使","1","1","2"
"左右军中尉刘季述","1","1","2"
"进奏官程岩等十三","1","1","2"
"奏官程岩等十三人","1","1","2"
"官程岩等十三人请","1","1","2"
"元年春正月甲申朔","2","0","2"
"凤翔护驾都将李继","1","1","2"
"翔护驾都将李继诲","1","1","2"
"护驾都将李继诲奉","1","1","2"
"州节度使李周彝率","1","1","2"
"上令礼部尚书苏循","1","1","2"
"令礼部尚书苏循传","1","1","2"
"同押送中尉韩全诲","1","1","2"
"太清宫修葺宫阙制","1","1","2"
"清宫修葺宫阙制置","1","1","2"
"食邑四千五百户崔","1","1","2"
"邑四千五百户崔胤","1","1","2"
"六军诸卫副使郑元","1","1","2"
"军诸卫副使郑元规","1","1","2"
"河阳节度使张汉瑜","1","1","2"
"赐紫金鱼袋杨注充","1","1","2"
"秘书省校书郎正字","1","1","2"
"荆南襄州忠义军节","1","1","2"
"南襄州忠义军节度","1","1","2"
"食邑六千户赵匡凝","1","1","2"
"赐紫金鱼袋杜彦林","1","1","2"
"司勋员外郎张茂枢","1","1","2"
"淮南西面行营招讨","1","1","2"
"食邑三千户杜洪加","1","1","2"
"左龙武统军硃友恭","2","0","2"
"谥曰圣穆景文孝皇","2","0","2"
"曰圣穆景文孝皇帝","2","0","2"
"景福元年九月三日","1","1","2"
"食邑七千户张全义","1","1","2"
"书宝册官吏部尚书","1","1","2"
"宝册官吏部尚书陆","1","1","2"
"二年春正月庚申朔","2","0","2"
"检校尚书左仆射刘","1","1","2"
"食邑二千五百户王","1","1","2"
"邑二千五百户王师","1","1","2"
"二千五百户王师范","1","1","2"
"前棣州刺史刘仁遇","1","1","2"
"清海军节度使独孤","1","1","2"
"海军节度使独孤损","1","1","2"
"襄节度使赵匡凝奏","1","1","2"
"食邑一千户独孤损","1","1","2"
"陈许节度使张全义","1","1","2"
"前盐铁推官独孤宪","1","1","2"
"尚书职方郎中张策","1","1","2"
"食邑二千户裴贽早","1","1","2"
"元年九月二十九日","1","1","2"
"六军诸卫张全义指","1","1","2"
"军诸卫张全义指挥","1","1","2"
"赐紫金鱼袋司空图","1","1","2"
"昭宗命翰林学士陆","1","1","2"
"太常卿张廷范改谥","1","1","2"
"平护国等军节度观","2","0","2"
"护国等军节度观察","2","0","2"
"国等军节度观察处","2","0","2"
"等军节度观察处置","2","0","2"
"诸道盐铁转运使柳","1","1","2"
"道盐铁转运使柳璨","1","1","2"
"中知制诰张茂枢等","1","1","2"
"三年春正月乙卯朔","2","0","2"
"浙江东西道观察处","1","1","2"
"行营招讨营田安抚","1","1","2"
"营招讨营田安抚两","1","1","2"
"招讨营田安抚两浙","1","1","2"
"讨营田安抚两浙盐","1","1","2"
"营田安抚两浙盐铁","1","1","2"
"田安抚两浙盐铁制","1","1","2"
"安抚两浙盐铁制置","1","1","2"
"博节度使罗绍威杀","1","1","2"
"监生郭应图等六十","1","1","2"
"生郭应图等六十人","1","1","2"
"郭应图等六十人连","1","1","2"
"鄂岳节度使杜洪官","1","1","2"
"岳节度使杜洪官爵","1","1","2"
"佑国军节度使韩建","1","1","2"
"河阳节度副使孙乘","1","1","2"
"书门下平章事张文","1","1","2"
"门下平章事张文蔚","1","1","2"
"下平章事张文蔚等","1","1","2"
"五年二月二十一日","1","1","2"
"麟德三年春正月戊","2","0","2"
"德三年春正月戊辰","2","0","2"
"日亲祀昊天上帝封","2","0","2"
"亲祀昊天上帝封祀","2","0","2"
"祀昊天上帝封祀坛","2","0","2"
"越国太妃燕氏终献","2","0","2"
"改麟德三年乾封元","2","0","2"
"麟德三年乾封元年","2","0","2"
"诸行文武官朝觐华","2","0","2"
"行文武官朝觐华戎","2","0","2"
"文武官朝觐华戎岳","2","0","2"
"武官朝觐华戎岳牧","2","0","2"
"致仕老人朝朔望者","2","0","2"
"诸老人百岁上版授","2","0","2"
"老人百岁上版授下","2","0","2"
"人百岁上版授下州","2","0","2"
"百岁上版授下州刺","2","0","2"
"岁上版授下州刺史","2","0","2"
"封元年正月五日前","2","0","2"
"追号曰太上玄元皇","2","0","2"
"号曰太上玄元皇帝","2","0","2"
"县内宗姓特复一年","2","0","2"
"英国公勣辽东道行","2","0","2"
"国公勣辽东道行军","2","0","2"
"公勣辽东道行军大","2","0","2"
"东台侍郎李安期荆","2","0","2"
"台侍郎李安期荆州","2","0","2"
"侍郎李安期荆州大","2","0","2"
"郎李安期荆州大都","2","0","2"
"李安期荆州大都督","2","0","2"
"安期荆州大都督府","2","0","2"
"期荆州大都督府长","2","0","2"
"右相刘仁轨辽东道","2","0","2"
"相刘仁轨辽东道副","2","0","2"
"刘仁轨辽东道副大","2","0","2"
"仁轨辽东道副大总","2","0","2"
"轨辽东道副大总管","2","0","2"
"辽东道破薛贺水五","2","0","2"
"东道破薛贺水五万","2","0","2"
"道破薛贺水五万人","2","0","2"
"皇太子弘释奠国学","2","0","2"
"诏内外群官上封事","2","0","2"
"岂推过小蕃竟所请","2","0","2"
"擒王高藏大臣男建","2","0","2"
"王高藏大臣男建等","2","0","2"
"高藏大臣男建等归","2","0","2"
"封诸王嫡子皆郡王","2","0","2"
"同东西台三品知左","2","0","2"
"东西台三品知左史","2","0","2"
"西台三品知左史事","2","0","2"
"台三品知左史事张","2","0","2"
"三品知左史事张文","2","0","2"
"品知左史事张文瓘","2","0","2"
"知左史事张文瓘署","2","0","2"
"左史事张文瓘署位","2","0","2"
"移高丽户二万八千","2","0","2"
"高丽户二万八千二","2","0","2"
"丽户二万八千二百","2","0","2"
"凉西诸州空闲处安","2","0","2"
"西诸州空闲处安置","2","0","2"
"漂百姓宅六千八百","2","0","2"
"百姓宅六千八百四","2","0","2"
"姓宅六千八百四十","2","0","2"
"损田苗四千一百五","2","0","2"
"漂坏居人庐舍数千","2","0","2"
"坏居人庐舍数千家","2","0","2"
"总三十六万七千六","2","0","2"
"遣司珍大夫路励行","2","0","2"
"司珍大夫路励行存","2","0","2"
"珍大夫路励行存问","2","0","2"
"大夫路励行存问赈","2","0","2"
"夫路励行存问赈贷","2","0","2"
"坏屋一万四千三百","2","0","2"
"害田四千四百九十","2","0","2"
"凉国公契苾何力驾","2","0","2"
"国公契苾何力驾海","2","0","2"
"公契苾何力驾海道","2","0","2"
"契苾何力驾海道行","2","0","2"
"苾何力驾海道行军","2","0","2"
"何力驾海道行军大","2","0","2"
"力驾海道行军大总","2","0","2"
"改瀚海都护府安北","2","0","2"
"瀚海都护府安北都","2","0","2"
"海都护府安北都护","2","0","2"
"都护府安北都护府","2","0","2"
"高祖初仕隋扶风太","2","0","2"
"祖初仕隋扶风太守","2","0","2"
"高祖时胥徒随材擢","2","0","2"
"赐高年衣物粟帛差","2","0","2"
"转发太原仓米粟入","2","0","2"
"发太原仓米粟入京","2","0","2"
"徙封豫王旭轮冀王","2","0","2"
"乐成男刘仁轨致仕","2","0","2"
"西台三品许敬宗致","2","0","2"
"台三品许敬宗致仕","2","0","2"
"吐蕃寇陷白州等一","2","0","2"
"蕃寇陷白州等一十","2","0","2"
"寇陷白州等一十八","2","0","2"
"陷白州等一十八州","2","0","2"
"阗合众袭龟兹拨换","2","0","2"
"合众袭龟兹拨换城","2","0","2"
"诸州县孔子庙堂学","2","0","2"
"州县孔子庙堂学馆","2","0","2"
"县孔子庙堂学馆破","2","0","2"
"孔子庙堂学馆破坏","2","0","2"
"子庙堂学馆破坏先","2","0","2"
"庙堂学馆破坏先未","2","0","2"
"堂学馆破坏先未造","2","0","2"
"学馆破坏先未造者","2","0","2"
"宜令所司速事营造","2","0","2"
"前西台侍郎李敬玄","2","0","2"
"西台侍郎李敬玄复","2","0","2"
"台侍郎李敬玄复本","2","0","2"
"侍郎李敬玄复本职","2","0","2"
"依旧同东西台三品","2","0","2"
"蕃大将论钦陵所袭","2","0","2"
"唯慕容诺曷钵亲信","2","0","2"
"慕容诺曷钵亲信数","2","0","2"
"容诺曷钵亲信数千","2","0","2"
"诺曷钵亲信数千帐","2","0","2"
"曷钵亲信数千帐内","2","0","2"
"钵亲信数千帐内属","2","0","2"
"周忠孝公士赠太","2","0","2"
"忠孝公士赠太尉","2","0","2"
"鲁国忠烈太夫人赠","2","0","2"
"国忠烈太夫人赠太","2","0","2"
"忠烈太夫人赠太原","2","0","2"
"烈太夫人赠太原王","2","0","2"
"太夫人赠太原王妃","2","0","2"
"京官文武九品上外","2","0","2"
"官文武九品上外命","2","0","2"
"文武九品上外命妇","2","0","2"
"行人冻死者赠帛棺","2","0","2"
"人冻死者赠帛棺木","2","0","2"
"年十五下能存活者","2","0","2"
"听一切任人收养男","2","0","2"
"一切任人收养男女","2","0","2"
"太子右中护摄正谏","2","0","2"
"子右中护摄正谏大","2","0","2"
"右中护摄正谏大夫","2","0","2"
"西台三品赵仁本左","2","0","2"
"台三品赵仁本左肃","2","0","2"
"三品赵仁本左肃机","2","0","2"
"天下四十余州旱霜","2","0","2"
"下四十余州旱霜虫","2","0","2"
"留皇太子弘京监国","2","0","2"
"雍州人梁金柱请钱","2","0","2"
"州人梁金柱请钱三","2","0","2"
"人梁金柱请钱三千","2","0","2"
"梁金柱请钱三千贯","2","0","2"
"金柱请钱三千贯赈","2","0","2"
"柱请钱三千贯赈济","2","0","2"
"请钱三千贯赈济贫","2","0","2"
"钱三千贯赈济贫人","2","0","2"
"左散骑常侍检校秘","2","0","2"
"散骑常侍检校秘书","2","0","2"
"周国公武敏罪复本","2","0","2"
"国公武敏罪复本姓","2","0","2"
"公武敏罪复本姓贺","2","0","2"
"武敏罪复本姓贺兰","2","0","2"
"敏罪复本姓贺兰氏","2","0","2"
"校猎许州叶县昆水","2","0","2"
"猎许州叶县昆水阳","2","0","2"
"遣右卫副率梁积寿","2","0","2"
"右卫副率梁积寿姚","2","0","2"
"卫副率梁积寿姚州","2","0","2"
"副率梁积寿姚州击","2","0","2"
"率梁积寿姚州击叛","2","0","2"
"梁积寿姚州击叛蛮","2","0","2"
"五品上改赐新鱼袋","2","0","2"
"三品上赐金装刀子","2","0","2"
"冀州大都督府复魏","2","0","2"
"州大都督府复魏州","2","0","2"
"监门大将军高侃大","2","0","2"
"门大将军高侃大败","2","0","2"
"大将军高侃大败新","2","0","2"
"将军高侃大败新罗","2","0","2"
"军高侃大败新罗众","2","0","2"
"高侃大败新罗众横","2","0","2"
"侃大败新罗众横水","2","0","2"
"诏咸亨初收养男女","2","0","2"
"咸亨初收养男女驱","2","0","2"
"亨初收养男女驱使","2","0","2"
"初收养男女驱使者","2","0","2"
"金吾将军裴居道女","2","0","2"
"吾将军裴居道女皇","2","0","2"
"将军裴居道女皇太","2","0","2"
"军裴居道女皇太子","2","0","2"
"裴居道女皇太子弘","2","0","2"
"居道女皇太子弘妃","2","0","2"
"山道总管李谨行破","2","0","2"
"道总管李谨行破高","2","0","2"
"总管李谨行破高丽","2","0","2"
"管李谨行破高丽叛","2","0","2"
"李谨行破高丽叛党","2","0","2"
"谨行破高丽叛党瓠","2","0","2"
"行破高丽叛党瓠卢","2","0","2"
"破高丽叛党瓠卢河","2","0","2"
"高丽叛党瓠卢河西","2","0","2"
"高丽平壤余众遁入","2","0","2"
"丽平壤余众遁入新","2","0","2"
"平壤余众遁入新罗","2","0","2"
"九成宫太子新宫成","2","0","2"
"上召五品上诸亲宴","2","0","2"
"召五品上诸亲宴太","2","0","2"
"五品上诸亲宴太子","2","0","2"
"品上诸亲宴太子宫","2","0","2"
"令太子受诸司启事","2","0","2"
"博陵县子阎立本卒","2","0","2"
"勒二国王入朝请降","2","0","2"
"门下三品刘仁轨鸡","2","0","2"
"下三品刘仁轨鸡林","2","0","2"
"三品刘仁轨鸡林道","2","0","2"
"品刘仁轨鸡林道大","2","0","2"
"刘仁轨鸡林道大总","2","0","2"
"仁轨鸡林道大总管","2","0","2"
"右大将军李谨行副","2","0","2"
"周国公武承嗣宗正","2","0","2"
"国公武承嗣宗正卿","2","0","2"
"敕文武官三品己上","2","0","2"
"文武官三品己上服","2","0","2"
"武官三品己上服紫","2","0","2"
"曾孙翼袭封赵国公","2","0","2"
"许归葬昭陵先造坟","2","0","2"
"天后上意见十二条","2","0","2"
"尉迟伏阇雄毗沙都","2","0","2"
"迟伏阇雄毗沙都督","2","0","2"
"伏阇雄击吐蕃功故","2","0","2"
"龟兹王白素稽献银","2","0","2"
"兹王白素稽献银颇","2","0","2"
"王白素稽献银颇罗","2","0","2"
"吐蕃遣大臣论吐浑","2","0","2"
"蕃遣大臣论吐浑弥","2","0","2"
"遣大臣论吐浑弥请","2","0","2"
"林道行军大总管大","2","0","2"
"道行军大总管大破","2","0","2"
"行军大总管大破新","2","0","2"
"军大总管大破新罗","2","0","2"
"大总管大破新罗众","2","0","2"
"总管大破新罗众七","2","0","2"
"管大破新罗众七重","2","0","2"
"大破新罗众七重城","2","0","2"
"新罗遣使入朝献方","2","0","2"
"罗遣使入朝献方物","2","0","2"
"帝欲下诏令天后摄","2","0","2"
"欲下诏令天后摄国","2","0","2"
"下诏令天后摄国政","2","0","2"
"中书侍郎郝处俊谏","2","0","2"
"书侍郎郝处俊谏止","2","0","2"
"周王显妃赵氏罪幽","2","0","2"
"王显妃赵氏罪幽死","2","0","2"
"皇太子弘薨合璧宫","2","0","2"
"太子弘薨合璧宫绮","2","0","2"
"子弘薨合璧宫绮云","2","0","2"
"弘薨合璧宫绮云殿","2","0","2"
"追谥太子弘孝敬皇","2","0","2"
"谥太子弘孝敬皇帝","2","0","2"
"乐成侯刘仁轨左仆","2","0","2"
"成侯刘仁轨左仆射","2","0","2"
"大理卿张文瓘侍中","2","0","2"
"甑山公郝处俊中书","2","0","2"
"山公郝处俊中书令","2","0","2"
"监修国史李敬玄吏","2","0","2"
"修国史李敬玄吏部","2","0","2"
"国史李敬玄吏部尚","2","0","2"
"史李敬玄吏部尚书","2","0","2"
"李敬玄吏部尚书太","2","0","2"
"敬玄吏部尚书太子","2","0","2"
"玄吏部尚书太子左","2","0","2"
"吏部尚书太子左庶","2","0","2"
"部尚书太子左庶子","2","0","2"
"龟兹王白素稽献名","2","0","2"
"兹王白素稽献名马","2","0","2"
"移安东都护府辽东","2","0","2"
"中书侍郎薛元超同","2","0","2"
"书侍郎薛元超同中","2","0","2"
"侍郎薛元超同中书","2","0","2"
"郎薛元超同中书门","2","0","2"
"薛元超同中书门下","2","0","2"
"元超同中书门下三","2","0","2"
"超同中书门下三品","2","0","2"
"令文武官上封事言","2","0","2"
"文武官上封事言失","2","0","2"
"郇王素节削户三分","2","0","2"
"王素节削户三分二","2","0","2"
"陈州言凤凰见宛丘","2","0","2"
"改上元三年曰仪凤","2","0","2"
"上元三年曰仪凤元","2","0","2"
"元三年曰仪凤元年","2","0","2"
"吏部尚书李敬玄中","2","0","2"
"部尚书李敬玄中书","2","0","2"
"尚书李敬玄中书令","2","0","2"
"左丞崔知悌等江南","2","0","2"
"丞崔知悌等江南道","2","0","2"
"工部尚书高藏授辽","2","0","2"
"部尚书高藏授辽东","2","0","2"
"尚书高藏授辽东都","2","0","2"
"书高藏授辽东都督","2","0","2"
"司农卿扶余隆熊津","2","0","2"
"农卿扶余隆熊津州","2","0","2"
"卿扶余隆熊津州都","2","0","2"
"扶余隆熊津州都督","2","0","2"
"移安东都护府新城","2","0","2"
"安东都护府新城统","2","0","2"
"河东诸州召募勇敢","2","0","2"
"诏京文武职事官三","2","0","2"
"京文武职事官三品","2","0","2"
"文武职事官三品上","2","0","2"
"年举文武才能堪任","2","0","2"
"举文武才能堪任将","2","0","2"
"文武才能堪任将帅","2","0","2"
"武才能堪任将帅牧","2","0","2"
"才能堪任将帅牧守","2","0","2"
"能堪任将帅牧守者","2","0","2"
"堪任将帅牧守者一","2","0","2"
"任将帅牧守者一人","2","0","2"
"改年正月一日通乾","2","0","2"
"宴近臣诸亲咸亨殿","2","0","2"
"岂虚薄所能致男轮","2","0","2"
"虚薄所能致男轮小","2","0","2"
"上赋七言诗效柏梁","2","0","2"
"赋七言诗效柏梁体","2","0","2"
"大将军刘审礼等吐","2","0","2"
"将军刘审礼等吐蕃","2","0","2"
"军刘审礼等吐蕃战","2","0","2"
"刘审礼等吐蕃战青","2","0","2"
"审礼等吐蕃战青海","2","0","2"
"礼等吐蕃战青海上","2","0","2"
"问计侍臣中书舍人","2","0","2"
"计侍臣中书舍人郭","2","0","2"
"同中书门下三品恆","2","0","2"
"中书门下三品恆卒","2","0","2"
"盗杀正谏大夫明崇","2","0","2"
"杀正谏大夫明崇俨","2","0","2"
"改仪凤四年调露元","2","0","2"
"仪凤四年调露元年","2","0","2"
"礼官学士详定仪注","2","0","2"
"部侍郎裴行俭讨西","2","0","2"
"侍郎裴行俭讨西突","2","0","2"
"郎裴行俭讨西突厥","2","0","2"
"擒十姓汗阿史都支","2","0","2"
"十姓汗阿史都支帅","2","0","2"
"姓汗阿史都支帅李","2","0","2"
"汗阿史都支帅李遮","2","0","2"
"阿史都支帅李遮匐","2","0","2"
"史都支帅李遮匐归","2","0","2"
"遣单大都护长史萧","2","0","2"
"单大都护长史萧嗣","2","0","2"
"将军曹怀舜率兵恆","2","0","2"
"军曹怀舜率兵恆州","2","0","2"
"曹怀舜率兵恆州守","2","0","2"
"怀舜率兵恆州守井","2","0","2"
"舜率兵恆州守井陉","2","0","2"
"吐蕃文成公主遣大","2","0","2"
"蕃文成公主遣大臣","2","0","2"
"文成公主遣大臣论","2","0","2"
"成公主遣大臣论塞","2","0","2"
"公主遣大臣论塞调","2","0","2"
"主遣大臣论塞调傍","2","0","2"
"遣大臣论塞调傍告","2","0","2"
"大臣论塞调傍告丧","2","0","2"
"同三品高智周知政","2","0","2"
"三品高智周知政事","2","0","2"
"吏部侍郎裴行俭礼","2","0","2"
"部侍郎裴行俭礼部","2","0","2"
"侍郎裴行俭礼部尚","2","0","2"
"郎裴行俭礼部尚书","2","0","2"
"诸州都督刺史洛城","2","0","2"
"州都督刺史洛城南","2","0","2"
"都督刺史洛城南门","2","0","2"
"督刺史洛城南门楼","2","0","2"
"故符玺郎李延寿撰","2","0","2"
"霍王元轨率文武百","2","0","2"
"王元轨率文武百僚","2","0","2"
"赐故玉清观道士王","2","0","2"
"清观道士王远知谥","2","0","2"
"观道士王远知谥曰","2","0","2"
"道士王远知谥曰升","2","0","2"
"士王远知谥曰升真","2","0","2"
"王远知谥曰升真先","2","0","2"
"远知谥曰升真先生","2","0","2"
"幸逍遥谷道士潘师","2","0","2"
"裴行俭大破突厥黑","2","0","2"
"行俭大破突厥黑山","2","0","2"
"伪汗泥熟匐部下所","2","0","2"
"汗泥熟匐部下所杀","2","0","2"
"黄门侍郎裴炎崔知","2","0","2"
"门侍郎裴炎崔知温","2","0","2"
"中书侍郎王德真同","2","0","2"
"书侍郎王德真同中","2","0","2"
"侍郎王德真同中书","2","0","2"
"郎王德真同中书门","2","0","2"
"王德真同中书门下","2","0","2"
"德真同中书门下三","2","0","2"
"真同中书门下三品","2","0","2"
"镇抚大使李敬玄吐","2","0","2"
"抚大使李敬玄吐蕃","2","0","2"
"大使李敬玄吐蕃将","2","0","2"
"使李敬玄吐蕃将赞","2","0","2"
"李敬玄吐蕃将赞婆","2","0","2"
"敬玄吐蕃将赞婆战","2","0","2"
"玄吐蕃将赞婆战湟","2","0","2"
"吐蕃将赞婆战湟中","2","0","2"
"武卫将军黑齿常力","2","0","2"
"卫将军黑齿常力战","2","0","2"
"遂擢河源军经略大","2","0","2"
"擢河源军经略大使","2","0","2"
"鄯州都督李敬玄左","2","0","2"
"州都督李敬玄左迁","2","0","2"
"都督李敬玄左迁衡","2","0","2"
"督李敬玄左迁衡州","2","0","2"
"李敬玄左迁衡州刺","2","0","2"
"敬玄左迁衡州刺史","2","0","2"
"改调露二年永隆元","2","0","2"
"调露二年永隆元年","2","0","2"
"门下三品张大安坐","2","0","2"
"下三品张大安坐庶","2","0","2"
"三品张大安坐庶人","2","0","2"
"品张大安坐庶人左","2","0","2"
"张大安坐庶人左迁","2","0","2"
"大安坐庶人左迁普","2","0","2"
"安坐庶人左迁普州","2","0","2"
"坐庶人左迁普州刺","2","0","2"
"庶人左迁普州刺史","2","0","2"
"州刺史曹王明封零","2","0","2"
"刺史曹王明封零陵","2","0","2"
"史曹王明封零陵郡","2","0","2"
"曹王明封零陵郡王","2","0","2"
"遣礼部尚书裴行俭","2","0","2"
"礼部尚书裴行俭定","2","0","2"
"部尚书裴行俭定襄","2","0","2"
"尚书裴行俭定襄道","2","0","2"
"书裴行俭定襄道大","2","0","2"
"率师讨突厥温傅部","2","0","2"
"师讨突厥温傅部落","2","0","2"
"同民户宜免两年地","2","0","2"
"民户宜免两年地税","2","0","2"
"上诏雍州长史李义","2","0","2"
"诏雍州长史李义玄","2","0","2"
"雍州长史李义玄曰","2","0","2"
"皇太子亲行释奠礼","2","0","2"
"同三品刘仁轨太子","2","0","2"
"三品刘仁轨太子少","2","0","2"
"品刘仁轨太子少傅","2","0","2"
"襄道总管曹怀舜突","2","0","2"
"道总管曹怀舜突厥","2","0","2"
"总管曹怀舜突厥史","2","0","2"
"管曹怀舜突厥史伏","2","0","2"
"曹怀舜突厥史伏念","2","0","2"
"怀舜突厥史伏念战","2","0","2"
"舜突厥史伏念战横","2","0","2"
"突厥史伏念战横水","2","0","2"
"故江王元祥男晫犯","2","0","2"
"江王元祥男晫犯名","2","0","2"
"王元祥男晫犯名教","2","0","2"
"大破突厥史伏念众","2","0","2"
"行俭尽平突厥余党","2","0","2"
"户部尚书崔知悌卒","2","0","2"
"改交州安南都护府","2","0","2"
"曲赦定襄军缘征突","2","0","2"
"赦定襄军缘征突厥","2","0","2"
"定襄军缘征突厥官","2","0","2"
"襄军缘征突厥官吏","2","0","2"
"军缘征突厥官吏兵","2","0","2"
"缘征突厥官吏兵募","2","0","2"
"征突厥官吏兵募等","2","0","2"
"甑山县公郝处俊薨","2","0","2"
"永淳元年正月乙未","2","0","2"
"淳元年正月乙未朔","2","0","2"
"改开耀二年永淳元","2","0","2"
"开耀二年永淳元年","2","0","2"
"立皇孙重照皇太孙","2","0","2"
"吏部郎中王方庆曰","2","0","2"
"晋立愍怀太子子彧","2","0","2"
"立愍怀太子子彧太","2","0","2"
"愍怀太子子彧太孙","2","0","2"
"齐立文惠太子子昭","2","0","2"
"立文惠太子子昭业","2","0","2"
"文惠太子子昭业太","2","0","2"
"惠太子子昭业太孙","2","0","2"
"裴行俭金牙道行军","2","0","2"
"行俭金牙道行军大","2","0","2"
"俭金牙道行军大总","2","0","2"
"将军阎怀旦等三总","2","0","2"
"军阎怀旦等三总管","2","0","2"
"阎怀旦等三总管兵","2","0","2"
"怀旦等三总管兵分","2","0","2"
"旦等三总管兵分道","2","0","2"
"等三总管兵分道讨","2","0","2"
"三总管兵分道讨十","2","0","2"
"总管兵分道讨十姓","2","0","2"
"管兵分道讨十姓突","2","0","2"
"兵分道讨十姓突厥","2","0","2"
"分道讨十姓突厥阿","2","0","2"
"道讨十姓突厥阿史","2","0","2"
"讨十姓突厥阿史车","2","0","2"
"十姓突厥阿史车薄","2","0","2"
"上谓参知政事崔知","2","0","2"
"谓参知政事崔知温","2","0","2"
"参知政事崔知温曰","2","0","2"
"外司四品下知政事","2","0","2"
"司四品下知政事者","2","0","2"
"岐州刺史苏良嗣雍","2","0","2"
"州刺史苏良嗣雍州","2","0","2"
"刺史苏良嗣雍州长","2","0","2"
"史苏良嗣雍州长史","2","0","2"
"黄门侍郎刘景先同","2","0","2"
"门侍郎刘景先同平","2","0","2"
"侍郎刘景先同平章","2","0","2"
"郎刘景先同平章事","2","0","2"
"突厥余党阿史骨笃","2","0","2"
"厥余党阿史骨笃禄","2","0","2"
"余党阿史骨笃禄等","2","0","2"
"党阿史骨笃禄等招","2","0","2"
"阿史骨笃禄等招合","2","0","2"
"史骨笃禄等招合残","2","0","2"
"骨笃禄等招合残众","2","0","2"
"左军卫大将军薛仁","2","0","2"
"卫大将军薛仁贵卒","2","0","2"
"阿史德元珍等围单","2","0","2"
"史德元珍等围单都","2","0","2"
"德元珍等围单都护","2","0","2"
"元珍等围单都护府","2","0","2"
"州部落稽白铁余城","2","0","2"
"部落稽白铁余城平","2","0","2"
"落稽白铁余城平县","2","0","2"
"稽白铁余城平县反","2","0","2"
"命将军程务挺将兵","2","0","2"
"将军程务挺将兵讨","2","0","2"
"州都督崔智辨率师","2","0","2"
"都督崔智辨率师朝","2","0","2"
"督崔智辨率师朝山","2","0","2"
"崔智辨率师朝山掩","2","0","2"
"智辨率师朝山掩击","2","0","2"
"封皇孙重福唐昌郡","2","0","2"
"皇孙重福唐昌郡王","2","0","2"
"令唐昌郡王重福京","2","0","2"
"唐昌郡王重福京留","2","0","2"
"昌郡王重福京留守","2","0","2"
"居人庐舍漂没皆尽","2","0","2"
"欲刺血人主首耶上","2","0","2"
"刺血人主首耶上曰","2","0","2"
"命将军程务挺单道","2","0","2"
"将军程务挺单道安","2","0","2"
"军程务挺单道安抚","2","0","2"
"程务挺单道安抚大","2","0","2"
"务挺单道安抚大使","2","0","2"
"招讨总管讨山贼元","2","0","2"
"讨总管讨山贼元珍","2","0","2"
"郭正一等东宫同平","2","0","2"
"正一等东宫同平章","2","0","2"
"一等东宫同平章事","2","0","2"
"天地神祇若延吾一","2","0","2"
"地神祇若延吾一两","2","0","2"
"神祇若延吾一两月","2","0","2"
"祇若延吾一两月命","2","0","2"
"文明元年八月庚寅","2","0","2"
"金吾将军武懿宗忌","1","1","2"
"押万骑果毅葛福顺","1","1","2"
"万骑果毅葛福顺李","1","1","2"
"骑果毅葛福顺李仙","1","1","2"
"果毅葛福顺李仙凫","1","1","2"
"果毅李守德等亲信","1","1","2"
"毅李守德等亲信十","1","1","2"
"中书门下五品上官","2","0","2"
"门下侍郎卢怀慎同","1","1","2"
"下侍郎卢怀慎同紫","1","1","2"
"侍郎卢怀慎同紫微","1","1","2"
"郎卢怀慎同紫微黄","1","1","2"
"卢怀慎同紫微黄门","1","1","2"
"怀慎同紫微黄门平","1","1","2"
"慎同紫微黄门平章","1","1","2"
"检校左卫大将军薛","1","1","2"
"校左卫大将军薛讷","1","1","2"
"左卫大将军薛讷同","1","1","2"
"卫大将军薛讷同紫","1","1","2"
"大将军薛讷同紫微","1","1","2"
"将军薛讷同紫微黄","1","1","2"
"军薛讷同紫微黄门","1","1","2"
"薛讷同紫微黄门三","1","1","2"
"讷同紫微黄门三品","1","1","2"
"火拔颉利发石失毕","1","1","2"
"太子左庶子刘子玄","1","1","2"
"子左庶子刘子玄刊","1","1","2"
"左庶子刘子玄刊定","1","1","2"
"十姓部落左厢五咄","1","1","2"
"姓部落左厢五咄六","1","1","2"
"部落左厢五咄六啜","1","1","2"
"右厢五弩失毕五俟","1","1","2"
"厢五弩失毕五俟斤","1","1","2"
"高丽莫离支高文简","1","1","2"
"葬睿宗大圣贞皇帝","1","1","2"
"五年春正月壬寅朔","2","0","2"
"契丹松漠郡王李失","1","1","2"
"丹松漠郡王李失活","1","1","2"
"故侍中桓彦范敬晖","1","1","2"
"故左丞相太子少保","1","1","2"
"传国八玺依旧改称","1","1","2"
"开府仪同三司王仁","1","1","2"
"府仪同三司王仁皎","1","1","2"
"十一年春正月丁卯","2","0","2"
"大将军内侍杨思勖","2","0","2"
"将军内侍杨思勖讨","2","0","2"
"御史中丞蒋钦绪等","1","1","2"
"王处贞等二十三人","1","1","2"
"开元二年二月五日","1","1","2"
"改封契丹松漠郡王","1","1","2"
"封契丹松漠郡王李","1","1","2"
"契丹松漠郡王李召","1","1","2"
"丹松漠郡王李召固","1","1","2"
"奚饶乐郡王李鲁苏","1","1","2"
"御史大夫崔隐甫弹","1","1","2"
"碛西副大都护杜暹","1","1","2"
"御史中丞宇文融检","1","1","2"
"左监门将军黎敬仁","1","1","2"
"河北诸军节度大使","1","1","2"
"校兵部尚书萧嵩判","1","1","2"
"兵部尚书萧嵩判凉","1","1","2"
"部尚书萧嵩判凉州","1","1","2"
"尚书萧嵩判凉州事","1","1","2"
"十六年春正月庚子","2","0","2"
"安西副大都护赵颐","1","1","2"
"西副大都护赵颐贞","1","1","2"
"鄯州都督张志亮攻","1","1","2"
"州都督张审素攻破","1","1","2"
"都督张审素攻破蛮","1","1","2"
"前太子宾客元行冲","1","1","2"
"鲁苏妻东光公主韦","1","1","2"
"苏妻东光公主韦氏","1","1","2"
"幽州长史赵含章率","1","1","2"
"上尊号内请加圣文","1","1","2"
"尊号内请加圣文两","1","1","2"
"号内请加圣文两字","1","1","2"
"鸿胪卿崔琳入吐蕃","1","1","2"
"制使监察御史杨汪","1","1","2"
"幽州道副总管郭英","1","1","2"
"州道副总管郭英杰","1","1","2"
"道副总管郭英杰等","1","1","2"
"副总管郭英杰等讨","1","1","2"
"命太子少保陆象先","1","1","2"
"中书舍人裴敦复巡","1","1","2"
"置十道采访处置使","1","1","2"
"眉州鼎皇山下江水","1","1","2"
"州鼎皇山下江水中","1","1","2"
"北庭都护刘涣谋反","1","1","2"
"殿中侍御史杨万顷","1","1","2"
"北庭都护盖嘉运率","1","1","2"
"庭都护盖嘉运率兵","1","1","2"
"京兆醴泉妖人刘志","1","1","2"
"兆醴泉妖人刘志诚","1","1","2"
"醴泉妖人刘志诚率","1","1","2"
"置右肃政御史台官","1","1","2"
"右肃政御史台官员","1","1","2"
"楚州司马李崇福率","1","1","2"
"冬官侍郎狄仁杰巡","1","1","2"
"灵夔子左散骑常侍","1","1","2"
"夔子左散骑常侍范","1","1","2"
"子左散骑常侍范阳","1","1","2"
"左散骑常侍范阳王","1","1","2"
"散骑常侍范阳王蔼","1","1","2"
"故虢王元凤子东莞","1","1","2"
"虢王元凤子东莞公","1","1","2"
"王元凤子东莞公融","1","1","2"
"杀随州刺史泽王上","1","1","2"
"随州刺史泽王上金","1","1","2"
"舒州刺史许王素节","1","1","2"
"加尊号曰圣神皇帝","1","1","2"
"令史务滋等十人分","1","1","2"
"史务滋等十人分道","1","1","2"
"上加金轮圣神皇帝","1","1","2"
"上加尊号曰慈氏越","1","1","2"
"加尊号曰慈氏越古","1","1","2"
"尊号曰慈氏越古金","1","1","2"
"号曰慈氏越古金轮","1","1","2"
"曰慈氏越古金轮圣","1","1","2"
"慈氏越古金轮圣神","1","1","2"
"氏越古金轮圣神皇","1","1","2"
"万岁登封元年腊月","1","1","2"
"右金吾大将军张玄","1","1","2"
"金吾大将军张玄遇","1","1","2"
"右武威大将军李多","1","1","2"
"武威大将军李多祚","1","1","2"
"司农少卿麻仁节等","1","1","2"
"农少卿麻仁节等二","1","1","2"
"少卿麻仁节等二十","1","1","2"
"卿麻仁节等二十八","1","1","2"
"苏宏晖等率兵十八","1","1","2"
"宏晖等率兵十八万","1","1","2"
"遣右豹韬卫大将军","1","1","2"
"右豹韬卫大将军阎","1","1","2"
"豹韬卫大将军阎知","1","1","2"
"韬卫大将军阎知微","1","1","2"
"司属卿高平王重规","1","1","2"
"右羽林卫大将军李","1","1","2"
"羽林卫大将军李多","1","1","2"
"林卫大将军李多祚","1","1","2"
"卫大将军李多祚等","1","1","2"
"甥凤阁鸾台平章事","1","1","2"
"凤阁鸾台平章事李","1","1","2"
"阁鸾台平章事李峤","1","1","2"
"右金吾大将军唐休","1","1","2"
"太子右庶子魏元忠","1","1","2"
"左右羽林军桓彦范","1","1","2"
"肃宗文明武德大圣","1","1","2"
"宗文明武德大圣大","1","1","2"
"召河西节度使哥舒","1","1","2"
"皇太子前锋兵马元","1","1","2"
"太子前锋兵马元帅","1","1","2"
"彭原太守李遵谒见","1","1","2"
"扶风人康景龙杀贼","1","1","2"
"风人康景龙杀贼宣","1","1","2"
"人康景龙杀贼宣慰","1","1","2"
"康景龙杀贼宣慰使","1","1","2"
"景龙杀贼宣慰使薛","1","1","2"
"龙杀贼宣慰使薛总","1","1","2"
"杀贼宣慰使薛总等","1","1","2"
"贼宣慰使薛总等二","1","1","2"
"宣慰使薛总等二百","1","1","2"
"时河西行军司马裴","1","1","2"
"河西行军司马裴冕","1","1","2"
"范阳节度使李光弼","1","1","2"
"门下侍郎崔涣等奉","2","0","2"
"斩潼关败将李承光","1","1","2"
"兵部尚书王思礼副","2","0","2"
"江陵大都督府永王","1","1","2"
"遣太子太师韦见素","1","1","2"
"太子太师韦见素入","1","1","2"
"子太师韦见素入蜀","1","1","2"
"太师韦见素入蜀迎","1","1","2"
"右龙武大将军陈玄","1","1","2"
"贼将伪范阳节度使","1","1","2"
"将伪范阳节度使史","1","1","2"
"伪范阳节度使史思","1","1","2"
"范阳节度使史思明","1","1","2"
"伪河东节度使高秀","1","1","2"
"河东节度使高秀岩","1","1","2"
"皇帝尊号曰光天文","1","1","2"
"帝尊号曰光天文武","1","1","2"
"尊号曰光天文武大","1","1","2"
"号曰光天文武大圣","1","1","2"
"曰光天文武大圣孝","1","1","2"
"光天文武大圣孝感","1","1","2"
"天文武大圣孝感皇","1","1","2"
"文武大圣孝感皇帝","1","1","2"
"回纥英武威远毗伽","1","1","2"
"二年春正月己巳朔","2","0","2"
"受尊号曰乾元大圣","1","1","2"
"尊号曰乾元大圣光","1","1","2"
"号曰乾元大圣光天","1","1","2"
"曰乾元大圣光天文","1","1","2"
"圣光天文武孝感皇","1","1","2"
"光天文武孝感皇帝","1","1","2"
"御史中丞崔寓都统","1","1","2"
"史中丞崔寓都统浙","1","1","2"
"中丞崔寓都统浙江","1","1","2"
"怀州北庭行营节度","1","1","2"
"州北庭行营节度使","1","1","2"
"加皇后张氏尊号曰","1","1","2"
"皇后张氏尊号曰翊","1","1","2"
"后张氏尊号曰翊圣","1","1","2"
"相州行营郭子仪等","1","1","2"
"右羽林大将军郭英","1","1","2"
"右散骑常侍韩择木","1","1","2"
"同中书门下三品吕","1","1","2"
"左龙武大将军陈玄","1","1","2"
"平卢军兵马使田神","1","1","2"
"卢军兵马使田神功","1","1","2"
"中书门下三品李揆","1","1","2"
"书门下三品李揆贬","1","1","2"
"梓州刺史段子璋叛","1","1","2"
"伪将滑州刺史令狐","1","1","2"
"将滑州刺史令狐彰","1","1","2"
"剑南节度使崔光远","1","1","2"
"南节度使崔光远率","1","1","2"
"山南东道五道行营","1","1","2"
"南东道五道行营节","1","1","2"
"东道五道行营节度","1","1","2"
"圣光天文武孝感等","1","1","2"
"本管节度观察等事","1","1","2"
"沔等十六州节度使","1","1","2"
"献定国宝玉十三枚","1","1","2"
"十一曰皇后采桑钩","1","1","2"
"开元十四年十二月","1","1","2"
"元十四年十二月十","1","1","2"
"十四年十二月十三","1","1","2"
"四年十二月十三日","1","1","2"
"飞龙闲厩副使程元","1","1","2"
"龙闲厩副使程元振","1","1","2"
"诏天下兵马元帅雍","1","1","2"
"天下兵马元帅雍王","1","1","2"
"下兵马元帅雍王统","1","1","2"
"襄州右兵马使梁崇","1","1","2"
"州右兵马使梁崇义","1","1","2"
"右兵马使梁崇义杀","1","1","2"
"兵马使梁崇义杀大","1","1","2"
"马使梁崇义杀大将","1","1","2"
"使梁崇义杀大将李","1","1","2"
"梁崇义杀大将李昭","1","1","2"
"淮西节度使王仲升","1","1","2"
"群臣上尊号曰宝应","1","1","2"
"臣上尊号曰宝应元","1","1","2"
"上尊号曰宝应元圣","1","1","2"
"尊号曰宝应元圣文","1","1","2"
"号曰宝应元圣文武","1","1","2"
"曰宝应元圣文武皇","1","1","2"
"宝应元圣文武皇帝","1","1","2"
"射生将王献忠率四","1","1","2"
"生将王献忠率四百","1","1","2"
"将王献忠率四百骑","1","1","2"
"朔方行营节度使仆","1","1","2"
"方行营节度使仆固","1","1","2"
"户部侍郎第五琦专","1","1","2"
"押诸蕃部落副大使","1","1","2"
"大宁郡王仆固怀恩","1","1","2"
"山南东道节度行营","1","1","2"
"南东道节度行营事","1","1","2"
"二百九十三万三千","1","1","2"
"百九十三万三千一","1","1","2"
"九十三万三千一百","1","1","2"
"十三万三千一百二","1","1","2"
"三万三千一百二十","1","1","2"
"万三千一百二十五","1","1","2"
"口一千六百九十二","1","1","2"
"一千六百九十二万","1","1","2"
"千六百九十二万三","1","1","2"
"六百九十二万三百","1","1","2"
"百九十二万三百八","1","1","2"
"九十二万三百八十","1","1","2"
"十二万三百八十六","1","1","2"
"检校太子少保白志","1","1","2"
"校太子少保白志贞","1","1","2"
"检校刑部尚书王昂","1","1","2"
"检校工部尚书崔涣","1","1","2"
"泾王傅吴令瑶等十","1","1","2"
"王傅吴令瑶等十三","1","1","2"
"傅吴令瑶等十三人","1","1","2"
"检校吏部尚书严武","1","1","2"
"淄青节度使侯希逸","1","1","2"
"子仪先锋将白元光","1","1","2"
"封朔方大将孙守亮","1","1","2"
"朔方大将孙守亮等","1","1","2"
"方大将孙守亮等九","1","1","2"
"大将孙守亮等九人","1","1","2"
"封渭北节度使李光","1","1","2"
"检校西山兵马使崔","1","1","2"
"校西山兵马使崔旰","1","1","2"
"西山兵马使崔旰所","1","1","2"
"山兵马使崔旰所杀","1","1","2"
"臣河南都统王缙请","1","1","2"
"军资钱四十万贯修","2","0","2"
"贬刑部尚书颜真卿","1","1","2"
"剑南东川等道副元","1","1","2"
"南东川等道副元帅","1","1","2"
"冯翊郡开国公鱼朝","1","1","2"
"翊郡开国公鱼朝恩","1","1","2"
"郡开国公鱼朝恩加","1","1","2"
"检校礼部尚书裴士","1","1","2"
"校礼部尚书裴士淹","1","1","2"
"礼部尚书裴士淹充","1","1","2"
"河东副元帅郭子仪","1","1","2"
"宋节度使田神功朝","2","0","2"
"剑南副元帅杜鸿渐","1","1","2"
"南节度使卫伯玉封","1","1","2"
"川节度行军司马崔","1","1","2"
"节度行军司马崔旰","1","1","2"
"右羽林将军张献恭","1","1","2"
"崔旰检校右散骑常","1","1","2"
"剑南西川节度使崔","1","1","2"
"南西川节度使崔旰","1","1","2"
"大都督府长史李怀","1","1","2"
"都督府长史李怀仙","1","1","2"
"充淮南节度观察等","2","0","2"
"中书门下平章事辛","1","1","2"
"书门下平章事辛云","1","1","2"
"门下平章事辛云京","1","1","2"
"灵武大都督府长史","1","1","2"
"武大都督府长史常","1","1","2"
"充幽州卢龙节度使","2","0","2"
"建观察使李承昭请","1","1","2"
"西团练使魏少游封","1","1","2"
"经略招讨观察等使","2","0","2"
"羽林大将军辛京杲","1","1","2"
"等十州户税入奉京","2","0","2"
"十州户税入奉京师","2","0","2"
"淮南节度使韦元甫","1","1","2"
"检校刑部尚书魏少","1","1","2"
"校刑部尚书魏少游","1","1","2"
"幽州节度使硃泚加","2","0","2"
"江西观察使路嗣恭","1","1","2"
"西节度使李忠臣朝","1","1","2"
"都督府长史皇甫温","1","1","2"
"平卢淄青节度观察","2","0","2"
"雁门郡王田承嗣贬","1","1","2"
"燧检校左散骑常侍","2","0","2"
"尚书右仆射裴遵庆","1","1","2"
"监军使冉廷兰率兵","1","1","2"
"军使冉廷兰率兵斩","1","1","2"
"潞行军司马李抱真","1","1","2"
"四镇北庭泾原节度","2","0","2"
"献日本国舞女十一","1","1","2"
"日本国舞女十一人","1","1","2"
"河东节度行军司马","1","1","2"
"命吏部尚书刘晏讯","2","0","2"
"吏部尚书刘晏讯鞫","2","0","2"
"将大笼官论器然献","1","1","2"
"司共二千七百九十","1","1","2"
"共二千七百九十六","1","1","2"
"武官九百四十二员","1","1","2"
"泾原节度副使段秀","1","1","2"
"原节度副使段秀实","1","1","2"
"水损田三万一千顷","1","1","2"
"青节度使李正己请","1","1","2"
"小脱空金刚右臂忽","1","1","2"
"汴宋节度使李忠臣","1","1","2"
"成德军节度使张宝","1","1","2"
"德军节度使张宝臣","1","1","2"
"上尊谥曰睿文孝武","1","1","2"
"尊谥曰睿文孝武皇","1","1","2"
"谥曰睿文孝武皇帝","1","1","2"
"敬宗睿武昭愍孝皇","1","1","2"
"宗睿武昭愍孝皇帝","1","1","2"
"川节度使杜元颖进","1","1","2"
"故山南东道节度使","1","1","2"
"伶官绫绢三千五百","1","1","2"
"左神策军兵马使康","1","1","2"
"神策军兵马使康艺","1","1","2"
"策军兵马使康艺全","1","1","2"
"军兵马使康艺全率","1","1","2"
"兵马使康艺全率兵","1","1","2"
"江陵监大转运留后","1","1","2"
"左神策大将康艺全","1","1","2"
"金吾卫大将军李愿","1","1","2"
"卫大将军李愿检校","2","0","2"
"前河中节度使郭钊","1","1","2"
"观察使李德裕上表","1","1","2"
"安南都护李元喜奏","1","1","2"
"加天平军节度使乌","1","1","2"
"天平军节度使乌重","1","1","2"
"平军节度使乌重胤","1","1","2"
"军节度使乌重胤同","1","1","2"
"节度使乌重胤同平","1","1","2"
"度使乌重胤同平章","1","1","2"
"使乌重胤同平章事","1","1","2"
"宰相凉国公李逢吉","1","1","2"
"平卢军节度使薛平","1","1","2"
"汨没密施毗伽昭礼","1","1","2"
"右金吾将军李文悦","1","1","2"
"右金吾卫大将军张","1","1","2"
"金吾卫大将军张茂","1","1","2"
"吾卫大将军张茂宗","1","1","2"
"王播造竞渡船二十","1","1","2"
"长史武昭谋害宰相","1","1","2"
"史武昭谋害宰相李","1","1","2"
"武昭谋害宰相李逢","1","1","2"
"昭谋害宰相李逢吉","1","1","2"
"大将武华等四百人","1","1","2"
"将武华等四百人谋","1","1","2"
"振武节度使张惟清","1","1","2"
"河阳节度掌书记李","1","1","2"
"阳节度掌书记李仲","1","1","2"
"节度掌书记李仲言","1","1","2"
"守金吾卫大将军同","1","1","2"
"贬殿中侍御史王源","1","1","2"
"殿中侍御史王源植","1","1","2"
"右赞善大夫李光现","1","1","2"
"容管经略使严公素","1","1","2"
"礼部尚书王涯检校","1","1","2"
"部尚书王涯检校左","1","1","2"
"尚书王涯检校左仆","1","1","2"
"书王涯检校左仆射","1","1","2"
"命兴唐观道士孙准","1","1","2"
"兴唐观道士孙准入","1","1","2"
"唐观道士孙准入翰","1","1","2"
"观道士孙准入翰林","1","1","2"
"道士孙准入翰林待","1","1","2"
"士孙准入翰林待诏","1","1","2"
"江西观察使殷侑请","1","1","2"
"昭义节度使留后刘","1","1","2"
"鄂岳观察使牛僧孺","1","1","2"
"金吾卫大将军高霞","1","1","2"
"吾卫大将军高霞寓","1","1","2"
"秘书省著作郎韦公","1","1","2"
"书省著作郎韦公肃","1","1","2"
"省著作郎韦公肃注","1","1","2"
"著作郎韦公肃注太","1","1","2"
"作郎韦公肃注太宗","1","1","2"
"郎韦公肃注太宗所","1","1","2"
"韦公肃注太宗所撰","1","1","2"
"苑内古长安城中修","1","1","2"
"内古长安城中修汉","1","1","2"
"赐御史中丞独孤朗","1","1","2"
"御史中丞独孤朗金","1","1","2"
"史中丞独孤朗金紫","1","1","2"
"命京城诸司疏理系","2","0","2"
"京城诸司疏理系囚","2","0","2"
"令供奉道士二十人","1","1","2"
"供奉道士二十人随","1","1","2"
"奉道士二十人随浙","1","1","2"
"道士二十人随浙西","1","1","2"
"幽州衙前都知兵马","1","1","2"
"州衙前都知兵马使","1","1","2"
"衙前都知兵马使李","1","1","2"
"太清宫道士赵归真","1","1","2"
"清宫道士赵归真充","1","1","2"
"两街道门都教授博","1","1","2"
"街道门都教授博士","1","1","2"
"户部尚书胡证检校","1","1","2"
"部尚书胡证检校兵","1","1","2"
"尚书胡证检校兵部","1","1","2"
"书胡证检校兵部尚","1","1","2"
"胡证检校兵部尚书","1","1","2"
"同平章事李逢吉检","1","1","2"
"平章事李逢吉检校","1","1","2"
"章事李逢吉检校司","1","1","2"
"事李逢吉检校司空","1","1","2"
"石定宽等二十八人","1","1","2"
"定宽等二十八人饮","1","1","2"
"宽等二十八人饮酒","1","1","2"
"文宗元圣昭献孝皇","1","1","2"
"宗元圣昭献孝皇帝","1","1","2"
"宝历二年十二月八","1","1","2"
"历二年十二月八日","1","1","2"
"中尉梁守谦率禁军","1","1","2"
"尉梁守谦率禁军讨","1","1","2"
"共一千二百七十人","1","1","2"
"总监中一百二十四","1","1","2"
"监中一百二十四人","1","1","2"
"中一百二十四人先","1","1","2"
"苏佐明等二十八人","1","1","2"
"忠武军节度使王沛","1","1","2"
"贬山南东道节度副","1","1","2"
"南东道节度副使李","1","1","2"
"东道节度副使李续","1","1","2"
"南东道行军司马张","1","1","2"
"兗海沂密等州节度","2","0","2"
"海沂密等州节度使","2","0","2"
"福建观察使独孤朗","1","1","2"
"桂管观察使刘栖楚","1","1","2"
"右金吾卫大将军王","1","1","2"
"金吾卫大将军王公","1","1","2"
"吾卫大将军王公亮","1","1","2"
"邕管经略使王茂元","1","1","2"
"吏部尚书郑絪太子","2","0","2"
"部尚书郑絪太子少","2","0","2"
"灵武节度使李进诚","1","1","2"
"横海军节度使李寰","1","1","2"
"同平章事韦处厚暴","1","1","2"
"南西道节度使王涯","1","1","2"
"驸马韦处仁戴夹罗","1","1","2"
"马韦处仁戴夹罗巾","1","1","2"
"义成军节度使李听","1","1","2"
"军节度使李听太子","2","0","2"
"亲祀昊天上帝南郊","2","0","2"
"剑南东川节度使郭","1","1","2"
"南东川节度使郭钊","1","1","2"
"剑南西川节度使杜","1","1","2"
"南西川节度使杜元","1","1","2"
"军卫大将军董重质","1","1","2"
"卫大将军董重质充","1","1","2"
"神策西川行营都知","1","1","2"
"策西川行营都知兵","1","1","2"
"西川行营都知兵马","1","1","2"
"川行营都知兵马使","1","1","2"
"武昌军节度使牛僧","1","1","2"
"昌军节度使牛僧孺","1","1","2"
"左神策军大将军丘","1","1","2"
"神策军大将军丘直","1","1","2"
"策军大将军丘直方","1","1","2"
"道盐铁转运使王播","1","1","2"
"尚书左丞元稹检校","1","1","2"
"书左丞元稹检校户","1","1","2"
"左丞元稹检校户部","1","1","2"
"丞元稹检校户部尚","1","1","2"
"元稹检校户部尚书","1","1","2"
"鄂岳蕲黄安申等州","1","1","2"
"岳蕲黄安申等州观","1","1","2"
"蕲黄安申等州观察","1","1","2"
"黄安申等州观察使","1","1","2"
"神策行营节度使董","1","1","2"
"策行营节度使董重","1","1","2"
"行营节度使董重质","1","1","2"
"兴元监军使杨叔元","1","1","2"
"淮南节度使段文昌","1","1","2"
"南节度使段文昌检","1","1","2"
"节度使段文昌检校","1","1","2"
"度使段文昌检校尚","1","1","2"
"使段文昌检校尚书","1","1","2"
"段文昌检校尚书左","1","1","2"
"文昌检校尚书左仆","1","1","2"
"昌检校尚书左仆射","1","1","2"
"荆南节度使崔群检","1","1","2"
"南节度使崔群检校","1","1","2"
"节度使崔群检校右","1","1","2"
"度使崔群检校右仆","1","1","2"
"使崔群检校右仆射","1","1","2"
"齐德沧景等州节度","1","1","2"
"德沧景等州节度使","1","1","2"
"沧景等州节度使李","1","1","2"
"西川织造绫罗锦八","1","1","2"
"川织造绫罗锦八千","1","1","2"
"织造绫罗锦八千一","1","1","2"
"造绫罗锦八千一百","1","1","2"
"绫罗锦八千一百六","1","1","2"
"罗锦八千一百六十","1","1","2"
"锦八千一百六十七","1","1","2"
"八千一百六十七匹","1","1","2"
"赐紫金鱼袋宋申锡","1","1","2"
"长庆二年七月二十","1","1","2"
"庆二年七月二十七","1","1","2"
"二年七月二十七日","1","1","2"
"晋国公裴度守司徒","1","1","2"
"山南东道节度使窦","1","1","2"
"南东道节度使窦易","1","1","2"
"东道节度使窦易直","1","1","2"
"东都留守崔元略检","1","1","2"
"都留守崔元略检校","1","1","2"
"留守崔元略检校吏","1","1","2"
"守崔元略检校吏部","1","1","2"
"义成军节度使崔元","1","1","2"
"成军节度使崔元略","1","1","2"
"左金吾卫大将军段","1","1","2"
"金吾卫大将军段嶷","1","1","2"
"太子宾客分司白居","1","1","2"
"子宾客分司白居易","1","1","2"
"方镇节度观察使请","1","1","2"
"立后院副兵马使杨","1","1","2"
"后院副兵马使杨志","1","1","2"
"院副兵马使杨志诚","1","1","2"
"同平章事李载义守","1","1","2"
"平章事李载义守太","1","1","2"
"章事李载义守太保","1","1","2"
"黔中观察使裴弘泰","1","1","2"
"中书门下丞一人随","1","1","2"
"书门下丞一人随时","1","1","2"
"兵部侍郎温造检校","1","1","2"
"部侍郎温造检校户","1","1","2"
"侍郎温造检校户部","1","1","2"
"郎温造检校户部尚","1","1","2"
"温造检校户部尚书","1","1","2"
"检校户部尚书元稹","1","1","2"
"刑部员外郎舒元舆","1","1","2"
"三城怀州节度使杨","1","1","2"
"城怀州节度使杨元","1","1","2"
"怀州节度使杨元卿","1","1","2"
"凤翔节度使王承元","1","1","2"
"太常卿事窦易直检","1","1","2"
"常卿事窦易直检校","1","1","2"
"卿事窦易直检校司","1","1","2"
"事窦易直检校司空","1","1","2"
"桂管观察使裴弘泰","1","1","2"
"部落四百七十三帐","1","1","2"
"义昌军节度使殷侑","1","1","2"
"金吾卫大将军孟友","1","1","2"
"吾卫大将军孟友亮","1","1","2"
"武宁军节度使李听","1","1","2"
"节度使李听太子太","2","0","2"
"度使李听太子太保","2","0","2"
"盐州刺史王晏平检","1","1","2"
"州刺史王晏平检校","1","1","2"
"刺史王晏平检校左","1","1","2"
"史王晏平检校左散","1","1","2"
"王晏平检校左散骑","1","1","2"
"晏平检校左散骑常","1","1","2"
"平检校左散骑常侍","1","1","2"
"河中节度使李程左","2","0","2"
"中节度使李程左仆","2","0","2"
"节度使李程左仆射","2","0","2"
"浙西观察使丁公著","1","1","2"
"时左仆射李程将赴","1","1","2"
"宜准大四年十一月","2","0","2"
"准大四年十一月十","2","0","2"
"大四年十一月十六","2","0","2"
"年十一月十六日敕","2","0","2"
"十一月十六日敕处","2","0","2"
"一月十六日敕处分","2","0","2"
"一十九万三千九百","1","1","2"
"十九万三千九百八","1","1","2"
"九万三千九百八十","1","1","2"
"万三千九百八十九","1","1","2"
"三千九百八十九贯","1","1","2"
"右金吾卫将军史孝","1","1","2"
"金吾卫将军史孝章","1","1","2"
"左金吾卫将军李昌","1","1","2"
"金吾卫将军李昌言","1","1","2"
"吾卫将军李昌言检","1","1","2"
"卫将军李昌言检校","1","1","2"
"将军李昌言检校左","1","1","2"
"军李昌言检校左散","1","1","2"
"李昌言检校左散骑","1","1","2"
"昌言检校左散骑常","1","1","2"
"言检校左散骑常侍","1","1","2"
"荆南节度使段文昌","1","1","2"
"同平章事牛僧孺检","1","1","2"
"平章事牛僧孺检校","1","1","2"
"章事牛僧孺检校右","1","1","2"
"事牛僧孺检校右仆","1","1","2"
"牛僧孺检校右仆射","1","1","2"
"左右三军一百二十","1","1","2"
"右三军一百二十司","1","1","2"
"荆南都团练观察使","1","1","2"
"岭南节度使崔珙检","1","1","2"
"南节度使崔珙检校","1","1","2"
"节度使崔珙检校工","1","1","2"
"度使崔珙检校工部","1","1","2"
"使崔珙检校工部尚","1","1","2"
"崔珙检校工部尚书","1","1","2"
"右金吾卫将军王茂","1","1","2"
"金吾卫将军王茂元","1","1","2"
"左散骑常侍张仲方","1","1","2"
"东都盐铁院官吴季","1","1","2"
"都盐铁院官吴季真","1","1","2"
"山南西道节度使李","1","1","2"
"南西道节度使李载","1","1","2"
"西道节度使李载义","1","1","2"
"泾原节度使张惟清","1","1","2"
"河东节度使令狐楚","1","1","2"
"右龙武统军康志睦","1","1","2"
"左丞杨嗣复检校礼","1","1","2"
"丞杨嗣复检校礼部","1","1","2"
"杨嗣复检校礼部尚","1","1","2"
"嗣复检校礼部尚书","1","1","2"
"左仆射李程检校司","1","1","2"
"仆射李程检校司空","1","1","2"
"州府长官子父后者","2","0","2"
"忠武军节度使王智","1","1","2"
"见开元十七年张说","1","1","2"
"淄青登莱棣观察等","1","1","2"
"青登莱棣观察等使","1","1","2"
"东道节度使裴度充","1","1","2"
"右金吾卫大将军段","1","1","2"
"金吾卫大将军段百","1","1","2"
"吾卫大将军段百伦","1","1","2"
"卫大将军段百伦检","1","1","2"
"大将军段百伦检校","1","1","2"
"将军段百伦检校工","1","1","2"
"军段百伦检校工部","1","1","2"
"段百伦检校工部尚","1","1","2"
"百伦检校工部尚书","1","1","2"
"右龙武统军董重质","1","1","2"
"尚书吏部侍郎郑浣","1","1","2"
"召国子四门助教李","1","1","2"
"国子四门助教李仲","1","1","2"
"子四门助教李仲言","1","1","2"
"平章事李德裕检校","1","1","2"
"章事李德裕检校兵","1","1","2"
"事李德裕检校兵部","1","1","2"
"兴元节度使李德裕","1","1","2"
"节度使李德裕兵部","2","0","2"
"度使李德裕兵部尚","2","0","2"
"使李德裕兵部尚书","2","0","2"
"左金吾卫大将军萧","1","1","2"
"金吾卫大将军萧洪","1","1","2"
"礼部尚书王源中检","1","1","2"
"部尚书王源中检校","1","1","2"
"尚书王源中检校户","1","1","2"
"书王源中检校户部","1","1","2"
"王源中检校户部尚","1","1","2"
"源中检校户部尚书","1","1","2"
"成德军节度使王廷","1","1","2"
"德军节度使王廷凑","1","1","2"
"兵部尚书李德裕检","1","1","2"
"部尚书李德裕检校","1","1","2"
"尚书李德裕检校右","1","1","2"
"书李德裕检校右仆","1","1","2"
"李德裕检校右仆射","1","1","2"
"太子宾客分司张仲","1","1","2"
"子宾客分司张仲方","1","1","2"
"尚书左仆射李逢吉","1","1","2"
"华州镇国军潼关防","1","1","2"
"州镇国军潼关防御","1","1","2"
"镇州左司马王元逵","1","1","2"
"右散骑常侍舒元舆","1","1","2"
"神策军一千五百人","1","1","2"
"剑南东川节度使杨","1","1","2"
"南东川节度使杨嗣","1","1","2"
"东川节度使杨嗣复","1","1","2"
"川节度使杨嗣复检","1","1","2"
"节度使杨嗣复检校","1","1","2"
"度使杨嗣复检校户","1","1","2"
"使杨嗣复检校户部","1","1","2"
"杨嗣复检校户部尚","1","1","2"
"嗣复检校户部尚书","1","1","2"
"魏博六州粟五万石","1","1","2"
"守太子宾客分司东","1","1","2"
"河中节度使王智兴","1","1","2"
"宣武军节度使李程","1","1","2"
"右神策大将军刘沔","1","1","2"
"充皇太子侍读崔侑","1","1","2"
"镇海军节度使路随","1","1","2"
"天平军节度使庾承","1","1","2"
"平军节度使庾承宣","1","1","2"
"左神策军大将军赵","1","1","2"
"神策军大将军赵儋","1","1","2"
"子宾客分司东都白","1","1","2"
"宾客分司东都白居","1","1","2"
"客分司东都白居易","1","1","2"
"充凤翔陇右节度使","2","0","2"
"赐紫金鱼袋舒元舆","1","1","2"
"广州节度使王茂元","1","1","2"
"兵部员外郎李敬彝","1","1","2"
"驾部员外郎卢简能","1","1","2"
"淄青观察使王彦威","1","1","2"
"南西道节度使王源","1","1","2"
"西道节度使王源中","1","1","2"
"大理卿郭行余邠宁","2","0","2"
"理卿郭行余邠宁节","2","0","2"
"卿郭行余邠宁节度","2","0","2"
"郭行余邠宁节度使","2","0","2"
"左金吾卫大将军崔","1","1","2"
"金吾卫大将军崔鄯","1","1","2"
"京兆少尹罗立言权","2","0","2"
"兆少尹罗立言权知","2","0","2"
"荥阳郡开国公郑覃","1","1","2"
"诸道盐铁转运榷茶","1","1","2"
"道盐铁转运榷茶使","1","1","2"
"盐铁转运榷茶使令","1","1","2"
"铁转运榷茶使令狐","1","1","2"
"转运榷茶使令狐楚","1","1","2"
"运榷茶使令狐楚奏","1","1","2"
"金吾大将军陈君赏","1","1","2"
"子宾客分司东都李","2","0","2"
"检校兵部尚书李固","1","1","2"
"校兵部尚书李固言","1","1","2"
"太子太保分司李听","1","1","2"
"神策大将军魏仲卿","1","1","2"
"观察使卢周仁进羡","2","0","2"
"察使卢周仁进羡余","2","0","2"
"使卢周仁进羡余钱","2","0","2"
"五万六千四百七十","1","1","2"
"万六千四百七十六","1","1","2"
"六千四百七十六卷","1","1","2"
"宣武军节度使王智","1","1","2"
"金吾卫大将军陈君","1","1","2"
"吾卫大将军陈君赏","1","1","2"
"欠书四万五千二百","1","1","2"
"书四万五千二百六","1","1","2"
"四万五千二百六十","1","1","2"
"万五千二百六十一","1","1","2"
"五千二百六十一卷","1","1","2"
"左金吾卫将军李执","1","1","2"
"金吾卫将军李执方","1","1","2"
"右金吾卫大将军崔","1","1","2"
"金吾卫大将军崔珙","1","1","2"
"敬宗皇帝第二子休","1","1","2"
"宗皇帝第二子休复","1","1","2"
"湖南观察使卢行术","1","1","2"
"兴元节度使令狐楚","1","1","2"
"驸马公主行服三年","2","0","2"
"赐紫金鱼袋杨嗣复","1","1","2"
"书门下平章事李石","1","1","2"
"沔王府长史林赞等","1","1","2"
"前江西观察使吴士","1","1","2"
"江西观察使吴士规","1","1","2"
"西川节度使李固言","1","1","2"
"改授检校兵部尚书","1","1","2"
"皇太子侍读窦宗直","1","1","2"
"太子侍读窦宗直隔","1","1","2"
"子侍读窦宗直隔日","1","1","2"
"侍读窦宗直隔日入","1","1","2"
"读窦宗直隔日入少","1","1","2"
"窦宗直隔日入少阳","1","1","2"
"宗直隔日入少阳院","1","1","2"
"浙东观察使李道枢","1","1","2"
"四百九十九万六千","1","1","2"
"百九十九万六千七","1","1","2"
"九十九万六千七百","1","1","2"
"十九万六千七百五","1","1","2"
"九万六千七百五十","1","1","2"
"万六千七百五十二","1","1","2"
"西平郡王李晟长子","1","1","2"
"卫将军共赐钱二百","1","1","2"
"将军共赐钱二百贯","1","1","2"
"晋慈隰观察使崔汉","2","0","2"
"慈隰观察使崔汉衡","2","0","2"
"隰观察使崔汉衡加","1","1","2"
"右神策将军李长荣","1","1","2"
"河阳三城怀州团练","1","1","2"
"阳三城怀州团练使","1","1","2"
"右散骑常侍宜城县","1","1","2"
"散骑常侍宜城县子","1","1","2"
"骑常侍宜城县子柳","1","1","2"
"常侍宜城县子柳浑","1","1","2"
"贬礼部侍郎刘太真","1","1","2"
"李怀光外孙燕八八","1","1","2"
"左龙武统军戴休颜","1","1","2"
"检校户部尚书嗣曹","1","1","2"
"校户部尚书嗣曹王","1","1","2"
"剑南西川节度使韦","1","1","2"
"南西川节度使韦皋","1","1","2"
"令户部侍郎张滂主","1","1","2"
"剑南东川节度使王","1","1","2"
"南东川节度使王叔","1","1","2"
"东川节度使王叔邕","1","1","2"
"陇右节度使李元谅","1","1","2"
"朔方等道行军司马","1","1","2"
"方等道行军司马李","1","1","2"
"等道行军司马李栾","1","1","2"
"汴州节度使刘士宁","1","1","2"
"邕管经略使孙公器","1","1","2"
"赐宰臣两省供奉官","2","0","2"
"宰臣两省供奉官宴","2","0","2"
"臣两省供奉官宴曲","2","0","2"
"省供奉官宴曲江亭","2","0","2"
"昭义军节度留后王","1","1","2"
"义军节度留后王虔","1","1","2"
"军节度留后王虔休","1","1","2"
"天德军节度副大使","1","1","2"
"度支营田观察押蕃","2","0","2"
"支营田观察押蕃落","2","0","2"
"营田观察押蕃落等","2","0","2"
"田观察押蕃落等使","2","0","2"
"九姓回纥腾里罗羽","1","1","2"
"姓回纥腾里罗羽录","1","1","2"
"回纥腾里罗羽录没","1","1","2"
"纥腾里罗羽录没密","1","1","2"
"腾里罗羽录没密施","1","1","2"
"里罗羽录没密施合","1","1","2"
"罗羽录没密施合胡","1","1","2"
"羽录没密施合胡六","1","1","2"
"录没密施合胡六骨","1","1","2"
"没密施合胡六骨咄","1","1","2"
"密施合胡六骨咄禄","1","1","2"
"河东行军司马李悦","1","1","2"
"慈隰都防御观察使","2","0","2"
"沧州节度使程怀直","1","1","2"
"银台亭子门外立碑","1","1","2"
"置左右护军中尉监","1","1","2"
"前魏博节度副使田","1","1","2"
"魏博节度副使田季","1","1","2"
"博节度副使田季安","1","1","2"
"剑南西山国女国王","1","1","2"
"右神策中尉霍仙鸣","1","1","2"
"容管经略使房孺复","1","1","2"
"徐泗节度使张建封","1","1","2"
"中春麟德殿宴群臣","1","1","2"
"春麟德殿宴群臣诗","1","1","2"
"检校吏部尚书杜亚","1","1","2"
"左神策行营节度韩","1","1","2"
"神策行营节度韩全","1","1","2"
"策行营节度韩全义","1","1","2"
"左神策护军中尉霍","1","1","2"
"神策护军中尉霍仙","1","1","2"
"策护军中尉霍仙鸣","1","1","2"
"浙西观察使李若初","1","1","2"
"汴宋亳颍观察等使","2","0","2"
"检校工部尚书王虔","1","1","2"
"校工部尚书王虔休","1","1","2"
"阳三城节度使李元","1","1","2"
"五万八千二百七十","1","1","2"
"万八千二百七十一","1","1","2"
"八千二百七十一人","1","1","2"
"朗山破淮西贼三千","1","1","2"
"山破淮西贼三千人","1","1","2"
"左龙武统军程怀直","1","1","2"
"义成军节度使姚南","1","1","2"
"成军节度使姚南仲","1","1","2"
"纳行军司马韦夏卿","1","1","2"
"义成军节度使卢群","1","1","2"
"中书门下平章事郑","1","1","2"
"河东行军司马郑儋","1","1","2"
"黔中观察使韦士宗","1","1","2"
"衢州刺史郑式瞻进","1","1","2"
"定平镇兵马使李朝","1","1","2"
"河东行军司马严绶","1","1","2"
"九日赐宴曲江亭诗","1","1","2"
"河中行军司马郑元","1","1","2"
"检校礼部尚书王栖","1","1","2"
"校礼部尚书王栖耀","1","1","2"
"陈许行军司马刘昌","1","1","2"
"许行军司马刘昌裔","1","1","2"
"尚书右仆射姚南仲","1","1","2"
"盐州兵马使李兴干","1","1","2"
"振武行军司马阎巨","1","1","2"
"武行军司马阎巨源","1","1","2"
"天德军防御团练使","1","1","2"
"臧河南观察使论乞","1","1","2"
"河南观察使论乞冉","1","1","2"
"南观察使论乞冉等","1","1","2"
"观察使论乞冉等五","1","1","2"
"察使论乞冉等五十","1","1","2"
"使论乞冉等五十四","1","1","2"
"论乞冉等五十四人","1","1","2"
"易定节度使张茂昭","1","1","2"
"浙东观察判官凌准","1","1","2"
"七年十一月十四日","1","1","2"
"大中十三年八月七","1","1","2"
"中十三年八月七日","1","1","2"
"检校尚书左仆射毕","1","1","2"
"河中节度使杜审权","1","1","2"
"检校工部尚书李福","1","1","2"
"颍上等县平地水深","1","1","2"
"上等县平地水深一","1","1","2"
"等县平地水深一丈","1","1","2"
"郑滑颍观察处置等","2","0","2"
"滑颍观察处置等使","2","0","2"
"兵部员外郎杨知远","1","1","2"
"司勋员外郎穆仁裕","1","1","2"
"神策将军康承训率","1","1","2"
"百僚上徽号曰睿文","2","0","2"
"睿文明圣孝德皇帝","1","1","2"
"户部员外郎崔彦昭","1","1","2"
"部员外郎崔彦昭等","1","1","2"
"谏议大夫裴坦上疏","1","1","2"
"秦州经略使高骈率","1","1","2"
"延资库使夏侯孜奏","1","1","2"
"三百六十九万余贯","1","1","2"
"百六十九万余贯匹","1","1","2"
"二十六万四千一百","1","1","2"
"十六万四千一百八","1","1","2"
"六万四千一百八十","1","1","2"
"万四千一百八十贯","1","1","2"
"四千一百八十贯匹","1","1","2"
"五十万五千七百一","1","1","2"
"十万五千七百一十","1","1","2"
"万五千七百一十四","1","1","2"
"检校刑部尚书孔温","1","1","2"
"校刑部尚书孔温裕","1","1","2"
"西川节度使牛丛奏","1","1","2"
"右金吾大将军李宴","1","1","2"
"金吾大将军李宴元","1","1","2"
"沙州节度使张义潮","1","1","2"
"州节度使张义潮进","1","1","2"
"镇州大都督府左司","1","1","2"
"充成德军节度观察","2","0","2"
"吐蕃大将尚恐热交","1","1","2"
"蕃大将尚恐热交战","1","1","2"
"浙西观察使杜审权","1","1","2"
"二十一万四千一百","1","1","2"
"十一万四千一百匹","1","1","2"
"积欠一百五十万五","1","1","2"
"五十万五千七百余","1","1","2"
"十万五千七百余贯","1","1","2"
"万五千七百余贯匹","1","1","2"
"诸道州府场监院合","2","0","2"
"道州府场监院合送","2","0","2"
"州府场监院合送户","2","0","2"
"府场监院合送户部","2","0","2"
"积欠三十六万五千","1","1","2"
"欠三十六万五千五","1","1","2"
"三十六万五千五百","1","1","2"
"司勋员外郎崔殷梦","1","1","2"
"江南西道观察处置","1","1","2"
"鄂岳观察使刘允章","1","1","2"
"岳观察使刘允章上","1","1","2"
"观察使刘允章上书","1","1","2"
"神武大将军王晏权","1","1","2"
"徐州北路行营招讨","1","1","2"
"徐州南路行营招讨","1","1","2"
"州南路行营招讨都","1","1","2"
"南路行营招讨都虞","1","1","2"
"路行营招讨都虞候","1","1","2"
"颍州行营都知兵马","1","1","2"
"徐州行营都知兵马","1","1","2"
"承训检校尚书右仆","1","1","2"
"训检校尚书右仆射","1","1","2"
"贼将郑镒急攻寿州","1","1","2"
"诏南面招讨使马举","2","0","2"
"南面招讨使马举救","1","1","2"
"州防虞行官石侔等","1","1","2"
"防虞行官石侔等一","1","1","2"
"虞行官石侔等一百","1","1","2"
"行官石侔等一百三","1","1","2"
"官石侔等一百三十","1","1","2"
"石侔等一百三十人","1","1","2"
"行官石琼脱衣甲稍","1","1","2"
"荆南观察支使崔序","1","1","2"
"徐州东南面招讨使","1","1","2"
"州东南面招讨使曹","1","1","2"
"东南面招讨使曹翔","1","1","2"
"定边军节度都头安","1","1","2"
"定边军节度使窦滂","1","1","2"
"蛮军乘胜进攻西川","1","1","2"
"魏博节度使何全皞","2","0","2"
"尚书右仆射杜审权","1","1","2"
"河东节度使康承训","1","1","2"
"吏部侍郎杨知温考","1","1","2"
"礼部员外郎崔澹等","1","1","2"
"咸通九年二月二日","1","1","2"
"通九年二月二日下","1","1","2"
"兵部员外郎陆勋等","1","1","2"
"吏部侍郎独孤云考","1","1","2"
"御史大夫张直方贬","1","1","2"
"前河阴院官韦君卿","1","1","2"
"左散骑常侍李郁贬","1","1","2"
"前中书舍人封彦卿","1","1","2"
"中书舍人封彦卿贬","1","1","2"
"右谏议大夫杨塾贬","1","1","2"
"云中防御使段文楚","1","1","2"
"明成武献文睿智章","1","1","2"
"成武献文睿智章仁","1","1","2"
"武献文睿智章仁神","1","1","2"
"献文睿智章仁神聪","1","1","2"
"文睿智章仁神聪懿","1","1","2"
"睿智章仁神聪懿道","1","1","2"
"智章仁神聪懿道大","1","1","2"
"章仁神聪懿道大孝","1","1","2"
"仁神聪懿道大孝皇","1","1","2"
"神聪懿道大孝皇帝","1","1","2"
"太原节度使崔彦昭","1","1","2"
"幽州节度使张公素","1","1","2"
"睿文昭圣恭惠孝皇","1","1","2"
"文昭圣恭惠孝皇帝","1","1","2"
"淮南节度观察副大","1","1","2"
"南节度观察副大使","1","1","2"
"南东道节度观察等","2","0","2"
"东道节度观察等使","2","0","2"
"检校尚书右仆射崔","1","1","2"
"校尚书右仆射崔彦","1","1","2"
"尚书右仆射崔彦昭","1","1","2"
"故湖南观察使李庾","1","1","2"
"检校兵部尚书李钧","1","1","2"
"吏部员外郎徐彦若","1","1","2"
"道盐铁转运使王凝","1","1","2"
"考功员外郎周仁举","1","1","2"
"黄州刺史计信卿等","1","1","2"
"青州节度使宋威上","1","1","2"
"州节度使宋威上表","1","1","2"
"威诸道招讨草贼使","1","1","2"
"平卢军节度使宋威","1","1","2"
"指挥诸道兵马招讨","1","1","2"
"挥诸道兵马招讨草","1","1","2"
"诸道兵马招讨草贼","1","1","2"
"道兵马招讨草贼使","1","1","2"
"幽州节度使李茂勋","1","1","2"
"州节度使李茂勋上","1","1","2"
"节度使李茂勋上表","1","1","2"
"幽州大都督府左司","1","1","2"
"检校工部尚书李茂","1","1","2"
"校工部尚书李茂勋","1","1","2"
"前绵州刺史皇甫镛","1","1","2"
"江州贼首柳彦璋聚","1","1","2"
"南东道节度使李福","1","1","2"
"遣都押衙康传圭率","1","1","2"
"北面行营招讨使李","1","1","2"
"面行营招讨使李钧","1","1","2"
"充淮南节度副大使","2","0","2"
"骈诸道行营兵马都","1","1","2"
"河东马步军都虞候","1","1","2"
"襄阳节度使刘巨容","1","1","2"
"节度使高骈诸道兵","1","1","2"
"度使高骈诸道兵马","1","1","2"
"使高骈诸道兵马行","1","1","2"
"高骈诸道兵马行营","1","1","2"
"骈诸道兵马行营都","1","1","2"
"诸道兵马行营都统","1","1","2"
"汝州防御使诸葛爽","1","1","2"
"等州诸道行营都招","1","1","2"
"州诸道行营都招讨","1","1","2"
"诸道行营都招讨使","1","1","2"
"应东北面行营李孝","1","1","2"
"东北面行营李孝昌","1","1","2"
"代北行营招讨使李","1","1","2"
"北行营招讨使李琢","1","1","2"
"左军中尉田令孜专","1","1","2"
"北面行营招讨副使","1","1","2"
"面行营招讨副使诸","1","1","2"
"行营招讨副使诸葛","1","1","2"
"营招讨副使诸葛爽","1","1","2"
"北面行营马步都虞","1","1","2"
"面行营马步都虞候","1","1","2"
"河中马步都虞候王","1","1","2"
"中马步都虞候王重","1","1","2"
"马步都虞候王重荣","1","1","2"
"代州北面行营都监","1","1","2"
"州北面行营都监押","1","1","2"
"北面行营都监押陈","1","1","2"
"面行营都监押陈景","1","1","2"
"行营都监押陈景思","1","1","2"
"营都监押陈景思率","1","1","2"
"京西诸道行营都统","1","1","2"
"泾原节度使程宗楚","1","1","2"
"秦州经略使仇公遇","1","1","2"
"鄜延节度使李孝昌","2","0","2"
"夏州节度使拓拔思","1","1","2"
"州节度使拓拔思恭","1","1","2"
"节度使拓拔思恭等","1","1","2"
"前大同军防御使李","1","1","2"
"大同军防御使李克","1","1","2"
"充京城四面行营都","1","1","2"
"京城四面行营都统","1","1","2"
"义武军节度使王处","1","1","2"
"武军节度使王处存","1","1","2"
"朔方军节度使拓拔","1","1","2"
"方军节度使拓拔思","1","1","2"
"军节度使拓拔思恭","1","1","2"
"凤翔大将李昌言代","1","1","2"
"京城西面行营都统","1","1","2"
"节度使诸葛爽弃城","1","1","2"
"镇冀深赵观察处置","2","0","2"
"冀深赵观察处置等","2","0","2"
"深赵观察处置等使","2","0","2"
"食邑六千户王景崇","1","1","2"
"左神策弩手甄君楚","1","1","2"
"校尚书右仆射王重","1","1","2"
"尚书右仆射王重荣","1","1","2"
"京城西北面行营都","1","1","2"
"城西北面行营都统","1","1","2"
"诸道行营兵马都监","1","1","2"
"道行营兵马都监杨","1","1","2"
"行营兵马都监杨复","1","1","2"
"营兵马都监杨复光","1","1","2"
"资忠耀武匡国平难","1","1","2"
"忠耀武匡国平难功","1","1","2"
"耀武匡国平难功臣","1","1","2"
"河阳节度使诸葛爽","1","1","2"
"山南西道节度使鹿","1","1","2"
"南西道节度使鹿晏","1","1","2"
"西道节度使鹿晏弘","1","1","2"
"魏博节度使乐彦祯","1","1","2"
"蔡州西北面行营都","1","1","2"
"州西北面行营都统","1","1","2"
"杭州刺史董昌大败","1","1","2"
"州刺史董昌大败刘","1","1","2"
"刺史董昌大败刘汉","1","1","2"
"史董昌大败刘汉宏","1","1","2"
"招募新军五十四都","1","1","2"
"州奏事判官李松年","1","1","2"
"时兴元节度使石君","1","1","2"
"剑南西川节度监军","1","1","2"
"遣谏议大夫刘崇望","1","1","2"
"幽州节度使李全忠","1","1","2"
"怀州刺史张全义收","1","1","2"
"天威军都头杨守立","1","1","2"
"邑一千五百户李茂","1","1","2"
"一千五百户李茂贞","1","1","2"
"凤翔陇右节度等使","2","0","2"
"东川节度使顾彦朗","1","1","2"
"凤翔陇右节度观察","2","0","2"
"翔陇右节度观察处","2","0","2"
"陇右节度观察处置","2","0","2"
"右节度观察处置等","2","0","2"
"武百僚上徽号曰圣","2","0","2"
"关内支度盐池六城","1","1","2"
"内支度盐池六城水","1","1","2"
"支度盐池六城水运","1","1","2"
"度盐池六城水运大","1","1","2"
"盐池六城水运大使","1","1","2"
"一千九百户郭子仪","1","1","2"
"右羽林大将军吴希","1","1","2"
"羽林大将军吴希光","1","1","2"
"鄜坊丹延都团练观","2","0","2"
"坊丹延都团练观察","2","0","2"
"丹延都团练观察使","2","0","2"
"河阳三城镇遏使马","1","1","2"
"阳三城镇遏使马燧","1","1","2"
"河东节度留后鲍防","1","1","2"
"置东都京畿观察使","1","1","2"
"检校刑部尚书白孝","1","1","2"
"校刑部尚书白孝德","1","1","2"
"上尊号曰圣神文武","1","1","2"
"尊号曰圣神文武皇","1","1","2"
"号曰圣神文武皇帝","1","1","2"
"贬尚书左仆射刘晏","1","1","2"
"昭义军节度留后李","1","1","2"
"义军节度留后李抱","1","1","2"
"军节度留后李抱真","1","1","2"
"命江西观察使崔昭","1","1","2"
"江西观察使崔昭册","1","1","2"
"黔中经略招讨观察","2","0","2"
"中书门下平章事崔","1","1","2"
"鸿胪寺左右威远营","1","1","2"
"胪寺左右威远营隶","1","1","2"
"振武军使张光晟杀","1","1","2"
"吐蕃宰相论钦明思","1","1","2"
"蕃宰相论钦明思等","1","1","2"
"宰相论钦明思等五","1","1","2"
"相论钦明思等五十","1","1","2"
"论钦明思等五十五","1","1","2"
"钦明思等五十五人","1","1","2"
"明思等五十五人同","1","1","2"
"将相功臣房玄龄等","1","1","2"
"相功臣房玄龄等一","1","1","2"
"功臣房玄龄等一百","1","1","2"
"臣房玄龄等一百八","1","1","2"
"房玄龄等一百八十","1","1","2"
"玄龄等一百八十七","1","1","2"
"龄等一百八十七人","1","1","2"
"检校户部尚书张献","1","1","2"
"校户部尚书张献恭","1","1","2"
"军节度使李希烈充","1","1","2"
"浙江东西道观察等","2","0","2"
"江东西道观察等使","2","0","2"
"延观察留后李建徽","1","1","2"
"书门下平章事李正","1","1","2"
"门下平章事李正己","1","1","2"
"军节度使李希烈攻","1","1","2"
"李希烈同中书门下","1","1","2"
"尚书左仆射杨炎贬","1","1","2"
"书左仆射杨炎贬崖","1","1","2"
"左仆射杨炎贬崖州","1","1","2"
"仆射杨炎贬崖州司","1","1","2"
"射杨炎贬崖州司马","1","1","2"
"加宣武军节度使刘","1","1","2"
"武军节度使刘洽御","1","1","2"
"军节度使刘洽御史","1","1","2"
"节度使刘洽御史大","1","1","2"
"度使刘洽御史大夫","1","1","2"
"文宣王三十七代孙","1","1","2"
"宣王三十七代孙齐","1","1","2"
"王三十七代孙齐贤","1","1","2"
"定州刺史杨政义州","2","0","2"
"检校太子宾客王武","1","1","2"
"校太子宾客王武俊","1","1","2"
"恆冀都团练观察使","2","0","2"
"故常山太守袁履谦","1","1","2"
"常山太守袁履谦左","1","1","2"
"山太守袁履谦左散","1","1","2"
"太守袁履谦左散骑","1","1","2"
"守袁履谦左散骑常","1","1","2"
"袁履谦左散骑常侍","1","1","2"
"故许州长史庞坚右","1","1","2"
"许州长史庞坚右散","1","1","2"
"州长史庞坚右散骑","1","1","2"
"长史庞坚右散骑常","1","1","2"
"史庞坚右散骑常侍","1","1","2"
"故巩县主簿蒋清礼","1","1","2"
"巩县主簿蒋清礼部","1","1","2"
"县主簿蒋清礼部侍","1","1","2"
"主簿蒋清礼部侍郎","1","1","2"
"代国公安金藏兵部","1","1","2"
"国公安金藏兵部尚","1","1","2"
"公安金藏兵部尚书","1","1","2"
"方节度使李怀光率","1","1","2"
"北庭节度使杨休明","1","1","2"
"故河西节度使周鼎","1","1","2"
"故瓜州刺史张铣等","1","1","2"
"检校左仆射马燧同","1","1","2"
"校左仆射马燧同平","1","1","2"
"左仆射马燧同平章","1","1","2"
"仆射马燧同平章事","1","1","2"
"潞李抱真检校右仆","1","1","2"
"李抱真检校右仆射","1","1","2"
"神策营招讨使李晟","1","1","2"
"策营招讨使李晟右","1","1","2"
"营招讨使李晟右散","1","1","2"
"招讨使李晟右散骑","1","1","2"
"讨使李晟右散骑常","1","1","2"
"使李晟右散骑常侍","1","1","2"
"西水陆运两税盐铁","2","0","2"
"泾原节度留后姚令","1","1","2"
"原节度留后姚令言","1","1","2"
"水陆运两税盐铁使","2","0","2"
"西川节度使张延赏","1","1","2"
"川节度使张延赏检","1","1","2"
"节度使张延赏检校","1","1","2"
"度使张延赏检校吏","1","1","2"
"使张延赏检校吏部","1","1","2"
"张延赏检校吏部尚","1","1","2"
"延赏检校吏部尚书","1","1","2"
"南东道节度使李承","1","1","2"
"吐蕃宰相尚结赞同","2","0","2"
"蕃宰相尚结赞同盟","2","0","2"
"龙武大将军哥舒曜","1","1","2"
"河阳等军节度都统","1","1","2"
"费钱一百三十万贯","1","1","2"
"泾原节度使姚令言","1","1","2"
"原节度使姚令言率","1","1","2"
"节度使姚令言率泾","1","1","2"
"度使姚令言率泾原","1","1","2"
"右龙武军使令狐建","1","1","2"
"商州都虞候王仙鹤","1","1","2"
"湖南观察留后赵憬","1","1","2"
"金部员外郎吴通微","1","1","2"
"南东道行军司马樊","1","1","2"
"东道行军司马樊泽","1","1","2"
"司农卿张掖王段秀","1","1","2"
"农卿张掖王段秀实","1","1","2"
"宣武节度使刘洽加","1","1","2"
"魏博行军司马田绪","1","1","2"
"博行军司马田绪杀","1","1","2"
"南节度使陈少游加","1","1","2"
"节度使陈少游加检","1","1","2"
"度使陈少游加检校","1","1","2"
"使陈少游加检校司","1","1","2"
"陈少游加检校司徒","1","1","2"
"川节度使李叔明太","2","0","2"
"节度使李叔明太子","2","0","2"
"度使李叔明太子太","2","0","2"
"使李叔明太子太傅","2","0","2"
"安西四镇节度使郭","1","1","2"
"西四镇节度使郭昕","1","1","2"
"北庭都护李元忠加","1","1","2"
"庭都护李元忠加左","1","1","2"
"都护李元忠加左右","1","1","2"
"护李元忠加左右仆","1","1","2"
"李元忠加左右仆射","1","1","2"
"兵马使杨惠元右仆","1","1","2"
"马使杨惠元右仆射","1","1","2"
"遣吏部侍郎班宏入","1","1","2"
"吏部侍郎班宏入京","1","1","2"
"加兴元尹严震检校","1","1","2"
"兴元尹严震检校右","1","1","2"
"元尹严震检校右仆","1","1","2"
"尹严震检校右仆射","1","1","2"
"韩游瑰检校左仆射","1","1","2"
"戴休颜检校右仆射","1","1","2"
"水部员外郎顾少连","1","1","2"
"左右厢兵马使令狐","1","1","2"
"右厢兵马使令狐建","1","1","2"
"河中宣慰使孔巢父","1","1","2"
"金吾大将军杜希全","1","1","2"
"王武俊加检校司徒","1","1","2"
"王希迁监左右神策","1","1","2"
"希迁监左右神策军","1","1","2"
"迁监左右神策军都","1","1","2"
"监左右神策军都知","1","1","2"
"左右神策军都知兵","1","1","2"
"右神策军都知兵马","1","1","2"
"神策军都知兵马使","1","1","2"
"检校秘书监金良相","1","1","2"
"河阳都知兵马使雍","1","1","2"
"阳都知兵马使雍希","1","1","2"
"都知兵马使雍希颜","1","1","2"
"加检校工部尚书王","1","1","2"
"检校工部尚书王士","1","1","2"
"校工部尚书王士真","1","1","2"
"德棣都团练观察使","1","1","2"
"奉诚康日知等大将","1","1","2"
"黔中观察使元全柔","1","1","2"
"北庭节度留后杨袭","1","1","2"
"庭节度留后杨袭古","1","1","2"
"北庭节度使李元忠","1","1","2"
"淮西兵马使吴少诚","1","1","2"
"加东都留守贾耽东","1","1","2"
"东都留守贾耽东都","1","1","2"
"都留守贾耽东都畿","1","1","2"
"陇右行营节度使曲","1","1","2"
"右行营节度使曲环","1","1","2"
"右金吾大将军论惟","1","1","2"
"金吾大将军论惟明","1","1","2"
"北庭管内兵马副元","1","1","2"
"庭管内兵马副元帅","1","1","2"
"实封一千五百户李","1","1","2"
"封一千五百户李晟","1","1","2"
"赐骆元光姓曰李元","1","1","2"
"射生将韩钦绪等十","1","1","2"
"生将韩钦绪等十余","1","1","2"
"将韩钦绪等十余人","1","1","2"
"资敬寺妖僧李广弘","1","1","2"
"敬寺妖僧李广弘同","1","1","2"
"寺妖僧李广弘同谋","1","1","2"
"山南西道节度使裴","1","1","2"
"南西道节度使裴玢","1","1","2"
"六百八十五万九千","1","1","2"
"百八十五万九千二","1","1","2"
"八十五万九千二百","1","1","2"
"十五万九千二百贯","1","1","2"
"新罗国大宰相金崇","1","1","2"
"罗国大宰相金崇斌","1","1","2"
"国大宰相金崇斌等","1","1","2"
"大宰相金崇斌等三","1","1","2"
"宰相金崇斌等三人","1","1","2"
"左龙武大将军薛平","1","1","2"
"三军赏钱一百五十","1","1","2"
"军赏钱一百五十万","1","1","2"
"赏钱一百五十万贯","1","1","2"
"扶风郡开国公权德","1","1","2"
"风郡开国公权德舆","1","1","2"
"权德舆守礼部尚书","2","0","2"
"南东道节度使李夷","1","1","2"
"东道节度使李夷简","1","1","2"
"食邑二千户武元衡","1","1","2"
"权德舆检校吏部尚","2","0","2"
"德舆检校吏部尚书","2","0","2"
"桂管观察使房启降","1","1","2"
"故徐州刺史李洧等","1","1","2"
"东川节度使潘孟阳","1","1","2"
"前朔方灵盐节度使","1","1","2"
"朔方灵盐节度使王","1","1","2"
"近太微西垣南首星","1","1","2"
"湖南观察使柳公绰","1","1","2"
"司封员外郎韦弘景","1","1","2"
"福建观察使裴次元","1","1","2"
"右龙武统军刘昌裔","1","1","2"
"夏州节度使张煦代","1","1","2"
"苏国珍等二百五十","1","1","2"
"国珍等二百五十二","1","1","2"
"珍等二百五十二人","1","1","2"
"天德军经略使周怀","1","1","2"
"义武军节度副使浑","1","1","2"
"武军节度副使浑镐","1","1","2"
"定州大都督府长史","1","1","2"
"隰等州节度使张弘","1","1","2"
"等州节度使张弘靖","1","1","2"
"河中晋绛等州节度","2","0","2"
"中晋绛等州节度使","2","0","2"
"忠武军都知兵马使","1","1","2"
"山南东道节度使袁","1","1","2"
"南东道节度使袁滋","1","1","2"
"西节度使吴少阳卒","2","0","2"
"度使王锷检校司空","2","0","2"
"刑部员外郎令狐楚","1","1","2"
"忠武军节度使韩皋","1","1","2"
"道节度使严绶充申","2","0","2"
"节度使严绶充申光","2","0","2"
"度使严绶充申光蔡","2","0","2"
"使严绶充申光蔡等","2","0","2"
"严绶充申光蔡等州","2","0","2"
"绶充申光蔡等州招","2","0","2"
"充申光蔡等州招抚","2","0","2"
"申光蔡等州招抚使","2","0","2"
"左金吾大将军郭钊","1","1","2"
"检校右仆射阎巨源","1","1","2"
"右羽林统军孟元阳","1","1","2"
"河东防秋将刘辅杀","1","1","2"
"右金吾将军李奉仙","1","1","2"
"天德军西城中城都","1","1","2"
"德军西城中城都防","1","1","2"
"军西城中城都防御","1","1","2"
"川节度行军司马李","1","1","2"
"节度行军司马李程","1","1","2"
"米二万四千八百石","1","1","2"
"镇州节度使王承宗","1","1","2"
"兵部侍郎许孟容请","1","1","2"
"灵武节度使李光进","1","1","2"
"神策军长武城使杜","1","1","2"
"策军长武城使杜叔","1","1","2"
"军长武城使杜叔良","1","1","2"
"丹王府司马王承荣","1","1","2"
"王府司马王承荣等","1","1","2"
"武军节度使韩弘充","1","1","2"
"军节度使韩弘充淮","1","1","2"
"节度使韩弘充淮西","1","1","2"
"度使韩弘充淮西行","1","1","2"
"使韩弘充淮西行营","1","1","2"
"韩弘充淮西行营兵","1","1","2"
"弘充淮西行营兵马","1","1","2"
"充淮西行营兵马都","1","1","2"
"淮西行营兵马都统","1","1","2"
"刑部尚书权德舆奏","1","1","2"
"部尚书权德舆奏请","1","1","2"
"缯绢五十五万匹供","1","1","2"
"东都留守吕元膺请","1","1","2"
"内库钱五十万贯供","1","1","2"
"检校左散骑常侍李","1","1","2"
"襄邓随唐复郢均房","2","0","2"
"邓随唐复郢均房等","2","0","2"
"随唐复郢均房等州","2","0","2"
"唐复郢均房等州观","2","0","2"
"复郢均房等州观察","2","0","2"
"郢均房等州观察等","2","0","2"
"均房等州观察等使","2","0","2"
"宣武军都虞候韩公","1","1","2"
"武军都虞候韩公武","1","1","2"
"魏博行营兵马使田","1","1","2"
"博行营兵马使田布","1","1","2"
"前剑南西川节度使","1","1","2"
"剑南西川节度使李","1","1","2"
"南西川节度使李夷","1","1","2"
"前东都留守许孟容","1","1","2"
"凤翔节度使李惟简","1","1","2"
"彰义军节度使马总","1","1","2"
"时刑部员外郎杨嗣","1","1","2"
"山南西道节度使权","1","1","2"
"南西道节度使权德","1","1","2"
"西道节度使权德舆","1","1","2"
"诸道盐铁转运使程","1","1","2"
"道盐铁转运使程异","1","1","2"
"前淮南节度使卫次","1","1","2"
"淮南节度使卫次公","1","1","2"
"平凉镇遏兵马使郝","1","1","2"
"左金吾卫大将军薛","1","1","2"
"金吾卫大将军薛平","1","1","2"
"义成军节度使李光","1","1","2"
"成军节度使李光颜","1","1","2"
"将夏侯澄等四十七","1","1","2"
"夏侯澄等四十七人","1","1","2"
"刑部侍郎韩愈上疏","1","1","2"
"部侍郎韩愈上疏极","1","1","2"
"襄阳节度使孟简举","1","1","2"
"淄青都知兵马使刘","1","1","2"
"青都知兵马使刘悟","1","1","2"
"义成军节度使薛平","1","1","2"
"淄青四面行营供军","1","1","2"
"青四面行营供军使","1","1","2"
"四面行营供军使王","1","1","2"
"面行营供军使王遂","1","1","2"
"道盐铁转运等使程","1","1","2"
"盐铁转运等使程异","1","1","2"
"刑部侍郎柳公绰充","1","1","2"
"宣歙观察使窦易直","1","1","2"
"左金吾大将军胡证","1","1","2"
"圣文神武法天应道","1","1","2"
"文神武法天应道皇","1","1","2"
"神武法天应道皇帝","1","1","2"
"使持节怀州诸军事","1","1","2"
"赐紫金鱼袋令狐楚","1","1","2"
"前黔中观察使魏义","1","1","2"
"黔中观察使魏义通","1","1","2"
"检校刑部尚书郗士","1","1","2"
"校刑部尚书郗士美","1","1","2"
"镇冀观察使王承宗","1","1","2"
"文宗追悔庄恪太子","1","1","2"
"开成四年冬十月宣","1","1","2"
"捕仙韶院副使尉迟","1","1","2"
"仙韶院副使尉迟璋","1","1","2"
"右军中尉仇士良封","1","1","2"
"卤簿使兵部尚书王","1","1","2"
"检校尚书左仆射李","1","1","2"
"校尚书左仆射李德","1","1","2"
"尚书左仆射李德裕","1","1","2"
"魏博节度使何进滔","1","1","2"
"检校吏部尚书李绅","1","1","2"
"湖南观察使杨嗣复","1","1","2"
"魏博兵马留后何重","1","1","2"
"博兵马留后何重霸","1","1","2"
"左补阙刘彦谟上疏","1","1","2"
"幽州卢龙节度大使","1","1","2"
"银川监牧使何清朝","1","1","2"
"中书门下条疏闻奏","2","0","2"
"左军中尉楚国公仇","1","1","2"
"军中尉楚国公仇士","1","1","2"
"中尉楚国公仇士良","1","1","2"
"谛德伊斯难珠入朝","1","1","2"
"魏博节度使何弘敬","1","1","2"
"徐泗节度使李彦佐","1","1","2"
"泽潞西南面招讨使","1","1","2"
"陈许节度使王宰充","1","1","2"
"宰相监修国史李绅","1","1","2"
"晋绛行营副招讨石","1","1","2"
"绛行营副招讨石雄","1","1","2"
"行营副招讨石雄奏","1","1","2"
"榆社行营都将王逢","1","1","2"
"逐太原节度使李石","1","1","2"
"河东监军使吕义忠","1","1","2"
"东监军使吕义忠收","1","1","2"
"监军使吕义忠收复","1","1","2"
"军使吕义忠收复太","1","1","2"
"使吕义忠收复太原","1","1","2"
"食邑三百户崔元式","1","1","2"
"故左军中尉仇士良","1","1","2"
"减官员一千一百一","1","1","2"
"官员一千一百一十","1","1","2"
"员一千一百一十四","1","1","2"
"一千一百一十四员","1","1","2"
"大将郭谊等一百五","1","1","2"
"将郭谊等一百五十","1","1","2"
"郭谊等一百五十人","1","1","2"
"河东节度使陈夷行","1","1","2"
"山南东道节度使卢","1","1","2"
"南东道节度使卢钧","1","1","2"
"仁圣文武章天成功","1","1","2"
"圣文武章天成功神","1","1","2"
"文武章天成功神德","1","1","2"
"武章天成功神德明","1","1","2"
"章天成功神德明道","1","1","2"
"天成功神德明道皇","1","1","2"
"成功神德明道皇帝","1","1","2"
"令翰林学士白敏中","1","1","2"
"僧尼二十六万五百","2","0","2"
"监察御史陈师合上","1","1","2"
"察御史陈师合上书","1","1","2"
"夏州节度使米暨充","1","1","2"
"东北道招讨党项使","1","1","2"
"七年嫁左卫兵曹萧","1","1","2"
"年嫁左卫兵曹萧敏","1","1","2"
"宁节度使高承恭充","1","1","2"
"上徽号曰圣敬文思","1","1","2"
"扬州都虞候卢行立","1","1","2"
"江都县尉吴湘密约","1","1","2"
"节度押牙白沙镇遏","1","1","2"
"度押牙白沙镇遏使","1","1","2"
"押牙白沙镇遏使傅","1","1","2"
"牙白沙镇遏使傅义","1","1","2"
"扬府录事参军李公","1","1","2"
"府录事参军李公佐","1","1","2"
"太子少保分司李德","1","1","2"
"子少保分司李德裕","1","1","2"
"桂管观察使郑亚等","1","1","2"
"日本国王子入朝贡","1","1","2"
"山南西道节度使高","1","1","2"
"南西道节度使高元","1","1","2"
"西道节度使高元裕","1","1","2"
"泾原节度使康季荣","1","1","2"
"建中三年三月二十","1","1","2"
"中三年三月二十四","1","1","2"
"三年三月二十四日","1","1","2"
"二年十月二十六日","1","1","2"
"年十月二十六日刑","1","1","2"
"十月二十六日刑部","1","1","2"
"月二十六日刑部侍","1","1","2"
"二十六日刑部侍郎","1","1","2"
"十六日刑部侍郎高","1","1","2"
"大中五年正月一日","1","1","2"
"二千一百六十五条","1","1","2"
"弘文馆大学士崔铉","1","1","2"
"许昌县开国男陈商","1","1","2"
"考试官刑部郎中唐","1","1","2"
"试官刑部郎中唐枝","1","1","2"
"监察御史冯颛罚一","1","1","2"
"察御史冯颛罚一月","1","1","2"
"正月八日礼部贡院","1","1","2"
"月八日礼部贡院捉","1","1","2"
"桂管观察使令狐定","1","1","2"
"食邑二千户白敏中","1","1","2"
"大都督府长史王绍","1","1","2"
"都督府长史王绍鼎","1","1","2"
"校尚书右仆射王绍","1","1","2"
"尚书右仆射王绍鼎","1","1","2"
"汝州防御使令狐绪","1","1","2"
"罗浮山迎轩辕先生","1","1","2"
"赐紫金鱼袋孔温业","1","1","2"
"右金吾卫将军郑汉","1","1","2"
"金吾卫将军郑汉璋","1","1","2"
"宣州贼康全大攻掠","1","1","2"
"州贼康全大攻掠郡","1","1","2"
"贼康全大攻掠郡县","1","1","2"
"东川节度使李逢吉","1","1","2"
"右神策大将军张维","1","1","2"
"神策大将军张维清","1","1","2"
"贬谏议大夫李景俭","2","0","2"
"桂管观察使裴行立","1","1","2"
"召侍讲学士韦处厚","1","1","2"
"左右军中尉马进潭","1","1","2"
"右金吾卫大将军郭","1","1","2"
"太子宾客留司东都","1","1","2"
"四千六百一十八人","1","1","2"
"安南都护桂仲武奏","1","1","2"
"青苗钱八万三千五","1","1","2"
"苗钱八万三千五百","1","1","2"
"钱八万三千五百六","1","1","2"
"八万三千五百六十","1","1","2"
"万三千五百六十贯","1","1","2"
"节度使李光颜特进","1","1","2"
"内库钱三十七万五","1","1","2"
"库钱三十七万五千","1","1","2"
"钱三十七万五千贯","1","1","2"
"安南都护桂仲武斩","1","1","2"
"前江西观察使裴次","1","1","2"
"江西观察使裴次元","1","1","2"
"户曹参军韦正牧专","1","1","2"
"宣歙观察使令狐楚","1","1","2"
"食邑二千户李光颜","1","1","2"
"徐泗濠等州观察等","2","0","2"
"泗濠等州观察等使","2","0","2"
"魏博大都督府长史","1","1","2"
"实封三百户田弘正","1","1","2"
"金吾左卫胄曹参军","1","1","2"
"义成军节度使刘悟","1","1","2"
"时夏州节度使田缙","1","1","2"
"夏州节度使田缙贪","1","1","2"
"东川节度使王涯陈","1","1","2"
"前昭义军节度使辛","1","1","2"
"昭义军节度使辛秘","1","1","2"
"崖州司户参军皇甫","1","1","2"
"司门员外郎白居易","1","1","2"
"百三十七万五千四","1","1","2"
"三十七万五千四百","1","1","2"
"坊节度使韩璀改名","1","1","2"
"司勋员外郎李德裕","1","1","2"
"左散骑常侍崔元略","1","1","2"
"三军赏设钱一百万","2","0","2"
"军赏设钱一百万贯","2","0","2"
"建安县开国男杜元","1","1","2"
"安县开国男杜元颖","1","1","2"
"郑滑节度使王承元","1","1","2"
"祖母晋国太夫人李","1","1","2"
"母晋国太夫人李氏","1","1","2"
"右卫大将军高霞寓","1","1","2"
"屯田员外郎李德裕","1","1","2"
"主客郎中知制诰白","1","1","2"
"客郎中知制诰白居","1","1","2"
"郎中知制诰白居易","1","1","2"
"中知制诰白居易等","1","1","2"
"登罗羽录没密施句","1","1","2"
"罗羽录没密施句主","1","1","2"
"羽录没密施句主录","1","1","2"
"录没密施句主录毗","1","1","2"
"没密施句主录毗伽","1","1","2"
"登罗骨没施合毗伽","1","1","2"
"御史中丞牛僧孺金","1","1","2"
"左金吾将军杨元卿","1","1","2"
"前泾原节度使田布","1","1","2"
"本州团练使牛元翼","1","1","2"
"州团练使牛元翼充","1","1","2"
"河东节度裴度充幽","2","0","2"
"州刺史李景俭谏议","2","0","2"
"刺史李景俭谏议大","2","0","2"
"史李景俭谏议大夫","2","0","2"
"镇州四面行营都招","1","1","2"
"州四面行营都招讨","1","1","2"
"军卫大将军杜叔良","1","1","2"
"卫大将军杜叔良充","1","1","2"
"冀诸道行营节度使","1","1","2"
"镇冀深赵等州节度","1","1","2"
"冀深赵等州节度使","1","1","2"
"东节度使裴度三上","2","0","2"
"深冀行营节度使杜","1","1","2"
"冀行营节度使杜叔","1","1","2"
"行营节度使杜叔良","1","1","2"
"前浙东观察使薛戎","1","1","2"
"节度副使王智兴率","1","1","2"
"前容管经略使留后","1","1","2"
"容管经略使留后严","1","1","2"
"管经略使留后严公","1","1","2"
"经略使留后严公素","1","1","2"
"留州留使钱内贯割","2","0","2"
"州留使钱内贯割二","2","0","2"
"留使钱内贯割二百","2","0","2"
"使钱内贯割二百文","2","0","2"
"钱内贯割二百文助","2","0","2"
"内贯割二百文助军","2","0","2"
"翔节度使李光颜忠","2","0","2"
"节度使李光颜忠武","2","0","2"
"李光颜忠武军节度","2","0","2"
"光颜忠武军节度使","2","0","2"
"计二百三十七万五","1","1","2"
"百三十七万五千八","1","1","2"
"三十七万五千八百","1","1","2"
"千五百七十六万二","1","1","2"
"五百七十六万二千","1","1","2"
"百七十六万二千四","1","1","2"
"七十六万二千四百","1","1","2"
"十六万二千四百三","1","1","2"
"六万二千四百三十","1","1","2"
"万二千四百三十二","1","1","2"
"魏博中军先锋兵马","1","1","2"
"博中军先锋兵马使","1","1","2"
"中军先锋兵马使史","1","1","2"
"军先锋兵马使史宪","1","1","2"
"先锋兵马使史宪诚","1","1","2"
"前凤翔节度使李逊","1","1","2"
"天德军防御使李进","1","1","2"
"德军防御使李进诚","1","1","2"
"盐定远城等州节度","1","1","2"
"定远城等州节度使","1","1","2"
"冀深赵等州观察等","2","0","2"
"深赵等州观察等使","2","0","2"
"前成德军节度使牛","1","1","2"
"成德军节度使牛元","1","1","2"
"德军节度使牛元翼","1","1","2"
"南东道节度使李逢","1","1","2"
"东道节度使李逢吉","1","1","2"
"左骁卫上将军张奉","1","1","2"
"骁卫上将军张奉国","1","1","2"
"新授东都留守裴度","1","1","2"
"前淮南节度使李夷","1","1","2"
"元翼率十余骑突围","2","0","2"
"翼率十余骑突围深","2","0","2"
"率十余骑突围深州","2","0","2"
"深州大将臧平等一","1","1","2"
"州大将臧平等一百","1","1","2"
"大将臧平等一百八","1","1","2"
"将臧平等一百八十","1","1","2"
"臧平等一百八十人","1","1","2"
"武宁军节度副使王","1","1","2"
"宁军节度副使王智","1","1","2"
"军节度副使王智兴","1","1","2"
"桂管观察使杜式方","1","1","2"
"武宁军节度使崔群","1","1","2"
"翰林侍讲学士韦处","1","1","2"
"林侍讲学士韦处厚","1","1","2"
"宣武军节度押衙李","1","1","2"
"前义武军节度使陈","1","1","2"
"义武军节度使陈楚","1","1","2"
"汴州防城兵马使李","1","1","2"
"州防城兵马使李质","1","1","2"
"浙西大将王国清谋","1","1","2"
"前河阳节度使郭钊","1","1","2"
"阴山府沙陀突厥兵","1","1","2"
"山府沙陀突厥兵马","1","1","2"
"府沙陀突厥兵马使","1","1","2"
"前华州刺史许季同","1","1","2"
"婚礼使卫尉卿李锐","1","1","2"
"副使宗正少卿李子","1","1","2"
"使宗正少卿李子鸿","1","1","2"
"宗正少卿李子鸿等","1","1","2"
"右骁卫大将军韩公","1","1","2"
"骁卫大将军韩公武","1","1","2"
"翰林侍讲学士谏议","1","1","2"
"林侍讲学士谏议大","1","1","2"
"侍讲学士谏议大夫","1","1","2"
"讲学士谏议大夫路","1","1","2"
"学士谏议大夫路随","1","1","2"
"户部侍郎张平叔贬","1","1","2"
"前黔中观察使崔元","1","1","2"
"黔中观察使崔元略","1","1","2"
"前陕虢观察使卫中","1","1","2"
"陕虢观察使卫中行","1","1","2"
"潞判官贾直言新授","1","1","2"
"河阳三城行军司马","1","1","2"
"阳三城行军司马元","1","1","2"
"三城行军司马元韶","1","1","2"
"度支盐铁转运副使","1","1","2"
"城镇行营兵马节度","1","1","2"
"镇行营兵马节度使","1","1","2"
"渤海国王大嵩璘检","2","0","2"
"海国王大嵩璘检校","2","0","2"
"鄂岳沔蕲都团练观","1","1","2"
"岳沔蕲都团练观察","1","1","2"
"沔蕲都团练观察使","1","1","2"
"五十二万六千八百","1","1","2"
"十二万六千八百四","1","1","2"
"二万六千八百四十","1","1","2"
"万六千八百四十一","1","1","2"
"六千八百四十一贯","1","1","2"
"贞元二十一年八月","1","1","2"
"度支盐铁转运使王","1","1","2"
"支盐铁转运使王叔","1","1","2"
"盐铁转运使王叔文","1","1","2"
"宪宗圣神章武孝皇","1","1","2"
"宗圣神章武孝皇帝","1","1","2"
"山南西道安抚大使","1","1","2"
"赐紫金鱼袋郑余庆","1","1","2"
"河阳三城节度使元","1","1","2"
"阳三城节度使元韶","1","1","2"
"京西神策行营节度","1","1","2"
"西神策行营节度行","1","1","2"
"神策行营节度行军","1","1","2"
"策行营节度行军司","1","1","2"
"行营节度行军司马","1","1","2"
"营节度行军司马韩","1","1","2"
"节度行军司马韩泰","1","1","2"
"度行军司马韩泰贬","1","1","2"
"礼部员外郎柳宗元","1","1","2"
"部员外郎柳宗元贬","1","1","2"
"屯田员外郎刘禹锡","1","1","2"
"田员外郎刘禹锡贬","1","1","2"
"宰臣剑南安抚使袁","1","1","2"
"臣剑南安抚使袁滋","1","1","2"
"剑南西川节度使袁","1","1","2"
"南西川节度使袁滋","1","1","2"
"神策行营节度使高","1","1","2"
"策行营节度使高崇","1","1","2"
"行营节度使高崇文","1","1","2"
"神策兵马使李元奕","1","1","2"
"策兵马使李元奕率","1","1","2"
"宣武军节度使陆长","1","1","2"
"武军节度使陆长源","1","1","2"
"故吉州刺史姜公辅","1","1","2"
"金吾大将军郑云逵","1","1","2"
"门下御史台五品上","2","0","2"
"转运盐铁节度观察","1","1","2"
"运盐铁节度观察使","1","1","2"
"团练防御招讨经略","1","1","2"
"练防御招讨经略等","1","1","2"
"防御招讨经略等使","1","1","2"
"贞元十二年四月二","1","1","2"
"元十二年四月二十","1","1","2"
"十二年四月二十七","1","1","2"
"二年四月二十七日","1","1","2"
"夏州兵马使张承金","1","1","2"
"州兵马使张承金斩","1","1","2"
"安南经略副使张舟","1","1","2"
"前剑南东川节度使","1","1","2"
"剑南东川节度使韦","1","1","2"
"南东川节度使韦丹","1","1","2"
"前安南经略使赵昌","1","1","2"
"前岭南节度使徐申","1","1","2"
"南东川节度使李康","1","1","2"
"横海军留后程执恭","1","1","2"
"山南西道节度使严","1","1","2"
"南西道节度使严砺","1","1","2"
"淄青节度使留后李","1","1","2"
"青节度使留后李师","1","1","2"
"节度使留后李师道","1","1","2"
"南阳郡开国公杜黄","1","1","2"
"阳郡开国公杜黄裳","1","1","2"
"五千六百一十三人","1","1","2"
"岭南节度使赵昌进","1","1","2"
"刑部侍郎许孟容等","1","1","2"
"太仆寺丞令狐丕进","1","1","2"
"良阐等四百五十人","1","1","2"
"武元衡检校吏部尚","1","1","2"
"元衡检校吏部尚书","1","1","2"
"乾元元年三月十四","1","1","2"
"元元年三月十四日","1","1","2"
"元年三月十四日敕","1","1","2"
"剑南西川节度使高","1","1","2"
"南西川节度使高崇","1","1","2"
"西川节度使高崇文","1","1","2"
"武昌军节度使韩皋","1","1","2"
"右金吾卫大将军路","1","1","2"
"金吾卫大将军路恕","1","1","2"
"贤良方正科第三等","1","1","2"
"横海军节度使程执","1","1","2"
"海军节度使程执恭","1","1","2"
"灵盐节度使范希朝","1","1","2"
"御史中丞李夷简弹","1","1","2"
"成德军都知兵马使","1","1","2"
"镇府右司马王承宗","1","1","2"
"右羽林统军阎巨源","1","1","2"
"神策左军中尉吐突","1","1","2"
"策左军中尉吐突承","1","1","2"
"左军中尉吐突承璀","1","1","2"
"行营馆驿粮料等使","1","1","2"
"陕虢观察陆运等使","1","1","2"
"东台监察御史元稹","1","1","2"
"贬江陵府士曹参军","2","0","2"
"镇州行营招讨使吐","1","1","2"
"州行营招讨使吐突","1","1","2"
"行营招讨使吐突承","1","1","2"
"营招讨使吐突承璀","1","1","2"
"潞州左司马乌重胤","1","1","2"
"河阳节度使孟元阳","1","1","2"
"赐紫金鱼袋权德舆","1","1","2"
"右金吾卫大将军伊","1","1","2"
"金吾卫大将军伊慎","1","1","2"
"吾卫大将军伊慎降","1","1","2"
"前河中节度使王锷","1","1","2"
"代州刺史阿跌光进","1","1","2"
"前宣歙观察使卢坦","1","1","2"
"前御史中丞吕元膺","1","1","2"
"彰义军留后吴少阳","1","1","2"
"襄州大都督府长史","1","1","2"
"福建观察使元义方","1","1","2"
"六百九十八万五千","1","1","2"
"百九十八万五千五","1","1","2"
"九十八万五千五百","1","1","2"
"十八万五千五百贯","1","1","2"
"一千七百四十六万","1","1","2"
"千七百四十六万三","1","1","2"
"七百四十六万三千","1","1","2"
"百四十六万三千七","1","1","2"
"四十六万三千七百","1","1","2"
"十六万三千七百贯","1","1","2"
"左金吾卫将军李惟","1","1","2"
"金吾卫将军李惟简","1","1","2"
"振武节度阿跌光进","1","1","2"
"天德军防御使张煦","1","1","2"
"一千七百六十九人","1","1","2"
"前夏州节度使李愿","1","1","2"
"母曰文德顺圣长孙","2","0","2"
"曰文德顺圣长孙皇","2","0","2"
"二十三年五月己巳","2","0","2"
"英国公勣开府仪同","2","0","2"
"国公勣开府仪同三","2","0","2"
"公勣开府仪同三司","2","0","2"
"瑶池都督阿史贺鲁","2","0","2"
"池都督阿史贺鲁左","2","0","2"
"都督阿史贺鲁左骁","2","0","2"
"督阿史贺鲁左骁卫","2","0","2"
"阿史贺鲁左骁卫大","2","0","2"
"史贺鲁左骁卫大将","2","0","2"
"贺鲁左骁卫大将军","2","0","2"
"永徽元年春正月辛","2","0","2"
"徽元年春正月辛丑","2","0","2"
"元年春正月辛丑朔","2","0","2"
"遂使晋州地屡震动","2","0","2"
"吐火罗遣使献大鸟","2","0","2"
"火罗遣使献大鸟驼","2","0","2"
"遣右武卫将军鲜匡","2","0","2"
"右武卫将军鲜匡济","2","0","2"
"武卫将军鲜匡济赉","2","0","2"
"卫将军鲜匡济赉玺","2","0","2"
"将军鲜匡济赉玺书","2","0","2"
"军鲜匡济赉玺书吊","2","0","2"
"鲜匡济赉玺书吊祭","2","0","2"
"右骁卫郎将高侃执","2","0","2"
"骁卫郎将高侃执车","2","0","2"
"卫郎将高侃执车鼻","2","0","2"
"郎将高侃执车鼻汗","2","0","2"
"将高侃执车鼻汗诣","2","0","2"
"高侃执车鼻汗诣阙","2","0","2"
"英国公勣固请解职","2","0","2"
"令开府仪同三司同","2","0","2"
"河南郡公褚遂良左","2","0","2"
"南郡公褚遂良左授","2","0","2"
"郡公褚遂良左授同","2","0","2"
"公褚遂良左授同州","2","0","2"
"褚遂良左授同州刺","2","0","2"
"沙钵罗叶护阿史贺","2","0","2"
"钵罗叶护阿史贺鲁","2","0","2"
"罗叶护阿史贺鲁府","2","0","2"
"叶护阿史贺鲁府叛","2","0","2"
"遣郎中一人充使存","2","0","2"
"郎中一人充使存问","2","0","2"
"守中书侍郎柳奭中","2","0","2"
"书侍郎柳奭中书侍","2","0","2"
"侍郎柳奭中书侍郎","2","0","2"
"遣武候大将军梁建","2","0","2"
"大将军契苾何力弓","2","0","2"
"将军契苾何力弓月","2","0","2"
"军契苾何力弓月道","2","0","2"
"契苾何力弓月道总","2","0","2"
"苾何力弓月道总管","2","0","2"
"何力弓月道总管讨","2","0","2"
"大食国始遣使朝献","2","0","2"
"北平县公张行成尚","2","0","2"
"平县公张行成尚书","2","0","2"
"县公张行成尚书右","2","0","2"
"公张行成尚书右仆","2","0","2"
"高昌故地置安西都","2","0","2"
"昌故地置安西都护","2","0","2"
"故地置安西都护府","2","0","2"
"命左军将军赵孝祖","2","0","2"
"左军将军赵孝祖讨","2","0","2"
"军将军赵孝祖讨平","2","0","2"
"降天下死罪流罪递","2","0","2"
"天下死罪流罪递减","2","0","2"
"下死罪流罪递减一","2","0","2"
"死罪流罪递减一等","2","0","2"
"契苾何力等大破处","2","0","2"
"苾何力等大破处月","2","0","2"
"何力等大破处月硃","2","0","2"
"力等大破处月硃耶","2","0","2"
"等大破处月硃耶孤","2","0","2"
"大破处月硃耶孤注","2","0","2"
"破处月硃耶孤注牢","2","0","2"
"处月硃耶孤注牢山","2","0","2"
"赵国公忌旱请逊位","2","0","2"
"平昌县公宇文节侍","2","0","2"
"昌县公宇文节侍中","2","0","2"
"书侍郎柳奭中书令","2","0","2"
"诏周司沐大夫裴融","2","0","2"
"隋仪同三司豆卢毓","2","0","2"
"五品己上子父后者","2","0","2"
"品己上子父后者赐","2","0","2"
"己上子父后者赐勋","2","0","2"
"子父后者赐勋一转","2","0","2"
"隋开皇中户八百七","2","0","2"
"开皇中户八百七十","2","0","2"
"皇中户八百七十万","2","0","2"
"中书舍人内史舍人","2","0","2"
"诸率府中郎改旅贲","2","0","2"
"率府中郎改旅贲郎","2","0","2"
"府中郎改旅贲郎将","2","0","2"
"幸同安大长公主第","2","0","2"
"四年春正月癸丑朔","2","0","2"
"巴陵高阳公主赐死","2","0","2"
"安国公执失思力配","2","0","2"
"国公执失思力配流","2","0","2"
"公执失思力配流巂","2","0","2"
"执失思力配流巂州","2","0","2"
"平昌县公宇文节配","2","0","2"
"昌县公宇文节配流","2","0","2"
"县公宇文节配流桂","2","0","2"
"公宇文节配流桂州","2","0","2"
"江夏王道宗配流桂","2","0","2"
"夏王道宗配流桂州","2","0","2"
"恪母弟蜀王愔废庶","2","0","2"
"母弟蜀王愔废庶人","2","0","2"
"陈逆人房遗爱等口","2","0","2"
"逆人房遗爱等口马","2","0","2"
"人房遗爱等口马资","2","0","2"
"房遗爱等口马资财","2","0","2"
"遗爱等口马资财五","2","0","2"
"爱等口马资财五垛","2","0","2"
"蕃客文武九品己上","2","0","2"
"客文武九品己上射","2","0","2"
"遣使分省天下冤狱","2","0","2"
"陨石十八同州冯翊","2","0","2"
"河南郡公褚遂良尚","2","0","2"
"南郡公褚遂良尚书","2","0","2"
"郡公褚遂良尚书右","2","0","2"
"公褚遂良尚书右仆","2","0","2"
"褚遂良尚书右仆射","2","0","2"
"睦州女子陈硕贞举","2","0","2"
"州女子陈硕贞举兵","2","0","2"
"女子陈硕贞举兵反","2","0","2"
"督府长史房仁裕率","2","0","2"
"府长史房仁裕率众","2","0","2"
"长史房仁裕率众讨","2","0","2"
"史房仁裕率众讨平","2","0","2"
"固安县公崔敦礼侍","2","0","2"
"安县公崔敦礼侍中","2","0","2"
"工部尚书阎立德丁","2","0","2"
"部尚书阎立德丁夫","2","0","2"
"尚书阎立德丁夫四","2","0","2"
"书阎立德丁夫四万","2","0","2"
"阎立德丁夫四万筑","2","0","2"
"立德丁夫四万筑长","2","0","2"
"德丁夫四万筑长安","2","0","2"
"丁夫四万筑长安罗","2","0","2"
"夫四万筑长安罗郭","2","0","2"
"守黄门侍郎颍川县","2","0","2"
"漂溺麟游县居人番","2","0","2"
"溺麟游县居人番卫","2","0","2"
"麟游县居人番卫士","2","0","2"
"中书令柳奭吏部尚","2","0","2"
"书令柳奭吏部尚书","2","0","2"
"生大鸟鸠万年宫皇","2","0","2"
"大鸟鸠万年宫皇帝","2","0","2"
"鸟鸠万年宫皇帝旧","2","0","2"
"鸠万年宫皇帝旧宅","2","0","2"
"吐蕃使人献马百匹","2","0","2"
"蕃使人献马百匹大","2","0","2"
"使人献马百匹大庐","2","0","2"
"人献马百匹大庐高","2","0","2"
"献马百匹大庐高五","2","0","2"
"马百匹大庐高五丈","2","0","2"
"雇京兆百姓四万一","2","0","2"
"六年春正月壬申朔","2","0","2"
"内外文武职事五品","2","0","2"
"外文武职事五品上","2","0","2"
"文武职事五品上父","2","0","2"
"武职事五品上父后","2","0","2"
"职事五品上父后者","2","0","2"
"营州都督程名振破","2","0","2"
"州都督程名振破高","2","0","2"
"都督程名振破高丽","2","0","2"
"督程名振破高丽贵","2","0","2"
"程名振破高丽贵端","2","0","2"
"名振破高丽贵端水","2","0","2"
"嘉州辛道妻一产四","2","0","2"
"州辛道妻一产四男","2","0","2"
"程知节等五将军帅","2","0","2"
"知节等五将军帅师","2","0","2"
"节等五将军帅师葱","2","0","2"
"等五将军帅师葱山","2","0","2"
"五将军帅师葱山道","2","0","2"
"将军帅师葱山道讨","2","0","2"
"军帅师葱山道讨贺","2","0","2"
"帅师葱山道讨贺鲁","2","0","2"
"奉御蒋孝璋员外特","2","0","2"
"御蒋孝璋员外特置","2","0","2"
"大理更置少卿一员","2","0","2"
"京师东西二市置常","2","0","2"
"师东西二市置常平","2","0","2"
"东西二市置常平仓","2","0","2"
"河南郡公褚遂良谏","2","0","2"
"南郡公褚遂良谏立","2","0","2"
"郡公褚遂良谏立武","2","0","2"
"公褚遂良谏立武昭","2","0","2"
"褚遂良谏立武昭仪","2","0","2"
"左仆射志宁册皇后","2","0","2"
"追赠后父故工部尚","2","0","2"
"赠后父故工部尚书","2","0","2"
"赠州都督武士司","2","0","2"
"州都督武士司空","2","0","2"
"吴文威妻魏氏一产","2","0","2"
"文威妻魏氏一产四","2","0","2"
"威妻魏氏一产四男","2","0","2"
"国夫人杨氏改封代","2","0","2"
"夫人杨氏改封代国","2","0","2"
"人杨氏改封代国夫","2","0","2"
"杨氏改封代国夫人","2","0","2"
"高阳县男许敬宗日","2","0","2"
"阳县男许敬宗日待","2","0","2"
"县男许敬宗日待诏","2","0","2"
"男许敬宗日待诏武","2","0","2"
"许敬宗日待诏武德","2","0","2"
"敬宗日待诏武德殿","2","0","2"
"宗日待诏武德殿西","2","0","2"
"日待诏武德殿西门","2","0","2"
"文武九品上五品己","2","0","2"
"武九品上五品己下","2","0","2"
"九品上五品己下子","2","0","2"
"品上五品己下子父","2","0","2"
"上五品己下子父后","2","0","2"
"五品己下子父后者","2","0","2"
"尚书左仆射太子少","2","0","2"
"书左仆射太子少师","2","0","2"
"国公志宁太子太傅","2","0","2"
"饯葱山道大总管程","2","0","2"
"赠司空武士司徒","2","0","2"
"户部侍郎杜正伦守","2","0","2"
"部侍郎杜正伦守黄","2","0","2"
"侍郎杜正伦守黄门","2","0","2"
"郎杜正伦守黄门侍","2","0","2"
"杜正伦守黄门侍郎","2","0","2"
"观僧玄奘迎御制书","2","0","2"
"僧玄奘迎御制书慈","2","0","2"
"玄奘迎御制书慈恩","2","0","2"
"奘迎御制书慈恩寺","2","0","2"
"迎御制书慈恩寺碑","2","0","2"
"御制书慈恩寺碑文","2","0","2"
"太尉长孙忌进史官","2","0","2"
"尉长孙忌进史官所","2","0","2"
"长孙忌进史官所撰","2","0","2"
"孙忌进史官所撰梁","2","0","2"
"文馆学士许敬宗进","2","0","2"
"馆学士许敬宗进所","2","0","2"
"学士许敬宗进所撰","2","0","2"
"改户部尚书度支尚","2","0","2"
"户部尚书度支尚书","2","0","2"
"卫大将军程知节贺","2","0","2"
"大将军程知节贺鲁","2","0","2"
"将军程知节贺鲁所","2","0","2"
"军程知节贺鲁所部","2","0","2"
"程知节贺鲁所部歌","2","0","2"
"知节贺鲁所部歌逻","2","0","2"
"节贺鲁所部歌逻禄","2","0","2"
"歌逻禄获剌颉发处","2","0","2"
"逻禄获剌颉发处月","2","0","2"
"禄获剌颉发处月预","2","0","2"
"获剌颉发处月预支","2","0","2"
"剌颉发处月预支俟","2","0","2"
"颉发处月预支俟斤","2","0","2"
"发处月预支俟斤等","2","0","2"
"处月预支俟斤等战","2","0","2"
"月预支俟斤等战榆","2","0","2"
"预支俟斤等战榆幕","2","0","2"
"支俟斤等战榆幕谷","2","0","2"
"初诏户满三万上上","2","0","2"
"诏户满三万上上州","2","0","2"
"程知节贺鲁男咥运","2","0","2"
"知节贺鲁男咥运战","2","0","2"
"俘部落户口货物巨","2","0","2"
"部落户口货物巨积","2","0","2"
"卫大将军程知节坐","2","0","2"
"大将军程知节坐讨","2","0","2"
"将军程知节坐讨贺","2","0","2"
"军程知节坐讨贺鲁","2","0","2"
"程知节坐讨贺鲁逗","2","0","2"
"知节坐讨贺鲁逗留","2","0","2"
"命右屯卫将军苏定","2","0","2"
"将军苏定方等四将","2","0","2"
"军苏定方等四将军","2","0","2"
"苏定方等四将军伊","2","0","2"
"定方等四将军伊丽","2","0","2"
"方等四将军伊丽道","2","0","2"
"等四将军伊丽道将","2","0","2"
"四将军伊丽道将军","2","0","2"
"封皇第七子显周王","2","0","2"
"徙封许王素节郇王","2","0","2"
"颍川县公韩瑗左授","2","0","2"
"川县公韩瑗左授振","2","0","2"
"县公韩瑗左授振州","2","0","2"
"公韩瑗左授振州刺","2","0","2"
"韩瑗左授振州刺史","2","0","2"
"南阳侯济左授台州","2","0","2"
"阳侯济左授台州刺","2","0","2"
"侯济左授台州刺史","2","0","2"
"皆坐谏立武昭仪皇","2","0","2"
"坐谏立武昭仪皇后","2","0","2"
"高阳郡公许敬宗侍","2","0","2"
"阳郡公许敬宗侍中","2","0","2"
"度支尚书杜正伦中","2","0","2"
"支尚书杜正伦中书","2","0","2"
"尚书杜正伦中书令","2","0","2"
"遣使祭郑大夫国侨","2","0","2"
"手诏改洛阳宫东都","2","0","2"
"洛州官员阶品准雍","2","0","2"
"州官员阶品准雍州","2","0","2"
"中书省置居舍人两","2","0","2"
"书省置居舍人两员","2","0","2"
"分散骑常侍左右两","2","0","2"
"散骑常侍左右两员","2","0","2"
"右散骑常侍隶中书","2","0","2"
"散骑常侍隶中书省","2","0","2"
"收人畜前后四十余","2","0","2"
"人畜前后四十余万","2","0","2"
"复龟兹国置安西都","2","0","2"
"龟兹国置安西都护","2","0","2"
"兹国置安西都护府","2","0","2"
"置怀化大将军正三","2","0","2"
"怀化大将军正三品","2","0","2"
"皇太子宾客检校御","2","0","2"
"太子宾客检校御史","2","0","2"
"子宾客检校御史大","2","0","2"
"宾客检校御史大夫","2","0","2"
"河间郡公李义府左","2","0","2"
"间郡公李义府左授","2","0","2"
"郡公李义府左授普","2","0","2"
"公李义府左授普州","2","0","2"
"李义府左授普州刺","2","0","2"
"义府左授普州刺史","2","0","2"
"襄阳郡公杜正伦左","2","0","2"
"阳郡公杜正伦左授","2","0","2"
"郡公杜正伦左授横","2","0","2"
"公杜正伦左授横州","2","0","2"
"杜正伦左授横州刺","2","0","2"
"正伦左授横州刺史","2","0","2"
"书侍郎李友益除名","2","0","2"
"侍中许敬宗权检校","2","0","2"
"中许敬宗权检校中","2","0","2"
"许敬宗权检校中书","2","0","2"
"敬宗权检校中书令","2","0","2"
"鸿胪卿萧嗣业石国","2","0","2"
"胪卿萧嗣业石国取","2","0","2"
"卿萧嗣业石国取贺","2","0","2"
"萧嗣业石国取贺鲁","2","0","2"
"鄂国公尉迟敬德薨","2","0","2"
"张九龄五人居上第","2","0","2"
"郕国公契苾何力辽","2","0","2"
"公契苾何力辽东经","2","0","2"
"契苾何力辽东经略","2","0","2"
"黄门侍郎许圉师同","2","0","2"
"门侍郎许圉师同中","2","0","2"
"侍郎许圉师同中书","2","0","2"
"郎许圉师同中书门","2","0","2"
"许圉师同中书门下","2","0","2"
"圉师同中书门下三","2","0","2"
"师同中书门下三品","2","0","2"
"赵国公忌带扬州都","2","0","2"
"国公忌带扬州都督","2","0","2"
"公忌带扬州都督黔","2","0","2"
"忌带扬州都督黔州","2","0","2"
"带扬州都督黔州安","2","0","2"
"扬州都督黔州安置","2","0","2"
"度支尚书卢承庆参","2","0","2"
"支尚书卢承庆参知","2","0","2"
"尚书卢承庆参知政","2","0","2"
"书卢承庆参知政事","2","0","2"
"普州刺史李义府吏","2","0","2"
"州刺史李义府吏部","2","0","2"
"刺史李义府吏部尚","2","0","2"
"史李义府吏部尚书","2","0","2"
"文武五品己上子孙","2","0","2"
"武五品己上子孙父","2","0","2"
"五品己上子孙父祖","2","0","2"
"品己上子孙父祖后","2","0","2"
"己上子孙父祖后者","2","0","2"
"上子孙父祖后者加","2","0","2"
"子孙父祖后者加勋","2","0","2"
"孙父祖后者加勋官","2","0","2"
"父祖后者加勋官一","2","0","2"
"祖后者加勋官一级","2","0","2"
"邢国公苏定方神丘","2","0","2"
"国公苏定方神丘道","2","0","2"
"公苏定方神丘道总","2","0","2"
"苏定方神丘道总管","2","0","2"
"刘伯英昆夷道总管","2","0","2"
"义旗初职事五品上","2","0","2"
"旗初职事五品上身","2","0","2"
"初职事五品上身亡","2","0","2"
"职事五品上身亡殁","2","0","2"
"事五品上身亡殁坟","2","0","2"
"五品上身亡殁坟墓","2","0","2"
"品上身亡殁坟墓州","2","0","2"
"上身亡殁坟墓州者","2","0","2"
"佐命功臣子孙大将","2","0","2"
"命功臣子孙大将军","2","0","2"
"功臣子孙大将军府","2","0","2"
"臣子孙大将军府僚","2","0","2"
"子孙大将军府僚佐","2","0","2"
"孙大将军府僚佐下","2","0","2"
"大将军府僚佐下见","2","0","2"
"将军府僚佐下见存","2","0","2"
"军府僚佐下见存者","2","0","2"
"义徒职事一品己下","2","0","2"
"佐命功臣食封身殁","2","0","2"
"命功臣食封身殁者","2","0","2"
"皇后宴亲族邻里故","2","0","2"
"后宴亲族邻里故旧","2","0","2"
"宴亲族邻里故旧朝","2","0","2"
"亲族邻里故旧朝堂","2","0","2"
"命妇妇人入会内殿","2","0","2"
"制皇后故乡州长史","2","0","2"
"城内诸妇女年八十","2","0","2"
"内诸妇女年八十上","2","0","2"
"发神丘道军伐百济","2","0","2"
"左右始改左右千牛","2","0","2"
"造八关宫东都苑内","2","0","2"
"诏文武五品己上四","2","0","2"
"文武五品己上四科","2","0","2"
"武五品己上四科举","2","0","2"
"五品己上四科举人","2","0","2"
"门下三品卢承庆罪","2","0","2"
"下三品卢承庆罪免","2","0","2"
"苏定方等讨平百济","2","0","2"
"地分置熊津等五都","2","0","2"
"分置熊津等五都督","2","0","2"
"置熊津等五都督府","2","0","2"
"赐英国公勣墓茔一","2","0","2"
"英国公勣墓茔一所","2","0","2"
"代国夫人杨氏改荣","2","0","2"
"国夫人杨氏改荣国","2","0","2"
"夫人杨氏改荣国夫","2","0","2"
"人杨氏改荣国夫人","2","0","2"
"邢国公苏定方献百","2","0","2"
"国公苏定方献百济","2","0","2"
"公苏定方献百济王","2","0","2"
"苏定方献百济王扶","2","0","2"
"定方献百济王扶余","2","0","2"
"方献百济王扶余义","2","0","2"
"献百济王扶余义慈","2","0","2"
"太子隆等五十八人","2","0","2"
"子隆等五十八人俘","2","0","2"
"隆等五十八人俘天","2","0","2"
"等五十八人俘天门","2","0","2"
"淮南六十七州募四","2","0","2"
"南六十七州募四万","2","0","2"
"六十七州募四万四","2","0","2"
"十七州募四万四千","2","0","2"
"七州募四万四千六","2","0","2"
"州募四万四千六百","2","0","2"
"募四万四千六百四","2","0","2"
"皇后请禁天下妇人","2","0","2"
"后请禁天下妇人俳","2","0","2"
"请禁天下妇人俳优","2","0","2"
"禁天下妇人俳优戏","2","0","2"
"中书令许敬宗等进","2","0","2"
"令诸州举孝行尤著","2","0","2"
"诸州举孝行尤著累","2","0","2"
"州举孝行尤著累叶","2","0","2"
"举孝行尤著累叶义","2","0","2"
"孝行尤著累叶义居","2","0","2"
"行尤著累叶义居励","2","0","2"
"尤著累叶义居励风","2","0","2"
"著累叶义居励风俗","2","0","2"
"累叶义居励风俗者","2","0","2"
"河南县大女张年百","2","0","2"
"南县大女张年百三","2","0","2"
"县大女张年百三岁","2","0","2"
"天宫寺高祖潜龙时","2","0","2"
"宫寺高祖潜龙时旧","2","0","2"
"寺高祖潜龙时旧宅","2","0","2"
"敕中书门下五品上","2","0","2"
"尚书省侍郎诸亲三","2","0","2"
"书省侍郎诸亲三等","2","0","2"
"省侍郎诸亲三等上","2","0","2"
"太府寺更置少卿一","2","0","2"
"府寺更置少卿一员","2","0","2"
"左右仆射左右匡政","2","0","2"
"乐安县公任雅相卒","2","0","2"
"安县公任雅相卒军","2","0","2"
"苏定方破高丽苇岛","2","0","2"
"左侍极许圉师左相","2","0","2"
"制蓬莱宫诸门殿亭","2","0","2"
"蓬莱宫诸门殿亭等","2","0","2"
"莱宫诸门殿亭等名","2","0","2"
"右相许敬宗乞骸骨","2","0","2"
"河间郡公李义府复","2","0","2"
"间郡公李义府复司","2","0","2"
"郡公李义府复司列","2","0","2"
"公李义府复司列太","2","0","2"
"李义府复司列太常","2","0","2"
"义府复司列太常伯","2","0","2"
"上官仪同东西台二","2","0","2"
"官仪同东西台二品","2","0","2"
"十一月辛未左相许","2","0","2"
"一月辛未左相许圉","2","0","2"
"月辛未左相许圉师","2","0","2"
"辛未左相许圉师下","2","0","2"
"未左相许圉师下狱","2","0","2"
"改魏州冀州大都督","2","0","2"
"魏州冀州大都督府","2","0","2"
"沛王贤扬州大都督","2","0","2"
"殷王旭轮遥冀州大","2","0","2"
"王旭轮遥冀州大都","2","0","2"
"旭轮遥冀州大都督","2","0","2"
"左相许圉师解见任","2","0","2"
"大将军郑仁泰等帅","2","0","2"
"将军郑仁泰等帅师","2","0","2"
"军郑仁泰等帅师讨","2","0","2"
"郑仁泰等帅师讨铁","2","0","2"
"仁泰等帅师讨铁勒","2","0","2"
"泰等帅师讨铁勒余","2","0","2"
"等帅师讨铁勒余种","2","0","2"
"列太常伯李义府右","2","0","2"
"太常伯李义府右相","2","0","2"
"岐等一十五州户口","2","0","2"
"置太子左右谕德桂","2","0","2"
"太子左右谕德桂坊","2","0","2"
"子左右谕德桂坊大","2","0","2"
"左右谕德桂坊大夫","2","0","2"
"右谕德桂坊大夫等","2","0","2"
"谕德桂坊大夫等官","2","0","2"
"德桂坊大夫等官员","2","0","2"
"幸蓬莱宫新含元殿","2","0","2"
"令内外官五品上举","2","0","2"
"内外官五品上举所","2","0","2"
"外官五品上举所知","2","0","2"
"诏改年正月一日麟","2","0","2"
"改年正月一日麟德","2","0","2"
"年正月一日麟德元","2","0","2"
"正月一日麟德元年","2","0","2"
"麟德元年春正月甲","2","0","2"
"德元年春正月甲子","2","0","2"
"改云中都护府单大","2","0","2"
"云中都护府单大都","2","0","2"
"中都护府单大都护","2","0","2"
"都护府单大都护府","2","0","2"
"加授殷王旭轮单大","2","0","2"
"授殷王旭轮单大都","2","0","2"
"殷王旭轮单大都护","2","0","2"
"长女追封安定公主","2","0","2"
"卤簿鼓吹供葬所须","2","0","2"
"昆明弄栋川置姚州","2","0","2"
"明弄栋川置姚州都","2","0","2"
"弄栋川置姚州都督","2","0","2"
"栋川置姚州都督府","2","0","2"
"孙左威卫长史思纯","2","0","2"
"黔三都督府管内大","2","0","2"
"三都督府管内大辟","2","0","2"
"都督府管内大辟罪","2","0","2"
"督府管内大辟罪上","2","0","2"
"嘉兴县子陆敦信检","2","0","2"
"兴县子陆敦信检校","2","0","2"
"县子陆敦信检校右","2","0","2"
"子陆敦信检校右相","2","0","2"
"右司员外郎宇文全","1","1","2"
"司员外郎宇文全志","1","1","2"
"员外郎宇文全志等","1","1","2"
"外郎宇文全志等三","1","1","2"
"郎宇文全志等三十","1","1","2"
"宇文全志等三十六","1","1","2"
"文全志等三十六家","1","1","2"
"京兆功曹参军崔擢","1","1","2"
"前鲁王府功曹参军","1","1","2"
"鲁王府功曹参军丘","1","1","2"
"天下颇多流言异议","1","1","2"
"封堂兄左金吾将军","1","1","2"
"盐泽道总管高甑生","1","1","2"
"泽道总管高甑生大","1","1","2"
"道总管高甑生大破","1","1","2"
"陕郡太守李齐物先","1","1","2"
"郡太守李齐物先凿","1","1","2"
"太子宾客贺知章请","1","1","2"
"依旧取正月十四日","1","1","2"
"十六日开坊市门燃","1","1","2"
"朔方节度使张齐丘","1","1","2"
"受降城北筑横塞城","1","1","2"
"贼将崔乾祐战灵宝","2","0","2"
"将崔乾祐战灵宝西","2","0","2"
"青州权知兵马留后","2","0","2"
"州权知兵马留后王","2","0","2"
"权知兵马留后王师","2","0","2"
"宜充大行皇帝山陵","2","0","2"
"大司宪检校右中护","2","0","2"
"司宪检校右中护刘","2","0","2"
"宪检校右中护刘仁","2","0","2"
"校右中护刘仁轨右","2","0","2"
"右中护刘仁轨右相","2","0","2"
"诏缮工大监瀚海都","2","0","2"
"缮工大监瀚海都护","2","0","2"
"工大监瀚海都护刘","2","0","2"
"大监瀚海都护刘审","2","0","2"
"监瀚海都护刘审礼","2","0","2"
"瀚海都护刘审礼西","2","0","2"
"海都护刘审礼西域","2","0","2"
"都护刘审礼西域道","2","0","2"
"护刘审礼西域道安","2","0","2"
"刘审礼西域道安抚","2","0","2"
"审礼西域道安抚大","2","0","2"
"礼西域道安抚大使","2","0","2"
"永安郡公姜恪卒河","2","0","2"
"安郡公姜恪卒河西","2","0","2"
"郡公姜恪卒河西镇","2","0","2"
"公姜恪卒河西镇守","2","0","2"
"高阳郡公许敬宗卒","2","0","2"
"支汗郡王献碧玻璃","2","0","2"
"平恩县公许圉师卒","2","0","2"
"遣郎将宋令文使吐","2","0","2"
"郎将宋令文使吐蕃","2","0","2"
"州都督周道务等兵","2","0","2"
"都督周道务等兵十","2","0","2"
"督周道务等兵十八","2","0","2"
"周道务等兵十八万","2","0","2"
"改永隆二年开耀元","2","0","2"
"永隆二年开耀元年","2","0","2"
"斩阿史伏念温傅等","2","0","2"
"阿史伏念温傅等五","2","0","2"
"史伏念温傅等五十","2","0","2"
"伏念温傅等五十四","2","0","2"
"念温傅等五十四人","2","0","2"
"温傅等五十四人都","2","0","2"
"傅等五十四人都市","2","0","2"
"洛州长史李仲玄宗","2","0","2"
"州长史李仲玄宗正","2","0","2"
"长史李仲玄宗正卿","2","0","2"
"诏改永淳二年弘道","2","0","2"
"改永淳二年弘道元","2","0","2"
"永淳二年弘道元年","2","0","2"
"尚书左仆射刘幽求","1","1","2"
"书左仆射刘幽求同","1","1","2"
"左仆射刘幽求同中","1","1","2"
"仆射刘幽求同中书","1","1","2"
"射刘幽求同中书门","1","1","2"
"刘幽求同中书门下","1","1","2"
"幽求同中书门下三","1","1","2"
"求同中书门下三品","1","1","2"
"六万九千五百六十","1","1","2"
"万九千五百六十五","1","1","2"
"四千一百四十一万","1","1","2"
"千一百四十一万九","1","1","2"
"一百四十一万九千","1","1","2"
"百四十一万九千七","1","1","2"
"四十一万九千七百","1","1","2"
"十一万九千七百一","1","1","2"
"一万九千七百一十","1","1","2"
"万九千七百一十二","1","1","2"
"豫王府长史王德真","1","1","2"
"副元帅李光弼守河","1","1","2"
"元帅李光弼守河阳","1","1","2"
"南副元帅李光弼破","1","1","2"
"副元帅李光弼破贼","1","1","2"
"代宗睿文孝武皇帝","1","1","2"
"南东川节度观察使","1","1","2"
"邛州刺史柏茂林充","1","1","2"
"浙江观察使李栖筠","1","1","2"
"金吾卫大将军高承","1","1","2"
"吾卫大将军高承简","1","1","2"
"灵武节度使李文悦","1","1","2"
"左金吾卫将军傅毅","1","1","2"
"右金吾卫大将军史","1","1","2"
"金吾卫大将军史孝","1","1","2"
"吾卫大将军史孝章","1","1","2"
"右龙武统军韩游瑰","1","1","2"
"浙东团练副使齐总","1","1","2"
"试大理评事张正元","1","1","2"
"朔方都虞候李怀光","1","1","2"
"道州司马同正杨炎","1","1","2"
"成德军兵马使王武","1","1","2"
"德军兵马使王武俊","1","1","2"
"军兵马使王武俊杀","1","1","2"
"兵马使王武俊杀李","1","1","2"
"马使王武俊杀李惟","1","1","2"
"使王武俊杀李惟岳","1","1","2"
"南东川节度使李叔","1","1","2"
"东川兵马使王叔邕","1","1","2"
"书门下平章事张延","1","1","2"
"门下平章事张延赏","1","1","2"
"幽州雄武军使张绛","1","1","2"
"遣军吏吴仲舒入朝","1","1","2"
"将吏二千六百人请","1","1","2"
"会昌元年三月二十","1","1","2"
"昌元年三月二十六","1","1","2"
"元年三月二十六日","1","1","2"
"阳三城节度使李拭","1","1","2"
"州员外司马张直方","1","1","2"
"卫尉少卿王端章贬","1","1","2"
"判官河南府士曹李","1","1","2"
"官河南府士曹李寂","1","1","2"
"左军将军赵孝祖大","2","0","2"
"军将军赵孝祖大破","2","0","2"
"北平县公张行成薨","2","0","2"
"龙朔元年三月丙申","2","0","2"
"朔元年三月丙申朔","2","0","2"
"六军十二卫观军容","1","1","2"
"军十二卫观军容使","1","1","2"
"刑部郎中知杂李孝","1","1","2"
"部郎中知杂李孝本","1","1","2"
"金吾左仗院石榴树","1","1","2"
"内官率禁兵五百人","1","1","2"
"凤翔率亲兵五百余","1","1","2"
"翔率亲兵五百余人","1","1","2"
"调补秘书省校书郎","1","1","2"
"吏部员外郎张文规","1","1","2"
"写古体歌诗一百首","1","1","2"
"五年七月二十二日","1","1","2"
"年七月二十二日暴","1","1","2"
"神策中尉吐突承璀","1","1","2"
"中书舍人王涯上疏","1","1","2"
"东西二林间香炉峰","1","1","2"
"西二林间香炉峰下","1","1","2"
"圣人感人心天下平","2","0","2"
"西二十里黄牛峡口","1","1","2"
"二十里黄牛峡口石","1","1","2"
"十里黄牛峡口石洞","1","1","2"
"里黄牛峡口石洞中","1","1","2"
"二千二百五十一首","1","1","2"
"右卫勋二府中郎将","1","1","2"
"阎朝隐等数百人赋","1","1","2"
"朝隐等数百人赋诗","1","1","2"
"代北道行军大总管","1","1","2"
"周太子少傅博平公","1","1","2"
"岭南讨击使李千里","1","1","2"
"南讨击使李千里进","1","1","2"
"时郭子仪频立大功","1","1","2"
"天下观军容宣慰处","1","1","2"
"下观军容宣慰处置","1","1","2"
"陕州观察使皇甫温","1","1","2"
"州观察使皇甫温相","1","1","2"
"观察使皇甫温相结","1","1","2"
"诱潞州牙将乌重胤","1","1","2"
"时弓箭库使刘希先","1","1","2"
"弓箭库使刘希先取","1","1","2"
"箭库使刘希先取羽","1","1","2"
"库使刘希先取羽林","1","1","2"
"使刘希先取羽林大","1","1","2"
"刘希先取羽林大将","1","1","2"
"希先取羽林大将军","1","1","2"
"先取羽林大将军孙","1","1","2"
"太子通事舍人李涉","1","1","2"
"营州柳城杂种胡人","1","1","2"
"采访使判官蒋清烧","1","1","2"
"贼将尹子奇攻陷睢","1","1","2"
"将尹子奇攻陷睢阳","1","1","2"
"尹子奇攻陷睢阳郡","1","1","2"
"遣副元帅郭子仪等","1","1","2"
"贝州刺史宇文宽等","1","1","2"
"乾元二年正月一日","2","0","2"
"军仓曹参军同正员","1","1","2"
"营州宁夷州突厥杂","1","1","2"
"平卢节度都知兵马","1","1","2"
"卢节度都知兵马使","1","1","2"
"成德军节度张忠志","1","1","2"
"豫章王府记室参军","1","1","2"
"太宗命秘书监魏征","1","1","2"
"时吏部侍郎裴行俭","1","1","2"
"吏部员外郎贾言忠","1","1","2"
"洛州总管独孤信见","1","1","2"
"黄门侍郎薛元超等","1","1","2"
"弘文馆学士高若思","1","1","2"
"文馆学士高若思等","1","1","2"
"蕲州双峰山东山寺","1","1","2"
"慈隰节度支度营田","1","1","2"
"隰节度支度营田观","1","1","2"
"度支度营田观察押","1","1","2"
"支度营田观察押诸","1","1","2"
"度营田观察押诸蕃","1","1","2"
"营田观察押诸蕃部","1","1","2"
"田观察押诸蕃部落","1","1","2"
"观察押诸蕃部落等","1","1","2"
"察押诸蕃部落等使","1","1","2"
"四镇节度使段秀实","1","1","2"
"朔方旧将温儒雅等","1","1","2"
"镇国军节度骆元光","1","1","2"
"将牛名俊斩怀光首","2","0","2"
"怀光外孙燕八八赐","1","1","2"
"光外孙燕八八赐姓","1","1","2"
"外孙燕八八赐姓李","1","1","2"
"山南等五道度支使","1","1","2"
"关内副元帅郭子仪","1","1","2"
"内副元帅郭子仪请","1","1","2"
"左司御率府兵曹参","1","1","2"
"司御率府兵曹参军","1","1","2"
"内节度使王思礼请","1","1","2"
"将王佖选锐兵三千","2","0","2"
"安西兵马使荔非元","1","1","2"
"西兵马使荔非元礼","1","1","2"
"录事参军李择交统","1","1","2"
"副将平原县令范东","1","1","2"
"将平原县令范东馥","1","1","2"
"检校刑部尚书知省","1","1","2"
"校刑部尚书知省事","1","1","2"
"御史中丞李进等传","1","1","2"
"兴元元年八月三日","1","1","2"
"凤翔兵马使李楚琳","1","1","2"
"翔兵马使李楚琳杀","1","1","2"
"生擒笼官四十五人","1","1","2"
"南道元帅论莽热率","1","1","2"
"令镇静军使陈洎等","1","1","2"
"令镇南军使韦良金","1","1","2"
"雅州经略使路惟明","1","1","2"
"州经略使路惟明等","1","1","2"
"东境五道节度兵马","1","1","2"
"境五道节度兵马都","1","1","2"
"五道节度兵马都群","1","1","2"
"道节度兵马都群牧","1","1","2"
"节度兵马都群牧大","1","1","2"
"度兵马都群牧大使","1","1","2"
"亳节度使令狐彰闻","1","1","2"
"时淮西节度使李希","1","1","2"
"淮西节度使李希烈","1","1","2"
"西节度使李希烈乘","1","1","2"
"节度使李希烈乘破","1","1","2"
"濠寿庐三州都团练","1","1","2"
"寿庐三州都团练观","1","1","2"
"庐三州都团练观察","1","1","2"
"三州都团练观察使","1","1","2"
"时河东节度使李说","1","1","2"
"朔方节度使仆固怀","1","1","2"
"方节度使仆固怀恩","1","1","2"
"夹道排列二十余里","1","1","2"
"三千六百八十二卷","1","1","2"
"修史官工部侍郎韦","1","1","2"
"史官工部侍郎韦述","1","1","2"
"官工部侍郎韦述陷","1","1","2"
"遣谒者内常侍吴承","1","1","2"
"谒者内常侍吴承倩","1","1","2"
"饶乐府都督李诗率","1","1","2"
"旧将易州刺史张孝","1","1","2"
"将易州刺史张孝忠","1","1","2"
"武俊检校秘书少监","1","1","2"
"伪定州刺史杨政义","1","1","2"
"劝诱蔡州李希烈同","1","1","2"
"武俊检校兵部尚书","1","1","2"
"左金吾上将军同正","1","1","2"
"左庶子上公持节册","1","1","2"
"王承元衙内兵马使","1","1","2"
"国家赏钱一百万贯","1","1","2"
"东川节度使王涯献","1","1","2"
"克融检校工部尚书","1","1","2"
"将吏一百八十余人","1","1","2"
"义武军节度使李听","1","1","2"
"子仪等九节度围安","2","0","2"
"仪等九节度围安庆","2","0","2"
"等九节度围安庆绪","2","0","2"
"九节度围安庆绪相","2","0","2"
"节度围安庆绪相州","2","0","2"
"监军判官蒋知璋等","1","1","2"
"令内常侍崔潭峻监","1","1","2"
"淮右行营兵马都统","1","1","2"
"申光蔡四面行营招","1","1","2"
"光蔡四面行营招抚","1","1","2"
"蔡四面行营招抚使","1","1","2"
"造祠堂一百二十间","1","1","2"
"庆州刺史论惟明合","1","1","2"
"州刺史论惟明合兵","1","1","2"
"刺史论惟明合兵三","1","1","2"
"史论惟明合兵三千","1","1","2"
"论惟明合兵三千人","1","1","2"
"荐中书侍郎杜正伦","1","1","2"
"尚书左仆射杨素见","1","1","2"
"书左仆射杨素见师","1","1","2"
"左仆射杨素见师古","1","1","2"
"仆射杨素见师古年","1","1","2"
"太学博士马嘉运驳","1","1","2"
"学博士马嘉运驳颖","1","1","2"
"博士马嘉运驳颖达","1","1","2"
"士马嘉运驳颖达所","1","1","2"
"马嘉运驳颖达所撰","1","1","2"
"时右监门长史苏敬","1","1","2"
"汉家大郡五十万户","1","1","2"
"鲁郡临泗府步兵校","1","1","2"
"郡临泗府步兵校尉","1","1","2"
"时河西节度使王忠","1","1","2"
"河西节度使王忠嗣","1","1","2"
"左羽林大将军同正","1","1","2"
"凤翔节度使孙志直","1","1","2"
"时朔方节度使李怀","1","1","2"
"令检校户部郎中张","1","1","2"
"坊丹延节度招讨使","1","1","2"
"时京兆府司录李敬","1","1","2"
"京兆府司录李敬仲","1","1","2"
"魏博田弘正移任镇","1","1","2"
"鸿胪卿员外置同正","1","1","2"
"胪卿员外置同正员","1","1","2"
"磁邢节度观察留后","1","1","2"
"成德节度使王武俊","1","1","2"
"杜甫题诸葛亮祠堂","1","1","2"
"甫题诸葛亮祠堂诗","1","1","2"
"题诸葛亮祠堂诗末","1","1","2"
"诸葛亮祠堂诗末句","1","1","2"
"淮南等五道两税使","1","1","2"
"署铸钱内作使判官","1","1","2"
"剑南节度行军司马","1","1","2"
"襄州刺史王政弃城","1","1","2"
"崔光远襄州节度使","1","1","2"
"襄邓等十州节度使","1","1","2"
"汴州大将李灵耀反","1","1","2"
"神策行营兵马使李","1","1","2"
"策行营兵马使李晟","1","1","2"
"镇国军节度使骆元","1","1","2"
"国军节度使骆元光","1","1","2"
"大将达奚小进弃城","1","1","2"
"北京留守王思礼军","1","1","2"
"陆浑伊阳山中读书","1","1","2"
"时潼关败将王思礼","1","1","2"
"防御蒲潼两关兵马","1","1","2"
"御蒲潼两关兵马节","1","1","2"
"蒲潼两关兵马节度","1","1","2"
"潼两关兵马节度等","1","1","2"
"两关兵马节度等使","1","1","2"
"广德元年八月四日","1","1","2"
"梓州副使段子璋反","1","1","2"
"西川节度使崔光远","1","1","2"
"川节度使崔光远攻","1","1","2"
"左羽林军将军知运","1","1","2"
"东川节度判官韦收","1","1","2"
"朔方水陆转运副使","1","1","2"
"大历六年三月己未","1","1","2"
"淮南节度使崔圆请","1","1","2"
"江东采访使李希言","1","1","2"
"度支转运使职务繁","1","1","2"
"检校左仆射田神功","1","1","2"
"大历十二年三月庚","1","1","2"
"历十二年三月庚辰","1","1","2"
"开元中河西节度使","1","1","2"
"元中河西节度使忠","1","1","2"
"中河西节度使忠嗣","1","1","2"
"东节度营田观察等","1","1","2"
"节度营田观察等使","1","1","2"
"建中三年六月丁巳","1","1","2"
"河南淮南游奕逐要","1","1","2"
"南淮南游奕逐要招","1","1","2"
"淮南游奕逐要招讨","1","1","2"
"南游奕逐要招讨等","1","1","2"
"游奕逐要招讨等使","1","1","2"
"山南东道节度防御","1","1","2"
"南东道节度防御处","1","1","2"
"东道节度防御处置","1","1","2"
"道节度防御处置等","1","1","2"
"节度防御处置等使","1","1","2"
"襄阳节度使魏仲犀","1","1","2"
"河南节度经略副大","1","1","2"
"南节度经略副大使","1","1","2"
"元帅司徒郭子仪镇","1","1","2"
"乾元三年四月十三","1","1","2"
"元三年四月十三日","1","1","2"
"奉义军渭北兵马等","1","1","2"
"义军渭北兵马等使","1","1","2"
"时中官骠骑大将军","1","1","2"
"中官骠骑大将军程","1","1","2"
"官骠骑大将军程元","1","1","2"
"骠骑大将军程元振","1","1","2"
"中书令郭子仪率兵","1","1","2"
"书令郭子仪率兵讨","1","1","2"
"女婿工部侍郎赵纵","1","1","2"
"判官监察御史邵贲","1","1","2"
"凉武昭王暠七代孙","2","0","2"
"晋阳乡长刘世龙知","1","1","2"
"遣开阳府司马刘政","1","1","2"
"开阳府司马刘政会","1","1","2"
"阳府司马刘政会告","1","1","2"
"武牙郎将宋老生屯","1","1","2"
"康稍利率兵五百人","1","1","2"
"隋骁卫大将军屈突","1","1","2"
"骁卫大将军屈突通","1","1","2"
"卫大将军屈突通镇","1","1","2"
"高祖亲率众围河东","1","1","2"
"长孙顺德等前后数","1","1","2"
"孙顺德等前后数万","1","1","2"
"顺德等前后数万人","1","1","2"
"右屯卫将军宇文化","1","1","2"
"命相国长史裴寂等","1","1","2"
"相国府司马刘文静","1","1","2"
"隋右骁卫大将军李","1","1","2"
"右骁卫大将军李金","1","1","2"
"骁卫大将军李金才","1","1","2"
"行军总管盛彦师追","1","1","2"
"右武卫大将军姜宝","1","1","2"
"武卫大将军姜宝谊","1","1","2"
"部尚书独孤怀恩谋","1","1","2"
"尚书独孤怀恩谋反","1","1","2"
"加授东南道行台尚","1","1","2"
"授东南道行台尚书","1","1","2"
"窦建德行台尚书令","1","1","2"
"建德行台尚书令胡","1","1","2"
"德行台尚书令胡大","1","1","2"
"行台尚书令胡大恩","1","1","2"
"置山东道行台尚书","1","1","2"
"山东道行台尚书省","1","1","2"
"东道大行台尚书令","1","1","2"
"东都紫微宫乾阳殿","1","1","2"
"东南道行台仆射辅","1","1","2"
"南道行台仆射辅公","1","1","2"
"赵郡王孝恭大破辅","1","1","2"
"郡王孝恭大破辅公","1","1","2"
"天策上将府司马宇","1","1","2"
"策上将府司马宇文","1","1","2"
"上将府司马宇文士","1","1","2"
"高丽莫离支盖苏文","1","1","2"
"丽莫离支盖苏文死","1","1","2"
"司礼太常伯刘祥道","1","1","2"
"礼太常伯刘祥道上","1","1","2"
"怀汝节度行营副使","1","1","2"
"故剑南东川节度使","1","1","2"
"剑南东川节度使严","1","1","2"
"南东川节度使严砺","1","1","2"
"东川节度使严砺违","1","1","2"
"川节度使严砺违制","1","1","2"
"节度使严砺违制擅","1","1","2"
"籍没涂山甫等吏民","1","1","2"
"没涂山甫等吏民八","1","1","2"
"涂山甫等吏民八十","1","1","2"
"山甫等吏民八十八","1","1","2"
"甫等吏民八十八户","1","1","2"
"宣歙等道赴镇州行","1","1","2"
"歙等道赴镇州行营","1","1","2"
"等道赴镇州行营兵","1","1","2"
"道赴镇州行营兵马","1","1","2"
"赴镇州行营兵马招","1","1","2"
"镇州行营兵马招讨","1","1","2"
"州行营兵马招讨等","1","1","2"
"行营兵马招讨等使","1","1","2"
"内侍省常侍宋惟澄","1","1","2"
"朔方节度支度营田","1","1","2"
"方节度支度营田观","1","1","2"
"度支度营田观察盐","1","1","2"
"支度营田观察盐池","1","1","2"
"度营田观察盐池押","1","1","2"
"营田观察盐池押诸","1","1","2"
"田观察盐池押诸蕃","1","1","2"
"观察盐池押诸蕃部","1","1","2"
"察盐池押诸蕃部落","1","1","2"
"盐池押诸蕃部落六","1","1","2"
"池押诸蕃部落六城","1","1","2"
"押诸蕃部落六城水","1","1","2"
"诸蕃部落六城水运","1","1","2"
"蕃部落六城水运使","1","1","2"
"怦幽州大都督府长","1","1","2"
"秘书太府太常少卿","1","1","2"
"书太府太常少卿监","1","1","2"
"东都畿汝州都防御","1","1","2"
"都畿汝州都防御使","1","1","2"
"安东都护府录事参","1","1","2"
"东都护府录事参军","1","1","2"
"吉甫金紫光禄大夫","1","1","2"
"光禄卿贾循守范阳","1","1","2"
"正授江南西道都团","1","1","2"
"授江南西道都团练","1","1","2"
"湖南都团练观察处","1","1","2"
"南都团练观察处置","1","1","2"
"都团练观察处置使","1","1","2"
"弘文崇贤馆大学士","1","1","2"
"幽州节度使李怀仙","1","1","2"
"州节度使李怀仙死","1","1","2"
"京师留守刑部尚书","1","1","2"
"师留守刑部尚书卫","1","1","2"
"留守刑部尚书卫文","1","1","2"
"守刑部尚书卫文升","1","1","2"
"右翊卫将军阴世师","1","1","2"
"河南等道支度都勾","1","1","2"
"转运租庸盐铁铸钱","1","1","2"
"贞元十四年十二月","1","1","2"
"高祖神尧大圣大光","1","1","2"
"祖神尧大圣大光孝","1","1","2"
"大圣大光孝皇帝姓","1","1","2"
"圣大光孝皇帝姓李","1","1","2"
"禾巨鬯等九种器物","0","2","2"
"关系国家安危的大","0","2","2"
"皇上在宗庙举行祭","0","2","2"
"上在宗庙举行祭祀","0","2","2"
"诏令各司清理积案","0","2","2"
"士兵听到这个消息","0","2","2"
"软禁在宫庭拘留所","0","2","2"
"写出报告禀奏朝廷","0","2","2"
"罚一月俸禄及料钱","0","2","2"
"李夷简为御史中丞","0","2","2"
"散骑常侍张镐贬为","0","2","2"
"骑常侍张镐贬为辰","0","2","2"
"常侍张镐贬为辰州","0","2","2"
"侍张镐贬为辰州司","0","2","2"
"张镐贬为辰州司户","0","2","2"
"节度使牛元翼去世","0","2","2"
"出任扬州大都督府","0","2","2"
"兼检校安国相王府","0","2","2"
"依旧是同中书门下","0","2","2"
"旧是同中书门下三","0","2","2"
"芮国公豆卢钦望为","0","2","2"
"齐国公魏元忠为尚","0","2","2"
"国公魏元忠为尚书","0","2","2"
"公魏元忠为尚书左","0","2","2"
"魏元忠为尚书左仆","0","2","2"
"元忠为尚书左仆射","0","2","2"
"忠为尚书左仆射兼","0","2","2"
"为尚书左仆射兼中","0","2","2"
"尚书左仆射兼中书","0","2","2"
"书左仆射兼中书令","0","2","2"
"和大圣大昭孝皇帝","0","2","2"
"韦安石为太子少保","0","2","2"
"旧任同中书门下平","0","2","2"
"窦怀贞为左台御史","0","2","2"
"怀贞为左台御史大","0","2","2"
"贞为左台御史大夫","0","2","2"
"为灵州道行军总管","0","2","2"
"高士廉代理太子太","0","2","2"
"士廉代理太子太傅","0","2","2"
"百姓免除今年租税","0","2","2"
"尊号为开元天地大","0","2","2"
"号为开元天地大宝","0","2","2"
"为开元天地大宝圣","0","2","2"
"号曰太上至道圣皇","0","2","2"
"至道大圣大明孝皇","0","2","2"
"宋国公萧王禹为太","0","2","2"
"国公萧王禹为太子","0","2","2"
"任命成德军节度使","0","2","2"
"命成德军节度使王","0","2","2"
"平章政事杜让能晋","0","2","2"
"充任凤翔陇州节度","0","2","2"
"任凤翔陇州节度使","0","2","2"
"担任检校尚书左仆","0","2","2"
"江东道观察处置使","0","2","2"
"充任静海军节度使","0","2","2"
"校太子左中护戴至","0","2","2"
"太子左中护戴至德","0","2","2"
"司戎少常伯各两员","0","2","2"
"以右威卫大将军薛","0","2","2"
"卫大将军薛仁贵为","0","2","2"
"大将军薛仁贵为逻","0","2","2"
"将军薛仁贵为逻娑","0","2","2"
"军薛仁贵为逻娑道","0","2","2"
"薛仁贵为逻娑道行","0","2","2"
"仁贵为逻娑道行军","0","2","2"
"贵为逻娑道行军大","0","2","2"
"为逻娑道行军大总","0","2","2"
"员外大将军阿史那","0","2","2"
"外大将军阿史那道","0","2","2"
"大将军阿史那道真","0","2","2"
"左卫将军郭待封为","0","2","2"
"卫将军郭待封为副","0","2","2"
"领兵五万以打击吐","0","2","2"
"兵五万以打击吐蕃","0","2","2"
"阎立本以古义对答","0","2","2"
"道国公戴至德兼户","0","2","2"
"国公戴至德兼户部","0","2","2"
"公戴至德兼户部尚","0","2","2"
"戴至德兼户部尚书","0","2","2"
"至德兼户部尚书的","0","2","2"
"德兼户部尚书的加","0","2","2"
"兼户部尚书的加官","0","2","2"
"书门下三品张文馞","0","2","2"
"门下三品张文馞任","0","2","2"
"下三品张文馞任检","0","2","2"
"三品张文馞任检校","0","2","2"
"品张文馞任检校大","0","2","2"
"张文馞任检校大理","0","2","2"
"文馞任检校大理卿","0","2","2"
"门下三品郝处俊为","0","2","2"
"下三品郝处俊为中","0","2","2"
"三品郝处俊为中书","0","2","2"
"品郝处俊为中书侍","0","2","2"
"郝处俊为中书侍郎","0","2","2"
"门下三品李敬玄为","0","2","2"
"下三品李敬玄为吏","0","2","2"
"三品李敬玄为吏部","0","2","2"
"品李敬玄为吏部侍","0","2","2"
"李敬玄为吏部侍郎","0","2","2"
"一律依旧同中书门","0","2","2"
"律依旧同中书门下","0","2","2"
"追尊宣简公为宣皇","0","2","2"
"尊宣简公为宣皇帝","0","2","2"
"太祖武皇帝为高祖","0","2","2"
"祖武皇帝为高祖神","0","2","2"
"武皇帝为高祖神尧","0","2","2"
"皇帝为高祖神尧皇","0","2","2"
"帝为高祖神尧皇帝","0","2","2"
"太宗文皇帝为文武","0","2","2"
"宗文皇帝为文武圣","0","2","2"
"文皇帝为文武圣皇","0","2","2"
"皇帝为文武圣皇帝","0","2","2"
"太穆皇后为太穆神","0","2","2"
"穆皇后为太穆神皇","0","2","2"
"皇后为太穆神皇后","0","2","2"
"文德皇后为文德圣","0","2","2"
"德皇后为文德圣皇","0","2","2"
"皇后为文德圣皇后","0","2","2"
"永固二县而设置温","0","2","2"
"固二县而设置温州","0","2","2"
"左丞相许圉师为户","0","2","2"
"丞相许圉师为户部","0","2","2"
"相许圉师为户部尚","0","2","2"
"许圉师为户部尚书","0","2","2"
"周王显为洮州道行","0","2","2"
"王显为洮州道行军","0","2","2"
"显为洮州道行军元","0","2","2"
"为洮州道行军元帅","0","2","2"
"率领工部尚书刘审","0","2","2"
"领工部尚书刘审礼","0","2","2"
"相王轮为凉州道行","0","2","2"
"王轮为凉州道行军","0","2","2"
"轮为凉州道行军元","0","2","2"
"为凉州道行军元帅","0","2","2"
"率领左卫将军契艹","0","2","2"
"领左卫将军契艹必","0","2","2"
"左卫将军契艹必何","0","2","2"
"卫将军契艹必何力","0","2","2"
"将军契艹必何力等","0","2","2"
"军契艹必何力等军","0","2","2"
"契艹必何力等军以","0","2","2"
"艹必何力等军以讨","0","2","2"
"必何力等军以讨伐","0","2","2"
"何力等军以讨伐吐","0","2","2"
"力等军以讨伐吐蕃","0","2","2"
"迁徙改封周王显为","0","2","2"
"徙改封周王显为英","0","2","2"
"改封周王显为英王","0","2","2"
"左丞相崔知悌为户","0","2","2"
"丞相崔知悌为户部","0","2","2"
"相崔知悌为户部尚","0","2","2"
"崔知悌为户部尚书","0","2","2"
"中书令郝处俊为侍","0","2","2"
"书令郝处俊为侍中","0","2","2"
"给事中刘景先兼修","0","2","2"
"事中刘景先兼修国","0","2","2"
"中刘景先兼修国史","0","2","2"
"单于大都护府突厥","0","2","2"
"于大都护府突厥阿","0","2","2"
"突厥阿史德温傅及","0","2","2"
"厥阿史德温傅及奉","0","2","2"
"阿史德温傅及奉职","0","2","2"
"史德温傅及奉职二","0","2","2"
"德温傅及奉职二部","0","2","2"
"温傅及奉职二部相","0","2","2"
"傅及奉职二部相继","0","2","2"
"及奉职二部相继反","0","2","2"
"奉职二部相继反叛","0","2","2"
"立阿史那泥熟匐为","0","2","2"
"阿史那泥熟匐为可","0","2","2"
"史那泥熟匐为可汗","0","2","2"
"二十四州首领都反","0","2","2"
"十四州首领都反叛","0","2","2"
"侍中郝处俊为太子","0","2","2"
"中郝处俊为太子少","0","2","2"
"郝处俊为太子少保","0","2","2"
"黄门侍郎裴炎为侍","0","2","2"
"门侍郎裴炎为侍中","0","2","2"
"中书侍郎薛元超并","0","2","2"
"书侍郎薛元超并为","0","2","2"
"侍郎薛元超并为中","0","2","2"
"郎薛元超并为中书","0","2","2"
"薛元超并为中书令","0","2","2"
"西副都护王方翼攻","0","2","2"
"副都护王方翼攻破","0","2","2"
"都护王方翼攻破车","0","2","2"
"护王方翼攻破车薄","0","2","2"
"吏部侍郎魏玄同都","0","2","2"
"部侍郎魏玄同都任","0","2","2"
"侍郎魏玄同都任同","0","2","2"
"郎魏玄同都任同中","0","2","2"
"魏玄同都任同中书","0","2","2"
"玄同都任同中书门","0","2","2"
"同都任同中书门下","0","2","2"
"都任同中书门下同","0","2","2"
"任同中书门下同承","0","2","2"
"群臣上谥号曰天皇","0","2","2"
"臣上谥号曰天皇大","0","2","2"
"上谥号曰天皇大帝","0","2","2"
"羽林将军李慈等与","0","2","2"
"林将军李慈等与太","0","2","2"
"将军李慈等与太平","0","2","2"
"军李慈等与太平公","0","2","2"
"李慈等与太平公主","0","2","2"
"源乾曜为黄门侍郎","0","2","2"
"两人都任同中书门","0","2","2"
"担任同中书门下平","0","2","2"
"李林甫为礼部尚书","0","2","2"
"牛仙客为兵部尚书","0","2","2"
"命令左玉钤卫大将","0","2","2"
"令左玉钤卫大将军","0","2","2"
"武承嗣为文昌左相","0","2","2"
"禁止天下屠杀牲畜","0","2","2"
"杜景俭为凤阁侍郎","0","2","2"
"为益州大都督府长","0","2","2"
"为河北道行军元帅","0","2","2"
"韩择木为礼部尚书","0","2","2"
"颜真卿为刑部尚书","0","2","2"
"检校工部尚书之职","0","2","2"
"听从了杜鸿渐的请","0","2","2"
"从了杜鸿渐的请求","0","2","2"
"兵部侍郎张仲光为","0","2","2"
"部侍郎张仲光为华","0","2","2"
"侍郎张仲光为华州","0","2","2"
"郎张仲光为华州刺","0","2","2"
"张仲光为华州刺史","0","2","2"
"大理卿敬括为同州","0","2","2"
"理卿敬括为同州刺","0","2","2"
"卿敬括为同州刺史","0","2","2"
"充任河东军节度使","0","2","2"
"北节度使李光进为","0","2","2"
"刑部尚书柳公绰为","0","2","2"
"部尚书柳公绰为检","0","2","2"
"尚书柳公绰为检校","0","2","2"
"书柳公绰为检校左","0","2","2"
"为幽州卢龙节度使","0","2","2"
"以前任淮南节度使","0","2","2"
"张献甫为宁节度使","0","2","2"
"以河东行军司马李","0","2","2"
"浙西观察使及各道","0","2","2"
"西观察使及各道盐","0","2","2"
"观察使及各道盐铁","0","2","2"
"察使及各道盐铁转","0","2","2"
"使及各道盐铁转运","0","2","2"
"及各道盐铁转运使","0","2","2"
"兼潞州大都督府长","0","2","2"
"赵等州观察处置使","0","2","2"
"任命右神策大将军","0","2","2"
"充任浙江西道观察","0","2","2"
"任浙江西道观察使","0","2","2"
"任命吏部侍郎郑从","0","2","2"
"命吏部侍郎郑从谠","0","2","2"
"吏部侍郎郑从谠为","0","2","2"
"部侍郎郑从谠为检","0","2","2"
"侍郎郑从谠为检校","0","2","2"
"内州郡观察处置使","0","2","2"
"命前淮南节度使李","0","2","2"
"任命右武卫大将军","0","2","2"
"署理度支使崔彦昭","0","2","2"
"行营招讨供军使等","0","2","2"
"决定任命开府仪同","0","2","2"
"定任命开府仪同三","0","2","2"
"担任天下行营兵马","0","2","2"
"任天下行营兵马都","0","2","2"
"就地加授同平章事","0","2","2"
"光兼任灵州大都督","0","2","2"
"御史大夫张延赏为","0","2","2"
"袁滋为检校兵部尚","0","2","2"
"滋为检校兵部尚书","0","2","2"
"命令剑南西川节度","0","2","2"
"管辖内观察处置使","0","2","2"
"中书侍郎兼礼部尚","0","2","2"
"书侍郎兼礼部尚书","0","2","2"
"管辖区内观察处置","0","2","2"
"崔慎由为中书侍郎","0","2","2"
"任成德军节度副使","0","2","2"
"赐紫金鱼袋萧亻叔","0","2","2"
"懿任检校工部尚书","0","2","2"
"兼任尚书兵部侍郎","0","2","2"
"充任岭南东道节度","0","2","2"
"任岭南东道节度使","0","2","2"
"同平章事张弘靖为","0","2","2"
"任命山南西道节度","0","2","2"
"命山南西道节度使","0","2","2"
"立良娣王氏为太上","0","2","2"
"良娣王氏为太上皇","0","2","2"
"娣王氏为太上皇后","0","2","2"
"高崇文任检校司空","0","2","2"
"西山八国兼云南安","0","2","2"
"山八国兼云南安抚","0","2","2"
"黎阳县公于志宁为","0","2","2"
"阳县公于志宁为侍","0","2","2"
"县公于志宁为侍中","0","2","2"
"兼尚书左丞张行成","0","2","2"
"尚书左丞张行成为","0","2","2"
"书左丞张行成为兼","0","2","2"
"左丞张行成为兼侍","0","2","2"
"丞张行成为兼侍中","0","2","2"
"代理户部尚书高季","0","2","2"
"理户部尚书高季辅","0","2","2"
"户部尚书高季辅为","0","2","2"
"部尚书高季辅为兼","0","2","2"
"尚书高季辅为兼中","0","2","2"
"书高季辅为兼中书","0","2","2"
"高季辅为兼中书令","0","2","2"
"高阳县男许敬宗兼","0","2","2"
"阳县男许敬宗兼礼","0","2","2"
"县男许敬宗兼礼部","0","2","2"
"男许敬宗兼礼部尚","0","2","2"
"许敬宗兼礼部尚书","0","2","2"
"吴王恪为司空兼梁","0","2","2"
"王恪为司空兼梁州","0","2","2"
"恪为司空兼梁州刺","0","2","2"
"为司空兼梁州刺史","0","2","2"
"南郡公褚遂良为吏","0","2","2"
"郡公褚遂良为吏部","0","2","2"
"公褚遂良为吏部尚","0","2","2"
"褚遂良为吏部尚书","0","2","2"
"左仆射于志宁兼太","0","2","2"
"仆射于志宁兼太子","0","2","2"
"射于志宁兼太子少","0","2","2"
"于志宁兼太子少师","0","2","2"
"右仆射张行成兼太","0","2","2"
"仆射张行成兼太子","0","2","2"
"射张行成兼太子少","0","2","2"
"张行成兼太子少傅","0","2","2"
"侍中高季辅兼太子","0","2","2"
"中高季辅兼太子少","0","2","2"
"高季辅兼太子少保","0","2","2"
"侍中宇文节兼太子","0","2","2"
"中宇文节兼太子詹","0","2","2"
"宇文节兼太子詹事","0","2","2"
"新任命的房州刺史","0","2","2"
"驸马都尉柴令武等","0","2","2"
"马都尉柴令武等人","0","2","2"
"都尉柴令武等人谋","0","2","2"
"尉柴令武等人谋反","0","2","2"
"河东县男柳贬降为","0","2","2"
"东县男柳贬降为遂","0","2","2"
"县男柳贬降为遂州","0","2","2"
"男柳贬降为遂州刺","0","2","2"
"柳贬降为遂州刺史","0","2","2"
"安县公崔敦礼为中","0","2","2"
"县公崔敦礼为中书","0","2","2"
"公崔敦礼为中书令","0","2","2"
"废皇太子忠为梁王","0","2","2"
"立代王弘为皇太子","0","2","2"
"中书令兼检校太子","0","2","2"
"书令兼检校太子詹","0","2","2"
"令兼检校太子詹事","0","2","2"
"安县公崔敦礼为太","0","2","2"
"县公崔敦礼为太子","0","2","2"
"公崔敦礼为太子少","0","2","2"
"崔敦礼为太子少师","0","2","2"
"破西突厥沙钵罗可","0","2","2"
"西突厥沙钵罗可汗","0","2","2"
"突厥沙钵罗可汗贺","0","2","2"
"厥沙钵罗可汗贺鲁","0","2","2"
"沙钵罗可汗贺鲁及","0","2","2"
"钵罗可汗贺鲁及口","0","2","2"
"罗可汗贺鲁及口至","0","2","2"
"可汗贺鲁及口至运","0","2","2"
"燕国公于志宁为太","0","2","2"
"国公于志宁为太子","0","2","2"
"公于志宁为太子太","0","2","2"
"于志宁为太子太师","0","2","2"
"仍然是同中书门下","0","2","2"
"然是同中书门下三","0","2","2"
"以中书侍郎许圉师","0","2","2"
"中书侍郎许圉师为","0","2","2"
"书侍郎许圉师为散","0","2","2"
"侍郎许圉师为散骑","0","2","2"
"郎许圉师为散骑常","0","2","2"
"许圉师为散骑常侍","0","2","2"
"公契艹必何力为辽","0","2","2"
"契艹必何力为辽东","0","2","2"
"艹必何力为辽东道","0","2","2"
"必何力为辽东道大","0","2","2"
"何力为辽东道大总","0","2","2"
"力为辽东道大总管","0","2","2"
"邢国公苏定方为平","0","2","2"
"国公苏定方为平壤","0","2","2"
"公苏定方为平壤道","0","2","2"
"苏定方为平壤道大","0","2","2"
"定方为平壤道大总","0","2","2"
"方为平壤道大总管","0","2","2"
"乐安县公任雅相为","0","2","2"
"安县公任雅相为氵","0","2","2"
"县公任雅相为氵贝","0","2","2"
"公任雅相为氵贝江","0","2","2"
"任雅相为氵贝江道","0","2","2"
"雅相为氵贝江道大","0","2","2"
"相为氵贝江道大总","0","2","2"
"为氵贝江道大总管","0","2","2"
"又更改六宫内职名","0","2","2"
"命令司元太常伯窦","0","2","2"
"令司元太常伯窦德","0","2","2"
"司刑太常伯刘祥道","0","2","2"
"刑太常伯刘祥道等","0","2","2"
"太常伯刘祥道等九","0","2","2"
"常伯刘祥道等九人","0","2","2"
"伯刘祥道等九人为","0","2","2"
"刘祥道等九人为持","0","2","2"
"祥道等九人为持节","0","2","2"
"道等九人为持节大","0","2","2"
"等九人为持节大使","0","2","2"
"城阳县侯刘祥道兼","0","2","2"
"阳县侯刘祥道兼右","0","2","2"
"县侯刘祥道兼右相","0","2","2"
"大司宪窦德玄兼司","0","2","2"
"司宪窦德玄兼司元","0","2","2"
"宪窦德玄兼司元太","0","2","2"
"窦德玄兼司元太常","0","2","2"
"德玄兼司元太常伯","0","2","2"
"西台侍郎孙处约都","0","2","2"
"台侍郎孙处约都任","0","2","2"
"侍郎孙处约都任参","0","2","2"
"郎孙处约都任参知","0","2","2"
"孙处约都任参知政","0","2","2"
"处约都任参知政事","0","2","2"
"依例赐紫服金鱼袋","0","2","2"
"授以检校右散骑常","0","2","2"
"以检校右散骑常侍","0","2","2"
"裴度为淮南节度使","0","2","2"
"加授检校尚书右仆","0","2","2"
"授检校尚书右仆射","0","2","2"
"昭义节度使刘悟去","0","2","2"
"义节度使刘悟去世","0","2","2"
"李密被王世充打败","0","2","2"
"广泛涉猎经书史籍","0","2","2"
"为秦府文学馆学士","0","2","2"
"请求立武承嗣为皇","0","2","2"
"关押的犯人的案子","0","2","2"
"袒衣免冠以示哀思","0","2","2"
"命监禁犯人的牢狱","0","2","2"
"左骁卫兵曹柳责力","0","2","2"
"安禄山受皇帝恩宠","0","2","2"
"博节度使田季安去","0","2","2"
"节度使田季安去世","0","2","2"
"李逢吉与裴度不和","0","2","2"
"于是免除了李逢吉","0","2","2"
"派遣宫中使臣前往","0","2","2"
"解除对深州的围困","0","2","2"
"当时号称八关十六","0","2","2"
"时号称八关十六子","0","2","2"
"派五千名服役的工","0","2","2"
"五千名服役的工匠","0","2","2"
"气上升时需要求得","0","2","2"
"节度使李全略去世","0","2","2"
"闲散而又无一定职","0","2","2"
"散而又无一定职守","0","2","2"
"而又无一定职守的","0","2","2"
"又无一定职守的官","0","2","2"
"无一定职守的官职","0","2","2"
"当面赐给他金鱼袋","0","2","2"
"品以上官阶的绯色","0","2","2"
"以上官阶的绯色官","0","2","2"
"上官阶的绯色官服","0","2","2"
"沙陀军逼近京都长","0","2","2"
"陀军逼近京都长安","0","2","2"
"代享受特权的铁券","0","2","2"
"凤翔陇右节度使李","0","2","2"
"陇右节度使李茂贞","0","2","2"
"实在是天下百姓的","0","2","2"
"在延英殿对宰相们","0","2","2"
"延英殿对宰相们说","0","2","2"
"设置五经博士各一","0","2","2"
"置五经博士各一人","0","2","2"
"史孝章为宁节度使","0","2","2"
"娶平民颜悦的女儿","0","2","2"
"平民颜悦的女儿为","0","2","2"
"民颜悦的女儿为妻","0","2","2"
"赐给他标示三品以","0","2","2"
"给他标示三品以上","0","2","2"
"他标示三品以上官","0","2","2"
"调出宫廷任御史中","0","2","2"
"出宫廷任御史中丞","0","2","2"
"予持危启运保功臣","0","2","2"
"贞元七年考中进士","0","2","2"
"升任扬州大都督府","0","2","2"
"张云贬为兴元少尹","0","2","2"
"他以本官任同平章","0","2","2"
"牛僧孺为检校礼部","0","2","2"
"僧孺为检校礼部尚","0","2","2"
"孺为检校礼部尚书","0","2","2"
"关系到国家的安危","0","2","2"
"吐蕃的维州守将悉","0","2","2"
"蕃的维州守将悉怛","0","2","2"
"的维州守将悉怛谋","0","2","2"
"在延英殿召见宰相","0","2","2"
"又考中贤良方正制","0","2","2"
"考中贤良方正制科","0","2","2"
"王涯的外甥皇甫氵","0","2","2"
"涯的外甥皇甫氵是","0","2","2"
"李吉甫向宪宗哭诉","0","2","2"
"李宗闵引荐牛僧孺","0","2","2"
"李宗闵任吏部侍郎","0","2","2"
"宗闵任吏部侍郎时","0","2","2"
"李宗闵为杭州刺史","0","2","2"
"司勋员外郎王氵风","0","2","2"
"调出朝廷任同州刺","0","2","2"
"出朝廷任同州刺史","0","2","2"
"的祠庙一千零一十","0","2","2"
"是部族混杂的胡人","0","2","2"
"大历年间应举进士","0","2","2"
"王彦威任检校礼部","0","2","2"
"彦威任检校礼部尚","0","2","2"
"威任检校礼部尚书","0","2","2"
"屡次升迁至右补阙","0","2","2"
"皇甫钅甫寸为宰相","0","2","2"
"沂州刺史王智兴为","0","2","2"
"州刺史王智兴为武","0","2","2"
"刺史王智兴为武宁","0","2","2"
"史王智兴为武宁军","0","2","2"
"王智兴为武宁军节","0","2","2"
"智兴为武宁军节度","0","2","2"
"兴为武宁军节度副","0","2","2"
"为武宁军节度副使","0","2","2"
"赐佩金鱼袋服紫衣","0","2","2"
"任山南东道节度副","0","2","2"
"武元衡为御史中丞","0","2","2"
"浙西节度使李钅奇","0","2","2"
"任山南西道节度观","0","2","2"
"命吏部尚书张弘靖","0","2","2"
"副使齐总为衢州刺","0","2","2"
"使齐总为衢州刺史","0","2","2"
"将提升齐总的诏书","0","2","2"
"后调任殿中侍御史","0","2","2"
"韦福嗣本来不是同","0","2","2"
"朝左武卫大将军李","0","2","2"
"东西崤山和函谷关","0","2","2"
"的叛军首领徐圆朗","0","2","2"
"率领步兵骑兵两万","0","2","2"
"领步兵骑兵两万人","0","2","2"
"派遣使者到洛阳朝","0","2","2"
"太宗认为他说得很","0","2","2"
"宗认为他说得很对","0","2","2"
"好的人做刺史郡守","0","2","2"
"薛延陀派遣使者前","0","2","2"
"延陀派遣使者前来","0","2","2"
"陀派遣使者前来求","0","2","2"
"派遣使者前来求婚","0","2","2"
"环顾身边的侍臣对","0","2","2"
"顾身边的侍臣对他","0","2","2"
"身边的侍臣对他们","0","2","2"
"边的侍臣对他们说","0","2","2"
"宗听从了他的意见","0","2","2"
"兼检校太子左庶子","0","2","2"
"宇文化及在江都反","0","2","2"
"文化及在江都反叛","0","2","2"
"化及在江都反叛杀","0","2","2"
"及在江都反叛杀君","0","2","2"
"过了较长一段时间","0","2","2"
"又加银青光禄大夫","0","2","2"
"加银青光禄大夫的","0","2","2"
"禄大夫的荣誉职务","0","2","2"
"命令左金吾大将军","0","2","2"
"韦庶人和安乐公主","0","2","2"
"任河东节度采访使","0","2","2"
"代替忠嗣为陇右节","0","2","2"
"替忠嗣为陇右节度","0","2","2"
"请求以自己的官职","0","2","2"
"求以自己的官职来","0","2","2"
"品以上的文武官员","0","2","2"
"不久升为中书侍郎","0","2","2"
"为检校扬州大都督","0","2","2"
"李靖为定襄道行军","0","2","2"
"靖为定襄道行军总","0","2","2"
"为定襄道行军总管","0","2","2"
"命李靖为西海道行","0","2","2"
"李靖为西海道行军","0","2","2"
"靖为西海道行军大","0","2","2"
"为西海道行军大总","0","2","2"
"肖像画在凌烟阁上","0","2","2"
"州大都督府长史的","0","2","2"
"封李勣的一个儿子","0","2","2"
"李勣的一个儿子为","0","2","2"
"任命李勣为辽东道","0","2","2"
"命李勣为辽东道行","0","2","2"
"李勣为辽东道行军","0","2","2"
"他以开府仪同三司","0","2","2"
"以开府仪同三司的","0","2","2"
"在凌烟阁上为他画","0","2","2"
"凌烟阁上为他画像","0","2","2"
"使者去向义成公主","0","2","2"
"长孙无忌等二十四","0","2","2"
"孙无忌等二十四人","0","2","2"
"绘制肖像陈列在专","0","2","2"
"制肖像陈列在专为","0","2","2"
"在专为表彰功臣而","0","2","2"
"为表彰功臣而建造","0","2","2"
"表彰功臣而建造的","0","2","2"
"彰功臣而建造的凌","0","2","2"
"功臣而建造的凌烟","0","2","2"
"臣而建造的凌烟阁","0","2","2"
"立晋王李治为太子","0","2","2"
"太宗御驾亲征高丽","0","2","2"
"君集为交河道行军","0","2","2"
"集为交河道行军大","0","2","2"
"为交河道行军大总","0","2","2"
"任命他为行军司马","0","2","2"
"有一个儿子被封为","0","2","2"
"授予开府仪同三司","0","2","2"
"免去了尚书右仆射","0","2","2"
"去了尚书右仆射官","0","2","2"
"了尚书右仆射官职","0","2","2"
"官职做到右卫将军","0","2","2"
"对长孙无忌等人说","0","2","2"
"长孙无忌为太子太","0","2","2"
"孙无忌为太子太师","0","2","2"
"长孙无忌坚决辞去","0","2","2"
"亲自到长孙无忌家","0","2","2"
"自到长孙无忌家里","0","2","2"
"了长孙无忌的官职","0","2","2"
"长孙无忌的官职爵","0","2","2"
"孙无忌的官职爵位","0","2","2"
"开府仪同三司名号","0","2","2"
"子房遗爱娶太宗的","0","2","2"
"房遗爱娶太宗的女","0","2","2"
"遗爱娶太宗的女儿","0","2","2"
"爱娶太宗的女儿高","0","2","2"
"娶太宗的女儿高阳","0","2","2"
"太宗的女儿高阳公","0","2","2"
"宗的女儿高阳公主","0","2","2"
"的女儿高阳公主为","0","2","2"
"女儿高阳公主为妻","0","2","2"
"带着几十个人悄悄","0","2","2"
"着几十个人悄悄逃","0","2","2"
"几十个人悄悄逃走","0","2","2"
"李密打败宇文化及","0","2","2"
"布置警戒禁止行人","0","2","2"
"同安长公主和李神","0","2","2"
"安长公主和李神通","0","2","2"
"参加明经科考试中","0","2","2"
"加明经科考试中举","0","2","2"
"加银青光禄大夫之","0","2","2"
"银青光禄大夫之荣","0","2","2"
"青光禄大夫之荣誉","0","2","2"
"不久又授太子宾客","0","2","2"
"张易之兄弟和武三","0","2","2"
"易之兄弟和武三思","0","2","2"
"太平公主之子薛崇","0","2","2"
"金城公主下嫁吐蕃","0","2","2"
"李隆基有社稷大功","0","2","2"
"在武则天称帝之初","0","2","2"
"任荆州大都督府长","0","2","2"
"三品以上官员加爵","0","2","2"
"特许天下百姓大宴","0","2","2"
"许天下百姓大宴饮","0","2","2"
"百姓免除徭役三年","0","2","2"
"书门下五品以上官","0","2","2"
"门下五品以上官员","0","2","2"
"品以上官员及所有","0","2","2"
"韦巨源任同中书门","0","2","2"
"巨源任同中书门下","0","2","2"
"源任同中书门下三","0","2","2"
"九品以上官员尽力","0","2","2"
"皇上驾到洛城南门","0","2","2"
"赐给臣下大宴饮三","0","2","2"
"给臣下大宴饮三天","0","2","2"
"皇上不接受群臣朝","0","2","2"
"审查并记录囚犯的","0","2","2"
"查并记录囚犯的罪","0","2","2"
"并记录囚犯的罪状","0","2","2"
"吐蕃赞普派遣大臣","0","2","2"
"将军李多祚等人率","0","2","2"
"四品以下官员加一","0","2","2"
"品以下官员加一阶","0","2","2"
"设立布施斋饭的佛","0","2","2"
"立布施斋饭的佛教","0","2","2"
"皇上派遣使者册封","0","2","2"
"阝国公萧至忠为中","0","2","2"
"国公萧至忠为中书","0","2","2"
"公萧至忠为中书令","0","2","2"
"吐蕃赞普派遣使者","0","2","2"
"三品以上赐爵位一","0","2","2"
"便服私下在民间看","0","2","2"
"服私下在民间看花","0","2","2"
"私下在民间看花灯","0","2","2"
"内外官员三品以上","0","2","2"
"官员三品以上者赐","0","2","2"
"员三品以上者赐爵","0","2","2"
"三品以上者赐爵一","0","2","2"
"品以上者赐爵一级","0","2","2"
"品以上官员赐爵一","0","2","2"
"以上官员赐爵一级","0","2","2"
"改太史监为太史局","0","2","2"
"依旧隶属于秘书省","0","2","2"
"皇上亲自耕种籍田","0","2","2"
"三品以上加爵一等","0","2","2"
"设酒食祭奠先圣先","0","2","2"
"酒食祭奠先圣先师","0","2","2"
"薛延陀派使者前来","0","2","2"
"延陀派使者前来朝","0","2","2"
"国公长孙无忌为司","0","2","2"
"国派使者前来朝贡","0","2","2"
"安德郡公杨师道为","0","2","2"
"郡王慕容诺曷钵前","0","2","2"
"王慕容诺曷钵前来","0","2","2"
"孝敬父母尊敬兄长","0","2","2"
"皇上从洛阳宫回来","0","2","2"
"十五年春正月五日","0","2","2"
"诏命明年二月在泰","0","2","2"
"命明年二月在泰山","0","2","2"
"国公长孙无忌为太","0","2","2"
"皇上亲自晋见太庙","0","2","2"
"他为开府仪同三司","0","2","2"
"年春正月二十七日","0","2","2"
"从去年冬天不下雨","0","2","2"
"所不能赦免者都加","0","2","2"
"皇上加尊号为开元","0","2","2"
"亲自祭祀九宫贵神","0","2","2"
"杨国忠兼任剑南节","0","2","2"
"国忠兼任剑南节度","0","2","2"
"忠兼任剑南节度使","0","2","2"
"武三品以上官员赐","0","2","2"
"颍王王敫为剑南节","0","2","2"
"王王敫为剑南节度","0","2","2"
"十五年春正月一日","0","2","2"
"到宣政殿接受朝贺","0","2","2"
"平原太守颜真卿为","0","2","2"
"颜真卿为户部侍郎","0","2","2"
"恐怕不是万全之策","0","2","2"
"为益州道行台尚书","0","2","2"
"皇上亲自耕种征用","0","2","2"
"上亲自耕种征用民","0","2","2"
"亲自耕种征用民用","0","2","2"
"自耕种征用民用耕","0","2","2"
"耕种征用民用耕种","0","2","2"
"种征用民用耕种的","0","2","2"
"征用民用耕种的田","0","2","2"
"卢龙等军镇节度使","0","2","2"
"宗的灵柩前即皇帝","0","2","2"
"的灵柩前即皇帝位","0","2","2"
"陈敬王宣向朝廷告","0","2","2"
"敬王宣向朝廷告急","0","2","2"
"充任蔡州四面行营","0","2","2"
"朱全忠为检校太尉","0","2","2"
"率领百官向皇上敬","0","2","2"
"领百官向皇上敬献","0","2","2"
"尚书省四品以上的","0","2","2"
"书省四品以上的官","0","2","2"
"任命华州节度使韩","0","2","2"
"命华州节度使韩建","0","2","2"
"沧德观察处置使等","0","2","2"
"充任昭义军节度副","0","2","2"
"任昭义军节度副大","0","2","2"
"率领三万名步骑兵","0","2","2"
"向太原李克用求援","0","2","2"
"六月初一为丁酉日","0","2","2"
"朱全忠派遣判官韦","0","2","2"
"全忠派遣判官韦震","0","2","2"
"忠派遣判官韦震前","0","2","2"
"决定任命凤翔陇州","0","2","2"
"定任命凤翔陇州节","0","2","2"
"任命凤翔陇州节度","0","2","2"
"命凤翔陇州节度使","0","2","2"
"千五百户李茂贞为","0","2","2"
"使钱霮为镇海军节","0","2","2"
"钱霮为镇海军节度","0","2","2"
"霮为镇海军节度使","0","2","2"
"江西道观察处置使","0","2","2"
"皇上在内殿宴请他","0","2","2"
"执掌节度留后事务","0","2","2"
"决定任命中书侍郎","0","2","2"
"崔胤为检校尚书左","0","2","2"
"胤为检校尚书左仆","0","2","2"
"绛慈隰等州观察处","0","2","2"
"慈隰等州观察处置","0","2","2"
"隰等州观察处置使","0","2","2"
"决定任命河东节度","0","2","2"
"定任命河东节度使","0","2","2"
"传送到皇上驻跸处","0","2","2"
"十一月初一为癸丑","0","2","2"
"一月初一为癸丑日","0","2","2"
"南东道观察处置使","0","2","2"
"催促诸道纲运使等","0","2","2"
"请求圣驾迁都到洛","0","2","2"
"求圣驾迁都到洛阳","0","2","2"
"上的车驾驻跸在华","0","2","2"
"的车驾驻跸在华州","0","2","2"
"郓州节度使朱王宣","0","2","2"
"任命御史中丞狄归","0","2","2"
"命御史中丞狄归昌","0","2","2"
"御史中丞狄归昌为","0","2","2"
"史中丞狄归昌为尚","0","2","2"
"中丞狄归昌为尚书","0","2","2"
"决定任命镇海军节","0","2","2"
"定任命镇海军节度","0","2","2"
"任命镇海军节度使","0","2","2"
"充任泰宁军节度使","0","2","2"
"这是按朱全忠的奏","0","2","2"
"是按朱全忠的奏书","0","2","2"
"朱全忠的奏书任命","0","2","2"
"全忠的奏书任命的","0","2","2"
"皇上的车驾返回京","0","2","2"
"上的车驾返回京师","0","2","2"
"左右司马改为少尹","0","2","2"
"国军等军镇节度使","0","2","2"
"朱全忠的上奏而任","0","2","2"
"全忠的上奏而任命","0","2","2"
"忠的上奏而任命的","0","2","2"
"州刺史朱友恭为检","0","2","2"
"刺史朱友恭为检校","0","2","2"
"史朱友恭为检校司","0","2","2"
"南东道辖区内观察","0","2","2"
"东道辖区内观察处","0","2","2"
"道辖区内观察处置","0","2","2"
"食邑七百户李克用","0","2","2"
"其余官职仍和原来","0","2","2"
"余官职仍和原来一","0","2","2"
"官职仍和原来一样","0","2","2"
"任陕州大都督府长","0","2","2"
"至于到这个地步呢","0","2","2"
"决定任命孙德昭为","0","2","2"
"决定任命朱全忠为","0","2","2"
"定任命朱全忠为检","0","2","2"
"任命朱全忠为检校","0","2","2"
"命朱全忠为检校太","0","2","2"
"的车驾驻跸在凤翔","0","2","2"
"皇上的车驾停驻在","0","2","2"
"左龙武统军朱友恭","0","2","2"
"谥号为圣穆景文孝","0","2","2"
"号为圣穆景文孝皇","0","2","2"
"为圣穆景文孝皇帝","0","2","2"
"的一个儿子授予正","0","2","2"
"一个儿子授予正八","0","2","2"
"个儿子授予正八品","0","2","2"
"儿子授予正八品官","0","2","2"
"这是按照朱全忠的","0","2","2"
"是按照朱全忠的奏","0","2","2"
"先皇陵墓效劳的酬","0","2","2"
"皇陵墓效劳的酬劳","0","2","2"
"本月二十五日举行","0","2","2"
"命太常卿张廷范充","0","2","2"
"太常卿张廷范充任","0","2","2"
"十月九日在郊外的","0","2","2"
"月九日在郊外的山","0","2","2"
"九日在郊外的山陵","0","2","2"
"日在郊外的山陵举","0","2","2"
"在郊外的山陵举行","0","2","2"
"郊外的山陵举行祭","0","2","2"
"可谪授为朝散大夫","0","2","2"
"延英阁发布一次诏","0","2","2"
"英阁发布一次诏令","0","2","2"
"为山南东道节度使","0","2","2"
"麟德三年春正月一","0","2","2"
"德三年春正月一日","0","2","2"
"皇上车驾到泰山顿","0","2","2"
"这天皇上在封祀坛","0","2","2"
"天皇上在封祀坛亲","0","2","2"
"皇上在封祀坛亲自","0","2","2"
"上在封祀坛亲自祭","0","2","2"
"在封祀坛亲自祭祀","0","2","2"
"封祀坛亲自祭祀昊","0","2","2"
"祀坛亲自祭祀昊天","0","2","2"
"坛亲自祭祀昊天上","0","2","2"
"亲自祭祀昊天上帝","0","2","2"
"太宗附带在泰山祭","0","2","2"
"宗附带在泰山祭祀","0","2","2"
"皇上登山行封禅祭","0","2","2"
"上登山行封禅祭天","0","2","2"
"登山行封禅祭天地","0","2","2"
"山行封禅祭天地之","0","2","2"
"行封禅祭天地之大","0","2","2"
"封禅祭天地之大礼","0","2","2"
"文德皇太后附带祭","0","2","2"
"德皇太后附带祭祀","0","2","2"
"皇后为第二次祭奠","0","2","2"
"后为第二次祭奠献","0","2","2"
"为第二次祭奠献爵","0","2","2"
"越国太妃燕氏为第","0","2","2"
"国太妃燕氏为第三","0","2","2"
"太妃燕氏为第三次","0","2","2"
"妃燕氏为第三次祭","0","2","2"
"燕氏为第三次祭奠","0","2","2"
"氏为第三次祭奠献","0","2","2"
"为第三次祭奠献爵","0","2","2"
"皇上驾到封禅祭祀","0","2","2"
"上驾到封禅祭祀坛","0","2","2"
"皇上驾到朝觐坛接","0","2","2"
"上驾到朝觐坛接受","0","2","2"
"驾到朝觐坛接受朝","0","2","2"
"到朝觐坛接受朝贺","0","2","2"
"朝觐坛接受朝贺改","0","2","2"
"觐坛接受朝贺改麟","0","2","2"
"坛接受朝贺改麟德","0","2","2"
"接受朝贺改麟德三","0","2","2"
"受朝贺改麟德三年","0","2","2"
"朝贺改麟德三年为","0","2","2"
"贺改麟德三年为乾","0","2","2"
"改麟德三年为乾封","0","2","2"
"麟德三年为乾封元","0","2","2"
"德三年为乾封元年","0","2","2"
"所有随从文武官员","0","2","2"
"有随从文武官员以","0","2","2"
"随从文武官员以及","0","2","2"
"从文武官员以及朝","0","2","2"
"文武官员以及朝拜","0","2","2"
"武官员以及朝拜皇","0","2","2"
"官员以及朝拜皇上","0","2","2"
"员以及朝拜皇上的","0","2","2"
"以及朝拜皇上的各","0","2","2"
"及朝拜皇上的各州","0","2","2"
"朝拜皇上的各州郡","0","2","2"
"拜皇上的各州郡之","0","2","2"
"皇上的各州郡之长","0","2","2"
"上的各州郡之长官","0","2","2"
"品以上官员赐爵二","0","2","2"
"以上官员赐爵二等","0","2","2"
"所有老人百岁以上","0","2","2"
"有老人百岁以上授","0","2","2"
"老人百岁以上授予","0","2","2"
"人百岁以上授予下","0","2","2"
"百岁以上授予下等","0","2","2"
"岁以上授予下等州","0","2","2"
"以上授予下等州郡","0","2","2"
"上授予下等州郡刺","0","2","2"
"授予下等州郡刺史","0","2","2"
"予下等州郡刺史的","0","2","2"
"下等州郡刺史的职","0","2","2"
"等州郡刺史的职衔","0","2","2"
"女人则授予郡君的","0","2","2"
"人则授予郡君的封","0","2","2"
"则授予郡君的封号","0","2","2"
"八十岁授予节级职","0","2","2"
"十岁授予节级职衔","0","2","2"
"齐州免除赋税一年","0","2","2"
"州免除赋税一年半","0","2","2"
"管山岳之县免除租","0","2","2"
"山岳之县免除租税","0","2","2"
"岳之县免除租税二","0","2","2"
"之县免除租税二年","0","2","2"
"封元年正月五日以","0","2","2"
"元年正月五日以前","0","2","2"
"赐臣下物品各有等","0","2","2"
"臣下物品各有等级","0","2","2"
"下物品各有等级差","0","2","2"
"直到日光过午才罢","0","2","2"
"因为先前太子恩情","0","2","2"
"为先前太子恩情太","0","2","2"
"先前太子恩情太薄","0","2","2"
"所以普遍晋爵位及","0","2","2"
"以普遍晋爵位及晋","0","2","2"
"普遍晋爵位及晋阶","0","2","2"
"遍晋爵位及晋阶晋","0","2","2"
"晋爵位及晋阶晋级","0","2","2"
"兖州界设置紫云观","0","2","2"
"临时驻扎在曲阜县","0","2","2"
"增加修缮祠堂庙宇","0","2","2"
"孔子后代褒圣侯德","0","2","2"
"子后代褒圣侯德伦","0","2","2"
"后代褒圣侯德伦的","0","2","2"
"代褒圣侯德伦的子","0","2","2"
"褒圣侯德伦的子孙","0","2","2"
"皇上临时驻扎亳州","0","2","2"
"追赠称号为太上玄","0","2","2"
"赠称号为太上玄元","0","2","2"
"称号为太上玄元皇","0","2","2"
"号为太上玄元皇帝","0","2","2"
"改谷阳县为真源县","0","2","2"
"县内李老君宗姓特","0","2","2"
"内李老君宗姓特别","0","2","2"
"李老君宗姓特别免","0","2","2"
"老君宗姓特别免除","0","2","2"
"君宗姓特别免除赋","0","2","2"
"宗姓特别免除赋税","0","2","2"
"姓特别免除赋税一","0","2","2"
"特别免除赋税一年","0","2","2"
"先谒见太庙而后进","0","2","2"
"谒见太庙而后进入","0","2","2"
"见太庙而后进入皇","0","2","2"
"太庙而后进入皇宫","0","2","2"
"巨鹿男窦德玄去世","0","2","2"
"二人又改姓为蝮氏","0","2","2"
"公李责力为辽东道","0","2","2"
"李责力为辽东道行","0","2","2"
"责力为辽东道行军","0","2","2"
"力为辽东道行军大","0","2","2"
"从去年冬天到这个","0","2","2"
"去年冬天到这个月","0","2","2"
"年冬天到这个月无","0","2","2"
"冬天到这个月无雨","0","2","2"
"天到这个月无雨无","0","2","2"
"到这个月无雨无雪","0","2","2"
"减少膳食亲自审讯","0","2","2"
"少膳食亲自审讯并","0","2","2"
"膳食亲自审讯并记","0","2","2"
"食亲自审讯并记录","0","2","2"
"亲自审讯并记录囚","0","2","2"
"自审讯并记录囚徒","0","2","2"
"审讯并记录囚徒的","0","2","2"
"讯并记录囚徒的罪","0","2","2"
"重新通行开元通宝","0","2","2"
"新通行开元通宝钱","0","2","2"
"涪陵郡王忄音去世","0","2","2"
"东台侍郎李安期外","0","2","2"
"台侍郎李安期外放","0","2","2"
"侍郎李安期外放为","0","2","2"
"郎李安期外放为荆","0","2","2"
"李安期外放为荆州","0","2","2"
"安期外放为荆州大","0","2","2"
"期外放为荆州大都","0","2","2"
"外放为荆州大都督","0","2","2"
"放为荆州大都督府","0","2","2"
"以右相刘仁轨为辽","0","2","2"
"右相刘仁轨为辽东","0","2","2"
"相刘仁轨为辽东道","0","2","2"
"刘仁轨为辽东道副","0","2","2"
"仁轨为辽东道副大","0","2","2"
"轨为辽东道副大总","0","2","2"
"为辽东道副大总管","0","2","2"
"辽东道打败薛贺水","0","2","2"
"东道打败薛贺水五","0","2","2"
"道打败薛贺水五万","0","2","2"
"打败薛贺水五万人","0","2","2"
"在阵上斩敌人首级","0","2","2"
"阵上斩敌人首级五","0","2","2"
"上斩敌人首级五千","0","2","2"
"斩敌人首级五千多","0","2","2"
"敌人首级五千多个","0","2","2"
"军器刀矛弓箭缴获","0","2","2"
"器刀矛弓箭缴获不","0","2","2"
"刀矛弓箭缴获不可","0","2","2"
"矛弓箭缴获不可胜","0","2","2"
"弓箭缴获不可胜计","0","2","2"
"因为明堂制度历代","0","2","2"
"为明堂制度历代不","0","2","2"
"明堂制度历代不同","0","2","2"
"于是对古代明堂制","0","2","2"
"是对古代明堂制度","0","2","2"
"对古代明堂制度加","0","2","2"
"古代明堂制度加以","0","2","2"
"代明堂制度加以增","0","2","2"
"明堂制度加以增加","0","2","2"
"堂制度加以增加或","0","2","2"
"制度加以增加或减","0","2","2"
"度加以增加或减少","0","2","2"
"重新制定明堂制度","0","2","2"
"万年两县而设置乾","0","2","2"
"年两县而设置乾封","0","2","2"
"在京城之中分别治","0","2","2"
"京城之中分别治理","0","2","2"
"皇太子弘在国学陈","0","2","2"
"太子弘在国学陈设","0","2","2"
"子弘在国学陈设酒","0","2","2"
"弘在国学陈设酒食","0","2","2"
"在国学陈设酒食以","0","2","2"
"国学陈设酒食以祭","0","2","2"
"学陈设酒食以祭祀","0","2","2"
"赠颜回为太子少师","0","2","2"
"有彗星出现于毕星","0","2","2"
"彗星出现于毕星与","0","2","2"
"星出现于毕星与昴","0","2","2"
"出现于毕星与昴星","0","2","2"
"现于毕星与昴星之","0","2","2"
"于毕星与昴星之间","0","2","2"
"诏命内外郡官各个","0","2","2"
"命内外郡官各个奉","0","2","2"
"内外郡官各个奉上","0","2","2"
"外郡官各个奉上封","0","2","2"
"郡官各个奉上封章","0","2","2"
"官各个奉上封章奏","0","2","2"
"各个奉上封章奏事","0","2","2"
"尽量陈述朝廷过失","0","2","2"
"星虽然是彗星然而","0","2","2"
"虽然是彗星然而光","0","2","2"
"然是彗星然而光芒","0","2","2"
"是彗星然而光芒很","0","2","2"
"彗星然而光芒很小","0","2","2"
"这不是国家的灾祸","0","2","2"
"不值得皇上辛勤忧","0","2","2"
"值得皇上辛勤忧虑","0","2","2"
"我应当责备自己修","0","2","2"
"应当责备自己修养","0","2","2"
"当责备自己修养德","0","2","2"
"责备自己修养德行","0","2","2"
"备自己修养德行而","0","2","2"
"自己修养德行而来","0","2","2"
"己修养德行而来祈","0","2","2"
"修养德行而来祈祷","0","2","2"
"养德行而来祈祷消","0","2","2"
"德行而来祈祷消除","0","2","2"
"行而来祈祷消除灾","0","2","2"
"而来祈祷消除灾祸","0","2","2"
"这是高丽将被消灭","0","2","2"
"是高丽将被消灭的","0","2","2"
"高丽将被消灭的征","0","2","2"
"丽将被消灭的征兆","0","2","2"
"既然成为万国之主","0","2","2"
"难道可以把过错推","0","2","2"
"道可以把过错推卸","0","2","2"
"可以把过错推卸给","0","2","2"
"以把过错推卸给小","0","2","2"
"把过错推卸给小小","0","2","2"
"过错推卸给小小的","0","2","2"
"错推卸给小小的外","0","2","2"
"推卸给小小的外邦","0","2","2"
"卸给小小的外邦国","0","2","2"
"给小小的外邦国家","0","2","2"
"西台侍郎杨武去世","0","2","2"
"英国公李责力破高","0","2","2"
"国公李责力破高丽","0","2","2"
"活捉高丽王高藏及","0","2","2"
"捉高丽王高藏及其","0","2","2"
"高丽王高藏及其大","0","2","2"
"丽王高藏及其大臣","0","2","2"
"王高藏及其大臣男","0","2","2"
"高藏及其大臣男建","0","2","2"
"藏及其大臣男建等","0","2","2"
"及其大臣男建等人","0","2","2"
"其大臣男建等人回","0","2","2"
"大臣男建等人回朝","0","2","2"
"高丽境内全部投降","0","2","2"
"投降城一百七十个","0","2","2"
"以高丽之地为安东","0","2","2"
"高丽之地为安东都","0","2","2"
"丽之地为安东都护","0","2","2"
"之地为安东都护府","0","2","2"
"分别设置四十二个","0","2","2"
"别设置四十二个州","0","2","2"
"封诸王正妻之子都","0","2","2"
"诸王正妻之子都为","0","2","2"
"王正妻之子都为郡","0","2","2"
"正妻之子都为郡王","0","2","2"
"同东西台三品兼主","0","2","2"
"东西台三品兼主管","0","2","2"
"西台三品兼主管左","0","2","2"
"台三品兼主管左史","0","2","2"
"三品兼主管左史事","0","2","2"
"品兼主管左史事张","0","2","2"
"兼主管左史事张文","0","2","2"
"主管左史事张文馞","0","2","2"
"管左史事张文馞可","0","2","2"
"左史事张文馞可于","0","2","2"
"史事张文馞可于姓","0","2","2"
"事张文馞可于姓名","0","2","2"
"张文馞可于姓名前","0","2","2"
"文馞可于姓名前书","0","2","2"
"馞可于姓名前书衔","0","2","2"
"才开始进入三品职","0","2","2"
"开始进入三品职衔","0","2","2"
"皇后亲自祭祀先蚕","0","2","2"
"把高丽二万八千二","0","2","2"
"高丽二万八千二百","0","2","2"
"丽二万八千二百户","0","2","2"
"营二州依次转移发","0","2","2"
"二州依次转移发遣","0","2","2"
"凉以西各州空闲之","0","2","2"
"以西各州空闲之处","0","2","2"
"西各州空闲之处安","0","2","2"
"各州空闲之处安置","0","2","2"
"海水泛滥猛涨淹了","0","2","2"
"水泛滥猛涨淹了永","0","2","2"
"泛滥猛涨淹了永嘉","0","2","2"
"漂走了百姓住宅六","0","2","2"
"走了百姓住宅六千","0","2","2"
"了百姓住宅六千八","0","2","2"
"百姓住宅六千八百","0","2","2"
"姓住宅六千八百四","0","2","2"
"住宅六千八百四十","0","2","2"
"淹死人九千零七十","0","2","2"
"死人九千零七十人","0","2","2"
"损害田苗四千一百","0","2","2"
"害田苗四千一百五","0","2","2"
"漂走冲坏民房数千","0","2","2"
"走冲坏民房数千家","0","2","2"
"总计三十六万七千","0","2","2"
"计三十六万七千六","0","2","2"
"派司珍大夫路励行","0","2","2"
"司珍大夫路励行慰","0","2","2"
"珍大夫路励行慰问","0","2","2"
"大夫路励行慰问赈","0","2","2"
"夫路励行慰问赈贷","0","2","2"
"路励行慰问赈贷救","0","2","2"
"励行慰问赈贷救济","0","2","2"
"冀州大都督府上奏","0","2","2"
"从六月十三日夜降","0","2","2"
"到二十日水深五尺","0","2","2"
"当夜降雨水深一丈","0","2","2"
"夜降雨水深一丈以","0","2","2"
"降雨水深一丈以上","0","2","2"
"冲坏房屋一万四千","0","2","2"
"坏房屋一万四千三","0","2","2"
"房屋一万四千三百","0","2","2"
"破坏田四千四百九","0","2","2"
"坏田四千四百九十","0","2","2"
"公契艹必何力为驾","0","2","2"
"契艹必何力为驾海","0","2","2"
"艹必何力为驾海道","0","2","2"
"必何力为驾海道行","0","2","2"
"何力为驾海道行军","0","2","2"
"力为驾海道行军大","0","2","2"
"为驾海道行军大总","0","2","2"
"改瀚海都护府为安","0","2","2"
"瀚海都护府为安北","0","2","2"
"海都护府为安北都","0","2","2"
"都护府为安北都护","0","2","2"
"护府为安北都护府","0","2","2"
"皇上从九成宫出发","0","2","2"
"高祖开始在隋朝做","0","2","2"
"祖开始在隋朝做官","0","2","2"
"所以因这一特殊情","0","2","2"
"以因这一特殊情况","0","2","2"
"因这一特殊情况赦","0","2","2"
"这一特殊情况赦免","0","2","2"
"一特殊情况赦免岐","0","2","2"
"特殊情况赦免岐州","0","2","2"
"殊情况赦免岐州管","0","2","2"
"情况赦免岐州管辖","0","2","2"
"况赦免岐州管辖内","0","2","2"
"赦免岐州管辖内囚","0","2","2"
"免岐州管辖内囚徒","0","2","2"
"高祖时在官府中办","0","2","2"
"祖时在官府中办文","0","2","2"
"时在官府中办文书","0","2","2"
"在官府中办文书的","0","2","2"
"官府中办文书的小","0","2","2"
"府中办文书的小官","0","2","2"
"中办文书的小官是","0","2","2"
"办文书的小官是根","0","2","2"
"文书的小官是根据","0","2","2"
"书的小官是根据才","0","2","2"
"的小官是根据才干","0","2","2"
"小官是根据才干提","0","2","2"
"官是根据才干提拔","0","2","2"
"是根据才干提拔任","0","2","2"
"根据才干提拔任用","0","2","2"
"据才干提拔任用的","0","2","2"
"赐给高年人衣物粮","0","2","2"
"给高年人衣物粮食","0","2","2"
"高年人衣物粮食布","0","2","2"
"年人衣物粮食布匹","0","2","2"
"人衣物粮食布匹绸","0","2","2"
"衣物粮食布匹绸缎","0","2","2"
"转运调拨太原仓米","0","2","2"
"运调拨太原仓米粮","0","2","2"
"调拨太原仓米粮入","0","2","2"
"拨太原仓米粮入京","0","2","2"
"太原仓米粮入京师","0","2","2"
"迁徙改封豫王旭轮","0","2","2"
"徙改封豫王旭轮为","0","2","2"
"改封豫王旭轮为冀","0","2","2"
"封豫王旭轮为冀王","0","2","2"
"仍然令他单名为轮","0","2","2"
"英国公李责力去世","0","2","2"
"乐成男刘仁轨辞去","0","2","2"
"成男刘仁轨辞去官","0","2","2"
"男刘仁轨辞去官职","0","2","2"
"把辽东地列为州县","0","2","2"
"向名山大川祈祷求","0","2","2"
"名山大川祈祷求福","0","2","2"
"日光出来如赭红色","0","2","2"
"改蓬莱宫为含元殿","0","2","2"
"西台三品许敬宗辞","0","2","2"
"台三品许敬宗辞官","0","2","2"
"吐蕃入侵并攻陷白","0","2","2"
"蕃入侵并攻陷白州","0","2","2"
"入侵并攻陷白州等","0","2","2"
"侵并攻陷白州等十","0","2","2"
"并攻陷白州等十八","0","2","2"
"攻陷白州等十八州","0","2","2"
"又与于阗之众纠合","0","2","2"
"与于阗之众纠合偷","0","2","2"
"于阗之众纠合偷袭","0","2","2"
"阗之众纠合偷袭龟","0","2","2"
"之众纠合偷袭龟兹","0","2","2"
"众纠合偷袭龟兹拨","0","2","2"
"纠合偷袭龟兹拨换","0","2","2"
"合偷袭龟兹拨换城","0","2","2"
"雍州下大雨下冰雹","0","2","2"
"各州县孔子庙堂及","0","2","2"
"州县孔子庙堂及学","0","2","2"
"县孔子庙堂及学馆","0","2","2"
"孔子庙堂及学馆有","0","2","2"
"子庙堂及学馆有被","0","2","2"
"庙堂及学馆有被破","0","2","2"
"堂及学馆有被破坏","0","2","2"
"及学馆有被破坏并","0","2","2"
"学馆有被破坏并且","0","2","2"
"馆有被破坏并且先","0","2","2"
"有被破坏并且先前","0","2","2"
"被破坏并且先前未","0","2","2"
"破坏并且先前未建","0","2","2"
"坏并且先前未建造","0","2","2"
"并且先前未建造的","0","2","2"
"且先前未建造的地","0","2","2"
"先前未建造的地方","0","2","2"
"以致使生员没有学","0","2","2"
"致使生员没有学习","0","2","2"
"使生员没有学习的","0","2","2"
"生员没有学习的场","0","2","2"
"员没有学习的场所","0","2","2"
"对先圣先师缺乏祭","0","2","2"
"先圣先师缺乏祭奠","0","2","2"
"圣先师缺乏祭奠之","0","2","2"
"先师缺乏祭奠之礼","0","2","2"
"师缺乏祭奠之礼仪","0","2","2"
"长久使先圣先师飘","0","2","2"
"久使先圣先师飘零","0","2","2"
"使先圣先师飘零暴","0","2","2"
"先圣先师飘零暴露","0","2","2"
"确实不是尊敬之根","0","2","2"
"实不是尊敬之根本","0","2","2"
"应命令有关官员从","0","2","2"
"命令有关官员从速","0","2","2"
"令有关官员从速进","0","2","2"
"有关官员从速进行","0","2","2"
"关官员从速进行营","0","2","2"
"官员从速进行营造","0","2","2"
"前两台侍郎李敬玄","0","2","2"
"两台侍郎李敬玄恢","0","2","2"
"台侍郎李敬玄恢复","0","2","2"
"侍郎李敬玄恢复本","0","2","2"
"郎李敬玄恢复本职","0","2","2"
"仍然依照原来的同","0","2","2"
"然依照原来的同东","0","2","2"
"依照原来的同东西","0","2","2"
"照原来的同东西台","0","2","2"
"原来的同东西台三","0","2","2"
"来的同东西台三品","0","2","2"
"被吐蕃大将论钦陵","0","2","2"
"蕃大将论钦陵所偷","0","2","2"
"大将论钦陵所偷袭","0","2","2"
"郭待封都获罪而被","0","2","2"
"待封都获罪而被除","0","2","2"
"封都获罪而被除去","0","2","2"
"都获罪而被除去名","0","2","2"
"获罪而被除去名籍","0","2","2"
"惟有慕容诺曷钵及","0","2","2"
"有慕容诺曷钵及其","0","2","2"
"慕容诺曷钵及其亲","0","2","2"
"容诺曷钵及其亲信","0","2","2"
"诺曷钵及其亲信数","0","2","2"
"曷钵及其亲信数千","0","2","2"
"钵及其亲信数千营","0","2","2"
"及其亲信数千营帐","0","2","2"
"其亲信数千营帐归","0","2","2"
"亲信数千营帐归附","0","2","2"
"仍旧迁徙到灵州界","0","2","2"
"尚食官员减少皇上","0","2","2"
"食官员减少皇上膳","0","2","2"
"官员减少皇上膳食","0","2","2"
"卫国夫人杨氏去世","0","2","2"
"周忠孝公士再赠太","0","2","2"
"忠孝公士再赠太尉","0","2","2"
"已故赠鲁国忠烈太","0","2","2"
"故赠鲁国忠烈太夫","0","2","2"
"鲁国忠烈太夫人再","0","2","2"
"国忠烈太夫人再赠","0","2","2"
"忠烈太夫人再赠太","0","2","2"
"烈太夫人再赠太原","0","2","2"
"太夫人再赠太原王","0","2","2"
"夫人再赠太原王妃","0","2","2"
"京官文武九品以上","0","2","2"
"官文武九品以上官","0","2","2"
"九品以上官员及外","0","2","2"
"品以上官员及外官","0","2","2"
"以上官员及外官命","0","2","2"
"上官员及外官命妇","0","2","2"
"送到便桥停留三宿","0","2","2"
"平地有三尺多厚的","0","2","2"
"地有三尺多厚的雪","0","2","2"
"行人冻死的赠给布","0","2","2"
"人冻死的赠给布匹","0","2","2"
"华州贫寒而简陋之","0","2","2"
"州贫寒而简陋之家","0","2","2"
"有年纪十五岁以下","0","2","2"
"年纪十五岁以下不","0","2","2"
"纪十五岁以下不能","0","2","2"
"十五岁以下不能养","0","2","2"
"五岁以下不能养活","0","2","2"
"岁以下不能养活者","0","2","2"
"任凭人们收养为男","0","2","2"
"凭人们收养为男女","0","2","2"
"但都不能做为奴婢","0","2","2"
"太子右中护兼摄正","0","2","2"
"子右中护兼摄正谏","0","2","2"
"右中护兼摄正谏大","0","2","2"
"中护兼摄正谏大夫","0","2","2"
"西台三品赵仁本为","0","2","2"
"台三品赵仁本为左","0","2","2"
"三品赵仁本为左肃","0","2","2"
"品赵仁本为左肃机","0","2","2"
"诸司及百官各恢复","0","2","2"
"司及百官各恢复旧","0","2","2"
"及百官各恢复旧的","0","2","2"
"百官各恢复旧的官","0","2","2"
"官各恢复旧的官署","0","2","2"
"各恢复旧的官署名","0","2","2"
"恢复旧的官署名称","0","2","2"
"这年天下四十多州","0","2","2"
"年天下四十多州干","0","2","2"
"天下四十多州干旱","0","2","2"
"诏令任他们往各州","0","2","2"
"令任他们往各州随","0","2","2"
"任他们往各州随处","0","2","2"
"他们往各州随处求","0","2","2"
"们往各州随处求食","0","2","2"
"又转运江南租米以","0","2","2"
"转运江南租米以赈","0","2","2"
"运江南租米以赈贷","0","2","2"
"江南租米以赈贷救","0","2","2"
"南租米以赈贷救济","0","2","2"
"租米以赈贷救济他","0","2","2"
"米以赈贷救济他们","0","2","2"
"咸亨二年春正月七","0","2","2"
"亨二年春正月七日","0","2","2"
"留皇太子弘在京中","0","2","2"
"皇太子弘在京中代","0","2","2"
"太子弘在京中代管","0","2","2"
"子弘在京中代管国","0","2","2"
"弘在京中代管国家","0","2","2"
"在京中代管国家大","0","2","2"
"京中代管国家大事","0","2","2"
"命令侍卫之臣戴至","0","2","2"
"令侍卫之臣戴至德","0","2","2"
"李敬玄等人辅助他","0","2","2"
"雍州人梁金柱请求","0","2","2"
"州人梁金柱请求出","0","2","2"
"人梁金柱请求出钱","0","2","2"
"梁金柱请求出钱三","0","2","2"
"金柱请求出钱三千","0","2","2"
"柱请求出钱三千贯","0","2","2"
"请求出钱三千贯赈","0","2","2"
"求出钱三千贯赈贷","0","2","2"
"出钱三千贯赈贷救","0","2","2"
"钱三千贯赈贷救济","0","2","2"
"三千贯赈贷救济贫","0","2","2"
"千贯赈贷救济贫寒","0","2","2"
"贯赈贷救济贫寒之","0","2","2"
"赈贷救济贫寒之人","0","2","2"
"左散骑常侍兼检校","0","2","2"
"散骑常侍兼检校秘","0","2","2"
"骑常侍兼检校秘书","0","2","2"
"周国公武敏之因为","0","2","2"
"国公武敏之因为犯","0","2","2"
"公武敏之因为犯罪","0","2","2"
"武敏之因为犯罪恢","0","2","2"
"敏之因为犯罪恢复","0","2","2"
"之因为犯罪恢复本","0","2","2"
"因为犯罪恢复本姓","0","2","2"
"为犯罪恢复本姓贺","0","2","2"
"犯罪恢复本姓贺兰","0","2","2"
"除去做官的资格流","0","2","2"
"去做官的资格流放","0","2","2"
"做官的资格流放到","0","2","2"
"官的资格流放到雷","0","2","2"
"的资格流放到雷州","0","2","2"
"搜寻推荐明白通达","0","2","2"
"寻推荐明白通达礼","0","2","2"
"推荐明白通达礼乐","0","2","2"
"荐明白通达礼乐之","0","2","2"
"明白通达礼乐之士","0","2","2"
"在许州叶县昆水的","0","2","2"
"许州叶县昆水的北","0","2","2"
"州叶县昆水的北面","0","2","2"
"叶县昆水的北面设","0","2","2"
"县昆水的北面设木","0","2","2"
"昆水的北面设木栅","0","2","2"
"水的北面设木栅栏","0","2","2"
"的北面设木栅栏遮","0","2","2"
"北面设木栅栏遮拦","0","2","2"
"面设木栅栏遮拦野","0","2","2"
"设木栅栏遮拦野兽","0","2","2"
"木栅栏遮拦野兽而","0","2","2"
"栅栏遮拦野兽而打","0","2","2"
"派遣右卫副帅梁积","0","2","2"
"遣右卫副帅梁积寿","0","2","2"
"右卫副帅梁积寿前","0","2","2"
"卫副帅梁积寿前往","0","2","2"
"副帅梁积寿前往姚","0","2","2"
"帅梁积寿前往姚州","0","2","2"
"梁积寿前往姚州打","0","2","2"
"积寿前往姚州打击","0","2","2"
"寿前往姚州打击叛","0","2","2"
"前往姚州打击叛变","0","2","2"
"往姚州打击叛变的","0","2","2"
"姚州打击叛变的蛮","0","2","2"
"州打击叛变的蛮夷","0","2","2"
"皇上问中书令阎立","0","2","2"
"伊尹背负烹调用的","0","2","2"
"尹背负烹调用的鼎","0","2","2"
"不知铸造鼎是什么","0","2","2"
"知铸造鼎是什么缘","0","2","2"
"铸造鼎是什么缘故","0","2","2"
"后又放在什么国家","0","2","2"
"将作为国家的重器","0","2","2"
"历代流传的国宝吗","0","2","2"
"五品以上官员改赐","0","2","2"
"品以上官员改赐新","0","2","2"
"以上官员改赐新鱼","0","2","2"
"上官员改赐新鱼袋","0","2","2"
"三品以上官员各赐","0","2","2"
"品以上官员各赐予","0","2","2"
"以上官员各赐予金","0","2","2"
"上官员各赐予金子","0","2","2"
"官员各赐予金子装","0","2","2"
"员各赐予金子装饰","0","2","2"
"各赐予金子装饰的","0","2","2"
"赐予金子装饰的刀","0","2","2"
"予金子装饰的刀子","0","2","2"
"在洛州柏崖设谷仓","0","2","2"
"冀州大都督再次成","0","2","2"
"州大都督再次成为","0","2","2"
"大都督再次成为魏","0","2","2"
"都督再次成为魏州","0","2","2"
"魏州再次成为冀州","0","2","2"
"沛王贤迁徙改封为","0","2","2"
"王贤迁徙改封为雍","0","2","2"
"贤迁徙改封为雍王","0","2","2"
"皇太子代管国家大","0","2","2"
"太子代管国家大事","0","2","2"
"皇上车驾回到京师","0","2","2"
"监门大将军高侃在","0","2","2"
"门大将军高侃在横","0","2","2"
"大将军高侃在横水","0","2","2"
"将军高侃在横水大","0","2","2"
"军高侃在横水大败","0","2","2"
"高侃在横水大败新","0","2","2"
"侃在横水大败新罗","0","2","2"
"在横水大败新罗众","0","2","2"
"横水大败新罗众军","0","2","2"
"诏令咸亨初年收养","0","2","2"
"令咸亨初年收养为","0","2","2"
"咸亨初年收养为儿","0","2","2"
"亨初年收养为儿女","0","2","2"
"初年收养为儿女以","0","2","2"
"年收养为儿女以及","0","2","2"
"收养为儿女以及供","0","2","2"
"养为儿女以及供应","0","2","2"
"为儿女以及供应驱","0","2","2"
"儿女以及供应驱使","0","2","2"
"女以及供应驱使的","0","2","2"
"以及供应驱使的人","0","2","2"
"听凭他们衡量计算","0","2","2"
"凭他们衡量计算自","0","2","2"
"他们衡量计算自己","0","2","2"
"们衡量计算自己衣","0","2","2"
"衡量计算自己衣食","0","2","2"
"量计算自己衣食之","0","2","2"
"计算自己衣食之报","0","2","2"
"算自己衣食之报酬","0","2","2"
"放回到原来居住之","0","2","2"
"回到原来居住之处","0","2","2"
"以左金吾将军裴居","0","2","2"
"金吾将军裴居道的","0","2","2"
"吾将军裴居道的女","0","2","2"
"将军裴居道的女儿","0","2","2"
"军裴居道的女儿为","0","2","2"
"裴居道的女儿为皇","0","2","2"
"居道的女儿为皇太","0","2","2"
"道的女儿为皇太子","0","2","2"
"的女儿为皇太子李","0","2","2"
"女儿为皇太子李弘","0","2","2"
"儿为皇太子李弘之","0","2","2"
"为皇太子李弘之妃","0","2","2"
"山道总管李谨行在","0","2","2"
"道总管李谨行在瓠","0","2","2"
"总管李谨行在瓠卢","0","2","2"
"管李谨行在瓠卢河","0","2","2"
"李谨行在瓠卢河之","0","2","2"
"谨行在瓠卢河之西","0","2","2"
"行在瓠卢河之西打","0","2","2"
"在瓠卢河之西打败","0","2","2"
"瓠卢河之西打败高","0","2","2"
"卢河之西打败高丽","0","2","2"
"河之西打败高丽叛","0","2","2"
"之西打败高丽叛党","0","2","2"
"高丽平壤剩余叛党","0","2","2"
"丽平壤剩余叛党逃","0","2","2"
"平壤剩余叛党逃入","0","2","2"
"壤剩余叛党逃入新","0","2","2"
"剩余叛党逃入新罗","0","2","2"
"九成宫太子新宫落","0","2","2"
"成宫太子新宫落成","0","2","2"
"皇上诏令五品以上","0","2","2"
"上诏令五品以上官","0","2","2"
"诏令五品以上官员","0","2","2"
"令五品以上官员亲","0","2","2"
"五品以上官员亲族","0","2","2"
"品以上官员亲族在","0","2","2"
"以上官员亲族在太","0","2","2"
"上官员亲族在太子","0","2","2"
"官员亲族在太子宫","0","2","2"
"员亲族在太子宫宴","0","2","2"
"亲族在太子宫宴会","0","2","2"
"族在太子宫宴会庆","0","2","2"
"在太子宫宴会庆贺","0","2","2"
"命令太子接受各衙","0","2","2"
"令太子接受各衙门","0","2","2"
"太子接受各衙门禀","0","2","2"
"子接受各衙门禀告","0","2","2"
"接受各衙门禀告的","0","2","2"
"受各衙门禀告的事","0","2","2"
"各衙门禀告的事情","0","2","2"
"大风毁坏了太庙屋","0","2","2"
"风毁坏了太庙屋脊","0","2","2"
"毁坏了太庙屋脊上","0","2","2"
"坏了太庙屋脊上的","0","2","2"
"了太庙屋脊上的装","0","2","2"
"太庙屋脊上的装饰","0","2","2"
"博陵县子阎立本去","0","2","2"
"陵县子阎立本去世","0","2","2"
"皇太子李弘纳妃完","0","2","2"
"太子李弘纳妃完毕","0","2","2"
"皇上亲自制作乐章","0","2","2"
"各种盛大祭祀即奏","0","2","2"
"种盛大祭祀即奏这","0","2","2"
"盛大祭祀即奏这些","0","2","2"
"大祭祀即奏这些乐","0","2","2"
"祭祀即奏这些乐曲","0","2","2"
"勒二国王入朝请求","0","2","2"
"二国王入朝请求归","0","2","2"
"国王入朝请求归降","0","2","2"
"门下三品刘仁轨为","0","2","2"
"下三品刘仁轨为鸡","0","2","2"
"三品刘仁轨为鸡林","0","2","2"
"品刘仁轨为鸡林道","0","2","2"
"刘仁轨为鸡林道大","0","2","2"
"仁轨为鸡林道大总","0","2","2"
"轨为鸡林道大总管","0","2","2"
"右领大将军李谨行","0","2","2"
"领大将军李谨行为","0","2","2"
"大将军李谨行为副","0","2","2"
"周国公武承嗣为宗","0","2","2"
"国公武承嗣为宗正","0","2","2"
"公武承嗣为宗正卿","0","2","2"
"本来是用来祈祷农","0","2","2"
"来是用来祈祷农业","0","2","2"
"是用来祈祷农业丰","0","2","2"
"用来祈祷农业丰收","0","2","2"
"然而听说此外另有","0","2","2"
"而听说此外另有别","0","2","2"
"听说此外另有别的","0","2","2"
"说此外另有别的乡","0","2","2"
"此外另有别的乡镇","0","2","2"
"外另有别的乡镇聚","0","2","2"
"另有别的乡镇聚会","0","2","2"
"此后除春秋两季祭","0","2","2"
"后除春秋两季祭土","0","2","2"
"除春秋两季祭土神","0","2","2"
"春秋两季祭土神外","0","2","2"
"有关部门严加禁止","0","2","2"
"太白星进入东井星","0","2","2"
"白星进入东井星垣","0","2","2"
"命令文武官员三品","0","2","2"
"令文武官员三品以","0","2","2"
"武官员三品以上穿","0","2","2"
"官员三品以上穿紫","0","2","2"
"员三品以上穿紫色","0","2","2"
"三品以上穿紫色官","0","2","2"
"品以上穿紫色官服","0","2","2"
"四品官穿深绯色官","0","2","2"
"品官穿深绯色官服","0","2","2"
"五品官穿浅绯色官","0","2","2"
"品官穿浅绯色官服","0","2","2"
"六品官穿深绿色官","0","2","2"
"品官穿深绿色官服","0","2","2"
"七品官穿浅绿色官","0","2","2"
"品官穿浅绿色官服","0","2","2"
"八品官穿深青色官","0","2","2"
"品官穿深青色官服","0","2","2"
"九品官穿浅青色官","0","2","2"
"品官穿浅青色官服","0","2","2"
"武官想带也听任他","0","2","2"
"上在麟德殿宴请他","0","2","2"
"在麟德殿宴请他们","0","2","2"
"追认恢复长孙无忌","0","2","2"
"认恢复长孙无忌官","0","2","2"
"恢复长孙无忌官爵","0","2","2"
"又以他的曾孙翼承","0","2","2"
"以他的曾孙翼承袭","0","2","2"
"他的曾孙翼承袭封","0","2","2"
"的曾孙翼承袭封赵","0","2","2"
"曾孙翼承袭封赵国","0","2","2"
"孙翼承袭封赵国公","0","2","2"
"允许他将长孙无忌","0","2","2"
"许他将长孙无忌归","0","2","2"
"他将长孙无忌归葬","0","2","2"
"将长孙无忌归葬在","0","2","2"
"长孙无忌归葬在太","0","2","2"
"孙无忌归葬在太宗","0","2","2"
"无忌归葬在太宗先","0","2","2"
"忌归葬在太宗先造","0","2","2"
"归葬在太宗先造之","0","2","2"
"葬在太宗先造之坟","0","2","2"
"在太宗先造之坟昭","0","2","2"
"太宗先造之坟昭陵","0","2","2"
"在华山之曲武原打","0","2","2"
"华山之曲武原打猎","0","2","2"
"于阗王伏信前来朝","0","2","2"
"阗王伏信前来朝见","0","2","2"
"波斯王卑路斯前来","0","2","2"
"斯王卑路斯前来朝","0","2","2"
"王卑路斯前来朝见","0","2","2"
"天后奉上意见十二","0","2","2"
"后奉上意见十二条","0","2","2"
"请王公百官都学习","0","2","2"
"每年科举明经考试","0","2","2"
"为准则由有关部门","0","2","2"
"准则由有关部门作","0","2","2"
"则由有关部门作为","0","2","2"
"由有关部门作为考","0","2","2"
"有关部门作为考试","0","2","2"
"关部门作为考试的","0","2","2"
"部门作为考试的模","0","2","2"
"门作为考试的模仿","0","2","2"
"作为考试的模仿标","0","2","2"
"为考试的模仿标准","0","2","2"
"又请求儿子当父亲","0","2","2"
"请求儿子当父亲健","0","2","2"
"求儿子当父亲健在","0","2","2"
"儿子当父亲健在而","0","2","2"
"子当父亲健在而母","0","2","2"
"当父亲健在而母丧","0","2","2"
"父亲健在而母丧时","0","2","2"
"亲健在而母丧时服","0","2","2"
"健在而母丧时服孝","0","2","2"
"在而母丧时服孝三","0","2","2"
"而母丧时服孝三年","0","2","2"
"以于阗为田比沙都","0","2","2"
"于阗为田比沙都督","0","2","2"
"阗为田比沙都督府","0","2","2"
"以尉迟伏雄为田比","0","2","2"
"尉迟伏雄为田比沙","0","2","2"
"迟伏雄为田比沙都","0","2","2"
"伏雄为田比沙都督","0","2","2"
"分其境内地方为十","0","2","2"
"其境内地方为十个","0","2","2"
"境内地方为十个州","0","2","2"
"因为伏雄有打击吐","0","2","2"
"为伏雄有打击吐蕃","0","2","2"
"伏雄有打击吐蕃功","0","2","2"
"雄有打击吐蕃功劳","0","2","2"
"有打击吐蕃功劳的","0","2","2"
"打击吐蕃功劳的缘","0","2","2"
"击吐蕃功劳的缘故","0","2","2"
"兹王白素稽贡献银","0","2","2"
"王白素稽贡献银颇","0","2","2"
"白素稽贡献银颇罗","0","2","2"
"吐蕃派遣他的大臣","0","2","2"
"蕃派遣他的大臣论","0","2","2"
"派遣他的大臣论吐","0","2","2"
"遣他的大臣论吐浑","0","2","2"
"他的大臣论吐浑弥","0","2","2"
"的大臣论吐浑弥前","0","2","2"
"大臣论吐浑弥前来","0","2","2"
"臣论吐浑弥前来请","0","2","2"
"论吐浑弥前来请求","0","2","2"
"吐浑弥前来请求和","0","2","2"
"浑弥前来请求和解","0","2","2"
"林道行军大总管在","0","2","2"
"道行军大总管在七","0","2","2"
"行军大总管在七重","0","2","2"
"军大总管在七重城","0","2","2"
"大总管在七重城大","0","2","2"
"总管在七重城大破","0","2","2"
"管在七重城大破新","0","2","2"
"在七重城大破新罗","0","2","2"
"七重城大破新罗的","0","2","2"
"重城大破新罗的部","0","2","2"
"城大破新罗的部众","0","2","2"
"新罗派遣使者入朝","0","2","2"
"罗派遣使者入朝贡","0","2","2"
"派遣使者入朝贡献","0","2","2"
"遣使者入朝贡献土","0","2","2"
"使者入朝贡献土特","0","2","2"
"者入朝贡献土特产","0","2","2"
"恢复新罗王金法敏","0","2","2"
"复新罗王金法敏的","0","2","2"
"新罗王金法敏的官","0","2","2"
"罗王金法敏的官爵","0","2","2"
"天后亲自在邙山之","0","2","2"
"后亲自在邙山之南","0","2","2"
"亲自在邙山之南养","0","2","2"
"自在邙山之南养蚕","0","2","2"
"当时皇上风疹不能","0","2","2"
"时皇上风疹不能听","0","2","2"
"皇上风疹不能听朝","0","2","2"
"国家政事都由天后","0","2","2"
"家政事都由天后决","0","2","2"
"政事都由天后决断","0","2","2"
"自从杀了上官仪以","0","2","2"
"从杀了上官仪以后","0","2","2"
"皇上每次上朝视事","0","2","2"
"天后垂帘在皇上宝","0","2","2"
"后垂帘在皇上宝座","0","2","2"
"垂帘在皇上宝座后","0","2","2"
"帘在皇上宝座后倾","0","2","2"
"在皇上宝座后倾听","0","2","2"
"大大小小的政事都","0","2","2"
"大小小的政事都参","0","2","2"
"小小的政事都参与","0","2","2"
"小的政事都参与了","0","2","2"
"的政事都参与了解","0","2","2"
"朝廷内外号称为二","0","2","2"
"廷内外号称为二圣","0","2","2"
"皇上想下诏书命令","0","2","2"
"上想下诏书命令天","0","2","2"
"想下诏书命令天后","0","2","2"
"下诏书命令天后代","0","2","2"
"诏书命令天后代管","0","2","2"
"书命令天后代管国","0","2","2"
"命令天后代管国政","0","2","2"
"中书侍郎郝处俊劝","0","2","2"
"书侍郎郝处俊劝谏","0","2","2"
"侍郎郝处俊劝谏制","0","2","2"
"郎郝处俊劝谏制止","0","2","2"
"周王显之妃子赵氏","0","2","2"
"王显之妃子赵氏因","0","2","2"
"显之妃子赵氏因为","0","2","2"
"之妃子赵氏因为犯","0","2","2"
"妃子赵氏因为犯罪","0","2","2"
"子赵氏因为犯罪被","0","2","2"
"赵氏因为犯罪被囚","0","2","2"
"氏因为犯罪被囚禁","0","2","2"
"因为犯罪被囚禁而","0","2","2"
"为犯罪被囚禁而死","0","2","2"
"皇太子弘在合璧宫","0","2","2"
"太子弘在合璧宫之","0","2","2"
"子弘在合璧宫之绮","0","2","2"
"弘在合璧宫之绮云","0","2","2"
"在合璧宫之绮云殿","0","2","2"
"合璧宫之绮云殿去","0","2","2"
"璧宫之绮云殿去世","0","2","2"
"当时皇上驾到合璧","0","2","2"
"时皇上驾到合璧宫","0","2","2"
"给太子弘追加谥号","0","2","2"
"太子弘追加谥号为","0","2","2"
"子弘追加谥号为孝","0","2","2"
"弘追加谥号为孝敬","0","2","2"
"追加谥号为孝敬皇","0","2","2"
"加谥号为孝敬皇帝","0","2","2"
"以雍王贤为皇太子","0","2","2"
"洛州再次设置缑氏","0","2","2"
"州再次设置缑氏县","0","2","2"
"以管理孝敬皇帝的","0","2","2"
"管理孝敬皇帝的恭","0","2","2"
"理孝敬皇帝的恭陵","0","2","2"
"杞王上金因事犯罪","0","2","2"
"乐成侯刘仁轨为左","0","2","2"
"成侯刘仁轨为左仆","0","2","2"
"侯刘仁轨为左仆射","0","2","2"
"依旧监督修纂国史","0","2","2"
"大理卿张文馞为侍","0","2","2"
"理卿张文馞为侍中","0","2","2"
"甑山公郝处俊为中","0","2","2"
"山公郝处俊为中书","0","2","2"
"公郝处俊为中书令","0","2","2"
"监督编纂国史依照","0","2","2"
"督编纂国史依照原","0","2","2"
"编纂国史依照原来","0","2","2"
"纂国史依照原来一","0","2","2"
"国史依照原来一样","0","2","2"
"监督编纂国史的吏","0","2","2"
"督编纂国史的吏部","0","2","2"
"编纂国史的吏部尚","0","2","2"
"纂国史的吏部尚书","0","2","2"
"国史的吏部尚书李","0","2","2"
"史的吏部尚书李敬","0","2","2"
"的吏部尚书李敬玄","0","2","2"
"吏部尚书李敬玄兼","0","2","2"
"部尚书李敬玄兼太","0","2","2"
"尚书李敬玄兼太子","0","2","2"
"书李敬玄兼太子左","0","2","2"
"李敬玄兼太子左庶","0","2","2"
"敬玄兼太子左庶子","0","2","2"
"仍依照先前监督编","0","2","2"
"依照先前监督编修","0","2","2"
"照先前监督编修国","0","2","2"
"先前监督编修国史","0","2","2"
"郝处俊都兼任太子","0","2","2"
"处俊都兼任太子宾","0","2","2"
"俊都兼任太子宾客","0","2","2"
"唐兴三县而设置道","0","2","2"
"兴三县而设置道州","0","2","2"
"兹王白素稽贡献名","0","2","2"
"王白素稽贡献名马","0","2","2"
"三年春正月二十三","0","2","2"
"迁徙改封冀王轮为","0","2","2"
"徙改封冀王轮为相","0","2","2"
"改封冀王轮为相王","0","2","2"
"迁移安东都护府到","0","2","2"
"移安东都护府到辽","0","2","2"
"安东都护府到辽东","0","2","2"
"皇上驾到汝州之温","0","2","2"
"上驾到汝州之温汤","0","2","2"
"中书侍郎薛元超都","0","2","2"
"书侍郎薛元超都任","0","2","2"
"侍郎薛元超都任同","0","2","2"
"郎薛元超都任同中","0","2","2"
"薛元超都任同中书","0","2","2"
"元超都任同中书门","0","2","2"
"超都任同中书门下","0","2","2"
"二王终竟没有成行","0","2","2"
"皇上的诏令由于连","0","2","2"
"上的诏令由于连续","0","2","2"
"的诏令由于连续用","0","2","2"
"诏令由于连续用白","0","2","2"
"令由于连续用白纸","0","2","2"
"今后尚书省下达给","0","2","2"
"后尚书省下达给各","0","2","2"
"尚书省下达给各司","0","2","2"
"那些承受制定诏令","0","2","2"
"些承受制定诏令的","0","2","2"
"承受制定诏令的有","0","2","2"
"受制定诏令的有关","0","2","2"
"制定诏令的有关部","0","2","2"
"定诏令的有关部门","0","2","2"
"以备皇上翻阅检索","0","2","2"
"扫过中台星指向文","0","2","2"
"过中台星指向文昌","0","2","2"
"中台星指向文昌宫","0","2","2"
"台星指向文昌宫斗","0","2","2"
"星指向文昌宫斗魁","0","2","2"
"指向文昌宫斗魁上","0","2","2"
"向文昌宫斗魁上六","0","2","2"
"文昌宫斗魁上六星","0","2","2"
"释放京城关押的囚","0","2","2"
"放京城关押的囚犯","0","2","2"
"命令文武官员各上","0","2","2"
"令文武官员各上封","0","2","2"
"文武官员各上封章","0","2","2"
"武官员各上封章奏","0","2","2"
"官员各上封章奏事","0","2","2"
"员各上封章奏事陈","0","2","2"
"各上封章奏事陈述","0","2","2"
"上封章奏事陈述朝","0","2","2"
"封章奏事陈述朝政","0","2","2"
"章奏事陈述朝政得","0","2","2"
"奏事陈述朝政得失","0","2","2"
"遣使者赈济抚恤他","0","2","2"
"郇王素节封地食户","0","2","2"
"王素节封地食户被","0","2","2"
"素节封地食户被削","0","2","2"
"节封地食户被削减","0","2","2"
"封地食户被削减三","0","2","2"
"地食户被削减三分","0","2","2"
"食户被削减三分之","0","2","2"
"户被削减三分之二","0","2","2"
"在北京设置金邻州","0","2","2"
"皇上命令新制成的","0","2","2"
"其余祭礼就停止使","0","2","2"
"余祭礼就停止使用","0","2","2"
"因为陈州人说凤凰","0","2","2"
"为陈州人说凤凰在","0","2","2"
"陈州人说凤凰在宛","0","2","2"
"州人说凤凰在宛丘","0","2","2"
"人说凤凰在宛丘出","0","2","2"
"说凤凰在宛丘出现","0","2","2"
"所以改上元三年为","0","2","2"
"以改上元三年为仪","0","2","2"
"改上元三年为仪凤","0","2","2"
"上元三年为仪凤元","0","2","2"
"元三年为仪凤元年","0","2","2"
"吏部尚书李敬玄为","0","2","2"
"部尚书李敬玄为中","0","2","2"
"尚书李敬玄为中书","0","2","2"
"书李敬玄为中书令","0","2","2"
"皇太子李贤奉上所","0","2","2"
"太子李贤奉上所注","0","2","2"
"子李贤奉上所注的","0","2","2"
"皇上赐布帛三万段","0","2","2"
"派遣使者分道巡视","0","2","2"
"遣使者分道巡视安","0","2","2"
"使者分道巡视安抚","0","2","2"
"宰相来恒巡视安抚","0","2","2"
"相来恒巡视安抚河","0","2","2"
"来恒巡视安抚河南","0","2","2"
"恒巡视安抚河南道","0","2","2"
"薛元超巡视安抚河","0","2","2"
"元超巡视安抚河北","0","2","2"
"超巡视安抚河北道","0","2","2"
"左丞崔知悌等人巡","0","2","2"
"丞崔知悌等人巡视","0","2","2"
"崔知悌等人巡视安","0","2","2"
"知悌等人巡视安抚","0","2","2"
"悌等人巡视安抚江","0","2","2"
"等人巡视安抚江南","0","2","2"
"人巡视安抚江南道","0","2","2"
"二年春正月十二日","0","2","2"
"皇上亲自在东郊耕","0","2","2"
"上亲自在东郊耕种","0","2","2"
"亲自在东郊耕种籍","0","2","2"
"自在东郊耕种籍田","0","2","2"
"工部尚书高藏被授","0","2","2"
"部尚书高藏被授予","0","2","2"
"尚书高藏被授予辽","0","2","2"
"书高藏被授予辽东","0","2","2"
"高藏被授予辽东都","0","2","2"
"藏被授予辽东都督","0","2","2"
"安抚高丽剩余部众","0","2","2"
"司农卿扶余隆任熊","0","2","2"
"农卿扶余隆任熊津","0","2","2"
"卿扶余隆任熊津州","0","2","2"
"扶余隆任熊津州都","0","2","2"
"余隆任熊津州都督","0","2","2"
"命令他安抚百济剩","0","2","2"
"令他安抚百济剩余","0","2","2"
"他安抚百济剩余部","0","2","2"
"安抚百济剩余部众","0","2","2"
"又移安东都护府到","0","2","2"
"移安东都护府到新","0","2","2"
"安东都护府到新城","0","2","2"
"东都护府到新城以","0","2","2"
"都护府到新城以统","0","2","2"
"护府到新城以统率","0","2","2"
"府到新城以统率他","0","2","2"
"到新城以统率他们","0","2","2"
"因为河南河北干旱","0","2","2"
"派遣使者赈济他们","0","2","2"
"太白星侵犯轩辕星","0","2","2"
"河东各州招募勇敢","0","2","2"
"东各州招募勇敢之","0","2","2"
"各州招募勇敢之士","0","2","2"
"诏令京中三品以上","0","2","2"
"令京中三品以上文","0","2","2"
"京中三品以上文武","0","2","2"
"中三品以上文武职","0","2","2"
"三品以上文武职事","0","2","2"
"品以上文武职事官","0","2","2"
"每年各举荐文武才","0","2","2"
"年各举荐文武才干","0","2","2"
"各举荐文武才干能","0","2","2"
"举荐文武才干能胜","0","2","2"
"荐文武才干能胜任","0","2","2"
"文武才干能胜任将","0","2","2"
"武才干能胜任将帅","0","2","2"
"才干能胜任将帅或","0","2","2"
"干能胜任将帅或牧","0","2","2"
"能胜任将帅或牧守","0","2","2"
"胜任将帅或牧守者","0","2","2"
"任将帅或牧守者一","0","2","2"
"将帅或牧守者一人","0","2","2"
"二年正月一日为通","0","2","2"
"年正月一日为通乾","0","2","2"
"两个身躯同一个心","0","2","2"
"在咸亨殿宴请近臣","0","2","2"
"咸亨殿宴请近臣及","0","2","2"
"亨殿宴请近臣及各","0","2","2"
"殿宴请近臣及各位","0","2","2"
"宴请近臣及各位亲","0","2","2"
"请近臣及各位亲族","0","2","2"
"皇上对霍王元轨道","0","2","2"
"秋天的庄稼生长茂","0","2","2"
"天的庄稼生长茂盛","0","2","2"
"另外又得到李敬玄","0","2","2"
"外又得到李敬玄表","0","2","2"
"又得到李敬玄表章","0","2","2"
"得到李敬玄表章上","0","2","2"
"到李敬玄表章上奏","0","2","2"
"这些大概是上天降","0","2","2"
"些大概是上天降福","0","2","2"
"难道对百姓恩情不","0","2","2"
"道对百姓恩情不厚","0","2","2"
"对百姓恩情不厚会","0","2","2"
"百姓恩情不厚会达","0","2","2"
"姓恩情不厚会达到","0","2","2"
"恩情不厚会达到这","0","2","2"
"情不厚会达到这样","0","2","2"
"不厚会达到这样的","0","2","2"
"厚会达到这样的幸","0","2","2"
"会达到这样的幸福","0","2","2"
"达到这样的幸福另","0","2","2"
"到这样的幸福另外","0","2","2"
"这样的幸福另外儿","0","2","2"
"样的幸福另外儿子","0","2","2"
"的幸福另外儿子轮","0","2","2"
"幸福另外儿子轮年","0","2","2"
"福另外儿子轮年龄","0","2","2"
"另外儿子轮年龄最","0","2","2"
"外儿子轮年龄最小","0","2","2"
"我特别喜爱而留在","0","2","2"
"特别喜爱而留在身","0","2","2"
"别喜爱而留在身边","0","2","2"
"近来为他挑选新媳","0","2","2"
"来为他挑选新媳妇","0","2","2"
"大多不合他的心意","0","2","2"
"近来娶刘延景的女","0","2","2"
"来娶刘延景的女儿","0","2","2"
"观察她为人处事很","0","2","2"
"察她为人处事很有","0","2","2"
"她为人处事很有孝","0","2","2"
"为人处事很有孝心","0","2","2"
"想与叔父等人共同","0","2","2"
"与叔父等人共同为","0","2","2"
"叔父等人共同为此","0","2","2"
"父等人共同为此而","0","2","2"
"等人共同为此而欢","0","2","2"
"人共同为此而欢乐","0","2","2"
"皇上因而仿效柏梁","0","2","2"
"上因而仿效柏梁体","0","2","2"
"陪侍诸臣都各人和","0","2","2"
"侍诸臣都各人和诗","0","2","2"
"大将军刘审礼等人","0","2","2"
"将军刘审礼等人在","0","2","2"
"军刘审礼等人在青","0","2","2"
"刘审礼等人在青海","0","2","2"
"审礼等人在青海之","0","2","2"
"礼等人在青海之上","0","2","2"
"等人在青海之上与","0","2","2"
"人在青海之上与吐","0","2","2"
"在青海之上与吐蕃","0","2","2"
"青海之上与吐蕃作","0","2","2"
"海之上与吐蕃作战","0","2","2"
"皇上以吐蕃入侵为","0","2","2"
"上以吐蕃入侵为忧","0","2","2"
"以吐蕃入侵为忧患","0","2","2"
"向侍臣中书舍人郭","0","2","2"
"书舍人郭正一等人","0","2","2"
"舍人郭正一等人问","0","2","2"
"人郭正一等人问计","0","2","2"
"郭正一等人问计策","0","2","2"
"他们都认为以防备","0","2","2"
"们都认为以防备边","0","2","2"
"都认为以防备边疆","0","2","2"
"认为以防备边疆而","0","2","2"
"为以防备边疆而不","0","2","2"
"以防备边疆而不深","0","2","2"
"防备边疆而不深入","0","2","2"
"备边疆而不深入讨","0","2","2"
"边疆而不深入讨伐","0","2","2"
"疆而不深入讨伐为","0","2","2"
"而不深入讨伐为上","0","2","2"
"不深入讨伐为上策","0","2","2"
"大雨雪沾附于树木","0","2","2"
"同中书门下三品来","0","2","2"
"中书门下三品来恒","0","2","2"
"书门下三品来恒去","0","2","2"
"门下三品来恒去世","0","2","2"
"皇上诏令停止明年","0","2","2"
"上诏令停止明年通","0","2","2"
"诏令停止明年通乾","0","2","2"
"令停止明年通乾的","0","2","2"
"停止明年通乾的年","0","2","2"
"止明年通乾的年号","0","2","2"
"因为通乾的反话不","0","2","2"
"为通乾的反话不好","0","2","2"
"通乾的反话不好的","0","2","2"
"乾的反话不好的缘","0","2","2"
"的反话不好的缘故","0","2","2"
"道国公戴至德去世","0","2","2"
"皇上派遣使者前往","0","2","2"
"上派遣使者前往吊","0","2","2"
"派遣使者前往吊唁","0","2","2"
"遣使者前往吊唁祭","0","2","2"
"使者前往吊唁祭祀","0","2","2"
"官府拿出糙米来救","0","2","2"
"府拿出糙米来救济","0","2","2"
"拿出糙米来救济饥","0","2","2"
"出糙米来救济饥荒","0","2","2"
"糙米来救济饥荒的","0","2","2"
"米来救济饥荒的人","0","2","2"
"荧惑星侵入羽林星","0","2","2"
"偷盗者杀害了正谏","0","2","2"
"盗者杀害了正谏大","0","2","2"
"者杀害了正谏大夫","0","2","2"
"杀害了正谏大夫明","0","2","2"
"害了正谏大夫明崇","0","2","2"
"了正谏大夫明崇俨","0","2","2"
"皇太子李贤代管国","0","2","2"
"太子李贤代管国事","0","2","2"
"在渑池之西建造紫","0","2","2"
"渑池之西建造紫桂","0","2","2"
"池之西建造紫桂宫","0","2","2"
"皇上诏命大赦天下","0","2","2"
"因为今年冬至在嵩","0","2","2"
"为今年冬至在嵩岳","0","2","2"
"今年冬至在嵩岳举","0","2","2"
"年冬至在嵩岳举行","0","2","2"
"冬至在嵩岳举行祭","0","2","2"
"至在嵩岳举行祭祀","0","2","2"
"命礼官学士详细拟","0","2","2"
"礼官学士详细拟定","0","2","2"
"官学士详细拟定礼","0","2","2"
"学士详细拟定礼节","0","2","2"
"士详细拟定礼节制","0","2","2"
"详细拟定礼节制度","0","2","2"
"部侍郎裴行俭讨伐","0","2","2"
"侍郎裴行俭讨伐西","0","2","2"
"郎裴行俭讨伐西突","0","2","2"
"裴行俭讨伐西突厥","0","2","2"
"活捉西突厥十姓可","0","2","2"
"捉西突厥十姓可汗","0","2","2"
"西突厥十姓可汗阿","0","2","2"
"突厥十姓可汗阿史","0","2","2"
"厥十姓可汗阿史那","0","2","2"
"十姓可汗阿史那都","0","2","2"
"姓可汗阿史那都支","0","2","2"
"可汗阿史那都支以","0","2","2"
"汗阿史那都支以及","0","2","2"
"阿史那都支以及别","0","2","2"
"史那都支以及别帅","0","2","2"
"那都支以及别帅李","0","2","2"
"都支以及别帅李遮","0","2","2"
"支以及别帅李遮匐","0","2","2"
"以及别帅李遮匐而","0","2","2"
"及别帅李遮匐而归","0","2","2"
"皇上派单于大都护","0","2","2"
"上派单于大都护长","0","2","2"
"派单于大都护长史","0","2","2"
"单于大都护长史萧","0","2","2"
"于大都护长史萧嗣","0","2","2"
"李景嘉等人讨伐他","0","2","2"
"景嘉等人讨伐他们","0","2","2"
"萧嗣业流放充军到","0","2","2"
"嗣业流放充军到桂","0","2","2"
"业流放充军到桂州","0","2","2"
"将军曹怀舜率兵往","0","2","2"
"军曹怀舜率兵往恒","0","2","2"
"曹怀舜率兵往恒州","0","2","2"
"怀舜率兵往恒州守","0","2","2"
"舜率兵往恒州守卫","0","2","2"
"率兵往恒州守卫井","0","2","2"
"兵往恒州守卫井陉","0","2","2"
"派崔献前往绛州守","0","2","2"
"崔献前往绛州守卫","0","2","2"
"献前往绛州守卫龙","0","2","2"
"前往绛州守卫龙门","0","2","2"
"吐蕃文成公主派遣","0","2","2"
"蕃文成公主派遣她","0","2","2"
"文成公主派遣她的","0","2","2"
"成公主派遣她的大","0","2","2"
"公主派遣她的大臣","0","2","2"
"主派遣她的大臣论","0","2","2"
"派遣她的大臣论塞","0","2","2"
"遣她的大臣论塞调","0","2","2"
"她的大臣论塞调傍","0","2","2"
"的大臣论塞调傍前","0","2","2"
"大臣论塞调傍前来","0","2","2"
"臣论塞调傍前来报","0","2","2"
"论塞调傍前来报告","0","2","2"
"塞调傍前来报告丧","0","2","2"
"调傍前来报告丧事","0","2","2"
"同三品高智周罢免","0","2","2"
"三品高智周罢免参","0","2","2"
"品高智周罢免参知","0","2","2"
"高智周罢免参知政","0","2","2"
"智周罢免参知政事","0","2","2"
"以吏部侍郎裴行俭","0","2","2"
"吏部侍郎裴行俭为","0","2","2"
"部侍郎裴行俭为礼","0","2","2"
"侍郎裴行俭为礼部","0","2","2"
"郎裴行俭为礼部尚","0","2","2"
"裴行俭为礼部尚书","0","2","2"
"皇上在洛城南门楼","0","2","2"
"上在洛城南门楼宴","0","2","2"
"在洛城南门楼宴请","0","2","2"
"洛城南门楼宴请诸","0","2","2"
"城南门楼宴请诸王","0","2","2"
"各司衙门三品以上","0","2","2"
"司衙门三品以上官","0","2","2"
"以及各州都督刺史","0","2","2"
"已去世之符玺郎李","0","2","2"
"去世之符玺郎李延","0","2","2"
"世之符玺郎李延寿","0","2","2"
"之符玺郎李延寿撰","0","2","2"
"符玺郎李延寿撰写","0","2","2"
"应该赐给他家绢绸","0","2","2"
"该赐给他家绢绸五","0","2","2"
"赐给他家绢绸五十","0","2","2"
"给他家绢绸五十匹","0","2","2"
"霍王元轨率领文武","0","2","2"
"王元轨率领文武百","0","2","2"
"元轨率领文武百官","0","2","2"
"请求拿出一个月的","0","2","2"
"求拿出一个月的薪","0","2","2"
"拿出一个月的薪俸","0","2","2"
"出一个月的薪俸以","0","2","2"
"一个月的薪俸以及","0","2","2"
"个月的薪俸以及官","0","2","2"
"月的薪俸以及官俸","0","2","2"
"的薪俸以及官俸以","0","2","2"
"薪俸以及官俸以外","0","2","2"
"俸以及官俸以外的","0","2","2"
"以及官俸以外的食","0","2","2"
"及官俸以外的食料","0","2","2"
"官俸以外的食料钱","0","2","2"
"俸以外的食料钱来","0","2","2"
"以外的食料钱来助","0","2","2"
"外的食料钱来助军","0","2","2"
"的食料钱来助军用","0","2","2"
"皇上驾到汝州的温","0","2","2"
"上驾到汝州的温汤","0","2","2"
"赐给已故玉清观道","0","2","2"
"给已故玉清观道士","0","2","2"
"已故玉清观道士王","0","2","2"
"清观道士王远知的","0","2","2"
"观道士王远知的谥","0","2","2"
"道士王远知的谥号","0","2","2"
"士王远知的谥号叫","0","2","2"
"王远知的谥号叫升","0","2","2"
"远知的谥号叫升真","0","2","2"
"知的谥号叫升真先","0","2","2"
"的谥号叫升真先生","0","2","2"
"皇上又驾到逍遥谷","0","2","2"
"上又驾到逍遥谷道","0","2","2"
"又驾到逍遥谷道士","0","2","2"
"驾到逍遥谷道士潘","0","2","2"
"到逍遥谷道士潘师","0","2","2"
"道士潘师正所居之","0","2","2"
"士潘师正所居之地","0","2","2"
"皇上从温汤返回东","0","2","2"
"上从温汤返回东都","0","2","2"
"裴行俭在黑山大破","0","2","2"
"行俭在黑山大破突","0","2","2"
"俭在黑山大破突厥","0","2","2"
"活捉突厥首领奉职","0","2","2"
"伪突厥可汗泥熟匐","0","2","2"
"突厥可汗泥熟匐被","0","2","2"
"厥可汗泥熟匐被他","0","2","2"
"可汗泥熟匐被他的","0","2","2"
"汗泥熟匐被他的部","0","2","2"
"泥熟匐被他的部下","0","2","2"
"熟匐被他的部下所","0","2","2"
"匐被他的部下所杀","0","2","2"
"把首级传送京师前","0","2","2"
"首级传送京师前来","0","2","2"
"级传送京师前来投","0","2","2"
"传送京师前来投降","0","2","2"
"中书侍郎王德真都","0","2","2"
"书侍郎王德真都任","0","2","2"
"侍郎王德真都任同","0","2","2"
"郎王德真都任同中","0","2","2"
"王德真都任同中书","0","2","2"
"德真都任同中书门","0","2","2"
"真都任同中书门下","0","2","2"
"镇抚大使李敬玄与","0","2","2"
"抚大使李敬玄与吐","0","2","2"
"大使李敬玄与吐蕃","0","2","2"
"使李敬玄与吐蕃将","0","2","2"
"李敬玄与吐蕃将赞","0","2","2"
"敬玄与吐蕃将赞婆","0","2","2"
"玄与吐蕃将赞婆在","0","2","2"
"与吐蕃将赞婆在湟","0","2","2"
"吐蕃将赞婆在湟中","0","2","2"
"蕃将赞婆在湟中作","0","2","2"
"将赞婆在湟中作战","0","2","2"
"当时左武卫将军黑","0","2","2"
"武卫将军黑齿常之","0","2","2"
"卫将军黑齿常之奋","0","2","2"
"将军黑齿常之奋力","0","2","2"
"军黑齿常之奋力作","0","2","2"
"黑齿常之奋力作战","0","2","2"
"于是被提升为河源","0","2","2"
"是被提升为河源军","0","2","2"
"被提升为河源军经","0","2","2"
"提升为河源军经略","0","2","2"
"升为河源军经略大","0","2","2"
"为河源军经略大使","0","2","2"
"并命令李敬玄镇守","0","2","2"
"命令李敬玄镇守鄯","0","2","2"
"令李敬玄镇守鄯州","0","2","2"
"为黑齿常之的声援","0","2","2"
"突厥剩余部众包围","0","2","2"
"厥剩余部众包围云","0","2","2"
"剩余部众包围云州","0","2","2"
"郎将程务挺击破他","0","2","2"
"将程务挺击破他们","0","2","2"
"皇上从紫桂宫还东","0","2","2"
"上从紫桂宫还东都","0","2","2"
"鄯州都督李敬玄降","0","2","2"
"州都督李敬玄降职","0","2","2"
"都督李敬玄降职为","0","2","2"
"督李敬玄降职为衡","0","2","2"
"李敬玄降职为衡州","0","2","2"
"敬玄降职为衡州刺","0","2","2"
"玄降职为衡州刺史","0","2","2"
"废除皇太子贤为庶","0","2","2"
"除皇太子贤为庶人","0","2","2"
"幽禁关押在别的地","0","2","2"
"禁关押在别的地方","0","2","2"
"立英王李哲为皇太","0","2","2"
"英王李哲为皇太子","0","2","2"
"改调露二年为永隆","0","2","2"
"调露二年为永隆元","0","2","2"
"露二年为永隆元年","0","2","2"
"门下三品张大安因","0","2","2"
"下三品张大安因与","0","2","2"
"三品张大安因与庶","0","2","2"
"品张大安因与庶人","0","2","2"
"张大安因与庶人李","0","2","2"
"大安因与庶人李贤","0","2","2"
"安因与庶人李贤的","0","2","2"
"因与庶人李贤的关","0","2","2"
"与庶人李贤的关系","0","2","2"
"庶人李贤的关系犯","0","2","2"
"人李贤的关系犯法","0","2","2"
"李贤的关系犯法降","0","2","2"
"贤的关系犯法降职","0","2","2"
"的关系犯法降职为","0","2","2"
"关系犯法降职为普","0","2","2"
"系犯法降职为普州","0","2","2"
"犯法降职为普州刺","0","2","2"
"法降职为普州刺史","0","2","2"
"淹死的人官府给予","0","2","2"
"死的人官府给予他","0","2","2"
"的人官府给予他们","0","2","2"
"人官府给予他们小","0","2","2"
"官府给予他们小而","0","2","2"
"府给予他们小而薄","0","2","2"
"给予他们小而薄的","0","2","2"
"予他们小而薄的棺","0","2","2"
"他们小而薄的棺材","0","2","2"
"们小而薄的棺材安","0","2","2"
"小而薄的棺材安葬","0","2","2"
"死者之家赐帛布七","0","2","2"
"者之家赐帛布七段","0","2","2"
"州刺史曹王明封为","0","2","2"
"刺史曹王明封为零","0","2","2"
"史曹王明封为零陵","0","2","2"
"曹王明封为零陵郡","0","2","2"
"王明封为零陵郡王","0","2","2"
"因为他犯了依附庶","0","2","2"
"为他犯了依附庶人","0","2","2"
"他犯了依附庶人李","0","2","2"
"犯了依附庶人李贤","0","2","2"
"了依附庶人李贤的","0","2","2"
"依附庶人李贤的罪","0","2","2"
"粮食减价由官府出","0","2","2"
"食减价由官府出卖","0","2","2"
"皇上命令将军李知","0","2","2"
"上命令将军李知十","0","2","2"
"王杲等人分兵抵御","0","2","2"
"杲等人分兵抵御突","0","2","2"
"等人分兵抵御突厥","0","2","2"
"皇上派礼部尚书裴","0","2","2"
"上派礼部尚书裴行","0","2","2"
"派礼部尚书裴行俭","0","2","2"
"礼部尚书裴行俭为","0","2","2"
"部尚书裴行俭为定","0","2","2"
"尚书裴行俭为定襄","0","2","2"
"书裴行俭为定襄道","0","2","2"
"率军讨伐突厥温傅","0","2","2"
"军讨伐突厥温傅部","0","2","2"
"讨伐突厥温傅部落","0","2","2"
"同州人民住户应该","0","2","2"
"州人民住户应该免","0","2","2"
"人民住户应该免除","0","2","2"
"民住户应该免除两","0","2","2"
"住户应该免除两年","0","2","2"
"户应该免除两年地","0","2","2"
"应该免除两年地税","0","2","2"
"河北遭水灾之处免","0","2","2"
"北遭水灾之处免地","0","2","2"
"遭水灾之处免地税","0","2","2"
"水灾之处免地税一","0","2","2"
"灾之处免地税一年","0","2","2"
"皇上诏令雍州长史","0","2","2"
"上诏令雍州长史李","0","2","2"
"诏令雍州长史李义","0","2","2"
"令雍州长史李义玄","0","2","2"
"雍州长史李义玄道","0","2","2"
"朕想返回到真淳质","0","2","2"
"想返回到真淳质朴","0","2","2"
"向天下表示朴素的","0","2","2"
"天下表示朴素的本","0","2","2"
"下表示朴素的本质","0","2","2"
"我们听说游手好闲","0","2","2"
"们听说游手好闲的","0","2","2"
"听说游手好闲的人","0","2","2"
"说游手好闲的人废","0","2","2"
"游手好闲的人废弃","0","2","2"
"手好闲的人废弃劳","0","2","2"
"好闲的人废弃劳作","0","2","2"
"闲的人废弃劳作事","0","2","2"
"的人废弃劳作事业","0","2","2"
"常常穿七条破花裙","0","2","2"
"难道她不知道还有","0","2","2"
"道她不知道还有奢","0","2","2"
"她不知道还有奢侈","0","2","2"
"不知道还有奢侈华","0","2","2"
"知道还有奢侈华丽","0","2","2"
"道还有奢侈华丽的","0","2","2"
"还有奢侈华丽的服","0","2","2"
"有奢侈华丽的服饰","0","2","2"
"那是务必遵循节俭","0","2","2"
"民间里巷的人公然","0","2","2"
"间里巷的人公然穿","0","2","2"
"里巷的人公然穿戴","0","2","2"
"不要使他们重新奢","0","2","2"
"要使他们重新奢侈","0","2","2"
"皇太子亲自陈设酒","0","2","2"
"太子亲自陈设酒食","0","2","2"
"子亲自陈设酒食以","0","2","2"
"亲自陈设酒食以祭","0","2","2"
"自陈设酒食以祭奠","0","2","2"
"同三品刘仁轨兼任","0","2","2"
"三品刘仁轨兼任太","0","2","2"
"品刘仁轨兼任太子","0","2","2"
"刘仁轨兼任太子少","0","2","2"
"仁轨兼任太子少傅","0","2","2"
"襄道总管曹怀舜与","0","2","2"
"道总管曹怀舜与突","0","2","2"
"总管曹怀舜与突厥","0","2","2"
"管曹怀舜与突厥史","0","2","2"
"曹怀舜与突厥史伏","0","2","2"
"怀舜与突厥史伏念","0","2","2"
"舜与突厥史伏念在","0","2","2"
"与突厥史伏念在横","0","2","2"
"突厥史伏念在横水","0","2","2"
"厥史伏念在横水作","0","2","2"
"史伏念在横水作战","0","2","2"
"已故江王元祥之子","0","2","2"
"故江王元祥之子日","0","2","2"
"江王元祥之子日卓","0","2","2"
"王元祥之子日卓因","0","2","2"
"元祥之子日卓因为","0","2","2"
"祥之子日卓因为违","0","2","2"
"之子日卓因为违犯","0","2","2"
"子日卓因为违犯名","0","2","2"
"日卓因为违犯名教","0","2","2"
"在大理寺后园被斩","0","2","2"
"大理寺后园被斩首","0","2","2"
"太平公主下嫁给薛","0","2","2"
"平公主下嫁给薛绍","0","2","2"
"赦免京城关押的囚","0","2","2"
"免京城关押的囚犯","0","2","2"
"皇上因为服食丹药","0","2","2"
"命令皇太子代行国","0","2","2"
"雍州起大风危害了","0","2","2"
"州起大风危害了庄","0","2","2"
"起大风危害了庄稼","0","2","2"
"大破突厥史伏念之","0","2","2"
"破突厥史伏念之部","0","2","2"
"突厥史伏念之部众","0","2","2"
"史伏念因为程务挺","0","2","2"
"伏念因为程务挺追","0","2","2"
"念因为程务挺追赶","0","2","2"
"因为程务挺追赶太","0","2","2"
"为程务挺追赶太急","0","2","2"
"于是抓住温傅来投","0","2","2"
"是抓住温傅来投降","0","2","2"
"裴行俭于是全部平","0","2","2"
"行俭于是全部平定","0","2","2"
"俭于是全部平定了","0","2","2"
"于是全部平定了突","0","2","2"
"是全部平定了突厥","0","2","2"
"全部平定了突厥余","0","2","2"
"部平定了突厥余党","0","2","2"
"裴行俭捉住了史伏","0","2","2"
"行俭捉住了史伏念","0","2","2"
"允许遭水灾的地方","0","2","2"
"许遭水灾的地方前","0","2","2"
"遭水灾的地方前往","0","2","2"
"水灾的地方前往江","0","2","2"
"淮以南地方寻找食","0","2","2"
"以南地方寻找食物","0","2","2"
"户部尚书崔知悌去","0","2","2"
"部尚书崔知悌去世","0","2","2"
"改交州为安南都护","0","2","2"
"交州为安南都护府","0","2","2"
"彗星在天市星上出","0","2","2"
"星在天市星上出现","0","2","2"
"特别赦免定襄军以","0","2","2"
"别赦免定襄军以及","0","2","2"
"赦免定襄军以及为","0","2","2"
"免定襄军以及为征","0","2","2"
"定襄军以及为征讨","0","2","2"
"襄军以及为征讨突","0","2","2"
"军以及为征讨突厥","0","2","2"
"以及为征讨突厥不","0","2","2"
"及为征讨突厥不力","0","2","2"
"为征讨突厥不力的","0","2","2"
"征讨突厥不力的官","0","2","2"
"讨突厥不力的官吏","0","2","2"
"突厥不力的官吏士","0","2","2"
"厥不力的官吏士兵","0","2","2"
"不力的官吏士兵等","0","2","2"
"力的官吏士兵等人","0","2","2"
"新罗王金法敏去世","0","2","2"
"仍以他的儿子政继","0","2","2"
"以他的儿子政继承","0","2","2"
"他的儿子政继承新","0","2","2"
"的儿子政继承新罗","0","2","2"
"儿子政继承新罗王","0","2","2"
"子政继承新罗王位","0","2","2"
"迁徙庶人贤到巴州","0","2","2"
"吐火罗贡献金衣一","0","2","2"
"火罗贡献金衣一件","0","2","2"
"甑山县公郝处俊去","0","2","2"
"山县公郝处俊去世","0","2","2"
"永淳元年正月一日","0","2","2"
"淳元年正月一日是","0","2","2"
"绥州等地就地取食","0","2","2"
"因为太子诞生的皇","0","2","2"
"为太子诞生的皇孙","0","2","2"
"太子诞生的皇孙满","0","2","2"
"子诞生的皇孙满月","0","2","2"
"改开耀二年为永淳","0","2","2"
"开耀二年为永淳元","0","2","2"
"耀二年为永淳元年","0","2","2"
"立皇孙重照为皇太","0","2","2"
"皇孙重照为皇太孙","0","2","2"
"吏部郎中王方庆道","0","2","2"
"只有嫡子而没有嫡","0","2","2"
"有嫡子而没有嫡孙","0","2","2"
"汉魏以来皇太子健","0","2","2"
"魏以来皇太子健在","0","2","2"
"晋朝立愍怀太子之","0","2","2"
"朝立愍怀太子之子","0","2","2"
"立愍怀太子之子为","0","2","2"
"愍怀太子之子为太","0","2","2"
"怀太子之子为太孙","0","2","2"
"齐国立文惠太子昭","0","2","2"
"国立文惠太子昭业","0","2","2"
"立文惠太子昭业为","0","2","2"
"文惠太子昭业为太","0","2","2"
"惠太子昭业为太孙","0","2","2"
"太孙便住在东宫而","0","2","2"
"孙便住在东宫而为","0","2","2"
"便住在东宫而为实","0","2","2"
"住在东宫而为实际","0","2","2"
"在东宫而为实际上","0","2","2"
"东宫而为实际上的","0","2","2"
"宫而为实际上的太","0","2","2"
"而为实际上的太子","0","2","2"
"而皇太子健在然而","0","2","2"
"皇太子健在然而却","0","2","2"
"太子健在然而却立","0","2","2"
"子健在然而却立皇","0","2","2"
"健在然而却立皇太","0","2","2"
"在然而却立皇太孙","0","2","2"
"从我开始作为古代","0","2","2"
"可以然而终竟不为","0","2","2"
"以然而终竟不为皇","0","2","2"
"然而终竟不为皇太","0","2","2"
"而终竟不为皇太孙","0","2","2"
"终竟不为皇太孙开","0","2","2"
"竟不为皇太孙开府","0","2","2"
"不为皇太孙开府建","0","2","2"
"为皇太孙开府建署","0","2","2"
"皇太子在东京留守","0","2","2"
"薛元超等人辅佐太","0","2","2"
"元超等人辅佐太子","0","2","2"
"皇上因为谷价太贵","0","2","2"
"减少随驾扈从之兵","0","2","2"
"跟从的士子百姓大","0","2","2"
"从的士子百姓大多","0","2","2"
"的士子百姓大多饿","0","2","2"
"士子百姓大多饿倒","0","2","2"
"子百姓大多饿倒在","0","2","2"
"百姓大多饿倒在路","0","2","2"
"姓大多饿倒在路上","0","2","2"
"以裴行俭为金牙道","0","2","2"
"裴行俭为金牙道行","0","2","2"
"行俭为金牙道行军","0","2","2"
"俭为金牙道行军大","0","2","2"
"为金牙道行军大总","0","2","2"
"与将军阎怀旦等三","0","2","2"
"将军阎怀旦等三个","0","2","2"
"军阎怀旦等三个总","0","2","2"
"阎怀旦等三个总管","0","2","2"
"怀旦等三个总管分","0","2","2"
"旦等三个总管分几","0","2","2"
"等三个总管分几路","0","2","2"
"三个总管分几路讨","0","2","2"
"个总管分几路讨伐","0","2","2"
"总管分几路讨伐十","0","2","2"
"管分几路讨伐十姓","0","2","2"
"分几路讨伐十姓突","0","2","2"
"几路讨伐十姓突厥","0","2","2"
"路讨伐十姓突厥阿","0","2","2"
"讨伐十姓突厥阿史","0","2","2"
"伐十姓突厥阿史那","0","2","2"
"十姓突厥阿史那车","0","2","2"
"姓突厥阿史那车薄","0","2","2"
"裴行俭尚未出师而","0","2","2"
"行俭尚未出师而去","0","2","2"
"俭尚未出师而去世","0","2","2"
"皇上驾到渑池之紫","0","2","2"
"上驾到渑池之紫桂","0","2","2"
"驾到渑池之紫桂宫","0","2","2"
"皇上对参知政事崔","0","2","2"
"上对参知政事崔知","0","2","2"
"对参知政事崔知温","0","2","2"
"参知政事崔知温道","0","2","2"
"郭待举等人历任官","0","2","2"
"待举等人历任官职","0","2","2"
"举等人历任官职还","0","2","2"
"等人历任官职还浅","0","2","2"
"暂且让他们参预政","0","2","2"
"且让他们参预政事","0","2","2"
"不能马上与你们同","0","2","2"
"能马上与你们同受","0","2","2"
"马上与你们同受一","0","2","2"
"上与你们同受一个","0","2","2"
"与你们同受一个职","0","2","2"
"你们同受一个职务","0","2","2"
"们同受一个职务称","0","2","2"
"同受一个职务称呼","0","2","2"
"从此宫外百官四品","0","2","2"
"此宫外百官四品以","0","2","2"
"宫外百官四品以下","0","2","2"
"外百官四品以下任","0","2","2"
"百官四品以下任知","0","2","2"
"官四品以下任知政","0","2","2"
"四品以下任知政事","0","2","2"
"品以下任知政事者","0","2","2"
"就以平章为职务名","0","2","2"
"以平章为职务名称","0","2","2"
"从十四日开始连续","0","2","2"
"十四日开始连续降","0","2","2"
"四日开始连续降下","0","2","2"
"日开始连续降下时","0","2","2"
"开始连续降下时雨","0","2","2"
"冲坏了天津及中桥","0","2","2"
"淹没居民一千多家","0","2","2"
"麦苗因水涝而受损","0","2","2"
"蝗虫把麦苗全部吃","0","2","2"
"虫把麦苗全部吃光","0","2","2"
"死亡者在道路上纵","0","2","2"
"亡者在道路上纵横","0","2","2"
"者在道路上纵横交","0","2","2"
"在道路上纵横交错","0","2","2"
"皇上诏令各所在地","0","2","2"
"上诏令各所在地区","0","2","2"
"诏令各所在地区的","0","2","2"
"令各所在地区的官","0","2","2"
"各所在地区的官府","0","2","2"
"所在地区的官府将","0","2","2"
"在地区的官府将他","0","2","2"
"地区的官府将他们","0","2","2"
"区的官府将他们埋","0","2","2"
"的官府将他们埋葬","0","2","2"
"以岐州刺史苏良嗣","0","2","2"
"岐州刺史苏良嗣为","0","2","2"
"州刺史苏良嗣为雍","0","2","2"
"刺史苏良嗣为雍州","0","2","2"
"史苏良嗣为雍州长","0","2","2"
"苏良嗣为雍州长史","0","2","2"
"京师人们互相残杀","0","2","2"
"师人们互相残杀吞","0","2","2"
"人们互相残杀吞食","0","2","2"
"在嵩山之南建造奉","0","2","2"
"嵩山之南建造奉天","0","2","2"
"山之南建造奉天宫","0","2","2"
"又在蓝田建造万全","0","2","2"
"在蓝田建造万全宫","0","2","2"
"黄门侍郎刘景先任","0","2","2"
"门侍郎刘景先任同","0","2","2"
"侍郎刘景先任同平","0","2","2"
"郎刘景先任同平章","0","2","2"
"刘景先任同平章事","0","2","2"
"于阗等国各献土特","0","2","2"
"阗等国各献土特产","0","2","2"
"突厥残余党羽阿史","0","2","2"
"厥残余党羽阿史那","0","2","2"
"残余党羽阿史那骨","0","2","2"
"余党羽阿史那骨笃","0","2","2"
"党羽阿史那骨笃禄","0","2","2"
"羽阿史那骨笃禄等","0","2","2"
"阿史那骨笃禄等人","0","2","2"
"史那骨笃禄等人招","0","2","2"
"那骨笃禄等人招集","0","2","2"
"骨笃禄等人招集残","0","2","2"
"笃禄等人招集残余","0","2","2"
"禄等人招集残余部","0","2","2"
"等人招集残余部众","0","2","2"
"入侵并州北边边境","0","2","2"
"遣使者祭祀嵩岳山","0","2","2"
"左领军卫大将军薛","0","2","2"
"领军卫大将军薛仁","0","2","2"
"卫大将军薛仁贵去","0","2","2"
"大将军薛仁贵去世","0","2","2"
"突厥阿史那骨笃禄","0","2","2"
"阿史德元珍等人包","0","2","2"
"史德元珍等人包围","0","2","2"
"德元珍等人包围单","0","2","2"
"元珍等人包围单于","0","2","2"
"珍等人包围单于都","0","2","2"
"等人包围单于都护","0","2","2"
"人包围单于都护府","0","2","2"
"彗星在五车北星座","0","2","2"
"星在五车北星座上","0","2","2"
"在五车北星座上出","0","2","2"
"五车北星座上出现","0","2","2"
"二十五天以后才熄","0","2","2"
"十五天以后才熄灭","0","2","2"
"中书令崔知温去世","0","2","2"
"州部落稽白铁余占","0","2","2"
"部落稽白铁余占据","0","2","2"
"落稽白铁余占据城","0","2","2"
"稽白铁余占据城平","0","2","2"
"白铁余占据城平县","0","2","2"
"铁余占据城平县造","0","2","2"
"余占据城平县造反","0","2","2"
"命令将军程务挺率","0","2","2"
"令将军程务挺率兵","0","2","2"
"将军程务挺率兵讨","0","2","2"
"军程务挺率兵讨伐","0","2","2"
"程务挺率兵讨伐他","0","2","2"
"务挺率兵讨伐他们","0","2","2"
"州都督崔智辨率军","0","2","2"
"都督崔智辨率军从","0","2","2"
"督崔智辨率军从朝","0","2","2"
"崔智辨率军从朝那","0","2","2"
"智辨率军从朝那山","0","2","2"
"辨率军从朝那山出","0","2","2"
"率军从朝那山出发","0","2","2"
"乘敌不备而打击他","0","2","2"
"敌不备而打击他们","0","2","2"
"于是贼人入侵岚州","0","2","2"
"封皇孙重福为唐昌","0","2","2"
"皇孙重福为唐昌郡","0","2","2"
"孙重福为唐昌郡王","0","2","2"
"相王轮改封为豫王","0","2","2"
"令唐昌郡王重福为","0","2","2"
"唐昌郡王重福为京","0","2","2"
"昌郡王重福为京师","0","2","2"
"郡王重福为京师留","0","2","2"
"王重福为京师留守","0","2","2"
"皇上召皇太子到东","0","2","2"
"上召皇太子到东都","0","2","2"
"水面比城内高五尺","0","2","2"
"往北一直淹到盐坎","0","2","2"
"平民房屋全被淹没","0","2","2"
"民房屋全被淹没冲","0","2","2"
"房屋全被淹没冲走","0","2","2"
"南北两面土地全被","0","2","2"
"北两面土地全被破","0","2","2"
"两面土地全被破坏","0","2","2"
"当时天后从封泰山","0","2","2"
"时天后从封泰山以","0","2","2"
"天后从封泰山以后","0","2","2"
"每次皇上下诏书草","0","2","2"
"次皇上下诏书草拟","0","2","2"
"皇上下诏书草拟礼","0","2","2"
"上下诏书草拟礼节","0","2","2"
"下诏书草拟礼节制","0","2","2"
"诏书草拟礼节制度","0","2","2"
"发生边境警急事件","0","2","2"
"生边境警急事件而","0","2","2"
"边境警急事件而后","0","2","2"
"境警急事件而后终","0","2","2"
"警急事件而后终止","0","2","2"
"现在又再次行分封","0","2","2"
"在又再次行分封嵩","0","2","2"
"又再次行分封嵩山","0","2","2"
"再次行分封嵩山之","0","2","2"
"次行分封嵩山之礼","0","2","2"
"皇上又患病而终止","0","2","2"
"皇上苦于头痛不可","0","2","2"
"上苦于头痛不可忍","0","2","2"
"苦于头痛不可忍耐","0","2","2"
"天后在帷帐中说道","0","2","2"
"想要在皇上头上刺","0","2","2"
"要在皇上头上刺出","0","2","2"
"在皇上头上刺出血","0","2","2"
"皇上头上刺出血来","0","2","2"
"上头上刺出血来吗","0","2","2"
"头上刺出血来吗皇","0","2","2"
"上刺出血来吗皇上","0","2","2"
"刺出血来吗皇上道","0","2","2"
"出血未必不好侍医","0","2","2"
"血未必不好侍医就","0","2","2"
"未必不好侍医就用","0","2","2"
"必不好侍医就用针","0","2","2"
"不好侍医就用针刺","0","2","2"
"好侍医就用针刺百","0","2","2"
"侍医就用针刺百会","0","2","2"
"命令将军程务挺为","0","2","2"
"令将军程务挺为单","0","2","2"
"将军程务挺为单于","0","2","2"
"军程务挺为单于道","0","2","2"
"程务挺为单于道安","0","2","2"
"务挺为单于道安抚","0","2","2"
"挺为单于道安抚大","0","2","2"
"为单于道安抚大使","0","2","2"
"凭借招讨总管的身","0","2","2"
"借招讨总管的身份","0","2","2"
"招讨总管的身份讨","0","2","2"
"讨总管的身份讨伐","0","2","2"
"总管的身份讨伐山","0","2","2"
"管的身份讨伐山贼","0","2","2"
"的身份讨伐山贼元","0","2","2"
"身份讨伐山贼元珍","0","2","2"
"郭正一等人在东宫","0","2","2"
"正一等人在东宫任","0","2","2"
"一等人在东宫任同","0","2","2"
"等人在东宫任同平","0","2","2"
"人在东宫任同平章","0","2","2"
"在东宫任同平章事","0","2","2"
"皇上从奉天宫回东","0","2","2"
"上从奉天宫回东都","0","2","2"
"宰相以下大臣都不","0","2","2"
"相以下大臣都不能","0","2","2"
"以下大臣都不能晋","0","2","2"
"下大臣都不能晋见","0","2","2"
"大臣都不能晋见皇","0","2","2"
"臣都不能晋见皇上","0","2","2"
"将要宣布赦免之书","0","2","2"
"皇上想要亲自到则","0","2","2"
"上想要亲自到则天","0","2","2"
"想要亲自到则天门","0","2","2"
"要亲自到则天门楼","0","2","2"
"由于气不顺而不能","0","2","2"
"于气不顺而不能上","0","2","2"
"气不顺而不能上马","0","2","2"
"于是召百姓在殿前","0","2","2"
"是召百姓在殿前宣","0","2","2"
"召百姓在殿前宣读","0","2","2"
"百姓在殿前宣读赦","0","2","2"
"姓在殿前宣读赦免","0","2","2"
"在殿前宣读赦免书","0","2","2"
"百姓承蒙皇上赦免","0","2","2"
"没有一个人不感动","0","2","2"
"有一个人不感动喜","0","2","2"
"一个人不感动喜悦","0","2","2"
"天神地神若延长我","0","2","2"
"神地神若延长我一","0","2","2"
"地神若延长我一两","0","2","2"
"神若延长我一两个","0","2","2"
"若延长我一两个月","0","2","2"
"延长我一两个月的","0","2","2"
"长我一两个月的命","0","2","2"
"皇上在贞观殿去世","0","2","2"
"当时年纪五十六岁","0","2","2"
"军国大事有不能决","0","2","2"
"国大事有不能决断","0","2","2"
"大事有不能决断者","0","2","2"
"文明元年八月十一","0","2","2"
"明元年八月十一日","0","2","2"
"百姓免除徭役一年","0","2","2"
"驾到新丰之温泉宫","0","2","2"
"大将军兼内侍杨思","0","2","2"
"将军兼内侍杨思勖","0","2","2"
"军兼内侍杨思勖讨","0","2","2"
"兼内侍杨思勖讨伐","0","2","2"
"皇上从温泉宫回来","0","2","2"
"二十一年春正月一","0","2","2"
"迁徙庐陵王李哲到","0","2","2"
"令内外文武九品以","0","2","2"
"内外文武九品以上","0","2","2"
"外文武九品以上官","0","2","2"
"都让他们自我举荐","0","2","2"
"皇上亲自祭献明堂","0","2","2"
"许百姓大会饮七天","0","2","2"
"特许民间大宴饮七","0","2","2"
"许民间大宴饮七天","0","2","2"
"前任灵州大都督府","0","2","2"
"门下侍郎崔涣等人","0","2","2"
"兵部尚书王思礼为","0","2","2"
"部尚书王思礼为副","0","2","2"
"德二年春正月一日","0","2","2"
"太上皇驾到宣政殿","0","2","2"
"到兴庆宫向太上皇","0","2","2"
"元二年春正月一日","0","2","2"
"元三年春正月一日","0","2","2"
"裴冕贬为施州刺史","0","2","2"
"削除本身官职爵位","0","2","2"
"皇上听从了他的意","0","2","2"
"上听从了他的意见","0","2","2"
"潞节度使李抱玉任","0","2","2"
"同华节度使李怀让","0","2","2"
"让任检校工部尚书","0","2","2"
"皇上驾到含元殿接","0","2","2"
"上驾到含元殿接受","0","2","2"
"兼任度支使的第五","0","2","2"
"任度支使的第五琦","0","2","2"
"同华节度使周智光","0","2","2"
"宋节度使田神功前","0","2","2"
"节度使田神功前来","0","2","2"
"度使田神功前来朝","0","2","2"
"使田神功前来朝见","0","2","2"
"也在私人府第设宴","0","2","2"
"在私人府第设宴招","0","2","2"
"私人府第设宴招待","0","2","2"
"派遣使者前来朝见","0","2","2"
"节度使马瞞前来朝","0","2","2"
"度使马瞞前来朝见","0","2","2"
"给予检校工部尚书","0","2","2"
"的田地每亩税二升","0","2","2"
"赦免天下被关押的","0","2","2"
"免天下被关押的囚","0","2","2"
"天下被关押的囚犯","0","2","2"
"史大夫李栖筠弹劾","0","2","2"
"月亮进入羽林星座","0","2","2"
"月亮遮掩了轩辕星","0","2","2"
"亮遮掩了轩辕星座","0","2","2"
"以左散骑常侍孟白","0","2","2"
"左散骑常侍孟白皋","0","2","2"
"散骑常侍孟白皋为","0","2","2"
"一年春正月一日是","0","2","2"
"田承嗣派侄儿田悦","0","2","2"
"段秀实为泾州刺史","0","2","2"
"户部侍郎兼任度支","0","2","2"
"放纵士兵大肆抢掠","0","2","2"
"主持吏部科举选拔","0","2","2"
"持吏部科举选拔之","0","2","2"
"吏部科举选拔之事","0","2","2"
"十四年春正月一日","0","2","2"
"太子宾客令狐楚为","0","2","2"
"以刑部尚书段文昌","0","2","2"
"卫大将军李愿为检","0","2","2"
"大将军李愿为检校","0","2","2"
"郑纟因为吏部尚书","0","2","2"
"观察使李德裕上奏","0","2","2"
"大火星冲犯东井星","0","2","2"
"二月初一为乙亥日","0","2","2"
"皇上至鱼藻宫观看","0","2","2"
"上至鱼藻宫观看舟","0","2","2"
"至鱼藻宫观看舟船","0","2","2"
"鱼藻宫观看舟船竞","0","2","2"
"藻宫观看舟船竞渡","0","2","2"
"二月初一为己亥日","0","2","2"
"二年春正月初一为","0","2","2"
"年春正月初一为己","0","2","2"
"为山南西道节度使","0","2","2"
"萧亻免为太子少保","0","2","2"
"都知兵马使李再义","0","2","2"
"年春正月初一为癸","0","2","2"
"吏部侍郎庾承宣为","0","2","2"
"三月初一为壬戌日","0","2","2"
"部尚书萧亻免为太","0","2","2"
"尚书萧亻免为太子","0","2","2"
"书萧亻免为太子少","0","2","2"
"兼任忠武军节度使","0","2","2"
"二月初一为丁亥日","0","2","2"
"吏部尚书郑纟因为","0","2","2"
"部尚书郑纟因为太","0","2","2"
"尚书郑纟因为太子","0","2","2"
"书郑纟因为太子少","0","2","2"
"李逢吉为宣武军节","0","2","2"
"逢吉为宣武军节度","0","2","2"
"吉为宣武军节度使","0","2","2"
"金吾卫大将军李为","0","2","2"
"前任山南西道节度","0","2","2"
"节度使李听为太子","0","2","2"
"崔元略为户部尚书","0","2","2"
"令狐楚为检校右仆","0","2","2"
"狐楚为检校右仆射","0","2","2"
"崔弘礼为东都留守","0","2","2"
"调左神策军大将军","0","2","2"
"任神策行营节度使","0","2","2"
"林侍讲学士郑覃为","0","2","2"
"原东都留守崔弘礼","0","2","2"
"宋申锡为正议大夫","0","2","2"
"出任山南东道节度","0","2","2"
"原山南东道节度使","0","2","2"
"调左金吾卫大将军","0","2","2"
"调原太子宾客分司","0","2","2"
"调原桂管观察使李","0","2","2"
"任河阳三城怀州节","0","2","2"
"二月初一为甲子日","0","2","2"
"调原忠武军节度使","0","2","2"
"河中节度使李程为","0","2","2"
"中节度使李程为左","0","2","2"
"节度使李程为左仆","0","2","2"
"度使李程为左仆射","0","2","2"
"大和四年十一月十","0","2","2"
"和四年十一月十六","0","2","2"
"调左金吾卫将军李","0","2","2"
"二月初一为己未日","0","2","2"
"含元殿接受群臣朝","0","2","2"
"元殿接受群臣朝贺","0","2","2"
"原江西观察使裴谊","0","2","2"
"为凤翔陇右节度使","0","2","2"
"检校右仆射兼吏部","0","2","2"
"校右仆射兼吏部尚","0","2","2"
"右仆射兼吏部尚书","0","2","2"
"为开州司马的宋申","0","2","2"
"开州司马的宋申锡","0","2","2"
"十六宅各位亲王的","0","2","2"
"六宅各位亲王的女","0","2","2"
"宅各位亲王的女儿","0","2","2"
"任王起为兵部尚书","0","2","2"
"杨汝士出任同州刺","0","2","2"
"汝士出任同州刺史","0","2","2"
"节度使李德裕为兵","0","2","2"
"度使李德裕为兵部","0","2","2"
"使李德裕为兵部尚","0","2","2"
"李德裕为兵部尚书","0","2","2"
"出任镇海军节度使","0","2","2"
"任原吏部尚书令狐","0","2","2"
"原吏部尚书令狐楚","0","2","2"
"吏部尚书令狐楚为","0","2","2"
"李固言为门下侍郎","0","2","2"
"舒元舆为御史中丞","0","2","2"
"原职同中书门下平","0","2","2"
"大理卿郭行余任宁","0","2","2"
"理卿郭行余任宁节","0","2","2"
"卿郭行余任宁节度","0","2","2"
"郭行余任宁节度使","0","2","2"
"以太子宾客分管东","0","2","2"
"太子宾客分管东都","0","2","2"
"子宾客分管东都的","0","2","2"
"并充任宣武军节度","0","2","2"
"低职务的度支使王","0","2","2"
"职务的度支使王彦","0","2","2"
"务的度支使王彦威","0","2","2"
"军节度使王元逵为","0","2","2"
"兼任较小职务的度","0","2","2"
"任较小职务的度支","0","2","2"
"较小职务的度支使","0","2","2"
"位上兼同中书门下","0","2","2"
"上兼同中书门下平","0","2","2"
"兼同中书门下平章","0","2","2"
"兼任较低职务的户","0","2","2"
"任较低职务的户部","0","2","2"
"较低职务的户部事","0","2","2"
"以前任荆南节度使","0","2","2"
"皇上在曲江亭赐群","0","2","2"
"上在曲江亭赐群臣","0","2","2"
"在曲江亭赐群臣宴","0","2","2"
"曲江亭赐群臣宴会","0","2","2"
"兵部尚书崔汉衡为","0","2","2"
"为左卫率府胄曹参","0","2","2"
"王咸从河中前来朝","0","2","2"
"咸从河中前来朝见","0","2","2"
"抵御戎狄的交通要","0","2","2"
"御戎狄的交通要道","0","2","2"
"八年春正月一日是","0","2","2"
"兼任职务较低的度","0","2","2"
"任职务较低的度支","0","2","2"
"皇上驾到宣政殿接","0","2","2"
"上驾到宣政殿接受","0","2","2"
"举荐者以表示对进","0","2","2"
"荐者以表示对进贤","0","2","2"
"兼任较低职务度支","0","2","2"
"任较低职务度支使","0","2","2"
"较低职务度支使的","0","2","2"
"侍中马燧在延英殿","0","2","2"
"皇上亲自在圆丘祭","0","2","2"
"上亲自在圆丘祭祀","0","2","2"
"皇上赐给宰辅大臣","0","2","2"
"上赐给宰辅大臣及","0","2","2"
"赐给宰辅大臣及中","0","2","2"
"给宰辅大臣及中书","0","2","2"
"门下两省供奉官在","0","2","2"
"下两省供奉官在曲","0","2","2"
"两省供奉官在曲江","0","2","2"
"皇上命令宰辅大臣","0","2","2"
"皇上在延英殿召见","0","2","2"
"使去世而停止上朝","0","2","2"
"皇上在马瞞之山池","0","2","2"
"上在马瞞之山池赐","0","2","2"
"在马瞞之山池赐群","0","2","2"
"马瞞之山池赐群臣","0","2","2"
"瞞之山池赐群臣宴","0","2","2"
"之山池赐群臣宴会","0","2","2"
"给事中许孟容认为","0","2","2"
"在马瞞山池赐群臣","0","2","2"
"马瞞山池赐群臣宴","0","2","2"
"瞞山池赐群臣宴会","0","2","2"
"决定任命门下侍郎","0","2","2"
"在郊庙举行祭祀大","0","2","2"
"郊庙举行祭祀大典","0","2","2"
"改任银青光禄大夫","0","2","2"
"主持吏部博学宏词","0","2","2"
"持吏部博学宏词科","0","2","2"
"吏部博学宏词科考","0","2","2"
"部博学宏词科考试","0","2","2"
"博学宏词科考试以","0","2","2"
"学宏词科考试以选","0","2","2"
"宏词科考试以选拔","0","2","2"
"词科考试以选拔人","0","2","2"
"科考试以选拔人才","0","2","2"
"向皇上敬献尊号为","0","2","2"
"武宁军节度使及徐","0","2","2"
"任命中书舍人王铎","0","2","2"
"时掌管礼部贡举事","0","2","2"
"掌管礼部贡举事务","0","2","2"
"给户部的除陌钱中","0","2","2"
"每八十文中分出十","0","2","2"
"八十文中分出十五","0","2","2"
"十文中分出十五文","0","2","2"
"军防御使卢简方为","0","2","2"
"安南都护高骈奏报","0","2","2"
"吏部侍郎萧亻放为","0","2","2"
"兼任镇州大都督府","0","2","2"
"他的首级传送到京","0","2","2"
"的首级传送到京师","0","2","2"
"剑南西川节度副使","0","2","2"
"并任本州行营招讨","0","2","2"
"任本州行营招讨使","0","2","2"
"到现在已经十一年","0","2","2"
"现在已经十一年了","0","2","2"
"皇上诏令南面招讨","0","2","2"
"上诏令南面招讨使","0","2","2"
"诏令南面招讨使马","0","2","2"
"令南面招讨使马举","0","2","2"
"如果没有父兄子弟","0","2","2"
"果没有父兄子弟而","0","2","2"
"没有父兄子弟而有","0","2","2"
"有父兄子弟而有妻","0","2","2"
"父兄子弟而有妻女","0","2","2"
"兄子弟而有妻女的","0","2","2"
"三军拥立他的儿子","0","2","2"
"魏博节度使何全白","0","2","2"
"博节度使何全白皋","0","2","2"
"四月初一为癸未日","0","2","2"
"决定任命正议大夫","0","2","2"
"所有逃亡在外的人","0","2","2"
"各道的州府按照这","0","2","2"
"道的州府按照这个","0","2","2"
"任命振武军节度使","0","2","2"
"命振武军节度使李","0","2","2"
"暂时处理军国政务","0","2","2"
"王在灵柩前即皇帝","0","2","2"
"正月初一为辛酉日","0","2","2"
"和原来一样担任翰","0","2","2"
"原来一样担任翰林","0","2","2"
"来一样担任翰林学","0","2","2"
"一样担任翰林学士","0","2","2"
"新授任的吏部侍郎","0","2","2"
"任命左金吾卫大将","0","2","2"
"命左金吾卫大将军","0","2","2"
"吏部侍郎崔荛主持","0","2","2"
"部侍郎崔荛主持博","0","2","2"
"侍郎崔荛主持博学","0","2","2"
"郎崔荛主持博学宏","0","2","2"
"崔荛主持博学宏词","0","2","2"
"荛主持博学宏词科","0","2","2"
"正月初一为癸酉日","0","2","2"
"任命吏部侍郎崔沆","0","2","2"
"充任淮南节度副大","0","2","2"
"幽州节度使李可举","0","2","2"
"文武百官都不知道","0","2","2"
"用为检校工部尚书","0","2","2"
"七月初一为辛丑日","0","2","2"
"上的车驾驻跸于成","0","2","2"
"的车驾驻跸于成都","0","2","2"
"车驾驻跸于成都府","0","2","2"
"决定任命河中节度","0","2","2"
"定任命河中节度使","0","2","2"
"职务仍同原来一样","0","2","2"
"雁门以北行营节度","0","2","2"
"门以北行营节度使","0","2","2"
"没有比这更严重的","0","2","2"
"有比这更严重的了","0","2","2"
"汴州节度使朱全忠","0","2","2"
"送到皇上驻跸的地","0","2","2"
"到皇上驻跸的地方","0","2","2"
"百官向皇帝敬奉徽","0","2","2"
"官向皇帝敬奉徽号","0","2","2"
"临宣政殿接受册书","0","2","2"
"保銮都将领李钅延","0","2","2"
"蔡州贼将孙儒攻陷","0","2","2"
"首级传送到皇上驻","0","2","2"
"级传送到皇上驻跸","0","2","2"
"离任退休的太子少","0","2","2"
"晋封阶官开府仪同","0","2","2"
"封阶官开府仪同三","0","2","2"
"阶官开府仪同三司","0","2","2"
"在太极殿即皇帝位","0","2","2"
"其余官职如原来一","0","2","2"
"余官职如原来一样","0","2","2"
"以河阳三城镇遏使","0","2","2"
"兼任同中书门下平","0","2","2"
"宁节度使李怀光兼","0","2","2"
"节度使李怀光兼任","0","2","2"
"右散骑常侍的职衔","0","2","2"
"兼任度支使赵赞上","0","2","2"
"水运陆运两税盐铁","0","2","2"
"运陆运两税盐铁使","0","2","2"
"与吐蕃宰相尚结赞","0","2","2"
"为行在都知兵马使","0","2","2"
"赐给实际封户五百","0","2","2"
"授予李怀光太子太","0","2","2"
"予李怀光太子太保","0","2","2"
"加检校司徒的职衔","0","2","2"
"蕃宰相尚结赞在平","0","2","2"
"宰相尚结赞在平凉","0","2","2"
"从兵部尚书崔汉衡","0","2","2"
"兵部尚书崔汉衡以","0","2","2"
"部尚书崔汉衡以下","0","2","2"
"兼任魏州大都督府","0","2","2"
"赐给三军赏钱一百","0","2","2"
"简为检校户部尚书","0","2","2"
"交给京兆府以杖刑","0","2","2"
"给京兆府以杖刑处","0","2","2"
"京兆府以杖刑处死","0","2","2"
"权德舆为检校吏部","0","2","2"
"德舆为检校吏部尚","0","2","2"
"舆为检校吏部尚书","0","2","2"
"裴行立为安南都护","0","2","2"
"任命司农卿裴武为","0","2","2"
"太白金星靠近轩辕","0","2","2"
"年以前拖欠未交的","0","2","2"
"以前拖欠未交的租","0","2","2"
"用常平义仓的粮食","0","2","2"
"月亮靠近心宿的大","0","2","2"
"亮靠近心宿的大星","0","2","2"
"这是因为他多次上","0","2","2"
"是因为他多次上表","0","2","2"
"节度使王锷为检校","0","2","2"
"度使王锷为检校司","0","2","2"
"使李光颜为许州刺","0","2","2"
"李光颜为许州刺史","0","2","2"
"将军李为泾原节度","0","2","2"
"军李为泾原节度使","0","2","2"
"太白金星干犯土星","0","2","2"
"李逢吉为门下侍郎","0","2","2"
"在兴庆宫的咸宁殿","0","2","2"
"任命太子少师郑余","0","2","2"
"命太子少师郑余庆","0","2","2"
"命忠武军节度使李","0","2","2"
"击败吐蕃军二万人","0","2","2"
"充任平卢军节度使","0","2","2"
"充任凤翔陇右节度","0","2","2"
"任命福建观察使元","0","2","2"
"部尚书李绛为检校","0","2","2"
"吾大将军胡证充任","0","2","2"
"任命前黔中观察使","0","2","2"
"兼魏州大都督府长","0","2","2"
"知枢密院事刘弘逸","0","2","2"
"宰相及中书门下两","0","2","2"
"相及中书门下两省","0","2","2"
"任命前山南东道节","0","2","2"
"命前山南东道节度","0","2","2"
"共二十六万零五百","0","2","2"
"二十六万零五百人","0","2","2"
"百官的职俸津贴钱","0","2","2"
"兼任度支使崔龟从","0","2","2"
"赐紫金鱼袋毕讠咸","0","2","2"
"封地掌管财物的官","0","2","2"
"地掌管财物的官员","0","2","2"
"礼部科举考试的贡","0","2","2"
"部科举考试的贡院","0","2","2"
"皇上停止上朝三天","0","2","2"
"兼任太子少保分司","0","2","2"
"任太子少保分司东","0","2","2"
"暂时代理主持刑部","0","2","2"
"兼任尚书户部侍郎","0","2","2"
"把谏议大夫李景俭","0","2","2"
"谏议大夫李景俭贬","0","2","2"
"议大夫李景俭贬职","0","2","2"
"大夫李景俭贬职为","0","2","2"
"任命户部侍郎杨於","0","2","2"
"命户部侍郎杨於陵","0","2","2"
"户部侍郎杨於陵为","0","2","2"
"刑部尚书兼司农卿","0","2","2"
"赐紫金鱼袋崔植为","0","2","2"
"中书省门下省同平","0","2","2"
"书省门下省同平章","0","2","2"
"省门下省同平章事","0","2","2"
"任命武宁军节度使","0","2","2"
"任命前天平军节度","0","2","2"
"命前天平军节度使","0","2","2"
"命河东节度使裴度","0","2","2"
"节度使裴度充任幽","0","2","2"
"州刺史李景俭为谏","0","2","2"
"刺史李景俭为谏议","0","2","2"
"史李景俭为谏议大","0","2","2"
"李景俭为谏议大夫","0","2","2"
"太白金星靠近太微","0","2","2"
"白金星靠近太微西","0","2","2"
"金星靠近太微西垣","0","2","2"
"魏博节度使田布上","0","2","2"
"博节度使田布上奏","0","2","2"
"节度使田布上奏说","0","2","2"
"执掌东都尚书省事","0","2","2"
"掌东都尚书省事务","0","2","2"
"署理度支使崔統为","0","2","2"
"每贯分出二百文资","0","2","2"
"贯分出二百文资助","0","2","2"
"分出二百文资助军","0","2","2"
"命凤翔节度使李光","0","2","2"
"翔节度使李光颜为","0","2","2"
"节度使李光颜为忠","0","2","2"
"度使李光颜为忠武","0","2","2"
"李光颜为忠武军节","0","2","2"
"光颜为忠武军节度","0","2","2"
"颜为忠武军节度使","0","2","2"
"任命天德军防御使","0","2","2"
"派遣兵部侍郎韩愈","0","2","2"
"深冀行营诸军节度","0","2","2"
"冀行营诸军节度使","0","2","2"
"平章政事裴度暂署","0","2","2"
"皇上经由复道临幸","0","2","2"
"皇上在曲江亭向宰","0","2","2"
"上在曲江亭向宰臣","0","2","2"
"至德大圣大安孝皇","0","2","2"
"月出生在长安皇宫","0","2","2"
"出生在长安皇宫东","0","2","2"
"生在长安皇宫东边","0","2","2"
"在长安皇宫东边的","0","2","2"
"长安皇宫东边的宫","0","2","2"
"安皇宫东边的宫中","0","2","2"
"卫大将军范希朝为","0","2","2"
"国王大嵩瞞为检校","0","2","2"
"太上皇帝发出诰命","0","2","2"
"元和元年正月初一","0","2","2"
"太上皇帝在兴庆宫","0","2","2"
"授予同中书门下平","0","2","2"
"中书门下平章事头","0","2","2"
"书门下平章事头衔","0","2","2"
"李吉甫为考功郎中","0","2","2"
"教坊的音乐歌舞艺","0","2","2"
"坊的音乐歌舞艺人","0","2","2"
"交往密切而获罪受","0","2","2"
"往密切而获罪受到","0","2","2"
"密切而获罪受到处","0","2","2"
"切而获罪受到处分","0","2","2"
"川行军司马刘辟为","0","2","2"
"丞李庸阝为京兆尹","0","2","2"
"授予同平章事头衔","0","2","2"
"任命京兆尹李庸阝","0","2","2"
"命京兆尹李庸阝为","0","2","2"
"门下御史台五品以","0","2","2"
"下御史台五品以上","0","2","2"
"准备皇上访问咨询","0","2","2"
"每当皇上临朝理事","0","2","2"
"滞留在外没有回京","0","2","2"
"命令东都洛阳留守","0","2","2"
"扣除一个月的薪俸","0","2","2"
"任命为京兆府司录","0","2","2"
"经科考试中答对了","0","2","2"
"宗祠庙里设置灵位","0","2","2"
"祠庙里设置灵位陪","0","2","2"
"庙里设置灵位陪同","0","2","2"
"里设置灵位陪同享","0","2","2"
"设置灵位陪同享受","0","2","2"
"置灵位陪同享受祭","0","2","2"
"灵位陪同享受祭祀","0","2","2"
"为江陵府士曹参军","0","2","2"
"兼任比本身职务高","0","2","2"
"任比本身职务高的","0","2","2"
"是太宗的第九个儿","0","2","2"
"太宗的第九个儿子","0","2","2"
"母亲是文德顺圣长","0","2","2"
"亲是文德顺圣长孙","0","2","2"
"是文德顺圣长孙皇","0","2","2"
"出生在东宫的丽正","0","2","2"
"生在东宫的丽正殿","0","2","2"
"不到任所而接受并","0","2","2"
"到任所而接受并州","0","2","2"
"任所而接受并州都","0","2","2"
"所而接受并州都督","0","2","2"
"而接受并州都督之","0","2","2"
"接受并州都督之职","0","2","2"
"开始由著作郎萧德","0","2","2"
"始由著作郎萧德言","0","2","2"
"由著作郎萧德言教","0","2","2"
"著作郎萧德言教授","0","2","2"
"长大后是事奉君王","0","2","2"
"退居在家想到弥补","0","2","2"
"居在家想到弥补皇","0","2","2"
"在家想到弥补皇上","0","2","2"
"家想到弥补皇上的","0","2","2"
"想到弥补皇上的过","0","2","2"
"到弥补皇上的过错","0","2","2"
"完全能够事奉好父","0","2","2"
"全能够事奉好父兄","0","2","2"
"等到文德皇后去世","0","2","2"
"悲哀思念之情感动","0","2","2"
"哀思念之情感动左","0","2","2"
"思念之情感动左右","0","2","2"
"念之情感动左右的","0","2","2"
"之情感动左右的人","0","2","2"
"太宗多次加以安慰","0","2","2"
"从此特别受到宠爱","0","2","2"
"不久被任命为右武","0","2","2"
"久被任命为右武候","0","2","2"
"被任命为右武候大","0","2","2"
"任命为右武候大将","0","2","2"
"命为右武候大将军","0","2","2"
"皇太子承乾被废弃","0","2","2"
"魏王泰也因犯罪被","0","2","2"
"王泰也因犯罪被贬","0","2","2"
"让他观看自己决断","0","2","2"
"他观看自己决断各","0","2","2"
"观看自己决断各种","0","2","2"
"看自己决断各种政","0","2","2"
"自己决断各种政务","0","2","2"
"有时候让他参加议","0","2","2"
"时候让他参加议事","0","2","2"
"太宗多次称赞他好","0","2","2"
"命令太子留守定州","0","2","2"
"等到太宗基本确定","0","2","2"
"到太宗基本确定了","0","2","2"
"太宗基本确定了发","0","2","2"
"宗基本确定了发兵","0","2","2"
"基本确定了发兵日","0","2","2"
"本确定了发兵日期","0","2","2"
"因而请求驿站飞马","0","2","2"
"而请求驿站飞马传","0","2","2"
"请求驿站飞马传递","0","2","2"
"求驿站飞马传递自","0","2","2"
"驿站飞马传递自己","0","2","2"
"站飞马传递自己生","0","2","2"
"飞马传递自己生活","0","2","2"
"马传递自己生活工","0","2","2"
"传递自己生活工作","0","2","2"
"递自己生活工作起","0","2","2"
"自己生活工作起居","0","2","2"
"己生活工作起居的","0","2","2"
"生活工作起居的表","0","2","2"
"活工作起居的表章","0","2","2"
"并传递边境情况的","0","2","2"
"传递边境情况的报","0","2","2"
"递边境情况的报告","0","2","2"
"等到太宗大军凯旋","0","2","2"
"太子跟从皇上到并","0","2","2"
"子跟从皇上到并州","0","2","2"
"当时太宗生了个大","0","2","2"
"时太宗生了个大毒","0","2","2"
"太宗生了个大毒疮","0","2","2"
"太子亲自用口吸毒","0","2","2"
"子亲自用口吸毒脓","0","2","2"
"扶着车辇步行跟从","0","2","2"
"着车辇步行跟从了","0","2","2"
"车辇步行跟从了几","0","2","2"
"辇步行跟从了几天","0","2","2"
"贞观二十三年五月","0","2","2"
"观二十三年五月二","0","2","2"
"二十三年五月二十","0","2","2"
"十三年五月二十六","0","2","2"
"三年五月二十六日","0","2","2"
"诏令派遣使者慰问","0","2","2"
"压死的人家各赐给","0","2","2"
"死的人家各赐给绢","0","2","2"
"的人家各赐给绢绸","0","2","2"
"人家各赐给绢绸三","0","2","2"
"家各赐给绢绸三匹","0","2","2"
"英国公李责力为尚","0","2","2"
"国公李责力为尚书","0","2","2"
"公李责力为尚书左","0","2","2"
"李责力为尚书左仆","0","2","2"
"责力为尚书左仆射","0","2","2"
"赠梁国公房玄龄为","0","2","2"
"国公房玄龄为太尉","0","2","2"
"冬十一月二十三日","0","2","2"
"以瑶池都督阿史那","0","2","2"
"瑶池都督阿史那贺","0","2","2"
"池都督阿史那贺鲁","0","2","2"
"都督阿史那贺鲁为","0","2","2"
"督阿史那贺鲁为左","0","2","2"
"阿史那贺鲁为左骁","0","2","2"
"史那贺鲁为左骁卫","0","2","2"
"那贺鲁为左骁卫大","0","2","2"
"贺鲁为左骁卫大将","0","2","2"
"鲁为左骁卫大将军","0","2","2"
"永徽元年春正月一","0","2","2"
"徽元年春正月一日","0","2","2"
"皇上不受诸侯朝拜","0","2","2"
"接受诸侯朝拜而不","0","2","2"
"受诸侯朝拜而不按","0","2","2"
"诸侯朝拜而不按时","0","2","2"
"侯朝拜而不按时会","0","2","2"
"朝拜而不按时会见","0","2","2"
"以陈王忠为雍州牧","0","2","2"
"致使晋州多次地震","0","2","2"
"确实是由于赏罚不","0","2","2"
"实是由于赏罚不公","0","2","2"
"是由于赏罚不公正","0","2","2"
"您们应该晋封章奏","0","2","2"
"们应该晋封章奏事","0","2","2"
"尽量指明政教得失","0","2","2"
"吐火罗派遣使者献","0","2","2"
"火罗派遣使者献大","0","2","2"
"罗派遣使者献大鸟","0","2","2"
"皇上派人献到昭陵","0","2","2"
"皇上派遣右武卫将","0","2","2"
"上派遣右武卫将军","0","2","2"
"派遣右武卫将军鲜","0","2","2"
"遣右武卫将军鲜于","0","2","2"
"右武卫将军鲜于匡","0","2","2"
"武卫将军鲜于匡济","0","2","2"
"卫将军鲜于匡济持","0","2","2"
"将军鲜于匡济持皇","0","2","2"
"军鲜于匡济持皇帝","0","2","2"
"鲜于匡济持皇帝书","0","2","2"
"于匡济持皇帝书信","0","2","2"
"匡济持皇帝书信前","0","2","2"
"济持皇帝书信前往","0","2","2"
"持皇帝书信前往吊","0","2","2"
"皇帝书信前往吊祭","0","2","2"
"右骁卫郎将高侃活","0","2","2"
"骁卫郎将高侃活捉","0","2","2"
"卫郎将高侃活捉车","0","2","2"
"郎将高侃活捉车鼻","0","2","2"
"将高侃活捉车鼻可","0","2","2"
"高侃活捉车鼻可汗","0","2","2"
"侃活捉车鼻可汗送","0","2","2"
"活捉车鼻可汗送到","0","2","2"
"捉车鼻可汗送到朝","0","2","2"
"车鼻可汗送到朝廷","0","2","2"
"将俘虏献到太庙和","0","2","2"
"俘虏献到太庙和昭","0","2","2"
"虏献到太庙和昭陵","0","2","2"
"英国公李责力坚决","0","2","2"
"国公李责力坚决请","0","2","2"
"公李责力坚决请求","0","2","2"
"李责力坚决请求解","0","2","2"
"责力坚决请求解除","0","2","2"
"力坚决请求解除职","0","2","2"
"坚决请求解除职务","0","2","2"
"令以开府仪同三司","0","2","2"
"以开府仪同三司同","0","2","2"
"同中书门下三品任","0","2","2"
"中书门下三品任用","0","2","2"
"河南郡公褚遂良降","0","2","2"
"南郡公褚遂良降职","0","2","2"
"郡公褚遂良降职为","0","2","2"
"公褚遂良降职为同","0","2","2"
"褚遂良降职为同州","0","2","2"
"遂良降职为同州刺","0","2","2"
"良降职为同州刺史","0","2","2"
"沙钵罗叶护阿史那","0","2","2"
"钵罗叶护阿史那贺","0","2","2"
"罗叶护阿史那贺鲁","0","2","2"
"叶护阿史那贺鲁凭","0","2","2"
"护阿史那贺鲁凭借","0","2","2"
"阿史那贺鲁凭借州","0","2","2"
"史那贺鲁凭借州府","0","2","2"
"那贺鲁凭借州府叛","0","2","2"
"贺鲁凭借州府叛乱","0","2","2"
"全部占有西域之地","0","2","2"
"定等十六个州水灾","0","2","2"
"永徽二年春正月四","0","2","2"
"徽二年春正月四日","0","2","2"
"去年关中畿辅之地","0","2","2"
"有的遭水灾和旱灾","0","2","2"
"这是由于朕德行不","0","2","2"
"是由于朕德行不好","0","2","2"
"现在是一年的开始","0","2","2"
"那些遭受虫灾水灾","0","2","2"
"些遭受虫灾水灾之","0","2","2"
"遭受虫灾水灾之处","0","2","2"
"受虫灾水灾之处有","0","2","2"
"虫灾水灾之处有贫","0","2","2"
"灾水灾之处有贫乏","0","2","2"
"水灾之处有贫乏的","0","2","2"
"灾之处有贫乏的人","0","2","2"
"各派郎中一人任使","0","2","2"
"派郎中一人任使者","0","2","2"
"郎中一人任使者去","0","2","2"
"中一人任使者去慰","0","2","2"
"一人任使者去慰问","0","2","2"
"务必尽哀悯同情之","0","2","2"
"必尽哀悯同情之意","0","2","2"
"以符朕眷顾思念百","0","2","2"
"符朕眷顾思念百姓","0","2","2"
"朕眷顾思念百姓之","0","2","2"
"眷顾思念百姓之心","0","2","2"
"试用中书侍郎柳为","0","2","2"
"用中书侍郎柳为中","0","2","2"
"书侍郎柳为中书侍","0","2","2"
"侍郎柳为中书侍郎","0","2","2"
"增太庙令及献陵令","0","2","2"
"昭陵令从五品的俸","0","2","2"
"陵令从五品的俸禄","0","2","2"
"丞则是从七品的俸","0","2","2"
"则是从七品的俸禄","0","2","2"
"开府仪同三司及京","0","2","2"
"府仪同三司及京官","0","2","2"
"仪同三司及京官文","0","2","2"
"同三司及京官文武","0","2","2"
"三司及京官文武职","0","2","2"
"司及京官文武职事","0","2","2"
"及京官文武职事四","0","2","2"
"都赐给随身带铜鱼","0","2","2"
"赐给随身带铜鱼符","0","2","2"
"贺鲁入侵攻陷金岭","0","2","2"
"鲁入侵攻陷金岭城","0","2","2"
"派武候大将军梁建","0","2","2"
"将军契艹必何力为","0","2","2"
"军契艹必何力为弓","0","2","2"
"契艹必何力为弓月","0","2","2"
"艹必何力为弓月道","0","2","2"
"必何力为弓月道总","0","2","2"
"何力为弓月道总管","0","2","2"
"力为弓月道总管而","0","2","2"
"为弓月道总管而讨","0","2","2"
"弓月道总管而讨伐","0","2","2"
"月道总管而讨伐他","0","2","2"
"大食国开始派遣使","0","2","2"
"食国开始派遣使者","0","2","2"
"国开始派遣使者来","0","2","2"
"开始派遣使者来唐","0","2","2"
"始派遣使者来唐朝","0","2","2"
"派遣使者来唐朝拜","0","2","2"
"遣使者来唐朝拜贡","0","2","2"
"使者来唐朝拜贡献","0","2","2"
"燕国公于志宁为尚","0","2","2"
"国公于志宁为尚书","0","2","2"
"公于志宁为尚书左","0","2","2"
"于志宁为尚书左仆","0","2","2"
"志宁为尚书左仆射","0","2","2"
"北平县公张行成为","0","2","2"
"平县公张行成为尚","0","2","2"
"县公张行成为尚书","0","2","2"
"公张行成为尚书右","0","2","2"
"张行成为尚书右仆","0","2","2"
"行成为尚书右仆射","0","2","2"
"中书令兼检校吏部","0","2","2"
"书令兼检校吏部尚","0","2","2"
"令兼检校吏部尚书","0","2","2"
"艹县公高季辅为侍","0","2","2"
"县公高季辅为侍郎","0","2","2"
"向天下颁布新定的","0","2","2"
"天下颁布新定的律","0","2","2"
"在高昌旧地设置安","0","2","2"
"高昌旧地设置安西","0","2","2"
"昌旧地设置安西都","0","2","2"
"旧地设置安西都护","0","2","2"
"地设置安西都护府","0","2","2"
"命令左领将军赵孝","0","2","2"
"令左领将军赵孝祖","0","2","2"
"左领将军赵孝祖讨","0","2","2"
"领将军赵孝祖讨平","0","2","2"
"将军赵孝祖讨平他","0","2","2"
"因为从去年秋天到","0","2","2"
"为从去年秋天到这","0","2","2"
"将天下死罪及流放","0","2","2"
"天下死罪及流放罪","0","2","2"
"下死罪及流放罪人","0","2","2"
"死罪及流放罪人顺","0","2","2"
"罪及流放罪人顺次","0","2","2"
"及流放罪人顺次降","0","2","2"
"流放罪人顺次降低","0","2","2"
"放罪人顺次降低一","0","2","2"
"罪人顺次降低一等","0","2","2"
"以下罪犯都宽恕他","0","2","2"
"下罪犯都宽恕他们","0","2","2"
"契艹必何力等人在","0","2","2"
"艹必何力等人在牢","0","2","2"
"必何力等人在牢山","0","2","2"
"何力等人在牢山大","0","2","2"
"力等人在牢山大破","0","2","2"
"等人在牢山大破处","0","2","2"
"人在牢山大破处月","0","2","2"
"在牢山大破处月朱","0","2","2"
"牢山大破处月朱耶","0","2","2"
"山大破处月朱耶孤","0","2","2"
"大破处月朱耶孤注","0","2","2"
"俘虏敌大帅六千人","0","2","2"
"获取牛马及各种牲","0","2","2"
"取牛马及各种牲畜","0","2","2"
"牛马及各种牲畜七","0","2","2"
"马及各种牲畜七万","0","2","2"
"及各种牲畜七万头","0","2","2"
"赵国公长孙无忌因","0","2","2"
"国公长孙无忌因为","0","2","2"
"公长孙无忌因为干","0","2","2"
"长孙无忌因为干旱","0","2","2"
"孙无忌因为干旱请","0","2","2"
"无忌因为干旱请求","0","2","2"
"忌因为干旱请求辞","0","2","2"
"因为干旱请求辞位","0","2","2"
"皇上亲自在太庙祭","0","2","2"
"上亲自在太庙祭祀","0","2","2"
"皇上征用民力耕种","0","2","2"
"上征用民力耕种的","0","2","2"
"征用民力耕种的田","0","2","2"
"用民力耕种的田地","0","2","2"
"民力耕种的田地一","0","2","2"
"力耕种的田地一千","0","2","2"
"耕种的田地一千亩","0","2","2"
"按等级赐给群官绸","0","2","2"
"等级赐给群官绸缎","0","2","2"
"平昌县公宇文节为","0","2","2"
"昌县公宇文节为侍","0","2","2"
"县公宇文节为侍中","0","2","2"
"书侍郎柳为中书令","0","2","2"
"赐文武百官大射之","0","2","2"
"文武百官大射之礼","0","2","2"
"皇上诏令因周朝司","0","2","2"
"上诏令因周朝司沐","0","2","2"
"诏令因周朝司沐大","0","2","2"
"令因周朝司沐大夫","0","2","2"
"因周朝司沐大夫裴","0","2","2"
"周朝司沐大夫裴融","0","2","2"
"给事黄门侍郎裴泽","0","2","2"
"隋朝仪同三司豆卢","0","2","2"
"朝仪同三司豆卢毓","0","2","2"
"他们的子孙各应提","0","2","2"
"们的子孙各应提升","0","2","2"
"立陈王忠为皇太子","0","2","2"
"儿子为父亲的继承","0","2","2"
"子为父亲的继承人","0","2","2"
"父亲的继承人者勋","0","2","2"
"亲的继承人者勋位","0","2","2"
"的继承人者勋位升","0","2","2"
"继承人者勋位升一","0","2","2"
"承人者勋位升一等","0","2","2"
"皇上问户部尚书高","0","2","2"
"去年增加十五万户","0","2","2"
"隋朝开皇中期有八","0","2","2"
"朝开皇中期有八百","0","2","2"
"开皇中期有八百七","0","2","2"
"皇中期有八百七十","0","2","2"
"中期有八百七十万","0","2","2"
"期有八百七十万户","0","2","2"
"现在有三百八十万","0","2","2"
"在有三百八十万户","0","2","2"
"改太子中允为内允","0","2","2"
"中书舍人改为内史","0","2","2"
"书舍人改为内史舍","0","2","2"
"舍人改为内史舍人","0","2","2"
"所有率府中郎将改","0","2","2"
"有率府中郎将改为","0","2","2"
"率府中郎将改为旅","0","2","2"
"府中郎将改为旅贲","0","2","2"
"中郎将改为旅贲郎","0","2","2"
"郎将改为旅贲郎将","0","2","2"
"驾到同安大长公主","0","2","2"
"到同安大长公主府","0","2","2"
"同安大长公主府第","0","2","2"
"又驾到高阳长公主","0","2","2"
"驾到高阳长公主府","0","2","2"
"到高阳长公主府第","0","2","2"
"驳马国派遣使者前","0","2","2"
"马国派遣使者前来","0","2","2"
"永徽四年春正月一","0","2","2"
"徽四年春正月一日","0","2","2"
"皇上驾临殿堂前檐","0","2","2"
"上驾临殿堂前檐下","0","2","2"
"驾临殿堂前檐下的","0","2","2"
"因为濮王泰灵柩未","0","2","2"
"为濮王泰灵柩未葬","0","2","2"
"濮王泰灵柩未葬的","0","2","2"
"王泰灵柩未葬的缘","0","2","2"
"泰灵柩未葬的缘故","0","2","2"
"柴令武等都被判死","0","2","2"
"令武等都被判死刑","0","2","2"
"巴陵高阳公主都被","0","2","2"
"陵高阳公主都被赐","0","2","2"
"高阳公主都被赐以","0","2","2"
"阳公主都被赐以自","0","2","2"
"公主都被赐以自杀","0","2","2"
"安国公执失思力发","0","2","2"
"国公执失思力发配","0","2","2"
"公执失思力发配到","0","2","2"
"执失思力发配到辒","0","2","2"
"失思力发配到辒州","0","2","2"
"思力发配到辒州充","0","2","2"
"力发配到辒州充军","0","2","2"
"江夏王道宗发配到","0","2","2"
"夏王道宗发配到桂","0","2","2"
"王道宗发配到桂州","0","2","2"
"道宗发配到桂州充","0","2","2"
"宗发配到桂州充军","0","2","2"
"吴王恪之母弟蜀王","0","2","2"
"王恪之母弟蜀王忄","0","2","2"
"恪之母弟蜀王忄音","0","2","2"
"之母弟蜀王忄音废","0","2","2"
"母弟蜀王忄音废为","0","2","2"
"弟蜀王忄音废为庶","0","2","2"
"蜀王忄音废为庶人","0","2","2"
"在天下颁布孔颖达","0","2","2"
"天下颁布孔颖达的","0","2","2"
"每年秋举明经考试","0","2","2"
"年秋举明经考试就","0","2","2"
"秋举明经考试就依","0","2","2"
"举明经考试就依据","0","2","2"
"薛万彻等人口马匹","0","2","2"
"万彻等人口马匹资","0","2","2"
"彻等人口马匹资财","0","2","2"
"等人口马匹资财为","0","2","2"
"人口马匹资财为五","0","2","2"
"口马匹资财为五垛","0","2","2"
"外国宾客以及文武","0","2","2"
"国宾客以及文武官","0","2","2"
"宾客以及文武官员","0","2","2"
"客以及文武官员九","0","2","2"
"以及文武官员九品","0","2","2"
"及文武官员九品以","0","2","2"
"武官员九品以上者","0","2","2"
"官员九品以上者猜","0","2","2"
"员九品以上者猜测","0","2","2"
"九品以上者猜测垛","0","2","2"
"品以上者猜测垛内","0","2","2"
"以上者猜测垛内之","0","2","2"
"上者猜测垛内之物","0","2","2"
"者猜测垛内之物而","0","2","2"
"猜测垛内之物而赏","0","2","2"
"测垛内之物而赏赐","0","2","2"
"垛内之物而赏赐他","0","2","2"
"内之物而赏赐他们","0","2","2"
"林邑国王派遣使者","0","2","2"
"邑国王派遣使者前","0","2","2"
"国王派遣使者前来","0","2","2"
"王派遣使者前来朝","0","2","2"
"审查并记录囚犯罪","0","2","2"
"查并记录囚犯罪状","0","2","2"
"派遣使者分别检查","0","2","2"
"遣使者分别检查天","0","2","2"
"使者分别检查天下","0","2","2"
"者分别检查天下冤","0","2","2"
"分别检查天下冤案","0","2","2"
"诏令文武官员尽量","0","2","2"
"令文武官员尽量陈","0","2","2"
"文武官员尽量陈述","0","2","2"
"武官员尽量陈述朝","0","2","2"
"官员尽量陈述朝政","0","2","2"
"员尽量陈述朝政得","0","2","2"
"尽量陈述朝政得失","0","2","2"
"在同州之冯翊有十","0","2","2"
"同州之冯翊有十八","0","2","2"
"州之冯翊有十八颗","0","2","2"
"之冯翊有十八颗陨","0","2","2"
"冯翊有十八颗陨石","0","2","2"
"翊有十八颗陨石降","0","2","2"
"有十八颗陨石降落","0","2","2"
"南郡公褚遂良为尚","0","2","2"
"郡公褚遂良为尚书","0","2","2"
"公褚遂良为尚书右","0","2","2"
"褚遂良为尚书右仆","0","2","2"
"遂良为尚书右仆射","0","2","2"
"睦州女子陈硕真起","0","2","2"
"州女子陈硕真起兵","0","2","2"
"女子陈硕真起兵造","0","2","2"
"子陈硕真起兵造反","0","2","2"
"攻陷睦州下属县城","0","2","2"
"督府长史房仁裕分","0","2","2"
"府长史房仁裕分别","0","2","2"
"长史房仁裕分别率","0","2","2"
"史房仁裕分别率众","0","2","2"
"房仁裕分别率众军","0","2","2"
"仁裕分别率众军讨","0","2","2"
"裕分别率众军讨伐","0","2","2"
"分别率众军讨伐平","0","2","2"
"别率众军讨伐平定","0","2","2"
"率众军讨伐平定了","0","2","2"
"众军讨伐平定了她","0","2","2"
"安县公崔敦礼为侍","0","2","2"
"县公崔敦礼为侍中","0","2","2"
"向天下颁布新律疏","0","2","2"
"永徽五年春三月十","0","2","2"
"徽五年春三月十二","0","2","2"
"五年春三月十二日","0","2","2"
"以工部尚书阎立德","0","2","2"
"工部尚书阎立德率","0","2","2"
"部尚书阎立德率领","0","2","2"
"尚书阎立德率领丁","0","2","2"
"书阎立德率领丁壮","0","2","2"
"阎立德率领丁壮人","0","2","2"
"立德率领丁壮人夫","0","2","2"
"德率领丁壮人夫四","0","2","2"
"率领丁壮人夫四万","0","2","2"
"领丁壮人夫四万人","0","2","2"
"丁壮人夫四万人修","0","2","2"
"壮人夫四万人修筑","0","2","2"
"人夫四万人修筑长","0","2","2"
"夫四万人修筑长安","0","2","2"
"四万人修筑长安城","0","2","2"
"万人修筑长安城墙","0","2","2"
"人修筑长安城墙外","0","2","2"
"修筑长安城墙外的","0","2","2"
"筑长安城墙外的凸","0","2","2"
"长安城墙外的凸形","0","2","2"
"安城墙外的凸形小","0","2","2"
"城墙外的凸形小城","0","2","2"
"墙外的凸形小城圈","0","2","2"
"试用黄门侍郎颍川","0","2","2"
"用黄门侍郎颍川县","0","2","2"
"试用尚书侍郎来济","0","2","2"
"漂没淹溺麟游县居","0","2","2"
"没淹溺麟游县居民","0","2","2"
"淹溺麟游县居民及","0","2","2"
"溺麟游县居民及轮","0","2","2"
"麟游县居民及轮流","0","2","2"
"游县居民及轮流值","0","2","2"
"县居民及轮流值班","0","2","2"
"居民及轮流值班的","0","2","2"
"民及轮流值班的卫","0","2","2"
"及轮流值班的卫士","0","2","2"
"中书令柳兼吏部尚","0","2","2"
"书令柳兼吏部尚书","0","2","2"
"在万年宫皇帝旧宅","0","2","2"
"万年宫皇帝旧宅生","0","2","2"
"年宫皇帝旧宅生一","0","2","2"
"宫皇帝旧宅生一大","0","2","2"
"皇帝旧宅生一大鸟","0","2","2"
"帝旧宅生一大鸟像","0","2","2"
"旧宅生一大鸟像鸠","0","2","2"
"大理寺奏请判决死","0","2","2"
"理寺奏请判决死囚","0","2","2"
"寺奏请判决死囚犯","0","2","2"
"五品以下官员有去","0","2","2"
"品以下官员有去世","0","2","2"
"以下官员有去世者","0","2","2"
"随身带的鱼符并不","0","2","2"
"身带的鱼符并不要","0","2","2"
"带的鱼符并不要追","0","2","2"
"的鱼符并不要追回","0","2","2"
"吐蕃派人献马一百","0","2","2"
"蕃派人献马一百匹","0","2","2"
"派人献马一百匹以","0","2","2"
"人献马一百匹以及","0","2","2"
"献马一百匹以及大","0","2","2"
"马一百匹以及大毛","0","2","2"
"一百匹以及大毛帐","0","2","2"
"百匹以及大毛帐一","0","2","2"
"匹以及大毛帐一个","0","2","2"
"皇上从万年宫回来","0","2","2"
"修筑京城墙外凸形","0","2","2"
"筑京城墙外凸形小","0","2","2"
"京城墙外凸形小城","0","2","2"
"城墙外凸形小城圈","0","2","2"
"由官府出钱雇佣京","0","2","2"
"官府出钱雇佣京兆","0","2","2"
"府出钱雇佣京兆百","0","2","2"
"出钱雇佣京兆百姓","0","2","2"
"钱雇佣京兆百姓四","0","2","2"
"雇佣京兆百姓四万","0","2","2"
"佣京兆百姓四万一","0","2","2"
"用零部件板筑土墙","0","2","2"
"零部件板筑土墙筑","0","2","2"
"部件板筑土墙筑了","0","2","2"
"件板筑土墙筑了三","0","2","2"
"板筑土墙筑了三十","0","2","2"
"筑土墙筑了三十天","0","2","2"
"土墙筑了三十天才","0","2","2"
"墙筑了三十天才完","0","2","2"
"筑了三十天才完工","0","2","2"
"京师九门都建筑台","0","2","2"
"师九门都建筑台观","0","2","2"
"玛瑙大如五斗器皿","0","2","2"
"从京师出发拜谒昭","0","2","2"
"京师出发拜谒昭陵","0","2","2"
"在半路上生皇子贤","0","2","2"
"命令两年确定一次","0","2","2"
"令两年确定一次户","0","2","2"
"两年确定一次户数","0","2","2"
"因特殊情况赦免醴","0","2","2"
"特殊情况赦免醴泉","0","2","2"
"殊情况赦免醴泉县","0","2","2"
"情况赦免醴泉县民","0","2","2"
"况赦免醴泉县民当","0","2","2"
"赦免醴泉县民当年","0","2","2"
"免醴泉县民当年的","0","2","2"
"醴泉县民当年的租","0","2","2"
"泉县民当年的租税","0","2","2"
"昭陵所在地住宿守","0","2","2"
"陵所在地住宿守卫","0","2","2"
"所在地住宿守卫的","0","2","2"
"在地住宿守卫的将","0","2","2"
"地住宿守卫的将军","0","2","2"
"昭陵丞加一阶并赐","0","2","2"
"陵丞加一阶并赐物","0","2","2"
"在昭陵侧旁建佛寺","0","2","2"
"朝廷内外文武职事","0","2","2"
"廷内外文武职事官","0","2","2"
"内外文武职事官五","0","2","2"
"外文武职事官五品","0","2","2"
"文武职事官五品以","0","2","2"
"武职事官五品以上","0","2","2"
"职事官五品以上成","0","2","2"
"事官五品以上成为","0","2","2"
"官五品以上成为父","0","2","2"
"品以上成为父亲的","0","2","2"
"以上成为父亲的继","0","2","2"
"上成为父亲的继承","0","2","2"
"营州都督程名振在","0","2","2"
"州都督程名振在贵","0","2","2"
"都督程名振在贵端","0","2","2"
"督程名振在贵端水","0","2","2"
"程名振在贵端水攻","0","2","2"
"名振在贵端水攻破","0","2","2"
"振在贵端水攻破高","0","2","2"
"在贵端水攻破高丽","0","2","2"
"嘉州辛道让之妻一","0","2","2"
"州辛道让之妻一次","0","2","2"
"辛道让之妻一次生","0","2","2"
"道让之妻一次生下","0","2","2"
"让之妻一次生下四","0","2","2"
"之妻一次生下四个","0","2","2"
"妻一次生下四个儿","0","2","2"
"程知节等五将军率","0","2","2"
"知节等五将军率军","0","2","2"
"节等五将军率军队","0","2","2"
"等五将军率军队从","0","2","2"
"五将军率军队从葱","0","2","2"
"将军率军队从葱山","0","2","2"
"军率军队从葱山道","0","2","2"
"率军队从葱山道以","0","2","2"
"军队从葱山道以讨","0","2","2"
"队从葱山道以讨伐","0","2","2"
"从葱山道以讨伐贺","0","2","2"
"葱山道以讨伐贺鲁","0","2","2"
"大食国派遣使者来","0","2","2"
"食国派遣使者来朝","0","2","2"
"国派遣使者来朝贡","0","2","2"
"使天下州县衙门均","0","2","2"
"天下州县衙门均等","0","2","2"
"奉御蒋孝璋员外郎","0","2","2"
"御蒋孝璋员外郎特","0","2","2"
"蒋孝璋员外郎特置","0","2","2"
"员外郎为副职与正","0","2","2"
"外郎为副职与正职","0","2","2"
"郎为副职与正职相","0","2","2"
"为副职与正职相同","0","2","2"
"大理寺再设置大理","0","2","2"
"理寺再设置大理少","0","2","2"
"寺再设置大理少卿","0","2","2"
"再设置大理少卿一","0","2","2"
"设置大理少卿一员","0","2","2"
"官府拿出官仓粮食","0","2","2"
"府拿出官仓粮食出","0","2","2"
"拿出官仓粮食出卖","0","2","2"
"京师东西两市设置","0","2","2"
"师东西两市设置常","0","2","2"
"东西两市设置常平","0","2","2"
"西两市设置常平仓","0","2","2"
"河南郡公褚遂良因","0","2","2"
"南郡公褚遂良因为","0","2","2"
"郡公褚遂良因为劝","0","2","2"
"公褚遂良因为劝谏","0","2","2"
"褚遂良因为劝谏不","0","2","2"
"遂良因为劝谏不应","0","2","2"
"良因为劝谏不应立","0","2","2"
"因为劝谏不应立武","0","2","2"
"为劝谏不应立武昭","0","2","2"
"劝谏不应立武昭仪","0","2","2"
"谏不应立武昭仪为","0","2","2"
"不应立武昭仪为皇","0","2","2"
"应立武昭仪为皇后","0","2","2"
"皇上面临殿堂前檐","0","2","2"
"上面临殿堂前檐下","0","2","2"
"面临殿堂前檐下的","0","2","2"
"左仆射于志宁封立","0","2","2"
"仆射于志宁封立皇","0","2","2"
"射于志宁封立皇后","0","2","2"
"文武百官及少数民","0","2","2"
"武百官及少数民族","0","2","2"
"百官及少数民族国","0","2","2"
"官及少数民族国家","0","2","2"
"及少数民族国家之","0","2","2"
"少数民族国家之长","0","2","2"
"数民族国家之长官","0","2","2"
"在肃义门恭迎朝见","0","2","2"
"肃义门恭迎朝见皇","0","2","2"
"义门恭迎朝见皇后","0","2","2"
"赠并州都督武士为","0","2","2"
"并州都督武士为司","0","2","2"
"州都督武士为司空","0","2","2"
"吴文威妻魏氏一次","0","2","2"
"文威妻魏氏一次生","0","2","2"
"威妻魏氏一次生下","0","2","2"
"妻魏氏一次生下四","0","2","2"
"魏氏一次生下四个","0","2","2"
"氏一次生下四个儿","0","2","2"
"国夫人杨氏改封为","0","2","2"
"夫人杨氏改封为代","0","2","2"
"人杨氏改封为代国","0","2","2"
"杨氏改封为代国夫","0","2","2"
"氏改封为代国夫人","0","2","2"
"高阳县男许敬宗每","0","2","2"
"阳县男许敬宗每天","0","2","2"
"县男许敬宗每天在","0","2","2"
"男许敬宗每天在武","0","2","2"
"许敬宗每天在武德","0","2","2"
"敬宗每天在武德殿","0","2","2"
"宗每天在武德殿西","0","2","2"
"每天在武德殿西门","0","2","2"
"天在武德殿西门等","0","2","2"
"在武德殿西门等待","0","2","2"
"武德殿西门等待皇","0","2","2"
"德殿西门等待皇上","0","2","2"
"殿西门等待皇上诏","0","2","2"
"西门等待皇上诏命","0","2","2"
"武官员九品以上及","0","2","2"
"官员九品以上及五","0","2","2"
"员九品以上及五品","0","2","2"
"九品以上及五品以","0","2","2"
"品以上及五品以下","0","2","2"
"以上及五品以下儿","0","2","2"
"上及五品以下儿子","0","2","2"
"及五品以下儿子为","0","2","2"
"五品以下儿子为父","0","2","2"
"品以下儿子为父亲","0","2","2"
"以下儿子为父亲继","0","2","2"
"下儿子为父亲继承","0","2","2"
"儿子为父亲继承人","0","2","2"
"子为父亲继承人者","0","2","2"
"尚书右仆射兼太子","0","2","2"
"书右仆射兼太子少","0","2","2"
"右仆射兼太子少师","0","2","2"
"燕国公于志宁兼太","0","2","2"
"国公于志宁兼太子","0","2","2"
"公于志宁兼太子太","0","2","2"
"于志宁兼太子太傅","0","2","2"
"都任命为太子宾客","0","2","2"
"开始有了宾客一职","0","2","2"
"设宴送别葱山道大","0","2","2"
"宴送别葱山道大总","0","2","2"
"送别葱山道大总管","0","2","2"
"别葱山道大总管程","0","2","2"
"皇后在北郊祭祀先","0","2","2"
"后在北郊祭祀先蚕","0","2","2"
"户部侍郎杜正伦为","0","2","2"
"部侍郎杜正伦为试","0","2","2"
"侍郎杜正伦为试用","0","2","2"
"郎杜正伦为试用黄","0","2","2"
"杜正伦为试用黄门","0","2","2"
"正伦为试用黄门侍","0","2","2"
"伦为试用黄门侍郎","0","2","2"
"观里僧人玄奘迎接","0","2","2"
"里僧人玄奘迎接皇","0","2","2"
"僧人玄奘迎接皇上","0","2","2"
"人玄奘迎接皇上亲","0","2","2"
"玄奘迎接皇上亲自","0","2","2"
"奘迎接皇上亲自书","0","2","2"
"迎接皇上亲自书写","0","2","2"
"接皇上亲自书写并","0","2","2"
"皇上亲自书写并制","0","2","2"
"上亲自书写并制好","0","2","2"
"亲自书写并制好的","0","2","2"
"自书写并制好的慈","0","2","2"
"书写并制好的慈恩","0","2","2"
"写并制好的慈恩寺","0","2","2"
"并制好的慈恩寺碑","0","2","2"
"制好的慈恩寺碑文","0","2","2"
"用古印度佛教法规","0","2","2"
"古印度佛教法规导","0","2","2"
"印度佛教法规导从","0","2","2"
"太尉长孙无忌奉上","0","2","2"
"尉长孙无忌奉上史","0","2","2"
"长孙无忌奉上史官","0","2","2"
"孙无忌奉上史官所","0","2","2"
"无忌奉上史官所撰","0","2","2"
"忌奉上史官所撰写","0","2","2"
"奉上史官所撰写的","0","2","2"
"上史官所撰写的梁","0","2","2"
"文馆学士许敬宗奉","0","2","2"
"馆学士许敬宗奉上","0","2","2"
"学士许敬宗奉上所","0","2","2"
"士许敬宗奉上所撰","0","2","2"
"许敬宗奉上所撰写","0","2","2"
"敬宗奉上所撰写的","0","2","2"
"改户部尚书为度支","0","2","2"
"户部尚书为度支尚","0","2","2"
"部尚书为度支尚书","0","2","2"
"户部侍郎亦改为度","0","2","2"
"部侍郎亦改为度支","0","2","2"
"侍郎亦改为度支侍","0","2","2"
"郎亦改为度支侍郎","0","2","2"
"卫大将军程知节与","0","2","2"
"大将军程知节与贺","0","2","2"
"将军程知节与贺鲁","0","2","2"
"军程知节与贺鲁所","0","2","2"
"程知节与贺鲁所部","0","2","2"
"知节与贺鲁所部歌","0","2","2"
"节与贺鲁所部歌逻","0","2","2"
"与贺鲁所部歌逻禄","0","2","2"
"歌逻禄获剌颉发以","0","2","2"
"逻禄获剌颉发以及","0","2","2"
"禄获剌颉发以及处","0","2","2"
"获剌颉发以及处月","0","2","2"
"剌颉发以及处月预","0","2","2"
"颉发以及处月预支","0","2","2"
"发以及处月预支俟","0","2","2"
"以及处月预支俟斤","0","2","2"
"及处月预支俟斤等","0","2","2"
"处月预支俟斤等在","0","2","2"
"月预支俟斤等在榆","0","2","2"
"预支俟斤等在榆幕","0","2","2"
"支俟斤等在榆幕谷","0","2","2"
"俟斤等在榆幕谷大","0","2","2"
"斤等在榆幕谷大战","0","2","2"
"开始诏令户数满三","0","2","2"
"始诏令户数满三万","0","2","2"
"诏令户数满三万以","0","2","2"
"令户数满三万以上","0","2","2"
"户数满三万以上的","0","2","2"
"数满三万以上的为","0","2","2"
"满三万以上的为上","0","2","2"
"三万以上的为上等","0","2","2"
"万以上的为上等州","0","2","2"
"二万户以上的为中","0","2","2"
"万户以上的为中等","0","2","2"
"户以上的为中等州","0","2","2"
"中等州的各个按照","0","2","2"
"等州的各个按照旧","0","2","2"
"州的各个按照旧的","0","2","2"
"的各个按照旧的规","0","2","2"
"各个按照旧的规定","0","2","2"
"开始设置骠骑大将","0","2","2"
"始设置骠骑大将军","0","2","2"
"程知节与贺鲁之子","0","2","2"
"知节与贺鲁之子口","0","2","2"
"节与贺鲁之子口至","0","2","2"
"与贺鲁之子口至运","0","2","2"
"贺鲁之子口至运战","0","2","2"
"俘获贺鲁部落户口","0","2","2"
"获贺鲁部落户口及","0","2","2"
"贺鲁部落户口及货","0","2","2"
"鲁部落户口及货物","0","2","2"
"部落户口及货物堆","0","2","2"
"落户口及货物堆积","0","2","2"
"户口及货物堆积如","0","2","2"
"口及货物堆积如山","0","2","2"
"朝集使各加勋一级","0","2","2"
"卫大将军程知节讨","0","2","2"
"大将军程知节讨伐","0","2","2"
"将军程知节讨伐贺","0","2","2"
"军程知节讨伐贺鲁","0","2","2"
"程知节讨伐贺鲁逗","0","2","2"
"知节讨伐贺鲁逗留","0","2","2"
"节讨伐贺鲁逗留不","0","2","2"
"讨伐贺鲁逗留不前","0","2","2"
"伐贺鲁逗留不前而","0","2","2"
"贺鲁逗留不前而犯","0","2","2"
"鲁逗留不前而犯罪","0","2","2"
"追杀贼人没有追上","0","2","2"
"显庆二年春闰正月","0","2","2"
"庆二年春闰正月一","0","2","2"
"二年春闰正月一日","0","2","2"
"命令右屯卫将军苏","0","2","2"
"令右屯卫将军苏定","0","2","2"
"将军苏定方等四位","0","2","2"
"军苏定方等四位将","0","2","2"
"苏定方等四位将军","0","2","2"
"定方等四位将军为","0","2","2"
"方等四位将军为伊","0","2","2"
"等四位将军为伊丽","0","2","2"
"四位将军为伊丽道","0","2","2"
"位将军为伊丽道将","0","2","2"
"将军为伊丽道将军","0","2","2"
"率军队以讨伐贺鲁","0","2","2"
"封皇第七子显为周","0","2","2"
"皇第七子显为周王","0","2","2"
"迁徙改封许王素节","0","2","2"
"徙改封许王素节为","0","2","2"
"改封许王素节为郇","0","2","2"
"封许王素节为郇王","0","2","2"
"颍川县公韩瑗降职","0","2","2"
"川县公韩瑗降职为","0","2","2"
"县公韩瑗降职为振","0","2","2"
"公韩瑗降职为振州","0","2","2"
"韩瑗降职为振州刺","0","2","2"
"瑗降职为振州刺史","0","2","2"
"中书令兼太子詹事","0","2","2"
"南阳侯来济降职为","0","2","2"
"阳侯来济降职为台","0","2","2"
"侯来济降职为台州","0","2","2"
"来济降职为台州刺","0","2","2"
"济降职为台州刺史","0","2","2"
"都犯了劝谏立武昭","0","2","2"
"犯了劝谏立武昭仪","0","2","2"
"了劝谏立武昭仪为","0","2","2"
"劝谏立武昭仪为皇","0","2","2"
"谏立武昭仪为皇后","0","2","2"
"立武昭仪为皇后的","0","2","2"
"武昭仪为皇后的罪","0","2","2"
"为援救褚遂良而遭","0","2","2"
"援救褚遂良而遭贬","0","2","2"
"救褚遂良而遭贬职","0","2","2"
"褚遂良而遭贬职也","0","2","2"
"阳郡公许敬宗为侍","0","2","2"
"郡公许敬宗为侍中","0","2","2"
"因为同意立武则天","0","2","2"
"为同意立武则天为","0","2","2"
"同意立武则天为皇","0","2","2"
"意立武则天为皇后","0","2","2"
"立武则天为皇后的","0","2","2"
"武则天为皇后的功","0","2","2"
"则天为皇后的功劳","0","2","2"
"度支尚书杜正伦为","0","2","2"
"支尚书杜正伦为中","0","2","2"
"尚书杜正伦为中书","0","2","2"
"书杜正伦为中书令","0","2","2"
"郑之郊外亲自练习","0","2","2"
"之郊外亲自练习武","0","2","2"
"郊外亲自练习武事","0","2","2"
"特殊情况而赦免郑","0","2","2"
"殊情况而赦免郑州","0","2","2"
"情况而赦免郑州人","0","2","2"
"况而赦免郑州人犯","0","2","2"
"派使者祭祀郑国大","0","2","2"
"使者祭祀郑国大夫","0","2","2"
"者祭祀郑国大夫国","0","2","2"
"祭祀郑国大夫国侨","0","2","2"
"汉太丘长陈宀是之","0","2","2"
"太丘长陈宀是之墓","0","2","2"
"皇上手令改洛阳宫","0","2","2"
"上手令改洛阳宫为","0","2","2"
"手令改洛阳宫为东","0","2","2"
"令改洛阳宫为东都","0","2","2"
"洛州官员官阶品第","0","2","2"
"州官员官阶品第都","0","2","2"
"官员官阶品第都以","0","2","2"
"员官阶品第都以雍","0","2","2"
"官阶品第都以雍州","0","2","2"
"阶品第都以雍州为","0","2","2"
"品第都以雍州为准","0","2","2"
"以福昌等四县并入","0","2","2"
"福昌等四县并入怀","0","2","2"
"昌等四县并入怀州","0","2","2"
"等四县并入怀州之","0","2","2"
"四县并入怀州之河","0","2","2"
"县并入怀州之河阳","0","2","2"
"郑州汜水都隶属洛","0","2","2"
"州汜水都隶属洛州","0","2","2"
"中书省设置起居舍","0","2","2"
"书省设置起居舍人","0","2","2"
"省设置起居舍人两","0","2","2"
"设置起居舍人两员","0","2","2"
"品级相同于起居郎","0","2","2"
"以周王显为洛州牧","0","2","2"
"右散骑常侍隶属中","0","2","2"
"散骑常侍隶属中书","0","2","2"
"骑常侍隶属中书省","0","2","2"
"公长孙无忌等人修","0","2","2"
"皇上诏令在全国颁","0","2","2"
"上诏令在全国颁行","0","2","2"
"副将萧嗣业追上将","0","2","2"
"将萧嗣业追上将其","0","2","2"
"萧嗣业追上将其抓","0","2","2"
"嗣业追上将其抓获","0","2","2"
"俘获贺鲁人畜前后","0","2","2"
"获贺鲁人畜前后共","0","2","2"
"贺鲁人畜前后共计","0","2","2"
"鲁人畜前后共计四","0","2","2"
"人畜前后共计四十","0","2","2"
"畜前后共计四十多","0","2","2"
"前后共计四十多万","0","2","2"
"在西域地方设置氵","0","2","2"
"西域地方设置氵蒙","0","2","2"
"域地方设置氵蒙池","0","2","2"
"又在龟兹国设置安","0","2","2"
"在龟兹国设置安西","0","2","2"
"龟兹国设置安西都","0","2","2"
"兹国设置安西都护","0","2","2"
"国设置安西都护府","0","2","2"
"以高昌原地为西州","0","2","2"
"以授给一开始就归","0","2","2"
"授给一开始就归附","0","2","2"
"给一开始就归附的","0","2","2"
"一开始就归附的少","0","2","2"
"开始就归附的少数","0","2","2"
"始就归附的少数民","0","2","2"
"就归附的少数民族","0","2","2"
"归附的少数民族首","0","2","2"
"附的少数民族首领","0","2","2"
"仍然分别隶属于各","0","2","2"
"然分别隶属于各都","0","2","2"
"分别隶属于各都护","0","2","2"
"别隶属于各都护府","0","2","2"
"皇太子宾客兼检校","0","2","2"
"太子宾客兼检校御","0","2","2"
"子宾客兼检校御史","0","2","2"
"宾客兼检校御史大","0","2","2"
"客兼检校御史大夫","0","2","2"
"河间郡公李义府降","0","2","2"
"间郡公李义府降职","0","2","2"
"郡公李义府降职为","0","2","2"
"公李义府降职为普","0","2","2"
"李义府降职为普州","0","2","2"
"义府降职为普州刺","0","2","2"
"府降职为普州刺史","0","2","2"
"襄阳郡公杜正伦降","0","2","2"
"阳郡公杜正伦降职","0","2","2"
"郡公杜正伦降职为","0","2","2"
"公杜正伦降职为横","0","2","2"
"杜正伦降职为横州","0","2","2"
"正伦降职为横州刺","0","2","2"
"伦降职为横州刺史","0","2","2"
"书侍郎李友益除去","0","2","2"
"侍郎李友益除去名","0","2","2"
"郎李友益除去名籍","0","2","2"
"侍中许敬宗暂代检","0","2","2"
"中许敬宗暂代检校","0","2","2"
"许敬宗暂代检校中","0","2","2"
"敬宗暂代检校中书","0","2","2"
"宗暂代检校中书令","0","2","2"
"鸿胪卿萧嗣业在石","0","2","2"
"胪卿萧嗣业在石国","0","2","2"
"卿萧嗣业在石国活","0","2","2"
"萧嗣业在石国活捉","0","2","2"
"嗣业在石国活捉贺","0","2","2"
"业在石国活捉贺鲁","0","2","2"
"在石国活捉贺鲁到","0","2","2"
"石国活捉贺鲁到来","0","2","2"
"四年春二月二十八","0","2","2"
"年春二月二十八日","0","2","2"
"皇上亲自考试举人","0","2","2"
"上亲自考试举人策","0","2","2"
"亲自考试举人策论","0","2","2"
"张九龄两人居于优","0","2","2"
"九龄两人居于优等","0","2","2"
"命他们为弘文馆待","0","2","2"
"他们为弘文馆待诏","0","2","2"
"随着皇帝仪仗供奉","0","2","2"
"着皇帝仪仗供奉皇","0","2","2"
"皇帝仪仗供奉皇帝","0","2","2"
"成阝国公契艹必何","0","2","2"
"阝国公契艹必何力","0","2","2"
"国公契艹必何力前","0","2","2"
"公契艹必何力前往","0","2","2"
"契艹必何力前往辽","0","2","2"
"艹必何力前往辽东","0","2","2"
"必何力前往辽东谋","0","2","2"
"何力前往辽东谋划","0","2","2"
"力前往辽东谋划处","0","2","2"
"前往辽东谋划处理","0","2","2"
"往辽东谋划处理军","0","2","2"
"辽东谋划处理军务","0","2","2"
"黄门侍郎许圉师任","0","2","2"
"门侍郎许圉师任同","0","2","2"
"侍郎许圉师任同中","0","2","2"
"郎许圉师任同中书","0","2","2"
"许圉师任同中书门","0","2","2"
"圉师任同中书门下","0","2","2"
"师任同中书门下三","0","2","2"
"燕国公于志宁免去","0","2","2"
"国公于志宁免去官","0","2","2"
"公于志宁免去官职","0","2","2"
"赵国公长孙无忌带","0","2","2"
"国公长孙无忌带扬","0","2","2"
"公长孙无忌带扬州","0","2","2"
"长孙无忌带扬州都","0","2","2"
"孙无忌带扬州都督","0","2","2"
"无忌带扬州都督衔","0","2","2"
"忌带扬州都督衔到","0","2","2"
"带扬州都督衔到黔","0","2","2"
"扬州都督衔到黔州","0","2","2"
"州都督衔到黔州安","0","2","2"
"都督衔到黔州安置","0","2","2"
"依旧按一品官职俸","0","2","2"
"旧按一品官职俸禄","0","2","2"
"按一品官职俸禄供","0","2","2"
"一品官职俸禄供给","0","2","2"
"度支尚书卢承庆都","0","2","2"
"支尚书卢承庆都任","0","2","2"
"尚书卢承庆都任参","0","2","2"
"书卢承庆都任参知","0","2","2"
"卢承庆都任参知政","0","2","2"
"承庆都任参知政事","0","2","2"
"普州刺史李义府为","0","2","2"
"州刺史李义府为吏","0","2","2"
"刺史李义府为吏部","0","2","2"
"史李义府为吏部尚","0","2","2"
"李义府为吏部尚书","0","2","2"
"武官员五品以上子","0","2","2"
"官员五品以上子孙","0","2","2"
"员五品以上子孙为","0","2","2"
"五品以上子孙为父","0","2","2"
"品以上子孙为父亲","0","2","2"
"祖父继承人者加勋","0","2","2"
"父继承人者加勋官","0","2","2"
"继承人者加勋官一","0","2","2"
"承人者加勋官一级","0","2","2"
"兼侍中辛茂将去世","0","2","2"
"以邢国公苏定方为","0","2","2"
"邢国公苏定方为神","0","2","2"
"国公苏定方为神丘","0","2","2"
"公苏定方为神丘道","0","2","2"
"苏定方为神丘道总","0","2","2"
"定方为神丘道总管","0","2","2"
"刘伯英为禺夷道总","0","2","2"
"伯英为禺夷道总管","0","2","2"
"五年春正月二十三","0","2","2"
"宴请随从官员及诸","0","2","2"
"请随从官员及诸亲","0","2","2"
"随从官员及诸亲族","0","2","2"
"殊情况赦免并州及","0","2","2"
"情况赦免并州及管","0","2","2"
"况赦免并州及管辖","0","2","2"
"赦免并州及管辖内","0","2","2"
"免并州及管辖内各","0","2","2"
"并州及管辖内各州","0","2","2"
"起义之初职事官五","0","2","2"
"义之初职事官五品","0","2","2"
"之初职事官五品以","0","2","2"
"初职事官五品以上","0","2","2"
"职事官五品以上官","0","2","2"
"事官五品以上官员","0","2","2"
"官五品以上官员死","0","2","2"
"五品以上官员死后","0","2","2"
"品以上官员死后坟","0","2","2"
"以上官员死后坟墓","0","2","2"
"上官员死后坟墓在","0","2","2"
"官员死后坟墓在并","0","2","2"
"员死后坟墓在并州","0","2","2"
"死后坟墓在并州者","0","2","2"
"令有关部门致以祭","0","2","2"
"有关部门致以祭祀","0","2","2"
"佐命功臣子孙及大","0","2","2"
"命功臣子孙及大将","0","2","2"
"功臣子孙及大将军","0","2","2"
"臣子孙及大将军府","0","2","2"
"子孙及大将军府僚","0","2","2"
"孙及大将军府僚属","0","2","2"
"及大将军府僚属以","0","2","2"
"大将军府僚属以下","0","2","2"
"将军府僚属以下官","0","2","2"
"军府僚属以下官员","0","2","2"
"府僚属以下官员现","0","2","2"
"僚属以下官员现在","0","2","2"
"属以下官员现在还","0","2","2"
"以下官员现在还活","0","2","2"
"下官员现在还活着","0","2","2"
"官员现在还活着的","0","2","2"
"员现在还活着的人","0","2","2"
"赐给品级也不相同","0","2","2"
"起义的人职事官一","0","2","2"
"义的人职事官一品","0","2","2"
"的人职事官一品以","0","2","2"
"人职事官一品以下","0","2","2"
"职事官一品以下官","0","2","2"
"事官一品以下官员","0","2","2"
"辅佐王命之功臣另","0","2","2"
"佐王命之功臣另外","0","2","2"
"王命之功臣另外封","0","2","2"
"命之功臣另外封赠","0","2","2"
"之功臣另外封赠后","0","2","2"
"功臣另外封赠后已","0","2","2"
"臣另外封赠后已经","0","2","2"
"另外封赠后已经死","0","2","2"
"外封赠后已经死亡","0","2","2"
"封赠后已经死亡者","0","2","2"
"为他继承的子孙各","0","2","2"
"他继承的子孙各加","0","2","2"
"继承的子孙各加两","0","2","2"
"承的子孙各加两级","0","2","2"
"刘政会为附带陪祭","0","2","2"
"皇后武则天在朝堂","0","2","2"
"后武则天在朝堂宴","0","2","2"
"武则天在朝堂宴请","0","2","2"
"则天在朝堂宴请亲","0","2","2"
"天在朝堂宴请亲族","0","2","2"
"在朝堂宴请亲族邻","0","2","2"
"朝堂宴请亲族邻里","0","2","2"
"堂宴请亲族邻里朋","0","2","2"
"宴请亲族邻里朋友","0","2","2"
"受封诰的妇人及一","0","2","2"
"封诰的妇人及一般","0","2","2"
"诰的妇人及一般妇","0","2","2"
"的妇人及一般妇女","0","2","2"
"妇人及一般妇女在","0","2","2"
"人及一般妇女在内","0","2","2"
"及一般妇女在内殿","0","2","2"
"一般妇女在内殿会","0","2","2"
"般妇女在内殿会合","0","2","2"
"皇室诸亲贵按等级","0","2","2"
"室诸亲贵按等级赐","0","2","2"
"诸亲贵按等级赐绸","0","2","2"
"亲贵按等级赐绸缎","0","2","2"
"随行文武五品以上","0","2","2"
"行文武五品以上官","0","2","2"
"文武五品以上官员","0","2","2"
"武五品以上官员也","0","2","2"
"五品以上官员也按","0","2","2"
"品以上官员也按等","0","2","2"
"以上官员也按等级","0","2","2"
"上官员也按等级赐","0","2","2"
"官员也按等级赐绸","0","2","2"
"员也按等级赐绸缎","0","2","2"
"由于并州是皇后故","0","2","2"
"于并州是皇后故乡","0","2","2"
"皇后亲自参加宴会","0","2","2"
"姐妹等亲人各五百","0","2","2"
"妹等亲人各五百段","0","2","2"
"堂兄弟等以及没有","0","2","2"
"兄弟等以及没有五","0","2","2"
"弟等以及没有五服","0","2","2"
"等以及没有五服之","0","2","2"
"以及没有五服之亲","0","2","2"
"及没有五服之亲戚","0","2","2"
"乡里朋友赐物也有","0","2","2"
"里朋友赐物也有等","0","2","2"
"朋友赐物也有等级","0","2","2"
"友赐物也有等级差","0","2","2"
"赐物也有等级差别","0","2","2"
"城内及所有妇女年","0","2","2"
"内及所有妇女年龄","0","2","2"
"及所有妇女年龄八","0","2","2"
"所有妇女年龄八十","0","2","2"
"有妇女年龄八十岁","0","2","2"
"妇女年龄八十岁以","0","2","2"
"女年龄八十岁以上","0","2","2"
"各给予郡君的职务","0","2","2"
"在交州城西练习武","0","2","2"
"交州城西练习武事","0","2","2"
"带领群臣下临观看","0","2","2"
"领群臣下临观看练","0","2","2"
"群臣下临观看练武","0","2","2"
"派遣神丘道军讨伐","0","2","2"
"遣神丘道军讨伐百","0","2","2"
"神丘道军讨伐百济","0","2","2"
"左右领军开始改为","0","2","2"
"右领军开始改为左","0","2","2"
"领军开始改为左右","0","2","2"
"军开始改为左右千","0","2","2"
"开始改为左右千牛","0","2","2"
"在东都花园内建造","0","2","2"
"东都花园内建造八","0","2","2"
"都花园内建造八关","0","2","2"
"花园内建造八关宫","0","2","2"
"诏令文武官员五品","0","2","2"
"武官员五品以上四","0","2","2"
"官员五品以上四科","0","2","2"
"员五品以上四科举","0","2","2"
"五品以上四科举人","0","2","2"
"门下三品卢承庆因","0","2","2"
"下三品卢承庆因犯","0","2","2"
"三品卢承庆因犯罪","0","2","2"
"品卢承庆因犯罪免","0","2","2"
"卢承庆因犯罪免官","0","2","2"
"苏定方等人讨伐平","0","2","2"
"定方等人讨伐平定","0","2","2"
"方等人讨伐平定百","0","2","2"
"等人讨伐平定百济","0","2","2"
"将其王扶余义慈反","0","2","2"
"其王扶余义慈反手","0","2","2"
"王扶余义慈反手缚","0","2","2"
"扶余义慈反手缚住","0","2","2"
"将百济国分为五部","0","2","2"
"把当地分设熊津等","0","2","2"
"当地分设熊津等五","0","2","2"
"地分设熊津等五都","0","2","2"
"分设熊津等五都督","0","2","2"
"设熊津等五都督府","0","2","2"
"特殊情况而赦免神","0","2","2"
"殊情况而赦免神丘","0","2","2"
"禺夷道总管以下的","0","2","2"
"夷道总管以下的人","0","2","2"
"赐天下人大饮宴三","0","2","2"
"天下人大饮宴三天","0","2","2"
"赐给英国公李责力","0","2","2"
"给英国公李责力墓","0","2","2"
"英国公李责力墓地","0","2","2"
"国公李责力墓地一","0","2","2"
"公李责力墓地一处","0","2","2"
"代国夫人杨氏改为","0","2","2"
"国夫人杨氏改为荣","0","2","2"
"夫人杨氏改为荣国","0","2","2"
"人杨氏改为荣国夫","0","2","2"
"杨氏改为荣国夫人","0","2","2"
"地位在王公之母亲","0","2","2"
"邢国公苏定方在则","0","2","2"
"国公苏定方在则天","0","2","2"
"公苏定方在则天门","0","2","2"
"苏定方在则天门献","0","2","2"
"定方在则天门献上","0","2","2"
"方在则天门献上百","0","2","2"
"在则天门献上百济","0","2","2"
"则天门献上百济王","0","2","2"
"天门献上百济王扶","0","2","2"
"门献上百济王扶余","0","2","2"
"献上百济王扶余义","0","2","2"
"上百济王扶余义慈","0","2","2"
"太子隆等五十八个","0","2","2"
"子隆等五十八个俘","0","2","2"
"隆等五十八个俘虏","0","2","2"
"皇上谴责他们而后","0","2","2"
"上谴责他们而后宽","0","2","2"
"谴责他们而后宽恕","0","2","2"
"责他们而后宽恕了","0","2","2"
"他们而后宽恕了他","0","2","2"
"们而后宽恕了他们","0","2","2"
"六年春正月十九日","0","2","2"
"淮南六十七个州招","0","2","2"
"南六十七个州招募","0","2","2"
"六十七个州招募了","0","2","2"
"十七个州招募了四","0","2","2"
"七个州招募了四万","0","2","2"
"个州招募了四万四","0","2","2"
"州招募了四万四千","0","2","2"
"招募了四万四千六","0","2","2"
"募了四万四千六百","0","2","2"
"了四万四千六百四","0","2","2"
"绵州等州都说有龙","0","2","2"
"州等州都说有龙出","0","2","2"
"等州都说有龙出现","0","2","2"
"因这一特殊情况而","0","2","2"
"这一特殊情况而赦","0","2","2"
"一特殊情况而赦免","0","2","2"
"特殊情况而赦免洛","0","2","2"
"殊情况而赦免洛州","0","2","2"
"情况而赦免洛州犯","0","2","2"
"况而赦免洛州犯人","0","2","2"
"皇后请求禁止天下","0","2","2"
"后请求禁止天下妇","0","2","2"
"请求禁止天下妇女","0","2","2"
"求禁止天下妇女做","0","2","2"
"禁止天下妇女做歌","0","2","2"
"止天下妇女做歌舞","0","2","2"
"天下妇女做歌舞的","0","2","2"
"下妇女做歌舞的事","0","2","2"
"中书令许敬宗等人","0","2","2"
"书令许敬宗等人奉","0","2","2"
"令许敬宗等人奉上","0","2","2"
"命令各州举荐孝行","0","2","2"
"令各州举荐孝行特","0","2","2"
"各州举荐孝行特别","0","2","2"
"州举荐孝行特别显","0","2","2"
"举荐孝行特别显著","0","2","2"
"荐孝行特别显著以","0","2","2"
"孝行特别显著以及","0","2","2"
"行特别显著以及累","0","2","2"
"特别显著以及累代","0","2","2"
"别显著以及累代同","0","2","2"
"显著以及累代同居","0","2","2"
"孝义著称的家庭以","0","2","2"
"义著称的家庭以及","0","2","2"
"著称的家庭以及可","0","2","2"
"称的家庭以及可以","0","2","2"
"的家庭以及可以勉","0","2","2"
"家庭以及可以勉励","0","2","2"
"庭以及可以勉励风","0","2","2"
"以及可以勉励风俗","0","2","2"
"及可以勉励风俗的","0","2","2"
"可以勉励风俗的人","0","2","2"
"因为河南县大女张","0","2","2"
"为河南县大女张某","0","2","2"
"河南县大女张某年","0","2","2"
"南县大女张某年龄","0","2","2"
"县大女张某年龄一","0","2","2"
"大女张某年龄一百","0","2","2"
"女张某年龄一百零","0","2","2"
"张某年龄一百零三","0","2","2"
"某年龄一百零三岁","0","2","2"
"皇上亲自驾临其家","0","2","2"
"又驾临李责力府第","0","2","2"
"天宫寺是高祖未当","0","2","2"
"宫寺是高祖未当皇","0","2","2"
"寺是高祖未当皇上","0","2","2"
"是高祖未当皇上前","0","2","2"
"高祖未当皇上前的","0","2","2"
"祖未当皇上前的旧","0","2","2"
"未当皇上前的旧住","0","2","2"
"当皇上前的旧住宅","0","2","2"
"引度二十人出家为","0","2","2"
"度二十人出家为僧","0","2","2"
"皇后到许圉师府第","0","2","2"
"迁徙改封潞王贤为","0","2","2"
"徙改封潞王贤为沛","0","2","2"
"改封潞王贤为沛王","0","2","2"
"沛王贤为扬州都督","0","2","2"
"命令中书门下五品","0","2","2"
"令中书门下五品以","0","2","2"
"书门下五品以上各","0","2","2"
"门下五品以上各司","0","2","2"
"下五品以上各司长","0","2","2"
"尚书省侍郎及诸亲","0","2","2"
"书省侍郎及诸亲族","0","2","2"
"省侍郎及诸亲族三","0","2","2"
"侍郎及诸亲族三等","0","2","2"
"郎及诸亲族三等以","0","2","2"
"及诸亲族三等以上","0","2","2"
"诸亲族三等以上勋","0","2","2"
"亲族三等以上勋爵","0","2","2"
"都到沛王府参加所","0","2","2"
"到沛王府参加所设","0","2","2"
"沛王府参加所设宴","0","2","2"
"王府参加所设宴礼","0","2","2"
"按官阶等级赐予杂","0","2","2"
"官阶等级赐予杂彩","0","2","2"
"新罗王金春秋去世","0","2","2"
"其子法敏继立为新","0","2","2"
"子法敏继立为新罗","0","2","2"
"法敏继立为新罗王","0","2","2"
"太府寺另设置少卿","0","2","2"
"府寺另设置少卿一","0","2","2"
"寺另设置少卿一员","0","2","2"
"东都首次设置国子","0","2","2"
"都首次设置国子监","0","2","2"
"并增加学生等生员","0","2","2"
"平均分到两京去教","0","2","2"
"均分到两京去教授","0","2","2"
"改变京都各司及百","0","2","2"
"变京都各司及百官","0","2","2"
"京都各司及百官名","0","2","2"
"左右仆射为左右匡","0","2","2"
"右仆射为左右匡政","0","2","2"
"其余各官名根据含","0","2","2"
"余各官名根据含义","0","2","2"
"各官名根据含义改","0","2","2"
"官名根据含义改变","0","2","2"
"名根据含义改变它","0","2","2"
"乐安县公任雅相死","0","2","2"
"安县公任雅相死在","0","2","2"
"县公任雅相死在军","0","2","2"
"公任雅相死在军中","0","2","2"
"苏定方在苇岛打破","0","2","2"
"定方在苇岛打破高","0","2","2"
"方在苇岛打破高丽","0","2","2"
"皇上迁徙居住在蓬","0","2","2"
"上迁徙居住在蓬莱","0","2","2"
"迁徙居住在蓬莱宫","0","2","2"
"黄门侍郎许圉师为","0","2","2"
"门侍郎许圉师为左","0","2","2"
"侍郎许圉师为左相","0","2","2"
"都尽礼致拜其父母","0","2","2"
"皇上制定蓬莱宫诸","0","2","2"
"上制定蓬莱宫诸门","0","2","2"
"制定蓬莱宫诸门及","0","2","2"
"定蓬莱宫诸门及殿","0","2","2"
"蓬莱宫诸门及殿亭","0","2","2"
"莱宫诸门及殿亭等","0","2","2"
"宫诸门及殿亭等名","0","2","2"
"诸门及殿亭等名字","0","2","2"
"右相许敬宗请求退","0","2","2"
"相许敬宗请求退职","0","2","2"
"许敬宗为太子少师","0","2","2"
"九品过去让他们穿","0","2","2"
"品过去让他们穿青","0","2","2"
"过去让他们穿青色","0","2","2"
"去让他们穿青色官","0","2","2"
"让他们穿青色官服","0","2","2"
"不是低品级所应穿","0","2","2"
"是低品级所应穿的","0","2","2"
"希望让他们穿碧色","0","2","2"
"望让他们穿碧色官","0","2","2"
"让他们穿碧色官服","0","2","2"
"河间郡公李义府重","0","2","2"
"间郡公李义府重新","0","2","2"
"郡公李义府重新起","0","2","2"
"公李义府重新起用","0","2","2"
"李义府重新起用为","0","2","2"
"义府重新起用为司","0","2","2"
"府重新起用为司列","0","2","2"
"重新起用为司列太","0","2","2"
"新起用为司列太常","0","2","2"
"起用为司列太常伯","0","2","2"
"皇太子弘代理国政","0","2","2"
"上官仪同东西台三","0","2","2"
"官仪同东西台三品","0","2","2"
"改魏州为冀州大都","0","2","2"
"魏州为冀州大都督","0","2","2"
"州为冀州大都督府","0","2","2"
"沛王贤为扬州大都","0","2","2"
"王贤为扬州大都督","0","2","2"
"周王显为并州大都","0","2","2"
"王显为并州大都督","0","2","2"
"殷王旭轮任冀州大","0","2","2"
"王旭轮任冀州大都","0","2","2"
"旭轮任冀州大都督","0","2","2"
"轮任冀州大都督但","0","2","2"
"任冀州大都督但不","0","2","2"
"冀州大都督但不到","0","2","2"
"左相许圉师解除现","0","2","2"
"相许圉师解除现任","0","2","2"
"许圉师解除现任职","0","2","2"
"圉师解除现任职务","0","2","2"
"大将军郑仁泰等率","0","2","2"
"将军郑仁泰等率军","0","2","2"
"军郑仁泰等率军讨","0","2","2"
"郑仁泰等率军讨伐","0","2","2"
"仁泰等率军讨伐铁","0","2","2"
"泰等率军讨伐铁勒","0","2","2"
"等率军讨伐铁勒残","0","2","2"
"率军讨伐铁勒残余","0","2","2"
"列太常伯李义府为","0","2","2"
"太常伯李义府为右","0","2","2"
"常伯李义府为右相","0","2","2"
"岐四州等共一十五","0","2","2"
"四州等共一十五州","0","2","2"
"州等共一十五州户","0","2","2"
"等共一十五州户口","0","2","2"
"共一十五州户口之","0","2","2"
"一十五州户口之人","0","2","2"
"征调前来修建蓬莱","0","2","2"
"调前来修建蓬莱宫","0","2","2"
"置太子左右谕德及","0","2","2"
"太子左右谕德及桂","0","2","2"
"子左右谕德及桂坊","0","2","2"
"左右谕德及桂坊大","0","2","2"
"右谕德及桂坊大夫","0","2","2"
"谕德及桂坊大夫等","0","2","2"
"德及桂坊大夫等官","0","2","2"
"及桂坊大夫等官员","0","2","2"
"改司经局为桂坊馆","0","2","2"
"崇贤馆撤销而隶属","0","2","2"
"贤馆撤销而隶属于","0","2","2"
"馆撤销而隶属于左","0","2","2"
"撤销而隶属于左春","0","2","2"
"销而隶属于左春坊","0","2","2"
"减去京官一月的薪","0","2","2"
"去京官一月的薪俸","0","2","2"
"右相李义府犯法下","0","2","2"
"相李义府犯法下狱","0","2","2"
"李义府被除去名籍","0","2","2"
"皇上驾到蓬莱宫中","0","2","2"
"上驾到蓬莱宫中新","0","2","2"
"驾到蓬莱宫中新修","0","2","2"
"到蓬莱宫中新修起","0","2","2"
"蓬莱宫中新修起的","0","2","2"
"莱宫中新修起的含","0","2","2"
"宫中新修起的含元","0","2","2"
"中新修起的含元殿","0","2","2"
"有彗星在左摄提星","0","2","2"
"彗星在左摄提星座","0","2","2"
"星在左摄提星座旁","0","2","2"
"在左摄提星座旁出","0","2","2"
"左摄提星座旁出现","0","2","2"
"诏令百官尽情说出","0","2","2"
"令百官尽情说出正","0","2","2"
"百官尽情说出正确","0","2","2"
"官尽情说出正确的","0","2","2"
"尽情说出正确的意","0","2","2"
"情说出正确的意见","0","2","2"
"又命令内外官员五","0","2","2"
"命令内外官员五品","0","2","2"
"令内外官员五品以","0","2","2"
"内外官员五品以上","0","2","2"
"外官员五品以上者","0","2","2"
"官员五品以上者各","0","2","2"
"员五品以上者各人","0","2","2"
"五品以上者各人提","0","2","2"
"品以上者各人提出","0","2","2"
"以上者各人提出所","0","2","2"
"上者各人提出所了","0","2","2"
"者各人提出所了解","0","2","2"
"各人提出所了解的","0","2","2"
"人提出所了解的情","0","2","2"
"提出所了解的情况","0","2","2"
"绛州有麒麟在介山","0","2","2"
"州有麒麟在介山出","0","2","2"
"有麒麟在介山出现","0","2","2"
"含元殿前面出现了","0","2","2"
"元殿前面出现了麒","0","2","2"
"殿前面出现了麒麟","0","2","2"
"前面出现了麒麟的","0","2","2"
"面出现了麒麟的脚","0","2","2"
"出现了麒麟的脚趾","0","2","2"
"现了麒麟的脚趾印","0","2","2"
"诏令改第二年正月","0","2","2"
"令改第二年正月一","0","2","2"
"二年正月一日为麟","0","2","2"
"年正月一日为麟德","0","2","2"
"正月一日为麟德元","0","2","2"
"月一日为麟德元年","0","2","2"
"麟德元年春正月十","0","2","2"
"德元年春正月十六","0","2","2"
"元年春正月十六日","0","2","2"
"改云中都护府为单","0","2","2"
"云中都护府为单于","0","2","2"
"中都护府为单于大","0","2","2"
"都护府为单于大都","0","2","2"
"护府为单于大都护","0","2","2"
"府为单于大都护府","0","2","2"
"官员品级相同于大","0","2","2"
"员品级相同于大都","0","2","2"
"品级相同于大都督","0","2","2"
"级相同于大都督府","0","2","2"
"加授殷王旭轮为单","0","2","2"
"授殷王旭轮为单于","0","2","2"
"殷王旭轮为单于大","0","2","2"
"王旭轮为单于大都","0","2","2"
"旭轮为单于大都护","0","2","2"
"已死去的大女儿追","0","2","2"
"死去的大女儿追封","0","2","2"
"去的大女儿追封为","0","2","2"
"的大女儿追封为安","0","2","2"
"大女儿追封为安定","0","2","2"
"女儿追封为安定公","0","2","2"
"儿追封为安定公主","0","2","2"
"她的仪仗鼓吹以及","0","2","2"
"的仪仗鼓吹以及供","0","2","2"
"仪仗鼓吹以及供给","0","2","2"
"仗鼓吹以及供给安","0","2","2"
"鼓吹以及供给安葬","0","2","2"
"吹以及供给安葬所","0","2","2"
"以及供给安葬所需","0","2","2"
"及供给安葬所需物","0","2","2"
"供给安葬所需物资","0","2","2"
"都按照亲王的规定","0","2","2"
"按照亲王的规定供","0","2","2"
"照亲王的规定供给","0","2","2"
"从德业寺迁葬到崇","0","2","2"
"德业寺迁葬到崇敬","0","2","2"
"业寺迁葬到崇敬寺","0","2","2"
"在昆明之弄栋川设","0","2","2"
"昆明之弄栋川设置","0","2","2"
"明之弄栋川设置姚","0","2","2"
"之弄栋川设置姚州","0","2","2"
"弄栋川设置姚州都","0","2","2"
"栋川设置姚州都督","0","2","2"
"川设置姚州都督府","0","2","2"
"皇上从万年宫到来","0","2","2"
"降低万年县所关押","0","2","2"
"低万年县所关押囚","0","2","2"
"万年县所关押囚犯","0","2","2"
"年县所关押囚犯之","0","2","2"
"县所关押囚犯之罪","0","2","2"
"所关押囚犯之罪名","0","2","2"
"因而驾到大慈恩寺","0","2","2"
"但他为求正义而纳","0","2","2"
"他为求正义而纳谏","0","2","2"
"甘心牺牲性命而殉","0","2","2"
"心牺牲性命而殉节","0","2","2"
"他的孙子左威卫长","0","2","2"
"的孙子左威卫长史","0","2","2"
"孙子左威卫长史思","0","2","2"
"子左威卫长史思纯","0","2","2"
"犯了与上官仪勾结","0","2","2"
"了与上官仪勾结之","0","2","2"
"与上官仪勾结之罪","0","2","2"
"洛二州及各衙门所","0","2","2"
"二州及各衙门所关","0","2","2"
"州及各衙门所关押","0","2","2"
"及各衙门所关押之","0","2","2"
"各衙门所关押之囚","0","2","2"
"衙门所关押之囚徒","0","2","2"
"因皇上出发去泰山","0","2","2"
"东都造乾元殿成功","0","2","2"
"因特殊情况赦免桂","0","2","2"
"黔三都督府管辖内","0","2","2"
"三都督府管辖内死","0","2","2"
"都督府管辖内死罪","0","2","2"
"督府管辖内死罪以","0","2","2"
"府管辖内死罪以下","0","2","2"
"管辖内死罪以下囚","0","2","2"
"辖内死罪以下囚徒","0","2","2"
"皇上驾到城北楼观","0","2","2"
"上驾到城北楼观看","0","2","2"
"嘉兴县子陆敦信为","0","2","2"
"兴县子陆敦信为检","0","2","2"
"县子陆敦信为检校","0","2","2"
"子陆敦信为检校右","0","2","2"
"陆敦信为检校右相","0","2","2"
"他的检校大司成一","0","2","2"
"的检校大司成一职","0","2","2"
"检校大司成一职应","0","2","2"
"校大司成一职应该","0","2","2"
"大司成一职应该罢","0","2","2"
"司成一职应该罢免","0","2","2"
"乐彦玮都罢免参知","0","2","2"
"彦玮都罢免参知政","0","2","2"
"玮都罢免参知政事","0","2","2"
"加授检校吏部尚书","0","2","2"
"同中书门下三品官","0","2","2"
"能参加州县的科举","0","2","2"
"参加州县的科举考","0","2","2"
"加州县的科举考试","0","2","2"
"充任已故皇帝山陵","0","2","2"
"大司宪兼检校右中","0","2","2"
"司宪兼检校右中护","0","2","2"
"宪兼检校右中护刘","0","2","2"
"兼检校右中护刘仁","0","2","2"
"校右中护刘仁轨兼","0","2","2"
"右中护刘仁轨兼任","0","2","2"
"中护刘仁轨兼任右","0","2","2"
"护刘仁轨兼任右相","0","2","2"
"诏令缮工大监兼瀚","0","2","2"
"令缮工大监兼瀚海","0","2","2"
"缮工大监兼瀚海都","0","2","2"
"工大监兼瀚海都护","0","2","2"
"大监兼瀚海都护刘","0","2","2"
"监兼瀚海都护刘审","0","2","2"
"兼瀚海都护刘审礼","0","2","2"
"瀚海都护刘审礼为","0","2","2"
"海都护刘审礼为西","0","2","2"
"都护刘审礼为西域","0","2","2"
"护刘审礼为西域道","0","2","2"
"刘审礼为西域道安","0","2","2"
"审礼为西域道安抚","0","2","2"
"礼为西域道安抚大","0","2","2"
"为西域道安抚大使","0","2","2"
"永安郡公姜恪在河","0","2","2"
"安郡公姜恪在河西","0","2","2"
"郡公姜恪在河西镇","0","2","2"
"公姜恪在河西镇守","0","2","2"
"姜恪在河西镇守任","0","2","2"
"恪在河西镇守任上","0","2","2"
"在河西镇守任上死","0","2","2"
"河西镇守任上死去","0","2","2"
"高阳郡公许敬宗去","0","2","2"
"阳郡公许敬宗去世","0","2","2"
"二年春正月十七日","0","2","2"
"支汗郡王贡献碧色","0","2","2"
"汗郡王贡献碧色玻","0","2","2"
"郡王贡献碧色玻璃","0","2","2"
"昏夜雾气四面充塞","0","2","2"
"平恩县公许圉师去","0","2","2"
"恩县公许圉师去世","0","2","2"
"派郎将宋令文出使","0","2","2"
"郎将宋令文出使吐","0","2","2"
"将宋令文出使吐蕃","0","2","2"
"与营州都督周道务","0","2","2"
"州都督周道务等的","0","2","2"
"都督周道务等的兵","0","2","2"
"督周道务等的兵十","0","2","2"
"周道务等的兵十八","0","2","2"
"道务等的兵十八万","0","2","2"
"总共三十万兵以讨","0","2","2"
"共三十万兵以讨伐","0","2","2"
"三十万兵以讨伐突","0","2","2"
"十万兵以讨伐突厥","0","2","2"
"皇上又驾到嵩阳观","0","2","2"
"上又驾到嵩阳观及","0","2","2"
"又驾到嵩阳观及启","0","2","2"
"驾到嵩阳观及启母","0","2","2"
"到嵩阳观及启母庙","0","2","2"
"斩阿史那伏念及温","0","2","2"
"阿史那伏念及温傅","0","2","2"
"史那伏念及温傅等","0","2","2"
"那伏念及温傅等五","0","2","2"
"伏念及温傅等五十","0","2","2"
"念及温傅等五十四","0","2","2"
"及温傅等五十四人","0","2","2"
"温傅等五十四人于","0","2","2"
"傅等五十四人于都","0","2","2"
"等五十四人于都市","0","2","2"
"洛州长史李仲玄为","0","2","2"
"州长史李仲玄为宗","0","2","2"
"长史李仲玄为宗正","0","2","2"
"史李仲玄为宗正卿","0","2","2"
"诏令改永淳二年为","0","2","2"
"令改永淳二年为弘","0","2","2"
"改永淳二年为弘道","0","2","2"
"永淳二年为弘道元","0","2","2"
"淳二年为弘道元年","0","2","2"
"改九成宫为万年宫","0","2","2"
"废弃玉华宫以它作","0","2","2"
"弃玉华宫以它作为","0","2","2"
"玉华宫以它作为佛","0","2","2"
"华宫以它作为佛寺","0","2","2"
"左领将军赵孝祖大","0","2","2"
"领将军赵孝祖大破","0","2","2"
"北平县公张行成去","0","2","2"
"平县公张行成去世","0","2","2"
"龙朔元年三月一日","0","2","2"
"二年春正月皇上驾","0","2","2"
"年春正月皇上驾到","0","2","2"
"春正月皇上驾到东","0","2","2"
"正月皇上驾到东都","0","2","2"
"月皇上驾到东都合","0","2","2"
"皇上驾到东都合璧","0","2","2"
"上驾到东都合璧宫","0","2","2"
"如今您的昌平故里","0","2","2"
"这是使大夫得以不","0","2","2"
"是使大夫得以不朽","0","2","2"
"使大夫得以不朽的","0","2","2"
"大夫得以不朽的名","0","2","2"
"夫得以不朽的名声","0","2","2"
"得以不朽的名声啊","0","2","2"
"出生于绝下的年月","0","2","2"
"尽人的责任无头有","0","2","2"
"人的责任无头有尾","0","2","2"
"老年反而更加吉利","0","2","2"
"都不知道说的什么","0","2","2"
"不知道说的什么事","0","2","2"
"朝廷内外恐惧不安","0","2","2"
"纵容其子伯和等人","0","2","2"
"容其子伯和等人助","0","2","2"
"其子伯和等人助纣","0","2","2"
"子伯和等人助纣为","0","2","2"
"伯和等人助纣为虐","0","2","2"
"于是将潘孟阳免职","0","2","2"
"是将潘孟阳免职贬","0","2","2"
"将潘孟阳免职贬为","0","2","2"
"潘孟阳免职贬为左","0","2","2"
"孟阳免职贬为左散","0","2","2"
"阳免职贬为左散骑","0","2","2"
"免职贬为左散骑常","0","2","2"
"职贬为左散骑常侍","0","2","2"
"陛下从此无法得知","0","2","2"
"当初应进士科考时","0","2","2"
"朝中绝无沾亲之人","0","2","2"
"达官贵人里也没有","0","2","2"
"官贵人里也没有一","0","2","2"
"贵人里也没有一面","0","2","2"
"人里也没有一面之","0","2","2"
"里也没有一面之交","0","2","2"
"一瘸一拐地走上奔","0","2","2"
"瘸一拐地走上奔走","0","2","2"
"一拐地走上奔走趋","0","2","2"
"拐地走上奔走趋附","0","2","2"
"地走上奔走趋附的","0","2","2"
"走上奔走趋附的仕","0","2","2"
"上奔走趋附的仕途","0","2","2"
"赤手空拳进入比赛","0","2","2"
"手空拳进入比赛文","0","2","2"
"空拳进入比赛文章","0","2","2"
"拳进入比赛文章的","0","2","2"
"进入比赛文章的战","0","2","2"
"入比赛文章的战场","0","2","2"
"太子通事舍人武攸","0","2","2"
"武延秀被封为桓国","0","2","2"
"延秀被封为桓国公","0","2","2"
"又授职任左卫中郎","0","2","2"
"授职任左卫中郎将","0","2","2"
"享有实征赋税的食","0","2","2"
"有实征赋税的食邑","0","2","2"
"实征赋税的食邑五","0","2","2"
"征赋税的食邑五百","0","2","2"
"赋税的食邑五百户","0","2","2"
"薛怀义与法明和尚","0","2","2"
"怀义与法明和尚等","0","2","2"
"不久升为陕州刺史","0","2","2"
"为买卖人协议物价","0","2","2"
"买卖人协议物价的","0","2","2"
"卖人协议物价的牙","0","2","2"
"人协议物价的牙郎","0","2","2"
"张守王圭任幽州节","0","2","2"
"守王圭任幽州节度","0","2","2"
"肃宗至德二年正月","0","2","2"
"就是肃宗乾元二年","0","2","2"
"是肃宗乾元二年正","0","2","2"
"肃宗乾元二年正月","0","2","2"
"宗乾元二年正月初","0","2","2"
"乾元二年正月初一","0","2","2"
"当时有个擅长文辞","0","2","2"
"时有个擅长文辞的","0","2","2"
"有个擅长文辞的孙","0","2","2"
"个擅长文辞的孙万","0","2","2"
"擅长文辞的孙万寿","0","2","2"
"与绍安友情笃厚为","0","2","2"
"绍安友情笃厚为忘","0","2","2"
"安友情笃厚为忘年","0","2","2"
"友情笃厚为忘年之","0","2","2"
"情笃厚为忘年之交","0","2","2"
"被当时的人并称为","0","2","2"
"当时的人并称为孙","0","2","2"
"审言也因此事被免","0","2","2"
"言也因此事被免去","0","2","2"
"也因此事被免去官","0","2","2"
"因此事被免去官职","0","2","2"
"杨盈川的文思有如","0","2","2"
"盈川的文思有如悬","0","2","2"
"川的文思有如悬河","0","2","2"
"的文思有如悬河注","0","2","2"
"文思有如悬河注水","0","2","2"
"玄宗下诏赐号叫大","0","2","2"
"用气数推演八卦的","0","2","2"
"吞并了他们的军队","0","2","2"
"是京兆府长安县人","0","2","2"
"提升他为监察御史","0","2","2"
"李晟和张延赏和解","0","2","2"
"停止上朝三天致哀","0","2","2"
"助丧礼物增加一等","0","2","2"
"在家乡立牌坊赐匾","0","2","2"
"家乡立牌坊赐匾额","0","2","2"
"奏本贬他为蓬州长","0","2","2"
"本贬他为蓬州长史","0","2","2"
"各级长官报告宰相","0","2","2"
"马燧任河阳三城镇","0","2","2"
"燧任河阳三城镇遏","0","2","2"
"任河阳三城镇遏使","0","2","2"
"征聘张建封为判官","0","2","2"
"并奏请朝廷授予他","0","2","2"
"奏请朝廷授予他监","0","2","2"
"请朝廷授予他监察","0","2","2"
"朝廷授予他监察御","0","2","2"
"廷授予他监察御史","0","2","2"
"加授张建封兼御史","0","2","2"
"朱滔恼怒失去了深","0","2","2"
"滔恼怒失去了深州","0","2","2"
"恐怕不能这样做吧","0","2","2"
"王武俊之子王士真","0","2","2"
"又就地加授王廷凑","0","2","2"
"就地加授王廷凑太","0","2","2"
"地加授王廷凑太子","0","2","2"
"加授王廷凑太子太","0","2","2"
"授王廷凑太子太傅","0","2","2"
"世代居住在幽州蓟","0","2","2"
"代居住在幽州蓟县","0","2","2"
"治所寄设在经略军","0","2","2"
"太宗认为他说得对","0","2","2"
"于是拜魏徵为特进","0","2","2"
"仍旧让他掌管门下","0","2","2"
"旧让他掌管门下省","0","2","2"
"让他掌管门下省事","0","2","2"
"他掌管门下省事务","0","2","2"
"处在上位的人容易","0","2","2"
"在上位的人容易侍","0","2","2"
"上位的人容易侍奉","0","2","2"
"处在下位的人容易","0","2","2"
"在下位的人容易了","0","2","2"
"下位的人容易了解","0","2","2"
"不会妨害成就霸业","0","2","2"
"惟独魏徵认为不可","0","2","2"
"宫廷供给手持羽葆","0","2","2"
"班剑的仪仗队和吹","0","2","2"
"剑的仪仗队和吹鼓","0","2","2"
"的仪仗队和吹鼓乐","0","2","2"
"仪仗队和吹鼓乐手","0","2","2"
"仗队和吹鼓乐手共","0","2","2"
"队和吹鼓乐手共四","0","2","2"
"和吹鼓乐手共四十","0","2","2"
"吹鼓乐手共四十人","0","2","2"
"送给办丧事用的绢","0","2","2"
"给办丧事用的绢帛","0","2","2"
"办丧事用的绢帛千","0","2","2"
"丧事用的绢帛千段","0","2","2"
"赏赐给师古帛物二","0","2","2"
"赐给师古帛物二百","0","2","2"
"给师古帛物二百段","0","2","2"
"遇上了空亡的恶运","0","2","2"
"己亥这天举行丧葬","0","2","2"
"然而太子最终还是","0","2","2"
"而太子最终还是因","0","2","2"
"太子最终还是因不","0","2","2"
"子最终还是因不醒","0","2","2"
"最终还是因不醒悟","0","2","2"
"终还是因不醒悟而","0","2","2"
"还是因不醒悟而被","0","2","2"
"是因不醒悟而被废","0","2","2"
"因不醒悟而被废去","0","2","2"
"杀了他们的节度使","0","2","2"
"尚结赞在平凉盟誓","0","2","2"
"马燧在延英殿被召","0","2","2"
"燧在延英殿被召见","0","2","2"
"持节郑州诸军事兼","0","2","2"
"节郑州诸军事兼郑","0","2","2"
"郑州诸军事兼郑州","0","2","2"
"州诸军事兼郑州刺","0","2","2"
"诸军事兼郑州刺史","0","2","2"
"升任检校兵部尚书","0","2","2"
"马燧率军回到太原","0","2","2"
"一并在集贤院待制","0","2","2"
"不久加授御史大夫","0","2","2"
"李待荣及载的儿子","0","2","2"
"待荣及载的儿子仲","0","2","2"
"荣及载的儿子仲武","0","2","2"
"命吏部尚书刘晏审","0","2","2"
"依旧担任山南东道","0","2","2"
"旧担任山南东道节","0","2","2"
"替代左仆射裴冕任","0","2","2"
"代左仆射裴冕任山","0","2","2"
"左仆射裴冕任山陵","0","2","2"
"仆射裴冕任山陵使","0","2","2"
"他是西凉武昭王李","0","2","2"
"是西凉武昭王李詗","0","2","2"
"西凉武昭王李詗的","0","2","2"
"凉武昭王李詗的七","0","2","2"
"武昭王李詗的七世","0","2","2"
"昭王李詗的七世孙","0","2","2"
"高祖引军急攻霍邑","0","2","2"
"窦建德超越本分号","0","2","2"
"建德超越本分号称","0","2","2"
"德超越本分号称为","0","2","2"
"超越本分号称为天","0","2","2"
"越本分号称为天子","0","2","2"
"超越本分号称天子","0","2","2"
"刘武周的大将宋金","0","2","2"
"武周的大将宋金刚","0","2","2"
"用木栏杆围阻猎取","0","2","2"
"木栏杆围阻猎取野","0","2","2"
"栏杆围阻猎取野兽","0","2","2"
"请求在泰山祭祀天","0","2","2"
"求在泰山祭祀天地","0","2","2"
