"N-gram","原文","翻译","Total"
"开府仪同三","91","91","182"
"府仪同三司","91","91","182"
"尚书左仆射","27","26","53"
"骠骑大将军","23","25","48"
"尚书右仆射","23","23","46"
"太子中庶子","21","22","43"
"南兖州刺史","17","20","37"
"司徒左长史","18","18","36"
"紫光禄大夫","17","17","34"
"金紫光禄大","17","16","33"
"南徐州刺史","16","16","32"
"竟陵王萧子","0","29","29"
"陵王萧子良","0","29","29"
"逐步升迁为","0","28","28"
"竟陵王子良","27","0","27"
"尚书吏部郎","13","13","26"
"江夏王刘义","0","26","26"
"夏王刘义恭","0","26","26"
"左光禄大夫","13","12","25"
"江夏王义恭","25","0","25"
"都督中外诸","13","11","24"
"督中外诸军","13","11","24"
"南豫州刺史","11","11","22"
"彭城王刘义","0","22","22"
"城王刘义康","0","22","22"
"彭城王义康","21","0","21"
"车骑大将军","10","10","20"
"太子左卫率","10","10","20"
"中外诸军事","10","9","19"
"中书通事舍","9","10","19"
"书通事舍人","9","10","19"
"征东大将军","9","9","18"
"他就是这样","0","18","18"
"豫章王萧嶷","0","18","18"
"班剑二十人","15","2","17"
"北徐州刺史","8","9","17"
"当时的人们","0","17","17"
"镇东大将军","8","8","16"
"事黄门侍郎","8","8","16"
"加散骑常侍","14","2","16"
"文集二十卷","6","10","16"
"孝武帝即位","0","16","16"
"为散骑常侍","0","16","16"
"派遣使者前","0","16","16"
"征讨诸军事","8","7","15"
"中大通二年","7","8","15"
"东扬州刺史","7","8","15"
"有关部门奏","0","15","15"
"秋季的七月","0","15","15"
"春季的正月","0","15","15"
"少年的时候","0","15","15"
"献地方物产","0","15","15"
"司徒竟陵王","7","7","14"
"中大通三年","6","8","14"
"遣中书舍人","10","4","14"
"太子右卫率","7","7","14"
"始安王萧遥","1","13","14"
"安王萧遥光","1","13","14"
"关部门奏请","0","14","14"
"年春季的正","0","14","14"
"冬季的十月","0","14","14"
"冀二州刺史","7","6","13"
"督征讨诸军","7","6","13"
"齐高帝辅政","7","6","13"
"尚书令王俭","7","6","13"
"仪仗二十人","0","13","13"
"季的正月初","0","13","13"
"遣使者前来","0","13","13"
"徐羡之等人","0","13","13"
"兖二州刺史","6","6","12"
"南东海太守","6","6","12"
"国遣使朝贡","12","0","12"
"爲御史中丞","12","0","12"
"太子中舍人","6","6","12"
"夏季的四月","0","12","12"
"在宋朝做官","0","12","12"
"母亲的丧事","0","12","12"
"前后部羽葆","6","5","11"
"都督征讨诸","6","5","11"
"始安王遥光","11","0","11"
"吴兴武康人","6","5","11"
"司徒右长史","6","5","11"
"尚书殿中郎","7","4","11"
"会稽山阴人","6","5","11"
"哥哥的儿子","0","11","11"
"国派遣使者","0","11","11"
"使者前来朝","0","11","11"
"者前来朝贡","0","11","11"
"临死的时候","0","11","11"
"湘东王萧绎","0","11","11"
"邵陵王萧纶","0","11","11"
"为吏部尚书","0","11","11"
"被有关部门","0","11","11"
"任吏部尚书","0","11","11"
"爲雍州刺史","10","0","10"
"爲尚书左仆","10","0","10"
"军中兵参军","5","5","10"
"司空褚彦回","5","5","10"
"司徒褚彦回","5","5","10"
"征北大将军","5","5","10"
"尚书令王亮","5","5","10"
"司州刺史羊","5","5","10"
"州刺史羊鸦","5","5","10"
"刺史羊鸦仁","5","5","10"
"御史中丞刘","5","5","10"
"爲江州刺史","10","0","10"
"月二十一日","3","7","10"
"爲吏部尚书","10","0","10"
"员外散骑侍","6","4","10"
"外散骑侍郎","6","4","10"
"元嘉二十七","4","6","10"
"嘉二十七年","4","6","10"
"吏部尚书王","5","5","10"
"尚书驾部郎","5","5","10"
"东宫通事舍","5","5","10"
"宫通事舍人","5","5","10"
"鄱阳王萧范","2","8","10"
"任命武帝为","0","10","10"
"军队驻扎在","0","10","10"
"为尚书仆射","0","10","10"
"晋升封号为","0","10","10"
"月二十二日","0","10","10"
"任散骑常侍","0","10","10"
"州刺史刘道","4","5","9"
"月二十九日","3","6","9"
"月二十三日","1","8","9"
"义熙十二年","3","6","9"
"太宰江夏王","5","4","9"
"二州诸军事","4","5","9"
"就是这样地","0","9","9"
"有关部门上","0","9","9"
"武陵王萧纪","0","9","9"
"皇帝的车驾","0","9","9"
"弟弟的儿子","0","9","9"
"季的七月初","0","9","9"
"的正月初一","0","9","9"
"为尚书右仆","0","9","9"
"任江州刺史","0","9","9"
"为开府仪同","0","9","9"
"的几个儿子","0","9","9"
"了母亲的丧","0","9","9"
"任国子祭酒","0","9","9"
"置左右长史","4","4","8"
"十四年正月","4","4","8"
"备五时副车","4","4","8"
"爲尚书仆射","8","0","8"
"尚书令袁粲","4","4","8"
"荆州刺史沈","4","4","8"
"州刺史沈攸","4","4","8"
"湘州刺史王","4","4","8"
"爲尚书右仆","8","0","8"
"五十人入殿","4","4","8"
"班剑三十人","7","1","8"
"月二十四日","1","7","8"
"书左仆射王","4","4","8"
"征南大将军","4","4","8"
"吏部尚书徐","4","4","8"
"尚书令徐孝","4","4","8"
"书令徐孝嗣","4","4","8"
"太尉陈显达","4","4","8"
"刺史始安王","4","4","8"
"长沙王叔坚","8","0","8"
"加开府仪同","7","1","8"
"太尉江夏王","4","4","8"
"尚书仆射徐","4","4","8"
"尚书祠部郎","4","4","8"
"爲都官尚书","8","0","8"
"御史中丞王","4","4","8"
"爲吴兴太守","8","0","8"
"通直散骑常","4","4","8"
"直散骑常侍","4","4","8"
"军录事参军","4","4","8"
"尚书令沈约","4","4","8"
"中大通四年","4","4","8"
"员外散骑常","4","4","8"
"外散骑常侍","4","4","8"
"遣使献方物","8","0","8"
"督百济诸军","4","4","8"
"百济诸军事","4","4","8"
"加罗秦韩慕","4","4","8"
"罗秦韩慕韩","4","4","8"
"秦韩慕韩六","4","4","8"
"韩慕韩六国","4","4","8"
"慕韩六国诸","4","4","8"
"韩六国诸军","4","4","8"
"六国诸军事","4","4","8"
"武帝对他说","0","8","8"
"为车骑将军","0","8","8"
"冬季的十一","0","8","8"
"季的十一月","0","8","8"
"为尚书左仆","0","8","8"
"桂阳王刘休","0","8","8"
"阳王刘休范","0","8","8"
"为辅国将军","0","8","8"
"少年时期就","0","8","8"
"晋升爵位为","0","8","8"
"第二个儿子","0","8","8"
"的文武官员","0","8","8"
"长沙王陈叔","0","8","8"
"沙王陈叔坚","0","8","8"
"关部门上奏","0","8","8"
"给事黄门侍","0","8","8"
"任御史中丞","0","8","8"
"朝做官担任","0","8","8"
"到了母亲的","0","8","8"
"梁武帝起兵","0","8","8"
"派中书舍人","0","8","8"
"贞阳侯萧渊","0","8","8"
"阳侯萧渊明","0","8","8"
"元年春正月","7","0","7"
"桂阳王休范","7","0","7"
"建平王景素","7","0","7"
"大将军彭城","4","3","7"
"将军彭城王","4","3","7"
"雍州刺史萧","3","4","7"
"左仆射王俭","4","3","7"
"元嘉十七年","2","5","7"
"号开府仪同","5","2","7"
"南康王会理","7","0","7"
"西丰公大春","6","1","7"
"州刺史鄱阳","4","3","7"
"刺史鄱阳王","4","3","7"
"加金章紫绶","4","3","7"
"南谯王义宣","7","0","7"
"扬州刺史王","3","4","7"
"秦二州刺史","4","3","7"
"府中兵参军","4","3","7"
"爲黄门侍郎","7","0","7"
"爲会稽太守","7","0","7"
"魏徐州刺史","4","3","7"
"把他们全部","0","7","7"
"月二十七日","0","7","7"
"武帝笑着说","0","7","7"
"孝武帝大明","0","7","7"
"在太极前殿","0","7","7"
"建平王刘景","0","7","7"
"平王刘景素","0","7","7"
"给仪仗二十","0","7","7"
"加封开府仪","0","7","7"
"封开府仪同","0","7","7"
"西昌侯萧鸾","0","7","7"
"徒竟陵王萧","0","7","7"
"为中书侍郎","0","7","7"
"任太子中庶","0","7","7"
"南康王萧会","0","7","7"
"康王萧会理","0","7","7"
"晋升职位为","0","7","7"
"简文帝即位","0","7","7"
"皇后的父亲","0","7","7"
"为金紫光禄","0","7","7"
"竟陵王刘诞","0","7","7"
"南谯王刘义","0","7","7"
"谯王刘义宣","0","7","7"
"逐渐升迁为","0","7","7"
"他就是如此","0","7","7"
"任都官尚书","0","7","7"
"齐永明年间","0","7","7"
"屡次派使者","0","7","7"
"派使者来朝","0","7","7"
"使者来朝贡","0","7","7"
"爲中军将军","6","0","6"
"尚书仆射谢","3","3","6"
"爲益州刺史","6","0","6"
"将军檀道济","3","3","6"
"中兵参军沈","3","3","6"
"军将军褚彦","3","3","6"
"将军褚彦回","3","3","6"
"州刺史桂阳","3","3","6"
"刺史桂阳王","3","3","6"
"雍州刺史张","3","3","6"
"将军高道庆","3","3","6"
"徐州刺史薛","3","3","6"
"州刺史薛安","3","3","6"
"刺史薛安都","3","3","6"
"迁散骑常侍","6","0","6"
"将军卜伯兴","3","3","6"
"书右仆射王","3","3","6"
"中军大将军","3","3","6"
"扬州刺史始","3","3","6"
"州刺史始安","3","3","6"
"江州刺史陈","3","3","6"
"将军崔慧景","4","2","6"
"刺史江夏王","3","3","6"
"左卫将军王","3","3","6"
"司州刺史柳","3","3","6"
"州刺史柳仲","3","3","6"
"刺史柳仲礼","3","3","6"
"尚书仆射王","3","3","6"
"书仆射王克","3","3","6"
"司空南平王","3","3","6"
"江州刺史王","3","3","6"
"左仆射王褒","3","3","6"
"荆州刺史萧","2","4","6"
"爲扬州刺史","6","0","6"
"赠散骑常侍","5","1","6"
"世子左卫率","3","3","6"
"迁尚书吏部","6","0","6"
"军将军刘湛","3","3","6"
"亲信二十人","3","3","6"
"少帝景平二","3","3","6"
"帝景平二年","3","3","6"
"爲吴郡太守","6","0","6"
"爲司徒左长","6","0","6"
"迁吏部尚书","6","0","6"
"吏部尚书褚","3","3","6"
"部尚书褚彦","3","3","6"
"尚书褚彦回","3","3","6"
"平越中郎将","3","3","6"
"镇军中兵参","3","3","6"
"尚书都官郎","3","3","6"
"徒左长史王","3","3","6"
"太子詹事周","3","3","6"
"中郎府主簿","3","3","6"
"司徒左西曹","3","3","6"
"徒左西曹掾","3","3","6"
"南济阴太守","3","3","6"
"益州刺史刘","3","3","6"
"年十一月十","3","3","6"
"通直散骑侍","3","3","6"
"直散骑侍郎","3","3","6"
"十二月二十","1","5","6"
"都督百济诸","3","3","6"
"都督倭新罗","3","3","6"
"督倭新罗任","3","3","6"
"安东大将军","3","3","6"
"永明十一年","1","5","6"
"身边的人说","0","6","6"
"流下了眼泪","0","6","6"
"了他的意见","0","6","6"
"任扬州刺史","0","6","6"
"他打得大败","0","6","6"
"为中军将军","0","6","6"
"也没有什么","0","6","6"
"可以带剑穿","0","6","6"
"元年春季的","0","6","6"
"把他们打得","0","6","6"
"他们打得大","0","6","6"
"们打得大败","0","6","6"
"为车骑大将","0","6","6"
"为骠骑大将","0","6","6"
"任右军将军","0","6","6"
"任命高帝为","0","6","6"
"季的四月初","0","6","6"
"季的十月十","0","6","6"
"任黄门侍郎","0","6","6"
"这就是所谓","0","6","6"
"才安定下来","0","6","6"
"流着眼泪说","0","6","6"
"文帝即位后","0","6","6"
"少年时候就","0","6","6"
"担任尚书左","0","6","6"
"任尚书左仆","0","6","6"
"被刘义康所","0","6","6"
"始兴王刘浚","0","6","6"
"是什么缘故","0","6","6"
"事情平定后","0","6","6"
"他坚持推辞","0","6","6"
"第二天早晨","0","6","6"
"囚禁在尚方","0","6","6"
"在尚方狱中","0","6","6"
"自己的心情","0","6","6"
"把女儿嫁给","0","6","6"
"任会稽太守","0","6","6"
"当时的人把","0","6","6"
"善于写文章","0","6","6"
"后来他做了","0","6","6"
"任左卫将军","0","6","6"
"把这话告诉","0","6","6"
"兼任国子祭","0","6","6"
"为冠军将军","0","6","6"
"又任命他为","0","6","6"
"武帝即位后","0","6","6"
"丧服期满后","0","6","6"
"爲竟陵太守","5","0","5"
"监太尉留府","4","1","5"
"太尉留府事","3","2","5"
"十一月二十","1","4","5"
"建安王休仁","5","0","5"
"晋安王子勋","5","0","5"
"太子皇帝位","5","0","5"
"年春正月戊","5","0","5"
"羽林监陈显","3","2","5"
"林监陈显达","3","2","5"
"号车骑大将","4","1","5"
"桂阳王征北","3","2","5"
"遣冠军将军","4","1","5"
"爲右卫将军","5","0","5"
"三年春正月","5","0","5"
"爲左卫将军","5","0","5"
"徒竟陵王子","5","0","5"
"本号开府仪","5","0","5"
"州刺史王珍","3","2","5"
"刺史王珍国","3","2","5"
"崔慧景围城","3","2","5"
"遣左卫将军","3","2","5"
"爲辅国将军","5","0","5"
"临城公大连","5","0","5"
"立爲皇太子","5","0","5"
"始兴王叔陵","5","0","5"
"南郡王义宣","5","0","5"
"高平金乡人","3","2","5"
"临川王义庆","5","0","5"
"爲永嘉太守","5","0","5"
"宰江夏王义","5","0","5"
"迁左卫将军","5","0","5"
"晋安帝隆安","2","3","5"
"爲五兵尚书","5","0","5"
"使御史中丞","3","2","5"
"转吏部尚书","5","0","5"
"御史中丞沈","3","2","5"
"子詹事周舍","3","2","5"
"河东裴子野","3","2","5"
"府谘议参军","3","2","5"
"太子步兵校","3","2","5"
"子步兵校尉","3","2","5"
"赠开府仪同","2","3","5"
"时中书舍人","2","3","5"
"长沙宣武王","3","2","5"
"命护军将军","1","4","5"
"中山王元英","1","4","5"
"礼仪注天监","5","0","5"
"右光禄大夫","3","2","5"
"梁元帝承制","3","2","5"
"授开府仪同","4","1","5"
"将慕容绍宗","3","2","5"
"鄱阳世子嗣","5","0","5"
"天监十三年","2","3","5"
"就是这样的","0","5","5"
"对身边的人","0","5","5"
"为什么还要","0","5","5"
"他哥哥的儿","0","5","5"
"当时尚书令","0","5","5"
"自己的儿子","0","5","5"
"镇守石头城","0","5","5"
"在什么地方","0","5","5"
"把他打得大","0","5","5"
"武帝坚持推","0","5","5"
"帝坚持推辞","0","5","5"
"当时的议论","0","5","5"
"为益州刺史","0","5","5"
"以带剑穿履","0","5","5"
"的军队驻扎","0","5","5"
"为雍州刺史","0","5","5"
"建安王刘休","0","5","5"
"安王刘休仁","0","5","5"
"晋安王刘子","0","5","5"
"安王刘子勋","0","5","5"
"晋熙王刘燮","0","5","5"
"的七月初一","0","5","5"
"季的十月初","0","5","5"
"季的四月二","0","5","5"
"的四月二十","0","5","5"
"当时年龄十","0","5","5"
"几岁的时候","0","5","5"
"都佩服他的","0","5","5"
"武帝知道后","0","5","5"
"秘密地告诉","0","5","5"
"配给仪仗二","0","5","5"
"为录尚书事","0","5","5"
"鄱阳王萧锵","0","5","5"
"为骠骑将军","0","5","5"
"的第二个儿","0","5","5"
"领军将军刘","0","5","5"
"亲近的人说","0","5","5"
"为征东将军","0","5","5"
"的十一月初","0","5","5"
"临城公萧大","0","5","5"
"城公萧大连","0","5","5"
"西丰公萧大","0","5","5"
"丰公萧大春","0","5","5"
"年号为天正","0","5","5"
"河东王萧誉","0","5","5"
"南平王萧恪","0","5","5"
"幼年的时候","0","5","5"
"到了这种地","0","5","5"
"了这种地步","0","5","5"
"立为皇太子","0","5","5"
"立皇弟陈叔","0","5","5"
"帝很不高兴","0","5","5"
"没有来得及","0","5","5"
"南郡王刘义","0","5","5"
"郡王刘义宣","0","5","5"
"为扬州刺史","0","5","5"
"升迁为尚书","0","5","5"
"元凶劭杀死","0","5","5"
"南平王刘铄","0","5","5"
"为护军将军","0","5","5"
"的两个儿子","0","5","5"
"武帝听从了","0","5","5"
"了他的爵位","0","5","5"
"禁在尚方狱","0","5","5"
"临川王刘义","0","5","5"
"川王刘义庆","0","5","5"
"为领军将军","0","5","5"
"把他抓起来","0","5","5"
"有关部门所","0","5","5"
"任尚书吏部","0","5","5"
"为太子中庶","0","5","5"
"任司徒左长","0","5","5"
"为吴郡太守","0","5","5"
"请求解除职","0","5","5"
"求解除职务","0","5","5"
"步升迁为太","0","5","5"
"升迁为太子","0","5","5"
"为太子舍人","0","5","5"
"任骁骑将军","0","5","5"
"侍中职务依","0","5","5"
"中职务依旧","0","5","5"
"岁能写文章","0","5","5"
"常对别人说","0","5","5"
"宋朝做官担","0","5","5"
"左右的人说","0","5","5"
"任步兵校尉","0","5","5"
"担任尚书令","0","5","5"
"武帝在东宫","0","5","5"
"梁朝天监初","0","5","5"
"朝天监初年","0","5","5"
"有文集二十","0","5","5"
"为御史中丞","0","5","5"
"因为母亲年","0","5","5"
"梁武帝即位","0","5","5"
"表达自己的","0","5","5"
"是高帝的第","0","5","5"
"为南豫州刺","0","5","5"
"杀了王僧辩","0","5","5"
"侯景之乱时","0","5","5"
"朝廷下诏让","0","5","5"
"进献地方物","0","5","5"
"派使者来献","0","5","5"
"永安侯萧确","0","5","5"
"尚书令何敬","2","2","4"
"书令何敬容","2","2","4"
"高祖武皇帝","2","2","4"
"爲会稽内史","4","0","4"
"爲豫州刺史","4","0","4"
"时诸葛长人","2","2","4"
"熙元年正月","2","2","4"
"兖州刺史刘","1","3","4"
"录事参军刘","2","2","4"
"遣辅国将军","2","2","4"
"荆州刺史刘","2","2","4"
"交州刺史杜","2","2","4"
"诸葛长人监","2","2","4"
"丹阳尹刘穆","2","2","4"
"龙骧将军蒯","2","2","4"
"骧将军蒯恩","2","2","4"
"州刺史司马","2","2","4"
"府录事参军","3","1","4"
"事中郎四人","2","2","4"
"冠军将军檀","2","2","4"
"军将军檀道","2","2","4"
"龙骧将军王","2","2","4"
"骧将军王镇","2","2","4"
"将军王镇恶","2","2","4"
"桂阳公义真","4","0","4"
"将军刘遵考","2","2","4"
"兵参军沈田","2","2","4"
"参军沈田子","2","2","4"
"安西长史王","2","2","4"
"西长史王修","2","2","4"
"建天子旌旗","4","0","4"
"置旄头云罕","3","1","4"
"一月二十九","2","2","4"
"皇帝位太极","4","0","4"
"帝位太极前","4","0","4"
"位太极前殿","4","0","4"
"护军将军褚","2","2","4"
"江州刺史桂","2","2","4"
"右卫将军萧","2","2","4"
"将军萧道成","2","2","4"
"卫将军袁粲","2","2","4"
"车骑典签茅","2","2","4"
"骑典签茅恬","2","2","4"
"徐州刺史建","2","2","4"
"州刺史建平","2","2","4"
"刺史建平王","2","2","4"
"州刺史王僧","2","2","4"
"冬十一月丙","4","0","4"
"征西大将军","2","2","4"
"河南王吐谷","2","2","4"
"南王吐谷浑","2","2","4"
"王吐谷浑拾","2","2","4"
"吐谷浑拾寅","2","2","4"
"进号车骑大","4","0","4"
"南泰山太守","2","2","4"
"晋兴县五等","2","2","4"
"兴县五等男","2","2","4"
"元嘉二十四","2","2","4"
"嘉二十四年","2","2","4"
"军彭城王义","4","0","4"
"江州刺史晋","2","2","4"
"州刺史晋安","2","2","4"
"刺史晋安王","2","2","4"
"前锋诸军事","2","2","4"
"朔将军高道","2","2","4"
"将军沈怀明","2","2","4"
"仗五十人入","3","1","4"
"平西将军黄","2","2","4"
"西将军黄回","2","2","4"
"前湘州刺史","2","2","4"
"州刺史王蕴","2","2","4"
"丹阳丞王逊","2","2","4"
"军卜伯兴等","2","2","4"
"右仆射王俭","2","2","4"
"南蛮校尉官","2","2","4"
"汝阴王太妃","2","2","4"
"二年春正月","4","0","4"
"百济国遣使","4","0","4"
"济国遣使朝","4","0","4"
"四月二十三","1","3","4"
"王镇西长史","2","2","4"
"将军陈显达","2","2","4"
"太傅竟陵王","2","2","4"
"将军西昌侯","2","2","4"
"爲骠骑将军","4","0","4"
"竟陵文宣王","2","2","4"
"将军曹道刚","2","2","4"
"中书令何胤","2","2","4"
"将军晋安王","2","2","4"
"司空徐孝嗣","2","2","4"
"镇军将军沈","2","2","4"
"护军将军崔","2","2","4"
"刺史裴叔业","2","2","4"
"平西将军崔","2","2","4"
"书右仆射萧","2","2","4"
"州刺史江夏","2","2","4"
"西中郎长史","2","2","4"
"前南谯太守","2","2","4"
"南谯太守王","2","2","4"
"谯太守王灵","2","2","4"
"太守王灵秀","2","2","4"
"舍人裴长穆","2","2","4"
"将军王珍国","2","2","4"
"爲太子中庶","4","0","4"
"太守曹景宗","2","2","4"
"中兵参军张","2","2","4"
"遣征虏将军","2","2","4"
"徐州刺史王","2","2","4"
"州刺史陈伯","2","2","4"
"新淦公大成","3","1","4"
"刺史元景仲","2","2","4"
"州刺史萧勃","2","2","4"
"司空南康王","2","2","4"
"前司州刺史","2","2","4"
"湘东王绎遣","4","0","4"
"将军王僧辩","2","2","4"
"宇宙大将军","2","2","4"
"都督六合诸","2","2","4"
"督六合诸军","2","2","4"
"六合诸军事","2","2","4"
"厢公王僧贵","2","2","4"
"雍州刺史岳","2","2","4"
"州刺史岳阳","2","2","4"
"刺史岳阳王","2","2","4"
"军王僧辩代","2","2","4"
"刺史南平王","2","2","4"
"将军胡僧佑","3","1","4"
"将军朱买臣","2","2","4"
"都督王僧辩","2","2","4"
"尚书吕季略","2","2","4"
"护军将军陆","2","2","4"
"军将军陆法","2","2","4"
"州刺史萧循","2","2","4"
"州刺史王琳","2","2","4"
"广州刺史王","2","2","4"
"晋安王司马","2","2","4"
"置儒林参军","2","2","4"
"儒林参军一","2","2","4"
"林参军一人","2","2","4"
"左户尚书周","2","2","4"
"户尚书周弘","2","2","4"
"尚书周弘正","2","2","4"
"始兴昭烈王","2","2","4"
"尚书仆射沈","2","2","4"
"建元年正月","2","2","4"
"沙王叔坚爲","4","0","4"
"扬州刺史长","2","2","4"
"州刺史长沙","2","2","4"
"刺史长沙王","2","2","4"
"江州刺史豫","2","2","4"
"州刺史豫章","2","2","4"
"刺史豫章王","2","2","4"
"吏部尚书江","2","2","4"
"尚书仆射江","2","2","4"
"镇卫大将军","2","2","4"
"隋将贺若弼","2","2","4"
"贺若弼进军","2","2","4"
"东大将军任","2","2","4"
"大将军任忠","2","2","4"
"陈郡阳夏人","2","2","4"
"齐建元元年","4","0","4"
"七年十一月","2","2","4"
"中书舍人蔡","2","2","4"
"书舍人蔡景","2","2","4"
"舍人蔡景历","2","2","4"
"累迁尚书左","4","0","4"
"太子詹事刘","2","2","4"
"子詹事刘湛","2","2","4"
"仆射殷景仁","2","2","4"
"尚书库部郎","2","2","4"
"尉江夏王义","4","0","4"
"左卫率袁淑","2","2","4"
"中书舍人顾","2","2","4"
"侍中王僧绰","2","2","4"
"巴陵王休若","4","0","4"
"州刺史王谧","2","2","4"
"光禄大夫范","2","2","4"
"禄大夫范泰","2","2","4"
"元嘉二十五","2","2","4"
"嘉二十五年","2","2","4"
"庐陵王义真","4","0","4"
"义熙十四年","1","3","4"
"交州刺史檀","2","2","4"
"南秦二州刺","2","2","4"
"监四州军事","2","2","4"
"雍州刺史刘","2","2","4"
"大司马行参","2","2","4"
"司马行参军","2","2","4"
"御史中丞傅","2","2","4"
"史中丞傅隆","2","2","4"
"司空竟陵王","2","2","4"
"平西记室参","2","2","4"
"西记室参军","2","2","4"
"王大司马参","2","2","4"
"大司马参军","2","2","4"
"尚书李孝伯","2","2","4"
"大司马江夏","2","2","4"
"司马江夏王","2","2","4"
"军谘议参军","3","1","4"
"子左卫率谢","2","2","4"
"左卫率谢灵","2","2","4"
"卫率谢灵运","2","2","4"
"史中丞王准","2","2","4"
"迁太子洗马","4","0","4"
"爲护军将军","4","0","4"
"南台侍御史","2","2","4"
"中书舍人周","2","2","4"
"书舍人周赳","2","2","4"
"爲尚书殿中","4","0","4"
"爲太子詹事","4","0","4"
"时广州刺史","2","2","4"
"爲宋武帝太","4","0","4"
"宋武帝太尉","4","0","4"
"国子博士范","2","2","4"
"子博士范云","2","2","4"
"御史中丞乐","2","2","4"
"前尚书令王","2","2","4"
"御史中丞任","2","2","4"
"时尚书令王","2","2","4"
"都督吴明彻","2","2","4"
"辅国将军张","2","2","4"
"王国左常侍","2","2","4"
"爲散骑常侍","4","0","4"
"南中郎参军","2","2","4"
"齐高帝太傅","2","2","4"
"爲冠军将军","4","0","4"
"迁吴兴太守","4","0","4"
"黄门吏部郎","2","2","4"
"荆州刺史谢","2","2","4"
"州刺史谢晦","2","2","4"
"爲湘州刺史","4","0","4"
"尚书仓部郎","2","2","4"
"爲新安太守","4","0","4"
"都督城内诸","2","2","4"
"督城内诸军","2","2","4"
"城内诸军事","2","2","4"
"青冀二州刺","3","1","4"
"北中兵参军","2","2","4"
"司马竺超人","2","2","4"
"将军王玄谟","2","2","4"
"军记室参军","2","2","4"
"衡阳王义季","4","0","4"
"尚书仆射范","2","2","4"
"部尚书徐勉","2","2","4"
"吴平侯萧劢","2","2","4"
"书仆射徐勉","2","2","4"
"尚书水部郎","2","2","4"
"御史中丞庾","2","2","4"
"史中丞庾徽","2","2","4"
"爲谘议参军","4","0","4"
"平西邵陵王","2","2","4"
"太守王昙生","2","2","4"
"仆射沈约等","2","2","4"
"中书郎王融","2","2","4"
"西中郎湘东","2","2","4"
"中郎湘东王","2","2","4"
"时荆州刺史","2","2","4"
"豫章文献王","2","2","4"
"普通北伐记","2","2","4"
"舍人茹法亮","2","2","4"
"沙门释宝志","4","0","4"
"尚书金部郎","2","2","4"
"太子率更令","2","2","4"
"六年五月二","2","2","4"
"年五月二十","2","2","4"
"散骑常侍王","2","2","4"
"临川靖惠王","2","2","4"
"开府同三司","2","2","4"
"除事黄门侍","4","0","4"
"建安王萧宝","1","3","4"
"徐州刺史封","2","2","4"
"州刺史封山","2","2","4"
"刺史封山侯","2","2","4"
"舍人诸昙粲","2","2","4"
"将军赵伯超","2","2","4"
"尚书左丞刘","2","2","4"
"豫州刺史韦","2","2","4"
"魏将杨大眼","2","2","4"
"州刺史刘季","2","2","4"
"刺史刘季连","2","2","4"
"梁郡太守冯","2","2","4"
"郡太守冯道","2","2","4"
"太守冯道根","2","2","4"
"河东闻喜人","2","2","4"
"济阳考城人","2","2","4"
"南徐州秀才","2","2","4"
"前益州刺史","2","2","4"
"卫将军王俭","2","2","4"
"徐州刺史元","2","2","4"
"州刺史元法","2","2","4"
"刺史元法僧","2","2","4"
"将军丹阳尹","2","2","4"
"中书侍郎周","2","2","4"
"天监六年五","2","2","4"
"监六年五月","2","2","4"
"天监十一年","2","2","4"
"监十一年十","2","2","4"
"十一年十一","2","2","4"
"一年十一月","2","2","4"
"博士明山宾","2","2","4"
"书仆射谢举","2","2","4"
"仆射谢举等","2","2","4"
"制局监周石","2","2","4"
"局监周石珍","2","2","4"
"州司马徐思","2","2","4"
"司马徐思玉","2","2","4"
"太尉王僧辩","2","2","4"
"行台赵伯超","2","2","4"
"豫州刺史侯","2","2","4"
"吴兴太守裴","2","2","4"
"散骑常侍裴","2","2","4"
"州刺史吴明","2","2","4"
"刺史吴明彻","2","2","4"
"陈将吴明彻","2","2","4"
"将军尉破胡","2","2","4"
"五州诸军事","2","2","4"
"舍人司马申","2","2","4"
"高州刺史李","2","2","4"
"州刺史李迁","2","2","4"
"刺史李迁仕","2","2","4"
"配享文帝庙","2","2","4"
"享文帝庙庭","2","2","4"
"北江州刺史","2","2","4"
"尚书令江总","2","2","4"
"散骑常侍袁","2","2","4"
"梁天监二年","2","2","4"
"竟陵王司徒","2","2","4"
"明帝泰始七","2","2","4"
"帝泰始七年","2","2","4"
"元嘉十五年","1","3","4"
"梁普通二年","2","2","4"
"新罗任加罗","4","0","4"
"罗任加罗秦","4","0","4"
"任加罗秦韩","4","0","4"
"卫将军柳津","2","2","4"
"荆州刺史湘","2","2","4"
"州刺史湘东","2","2","4"
"刺史湘东王","2","2","4"
"平北将军胡","2","2","4"
"北将军胡僧","2","2","4"
"豫章太守周","2","2","4"
"章太守周敷","2","2","4"
"都督章昭达","2","2","4"
"豫章南昌人","2","2","4"
"都督倭百济","2","2","4"
"督倭百济新","2","2","4"
"倭百济新罗","2","2","4"
"百济新罗任","2","2","4"
"没有人知道","0","4","4"
"皇后的母亲","0","4","4"
"时的人们把","0","4","4"
"一天比一天","0","4","4"
"一点儿也不","0","4","4"
"他的父亲刘","0","4","4"
"告诉了武帝","0","4","4"
"当时的人都","0","4","4"
"武帝的军队","0","4","4"
"任豫州刺史","0","4","4"
"恢复了他的","0","4","4"
"帝入朝辅政","0","4","4"
"论的人认为","0","4","4"
"有什么办法","0","4","4"
"自己上表请","0","4","4"
"己上表请求","0","4","4"
"十二月初一","0","4","4"
"对他们进行","0","4","4"
"设置左右长","0","4","4"
"桂阳公刘义","0","4","4"
"阳公刘义真","0","4","4"
"接受了命令","0","4","4"
"乘坐金根车","0","4","4"
"朝内外的人","0","4","4"
"孝武帝登基","0","4","4"
"交给了廷尉","0","4","4"
"自己的心意","0","4","4"
"皇后为皇太","0","4","4"
"后为皇太后","0","4","4"
"夏季的五月","0","4","4"
"领军刘面力","0","4","4"
"刺史沈攸之","0","4","4"
"升封号为征","0","4","4"
"任命护军将","0","4","4"
"晋升称号为","0","4","4"
"被赐命自杀","0","4","4"
"的那天夜里","0","4","4"
"宋朝做官为","0","4","4"
"任南兖州刺","0","4","4"
"派冠军将军","0","4","4"
"为右卫将军","0","4","4"
"任命为侍中","0","4","4"
"天下的事情","0","4","4"
"升爵位为公","0","4","4"
"命令左右的","0","4","4"
"令左右的人","0","4","4"
"沈攸之反叛","0","4","4"
"亲的丧事离","0","4","4"
"的丧事离职","0","4","4"
"带剑穿履上","0","4","4"
"剑穿履上殿","0","4","4"
"职位为相国","0","4","4"
"二年春季的","0","4","4"
"秋季的九月","0","4","4"
"四月二十二","0","4","4"
"六月二十四","0","4","4"
"所住的房子","0","4","4"
"为左卫将军","0","4","4"
"任尚书仆射","0","4","4"
"部门奏请给","0","4","4"
"魏朝的使者","0","4","4"
"以下的官员","0","4","4"
"季的七月二","0","4","4"
"的七月二十","0","4","4"
"有名望的人","0","4","4"
"亲去世而离","0","4","4"
"去世而离职","0","4","4"
"任太子左卫","0","4","4"
"任命为中书","0","4","4"
"担任太子中","0","4","4"
"不能自己生","0","4","4"
"封号为征东","0","4","4"
"为征东大将","0","4","4"
"做父亲较晚","0","4","4"
"父亲较晚的","0","4","4"
"第三个儿子","0","4","4"
"东王萧绎派","0","4","4"
"流行在世上","0","4","4"
"文帝的女儿","0","4","4"
"岳阳王萧鮞","0","4","4"
"将领宋子仙","0","4","4"
"扔在地上说","0","4","4"
"听说后十分","0","4","4"
"武帝对他十","0","4","4"
"帝对他十分","0","4","4"
"为会稽太守","0","4","4"
"始兴王陈叔","0","4","4"
"兴王陈叔陵","0","4","4"
"王陈叔坚为","0","4","4"
"为江州刺史","0","4","4"
"武帝设置的","0","4","4"
"孝武帝孝建","0","4","4"
"为光禄大夫","0","4","4"
"帝非常高兴","0","4","4"
"齐朝建元元","0","4","4"
"朝建元元年","0","4","4"
"中赐他自杀","0","4","4"
"他们全部杀","0","4","4"
"任领军将军","0","4","4"
"当时齐高帝","0","4","4"
"担任丹阳尹","0","4","4"
"仪仗三十人","0","4","4"
"兼任太子太","0","4","4"
"任太子太傅","0","4","4"
"担任江州刺","0","4","4"
"都委托给他","0","4","4"
"尉江夏王刘","0","4","4"
"派遣中书舍","0","4","4"
"了黄门侍郎","0","4","4"
"还没来得及","0","4","4"
"他的儿子刘","0","4","4"
"巴陵王刘休","0","4","4"
"陵王刘休若","0","4","4"
"求解除自己","0","4","4"
"解除自己的","0","4","4"
"增加仪仗为","0","4","4"
"他的儿子们","0","4","4"
"帝听从了他","0","4","4"
"所亲近的人","0","4","4"
"谋划废立皇","0","4","4"
"划废立皇帝","0","4","4"
"庐陵王刘义","0","4","4"
"陵王刘义真","0","4","4"
"武帝接受天","0","4","4"
"帝接受天命","0","4","4"
"任益州刺史","0","4","4"
"他坚决推辞","0","4","4"
"哭得很悲痛","0","4","4"
"担任中书令","0","4","4"
"了徐羡之等","0","4","4"
"便任命他为","0","4","4"
"士人和平民","0","4","4"
"认为自己的","0","4","4"
"自己的才能","0","4","4"
"被御史中丞","0","4","4"
"时的人把他","0","4","4"
"的人把他比","0","4","4"
"人把他比作","0","4","4"
"任命他为侍","0","4","4"
"命他为侍中","0","4","4"
"当时孝武帝","0","4","4"
"要把他杀死","0","4","4"
"没有什么可","0","4","4"
"凶劭杀死皇","0","4","4"
"武帝从寻阳","0","4","4"
"他出京担任","0","4","4"
"上表请求解","0","4","4"
"因此而被免","0","4","4"
"此而被免官","0","4","4"
"兼任骁骑将","0","4","4"
"任太子詹事","0","4","4"
"他的儿子王","0","4","4"
"宋武帝的太","0","4","4"
"武帝的太尉","0","4","4"
"为给事黄门","0","4","4"
"任晋陵太守","0","4","4"
"武帝很不高","0","4","4"
"和他的弟弟","0","4","4"
"长沙王萧晃","0","4","4"
"问他是什么","0","4","4"
"在齐朝做官","0","4","4"
"任五兵尚书","0","4","4"
"任辅国将军","0","4","4"
"遭到了母亲","0","4","4"
"任这一职务","0","4","4"
"后来任命为","0","4","4"
"派他的部将","0","4","4"
"他被任命为","0","4","4"
"为豫州刺史","0","4","4"
"孝武帝镇守","0","4","4"
"为直阁将军","0","4","4"
"年时期就很","0","4","4"
"时期就很有","0","4","4"
"为尚书吏部","0","4","4"
"升爵位为侯","0","4","4"
"告诉了王敬","0","4","4"
"诉了王敬则","0","4","4"
"王萧子良的","0","4","4"
"任尚书左丞","0","4","4"
"召他为太子","0","4","4"
"为太子詹事","0","4","4"
"女儿嫁给他","0","4","4"
"任中书侍郎","0","4","4"
"追赠为侍中","0","4","4"
"任吴兴太守","0","4","4"
"为母亲年老","0","4","4"
"任命为尚书","0","4","4"
"回到了京城","0","4","4"
"遇到了母亲","0","4","4"
"王萧子良听","0","4","4"
"任宋武帝的","0","4","4"
"转任吏部尚","0","4","4"
"见到的人都","0","4","4"
"父亲的丧事","0","4","4"
"衡阳王刘义","0","4","4"
"阳王刘义季","0","4","4"
"为中散大夫","0","4","4"
"不可以实行","0","4","4"
"宰江夏王刘","0","4","4"
"明帝即位后","0","4","4"
"帝的第四个","0","4","4"
"为吴兴太守","0","4","4"
"任吴郡太守","0","4","4"
"以柳元景为","0","4","4"
"当时人们都","0","4","4"
"临川王萧映","0","4","4"
"值勤的兵士","0","4","4"
"来表达自己","0","4","4"
"自己的志向","0","4","4"
"这话告诉了","0","4","4"
"临川王萧宏","0","4","4"
"派他的仪同","0","4","4"
"豫章王萧综","0","4","4"
"梁武帝对他","0","4","4"
"侯景的部将","0","4","4"
"作雍州刺史","0","4","4"
"武帝起兵时","0","4","4"
"任命吴明彻","0","4","4"
"命吴明彻为","0","4","4"
"陈后主即位","0","4","4"
"儿子王危页","0","4","4"
"侯景派他的","0","4","4"
"陈文帝即位","0","4","4"
"任命侯瑱为","0","4","4"
"景被平定后","0","4","4"
"次派使者来","0","4","4"
"侯景作乱时","0","4","4"
"下诏封他为","0","4","4"
"派使者来进","0","4","4"
"贡献地方物","0","4","4"
"朝廷下诏封","0","4","4"
"来献地方物","0","4","4"
"新罗任那加","0","4","4"
"罗任那加罗","0","4","4"
"任那加罗秦","0","4","4"
"那加罗秦韩","0","4","4"
"鄱阳王太子","0","4","4"
"阳王太子萧","0","4","4"
"王太子萧嗣","0","4","4"
"会稽余姚人","2","1","3"
"时尚书令何","1","2","3"
"祖武皇帝讳","3","0","3"
"爲中兵参军","3","0","3"
"爲青州刺史","3","0","3"
"爲广州刺史","3","0","3"
"州刺史刘藩","1","2","3"
"刺史刘道怜","1","2","3"
"使建威将军","2","1","3"
"爲南蛮校尉","3","0","3"
"司豫二州刺","2","1","3"
"豫二州刺史","2","1","3"
"世子爲中军","3","0","3"
"子爲中军将","3","0","3"
"设锺虡宫县","3","0","3"
"群臣上諡曰","3","0","3"
"爲车骑将军","3","0","3"
"十二月丙寅","3","0","3"
"死者数十人","3","0","3"
"春正月戊寅","3","0","3"
"号骠骑大将","3","0","3"
"武进县东城","2","1","3"
"进县东城里","2","1","3"
"长七尺五寸","2","1","3"
"爲右军将军","3","0","3"
"除骁骑将军","3","0","3"
"加兵五百人","3","0","3"
"甲仗五十人","3","0","3"
"直合将军卜","3","0","3"
"合将军卜伯","3","0","3"
"班剑四十人","3","0","3"
"皇帝位南郊","3","0","3"
"临太极前殿","2","1","3"
"鳏寡孤独能","3","0","3"
"寡孤独能存","3","0","3"
"孤独能存者","3","0","3"
"骠骑豫章王","2","1","3"
"闻喜公子良","3","0","3"
"会稽山阴县","1","2","3"
"宋武帝王业","2","1","3"
"年四月二十","1","2","3"
"增班剑爲三","3","0","3"
"班剑爲三十","3","0","3"
"剑爲三十人","3","0","3"
"车骑将军张","1","2","3"
"骑将军张敬","1","2","3"
"废帝郁林王","1","2","3"
"文惠太子薨","3","0","3"
"年七月三十","1","2","3"
"七月三十日","1","2","3"
"晋安王宝义","3","0","3"
"爲父后者爵","3","0","3"
"父后者爵一","3","0","3"
"后者爵一级","3","0","3"
"右仆射江祏","3","0","3"
"史始安王遥","3","0","3"
"军将军崔慧","2","1","3"
"西将军崔慧","2","1","3"
"江夏王宝玄","3","0","3"
"曲赦都下南","3","0","3"
"除雍州刺史","3","0","3"
"安王遥光等","3","0","3"
"爲太子左卫","3","0","3"
"爲征东将军","3","0","3"
"将军萧颖达","1","2","3"
"死者十七八","3","0","3"
"封建安郡公","2","1","3"
"号征东大将","3","0","3"
"天监二年十","1","2","3"
"监二年十月","1","2","3"
"昭明太子薨","3","0","3"
"宣城王大器","3","0","3"
"徐州刺史萧","1","2","3"
"寻阳王大心","3","0","3"
"加宇宙大将","2","1","3"
"三月十五日","1","2","3"
"遣世子方等","3","0","3"
"郢州刺史南","1","2","3"
"州刺史南平","1","2","3"
"空南平王恪","3","0","3"
"宣猛将军朱","2","1","3"
"猛将军朱买","2","1","3"
"十二月丙辰","3","0","3"
"爲荆州刺史","3","0","3"
"文集五十卷","2","1","3"
"梁中大通二","2","1","3"
"爲中书侍郎","3","0","3"
"孝悌力田爲","3","0","3"
"悌力田爲父","3","0","3"
"力田爲父后","3","0","3"
"田爲父后者","3","0","3"
"人赐谷五斛","1","2","3"
"奉昭烈王祀","3","0","3"
"后爲皇太后","3","0","3"
"豫章王叔英","3","0","3"
"号车骑将军","3","0","3"
"贺若弼攻陷","1","2","3"
"若弼攻陷南","1","2","3"
"弼攻陷南徐","1","2","3"
"攻陷南徐州","1","2","3"
"魏文帝所制","3","0","3"
"魏明帝所制","3","0","3"
"晋武帝所制","3","0","3"
"琅邪临沂人","2","1","3"
"普通七年十","1","2","3"
"通七年十一","1","2","3"
"迁尚书左仆","3","0","3"
"徐二州刺史","1","2","3"
"夏王义恭曰","3","0","3"
"将军江夏王","1","2","3"
"迁护军将军","3","0","3"
"爲南徐州刺","3","0","3"
"迁尚书右仆","3","0","3"
"司徒事中郎","3","0","3"
"率龙骧将军","2","1","3"
"遣中兵参军","2","1","3"
"熙十四年正","1","2","3"
"追赠左将军","2","1","3"
"征爲吏部尚","3","0","3"
"爲江夏王义","3","0","3"
"宋武帝镇军","2","1","3"
"时年三十七","2","1","3"
"累迁秘书丞","3","0","3"
"员外散骑郎","1","2","3"
"爲临川内史","3","0","3"
"七岁能属文","3","0","3"
"爲金紫光禄","3","0","3"
"增班剑爲六","3","0","3"
"班剑爲六十","3","0","3"
"剑爲六十人","3","0","3"
"爲宣城太守","3","0","3"
"爲太子洗马","3","0","3"
"掌东宫管记","2","1","3"
"史中丞乐蔼","2","1","3"
"安帝隆安初","2","1","3"
"光禄大夫阮","1","2","3"
"镇南大将军","1","2","3"
"孝武镇寻阳","3","0","3"
"遣吏部尚书","2","1","3"
"爲直合将军","3","0","3"
"帝遣中书舍","3","0","3"
"士五十人入","1","2","3"
"累迁太子中","3","0","3"
"迁太子中庶","3","0","3"
"迁尚书左丞","3","0","3"
"义熙十一年","1","2","3"
"骠骑事中郎","3","0","3"
"迁中书侍郎","3","0","3"
"爲豫章太守","3","0","3"
"陵王子良闻","3","0","3"
"子中庶子王","1","2","3"
"爲义兴太守","3","0","3"
"中记室参军","2","1","3"
"史中丞沈浚","2","1","3"
"加冠军将军","3","0","3"
"爲中散大夫","3","0","3"
"时年四十八","2","1","3"
"爲国子博士","3","0","3"
"东海王僧孺","2","1","3"
"后军谘议参","2","1","3"
"侯景寇建邺","3","0","3"
"加辅国将军","3","0","3"
"信威临贺王","2","1","3"
"大鸿胪持节","2","1","3"
"太官朝夕送","3","0","3"
"官朝夕送祭","3","0","3"
"天监十六年","1","2","3"
"宣城二郡太","2","1","3"
"城二郡太守","2","1","3"
"号征东将军","2","1","3"
"梁天监元年","2","1","3"
"伯玉劝高帝","1","2","3"
"梓潼二郡太","2","1","3"
"潼二郡太守","2","1","3"
"五月二十一","1","2","3"
"免官削爵土","3","0","3"
"范爲合州刺","3","0","3"
"爲合州刺史","3","0","3"
"安王萧宝寅","1","2","3"
"安丰王元延","1","2","3"
"丰王元延明","1","2","3"
"爲梁州刺史","3","0","3"
"徐州刺史昌","1","2","3"
"州刺史昌义","1","2","3"
"爲晋安太守","3","0","3"
"魏中山王元","1","2","3"
"田曹行参军","2","1","3"
"年十月二十","1","2","3"
"合州刺史鄱","2","1","3"
"晋安王谘议","2","1","3"
"州刺史侯瑱","3","0","3"
"命豫州刺史","1","2","3"
"吴明彻进兵","1","2","3"
"明彻进兵围","1","2","3"
"追赠开府仪","1","2","3"
"配享武帝庙","3","0","3"
"享武帝庙庭","3","0","3"
"文育杜僧明","3","0","3"
"新吴洞主余","1","2","3"
"吴洞主余孝","1","2","3"
"史鄱阳王萧","1","2","3"
"昭达乘平虏","2","1","3"
"达乘平虏大","2","1","3"
"乘平虏大舰","2","1","3"
"中军鲁广达","3","0","3"
"州刺史王景","1","2","3"
"刺史王景文","1","2","3"
"二月二十一","1","2","3"
"累遣使贡献","3","0","3"
"督缘海诸军","2","1","3"
"缘海诸军事","2","1","3"
"林邑王高戍","1","2","3"
"奉表献方物","3","0","3"
"使奉表贡献","3","0","3"
"督营平二州","2","1","3"
"宋武帝永初","1","2","3"
"倭新罗任加","3","0","3"
"长身小袖袍","2","1","3"
"天监十五年","1","2","3"
"十一月十九","1","2","3"
"一月十九日","1","2","3"
"三月十九日","1","2","3"
"齐中兴元年","1","2","3"
"征北将军张","1","2","3"
"北将军张永","1","2","3"
"尚书左丞贺","1","2","3"
"书左丞贺琛","1","2","3"
"封豫章郡王","2","1","3"
"拖欠的租子","0","3","3"
"所以没有人","0","3","3"
"时的人们都","0","3","3"
"人们都不知","0","3","3"
"们都不知道","0","3","3"
"都不知道他","0","3","3"
"是这样地受","0","3","3"
"这样地受到","0","3","3"
"所说的那样","0","3","3"
"我认为应该","0","3","3"
"脸色严正地","0","3","3"
"地对他们说","0","3","3"
"采纳了他的","0","3","3"
"来没有什么","0","3","3"
"有什么东西","0","3","3"
"混杂在一起","0","3","3"
"因此认为他","0","3","3"
"官吏百姓都","0","3","3"
"聚集在他的","0","3","3"
"梁元帝萧绎","0","3","3"
"不到二十岁","0","3","3"
"分出一部分","0","3","3"
"对自己的亲","0","3","3"
"是徒有虚名","0","3","3"
"人们都说这","0","3","3"
"们都说这是","0","3","3"
"给侯景写信","0","3","3"
"了很长时间","0","3","3"
"侯景听说后","0","3","3"
"祖武皇帝名","0","3","3"
"武皇帝名叫","0","3","3"
"是怎么回事","0","3","3"
"桓玄攻克了","0","3","3"
"玄攻克了建","0","3","3"
"攻克了建邺","0","3","3"
"命武帝为中","0","3","3"
"任青州刺史","0","3","3"
"一定会大贵","0","3","3"
"声震天动地","0","3","3"
"兼任扬州刺","0","3","3"
"任镇军将军","0","3","3"
"晋升武帝为","0","3","3"
"为广州刺史","0","3","3"
"武帝入朝辅","0","3","3"
"帝上表请求","0","3","3"
"武帝不答应","0","3","3"
"上将他斩首","0","3","3"
"从了他的意","0","3","3"
"登上石头城","0","3","3"
"监管太尉留","0","3","3"
"管太尉留府","0","3","3"
"大军驻扎在","0","3","3"
"命令各路军","0","3","3"
"保持自己的","0","3","3"
"任南蛮校尉","0","3","3"
"座位上把他","0","3","3"
"当时人们的","0","3","3"
"任镇西将军","0","3","3"
"头传送到建","0","3","3"
"司马休之的","0","3","3"
"的儿子司马","0","3","3"
"儿子司马文","0","3","3"
"将军刘道怜","0","3","3"
"赞拜不须报","0","3","3"
"拜不须报名","0","3","3"
"增加班剑为","0","3","3"
"世子为中军","0","3","3"
"子为中军将","0","3","3"
"具备九锡之","0","3","3"
"备九锡之礼","0","3","3"
"公刘义真为","0","3","3"
"月二十六日","0","3","3"
"刑以下的罪","0","3","3"
"以下的罪犯","0","3","3"
"扬州的职务","0","3","3"
"十二个玉串","0","3","3"
"天子的旌旗","0","3","3"
"出入警戒清","0","3","3"
"入警戒清道","0","3","3"
"诏书的草稿","0","3","3"
"群臣上谥号","0","3","3"
"臣上谥号为","0","3","3"
"有关部门弹","0","3","3"
"是文帝的第","0","3","3"
"文帝的第十","0","3","3"
"冬季的十二","0","3","3"
"季的十二月","0","3","3"
"太极前殿即","0","3","3"
"的有几十人","0","3","3"
"的各个儿子","0","3","3"
"太子即皇帝","0","3","3"
"子即皇帝位","0","3","3"
"夏季的六月","0","3","3"
"九月十四日","0","3","3"
"屯驻在新亭","0","3","3"
"守卫石头城","0","3","3"
"褚彦回为尚","0","3","3"
"彦回为尚书","0","3","3"
"回为尚书令","0","3","3"
"号为车骑大","0","3","3"
"攻克了京城","0","3","3"
"号为骠骑大","0","3","3"
"年夏季的四","0","3","3"
"六月二十二","0","3","3"
"没有帷盖的","0","3","3"
"有帷盖的露","0","3","3"
"帷盖的露车","0","3","3"
"和直阁将军","0","3","3"
"将军王敬则","0","3","3"
"为骁骑将军","0","3","3"
"当时朝廷的","0","3","3"
"有什么关系","0","3","3"
"任命为散骑","0","3","3"
"命为散骑常","0","3","3"
"给乐队一部","0","3","3"
"的人都很惊","0","3","3"
"帝坚持辞让","0","3","3"
"到母亲的丧","0","3","3"
"声称有病不","0","3","3"
"刘彦节的堂","0","3","3"
"彦节的堂弟","0","3","3"
"直阁将军卜","0","3","3"
"阁将军卜伯","0","3","3"
"十六年而禅","0","3","3"
"六年而禅让","0","3","3"
"年而禅让给","0","3","3"
"鳏寡孤独不","0","3","3"
"寡孤独不能","0","3","3"
"孤独不能自","0","3","3"
"兼散骑常侍","0","3","3"
"特殊情况而","0","3","3"
"殊情况而赦","0","3","3"
"情况而赦免","0","3","3"
"任命司空褚","0","3","3"
"命司空褚彦","0","3","3"
"空褚彦回为","0","3","3"
"在南郊祭天","0","3","3"
"百济国派遣","0","3","3"
"济国派遣使","0","3","3"
"三年春季的","0","3","3"
"献正直言论","0","3","3"
"闻喜公萧子","0","3","3"
"喜公萧子良","0","3","3"
"他所著的文","0","3","3"
"所著的文章","0","3","3"
"身后的事情","0","3","3"
"高帝镇守淮","0","3","3"
"帝镇守淮阴","0","3","3"
"石头上的文","0","3","3"
"头上的文字","0","3","3"
"上的文字是","0","3","3"
"沈攸之事件","0","3","3"
"攸之事件发","0","3","3"
"之事件发生","0","3","3"
"帝听到消息","0","3","3"
"听到消息后","0","3","3"
"武陵王萧晔","0","3","3"
"把他们抓起","0","3","3"
"他们抓起来","0","3","3"
"聚集了很多","0","3","3"
"武帝的时候","0","3","3"
"于是就把他","0","3","3"
"帝的第二个","0","3","3"
"晋安王萧宝","0","3","3"
"安王萧宝义","0","3","3"
"为征北大将","0","3","3"
"晚的人爵位","0","3","3"
"的人爵位一","0","3","3"
"人爵位一级","0","3","3"
"仆射江礻石","0","3","3"
"史始安王萧","0","3","3"
"因特殊情况","0","3","3"
"为平南将军","0","3","3"
"江夏王萧宝","0","3","3"
"夏王萧宝玄","0","3","3"
"的十月十三","0","3","3"
"十月十三日","0","3","3"
"任命骠骑大","0","3","3"
"命骠骑大将","0","3","3"
"州刺史桓和","0","3","3"
"在东宫的时","0","3","3"
"东宫的时候","0","3","3"
"帝临死的时","0","3","3"
"领军将军王","0","3","3"
"回过头来说","0","3","3"
"父亲去世而","0","3","3"
"为游击将军","0","3","3"
"被任命为中","0","3","3"
"战功被封为","0","3","3"
"帝亲自率领","0","3","3"
"对张弘策说","0","3","3"
"所在的地方","0","3","3"
"武帝回答说","0","3","3"
"东昏侯派遣","0","3","3"
"依照晋朝的","0","3","3"
"能自己生活","0","3","3"
"自己生活的","0","3","3"
"没有固定的","0","3","3"
"号为征东大","0","3","3"
"为安西将军","0","3","3"
"十一月初五","0","3","3"
"亲较晚的人","0","3","3"
"是武帝的第","0","3","3"
"的第三个儿","0","3","3"
"月二十八日","0","3","3"
"宣城王萧大","0","3","3"
"城王萧大器","0","3","3"
"阳公萧大心","0","3","3"
"寻阳王萧大","0","3","3"
"阳王萧大心","0","3","3"
"太子萧大器","0","3","3"
"豫章王萧栋","0","3","3"
"时年龄四十","0","3","3"
"年龄四十九","0","3","3"
"龄四十九岁","0","3","3"
"岁就能写文","0","3","3"
"就能写文章","0","3","3"
"世子萧方等","0","3","3"
"表劝即帝位","0","3","3"
"空南平王萧","0","3","3"
"萧纪在蜀地","0","3","3"
"的军队开到","0","3","3"
"帝的车驾出","0","3","3"
"后来有一天","0","3","3"
"六岁的时候","0","3","3"
"武帝曾经问","0","3","3"
"梦中的情景","0","3","3"
"武帝去世后","0","3","3"
"有什么用处","0","3","3"
"和他说的一","0","3","3"
"他说的一样","0","3","3"
"又生了一个","0","3","3"
"周文育讨伐","0","3","3"
"武帝接受了","0","3","3"
"当时有一个","0","3","3"
"曾经有一次","0","3","3"
"升迁为侍中","0","3","3"
"豫章王陈叔","0","3","3"
"章王陈叔英","0","3","3"
"的正月初三","0","3","3"
"十一月初三","0","3","3"
"遣使者前往","0","3","3"
"为吴州刺史","0","3","3"
"职位相当于","0","3","3"
"是魏文帝设","0","3","3"
"魏文帝设置","0","3","3"
"文帝设置的","0","3","3"
"宋孝武帝孝","0","3","3"
"到了宋明帝","0","3","3"
"来寄托自己","0","3","3"
"寄托自己的","0","3","3"
"的礼节敬奉","0","3","3"
"宋朝元嘉年","0","3","3"
"朝元嘉年间","0","3","3"
"有什么不同","0","3","3"
"追加谥号为","0","3","3"
"在狱中赐他","0","3","3"
"狱中赐他自","0","3","3"
"以来所没有","0","3","3"
"他逐步升迁","0","3","3"
"步升迁为尚","0","3","3"
"路上遇见了","0","3","3"
"沈攸之起兵","0","3","3"
"事情被发觉","0","3","3"
"自己的名字","0","3","3"
"元嘉十二年","0","3","3"
"少年时代就","0","3","3"
"心里十分厌","0","3","3"
"里十分厌恶","0","3","3"
"配给仪仗三","0","3","3"
"给仪仗三十","0","3","3"
"任地方长官","0","3","3"
"内外各种事","0","3","3"
"军彭城王刘","0","3","3"
"王刘义恭说","0","3","3"
"为什么不早","0","3","3"
"了吏部尚书","0","3","3"
"告诉别人说","0","3","3"
"刘义恭的几","0","3","3"
"义恭的几个","0","3","3"
"恭的几个儿","0","3","3"
"在太极殿前","0","3","3"
"在自己身边","0","3","3"
"问是什么缘","0","3","3"
"仪仗为三十","0","3","3"
"仗为三十人","0","3","3"
"十分不高兴","0","3","3"
"他的两个儿","0","3","3"
"为南徐州刺","0","3","3"
"的辅佐官员","0","3","3"
"派来的使者","0","3","3"
"任尚书祠部","0","3","3"
"听从了他的","0","3","3"
"稍微安定一","0","3","3"
"卫士五十人","0","3","3"
"为南康郡公","0","3","3"
"渐升迁为太","0","3","3"
"升迁为太尉","0","3","3"
"为太尉参军","0","3","3"
"封为作唐县","0","3","3"
"后来出京担","0","3","3"
"来出京担任","0","3","3"
"不可以这样","0","3","3"
"此对他十分","0","3","3"
"于是攻克了","0","3","3"
"司徒从事中","0","3","3"
"徒从事中郎","0","3","3"
"这不是一个","0","3","3"
"不是一个平","0","3","3"
"一个平常的","0","3","3"
"告诉武帝说","0","3","3"
"封国被废除","0","3","3"
"武帝认为他","0","3","3"
"帝认为他很","0","3","3"
"众人都认为","0","3","3"
"为荆州刺史","0","3","3"
"后悔就来不","0","3","3"
"悔就来不及","0","3","3"
"就来不及了","0","3","3"
"不久任命为","0","3","3"
"还没有上任","0","3","3"
"为郢州刺史","0","3","3"
"为征西将军","0","3","3"
"于是就任命","0","3","3"
"就任命他为","0","3","3"
"担任中领军","0","3","3"
"女儿许配给","0","3","3"
"的儿子谢世","0","3","3"
"的时候年龄","0","3","3"
"追赠为散骑","0","3","3"
"赠为散骑常","0","3","3"
"舅舅的儿子","0","3","3"
"他为宋武帝","0","3","3"
"不久担任了","0","3","3"
"一定会自己","0","3","3"
"为员外散骑","0","3","3"
"把他调出京","0","3","3"
"他调出京城","0","3","3"
"有这样的才","0","3","3"
"任临川内史","0","3","3"
"的时候就去","0","3","3"
"十岁的时候","0","3","3"
"过继给了堂","0","3","3"
"说后十分惊","0","3","3"
"任员外散骑","0","3","3"
"担任黄门侍","0","3","3"
"比作汉代的","0","3","3"
"临终的时候","0","3","3"
"赠他为太常","0","3","3"
"与琅笽人王","0","3","3"
"就是如此地","0","3","3"
"后来他担任","0","3","3"
"任命为太子","0","3","3"
"孝武帝入京","0","3","3"
"武帝入京讨","0","3","3"
"帝入京讨伐","0","3","3"
"为都官尚书","0","3","3"
"后来任命他","0","3","3"
"来任命他为","0","3","3"
"将要把他杀","0","3","3"
"把他的尸体","0","3","3"
"弟弟王昙首","0","3","3"
"少年时候曾","0","3","3"
"任太子舍人","0","3","3"
"关部门所检","0","3","3"
"部门所检举","0","3","3"
"任太子洗马","0","3","3"
"任尚书右仆","0","3","3"
"知道了他的","0","3","3"
"任命为太常","0","3","3"
"表请求解除","0","3","3"
"的儿子名叫","0","3","3"
"到现在已经","0","3","3"
"到今天的地","0","3","3"
"今天的地步","0","3","3"
"为尚书殿中","0","3","3"
"昭明太子喜","0","3","3"
"有孝顺的品","0","3","3"
"担任司徒左","0","3","3"
"昭明太子去","0","3","3"
"明太子去世","0","3","3"
"我少年的时","0","3","3"
"年的时候就","0","3","3"
"常常对别人","0","3","3"
"他为辅国将","0","3","3"
"为驸马都尉","0","3","3"
"齐朝的竟陵","0","3","3"
"朝的竟陵王","0","3","3"
"升迁为吏部","0","3","3"
"迁为吏部尚","0","3","3"
"对左右的人","0","3","3"
"兼任步兵校","0","3","3"
"任著作佐郎","0","3","3"
"父亲王普曜","0","3","3"
"对他深深地","0","3","3"
"担任给事中","0","3","3"
"穿白色衣服","0","3","3"
"旧时的朋友","0","3","3"
"担任豫章王","0","3","3"
"章王萧嶷的","0","3","3"
"担任五兵尚","0","3","3"
"负责选拔官","0","3","3"
"封为曲江县","0","3","3"
"配给乐队一","0","3","3"
"担任这一职","0","3","3"
"谈论的人认","0","3","3"
"施文庆等人","0","3","3"
"让他的儿子","0","3","3"
"为徐州刺史","0","3","3"
"到溉少年时","0","3","3"
"担任御史中","0","3","3"
"做会稽太守","0","3","3"
"打算把他杀","0","3","3"
"为冀州刺史","0","3","3"
"苍梧王被废","0","3","3"
"武帝下诏令","0","3","3"
"武帝镇守寻","0","3","3"
"帝镇守寻阳","0","3","3"
"任雍州刺史","0","3","3"
"任光禄大夫","0","3","3"
"齐朝建元初","0","3","3"
"朝建元初年","0","3","3"
"帝派中书舍","0","3","3"
"期就很有风","0","3","3"
"就很有风度","0","3","3"
"任命他为司","0","3","3"
"几个儿子都","0","3","3"
"过了好久才","0","3","3"
"他担任尚书","0","3","3"
"武帝问他说","0","3","3"
"迁为太子中","0","3","3"
"所住的地方","0","3","3"
"拉着他的手","0","3","3"
"任命他为尚","0","3","3"
"命他为尚书","0","3","3"
"扬州中从事","0","3","3"
"得不能自制","0","3","3"
"认为他说得","0","3","3"
"武帝所赏识","0","3","3"
"没有比这更","0","3","3"
"为太子洗马","0","3","3"
"萧子良听到","0","3","3"
"是什么意思","0","3","3"
"担任宋武帝","0","3","3"
"出京担任都","0","3","3"
"京担任都督","0","3","3"
"任义兴太守","0","3","3"
"担任都官尚","0","3","3"
"死在官任上","0","3","3"
"出京城去做","0","3","3"
"当时东昏侯","0","3","3"
"的儿子取名","0","3","3"
"了他的封爵","0","3","3"
"赠他为侍中","0","3","3"
"做官是担任","0","3","3"
"又派遣使者","0","3","3"
"元嘉三十年","0","3","3"
"劭杀死皇上","0","3","3"
"为抚军将军","0","3","3"
"心里很不高","0","3","3"
"里很不高兴","0","3","3"
"担任会稽太","0","3","3"
"最初做官是","0","3","3"
"的父亲张畅","0","3","3"
"上表请求辞","0","3","3"
"没有人能够","0","3","3"
"世上的人都","0","3","3"
"我们这些人","0","3","3"
"的那天晚上","0","3","3"
"感到非常诧","0","3","3"
"到非常诧异","0","3","3"
"为湘州刺史","0","3","3"
"又转任太子","0","3","3"
"在众人面前","0","3","3"
"学到了我的","0","3","3"
"便写了一篇","0","3","3"
"他为金紫光","0","3","3"
"这是它决不","0","3","3"
"是它决不可","0","3","3"
"它决不可以","0","3","3"
"决不可以实","0","3","3"
"可以实行的","0","3","3"
"以实行的理","0","3","3"
"实行的理由","0","3","3"
"行的理由之","0","3","3"
"了他的官职","0","3","3"
"孝武帝逝世","0","3","3"
"又改任尚书","0","3","3"
"谥号为简子","0","3","3"
"中特别看重","0","3","3"
"吴郡吴县人","0","3","3"
"为度支尚书","0","3","3"
"为左光禄大","0","3","3"
"听到他的名","0","3","3"
"兼任丹阳尹","0","3","3"
"观看的人都","0","3","3"
"东昏侯即位","0","3","3"
"他为散骑常","0","3","3"
"因此被免官","0","3","3"
"一个嫁给了","0","3","3"
"从容地对他","0","3","3"
"在座位上把","0","3","3"
"写了一封信","0","3","3"
"的第四个儿","0","3","3"
"第四个儿子","0","3","3"
"他为车骑将","0","3","3"
"高帝在淮阴","0","3","3"
"表示自己的","0","3","3"
"得了暨阳县","0","3","3"
"是王敬则的","0","3","3"
"当时中书舍","0","3","3"
"这个秘密没","0","3","3"
"个秘密没有","0","3","3"
"秘密没有发","0","3","3"
"密没有发现","0","3","3"
"为尚书驾部","0","3","3"
"为太学博士","0","3","3"
"他开玩笑说","0","3","3"
"喜怒不形于","0","3","3"
"怒不形于色","0","3","3"
"作扬州刺史","0","3","3"
"又恢复了他","0","3","3"
"封为开府仪","0","3","3"
"朱异回答说","0","3","3"
"侯景在涡阳","0","3","3"
"武帝派中书","0","3","3"
"是梁武帝的","0","3","3"
"有关官员奏","0","3","3"
"从小聪明灵","0","3","3"
"这样的才干","0","3","3"
"侯景叛乱时","0","3","3"
"以有病为由","0","3","3"
"是什么原因","0","3","3"
"平定建康后","0","3","3"
"在齐朝官作","0","3","3"
"他很不一般","0","3","3"
"这孩子不是","0","3","3"
"为豫章内史","0","3","3"
"作豫州刺史","0","3","3"
"于是委任他","0","3","3"
"为南兖州刺","0","3","3"
"为晋安太守","0","3","3"
"任骠骑将军","0","3","3"
"梁武帝平定","0","3","3"
"武帝平定建","0","3","3"
"帝平定建邺","0","3","3"
"任给事黄门","0","3","3"
"委任他为太","0","3","3"
"日上于尚书","0","3","3"
"兼中书通事","0","3","3"
"委任僧辩为","0","3","3"
"和他儿子王","0","3","3"
"派他的弟弟","0","3","3"
"梁元帝任命","0","3","3"
"跟随王僧辩","0","3","3"
"王僧辩讨伐","0","3","3"
"陈武帝杀了","0","3","3"
"武帝杀了王","0","3","3"
"帝杀了王僧","0","3","3"
"被任命为南","0","3","3"
"于陈武帝的","0","3","3"
"周文育和杜","0","3","3"
"文育和杜僧","0","3","3"
"育和杜僧明","0","3","3"
"任命周文育","0","3","3"
"文育的军队","0","3","3"
"王僧辩派侯","0","3","3"
"僧辩派侯瑱","0","3","3"
"侯景被平定","0","3","3"
"诏令吴明彻","0","3","3"
"华皎被讨平","0","3","3"
"于是朝廷下","0","3","3"
"是朝廷下诏","0","3","3"
"中领军鲁广","0","3","3"
"领军鲁广达","0","3","3"
"王琳失败后","0","3","3"
"后主即位后","0","3","3"
"其余官职如","0","3","3"
"余官职如故","0","3","3"
"按自己的意","0","3","3"
"梁天监初年","0","3","3"
"向朝廷报告","0","3","3"
"征召他作官","0","3","3"
"典签的权力","0","3","3"
"派遣使者来","0","3","3"
"使者来进献","0","3","3"
"使者来进贡","0","3","3"
"派使者进献","0","3","3"
"派使者朝贡","0","3","3"
"有人知道他","0","3","3"
"派使者上表","0","3","3"
"使者来献地","0","3","3"
"者来献地方","0","3","3"
"为安东将军","0","3","3"
"倭新罗任那","0","3","3"
"景派他的仪","0","3","3"
"有见识者认","0","3","3"
"见识者认为","0","3","3"
"名义给自己","0","3","3"
"劫贼馀口没","2","0","2"
"贼馀口没台","2","0","2"
"馀口没台府","2","0","2"
"口没台府者","2","0","2"
"反复唇齿间","2","0","2"
"天监十七年","1","1","2"
"宋高祖武皇","1","1","2"
"彭城县绥舆","1","1","2"
"城县绥舆里","1","1","2"
"县绥舆里人","1","1","2"
"晋哀帝兴宁","1","1","2"
"哀帝兴宁元","1","1","2"
"帝兴宁元年","1","1","2"
"隆安三年十","1","1","2"
"安三年十一","1","1","2"
"三年十一月","1","1","2"
"卫将军谢琰","1","1","2"
"前将军刘牢","1","1","2"
"句章城小人","1","1","2"
"章城小人少","1","1","2"
"下死伤将尽","1","1","2"
"荆州刺史桓","1","1","2"
"州刺史桓玄","1","1","2"
"骠骑将军司","1","1","2"
"骑将军司马","1","1","2"
"将军司马元","1","1","2"
"军司马元显","1","1","2"
"刘裕龙行虎","1","1","2"
"裕龙行虎步","1","1","2"
"豫州刺史刁","1","1","2"
"州刺史刁逵","1","1","2"
"左军府参军","1","1","2"
"毅等率壮士","1","1","2"
"等率壮士五","1","1","2"
"率壮士五六","1","1","2"
"壮士五六十","1","1","2"
"士五六十人","1","1","2"
"司马刁弘率","1","1","2"
"遣同谋周安","1","1","2"
"同谋周安穆","1","1","2"
"谋周安穆报","1","1","2"
"遣顿丘太守","1","1","2"
"顿丘太守吴","1","1","2"
"丘太守吴甫","1","1","2"
"右卫将军皇","1","1","2"
"卫将军皇甫","1","1","2"
"将军皇甫敷","1","1","2"
"游击将军何","1","1","2"
"击将军何澹","1","1","2"
"呼声动天地","2","0","2"
"尚书王嘏率","1","1","2"
"爲录尚书事","2","0","2"
"都督八州诸","1","1","2"
"督八州诸军","1","1","2"
"八州诸军事","1","1","2"
"晋陵人韦叟","1","1","2"
"江州刺史郭","1","1","2"
"州刺史郭昶","1","1","2"
"荆州刺史王","1","1","2"
"州刺史王绥","1","1","2"
"益州刺史毛","1","1","2"
"州刺史毛璩","1","1","2"
"益州督护冯","1","1","2"
"州督护冯迁","1","1","2"
"甲仗百人入","2","0","2"
"仗百人入殿","2","0","2"
"义熙元年正","1","1","2"
"遣冠军刘敬","1","1","2"
"冠军刘敬宣","1","1","2"
"主慕容超大","1","1","2"
"丹阳尹孟昶","1","1","2"
"阳尹孟昶监","1","1","2"
"中军留府事","1","1","2"
"大将公孙五","1","1","2"
"将公孙五楼","1","1","2"
"公孙五楼请","1","1","2"
"龙骧将军孟","1","1","2"
"骧将军孟龙","1","1","2"
"将军孟龙符","1","1","2"
"史刘道怜等","1","1","2"
"尚书郎张纲","1","1","2"
"泰山太守申","1","1","2"
"山太守申宣","1","1","2"
"升诸楼车示","2","0","2"
"事参军刘穆","1","1","2"
"遣上党太守","1","1","2"
"上党太守赵","1","1","2"
"党太守赵恢","1","1","2"
"徐道覆劝卢","1","1","2"
"道覆劝卢循","1","1","2"
"覆劝卢循乘","1","1","2"
"劝卢循乘虚","1","1","2"
"镇南将军何","1","1","2"
"参军徐赤特","1","1","2"
"辅国将军王","1","1","2"
"国将军王仲","1","1","2"
"将军王仲德","1","1","2"
"军王仲德等","1","1","2"
"王仲德等追","1","1","2"
"建威将军孙","1","1","2"
"威将军孙处","1","1","2"
"刺史刘道规","2","0","2"
"会稽内史司","1","1","2"
"稽内史司马","1","1","2"
"内史司马休","1","1","2"
"州刺史杜惠","1","1","2"
"刺史杜惠度","1","1","2"
"改授豫州刺","1","1","2"
"授豫州刺史","1","1","2"
"豫州刺史刘","1","1","2"
"州刺史刘毅","1","1","2"
"书仆射谢混","1","1","2"
"丹阳尹郗僧","1","1","2"
"阳尹郗僧施","1","1","2"
"弟兖州刺史","1","1","2"
"前镇军将军","1","1","2"
"镇军将军司","1","1","2"
"军将军司马","1","1","2"
"将军司马休","1","1","2"
"爲平西将军","2","0","2"
"豫州刺史诸","1","1","2"
"州刺史诸葛","1","1","2"
"刺史诸葛长","1","1","2"
"史诸葛长人","1","1","2"
"太尉司马丹","1","1","2"
"尉司马丹阳","1","1","2"
"司马丹阳尹","1","1","2"
"马丹阳尹刘","1","1","2"
"遣参军王镇","1","1","2"
"参军王镇恶","1","1","2"
"将军蒯恩前","1","1","2"
"西阳太守朱","1","1","2"
"阳太守朱龄","1","1","2"
"太守朱龄石","1","1","2"
"诸葛长人贪","1","1","2"
"葛长人贪淫","1","1","2"
"长人贪淫骄","1","1","2"
"人贪淫骄横","1","1","2"
"长人谓所亲","2","0","2"
"人谓所亲曰","2","0","2"
"荆州刺史司","1","1","2"
"刺史司马休","1","1","2"
"十一年正月","1","1","2"
"中军将军道","2","0","2"
"军将军道怜","2","0","2"
"录事参军韩","1","1","2"
"事参军韩延","1","1","2"
"雍州刺史鲁","1","1","2"
"州刺史鲁宗","1","1","2"
"子竟陵太守","1","1","2"
"加前部羽葆","2","0","2"
"北彭城县公","1","1","2"
"十二年正月","1","1","2"
"中外大都督","1","1","2"
"北雍州刺史","1","1","2"
"书右仆射刘","1","1","2"
"右仆射刘穆","1","1","2"
"中军二府军","1","1","2"
"军二府军司","1","1","2"
"位诸侯王上","2","0","2"
"十三年正月","1","1","2"
"军檀道济等","1","1","2"
"秦始皇玉玺","1","1","2"
"始皇玉玺送","1","1","2"
"前爲二十郡","2","0","2"
"司豫北徐雍","1","1","2"
"豫北徐雍四","1","1","2"
"北徐雍四州","1","1","2"
"徐雍四州刺","1","1","2"
"雍四州刺史","1","1","2"
"前将军刘穆","1","1","2"
"阳公义真爲","2","0","2"
"公义真爲雍","2","0","2"
"义真爲雍州","2","0","2"
"真爲雍州刺","2","0","2"
"辅国将军刘","1","1","2"
"国将军刘遵","1","1","2"
"时汉中成固","1","1","2"
"汉中成固县","1","1","2"
"巩县人宗曜","1","1","2"
"赦国内殊死","2","0","2"
"国内殊死下","2","0","2"
"崇豫章太夫","1","1","2"
"豫章太夫人","1","1","2"
"中军将军副","1","1","2"
"相国府百官","1","1","2"
"悉依天朝制","2","0","2"
"安西中兵参","1","1","2"
"西中兵参军","1","1","2"
"军沈田子杀","1","1","2"
"安西司马王","1","1","2"
"西司马王镇","1","1","2"
"司马王镇恶","1","1","2"
"遣右将军朱","1","1","2"
"右将军朱龄","1","1","2"
"将军朱龄石","1","1","2"
"军朱龄石代","1","1","2"
"安西将军桂","1","1","2"
"西将军桂阳","1","1","2"
"将军桂阳公","1","1","2"
"赫连勃勃所","1","1","2"
"连勃勃所追","1","1","2"
"元熙元年正","1","1","2"
"帝命帝冕十","2","0","2"
"命帝冕十二","2","0","2"
"帝冕十二旒","2","0","2"
"世子爲太子","2","0","2"
"竟陵郡江滨","1","1","2"
"古铜礼器十","1","1","2"
"丹阳建康县","1","1","2"
"阳建康县蒋","1","1","2"
"建康县蒋山","1","1","2"
"康县蒋山初","1","1","2"
"县蒋山初宁","1","1","2"
"蒋山初宁陵","1","1","2"
"长史殷仲文","1","1","2"
"献入筒细布","1","1","2"
"神武门内左","1","1","2"
"武门内左右","1","1","2"
"孝武大明中","2","0","2"
"太宗明皇帝","1","1","2"
"司徒豫章王","1","1","2"
"改封安陆王","1","1","2"
"安陆王子绥","2","0","2"
"改封临贺王","1","1","2"
"改太皇太后","1","1","2"
"崇宪皇太后","1","1","2"
"立皇后王氏","1","1","2"
"尚书右丞江","1","1","2"
"书右丞江谧","1","1","2"
"家门路太后","1","1","2"
"中书舍人胡","1","1","2"
"书舍人胡母","1","1","2"
"舍人胡母颢","1","1","2"
"人胡母颢专","1","1","2"
"胡母颢专权","1","1","2"
"豫章太守刘","1","1","2"
"大明七年正","1","1","2"
"明七年正月","1","1","2"
"衮冕九章衣","1","1","2"
"军褚彦回共","1","1","2"
"立皇后江氏","1","1","2"
"秋七月戊辰","2","0","2"
"仪同三司蔡","1","1","2"
"同三司蔡兴","1","1","2"
"三司蔡兴宗","1","1","2"
"冬十一月己","2","0","2"
"十一月己亥","1","1","2"
"除郢州刺史","2","0","2"
"郢州刺史刘","1","1","2"
"州刺史刘彦","1","1","2"
"刺史刘彦节","1","1","2"
"元徽元年春","1","1","2"
"陈留王曹铣","1","1","2"
"十二月癸卯","2","0","2"
"爲始安县王","2","0","2"
"史桂阳王休","2","0","2"
"阳王休范举","2","0","2"
"王休范举兵","2","0","2"
"卫将军萧道","1","1","2"
"前南兖州刺","1","1","2"
"兖州刺史沈","1","1","2"
"州刺史沈怀","1","1","2"
"刺史沈怀明","1","1","2"
"中军将军褚","1","1","2"
"军褚彦回入","1","1","2"
"越骑校尉张","1","1","2"
"骑校尉张苟","1","1","2"
"右将军王道","1","1","2"
"将军王道隆","1","1","2"
"张永溃白下","2","0","2"
"沈怀明石头","2","0","2"
"怀明石头奔","2","0","2"
"明石头奔散","2","0","2"
"典签茅恬开","2","0","2"
"签茅恬开东","2","0","2"
"茅恬开东府","2","0","2"
"恬开东府纳","2","0","2"
"开东府纳贼","2","0","2"
"史建平王景","2","0","2"
"郢州刺史晋","1","1","2"
"州刺史晋熙","1","1","2"
"刺史晋熙王","1","1","2"
"刺史王僧虔","1","1","2"
"州刺史张兴","1","1","2"
"刺史张兴世","1","1","2"
"改辅师将军","1","1","2"
"加护军将军","2","0","2"
"西大将军河","1","1","2"
"大将军河南","1","1","2"
"将军河南王","1","1","2"
"军河南王吐","1","1","2"
"遣骁骑将军","1","1","2"
"骁骑将军任","1","1","2"
"骑将军任农","1","1","2"
"将军任农夫","1","1","2"
"冠军将军黄","1","1","2"
"军将军黄回","1","1","2"
"骁骑将军高","1","1","2"
"骑将军高道","1","1","2"
"扬州刺史安","1","1","2"
"州刺史安成","1","1","2"
"刺史安成王","1","1","2"
"进号骠骑大","2","0","2"
"年夏四月甲","2","0","2"
"豫州刺史阮","1","1","2"
"州刺史阮佃","1","1","2"
"刺史阮佃夫","1","1","2"
"步兵校尉申","1","1","2"
"兵校尉申伯","1","1","2"
"校尉申伯宗","1","1","2"
"徒左长史沈","1","1","2"
"左长史沈勃","1","1","2"
"散骑常侍杜","1","1","2"
"骑常侍杜幼","1","1","2"
"常侍杜幼文","1","1","2"
"游击将军孙","1","1","2"
"击将军孙超","1","1","2"
"长水校尉杜","1","1","2"
"水校尉杜叔","1","1","2"
"校尉杜叔文","1","1","2"
"丹阳秣陵县","1","1","2"
"阳秣陵县郊","1","1","2"
"曜灵殿上养","1","1","2"
"右卫翼辇营","1","1","2"
"军将军萧道","1","1","2"
"直合将军王","2","0","2"
"合将军王敬","2","0","2"
"东海兰陵县","1","1","2"
"海兰陵县中","1","1","2"
"兰陵县中都","1","1","2"
"陵县中都乡","1","1","2"
"县中都乡中","1","1","2"
"中都乡中都","1","1","2"
"都乡中都里","1","1","2"
"高祖淮阴令","1","1","2"
"迁右军将军","2","0","2"
"峨公山立庙","1","1","2"
"公山立庙祭","1","1","2"
"山立庙祭祀","1","1","2"
"儒生雷次宗","1","1","2"
"州刺史萧思","1","1","2"
"刺史萧思话","1","1","2"
"史萧思话镇","1","1","2"
"左军中兵参","1","1","2"
"梁州刺史刘","1","1","2"
"州刺史刘秀","1","1","2"
"遣司马马注","1","1","2"
"少府萧惠开","1","1","2"
"会稽太守寻","1","1","2"
"稽太守寻阳","1","1","2"
"太守寻阳王","1","1","2"
"寻阳王子房","2","0","2"
"封西阳县侯","1","1","2"
"巴陵王卫军","1","1","2"
"陵王卫军司","1","1","2"
"王卫军司马","1","1","2"
"史晋安王子","2","0","2"
"遣临川内史","1","1","2"
"临川内史张","1","1","2"
"川内史张淹","1","1","2"
"阳王征北司","1","1","2"
"王征北司马","1","1","2"
"行南徐州事","2","0","2"
"都督北讨前","1","1","2"
"督北讨前锋","1","1","2"
"北讨前锋诸","1","1","2"
"讨前锋诸军","1","1","2"
"迁南兖州刺","2","0","2"
"冠军将军吴","1","1","2"
"军将军吴喜","1","1","2"
"将军吴喜留","1","1","2"
"护军褚彦回","1","1","2"
"石头戍军事","1","1","2"
"元徽二年五","1","1","2"
"徽二年五月","1","1","2"
"中书省计议","1","1","2"
"中书舍人孙","1","1","2"
"书舍人孙千","1","1","2"
"舍人孙千龄","1","1","2"
"筑新亭城垒","1","1","2"
"甯朔将军高","2","0","2"
"员外郎王敬","1","1","2"
"帝挺身上马","1","1","2"
"帅丁文豪设","1","1","2"
"冠军将军沈","1","1","2"
"军将军沈怀","1","1","2"
"刘休范父子","1","1","2"
"刘彦节引咎","1","1","2"
"彦节引咎解","1","1","2"
"节引咎解职","1","1","2"
"槐树下计议","1","1","2"
"虎贲剑戟羽","1","1","2"
"贲剑戟羽仪","1","1","2"
"子前湘州刺","1","1","2"
"尚书令刘彦","1","1","2"
"书令刘彦节","1","1","2"
"令刘彦节见","1","1","2"
"夜丹阳丞王","1","1","2"
"阳丞王逊告","2","0","2"
"丞王逊告变","2","0","2"
"卜伯兴等严","1","1","2"
"典签莫嗣祖","1","1","2"
"都督十六州","1","1","2"
"督十六州诸","1","1","2"
"十六州诸军","1","1","2"
"六州诸军事","1","1","2"
"进帝位相国","2","0","2"
"将作匠陈文","1","1","2"
"作匠陈文建","1","1","2"
"匠陈文建奏","1","1","2"
"建安二十五","1","1","2"
"安二十五年","1","1","2"
"一百九十六","1","1","2"
"百九十六年","1","1","2"
"一百五十六","1","1","2"
"百五十六年","1","1","2"
"建元元年夏","1","1","2"
"元年夏四月","2","0","2"
"赐人爵二级","2","0","2"
"文武位二等","2","0","2"
"犯乡论清议","2","0","2"
"留襄阳郡公","1","1","2"
"襄阳郡公张","1","1","2"
"阳郡公张敬","1","1","2"
"等六十二人","1","1","2"
"广兴郡公沈","1","1","2"
"兴郡公沈昙","1","1","2"
"郡公沈昙亮","1","1","2"
"公沈昙亮等","1","1","2"
"沈昙亮等一","1","1","2"
"昙亮等一百","1","1","2"
"亮等一百二","1","1","2"
"等一百二十","1","1","2"
"一百二十二","1","1","2"
"百二十二人","1","1","2"
"南国遣使朝","2","0","2"
"散骑常侍十","1","1","2"
"骑常侍十二","1","1","2"
"常侍十二人","1","1","2"
"阴安公刘燮","1","1","2"
"安公刘燮等","1","1","2"
"义兴三郡遭","1","1","2"
"置南蛮校尉","1","1","2"
"彦回尚书令","2","0","2"
"阴王太妃王","1","1","2"
"王太妃王氏","1","1","2"
"空褚彦回爲","2","0","2"
"褚彦回爲司","2","0","2"
"彦回爲司徒","2","0","2"
"仆射王俭爲","2","0","2"
"豫州刺史垣","1","1","2"
"州刺史垣崇","1","1","2"
"刺史垣崇祖","1","1","2"
"夏四月丙寅","2","0","2"
"高丽王乐浪","1","1","2"
"丽王乐浪公","1","1","2"
"王乐浪公高","1","1","2"
"乐浪公高琏","1","1","2"
"秋九月甲午","2","0","2"
"骑豫章王嶷","2","0","2"
"豫章王嶷爲","2","0","2"
"年春正月壬","2","0","2"
"献师子皮裤","2","0","2"
"师子皮裤褶","2","0","2"
"乌程令吴郡","1","1","2"
"稽山阴县狱","1","1","2"
"山阴县狱丞","1","1","2"
"世子吐谷浑","1","1","2"
"河二州刺史","1","1","2"
"高丽国遣使","2","0","2"
"丽国遣使朝","2","0","2"
"散骑常侍虞","1","1","2"
"骑常侍虞炎","1","1","2"
"常侍虞炎等","1","1","2"
"侍虞炎等十","1","1","2"
"虞炎等十二","1","1","2"
"炎等十二人","1","1","2"
"事中褚思庄","1","1","2"
"中褚思庄共","1","1","2"
"中书侍郎江","1","1","2"
"书侍郎江淹","1","1","2"
"东观学士撰","1","1","2"
"前淮南太守","1","1","2"
"淮南太守孙","1","1","2"
"南太守孙奉","1","1","2"
"太守孙奉伯","1","1","2"
"参军崔灵建","1","1","2"
"军崔灵建梦","1","1","2"
"旧居武进东","1","1","2"
"居武进东城","1","1","2"
"武进东城村","1","1","2"
"升明二年冬","1","1","2"
"延陵县季子","1","1","2"
"陵县季子庙","1","1","2"
"庐山道人张","1","1","2"
"山道人张陵","1","1","2"
"黄石公化气","1","1","2"
"会稽南山李","1","1","2"
"稽南山李斯","1","1","2"
"南山李斯刻","1","1","2"
"山李斯刻秦","1","1","2"
"李斯刻秦望","1","1","2"
"历年七十水","1","1","2"
"二士天下乐","1","1","2"
"金刀利刃齐","1","1","2"
"刀利刃齐刈","1","1","2"
"消除水灾泄","1","1","2"
"除水灾泄山","1","1","2"
"水灾泄山川","1","1","2"
"升明三年四","1","1","2"
"明三年四月","1","1","2"
"三年四月二","1","1","2"
"荥阳郡人尹","1","1","2"
"阳郡人尹千","1","1","2"
"肃然入草应","1","1","2"
"然入草应天","1","1","2"
"入草应天符","1","1","2"
"州刺史萧赤","1","1","2"
"刺史萧赤斧","1","1","2"
"玉璧三十二","1","1","2"
"璧三十二枚","1","1","2"
"世祖武皇帝","1","1","2"
"宋元嘉十七","1","1","2"
"嘉十七年六","1","1","2"
"十七年六月","1","1","2"
"孔雀羽衣裳","1","1","2"
"南康相沈肃","1","1","2"
"族人萧欣祖","1","1","2"
"门客桓康等","1","1","2"
"晋熙王镇西","1","1","2"
"熙王镇西长","1","1","2"
"将军黄回等","1","1","2"
"迁江州刺史","2","0","2"
"督京畿诸军","1","1","2"
"京畿诸军事","1","1","2"
"建元四年三","1","1","2"
"元四年三月","1","1","2"
"王俭爲尚书","2","0","2"
"俭爲尚书令","2","0","2"
"前将军王奂","1","1","2"
"司空豫章王","1","1","2"
"送修城钱二","1","1","2"
"修城钱二千","1","1","2"
"永明五年十","1","1","2"
"明五年十一","1","1","2"
"五年十一月","1","1","2"
"年十一月戊","2","0","2"
"十一月戊子","2","0","2"
"东宫崇正殿","1","1","2"
"护军将军武","1","1","2"
"军将军武陵","1","1","2"
"将军武陵王","1","1","2"
"南大将军陈","1","1","2"
"大将军陈显","1","1","2"
"书左仆射西","1","1","2"
"左仆射西昌","1","1","2"
"仆射西昌侯","1","1","2"
"右仆射王晏","1","1","2"
"部尚书徐孝","1","1","2"
"尚书徐孝嗣","1","1","2"
"增班剑三十","2","0","2"
"追尊文惠皇","1","1","2"
"尊文惠皇太","1","1","2"
"文惠皇太子","1","1","2"
"世宗文皇帝","1","1","2"
"冬十月壬寅","2","0","2"
"皇太孙太妃","1","1","2"
"年春正月丁","2","0","2"
"傅竟陵王子","2","0","2"
"军西昌侯鸾","2","0","2"
"西昌侯鸾本","2","0","2"
"昌侯鸾本号","2","0","2"
"亲兵五百人","1","1","2"
"鄱阳王锵爲","2","0","2"
"司徒参军刘","1","1","2"
"仪同三司武","1","1","2"
"同三司武陵","1","1","2"
"三司武陵王","1","1","2"
"陵王子良薨","2","0","2"
"骠骑将军庐","1","1","2"
"骑将军庐陵","1","1","2"
"将军庐陵王","1","1","2"
"庐陵王子卿","2","0","2"
"陵王子卿爲","2","0","2"
"书右仆射鄱","1","1","2"
"右仆射鄱阳","1","1","2"
"仆射鄱阳王","1","1","2"
"镇军大将军","1","1","2"
"军大将军西","1","1","2"
"大将军西昌","1","1","2"
"秋七月癸巳","2","0","2"
"陵文宣王所","1","1","2"
"竟陵王移住","1","1","2"
"陵王移住西","1","1","2"
"王移住西州","1","1","2"
"侍书胡天翼","1","1","2"
"事中綦母珍","1","1","2"
"豫章王妃庾","1","1","2"
"章王妃庾氏","1","1","2"
"时司空王敬","1","1","2"
"射声校尉萧","1","1","2"
"声校尉萧坦","1","1","2"
"上库五亿万","1","1","2"
"中书舍人綦","1","1","2"
"书舍人綦母","1","1","2"
"舍人綦母珍","1","1","2"
"直合将军曹","2","0","2"
"合将军曹道","2","0","2"
"永泰元年七","1","1","2"
"泰元年七月","1","1","2"
"镇北将军晋","1","1","2"
"北将军晋安","1","1","2"
"军晋安王宝","2","0","2"
"立皇后褚氏","1","1","2"
"永元元年春","1","1","2"
"秋七月辛未","2","0","2"
"书右仆射江","1","1","2"
"诏曲赦都下","2","0","2"
"军将军萧坦","1","1","2"
"书左仆射萧","1","1","2"
"左仆射萧坦","1","1","2"
"右卫将军曹","1","1","2"
"卫将军曹武","1","1","2"
"军将军刘暄","1","1","2"
"冬十月乙未","2","0","2"
"军将军沈文","1","1","2"
"将军沈文季","1","1","2"
"吴兴太守萧","1","1","2"
"兴太守萧惠","1","1","2"
"太守萧惠休","1","1","2"
"州刺史陈显","1","1","2"
"刺史陈显达","1","1","2"
"陈显达举兵","1","1","2"
"显达举兵反","1","1","2"
"豫州刺史裴","1","1","2"
"州刺史裴叔","1","1","2"
"右仆射萧惠","1","1","2"
"仆射萧惠休","1","1","2"
"右卫将军左","1","1","2"
"卫将军左兴","1","1","2"
"将军左兴盛","1","1","2"
"军左兴盛督","1","1","2"
"徐州刺史江","1","1","2"
"军王莹率衆","2","0","2"
"台城内闭门","1","1","2"
"城内闭门拒","1","1","2"
"内闭门拒守","1","1","2"
"豫州刺史萧","1","1","2"
"州刺史萧懿","1","1","2"
"夏四月癸酉","2","0","2"
"赦都下南徐","2","0","2"
"右仆射萧懿","1","1","2"
"乐游苑内会","1","1","2"
"内明帝旧殿","1","1","2"
"尚书令萧懿","1","1","2"
"十一月甲寅","2","0","2"
"中郎长史萧","1","1","2"
"郎长史萧颖","1","1","2"
"州刺史萧衍","1","1","2"
"骑大将军晋","1","1","2"
"大将军晋安","1","1","2"
"抚军将军建","1","1","2"
"军将军建安","1","1","2"
"将军建安王","1","1","2"
"建安王宝寅","2","0","2"
"皇帝位江陵","2","0","2"
"遣平西将军","1","1","2"
"平西将军陈","1","1","2"
"西将军陈伯","1","1","2"
"守王灵秀率","1","1","2"
"太子左率李","1","1","2"
"子左率李居","1","1","2"
"左率李居士","1","1","2"
"率李居士总","1","1","2"
"李居士总督","1","1","2"
"居士总督西","1","1","2"
"士总督西讨","1","1","2"
"总督西讨诸","1","1","2"
"督西讨诸军","1","1","2"
"西讨诸军事","1","1","2"
"监南豫州事","1","1","2"
"南豫州事申","1","1","2"
"豫州事申胄","1","1","2"
"朔将军徐元","1","1","2"
"将军徐元瑜","1","1","2"
"徐元瑜东府","2","0","2"
"元瑜东府城","2","0","2"
"瑜东府城降","2","0","2"
"二州刺史桓","1","1","2"
"新除雍州刺","2","0","2"
"雍州刺史王","1","1","2"
"侍中张稷率","1","1","2"
"中张稷率兵","1","1","2"
"张稷率兵入","1","1","2"
"稷率兵入殿","1","1","2"
"率兵入殿杀","1","1","2"
"太中大夫羊","1","1","2"
"中大夫羊阐","1","1","2"
"王遥光等诛","2","0","2"
"遥光等诛后","2","0","2"
"左右数百人","2","0","2"
"纸包裹鱼肉","1","1","2"
"生母黄贵嫔","1","1","2"
"下马解取腰","1","1","2"
"二百九十六","1","1","2"
"百九十六处","1","1","2"
"前魏兴太守","1","1","2"
"魏兴太守王","1","1","2"
"兴太守王敬","1","1","2"
"太守王敬宾","1","1","2"
"长秋卿王儇","1","1","2"
"秋卿王儇病","1","1","2"
"丹阳尹王志","1","1","2"
"蒋山定林寺","1","1","2"
"军将军王莹","1","1","2"
"将军王莹率","1","1","2"
"曜灵等十余","1","1","2"
"古玉律数枚","1","1","2"
"偏信蒋侯神","1","1","2"
"谓茹法珍曰","2","0","2"
"王侯分置尚","1","1","2"
"侯分置尚书","1","1","2"
"分置尚书都","1","1","2"
"置尚书都坐","1","1","2"
"冠军将军王","1","1","2"
"军将军王珍","1","1","2"
"王宝孙督战","1","1","2"
"将军席豪发","1","1","2"
"军席豪发愤","1","1","2"
"席豪发愤突","1","1","2"
"兖州刺史张","1","1","2"
"州刺史张稷","1","1","2"
"刺史张稷入","1","1","2"
"茹法珍叩头","1","1","2"
"法珍叩头请","1","1","2"
"游荡主崔叔","1","1","2"
"荡主崔叔智","1","1","2"
"禁防黄泰平","1","1","2"
"梁高祖武皇","1","1","2"
"南兰陵中都","1","1","2"
"兰陵中都里","1","1","2"
"陵中都里人","1","1","2"
"宋孝武大明","2","0","2"
"秣陵县同夏","1","1","2"
"陵县同夏里","1","1","2"
"县同夏里三","1","1","2"
"同夏里三桥","1","1","2"
"陵王子良开","2","0","2"
"王子良开西","2","0","2"
"子良开西邸","2","0","2"
"镇西谘议参","2","0","2"
"西谘议参军","2","0","2"
"齐鱼复侯传","1","1","2"
"仗司马垣历","1","1","2"
"司马垣历生","1","1","2"
"武陵太守卞","1","1","2"
"陵太守卞白","1","1","2"
"太守卞白龙","1","1","2"
"豫州刺史崔","1","1","2"
"州刺史崔慧","1","1","2"
"刺史崔慧景","1","1","2"
"将军房伯玉","1","1","2"
"迁黄门侍郎","2","0","2"
"攻司州刺史","1","1","2"
"司州刺史萧","1","1","2"
"州刺史萧诞","1","1","2"
"卫将军王广","1","1","2"
"魏军表里受","1","1","2"
"军表里受敌","1","1","2"
"折角小牛车","1","1","2"
"魏孝文帝率","1","1","2"
"孝文帝率大","1","1","2"
"雍州相传樊","1","1","2"
"州相传樊城","1","1","2"
"时扬州刺史","1","1","2"
"右将军萧坦","1","1","2"
"御刀茹法珍","1","1","2"
"帝谓张弘策","2","0","2"
"谓张弘策曰","2","0","2"
"中兵吕僧珍","1","1","2"
"功曹史吉士","1","1","2"
"曹史吉士瞻","1","1","2"
"史吉士瞻等","1","1","2"
"吉士瞻等谋","1","1","2"
"甲士三万人","1","1","2"
"参军王天武","1","1","2"
"帝谓谘议参","2","0","2"
"谓谘议参军","2","0","2"
"议参军张弘","1","1","2"
"参军张弘策","1","1","2"
"中兵参军陈","1","1","2"
"兵参军陈秀","1","1","2"
"参军陈秀拔","1","1","2"
"军陈秀拔戟","1","1","2"
"竟陵太守曹","1","1","2"
"陵太守曹景","1","1","2"
"兵参军张法","1","1","2"
"参军张法安","1","1","2"
"军张法安守","1","1","2"
"郢州刺史张","1","1","2"
"州刺史张冲","1","1","2"
"刺史张冲迎","1","1","2"
"史张冲迎战","1","1","2"
"冠军将军邓","1","1","2"
"军将军邓元","1","1","2"
"朱思远等游","1","1","2"
"冠军将军萧","1","1","2"
"军将军萧颖","1","1","2"
"朔将军吴子","1","1","2"
"将军吴子阳","1","1","2"
"光子衿等十","1","1","2"
"子衿等十三","1","1","2"
"衿等十三军","1","1","2"
"军主曹仲宗","1","1","2"
"冠军将军陈","1","1","2"
"军将军陈伯","1","1","2"
"鲁山城主孙","1","1","2"
"山城主孙乐","1","1","2"
"城主孙乐祖","1","1","2"
"口十余万人","1","1","2"
"书令王亮苦","1","1","2"
"留上庸太守","1","1","2"
"上庸太守韦","1","1","2"
"收兵退保湖","1","1","2"
"兵退保湖口","1","1","2"
"帝平定东夏","1","1","2"
"豫州刺史申","1","1","2"
"州刺史申胄","1","1","2"
"东昏遣征虏","2","0","2"
"昏遣征虏将","2","0","2"
"征虏将军李","1","1","2"
"虏将军李居","1","1","2"
"将军李居士","1","1","2"
"军李居士迎","1","1","2"
"李居士迎战","1","1","2"
"新亭城主江","1","1","2"
"亭城主江道","1","1","2"
"城主江道林","1","1","2"
"主江道林率","1","1","2"
"江道林率兵","1","1","2"
"征虏将军王","1","1","2"
"虏将军王珍","1","1","2"
"青州刺史桓","1","1","2"
"遣军主左僧","1","1","2"
"弟辅国将军","1","1","2"
"宫女二千人","1","1","2"
"令追废涪陵","1","1","2"
"追废涪陵王","1","1","2"
"遣豫州刺史","1","1","2"
"豫州刺史李","1","1","2"
"州刺史李元","1","1","2"
"刺史李元履","1","1","2"
"侍中席阐文","1","1","2"
"黄门侍郎乐","1","1","2"
"门侍郎乐法","1","1","2"
"侍郎乐法才","1","1","2"
"郎乐法才慰","1","1","2"
"乐法才慰劳","1","1","2"
"外详爲条格","2","0","2"
"宣德皇后临","1","1","2"
"德皇后临朝","1","1","2"
"淫奢异服六","1","1","2"
"奢异服六十","1","1","2"
"异服六十二","1","1","2"
"服六十二种","1","1","2"
"队主陈文兴","1","1","2"
"宣武城内凿","1","1","2"
"武城内凿井","1","1","2"
"建康县桐下","1","1","2"
"康县桐下里","1","1","2"
"宣德皇后称","1","1","2"
"相国左长史","1","1","2"
"国左长史王","1","1","2"
"左长史王莹","1","1","2"
"长史王莹等","1","1","2"
"史王莹等率","1","1","2"
"天监元年夏","1","1","2"
"齐宣德皇后","1","1","2"
"书右仆射沈","1","1","2"
"右仆射沈约","1","1","2"
"封皇弟中护","1","1","2"
"皇弟中护军","1","1","2"
"巴陵王钱二","1","1","2"
"陵王钱二百","1","1","2"
"王钱二百万","1","1","2"
"车骑将军高","1","1","2"
"骑将军高丽","1","1","2"
"将军高丽王","1","1","2"
"军高丽王高","1","1","2"
"高丽王高云","1","1","2"
"东大将军百","1","1","2"
"大将军百济","1","1","2"
"将军百济王","1","1","2"
"进号征东大","2","0","2"
"东大将军倭","1","1","2"
"大将军倭王","1","1","2"
"谢沐公萧宝","1","1","2"
"沐公萧宝义","1","1","2"
"行宕昌王梁","1","1","2"
"宕昌王梁弥","1","1","2"
"昌王梁弥邕","1","1","2"
"河凉二州刺","1","1","2"
"凉二州刺史","1","1","2"
"卫尉卿张弘","1","1","2"
"尉卿张弘策","1","1","2"
"军将军王茂","1","1","2"
"封北秦州刺","1","1","2"
"北秦州刺史","1","1","2"
"秦州刺史杨","1","1","2"
"州刺史杨绍","1","1","2"
"刺史杨绍先","1","1","2"
"西凉州刺史","1","1","2"
"凉州刺史象","1","1","2"
"州刺史象舒","1","1","2"
"刺史象舒彭","1","1","2"
"史象舒彭进","1","1","2"
"中书监王莹","1","1","2"
"书监王莹等","1","1","2"
"监王莹等八","1","1","2"
"王莹等八人","1","1","2"
"莹等八人参","1","1","2"
"十一月己未","2","0","2"
"赐天下爲父","2","0","2"
"天下爲父后","2","0","2"
"下爲父后者","2","0","2"
"太宗简文皇","1","1","2"
"宗简文皇帝","1","1","2"
"武帝第三子","2","0","2"
"王爲皇太子","2","0","2"
"康王会理爲","2","0","2"
"城王大器爲","2","0","2"
"石城公大款","2","0","2"
"广州刺史元","1","1","2"
"州刺史元景","1","1","2"
"西江督护陈","1","1","2"
"江督护陈霸","1","1","2"
"督护陈霸先","1","1","2"
"护陈霸先攻","1","1","2"
"定州刺史萧","1","1","2"
"空南康王会","2","0","2"
"人相食者十","2","0","2"
"州刺史萧藻","1","1","2"
"大宝元年春","1","1","2"
"年春正月辛","2","0","2"
"前江都令祖","1","1","2"
"江都令祖皓","1","1","2"
"侯景攻下广","1","1","2"
"景攻下广陵","1","1","2"
"景逼帝幸西","2","0","2"
"逼帝幸西州","2","0","2"
"仪同三司鄱","1","1","2"
"同三司鄱阳","1","1","2"
"三司鄱阳王","1","1","2"
"刺史寻阳王","1","1","2"
"军将军王僧","1","1","2"
"二十郡爲汉","2","0","2"
"十郡爲汉王","2","0","2"
"州刺史徐文","1","1","2"
"刺史徐文盛","1","1","2"
"史徐文盛拒","1","1","2"
"南郡王前中","1","1","2"
"郡王前中兵","1","1","2"
"王前中兵参","1","1","2"
"前中兵参军","1","1","2"
"兵参军张彪","1","1","2"
"会稽若邪山","1","1","2"
"卫尉卿彭隽","1","1","2"
"公王僧贵入","1","1","2"
"王僧贵入殿","1","1","2"
"寻阳王诸子","1","1","2"
"阳王诸子二","1","1","2"
"王诸子二十","1","1","2"
"时年四十九","2","0","2"
"壮武将军杜","1","1","2"
"武将军杜怀","1","1","2"
"将军杜怀宝","1","1","2"
"振远将军曹","1","1","2"
"远将军曹义","1","1","2"
"将军曹义宗","1","1","2"
"军曹义宗等","1","1","2"
"曹义宗等进","1","1","2"
"义宗等进军","1","1","2"
"听者倾朝野","2","0","2"
"昭明太子传","1","1","2"
"谢客文泾渭","1","1","2"
"城北酒库中","1","1","2"
"士兰陵萧世","1","1","2"
"兰陵萧世赞","1","1","2"
"世祖孝元皇","1","1","2"
"祖孝元皇帝","1","1","2"
"天监七年八","1","1","2"
"监七年八月","1","1","2"
"赐采女姓阮","1","1","2"
"镇西长史王","1","1","2"
"西长史王冲","1","1","2"
"长史王冲等","1","1","2"
"湘州刺史河","1","1","2"
"州刺史河东","1","1","2"
"刺史河东王","1","1","2"
"大都督中外","1","1","2"
"镇兵将军鲍","1","1","2"
"兵将军鲍泉","1","1","2"
"将军鲍泉讨","1","1","2"
"史岳阳王察","2","0","2"
"卫将军王僧","1","1","2"
"前郢州刺史","1","1","2"
"史南平王恪","2","0","2"
"景遣将宋子","2","0","2"
"遣将宋子仙","2","0","2"
"僧佑等击破","1","1","2"
"僧辩爲征东","2","0","2"
"辩爲征东将","2","0","2"
"贼将宋子仙","1","1","2"
"仪同三司王","1","1","2"
"同三司王僧","1","1","2"
"三司王僧辩","1","1","2"
"司王僧辩等","1","1","2"
"军将军胡僧","1","1","2"
"军胡僧佑率","2","0","2"
"承圣元年二","1","1","2"
"圣元年二月","1","1","2"
"封万户开国","1","1","2"
"万户开国公","1","1","2"
"军朱买臣奉","1","1","2"
"太尉武陵王","1","1","2"
"祠部尚书乐","1","1","2"
"部尚书乐子","1","1","2"
"尚书乐子云","1","1","2"
"大都督王僧","1","1","2"
"督王僧辩等","1","1","2"
"刺史王僧辩","1","1","2"
"贼左仆射王","1","1","2"
"左仆射王伟","1","1","2"
"少府卿周石","1","1","2"
"府卿周石珍","1","1","2"
"遣护军将军","1","1","2"
"前梁州刺史","1","1","2"
"梁州刺史萧","1","1","2"
"爲平北将军","2","0","2"
"十一月丙子","2","0","2"
"改太清六年","1","1","2"
"右仆射王褒","1","1","2"
"湘东太守张","1","1","2"
"东太守张绾","1","1","2"
"见大蛇盘屈","1","1","2"
"小龙相随飞","1","1","2"
"司徒王僧辩","1","1","2"
"僧辩爲太尉","2","0","2"
"郢州刺史陆","1","1","2"
"州刺史陆法","1","1","2"
"仪同三司陈","1","1","2"
"同三司陈霸","1","1","2"
"三司陈霸先","1","1","2"
"都督城东城","1","1","2"
"督城东城北","1","1","2"
"城东城北诸","1","1","2"
"东城北诸军","1","1","2"
"城北诸军事","1","1","2"
"右仆射张绾","1","1","2"
"都督城西城","1","1","2"
"督城西城南","1","1","2"
"城西城南诸","1","1","2"
"西城南诸军","1","1","2"
"城南诸军事","1","1","2"
"直殿省元景","1","1","2"
"殿省元景亮","1","1","2"
"爲开府仪同","2","0","2"
"信州刺史徐","1","1","2"
"州刺史徐世","1","1","2"
"刺史徐世谱","1","1","2"
"安王司马任","1","1","2"
"王司马任约","1","1","2"
"仆射长孙俭","1","1","2"
"州学宣尼庙","1","1","2"
"劝学事二人","2","0","2"
"姑义兴昭长","1","1","2"
"义兴昭长公","1","1","2"
"兴昭长公主","1","1","2"
"子王铨兄弟","1","1","2"
"王铨兄弟八","1","1","2"
"铨兄弟八九","1","1","2"
"兄弟八九人","1","1","2"
"御史中丞江","1","1","2"
"史中丞江革","1","1","2"
"舟舰迁都建","1","1","2"
"舰迁都建邺","1","1","2"
"史中丞刘懿","1","1","2"
"人朱买臣按","1","1","2"
"朱买臣按剑","1","1","2"
"买臣按剑进","1","1","2"
"问仆射王褒","1","1","2"
"城内大都督","1","1","2"
"黄门郎裴政","1","1","2"
"终非封禅时","1","1","2"
"人世逢百六","1","1","2"
"何言异蝼蚁","1","1","2"
"松风侵晓哀","1","1","2"
"寂寥千载后","1","1","2"
"尚书傅准监","1","1","2"
"周易讲疏十","2","0","2"
"承圣二年三","1","1","2"
"圣二年三月","1","1","2"
"南郡城西升","1","1","2"
"郡城西升天","1","1","2"
"世祖文皇帝","1","1","2"
"临安县郭文","1","1","2"
"安县郭文举","1","1","2"
"吴兴太守信","1","1","2"
"兴太守信都","1","1","2"
"太守信都遵","1","1","2"
"守信都遵收","1","1","2"
"龛遣将杜泰","2","0","2"
"武帝遣周文","2","0","2"
"帝遣周文育","2","0","2"
"遣周文育讨","1","1","2"
"永定三年六","1","1","2"
"定三年六月","1","1","2"
"高宗孝宣皇","1","1","2"
"宗孝宣皇帝","1","1","2"
"大通二年七","1","1","2"
"通二年七月","1","1","2"
"二年七月辛","1","1","2"
"年七月辛酉","1","1","2"
"门客张子煦","1","1","2"
"客张子煦见","1","1","2"
"光大二年正","1","1","2"
"大二年正月","1","1","2"
"黜废帝爲临","2","0","2"
"废帝爲临海","2","0","2"
"帝爲临海王","2","0","2"
"太建元年春","1","1","2"
"年春正月甲","2","0","2"
"鳏寡能存者","2","0","2"
"复太皇太后","1","1","2"
"封皇子江州","1","1","2"
"皇子江州刺","1","1","2"
"子江州刺史","1","1","2"
"江州刺史康","1","1","2"
"州刺史康乐","1","1","2"
"刺史康乐侯","1","1","2"
"书仆射沈钦","1","1","2"
"度支尚书王","1","1","2"
"支尚书王劢","1","1","2"
"封皇子建安","1","1","2"
"皇子建安侯","1","1","2"
"承圣二年十","1","1","2"
"圣二年十一","1","1","2"
"二年十一月","1","1","2"
"太建元年正","1","1","2"
"设碍大会太","2","0","2"
"碍大会太极","2","0","2"
"大会太极前","2","0","2"
"会太极前殿","2","0","2"
"翊左将军永","1","1","2"
"左将军永阳","1","1","2"
"将军永阳王","1","1","2"
"立皇子永康","1","1","2"
"皇子永康公","1","1","2"
"史长沙王叔","2","0","2"
"王叔坚爲司","2","0","2"
"叔坚爲司空","2","0","2"
"史豫章王叔","2","0","2"
"章王叔英爲","2","0","2"
"中卫大将军","1","1","2"
"扬州刺史司","1","1","2"
"刺史司马消","1","1","2"
"史司马消难","1","1","2"
"进号车骑将","2","0","2"
"仪同三司长","1","1","2"
"同三司长沙","1","1","2"
"三司长沙王","1","1","2"
"部尚书江总","1","1","2"
"江总爲尚书","2","0","2"
"太子加元服","2","0","2"
"镇左将军长","1","1","2"
"左将军长沙","1","1","2"
"将军长沙王","1","1","2"
"前丰州刺史","1","1","2"
"丰州刺史章","1","1","2"
"州刺史章大","1","1","2"
"刺史章大宝","1","1","2"
"书仆射江总","1","1","2"
"吏部尚书谢","1","1","2"
"祯明元年春","1","1","2"
"太傅安平王","1","1","2"
"都官尚书沈","1","1","2"
"官尚书沈君","1","1","2"
"尚书沈君公","1","1","2"
"荆州刺史陈","1","1","2"
"州刺史陈慧","1","1","2"
"刺史陈慧纪","1","1","2"
"爲平东将军","2","0","2"
"仪同三司豫","1","1","2"
"同三司豫章","1","1","2"
"三司豫章王","1","1","2"
"前镇卫大将","1","1","2"
"扬州刺史鄱","1","1","2"
"立扬州刺史","1","1","2"
"太子詹事袁","1","1","2"
"子詹事袁宪","1","1","2"
"初隋文帝受","1","1","2"
"隋文帝受周","1","1","2"
"称姓名顿首","1","1","2"
"清河公杨素","1","1","2"
"襄邑公贺若","1","1","2"
"邑公贺若弼","1","1","2"
"孔贵人等八","1","1","2"
"贵人等八人","1","1","2"
"人等八人夹","1","1","2"
"等八人夹坐","1","1","2"
"孔范等十人","1","1","2"
"奈何帝奈何","1","1","2"
"何帝奈何帝","1","1","2"
"内大皇佛寺","1","1","2"
"除湘州刺史","2","0","2"
"湘州刺史施","1","1","2"
"州刺史施文","1","1","2"
"刺史施文庆","1","1","2"
"中书舍人沈","1","1","2"
"书舍人沈客","1","1","2"
"舍人沈客卿","1","1","2"
"人沈客卿掌","1","1","2"
"德教学士沈","1","1","2"
"教学士沈君","1","1","2"
"学士沈君道","1","1","2"
"士沈君道梦","1","1","2"
"爲东扬州刺","2","0","2"
"爲吴州刺史","2","0","2"
"弼攻下京口","1","1","2"
"皇畿大都督","1","1","2"
"分兵镇守要","1","1","2"
"兵镇守要害","1","1","2"
"韩擒陷南豫","2","0","2"
"擒陷南豫州","2","0","2"
"若弼进军锺","2","0","2"
"弼进军锺山","2","0","2"
"弼乘胜进军","1","1","2"
"乘胜进军宫","1","1","2"
"胜进军宫城","1","1","2"
"城内文武百","1","1","2"
"尚书仆射袁","1","1","2"
"书仆射袁宪","1","1","2"
"舍人夏侯公","1","1","2"
"人夏侯公韵","1","1","2"
"舍人孔伯鱼","1","1","2"
"桃叶复桃叶","1","1","2"
"奉朝请史普","1","1","2"
"独足上高台","1","1","2"
"所谓上高台","1","1","2"
"日月光天德","1","1","2"
"山川壮帝居","1","1","2"
"愿上东封书","1","1","2"
"仁寿四年十","1","1","2"
"寿四年十一","1","1","2"
"四年十一月","1","1","2"
"汉光武所制","2","0","2"
"明帝泰始二","1","1","2"
"帝泰始二年","1","1","2"
"齐高帝建元","1","1","2"
"高帝建元元","1","1","2"
"帝建元元年","1","1","2"
"文元袁皇后","1","1","2"
"东阳献公主","1","1","2"
"阳献公主英","1","1","2"
"献公主英娥","1","1","2"
"前永嘉太守","1","1","2"
"孝武昭路太","1","1","2"
"武昭路太后","1","1","2"
"丹阳建康人","1","1","2"
"貌选入后宫","1","1","2"
"余杭县广昌","1","1","2"
"杭县广昌乡","1","1","2"
"县广昌乡君","1","1","2"
"子抚军参军","1","1","2"
"泰始四年夏","1","1","2"
"崇宪昭太后","1","1","2"
"宪昭太后修","1","1","2"
"明恭王皇后","1","1","2"
"令太医煮药","1","1","2"
"上虞都乡君","1","1","2"
"郁林王何妃","1","1","2"
"文惠太子嫌","1","1","2"
"妃禀性淫乱","1","1","2"
"侍书人马澄","1","1","2"
"书人马澄年","1","1","2"
"人马澄年少","1","1","2"
"建康令沈徽","2","0","2"
"康令沈徽孚","2","0","2"
"高昌县都乡","1","1","2"
"昌县都乡君","1","1","2"
"东昏褚皇后","1","1","2"
"河南阳翟人","1","1","2"
"爲皇太子妃","2","0","2"
"武德郗皇后","1","1","2"
"宋后废帝将","1","1","2"
"南徐州南东","1","1","2"
"徐州南东海","1","1","2"
"州南东海武","1","1","2"
"南东海武进","1","1","2"
"东海武进县","1","1","2"
"海武进县东","1","1","2"
"县东城里山","1","1","2"
"赠金紫光禄","2","0","2"
"乡人魏益德","1","1","2"
"人魏益德将","1","1","2"
"天监元年五","1","1","2"
"监元年五月","1","1","2"
"吏部郎张缵","1","1","2"
"同郡钱仲方","1","1","2"
"人蔡景历定","1","1","2"
"蔡景历定计","1","1","2"
"时衡阳献王","1","1","2"
"尊后爲皇太","2","0","2"
"安前中录事","1","1","2"
"前中录事参","1","1","2"
"中录事参军","1","1","2"
"武帝讨侯景","2","0","2"
"封建城县侯","2","0","2"
"舍人刘师知","1","1","2"
"人刘师知等","1","1","2"
"诱建安人张","1","1","2"
"建安人张安","1","1","2"
"安人张安国","1","1","2"
"人张安国使","1","1","2"
"江修容等七","1","1","2"
"修容等七人","1","1","2"
"玉树后庭花","1","1","2"
"璧月夜夜满","1","1","2"
"琼树朝朝新","1","1","2"
"通嫡母殷氏","1","1","2"
"阳王休范爲","2","0","2"
"王休范爲逆","2","0","2"
"时齐高帝辅","1","1","2"
"齐高帝入屯","2","0","2"
"高帝入屯朝","2","0","2"
"帝入屯朝堂","2","0","2"
"大将黄回等","1","1","2"
"主簿丁灵卫","1","1","2"
"军卜伯兴谋","1","1","2"
"秣陵令刘实","1","1","2"
"建康令刘遐","1","1","2"
"骁骑将军王","1","1","2"
"骑将军王敬","1","1","2"
"所恨风霜早","1","1","2"
"爲武帝所知","2","0","2"
"前征奉朝请","1","1","2"
"征奉朝请武","1","1","2"
"奉朝请武陵","1","1","2"
"王弘爲江州","2","0","2"
"徐州先贤传","1","1","2"
"本号加开府","2","0","2"
"号加开府仪","2","0","2"
"太尉袁淑文","1","1","2"
"袁淑文冠时","2","0","2"
"东海何长瑜","2","0","2"
"爲元凶所杀","2","0","2"
"南徐二州刺","1","1","2"
"景仁爲帝所","2","0","2"
"会稽太守羊","1","1","2"
"稽太守羊玄","1","1","2"
"太守羊玄保","1","1","2"
"书库部郎何","1","1","2"
"库部郎何默","1","1","2"
"部郎何默子","1","1","2"
"余姚令韩景","1","1","2"
"青州刺史杜","1","1","2"
"州刺史杜骥","1","1","2"
"桂阳侯义融","2","0","2"
"秘书监徐湛","1","1","2"
"征虏司马萧","1","1","2"
"虏司马萧斌","1","1","2"
"司徒主簿谢","1","1","2"
"徒主簿谢综","1","1","2"
"素爲义康所","2","0","2"
"龙骧参军巴","1","1","2"
"骧参军巴东","1","1","2"
"扶令育上表","1","1","2"
"令育上表申","1","1","2"
"育上表申明","1","1","2"
"会稽长公主","1","1","2"
"太子詹事范","1","1","2"
"子詹事范晔","1","1","2"
"詹事范晔等","1","1","2"
"事范晔等谋","1","1","2"
"范晔等谋反","1","1","2"
"豫章胡诞世","1","1","2"
"前吴平令袁","1","1","2"
"吴平令袁恽","1","1","2"
"平令袁恽等","1","1","2"
"令袁恽等谋","1","1","2"
"书左仆射何","1","1","2"
"左仆射何尚","1","1","2"
"二十八年正","1","1","2"
"十八年正月","1","1","2"
"中书舍人严","1","1","2"
"书舍人严麝","1","1","2"
"元嘉三年闰","1","1","2"
"嘉三年闰正","1","1","2"
"三年闰正月","1","1","2"
"皇后生太子","1","1","2"
"中庶子二率","1","1","2"
"入直永福省","2","0","2"
"黄门侍郎殷","1","1","2"
"门侍郎殷淳","1","1","2"
"女巫严道育","1","1","2"
"夏王义恭爲","2","0","2"
"谓江夏王义","2","0","2"
"时道士范材","1","1","2"
"道士范材修","1","1","2"
"士范材修练","1","1","2"
"范材修练形","1","1","2"
"材修练形术","1","1","2"
"三十年正月","1","1","2"
"二十一日夜","1","1","2"
"召前中庶子","1","1","2"
"前中庶子右","1","1","2"
"中庶子右军","1","1","2"
"庶子右军长","1","1","2"
"子右军长史","1","1","2"
"右军长史萧","1","1","2"
"军长史萧斌","1","1","2"
"中舍人殷仲","1","1","2"
"舍人殷仲素","1","1","2"
"左积弩将军","1","1","2"
"积弩将军王","1","1","2"
"弩将军王正","1","1","2"
"将军王正见","1","1","2"
"驰入云龙东","1","1","2"
"入云龙东中","1","1","2"
"云龙东中华","1","1","2"
"龙东中华门","1","1","2"
"书仆射徐湛","1","1","2"
"书舍人顾嘏","1","1","2"
"部尚书江湛","1","1","2"
"左细仗主卜","1","1","2"
"细仗主卜天","1","1","2"
"左右数十人","2","0","2"
"急召始兴王","1","1","2"
"问侍中王僧","1","1","2"
"屯骑校尉庞","1","1","2"
"骑校尉庞秀","1","1","2"
"徒左长史何","1","1","2"
"左长史何偃","1","1","2"
"立司隶校尉","1","1","2"
"大将军江夏","1","1","2"
"司徒南谯王","1","1","2"
"谯王义宣爲","2","0","2"
"荆州刺史始","1","1","2"
"州刺史始兴","1","1","2"
"刺史始兴王","1","1","2"
"中宗景皇帝","1","1","2"
"南中郎二十","1","1","2"
"中郎二十年","1","1","2"
"郎二十年少","1","1","2"
"子伟爲皇太","2","0","2"
"伟爲皇太子","2","0","2"
"义恭单马南","1","1","2"
"恭单马南奔","1","1","2"
"劭闭守六门","1","1","2"
"子左卫率王","1","1","2"
"左卫率王正","1","1","2"
"卫率王正见","1","1","2"
"东海等七王","1","1","2"
"帝第十二子","2","0","2"
"元嘉二十九","1","1","2"
"嘉二十九年","1","1","2"
"前废帝景元","2","0","2"
"废帝景元年","2","0","2"
"山阳王休佑","2","0","2"
"右卫将军刘","1","1","2"
"卫将军刘道","1","1","2"
"将军刘道隆","1","1","2"
"时廷尉刘蒙","1","1","2"
"休仁都督征","1","1","2"
"仁都督征讨","1","1","2"
"明帝末年多","1","1","2"
"帝末年多忌","1","1","2"
"位骠骑大将","1","1","2"
"求白米一斛","1","1","2"
"直阁夏文秀","1","1","2"
"废帝元徽元","1","1","2"
"帝元徽元年","1","1","2"
"顺帝升明三","1","1","2"
"帝升明三年","1","1","2"
"武帝克京城","2","0","2"
"司马元显政","1","1","2"
"马元显政令","1","1","2"
"迁尚书祠部","2","0","2"
"封西华县五","1","1","2"
"西华县五等","1","1","2"
"华县五等子","1","1","2"
"刺史王谧薨","2","0","2"
"尚书右丞皮","1","1","2"
"书右丞皮沈","1","1","2"
"老母弱子委","1","1","2"
"义熙十三年","1","1","2"
"文武二万人","1","1","2"
"封南康郡公","2","0","2"
"江氏兄弟戏","1","1","2"
"武帝建武将","1","1","2"
"帝建武将军","1","1","2"
"徐羡等谋废","2","0","2"
"羡等谋废立","2","0","2"
"枉杀檀江州","1","1","2"
"司空参军薛","1","1","2"
"空参军薛肜","1","1","2"
"文帝问殷景","1","1","2"
"帝问殷景仁","1","1","2"
"渑池人李方","1","1","2"
"池人李方家","1","1","2"
"论军国大事","1","1","2"
"武帝伐广固","2","0","2"
"天门郡临澧","1","1","2"
"博陆县五等","1","1","2"
"陆县五等子","1","1","2"
"江陵城二十","1","1","2"
"陵城二十里","1","1","2"
"岸上竖旗安","1","1","2"
"上竖旗安鼓","1","1","2"
"父兄子弟中","1","1","2"
"兄子弟中表","1","1","2"
"子弟中表亲","1","1","2"
"伪大将军姚","1","1","2"
"大将军姚绍","1","1","2"
"将军姚绍所","1","1","2"
"伪抚军将军","1","1","2"
"抚军将军姚","1","1","2"
"军将军姚赞","1","1","2"
"将军姚赞代","1","1","2"
"便弃船登岸","1","1","2"
"镇恶抚慰士","1","1","2"
"恶抚慰士卒","1","1","2"
"长安城北门","1","1","2"
"安城北门外","1","1","2"
"赫连勃勃逼","1","1","2"
"四年正月十","1","1","2"
"年正月十五","1","1","2"
"正月十五日","1","1","2"
"西中郎袁真","1","1","2"
"舅淮南蒋氏","1","1","2"
"淮南蒋氏才","1","1","2"
"县人姚系祖","1","1","2"
"人姚系祖专","1","1","2"
"龄石密谋进","1","1","2"
"外水取成都","2","0","2"
"大将谯道福","1","1","2"
"秦州刺史侯","1","1","2"
"州刺史侯晖","1","1","2"
"仆射谯诜等","1","1","2"
"射谯诜等屯","1","1","2"
"巴西人王志","1","1","2"
"督关中诸军","1","1","2"
"关中诸军事","1","1","2"
"太守韩伯见","1","1","2"
"太尉大将军","1","1","2"
"尉大将军相","1","1","2"
"大将军相国","1","1","2"
"吴平县五等","1","1","2"
"平县五等子","1","1","2"
"十二人乘小","1","1","2"
"二人乘小船","1","1","2"
"人乘小船径","1","1","2"
"朱超石等追","1","1","2"
"超石等追魏","1","1","2"
"石等追魏军","1","1","2"
"孝懿皇后弟","1","1","2"
"遣北海太守","1","1","2"
"北海太守萧","1","1","2"
"海太守萧汪","1","1","2"
"梁州刺史甄","1","1","2"
"州刺史甄法","1","1","2"
"刺史甄法护","1","1","2"
"会稽王道子","2","0","2"
"稽王道子骠","2","0","2"
"王道子骠骑","2","0","2"
"武帝镇军长","1","1","2"
"帝镇军长史","1","1","2"
"孟昶建威府","1","1","2"
"先荡临淄秽","1","1","2"
"回首望长安","1","1","2"
"悟彼下泉人","1","1","2"
"喟然伤心肝","1","1","2"
"封镇西司马","1","1","2"
"镇西司马南","1","1","2"
"西司马南郡","1","1","2"
"司马南郡太","1","1","2"
"马南郡太守","1","1","2"
"南郡太守王","1","1","2"
"郡太守王华","1","1","2"
"护南蛮校尉","1","1","2"
"外监万幼宗","1","1","2"
"弟黄门侍郎","1","1","2"
"议参军何承","1","1","2"
"参军何承天","1","1","2"
"江夏内史程","1","1","2"
"夏内史程道","1","1","2"
"内史程道慧","1","1","2"
"战士三千足","1","1","2"
"南蛮司马周","1","1","2"
"蛮司马周超","1","1","2"
"精兵三万人","1","1","2"
"王弘兄弟轻","1","1","2"
"州刺史刘粹","1","1","2"
"伟哉横海鳞","1","1","2"
"壮矣垂天翼","1","1","2"
"一旦失风水","1","1","2"
"爲彭城王义","2","0","2"
"伯父吴兴太","1","1","2"
"父吴兴太守","1","1","2"
"吴兴人胡桀","1","1","2"
"北方学士冯","1","1","2"
"方学士冯翊","1","1","2"
"丹阳尹卞范","1","1","2"
"时晋陵郡送","1","1","2"
"主簿弘季咸","1","1","2"
"五官朱干期","1","1","2"
"官朱干期请","1","1","2"
"宋武帝受命","1","1","2"
"除员外散骑","2","0","2"
"琅邪王大司","2","0","2"
"邪王大司马","2","0","2"
"王大司马行","1","1","2"
"司徒徐羡等","2","0","2"
"一百六七十","1","1","2"
"百六七十里","1","1","2"
"共爲山泽游","2","0","2"
"时何长瑜教","1","1","2"
"荀雍字道雍","1","1","2"
"空竟陵王诞","2","0","2"
"陆展染白发","1","1","2"
"南中郎行参","1","1","2"
"中郎行参军","1","1","2"
"临海太守王","1","1","2"
"旅客易山行","1","1","2"
"千秋亭饮酒","1","1","2"
"灵运兴兵叛","1","1","2"
"人姓赵名钦","1","1","2"
"郎中令漆凯","1","1","2"
"混风格高峻","1","1","2"
"戚戚皆亲姓","1","1","2"
"康乐诞通度","1","1","2"
"若加绳染功","1","1","2"
"晋陵公主改","1","1","2"
"晋陵公主降","1","1","2"
"陵公主降封","1","1","2"
"东乡君节义","1","1","2"
"历御史中丞","2","0","2"
"义康骠骑长","1","1","2"
"康骠骑长史","1","1","2"
"沙门释慧琳","2","0","2"
"田宅僮仆应","1","1","2"
"司马文宣家","1","1","2"
"尚书仆射殷","1","1","2"
"书仆射殷景","1","1","2"
"遣尚书李孝","1","1","2"
"镇军长史张","1","1","2"
"军长史张畅","1","1","2"
"诏群臣爲赋","2","0","2"
"子左卫率袁","1","1","2"
"骠骑竟陵王","1","1","2"
"竟陵王诞爲","2","0","2"
"隔千里兮共","1","1","2"
"千里兮共明","1","1","2"
"里兮共明月","1","1","2"
"豫州刺史鲁","1","1","2"
"州刺史鲁爽","1","1","2"
"马江夏王义","2","0","2"
"曾祖三十三","1","1","2"
"吏部尚书依","1","1","2"
"吏部尚书二","1","1","2"
"部尚书二人","1","1","2"
"度支尚书顾","1","1","2"
"支尚书顾觊","1","1","2"
"公车令张奇","1","1","2"
"宠姬殷贵妃","1","1","2"
"赵婕妤尧母","1","1","2"
"婕妤尧母门","1","1","2"
"后爲寻阳王","2","0","2"
"文章四百余","1","1","2"
"华容县五等","1","1","2"
"容县五等侯","1","1","2"
"太尉左长史","1","1","2"
"昙首爲上所","2","0","2"
"首爲上所亲","2","0","2"
"爲上所亲委","2","0","2"
"上西征谢晦","1","1","2"
"元嘉五年春","1","1","2"
"陈彭城王宜","2","0","2"
"彭城王宜入","2","0","2"
"官长二千石","1","1","2"
"王太保家法","1","1","2"
"僧达六七岁","1","1","2"
"爲太子舍人","2","0","2"
"吏部郎庾仲","1","1","2"
"部郎庾仲文","1","1","2"
"僧达肆意驰","1","1","2"
"达肆意驰骋","1","1","2"
"孝武发寻阳","2","0","2"
"一二年间便","1","1","2"
"主簿顾旷率","1","1","2"
"军人朱灵宝","1","1","2"
"宁陵县五等","1","1","2"
"陵县五等侯","1","1","2"
"黄门郎路琼","1","1","2"
"僧达贵公子","2","0","2"
"南彭城蕃县","1","1","2"
"彭城蕃县人","1","1","2"
"城蕃县人高","1","1","2"
"秣陵人蓝宏","1","1","2"
"陵人蓝宏期","1","1","2"
"人蓝宏期等","1","1","2"
"结殿中将军","1","1","2"
"殿中将军苗","1","1","2"
"中将军苗乞","1","1","2"
"将军苗乞食","1","1","2"
"军苗乞食等","1","1","2"
"太保华容文","1","1","2"
"保华容文昭","1","1","2"
"华容文昭公","1","1","2"
"容文昭公门","1","1","2"
"爲庐陵内史","2","0","2"
"临川太守谢","1","1","2"
"川太守谢惠","1","1","2"
"太守谢惠宣","1","1","2"
"迁太子舍人","2","0","2"
"汉武北伐图","1","1","2"
"倾动颊舌内","2","0","2"
"太学生会稽","1","1","2"
"太学生虞羲","1","1","2"
"爲文帝镇西","2","0","2"
"中兵参军朱","1","1","2"
"兵参军朱容","1","1","2"
"参军朱容子","1","1","2"
"军朱容子抱","1","1","2"
"尚书左丞羊","1","1","2"
"书左丞羊玄","1","1","2"
"左丞羊玄保","1","1","2"
"丞羊玄保奏","1","1","2"
"免御史中丞","1","1","2"
"迁太子詹事","2","0","2"
"赠光禄大夫","1","1","2"
"王郎见人必","1","1","2"
"累迁太子洗","2","0","2"
"昭明太子爱","2","0","2"
"右拍洪崖肩","1","1","2"
"开善寺宝志","1","1","2"
"善寺宝志法","1","1","2"
"寺宝志法师","1","1","2"
"宝志法师碑","1","1","2"
"志法师碑文","1","1","2"
"国子祭酒萧","1","1","2"
"子祭酒萧子","1","1","2"
"祭酒萧子云","1","1","2"
"家人十三口","1","1","2"
"人十三口同","1","1","2"
"刘孝绰见重","2","0","2"
"建武二年乙","1","1","2"
"武二年乙亥","1","1","2"
"平南府长史","1","1","2"
"广州刺史吴","1","1","2"
"州刺史吴隐","1","1","2"
"作唐县五等","1","1","2"
"唐县五等侯","1","1","2"
"齐竟陵王子","2","0","2"
"累迁吏部尚","2","0","2"
"时右仆射江","1","1","2"
"后爲尚书左","2","0","2"
"太极殿前西","1","1","2"
"殿前西锺下","2","0","2"
"遣国子博士","2","0","2"
"大司马长史","1","1","2"
"尚书左丞范","1","1","2"
"书左丞范缜","1","1","2"
"书令王亮颇","1","1","2"
"史中丞任昉","2","0","2"
"王华字子陵","1","1","2"
"女爲贞烈将","2","0","2"
"爲贞烈将军","2","0","2"
"女人爲官属","2","0","2"
"武帝北伐长","1","1","2"
"帝北伐长安","1","1","2"
"西中郎主簿","1","1","2"
"王弘五人同","1","1","2"
"弘五人同功","1","1","2"
"蛮长史刘兴","1","1","2"
"长史刘兴祖","1","1","2"
"针画漆合盘","1","1","2"
"中书舍人吕","1","1","2"
"书舍人吕文","1","1","2"
"舍人吕文显","1","1","2"
"梁州刺史曹","1","1","2"
"州刺史曹武","1","1","2"
"遣典签陈道","1","1","2"
"典签陈道齐","1","1","2"
"门生郑羽叩","1","1","2"
"生郑羽叩头","1","1","2"
"蛮长史裴叔","1","1","2"
"长子太子中","1","1","2"
"子太子中庶","1","1","2"
"爲晋平太守","2","0","2"
"仕齐爲豫章","2","0","2"
"齐爲豫章王","2","0","2"
"爲豫章王嶷","2","0","2"
"迁侍中祭酒","2","0","2"
"随王镇西长","1","1","2"
"历吏部尚书","2","0","2"
"尚书令王僧","1","1","2"
"书令王僧虔","1","1","2"
"进号镇南将","2","0","2"
"号镇南将军","2","0","2"
"禄大夫阮韬","1","1","2"
"史江夏王义","2","0","2"
"建安国左常","1","1","2"
"安国左常侍","1","1","2"
"武帝镇盆城","2","0","2"
"太孙右卫率","1","1","2"
"时明帝形势","1","1","2"
"萧谌兄弟握","1","1","2"
"心腹左右陈","1","1","2"
"腹左右陈世","1","1","2"
"左右陈世范","1","1","2"
"右陈世范等","1","1","2"
"北山庙答赛","1","1","2"
"射声校尉阴","1","1","2"
"声校尉阴玄","1","1","2"
"校尉阴玄智","1","1","2"
"鄱阳王府中","1","1","2"
"阳王府中兵","1","1","2"
"王府中兵参","1","1","2"
"永阳王府录","1","1","2"
"阳王府录事","1","1","2"
"王府录事参","1","1","2"
"随大都督吴","1","1","2"
"大都督吴明","1","1","2"
"迁太子右卫","2","0","2"
"左骁骑将军","1","1","2"
"广州刺史马","1","1","2"
"州刺史马靖","1","1","2"
"都督东衡州","1","1","2"
"督东衡州刺","1","1","2"
"东衡州刺史","1","1","2"
"广州刺史陈","1","1","2"
"州刺史陈方","1","1","2"
"桂等二十州","1","1","2"
"等二十州兵","1","1","2"
"二十州兵讨","1","1","2"
"都督二十四","1","1","2"
"督二十四州","1","1","2"
"二十四州诸","1","1","2"
"十四州诸军","1","1","2"
"四州诸军事","1","1","2"
"广州刺史临","1","1","2"
"州刺史临汝","1","1","2"
"刺史临汝侯","1","1","2"
"西衡州刺史","1","1","2"
"衡州刺史衡","1","1","2"
"州刺史衡阳","1","1","2"
"刺史衡阳王","1","1","2"
"高州刺史戴","1","1","2"
"州刺史戴智","1","1","2"
"刺史戴智烈","1","1","2"
"清远太守曾","1","1","2"
"远太守曾孝","1","1","2"
"太守曾孝远","1","1","2"
"行军总管韦","1","1","2"
"三州诸军事","1","1","2"
"国将军张畅","1","1","2"
"封安复县侯","2","0","2"
"爲镇军中兵","2","0","2"
"熙十二年北","1","1","2"
"十二年北伐","1","1","2"
"督前锋诸军","1","1","2"
"朔将军刘遵","1","1","2"
"建武将军沈","1","1","2"
"武将军沈林","1","1","2"
"将军沈林子","1","1","2"
"宁朔将军朱","1","1","2"
"朔将军朱超","1","1","2"
"将军朱超石","1","1","2"
"仲德率龙骧","1","1","2"
"德率龙骧将","1","1","2"
"龙骧将军朱","1","1","2"
"骧将军朱牧","1","1","2"
"远将军竺灵","1","1","2"
"将军竺灵秀","1","1","2"
"兖三州平定","1","1","2"
"济南历城步","1","1","2"
"檀道济救滑","1","1","2"
"道济救滑台","1","1","2"
"仲德三临徐","1","1","2"
"德三临徐州","1","1","2"
"镇北大将军","1","1","2"
"贤哉陈太丘","1","1","2"
"爲建安太守","2","0","2"
"百代易名实","1","1","2"
"讵使廉夫贪","1","1","2"
"湘东王绎爲","2","0","2"
"左户二尚书","1","1","2"
"掌吏部尚书","1","1","2"
"迁光禄大夫","2","0","2"
"学生二十人","1","1","2"
"状若丧家狗","1","1","2"
"长一丈六尺","1","1","2"
"棋入第六品","1","1","2"
"集二十卷行","2","0","2"
"崇祖字敬远","1","1","2"
"国将军张柬","1","1","2"
"随徐州刺史","1","1","2"
"史薛安都入","1","1","2"
"薛安都入魏","1","1","2"
"兰陵二郡太","1","1","2"
"陵二郡太守","1","1","2"
"齐高帝镇淮","2","0","2"
"高帝镇淮阴","2","0","2"
"妹夫皇甫肃","1","1","2"
"征爲黄门郎","2","0","2"
"司二州诸军","1","1","2"
"长史封延伯","1","1","2"
"求鼓吹横吹","1","1","2"
"前豫州主簿","1","1","2"
"豫州主簿夏","1","1","2"
"州主簿夏侯","1","1","2"
"主簿夏侯恭","1","1","2"
"簿夏侯恭叔","1","1","2"
"欣泰字义亨","1","1","2"
"兴世忧惧病","1","1","2"
"后爲武陵内","2","0","2"
"爲武陵内史","2","0","2"
"松树下饮酒","1","1","2"
"制局监吕文","1","1","2"
"局监吕文度","1","1","2"
"巴东王子响","2","0","2"
"遣中庶子胡","1","1","2"
"中庶子胡谐","1","1","2"
"欣泰入城守","1","1","2"
"泰入城守备","1","1","2"
"庐陵王安东","1","1","2"
"陵王安东司","1","1","2"
"王安东司马","1","1","2"
"弟前始安内","1","1","2"
"前始安内史","1","1","2"
"太子右率胡","1","1","2"
"子右率胡松","1","1","2"
"含德主帅苟","1","1","2"
"德主帅苟励","1","1","2"
"直后刘灵运","1","1","2"
"后刘灵运等","1","1","2"
"中书舍人冯","1","1","2"
"书舍人冯元","1","1","2"
"舍人冯元嗣","1","1","2"
"人冯元嗣监","1","1","2"
"冯元嗣监军","1","1","2"
"太子右率李","1","1","2"
"子右率李居","1","1","2"
"右率李居士","1","1","2"
"制局监杨明","1","1","2"
"局监杨明泰","1","1","2"
"监杨明泰等","1","1","2"
"杨明泰等十","1","1","2"
"怀璧莫向楚","1","1","2"
"元嘉二十六","1","1","2"
"嘉二十六年","1","1","2"
"爲始兴王浚","2","0","2"
"时魏军南伐","1","1","2"
"迁太子左卫","2","0","2"
"奉化门外槐","1","1","2"
"化门外槐树","1","1","2"
"中兴寺八关","1","1","2"
"兴寺八关斋","1","1","2"
"黄门郎张淹","1","1","2"
"尚书令何尚","1","1","2"
"史中丞王谦","1","1","2"
"山阴人丁承","1","1","2"
"阴人丁承文","1","1","2"
"会稽郡孝廉","1","1","2"
"爲海陵太守","2","0","2"
"妙德先生传","1","1","2"
"明帝多忌讳","1","1","2"
"加班剑二十","2","0","2"
"时兵难危急","1","1","2"
"军主戴僧静","1","1","2"
"彦节等列兵","1","1","2"
"节等列兵登","1","1","2"
"等列兵登东","1","1","2"
"列兵登东门","1","1","2"
"僧静挺身暗","1","1","2"
"周朗同车行","1","1","2"
"门生狄灵庆","1","1","2"
"诸王府参军","1","1","2"
"祖舅征西将","1","1","2"
"舅征西将军","1","1","2"
"征西将军蔡","1","1","2"
"西将军蔡兴","1","1","2"
"将军蔡兴宗","1","1","2"
"爲齐高帝太","2","0","2"
"高帝太傅相","1","1","2"
"帝太傅相国","1","1","2"
"太傅相国主","1","1","2"
"傅相国主簿","1","1","2"
"时南郡江陵","1","1","2"
"南郡江陵县","1","1","2"
"郡江陵县人","1","1","2"
"江陵县人苟","1","1","2"
"陵县人苟蒋","1","1","2"
"江陵令宗躬","1","1","2"
"荆州刺史庐","1","1","2"
"州刺史庐江","1","1","2"
"刺史庐江王","1","1","2"
"南义阳太守","1","1","2"
"豫州人白早","1","1","2"
"州人白早生","1","1","2"
"将军武会超","1","1","2"
"魏中山王英","2","0","2"
"中山王英攻","2","0","2"
"徐州刺史卢","1","1","2"
"州刺史卢昶","1","1","2"
"迁豫州刺史","2","0","2"
"常单身潜入","1","1","2"
"单身潜入敌","1","1","2"
"身潜入敌境","1","1","2"
"司徒左西掾","1","1","2"
"宋武帝东征","1","1","2"
"武帝东征孙","1","1","2"
"帝东征孙恩","1","1","2"
"季恭便回舟","1","1","2"
"恭便回舟夜","1","1","2"
"宋武帝平北","1","1","2"
"劾尚书令徐","1","1","2"
"尚书令徐羡","1","1","2"
"中书黄门侍","1","1","2"
"书黄门侍郎","1","1","2"
"左长史王景","1","1","2"
"长史王景文","1","1","2"
"侍中蔡兴宗","1","1","2"
"子绥后军长","1","1","2"
"绥后军长史","1","1","2"
"寻阳王右军","1","1","2"
"阳王右军长","1","1","2"
"王右军长史","1","1","2"
"行会稽郡事","2","0","2"
"平西司马庾","1","1","2"
"西司马庾业","1","1","2"
"遣都水使者","1","1","2"
"都水使者孔","1","1","2"
"泰始二年正","1","1","2"
"始二年正月","1","1","2"
"吴郡太守顾","1","1","2"
"郡太守顾琛","1","1","2"
"遣建威将军","1","1","2"
"建威将军沈","1","1","2"
"威将军沈怀","1","1","2"
"军沈怀明东","1","1","2"
"时齐高帝率","1","1","2"
"九里曲结营","1","1","2"
"遣积射将军","1","1","2"
"积射将军江","1","1","2"
"射将军江方","1","1","2"
"将军江方兴","1","1","2"
"南台御史王","1","1","2"
"台御史王道","1","1","2"
"御史王道隆","1","1","2"
"上虞令王晏","1","1","2"
"位黄门吏部","2","0","2"
"司徒王谧见","1","1","2"
"太尉行参军","1","1","2"
"建议请百官","1","1","2"
"迁尚书仆射","2","0","2"
"詹事刘湛代","1","1","2"
"司徒彭城王","1","1","2"
"景仁便拂拭","1","1","2"
"仁便拂拭衣","1","1","2"
"便拂拭衣冠","1","1","2"
"华林园延贤","1","1","2"
"林园延贤堂","1","1","2"
"园延贤堂召","1","1","2"
"南郡献公主","1","1","2"
"嫡母吴郡主","1","1","2"
"山阴公主淫","1","1","2"
"褚彦回能迟","1","1","2"
"将军袁粲入","1","1","2"
"彦回举手指","1","1","2"
"彦回鳆鱼三","1","1","2"
"回鳆鱼三十","1","1","2"
"嫡母吴郡公","1","1","2"
"母吴郡公主","1","1","2"
"所谓白虹贯","1","1","2"
"谓白虹贯日","1","1","2"
"柄银柱琵琶","1","1","2"
"议官品第一","1","1","2"
"南康郡公夫","1","1","2"
"康郡公夫人","1","1","2"
"时舍人曹义","1","1","2"
"舍人曹义达","1","1","2"
"粟米二百斛","1","1","2"
"后爲宋武帝","2","0","2"
"中书黄门郎","1","1","2"
"时中书令傅","1","1","2"
"中书令傅亮","1","1","2"
"迁司徒左长","2","0","2"
"录尚书徐羡","1","1","2"
"点嵇叔夜酒","1","1","2"
"嵇叔夜酒杯","1","1","2"
"徐景山酒枪","1","1","2"
"吴中石佛寺","1","1","2"
"中石佛寺建","1","1","2"
"昔闻东都日","1","1","2"
"惜哉何居士","1","1","2"
"薄暮遘荒淫","1","1","2"
"历黄门侍郎","2","0","2"
"学士二十人","1","1","2"
"中庶子王莹","1","1","2"
"御史中丞袁","1","1","2"
"史中丞袁昂","1","1","2"
"中丞袁昂奏","1","1","2"
"若邪山云门","1","1","2"
"邪山云门寺","1","1","2"
"军司马王杲","1","1","2"
"五帝灵威仰","1","1","2"
"太守衡阳王","1","1","2"
"衡阳王元简","2","0","2"
"嵘作瑞室颂","2","0","2"
"武丘山西寺","1","1","2"
"丘山西寺讲","1","1","2"
"舍人何思澄","1","1","2"
"后爲都官尚","2","0","2"
"爲尚书仓部","2","0","2"
"转太子中庶","2","0","2"
"本州大中正","1","1","2"
"吏部尚书袁","1","1","2"
"部尚书袁粲","1","1","2"
"高帝太傅长","1","1","2"
"帝太傅长史","1","1","2"
"庄严寺听僧","1","1","2"
"严寺听僧达","1","1","2"
"寺听僧达道","1","1","2"
"听僧达道人","1","1","2"
"僧达道人讲","1","1","2"
"转太子詹事","2","0","2"
"时旧宫芳林","1","1","2"
"旧宫芳林苑","1","1","2"
"时尹丞殷存","1","1","2"
"十二能属文","2","0","2"
"时陆少玄家","1","1","2"
"除太子舍人","2","0","2"
"左卫将军沈","1","1","2"
"卫将军沈约","1","1","2"
"文德待诏省","1","1","2"
"故能服官政","1","1","2"
"中权建安王","1","1","2"
"晋安王宣惠","1","1","2"
"家僮载米三","1","1","2"
"僮载米三千","1","1","2"
"载米三千石","1","1","2"
"文集四十卷","1","1","2"
"事中黄门侍","1","1","2"
"中黄门侍郎","1","1","2"
"召右仆射王","1","1","2"
"右仆射王亮","1","1","2"
"仆射王亮等","1","1","2"
"中书舍人裴","1","1","2"
"书舍人裴长","1","1","2"
"人裴长穆等","1","1","2"
"大司马左司","1","1","2"
"司马左司马","1","1","2"
"中丞陆杲弹","1","1","2"
"爲青冀二州","2","0","2"
"州人徐道角","1","1","2"
"人徐道角等","1","1","2"
"司奏削爵土","2","0","2"
"镇南湘东王","1","1","2"
"南湘东王长","1","1","2"
"湘东王长史","1","1","2"
"遣前舍人陆","1","1","2"
"前舍人陆丘","1","1","2"
"舍人陆丘公","1","1","2"
"行台刘神茂","1","1","2"
"台刘神茂攻","1","1","2"
"刘神茂攻破","1","1","2"
"神茂攻破义","1","1","2"
"茂攻破义兴","1","1","2"
"中军侯子鉴","1","1","2"
"畅含笑先尝","1","1","2"
"弃彭城南归","1","1","2"
"安北中兵参","1","1","2"
"兵参军沈庆","1","1","2"
"护军将军萧","1","1","2"
"军将军萧思","1","1","2"
"将军萧思话","1","1","2"
"军萧思话留","1","1","2"
"萧思话留守","1","1","2"
"太尉长史何","1","1","2"
"尉长史何勖","1","1","2"
"魏主致意太","1","1","2"
"主致意太尉","1","1","2"
"二王借箜篌","1","1","2"
"义宣司空长","1","1","2"
"宣司空长史","1","1","2"
"丞相司马竺","1","1","2"
"相司马竺超","1","1","2"
"右将军王玄","1","1","2"
"军王玄谟乘","1","1","2"
"白鹭羽麈尾","1","1","2"
"鹭羽麈尾扇","1","1","2"
"四月八日建","1","1","2"
"月八日建斋","1","1","2"
"镇军将军顾","1","1","2"
"军将军顾觊","1","1","2"
"交趾太守卞","1","1","2"
"趾太守卞展","1","1","2"
"左丞孙缅所","1","1","2"
"王玄谟所杀","1","1","2"
"南阳王长史","1","1","2"
"叔征北将军","1","1","2"
"部尚书王僧","1","1","2"
"尚书王僧虔","1","1","2"
"吏部尚书何","1","1","2"
"部尚书何戢","1","1","2"
"长沙王镇军","1","1","2"
"竟陵王征北","1","1","2"
"彭城长史张","1","1","2"
"城长史张畅","1","1","2"
"豫章王大会","1","1","2"
"章王大会宾","1","1","2"
"复爲司所奏","2","0","2"
"迁司徒右长","2","0","2"
"文集数十卷","1","1","2"
"文伯字德秀","1","1","2"
"杜道鞠弹棋","1","1","2"
"宋孝武路太","1","1","2"
"孝武路太后","1","1","2"
"水剂消石汤","1","1","2"
"鄱阳王常侍","1","1","2"
"武兴县五等","1","1","2"
"兴县五等侯","1","1","2"
"南大将军檀","1","1","2"
"大将军檀道","1","1","2"
"爲尚书吏部","2","0","2"
"司徒左西属","1","1","2"
"徒左西属王","1","1","2"
"左西属王深","1","1","2"
"弟司徒祭酒","1","1","2"
"迁长沙王义","2","0","2"
"长沙王义欣","2","0","2"
"义欣镇军长","1","1","2"
"欣镇军长史","1","1","2"
"爲宜都太守","2","0","2"
"史中丞刘损","1","1","2"
"爲员外散骑","2","0","2"
"大将军记室","1","1","2"
"将军记室参","1","1","2"
"广州人周灵","1","1","2"
"州人周灵甫","1","1","2"
"大将军府史","1","1","2"
"将军府史仲","1","1","2"
"军府史仲承","1","1","2"
"府史仲承祖","1","1","2"
"丹阳尹徐湛","1","1","2"
"法略道人先","1","1","2"
"贼臣赵伯符","1","1","2"
"二十二年九","1","1","2"
"十二年九月","1","1","2"
"征北将军衡","1","1","2"
"北将军衡阳","1","1","2"
"将军衡阳王","1","1","2"
"右将军南平","1","1","2"
"将军南平王","1","1","2"
"殿中将军沈","1","1","2"
"中将军沈邵","1","1","2"
"吴兴昭公主","1","1","2"
"古文人多全","2","0","2"
"荥阳开封人","1","1","2"
"兖州刺史滕","1","1","2"
"州刺史滕恬","1","1","2"
"迁御史中丞","2","0","2"
"传诏罗道盛","1","1","2"
"山阴令沈叔","1","1","2"
"阴令沈叔任","1","1","2"
"帝大笑引入","1","1","2"
"龙阳县五等","1","1","2"
"阳县五等子","1","1","2"
"吴兴故彰令","1","1","2"
"征爲国子博","2","0","2"
"大使巡行天","2","0","2"
"使巡行天下","2","0","2"
"二十四条诏","1","1","2"
"十四条诏书","1","1","2"
"续成何承天","1","1","2"
"祖母殷氏所","1","1","2"
"江夏王行参","1","1","2"
"夏王行参军","1","1","2"
"白兔白鸠驯","1","1","2"
"书仆射范云","1","1","2"
"中书郎范缜","1","1","2"
"迁国子博士","2","0","2"
"续修何承天","1","1","2"
"淮南太守沈","1","1","2"
"南太守沈璞","1","1","2"
"陈留阮孝绪","1","1","2"
"时吴平侯萧","1","1","2"
"中书侍郎朱","1","1","2"
"书侍郎朱异","1","1","2"
"八岁能赋诗","2","0","2"
"仁威庐陵王","1","1","2"
"威庐陵王记","1","1","2"
"庐陵王记室","1","1","2"
"南平王大司","1","1","2"
"平王大司马","1","1","2"
"宋武帝豫章","1","1","2"
"武帝豫章公","1","1","2"
"帝豫章公世","1","1","2"
"豫章公世子","1","1","2"
"迁太子中舍","2","0","2"
"时尚书令傅","1","1","2"
"尚书令傅亮","1","1","2"
"迁始安太守","2","0","2"
"军将军谢晦","1","1","2"
"黄门郎殷景","1","1","2"
"门郎殷景仁","1","1","2"
"湘州刺史张","1","1","2"
"州刺史张邵","1","1","2"
"后将军主簿","1","1","2"
"述竹林七贤","1","1","2"
"中书令王球","1","1","2"
"迁国子祭酒","2","0","2"
"尚书左丞荀","1","1","2"
"书左丞荀赤","1","1","2"
"左丞荀赤松","1","1","2"
"后爲秘书监","2","0","2"
"爲光禄大夫","2","0","2"
"陈郡谢灵运","1","1","2"
"北中郎府主","1","1","2"
"南中郎记室","1","1","2"
"丹阳尹褚湛","1","1","2"
"夏王义恭诸","2","0","2"
"钱形式薄小","1","1","2"
"始兴公沈庆","1","1","2"
"中书舍人戴","1","1","2"
"书舍人戴明","1","1","2"
"舍人戴明宝","1","1","2"
"人戴明宝抱","1","1","2"
"召御史中丞","1","1","2"
"师伯字长深","1","1","2"
"辅国安北行","1","1","2"
"国安北行参","1","1","2"
"安北行参军","1","1","2"
"南中郎府主","1","1","2"
"师伯一输百","1","1","2"
"伯一输百万","1","1","2"
"师伯专情独","1","1","2"
"伯专情独断","1","1","2"
"令史潘道栖","1","1","2"
"师伯受遗诏","2","0","2"
"伯受遗诏辅","2","0","2"
"受遗诏辅幼","2","0","2"
"遗诏辅幼主","2","0","2"
"师伯专断朝","1","1","2"
"宣城德公主","1","1","2"
"二十七年春","1","1","2"
"府主簿羊希","1","1","2"
"中军录事参","1","1","2"
"朗上书陈述","1","1","2"
"吏部尚书范","1","1","2"
"部尚书范云","1","1","2"
"南津校尉郭","1","1","2"
"津校尉郭祖","1","1","2"
"校尉郭祖深","1","1","2"
"始兴相白涡","1","1","2"
"右骁骑将军","1","1","2"
"弘正绿丝布","1","1","2"
"正绿丝布裤","1","1","2"
"子臧大贤节","1","1","2"
"仆射徐勉掌","1","1","2"
"西邵陵王府","1","1","2"
"武帝纳侯景","2","0","2"
"弘正谄附王","1","1","2"
"正谄附王伟","1","1","2"
"周石珍合族","1","1","2"
"王僧辩东讨","1","1","2"
"迁左户尚书","2","0","2"
"汝南周弘正","2","0","2"
"时尚书左仆","1","1","2"
"后堂大集文","1","1","2"
"堂大集文武","1","1","2"
"武昌太守朱","1","1","2"
"昌太守朱买","1","1","2"
"太守朱买臣","1","1","2"
"总知五礼事","2","0","2"
"顾琛字弘玮","1","1","2"
"尚书张茂度","1","1","2"
"书张茂度门","1","1","2"
"司徒录事参","1","1","2"
"徒录事参军","1","1","2"
"永新县五等","1","1","2"
"新县五等侯","1","1","2"
"前西阳太守","1","1","2"
"西阳太守张","1","1","2"
"阳太守张牧","1","1","2"
"吴郡太守王","1","1","2"
"郡太守王昙","1","1","2"
"明帝泰始初","1","1","2"
"平原内史陆","1","1","2"
"原内史陆机","1","1","2"
"时沛郡相县","1","1","2"
"村彭家饮酒","1","1","2"
"三公郎刘勰","1","1","2"
"臣戴法兴权","1","1","2"
"光禄大夫蔡","1","1","2"
"禄大夫蔡兴","1","1","2"
"大夫蔡兴宗","1","1","2"
"后军府舍人","1","1","2"
"楚台殿中郎","1","1","2"
"议参军郑鲜","1","1","2"
"义庆辅国长","1","1","2"
"庆辅国长史","1","1","2"
"元嘉十九年","1","1","2"
"左长史庾登","1","1","2"
"部尚书王准","1","1","2"
"孝武帝引见","1","1","2"
"上大举北侵","1","1","2"
"舅吴平侯萧","1","1","2"
"书仆射范阳","1","1","2"
"度支尚书琅","1","1","2"
"都官尚书南","1","1","2"
"官尚书南阳","1","1","2"
"第九舅萧勃","1","1","2"
"九舅萧勃先","1","1","2"
"元帝平侯景","2","0","2"
"开皇十四年","1","1","2"
"荆州刺史江","1","1","2"
"义恭司徒太","1","1","2"
"恭司徒太尉","1","1","2"
"司徒太尉城","1","1","2"
"徒太尉城局","1","1","2"
"太尉城局参","1","1","2"
"尉城局参军","1","1","2"
"后军中兵参","1","1","2"
"朝廷大举北","1","1","2"
"廷大举北侵","1","1","2"
"二十七年八","1","1","2"
"十七年八月","1","1","2"
"后军外兵参","1","1","2"
"军外兵参军","1","1","2"
"外兵参军庞","1","1","2"
"兵参军庞季","1","1","2"
"参军庞季明","1","1","2"
"卢氏人赵难","1","1","2"
"弘农城五里","1","1","2"
"元景引军度","1","1","2"
"庞公孤军深","1","1","2"
"公孤军深入","1","1","2"
"赵难诸军频","1","1","2"
"军副柳元怙","1","1","2"
"城西南列阵","1","1","2"
"军副谭金率","1","1","2"
"军王玄谟等","1","1","2"
"潼关向商城","1","1","2"
"薛安都等十","1","1","2"
"安都等十三","1","1","2"
"都等十三军","1","1","2"
"监雍梁南北","1","1","2"
"雍梁南北秦","1","1","2"
"梁南北秦四","1","1","2"
"南北秦四州","1","1","2"
"竟陵随二郡","1","1","2"
"陵随二郡诸","1","1","2"
"随二郡诸军","1","1","2"
"二郡诸军事","1","1","2"
"孝建元年正","1","1","2"
"卫将军王玄","1","1","2"
"密陵侯郑袤","1","1","2"
"守园人卖菜","1","1","2"
"义阳等诸王","1","1","2"
"弟车骑司马","1","1","2"
"壮士数十人","1","1","2"
"諡曰忠烈公","2","0","2"
"试守鄱阳相","1","1","2"
"尽三年丧礼","1","1","2"
"征东府司马","1","1","2"
"相国右司马","1","1","2"
"登景阳楼篇","1","1","2"
"长杨高树秋","1","1","2"
"翠华承汉远","1","1","2"
"雕辇逐风游","1","1","2"
"恽品定棋谱","1","1","2"
"者二百七十","2","0","2"
"二百七十八","1","1","2"
"百七十八人","1","1","2"
"竟陵王诞广","2","0","2"
"陵王诞广陵","2","0","2"
"征北中兵参","1","1","2"
"爲宋明帝所","2","0","2"
"宋明帝多忌","1","1","2"
"汉寿人邵荣","1","1","2"
"寿人邵荣兴","1","1","2"
"遣文惠太子","2","0","2"
"记室参军夏","1","1","2"
"室参军夏侯","1","1","2"
"参军夏侯恭","1","1","2"
"军夏侯恭叔","1","1","2"
"夏侯恭叔上","1","1","2"
"侯恭叔上书","1","1","2"
"时武帝东宫","2","0","2"
"始兴王前军","1","1","2"
"兴王前军长","1","1","2"
"王前军长史","1","1","2"
"益州府州事","1","1","2"
"掘土深二尺","1","1","2"
"严道县铜山","1","1","2"
"道县铜山铸","1","1","2"
"县铜山铸钱","1","1","2"
"南安二百里","1","1","2"
"铸铁刀一口","1","1","2"
"路经朱雀航","1","1","2"
"齐中书郎王","2","0","2"
"彼美洛阳子","1","1","2"
"讵慰耋嗟人","1","1","2"
"徒深老夫托","1","1","2"
"等言志赋诗","1","1","2"
"时昭明太子","1","1","2"
"洽同游东宫","1","1","2"
"仆射徐勉宣","1","1","2"
"射徐勉宣旨","1","1","2"
"作者数十人","2","0","2"
"王谘议参军","2","0","2"
"威临贺王长","1","1","2"
"临贺王长史","1","1","2"
"太府卿沈僧","1","1","2"
"王平生所宠","1","1","2"
"安北将军赵","1","1","2"
"北将军赵伦","1","1","2"
"太守夏侯穆","1","1","2"
"守夏侯穆嘉","1","1","2"
"柳元景侵魏","1","1","2"
"义恭大司马","1","1","2"
"恭大司马行","1","1","2"
"荆州刺史朱","1","1","2"
"州刺史朱修","1","1","2"
"爲游击将军","2","0","2"
"越等美女金","1","1","2"
"等美女金帛","1","1","2"
"越等武人粗","1","1","2"
"宁作五年徒","1","1","2"
"军将军沈演","1","1","2"
"生朱重人入","1","1","2"
"步兵校尉沈","1","1","2"
"兵校尉沈庆","1","1","2"
"羽林勇士配","1","1","2"
"中书舍人巢","1","1","2"
"书舍人巢尚","1","1","2"
"迁步兵校尉","2","0","2"
"加都督豫州","1","1","2"
"都督豫州诸","1","1","2"
"督豫州诸军","1","1","2"
"豫州诸军事","1","1","2"
"后翻覆受祸","1","1","2"
"遥欣字重晖","1","1","2"
"便博览经史","1","1","2"
"爲兖州刺史","2","0","2"
"遥光爲扬州","2","0","2"
"尚书左户郎","1","1","2"
"酉溪蛮王田","1","1","2"
"溪蛮王田头","1","1","2"
"蛮王田头拟","1","1","2"
"王田头拟杀","1","1","2"
"随薛道深等","1","1","2"
"内升明二年","1","1","2"
"荆湘二州刺","1","1","2"
"湘二州刺史","1","1","2"
"油络侠望车","1","1","2"
"南蛮园东南","1","1","2"
"蛮园东南开","1","1","2"
"中兵参军虞","1","1","2"
"兵参军虞欣","1","1","2"
"参军虞欣祖","1","1","2"
"入爲中书监","2","0","2"
"文惠太子讲","1","1","2"
"过延陵季子","1","1","2"
"延陵季子庙","1","1","2"
"荆州西曹书","1","1","2"
"州西曹书佐","1","1","2"
"荆州刺史随","1","1","2"
"州刺史随王","1","1","2"
"身长七尺八","2","0","2"
"长七尺八寸","2","0","2"
"世子子廉代","1","1","2"
"长宁陵隧道","1","1","2"
"赐钱五百万","1","1","2"
"朝夕送祭奠","2","0","2"
"九服锡命礼","2","0","2"
"虎贲班剑百","2","0","2"
"贲班剑百人","2","0","2"
"铁环刀一口","1","1","2"
"托中书侍郎","1","1","2"
"中书侍郎刘","1","1","2"
"书侍郎刘绘","1","1","2"
"太子詹事孔","1","1","2"
"嶷倍加敬重","1","1","2"
"子显字景阳","1","1","2"
"书令沈约见","1","1","2"
"爲邵陵王友","2","0","2"
"子云字景乔","1","1","2"
"除散骑常侍","2","0","2"
"显云寺僧房","1","1","2"
"位太子舍人","2","0","2"
"焕焕萧四伞","1","1","2"
"监二州诸军","1","1","2"
"帝爲皇太子","2","0","2"
"学谢灵运体","1","1","2"
"赐钱五万文","1","1","2"
"金蚕银茧等","1","1","2"
"蚕银茧等物","1","1","2"
"子良字云英","1","1","2"
"武帝第二子","2","0","2"
"仕宋爲邵陵","2","0","2"
"宋爲邵陵王","2","0","2"
"郡人朱百年","1","1","2"
"山阴人孔平","1","1","2"
"造经呗新声","1","1","2"
"左卫殿中将","1","1","2"
"卫殿中将军","1","1","2"
"殿中将军邯","1","1","2"
"中将军邯郸","1","1","2"
"将军邯郸超","1","1","2"
"子良敬信尤","1","1","2"
"明帝知尚书","1","1","2"
"帝知尚书事","1","1","2"
"虎贲中郎将","1","1","2"
"贲中郎将潘","1","1","2"
"中郎将潘敞","1","1","2"
"鸿胪持节监","1","1","2"
"胪持节监护","1","1","2"
"备九服锡命","1","1","2"
"葬礼依晋安","2","0","2"
"礼依晋安平","2","0","2"
"依晋安平王","2","0","2"
"子响字云音","1","1","2"
"临淮二郡太","1","1","2"
"淮二郡太守","1","1","2"
"将军董蛮粗","1","1","2"
"长史刘寅等","1","1","2"
"司马席恭穆","1","1","2"
"中兵参军周","1","1","2"
"兵参军周彦","1","1","2"
"游击将军尹","1","1","2"
"击将军尹略","1","1","2"
"中书舍人茹","1","1","2"
"书舍人茹法","1","1","2"
"羽林三千人","1","1","2"
"丹阳尹萧顺","1","1","2"
"子前日堕崖","1","1","2"
"白虎幢五六","1","1","2"
"虎幢五六尺","1","1","2"
"暨阳县陆主","1","1","2"
"阳县陆主山","1","1","2"
"县陆主山下","1","1","2"
"军高道庆乘","1","1","2"
"安成王车骑","1","1","2"
"成王车骑参","1","1","2"
"王车骑参军","1","1","2"
"苍梧王狂虐","1","1","2"
"迁辅国将军","2","0","2"
"后身生生世","1","1","2"
"身生生世世","1","1","2"
"寻阳国夫人","1","1","2"
"寻阳国太夫","1","1","2"
"阳国太夫人","1","1","2"
"州刺史王翼","1","1","2"
"山阴令刘岱","1","1","2"
"王卫军同日","1","1","2"
"员外郎虞长","1","1","2"
"外郎虞长曜","1","1","2"
"斋仗五百人","2","0","2"
"常叹负情侬","1","1","2"
"正员将军徐","1","1","2"
"员将军徐岳","1","1","2"
"徐州行事谢","1","1","2"
"城局参军徐","1","1","2"
"局参军徐庶","1","1","2"
"五官王公林","1","1","2"
"山阴令王询","1","1","2"
"前中书令何","1","1","2"
"长史王弄璋","1","1","2"
"司马张思祖","1","1","2"
"大事先杀朝","1","1","2"
"辅国将军前","1","1","2"
"国将军前军","1","1","2"
"将军前军司","1","1","2"
"军前军司马","1","1","2"
"前军司马左","1","1","2"
"军司马左兴","1","1","2"
"司马左兴盛","1","1","2"
"书左仆射沈","1","1","2"
"左仆射沈文","1","1","2"
"仆射沈文秀","1","1","2"
"军容袁文旷","1","1","2"
"见征虏亭失","1","1","2"
"征虏亭失火","1","1","2"
"檀公三十六","1","1","2"
"南阳新野风","1","1","2"
"阳新野风俗","1","1","2"
"宁蛮行参军","1","1","2"
"城东吴泰家","1","1","2"
"东吴泰家担","1","1","2"
"吴泰家担水","1","1","2"
"助雍州刺史","1","1","2"
"雍州刺史袁","1","1","2"
"司马刘攘兵","1","1","2"
"升明元年冬","1","1","2"
"财物数千万","1","1","2"
"移羊叔子堕","1","1","2"
"羊叔子堕泪","1","1","2"
"叔子堕泪碑","1","1","2"
"官家大老天","1","1","2"
"家大老天子","1","1","2"
"宋明帝嫌苟","1","1","2"
"冠军刑狱参","1","1","2"
"军刑狱参军","1","1","2"
"八风舞遥翮","1","1","2"
"九野弄清音","1","1","2"
"一摧云间志","1","1","2"
"九五相追逐","1","1","2"
"爲高帝骠骑","2","0","2"
"骠骑中兵参","1","1","2"
"骑中兵参军","1","1","2"
"豫章王司空","1","1","2"
"高帝同创大","1","1","2"
"帝同创大业","1","1","2"
"骁骑将军陈","1","1","2"
"骑将军陈胤","1","1","2"
"将军陈胤叔","1","1","2"
"南郡王兄弟","1","1","2"
"南郡王行酒","1","1","2"
"左率萧景先","1","1","2"
"中书舍人徐","1","1","2"
"书舍人徐希","1","1","2"
"舍人徐希秀","1","1","2"
"人徐希秀断","1","1","2"
"徐希秀断哭","1","1","2"
"希秀断哭止","1","1","2"
"秀断哭止客","1","1","2"
"邵陵王左军","1","1","2"
"遍向朝臣说","1","1","2"
"迁都官尚书","2","0","2"
"程道惠一人","1","1","2"
"梁州刺史范","1","1","2"
"梁州华阳郡","1","1","2"
"湘东国常侍","1","1","2"
"尚方令吴喜","1","1","2"
"阳王征北参","1","1","2"
"王征北参军","1","1","2"
"尚书右丞劳","1","1","2"
"书右丞劳彦","1","1","2"
"右丞劳彦远","1","1","2"
"爲豫章内史","2","0","2"
"陆慧晓字叔","1","1","2"
"慧晓字叔明","1","1","2"
"中书舍人秋","1","1","2"
"顾琛一公两","1","1","2"
"琛一公两掾","1","1","2"
"陆子真五世","1","1","2"
"庐江何点常","1","1","2"
"府参军沛国","1","1","2"
"冠军录事参","1","1","2"
"爲南豫州刺","2","0","2"
"天下第一人","1","1","2"
"爲司徒右长","2","0","2"
"府公竟陵王","1","1","2"
"西阳王左军","1","1","2"
"阳王左军长","1","1","2"
"王左军长史","1","1","2"
"尚书令王晏","1","1","2"
"吏曹都令史","1","1","2"
"晋安王镇北","1","1","2"
"安王镇北司","1","1","2"
"王镇北司马","1","1","2"
"左西曹掾顾","1","1","2"
"圣哲玄言所","1","1","2"
"哲玄言所急","1","1","2"
"瓦官寺听云","1","1","2"
"官寺听云法","1","1","2"
"寺听云法师","1","1","2"
"听云法师讲","1","1","2"
"文惠太子所","1","1","2"
"迁尚书驾部","2","0","2"
"王俭谓人曰","2","0","2"
"卫将军长史","1","1","2"
"安陆侯萧缅","1","1","2"
"庾景行泛渌","1","1","2"
"景行泛渌水","1","1","2"
"时诸王年少","1","1","2"
"太守王僧虔","1","1","2"
"守王僧虔见","1","1","2"
"爲尚书左丞","2","0","2"
"妾李氏骄妒","1","1","2"
"杜律二十卷","1","1","2"
"武帝留心法","1","1","2"
"帝留心法令","1","1","2"
"注七百三十","1","1","2"
"七百三十一","1","1","2"
"百三十一条","1","1","2"
"注七百九十","1","1","2"
"七百九十一","1","1","2"
"百九十一条","1","1","2"
"一千七百三","1","1","2"
"千七百三十","1","1","2"
"七百三十二","1","1","2"
"百三十二条","1","1","2"
"公卿八座参","1","1","2"
"卿八座参议","1","1","2"
"珪风韵清疏","1","1","2"
"饮酒七八斗","1","1","2"
"兄张融情趣","1","1","2"
"张融情趣相","1","1","2"
"太中大夫琅","1","1","2"
"气绝便沐浴","2","0","2"
"外甥许慧诏","1","1","2"
"北海二郡太","1","1","2"
"海二郡太守","1","1","2"
"刺史刘道隆","1","1","2"
"史薛安都反","1","1","2"
"青州刺史沈","1","1","2"
"州刺史沈文","1","1","2"
"刺史沈文秀","1","1","2"
"军主张灵庆","1","1","2"
"主张灵庆等","1","1","2"
"张灵庆等五","1","1","2"
"灵庆等五千","1","1","2"
"庆等五千人","1","1","2"
"爲北海太守","2","0","2"
"薛安都所杀","1","1","2"
"爲冀州刺史","2","0","2"
"安成王抚军","1","1","2"
"成王抚军参","1","1","2"
"王抚军参军","1","1","2"
"东海太守垣","1","1","2"
"海太守垣崇","1","1","2"
"太守垣崇祖","1","1","2"
"太尉右司马","1","1","2"
"湘东王录事","1","1","2"
"爲度支尚书","2","0","2"
"八岁能属文","2","0","2"
"部尚书王瞻","1","1","2"
"爲太学博士","2","0","2"
"除尚书仆射","2","0","2"
"前太守袁彖","1","1","2"
"建平二年造","1","1","2"
"秦容成侯适","1","1","2"
"容成侯适楚","1","1","2"
"初平二年造","1","1","2"
"时鄱阳嗣王","1","1","2"
"陆襄等参校","1","1","2"
"襄等参校异","1","1","2"
"等参校异同","1","1","2"
"永平十六年","1","1","2"
"平十六年五","1","1","2"
"十六年五月","1","1","2"
"二十一日己","1","1","2"
"十一日己酉","1","1","2"
"成三十八卷","1","1","2"
"韩彭英卢吴","1","1","2"
"彭英卢吴述","1","1","2"
"古本第三十","1","1","2"
"本第三十七","1","1","2"
"第三十七卷","1","1","2"
"萧正德爲帝","2","0","2"
"三达字三善","1","1","2"
"州将湘东王","1","1","2"
"江陵令贺革","1","1","2"
"陵令贺革讲","1","1","2"
"位太子洗马","2","0","2"
"迁豫章内史","2","0","2"
"西江督护孙","1","1","2"
"江督护孙固","1","1","2"
"齐安南邵陵","1","1","2"
"安南邵陵王","1","1","2"
"位晋陵太守","2","0","2"
"南谯二郡太","1","1","2"
"谯二郡太守","1","1","2"
"典签赵景悦","1","1","2"
"军崔慧景入","1","1","2"
"长史徐曜甫","1","1","2"
"都督征讨水","1","1","2"
"督征讨水陆","1","1","2"
"征讨水陆诸","1","1","2"
"讨水陆诸军","1","1","2"
"水陆诸军事","1","1","2"
"宣德太后临","1","1","2"
"德太后临朝","1","1","2"
"封长沙郡王","1","1","2"
"天监元年四","1","1","2"
"监元年四月","1","1","2"
"上太祖文皇","1","1","2"
"太祖文皇帝","1","1","2"
"爲军师将军","2","0","2"
"仪同萧邕代","1","1","2"
"吕梁十八里","1","1","2"
"谓赵伯超曰","2","0","2"
"勃海王高澄","1","1","2"
"梁将湛海珍","1","1","2"
"将湛海珍等","1","1","2"
"僧辩大司马","2","0","2"
"行台司马恭","1","1","2"
"齐文宣遣兵","2","0","2"
"北中郎桂阳","1","1","2"
"中郎桂阳王","1","1","2"
"封临川郡王","1","1","2"
"胡辛生拔剑","1","1","2"
"府同三司仪","2","0","2"
"生母陈太妃","1","1","2"
"弟吴法寿性","1","1","2"
"射声校尉丘","1","1","2"
"声校尉丘佗","1","1","2"
"校尉丘佗卿","1","1","2"
"佗卿屈指计","1","1","2"
"长子正仁字","1","1","2"
"子正仁字公","1","1","2"
"正仁字公业","1","1","2"
"爲轻车将军","2","0","2"
"桢干屈曲尽","1","1","2"
"兰麝氛氲销","1","1","2"
"欲知怀炭日","1","1","2"
"金帖织成战","1","1","2"
"帖织成战袄","1","1","2"
"永阳王妃王","1","1","2"
"阳王妃王氏","1","1","2"
"太清二年秋","1","1","2"
"引贼入宣阳","1","1","2"
"贼入宣阳门","1","1","2"
"畿内王侯三","1","1","2"
"正德爲侍中","2","0","2"
"黄门郎张准","1","1","2"
"西江督护靳","1","1","2"
"江督护靳山","1","1","2"
"督护靳山顾","1","1","2"
"史元景仲命","1","1","2"
"长史元孝深","1","1","2"
"史元孝深讨","1","1","2"
"齐竟陵世子","1","1","2"
"司空邵陵王","1","1","2"
"爲征北大将","2","0","2"
"总督汉北征","1","1","2"
"督汉北征讨","1","1","2"
"汉北征讨诸","1","1","2"
"北征讨诸军","1","1","2"
"迁南豫州刺","2","0","2"
"侯景败涡阳","2","0","2"
"普通元年四","1","1","2"
"通元年四月","1","1","2"
"书舍人顾协","1","1","2"
"大通二年春","1","1","2"
"前交州刺史","1","1","2"
"交州刺史王","1","1","2"
"州刺史王弈","1","1","2"
"王弈等上东","1","1","2"
"弈等上东三","1","1","2"
"等上东三郡","1","1","2"
"时年三十一","1","1","2"
"左长史王筠","1","1","2"
"金华敬妃蔡","1","1","2"
"华敬妃蔡氏","1","1","2"
"州刺史张缵","1","1","2"
"刺史张缵密","1","1","2"
"史张缵密报","1","1","2"
"信州刺史鲍","1","1","2"
"州刺史鲍泉","1","1","2"
"道人释法鸾","1","1","2"
"襄阳人梁话","1","1","2"
"魏将元法僧","1","1","2"
"苗文宠三骑","1","1","2"
"湘州益阳人","1","1","2"
"州益阳人任","1","1","2"
"益阳人任焕","1","1","2"
"寿阳长公主","1","1","2"
"会理字长才","1","1","2"
"爲武帝所爱","2","0","2"
"史封山侯正","2","0","2"
"封山侯正表","2","0","2"
"遣前临江太","1","1","2"
"前临江太守","1","1","2"
"临江太守董","1","1","2"
"江太守董绍","1","1","2"
"太守董绍先","1","1","2"
"典签范子鸾","1","1","2"
"北兖州司马","1","1","2"
"兖州司马成","1","1","2"
"州司马成钦","1","1","2"
"司马成钦谋","1","1","2"
"会理弟通理","2","0","2"
"弟通理字仲","1","1","2"
"通理字仲宣","1","1","2"
"司马崔会意","1","1","2"
"昭明太子流","1","1","2"
"府丞何智通","1","1","2"
"西州游军将","1","1","2"
"衡州刺史元","1","1","2"
"州刺史元庆","1","1","2"
"赋诗十二韵","1","1","2"
"方同广川国","1","1","2"
"征讨大都督","1","1","2"
"率西丰公大","2","0","2"
"淦公大成等","1","1","2"
"公大成等步","1","1","2"
"大成等步骑","1","1","2"
"军赵伯超请","1","1","2"
"扬州刺史大","1","1","2"
"州刺史大连","1","1","2"
"刺史大连等","1","1","2"
"况天时地利","1","1","2"
"将刘龙武等","1","1","2"
"将徐文盛追","1","1","2"
"定州刺史田","1","1","2"
"州刺史田龙","1","1","2"
"刺史田龙祖","1","1","2"
"旧主帅安陆","1","1","2"
"主帅安陆人","1","1","2"
"帅安陆人郝","1","1","2"
"安陆人郝破","1","1","2"
"陆人郝破敌","1","1","2"
"舍人张僧胤","1","1","2"
"人张僧胤知","1","1","2"
"献曲阿酒百","1","1","2"
"确所向披靡","1","1","2"
"典签唐法隆","1","1","2"
"大宝元年六","1","1","2"
"宝元年六月","1","1","2"
"元年六月辛","1","1","2"
"年六月辛酉","1","1","2"
"十一月壬寅","1","1","2"
"二郡太守永","1","1","2"
"郡太守永丰","1","1","2"
"太守永丰侯","1","1","2"
"司马王僧略","1","1","2"
"直兵参军徐","1","1","2"
"兵参军徐怦","1","1","2"
"万州刺史宋","1","1","2"
"将谯淹回军","1","1","2"
"宣猛将军刘","1","1","2"
"世子圆照镇","1","1","2"
"州刺史王开","1","1","2"
"刺史王开业","1","1","2"
"史王开业进","1","1","2"
"光州刺史郑","1","1","2"
"度支尚书乐","1","1","2"
"支尚书乐奉","1","1","2"
"尚书乐奉业","1","1","2"
"游击将军樊","1","1","2"
"击将军樊猛","1","1","2"
"将军樊猛率","1","1","2"
"太子圆照兄","1","1","2"
"子圆照兄弟","1","1","2"
"圆照兄弟三","1","1","2"
"照兄弟三人","1","1","2"
"圆照字明周","1","1","2"
"益州东斋郎","1","1","2"
"州刺史陈知","1","1","2"
"刺史陈知祖","1","1","2"
"史陈知祖请","1","1","2"
"大器字仁宗","1","1","2"
"太清二年十","1","1","2"
"清二年十月","1","1","2"
"台内大都督","1","1","2"
"大宝二年八","1","1","2"
"宝二年八月","1","1","2"
"承圣元年四","1","1","2"
"圣元年四月","1","1","2"
"王茂字休连","1","1","2"
"封上黄县男","1","1","2"
"吾家千里驹","2","0","2"
"王茂先年少","1","1","2"
"大将王珍国","1","1","2"
"外甥韦欣庆","1","1","2"
"甥韦欣庆勇","1","1","2"
"韦欣庆勇力","1","1","2"
"欣庆勇力绝","1","1","2"
"庆勇力绝人","1","1","2"
"封望蔡县公","1","1","2"
"爲武陵太守","2","0","2"
"随太尉陈显","1","1","2"
"尉陈显达北","1","1","2"
"陈显达北围","1","1","2"
"显达北围马","1","1","2"
"达北围马圈","1","1","2"
"内子弟三百","1","1","2"
"子弟三百人","1","1","2"
"先迎南康王","1","1","2"
"东昏将李居","2","0","2"
"昏将李居士","2","0","2"
"居士弃甲奔","1","1","2"
"刺史蔡道恭","1","1","2"
"征爲右卫将","2","0","2"
"州刺史韦叡","2","0","2"
"将杨大眼对","1","1","2"
"蒋帝神求雨","1","1","2"
"左仆射沈约","1","1","2"
"扬州作贵人","1","1","2"
"巴西太守朱","1","1","2"
"西太守朱士","1","1","2"
"太守朱士略","1","1","2"
"守朱士略开","1","1","2"
"州刺史萧遥","1","1","2"
"刺史萧遥欣","1","1","2"
"光济多计谋","1","1","2"
"子梁矜孙性","1","1","2"
"时梁州长史","1","1","2"
"梁州长史夏","1","1","2"
"州长史夏侯","1","1","2"
"长史夏侯道","1","1","2"
"史夏侯道迁","1","1","2"
"罗研字深微","1","1","2"
"置观农谒者","1","1","2"
"鄱阳忠烈王","1","1","2"
"冯道根字巨","1","1","2"
"道根字巨基","1","1","2"
"提双剑左右","1","1","2"
"双剑左右奋","1","1","2"
"剑左右奋击","1","1","2"
"魏将党法宗","1","1","2"
"道根乘战舰","1","1","2"
"改封豫宁县","1","1","2"
"迁右卫将军","2","0","2"
"帝问中书舍","1","1","2"
"问中书舍人","1","1","2"
"中书舍人朱","1","1","2"
"书舍人朱异","1","1","2"
"中山刘仲德","1","1","2"
"袭封洮阳县","1","1","2"
"封洮阳县侯","1","1","2"
"云麾外兵参","1","1","2"
"麾外兵参军","1","1","2"
"吕僧珍字元","1","1","2"
"僧珍字元瑜","1","1","2"
"身长七尺七","1","1","2"
"长七尺七寸","1","1","2"
"司空陈显达","1","1","2"
"空徐孝嗣管","1","1","2"
"王茂率精兵","1","1","2"
"茂率精兵先","1","1","2"
"率精兵先登","1","1","2"
"精兵先登赤","1","1","2"
"兵先登赤鼻","1","1","2"
"先登赤鼻逻","1","1","2"
"僧珍守白板","1","1","2"
"封平固县侯","1","1","2"
"征爲军将军","2","0","2"
"赠骠骑将军","1","1","2"
"一千一百万","1","1","2"
"河东裴昭明","1","1","2"
"东裴昭明相","1","1","2"
"裴昭明相继","1","1","2"
"唐汉三神庙","1","1","2"
"遣长史王超","1","1","2"
"长史王超宗","1","1","2"
"守冯道根攻","1","1","2"
"冯道根攻魏","1","1","2"
"右军司马胡","1","1","2"
"军司马胡景","1","1","2"
"司马胡景略","1","1","2"
"初分筑东西","1","1","2"
"前军赵祖悦","1","1","2"
"山王元英攻","1","1","2"
"征北将军曹","1","1","2"
"北将军曹景","1","1","2"
"将军曹景宗","1","1","2"
"景宗营前二","1","1","2"
"宗营前二十","1","1","2"
"营前二十里","1","1","2"
"募军士言文","1","1","2"
"军士言文达","1","1","2"
"大眼勇冠三","1","1","2"
"眼勇冠三军","1","1","2"
"强弩二千一","1","1","2"
"城上厉声呵","1","1","2"
"邵阳洲两岸","1","1","2"
"庐江太守裴","1","1","2"
"江太守裴邃","1","1","2"
"秦郡太守李","1","1","2"
"郡太守李文","1","1","2"
"太守李文钊","1","1","2"
"守李文钊等","1","1","2"
"司州刺史马","1","1","2"
"州刺史马仙","1","1","2"
"北梁秦二州","1","1","2"
"梁秦二州刺","1","1","2"
"义州刺史文","1","1","2"
"州刺史文僧","1","1","2"
"刺史文僧明","1","1","2"
"义州刺史封","1","1","2"
"州刺史封寿","1","1","2"
"后军蔡秀成","1","1","2"
"寿阳守将长","1","1","2"
"阳守将长孙","1","1","2"
"守将长孙承","1","1","2"
"将长孙承业","1","1","2"
"河间王元琛","1","1","2"
"令直阁将军","1","1","2"
"直阁将军李","1","1","2"
"阁将军李祖","1","1","2"
"将军李祖怜","1","1","2"
"江淹字文通","1","1","2"
"宋建平王景","2","0","2"
"举南徐州秀","2","0","2"
"南东海郡丞","1","1","2"
"赠诗十五首","1","1","2"
"骠骑参军事","1","1","2"
"淹入中书省","1","1","2"
"徒左长史檀","1","1","2"
"左长史檀超","1","1","2"
"长史檀超共","1","1","2"
"护军长史庾","1","1","2"
"军长史庾弘","1","1","2"
"长史庾弘远","1","1","2"
"州刺史刘悛","1","1","2"
"梁州刺史阴","1","1","2"
"州刺史阴智","1","1","2"
"刺史阴智伯","1","1","2"
"临海太守沈","1","1","2"
"海太守沈昭","1","1","2"
"太守沈昭略","1","1","2"
"永嘉太守庾","1","1","2"
"嘉太守庾昙","1","1","2"
"太守庾昙隆","1","1","2"
"相国右长史","1","1","2"
"改封醴陵伯","1","1","2"
"身长七尺五","1","1","2"
"诵诗数十篇","1","1","2"
"举兖州秀才","1","1","2"
"王记室参军","1","1","2"
"时琅邪王融","2","0","2"
"封宣城郡公","1","1","2"
"谢尚书令王","1","1","2"
"骠骑记室参","1","1","2"
"骑记室参军","1","1","2"
"竟陵王西邸","1","1","2"
"军将军沈约","1","1","2"
"转御史中丞","2","0","2"
"平原刘孝标","1","1","2"
"时豫章胡谐","1","1","2"
"时吴兴太守","1","1","2"
"吴兴太守袁","1","1","2"
"兴太守袁昂","1","1","2"
"征北记室参","1","1","2"
"北记室参军","1","1","2"
"征北行参军","1","1","2"
"时吴兴沈约","1","1","2"
"晋安王长史","1","1","2"
"庐陵王长史","1","1","2"
"典签赵道智","1","1","2"
"新人佞散骑","1","1","2"
"镇北豫章王","1","1","2"
"徐州刺史安","1","1","2"
"州刺史安丰","1","1","2"
"刺史安丰王","1","1","2"
"欹器漏刻铭","1","1","2"
"能杀身报主","1","1","2"
"中山王元略","1","1","2"
"太尉临川王","1","1","2"
"武陵王长史","1","1","2"
"典签沈炽文","1","1","2"
"革广施恩惠","1","1","2"
"南中郎长史","1","1","2"
"霸府行参军","1","1","2"
"临海王西中","1","1","2"
"海王西中郎","1","1","2"
"王西中郎田","1","1","2"
"西中郎田曹","1","1","2"
"中郎田曹行","1","1","2"
"郎田曹行参","1","1","2"
"临川王后军","1","1","2"
"川王后军谘","1","1","2"
"王后军谘议","1","1","2"
"国子祭酒张","1","1","2"
"子祭酒张充","1","1","2"
"齐永明二年","1","1","2"
"步兵校尉伏","1","1","2"
"兵校尉伏曼","1","1","2"
"校尉伏曼容","1","1","2"
"新旧学士十","1","1","2"
"旧学士十人","1","1","2"
"谘禀卫将军","1","1","2"
"禀卫将军丹","1","1","2"
"卫将军丹阳","1","1","2"
"军丹阳尹王","1","1","2"
"丹阳尹王俭","1","1","2"
"国子祭酒何","1","1","2"
"子祭酒何胤","1","1","2"
"尚书左丞蔡","1","1","2"
"书左丞蔡仲","1","1","2"
"左丞蔡仲熊","1","1","2"
"骁骑将军何","1","1","2"
"骑将军何佟","1","1","2"
"国子学中门","1","1","2"
"子学中门外","1","1","2"
"书仆射沈约","1","1","2"
"置旧学士一","1","1","2"
"旧学士一人","1","1","2"
"镇北谘议参","1","1","2"
"北谘议参军","1","1","2"
"谘议参军伏","1","1","2"
"严植掌凶礼","2","0","2"
"博士缪昭掌","1","1","2"
"镇军将军丹","1","1","2"
"军将军丹阳","1","1","2"
"军丹阳尹沈","1","1","2"
"丹阳尹沈约","1","1","2"
"太常卿张充","1","1","2"
"书侍郎周舍","2","0","2"
"五礼旧学士","1","1","2"
"仪注天监六","2","0","2"
"注天监六年","2","0","2"
"七日上尚书","2","0","2"
"一百一十六","1","1","2"
"百一十六卷","1","1","2"
"五百三十六","1","1","2"
"百三十六条","1","1","2"
"五月二十日","1","1","2"
"月二十日上","1","1","2"
"十日上尚书","2","0","2"
"一百三十三","1","1","2"
"百三十三卷","1","1","2"
"五百四十五","1","1","2"
"百四十五条","1","1","2"
"天监九年十","1","1","2"
"监九年十月","1","1","2"
"九年十月二","1","1","2"
"十月二十九","1","1","2"
"二十九日上","1","1","2"
"一百八十九","1","1","2"
"百八十九卷","1","1","2"
"二百四十条","1","1","2"
"仪注天监十","2","0","2"
"注天监十一","2","0","2"
"二百二十四","1","1","2"
"百二十四卷","1","1","2"
"十一月十七","1","1","2"
"一月十七日","1","1","2"
"月十七日上","1","1","2"
"五百一十四","1","1","2"
"百一十四卷","1","1","2"
"五千六百九","1","1","2"
"千六百九十","1","1","2"
"六百九十三","1","1","2"
"百九十三条","1","1","2"
"一千一百七","1","1","2"
"千一百七十","1","1","2"
"一百七十六","1","1","2"
"百七十六卷","1","1","2"
"普通五年二","1","1","2"
"通五年二月","1","1","2"
"赠右光禄大","2","0","2"
"六百六十卷","1","1","2"
"教殊途同归","1","1","2"
"前后二集五","1","1","2"
"后二集五十","1","1","2"
"二集五十卷","1","1","2"
"佐史尚书左","1","1","2"
"史尚书左丞","1","1","2"
"书左丞刘览","1","1","2"
"左丞刘览等","1","1","2"
"族人朱幼方","1","1","2"
"县令申灵勖","1","1","2"
"尚书仪曹郎","1","1","2"
"异容貌魁梧","1","1","2"
"听者千馀人","2","0","2"
"礼记中庸义","1","1","2"
"司农卿傅岐","1","1","2"
"遣建康令谢","1","1","2"
"建康令谢挺","1","1","2"
"通直郎徐陵","1","1","2"
"史鄱阳王范","2","0","2"
"前寿州司马","1","1","2"
"寿州司马徐","1","1","2"
"马徐思玉先","1","1","2"
"舍人高善宝","1","1","2"
"仪注文集百","1","1","2"
"爲晋安王谘","2","0","2"
"宁蛮府军事","1","1","2"
"尚书度支郎","1","1","2"
"史中丞刘孝","1","1","2"
"中丞刘孝仪","1","1","2"
"爲通直散骑","2","0","2"
"长春殿义记","1","1","2"
"仆射杨遵彦","1","1","2"
"贞阳侯明爲","2","0","2"
"阳侯明爲梁","2","0","2"
"侯明爲梁嗣","2","0","2"
"所见诸君多","1","1","2"
"都官尚书裴","1","1","2"
"官尚书裴忌","1","1","2"
"僧辩字君才","1","1","2"
"中直兵参军","1","1","2"
"直兵参军曹","1","1","2"
"兵参军曹子","1","1","2"
"参军曹子郢","1","1","2"
"贞毅府谘议","1","1","2"
"毅府谘议参","1","1","2"
"封长宁县公","1","1","2"
"城前鹦鹉洲","1","1","2"
"前鹦鹉洲水","1","1","2"
"助天子讨贼","1","1","2"
"称征讨大将","1","1","2"
"征讨大将军","1","1","2"
"先命南兖州","1","1","2"
"命南兖州刺","1","1","2"
"兖州刺史侯","1","1","2"
"前军五千行","1","1","2"
"军人失火烧","1","1","2"
"烧太极殿东","2","0","2"
"太极殿东西","2","0","2"
"极殿东西堂","2","0","2"
"吴松江降侯","1","1","2"
"改封永宁郡","1","1","2"
"封永宁郡公","1","1","2"
"刺史丁道贵","1","1","2"
"城西江中腾","1","1","2"
"西江中腾跃","1","1","2"
"江中腾跃升","1","1","2"
"中腾跃升天","1","1","2"
"加节盖羽仪","1","1","2"
"节盖羽仪鼓","1","1","2"
"盖羽仪鼓吹","1","1","2"
"齐遣郭元建","2","0","2"
"大将东方老","1","1","2"
"将东方老等","1","1","2"
"先命豫州刺","1","1","2"
"吴郡太守张","1","1","2"
"郡太守张彪","1","1","2"
"兴太守裴横","2","0","2"
"承圣三年二","1","1","2"
"圣三年二月","1","1","2"
"谒者监护丧","1","1","2"
"者监护丧事","1","1","2"
"贞敬太夫人","1","1","2"
"齐上党王高","1","1","2"
"上党王高涣","1","1","2"
"部尚书王通","1","1","2"
"尚书王通送","1","1","2"
"记室参军江","1","1","2"
"室参军江旰","1","1","2"
"泰山梁父人","1","1","2"
"精兵三万袭","1","1","2"
"侃骠骑大将","1","1","2"
"驾幸乐游苑","1","1","2"
"长二丈四尺","1","1","2"
"围一尺三寸","1","1","2"
"侃劝元帅贞","1","1","2"
"劝元帅贞阳","1","1","2"
"元帅贞阳侯","1","1","2"
"宣城王都督","1","1","2"
"城王都督城","1","1","2"
"王都督城内","1","1","2"
"仪同傅士哲","1","1","2"
"仆射索超世","1","1","2"
"西晋州刺史","1","1","2"
"东晋州刺史","1","1","2"
"泰山钜平人","1","1","2"
"北司州刺史","1","1","2"
"督土州刺史","1","1","2"
"土州刺史桓","1","1","2"
"仁州刺史湛","1","1","2"
"州刺史湛海","1","1","2"
"刺史湛海珍","1","1","2"
"史湛海珍等","1","1","2"
"徐州刺史荀","1","1","2"
"州刺史荀伯","1","1","2"
"刺史荀伯道","1","1","2"
"王琳字子珩","1","1","2"
"随王僧辩破","1","1","2"
"廷尉卿黄罗","1","1","2"
"尉卿黄罗汉","1","1","2"
"太舟卿张载","1","1","2"
"琳屯兵长沙","1","1","2"
"上游诸将推","1","1","2"
"将张平宅乘","1","1","2"
"周铁武一人","1","1","2"
"中书舍人辛","1","1","2"
"书舍人辛悫","1","1","2"
"遣扬州道行","1","1","2"
"扬州道行台","1","1","2"
"州道行台慕","1","1","2"
"道行台慕容","1","1","2"
"行台慕容俨","1","1","2"
"台慕容俨率","1","1","2"
"遣安州刺史","1","1","2"
"安州刺史吴","1","1","2"
"巴陵太守任","1","1","2"
"陵太守任忠","1","1","2"
"太守任忠大","1","1","2"
"守任忠大败","1","1","2"
"司空侯安都","1","1","2"
"空侯安都等","1","1","2"
"引军入芜湖","1","1","2"
"军入芜湖避","1","1","2"
"琳命左长史","1","1","2"
"命左长史袁","1","1","2"
"左长史袁泌","1","1","2"
"史中丞刘仲","1","1","2"
"中丞刘仲威","1","1","2"
"陈合州刺史","1","1","2"
"合州刺史裴","1","1","2"
"州刺史裴景","1","1","2"
"刺史裴景晖","1","1","2"
"行台左丞卢","1","1","2"
"台左丞卢潜","1","1","2"
"左丞卢潜率","1","1","2"
"丞卢潜率兵","1","1","2"
"行台尚书卢","1","1","2"
"台尚书卢潜","1","1","2"
"军将军尉破","1","1","2"
"军尉破胡等","1","1","2"
"将吴明彻进","1","1","2"
"明彻昼夜攻","1","1","2"
"城东北二十","1","1","2"
"东北二十里","1","1","2"
"骠骑府仓曹","1","1","2"
"骑府仓曹参","1","1","2"
"府仓曹参军","1","1","2"
"仓曹参军朱","1","1","2"
"陈尚书仆射","1","1","2"
"书仆射徐陵","1","1","2"
"仆射徐陵求","1","1","2"
"开府主簿刘","1","1","2"
"府主簿刘韶","1","1","2"
"主簿刘韶慧","1","1","2"
"簿刘韶慧等","1","1","2"
"扬州人茅智","1","1","2"
"州人茅智胜","1","1","2"
"人茅智胜等","1","1","2"
"茅智胜等五","1","1","2"
"智胜等五人","1","1","2"
"十五州诸军","1","1","2"
"叔陵字子嵩","1","1","2"
"豫章内史钱","1","1","2"
"章内史钱法","1","1","2"
"内史钱法成","1","1","2"
"史中丞王政","1","1","2"
"叔陵阴异志","2","0","2"
"乐安君吴氏","1","1","2"
"使太子舍人","1","1","2"
"太子舍人司","1","1","2"
"子舍人司马","1","1","2"
"人司马申急","1","1","2"
"司马申急召","1","1","2"
"马申急召右","1","1","2"
"申急召右卫","1","1","2"
"急召右卫将","1","1","2"
"召右卫将军","1","1","2"
"卫将军萧摩","1","1","2"
"将军萧摩诃","1","1","2"
"记室韦谅送","1","1","2"
"室韦谅送鼓","1","1","2"
"韦谅送鼓吹","1","1","2"
"马容陈智深","1","1","2"
"容陈智深迎","1","1","2"
"马容陈仲华","1","1","2"
"叔坚字子成","1","1","2"
"李迁仕大臯","2","0","2"
"都人刘孝尚","1","1","2"
"庐陵二郡军","1","1","2"
"陵二郡军事","1","1","2"
"新安寿昌县","1","1","2"
"义兴人周荟","1","1","2"
"司州刺史陈","1","1","2"
"州刺史陈庆","1","1","2"
"悬瓠慰劳白","1","1","2"
"瓠慰劳白水","1","1","2"
"慰劳白水蛮","1","1","2"
"杜僧明等相","1","1","2"
"将军杜平虏","1","1","2"
"文育督衆军","2","0","2"
"会稽太守张","1","1","2"
"稽太守张彪","1","1","2"
"除南豫州刺","2","0","2"
"徐嗣徽引齐","2","0","2"
"骁将鲍砰独","1","1","2"
"广州刺史萧","1","1","2"
"时新吴洞主","1","1","2"
"洞主余孝顷","1","1","2"
"孝顷举兵应","2","0","2"
"严威将军周","1","1","2"
"威将军周铁","1","1","2"
"将军周铁武","1","1","2"
"长史陆山才","1","1","2"
"史陆山才袭","1","1","2"
"将谭世远斩","1","1","2"
"军主夏侯明","1","1","2"
"主夏侯明彻","1","1","2"
"爲西道都督","2","0","2"
"爲南道都督","2","0","2"
"豫章内史熊","1","1","2"
"章内史熊昙","1","1","2"
"内史熊昙朗","1","1","2"
"监军孙白象","1","1","2"
"军孙白象颇","1","1","2"
"孙白象颇知","1","1","2"
"巴西充国人","1","1","2"
"梁益州刺史","1","1","2"
"益州刺史鄱","1","1","2"
"阳王萧范命","1","1","2"
"轻车府中兵","1","1","2"
"车府中兵参","1","1","2"
"侯景围台城","1","1","2"
"豫章太守庄","1","1","2"
"章太守庄铁","1","1","2"
"景将宋子仙","2","0","2"
"随都督王僧","1","1","2"
"督王僧辩讨","1","1","2"
"慕容恃德镇","1","1","2"
"陈武帝诛僧","2","0","2"
"武帝诛僧辩","2","0","2"
"天嘉元年二","1","1","2"
"嘉元年二月","1","1","2"
"定州刺史章","1","1","2"
"州刺史章昭","1","1","2"
"刺史章昭达","1","1","2"
"史章昭达乘","1","1","2"
"都督五州诸","1","1","2"
"督五州诸军","1","1","2"
"周将贺若敦","1","1","2"
"改封零陵郡","1","1","2"
"封零陵郡公","1","1","2"
"长城招聚兵","1","1","2"
"文帝进军吴","1","1","2"
"帝进军吴兴","1","1","2"
"进军吴兴讨","1","1","2"
"改封邵武县","1","1","2"
"封邵武县侯","1","1","2"
"封邵陵郡公","1","1","2"
"中抚大将军","1","1","2"
"偏将钱道戢","1","1","2"
"峡口南岸筑","1","1","2"
"口南岸筑垒","1","1","2"
"昭达命军士","1","1","2"
"授安南将军","2","0","2"
"湘州刺史华","1","1","2"
"州刺史华皎","1","1","2"
"刺史华皎阴","1","1","2"
"南大将军淳","1","1","2"
"大将军尉破","1","1","2"
"封南平郡公","1","1","2"
"寿春三十里","1","1","2"
"爲车骑大将","2","0","2"
"三千五百户","1","1","2"
"徐州总管梁","1","1","2"
"州总管梁士","1","1","2"
"总管梁士彦","1","1","2"
"大将军王轨","1","1","2"
"齐衡州刺史","1","1","2"
"梁云麾将军","1","1","2"
"义阳二郡太","1","1","2"
"阳二郡太守","1","1","2"
"招集晋熙等","1","1","2"
"集晋熙等五","1","1","2"
"晋熙等五郡","1","1","2"
"随王僧辩讨","1","1","2"
"王僧辩讨平","1","1","2"
"僧辩讨平侯","1","1","2"
"辩讨平侯景","1","1","2"
"授北江州刺","2","0","2"
"安西将军沈","1","1","2"
"西将军沈泰","1","1","2"
"行台慕容绍","1","1","2"
"台慕容绍宗","1","1","2"
"清河王高岳","1","1","2"
"将梅天养等","1","1","2"
"引齐军入城","1","1","2"
"封彭泽县侯","1","1","2"
"时江表将帅","1","1","2"
"阳公府中兵","1","1","2"
"公府中兵参","1","1","2"
"加员外散骑","2","0","2"
"封中宿县侯","1","1","2"
"仪同章昭达","1","1","2"
"敷城王张元","1","1","2"
"城王张元范","1","1","2"
"周将梁士彦","1","1","2"
"左卫将军任","1","1","2"
"卫将军任忠","1","1","2"
"将军任忠等","1","1","2"
"军任忠等分","1","1","2"
"豫州刺史樊","1","1","2"
"州刺史樊毅","1","1","2"
"上七州诸军","1","1","2"
"七州诸军事","1","1","2"
"周安州总管","1","1","2"
"安州总管元","1","1","2"
"州总管元景","1","1","2"
"总管元景山","1","1","2"
"改封绥越郡","1","1","2"
"封绥越郡公","1","1","2"
"弼旗鼓相对","1","1","2"
"书令江总抚","1","1","2"
"悲君感义死","1","1","2"
"随都督吴明","1","1","2"
"大将尉破胡","1","1","2"
"将尉破胡等","1","1","2"
"尉破胡等率","1","1","2"
"摩诃遥掷铣","1","1","2"
"齐军大力十","1","1","2"
"军大力十余","1","1","2"
"大力十余人","1","1","2"
"明彻进军吕","1","1","2"
"彻进军吕梁","1","1","2"
"周武帝灭齐","1","1","2"
"将宇文忻争","1","1","2"
"总管贺若弼","1","1","2"
"管贺若弼镇","1","1","2"
"祯明三年元","1","1","2"
"后主多金帛","2","0","2"
"军鲁广达陈","1","1","2"
"鲁广达陈兵","1","1","2"
"广达陈兵白","1","1","2"
"达陈兵白土","1","1","2"
"陈兵白土冈","1","1","2"
"护军将军樊","1","1","2"
"军将军樊毅","1","1","2"
"都官尚书孔","1","1","2"
"官尚书孔范","1","1","2"
"行军七总管","1","1","2"
"军七总管杨","1","1","2"
"七总管杨牙","1","1","2"
"张辩等甲士","1","1","2"
"二百七十三","1","1","2"
"百七十三人","1","1","2"
"梁鄱阳王萧","1","1","2"
"太守梅伯龙","1","1","2"
"主帅梅思立","1","1","2"
"王琳立萧庄","1","1","2"
"授明毅将军","1","1","2"
"齐历阳王高","1","1","2"
"历阳王高景","1","1","2"
"阳王高景安","1","1","2"
"忠都督寿阳","1","1","2"
"改封梁信郡","1","1","2"
"封梁信郡公","1","1","2"
"时隋将韩擒","1","1","2"
"骑常侍袁元","1","1","2"
"常侍袁元友","1","1","2"
"侍袁元友能","1","1","2"
"湘州刺史萧","1","1","2"
"累迁太子庶","1","1","2"
"迁太子庶子","1","1","2"
"恐东南王气","1","1","2"
"武陵王府参","1","1","2"
"陵王府参军","1","1","2"
"王府参军事","1","1","2"
"本郡五官掾","1","1","2"
"七岁读五经","1","1","2"
"临贺王府记","1","1","2"
"贺王府记室","1","1","2"
"姚察字伯审","1","1","2"
"宣猷堂听讲","1","1","2"
"南海王国左","1","1","2"
"海王国左常","1","1","2"
"部尚书徐陵","1","1","2"
"宣明殿学士","1","1","2"
"西聘道里记","1","1","2"
"尚书祠部侍","1","1","2"
"书祠部侍郎","1","1","2"
"中书舍人司","1","1","2"
"书舍人司马","1","1","2"
"撰中书表集","1","1","2"
"开皇十三年","1","1","2"
"太子内舍人","1","1","2"
"中书舍人虞","1","1","2"
"书舍人虞世","1","1","2"
"舍人虞世基","1","1","2"
"人虞世基索","1","1","2"
"左户侍郎刘","1","1","2"
"后军录事参","1","1","2"
"建威将军郑","1","1","2"
"威将军郑顺","1","1","2"
"湘东王国常","1","1","2"
"东王国常侍","1","1","2"
"新安太守巢","1","1","2"
"安太守巢尚","1","1","2"
"功德尚书令","1","1","2"
"德尚书令袁","1","1","2"
"第一品王抗","1","1","2"
"齐尚书左丞","1","1","2"
"尚书左丞殷","1","1","2"
"一丁种十五","1","1","2"
"时天下初定","1","1","2"
"族人沈僧隆","1","1","2"
"江州刺史曹","1","1","2"
"州刺史曹景","1","1","2"
"刺史曹景宗","1","1","2"
"萧颖达长史","1","1","2"
"续布衣蔬食","1","1","2"
"后军行参军","1","1","2"
"道者安国济","1","1","2"
"上封事二十","1","1","2"
"封事二十九","1","1","2"
"事二十九条","1","1","2"
"僧尼十余万","1","1","2"
"江州刺史邵","1","1","2"
"州刺史邵陵","1","1","2"
"刺史邵陵王","1","1","2"
"人何贞秀等","1","1","2"
"何贞秀等一","1","1","2"
"贞秀等一百","1","1","2"
"秀等一百五","1","1","2"
"等一百五十","1","1","2"
"一百五十四","1","1","2"
"百五十四人","1","1","2"
"书侍御史虞","1","1","2"
"豫章内史伏","1","1","2"
"章内史伏暅","1","1","2"
"年十二月二","1","1","2"
"二十一日下","1","1","2"
"十一日下诏","1","1","2"
"长水校尉伏","1","1","2"
"水校尉伏暅","1","1","2"
"齐太尉王俭","1","1","2"
"中抚记室参","1","1","2"
"抚记室参军","1","1","2"
"四百七十九","1","1","2"
"百七十九卷","1","1","2"
"西邵陵王钦","1","1","2"
"命群臣赋诗","1","1","2"
"吴兴乌程人","1","1","2"
"灵鞠献挽歌","1","1","2"
"鞠献挽歌三","1","1","2"
"献挽歌三首","1","1","2"
"霜深高殿寒","1","1","2"
"大驾南讨记","1","1","2"
"驾南讨记论","1","1","2"
"江南地方数","1","1","2"
"南地方数千","1","1","2"
"地方数千里","1","1","2"
"江左文章录","1","1","2"
"左文章录序","1","1","2"
"中军将军临","1","1","2"
"军将军临川","1","1","2"
"将军临川王","1","1","2"
"司空事中郎","2","0","2"
"范云婉转清","1","1","2"
"云婉转清便","1","1","2"
"会稽太守孟","1","1","2"
"孝子日代哭","2","0","2"
"列管暂鸣死","1","1","2"
"管暂鸣死灭","1","1","2"
"暂鸣死灭族","1","1","2"
"陈郡谢超宗","1","1","2"
"郡谢超宗学","1","1","2"
"豫章王大司","1","1","2"
"章王大司马","1","1","2"
"太子家令沈","1","1","2"
"子家令沈约","1","1","2"
"家令沈约撰","1","1","2"
"陵王司徒参","1","1","2"
"王司徒参军","1","1","2"
"司空王僧虔","1","1","2"
"何承天所制","1","1","2"
"能造指南车","1","1","2"
"乐游苑造水","1","1","2"
"游苑造水碓","1","1","2"
"苑造水碓磨","1","1","2"
"南康王侍郎","1","1","2"
"太中大夫顾","1","1","2"
"西中郎晋安","1","1","2"
"中郎晋安王","1","1","2"
"郎晋安王记","1","1","2"
"晋安王记室","1","1","2"
"中书舍人刘","1","1","2"
"骑常侍袁愉","1","1","2"
"大明七年大","1","1","2"
"明七年大旱","1","1","2"
"县令刘僧秀","1","1","2"
"县南郭凤埭","1","1","2"
"太守蔡兴宗","1","1","2"
"山阴朱百年","1","1","2"
"举山阴孔仲","1","1","2"
"山阴孔仲智","1","1","2"
"陶潜字渊明","1","1","2"
"寻阳柴桑人","1","1","2"
"五柳先生传","1","1","2"
"江州刺史檀","1","1","2"
"州刺史檀道","1","1","2"
"刺史檀道济","1","1","2"
"二顷五十亩","1","1","2"
"顷五十亩种","1","1","2"
"五十亩种秫","1","1","2"
"五十亩种粳","1","1","2"
"向乡里小人","1","1","2"
"州刺史王弘","1","1","2"
"刘柳后军功","1","1","2"
"柳后军功曹","1","1","2"
"戴顒字仲若","1","1","2"
"中书令王绥","1","1","2"
"阳王义季镇","2","0","2"
"黄门侍郎张","1","1","2"
"门侍郎张敷","1","1","2"
"梁州刺史郭","1","1","2"
"州刺史郭铨","1","1","2"
"向楚王称仆","1","1","2"
"同县孔觊友","1","1","2"
"县孔觊友善","1","1","2"
"吟米二百斛","1","1","2"
"陈戴三千万","1","1","2"
"戴三千万钱","1","1","2"
"尚书仓部令","1","1","2"
"书仓部令史","1","1","2"
"法兴等五人","1","1","2"
"征虏抚军记","1","1","2"
"虏抚军记室","1","1","2"
"抚军记室掾","1","1","2"
"补南中郎典","1","1","2"
"南中郎典签","1","1","2"
"典签戴明宝","1","1","2"
"南鲁郡太守","1","1","2"
"时太宰江夏","1","1","2"
"齐高帝冠军","1","1","2"
"高帝冠军府","1","1","2"
"帝冠军府行","1","1","2"
"冠军府行参","1","1","2"
"军府行参军","1","1","2"
"武帝江州典","1","1","2"
"帝江州典签","1","1","2"
"补东宫通事","1","1","2"
"爲中书通事","2","0","2"
"会稽吕文度","1","1","2"
"临海吕文显","1","1","2"
"太尉王俭常","1","1","2"
"旨安抚子响","1","1","2"
"录尚书省事","1","1","2"
"殿中侍御史","1","1","2"
"封刘阳县男","1","1","2"
"南清河太守","1","1","2"
"中书舍人四","1","1","2"
"书舍人四人","1","1","2"
"南东莞太守","1","1","2"
"欲求贵职依","1","1","2"
"求贵职依刀","1","1","2"
"贵职依刀敕","1","1","2"
"新蔡人徐世","1","1","2"
"左右徐僧重","1","1","2"
"永元二年事","1","1","2"
"中书舍人王","1","1","2"
"封竟陵县男","1","1","2"
"姓俞名尼子","1","1","2"
"东冶营兵俞","1","1","2"
"冶营兵俞灵","1","1","2"
"营兵俞灵韵","1","1","2"
"梁武平建邺","2","0","2"
"败水军都督","1","1","2"
"水军都督高","1","1","2"
"军都督高文","1","1","2"
"都督高文泰","1","1","2"
"时任蛮奴请","1","1","2"
"司马消难狼","1","1","2"
"马消难狼子","1","1","2"
"消难狼子野","1","1","2"
"难狼子野心","1","1","2"
"伏波将军路","1","1","2"
"波将军路博","1","1","2"
"将军路博德","1","1","2"
"军路博德开","1","1","2"
"宣化事朱应","2","0","2"
"晋代通中国","1","1","2"
"日南郡象林","1","1","2"
"南郡象林县","1","1","2"
"伏波将军马","1","1","2"
"波将军马援","1","1","2"
"将军马援开","1","1","2"
"北接九德郡","1","1","2"
"外甥范熊代","1","1","2"
"甥范熊代立","1","1","2"
"晋成帝咸康","1","1","2"
"成帝咸康三","1","1","2"
"帝咸康三年","1","1","2"
"时交州刺史","1","1","2"
"交州刺史姜","1","1","2"
"州刺史姜庄","1","1","2"
"谢幼前后监","1","1","2"
"交州刺史朱","1","1","2"
"州刺史朱藩","1","1","2"
"刺史朱藩后","1","1","2"
"征西将军桓","1","1","2"
"西将军桓温","1","1","2"
"九真太守灌","1","1","2"
"真太守灌邃","1","1","2"
"太守灌邃讨","1","1","2"
"安帝隆安三","1","1","2"
"帝隆安三年","1","1","2"
"同母异父弟","1","1","2"
"大臣范诸农","1","1","2"
"臣范诸农平","1","1","2"
"宋永初二年","1","1","2"
"州刺史杜弘","1","1","2"
"刺史杜弘文","1","1","2"
"入四会浦口","1","1","2"
"交州刺史阮","1","1","2"
"州刺史阮弥","1","1","2"
"队主相道生","1","1","2"
"振武将军宗","1","1","2"
"武将军宗悫","1","1","2"
"司马萧景宪","1","1","2"
"铜三十万斤","1","1","2"
"遣大帅范扶","1","1","2"
"大帅范扶龙","1","1","2"
"黄金数十万","1","1","2"
"金数十万斤","1","1","2"
"功封云杜县","1","1","2"
"封云杜县子","1","1","2"
"孝武孝建二","2","0","2"
"武孝建二年","2","0","2"
"遣长史范龙","1","1","2"
"长史范龙跋","1","1","2"
"林邑王范神","1","1","2"
"邑王范神成","1","1","2"
"遣长史范流","1","1","2"
"表献金银器","1","1","2"
"明帝泰豫元","1","1","2"
"帝泰豫元年","1","1","2"
"子弼毳跋摩","1","1","2"
"王高戍胜铠","1","1","2"
"高戍胜铠遣","1","1","2"
"戍胜铠遣使","1","1","2"
"邑王高戍律","1","1","2"
"跋摩遣使贡","2","0","2"
"摩遣使贡献","2","0","2"
"合浦大帅陈","1","1","2"
"浦大帅陈檀","1","1","2"
"大帅陈檀归","1","1","2"
"帅陈檀归顺","1","1","2"
"气候风俗大","1","1","2"
"扶南八千里","1","1","2"
"扶南王纯金","1","1","2"
"立中子盘盘","1","1","2"
"地五六千里","1","1","2"
"太子金生代","1","1","2"
"子金生代行","1","1","2"
"城沟中养鳄","1","1","2"
"沟中养鳄鱼","1","1","2"
"门外圈猛兽","1","1","2"
"遣中郎康泰","2","0","2"
"晋武帝太康","1","1","2"
"穆帝升平元","1","1","2"
"帝升平元年","1","1","2"
"宋文帝元嘉","1","1","2"
"文帝元嘉十","1","1","2"
"帝元嘉十一","1","1","2"
"元嘉十一年","1","1","2"
"送珊瑚佛像","1","1","2"
"送天竺旃檀","1","1","2"
"天竺旃檀瑞","1","1","2"
"竺旃檀瑞像","1","1","2"
"累遣使献方","2","0","2"
"长一丈二尺","1","1","2"
"大秦人采苏","1","1","2"
"秦人采苏合","1","1","2"
"汉桓帝延熹","1","1","2"
"桓帝延熹九","1","1","2"
"帝延熹九年","1","1","2"
"大秦王安敦","1","1","2"
"日南徼外献","2","0","2"
"孙权黄武五","1","1","2"
"权黄武五年","1","1","2"
"桓帝延熹三","1","1","2"
"帝延熹三年","1","1","2"
"吴时扶南王","1","1","2"
"时扶南王范","1","1","2"
"扶南王范旃","1","1","2"
"逆水行七千","1","1","2"
"水行七千里","1","1","2"
"叶波等十六","1","1","2"
"遣长史竺罗","1","1","2"
"长史竺罗达","1","1","2"
"表献琉璃唾","1","1","2"
"献琉璃唾壶","1","1","2"
"像高四尺二","1","1","2"
"高四尺二寸","1","1","2"
"征士戴安道","1","1","2"
"妾潘贵妃作","1","1","2"
"潘贵妃作钗","1","1","2"
"贵妃作钗钏","1","1","2"
"宋元嘉五年","1","1","2"
"王刹利摩诃","1","1","2"
"遣使奉表贡","2","0","2"
"梁大通元年","1","1","2"
"王迦叶伽罗","1","1","2"
"迦叶伽罗诃","1","1","2"
"叶伽罗诃黎","1","1","2"
"伽罗诃黎邪","1","1","2"
"宋武帝践阼","2","0","2"
"琏征东大将","1","1","2"
"琏散骑常侍","1","1","2"
"增督平州诸","1","1","2"
"督平州诸军","1","1","2"
"平州诸军事","1","1","2"
"长史马娄等","1","1","2"
"谒者朱邵伯","1","1","2"
"高丽北丰城","1","1","2"
"后废帝元徽","1","1","2"
"抚东大将军","1","1","2"
"营平二州诸","1","1","2"
"平二州诸军","1","1","2"
"晋义熙十二","1","1","2"
"遣长史张威","1","1","2"
"谒者闾丘恩","1","1","2"
"者闾丘恩子","1","1","2"
"副谒者丁敬","1","1","2"
"谒者丁敬子","1","1","2"
"者丁敬子等","1","1","2"
"百济王余毗","1","1","2"
"右贤王余纪","1","1","2"
"中国言郡县","2","0","2"
"二十二檐鲁","1","1","2"
"子弟宗族分","1","1","2"
"中大通六年","1","1","2"
"工匠画师等","1","1","2"
"百济东南五","1","1","2"
"济东南五千","1","1","2"
"王姓募名泰","1","1","2"
"武帝永初二","1","1","2"
"帝永初二年","1","1","2"
"文帝元嘉二","1","1","2"
"帝元嘉二年","1","1","2"
"倭洧等十三","1","1","2"
"洧等十三人","1","1","2"
"等十三人平","1","1","2"
"十三人平西","1","1","2"
"辅国将军等","1","1","2"
"国将军等号","1","1","2"
"二十三人职","1","1","2"
"顺帝升明二","1","1","2"
"帝升明二年","1","1","2"
"东征毛人五","1","1","2"
"征毛人五十","1","1","2"
"毛人五十五","1","1","2"
"人五十五国","1","1","2"
"夷六十六国","1","1","2"
"海北九十五","1","1","2"
"北九十五国","1","1","2"
"文身国东五","1","1","2"
"身国东五千","1","1","2"
"齐永元元年","1","1","2"
"兄弟伯叔姑","1","1","2"
"弟伯叔姑姊","1","1","2"
"伯叔姑姊妹","1","1","2"
"宋大明二年","1","1","2"
"梁天监六年","1","1","2"
"河西王沮渠","1","1","2"
"西王沮渠茂","1","1","2"
"王沮渠茂虔","1","1","2"
"都督秦州诸","1","1","2"
"督秦州诸军","1","1","2"
"秦州诸军事","1","1","2"
"位二十四年","1","1","2"
"置四十六镇","1","1","2"
"后部亲汉侯","1","1","2"
"梁天监十五","1","1","2"
"王厌带夷栗","1","1","2"
"波斯锦等物","1","1","2"
"小袖长身袍","1","1","2"
"胡密丹等国","1","1","2"
"白题国王姓","1","1","2"
"题国王姓支","1","1","2"
"国王姓支名","1","1","2"
"王姓支名史","1","1","2"
"姓支名史稽","1","1","2"
"支名史稽毅","1","1","2"
"斩白题骑一","1","1","2"
"白题骑一人","1","1","2"
"王尼瑞摩珠","1","1","2"
"多牛马骆驼","1","1","2"
"牛马骆驼羊","1","1","2"
"马骆驼羊等","1","1","2"
"王姓葛沙氏","1","1","2"
"梁中大同元","1","1","2"
"中大同元年","1","1","2"
"多牛羊骡驴","1","1","2"
"王安末深盘","1","1","2"
"梁普通五年","1","1","2"
"齐建元三年","1","1","2"
"梁天监十四","1","1","2"
"天监十四年","1","1","2"
"侯景字万景","1","1","2"
"魏怀朔镇人","1","1","2"
"魏末北方大","1","1","2"
"末北方大乱","1","1","2"
"部将慕容绍","1","1","2"
"河南道大行","1","1","2"
"南道大行台","1","1","2"
"欢部将高昂","1","1","2"
"太清元年二","1","1","2"
"清元年二月","1","1","2"
"行台郎中丁","1","1","2"
"善言殿读佛","1","1","2"
"言殿读佛经","1","1","2"
"左右黄慧弼","1","1","2"
"董督河南南","1","1","2"
"督河南南北","1","1","2"
"河南南北诸","1","1","2"
"南南北诸军","1","1","2"
"南北诸军事","1","1","2"
"遣将慕容绍","2","0","2"
"五城王元庆","1","1","2"
"城王元庆等","1","1","2"
"王元庆等率","1","1","2"
"元庆等率兵","1","1","2"
"庆等率兵救","1","1","2"
"长史邓鸿率","1","1","2"
"史邓鸿率兵","1","1","2"
"将蔡道遵北","1","1","2"
"蔡道遵北归","1","1","2"
"刺史郭凤弃","1","1","2"
"史郭凤弃城","1","1","2"
"行台左丞王","1","1","2"
"台左丞王伟","1","1","2"
"太子舍人元","1","1","2"
"子舍人元贞","1","1","2"
"慕容绍宗追","1","1","2"
"景退保涡阳","1","1","2"
"使谓绍宗曰","2","0","2"
"裨将斛律光","1","1","2"
"甲士四万人","1","1","2"
"豫州司马徐","1","1","2"
"马徐思玉夜","1","1","2"
"鄱阳王范爲","2","0","2"
"太子左率陆","1","1","2"
"子左率陆验","1","1","2"
"太守刘神茂","1","1","2"
"赏封二千户","1","1","2"
"赏绢布二万","1","1","2"
"中军大都督","1","1","2"
"军大都督王","1","1","2"
"大都督王贵","1","1","2"
"都督王贵显","1","1","2"
"督王贵显守","1","1","2"
"王贵显守寿","1","1","2"
"贵显守寿春","1","1","2"
"显守寿春城","1","1","2"
"助防董绍先","1","1","2"
"太子家令王","1","1","2"
"子家令王质","1","1","2"
"兵三千巡江","1","1","2"
"景进攻历阳","1","1","2"
"淮南太守文","1","1","2"
"南太守文成","1","1","2"
"太守文成侯","1","1","2"
"南津校尉江","1","1","2"
"津校尉江子","1","1","2"
"校尉江子一","1","1","2"
"扬州刺史宣","1","1","2"
"州刺史宣城","1","1","2"
"刺史宣城王","1","1","2"
"都督内外诸","1","1","2"
"督内外诸军","1","1","2"
"内外诸军事","1","1","2"
"都官尚书羊","1","1","2"
"官尚书羊侃","1","1","2"
"推守东府城","1","1","2"
"大春守石头","1","1","2"
"轻车长史谢","1","1","2"
"车长史谢禧","1","1","2"
"长史谢禧守","1","1","2"
"史谢禧守白","1","1","2"
"谢禧守白下","1","1","2"
"中书舍人贺","1","1","2"
"书舍人贺季","1","1","2"
"主书郭宝亮","1","1","2"
"青丝白马寿","1","1","2"
"丝白马寿阳","1","1","2"
"令庾信率兵","1","1","2"
"庾信率兵千","1","1","2"
"纵火烧大司","1","1","2"
"火烧大司马","1","1","2"
"烧东宫台殿","1","1","2"
"人画作秦始","1","1","2"
"画作秦始皇","1","1","2"
"景立萧正德","1","1","2"
"仪同卢晖略","1","1","2"
"同卢晖略率","1","1","2"
"长刀夹城门","1","1","2"
"晖略守东府","1","1","2"
"略守东府城","1","1","2"
"乘马披锦袍","1","1","2"
"仪同范桃棒","1","1","2"
"文德主帅前","1","1","2"
"德主帅前白","1","1","2"
"主帅前白马","1","1","2"
"帅前白马游","1","1","2"
"前白马游军","1","1","2"
"纶率西丰公","1","1","2"
"前谯州刺史","1","1","2"
"谯州刺史赵","1","1","2"
"州刺史赵伯","1","1","2"
"刺史赵伯超","1","1","2"
"武州刺史萧","1","1","2"
"州刺史萧弄","1","1","2"
"刺史萧弄璋","1","1","2"
"步兵校尉尹","1","1","2"
"兵校尉尹思","1","1","2"
"校尉尹思合","1","1","2"
"尉尹思合等","1","1","2"
"尹思合等马","1","1","2"
"思合等马步","1","1","2"
"司马庄丘慧","1","1","2"
"马庄丘慧达","1","1","2"
"将军胡子约","1","1","2"
"太府卿韦黯","1","1","2"
"府卿韦黯守","1","1","2"
"卿韦黯守西","1","1","2"
"韦黯守西土","1","1","2"
"黯守西土山","1","1","2"
"左卫将军柳","1","1","2"
"将军柳津守","1","1","2"
"军柳津守东","1","1","2"
"柳津守东土","1","1","2"
"津守东土山","1","1","2"
"材官将军宋","1","1","2"
"官将军宋嶷","1","1","2"
"将军宋嶷降","1","1","2"
"军宋嶷降贼","1","1","2"
"引玄武湖水","1","1","2"
"玄武湖水灌","1","1","2"
"武湖水灌台","1","1","2"
"湖水灌台城","1","1","2"
"禅灵寺门楼","1","1","2"
"史湘东王绎","2","0","2"
"天门太守樊","1","1","2"
"门太守樊文","1","1","2"
"太守樊文皎","1","1","2"
"仪同宋子仙","1","1","2"
"藏钱帛五十","1","1","2"
"钱帛五十亿","1","1","2"
"帛五十亿万","1","1","2"
"西华门外设","1","1","2"
"华门外设坛","1","1","2"
"侍中上甲乡","1","1","2"
"中上甲乡侯","1","1","2"
"散骑常侍萧","1","1","2"
"右卫将军柳","1","1","2"
"兖州刺史南","1","1","2"
"州刺史南康","1","1","2"
"刺史南康嗣","1","1","2"
"史南康嗣王","1","1","2"
"前青冀二州","1","1","2"
"二州刺史湘","1","1","2"
"州刺史湘潭","1","1","2"
"刺史湘潭侯","1","1","2"
"前信州刺史","1","1","2"
"信州刺史桂","1","1","2"
"记室参军萧","1","1","2"
"室参军萧贲","1","1","2"
"知援军号令","1","1","2"
"太极殿前设","1","1","2"
"极殿前设坛","1","1","2"
"仆射王克等","1","1","2"
"男女十余万","1","1","2"
"甲士五百人","1","1","2"
"景屯兵西州","1","1","2"
"僞仪同陈庆","2","0","2"
"王伟守武德","1","1","2"
"伟守武德殿","1","1","2"
"尚书外兵郎","1","1","2"
"书外兵郎鲍","1","1","2"
"外兵郎鲍正","1","1","2"
"文德主帅邓","1","1","2"
"德主帅邓仲","1","1","2"
"时东扬州刺","1","1","2"
"扬州刺史临","1","1","2"
"州刺史临城","1","1","2"
"刺史临城公","1","1","2"
"吴兴太守张","1","1","2"
"大宝元年正","1","1","2"
"宝元年正月","1","1","2"
"侍卫四百余","1","1","2"
"卫四百余人","1","1","2"
"下屋白纱帽","1","1","2"
"东阳人李瞻","1","1","2"
"泰山等二十","1","1","2"
"山等二十郡","1","1","2"
"景乘胜西上","1","1","2"
"御史中丞宗","1","1","2"
"太尉郭元建","1","1","2"
"皇太子妃降","1","1","2"
"司空刘神茂","1","1","2"
"仪同尹思合","1","1","2"
"改左户尚书","1","1","2"
"前制局监姬","1","1","2"
"制局监姬石","1","1","2"
"局监姬石珍","1","1","2"
"邵陵王记室","1","1","2"
"陵王记室伏","1","1","2"
"王记室伏知","1","1","2"
"记室伏知命","1","1","2"
"太常姬弘正","1","1","2"
"常姬弘正等","1","1","2"
"景祖名乙羽","2","0","2"
"祖名乙羽周","2","0","2"
"景修饰台城","1","1","2"
"荆州天子挺","1","1","2"
"州天子挺应","1","1","2"
"王侯庶姓五","1","1","2"
"侯庶姓五等","1","1","2"
"庶姓五等庙","1","1","2"
"文宣太后庙","1","1","2"
"宣太后庙四","1","1","2"
"太后庙四周","1","1","2"
"后庙四周柏","1","1","2"
"庙四周柏树","1","1","2"
"都官尚书吕","1","1","2"
"官尚书吕季","1","1","2"
"谢答仁攻东","1","1","2"
"答仁攻东阳","1","1","2"
"侯子鉴率步","1","1","2"
"子鉴率步骑","1","1","2"
"景列阵挑战","1","1","2"
"范希荣等百","1","1","2"
"王克开台城","1","1","2"
"克开台城门","1","1","2"
"武州刺史杜","1","1","2"
"图书八万卷","1","1","2"
"大航南岸极","1","1","2"
"航南岸极目","1","1","2"
"援军三十万","1","1","2"
"一千破任约","1","1","2"
"千破任约精","1","1","2"
"前太子舍人","1","1","2"
"太子舍人羊","1","1","2"
"子舍人羊鲲","1","1","2"
"舍人羊鲲杀","1","1","2"
"头插象牙梳","1","1","2"
"昭阳殿廊下","1","1","2"
"汝阴死三湘","1","1","2"
"小人百日天","1","1","2"
"人百日天子","1","1","2"
"辛未年十一","1","1","2"
"未年十一月","1","1","2"
"月十九日篡","1","1","2"
"十九日篡位","1","1","2"
"壬申年三月","1","1","2"
"申年三月十","1","1","2"
"年三月十九","1","1","2"
"月十九日败","1","1","2"
"太医令朱耽","1","1","2"
"弓射景阳山","1","1","2"
"谘议参军李","1","1","2"
"议参军李季","1","1","2"
"参军李季长","1","1","2"
"仪同谢答仁","1","1","2"
"仪同房世贵","1","1","2"
"前尚书左丞","1","1","2"
"尚书左丞虞","1","1","2"
"书左丞虞骘","1","1","2"
"邹阳解献书","1","1","2"
"何惜西江水","1","1","2"
"上五百字诗","1","1","2"
"梁始兴王萧","1","1","2"
"始兴王萧毅","1","1","2"
"陈武帝受禅","1","1","2"
"八郡守宰结","1","1","2"
"郡守宰结盟","1","1","2"
"太守周敷本","1","1","2"
"江州刺史吴","1","1","2"
"高州刺史黄","1","1","2"
"州刺史黄法","1","1","2"
"太守周敷讨","1","1","2"
"文帝遣都督","2","0","2"
"都督程灵洗","1","1","2"
"临川太守骆","1","1","2"
"川太守骆文","1","1","2"
"太守骆文牙","1","1","2"
"晋安太守宾","1","1","2"
"安太守宾化","1","1","2"
"太守宾化侯","1","1","2"
"守宾化侯萧","1","1","2"
"宾化侯萧云","1","1","2"
"宝应娶留异","1","1","2"
"应娶留异女","1","1","2"
"督章昭达破","1","1","2"
"昭达深沟高","1","1","2"
"达深沟高垒","1","1","2"
"扶风太守沈","1","1","2"
"风太守沈田","1","1","2"
"太守沈田子","1","1","2"
"永初元年夏","1","1","2"
"原陵五树杏","1","1","2"
"胡藩字道序","1","1","2"
"张兴世字文","1","1","2"
"兴世字文德","1","1","2"
"孔公一月二","1","1","2"
"公一月二十","1","1","2"
"世人二十九","1","1","2"
"陈郡长平人","1","1","2"
"马齿盐四种","1","1","2"
"何足异枉直","1","1","2"
"周朗字义利","1","1","2"
"汝南安成人","1","1","2"
"泰山南城人","1","1","2"
"文集三十卷","1","1","2"
"法曹行参军","1","1","2"
"吴兴临安人","1","1","2"
"临淮射阳人","1","1","2"
"南阳冠军人","1","1","2"
"孔珪字德璋","1","1","2"
"司空陈霸先","1","1","2"
"改承圣四年","1","1","2"
"中兴元年九","1","1","2"
"兴元年九月","1","1","2"
"元年九月生","1","1","2"
"曹景宗字子","1","1","2"
"景宗字子震","1","1","2"
"乐安博昌人","1","1","2"
"桃花米二十","1","1","2"
"花米二十石","1","1","2"
"江革字休映","1","1","2"
"徐嗣徽乘虚","1","1","2"
"命平北将军","1","1","2"
"率兵援僧辩","1","1","2"
"周文育字景","1","1","2"
"文育字景德","1","1","2"
"义兴阳羡人","1","1","2"
"章昭达字伯","1","1","2"
"昭达字伯通","1","1","2"
"萧摩诃字元","1","1","2"
"摩诃字元胤","1","1","2"
"杜骥字度世","1","1","2"
"京兆杜陵人","1","1","2"
"虞愿字士恭","1","1","2"
"沈瑀字伯瑜","1","1","2"
"卞彬字士蔚","1","1","2"
"济阴冤句人","1","1","2"
"王智深字云","1","1","2"
"智深字云才","1","1","2"
"姚兴指南车","1","1","2"
"吴均字叔庠","1","1","2"
"吴兴故鄣人","1","1","2"
"随仲尼南行","1","1","2"
"会稽永兴人","1","1","2"
"南郡枝江人","1","1","2"
"孔范字法言","1","1","2"
"万余人拒战","1","1","2"
"临川南城人","1","1","2"
"三年十二月","1","1","2"
"二十九年改","1","1","2"
"十九年改封","1","1","2"
"九年改封湘","1","1","2"
"年改封湘东","1","1","2"
"改封湘东王","1","1","2"
"将军张永屯","1","1","2"
"齐太祖高皇","1","1","2"
"太祖高皇帝","1","1","2"
"鳞身甲体永","1","1","2"
"身甲体永兴","1","1","2"
"甲体永兴福","1","1","2"
"上参南斗第","1","1","2"
"参南斗第一","1","1","2"
"南斗第一星","1","1","2"
"凤鸟戢翼朔","1","1","2"
"鸟戢翼朔旦","1","1","2"
"戢翼朔旦鸣","1","1","2"
"抚军大将军","1","1","2"
"军大将军始","1","1","2"
"大将军始安","1","1","2"
"将军始安王","1","1","2"
"五兵尚书崔","1","1","2"
"兵尚书崔慧","1","1","2"
"尚书崔慧景","1","1","2"
"征南将军陈","1","1","2"
"南将军陈显","1","1","2"
"军陈显达相","1","1","2"
"陈显达相续","1","1","2"
"显达相续援","1","1","2"
"永元二年冬","1","1","2"
"军主朱僧勇","1","1","2"
"主朱僧勇归","1","1","2"
"朱僧勇归降","1","1","2"
"吴郡太守蔡","1","1","2"
"郡太守蔡夤","1","1","2"
"太守蔡夤弃","1","1","2"
"守蔡夤弃郡","1","1","2"
"齐帝追赠梁","1","1","2"
"帝追赠梁公","1","1","2"
"追赠梁公夫","1","1","2"
"赠梁公夫人","1","1","2"
"司空司马消","1","1","2"
"空司马消难","1","1","2"
"骠骑萧摩诃","1","1","2"
"镇军将军任","1","1","2"
"军将军任忠","1","1","2"
"吏部尚书姚","1","1","2"
"部尚书姚察","1","1","2"
"侍中中书令","1","1","2"
"中中书令蔡","1","1","2"
"中书令蔡征","1","1","2"
"左卫将军樊","1","1","2"
"卫将军樊猛","1","1","2"
"修容爲九嫔","2","0","2"
"晋陵长公主","1","1","2"
"陵长公主伯","1","1","2"
"长公主伯姒","1","1","2"
"建安长公主","1","1","2"
"安长公主伯","1","1","2"
"长公主伯媛","1","1","2"
"竟陵公国夫","1","1","2"
"陵公国夫人","1","1","2"
"大将军录事","1","1","2"
"将军录事参","1","1","2"
"事参军刘敬","1","1","2"
"参军刘敬文","1","1","2"
"贼曹孔劭秀","1","1","2"
"中兵邢怀明","1","1","2"
"主簿孔胤秀","1","1","2"
"丹阳丞孔文","1","1","2"
"阳丞孔文秀","1","1","2"
"事中郎司马","1","1","2"
"中郎司马亮","1","1","2"
"乌程令盛昙","1","1","2"
"程令盛昙泰","1","1","2"
"韩亡子房奋","1","1","2"
"秦帝鲁连耻","1","1","2"
"忠义感君子","1","1","2"
"宣明体远识","1","1","2"
"穆穆三才顺","1","1","2"
"通远怀清悟","1","1","2"
"槐序候方调","1","1","2"
"加置博士一","1","1","2"
"置博士一人","1","1","2"
"明帝泰始元","1","1","2"
"帝泰始元年","1","1","2"
"吴兴太守王","1","1","2"
"兴太守王昙","1","1","2"
"义兴太守刘","1","1","2"
"兴太守刘延","1","1","2"
"太守刘延熙","1","1","2"
"晋陵太守袁","1","1","2"
"陵太守袁标","1","1","2"
"太守袁标一","1","1","2"
"部尚书王景","1","1","2"
"尚书王景文","1","1","2"
"弘正字思行","1","1","2"
"辖司专疾恶","1","1","2"
"九折多美疹","1","1","2"
"匪报庶良药","1","1","2"
"文学祭酒一","1","1","2"
"学祭酒一人","1","1","2"
"太尉录事参","1","1","2"
"尉录事参军","1","1","2"
"文惠太子葬","1","1","2"
"晋陵南沙县","1","1","2"
"刘休字弘明","1","1","2"
"晋熙王冠军","1","1","2"
"熙王冠军长","1","1","2"
"王冠军长史","1","1","2"
"宁逢五虎入","1","1","2"
"逢五虎入市","1","1","2"
"欲见临贺父","1","1","2"
"见临贺父子","1","1","2"
"天监元年十","1","1","2"
"监元年十一","1","1","2"
"元年十一月","1","1","2"
"回首望荆门","1","1","2"
"三声悲夜猿","1","1","2"
"水长二江急","1","1","2"
"云生三峡昏","1","1","2"
"愿贳淮南罪","1","1","2"
"思报阜陵恩","1","1","2"
"攻陷南阳等","1","1","2"
"陷南阳等五","1","1","2"
"南阳等五郡","1","1","2"
"封增城县男","1","1","2"
"文集十五卷","1","1","2"
"封临沮县伯","1","1","2"
"旧学士右军","1","1","2"
"学士右军记","1","1","2"
"士右军记室","1","1","2"
"右军记室参","1","1","2"
"记室参军明","1","1","2"
"室参军明山","1","1","2"
"参军明山宾","1","1","2"
"军明山宾掌","1","1","2"
"中军骑兵参","1","1","2"
"军骑兵参军","1","1","2"
"骑兵参军严","1","1","2"
"兵参军严植","1","1","2"
"征虏记室参","1","1","2"
"虏记室参军","1","1","2"
"记室参军陆","1","1","2"
"室参军陆琏","1","1","2"
"参军陆琏掌","1","1","2"
"右军参军事","1","1","2"
"军参军事司","1","1","2"
"参军事司马","1","1","2"
"尚书右丞何","1","1","2"
"书右丞何佟","1","1","2"
"封绥建郡公","1","1","2"
"北地灵州人","1","1","2"
"仁威淮南王","1","1","2"
"平南建安王","1","1","2"
"南建安王二","1","1","2"
"建安王二府","1","1","2"
"安王二府谘","1","1","2"
"王二府谘议","1","1","2"
"二府谘议参","1","1","2"
"吏部二尚书","1","1","2"
"衡阳王府法","1","1","2"
"阳王府法曹","1","1","2"
"王府法曹参","1","1","2"
"府法曹参军","1","1","2"
"会稽王主簿","1","1","2"
"建平秭归人","1","1","2"
"青州刺史皇","1","1","2"
"州刺史皇象","1","1","2"
"迟点缀映媚","1","1","2"
"似落花依草","1","1","2"
"复驾言兮焉","1","1","2"
"驾言兮焉求","1","1","2"
"寓形宇内复","1","1","2"
"乐夫天命复","1","1","2"
"夫天命复奚","1","1","2"
"天命复奚疑","1","1","2"
"太子旅贲中","1","1","2"
"子旅贲中郎","1","1","2"
"旅贲中郎将","1","1","2"
"补东海国侍","1","1","2"
"东海国侍郎","1","1","2"
"陵王司徒中","1","1","2"
"王司徒中兵","1","1","2"
"司徒中兵参","1","1","2"
"徒中兵参军","1","1","2"
"太史令骆文","1","1","2"
"史令骆文叔","1","1","2"
"大巫朱光尚","1","1","2"
"袁系世等十","1","1","2"
"系世等十人","1","1","2"
"功曹区连杀","1","1","2"
"曹区连杀县","1","1","2"
"区连杀县令","1","1","2"
"大月支东南","1","1","2"
"月支东南数","1","1","2"
"支东南数千","1","1","2"
"东南数千里","1","1","2"
"晋安帝义熙","1","1","2"
"安帝义熙九","1","1","2"
"帝义熙九年","1","1","2"
"高丽王高琏","1","1","2"
"遣长史高翼","1","1","2"
"都督营州诸","1","1","2"
"督营州诸军","1","1","2"
"营州诸军事","1","1","2"
"秦韩慕韩七","1","1","2"
"韩慕韩七国","1","1","2"
"慕韩七国诸","1","1","2"
"韩七国诸军","1","1","2"
"七国诸军事","1","1","2"
"都督瓜州刺","1","1","2"
"督瓜州刺史","1","1","2"
"池生珊瑚树","1","1","2"
"烧城西马厩","1","1","2"
"衡州刺史韦","1","1","2"
"州刺史韦粲","1","1","2"
"南陵太守陈","1","1","2"
"陵太守陈文","1","1","2"
"太守陈文彻","1","1","2"
"宣猛将军李","1","1","2"
"猛将军李孝","1","1","2"
"将军李孝钦","1","1","2"
"军李孝钦等","1","1","2"
"太极殿前作","1","1","2"
"极殿前作虎","1","1","2"
"殿前作虎视","1","1","2"
"旧债不再收","0","2","2"
"债不再收缴","0","2","2"
"帝还是没有","0","2","2"
"因此对他非","0","2","2"
"此对他非常","0","2","2"
"对他非常称","0","2","2"
"他非常称赞","0","2","2"
"终没有什么","0","2","2"
"了他们的意","0","2","2"
"正直的言论","0","2","2"
"于是便把他","0","2","2"
"是便把他的","0","2","2"
"如果一定要","0","2","2"
"被任用罢了","0","2","2"
"谈论的人都","0","2","2"
"的人都觉得","0","2","2"
"到现在也被","0","2","2"
"武帝慰劳他","0","2","2"
"帝慰劳他说","0","2","2"
"人们的称赞","0","2","2"
"讨伐的檄文","0","2","2"
"他们的计谋","0","2","2"
"遭到了生母","0","2","2"
"到了生母的","0","2","2"
"了生母的丧","0","2","2"
"生母的丧事","0","2","2"
"褚彦回没有","0","2","2"
"没有人敢说","0","2","2"
"有人敢说话","0","2","2"
"皇上答复说","0","2","2"
"终于没有答","0","2","2"
"于没有答应","0","2","2"
"的人们把这","0","2","2"
"下的官员们","0","2","2"
"全身都热了","0","2","2"
"样地受到亲","0","2","2"
"纳了他的意","0","2","2"
"我本来没有","0","2","2"
"没有这回事","0","2","2"
"得变了脸色","0","2","2"
"藏的是兵器","0","2","2"
"直到夜里才","0","2","2"
"武帝又下诏","0","2","2"
"他从宗族的","0","2","2"
"从宗族的名","0","2","2"
"宗族的名册","0","2","2"
"族的名册中","0","2","2"
"对他的妻子","0","2","2"
"子宽大处理","0","2","2"
"的所作所为","0","2","2"
"就在座位上","0","2","2"
"都是由圆照","0","2","2"
"武帝派人去","0","2","2"
"的盔甲兵器","0","2","2"
"于是就杀了","0","2","2"
"认为他很义","0","2","2"
"为他很义气","0","2","2"
"好吃的东西","0","2","2"
"他的人很多","0","2","2"
"应该赶快回","0","2","2"
"他所到之处","0","2","2"
"笑着对他说","0","2","2"
"的书信中说","0","2","2"
"就是指的这","0","2","2"
"曾有一次在","0","2","2"
"在宫中值班","0","2","2"
"一半送给他","0","2","2"
"在他的门下","0","2","2"
"大举进攻北","0","2","2"
"自从负责选","0","2","2"
"选拔人才的","0","2","2"
"武帝让有关","0","2","2"
"帝让有关官","0","2","2"
"让有关官员","0","2","2"
"堆得满满的","0","2","2"
"来傲视别人","0","2","2"
"侯景之乱被","0","2","2"
"不久他母亲","0","2","2"
"久他母亲去","0","2","2"
"他母亲去世","0","2","2"
"过了一会儿","0","2","2"
"民众都十分","0","2","2"
"元帝萧绎作","0","2","2"
"从早晨到中","0","2","2"
"早晨到中午","0","2","2"
"他睡觉的时","0","2","2"
"人上奏朝廷","0","2","2"
"意随声附和","0","2","2"
"宠幸的小人","0","2","2"
"赋税和徭役","0","2","2"
"宋孝武帝即","0","2","2"
"都说这是他","0","2","2"
"说这是他的","0","2","2"
"的越来越多","0","2","2"
"武帝下诏把","0","2","2"
"已经是这样","0","2","2"
"这样过一辈","0","2","2"
"样过一辈子","0","2","2"
"碰上这种事","0","2","2"
"像以前一样","0","2","2"
"到吏部尚书","0","2","2"
"自言自语说","0","2","2"
"请求不要与","0","2","2"
"求不要与魏","0","2","2"
"武帝听说后","0","2","2"
"像他说的那","0","2","2"
"他说的那样","0","2","2"
"到齐国去了","0","2","2"
"会有今天的","0","2","2"
"身高七尺六","0","2","2"
"高七尺六寸","0","2","2"
"侍奉继母以","0","2","2"
"奉继母以孝","0","2","2"
"以孝顺闻名","0","2","2"
"曾经和他一","0","2","2"
"时的人都不","0","2","2"
"的人都不能","0","2","2"
"用自己的钱","0","2","2"
"穿着青色的","0","2","2"
"着青色的衣","0","2","2"
"青色的衣服","0","2","2"
"恐怕就是您","0","2","2"
"怕就是您了","0","2","2"
"就是您了吧","0","2","2"
"忽然不见了","0","2","2"
"起初他担任","0","2","2"
"参谋府中军","0","2","2"
"谋府中军事","0","2","2"
"与几十个人","0","2","2"
"几十个人一","0","2","2"
"杀伤了很多","0","2","2"
"的儿子刘敬","0","2","2"
"儿子刘敬宣","0","2","2"
"骑兵一齐来","0","2","2"
"兵一齐来到","0","2","2"
"原来的地方","0","2","2"
"让身边的人","0","2","2"
"身边的人们","0","2","2"
"为会稽内史","0","2","2"
"为中兵参军","0","2","2"
"其余的兵众","0","2","2"
"的兵众推举","0","2","2"
"担任青州刺","0","2","2"
"的中兵参军","0","2","2"
"二月二十七","0","2","2"
"愿意随从的","0","2","2"
"头对他们说","0","2","2"
"担任竟陵太","0","2","2"
"任竟陵太守","0","2","2"
"已经知道了","0","2","2"
"知道了他们","0","2","2"
"道了他们的","0","2","2"
"把情况告诉","0","2","2"
"情况告诉了","0","2","2"
"身边的人见","0","2","2"
"家里没有一","0","2","2"
"有一千多人","0","2","2"
"武帝亲自拿","0","2","2"
"帝亲自拿着","0","2","2"
"准备好船只","0","2","2"
"的各级官员","0","2","2"
"派遣各路将","0","2","2"
"帝坚决推辞","0","2","2"
"担任录尚书","0","2","2"
"任录尚书事","0","2","2"
"当时诸葛长","0","2","2"
"武陵王司马","0","2","2"
"陵王司马遵","0","2","2"
"无罪而被杀","0","2","2"
"罪而被杀死","0","2","2"
"胜过自己的","0","2","2"
"过自己的人","0","2","2"
"了他的职位","0","2","2"
"卫士一百人","0","2","2"
"士一百人进","0","2","2"
"三月十三日","0","2","2"
"诏令晋升武","0","2","2"
"令晋升武帝","0","2","2"
"刺史吴隐之","0","2","2"
"匡复晋朝的","0","2","2"
"复晋朝的功","0","2","2"
"晋朝的功勋","0","2","2"
"食邑一万户","0","2","2"
"武帝上表请","0","2","2"
"并不是这样","0","2","2"
"询问其中的","0","2","2"
"问其中的缘","0","2","2"
"其中的缘故","0","2","2"
"获得了他的","0","2","2"
"攻克了广固","0","2","2"
"内的人无不","0","2","2"
"于是便请求","0","2","2"
"越过城墙逃","0","2","2"
"过城墙逃走","0","2","2"
"的街市上将","0","2","2"
"街市上将他","0","2","2"
"市上将他斩","0","2","2"
"王公以下官","0","2","2"
"公以下官员","0","2","2"
"还没有到达","0","2","2"
"如果不是这","0","2","2"
"果不是这样","0","2","2"
"征讨慕容超","0","2","2"
"上表给天子","0","2","2"
"停泊在蔡洲","0","2","2"
"帝登上石头","0","2","2"
"上石头城远","0","2","2"
"石头城远望","0","2","2"
"派遣辅国将","0","2","2"
"刺史刘道轨","0","2","2"
"军沿江而下","0","2","2"
"令各路军队","0","2","2"
"所到之处无","0","2","2"
"到之处无不","0","2","2"
"们全部烧毁","0","2","2"
"是必定无疑","0","2","2"
"必定无疑的","0","2","2"
"一条船逃走","0","2","2"
"原来的官职","0","2","2"
"自从晋朝中","0","2","2"
"罢免了会稽","0","2","2"
"史司马休之","0","2","2"
"晋安帝重申","0","2","2"
"接受了任命","0","2","2"
"与尚书仆射","0","2","2"
"去镇守江陵","0","2","2"
"上表请求让","0","2","2"
"葛长人监管","0","2","2"
"尉留府事务","0","2","2"
"阳尹刘穆之","0","2","2"
"为建威将军","0","2","2"
"从建邺出发","0","2","2"
"武帝到了江","0","2","2"
"帝晋升武帝","0","2","2"
"武帝从江陵","0","2","2"
"诸葛长人对","0","2","2"
"葛长人对他","0","2","2"
"武帝秘密命","0","2","2"
"帝秘密命令","0","2","2"
"命令身边的","0","2","2"
"兼任镇西将","0","2","2"
"把他的人头","0","2","2"
"人头传送到","0","2","2"
"传送到建邺","0","2","2"
"重申以前的","0","2","2"
"到荆州刺史","0","2","2"
"马休之的儿","0","2","2"
"休之的儿子","0","2","2"
"之的儿子司","0","2","2"
"司马休之上","0","2","2"
"马休之上表","0","2","2"
"一并赐命自","0","2","2"
"并赐命自杀","0","2","2"
"任荆州刺史","0","2","2"
"中军将军刘","0","2","2"
"军将军刘道","0","2","2"
"留府的事务","0","2","2"
"之上表自我","0","2","2"
"的录事参军","0","2","2"
"是一种耻辱","0","2","2"
"给将士们看","0","2","2"
"的军队溃败","0","2","2"
"兼任南蛮校","0","2","2"
"剑穿履朝见","0","2","2"
"穿履朝见皇","0","2","2"
"履朝见皇帝","0","2","2"
"从事中郎四","0","2","2"
"八月十三日","0","2","2"
"四月十八日","0","2","2"
"加职兼任北","0","2","2"
"加班剑为四","0","2","2"
"班剑为四十","0","2","2"
"剑为四十人","0","2","2"
"八月十二日","0","2","2"
"率领大军进","0","2","2"
"武帝到了彭","0","2","2"
"帝到了彭城","0","2","2"
"地位在诸侯","0","2","2"
"位在诸侯王","0","2","2"
"追赠武帝的","0","2","2"
"赠武帝的祖","0","2","2"
"武帝的祖父","0","2","2"
"帝的祖父为","0","2","2"
"让不肯接受","0","2","2"
"等人的军队","0","2","2"
"水军从黄河","0","2","2"
"军从黄河进","0","2","2"
"从黄河进入","0","2","2"
"黄河进入渭","0","2","2"
"河进入渭河","0","2","2"
"武帝打算在","0","2","2"
"刘穆之去世","0","2","2"
"刘义真为雍","0","2","2"
"义真为雍州","0","2","2"
"真为雍州刺","0","2","2"
"年正月二十","0","2","2"
"正月二十六","0","2","2"
"下令赦免国","0","2","2"
"令赦免国内","0","2","2"
"赦免国内死","0","2","2"
"免国内死刑","0","2","2"
"国内死刑以","0","2","2"
"内死刑以下","0","2","2"
"死刑以下的","0","2","2"
"杀死了安西","0","2","2"
"自己一人逃","0","2","2"
"和朱龄石都","0","2","2"
"征武帝入朝","0","2","2"
"把他的爵位","0","2","2"
"才接受了命","0","2","2"
"帝命令武帝","0","2","2"
"命令武帝的","0","2","2"
"令武帝的冕","0","2","2"
"武帝的冕冠","0","2","2"
"的冕冠可以","0","2","2"
"冕冠可以有","0","2","2"
"冠可以有十","0","2","2"
"可以有十二","0","2","2"
"以有十二个","0","2","2"
"有十二个玉","0","2","2"
"立天子的旌","0","2","2"
"驾车用六匹","0","2","2"
"车用六匹马","0","2","2"
"具备五时副","0","2","2"
"悬挂在宫中","0","2","2"
"世子为太子","0","2","2"
"王孙的爵位","0","2","2"
"完全和旧时","0","2","2"
"和旧时的规","0","2","2"
"旧时的规制","0","2","2"
"时的规制一","0","2","2"
"的规制一样","0","2","2"
"武帝把它们","0","2","2"
"今天的事情","0","2","2"
"檀道济虽然","0","2","2"
"武士一千人","0","2","2"
"当时年龄六","0","2","2"
"时年龄六十","0","2","2"
"月二十五日","0","2","2"
"埋葬在丹阳","0","2","2"
"生活简单朴","0","2","2"
"活简单朴素","0","2","2"
"都忙不过来","0","2","2"
"州曾经贡献","0","2","2"
"皇上非常高","0","2","2"
"上非常高兴","0","2","2"
"关部门弹劾","0","2","2"
"于是叹息说","0","2","2"
"当时徐羡之","0","2","2"
"到了孝武帝","0","2","2"
"武帝大明年","0","2","2"
"帝大明年间","0","2","2"
"武帝所住的","0","2","2"
"废帝身边的","0","2","2"
"的直阁将军","0","2","2"
"凡是各种事","0","2","2"
"各种事情都","0","2","2"
"担任中书监","0","2","2"
"安陆王刘子","0","2","2"
"陆王刘子绥","0","2","2"
"十二月十三","0","2","2"
"二月十三日","0","2","2"
"帝在太极前","0","2","2"
"极前殿即位","0","2","2"
"的才学之士","0","2","2"
"有很多忌讳","0","2","2"
"脸色一变说","0","2","2"
"感到不能自","0","2","2"
"朝廷内外的","0","2","2"
"廷内外的各","0","2","2"
"是明帝的长","0","2","2"
"共同辅佐朝","0","2","2"
"同辅佐朝政","0","2","2"
"尊皇后为皇","0","2","2"
"的七月初六","0","2","2"
"贵妃为皇太","0","2","2"
"魏国人前来","0","2","2"
"国人前来聘","0","2","2"
"人前来聘问","0","2","2"
"秋季的八月","0","2","2"
"的儿子刘伯","0","2","2"
"的十二月初","0","2","2"
"为始安县王","0","2","2"
"史桂阳王刘","0","2","2"
"中领军刘面","0","2","2"
"出兵屯驻在","0","2","2"
"张永在白下","0","2","2"
"典签茅恬打","0","2","2"
"签茅恬打开","0","2","2"
"大门把贼军","0","2","2"
"门把贼军放","0","2","2"
"把贼军放入","0","2","2"
"屯驻在中堂","0","2","2"
"打败了敌军","0","2","2"
"史建平王刘","0","2","2"
"季的七月十","0","2","2"
"任命袁粲为","0","2","2"
"的十一月十","0","2","2"
"三年春天的","0","2","2"
"升称号为车","0","2","2"
"称号为车骑","0","2","2"
"京城内外戒","0","2","2"
"城内外戒严","0","2","2"
"年龄十五岁","0","2","2"
"出生的那天","0","2","2"
"帝梦见有人","0","2","2"
"社会上的人","0","2","2"
"的女子私通","0","2","2"
"委任和信赖","0","2","2"
"领军将军萧","0","2","2"
"直阁将军王","0","2","2"
"阁将军王敬","0","2","2"
"马在前面走","0","2","2"
"张五儿的马","0","2","2"
"他与身边的","0","2","2"
"刀把他杀死","0","2","2"
"淮阴令萧整","0","2","2"
"高帝的父亲","0","2","2"
"任南泰山太","0","2","2"
"山建立了一","0","2","2"
"建立了一所","0","2","2"
"人们都佩服","0","2","2"
"们都佩服他","0","2","2"
"佩服他的英","0","2","2"
"宋明帝即位","0","2","2"
"寻阳王刘子","0","2","2"
"阳王刘子房","0","2","2"
"王刘子房和","0","2","2"
"帝为辅国将","0","2","2"
"薛安都占据","0","2","2"
"史晋安王刘","0","2","2"
"时朝廷的军","0","2","2"
"任命为桂阳","0","2","2"
"命为桂阳王","0","2","2"
"为桂阳王征","0","2","2"
"帝穿着军服","0","2","2"
"在寻阳起兵","0","2","2"
"们没有防备","0","2","2"
"没有防备的","0","2","2"
"其余的人都","0","2","2"
"脸色严肃地","0","2","2"
"色严肃地说","0","2","2"
"身穿白衣服","0","2","2"
"赠给乐队一","0","2","2"
"宁朔将军高","0","2","2"
"箭和石头一","0","2","2"
"临终遗命的","0","2","2"
"在南冈下面","0","2","2"
"他们的尸体","0","2","2"
"帝神色不变","0","2","2"
"把弓扔在地","0","2","2"
"自我保全的","0","2","2"
"事情平定了","0","2","2"
"高帝的威名","0","2","2"
"高帝住在领","0","2","2"
"帝住在领军","0","2","2"
"住在领军府","0","2","2"
"苍梧王亲自","0","2","2"
"与直阁将军","0","2","2"
"王敬则驰马","0","2","2"
"到了领军府","0","2","2"
"情况报告了","0","2","2"
"光着脚跑出","0","2","2"
"平时所骑的","0","2","2"
"里的人都很","0","2","2"
"聚集在西钟","0","2","2"
"王敬则于是","0","2","2"
"刘彦节等人","0","2","2"
"可以带武装","0","2","2"
"高帝坚持辞","0","2","2"
"太后哥哥的","0","2","2"
"后哥哥的儿","0","2","2"
"遭到母亲的","0","2","2"
"前往石头城","0","2","2"
"袁粲声称有","0","2","2"
"粲声称有病","0","2","2"
"称有病不见","0","2","2"
"阳丞王逊宣","0","2","2"
"丞王逊宣告","0","2","2"
"王逊宣告叛","0","2","2"
"逊宣告叛变","0","2","2"
"节的堂弟领","0","2","2"
"的堂弟领军","0","2","2"
"进攻石头城","0","2","2"
"门已经关闭","0","2","2"
"到了高帝辅","0","2","2"
"入朝不必趋","0","2","2"
"朝不必趋步","0","2","2"
"拖欠的债务","0","2","2"
"卫士五百人","0","2","2"
"重申前次的","0","2","2"
"申前次的命","0","2","2"
"前次的命令","0","2","2"
"入朝不用趋","0","2","2"
"朝不用趋步","0","2","2"
"封给他十个","0","2","2"
"给他十个郡","0","2","2"
"赠给远游冠","0","2","2"
"以豫州的南","0","2","2"
"和原来一样","0","2","2"
"到东面的府","0","2","2"
"东面的府邸","0","2","2"
"祥瑞的征兆","0","2","2"
"元年夏季的","0","2","2"
"皇帝在南郊","0","2","2"
"帝在南郊即","0","2","2"
"在南郊即位","0","2","2"
"到太极前殿","0","2","2"
"独不能自己","0","2","2"
"以前的登记","0","2","2"
"特别加以宽","0","2","2"
"别加以宽大","0","2","2"
"衣服的颜色","0","2","2"
"追尊已故的","0","2","2"
"南国派遣使","0","2","2"
"朝末年以来","0","2","2"
"的七月初七","0","2","2"
"因为特殊情","0","2","2"
"为特殊情况","0","2","2"
"褚彦回为司","0","2","2"
"彦回为司徒","0","2","2"
"任命尚书右","0","2","2"
"命尚书右仆","0","2","2"
"仆射王俭为","0","2","2"
"为镇东大将","0","2","2"
"的四月初一","0","2","2"
"季的九月初","0","2","2"
"章王萧嶷为","0","2","2"
"了南蛮校尉","0","2","2"
"高丽国派遣","0","2","2"
"丽国派遣使","0","2","2"
"四年春季的","0","2","2"
"以前拖欠的","0","2","2"
"年少时就有","0","2","2"
"时就有宏大","0","2","2"
"就有宏大的","0","2","2"
"有宏大的器","0","2","2"
"宏大的器量","0","2","2"
"喜怒不表现","0","2","2"
"怒不表现在","0","2","2"
"不表现在脸","0","2","2"
"表现在脸上","0","2","2"
"于草书和隶","0","2","2"
"草书和隶书","0","2","2"
"我治理天下","0","2","2"
"七岁的时候","0","2","2"
"看墓地风水","0","2","2"
"墓地风水的","0","2","2"
"明帝的心意","0","2","2"
"怀着忧虑和","0","2","2"
"着忧虑和恐","0","2","2"
"忧虑和恐惧","0","2","2"
"不要有什么","0","2","2"
"元旦朝见群","0","2","2"
"旦朝见群臣","0","2","2"
"朝见群臣的","0","2","2"
"梦见高帝乘","0","2","2"
"一口沸水井","0","2","2"
"这个月的二","0","2","2"
"个月的二十","0","2","2"
"宴会的地方","0","2","2"
"后来担任广","0","2","2"
"调任晋熙王","0","2","2"
"这真是我的","0","2","2"
"一部分军队","0","2","2"
"封为闻喜县","0","2","2"
"担任尚书仆","0","2","2"
"配备油络车","0","2","2"
"封为皇太子","0","2","2"
"褚彦回为录","0","2","2"
"彦回为录尚","0","2","2"
"回为录尚书","0","2","2"
"将军张敬儿","0","2","2"
"天进宫哭吊","0","2","2"
"进宫哭吊一","0","2","2"
"宫哭吊一次","0","2","2"
"文惠太子的","0","2","2"
"年十一月初","0","2","2"
"十一月初七","0","2","2"
"文惠太子去","0","2","2"
"惠太子去世","0","2","2"
"皇太孙继承","0","2","2"
"八月十一日","0","2","2"
"王萧子良兼","0","2","2"
"萧子良兼任","0","2","2"
"妃为皇太后","0","2","2"
"十一月初十","0","2","2"
"傅竟陵王萧","0","2","2"
"享受特殊礼","0","2","2"
"军西昌侯萧","0","2","2"
"昌侯萧鸾依","0","2","2"
"侯萧鸾依凭","0","2","2"
"萧鸾依凭本","0","2","2"
"阳王萧锵为","0","2","2"
"二月十六日","0","2","2"
"任命骠骑将","0","2","2"
"命骠骑将军","0","2","2"
"庐陵王萧子","0","2","2"
"陵王萧子卿","0","2","2"
"王萧子卿为","0","2","2"
"有很好的声","0","2","2"
"很好的声誉","0","2","2"
"子二十余人","0","2","2"
"他的妃子何","0","2","2"
"的妃子何氏","0","2","2"
"后来竟陵王","0","2","2"
"那些失意的","0","2","2"
"些失意的小","0","2","2"
"失意的小人","0","2","2"
"的官署中去","0","2","2"
"他们的官职","0","2","2"
"被立为皇太","0","2","2"
"认为是由于","0","2","2"
"社会上流传","0","2","2"
"帝因此认为","0","2","2"
"从马上摔下","0","2","2"
"马上摔下来","0","2","2"
"中的大小事","0","2","2"
"的大小事情","0","2","2"
"大多不被采","0","2","2"
"多不被采纳","0","2","2"
"一百几十万","0","2","2"
"直阁将军曹","0","2","2"
"阁将军曹道","0","2","2"
"才停了下来","0","2","2"
"的各个房门","0","2","2"
"不大一会儿","0","2","2"
"太子就死了","0","2","2"
"军晋安王萧","0","2","2"
"江礻石轮流","0","2","2"
"礻石轮流在","0","2","2"
"魏国的孝文","0","2","2"
"国的孝文帝","0","2","2"
"右仆射江礻","0","2","2"
"诏令因特殊","0","2","2"
"令因特殊情","0","2","2"
"特殊情况赦","0","2","2"
"殊情况赦免","0","2","2"
"派遣领军将","0","2","2"
"遣领军将军","0","2","2"
"将军萧坦之","0","2","2"
"把人头传送","0","2","2"
"领军萧坦之","0","2","2"
"而实行大赦","0","2","2"
"季的十月二","0","2","2"
"的十月二十","0","2","2"
"死了尚书令","0","2","2"
"任命侍中王","0","2","2"
"十一月十五","0","2","2"
"一月十五日","0","2","2"
"率各路军队","0","2","2"
"中领军王莹","0","2","2"
"军王莹率领","0","2","2"
"王莹率领众","0","2","2"
"萧懿为尚书","0","2","2"
"况而赦免京","0","2","2"
"而赦免京城","0","2","2"
"赦免京城以","0","2","2"
"免京城以及","0","2","2"
"京城以及南","0","2","2"
"城以及南徐","0","2","2"
"任命新上任","0","2","2"
"命新上任的","0","2","2"
"十一月十八","0","2","2"
"一月十八日","0","2","2"
"三月十一日","0","2","2"
"在江陵即皇","0","2","2"
"江陵即皇帝","0","2","2"
"陵即皇帝位","0","2","2"
"将军陈伯之","0","2","2"
"从姑熟逃归","0","2","2"
"萧衍的军队","0","2","2"
"十二月初六","0","2","2"
"新任命的雍","0","2","2"
"任命的雍州","0","2","2"
"命的雍州刺","0","2","2"
"的雍州刺史","0","2","2"
"当时年龄是","0","2","2"
"时年龄是十","0","2","2"
"太监王宝孙","0","2","2"
"王萧遥光被","0","2","2"
"萧遥光被处","0","2","2"
"遥光被处死","0","2","2"
"被处死以后","0","2","2"
"让身边的几","0","2","2"
"侯以下的官","0","2","2"
"骑马跟在后","0","2","2"
"马跟在后面","0","2","2"
"左右的随从","0","2","2"
"等各种宝物","0","2","2"
"后来终于成","0","2","2"
"来终于成为","0","2","2"
"士子和平民","0","2","2"
"了他的面容","0","2","2"
"在朱雀航南","0","2","2"
"皇帝的仪仗","0","2","2"
"的人们把他","0","2","2"
"已经关闭了","0","2","2"
"有什么异常","0","2","2"
"在上面行走","0","2","2"
"南徐二州的","0","2","2"
"明帝的时候","0","2","2"
"对茹法珍说","0","2","2"
"在华光殿设","0","2","2"
"像平常一样","0","2","2"
"应该全部杀","0","2","2"
"该全部杀掉","0","2","2"
"答应了他们","0","2","2"
"的母亲张氏","0","2","2"
"生下来就有","0","2","2"
"下来就有一","0","2","2"
"三十岁以内","0","2","2"
"王萧子良开","0","2","2"
"镇西咨议参","0","2","2"
"西咨议参军","0","2","2"
"有一个老人","0","2","2"
"天下正在大","0","2","2"
"下正在大乱","0","2","2"
"问他的姓名","0","2","2"
"因为父亲去","0","2","2"
"为父亲去世","0","2","2"
"武帝生了病","0","2","2"
"立萧子良为","0","2","2"
"萧子良为皇","0","2","2"
"子良为皇帝","0","2","2"
"当时齐明帝","0","2","2"
"齐明帝打算","0","2","2"
"显要的职位","0","2","2"
"的态度对待","0","2","2"
"是齐武帝的","0","2","2"
"武帝的旧臣","0","2","2"
"实际上是防","0","2","2"
"实际上就是","0","2","2"
"武帝被任命","0","2","2"
"帝被任命为","0","2","2"
"派遣左卫将","0","2","2"
"之间的矛盾","0","2","2"
"军中下令说","0","2","2"
"了司州刺史","0","2","2"
"帝常常称赞","0","2","2"
"亲自率领大","0","2","2"
"自率领大军","0","2","2"
"武帝的心腹","0","2","2"
"皇后的弟弟","0","2","2"
"武帝为都督","0","2","2"
"舍人王口亘","0","2","2"
"人王口亘之","0","2","2"
"王口亘之等","0","2","2"
"武帝对张弘","0","2","2"
"帝对张弘策","0","2","2"
"所住的斋房","0","2","2"
"武帝秘密地","0","2","2"
"武帝知道他","0","2","2"
"武帝对咨议","0","2","2"
"帝对咨议参","0","2","2"
"对咨议参军","0","2","2"
"把他杀死在","0","2","2"
"武帝从襄阳","0","2","2"
"武帝命令王","0","2","2"
"帝命令王茂","0","2","2"
"就可以平定","0","2","2"
"有十之七八","0","2","2"
"军队屯驻在","0","2","2"
"所乘的舰船","0","2","2"
"派遣征虏将","0","2","2"
"上把他捉住","0","2","2"
"驻扎在新林","0","2","2"
"有十余万人","0","2","2"
"向他们进攻","0","2","2"
"可以称作是","0","2","2"
"景镇守广陵","0","2","2"
"辅国将军萧","0","2","2"
"秉承皇帝意","0","2","2"
"承皇帝意旨","0","2","2"
"皇帝意旨的","0","2","2"
"凤凰聚集在","0","2","2"
"用这种办法","0","2","2"
"后临朝听政","0","2","2"
"仍然像以前","0","2","2"
"赞拜不用报","0","2","2"
"拜不用报名","0","2","2"
"和先前一样","0","2","2"
"给谷物五斛","0","2","2"
"老不能自己","0","2","2"
"升封号为车","0","2","2"
"封号为车骑","0","2","2"
"以新任命的","0","2","2"
"尚书省长官","0","2","2"
"时代的旧制","0","2","2"
"陵墓叫修陵","0","2","2"
"刺史陈伯之","0","2","2"
"诏令不予接","0","2","2"
"令不予接受","0","2","2"
"天下做父亲","0","2","2"
"下做父亲较","0","2","2"
"较晚的人爵","0","2","2"
"文皇帝名叫","0","2","2"
"武帝的第三","0","2","2"
"帝的第三个","0","2","2"
"回来的时候","0","2","2"
"五月二十七","0","2","2"
"王萧大器为","0","2","2"
"大器为皇太","0","2","2"
"器为皇太子","0","2","2"
"当阳公萧大","0","2","2"
"石城公萧大","0","2","2"
"城公萧大款","0","2","2"
"新淦公萧大","0","2","2"
"淦公萧大成","0","2","2"
"空南康王萧","0","2","2"
"的有十分之","0","2","2"
"任命尚书仆","0","2","2"
"命尚书仆射","0","2","2"
"季的五月初","0","2","2"
"八月十七日","0","2","2"
"王萧绎派遣","0","2","2"
"升职位为相","0","2","2"
"到了安陆的","0","2","2"
"皇太子萧大","0","2","2"
"改换年号为","0","2","2"
"当时年龄四","0","2","2"
"然而简文帝","0","2","2"
"一起流行在","0","2","2"
"起流行在世","0","2","2"
"到南康王萧","0","2","2"
"知道自己将","0","2","2"
"便把这事告","0","2","2"
"把这事告诉","0","2","2"
"这事告诉了","0","2","2"
"第七个儿子","0","2","2"
"被封为湘东","0","2","2"
"封为湘东王","0","2","2"
"太清三年三","0","2","2"
"清三年三月","0","2","2"
"等写信请求","0","2","2"
"写信请求元","0","2","2"
"信请求元帝","0","2","2"
"拒绝服从命","0","2","2"
"绝服从命令","0","2","2"
"上甲侯萧韶","0","2","2"
"史岳阳王萧","0","2","2"
"他的部将杜","0","2","2"
"后来简文帝","0","2","2"
"来简文帝即","0","2","2"
"没有接受任","0","2","2"
"了不幸的消","0","2","2"
"不幸的消息","0","2","2"
"帝逝世的消","0","2","2"
"逝世的消息","0","2","2"
"史南平王萧","0","2","2"
"任约的军队","0","2","2"
"僧辩为征东","0","2","2"
"辩为征东将","0","2","2"
"贼军将领宋","0","2","2"
"军将领宋子","0","2","2"
"领宋子仙等","0","2","2"
"上呈奏表劝","0","2","2"
"呈奏表劝即","0","2","2"
"奏表劝即帝","0","2","2"
"百官都穿着","0","2","2"
"的各路军队","0","2","2"
"王僧辩等人","0","2","2"
"陵王萧纪在","0","2","2"
"又上表请求","0","2","2"
"派遣将领杜","0","2","2"
"将军陆法和","0","2","2"
"为平北将军","0","2","2"
"为文宣太后","0","2","2"
"仆射王褒为","0","2","2"
"宰相安定公","0","2","2"
"公主的衣库","0","2","2"
"令有关部门","0","2","2"
"僧辩为太尉","0","2","2"
"的车驾出行","0","2","2"
"都穿着军服","0","2","2"
"十一月初二","0","2","2"
"有流星坠落","0","2","2"
"长孙俭便把","0","2","2"
"孙俭便把元","0","2","2"
"俭便把元帝","0","2","2"
"五六岁的时","0","2","2"
"帝曾经问他","0","2","2"
"自己的想法","0","2","2"
"做荆州刺史","0","2","2"
"设置儒林参","0","2","2"
"劝学从事二","0","2","2"
"学从事二人","0","2","2"
"时的人们称","0","2","2"
"了御史中丞","0","2","2"
"陵平定以后","0","2","2"
"都是楚地人","0","2","2"
"于是便留下","0","2","2"
"沈约那里去","0","2","2"
"定不能成功","0","2","2"
"谢答仁又请","0","2","2"
"答仁又请求","0","2","2"
"果然和他说","0","2","2"
"然和他说的","0","2","2"
"有两条龙从","0","2","2"
"很快就要到","0","2","2"
"皇帝名叫陈","0","2","2"
"是始兴昭烈","0","2","2"
"兴昭烈王的","0","2","2"
"从少年时候","0","2","2"
"少年时候起","0","2","2"
"文帝梦见有","0","2","2"
"秘密地在袖","0","2","2"
"密地在袖子","0","2","2"
"地在袖子里","0","2","2"
"在袖子里藏","0","2","2"
"袖子里藏了","0","2","2"
"子里藏了一","0","2","2"
"的时候对他","0","2","2"
"把他们交给","0","2","2"
"文帝派将军","0","2","2"
"三年六月二","0","2","2"
"年六月二十","0","2","2"
"是从平民起","0","2","2"
"从平民起家","0","2","2"
"年的时候性","0","2","2"
"的时候性格","0","2","2"
"步升迁为中","0","2","2"
"升迁为中书","0","2","2"
"迁为中书侍","0","2","2"
"魏朝平灭了","0","2","2"
"朝平灭了江","0","2","2"
"平灭了江陵","0","2","2"
"迁都到长安","0","2","2"
"认为他十分","0","2","2"
"为他十分奇","0","2","2"
"他十分奇特","0","2","2"
"一定会成为","0","2","2"
"他为安成王","0","2","2"
"被任命为侍","0","2","2"
"升职位为太","0","2","2"
"职位为太傅","0","2","2"
"黜废帝为临","0","2","2"
"废帝为临海","0","2","2"
"帝为临海王","0","2","2"
"的正月初四","0","2","2"
"赐爵位一级","0","2","2"
"每人赐谷五","0","2","2"
"祭祀昭烈王","0","2","2"
"后主名叫叔","0","2","2"
"主名叫叔宝","0","2","2"
"帝的嫡长子","0","2","2"
"年十一月二","0","2","2"
"一月二十日","0","2","2"
"步升迁为侍","0","2","2"
"四年正月初","0","2","2"
"在位的文武","0","2","2"
"位的文武官","0","2","2"
"太极前殿设","0","2","2"
"虫飞的声音","0","2","2"
"史长沙王陈","0","2","2"
"陈叔坚为司","0","2","2"
"叔坚为司空","0","2","2"
"史豫章王陈","0","2","2"
"上加封开府","0","2","2"
"王陈叔英为","0","2","2"
"号为车骑将","0","2","2"
"分别派遣大","0","2","2"
"别派遣大使","0","2","2"
"江总为尚书","0","2","2"
"皇太子加冠","0","2","2"
"号加封开府","0","2","2"
"所了解的贤","0","2","2"
"季的九月十","0","2","2"
"文武官员和","0","2","2"
"为平东将军","0","2","2"
"进入石头城","0","2","2"
"使者前往吊","0","2","2"
"者前往吊祭","0","2","2"
"一首五言诗","0","2","2"
"从晚上直到","0","2","2"
"晚上直到早","0","2","2"
"上直到早晨","0","2","2"
"有什么要求","0","2","2"
"盖有玉玺的","0","2","2"
"所以把他们","0","2","2"
"以把他们的","0","2","2"
"为东扬州刺","0","2","2"
"年元旦皇帝","0","2","2"
"没有渡江的","0","2","2"
"一定要亲自","0","2","2"
"若弼进军钟","0","2","2"
"弼进军钟山","0","2","2"
"贺若弼乘胜","0","2","2"
"在旁边侍候","0","2","2"
"劝谏而不听","0","2","2"
"了好久才得","0","2","2"
"好久才得以","0","2","2"
"隋文帝听说","0","2","2"
"帝听说后非","0","2","2"
"听说后非常","0","2","2"
"竟然到了这","0","2","2"
"然到了这种","0","2","2"
"等到了京城","0","2","2"
"后主伏在地","0","2","2"
"主伏在地上","0","2","2"
"到了太极殿","0","2","2"
"后主在东宫","0","2","2"
"为长城县公","0","2","2"
"设置了贵嫔","0","2","2"
"相当于九卿","0","2","2"
"是汉光武帝","0","2","2"
"汉光武帝设","0","2","2"
"光武帝设置","0","2","2"
"是魏明帝设","0","2","2"
"魏明帝设置","0","2","2"
"明帝设置的","0","2","2"
"是晋武帝设","0","2","2"
"晋武帝设置","0","2","2"
"是前汉的旧","0","2","2"
"相当于三司","0","2","2"
"又设置了昭","0","2","2"
"为闲散职位","0","2","2"
"武帝的创制","0","2","2"
"宋明帝泰始","0","2","2"
"年龄到了六","0","2","2"
"起初封为宜","0","2","2"
"初封为宜都","0","2","2"
"封为宜都王","0","2","2"
"宠爱压倒后","0","2","2"
"爱压倒后宫","0","2","2"
"观察皇上的","0","2","2"
"派人驰马去","0","2","2"
"开始并没有","0","2","2"
"随着孝武帝","0","2","2"
"门奏请给她","0","2","2"
"她的宫殿名","0","2","2"
"住在显阳殿","0","2","2"
"后弟弟的儿","0","2","2"
"年少的时候","0","2","2"
"有关部门说","0","2","2"
"谥号为孝侯","0","2","2"
"王刘义宣的","0","2","2"
"刘义宣失败","0","2","2"
"当时没有人","0","2","2"
"就这样过了","0","2","2"
"埋葬的时候","0","2","2"
"部门上奏说","0","2","2"
"武帝非常高","0","2","2"
"活着的时候","0","2","2"
"着的时候一","0","2","2"
"的时候一样","0","2","2"
"于是写了一","0","2","2"
"是写了一篇","0","2","2"
"谢庄作了一","0","2","2"
"哀悼的策文","0","2","2"
"封为淮阳王","0","2","2"
"皇上曾经在","0","2","2"
"而让妇女裸","0","2","2"
"明帝发怒说","0","2","2"
"帝非常生气","0","2","2"
"皇后的哥哥","0","2","2"
"还没有来得","0","2","2"
"坟墓的旁边","0","2","2"
"封皇后的父","0","2","2"
"为南郡王妃","0","2","2"
"把他释放了","0","2","2"
"姨妈的女儿","0","2","2"
"建康县令沈","0","2","2"
"康县令沈徽","0","2","2"
"县令沈徽孚","0","2","2"
"地坠落在地","0","2","2"
"坠落在地上","0","2","2"
"被皇帝所宠","0","2","2"
"在宫中侍奉","0","2","2"
"之坚持请求","0","2","2"
"皇后和废帝","0","2","2"
"冤枉地杀死","0","2","2"
"让别人知道","0","2","2"
"报告了明帝","0","2","2"
"为皇太子妃","0","2","2"
"宋文帝的女","0","2","2"
"家里的人都","0","2","2"
"做雍州刺史","0","2","2"
"了一座宫殿","0","2","2"
"所以武帝终","0","2","2"
"以武帝终于","0","2","2"
"一种奇异的","0","2","2"
"受到的待遇","0","2","2"
"奏请封她为","0","2","2"
"请封她为贵","0","2","2"
"臣子的礼节","0","2","2"
"敬奉皇帝的","0","2","2"
"懂得它们的","0","2","2"
"经有关部门","0","2","2"
"追赠皇后的","0","2","2"
"父亲沈法深","0","2","2"
"梁朝的大同","0","2","2"
"封为建城县","0","2","2"
"为建城县侯","0","2","2"
"便声称有病","0","2","2"
"这不是我的","0","2","2"
"们全部杀掉","0","2","2"
"素来没有什","0","2","2"
"他的儿子沈","0","2","2"
"来所没有的","0","2","2"
"其中大略说","0","2","2"
"了后主没有","0","2","2"
"在少年时候","0","2","2"
"不应该这样","0","2","2"
"后废帝即位","0","2","2"
"兵士五百人","0","2","2"
"在路上遇见","0","2","2"
"袁粲镇守石","0","2","2"
"粲镇守石头","0","2","2"
"下午后半晌","0","2","2"
"秘密地报告","0","2","2"
"密地报告了","0","2","2"
"也同时遇害","0","2","2"
"事情失败后","0","2","2"
"时的人们因","0","2","2"
"的人们因此","0","2","2"
"因此而对他","0","2","2"
"他的妻子是","0","2","2"
"忌讳自己的","0","2","2"
"讳自己的名","0","2","2"
"世袭封爵为","0","2","2"
"等同于一般","0","2","2"
"最后批准了","0","2","2"
"都兼任都督","0","2","2"
"在世上流传","0","2","2"
"追赠为司空","0","2","2"
"担任地方长","0","2","2"
"刘义康应该","0","2","2"
"征调为侍中","0","2","2"
"与王弘共同","0","2","2"
"外各种事务","0","2","2"
"元嘉十六年","0","2","2"
"位为大将军","0","2","2"
"曾经去拜访","0","2","2"
"殷景仁被皇","0","2","2"
"景仁被皇帝","0","2","2"
"仁被皇帝所","0","2","2"
"刘湛和殷景","0","2","2"
"湛和殷景仁","0","2","2"
"会导致大祸","0","2","2"
"的弟弟黄门","0","2","2"
"以防备异常","0","2","2"
"等人的罪状","0","2","2"
"他囚禁起来","0","2","2"
"桂阳侯刘义","0","2","2"
"阳侯刘义融","0","2","2"
"刘义康所亲","0","2","2"
"元嘉二十二","0","2","2"
"嘉二十二年","0","2","2"
"有这种事情","0","2","2"
"拥戴刘义康","0","2","2"
"时镇守彭城","0","2","2"
"被元凶劭所","0","2","2"
"元凶劭所杀","0","2","2"
"文帝的长子","0","2","2"
"心里有什么","0","2","2"
"东阳公主的","0","2","2"
"担心被皇上","0","2","2"
"皇上知道他","0","2","2"
"皇上的形象","0","2","2"
"怕事情泄露","0","2","2"
"写信告诉了","0","2","2"
"告诉了刘浚","0","2","2"
"报告这件事","0","2","2"
"亲自向上启","0","2","2"
"自向上启奏","0","2","2"
"所说的都是","0","2","2"
"王刘义恭为","0","2","2"
"公主的宅第","0","2","2"
"秘密地派人","0","2","2"
"事情告诉了","0","2","2"
"告诉了皇上","0","2","2"
"对江夏王刘","0","2","2"
"皇上听了十","0","2","2"
"上听了十分","0","2","2"
"的母亲死去","0","2","2"
"第二天清晨","0","2","2"
"帝已经死了","0","2","2"
"没来得及回","0","2","2"
"来得及回答","0","2","2"
"叛逆杀死了","0","2","2"
"逆杀死了皇","0","2","2"
"可以得到十","0","2","2"
"丧服的那天","0","2","2"
"王刘义宣为","0","2","2"
"刘义恭让他","0","2","2"
"住在尚书下","0","2","2"
"对朝臣们说","0","2","2"
"实行了戒严","0","2","2"
"把他当作心","0","2","2"
"他当作心腹","0","2","2"
"固守石头城","0","2","2"
"儿子刘伟之","0","2","2"
"子刘伟之为","0","2","2"
"刘伟之为皇","0","2","2"
"伟之为皇太","0","2","2"
"之为皇太子","0","2","2"
"义军到了新","0","2","2"
"他奋力作战","0","2","2"
"两个儿子与","0","2","2"
"不知该怎么","0","2","2"
"知该怎么办","0","2","2"
"在军营门前","0","2","2"
"了太子左卫","0","2","2"
"现在在哪里","0","2","2"
"帝的第十二","0","2","2"
"的第十二个","0","2","2"
"第十二个儿","0","2","2"
"十二个儿子","0","2","2"
"前废帝景和","0","2","2"
"废帝景和元","0","2","2"
"帝景和元年","0","2","2"
"留在自己身","0","2","2"
"帝问是什么","0","2","2"
"他交给廷尉","0","2","2"
"把他放出来","0","2","2"
"当时南平王","0","2","2"
"时南平王刘","0","2","2"
"对此加以非","0","2","2"
"此加以非议","0","2","2"
"请求解除自","0","2","2"
"除自己的职","0","2","2"
"自己的职务","0","2","2"
"加仪仗为三","0","2","2"
"不久兼任太","0","2","2"
"久兼任太子","0","2","2"
"辞去扬州的","0","2","2"
"去扬州的职","0","2","2"
"升他为太尉","0","2","2"
"他坚持推让","0","2","2"
"以下官员都","0","2","2"
"孝武帝因为","0","2","2"
"还能长久吗","0","2","2"
"降刘休仁为","0","2","2"
"十三个儿子","0","2","2"
"一斗一百钱","0","2","2"
"他为南徐州","0","2","2"
"皇上的车驾","0","2","2"
"身边的几个","0","2","2"
"边的几个人","0","2","2"
"有一个人从","0","2","2"
"皇上听到后","0","2","2"
"马送信报告","0","2","2"
"武帝攻克了","0","2","2"
"帝攻克了京","0","2","2"
"驰马去召他","0","2","2"
"当时刘穆之","0","2","2"
"合适的人选","0","2","2"
"受到武帝的","0","2","2"
"没有什么遗","0","2","2"
"应该入朝辅","0","2","2"
"该入朝辅政","0","2","2"
"对刘穆之说","0","2","2"
"武帝常常说","0","2","2"
"刘穆之那里","0","2","2"
"所荐举的人","0","2","2"
"后来升迁为","0","2","2"
"微安定一些","0","2","2"
"他所亲近的","0","2","2"
"由刘穆之决","0","2","2"
"刘穆之决定","0","2","2"
"刘穆之担任","0","2","2"
"可以带卫士","0","2","2"
"以带卫士五","0","2","2"
"带卫士五十","0","2","2"
"他性格奢侈","0","2","2"
"的东西大多","0","2","2"
"世子的中军","0","2","2"
"是栋梁之材","0","2","2"
"后来武帝接","0","2","2"
"来武帝接受","0","2","2"
"帝接受了禅","0","2","2"
"接受了禅让","0","2","2"
"封为南康郡","0","2","2"
"担任了丹阳","0","2","2"
"任了丹阳尹","0","2","2"
"本来就没有","0","2","2"
"是高平金乡","0","2","2"
"少年时成为","0","2","2"
"年时成为孤","0","2","2"
"时成为孤儿","0","2","2"
"中参谋军事","0","2","2"
"登基的功劳","0","2","2"
"羡之等人谋","0","2","2"
"之等人谋划","0","2","2"
"等人谋划废","0","2","2"
"人谋划废立","0","2","2"
"檀道济入朝","0","2","2"
"可以这样做","0","2","2"
"对他十分佩","0","2","2"
"他十分佩服","0","2","2"
"配给他乐队","0","2","2"
"给他乐队一","0","2","2"
"他乐队一部","0","2","2"
"受皇帝知遇","0","2","2"
"召见檀道济","0","2","2"
"杀死了徐羡","0","2","2"
"死了徐羡之","0","2","2"
"以为檀道济","0","2","2"
"已经平定了","0","2","2"
"储备的粮食","0","2","2"
"晋升为司空","0","2","2"
"多次遇到危","0","2","2"
"次遇到危险","0","2","2"
"召檀道济入","0","2","2"
"和他的儿子","0","2","2"
"为河东太守","0","2","2"
"是一个平常","0","2","2"
"武帝讨伐广","0","2","2"
"帝讨伐广固","0","2","2"
"把他推荐给","0","2","2"
"推荐给武帝","0","2","2"
"把他安排在","0","2","2"
"手下的将领","0","2","2"
"王镇恶等人","0","2","2"
"王镇恶抚慰","0","2","2"
"帝因为他的","0","2","2"
"回去报告了","0","2","2"
"都非常害怕","0","2","2"
"等武帝接受","0","2","2"
"接受天命登","0","2","2"
"年的时候喜","0","2","2"
"行为很不检","0","2","2"
"为很不检点","0","2","2"
"而答应了他","0","2","2"
"任命他为镇","0","2","2"
"朱龄石到了","0","2","2"
"于是将他杀","0","2","2"
"派他的大将","0","2","2"
"不同意见的","0","2","2"
"人都很佩服","0","2","2"
"被封为丰城","0","2","2"
"封为丰城侯","0","2","2"
"齐国接受禅","0","2","2"
"国接受禅让","0","2","2"
"人都认为不","0","2","2"
"请求把他杀","0","2","2"
"求把他杀掉","0","2","2"
"有今天的行","0","2","2"
"跟随征讨司","0","2","2"
"随征讨司马","0","2","2"
"征讨司马休","0","2","2"
"讨司马休之","0","2","2"
"全部收复了","0","2","2"
"胡藩和朱超","0","2","2"
"藩和朱超石","0","2","2"
"继承了他的","0","2","2"
"承了他的爵","0","2","2"
"州刺史檀和","0","2","2"
"刺史檀和之","0","2","2"
"后来承袭了","0","2","2"
"他担任临川","0","2","2"
"王刘义庆的","0","2","2"
"为江夏王刘","0","2","2"
"劭杀父自立","0","2","2"
"他为尚书左","0","2","2"
"的著名人物","0","2","2"
"道子的骠骑","0","2","2"
"的骠骑长史","0","2","2"
"是就任命他","0","2","2"
"他为太尉参","0","2","2"
"有一次武帝","0","2","2"
"武帝在彭城","0","2","2"
"举行盛大宴","0","2","2"
"行盛大宴会","0","2","2"
"提出不同意","0","2","2"
"出不同意见","0","2","2"
"担任散骑常","0","2","2"
"他坚持辞让","0","2","2"
"给了彭城王","0","2","2"
"了彭城王刘","0","2","2"
"杀死徐羡之","0","2","2"
"死徐羡之等","0","2","2"
"黄门侍郎谢","0","2","2"
"在外面听到","0","2","2"
"到这种地步","0","2","2"
"哥的儿子谢","0","2","2"
"从江陵出发","0","2","2"
"一直排列到","0","2","2"
"上表陈说自","0","2","2"
"表陈说自己","0","2","2"
"军全部溃败","0","2","2"
"的下属官员","0","2","2"
"披散着头发","0","2","2"
"大丈夫应当","0","2","2"
"死的时候年","0","2","2"
"担任中书郎","0","2","2"
"寄居在国子","0","2","2"
"他的堂兄谢","0","2","2"
"为宋武帝的","0","2","2"
"有很大的名","0","2","2"
"刘穆之非常","0","2","2"
"担任左将军","0","2","2"
"任命为骠骑","0","2","2"
"和起初一样","0","2","2"
"有什么遗憾","0","2","2"
"什么遗憾了","0","2","2"
"担任了侍中","0","2","2"
"调任会稽太","0","2","2"
"事情安定下","0","2","2"
"情安定下来","0","2","2"
"琅笽王大司","0","2","2"
"笽王大司马","0","2","2"
"为自己的才","0","2","2"
"司徒徐羡之","0","2","2"
"徒徐羡之等","0","2","2"
"调出京城去","0","2","2"
"任永嘉太守","0","2","2"
"托自己的心","0","2","2"
"杀了徐羡之","0","2","2"
"又让他撰写","0","2","2"
"被赏识重用","0","2","2"
"皇上不愿意","0","2","2"
"赐给他假期","0","2","2"
"互相欣赏聚","0","2","2"
"相欣赏聚会","0","2","2"
"担任临川内","0","2","2"
"空竟陵王刘","0","2","2"
"朝中的士人","0","2","2"
"山的时候就","0","2","2"
"时候就去掉","0","2","2"
"候就去掉它","0","2","2"
"就去掉它的","0","2","2"
"赤裸着身体","0","2","2"
"捕了谢灵运","0","2","2"
"于是便有了","0","2","2"
"送交给廷尉","0","2","2"
"爱他的才能","0","2","2"
"流放到广州","0","2","2"
"的文章流传","0","2","2"
"认为他很不","0","2","2"
"也就足够了","0","2","2"
"为中表亲戚","0","2","2"
"为建昌县侯","0","2","2"
"国的郎中令","0","2","2"
"同族兄弟的","0","2","2"
"族兄弟的儿","0","2","2"
"兄弟的儿子","0","2","2"
"以此为遗憾","0","2","2"
"担任员外散","0","2","2"
"任散骑侍郎","0","2","2"
"然执意不去","0","2","2"
"母亲去世后","0","2","2"
"守丧以孝顺","0","2","2"
"吃蔬菜和素","0","2","2"
"蔬菜和素食","0","2","2"
"他担任黄门","0","2","2"
"调任尚书吏","0","2","2"
"任右卫将军","0","2","2"
"历任御史中","0","2","2"
"和尚释慧琳","0","2","2"
"年成为孤儿","0","2","2"
"用其他的话","0","2","2"
"其他的话来","0","2","2"
"把他比作汉","0","2","2"
"他比作汉代","0","2","2"
"公家和私人","0","2","2"
"家和私人都","0","2","2"
"女儿的丈夫","0","2","2"
"家中的妇女","0","2","2"
"中的妇女们","0","2","2"
"有一个客人","0","2","2"
"追赠他为太","0","2","2"
"是如此地受","0","2","2"
"如此地受到","0","2","2"
"的后军咨议","0","2","2"
"如果没有我","0","2","2"
"坚决推辞不","0","2","2"
"武帝在一次","0","2","2"
"帝在一次宴","0","2","2"
"在一次宴会","0","2","2"
"一次宴会上","0","2","2"
"自古以来的","0","2","2"
"马江夏王刘","0","2","2"
"起用为都官","0","2","2"
"用为都官尚","0","2","2"
"又另外诏令","0","2","2"
"是因为一个","0","2","2"
"于是设置了","0","2","2"
"了五兵尚书","0","2","2"
"兼任前军将","0","2","2"
"任前军将军","0","2","2"
"担任吏部尚","0","2","2"
"殷贵妃去世","0","2","2"
"担任寻阳王","0","2","2"
"给亲信二十","0","2","2"
"全都委托给","0","2","2"
"交付给廷尉","0","2","2"
"的人都很称","0","2","2"
"人都很称赞","0","2","2"
"军咨议参军","0","2","2"
"封为华容县","0","2","2"
"负责选拔人","0","2","2"
"他的尸体扔","0","2","2"
"中丞王准之","0","2","2"
"百姓得以安","0","2","2"
"都称赞他的","0","2","2"
"升职位为司","0","2","2"
"被皇上所亲","0","2","2"
"人告诉了王","0","2","2"
"陈述彭城王","0","2","2"
"要求解除自","0","2","2"
"除自己的扬","0","2","2"
"自己的扬州","0","2","2"
"主管的人偷","0","2","2"
"而且这些人","0","2","2"
"王昙首去世","0","2","2"
"告诉皇帝说","0","2","2"
"加仪仗为六","0","2","2"
"仪仗为六十","0","2","2"
"仗为六十人","0","2","2"
"不经营财利","0","2","2"
"没有多余的","0","2","2"
"没有做官的","0","2","2"
"既然没有什","0","2","2"
"然没有什么","0","2","2"
"儿许配给他","0","2","2"
"他少年好学","0","2","2"
"担任太子舍","0","2","2"
"了宣城太守","0","2","2"
"他的性格喜","0","2","2"
"的性格喜爱","0","2","2"
"孝武帝从寻","0","2","2"
"帝从寻阳发","0","2","2"
"从寻阳发兵","0","2","2"
"这是为什么","0","2","2"
"武帝即位以","0","2","2"
"帝即位以后","0","2","2"
"担任护军将","0","2","2"
"任护军将军","0","2","2"
"所需要的东","0","2","2"
"需要的东西","0","2","2"
"王僧达不是","0","2","2"
"任宣城太守","0","2","2"
"道了他的意","0","2","2"
"了他的意思","0","2","2"
"被任命为太","0","2","2"
"又回到家中","0","2","2"
"在皇帝面前","0","2","2"
"王僧达是贵","0","2","2"
"僧达是贵公","0","2","2"
"担任庐陵内","0","2","2"
"任庐陵内史","0","2","2"
"他的儿子名","0","2","2"
"王俭对别人","0","2","2"
"俭对别人说","0","2","2"
"调任秘书丞","0","2","2"
"你们国家的","0","2","2"
"王萧子良在","0","2","2"
"萧子良在殿","0","2","2"
"子良在殿内","0","2","2"
"左右的人把","0","2","2"
"他抓起来关","0","2","2"
"树立威信声","0","2","2"
"立威信声誉","0","2","2"
"独断专行滥","0","2","2"
"断专行滥用","0","2","2"
"专行滥用权","0","2","2"
"行滥用权力","0","2","2"
"无处可以容","0","2","2"
"处可以容纳","0","2","2"
"实在是因为","0","2","2"
"圣明的皇帝","0","2","2"
"在狱中赐死","0","2","2"
"帝在东宫时","0","2","2"
"当时人们认","0","2","2"
"时人们认为","0","2","2"
"人们认为是","0","2","2"
"的文集流行","0","2","2"
"俸禄和赏赐","0","2","2"
"担任文帝的","0","2","2"
"任文帝的镇","0","2","2"
"文帝的镇西","0","2","2"
"王昙首坚持","0","2","2"
"昙首坚持请","0","2","2"
"首坚持请求","0","2","2"
"以王昙首为","0","2","2"
"为右军将军","0","2","2"
"处死徐羡之","0","2","2"
"职务依旧不","0","2","2"
"务依旧不变","0","2","2"
"就没有今天","0","2","2"
"死徐羡之的","0","2","2"
"官为尚书殿","0","2","2"
"没有人担任","0","2","2"
"有人劝他不","0","2","2"
"人劝他不要","0","2","2"
"他经过多次","0","2","2"
"经过多次调","0","2","2"
"做了太子洗","0","2","2"
"了太子洗马","0","2","2"
"明太子喜爱","0","2","2"
"后来做了中","0","2","2"
"来做了中书","0","2","2"
"做了中书郎","0","2","2"
"后来担任太","0","2","2"
"来担任太子","0","2","2"
"因为给母亲","0","2","2"
"为给母亲服","0","2","2"
"给母亲服丧","0","2","2"
"历任秘书监","0","2","2"
"了太子詹事","0","2","2"
"被当时的人","0","2","2"
"当时的人所","0","2","2"
"流行在世间","0","2","2"
"当时广州刺","0","2","2"
"做宋武帝的","0","2","2"
"没有第二个","0","2","2"
"穿着黑色丧","0","2","2"
"着黑色丧服","0","2","2"
"他的父亲王","0","2","2"
"做官担任太","0","2","2"
"担任秘书丞","0","2","2"
"的竟陵王萧","0","2","2"
"逐步调任晋","0","2","2"
"调任晋陵太","0","2","2"
"有良好的政","0","2","2"
"步升迁为吏","0","2","2"
"后来担任尚","0","2","2"
"来担任尚书","0","2","2"
"梁武帝到了","0","2","2"
"武帝到了新","0","2","2"
"帝到了新林","0","2","2"
"殿前西面的","0","2","2"
"派国子博士","0","2","2"
"把东昏侯的","0","2","2"
"城市平定后","0","2","2"
"还有什么用","0","2","2"
"藩王的府邸","0","2","2"
"任他为侍中","0","2","2"
"削去他的爵","0","2","2"
"去他的爵位","0","2","2"
"武帝在华光","0","2","2"
"帝在华光殿","0","2","2"
"改变了脸色","0","2","2"
"变了脸色说","0","2","2"
"做了中书监","0","2","2"
"加官散骑常","0","2","2"
"官散骑常侍","0","2","2"
"女儿为贞烈","0","2","2"
"儿为贞烈将","0","2","2"
"为贞烈将军","0","2","2"
"因此得以免","0","2","2"
"回到了吴地","0","2","2"
"不想让别人","0","2","2"
"来必定不能","0","2","2"
"在文帝面前","0","2","2"
"常说自己的","0","2","2"
"自己的力量","0","2","2"
"王的国常侍","0","2","2"
"担任著作佐","0","2","2"
"他在宋朝做","0","2","2"
"王晏的父亲","0","2","2"
"晏的父亲王","0","2","2"
"的父亲王普","0","2","2"
"王普曜担任","0","2","2"
"沈攸之起事","0","2","2"
"怀疑他有异","0","2","2"
"疑他有异志","0","2","2"
"把他们作为","0","2","2"
"恐怕不应该","0","2","2"
"转为左仆射","0","2","2"
"他是冤枉的","0","2","2"
"身穿白色衣","0","2","2"
"朝廷的使者","0","2","2"
"坚决不同意","0","2","2"
"他的弟弟王","0","2","2"
"弟弟王亻由","0","2","2"
"的弟弟司徒","0","2","2"
"沙王萧晃的","0","2","2"
"当时的人很","0","2","2"
"祖父王敬弘","0","2","2"
"有人问他是","0","2","2"
"人问他是什","0","2","2"
"他是什么缘","0","2","2"
"齐朝做官担","0","2","2"
"任豫章王萧","0","2","2"
"为侍中祭酒","0","2","2"
"兼射声校尉","0","2","2"
"担任辅国将","0","2","2"
"隆昌元年去","0","2","2"
"昌元年去世","0","2","2"
"如果有灵的","0","2","2"
"果有灵的话","0","2","2"
"史江夏王刘","0","2","2"
"任职的地方","0","2","2"
"任命王晏为","0","2","2"
"他跟随武帝","0","2","2"
"帝当时虽然","0","2","2"
"为司徒左长","0","2","2"
"而受到宠幸","0","2","2"
"责选拔官吏","0","2","2"
"得到这样的","0","2","2"
"王晏和徐孝","0","2","2"
"晏和徐孝嗣","0","2","2"
"晋升官号为","0","2","2"
"明帝更加猜","0","2","2"
"帝更加猜忌","0","2","2"
"更加猜忌和","0","2","2"
"派心腹左右","0","2","2"
"陈世范等人","0","2","2"
"皇上听说后","0","2","2"
"王晏的儿子","0","2","2"
"晏的儿子王","0","2","2"
"的儿子王德","0","2","2"
"儿子王德元","0","2","2"
"五岁的时候","0","2","2"
"的军队渡过","0","2","2"
"于是得以免","0","2","2"
"是得以免祸","0","2","2"
"担任鄱阳王","0","2","2"
"于是便任命","0","2","2"
"所到之处都","0","2","2"
"为镇南大将","0","2","2"
"杀死了他们","0","2","2"
"文帝非常高","0","2","2"
"年龄十七岁","0","2","2"
"和他的哥哥","0","2","2"
"失去了联系","0","2","2"
"封为安复县","0","2","2"
"为安复县侯","0","2","2"
"任命王仲德","0","2","2"
"命王仲德为","0","2","2"
"为镇军中兵","0","2","2"
"众人的议论","0","2","2"
"色严正地说","0","2","2"
"武帝很高兴","0","2","2"
"为征虏将军","0","2","2"
"各路军队进","0","2","2"
"所以应当以","0","2","2"
"承袭了他的","0","2","2"
"袭了他的爵","0","2","2"
"溉少年时是","0","2","2"
"乐安人任窻","0","2","2"
"为义兴太守","0","2","2"
"吴郡的陆翺","0","2","2"
"陈郡的殷芸","0","2","2"
"汉代的三君","0","2","2"
"被任命为殿","0","2","2"
"任命为殿中","0","2","2"
"回京后担任","0","2","2"
"任太子中舍","0","2","2"
"东王萧绎做","0","2","2"
"像当初一样","0","2","2"
"边没有姬妾","0","2","2"
"上表请求把","0","2","2"
"武帝所欣赏","0","2","2"
"写诗嘲笑他","0","2","2"
"诗嘲笑他说","0","2","2"
"在当时流行","0","2","2"
"算把他杀掉","0","2","2"
"杀死了他的","0","2","2"
"这孩子必定","0","2","2"
"孩子必定会","0","2","2"
"齐高帝镇守","0","2","2"
"进入魏朝边","0","2","2"
"入魏朝边界","0","2","2"
"任南中郎参","0","2","2"
"入京讨伐元","0","2","2"
"京讨伐元凶","0","2","2"
"讨伐元凶劭","0","2","2"
"为龙骧将军","0","2","2"
"南方的贼寇","0","2","2"
"士配备给他","0","2","2"
"张兴世于是","0","2","2"
"张兴世打算","0","2","2"
"军越来越近","0","2","2"
"忽然就不见","0","2","2"
"然就不见了","0","2","2"
"平定了江陵","0","2","2"
"改任光禄大","0","2","2"
"他的儿子叫","0","2","2"
"的儿子叫张","0","2","2"
"任命他为直","0","2","2"
"命他为直阁","0","2","2"
"他为直阁将","0","2","2"
"为武陵内史","0","2","2"
"把他赶了出","0","2","2"
"巴东王萧子","0","2","2"
"东王萧子响","0","2","2"
"随王萧子隆","0","2","2"
"次和他一起","0","2","2"
"任咨议参军","0","2","2"
"启奏明帝说","0","2","2"
"任命为庐陵","0","2","2"
"命为庐陵王","0","2","2"
"迁为尚书吏","0","2","2"
"兴王刘浚的","0","2","2"
"过了一夜又","0","2","2"
"没有这样的","0","2","2"
"有这样的事","0","2","2"
"时候曾经患","0","2","2"
"候曾经患过","0","2","2"
"个儿子都是","0","2","2"
"的显要人物","0","2","2"
"密地告诉了","0","2","2"
"打交道的人","0","2","2"
"喝了这里的","0","2","2"
"了这里的水","0","2","2"
"相聚在一起","0","2","2"
"兼太子詹事","0","2","2"
"赠给仪仗二","0","2","2"
"给乐队一支","0","2","2"
"当时袁粲与","0","2","2"
"众人都不能","0","2","2"
"都与袁粲结","0","2","2"
"与袁粲结合","0","2","2"
"认为不应该","0","2","2"
"率领宿卫兵","0","2","2"
"率领军队前","0","2","2"
"开往石头城","0","2","2"
"与刘彦节等","0","2","2"
"对他的儿子","0","2","2"
"本来就知道","0","2","2"
"于是把他们","0","2","2"
"看见有一只","0","2","2"
"于是赦免了","0","2","2"
"是赦免了他","0","2","2"
"皇帝的意旨","0","2","2"
"就有清雅的","0","2","2"
"被举为秀才","0","2","2"
"自己的身体","0","2","2"
"在齐国做官","0","2","2"
"齐国做官担","0","2","2"
"国做官担任","0","2","2"
"萧子良的妃","0","2","2"
"子良的妃子","0","2","2"
"晚的时候才","0","2","2"
"把他送往建","0","2","2"
"他送往建康","0","2","2"
"任司州刺史","0","2","2"
"的中山王元","0","2","2"
"做了州郡长","0","2","2"
"了州郡长官","0","2","2"
"承袭了爵位","0","2","2"
"步升迁为司","0","2","2"
"升迁为司徒","0","2","2"
"着他的手说","0","2","2"
"以后一定会","0","2","2"
"孔季恭请求","0","2","2"
"府中的司马","0","2","2"
"渐升迁为吴","0","2","2"
"升迁为吴郡","0","2","2"
"迁为吴郡太","0","2","2"
"调任尚书左","0","2","2"
"他担任太尉","0","2","2"
"他为尚书令","0","2","2"
"他为开府仪","0","2","2"
"的御史中丞","0","2","2"
"是光禄大夫","0","2","2"
"桓玄辅佐朝","0","2","2"
"玄辅佐朝政","0","2","2"
"是很明显的","0","2","2"
"已经很显著","0","2","2"
"夏商周三代","0","2","2"
"可以保全他","0","2","2"
"以保全他的","0","2","2"
"保全他的生","0","2","2"
"全他的生命","0","2","2"
"顺从他的意","0","2","2"
"它也没有什","0","2","2"
"没有什么好","0","2","2"
"有什么好处","0","2","2"
"自己的能力","0","2","2"
"担任尚书吏","0","2","2"
"任命他为宋","0","2","2"
"刚建立的时","0","2","2"
"建立的时候","0","2","2"
"追赠为太常","0","2","2"
"有他父亲的","0","2","2"
"很早就知名","0","2","2"
"于是吏部尚","0","2","2"
"是吏部尚书","0","2","2"
"和司徒左长","0","2","2"
"调任太子中","0","2","2"
"无不对他又","0","2","2"
"不对他又怕","0","2","2"
"对他又怕又","0","2","2"
"他又怕又恨","0","2","2"
"孔觊的弟弟","0","2","2"
"觊的弟弟孔","0","2","2"
"的弟弟孔道","0","2","2"
"弟弟孔道存","0","2","2"
"了司徒左长","0","2","2"
"主管会稽郡","0","2","2"
"管会稽郡事","0","2","2"
"会稽郡事务","0","2","2"
"很快就把城","0","2","2"
"把他捆起来","0","2","2"
"少年时就有","0","2","2"
"对他十分赏","0","2","2"
"他十分赏识","0","2","2"
"了他的请求","0","2","2"
"任命他担任","0","2","2"
"服丧期满后","0","2","2"
"不明白他的","0","2","2"
"了扬州刺史","0","2","2"
"年时期就有","0","2","2"
"有人讥笑他","0","2","2"
"褚彦回当时","0","2","2"
"把它藏起来","0","2","2"
"让别人看见","0","2","2"
"任命为驸马","0","2","2"
"命为驸马都","0","2","2"
"职著作佐郎","0","2","2"
"流着眼泪坚","0","2","2"
"着眼泪坚持","0","2","2"
"眼泪坚持请","0","2","2"
"泪坚持请求","0","2","2"
"闲暇的时候","0","2","2"
"人都不知道","0","2","2"
"说起这件事","0","2","2"
"任职的时候","0","2","2"
"担任吴兴太","0","2","2"
"褚彦回谋划","0","2","2"
"认为不可以","0","2","2"
"为不可以这","0","2","2"
"褚彦回已经","0","2","2"
"本来的职务","0","2","2"
"的职务不变","0","2","2"
"任命褚彦回","0","2","2"
"命褚彦回为","0","2","2"
"等到苍梧王","0","2","2"
"梧王被废除","0","2","2"
"回告诉高帝","0","2","2"
"中书监职务","0","2","2"
"朝廷的机要","0","2","2"
"任命为录尚","0","2","2"
"命为录尚书","0","2","2"
"应该有策书","0","2","2"
"根据事实推","0","2","2"
"年时候曾经","0","2","2"
"年龄四十八","0","2","2"
"龄四十八岁","0","2","2"
"给东园的秘","0","2","2"
"东园的秘密","0","2","2"
"因为褚彦回","0","2","2"
"府中的佐官","0","2","2"
"的官吏依照","0","2","2"
"诏令赠他为","0","2","2"
"就有美好的","0","2","2"
"有美好的声","0","2","2"
"散骑常侍出","0","2","2"
"骑常侍出使","0","2","2"
"前后县令都","0","2","2"
"自己的俸禄","0","2","2"
"己的俸禄而","0","2","2"
"的俸禄而已","0","2","2"
"当时的人认","0","2","2"
"时的人认为","0","2","2"
"的太尉参军","0","2","2"
"他担任侍中","0","2","2"
"因为蔡廓刚","0","2","2"
"为蔡廓刚直","0","2","2"
"任豫章太守","0","2","2"
"征调为吏部","0","2","2"
"调为吏部尚","0","2","2"
"这话告诉给","0","2","2"
"在纸尾上署","0","2","2"
"纸尾上署名","0","2","2"
"与吏部尚书","0","2","2"
"人才地位都","0","2","2"
"才地位都很","0","2","2"
"他为太子洗","0","2","2"
"都没有就任","0","2","2"
"与陈郡的谢","0","2","2"
"吴国的张融","0","2","2"
"人认为这是","0","2","2"
"向有关部门","0","2","2"
"济阳的江淹","0","2","2"
"于是悲痛得","0","2","2"
"是悲痛得不","0","2","2"
"悲痛得不能","0","2","2"
"痛得不能自","0","2","2"
"不知道他是","0","2","2"
"崔慧景平定","0","2","2"
"沛国刘王献","0","2","2"
"设置了学士","0","2","2"
"所穿的衣服","0","2","2"
"还没有出发","0","2","2"
"指使御史中","0","2","2"
"的两个哥哥","0","2","2"
"到现在何胤","0","2","2"
"衡阳王萧元","0","2","2"
"阳王萧元简","0","2","2"
"所处的地方","0","2","2"
"了昭明太子","0","2","2"
"令对他进行","0","2","2"
"梦见了一个","0","2","2"
"兵袭击江陵","0","2","2"
"担任湘州刺","0","2","2"
"任湘州刺史","0","2","2"
"皇上因为张","0","2","2"
"调出京城任","0","2","2"
"后来担任都","0","2","2"
"来担任都官","0","2","2"
"元嘉十八年","0","2","2"
"是同一类人","0","2","2"
"明帝每次见","0","2","2"
"帝每次见到","0","2","2"
"有人把这话","0","2","2"
"人把这话告","0","2","2"
"做吴郡太守","0","2","2"
"美好的声望","0","2","2"
"的送信人说","0","2","2"
"把它授给张","0","2","2"
"车拉着灵柩","0","2","2"
"梁朝天监年","0","2","2"
"朝天监年间","0","2","2"
"的琅笽人王","0","2","2"
"从天上掉下","0","2","2"
"天上掉下来","0","2","2"
"报告了皇帝","0","2","2"
"武帝爱惜他","0","2","2"
"帝爱惜他的","0","2","2"
"爱惜他的才","0","2","2"
"惜他的才能","0","2","2"
"在寿光省值","0","2","2"
"寿光省值勤","0","2","2"
"做了黄门侍","0","2","2"
"担任新安太","0","2","2"
"任新安太守","0","2","2"
"十卷流行在","0","2","2"
"卷流行在世","0","2","2"
"孝顺的品德","0","2","2"
"着拐杖才能","0","2","2"
"齐朝永明年","0","2","2"
"朝永明年间","0","2","2"
"梁武帝的军","0","2","2"
"孝武帝曾经","0","2","2"
"他的父亲张","0","2","2"
"的时候就很","0","2","2"
"时候就很有","0","2","2"
"就很有孝行","0","2","2"
"他的弟弟张","0","2","2"
"官任秘书郎","0","2","2"
"侯景派遣他","0","2","2"
"景派遣他的","0","2","2"
"帝追赠他为","0","2","2"
"追赠他为侍","0","2","2"
"统率各路军","0","2","2"
"魏太武帝到","0","2","2"
"太武帝又求","0","2","2"
"穿着白衣服","0","2","2"
"太武帝又派","0","2","2"
"武帝又派人","0","2","2"
"不应该现在","0","2","2"
"应该现在就","0","2","2"
"劝刘义宣把","0","2","2"
"刘义宣把他","0","2","2"
"衣服都被剥","0","2","2"
"服都被剥光","0","2","2"
"不久被宽恕","0","2","2"
"任太子右卫","0","2","2"
"初做官是担","0","2","2"
"他始终没有","0","2","2"
"张融的父亲","0","2","2"
"融的父亲张","0","2","2"
"当时王玄谟","0","2","2"
"表请求辞官","0","2","2"
"求做中散大","0","2","2"
"做中散大夫","0","2","2"
"帝平素喜爱","0","2","2"
"了太极殿的","0","2","2"
"没有人回答","0","2","2"
"只是遗憾没","0","2","2"
"没有二王的","0","2","2"
"有二王的法","0","2","2"
"二王的法度","0","2","2"
"他背土堆成","0","2","2"
"背土堆成坟","0","2","2"
"土堆成坟墓","0","2","2"
"对几个儿子","0","2","2"
"几个儿子说","0","2","2"
"有人能够相","0","2","2"
"人能够相比","0","2","2"
"生了个儿子","0","2","2"
"了个儿子叫","0","2","2"
"是我们这些","0","2","2"
"不以此为耻","0","2","2"
"到父亲的丧","0","2","2"
"任长沙王刘","0","2","2"
"长沙王刘义","0","2","2"
"沙王刘义欣","0","2","2"
"他的哥哥范","0","2","2"
"帝爱他的才","0","2","2"
"孔熙先让他","0","2","2"
"把刘义康的","0","2","2"
"谢综的弟弟","0","2","2"
"综的弟弟谢","0","2","2"
"了许多心腹","0","2","2"
"是舅甥关系","0","2","2"
"想法告诉了","0","2","2"
"在狱中上书","0","2","2"
"有什么脸面","0","2","2"
"又有什么可","0","2","2"
"范晔的妻子","0","2","2"
"抚摸着他的","0","2","2"
"有思考能力","0","2","2"
"麝香本来多","0","2","2"
"香本来多有","0","2","2"
"本来多有忌","0","2","2"
"来多有忌讳","0","2","2"
"朝中的官员","0","2","2"
"古今的文人","0","2","2"
"今的文人大","0","2","2"
"的文人大多","0","2","2"
"不知道是从","0","2","2"
"掌管选拔官","0","2","2"
"管选拔官员","0","2","2"
"这难道不是","0","2","2"
"有时通过事","0","2","2"
"时通过事情","0","2","2"
"滕羡做官的","0","2","2"
"有礼教而无","0","2","2"
"礼教而无时","0","2","2"
"教而无时机","0","2","2"
"在当时权力","0","2","2"
"当时权力很","0","2","2"
"时权力很大","0","2","2"
"父母的疾病","0","2","2"
"我以为应该","0","2","2"
"感到非常不","0","2","2"
"是干什么的","0","2","2"
"人们称赞他","0","2","2"
"宋国初建时","0","2","2"
"在公众场合","0","2","2"
"为国子博士","0","2","2"
"他的儿子裴","0","2","2"
"和他交往的","0","2","2"
"没有得到批","0","2","2"
"有得到批准","0","2","2"
"听说了他的","0","2","2"
"任国子博士","0","2","2"
"任命为通直","0","2","2"
"南阳刘之遴","0","2","2"
"互相深深地","0","2","2"
"范阳人张缵","0","2","2"
"武帝因为这","0","2","2"
"谥号为贞子","0","2","2"
"兼任尚书水","0","2","2"
"任尚书水部","0","2","2"
"给他的妻子","0","2","2"
"而且擅长的","0","2","2"
"且擅长的是","0","2","2"
"自己的文章","0","2","2"
"当时无人能","0","2","2"
"无人能比得","0","2","2"
"人能比得上","0","2","2"
"颜延之因为","0","2","2"
"派出京城去","0","2","2"
"儿子的身份","0","2","2"
"他几个儿子","0","2","2"
"几个儿子的","0","2","2"
"在家闲居无","0","2","2"
"家闲居无事","0","2","2"
"调任国子祭","0","2","2"
"十分嫉妒他","0","2","2"
"任命他为金","0","2","2"
"命他为金紫","0","2","2"
"一点也不接","0","2","2"
"点也不接受","0","2","2"
"谥号为宪子","0","2","2"
"谢灵运两人","0","2","2"
"为咨议参军","0","2","2"
"孝武帝大怒","0","2","2"
"加任散骑常","0","2","2"
"王刘义恭的","0","2","2"
"儿子取名为","0","2","2"
"人们都非常","0","2","2"
"遇到了父亲","0","2","2"
"到了父亲的","0","2","2"
"了父亲的丧","0","2","2"
"心中十分不","0","2","2"
"中丞庾徽之","0","2","2"
"世人的非议","0","2","2"
"的爵位和封","0","2","2"
"爵位和封地","0","2","2"
"免去了他的","0","2","2"
"任颜师伯为","0","2","2"
"文帝请求让","0","2","2"
"文帝不答应","0","2","2"
"武帝曾经与","0","2","2"
"接受遗诏辅","0","2","2"
"受遗诏辅助","0","2","2"
"遗诏辅助幼","0","2","2"
"诏辅助幼主","0","2","2"
"皇上的爪牙","0","2","2"
"他们的阴谋","0","2","2"
"他与太宰江","0","2","2"
"与太宰江夏","0","2","2"
"武帝的第四","0","2","2"
"示有关部门","0","2","2"
"召他担任了","0","2","2"
"担任了尚书","0","2","2"
"受到当时人","0","2","2"
"中的贫困者","0","2","2"
"儿子名叫弘","0","2","2"
"会在我以上","0","2","2"
"对他非常赏","0","2","2"
"他非常赏识","0","2","2"
"他在狱中给","0","2","2"
"了他的罪过","0","2","2"
"落后于时机","0","2","2"
"为左户尚书","0","2","2"
"有什么意外","0","2","2"
"为国家考虑","0","2","2"
"暗中知道了","0","2","2"
"是为了私利","0","2","2"
"的超过半数","0","2","2"
"他的话所感","0","2","2"
"的话所感动","0","2","2"
"被任命为尚","0","2","2"
"年七十九岁","0","2","2"
"库中的兵甲","0","2","2"
"免了他的官","0","2","2"
"顾琛的母亲","0","2","2"
"年龄已经一","0","2","2"
"龄已经一百","0","2","2"
"已经一百多","0","2","2"
"经一百多岁","0","2","2"
"里有很多人","0","2","2"
"这是一个好","0","2","2"
"顾觊之担任","0","2","2"
"没有人能超","0","2","2"
"有人能超过","0","2","2"
"人能超过他","0","2","2"
"唐赐的妻子","0","2","2"
"自己的本分","0","2","2"
"在郡中工作","0","2","2"
"郡中工作了","0","2","2"
"羊玄保善于","0","2","2"
"玄保善于下","0","2","2"
"保善于下棋","0","2","2"
"认为这样做","0","2","2"
"想起羊玄保","0","2","2"
"升任散骑常","0","2","2"
"他的儿子羊","0","2","2"
"有金日石单","0","2","2"
"他一点也不","0","2","2"
"的人都认为","0","2","2"
"舍中的官吏","0","2","2"
"幼年聪明敏","0","2","2"
"年聪明敏捷","0","2","2"
"对他特别钟","0","2","2"
"他特别钟爱","0","2","2"
"做官担任尚","0","2","2"
"官担任尚书","0","2","2"
"为太子中舍","0","2","2"
"正赶上魏朝","0","2","2"
"什么办法呢","0","2","2"
"柳元景少年","0","2","2"
"元景少年时","0","2","2"
"景少年时期","0","2","2"
"就熟悉弓马","0","2","2"
"加任柳元景","0","2","2"
"任柳元景为","0","2","2"
"柳元景率领","0","2","2"
"对薛安都说","0","2","2"
"左右的人都","0","2","2"
"报告了柳元","0","2","2"
"告了柳元景","0","2","2"
"率领着骑兵","0","2","2"
"有两千多人","0","2","2"
"认为柳元景","0","2","2"
"为曲江县公","0","2","2"
"与沈庆之都","0","2","2"
"中正职务依","0","2","2"
"正职务依旧","0","2","2"
"封为巴东郡","0","2","2"
"与颜师伯等","0","2","2"
"善于写书信","0","2","2"
"宋朝的时候","0","2","2"
"晋朝太傅谢","0","2","2"
"朝太傅谢安","0","2","2"
"太傅谢安的","0","2","2"
"父亲去世后","0","2","2"
"骠骑从事中","0","2","2"
"骑从事中郎","0","2","2"
"上书请求在","0","2","2"
"为长兼侍中","0","2","2"
"琅笽人王融","0","2","2"
"都很怀念他","0","2","2"
"感染了疾病","0","2","2"
"在殿内值勤","0","2","2"
"前来送行的","0","2","2"
"的父亲刘面","0","2","2"
"父亲刘面力","0","2","2"
"父亲的尸体","0","2","2"
"任广州刺史","0","2","2"
"帝从寻阳回","0","2","2"
"从寻阳回来","0","2","2"
"父亲的朋友","0","2","2"
"任越骑校尉","0","2","2"
"当时武帝在","0","2","2"
"时武帝在东","0","2","2"
"受到损伤就","0","2","2"
"到损伤就会","0","2","2"
"当时的舆论","0","2","2"
"便停了下来","0","2","2"
"到他的名声","0","2","2"
"宴会的机会","0","2","2"
"朝廷宴会时","0","2","2"
"为黄门侍郎","0","2","2"
"时很重视他","0","2","2"
"很重视他的","0","2","2"
"当时荆州刺","0","2","2"
"任长水校尉","0","2","2"
"兼任南济阴","0","2","2"
"任南济阴太","0","2","2"
"皇上的意思","0","2","2"
"当天就把他","0","2","2"
"被孝武帝所","0","2","2"
"们兄弟不富","0","2","2"
"兄弟不富贵","0","2","2"
"来不及见到","0","2","2"
"以本官兼任","0","2","2"
"杀死了沈攸","0","2","2"
"死了沈攸之","0","2","2"
"了沈攸之的","0","2","2"
"荀伯玉劝高","0","2","2"
"高帝进入朝","0","2","2"
"帝进入朝堂","0","2","2"
"自己的部下","0","2","2"
"了三千多人","0","2","2"
"年龄二十五","0","2","2"
"龄二十五岁","0","2","2"
"他的党羽都","0","2","2"
"府中的文武","0","2","2"
"中的文武官","0","2","2"
"出了太极殿","0","2","2"
"帝的车驾到","0","2","2"
"扬州刺史职","0","2","2"
"州刺史职务","0","2","2"
"给竟陵王萧","0","2","2"
"有一万多人","0","2","2"
"给王俭写信","0","2","2"
"王俭写信说","0","2","2"
"他知道自己","0","2","2"
"萧嶷的妃子","0","2","2"
"嶷的妃子庾","0","2","2"
"的妃子庾氏","0","2","2"
"陛下寿比南","0","2","2"
"下寿比南山","0","2","2"
"太官一天到","0","2","2"
"官一天到晚","0","2","2"
"一天到晚送","0","2","2"
"天到晚送祭","0","2","2"
"到晚送祭奠","0","2","2"
"晚送祭奠物","0","2","2"
"送祭奠物品","0","2","2"
"仪仗一百人","0","2","2"
"十来天时间","0","2","2"
"受到亲近和","0","2","2"
"没有华丽的","0","2","2"
"诏令存放在","0","2","2"
"令存放在秘","0","2","2"
"存放在秘阁","0","2","2"
"曾经从容地","0","2","2"
"经从容地对","0","2","2"
"容地对他说","0","2","2"
"讲述武帝的","0","2","2"
"生性爱好山","0","2","2"
"性爱好山水","0","2","2"
"达自己的志","0","2","2"
"萧子显曾经","0","2","2"
"袒裸着身子","0","2","2"
"被任命为散","0","2","2"
"又历任侍中","0","2","2"
"祭祀天地祖","0","2","2"
"祀天地祖宗","0","2","2"
"诏书回答说","0","2","2"
"他自己说是","0","2","2"
"后来调出京","0","2","2"
"来调出京城","0","2","2"
"他的儿子萧","0","2","2"
"这是我家的","0","2","2"
"第五个儿子","0","2","2"
"在武帝面前","0","2","2"
"今天可以说","0","2","2"
"天可以说是","0","2","2"
"调出京城担","0","2","2"
"出京城担任","0","2","2"
"诸王都出去","0","2","2"
"王都出去了","0","2","2"
"有什么区别","0","2","2"
"当时鄱阳王","0","2","2"
"时鄱阳王萧","0","2","2"
"任中军将军","0","2","2"
"高帝的第十","0","2","2"
"帝十分恐惧","0","2","2"
"便秘密地派","0","2","2"
"左右的人不","0","2","2"
"他的母亲在","0","2","2"
"到的人无不","0","2","2"
"的人都哭了","0","2","2"
"们都称赞他","0","2","2"
"是国家栋梁","0","2","2"
"妻子米一百","0","2","2"
"子米一百斛","0","2","2"
"萧子良在西","0","2","2"
"有才学的人","0","2","2"
"担任了司徒","0","2","2"
"很大的名声","0","2","2"
"命为中书监","0","2","2"
"政治事务不","0","2","2"
"事情不论大","0","2","2"
"情不论大小","0","2","2"
"葬礼依照晋","0","2","2"
"礼依照晋朝","0","2","2"
"依照晋朝安","0","2","2"
"照晋朝安平","0","2","2"
"晋朝安平王","0","2","2"
"朝安平王的","0","2","2"
"后很不高兴","0","2","2"
"今天的仲舒","0","2","2"
"从前的仲舒","0","2","2"
"服登上城头","0","2","2"
"反叛父亲的","0","2","2"
"乘着舴艋小","0","2","2"
"着舴艋小舟","0","2","2"
"见了萧顺之","0","2","2"
"如果得了暨","0","2","2"
"果得了暨阳","0","2","2"
"唾他的脸说","0","2","2"
"帝让王敬则","0","2","2"
"年的时候在","0","2","2"
"听了很高兴","0","2","2"
"王敬则因为","0","2","2"
"任临淮太守","0","2","2"
"们全部杀死","0","2","2"
"了王敬则的","0","2","2"
"对王敬则说","0","2","2"
"的时候也是","0","2","2"
"时候也是这","0","2","2"
"候也是这样","0","2","2"
"他是功臣而","0","2","2"
"而没有问罪","0","2","2"
"王敬则把她","0","2","2"
"因此对他十","0","2","2"
"并担任都督","0","2","2"
"王敬则非常","0","2","2"
"王敬则自己","0","2","2"
"领军队讨伐","0","2","2"
"才得以幸免","0","2","2"
"给他开玩笑","0","2","2"
"微贱的时候","0","2","2"
"有个地方叫","0","2","2"
"热得像火烧","0","2","2"
"与豫章王萧","0","2","2"
"梦见一条狗","0","2","2"
"苟儿的名字","0","2","2"
"担任高帝的","0","2","2"
"对荀伯玉说","0","2","2"
"后来他跟随","0","2","2"
"高帝的骠骑","0","2","2"
"太守职务依","0","2","2"
"守职务依旧","0","2","2"
"任豫章内史","0","2","2"
"为海陵太守","0","2","2"
"叫着他的小","0","2","2"
"着他的小名","0","2","2"
"担任晋安王","0","2","2"
"举他为秀才","0","2","2"
"了解这一点","0","2","2"
"是从根本上","0","2","2"
"从根本上弄","0","2","2"
"根本上弄懂","0","2","2"
"本上弄懂了","0","2","2"
"从灵均以来","0","2","2"
"有的暗中与","0","2","2"
"不是由思考","0","2","2"
"是由思考得","0","2","2"
"由思考得来","0","2","2"
"不知道是什","0","2","2"
"知道是什么","0","2","2"
"见到他认为","0","2","2"
"他对群臣说","0","2","2"
"任通直常侍","0","2","2"
"任用他为主","0","2","2"
"用他为主簿","0","2","2"
"升迁为殿中","0","2","2"
"他为记室参","0","2","2"
"为记室参军","0","2","2"
"取了一百零","0","2","2"
"照他的意见","0","2","2"
"居住的宅院","0","2","2"
"知觉的东西","0","2","2"
"就进行沐浴","0","2","2"
"对刘善明说","0","2","2"
"刘善明的堂","0","2","2"
"为北海太守","0","2","2"
"为青州刺史","0","2","2"
"兼管南徐州","0","2","2"
"元二年去世","0","2","2"
"葛塘的库存","0","2","2"
"兼东宫通事","0","2","2"
"侯景假传诏","0","2","2"
"八岁能写文","0","2","2"
"的父亲刘虬","0","2","2"
"东王萧绎的","0","2","2"
"跟他开玩笑","0","2","2"
"心就薄弱了","0","2","2"
"鄱阳嗣王萧","0","2","2"
"阳嗣王萧范","0","2","2"
"而今本没有","0","2","2"
"风云兴起而","0","2","2"
"云兴起而蛟","0","2","2"
"兴起而蛟龙","0","2","2"
"起而蛟龙腾","0","2","2"
"而蛟龙腾跃","0","2","2"
"结果变成了","0","2","2"
"果变成了侯","0","2","2"
"变成了侯王","0","2","2"
"刘之遴当时","0","2","2"
"立萧正德为","0","2","2"
"萧正德为皇","0","2","2"
"正德为皇帝","0","2","2"
"预先知道了","0","2","2"
"宣武王萧懿","0","2","2"
"到当时人的","0","2","2"
"率领精兵三","0","2","2"
"古代贤相伊","0","2","2"
"上表请求回","0","2","2"
"派他的儿子","0","2","2"
"十分害怕他","0","2","2"
"征召他为太","0","2","2"
"因此而称赞","0","2","2"
"此而称赞他","0","2","2"
"受梁武帝的","0","2","2"
"接纳了侯景","0","2","2"
"萧会理领兵","0","2","2"
"对赵伯超说","0","2","2"
"萧方智为太","0","2","2"
"僧辩为大司","0","2","2"
"陈霸先杀了","0","2","2"
"霸先杀了王","0","2","2"
"先杀了王僧","0","2","2"
"永嘉王萧庄","0","2","2"
"川靖惠王萧","0","2","2"
"靖惠王萧宏","0","2","2"
"的第六个儿","0","2","2"
"第六个儿子","0","2","2"
"十年来没有","0","2","2"
"年来没有过","0","2","2"
"府同三司之","0","2","2"
"同三司之仪","0","2","2"
"未正式任命","0","2","2"
"不久又任命","0","2","2"
"朝廷下令严","0","2","2"
"是萧宏指使","0","2","2"
"武帝流着泪","0","2","2"
"齐东昏侯的","0","2","2"
"不久又官复","0","2","2"
"也很不高兴","0","2","2"
"店铺作抵押","0","2","2"
"写的文章有","0","2","2"
"前在蜀地时","0","2","2"
"却没有一点","0","2","2"
"委任他为平","0","2","2"
"起初童谣中","0","2","2"
"初童谣中有","0","2","2"
"童谣中有正","0","2","2"
"谣中有正平","0","2","2"
"此年号以应","0","2","2"
"年号以应童","0","2","2"
"号以应童谣","0","2","2"
"侯景作丞相","0","2","2"
"正德为侍中","0","2","2"
"他多次升迁","0","2","2"
"武帝对他的","0","2","2"
"出任益州刺","0","2","2"
"湘潭侯萧退","0","2","2"
"上奏朝廷说","0","2","2"
"当时梁武帝","0","2","2"
"加封为开府","0","2","2"
"当时朱异刚","0","2","2"
"没什么遗憾","0","2","2"
"改为南豫州","0","2","2"
"景在涡阳战","0","2","2"
"在涡阳战败","0","2","2"
"侯景包围了","0","2","2"
"有几千人马","0","2","2"
"武帝知道了","0","2","2"
"月初一早上","0","2","2"
"都认为这是","0","2","2"
"不露在脸上","0","2","2"
"军北侵魏国","0","2","2"
"朝野上下都","0","2","2"
"侯景入侵建","0","2","2"
"景入侵建邺","0","2","2"
"领兵入京救","0","2","2"
"兵入京救援","0","2","2"
"梁元帝又派","0","2","2"
"的部将慕容","0","2","2"
"不止一次地","0","2","2"
"穿粗布衣服","0","2","2"
"经常限制他","0","2","2"
"被任命为都","0","2","2"
"任命为都督","0","2","2"
"知道他的模","0","2","2"
"道他的模样","0","2","2"
"关官员奏请","0","2","2"
"达自己的心","0","2","2"
"偷了他的灵","0","2","2"
"了他的灵柩","0","2","2"
"梁武帝的宠","0","2","2"
"武帝的宠爱","0","2","2"
"禁起来送往","0","2","2"
"让你们知道","0","2","2"
"史封山侯萧","0","2","2"
"封山侯萧正","0","2","2"
"山侯萧正表","0","2","2"
"都兵力虚弱","0","2","2"
"的弟弟通理","0","2","2"
"梁武帝的第","0","2","2"
"复了他的封","0","2","2"
"萧纶担任了","0","2","2"
"为衡州刺史","0","2","2"
"什么东西在","0","2","2"
"军入京救援","0","2","2"
"淹死的有十","0","2","2"
"从京口出发","0","2","2"
"南安侯萧骏","0","2","2"
"他写了一封","0","2","2"
"了一封信给","0","2","2"
"了几天仍不","0","2","2"
"中没有积蓄","0","2","2"
"镇守京口时","0","2","2"
"皇帝下诏任","0","2","2"
"侯景违背盟","0","2","2"
"景违背盟约","0","2","2"
"受到皇帝的","0","2","2"
"到皇帝的宠","0","2","2"
"永丰侯萧扌","0","2","2"
"丰侯萧扌为","0","2","2"
"对所亲近的","0","2","2"
"任西阳太守","0","2","2"
"任梁州刺史","0","2","2"
"而任命他为","0","2","2"
"梁元帝命令","0","2","2"
"向萧纪报知","0","2","2"
"以后才知道","0","2","2"
"萧纪不肯听","0","2","2"
"纪不肯听从","0","2","2"
"十多座城池","0","2","2"
"派人对他说","0","2","2"
"听到这个消","0","2","2"
"到这个消息","0","2","2"
"当侯景叛乱","0","2","2"
"被有关官员","0","2","2"
"有什么功劳","0","2","2"
"推辞不肯接","0","2","2"
"侯景的同党","0","2","2"
"只有二十八","0","2","2"
"有二十八岁","0","2","2"
"他是什么原","0","2","2"
"武帝未登基","0","2","2"
"对他推心置","0","2","2"
"他推心置腹","0","2","2"
"平定了建康","0","2","2"
"定了建康城","0","2","2"
"进位为司空","0","2","2"
"无缘无故自","0","2","2"
"任武陵太守","0","2","2"
"雍州刺史时","0","2","2"
"东昏侯大将","0","2","2"
"昏侯大将李","0","2","2"
"侯大将李居","0","2","2"
"大将李居士","0","2","2"
"山王元英进","0","2","2"
"王元英进攻","0","2","2"
"刺史昌义之","0","2","2"
"州刺史韦睿","0","2","2"
"武帝听到后","0","2","2"
"帝听到后说","0","2","2"
"喊声震天动","0","2","2"
"一个劲儿地","0","2","2"
"都穿着锦绣","0","2","2"
"对他的亲近","0","2","2"
"他的亲近人","0","2","2"
"的亲近人说","0","2","2"
"齐朝官作到","0","2","2"
"西昌侯萧渊","0","2","2"
"昌侯萧渊藻","0","2","2"
"的军队到建","0","2","2"
"当时人们称","0","2","2"
"到益州作刺","0","2","2"
"益州作刺史","0","2","2"
"说的就是这","0","2","2"
"宽松的官服","0","2","2"
"为政清廉简","0","2","2"
"政清廉简约","0","2","2"
"将要赴任时","0","2","2"
"国家栋梁之","0","2","2"
"家栋梁之臣","0","2","2"
"听到他的死","0","2","2"
"到他的死讯","0","2","2"
"孩子不是平","0","2","2"
"初次作官任","0","2","2"
"武帝对徐勉","0","2","2"
"豫州刺史时","0","2","2"
"最终也不会","0","2","2"
"任命他为中","0","2","2"
"等萧衍起兵","0","2","2"
"梁朝大举北","0","2","2"
"朝大举北侵","0","2","2"
"到中书省值","0","2","2"
"是委任他为","0","2","2"
"委任他为南","0","2","2"
"受国家重恩","0","2","2"
"作领军将军","0","2","2"
"在宫内值班","0","2","2"
"武帝说起此","0","2","2"
"帝说起此事","0","2","2"
"侍奉母亲孝","0","2","2"
"他与众不同","0","2","2"
"刘王献门下","0","2","2"
"落在茵席上","0","2","2"
"的物质实体","0","2","2"
"的作用表现","0","2","2"
"没有了锋利","0","2","2"
"没有听说过","0","2","2"
"的神灵在哪","0","2","2"
"因为母亲去","0","2","2"
"为母亲去世","0","2","2"
"母亲去世而","0","2","2"
"见到他很高","0","2","2"
"到他很高兴","0","2","2"
"次作郡太守","0","2","2"
"谁也比不上","0","2","2"
"屡次升迁为","0","2","2"
"崔慧景起兵","0","2","2"
"韦睿率领本","0","2","2"
"见到韦睿很","0","2","2"
"我的大事成","0","2","2"
"的大事成功","0","2","2"
"大事成功了","0","2","2"
"死的有十之","0","2","2"
"天比一天艰","0","2","2"
"十岁以上的","0","2","2"
"朝廷下诏不","0","2","2"
"赐给鼓吹一","0","2","2"
"给鼓吹一部","0","2","2"
"都分送给亲","0","2","2"
"分送给亲朋","0","2","2"
"送给亲朋故","0","2","2"
"给亲朋故友","0","2","2"
"把他们的像","0","2","2"
"于是被贬为","0","2","2"
"为信武将军","0","2","2"
"的地盘已经","0","2","2"
"不敢再出战","0","2","2"
"晋封爵位为","0","2","2"
"封爵位为侯","0","2","2"
"初次作官为","0","2","2"
"南徐州从事","0","2","2"
"宋朝建平王","0","2","2"
"朝建平王刘","0","2","2"
"天就把他放","0","2","2"
"被举为南徐","0","2","2"
"举为南徐州","0","2","2"
"为南徐州秀","0","2","2"
"作荆州刺史","0","2","2"
"齐高帝萧道","0","2","2"
"高帝萧道成","0","2","2"
"他为尚书驾","0","2","2"
"江淹回答说","0","2","2"
"的记室参军","0","2","2"
"在世上流行","0","2","2"
"拜中书侍郎","0","2","2"
"王俭每次见","0","2","2"
"俭每次见到","0","2","2"
"每次见到他","0","2","2"
"后来作司徒","0","2","2"
"自以为天下","0","2","2"
"以为天下无","0","2","2"
"是委任他作","0","2","2"
"郁林王萧昭","0","2","2"
"林王萧昭业","0","2","2"
"我要是作了","0","2","2"
"要是作了三","0","2","2"
"用自己私人","0","2","2"
"和他一起游","0","2","2"
"他一起游览","0","2","2"
"一起游览山","0","2","2"
"自齐永元年","0","2","2"
"齐永元年间","0","2","2"
"以清廉闻名","0","2","2"
"所撰写的文","0","2","2"
"撰写的文章","0","2","2"
"作尚书仓部","0","2","2"
"时父亲去世","0","2","2"
"十六岁时丧","0","2","2"
"委任江革为","0","2","2"
"活到六十岁","0","2","2"
"到六十岁了","0","2","2"
"任他为太尉","0","2","2"
"作都官尚书","0","2","2"
"后又改任临","0","2","2"
"又改任吏部","0","2","2"
"改任吏部尚","0","2","2"
"时人都佩服","0","2","2"
"人都佩服他","0","2","2"
"在东宫侍奉","0","2","2"
"认为梁武帝","0","2","2"
"又被任命为","0","2","2"
"伏日恒代替","0","2","2"
"严植之掌管","0","2","2"
"植之掌管凶","0","2","2"
"之掌管凶礼","0","2","2"
"书侍郎周扌","0","2","2"
"侍郎周扌舍","0","2","2"
"于天监六年","0","2","2"
"在天监十一","0","2","2"
"出一部分赡","0","2","2"
"一部分赡养","0","2","2"
"遗留给子孙","0","2","2"
"人员四十人","0","2","2"
"请求不要出","0","2","2"
"有关方面上","0","2","2"
"关方面上奏","0","2","2"
"到朝廷陈述","0","2","2"
"赞许他的义","0","2","2"
"许他的义气","0","2","2"
"举止有风度","0","2","2"
"周扌舍死后","0","2","2"
"都受到宠幸","0","2","2"
"中书舍人的","0","2","2"
"武帝召集群","0","2","2"
"帝召集群臣","0","2","2"
"射谢举等人","0","2","2"
"武帝的心思","0","2","2"
"被东魏战败","0","2","2"
"等人专断朝","0","2","2"
"人专断朝政","0","2","2"
"父亲徐扌离","0","2","2"
"为通直散骑","0","2","2"
"兼任通直散","0","2","2"
"任通直散骑","0","2","2"
"被讨平之后","0","2","2"
"兼领大著作","0","2","2"
"下诏任命吴","0","2","2"
"诏任命吴明","0","2","2"
"后主因此而","0","2","2"
"当时人都认","0","2","2"
"时人都认为","0","2","2"
"他为领军将","0","2","2"
"于是侯景就","0","2","2"
"州刺史侯王","0","2","2"
"刺史侯王真","0","2","2"
"武帝陈霸先","0","2","2"
"们都很害怕","0","2","2"
"了太极殿和","0","2","2"
"太极殿和东","0","2","2"
"极殿和东西","0","2","2"
"殿和东西堂","0","2","2"
"侯景的功劳","0","2","2"
"僧辩命侯王","0","2","2"
"辩命侯王真","0","2","2"
"裴之横向东","0","2","2"
"之横向东追","0","2","2"
"僧辩对他说","0","2","2"
"征调王僧辩","0","2","2"
"作都督统率","0","2","2"
"僧辩不接受","0","2","2"
"没有一点儿","0","2","2"
"兴太守裴之","0","2","2"
"太守裴之横","0","2","2"
"不因富贵而","0","2","2"
"人们都称颂","0","2","2"
"们都称颂她","0","2","2"
"齐文宣帝高","0","2","2"
"文宣帝高洋","0","2","2"
"的贞阳侯萧","0","2","2"
"骑常侍裴之","0","2","2"
"他儿子王危","0","2","2"
"陈武帝镇守","0","2","2"
"武帝镇守京","0","2","2"
"帝镇守京口","0","2","2"
"听到这消息","0","2","2"
"帝很赞赏他","0","2","2"
"很赞赏他的","0","2","2"
"羊侃被封为","0","2","2"
"率领他的部","0","2","2"
"所率领的部","0","2","2"
"争先恐后地","0","2","2"
"韦黯懦弱而","0","2","2"
"加封他为侍","0","2","2"
"封他为侍中","0","2","2"
"修建起长围","0","2","2"
"城内的土山","0","2","2"
"像以前那样","0","2","2"
"羊昆鸟拔刀","0","2","2"
"最亲近的人","0","2","2"
"侯景的命令","0","2","2"
"部将宋子仙","0","2","2"
"得到的赏赐","0","2","2"
"出他的肠子","0","2","2"
"任命他为都","0","2","2"
"命他为都督","0","2","2"
"所信用的人","0","2","2"
"又派使者到","0","2","2"
"他的老婆孩","0","2","2"
"的老婆孩子","0","2","2"
"王琳的部将","0","2","2"
"每到要打胜","0","2","2"
"到要打胜仗","0","2","2"
"要打胜仗时","0","2","2"
"赐给他一班","0","2","2"
"王琳的首级","0","2","2"
"封为康乐县","0","2","2"
"性情严厉苛","0","2","2"
"情严厉苛刻","0","2","2"
"太建十一年","0","2","2"
"又委任他为","0","2","2"
"们抓起来送","0","2","2"
"抓起来送交","0","2","2"
"不久又升为","0","2","2"
"命令杜僧明","0","2","2"
"终于活捉了","0","2","2"
"于活捉了李","0","2","2"
"活捉了李迁","0","2","2"
"捉了李迁仕","0","2","2"
"杜僧明为前","0","2","2"
"僧明为前军","0","2","2"
"奏朝廷委任","0","2","2"
"杜僧明率领","0","2","2"
"侯景被讨平","0","2","2"
"配祭于陈武","0","2","2"
"祭于陈武帝","0","2","2"
"文育的母亲","0","2","2"
"周文育领兵","0","2","2"
"周文育和他","0","2","2"
"得到二千两","0","2","2"
"到二千两银","0","2","2"
"二千两银子","0","2","2"
"和杜僧明为","0","2","2"
"命周文育为","0","2","2"
"命令周文育","0","2","2"
"周文育攻打","0","2","2"
"文育攻打他","0","2","2"
"派周文育和","0","2","2"
"于是占据了","0","2","2"
"令周文育总","0","2","2"
"周文育总督","0","2","2"
"文育总督众","0","2","2"
"育总督众军","0","2","2"
"周文育的军","0","2","2"
"徐嗣徽等人","0","2","2"
"弟弟余孝劢","0","2","2"
"周文育占据","0","2","2"
"当时在南康","0","2","2"
"为西道都督","0","2","2"
"为南道都督","0","2","2"
"吴明彻的军","0","2","2"
"明彻的军队","0","2","2"
"每次作战都","0","2","2"
"委任他为将","0","2","2"
"任他为将帅","0","2","2"
"侯瑱被任命","0","2","2"
"瑱被任命为","0","2","2"
"的世子萧嗣","0","2","2"
"到侯景那里","0","2","2"
"侯瑱的妻子","0","2","2"
"瑱的妻子和","0","2","2"
"的妻子和弟","0","2","2"
"妻子和弟弟","0","2","2"
"僧辩讨伐侯","0","2","2"
"辩讨伐侯景","0","2","2"
"还未到达而","0","2","2"
"归附陈武帝","0","2","2"
"晋位为司空","0","2","2"
"又任命侯瑱","0","2","2"
"侯瑱为都督","0","2","2"
"十里的地方","0","2","2"
"梁大同年间","0","2","2"
"作吴兴太守","0","2","2"
"下诏令昭达","0","2","2"
"翻过东兴岭","0","2","2"
"因功被授予","0","2","2"
"封他为邵陵","0","2","2"
"被诛灭三族","0","2","2"
"朝任右军将","0","2","2"
"觉得他很不","0","2","2"
"为安南将军","0","2","2"
"吴明彻自己","0","2","2"
"朝廷诏令吴","0","2","2"
"廷诏令吴明","0","2","2"
"令吴明彻任","0","2","2"
"军队打跑了","0","2","2"
"军队到吕梁","0","2","2"
"陈宣帝准备","0","2","2"
"周朝派大将","0","2","2"
"听从了他们","0","2","2"
"授鲁悉达为","0","2","2"
"鲁悉达为北","0","2","2"
"悉达为北江","0","2","2"
"达为北江州","0","2","2"
"为北江州刺","0","2","2"
"鲁广达带领","0","2","2"
"隋将韩擒虎","0","2","2"
"摩诃又请求","0","2","2"
"诃又请求说","0","2","2"
"官作南徐州","0","2","2"
"后主拿出许","0","2","2"
"主拿出许多","0","2","2"
"拿出许多金","0","2","2"
"因有功被授","0","2","2"
"后主听从了","0","2","2"
"人都觉得他","0","2","2"
"梁元帝在荆","0","2","2"
"元帝在荆州","0","2","2"
"简文帝萧纲","0","2","2"
"都对他表示","0","2","2"
"用六十四人","0","2","2"
"梁武帝认为","0","2","2"
"任东宫通事","0","2","2"
"下诏让他主","0","2","2"
"兼任著作郎","0","2","2"
"帝下诏任他","0","2","2"
"下诏任他为","0","2","2"
"封他为员外","0","2","2"
"他为员外散","0","2","2"
"以六年为期","0","2","2"
"虽然时事艰","0","2","2"
"然时事艰难","0","2","2"
"不侵扰百姓","0","2","2"
"以三年为期","0","2","2"
"县长官有才","0","2","2"
"长官有才能","0","2","2"
"无人比得上","0","2","2"
"被破格提拔","0","2","2"
"是吴兴武康","0","2","2"
"宋元嘉年间","0","2","2"
"等明帝即位","0","2","2"
"后来升迁兼","0","2","2"
"来升迁兼任","0","2","2"
"十里外的山","0","2","2"
"改任中书郎","0","2","2"
"能按自己的","0","2","2"
"自己的意志","0","2","2"
"己的意志行","0","2","2"
"的意志行事","0","2","2"
"的都叛逃了","0","2","2"
"一点儿也没","0","2","2"
"伏暅的父亲","0","2","2"
"暅的父亲伏","0","2","2"
"的父亲伏曼","0","2","2"
"父亲伏曼容","0","2","2"
"梁武帝登基","0","2","2"
"为新安太守","0","2","2"
"领长水校尉","0","2","2"
"为妹妹办丧","0","2","2"
"妹妹办丧事","0","2","2"
"当时的君主","0","2","2"
"州里征召他","0","2","2"
"齐武帝即位","0","2","2"
"作骁骑将军","0","2","2"
"司空从事中","0","2","2"
"空从事中郎","0","2","2"
"孝子不在日","0","2","2"
"子不在日代","0","2","2"
"不在日代哭","0","2","2"
"围着破棉絮","0","2","2"
"转任竟陵王","0","2","2"
"任竟陵王司","0","2","2"
"就是所谓的","0","2","2"
"作会稽太守","0","2","2"
"廷下诏让他","0","2","2"
"在山阴集市","0","2","2"
"便高兴得忘","0","2","2"
"高兴得忘了","0","2","2"
"兴得忘了吃","0","2","2"
"得忘了吃饭","0","2","2"
"刺史王弘想","0","2","2"
"戴顒就在此","0","2","2"
"王刘义季镇","0","2","2"
"刘义季镇守","0","2","2"
"任中书通事","0","2","2"
"只是徒有虚","0","2","2"
"徒有虚名而","0","2","2"
"有虚名而已","0","2","2"
"流放到边远","0","2","2"
"宋孝武帝大","0","2","2"
"齐东昏侯时","0","2","2"
"东昏侯左右","0","2","2"
"宦官王宝孙","0","2","2"
"平定建邺后","0","2","2"
"宣化从事朱","0","2","2"
"化从事朱应","0","2","2"
"几十个国家","0","2","2"
"进犯九德郡","0","2","2"
"位让给自己","0","2","2"
"都派使者来","0","2","2"
"武帝孝建二","0","2","2"
"帝孝建二年","0","2","2"
"使者进献地","0","2","2"
"者进献地方","0","2","2"
"次派使者朝","0","2","2"
"跋摩派使臣","0","2","2"
"摩派使臣朝","0","2","2"
"派使臣朝贡","0","2","2"
"人知道他的","0","2","2"
"派中郎康泰","0","2","2"
"开始派使者","0","2","2"
"王忄乔陈如","0","2","2"
"廷下诏封他","0","2","2"
"诏封他为安","0","2","2"
"又派使者来","0","2","2"
"自从晋朝南","0","2","2"
"从晋朝南渡","0","2","2"
"祖先的来历","0","2","2"
"宋武帝称帝","0","2","2"
"高琏派长史","0","2","2"
"来进献地方","0","2","2"
"晋封高琏为","0","2","2"
"封他为使持","0","2","2"
"他为使持节","0","2","2"
"上表进献地","0","2","2"
"表进献地方","0","2","2"
"下诏让他儿","0","2","2"
"诏让他儿子","0","2","2"
"后来逐渐强","0","2","2"
"来逐渐强大","0","2","2"
"以东千余里","0","2","2"
"向梁朝上表","0","2","2"
"中国所说的","0","2","2"
"国所说的郡","0","2","2"
"所说的郡县","0","2","2"
"翻译才能懂","0","2","2"
"他为安东将","0","2","2"
"遣使者来献","0","2","2"
"大概是匈奴","0","2","2"
"开始和江南","0","2","2"
"始和江南交","0","2","2"
"和江南交通","0","2","2"
"抓到宇文泰","0","2","2"
"占据了悬瓠","0","2","2"
"派人对绍宗","0","2","2"
"人对绍宗说","0","2","2"
"于是侯景派","0","2","2"
"中领军朱异","0","2","2"
"涡阳战败后","0","2","2"
"侯景有异心","0","2","2"
"带甲兵入朝","0","2","2"
"南浦侯萧推","0","2","2"
"烧了个净光","0","2","2"
"城被攻陷后","0","2","2"
"侯景的仪同","0","2","2"
"武帝发怒说","0","2","2"
"保全军队退","0","2","2"
"全军队退回","0","2","2"
"史湘东王萧","0","2","2"
"以为是什么","0","2","2"
"简文帝坐着","0","2","2"
"伪仪同陈庆","0","2","2"
"假借帝命下","0","2","2"
"借皇帝名义","0","2","2"
"皇帝名义给","0","2","2"
"帝名义给自","0","2","2"
"义给自己加","0","2","2"
"简文帝到西","0","2","2"
"文帝到西州","0","2","2"
"又借萧栋名","0","2","2"
"借萧栋名义","0","2","2"
"祖父叫乙羽","0","2","2"
"父叫乙羽周","0","2","2"
"头送到江陵","0","2","2"
"文帝派都督","0","2","2"
"是会稽山阴","0","2","2"
"自称使持节","0","2","2"
"济新罗任那","0","2","2"
"修容为九嫔","0","2","2"
