"N-gram","新唐书","新唐书翻译","Total"
"同中书门下平章","167","166","333"
"中书门下平章事","166","167","333"
"同中书门下三品","81","80","161"
"凤阁鸾台平章事","48","47","95"
"同凤阁鸾台平章","48","46","94"
"同凤阁鸾台三品","22","22","44"
"记录囚犯的罪状","0","44","44"
"讯察记录囚犯的","0","42","42"
"察记录囚犯的罪","0","42","42"
"任同中书门下平","0","37","37"
"幽州卢龙军节度","16","16","32"
"州卢龙军节度使","16","16","32"
"加同中书门下平","1","31","32"
"加同中书门下三","0","28","28"
"加同凤阁鸾台平","0","27","27"
"并加同中书门下","0","26","26"
"赐予文武官员官","0","26","26"
"予文武官员官阶","0","25","25"
"因旱灾避离正殿","0","23","23"
"山南东道节度使","10","11","21"
"宗因旱灾避离正","0","20","20"
"剑南西川节度使","9","9","18"
"州大都督府长史","9","9","18"
"在京城南郊祭天","0","18","18"
"山南西道节度使","9","8","17"
"诸道盐铁转运使","8","8","16"
"朔方道行军大总","7","8","15"
"方道行军大总管","7","8","15"
"神策军护军中尉","7","8","15"
"白天出现太白星","0","15","15"
"死罪以下囚犯减","0","14","14"
"罪以下囚犯减刑","0","14","14"
"加同凤阁鸾台三","0","13","13"
"反叛依附朱全忠","0","13","13"
"肃政台御史大夫","6","6","12"
"行营兵马副元帅","6","6","12"
"成德军节度使王","6","6","12"
"宗在太清宫举行","0","12","12"
"左肃政台御史大","5","5","10"
"剑南东川节度使","5","5","10"
"右金吾卫大将军","5","5","10"
"卢龙军节度使刘","5","5","10"
"因旱灾讯察记录","0","10","10"
"旱灾讯察记录囚","0","10","10"
"灾讯察记录囚犯","0","10","10"
"用祭品的朝献祭","0","10","10"
"一并加同中书门","0","10","10"
"享用祭品的朝献","0","9","9"
"十岁以上的老人","0","9","9"
"赐给文武官员官","0","9","9"
"并加同凤阁鸾台","0","9","9"
"对死罪以下囚犯","0","9","9"
"吐蕃军进犯灵州","0","9","9"
"在太清宫举行装","0","9","9"
"太清宫举行装扮","0","9","9"
"清宫举行装扮受","0","9","9"
"宫举行装扮受祭","0","9","9"
"举行装扮受祭者","0","9","9"
"行装扮受祭者享","0","9","9"
"装扮受祭者享用","0","9","9"
"扮受祭者享用祭","0","9","9"
"昭义军节度使李","4","4","8"
"卫大将军李多祚","4","4","8"
"平壤道行军总管","4","4","8"
"左金吾卫大将军","4","4","8"
"同紫微黄门平章","4","4","8"
"紫微黄门平章事","4","4","8"
"河东节度副大使","4","4","8"
"八十岁以上老人","0","8","8"
"高宗因旱灾避离","0","8","8"
"给文武官员官阶","0","8","8"
"以防备突厥来犯","0","8","8"
"对死罪囚犯减刑","0","8","8"
"祭品的朝献祭礼","0","8","8"
"受祭者享用祭品","0","8","8"
"祭者享用祭品的","0","8","8"
"者享用祭品的朝","0","8","8"
"五品上子父后者","7","0","7"
"子父后者勋两转","7","0","7"
"左神策军护军中","3","4","7"
"并任同中书门下","0","7","7"
"八十岁以上的老","0","7","7"
"罪以下的犯人减","0","7","7"
"以下的犯人减刑","0","7","7"
"自温泉返回京城","0","7","7"
"赐予宫廷内外官","0","7","7"
"予宫廷内外官员","0","7","7"
"辽东道行军总管","3","3","6"
"朔方军节度副大","3","3","6"
"方军节度副大使","3","3","6"
"淮南节度副大使","3","3","6"
"四面行营副都统","3","3","6"
"赠开府仪同三司","5","1","6"
"臣上尊号曰开元","6","0","6"
"大圣大安孝皇帝","4","2","6"
"陕东道大行台尚","3","3","6"
"东道大行台尚书","3","3","6"
"定襄道行军大总","3","3","6"
"襄道行军大总管","3","3","6"
"海道行军大总管","3","3","6"
"河道行军大总管","3","3","6"
"平壤道行军大总","3","3","6"
"壤道行军大总管","3","3","6"
"辽东道行军大总","3","3","6"
"东道行军大总管","3","3","6"
"丘道行军大总管","3","3","6"
"肃政台御史中丞","3","3","6"
"春官尚书武三思","3","3","6"
"益州大都督府长","3","3","6"
"河北道行军元帅","3","3","6"
"灵武道行军大总","3","3","6"
"武道行军大总管","3","3","6"
"平卢军节度使李","3","3","6"
"宣武军节度使刘","3","3","6"
"彰义军节度使吴","3","3","6"
"义军节度使吴少","3","3","6"
"昭义军节度使刘","3","3","6"
"卢龙军节度使李","3","3","6"
"左右神策军护军","3","3","6"
"右神策军护军中","3","3","6"
"平卢军节度使王","3","3","6"
"凤翔陇右节度使","3","3","6"
"保大军节度使李","3","3","6"
"在京城南郊举行","0","6","6"
"京城南郊举行祭","0","6","6"
"城南郊举行祭天","0","6","6"
"南郊举行祭天大","0","6","6"
"郊举行祭天大典","0","6","6"
"十二月二十七日","0","6","6"
"为开府仪同三司","0","6","6"
"年正月二十三日","0","6","6"
"十一月二十一日","0","6","6"
"死罪以下的犯人","0","6","6"
"年正月二十八日","0","6","6"
"以下的罪犯免刑","0","6","6"
"十二月二十四日","0","6","6"
"五品以上官员勋","0","6","6"
"任朔方道行军大","0","6","6"
"流放罪以下的犯","0","6","6"
"放罪以下的犯人","0","6","6"
"白昼出现太白星","0","6","6"
"任天下兵马元帅","0","6","6"
"驱逐其节度使李","0","6","6"
"建立纪元年号为","0","6","6"
"右羽林军大将军","3","2","5"
"左羽林卫大将军","3","2","5"
"群臣上尊号曰开","5","0","5"
"卫大将军契苾何","5","0","5"
"大将军契苾何力","5","0","5"
"品上子父后者勋","5","0","5"
"子父后者勋一转","5","0","5"
"这是不行的原因","0","5","5"
"是不行的原因之","0","5","5"
"担任同中书门下","0","5","5"
"十二月二十一日","0","5","5"
"中八十岁以上的","0","5","5"
"卫大将军契絆何","0","5","5"
"大将军契絆何力","0","5","5"
"将军契絆何力任","0","5","5"
"赐予臣民聚饮三","0","5","5"
"予臣民聚饮三日","0","5","5"
"加同东西台三品","0","5","5"
"赐许百姓聚饮三","0","5","5"
"许百姓聚饮三日","0","5","5"
"宗在京城南郊祭","0","5","5"
"门下省讯察记录","0","5","5"
"下省讯察记录囚","0","5","5"
"省讯察记录囚犯","0","5","5"
"以下的犯人免刑","0","5","5"
"玄宗自华清宫返","0","5","5"
"宗自华清宫返京","0","5","5"
"郭子仪与安庆绪","0","5","5"
"司隶大夫薛道衡","2","2","4"
"黄门侍郎褚遂良","2","2","4"
"御史大夫骞味道","3","1","4"
"卫大将军黑齿常","2","2","4"
"淮西节度使李忠","2","2","4"
"西节度使李忠臣","2","2","4"
"永平军节度使李","2","2","4"
"平军节度使李勉","2","2","4"
"南西川节度使张","2","2","4"
"西川节度使张延","2","2","4"
"川节度使张延赏","2","2","4"
"卢龙军节度使张","2","2","4"
"龙军节度使张仲","2","2","4"
"军节度使张仲武","2","2","4"
"金吾卫大将军李","2","2","4"
"忠武军节度使王","2","2","4"
"彰义军节度使张","2","2","4"
"静难军节度使李","2","2","4"
"难军节度使李思","2","2","4"
"军节度使李思谏","2","2","4"
"葱山道行军大总","2","2","4"
"山道行军大总管","2","2","4"
"积石道行军总管","2","2","4"
"丞相府司录参军","2","2","4"
"扬州大都督府长","2","2","4"
"天皇大圣大弘孝","2","2","4"
"皇大圣大弘孝皇","2","2","4"
"大圣大弘孝皇帝","2","2","4"
"羽林卫大将军李","2","2","4"
"林卫大将军李多","2","2","4"
"右羽林卫大将军","2","2","4"
"上尊号曰开元天","4","0","4"
"宝圣文神武应道","2","2","4"
"圣文神武应道皇","2","2","4"
"文神武应道皇帝","2","2","4"
"太原道行军元帅","2","2","4"
"晋州道行军总管","2","2","4"
"左武卫将军王君","2","2","4"
"益州道行台左仆","2","2","4"
"州道行台左仆射","2","2","4"
"道大行台尚书令","2","2","4"
"州道行台尚书令","2","2","4"
"御史大夫温彦博","2","2","4"
"右屯卫大将军张","2","2","4"
"赤水道行军总管","2","2","4"
"弥道行军大总管","2","2","4"
"交河道行军大总","2","2","4"
"青丘道行军大总","2","2","4"
"左骁卫大将军契","2","2","4"
"骁卫大将军契苾","4","0","4"
"文德皇后长孙氏","1","3","4"
"右骁卫大将军契","2","2","4"
"卫大将军苏定方","2","2","4"
"扶余道行军总管","2","2","4"
"逻娑道行军大总","2","2","4"
"娑道行军大总管","2","2","4"
"州道行军大总管","2","2","4"
"右武卫将军程务","2","2","4"
"武卫将军程务挺","2","2","4"
"卫大将军程务挺","2","2","4"
"燕然道行军大总","2","2","4"
"然道行军大总管","2","2","4"
"太祖孝明高皇帝","2","2","4"
"凤阁侍郎任知古","2","2","4"
"越古金轮圣神皇","2","2","4"
"古金轮圣神皇帝","2","2","4"
"政台御史大夫杨","2","2","4"
"右肃政台御史中","2","2","4"
"边道行军大总管","2","2","4"
"河北道行军副元","2","2","4"
"北道行军副元帅","2","2","4"
"河北道安抚大使","2","2","4"
"兵部尚书郭元振","2","2","4"
"持节朔方军节度","2","2","4"
"节朔方军节度大","2","2","4"
"朔方军节度大使","2","2","4"
"陇右节度副大使","2","2","4"
"陇右节度使皇甫","2","2","4"
"右节度使皇甫惟","2","2","4"
"节度使皇甫惟明","2","2","4"
"陇右节度使哥舒","2","2","4"
"右节度使哥舒翰","2","2","4"
"开元天地大宝圣","2","2","4"
"元天地大宝圣文","2","2","4"
"天地大宝圣文神","2","2","4"
"地大宝圣文神武","2","2","4"
"李光弼史思明战","4","0","4"
"乾元大圣光天文","2","2","4"
"元大圣光天文武","2","2","4"
"大圣光天文武孝","2","2","4"
"圣光天文武孝感","2","2","4"
"朔方军节度留后","2","2","4"
"山南西道副元帅","2","2","4"
"成德军节度使李","2","2","4"
"德军节度使李宝","2","2","4"
"军节度使李宝臣","2","2","4"
"诸军行营兵马副","2","2","4"
"军行营兵马副元","2","2","4"
"南西川节度使韦","2","2","4"
"西川节度使韦皋","2","2","4"
"龙军节度使刘济","2","2","4"
"军节度使吴少诚","2","2","4"
"官子父后者勋两","4","0","4"
"横海军节度使程","2","2","4"
"军中尉吐突承璀","2","2","4"
"义武军节度使张","2","2","4"
"节度使乌重胤讨","2","2","4"
"宣武军节度使韩","2","2","4"
"忠武军节度使李","2","2","4"
"武军节度使李光","2","2","4"
"军节度使李光颜","2","2","4"
"横海军节度使乌","2","2","4"
"海军节度使乌重","2","2","4"
"军节度使乌重胤","2","2","4"
"义军节度使刘悟","2","2","4"
"幽州卢龙军兵马","2","2","4"
"南西道节度使李","2","2","4"
"加开府仪同三司","4","0","4"
"德军节度使王元","2","2","4"
"军节度使王元逵","2","2","4"
"策军护军中尉马","2","2","4"
"军护军中尉马元","2","2","4"
"护军中尉马元贽","2","2","4"
"军中尉马元贽立","2","2","4"
"中尉马元贽立光","2","2","4"
"尉马元贽立光王","2","2","4"
"龙军节度使李匡","2","2","4"
"南东川节度使顾","2","2","4"
"东川节度使顾彦","2","2","4"
"义昌军节度使卢","2","2","4"
"昌军节度使卢彦","2","2","4"
"军节度使卢彦威","2","2","4"
"护国军节度使王","2","2","4"
"镇国军节度使韩","2","2","4"
"国军节度使韩建","2","2","4"
"义武军节度使王","2","2","4"
"忠国军节度使李","2","2","4"
"军节度使李继徽","2","2","4"
"武贞军节度使雷","2","2","4"
"大军节度使李茂","2","2","4"
"军节度使李茂勋","2","2","4"
"卢军节度使王师","2","2","4"
"军节度使王师范","2","2","4"
"昭宣光烈孝皇帝","2","2","4"
"赠左骁卫大将军","4","0","4"
"中书侍郎岑文本","2","2","4"
"吏部侍郎高孝基","2","2","4"
"御史大夫魏元忠","2","2","4"
"驸马都尉王同皎","1","3","4"
"高祖讯察囚犯的","0","4","4"
"祖讯察囚犯的断","0","4","4"
"讯察囚犯的断狱","0","4","4"
"察囚犯的断狱记","0","4","4"
"囚犯的断狱记录","0","4","4"
"旅行所需之物的","0","4","4"
"拘禁劳役的犯人","0","4","4"
"这是逐渐不能持","0","4","4"
"是逐渐不能持之","0","4","4"
"逐渐不能持之以","0","4","4"
"渐不能持之以恒","0","4","4"
"不能持之以恒的","0","4","4"
"能持之以恒的第","0","4","4"
"任同中书门下三","0","4","4"
"反叛依附杨行密","0","4","4"
"群臣给玄宗敬献","0","4","4"
"臣给玄宗敬献尊","0","4","4"
"给玄宗敬献尊号","0","4","4"
"玄宗敬献尊号为","0","4","4"
"宗敬献尊号为开","0","4","4"
"敬献尊号为开元","0","4","4"
"太白星行经天空","0","4","4"
"百姓中八十岁以","0","4","4"
"姓中八十岁以上","0","4","4"
"十一月二十五日","0","4","4"
"骁卫大将军契絆","0","4","4"
"十二月二十五日","0","4","4"
"对死罪以下的犯","0","4","4"
"宗自东都返回京","0","4","4"
"自东都返回京城","0","4","4"
"宗自温泉返回京","0","4","4"
"年正月二十七日","0","4","4"
"高宗自九成宫返","0","4","4"
"氏举行躬践蚕事","0","4","4"
"年正月二十一日","0","4","4"
"宫廷内外官员官","0","4","4"
"廷内外官员官阶","0","4","4"
"品以上官员勋官","0","4","4"
"赐给随行侍从官","0","4","4"
"十一月二十七日","0","4","4"
"的死罪囚犯减刑","0","4","4"
"勋官在其父之下","0","4","4"
"罪以下的犯人免","0","4","4"
"宗在鱼藻宫观看","0","4","4"
"在鱼藻宫观看舟","0","4","4"
"鱼藻宫观看舟船","0","4","4"
"藻宫观看舟船竞","0","4","4"
"宫观看舟船竞渡","0","4","4"
"放掉五坊豢养的","0","4","4"
"掉五坊豢养的鹰","0","4","4"
"史宪诚在平原与","0","4","4"
"宪诚在平原与李","0","4","4"
"诚在平原与李同","0","4","4"
"在平原与李同捷","0","4","4"
"平原与李同捷作","0","4","4"
"原与李同捷作战","0","4","4"
"二人并任同中书","0","4","4"
"人并任同中书门","0","4","4"
"州反叛依附朱全","0","4","4"
"叛变依附朱全忠","0","4","4"
"陛下在贞观初年","0","4","4"
"百户租税的实封","0","4","4"
"这是不可再留于","0","4","4"
"是不可再留于此","0","4","4"
"不可再留于此的","0","4","4"
"可再留于此的理","0","4","4"
"再留于此的理由","0","4","4"
"留于此的理由之","0","4","4"
"右武威卫大将军","1","2","3"
"将作大匠宗晋卿","1","2","3"
"检校尚书右仆射","1","2","3"
"南西道节度使严","1","2","3"
"神尧大圣大光孝","2","1","3"
"尧大圣大光孝皇","2","1","3"
"大圣大光孝皇帝","2","1","3"
"文武大圣大广孝","2","1","3"
"武大圣大广孝皇","2","1","3"
"大圣大广孝皇帝","2","1","3"
"大圣大昭孝皇帝","2","1","3"
"玄真大圣大兴孝","2","1","3"
"真大圣大兴孝皇","2","1","3"
"大圣大兴孝皇帝","2","1","3"
"开元天宝圣文神","2","1","3"
"元天宝圣文神武","2","1","3"
"德弘道大圣大安","2","1","3"
"弘道大圣大安孝","2","1","3"
"道大圣大安孝皇","2","1","3"
"德大圣大安孝皇","2","1","3"
"圣神章武孝皇帝","2","1","3"
"明成武献文睿智","2","1","3"
"成武献文睿智章","2","1","3"
"武献文睿智章仁","2","1","3"
"献文睿智章仁神","2","1","3"
"文睿智章仁神聪","2","1","3"
"睿智章仁神聪懿","2","1","3"
"智章仁神聪懿道","2","1","3"
"章仁神聪懿道大","2","1","3"
"仁神聪懿道大孝","2","1","3"
"神聪懿道大孝皇","2","1","3"
"聪懿道大孝皇帝","2","1","3"
"夏县人吕崇茂杀","1","2","3"
"赐五品上子父后","3","0","3"
"上子父后者勋一","3","0","3"
"西台侍郎上官仪","1","2","3"
"皇太子释奠国学","3","0","3"
"神兵道行军大总","1","2","3"
"兵道行军大总管","1","2","3"
"李峤同凤阁鸾台","3","0","3"
"朔方行军大总管","2","1","3"
"三品上予一子官","3","0","3"
"河西节度副大使","1","2","3"
"范阳节度副大使","2","1","3"
"太子左赞善大夫","1","2","3"
"献定国宝玉十三","1","2","3"
"同华节度使周智","1","2","3"
"华节度使周智光","1","2","3"
"群臣上尊号曰圣","3","0","3"
"赐文武官子父后","3","0","3"
"文武官子父后者","3","0","3"
"武官子父后者勋","3","0","3"
"乌重胤吴元济战","3","0","3"
"恭僖皇太后王氏","1","2","3"
"贞献皇太后萧氏","1","2","3"
"横海军节度使李","1","2","3"
"史宪诚李同捷战","3","0","3"
"宪诚李同捷战平","3","0","3"
"诚李同捷战平原","3","0","3"
"李茂贞硃全忠战","3","0","3"
"陕东道行台左仆","2","1","3"
"东道行台左仆射","2","1","3"
"幽州都督屈突仲","2","1","3"
"州都督屈突仲翔","2","1","3"
"太子左庶子分司","2","1","3"
"子左庶子分司东","2","1","3"
"左庶子分司东都","2","1","3"
"御史中丞宇文融","1","2","3"
"官同中书门下平","1","2","3"
"太宗讯察记录囚","0","3","3"
"宗讯察记录囚犯","0","3","3"
"宿之间出现彗星","0","3","3"
"五车五星之间出","0","3","3"
"车五星之间出现","0","3","3"
"星之间出现彗星","0","3","3"
"武后因旱灾讯察","0","3","3"
"后因旱灾讯察记","0","3","3"
"处以拘禁劳役的","0","3","3"
"以拘禁劳役的犯","0","3","3"
"行所需之物的各","0","3","3"
"所需之物的各县","0","3","3"
"这是逐渐不能坚","0","3","3"
"是逐渐不能坚持","0","3","3"
"逐渐不能坚持到","0","3","3"
"渐不能坚持到底","0","3","3"
"不能坚持到底的","0","3","3"
"能坚持到底的第","0","3","3"
"采纳了他的意见","0","3","3"
"任检校吏部尚书","0","3","3"
"为同中书门下三","0","3","3"
"为同中书门下平","0","3","3"
"一并任同中书门","0","3","3"
"军节度使崔胤任","0","3","3"
"献尊号为开元天","0","3","3"
"改任太子右庶子","0","3","3"
"二年正月二十三","0","3","3"
"州与刘武周交战","0","3","3"
"反叛投靠刘黑闼","0","3","3"
"判流放罪以下的","0","3","3"
"州施行部分赦免","0","3","3"
"任城郡王李道宗","0","3","3"
"年正月二十五日","0","3","3"
"赐给文武官员勋","0","3","3"
"太宗因旱灾避离","0","3","3"
"任定襄道行军大","0","3","3"
"赐许百姓聚饮五","0","3","3"
"十岁以上老人粮","0","3","3"
"岁以上老人粮食","0","3","3"
"道行军总管率军","0","3","3"
"太宗从九成宫返","0","3","3"
"八年正月二十八","0","3","3"
"死罪以下的罪犯","0","3","3"
"罪以下的罪犯减","0","3","3"
"以下的罪犯减刑","0","3","3"
"十一年正月初一","0","3","3"
"赐给高龄老人粮","0","3","3"
"给高龄老人粮食","0","3","3"
"高龄老人粮食布","0","3","3"
"龄老人粮食布帛","0","3","3"
"州的山僚人反叛","0","3","3"
"十三年正月初一","0","3","3"
"诏令五品以上官","0","3","3"
"令五品以上官员","0","3","3"
"品以上官员议政","0","3","3"
"任平壤道行军大","0","3","3"
"任辽东道行军大","0","3","3"
"高龄鳏寡老人粮","0","3","3"
"龄鳏寡老人粮食","0","3","3"
"对死罪以下的囚","0","3","3"
"死罪以下的囚犯","0","3","3"
"罪以下的囚犯减","0","3","3"
"以下的囚犯减刑","0","3","3"
"太宗亲临翠微宫","0","3","3"
"太宗谥号为文武","0","3","3"
"太子李承乾被废","0","3","3"
"给八十岁以上的","0","3","3"
"八十岁以上的平","0","3","3"
"十岁以上的平民","0","3","3"
"任开府仪同三司","0","3","3"
"流放以下的罪犯","0","3","3"
"放以下的罪犯免","0","3","3"
"使臣讯察记录囚","0","3","3"
"臣讯察记录囚犯","0","3","3"
"死罪以下犯人减","0","3","3"
"罪以下犯人减刑","0","3","3"
"级在其父以下者","0","3","3"
"以下者加勋一级","0","3","3"
"杀了被废为平民","0","3","3"
"了被废为平民的","0","3","3"
"废为平民的原皇","0","3","3"
"皇太子李弘代理","0","3","3"
"太子李弘代理国","0","3","3"
"子李弘代理国政","0","3","3"
"平民中八十岁以","0","3","3"
"民中八十岁以上","0","3","3"
"后武氏举行躬践","0","3","3"
"武氏举行躬践蚕","0","3","3"
"举行躬践蚕事的","0","3","3"
"宗自九成宫返回","0","3","3"
"自九成宫返回京","0","3","3"
"九成宫返回京城","0","3","3"
"在籍田上举行躬","0","3","3"
"对京城施行赦免","0","3","3"
"皇太子李哲代理","0","3","3"
"太子李哲代理国","0","3","3"
"子李哲代理国政","0","3","3"
"诸星间出现彗星","0","3","3"
"任单于道安抚大","0","3","3"
"单于道安抚大使","0","3","3"
"起兵讨伐武氏之","0","3","3"
"兵讨伐武氏之乱","0","3","3"
"山与吐蕃军交战","0","3","3"
"任河北道行军元","0","3","3"
"李峤加同凤阁鸾","0","3","3"
"峤加同凤阁鸾台","0","3","3"
"历二年正月初六","0","3","3"
"任灵武道行军大","0","3","3"
"在其父之下者勋","0","3","3"
"九十岁以上老人","0","3","3"
"玄宗自温泉返回","0","3","3"
"宽免流放罪以下","0","3","3"
"十二月二十八日","0","3","3"
"岁以上的贤德老","0","3","3"
"以上的贤德老人","0","3","3"
"妇人授予县君荣","0","3","3"
"人授予县君荣衔","0","3","3"
"十岁以上老人授","0","3","3"
"岁以上老人授予","0","3","3"
"禁劳役的犯人免","0","3","3"
"劳役的犯人免刑","0","3","3"
"十一月二十九日","0","3","3"
"以上官员勋官在","0","3","3"
"上官员勋官在其","0","3","3"
"官员勋官在其父","0","3","3"
"员勋官在其父之","0","3","3"
"官在其父之下者","0","3","3"
"授予贤德老人荣","0","3","3"
"对死刑囚犯减刑","0","3","3"
"叛变投降安禄山","0","3","3"
"率军讨伐安禄山","0","3","3"
"子仪与安庆绪在","0","3","3"
"驱逐了本州刺史","0","3","3"
"的一个儿子官职","0","3","3"
"西原蛮族军攻破","0","3","3"
"判流放罪以下刑","0","3","3"
"流放罪以下刑罚","0","3","3"
"放罪以下刑罚的","0","3","3"
"罪以下刑罚的犯","0","3","3"
"以下刑罚的犯人","0","3","3"
"下刑罚的犯人免","0","3","3"
"刑罚的犯人免刑","0","3","3"
"幽州卢龙军将领","0","3","3"
"十二月二十三日","0","3","3"
"汉三代王朝的后","0","3","3"
"官位在其父以下","0","3","3"
"位在其父以下者","0","3","3"
"宗灵柩前登帝位","0","3","3"
"宗开始处理政事","0","3","3"
"敬宗在鱼藻宫观","0","3","3"
"五坊豢养的鹰犬","0","3","3"
"李克用攻破潞州","0","3","3"
"昭宗封儿子李礻","0","3","3"
"为银青光禄大夫","0","3","3"
"追赠尚书右仆射","0","3","3"
"采纳了这个意见","0","3","3"
"隋炀帝大业末年","0","3","3"
"收纳三百户租税","0","3","3"
"参加明经科考试","0","3","3"
"死时年七十二岁","0","3","3"
"左翊卫将军董纯","1","1","2"
"右骁卫将军李金","1","1","2"
"骁卫将军李金才","1","1","2"
"左光禄大夫李敏","1","1","2"
"天策府司马宇文","1","1","2"
"策府司马宇文士","1","1","2"
"门侍郎褚遂良参","1","1","2"
"太子少詹事张行","1","1","2"
"子少詹事张行成","1","1","2"
"昆陵都护阿史弥","2","0","2"
"陵都护阿史弥射","2","0","2"
"驸马都尉韦正矩","1","1","2"
"左金吾卫将军庞","1","1","2"
"金吾卫将军庞同","1","1","2"
"吾卫将军庞同善","1","1","2"
"左武卫将军薛仁","1","1","2"
"武卫将军薛仁贵","1","1","2"
"左监门卫将军李","1","1","2"
"监门卫将军李谨","1","1","2"
"门卫将军李谨行","1","1","2"
"中书侍郎薛元超","1","1","2"
"太子左庶子张大","1","1","2"
"子左庶子张大安","1","1","2"
"左武卫将军黑齿","1","1","2"
"武卫将军黑齿常","1","1","2"
"河源军经略大使","1","1","2"
"政台御史大夫骞","2","0","2"
"台御史大夫骞味","2","0","2"
"凤阁舍人李景谌","1","1","2"
"鸾台侍郎韦方质","1","1","2"
"春官尚书武承嗣","1","1","2"
"秋官尚书裴居道","1","1","2"
"右肃政台御史大","1","1","2"
"政台御史大夫韦","1","1","2"
"台御史大夫韦思","1","1","2"
"御史大夫韦思谦","1","1","2"
"天官尚书韦待价","1","1","2"
"杀右武威卫大将","1","1","2"
"武威卫大将军黑","1","1","2"
"威卫大将军黑齿","1","1","2"
"右鹰扬卫将军赵","1","1","2"
"鹰扬卫将军赵怀","1","1","2"
"扬卫将军赵怀节","1","1","2"
"嗣同凤阁鸾台三","2","0","2"
"凤阁侍郎武攸宁","1","1","2"
"凤阁侍郎宗秦客","1","1","2"
"杀左卫员外大将","1","1","2"
"左卫员外大将军","1","1","2"
"卫员外大将军阿","1","1","2"
"员外大将军阿史","1","1","2"
"白润府果毅薛大","1","1","2"
"润府果毅薛大信","1","1","2"
"凤阁舍人苏味道","1","1","2"
"苏味道凤阁侍郎","2","0","2"
"天册金轮大圣皇","1","1","2"
"册金轮大圣皇帝","1","1","2"
"洛州录事参军綦","1","1","2"
"州录事参军綦连","1","1","2"
"录事参军綦连耀","1","1","2"
"箕州刺史刘思礼","1","1","2"
"知天官侍郎事石","1","1","2"
"天官侍郎事石抱","1","1","2"
"官侍郎事石抱忠","1","1","2"
"太子司议郎路敬","1","1","2"
"子司议郎路敬淳","1","1","2"
"司门员外郎刘顺","1","1","2"
"右司员外郎宇文","1","1","2"
"司员外郎宇文全","1","1","2"
"杀监察御史李昭","1","1","2"
"监察御史李昭德","1","1","2"
"太子宫尹豆卢钦","1","1","2"
"子宫尹豆卢钦望","1","1","2"
"文昌右丞韦安石","1","1","2"
"李迥秀同凤阁鸾","2","0","2"
"迥秀同凤阁鸾台","2","0","2"
"春官侍郎张昌宗","1","1","2"
"汴州刺史张昌期","1","1","2"
"司礼少卿张同休","1","1","2"
"通事舍人张景雄","1","1","2"
"吏部尚书张嘉福","1","1","2"
"司农卿赵履温伏","1","1","2"
"中书侍郎陆象先","1","1","2"
"陆象先同中书门","2","0","2"
"象先同中书门下","2","0","2"
"兵部尚书李迥秀","1","1","2"
"朔方道后军大总","1","1","2"
"方道后军大总管","1","1","2"
"尚衣奉御王崇晔","1","1","2"
"公主府典签王师","1","1","2"
"主府典签王师虔","1","1","2"
"长上折冲麻嗣宗","1","1","2"
"押万骑果毅葛福","1","1","2"
"万骑果毅葛福顺","1","1","2"
"州刺史姚元兵部","2","0","2"
"刺史姚元兵部尚","2","0","2"
"史姚元兵部尚书","2","0","2"
"军节度副大使牛","1","1","2"
"节度副大使牛仙","1","1","2"
"度副大使牛仙客","1","1","2"
"晋陵郡太守刘同","1","1","2"
"陵郡太守刘同升","1","1","2"
"南海郡太守刘巨","1","1","2"
"海郡太守刘巨鳞","1","1","2"
"郡太守刘巨鳞讨","1","1","2"
"左骁卫兵曹参军","1","1","2"
"骁卫兵曹参军柳","1","1","2"
"左司御率府仓曹","1","1","2"
"司御率府仓曹参","1","1","2"
"御率府仓曹参军","1","1","2"
"率府仓曹参军王","1","1","2"
"右武卫司戈卢宁","1","1","2"
"左威卫参军徐徵","1","1","2"
"杀咸宁郡太守赵","1","1","2"
"咸宁郡太守赵奉","1","1","2"
"宁郡太守赵奉璋","1","1","2"
"河西节度使哥舒","1","1","2"
"西节度使哥舒翰","1","1","2"
"文部侍郎韦见素","1","1","2"
"九原郡太守郭子","1","1","2"
"原郡太守郭子仪","1","1","2"
"河南节度采访使","1","1","2"
"右金吾大将军程","1","1","2"
"金吾大将军程千","1","1","2"
"吾大将军程千里","1","1","2"
"处置太子先锋兵","1","1","2"
"置太子先锋兵马","1","1","2"
"太子先锋兵马副","1","1","2"
"子先锋兵马副元","1","1","2"
"先锋兵马副元帅","1","1","2"
"尚书左仆射裴冕","1","1","2"
"郭子仪率李光弼","1","1","2"
"淮西节度使鲁炅","1","1","2"
"兴平军节度使李","1","1","2"
"平军节度使李奂","1","1","2"
"滑濮节度使许叔","1","1","2"
"濮节度使许叔冀","1","1","2"
"平卢兵马使董秦","1","1","2"
"郑蔡节度使季广","1","1","2"
"蔡节度使季广琛","1","1","2"
"河中节度使萧华","1","1","2"
"南山五谷人高玉","1","1","2"
"山五谷人高玉反","1","1","2"
"汴宋都虞候李灵","1","1","2"
"宋都虞候李灵耀","1","1","2"
"都虞候李灵耀反","1","1","2"
"魏博节度使田悦","1","1","2"
"博节度使田悦反","1","1","2"
"河东节度使马燧","1","1","2"
"义军节度使李抱","1","1","2"
"军节度使李抱真","1","1","2"
"河阳节度副使李","1","1","2"
"南东道节度使梁","1","1","2"
"东道节度使梁崇","1","1","2"
"道节度使梁崇义","1","1","2"
"节度使梁崇义反","1","1","2"
"校尚书右仆射侯","1","1","2"
"尚书右仆射侯希","1","1","2"
"书右仆射侯希逸","1","1","2"
"前永平军节度使","1","1","2"
"永平军节度使张","1","1","2"
"平军节度使张镒","1","1","2"
"东川节度使王叔","1","1","2"
"川节度使王叔邕","1","1","2"
"南东道节度使贾","1","1","2"
"东道节度使贾耽","1","1","2"
"恒冀观察使王武","1","1","2"
"冀观察使王武俊","1","1","2"
"观察使王武俊反","1","1","2"
"澶相节度招讨使","1","1","2"
"李怀光杀左厢兵","1","1","2"
"怀光杀左厢兵马","1","1","2"
"光杀左厢兵马使","1","1","2"
"杀左厢兵马使张","1","1","2"
"左厢兵马使张名","1","1","2"
"厢兵马使张名振","1","1","2"
"右武锋兵马使石","1","1","2"
"武锋兵马使石演","1","1","2"
"锋兵马使石演芬","1","1","2"
"泾原兵马使田希","1","1","2"
"李怀光杀步军兵","1","1","2"
"怀光杀步军兵马","1","1","2"
"光杀步军兵马使","1","1","2"
"杀步军兵马使田","1","1","2"
"步军兵马使田仙","1","1","2"
"军兵马使田仙浩","1","1","2"
"淮西兵马使吴少","1","1","2"
"西兵马使吴少诚","1","1","2"
"兵马使吴少诚杀","1","1","2"
"横海军兵马使程","1","1","2"
"海军兵马使程怀","1","1","2"
"军兵马使程怀信","1","1","2"
"淮南节度使杜佑","1","1","2"
"长武城使高崇文","1","1","2"
"左神策行营节度","1","1","2"
"神策行营节度使","1","1","2"
"左右神策京西行","1","1","2"
"右神策京西行营","1","1","2"
"神策京西行营兵","1","1","2"
"策京西行营兵马","1","1","2"
"京西行营兵马使","1","1","2"
"西行营兵马使李","1","1","2"
"行营兵马使李元","1","1","2"
"营兵马使李元奕","1","1","2"
"西道节度使严砺","1","1","2"
"南东川节度使李","1","1","2"
"东川节度使李康","1","1","2"
"镇州西面行营都","1","1","2"
"州西面行营都招","1","1","2"
"西面行营都招讨","1","1","2"
"面行营都招讨使","1","1","2"
"军卫大将军杜叔","1","1","2"
"卫大将军杜叔良","1","1","2"
"深州诸道行营节","1","1","2"
"州诸道行营节度","1","1","2"
"诸道行营节度使","1","1","2"
"兵部尚书李逢吉","1","1","2"
"李逢吉门下侍郎","2","0","2"
"户部侍郎判度支","1","1","2"
"部侍郎判度支窦","1","1","2"
"侍郎判度支窦易","1","1","2"
"郎判度支窦易直","1","1","2"
"左神策军中尉仇","1","1","2"
"神策军中尉仇士","1","1","2"
"策军中尉仇士良","1","1","2"
"军中尉仇士良杀","1","1","2"
"中尉仇士良杀王","1","1","2"
"尉仇士良杀王涯","1","1","2"
"凤翔监军使张仲","1","1","2"
"翔监军使张仲清","1","1","2"
"监军使张仲清杀","1","1","2"
"杀左金吾卫将军","1","1","2"
"左金吾卫将军李","1","1","2"
"金吾卫将军李贞","1","1","2"
"吾卫将军李贞素","1","1","2"
"翰林学士顾师邕","1","1","2"
"户部尚书杨嗣复","1","1","2"
"御史大夫陈夷行","1","1","2"
"吾卫大将军李思","1","1","2"
"卫大将军李思忠","1","1","2"
"党项都将西南面","1","1","2"
"项都将西南面招","1","1","2"
"都将西南面招讨","1","1","2"
"将西南面招讨使","1","1","2"
"武宁军节度使李","1","1","2"
"宁军节度使李彦","1","1","2"
"军节度使李彦佐","1","1","2"
"晋绛行营诸军节","1","1","2"
"绛行营诸军节度","1","1","2"
"行营诸军节度招","1","1","2"
"营诸军节度招讨","1","1","2"
"诸军节度招讨使","1","1","2"
"武军节度使王宰","1","1","2"
"河阳行营攻讨使","1","1","2"
"冀氏行营攻讨使","1","1","2"
"南节度副大使杜","1","1","2"
"南东道节度使郑","1","1","2"
"东道节度使郑肃","1","1","2"
"兵部侍郎白敏中","1","1","2"
"道盐铁转运使马","1","1","2"
"盐铁转运使马植","1","1","2"
"凤翔节度使李安","1","1","2"
"翔节度使李安业","1","1","2"
"河东节度使李拭","1","1","2"
"平夏党项行营兵","1","1","2"
"夏党项行营兵马","1","1","2"
"党项行营兵马都","1","1","2"
"项行营兵马都统","1","1","2"
"道盐铁转运使裴","1","1","2"
"盐铁转运使裴休","1","1","2"
"成德军节度副大","1","1","2"
"德军节度副大使","1","1","2"
"军节度副大使王","1","1","2"
"节度副大使王绍","1","1","2"
"度副大使王绍鼎","1","1","2"
"兵部侍郎刘崇望","1","1","2"
"苏州刺史杜孺休","1","1","2"
"户部尚书郑延昌","1","1","2"
"右散骑常侍郑綮","1","1","2"
"御史大夫徐彦若","1","1","2"
"前护国军节度使","1","1","2"
"护国军节度使崔","1","1","2"
"国军节度使崔胤","1","1","2"
"军节度使崔胤中","2","0","2"
"节度使崔胤中书","2","0","2"
"度使崔胤中书侍","2","0","2"
"使崔胤中书侍郎","2","0","2"
"太子詹事马道殷","1","1","2"
"义军节度使张琏","1","1","2"
"凤翔西北行营招","1","1","2"
"翔西北行营招讨","1","1","2"
"西北行营招讨使","1","1","2"
"凤翔四面行营副","1","1","2"
"翔四面行营副都","1","1","2"
"魏博节度使罗弘","1","1","2"
"博节度使罗弘信","1","1","2"
"衢州刺史陈岌叛","2","0","2"
"州刺史陈岌叛附","2","0","2"
"武定军节度使拓","1","1","2"
"定军节度使拓拔","1","1","2"
"军节度使拓拔思","1","1","2"
"节度使拓拔思恭","1","1","2"
"度使拓拔思恭叛","1","1","2"
"睦州刺史陈询叛","1","1","2"
"静海军节度使独","1","1","2"
"海军节度使独孤","1","1","2"
"军节度使独孤损","1","1","2"
"太子太保致仕赵","1","1","2"
"子太保致仕赵崇","1","1","2"
"忠国军节度使高","1","1","2"
"国军节度使高彦","1","1","2"
"太宗文德顺圣皇","1","1","2"
"宗文德顺圣皇后","1","1","2"
"文德顺圣皇后长","1","1","2"
"德顺圣皇后长孙","1","1","2"
"顺圣皇后长孙氏","1","1","2"
"长安恶少年二千","1","1","2"
"安恶少年二千人","1","1","2"
"少补左司御兵曹","1","1","2"
"补左司御兵曹参","1","1","2"
"左司御兵曹参军","1","1","2"
"幽州总管罗艺引","1","1","2"
"君集积石道行军","2","0","2"
"集积石道行军总","2","0","2"
"大丞相府司录参","1","1","2"
"著作郎殷闻礼主","1","1","2"
"中书舍人孔绍安","1","1","2"
"太子洗马萧德言","1","1","2"
"子洗马萧德言主","1","1","2"
"吏部郎中祖孝孙","1","1","2"
"加修文馆大学士","1","1","2"
"特进同中书门下","1","1","2"
"进同中书门下三","1","1","2"
"襄邑恭王神符五","1","1","2"
"邑恭王神符五世","1","1","2"
"恭王神符五世孙","1","1","2"
"租地安辑户口使","1","1","2"
"四镇都知兵马使","1","1","2"
"范阳大都督府长","1","1","2"
"阳大都督府长史","1","1","2"
"山西河东慰抚大","1","1","2"
"西河东慰抚大使","1","1","2"
"高宗天皇大圣大","1","1","2"
"宗天皇大圣大弘","1","1","2"
"天顺圣皇后武氏","2","0","2"
"天兵中道大总管","1","1","2"
"天兵西道前军总","1","1","2"
"兵西道前军总管","1","1","2"
"羽林卫大将军阎","1","1","2"
"林卫大将军阎敬","1","1","2"
"卫大将军阎敬容","1","1","2"
"大大圣大昭孝皇","2","0","2"
"刑部尚书韦安石","1","1","2"
"太子右庶子李怀","1","1","2"
"子右庶子李怀远","1","1","2"
"凉州都督唐休璟","2","0","2"
"道大圣大明孝皇","2","0","2"
"大圣大明孝皇帝","2","0","2"
"尊号曰开元天宝","2","0","2"
"号曰开元天宝圣","2","0","2"
"曰开元天宝圣文","2","0","2"
"天宝圣文神武应","1","1","2"
"剑南节度使崔圆","1","1","2"
"文明武德大圣大","2","0","2"
"明武德大圣大宣","2","0","2"
"武德大圣大宣孝","2","0","2"
"德大圣大宣孝皇","2","0","2"
"大圣大宣孝皇帝","2","0","2"
"朔方军节度使路","1","1","2"
"方军节度使路嗣","1","1","2"
"军节度使路嗣恭","1","1","2"
"节度使马璘吐蕃","2","0","2"
"度使马璘吐蕃战","2","0","2"
"义军节度使李承","1","1","2"
"军节度使李承昭","1","1","2"
"南西道节度使张","1","1","2"
"西道节度使张献","1","1","2"
"道节度使张献恭","1","1","2"
"崔宁吐蕃战西山","2","0","2"
"代州刺史张光晟","1","1","2"
"昭文章武大圣神","2","0","2"
"文章武大圣神孝","2","0","2"
"章武大圣神孝皇","2","0","2"
"武大圣神孝皇帝","2","0","2"
"睿武昭愍孝皇帝","2","0","2"
"皇太子皇帝位太","2","0","2"
"太子皇帝位太极","2","0","2"
"子皇帝位太极殿","2","0","2"
"元圣昭献孝皇帝","2","0","2"
"元圣明成武献文","2","0","2"
"圣明成武献文睿","2","0","2"
"圣穆景文孝皇帝","2","0","2"
"前昭义军节度使","1","1","2"
"义军节度使李罕","1","1","2"
"宁四面行营副都","1","1","2"
"将军田仁会诬奏","1","1","2"
"军田仁会诬奏御","1","1","2"
"田仁会诬奏御史","1","1","2"
"仁会诬奏御史张","1","1","2"
"会诬奏御史张仁","1","1","2"
"炎见裴行俭破突","1","1","2"
"见裴行俭破突厥","1","1","2"
"前率府仓曹参军","1","1","2"
"率府仓曹参军曲","1","1","2"
"府仓曹参军曲元","1","1","2"
"仓曹参军曲元衡","1","1","2"
"龙武将军葛福顺","1","1","2"
"武将军葛福顺相","1","1","2"
"右散骑常侍徐坚","1","1","2"
"荆州长史韦虚心","1","1","2"
"怀州刺史王丘分","1","1","2"
"荥阳楼烦二郡太","1","1","2"
"阳楼烦二郡太守","1","1","2"
"马邑太守王仁恭","1","1","2"
"虎牙郎将高君雅","1","1","2"
"牙郎将高君雅见","1","1","2"
"开阳府司马刘政","1","1","2"
"阳府司马刘政会","1","1","2"
"虎牙郎将宋老生","1","1","2"
"鹰扬府司马李轨","1","1","2"
"骁卫大将军屈突","1","1","2"
"卫大将军屈突通","1","1","2"
"主符郎宋公弼收","1","1","2"
"大都督内外诸军","1","1","2"
"都督内外诸军事","1","1","2"
"右屯卫将军宇文","1","1","2"
"屯卫将军宇文化","1","1","2"
"左武卫大将军王","1","1","2"
"武卫大将军王世","1","1","2"
"卫大将军王世充","1","1","2"
"大将军王世充立","1","1","2"
"将军王世充立越","1","1","2"
"军王世充立越王","1","1","2"
"相府司录参军窦","1","1","2"
"府司录参军窦威","1","1","2"
"秦王世民西讨元","2","0","2"
"王世民西讨元帅","2","0","2"
"太仆卿宇文明达","1","1","2"
"黄门侍郎陈叔达","1","1","2"
"岩州刺史王德仁","1","1","2"
"州刺史王德仁杀","1","1","2"
"招慰使宇文明达","1","1","2"
"慰使宇文明达反","1","1","2"
"商州刺史泉彦宗","1","1","2"
"行军总管赵慈景","1","1","2"
"军总管赵慈景攻","1","1","2"
"左屯卫将军何潘","1","1","2"
"屯卫将军何潘仁","1","1","2"
"陟州刺史李育德","1","1","2"
"户部尚书刘文静","1","1","2"
"右武卫大将军姜","1","1","2"
"武卫大将军姜宝","1","1","2"
"卫大将军姜宝谊","1","1","2"
"工部尚书独孤怀","1","1","2"
"部尚书独孤怀恩","1","1","2"
"夏县人吕崇茂反","1","1","2"
"检校隰州总管刘","1","1","2"
"校隰州总管刘师","1","1","2"
"隰州总管刘师善","1","1","2"
"州总管刘师善谋","1","1","2"
"总管刘师善谋反","1","1","2"
"中书侍郎封德彝","1","1","2"
"行军总管段德操","1","1","2"
"瓜州刺史贺拔行","1","1","2"
"州刺史贺拔行威","1","1","2"
"刺史贺拔行威反","1","1","2"
"车骑将军董阿兴","1","1","2"
"太常少卿李仲文","1","1","2"
"常少卿李仲文谋","1","1","2"
"少卿李仲文谋反","1","1","2"
"行军总管卢君谔","1","1","2"
"大将军长孙顺德","1","1","2"
"武卫将军王君廓","1","1","2"
"贝州刺史戴元祥","1","1","2"
"行军总管王孝基","1","1","2"
"屯卫将军王行敏","1","1","2"
"深州人崔元逊杀","1","1","2"
"州总管徐圆朗反","1","1","2"
"毛州人董灯明杀","1","1","2"
"杞州人周文举杀","1","1","2"
"齐王元吉讨黑闼","2","0","2"
"东盐州治中王才","1","1","2"
"盐州治中王才艺","1","1","2"
"州治中王才艺杀","1","1","2"
"汴州总管王要汉","1","1","2"
"蔚州总管高开道","1","1","2"
"州总管高开道反","1","1","2"
"代州总管李大恩","1","1","2"
"瓜州道行军总管","1","1","2"
"岷州总管李长卿","1","1","2"
"河北道行军总管","1","1","2"
"迁州人邓士政反","1","1","2"
"道行台左仆射窦","1","1","2"
"行台左仆射窦轨","1","1","2"
"灵州总管杨师道","1","1","2"
"洪州总管宇文歆","1","1","2"
"定州总管双士洛","1","1","2"
"骠骑将军魏道仁","1","1","2"
"东盐州人马君德","1","1","2"
"贝州刺史许善护","1","1","2"
"观州刺史刘君会","1","1","2"
"骠骑将军卫彦讨","1","1","2"
"洪州总管张善安","1","1","2"
"州总管张善安反","1","1","2"
"南州刺史庞孝泰","1","1","2"
"州刺史庞孝泰反","1","1","2"
"吏部尚书赵恭仁","1","1","2"
"检校凉州诸军事","1","1","2"
"淮南道行台左仆","1","1","2"
"南道行台左仆射","1","1","2"
"道行台左仆射辅","1","1","2"
"行台左仆射辅公","1","1","2"
"江州道行军元帅","1","1","2"
"渝州人张大智反","1","1","2"
"邹州人邓同颖杀","1","1","2"
"渔阳部将张金树","1","1","2"
"阳部将张金树杀","1","1","2"
"庆州都督杨文干","1","1","2"
"州都督杨文干反","1","1","2"
"骠骑将军彭武杰","1","1","2"
"州行军总管张瑾","1","1","2"
"郓州都督张德政","1","1","2"
"行军长史温彦博","1","1","2"
"太子右庶子高士","1","1","2"
"子右庶子高士廉","1","1","2"
"萧瑀尚书左仆射","2","0","2"
"太上皇徙居大安","2","0","2"
"上皇徙居大安宫","2","0","2"
"益州道行台尚书","1","1","2"
"左右十二卫大将","1","1","2"
"右十二卫大将军","1","1","2"
"尚书右丞封孝琰","1","1","2"
"幽州都督王君廓","1","1","2"
"利州都督李孝常","1","1","2"
"右武卫将军刘德","1","1","2"
"武卫将军刘德裕","1","1","2"
"卫将军刘德裕谋","1","1","2"
"将军刘德裕谋反","1","1","2"
"关内道行军大总","1","1","2"
"内道行军大总管","1","1","2"
"朔方人梁洛仁杀","1","1","2"
"辰州刺史裴虔通","1","1","2"
"莱州刺史牛方裕","1","1","2"
"绛州刺史薛世良","1","1","2"
"广州长史唐奉义","1","1","2"
"虎牙郎将高元礼","1","1","2"
"瀛州刺史卢祖尚","1","1","2"
"胜州道行军总管","1","1","2"
"通漠道行军总管","1","1","2"
"金河道行军总管","1","1","2"
"大同道行军总管","1","1","2"
"幽州都督卫孝节","1","1","2"
"恒安道行军总管","1","1","2"
"营州都督薛万淑","1","1","2"
"畅武道行军总管","1","1","2"
"右卫大将军侯君","1","1","2"
"卫大将军侯君集","1","1","2"
"右武卫将军李子","1","1","2"
"赐民八十上粟帛","2","0","2"
"屯卫大将军张士","1","1","2"
"卫大将军张士贵","1","1","2"
"龚州道行军总管","1","1","2"
"州道行军总管讨","2","0","2"
"开府仪同三司长","1","1","2"
"府仪同三司长孙","1","1","2"
"品上子父后者爵","2","0","2"
"上子父后者爵一","2","0","2"
"子父后者爵一级","2","0","2"
"左骁卫大将军段","1","1","2"
"骁卫大将军段志","1","1","2"
"卫大将军段志玄","1","1","2"
"左骁卫将军樊兴","1","1","2"
"西海道行军大总","1","1","2"
"鄯善道行军总管","1","1","2"
"凉州都督李大亮","1","1","2"
"利州刺史高甑生","1","1","2"
"盐泽道行军总管","1","1","2"
"盐泽道行军副总","1","1","2"
"泽道行军副总管","1","1","2"
"道行军副总管刘","1","1","2"
"行军副总管刘德","1","1","2"
"军副总管刘德敏","1","1","2"
"废明德宫玄圃院","2","0","2"
"夔州都督齐善行","1","1","2"
"吏部尚书高士廉","1","1","2"
"阔水道行军总管","1","1","2"
"水道行军总管牛","1","1","2"
"道行军总管牛进","1","1","2"
"行军总管牛进达","1","1","2"
"桂州都督张宝德","1","1","2"
"交州都督李道彦","1","1","2"
"将军上官怀仁讨","1","1","2"
"广州总管党仁弘","1","1","2"
"诏岁二月事泰山","2","0","2"
"朔州道行军总管","1","1","2"
"右卫大将军李大","1","1","2"
"卫大将军李大亮","1","1","2"
"灵州道行军总管","1","1","2"
"凉州都督李袭誉","1","1","2"
"凉州道行军总管","1","1","2"
"李世勣薛延陀战","2","0","2"
"中书舍人岑文本","1","1","2"
"岑文本中书侍郎","2","0","2"
"代州都督刘兰谋","1","1","2"
"州都督刘兰谋反","1","1","2"
"赐文武官五品上","2","0","2"
"官五品上子父后","2","0","2"
"高士廉同中书门","1","1","2"
"士廉同中书门下","1","1","2"
"廉同中书门下三","1","1","2"
"营州都督张俭率","1","1","2"
"西州道行军总管","1","1","2"
"六总管兵伐高丽","2","0","2"
"赐所过高年鳏寡","2","0","2"
"所过高年鳏寡粟","2","0","2"
"吏部尚书杨师道","1","1","2"
"壤道行军总管程","1","1","2"
"道行军总管程名","1","1","2"
"行军总管程名振","1","1","2"
"东道行军总管张","1","1","2"
"道行军总管张君","1","1","2"
"武卫将军王君愕","1","1","2"
"壤道行军总管张","1","1","2"
"道行军总管张文","1","1","2"
"行军总管张文干","1","1","2"
"军大将军执失思","1","1","2"
"大将军执失思力","1","1","2"
"夏州都督乔师望","1","1","2"
"左武卫大将军牛","1","1","2"
"武卫大将军牛进","1","1","2"
"卫大将军牛进达","1","1","2"
"昆丘道行军大总","1","1","2"
"中书舍人崔仁师","1","1","2"
"左武卫大将军薛","1","1","2"
"武卫大将军薛万","1","1","2"
"卫大将军薛万彻","1","1","2"
"华州刺史李君羡","1","1","2"
"昆丘道行军总管","1","1","2"
"丘道行军总管阿","1","1","2"
"道行军总管阿史","1","1","2"
"茂州都督张士贵","1","1","2"
"州都督张士贵讨","1","1","2"
"皇太子听政金液","2","0","2"
"太子听政金液门","2","0","2"
"检校洛州刺史李","1","1","2"
"梓州都督谢万岁","1","1","2"
"黄门侍郎宇文节","1","1","2"
"左武卫大将军梁","1","1","2"
"武卫大将军梁建","1","1","2"
"卫大将军梁建方","1","1","2"
"弓月道行军总管","1","1","2"
"志宁尚书左仆射","1","1","2"
"郎州道行军总管","1","1","2"
"州道行军总管伐","2","0","2"
"桂州都督刘伯英","1","1","2"
"赵孝祖白水蛮战","2","0","2"
"事黄门侍郎裴泽","1","1","2"
"仪同三司豆卢毓","1","1","2"
"御史中丞游楚客","1","1","2"
"尚书左丞封孝琰","1","1","2"
"驸马都尉房遗爱","1","1","2"
"高阳巴陵公主谋","1","1","2"
"阳巴陵公主谋反","1","1","2"
"睦州女子陈硕真","1","1","2"
"州女子陈硕真反","1","1","2"
"婺州刺史崔义玄","1","1","2"
"州刺史崔义玄讨","1","1","2"
"兵部尚书崔敦礼","1","1","2"
"五品上父后者勋","2","0","2"
"营州都督程名振","1","1","2"
"左卫中郎将苏定","1","1","2"
"卫中郎将苏定方","1","1","2"
"中书舍人李义府","1","1","2"
"户部侍郎杜正伦","1","1","2"
"龟兹大将羯猎颠","1","1","2"
"左屯卫大将军杨","1","1","2"
"屯卫大将军杨胄","1","1","2"
"右屯卫将军苏定","1","1","2"
"屯卫将军苏定方","1","1","2"
"伊丽道行军总管","1","1","2"
"黄门侍郎许圉师","1","1","2"
"兵部尚书任雅相","1","1","2"
"度支尚书卢承庆","1","1","2"
"支尚书卢承庆参","1","1","2"
"凉州都督长史赵","1","1","2"
"州都督长史赵持","1","1","2"
"都督长史赵持满","1","1","2"
"左骁卫大将军苏","1","1","2"
"骁卫大将军苏定","1","1","2"
"民年八十上版授","2","0","2"
"八十上版授刺史","2","0","2"
"妇人八十上版授","2","0","2"
"人八十上版授郡","2","0","2"
"左武卫大将军苏","1","1","2"
"武卫大将军苏定","1","1","2"
"定襄都督阿史德","1","1","2"
"襄都督阿史德枢","1","1","2"
"都督阿史德枢宾","1","1","2"
"沙砖道行军总管","1","1","2"
"左武卫大将军郑","1","1","2"
"武卫大将军郑仁","1","1","2"
"卫大将军郑仁泰","1","1","2"
"江道行军大总管","1","1","2"
"左骁卫将军刘伯","1","1","2"
"骁卫将军刘伯英","1","1","2"
"萧嗣业扶余道行","2","0","2"
"嗣业扶余道行军","2","0","2"
"业扶余道行军总","2","0","2"
"浿江道行军总管","2","0","2"
"右骁卫将军程名","1","1","2"
"骁卫将军程名振","1","1","2"
"镂方道行军总管","1","1","2"
"左骁卫将军庞孝","1","1","2"
"骁卫将军庞孝泰","1","1","2"
"沃沮道行军总管","1","1","2"
"郑仁泰铁勒道行","2","0","2"
"仁泰铁勒道行军","2","0","2"
"铁勒道行军大总","1","1","2"
"勒道行军大总管","1","1","2"
"左骁卫大将军阿","1","1","2"
"骁卫大将军阿史","1","1","2"
"长岑道行军大总","1","1","2"
"岑道行军大总管","1","1","2"
"右威卫将军孙仁","1","1","2"
"威卫将军孙仁师","1","1","2"
"熊津道行军总管","1","1","2"
"右卫将军苏海政","1","1","2"
"冀州都督长史刘","1","1","2"
"州都督长史刘伯","1","1","2"
"都督长史刘伯英","1","1","2"
"凉州都督郑仁泰","1","1","2"
"青海道行军大总","1","1","2"
"司列太常伯刘祥","1","1","2"
"列太常伯刘祥道","1","1","2"
"太子右中护乐彦","1","1","2"
"子右中护乐彦玮","1","1","2"
"西台侍郎孙处约","1","1","2"
"司戎太常伯姜恪","1","1","2"
"左武卫将军曹继","1","1","2"
"武卫将军曹继叔","1","1","2"
"带方州刺史刘仁","1","1","2"
"方州刺史刘仁轨","1","1","2"
"始州刺史武惟良","1","1","2"
"淄州刺史武怀运","1","1","2"
"辽东道行台大总","1","1","2"
"东道行台大总管","1","1","2"
"东台侍郎李安期","1","1","2"
"司列少常伯赵仁","1","1","2"
"列少常伯赵仁本","1","1","2"
"辽东道副大总管","1","1","2"
"司平太常伯阎立","1","1","2"
"平太常伯阎立本","1","1","2"
"东台侍郎郝处俊","1","1","2"
"乌海道行军大总","1","1","2"
"右威卫大将军薛","1","1","2"
"威卫大将军薛仁","1","1","2"
"卫大将军薛仁贵","1","1","2"
"左监门卫大将军","1","1","2"
"监门卫大将军高","1","1","2"
"东州道行军总管","1","1","2"
"军卫大将军李谨","1","1","2"
"卫大将军李谨行","1","1","2"
"燕山道行军总管","1","1","2"
"凉州道行军大总","1","1","2"
"姚州道行军总管","1","1","2"
"金紫光禄大夫致","2","0","2"
"紫光禄大夫致仕","2","0","2"
"大风落太庙鸱尾","2","0","2"
"鸡林道行军大总","1","1","2"
"林道行军大总管","1","1","2"
"刘仁轨尚书左仆","2","0","2"
"仁轨尚书左仆射","2","0","2"
"左监门卫中郎将","1","1","2"
"监门卫中郎将令","1","1","2"
"门卫中郎将令狐","1","1","2"
"卫中郎将令狐智","1","1","2"
"中郎将令狐智通","1","1","2"
"洮河道行军元帅","1","1","2"
"左卫大将军刘审","1","1","2"
"卫大将军刘审礼","1","1","2"
"大将军刘审礼等","1","1","2"
"将军刘审礼等十","1","1","2"
"军刘审礼等十二","1","1","2"
"凉州道行军元帅","1","1","2"
"中书侍郎李义琰","1","1","2"
"黄门侍郎高智周","1","1","2"
"洮河道行军大总","1","1","2"
"吏部侍郎裴行俭","1","1","2"
"大都护府长史萧","1","1","2"
"都护府长史萧嗣","1","1","2"
"护府长史萧嗣业","1","1","2"
"礼部尚书裴行俭","1","1","2"
"裴行俭定襄道行","2","0","2"
"行俭定襄道行军","2","0","2"
"俭定襄道行军大","2","0","2"
"中书侍郎王德真","1","1","2"
"常州人刘龙子谋","1","1","2"
"州人刘龙子谋反","1","1","2"
"定襄道副总管曹","1","1","2"
"襄道副总管曹怀","1","1","2"
"道副总管曹怀舜","1","1","2"
"金牙道行军大总","1","1","2"
"牙道行军大总管","1","1","2"
"安西副都护王方","1","1","2"
"西副都护王方翼","1","1","2"
"黄门侍郎郭待举","1","1","2"
"兵部侍郎岑长倩","1","1","2"
"秘书员外少监郭","1","1","2"
"书员外少监郭正","1","1","2"
"员外少监郭正一","1","1","2"
"吏部侍郎魏玄同","1","1","2"
"岚州刺史王德茂","1","1","2"
"州刺史王德茂死","1","1","2"
"骁卫郎将李孝逸","1","1","2"
"黄门侍郎刘齐贤","1","1","2"
"绥州部落稽白铁","2","0","2"
"州部落稽白铁余","2","0","2"
"将军程务挺单道","2","0","2"
"军程务挺单道安","2","0","2"
"程务挺单道安抚","2","0","2"
"务挺单道安抚大","2","0","2"
"挺单道安抚大使","2","0","2"
"弘道元年十二月","1","1","2"
"遗诏皇太子皇帝","2","0","2"
"诏皇太子皇帝位","2","0","2"
"光宅元年正月癸","1","1","2"
"宅元年正月癸未","1","1","2"
"左散骑常侍韦弘","1","1","2"
"散骑常侍韦弘敏","1","1","2"
"皇太后临朝称制","2","0","2"
"皇帝率群臣上尊","2","0","2"
"帝率群臣上尊号","2","0","2"
"玉清观道士太中","1","1","2"
"清观道士太中大","1","1","2"
"观道士太中大夫","1","1","2"
"道士太中大夫王","1","1","2"
"士太中大夫王远","1","1","2"
"太中大夫王远知","1","1","2"
"礼部尚书武承嗣","1","1","2"
"左武卫大将军程","1","1","2"
"武卫大将军程务","1","1","2"
"左威卫大将军程","1","1","2"
"威卫大将军程务","1","1","2"
"柳州司马李敬业","1","1","2"
"楚州司马李崇福","1","1","2"
"左玉钤卫大将军","1","1","2"
"玉钤卫大将军梁","1","1","2"
"钤卫大将军梁郡","1","1","2"
"卫大将军梁郡公","1","1","2"
"扬州道行军大总","1","1","2"
"吾卫大将军李知","1","1","2"
"卫大将军李知十","1","1","2"
"五代祖鲁国公曰","2","0","2"
"左鹰扬卫大将军","1","1","2"
"鹰扬卫大将军黑","1","1","2"
"扬卫大将军黑齿","1","1","2"
"江南道行军大总","1","1","2"
"南道行军大总管","1","1","2"
"右监门卫将军苏","1","1","2"
"监门卫将军苏孝","1","1","2"
"门卫将军苏孝祥","1","1","2"
"左玉钤卫中郎将","1","1","2"
"玉钤卫中郎将淳","1","1","2"
"阳曲道行军总管","1","1","2"
"冬官尚书苏良嗣","1","1","2"
"京官九品上言事","2","0","2"
"夏官侍郎张光辅","1","1","2"
"交趾人李嗣仙杀","1","1","2"
"桂州司马曹玄静","1","1","2"
"道行军大总管黑","1","1","2"
"行军大总管黑齿","1","1","2"
"军大总管黑齿常","1","1","2"
"右监门卫中郎将","1","1","2"
"监门卫中郎将爨","1","1","2"
"门卫中郎将爨宝","1","1","2"
"卫中郎将爨宝璧","1","1","2"
"安息道行军大总","1","1","2"
"息道行军大总管","1","1","2"
"安西大都护阎温","1","1","2"
"西大都护阎温古","1","1","2"
"麟台少监周思茂","1","1","2"
"杀太子通事舍人","1","1","2"
"太子通事舍人郝","1","1","2"
"子通事舍人郝象","1","1","2"
"通事舍人郝象贤","1","1","2"
"金吾卫大将军丘","1","1","2"
"吾卫大将军丘神","1","1","2"
"左豹韬卫大将军","1","1","2"
"夏官侍郎王本立","1","1","2"
"王本立同凤阁鸾","2","0","2"
"本立同凤阁鸾台","2","0","2"
"天官尚书武承嗣","1","1","2"
"杀天官侍郎邓玄","1","1","2"
"天官侍郎邓玄挺","1","1","2"
"新平道行军大总","1","1","2"
"平道行军大总管","1","1","2"
"新平道中军大总","1","1","2"
"平道中军大总管","1","1","2"
"洛州司马弓嗣业","1","1","2"
"陕州参军弓嗣古","1","1","2"
"杀陕州刺史郭正","1","1","2"
"陕州刺史郭正一","1","1","2"
"杀相州刺史弓志","1","1","2"
"相州刺史弓志元","1","1","2"
"蒲州刺史弓彭祖","1","1","2"
"杀彭州长史刘易","1","1","2"
"杀凉州都督李光","1","1","2"
"凉州都督李光谊","1","1","2"
"杀陕州刺史刘延","1","1","2"
"陕州刺史刘延景","1","1","2"
"春官尚书范履冰","1","1","2"
"凤阁侍郎邢文伟","1","1","2"
"杀地官尚书王本","1","1","2"
"地官尚书王本立","1","1","2"
"杀汴州刺史柳明","1","1","2"
"汴州刺史柳明肃","1","1","2"
"杀太常丞苏践言","1","1","2"
"曾江县令白令言","1","1","2"
"杀尚书右丞张行","1","1","2"
"尚书右丞张行廉","1","1","2"
"太州刺史杜儒童","1","1","2"
"杀雅州刺史刘行","1","1","2"
"雅州刺史刘行实","1","1","2"
"左豹韬卫将军卫","1","1","2"
"豹韬卫将军卫蒲","1","1","2"
"韬卫将军卫蒲山","1","1","2"
"武威道行军大总","1","1","2"
"威道行军大总管","1","1","2"
"政台御史大夫格","1","1","2"
"台御史大夫格辅","1","1","2"
"御史大夫格辅元","1","1","2"
"鸾台侍郎乐思晦","1","1","2"
"夏官尚书欧阳通","1","1","2"
"卫大将军张虔勖","1","1","2"
"杀岐州刺史云弘","1","1","2"
"岐州刺史云弘嗣","1","1","2"
"冬官侍郎裴行本","1","1","2"
"洛州司马狄仁杰","1","1","2"
"左卫将军李安静","1","1","2"
"夏官尚书杨执柔","1","1","2"
"杀右卫大将军泉","1","1","2"
"右卫大将军泉献","1","1","2"
"卫大将军泉献诚","1","1","2"
"秋官尚书袁智弘","1","1","2"
"秋官侍郎崔元综","1","1","2"
"夏官侍郎李昭德","1","1","2"
"检校天官侍郎姚","1","1","2"
"检校地官侍郎李","1","1","2"
"校地官侍郎李元","1","1","2"
"地官侍郎李元素","1","1","2"
"武威道行军总管","1","1","2"
"威道行军总管王","1","1","2"
"道行军总管王孝","1","1","2"
"行军总管王孝杰","1","1","2"
"夏官侍郎娄师德","1","1","2"
"杀尚方监裴匪躬","1","1","2"
"加号金轮圣神皇","1","1","2"
"号金轮圣神皇帝","1","1","2"
"文昌右丞韦巨源","1","1","2"
"秋官侍郎陆元方","1","1","2"
"官侍郎陆元方鸾","2","0","2"
"侍郎陆元方鸾台","2","0","2"
"郎陆元方鸾台侍","2","0","2"
"陆元方鸾台侍郎","2","0","2"
"司宾卿豆卢钦望","1","1","2"
"右鹰扬卫大将军","1","1","2"
"鹰扬卫大将军李","1","1","2"
"扬卫大将军李多","1","1","2"
"伐逆道行军大总","1","1","2"
"逆道行军大总管","1","1","2"
"武威道大总管王","1","1","2"
"威道大总管王孝","1","1","2"
"道大总管王孝杰","1","1","2"
"朔方道行军长史","1","1","2"
"加号越古金轮圣","1","1","2"
"号越古金轮圣神","1","1","2"
"瀚海道行军总管","1","1","2"
"台御史大夫杨思","2","0","2"
"文昌右丞李元素","1","1","2"
"政台御史中丞周","1","1","2"
"台御史中丞周允","1","1","2"
"御史中丞周允元","1","1","2"
"容州都督张玄遇","1","1","2"
"永等州经略大使","1","1","2"
"天册万岁元年正","1","1","2"
"册万岁元年正月","1","1","2"
"慈氏越古金轮圣","1","1","2"
"氏越古金轮圣神","1","1","2"
"大周万国颂德天","1","1","2"
"周万国颂德天枢","1","1","2"
"肃边道行军大总","1","1","2"
"道行军大总管击","2","0","2"
"万岁通天元年腊","1","1","2"
"岁通天元年腊月","1","1","2"
"肃边道行军副总","1","1","2"
"边道行军副总管","1","1","2"
"检校夏官侍郎孙","1","1","2"
"校夏官侍郎孙元","1","1","2"
"夏官侍郎孙元亨","1","1","2"
"原州都督府司马","1","1","2"
"松漠都督李尽忠","1","1","2"
"归诚州刺史孙万","1","1","2"
"诚州刺史孙万荣","1","1","2"
"左鹰扬卫将军曹","1","1","2"
"鹰扬卫将军曹仁","1","1","2"
"扬卫将军曹仁师","1","1","2"
"金吾卫大将军张","1","1","2"
"吾卫大将军张玄","1","1","2"
"卫大将军张玄遇","1","1","2"
"左威卫大将军李","1","1","2"
"威卫大将军李多","1","1","2"
"司农少卿麻仁节","1","1","2"
"农少卿麻仁节等","1","1","2"
"榆关道安抚大使","1","1","2"
"同州刺史武攸宜","1","1","2"
"清边道行军大总","1","1","2"
"平狄军副使安道","1","1","2"
"狄军副使安道买","1","1","2"
"前益州大都督府","1","1","2"
"大都督府长史王","1","1","2"
"金吾卫大将军武","1","1","2"
"吾卫大将军武懿","1","1","2"
"卫大将军武懿宗","1","1","2"
"右豹韬卫将军何","1","1","2"
"豹韬卫将军何迦","1","1","2"
"韬卫将军何迦密","1","1","2"
"清边道行军副大","1","1","2"
"边道行军副大总","1","1","2"
"道行军副大总管","1","1","2"
"右武卫将军沙吒","1","1","2"
"武卫将军沙吒忠","1","1","2"
"卫将军沙吒忠义","1","1","2"
"清边中道前军总","1","1","2"
"边中道前军总管","1","1","2"
"宗楚客同凤阁鸾","2","0","2"
"楚客同凤阁鸾台","2","0","2"
"客同凤阁鸾台平","2","0","2"
"娄师德安抚河北","1","1","2"
"幽州都督狄仁杰","1","1","2"
"师德陇右诸军大","2","0","2"
"德陇右诸军大使","2","0","2"
"检校河西营田事","1","1","2"
"左豹韬卫将军阎","1","1","2"
"豹韬卫将军阎知","1","1","2"
"韬卫将军阎知微","1","1","2"
"夏官尚书武攸宁","1","1","2"
"河北道前军总管","1","1","2"
"试天官侍郎苏味","1","1","2"
"天官侍郎苏味道","1","1","2"
"夏官侍郎姚元崇","1","1","2"
"峤同凤阁鸾台平","2","0","2"
"左肃政台御史中","1","1","2"
"政台御史中丞吉","1","1","2"
"台御史中丞吉顼","1","1","2"
"检校右肃政台御","1","1","2"
"校右肃政台御史","1","1","2"
"政台御史中丞魏","1","1","2"
"台御史中丞魏元","1","1","2"
"御史中丞魏元忠","1","1","2"
"试天官侍郎陆元","1","1","2"
"天官侍郎陆元方","1","1","2"
"文昌左相韦巨源","1","1","2"
"夏官尚书唐奉一","1","1","2"
"天兵中军大总管","1","1","2"
"陇右诸军州大使","1","1","2"
"右诸军州大使唐","1","1","2"
"诸军州大使唐休","1","1","2"
"萧关道行军大总","1","1","2"
"关道行军大总管","1","1","2"
"鸾台侍郎李怀远","1","1","2"
"夏官侍郎李迥秀","1","1","2"
"邵王重润永泰郡","2","0","2"
"王重润永泰郡主","2","0","2"
"雍州长史薛季昶","1","1","2"
"持节山东防御大","1","1","2"
"节山东防御大使","1","1","2"
"茂州都督陈大慈","1","1","2"
"检校凉州都督唐","1","1","2"
"校凉州都督唐休","1","1","2"
"天官侍郎韦嗣立","1","1","2"
"封皇孙平恩郡王","1","1","2"
"夏官侍郎宗楚客","1","1","2"
"相王府长史姚元","1","1","2"
"灵武道安抚大使","1","1","2"
"天官侍郎韦承庆","1","1","2"
"左羽林卫将军敬","1","1","2"
"羽林卫将军敬晖","1","1","2"
"检校左羽林卫将","1","1","2"
"校左羽林卫将军","1","1","2"
"左羽林卫将军桓","1","1","2"
"羽林卫将军桓彦","1","1","2"
"林卫将军桓彦范","1","1","2"
"左羽林卫将军李","1","1","2"
"羽林卫将军李湛","1","1","2"
"右羽林卫将军杨","1","1","2"
"羽林卫将军杨元","1","1","2"
"林卫将军杨元琰","1","1","2"
"司刑评事冀仲甫","1","1","2"
"内直郎王同皎率","1","1","2"
"太子宾客武三思","1","1","2"
"太子少詹事祝钦","1","1","2"
"子少詹事祝钦明","1","1","2"
"左骁卫大将军裴","1","1","2"
"骁卫大将军裴思","1","1","2"
"卫大将军裴思谅","1","1","2"
"太子宾客韦巨源","1","1","2"
"李峤同中书门下","2","0","2"
"峤同中书门下三","2","0","2"
"礼部尚书韦巨源","1","1","2"
"袁恕己窦州司马","2","0","2"
"灵武军大总管沙","1","1","2"
"武军大总管沙吒","1","1","2"
"军大总管沙吒忠","1","1","2"
"大总管沙吒忠义","1","1","2"
"屯卫大将军张仁","1","1","2"
"兵部尚书宗楚客","1","1","2"
"杀习艺馆内教苏","1","1","2"
"习艺馆内教苏安","1","1","2"
"艺馆内教苏安恒","1","1","2"
"道行军大总管张","1","1","2"
"行军大总管张仁","1","1","2"
"御史中丞冯嘉宾","1","1","2"
"安西都护牛师奖","1","1","2"
"检校吏部侍郎崔","1","1","2"
"兵部侍郎赵彦昭","1","1","2"
"赵彦昭中书侍郎","2","0","2"
"杀许州司兵参军","1","1","2"
"许州司兵参军燕","1","1","2"
"州司兵参军燕钦","1","1","2"
"司兵参军燕钦融","1","1","2"
"立温王重茂皇太","2","0","2"
"温王重茂皇太子","2","0","2"
"黄门侍郎李日知","1","1","2"
"太子少保韦安石","1","1","2"
"吏部尚书刘幽求","1","1","2"
"右散骑常侍魏知","1","1","2"
"散骑常侍魏知古","1","1","2"
"八十上上州司马","2","0","2"
"左御史台大夫窦","1","1","2"
"御史台大夫窦怀","1","1","2"
"史台大夫窦怀贞","1","1","2"
"刑部尚书郭元振","1","1","2"
"左羽林将军韦播","1","1","2"
"检校陇右群牧大","1","1","2"
"校陇右群牧大使","1","1","2"
"黄门侍郎卢怀慎","1","1","2"
"同紫微黄门三品","1","1","2"
"碛西节度使阿史","1","1","2"
"右骁卫将军郭知","1","1","2"
"骁卫将军郭知运","1","1","2"
"羽林军大将军薛","1","1","2"
"林军大将军薛讷","1","1","2"
"右卫大将军郭虔","1","1","2"
"朔州镇军大总管","1","1","2"
"右骁卫将军李玄","1","1","2"
"骁卫将军李玄道","1","1","2"
"灵州刺史杜宾客","1","1","2"
"相州人崔子岩反","1","1","2"
"廓州刺史盖思贵","1","1","2"
"松州都督孙仁献","1","1","2"
"大武军子将郝灵","1","1","2"
"尚书左丞源乾曜","1","1","2"
"源乾曜黄门侍郎","2","0","2"
"陇右节度使郭知","1","1","2"
"右节度使郭知运","1","1","2"
"道行军大总管王","1","1","2"
"大都督府长史张","1","1","2"
"都督府长史张嘉","1","1","2"
"督府长史张嘉贞","1","1","2"
"凉州都督杨敬述","1","1","2"
"天兵军节度大使","1","1","2"
"兵军节度大使张","1","1","2"
"军节度大使张说","1","1","2"
"京兆人权梁山反","1","1","2"
"北庭节度使张孝","1","1","2"
"庭节度使张孝嵩","1","1","2"
"碛西节度使杜暹","1","1","2"
"陇右节度使王君","1","1","2"
"副大都护赵颐贞","1","1","2"
"陇右节度使张志","1","1","2"
"右节度使张志亮","1","1","2"
"河西节度使萧嵩","1","1","2"
"克吐蕃大莫门城","1","1","2"
"兵部侍郎裴光庭","1","1","2"
"河东道诸军元帅","1","1","2"
"军卫将军盖福慎","1","1","2"
"幽州副总管郭英","1","1","2"
"州副总管郭英杰","1","1","2"
"北庭都护刘涣谋","1","1","2"
"庭都护刘涣谋反","1","1","2"
"黄门侍郎李林甫","1","1","2"
"幽州节度使张守","1","1","2"
"侍老百岁上版授","2","0","2"
"东都人刘普会反","1","1","2"
"十四年正月丙午","2","0","2"
"北庭都护盖嘉运","1","1","2"
"醴泉人刘志诚反","1","1","2"
"西节度副大使崔","1","1","2"
"节度副大使崔希","1","1","2"
"度副大使崔希逸","1","1","2"
"杀监察御史周子","1","1","2"
"监察御史周子谅","1","1","2"
"潮州刺史陈思挺","1","1","2"
"州刺史陈思挺谋","1","1","2"
"刺史陈思挺谋反","1","1","2"
"鄯州都督杜希望","1","1","2"
"开元圣文神武皇","1","1","2"
"元圣文神武皇帝","1","1","2"
"碛西节度使盖嘉","1","1","2"
"西节度使盖嘉运","1","1","2"
"陇右节度使萧炅","1","1","2"
"陈王府参军田同","1","1","2"
"王府参军田同秀","1","1","2"
"宝圣文神武皇帝","1","1","2"
"皇甫惟明吐蕃战","2","0","2"
"朔方军节度使王","1","1","2"
"方军节度使王忠","1","1","2"
"军节度使王忠嗣","1","1","2"
"契丹松漠都督李","1","1","2"
"丹松漠都督李怀","1","1","2"
"松漠都督李怀节","1","1","2"
"门下侍郎陈希烈","1","1","2"
"杀北海郡太守李","1","1","2"
"北海郡太守李邕","1","1","2"
"淄川郡太守裴敦","1","1","2"
"川郡太守裴敦复","1","1","2"
"杀户部侍郎杨慎","1","1","2"
"户部侍郎杨慎矜","1","1","2"
"安西副都护高仙","1","1","2"
"西副都护高仙芝","1","1","2"
"加上玄元皇帝号","2","0","2"
"上玄元皇帝号曰","2","0","2"
"圣祖大道玄元皇","1","1","2"
"祖大道玄元皇帝","1","1","2"
"尊号曰开元天地","2","0","2"
"号曰开元天地大","2","0","2"
"曰开元天地大宝","2","0","2"
"大宝圣文神武应","1","1","2"
"安西四镇节度使","1","1","2"
"西四镇节度使高","1","1","2"
"四镇节度使高仙","1","1","2"
"镇节度使高仙芝","1","1","2"
"云南蛮战西洱河","2","0","2"
"突厥部落阿布思","1","1","2"
"李林甫安北副大","1","1","2"
"林甫安北副大都","1","1","2"
"甫安北副大都护","1","1","2"
"剑南节度使杨国","1","1","2"
"南节度使杨国忠","1","1","2"
"大圣祖高上大道","1","1","2"
"圣祖高上大道金","1","1","2"
"大宝圣文神武证","1","1","2"
"宝圣文神武证道","1","1","2"
"圣文神武证道孝","1","1","2"
"文神武证道孝德","1","1","2"
"神武证道孝德皇","1","1","2"
"武证道孝德皇帝","1","1","2"
"北庭都护程千里","1","1","2"
"庭都护程千里俘","1","1","2"
"剑南节度留后李","1","1","2"
"南节度留后李宓","1","1","2"
"河东节度使杨光","1","1","2"
"伊西节度使封常","1","1","2"
"西节度使封常清","1","1","2"
"恒山郡太守颜杲","1","1","2"
"山郡太守颜杲卿","1","1","2"
"济南郡太守李随","1","1","2"
"平原郡太守颜真","1","1","2"
"原郡太守颜真卿","1","1","2"
"饶阳郡太守卢全","1","1","2"
"阳郡太守卢全诚","1","1","2"
"朔方军节度副使","1","1","2"
"方军节度副使李","1","1","2"
"军节度副使李光","1","1","2"
"节度副使李光弼","1","1","2"
"南阳郡太守鲁炅","1","1","2"
"杀户部尚书安思","1","1","2"
"户部尚书安思顺","1","1","2"
"北海郡太守贺兰","1","1","2"
"海郡太守贺兰进","1","1","2"
"郡太守贺兰进明","1","1","2"
"左龙武大将军陈","1","1","2"
"龙武大将军陈玄","1","1","2"
"武大将军陈玄礼","1","1","2"
"大将军陈玄礼杀","1","1","2"
"御史大夫魏方进","1","1","2"
"闲厩使任沙门叛","1","1","2"
"江陵大都督永王","1","1","2"
"江南西路节度使","1","1","2"
"李麟同中书门下","2","0","2"
"御史大夫李朝隐","1","1","2"
"史大夫李朝隐等","1","1","2"
"大夫李朝隐等八","1","1","2"
"左丞相裴耀卿请","1","1","2"
"新平郡太守薛羽","1","1","2"
"朔方留后支度副","1","1","2"
"方留后支度副使","1","1","2"
"留后支度副使杜","1","1","2"
"后支度副使杜鸿","1","1","2"
"支度副使杜鸿渐","1","1","2"
"六城水陆运使魏","1","1","2"
"城水陆运使魏少","1","1","2"
"水陆运使魏少游","1","1","2"
"支度判官崔简金","1","1","2"
"关内盐池判官李","1","1","2"
"内盐池判官李涵","1","1","2"
"河西行军司马裴","1","1","2"
"西行军司马裴冕","1","1","2"
"行军司马裴冕迎","1","1","2"
"防御蒲潼两关兵","1","1","2"
"御蒲潼两关兵马","1","1","2"
"蒲潼两关兵马元","1","1","2"
"潼两关兵马元帅","1","1","2"
"兵部尚书王思礼","1","1","2"
"河南节度副使张","1","1","2"
"南节度副使张巡","1","1","2"
"丹徒郡太守阎敬","1","1","2"
"河西兵马使孟庭","1","1","2"
"西兵马使孟庭伦","1","1","2"
"兵马使孟庭伦杀","1","1","2"
"郭子仪安庆绪战","2","0","2"
"剑南节度使卢元","1","1","2"
"南节度使卢元裕","1","1","2"
"灵昌郡太守许叔","1","1","2"
"昌郡太守许叔冀","1","1","2"
"渭北节度使李光","1","1","2"
"北节度使李光进","1","1","2"
"行军司马王伯伦","1","1","2"
"兴平军兵马使李","1","1","2"
"平军兵马使李奂","1","1","2"
"左金吾卫将军南","1","1","2"
"金吾卫将军南霁","1","1","2"
"吾卫将军南霁云","1","1","2"
"太子太师韦见素","1","1","2"
"关内节度使王思","1","1","2"
"内节度使王思礼","1","1","2"
"王思礼安庆绪战","2","0","2"
"北庭行营兵马使","1","1","2"
"庭行营兵马使李","1","1","2"
"行营兵马使李嗣","1","1","2"
"营兵马使李嗣业","1","1","2"
"河南都知兵马使","1","1","2"
"南都知兵马使嗣","1","1","2"
"都知兵马使嗣吴","1","1","2"
"知兵马使嗣吴王","1","1","2"
"光天文武大圣孝","1","1","2"
"天文武大圣孝感","1","1","2"
"文武大圣孝感皇","1","1","2"
"武大圣孝感皇帝","1","1","2"
"范阳节度副使乌","1","1","2"
"阳节度副使乌承","1","1","2"
"节度副使乌承恩","1","1","2"
"度副使乌承恩反","1","1","2"
"招讨党项使王仲","1","1","2"
"讨党项使王仲升","1","1","2"
"党项使王仲升杀","1","1","2"
"光天文武孝感皇","1","1","2"
"天文武孝感皇帝","1","1","2"
"户部侍郎第五琦","1","1","2"
"河南等道诸节度","1","1","2"
"南等道诸节度防","1","1","2"
"等道诸节度防御","1","1","2"
"道诸节度防御兵","1","1","2"
"诸节度防御兵马","1","1","2"
"节度防御兵马元","1","1","2"
"度防御兵马元帅","1","1","2"
"太子少保崔光远","1","1","2"
"山南东道处置兵","1","1","2"
"南东道处置兵马","1","1","2"
"东道处置兵马使","1","1","2"
"太子太傅苗晋卿","1","1","2"
"凤翔节度使崔光","1","1","2"
"翔节度使崔光远","1","1","2"
"扬州长史刘展反","1","1","2"
"淮南节度使邓景","1","1","2"
"南节度使邓景山","1","1","2"
"桂州经略使邢济","1","1","2"
"神策军节度使卫","1","1","2"
"策军节度使卫伯","1","1","2"
"军节度使卫伯玉","1","1","2"
"吏部侍郎裴遵庆","1","1","2"
"青密节度使尚衡","1","1","2"
"郓节度使能元皓","1","1","2"
"剑南东川节度兵","1","1","2"
"南东川节度兵马","1","1","2"
"东川节度兵马使","1","1","2"
"川节度兵马使段","1","1","2"
"节度兵马使段子","1","1","2"
"度兵马使段子璋","1","1","2"
"兵马使段子璋反","1","1","2"
"平卢军节度使侯","1","1","2"
"卢军节度使侯希","1","1","2"
"军节度使侯希逸","1","1","2"
"剑南节度使崔光","1","1","2"
"南节度使崔光远","1","1","2"
"曹州刺史常休明","1","1","2"
"都知兵马使辛云","1","1","2"
"知兵马使辛云京","1","1","2"
"节度使荔非元礼","1","1","2"
"淮西节度使王仲","1","1","2"
"西节度使王仲升","1","1","2"
"定国军兵马副元","1","1","2"
"国军兵马副元帅","1","1","2"
"飞龙厩副使程元","1","1","2"
"龙厩副使程元振","1","1","2"
"北庭行营节度使","1","1","2"
"庭行营节度使李","1","1","2"
"行营节度使李嗣","1","1","2"
"营节度使李嗣业","1","1","2"
"陇右节度使郭子","1","1","2"
"右节度使郭子仪","1","1","2"
"关内行营节度使","1","1","2"
"内行营节度使王","1","1","2"
"行营节度使王思","1","1","2"
"营节度使王思礼","1","1","2"
"飞龙副使程元振","1","1","2"
"杀山南东道节度","1","1","2"
"南东道节度使裴","1","1","2"
"剑南西川兵马使","1","1","2"
"南西川兵马使徐","1","1","2"
"西川兵马使徐知","1","1","2"
"川兵马使徐知道","1","1","2"
"兵马使徐知道反","1","1","2"
"凤州刺史吕日将","1","1","2"
"朔方行营节度使","1","1","2"
"方行营节度使仆","1","1","2"
"行营节度使仆固","1","1","2"
"营节度使仆固怀","1","1","2"
"节度使仆固怀恩","1","1","2"
"山南东道兵马使","1","1","2"
"南东道兵马使梁","1","1","2"
"东道兵马使梁崇","1","1","2"
"道兵马使梁崇义","1","1","2"
"宝应元圣文武孝","1","1","2"
"应元圣文武孝皇","1","1","2"
"元圣文武孝皇帝","1","1","2"
"渭北行营兵马使","1","1","2"
"北行营兵马使吕","1","1","2"
"行营兵马使吕日","1","1","2"
"营兵马使吕日将","1","1","2"
"广州市舶使吕太","1","1","2"
"州市舶使吕太一","1","1","2"
"市舶使吕太一反","1","1","2"
"检校礼部尚书李","1","1","2"
"方军节度留后浑","1","1","2"
"军节度留后浑释","1","1","2"
"山南东道节度行","1","1","2"
"南东道节度行营","1","1","2"
"东道节度行营事","1","1","2"
"宁节度使白孝德","1","1","2"
"剑南节度使严武","1","1","2"
"河西节度使杨志","1","1","2"
"西节度使杨志烈","1","1","2"
"淄青兵马使李怀","1","1","2"
"青兵马使李怀玉","1","1","2"
"逐节度使侯希逸","1","1","2"
"朔方副将李怀光","1","1","2"
"剑南西山兵马使","2","0","2"
"普州刺史韩澄杀","1","1","2"
"西山等道副元帅","1","1","2"
"南东川节度使张","1","1","2"
"东川节度使张献","1","1","2"
"川节度使张献诚","1","1","2"
"商州兵马使刘洽","1","1","2"
"州兵马使刘洽杀","1","1","2"
"州刺史杨子琳反","1","1","2"
"剑南节度留后崔","1","1","2"
"南节度留后崔宽","1","1","2"
"泾原兵马使王童","1","1","2"
"杀颍州刺史李岵","1","1","2"
"方军节度留后常","1","1","2"
"军节度留后常谦","1","1","2"
"节度留后常谦光","1","1","2"
"山南东道副元帅","1","1","2"
"凤翔节度使李抱","1","1","2"
"翔节度使李抱玉","1","1","2"
"杀殿中侍御史陆","1","1","2"
"成都府司录参军","1","1","2"
"都府司录参军事","1","1","2"
"府司录参军事李","1","1","2"
"司录参军事李少","1","1","2"
"录参军事李少良","1","1","2"
"循州刺史哥舒晃","1","1","2"
"州刺史哥舒晃反","1","1","2"
"岭南节度使吕崇","1","1","2"
"南节度使吕崇贲","1","1","2"
"昭义军兵马使裴","1","1","2"
"义军兵马使裴志","1","1","2"
"军兵马使裴志清","1","1","2"
"南西川节度使崔","1","1","2"
"西川节度使崔宁","1","1","2"
"岭南节度使路嗣","1","1","2"
"南节度使路嗣恭","1","1","2"
"河阳三城使马燧","1","1","2"
"淮南节度使陈少","1","1","2"
"南节度使陈少游","1","1","2"
"河东节度留后鲍","1","1","2"
"东节度留后鲍防","1","1","2"
"魏博节度使田承","1","1","2"
"博节度使田承嗣","1","1","2"
"逐节度使李忠臣","1","1","2"
"睿真皇太后沈氏","1","1","2"
"大历十四年五月","1","1","2"
"梨园乐工三百人","1","1","2"
"金吾卫大将军曲","1","1","2"
"吾卫大将军曲环","1","1","2"
"杀忠州刺史刘晏","1","1","2"
"卢龙军节度使硃","2","0","2"
"龙军节度使硃滔","2","0","2"
"淮宁军节度使李","1","1","2"
"宁军节度使李希","1","1","2"
"军节度使李希烈","1","1","2"
"汉北兵马招讨使","1","1","2"
"卢军节度使李正","1","1","2"
"军节度使李正己","1","1","2"
"武军节度使刘洽","1","1","2"
"杀崖州司马杨炎","1","1","2"
"成德军节度使张","1","1","2"
"德军节度使张孝","1","1","2"
"军节度使张孝忠","1","1","2"
"昭义军节度副使","1","1","2"
"义军节度副使卢","1","1","2"
"军节度副使卢玄","1","1","2"
"节度副使卢玄卿","1","1","2"
"杀殿中侍御史郑","1","1","2"
"殿中侍御史郑詹","1","1","2"
"朔方军节度使李","1","1","2"
"方军节度使李怀","1","1","2"
"军节度使李怀光","1","1","2"
"节度使李怀光讨","1","1","2"
"殿中丞李云端谋","1","1","2"
"中丞李云端谋反","1","1","2"
"演州司马李孟秋","1","1","2"
"峰州刺史皮岸反","1","1","2"
"凤翔节度使张镒","1","1","2"
"汝行营节度使哥","1","1","2"
"行营节度使哥舒","1","1","2"
"营节度使哥舒曜","1","1","2"
"节度使哥舒曜讨","1","1","2"
"荆南节度使张伯","1","1","2"
"南节度使张伯仪","1","1","2"
"淮西招讨处置使","1","1","2"
"淮西应援招讨使","1","1","2"
"江南西道节度使","1","1","2"
"神策军行营兵马","1","1","2"
"策军行营兵马使","1","1","2"
"军行营兵马使刘","1","1","2"
"行营兵马使刘德","1","1","2"
"营兵马使刘德信","1","1","2"
"沔鄂节度诸军行","1","1","2"
"鄂节度诸军行营","1","1","2"
"节度诸军行营兵","1","1","2"
"度诸军行营兵马","1","1","2"
"诸军行营兵马都","1","1","2"
"军行营兵马都元","1","1","2"
"行营兵马都元帅","1","1","2"
"泾原节度使姚令","1","1","2"
"原节度使姚令言","1","1","2"
"节度使姚令言反","1","1","2"
"杀司农卿段秀实","1","1","2"
"左骁卫将军刘海","1","1","2"
"骁卫将军刘海宾","1","1","2"
"宣武军兵马使高","1","1","2"
"武军兵马使高翼","1","1","2"
"军兵马使高翼死","1","1","2"
"杀泾原节度都虞","1","1","2"
"泾原节度都虞候","1","1","2"
"原节度都虞候何","1","1","2"
"节度都虞候何明","1","1","2"
"度都虞候何明礼","1","1","2"
"杀尚书右仆射崔","1","1","2"
"尚书右仆射崔宁","1","1","2"
"京兆府户曹参军","1","1","2"
"翰林学士姜公辅","1","1","2"
"灵盐节度留后杜","1","1","2"
"盐节度留后杜希","1","1","2"
"节度留后杜希全","1","1","2"
"坊节度使李建徽","1","1","2"
"隰行营兵马副元","1","1","2"
"岭南宣慰安抚使","1","1","2"
"左卫大将军侯仲","1","1","2"
"卫大将军侯仲庄","1","1","2"
"金商节度使李建","1","1","2"
"商节度使李建徽","1","1","2"
"神策军兵马使阳","1","1","2"
"策军兵马使阳惠","1","1","2"
"军兵马使阳惠元","1","1","2"
"魏博兵马使田绪","1","1","2"
"博兵马使田绪杀","1","1","2"
"神策行营兵马使","1","1","2"
"策行营兵马使尚","1","1","2"
"商州节度招讨使","1","1","2"
"奉天行营兵马副","1","1","2"
"天行营兵马副元","1","1","2"
"商华兵马副元帅","1","1","2"
"李怀光杀宣慰使","1","1","2"
"怀光杀宣慰使孔","1","1","2"
"光杀宣慰使孔巢","1","1","2"
"杀宣慰使孔巢父","1","1","2"
"北庭行营兵马副","1","1","2"
"庭行营兵马副元","1","1","2"
"隰诸军行营兵马","1","1","2"
"陕虢诸军行营兵","1","1","2"
"虢诸军行营兵马","1","1","2"
"朔方行营兵马副","1","1","2"
"方行营兵马副元","1","1","2"
"陇行营节度使曲","1","1","2"
"行营节度使曲环","1","1","2"
"隋招讨使黄金岳","1","1","2"
"李希烈杀宣慰使","1","1","2"
"希烈杀宣慰使颜","1","1","2"
"烈杀宣慰使颜真","1","1","2"
"杀宣慰使颜真卿","1","1","2"
"龙军节度使刘怦","1","1","2"
"南东道节度使樊","1","1","2"
"东道节度使樊泽","1","1","2"
"沧州刺史程日华","1","1","2"
"尚书左仆射张延","1","1","2"
"书左仆射张延赏","1","1","2"
"潼关节度使骆元","1","1","2"
"关节度使骆元光","1","1","2"
"兵部尚书崔汉衡","1","1","2"
"前陕虢观察使李","1","1","2"
"陕虢观察使李泌","1","1","2"
"朔方节度使杜希","1","1","2"
"方节度使杜希全","1","1","2"
"陇州刺史苏清沔","1","1","2"
"射生将韩钦绪谋","1","1","2"
"生将韩钦绪谋反","1","1","2"
"泾原节度副元帅","1","1","2"
"宁都虞候杨朝晟","1","1","2"
"宁节度使张献甫","1","1","2"
"岭南节度使李复","1","1","2"
"武军节度使刘玄","1","1","2"
"军节度使刘玄佐","1","1","2"
"卢军节度使李纳","1","1","2"
"义成军节度使贾","1","1","2"
"成军节度使贾耽","1","1","2"
"昭义军节度留后","1","1","2"
"义军节度留后王","1","1","2"
"军节度留后王虔","1","1","2"
"节度留后王虔休","1","1","2"
"魏博节度使田绪","1","1","2"
"宣武军节度使李","1","1","2"
"武军节度使李万","1","1","2"
"军节度使李万荣","1","1","2"
"右谏议大夫崔损","1","1","2"
"凤翔监军使西门","1","1","2"
"泾原节度使刘昌","1","1","2"
"节度行军司马陆","1","1","2"
"度行军司马陆长","1","1","2"
"行军司马陆长源","1","1","2"
"节度使吴少诚反","1","1","2"
"陈许节度留后上","1","1","2"
"许节度留后上官","1","1","2"
"武军节度使刘全","1","1","2"
"军节度使刘全谅","1","1","2"
"都知兵马使韩弘","1","1","2"
"南东道节度使頔","2","0","2"
"陈许节度使上官","1","1","2"
"安黄节度使伊慎","1","1","2"
"银节度使韩全义","1","1","2"
"蔡州行营招讨处","1","1","2"
"州行营招讨处置","1","1","2"
"行营招讨处置使","1","1","2"
"黔中宴设将傅近","1","1","2"
"韩全义吴少诚战","2","0","2"
"濠节度使张建封","1","1","2"
"杀上封事人崔善","1","1","2"
"上封事人崔善贞","1","1","2"
"德军节度使王武","1","1","2"
"军节度使王武俊","1","1","2"
"大历十四年六月","1","1","2"
"吏部侍郎韦执谊","1","1","2"
"海军节度使程怀","1","1","2"
"军节度使程怀信","1","1","2"
"皇太子权句军国","2","0","2"
"太子权句军国政","2","0","2"
"子权句军国政事","2","0","2"
"金吾卫大将军袁","1","1","2"
"吾卫大将军袁滋","1","1","2"
"应乾圣寿太上皇","1","1","2"
"庄宪皇太后王氏","1","1","2"
"山南西道安抚大","1","1","2"
"南西道安抚大使","1","1","2"
"银节度留后杨惠","1","1","2"
"节度留后杨惠琳","1","1","2"
"度留后杨惠琳反","1","1","2"
"卢军节度使李师","1","1","2"
"军节度使李师古","1","1","2"
"御史中丞武元衡","1","1","2"
"武元衡门下侍郎","2","0","2"
"中书舍人李吉甫","1","1","2"
"李吉甫中书侍郎","2","0","2"
"邕管经略使路恕","1","1","2"
"淮南节度使王锷","1","1","2"
"诸道行营兵马招","1","1","2"
"道行营兵马招讨","1","1","2"
"行营兵马招讨使","1","1","2"
"营兵马招讨使讨","1","1","2"
"镇海军兵马使张","1","1","2"
"海军兵马使张子","1","1","2"
"军兵马使张子良","1","1","2"
"南西川节度使高","1","1","2"
"西川节度使高崇","1","1","2"
"川节度使高崇文","1","1","2"
"德军节度使王士","1","1","2"
"军节度使王士真","1","1","2"
"德军节度使王承","1","1","2"
"军节度使王承宗","1","1","2"
"节度使王承宗反","1","1","2"
"保信军节度使薛","1","1","2"
"信军节度使薛昌","1","1","2"
"军节度使薛昌朝","1","1","2"
"策军护军中尉吐","1","1","2"
"军护军中尉吐突","1","1","2"
"护军中尉吐突承","1","1","2"
"镇州行营兵马招","1","1","2"
"州行营兵马招讨","1","1","2"
"行营兵马招讨处","1","1","2"
"营兵马招讨处置","1","1","2"
"兵马招讨处置使","1","1","2"
"镇州招讨宣慰使","1","1","2"
"左神策军大将军","1","1","2"
"神策军大将军郦","1","1","2"
"策军大将军郦定","1","1","2"
"军大将军郦定进","1","1","2"
"河东节度使范希","1","1","2"
"东节度使范希朝","1","1","2"
"武军节度使张茂","1","1","2"
"军节度使张茂昭","1","1","2"
"义武军都虞候杨","1","1","2"
"武军都虞候杨伯","1","1","2"
"军都虞候杨伯玉","1","1","2"
"都虞候杨伯玉反","1","1","2"
"义武军兵马使张","1","1","2"
"武军兵马使张佐","1","1","2"
"军兵马使张佐元","1","1","2"
"兵马使张佐元反","1","1","2"
"淮南节度使李吉","1","1","2"
"南节度使李吉甫","1","1","2"
"魏博节度使田季","1","1","2"
"博节度使田季安","1","1","2"
"魏博节度使田兴","1","1","2"
"南西川节度使武","1","1","2"
"西川节度使武元","1","1","2"
"川节度使武元衡","1","1","2"
"黔中经略使崔能","1","1","2"
"中经略使崔能讨","1","1","2"
"荆南节度使严绶","1","1","2"
"南节度使严绶讨","1","1","2"
"南东川节度使潘","1","1","2"
"东川节度使潘孟","1","1","2"
"川节度使潘孟阳","1","1","2"
"节度使潘孟阳讨","1","1","2"
"湖南观察使柳公","1","1","2"
"南观察使柳公绰","1","1","2"
"观察使柳公绰讨","1","1","2"
"河中节度使张弘","1","1","2"
"中节度使张弘靖","1","1","2"
"军节度使吴少阳","1","1","2"
"南东道节度使严","1","1","2"
"东道节度使严绶","1","1","2"
"忠武军都知兵马","1","1","2"
"武军都知兵马使","1","1","2"
"军都知兵马使李","1","1","2"
"都知兵马使李光","1","1","2"
"知兵马使李光颜","1","1","2"
"寿州团练使李文","1","1","2"
"州团练使李文通","1","1","2"
"河阳节度使乌重","1","1","2"
"阳节度使乌重胤","1","1","2"
"武军节度使韩弘","1","1","2"
"丰州刺史燕重旰","1","1","2"
"李光颜吴元济战","2","0","2"
"武宁军都押衙王","1","1","2"
"宁军都押衙王智","1","1","2"
"军都押衙王智兴","1","1","2"
"龙军节度使刘总","1","1","2"
"中书舍人李逢吉","1","1","2"
"唐邓节度使高霞","1","1","2"
"邓节度使高霞寓","1","1","2"
"昭义军节度使郗","1","1","2"
"义军节度使郗士","1","1","2"
"军节度使郗士美","1","1","2"
"邕管经略使韦悦","1","1","2"
"淮西宣慰处置使","1","1","2"
"淮南节度使李庸","1","1","2"
"南节度使李庸阝","1","1","2"
"御史大夫李夷简","1","1","2"
"海军节度使程权","1","1","2"
"道盐铁转运使程","1","1","2"
"盐铁转运使程异","1","1","2"
"灵武节度使杜叔","1","1","2"
"武节度使杜叔良","1","1","2"
"圣文神武法天应","1","1","2"
"文神武法天应道","1","1","2"
"神武法天应道皇","1","1","2"
"武法天应道皇帝","1","1","2"
"河阳节度使令狐","1","1","2"
"阳节度使令狐楚","1","1","2"
"懿安皇太后郭氏","1","1","2"
"左神策军中尉吐","1","1","2"
"神策军中尉吐突","1","1","2"
"策军中尉吐突承","1","1","2"
"中书舍人翰林学","1","1","2"
"书舍人翰林学士","1","1","2"
"舍人翰林学士段","1","1","2"
"人翰林学士段文","1","1","2"
"翰林学士段文昌","1","1","2"
"容管经略留后严","1","1","2"
"管经略留后严公","1","1","2"
"经略留后严公素","1","1","2"
"右神策军中尉梁","1","1","2"
"神策军中尉梁守","1","1","2"
"策军中尉梁守谦","1","1","2"
"盐州刺史李文悦","1","1","2"
"幽州卢龙军都知","1","1","2"
"州卢龙军都知兵","1","1","2"
"卢龙军都知兵马","1","1","2"
"龙军都知兵马使","1","1","2"
"节度使张弘靖反","1","1","2"
"群臣上尊号曰文","2","0","2"
"臣上尊号曰文武","2","0","2"
"成德军大将王廷","1","1","2"
"德军大将王廷凑","1","1","2"
"军大将王廷凑杀","1","1","2"
"节度使田弘正反","1","1","2"
"易州刺史柳公济","1","1","2"
"灵武节度使李进","1","1","2"
"武节度使李进诚","1","1","2"
"义武军节度使陈","1","1","2"
"武军节度使陈楚","1","1","2"
"魏博节度使田布","1","1","2"
"军节度使刘悟囚","1","1","2"
"武宁军节度副使","1","1","2"
"宁军节度副使王","1","1","2"
"军节度副使王智","1","1","2"
"节度副使王智兴","1","1","2"
"淮南节度使裴度","1","1","2"
"成德军节度使牛","1","1","2"
"德军节度使牛元","1","1","2"
"军节度使牛元翼","1","1","2"
"邕州刺史李元宗","1","1","2"
"宣武军宿直将李","1","1","2"
"武军节度使韩充","1","1","2"
"御史中丞牛僧孺","1","1","2"
"长庆二年十二月","1","1","2"
"宰相李逢吉请立","1","1","2"
"相李逢吉请立景","1","1","2"
"李逢吉请立景王","1","1","2"
"中官季文德谋反","1","1","2"
"文武大圣广孝皇","1","1","2"
"武大圣广孝皇帝","1","1","2"
"州卢龙军兵马使","1","1","2"
"卢龙军兵马使李","1","1","2"
"龙军兵马使李载","1","1","2"
"军兵马使李载义","1","1","2"
"兵马使李载义杀","1","1","2"
"宝历二年十二月","1","1","2"
"内枢密使王守澄","1","1","2"
"神策护军中尉魏","1","1","2"
"翰林学士韦处厚","1","1","2"
"海军节度使李寰","1","1","2"
"军节度使李寰讨","1","1","2"
"沧州行营招抚使","1","1","2"
"峰州刺史王升朝","1","1","2"
"州刺史王升朝反","1","1","2"
"魏博节度使史宪","1","1","2"
"博节度使史宪诚","1","1","2"
"义武军节度使柳","1","1","2"
"武军节度使柳公","1","1","2"
"军节度使柳公济","1","1","2"
"龙军节度使李载","1","1","2"
"军节度使李载义","1","1","2"
"魏博行营兵马使","1","1","2"
"博行营兵马使丌","1","1","2"
"行营兵马使丌志","1","1","2"
"营兵马使丌志沼","1","1","2"
"兵马使丌志沼反","1","1","2"
"太原兵马使傅毅","1","1","2"
"沧德宣慰使柏耆","1","1","2"
"都知兵马使何进","1","1","2"
"知兵马使何进滔","1","1","2"
"吏部侍郎李宗闵","1","1","2"
"军卫大将军董重","1","1","2"
"卫大将军董重质","1","1","2"
"诸道行营西川都","1","1","2"
"道行营西川都知","1","1","2"
"行营西川都知兵","1","1","2"
"营西川都知兵马","1","1","2"
"西川都知兵马使","1","1","2"
"武昌军节度使牛","1","1","2"
"昌军节度使牛僧","1","1","2"
"军节度使牛僧孺","1","1","2"
"尚书右丞宋申锡","1","1","2"
"莫州刺史张庆初","1","1","2"
"兵部尚书李德裕","1","1","2"
"卢龙军节度使杨","1","1","2"
"龙军节度使杨志","1","1","2"
"军节度使杨志诚","1","1","2"
"幽州卢龙军大将","1","1","2"
"州卢龙军大将史","1","1","2"
"卢龙军大将史元","1","1","2"
"龙军大将史元忠","1","1","2"
"西道节度使李宗","1","1","2"
"道节度使李宗闵","1","1","2"
"德军节度使王廷","1","1","2"
"军节度使王廷凑","1","1","2"
"浙江东道观察使","1","1","2"
"江东道观察使贾","1","1","2"
"御史大夫李固言","1","1","2"
"李固言门下侍郎","2","0","2"
"御史中丞舒元舆","1","1","2"
"杀观军容使王守","1","1","2"
"观军容使王守澄","1","1","2"
"杀武宁军监军使","1","1","2"
"武宁军监军使王","1","1","2"
"宁军监军使王守","1","1","2"
"军监军使王守涓","1","1","2"
"御史中丞李孝本","1","1","2"
"京兆少尹罗立言","1","1","2"
"尚书右仆射郑覃","1","1","2"
"权知户部侍郎李","1","1","2"
"知户部侍郎李石","1","1","2"
"仇士良杀右金吾","1","1","2"
"士良杀右金吾卫","1","1","2"
"良杀右金吾卫大","1","1","2"
"杀右金吾卫大将","1","1","2"
"金吾卫大将军韩","1","1","2"
"吾卫大将军韩约","1","1","2"
"西道节度使李固","1","1","2"
"道节度使李固言","1","1","2"
"工部侍郎陈夷行","1","1","2"
"策军护军中尉鱼","1","1","2"
"军护军中尉鱼弘","1","1","2"
"护军中尉鱼弘志","1","1","2"
"仙韶院副使尉迟","1","1","2"
"韶院副使尉迟璋","1","1","2"
"宣懿皇太后韦氏","1","1","2"
"策军护军中尉仇","1","1","2"
"军护军中尉仇士","1","1","2"
"护军中尉仇士良","1","1","2"
"内枢密使刘弘逸","1","1","2"
"雄武军使张仲武","1","1","2"
"南节度副大使李","1","1","2"
"节度副大使李绅","1","1","2"
"群臣上尊号曰仁","2","0","2"
"臣上尊号曰仁圣","2","0","2"
"上尊号曰仁圣文","2","0","2"
"尊号曰仁圣文武","2","0","2"
"河东节度使刘沔","1","1","2"
"天德军行营副使","1","1","2"
"德军行营副使石","1","1","2"
"军行营副使石雄","1","1","2"
"北面招讨泽潞使","1","1","2"
"魏博节度使何弘","1","1","2"
"博节度使何弘敬","1","1","2"
"东面招讨泽潞使","1","1","2"
"河中节度使陈夷","1","1","2"
"中节度使陈夷行","1","1","2"
"河阳节度使王茂","1","1","2"
"阳节度使王茂元","1","1","2"
"晋绛行营节度使","1","1","2"
"绛行营节度使石","1","1","2"
"行营节度使石雄","1","1","2"
"仁圣文武章天成","1","1","2"
"圣文武章天成功","1","1","2"
"文武章天成功神","1","1","2"
"武章天成功神德","1","1","2"
"章天成功神德明","1","1","2"
"天成功神德明道","1","1","2"
"成功神德明道大","1","1","2"
"功神德明道大孝","1","1","2"
"神德明道大孝皇","1","1","2"
"德明道大孝皇帝","1","1","2"
"东北道招讨党项","1","1","2"
"北道招讨党项使","1","1","2"
"孝明皇太后郑氏","1","1","2"
"河东节度使王宰","1","1","2"
"太子少保李德裕","1","1","2"
"盐州监军使杨玄","1","1","2"
"州监军使杨玄价","1","1","2"
"监军使杨玄价杀","1","1","2"
"道盐铁转运使夏","1","1","2"
"盐铁转运使夏侯","1","1","2"
"铁转运使夏侯孜","1","1","2"
"淮南节度使崔铉","1","1","2"
"池观察处置使讨","1","1","2"
"策军护军中尉王","1","1","2"
"圣武献文孝皇帝","1","1","2"
"恭宪皇太后王氏","1","1","2"
"蔡州四面行营副","1","1","2"
"州四面行营副都","1","1","2"
"阆州防御使王建","1","1","2"
"剑南西川节度副","1","1","2"
"南西川节度副大","1","1","2"
"西川节度副大使","1","1","2"
"两川招抚制置使","1","1","2"
"永平军节度使王","1","1","2"
"平军节度使王建","1","1","2"
"南西道节度使杨","1","1","2"
"西道节度使杨守","1","1","2"
"道节度使杨守厚","1","1","2"
"奉国军留后申丛","1","1","2"
"卢军节度使王敬","1","1","2"
"军节度使王敬武","1","1","2"
"宣歙观察使杨行","1","1","2"
"歙观察使杨行密","1","1","2"
"眉州刺史山行章","1","1","2"
"圣文睿德光武弘","1","1","2"
"文睿德光武弘孝","1","1","2"
"睿德光武弘孝皇","1","1","2"
"德光武弘孝皇帝","1","1","2"
"义军节度使李克","1","1","2"
"河东行营都招讨","1","1","2"
"东行营都招讨宣","1","1","2"
"行营都招讨宣慰","1","1","2"
"营都招讨宣慰使","1","1","2"
"军节度使李匡威","1","1","2"
"云州防御使赫连","1","1","2"
"川节度使顾彦朗","1","1","2"
"河东东面行营招","1","1","2"
"东东面行营招讨","1","1","2"
"东面行营招讨使","1","1","2"
"昭义军节度使孙","1","1","2"
"义军节度使孙揆","1","1","2"
"蜀州刺史李行周","1","1","2"
"兵部侍郎崔昭纬","1","1","2"
"御史中丞徐彦若","1","1","2"
"南西川节度使陈","1","1","2"
"西川节度使陈敬","1","1","2"
"河阳节度使赵克","1","1","2"
"阳节度使赵克裕","1","1","2"
"天平军节度使硃","2","0","2"
"平军节度使硃宣","2","0","2"
"武定军节度使杨","1","1","2"
"定军节度使杨守","1","1","2"
"军节度使杨守忠","1","1","2"
"龙剑节度使杨守","1","1","2"
"剑节度使杨守贞","1","1","2"
"福建观察使陈岩","1","1","2"
"翔陇右节度使李","1","1","2"
"陇右节度使李茂","1","1","2"
"右节度使李茂贞","1","1","2"
"感义军节度使满","1","1","2"
"义军节度使满存","1","1","2"
"明州刺史钟文季","1","1","2"
"州卢龙军兵马留","1","1","2"
"卢龙军兵马留后","1","1","2"
"龙军兵马留后李","1","1","2"
"军兵马留后李匡","1","1","2"
"兵马留后李匡筹","1","1","2"
"剑南西川监军田","1","1","2"
"南西川监军田令","1","1","2"
"西川监军田令孜","1","1","2"
"武宁军节度使时","1","1","2"
"宁军节度使时溥","1","1","2"
"观军容使西门重","1","1","2"
"军容使西门重遂","1","1","2"
"内枢密使李周讠","1","1","2"
"枢密使李周讠童","1","1","2"
"检校司徒韦昭度","1","1","2"
"邵州刺史邓处讷","1","1","2"
"钦化军节度使周","1","1","2"
"化军节度使周岳","1","1","2"
"建州刺史徐归范","1","1","2"
"威戎军节度使杨","1","1","2"
"戎军节度使杨晟","1","1","2"
"武安军节度使邓","1","1","2"
"安军节度使邓处","1","1","2"
"军节度使邓处讷","1","1","2"
"武冈指挥使蒋勋","1","1","2"
"大同军防御使赫","1","1","2"
"同军防御使赫连","1","1","2"
"昭义军节度使康","1","1","2"
"义军节度使康君","1","1","2"
"军节度使康君立","1","1","2"
"军节度使李匡筹","1","1","2"
"节度使卢彦威杀","1","1","2"
"国军节度使王重","1","1","2"
"军节度使王重盈","1","1","2"
"泰宁军节度使硃","2","0","2"
"宁军节度使硃瑾","2","0","2"
"静难军节度使王","1","1","2"
"难军节度使王行","1","1","2"
"军节度使王行瑜","1","1","2"
"太保致仕韦昭度","1","1","2"
"镇海军节度使钱","1","1","2"
"海军节度使钱升","1","1","2"
"浙江东道招讨使","1","1","2"
"匡国军节度使王","1","1","2"
"国军节度使王行","1","1","2"
"军节度使王行约","1","1","2"
"策军护军中尉骆","1","1","2"
"军护军中尉骆全","1","1","2"
"李克邠宁四面行","2","0","2"
"克邠宁四面行营","2","0","2"
"宁四面行营招讨","1","1","2"
"四面行营招讨使","1","1","2"
"大军节度使李思","1","1","2"
"军节度使李思孝","1","1","2"
"定难军节度使李","1","1","2"
"宁四面行营都统","1","1","2"
"武军节度使王处","1","1","2"
"军节度使王处存","1","1","2"
"阆州防御使李继","1","1","2"
"州防御使李继雍","1","1","2"
"通州刺史李彦昭","1","1","2"
"安州防御使宣晟","1","1","2"
"静江军节度使周","1","1","2"
"江军节度使周元","1","1","2"
"军节度使周元静","1","1","2"
"武泰军节度使王","1","1","2"
"泰军节度使王建","1","1","2"
"军节度使王建肇","1","1","2"
"蕲州刺史冯行章","1","1","2"
"武安军节度使崔","1","1","2"
"安军节度使崔胤","1","1","2"
"持节凤翔四面行","1","1","2"
"节凤翔四面行营","1","1","2"
"凤翔四面行营节","1","1","2"
"翔四面行营节度","1","1","2"
"威胜军节度使王","1","1","2"
"胜军节度使王抟","1","1","2"
"国军节度使李师","1","1","2"
"军节度使李师悦","1","1","2"
"保义军节度使王","1","1","2"
"义军节度使王珙","1","1","2"
"江南诸道行营都","1","1","2"
"南诸道行营都统","1","1","2"
"国军节度使李继","1","1","2"
"合州刺史王仁威","1","1","2"
"川节度使顾彦晖","1","1","2"
"威武军节度使王","1","1","2"
"武军节度使王潮","1","1","2"
"龙军节度使刘仁","1","1","2"
"军节度使刘仁恭","1","1","2"
"奉国军节度使崔","1","1","2"
"国军节度使崔洪","1","1","2"
"海州戍将陈汉宾","1","1","2"
"清海军节度使崔","1","1","2"
"海军节度使崔胤","1","1","2"
"武军节度使王郜","1","1","2"
"左右神策军中尉","1","1","2"
"右神策军中尉刘","1","1","2"
"神策军中尉刘季","1","1","2"
"策军中尉刘季述","1","1","2"
"内枢密使王彦范","1","1","2"
"国军节度使王珂","1","1","2"
"昭义军节度使孟","1","1","2"
"义军节度使孟迁","1","1","2"
"兵部侍郎卢光启","1","1","2"
"茂贞硃全忠战武","2","0","2"
"贞硃全忠战武功","2","0","2"
"难军节度使李继","1","1","2"
"节度使李继徽叛","1","1","2"
"清海军节度使徐","1","1","2"
"海军节度使徐彦","1","1","2"
"军节度使徐彦若","1","1","2"
"昭武军节度使李","1","1","2"
"武军节度使李继","1","1","2"
"军节度使李继忠","1","1","2"
"南西道节度使王","1","1","2"
"西道节度使王万","1","1","2"
"道节度使王万弘","1","1","2"
"节度使王万弘叛","1","1","2"
"东面诸道行营都","2","0","2"
"面诸道行营都统","2","0","2"
"湖南节度使马殷","1","1","2"
"节度使李茂勋叛","1","1","2"
"岳州刺史邓进思","1","1","2"
"策军护军中尉韩","1","1","2"
"军护军中尉韩全","1","1","2"
"护军中尉韩全诲","1","1","2"
"内枢密使袁易简","1","1","2"
"吏部侍郎卢光启","1","1","2"
"诸道兵马都元帅","1","1","2"
"清海军节度使裴","1","1","2"
"海军节度使裴枢","1","1","2"
"贞军节度使雷彦","1","1","2"
"军节度使雷彦威","1","1","2"
"节度使王师范叛","1","1","2"
"宁国军节度使田","1","1","2"
"尚书左仆射致仕","1","1","2"
"书左仆射致仕张","1","1","2"
"左仆射致仕张浚","1","1","2"
"静难军节度使杨","1","1","2"
"难军节度使杨崇","1","1","2"
"军节度使杨崇本","1","1","2"
"节度使杨崇本会","1","1","2"
"虔州刺史卢光稠","1","1","2"
"武昌军节度使杜","1","1","2"
"昌军节度使杜洪","1","1","2"
"戎昭军节度使冯","1","1","2"
"昭军节度使冯行","1","1","2"
"军节度使冯行袭","1","1","2"
"岳州刺史邓进忠","1","1","2"
"州刺史邓进忠叛","1","1","2"
"忠义军节度使赵","1","1","2"
"义军节度使赵匡","1","1","2"
"军节度使赵匡凝","1","1","2"
"淮南节度使杨行","1","1","2"
"南节度使杨行密","1","1","2"
"匡国军节度使刘","1","1","2"
"国军节度使刘知","1","1","2"
"军节度使刘知俊","1","1","2"
"昭义军节度使丁","1","1","2"
"义军节度使丁会","1","1","2"
"军节度使丁会叛","1","1","2"
"国子祭酒叶静能","1","1","2"
"工部尚书张锡辅","1","1","2"
"部尚书张锡辅政","1","1","2"
"驸马都尉独孤明","1","1","2"
"岭南节度使张九","1","1","2"
"南节度使张九章","1","1","2"
"驸马都尉程昌裔","1","1","2"
"肃宗废后庶人张","1","1","2"
"宗废后庶人张氏","1","1","2"
"凉州人安兴贵杀","1","1","2"
"遣司农卿宇文颖","1","1","2"
"左卫车骑冯世立","1","1","2"
"詹事主簿赵弘智","1","1","2"
"事主簿赵弘智谏","1","1","2"
"天策兵曹参军杜","1","1","2"
"策兵曹参军杜淹","1","1","2"
"遣右卫将军宇文","1","1","2"
"右卫将军宇文歆","1","1","2"
"襄州道行台尚书","1","1","2"
"记室参军荣九思","1","1","2"
"秦王府骁将秦叔","1","1","2"
"王府骁将秦叔宝","1","1","2"
"壮士左卫副率封","1","1","2"
"士左卫副率封师","1","1","2"
"左卫副率封师进","1","1","2"
"记室参军蒋亚卿","1","1","2"
"功曹参军谢偃等","1","1","2"
"谏议大夫褚遂良","1","1","2"
"引驸马都尉柴令","1","1","2"
"驸马都尉柴令武","1","1","2"
"尚乘直长阴弘智","1","1","2"
"长史薛大鼎屡谏","1","1","2"
"时殿中侍御史李","1","1","2"
"殿中侍御史李钧","1","1","2"
"左羽林大将军常","1","1","2"
"羽林大将军常元","1","1","2"
"林大将军常元楷","1","1","2"
"尚书左仆射窦怀","1","1","2"
"书左仆射窦怀贞","1","1","2"
"右散骑常侍昭文","1","1","2"
"散骑常侍昭文馆","1","1","2"
"骑常侍昭文馆学","1","1","2"
"常侍昭文馆学士","1","1","2"
"侍昭文馆学士贾","1","1","2"
"昭文馆学士贾膺","1","1","2"
"文馆学士贾膺福","1","1","2"
"太仆少卿李令问","1","1","2"
"诏雍州长史窦怀","1","1","2"
"雍州长史窦怀贞","1","1","2"
"伪黄门侍郎褚亮","1","1","2"
"行军长史刘文静","1","1","2"
"虎贲郎将谢统师","1","1","2"
"诏鸿胪少卿张俟","1","1","2"
"鸿胪少卿张俟德","1","1","2"
"胪少卿张俟德持","1","1","2"
"少卿张俟德持节","1","1","2"
"卿张俟德持节册","1","1","2"
"伪尚书左丞邓晓","1","1","2"
"薛举柱国奚道宜","1","1","2"
"举柱国奚道宜率","1","1","2"
"爱将张金树分督","1","1","2"
"岳州校尉董景珍","1","1","2"
"诏夔州总管赵郡","1","1","2"
"夔州总管赵郡王","1","1","2"
"州总管赵郡王孝","1","1","2"
"总管赵郡王孝恭","1","1","2"
"黔州刺史田世康","1","1","2"
"右御卫将军陈棱","2","0","2"
"子通纳言毛文深","1","1","2"
"延州总管段德操","1","1","2"
"关中群盗处处屯","1","1","2"
"太仆卿慕容悉达","1","1","2"
"迁左骁卫大将军","2","0","2"
"鹰扬郎将尧君素","1","1","2"
"秦王行军元帅长","1","1","2"
"王行军元帅长史","1","1","2"
"桂州都督李弘节","1","1","2"
"王世充洧州长史","1","1","2"
"诏赠左骁卫大将","2","0","2"
"陕东道行台右仆","1","1","2"
"东道行台右仆射","1","1","2"
"北齐尚书左仆射","1","1","2"
"渭北道元帅司马","1","1","2"
"乐游府车骑将军","1","1","2"
"秦王府右二护军","1","1","2"
"秦王府左三统军","1","1","2"
"鸿胪卿宁长真举","1","1","2"
"胪卿宁长真举郁","1","1","2"
"卿宁长真举郁林","1","1","2"
"遣长史高士廉率","1","1","2"
"长史高士廉率兵","1","1","2"
"北齐文林馆学士","1","1","2"
"大将军府记室参","1","1","2"
"将军府记室参军","1","1","2"
"检校中书侍郎事","1","1","2"
"召相王府参军阎","1","1","2"
"相王府参军阎玄","1","1","2"
"王府参军阎玄静","1","1","2"
"吏部郎中杨志诚","1","1","2"
"右御史中丞知大","1","1","2"
"御史中丞知大夫","1","1","2"
"史中丞知大夫事","1","1","2"
"时雍州人裴知古","1","1","2"
"虎牙郎将公孙上","1","1","2"
"牙郎将公孙上哲","1","1","2"
"郎将公孙上哲战","1","1","2"
"遣右御卫将军陈","1","1","2"
"东南道行台尚书","1","1","2"
"南道行台尚书令","1","1","2"
"遣雁门人元普赐","1","1","2"
"黜柳城太守杨林","1","1","2"
"柳城太守杨林甫","1","1","2"
"俄检校吏部尚书","2","0","2"
"时茂州俚童张仲","1","1","2"
"茂州俚童张仲文","1","1","2"
"沃沮道行军副总","1","1","2"
"沮道行军副总管","1","1","2"
"隋司隶大夫薛道","1","1","2"
"部侍郎高孝基劝","1","1","2"
"时钦州俚帅宁长","1","1","2"
"钦州俚帅宁长真","1","1","2"
"千六百五十一家","1","1","2"
"二千二百八十七","1","1","2"
"千二百八十七家","1","1","2"
"薛举叛将钟俱仇","1","1","2"
"扶州刺史蒋善合","1","1","2"
"渭北道行军记室","1","1","2"
"北道行军记室参","1","1","2"
"道行军记室参军","1","1","2"
"进陕东道大行台","2","0","2"
"陕东道大行台考","1","1","2"
"东道大行台考功","1","1","2"
"道大行台考功郎","1","1","2"
"大行台考功郎中","1","1","2"
"陕州总管府长史","1","1","2"
"陕东道大行台司","1","1","2"
"东道大行台司勋","1","1","2"
"道大行台司勋郎","1","1","2"
"大行台司勋郎中","1","1","2"
"监察御史陈师合","1","1","2"
"武阳郡丞元宝藏","1","1","2"
"太子千牛李志安","1","1","2"
"齐王护军李思行","1","1","2"
"诏内外百官朝集","1","1","2"
"内外百官朝集使","1","1","2"
"检校太子左庶子","1","1","2"
"太常少卿祖孝孙","1","1","2"
"敬直封南城县男","1","1","2"
"擢银青光禄大夫","2","0","2"
"秦王府士曹参军","1","1","2"
"外传呼画师阎立","1","1","2"
"传呼画师阎立本","1","1","2"
"检校左翊卫鹰扬","1","1","2"
"校左翊卫鹰扬郎","1","1","2"
"左翊卫鹰扬郎将","1","1","2"
"河南道巡省大使","1","1","2"
"殿中侍御史崔仁","1","1","2"
"中侍御史崔仁师","1","1","2"
"中书舍人李百药","1","1","2"
"渭北道行军元帅","1","1","2"
"北道行军元帅府","1","1","2"
"道行军元帅府记","1","1","2"
"行军元帅府记室","1","1","2"
"遣中书侍郎岑文","1","1","2"
"书侍郎岑文本敦","1","1","2"
"洛阳人李弘泰诬","1","1","2"
"阳人李弘泰诬告","1","1","2"
"人李弘泰诬告太","1","1","2"
"李弘泰诬告太尉","1","1","2"
"弘泰诬告太尉长","1","1","2"
"泰诬告太尉长孙","1","1","2"
"徐彦伯等二十六","1","1","2"
"彦伯等二十六人","1","1","2"
"左台御史中丞宋","1","1","2"
"按幽州都督屈突","2","0","2"
"渭北道行军典签","1","1","2"
"授开府仪同三司","2","0","2"
"使洛阳人李奉节","1","1","2"
"雍州司士参军韦","1","1","2"
"州司士参军韦绚","1","1","2"
"褚遂良等元老大","1","1","2"
"遂良等元老大臣","1","1","2"
"良等元老大臣相","1","1","2"
"金山道十姓兵讨","1","1","2"
"益州长史李崇真","1","1","2"
"东川节度使李叔","1","1","2"
"川节度使李叔明","1","1","2"
"时左仆射韦巨源","1","1","2"
"散骑常侍韦叔谐","1","1","2"
"见将军张士贵应","1","1","2"
"铁勒道行军总管","1","1","2"
"将军三箭定天山","1","1","2"
"壮士长歌入汉关","1","1","2"
"夏州都督王方翼","1","1","2"
"州都督王方翼讨","1","1","2"
"左鹰扬将军裴绍","1","1","2"
"鹰扬将军裴绍业","1","1","2"
"安息道大总管韦","1","1","2"
"息道大总管韦待","1","1","2"
"道大总管韦待价","1","1","2"
"大总管韦待价等","1","1","2"
"右肃政御史大夫","1","1","2"
"持节陇右诸军副","1","1","2"
"节陇右诸军副大","1","1","2"
"陇右诸军副大使","1","1","2"
"右率府铠曹参军","1","1","2"
"尚医奉御彭君庆","1","1","2"
"右威卫中郎将周","1","1","2"
"威卫中郎将周庆","1","1","2"
"卫中郎将周庆立","1","1","2"
"冬官尚书裴行本","1","1","2"
"官尚书裴行本等","1","1","2"
"尚书裴行本等七","1","1","2"
"书裴行本等七人","1","1","2"
"道州刺史李仁褒","1","1","2"
"州刺史李仁褒兄","1","1","2"
"刺史李仁褒兄弟","1","1","2"
"左肃政台侍御史","1","1","2"
"清边道大总管武","1","1","2"
"边道大总管武攸","1","1","2"
"道大总管武攸宜","1","1","2"
"奉入同职事三品","1","1","2"
"吏部尚书高季辅","1","1","2"
"沛王府长史皇甫","1","1","2"
"王府长史皇甫公","1","1","2"
"府长史皇甫公义","1","1","2"
"长史皇甫公义引","1","1","2"
"羽林将军程务挺","1","1","2"
"凤阁侍郎胡元范","1","1","2"
"建昌王武攸宁母","1","1","2"
"谏议大夫韦况交","1","1","2"
"左散骑常侍张惟","1","1","2"
"散骑常侍张惟素","1","1","2"
"右散骑常侍李益","1","1","2"
"郎中校京官四品","1","1","2"
"魏博节度使田弘","1","1","2"
"博节度使田弘正","1","1","2"
"赋钱四百四十万","1","1","2"
"诸军招讨处置使","1","1","2"
"子父女母交口教","1","1","2"
"父女母交口教授","1","1","2"
"许州司功参军郑","1","1","2"
"命御史大夫李承","1","1","2"
"御史大夫李承嘉","1","1","2"
"洛州长史薛季昶","1","1","2"
"州长史薛季昶劝","1","1","2"
"吉州参军敬元礼","1","1","2"
"监察御史卢袭秀","1","1","2"
"郎将刘惠基战死","1","1","2"
"昆州刺史爨乾福","1","1","2"
"荆州大都督府长","1","1","2"
"汉阳郡王加特进","1","1","2"
"宜加赐实封二百","1","1","2"
"加赐实封二百户","1","1","2"
"陕州刺史宗楚客","1","1","2"
"见驸马都尉王同","1","1","2"
"侍御史任知古召","1","1","2"
"御史任知古召募","1","1","2"
"利仁府折冲麻嗣","1","1","2"
"仁府折冲麻嗣宗","1","1","2"
"朔方道防御讨击","1","1","2"
"方道防御讨击大","1","1","2"
"道防御讨击大使","1","1","2"
"天兵军节度使张","1","1","2"
"兵军节度使张说","1","1","2"
"左监门将军卢龙","1","1","2"
"监门将军卢龙子","1","1","2"
"左右威卫将军王","1","1","2"
"右威卫将军王景","1","1","2"
"威卫将军王景耀","1","1","2"
"大理少卿张德裕","1","1","2"
"汴州刺史倪若水","1","1","2"
"御史中丞非大事","1","1","2"
"国子祭酒留守东","1","1","2"
"子祭酒留守东都","1","1","2"
"黜河南尹李朝隐","1","1","2"
"京兆人权梁山谋","1","1","2"
"豫王府录事参军","1","1","2"
"国子祭酒祝钦明","1","1","2"
"子祭酒祝钦明建","1","1","2"
"后召宰相韦安石","1","1","2"
"左司御率府胄曹","1","1","2"
"司御率府胄曹参","1","1","2"
"御率府胄曹参军","1","1","2"
"检校益州大都督","1","1","2"
"校益州大都督长","1","1","2"
"益州大都督长史","1","1","2"
"居舍人韦述上疏","1","1","2"
"吏部尚书李景谌","1","1","2"
"右羽林将军检校","1","1","2"
"羽林将军检校幽","1","1","2"
"林将军检校幽州","1","1","2"
"将军检校幽州都","1","1","2"
"军检校幽州都督","1","1","2"
"庆州方渠降胡康","1","1","2"
"广州刺史王方庆","1","1","2"
"中书舍人内供奉","1","1","2"
"岭南按察选补使","1","1","2"
"范阳节度使张守","1","1","2"
"凉州都督牛仙客","1","1","2"
"荐长安尉周子谅","1","1","2"
"济州刺史裴耀卿","1","1","2"
"州刺史裴耀卿上","1","1","2"
"刺史裴耀卿上书","1","1","2"
"侍御史任正名恃","1","1","2"
"万州员外参军事","1","1","2"
"殿中监王毛仲持","1","1","2"
"中监王毛仲持节","1","1","2"
"蔚州刺史王元琰","1","1","2"
"左玉钤卫兵曹参","1","1","2"
"玉钤卫兵曹参军","1","1","2"
"河东道支度营田","1","1","2"
"东道支度营田使","1","1","2"
"梨园弟子胡雏善","1","1","2"
"朔方河东都统李","1","1","2"
"方河东都统李国","1","1","2"
"河东都统李国贞","1","1","2"
"滑亳节度使令狐","1","1","2"
"亳节度使令狐彰","1","1","2"
"检校司徒平章事","1","1","2"
"本官同中书门下","1","1","2"
"幽州良杜府果毅","1","1","2"
"河北节度副大使","1","1","2"
"平卢军使乌知义","1","1","2"
"贾晋等二十九人","1","1","2"
"御史大夫崔隐甫","1","1","2"
"史大夫崔隐甫等","1","1","2"
"仓部员外郎郑章","1","1","2"
"右补阙内供奉郑","1","1","2"
"补阙内供奉郑钦","1","1","2"
"阙内供奉郑钦说","1","1","2"
"监察御史豆卢友","1","1","2"
"殿中侍御史卢铉","1","1","2"
"通事舍人辛景凑","1","1","2"
"天马副监万俟承","1","1","2"
"马副监万俟承晖","1","1","2"
"闲厩使殿中监韦","1","1","2"
"厩使殿中监韦衢","1","1","2"
"使殿中监韦衢等","1","1","2"
"突骑施酋长哥舒","1","1","2"
"骑施酋长哥舒部","1","1","2"
"河东群牧兵十万","1","1","2"
"骠骑大将军高力","1","1","2"
"骑大将军高力士","1","1","2"
"太子先锋兵马元","1","1","2"
"子先锋兵马元帅","1","1","2"
"左武卫胄曹参军","1","1","2"
"灵察四镇节度使","2","0","2"
"监门将军边令诚","1","1","2"
"庆王府录事参军","1","1","2"
"王府录事参军事","1","1","2"
"安西四镇节度副","1","1","2"
"西四镇节度副大","1","1","2"
"四镇节度副大使","1","1","2"
"持节伊西节度使","1","1","2"
"左卫亲府左郎将","1","1","2"
"观军容使鱼朝恩","1","1","2"
"幽州大都督府长","1","1","2"
"知诸道节度行营","1","1","2"
"诸道节度行营事","1","1","2"
"天下兵马副元帅","1","1","2"
"滑汴节度使许叔","1","1","2"
"汴节度使许叔冀","1","1","2"
"节度使许叔冀战","1","1","2"
"荆南五道节度行","1","1","2"
"南五道节度行营","1","1","2"
"五道节度行营事","1","1","2"
"从温泉回到京城","0","2","2"
"在天区毕宿北的","0","2","2"
"天区毕宿北的五","0","2","2"
"区毕宿北的五车","0","2","2"
"毕宿北的五车五","0","2","2"
"宿北的五车五星","0","2","2"
"北的五车五星之","0","2","2"
"的五车五星之间","0","2","2"
"五星之间出现彗","0","2","2"
"二宿之间出现彗","0","2","2"
"蕃侯旅途食宿及","0","2","2"
"侯旅途食宿及旅","0","2","2"
"旅途食宿及旅行","0","2","2"
"途食宿及旅行所","0","2","2"
"食宿及旅行所需","0","2","2"
"宿及旅行所需之","0","2","2"
"及旅行所需之物","0","2","2"
"判处拘禁劳役的","0","2","2"
"所需之物的各州","0","2","2"
"需之物的各州本","0","2","2"
"之物的各州本年","0","2","2"
"物的各州本年赋","0","2","2"
"的各州本年赋税","0","2","2"
"在太清宫举行受","0","2","2"
"太清宫举行受祭","0","2","2"
"祭品的朝献祭祀","0","2","2"
"星官间出现彗星","0","2","2"
"宇文士及道歉说","0","2","2"
"的人要了解他的","0","2","2"
"则天皇后不同意","0","2","2"
"武后觉得他说得","0","2","2"
"后觉得他说得很","0","2","2"
"受任同中书门下","0","2","2"
"任辽东道行军总","0","2","2"
"将军黑齿常之任","0","2","2"
"谥号为天皇大圣","0","2","2"
"政台御史大夫蹇","0","2","2"
"台御史大夫蹇味","0","2","2"
"御史大夫蹇味道","0","2","2"
"大将军黑齿常之","0","2","2"
"嗣加同凤阁鸾台","0","2","2"
"苏味道任凤阁侍","0","2","2"
"味道任凤阁侍郎","0","2","2"
"年正月二十四日","0","2","2"
"李迥秀加同凤阁","0","2","2"
"迥秀加同凤阁鸾","0","2","2"
"秀加同凤阁鸾台","0","2","2"
"刘幽求为中书舍","0","2","2"
"幽求为中书舍人","0","2","2"
"苏瑰任尚书左仆","0","2","2"
"瑰任尚书左仆射","0","2","2"
"陆象先加同中书","0","2","2"
"象先加同中书门","0","2","2"
"先加同中书门下","0","2","2"
"州刺史姚元之任","0","2","2"
"刺史姚元之任兵","0","2","2"
"史姚元之任兵部","0","2","2"
"姚元之任兵部尚","0","2","2"
"元之任兵部尚书","0","2","2"
"李逢吉任门下侍","0","2","2"
"逢吉任门下侍郎","0","2","2"
"驱逐其节度使张","0","2","2"
"节度使崔胤任中","0","2","2"
"度使崔胤任中书","0","2","2"
"使崔胤任中书侍","0","2","2"
"崔胤任中书侍郎","0","2","2"
"衢州刺史陈岌反","0","2","2"
"州刺史陈岌反叛","0","2","2"
"刺史陈岌反叛依","0","2","2"
"史陈岌反叛依附","0","2","2"
"是河南府洛阳县","0","2","2"
"河南府洛阳县人","0","2","2"
"派遣部将王雄诞","0","2","2"
"遣部将王雄诞讨","0","2","2"
"部将王雄诞讨伐","0","2","2"
"赠予开府仪同三","0","2","2"
"予开府仪同三司","0","2","2"
"道行军大总管以","0","2","2"
"李靖征讨吐谷浑","0","2","2"
"配享于太宗庙廷","0","2","2"
"宗的第九个儿子","0","2","2"
"官位不及五品者","0","2","2"
"其子或孙一人为","0","2","2"
"凉州都督唐休瞡","0","2","2"
"州都督唐休瞡任","0","2","2"
"宗的第三个儿子","0","2","2"
"崔宁在西山打败","0","2","2"
"宁在西山打败吐","0","2","2"
"在西山打败吐蕃","0","2","2"
"西山打败吐蕃军","0","2","2"
"晋阳县令刘文静","0","2","2"
"并派刘文静出使","0","2","2"
"太常卿郑元王寿","0","2","2"
"在太极殿登皇帝","0","2","2"
"太极殿登皇帝位","0","2","2"
"秦王李世民任西","0","2","2"
"王李世民任西讨","0","2","2"
"李世民任西讨元","0","2","2"
"世民任西讨元帅","0","2","2"
"兼任低于本职的","0","2","2"
"李建成和秦王李","0","2","2"
"建成和秦王李世","0","2","2"
"成和秦王李世民","0","2","2"
"窦建德攻陷赵州","0","2","2"
"秦王李世民在氵","0","2","2"
"王李世民在氵名","0","2","2"
"放出宫女五百人","0","2","2"
"皇太子李建成在","0","2","2"
"百姓的徭役二年","0","2","2"
"皇太子李建成讨","0","2","2"
"太子李建成讨伐","0","2","2"
"高祖封儿子李元","0","2","2"
"连累而失官去职","0","2","2"
"累而失官去职的","0","2","2"
"而失官去职的人","0","2","2"
"全国免除徭役一","0","2","2"
"国免除徭役一年","0","2","2"
"齐王李元吉任司","0","2","2"
"刘黑闼攻陷瀛州","0","2","2"
"杀了本州刺史王","0","2","2"
"淮阳郡王李道玄","0","2","2"
"自温泉回到京城","0","2","2"
"秦王李世民屯兵","0","2","2"
"州与突厥军交战","0","2","2"
"从昆明池回到京","0","2","2"
"昆明池回到京城","0","2","2"
"长乐郡王李幼良","0","2","2"
"萧蠫任尚书左仆","0","2","2"
"蠫任尚书左仆射","0","2","2"
"积聚功德累集仁","0","2","2"
"聚功德累集仁爱","0","2","2"
"为左武侯大将军","0","2","2"
"十五岁以上的男","0","2","2"
"五岁以上的男子","0","2","2"
"岁以上的老人赐","0","2","2"
"以上的老人赐给","0","2","2"
"上的老人赐给粮","0","2","2"
"的老人赐给粮食","0","2","2"
"长孙无忌被免职","0","2","2"
"都督李道彦打败","0","2","2"
"隋朝人暴露的尸","0","2","2"
"朝人暴露的尸骸","0","2","2"
"九十岁以上的老","0","2","2"
"华州刺史柴绍任","0","2","2"
"城郡王李道宗任","0","2","2"
"闰十二月十七日","0","2","2"
"请求给太宗加号","0","2","2"
"求给太宗加号为","0","2","2"
"的死罪以下罪犯","0","2","2"
"死罪以下罪犯减","0","2","2"
"罪以下罪犯减刑","0","2","2"
"中八十岁以上老","0","2","2"
"十二月二十二日","0","2","2"
"京城百姓聚饮三","0","2","2"
"城百姓聚饮三天","0","2","2"
"太宗去往九成宫","0","2","2"
"州道行军总管率","0","2","2"
"行军总管率军讨","0","2","2"
"军总管率军讨伐","0","2","2"
"赐给五品以上官","0","2","2"
"给五品以上官员","0","2","2"
"品以上官员的儿","0","2","2"
"以上官员的儿子","0","2","2"
"任赤水道行军总","0","2","2"
"宗从九成宫返京","0","2","2"
"皇后长孙氏逝世","0","2","2"
"给百岁以上老人","0","2","2"
"定为世袭的刺史","0","2","2"
"州的僚族人反叛","0","2","2"
"当弥道行军大总","0","2","2"
"五品以上官员议","0","2","2"
"五年正月十九日","0","2","2"
"薛延陀部落侵犯","0","2","2"
"李世责力与薛延","0","2","2"
"世责力与薛延陀","0","2","2"
"责力与薛延陀军","0","2","2"
"免除齐州的劳役","0","2","2"
"除齐州的劳役一","0","2","2"
"齐州的劳役一年","0","2","2"
"及五品以上官员","0","2","2"
"爵位在其父之下","0","2","2"
"位在其父之下的","0","2","2"
"老人赐给粮食布","0","2","2"
"人赐给粮食布帛","0","2","2"
"六个总管的兵力","0","2","2"
"被废黜为平民的","0","2","2"
"太宗赐给所经过","0","2","2"
"宗赐给所经过地","0","2","2"
"赐给所经过地方","0","2","2"
"给所经过地方的","0","2","2"
"所经过地方的高","0","2","2"
"经过地方的高龄","0","2","2"
"过地方的高龄鳏","0","2","2"
"地方的高龄鳏寡","0","2","2"
"方的高龄鳏寡老","0","2","2"
"的高龄鳏寡老人","0","2","2"
"鳏寡老人粮食布","0","2","2"
"寡老人粮食布帛","0","2","2"
"长孙无忌代理侍","0","2","2"
"孙无忌代理侍中","0","2","2"
"在泰山祭祀天地","0","2","2"
"任青丘道行军大","0","2","2"
"责力任辽东道行","0","2","2"
"力任辽东道行军","0","2","2"
"三个总管的兵力","0","2","2"
"率领三个总管的","0","2","2"
"二十二年正月初","0","2","2"
"的县民免除劳役","0","2","2"
"判服劳役罪以下","0","2","2"
"服劳役罪以下的","0","2","2"
"李治在金液门处","0","2","2"
"治在金液门处理","0","2","2"
"封太宗谥号为文","0","2","2"
"宗谥号为文武大","0","2","2"
"谥号为文武大圣","0","2","2"
"赐予文武官员勋","0","2","2"
"赏给八十岁以上","0","2","2"
"十一月二十四日","0","2","2"
"妃子王氏为皇后","0","2","2"
"中书门下三品职","0","2","2"
"道行军总管进行","0","2","2"
"行军总管进行讨","0","2","2"
"军总管进行讨伐","0","2","2"
"赵孝祖与白水蛮","0","2","2"
"孝祖与白水蛮族","0","2","2"
"诏令文武官员议","0","2","2"
"令文武官员议论","0","2","2"
"文武官员议论政","0","2","2"
"武官员议论政事","0","2","2"
"派使臣讯察记录","0","2","2"
"年的租赋及应缴","0","2","2"
"的租赋及应缴的","0","2","2"
"租赋及应缴的布","0","2","2"
"赋及应缴的布帛","0","2","2"
"对死罪以下犯人","0","2","2"
"赐臣民聚饮三日","0","2","2"
"品以上官员勋级","0","2","2"
"以上官员勋级在","0","2","2"
"上官员勋级在其","0","2","2"
"官员勋级在其父","0","2","2"
"员勋级在其父以","0","2","2"
"勋级在其父以下","0","2","2"
"在其父以下者加","0","2","2"
"其父以下者加勋","0","2","2"
"父以下者加勋一","0","2","2"
"讨伐阿史那贺鲁","0","2","2"
"百姓八十岁以上","0","2","2"
"姓八十岁以上的","0","2","2"
"被废为平民的原","0","2","2"
"为平民的原皇后","0","2","2"
"平民的原皇后王","0","2","2"
"民的原皇后王氏","0","2","2"
"给八十岁以上老","0","2","2"
"以上老人粮食布","0","2","2"
"上老人粮食布帛","0","2","2"
"节与阿史那贺鲁","0","2","2"
"赐给八十岁以上","0","2","2"
"高宗自东都返回","0","2","2"
"本年租赋的一半","0","2","2"
"大将军苏定方任","0","2","2"
"任神兵道行军大","0","2","2"
"任氵贝江道行军","0","2","2"
"萧嗣业任扶余道","0","2","2"
"嗣业任扶余道行","0","2","2"
"业任扶余道行军","0","2","2"
"任扶余道行军总","0","2","2"
"氵贝江道行军总","0","2","2"
"贝江道行军总管","0","2","2"
"契絆何力任辽东","0","2","2"
"的兵力征讨高丽","0","2","2"
"皇太子李弘代行","0","2","2"
"太子李弘代行处","0","2","2"
"子李弘代行处理","0","2","2"
"李弘代行处理国","0","2","2"
"弘代行处理国政","0","2","2"
"三年正月十一日","0","2","2"
"诏令皇太子李弘","0","2","2"
"高宗派使臣讯察","0","2","2"
"免除所经过地方","0","2","2"
"个总管的兵力征","0","2","2"
"总管的兵力征讨","0","2","2"
"在国学祭祀先师","0","2","2"
"二年二月十二日","0","2","2"
"皇后武氏举行躬","0","2","2"
"行躬践蚕事的典","0","2","2"
"躬践蚕事的典礼","0","2","2"
"右领军卫大将军","0","2","2"
"诏令文武百官议","0","2","2"
"令文武百官议论","0","2","2"
"文武百官议论政","0","2","2"
"武百官议论政事","0","2","2"
"大风吹落太庙屋","0","2","2"
"风吹落太庙屋脊","0","2","2"
"举行躬践蚕事典","0","2","2"
"行躬践蚕事典礼","0","2","2"
"将孝敬皇帝李弘","0","2","2"
"刘仁轨任尚书左","0","2","2"
"仁轨任尚书左仆","0","2","2"
"轨任尚书左仆射","0","2","2"
"高宗去汝州温泉","0","2","2"
"高宗自东都回京","0","2","2"
"宗在籍田上举行","0","2","2"
"籍田上举行躬践","0","2","2"
"田上举行躬践农","0","2","2"
"在青海与吐蕃军","0","2","2"
"青海与吐蕃军交","0","2","2"
"海与吐蕃军交战","0","2","2"
"裴行俭任定襄道","0","2","2"
"行俭任定襄道行","0","2","2"
"俭任定襄道行军","0","2","2"
"皆加同中书门下","0","2","2"
"高宗亲临奉天宫","0","2","2"
"将军程务挺将其","0","2","2"
"军程务挺将其击","0","2","2"
"程务挺将其击败","0","2","2"
"将军程务挺任单","0","2","2"
"军程务挺任单于","0","2","2"
"程务挺任单于道","0","2","2"
"务挺任单于道安","0","2","2"
"挺任单于道安抚","0","2","2"
"舒王李元名任司","0","2","2"
"品以上的主事官","0","2","2"
"为金紫光禄大夫","0","2","2"
"将庐陵王李哲迁","0","2","2"
"庐陵王李哲迁禁","0","2","2"
"州起兵讨伐武氏","0","2","2"
"其前五代先祖鲁","0","2","2"
"前五代先祖鲁国","0","2","2"
"五代先祖鲁国公","0","2","2"
"封皇帝李旦之子","0","2","2"
"皇帝李旦之子李","0","2","2"
"二年正月二十日","0","2","2"
"宫内外官员勋官","0","2","2"
"武后因旱灾避离","0","2","2"
"后因旱灾避离正","0","2","2"
"九品以上的京官","0","2","2"
"品以上的京官议","0","2","2"
"以上的京官议政","0","2","2"
"州有雌鸡变为雄","0","2","2"
"有雌鸡变为雄鸡","0","2","2"
"武后加尊号为圣","0","2","2"
"王本立加同凤阁","0","2","2"
"本立加同凤阁鸾","0","2","2"
"立加同凤阁鸾台","0","2","2"
"河与吐蕃军交战","0","2","2"
"薛怀义任新平道","0","2","2"
"因旱灾减少膳食","0","2","2"
"杀许王李素节之","0","2","2"
"许王李素节之子","0","2","2"
"王李素节之子李","0","2","2"
"皇位继承人李旦","0","2","2"
"官侍郎陆元方任","0","2","2"
"侍郎陆元方任鸾","0","2","2"
"郎陆元方任鸾台","0","2","2"
"陆元方任鸾台侍","0","2","2"
"元方任鸾台侍郎","0","2","2"
"台御史大夫杨再","0","2","2"
"御史大夫杨再思","0","2","2"
"任检校凤阁侍郎","0","2","2"
"武后到京城南郊","0","2","2"
"后到京城南郊祭","0","2","2"
"到京城南郊祭祀","0","2","2"
"官尚书武三思任","0","2","2"
"宗楚客加同凤阁","0","2","2"
"楚客加同凤阁鸾","0","2","2"
"客加同凤阁鸾台","0","2","2"
"娄师德任陇右诸","0","2","2"
"师德任陇右诸军","0","2","2"
"德任陇右诸军大","0","2","2"
"任陇右诸军大使","0","2","2"
"狄仁杰任河北道","0","2","2"
"任河北道安抚大","0","2","2"
"并州大都督府长","0","2","2"
"相王李旦被免职","0","2","2"
"姚元之任灵武道","0","2","2"
"许百姓聚饮五日","0","2","2"
"韦安石任中书令","0","2","2"
"中宗游览洛城南","0","2","2"
"宗游览洛城南门","0","2","2"
"中宗加尊号为应","0","2","2"
"宗加尊号为应天","0","2","2"
"李峤加同中书门","0","2","2"
"峤加同中书门下","0","2","2"
"侍从官员勋官一","0","2","2"
"从官员勋官一级","0","2","2"
"元年正月十七日","0","2","2"
"中宗因旱灾避离","0","2","2"
"在西方天区出现","0","2","2"
"西方天区出现彗","0","2","2"
"方天区出现彗星","0","2","2"
"不合法定规程的","0","2","2"
"合法定规程的手","0","2","2"
"法定规程的手书","0","2","2"
"定规程的手书墨","0","2","2"
"规程的手书墨敕","0","2","2"
"程的手书墨敕斜","0","2","2"
"的手书墨敕斜封","0","2","2"
"赵彦昭任中书侍","0","2","2"
"彦昭任中书侍郎","0","2","2"
"平民装束出宫观","0","2","2"
"民装束出宫观灯","0","2","2"
"立温王李重茂为","0","2","2"
"温王李重茂为皇","0","2","2"
"王李重茂为皇太","0","2","2"
"李重茂为皇太子","0","2","2"
"太子李重茂登皇","0","2","2"
"萧至忠任中书令","0","2","2"
"宫廷内外官员以","0","2","2"
"廷内外官员以及","0","2","2"
"官位在其父之下","0","2","2"
"位在其父之下者","0","2","2"
"其父之下者勋官","0","2","2"
"父之下者勋官一","0","2","2"
"之下者勋官一级","0","2","2"
"宋王李成器任司","0","2","2"
"王李成器任司徒","0","2","2"
"宋王李成器被免","0","2","2"
"王李成器被免职","0","2","2"
"岁以上老人下等","0","2","2"
"以上老人下等州","0","2","2"
"上老人下等州刺","0","2","2"
"老人下等州刺史","0","2","2"
"部尚书郭元振任","0","2","2"
"有彗星流入太微","0","2","2"
"立皇太子李隆基","0","2","2"
"封李隆基之子嗣","0","2","2"
"十一月二十二日","0","2","2"
"二年正月十一日","0","2","2"
"给随行侍从官布","0","2","2"
"随行侍从官布帛","0","2","2"
"给玄宗进献尊号","0","2","2"
"玄宗进献尊号为","0","2","2"
"加同紫微黄门平","0","2","2"
"元二年正月二十","0","2","2"
"赐给九十岁以上","0","2","2"
"免流放罪以下的","0","2","2"
"玄宗因旱灾讯察","0","2","2"
"元四年正月初一","0","2","2"
"源乾曜任黄门侍","0","2","2"
"乾曜任黄门侍郎","0","2","2"
"宗因旱灾讯察记","0","2","2"
"杖刑以下的犯人","0","2","2"
"给随行侍从官员","0","2","2"
"随行侍从官员布","0","2","2"
"行侍从官员布帛","0","2","2"
"任持节朔方军节","0","2","2"
"赐给贤德的老人","0","2","2"
"八十岁以上的贤","0","2","2"
"十岁以上的贤德","0","2","2"
"上的贤德老人上","0","2","2"
"的贤德老人上等","0","2","2"
"以上老人授予上","0","2","2"
"上老人授予上等","0","2","2"
"老人授予上等州","0","2","2"
"上等州刺史荣衔","0","2","2"
"玄宗自汾阴返京","0","2","2"
"主一个儿子官职","0","2","2"
"对死刑罪犯减刑","0","2","2"
"十五年正月二十","0","2","2"
"五年正月二十八","0","2","2"
"吐蕃军进犯瓜州","0","2","2"
"玄宗自东都返京","0","2","2"
"元十六年正月初","0","2","2"
"十六年正月初五","0","2","2"
"元十七年二月初","0","2","2"
"十八年正月初六","0","2","2"
"免除该州三年徭","0","2","2"
"除该州三年徭役","0","2","2"
"元二十一年正月","0","2","2"
"流放以下刑罚的","0","2","2"
"以下刑罚的罪犯","0","2","2"
"下刑罚的罪犯免","0","2","2"
"刑罚的罪犯免刑","0","2","2"
"上等州司马荣衔","0","2","2"
"十四年正月二十","0","2","2"
"十一月二十六日","0","2","2"
"下等州刺史荣衔","0","2","2"
"派使臣赴各地考","0","2","2"
"使臣赴各地考察","0","2","2"
"臣赴各地考察并","0","2","2"
"赴各地考察并降","0","2","2"
"玄宗自温泉宫返","0","2","2"
"宗自温泉宫返京","0","2","2"
"予贤德老人荣衔","0","2","2"
"二年正月十五日","0","2","2"
"的玄元宫改名为","0","2","2"
"玄元宫改名为太","0","2","2"
"流放刑罚以下的","0","2","2"
"放刑罚以下的罪","0","2","2"
"刑罚以下的罪犯","0","2","2"
"罚以下的罪犯免","0","2","2"
"与吐蕃军在石堡","0","2","2"
"吐蕃军在石堡城","0","2","2"
"蕃军在石堡城交","0","2","2"
"军在石堡城交战","0","2","2"
"分别授予上等郡","0","2","2"
"尊号为开元天地","0","2","2"
"号为开元天地大","0","2","2"
"为开元天地大宝","0","2","2"
"玄宗在太清宫举","0","2","2"
"在太清宫举行由","0","2","2"
"太清宫举行由人","0","2","2"
"清宫举行由人代","0","2","2"
"宫举行由人代表","0","2","2"
"举行由人代表受","0","2","2"
"行由人代表受祭","0","2","2"
"由人代表受祭者","0","2","2"
"在西洱河与云南","0","2","2"
"西洱河与云南蛮","0","2","2"
"任河东节度副大","0","2","2"
"安庆绪进攻潼关","0","2","2"
"李光弼与史思明","0","2","2"
"光弼与史思明在","0","2","2"
"肃宗给玄宗进献","0","2","2"
"拦路请求留下太","0","2","2"
"路请求留下太子","0","2","2"
"尹子奇进犯睢阳","0","2","2"
"子仪与安庆绪部","0","2","2"
"仪与安庆绪部将","0","2","2"
"太白星白昼行经","0","2","2"
"白星白昼行经天","0","2","2"
"星白昼行经天空","0","2","2"
"广平郡王李与安","0","2","2"
"平郡王李与安庆","0","2","2"
"郡王李与安庆绪","0","2","2"
"王李与安庆绪在","0","2","2"
"安庆绪逃往河北","0","2","2"
"王思礼与安庆绪","0","2","2"
"思礼与安庆绪在","0","2","2"
"从官员三品以上","0","2","2"
"官员三品以上者","0","2","2"
"应缴绢帛的三分","0","2","2"
"缴绢帛的三分之","0","2","2"
"放出宫女三千人","0","2","2"
"品以上者其子之","0","2","2"
"以上者其子之一","0","2","2"
"中书门下省讯察","0","2","2"
"书门下省讯察记","0","2","2"
"卫伯玉将其打败","0","2","2"
"任山南东道节度","0","2","2"
"月序以北斗星斗","0","2","2"
"序以北斗星斗柄","0","2","2"
"以北斗星斗柄所","0","2","2"
"北斗星斗柄所指","0","2","2"
"品以上家世清白","0","2","2"
"奴剌军进犯梁州","0","2","2"
"楚州进献定国宝","0","2","2"
"州进献定国宝玉","0","2","2"
"进献定国宝玉十","0","2","2"
"定国宝玉十三件","0","2","2"
"为天下兵马元帅","0","2","2"
"宗追尊生母为皇","0","2","2"
"追尊生母为皇太","0","2","2"
"尊生母为皇太后","0","2","2"
"授予刺史的一个","0","2","2"
"予刺史的一个儿","0","2","2"
"刺史的一个儿子","0","2","2"
"史的一个儿子官","0","2","2"
"杀了本州刺史刘","0","2","2"
"党项羌军进犯同","0","2","2"
"项羌军进犯同州","0","2","2"
"其余官员加官阶","0","2","2"
"再次打败吐蕃军","0","2","2"
"常谦光将其打败","0","2","2"
"五年正月二十七","0","2","2"
"诏令五品以上的","0","2","2"
"崔宁打败吐蕃军","0","2","2"
"三年正月二十一","0","2","2"
"取消进献祥瑞之","0","2","2"
"消进献祥瑞之物","0","2","2"
"在太清宫举行朝","0","2","2"
"太清宫举行朝献","0","2","2"
"清宫举行朝献祭","0","2","2"
"宫举行朝献祭礼","0","2","2"
"派黜陟使赴全国","0","2","2"
"黜陟使赴全国各","0","2","2"
"陟使赴全国各地","0","2","2"
"使赴全国各地考","0","2","2"
"赴全国各地考查","0","2","2"
"全国各地考查官","0","2","2"
"国各地考查官吏","0","2","2"
"卢龙军节度使朱","0","2","2"
"龙军节度使朱滔","0","2","2"
"州与李希烈作战","0","2","2"
"元元年正月初一","0","2","2"
"免除淮西徭役二","0","2","2"
"除淮西徭役二年","0","2","2"
"州一带的长江泛","0","2","2"
"一带的长江泛滥","0","2","2"
"驱逐其观察使吴","0","2","2"
"德宗在太清宫举","0","2","2"
"南东道节度使于","0","2","2"
"东道节度使于由","0","2","2"
"道节度使于由页","0","2","2"
"宗在咸宁殿逝世","0","2","2"
"加任同中书门下","0","2","2"
"高龄老人赐给米","0","2","2"
"受祭者享用祭礼","0","2","2"
"祭者享用祭礼的","0","2","2"
"者享用祭礼的朝","0","2","2"
"享用祭礼的朝献","0","2","2"
"用祭礼的朝献祭","0","2","2"
"祭礼的朝献祭祀","0","2","2"
"授予文宣王孔子","0","2","2"
"三代王朝的后代","0","2","2"
"武元衡任门下侍","0","2","2"
"元衡任门下侍郎","0","2","2"
"李吉甫任中书侍","0","2","2"
"吉甫任中书侍郎","0","2","2"
"文武官员官位在","0","2","2"
"武官员官位在其","0","2","2"
"官员官位在其父","0","2","2"
"员官位在其父以","0","2","2"
"和五年正月二十","0","2","2"
"皇太子李宁去世","0","2","2"
"在其父以下者勋","0","2","2"
"其父以下者勋衔","0","2","2"
"父以下者勋衔两","0","2","2"
"以下者勋衔两级","0","2","2"
"度使乌重胤讨伐","0","2","2"
"十年正月十三日","0","2","2"
"节度使李光颜在","0","2","2"
"再次打败吴元济","0","2","2"
"城与吴元济作战","0","2","2"
"赴京城朝见君主","0","2","2"
"元和十五年正月","0","2","2"
"授予其一子官职","0","2","2"
"宗加尊号为文武","0","2","2"
"火灾的装饰鸱尾","0","2","2"
"五坊豢养的鹰隼","0","2","2"
"立景王李湛为皇","0","2","2"
"景王李湛为皇太","0","2","2"
"王李湛为皇太子","0","2","2"
"文武官员及州府","0","2","2"
"武官员及州府长","0","2","2"
"官员及州府长官","0","2","2"
"黄洞蛮军进犯安","0","2","2"
"洞蛮军进犯安南","0","2","2"
"赐予文武官员及","0","2","2"
"幽州卢龙军骚乱","0","2","2"
"为义武军节度使","0","2","2"
"文宗因旱灾避离","0","2","2"
"驱逐其节度使杨","0","2","2"
"自称代行处理节","0","2","2"
"称代行处理节度","0","2","2"
"对京畿死罪以下","0","2","2"
"李固言任门下侍","0","2","2"
"固言任门下侍郎","0","2","2"
"党项羌族军进犯","0","2","2"
"的羽林军星官间","0","2","2"
"羽林军星官间有","0","2","2"
"林军星官间有彗","0","2","2"
"军星官间有彗星","0","2","2"
"星官间有彗星出","0","2","2"
"官间有彗星出现","0","2","2"
"立颍王李炎为皇","0","2","2"
"颍王李炎为皇太","0","2","2"
"王李炎为皇太弟","0","2","2"
"废黜皇太子李成","0","2","2"
"黜皇太子李成美","0","2","2"
"武宗在太清宫举","0","2","2"
"群臣为武宗奉加","0","2","2"
"臣为武宗奉加尊","0","2","2"
"为武宗奉加尊号","0","2","2"
"崔铉任中书侍郎","0","2","2"
"马元贽立光王李","0","2","2"
"暂行处理军国政","0","2","2"
"行处理军国政事","0","2","2"
"宣宗在太清宫举","0","2","2"
"户部拖欠的赋税","0","2","2"
"驱逐其观察使郑","0","2","2"
"李克用进犯邢州","0","2","2"
"杨行密攻破宣州","0","2","2"
"杀了本军节度使","0","2","2"
"杨行密攻破苏州","0","2","2"
"天平军节度使朱","0","2","2"
"平军节度使朱宣","0","2","2"
"李茂贞不接受任","0","2","2"
"茂贞不接受任命","0","2","2"
"泰宁军节度使朱","0","2","2"
"宁军节度使朱瑾","0","2","2"
"军节度使韩建反","0","2","2"
"节度使韩建反叛","0","2","2"
"李克用被任命为","0","2","2"
"克用被任命为宁","0","2","2"
"用被任命为宁四","0","2","2"
"被任命为宁四面","0","2","2"
"任命为宁四面行","0","2","2"
"命为宁四面行营","0","2","2"
"昭宗赦免李茂贞","0","2","2"
"李克用与王行瑜","0","2","2"
"克用与王行瑜在","0","2","2"
"朱全忠攻破氵名","0","2","2"
"全忠攻破氵名州","0","2","2"
"李茂贞在武功与","0","2","2"
"茂贞在武功与朱","0","2","2"
"贞在武功与朱全","0","2","2"
"在武功与朱全忠","0","2","2"
"武功与朱全忠作","0","2","2"
"功与朱全忠作战","0","2","2"
"东西诸道行营都","0","2","2"
"西诸道行营都统","0","2","2"
"朱全忠被委任为","0","2","2"
"的军队讨伐朱全","0","2","2"
"军队讨伐朱全忠","0","2","2"
"李孝常等人谋反","0","2","2"
"能成为盛德天子","0","2","2"
"开建府署设置官","0","2","2"
"建府署设置官属","0","2","2"
"推荐元吉领兵北","0","2","2"
"荐元吉领兵北讨","0","2","2"
"的礼节予以安葬","0","2","2"
"论者都认为不妥","0","2","2"
"晋升为工部尚书","0","2","2"
"享受实封五百户","0","2","2"
"右御卫将军陈眣","0","2","2"
"秦王镇守长春宫","0","2","2"
"刘武周进犯太原","0","2","2"
"随同征讨王世充","0","2","2"
"下诏赠予左骁卫","0","2","2"
"诏赠予左骁卫大","0","2","2"
"赠予左骁卫大将","0","2","2"
"予左骁卫大将军","0","2","2"
"秦王讨伐王世充","0","2","2"
"任左骁卫大将军","0","2","2"
"任职右武卫将军","0","2","2"
"便派丘和任职为","0","2","2"
"后迁任黄门侍郎","0","2","2"
"迁任尚书右仆射","0","2","2"
"任命他为东南道","0","2","2"
"秦王平定刘黑闼","0","2","2"
"宗命令长孙无忌","0","2","2"
"长孙无忌与尉迟","0","2","2"
"孙无忌与尉迟敬","0","2","2"
"无忌与尉迟敬德","0","2","2"
"张亮养义子五百","0","2","2"
"亮养义子五百人","0","2","2"
"隐太子与秦王嫌","0","2","2"
"太子与秦王嫌隙","0","2","2"
"任益州大都督府","0","2","2"
"升任太子右庶子","0","2","2"
"食邑一千三百户","0","2","2"
"太宗曾问群臣说","0","2","2"
"就不会产生二心","0","2","2"
"知道自己的过失","0","2","2"
"高祖李渊进长安","0","2","2"
"祖李渊进长安后","0","2","2"
"不能使天下太平","0","2","2"
"侍奉他就要竭尽","0","2","2"
"认为他是优异人","0","2","2"
"为他是优异人才","0","2","2"
"跟随秦王李世民","0","2","2"
"安葬在太宗预先","0","2","2"
"葬在太宗预先为","0","2","2"
"在太宗预先为自","0","2","2"
"太宗预先为自己","0","2","2"
"宗预先为自己营","0","2","2"
"预先为自己营建","0","2","2"
"先为自己营建的","0","2","2"
"为自己营建的昭","0","2","2"
"自己营建的昭陵","0","2","2"
"己营建的昭陵墓","0","2","2"
"营建的昭陵墓地","0","2","2"
"武则天圣历年间","0","2","2"
"升任尚书右仆射","0","2","2"
"宗采纳了这个意","0","2","2"
"后来调回朝廷任","0","2","2"
"令狐德棻回答说","0","2","2"
"兼职编写本朝历","0","2","2"
"职编写本朝历史","0","2","2"
"李承乾的太子身","0","2","2"
"承乾的太子身份","0","2","2"
"乾的太子身份被","0","2","2"
"的太子身份被废","0","2","2"
"太子身份被废除","0","2","2"
"主持编撰本朝历","0","2","2"
"持编撰本朝历史","0","2","2"
"中书门下三品头","0","2","2"
"书门下三品头衔","0","2","2"
"则天皇后认为他","0","2","2"
"调任富平县主簿","0","2","2"
"任命张易之为府","0","2","2"
"纳三百户租税的","0","2","2"
"三百户租税的实","0","2","2"
"他开府仪同三司","0","2","2"
"长孙无忌坚决辞","0","2","2"
"提升长孙无忌为","0","2","2"
"主持朝政的要领","0","2","2"
"就不能鼓舞人们","0","2","2"
"后协助祭祀天地","0","2","2"
"他的儿子冯智戴","0","2","2"
"率领二十万人马","0","2","2"
"诏令薛仁贵率领","0","2","2"
"没收了他的家人","0","2","2"
"收了他的家人财","0","2","2"
"了他的家人财产","0","2","2"
"它的祸患将会增","0","2","2"
"一个人能使千万","0","2","2"
"个人能使千万人","0","2","2"
"那么天下臣民就","0","2","2"
"么天下臣民就会","0","2","2"
"宠妃幸臣破坏法","0","2","2"
"妃幸臣破坏法纪","0","2","2"
"制造奇特的器物","0","2","2"
"见迎合贪欲的东","0","2","2"
"迎合贪欲的东西","0","2","2"
"永昌年间的赦令","0","2","2"
"没收他的家人财","0","2","2"
"收他的家人财产","0","2","2"
"私下认为陛下不","0","2","2"
"天下没有遭受冤","0","2","2"
"下没有遭受冤屈","0","2","2"
"没有遭受冤屈的","0","2","2"
"有遭受冤屈的人","0","2","2"
"任命他为御史中","0","2","2"
"命他为御史中丞","0","2","2"
"为濮州司仓参军","0","2","2"
"在白司马坂营建","0","2","2"
"白司马坂营建佛","0","2","2"
"司马坂营建佛祠","0","2","2"
"萧亻免等人不能","0","2","2"
"死无葬身之地了","0","2","2"
"不能高枕而卧了","0","2","2"
"一同配享睿宗庙","0","2","2"
"同配享睿宗庙廷","0","2","2"
"追赠荆州大都督","0","2","2"
"与诸王及姜皎等","0","2","2"
"诸王及姜皎等人","0","2","2"
"与其他官吏相比","0","2","2"
"任他为尚书左丞","0","2","2"
"不能守秘将会失","0","2","2"
"是京兆府万年县","0","2","2"
"京兆府万年县人","0","2","2"
"又兼任御史中丞","0","2","2"
"没收了他们的家","0","2","2"
"把他们都杀死了","0","2","2"
"任命为代理御史","0","2","2"
"赐他一个儿子为","0","2","2"
"他一个儿子为五","0","2","2"
"一个儿子为五品","0","2","2"
"个儿子为五品官","0","2","2"
"阿弩越胡来迎接","0","2","2"
"从谁那里得到的","0","2","2"
"是御史中丞您的","0","2","2"
"御史中丞您的大","0","2","2"
"史中丞您的大力","0","2","2"
"中丞您的大力栽","0","2","2"
"丞您的大力栽培","0","2","2"
"夫蒙灵察任四镇","0","2","2"
"蒙灵察任四镇节","0","2","2"
"灵察任四镇节度","0","2","2"
"察任四镇节度使","0","2","2"
"不能和他们硬拼","0","2","2"
