"N-gram","原文","翻译","Total"
"夏国派遣使者","0","53","53"
"国派遣使者来","0","47","47"
"路兵马都总管","23","23","46"
"对宰相大臣说","0","42","42"
"耨碗温敦思忠","1","40","41"
"皇上对宰相大","0","38","38"
"上对宰相大臣","0","38","38"
"开府仪同三司","17","18","35"
"行台尚书省事","17","17","34"
"应奉翰林文字","17","15","32"
"横海军节度使","15","14","29"
"州管内观察使","14","14","28"
"遣使者来祝贺","0","28","28"
"翰林侍讲学士","13","13","26"
"右副元帅完颜","12","13","25"
"派遣使者来祝","0","24","24"
"遣使者来朝贺","0","24","24"
"元帅完颜谋衍","10","13","23"
"派遣使者前来","0","23","23"
"平章政事完颜","10","12","22"
"太白金星白天","0","22","22"
"白金星白天显","0","22","22"
"金星白天显现","0","22","22"
"同中书门下平","10","10","20"
"中书门下平章","10","10","20"
"书门下平章事","10","10","20"
"派遣使者来朝","0","20","20"
"副元帅完颜谋","9","9","18"
"等贺宋正旦使","17","0","17"
"通远军节度使","9","8","17"
"金紫光禄大夫","8","9","17"
"安武军节度使","8","8","16"
"西北路招讨使","8","8","16"
"签书枢密院事","8","7","15"
"军节度使完颜","7","8","15"
"翰林学士承旨","8","7","15"
"定武军节度使","7","8","15"
"同判大宗正事","7","7","14"
"丞纥石烈良弼","7","7","14"
"大定二十五年","4","10","14"
"安化军节度使","7","7","14"
"平章政事仆散","7","7","14"
"金吾卫上将军","7","7","14"
"副元帅纥石烈","6","8","14"
"元帅纥石烈志","6","8","14"
"帅纥石烈志宁","6","8","14"
"丞相仆散忠义","6","8","14"
"丞相纥石烈良","7","7","14"
"相纥石烈良弼","7","7","14"
"为尚书右丞相","0","14","14"
"国派遣使者前","0","13","13"
"金世宗皇帝说","0","13","13"
"翰林侍读学士","6","6","12"
"步军都指挥使","6","6","12"
"彰化军节度使","6","6","12"
"补尚书省令史","9","3","12"
"中都路都转运","6","6","12"
"行台平章政事","6","6","12"
"元帅仆散忠义","5","7","12"
"元帅右都监完","6","6","12"
"帅右都监完颜","6","6","12"
"泰宁军节度使","6","6","12"
"纥石烈牙吾塔","6","6","12"
"国史院编修官","6","6","12"
"汾阳军节度使","6","6","12"
"大定二十六年","2","10","12"
"为贺宋正旦使","0","12","12"
"年春正月初一","0","12","12"
"宣徽使敬嗣晖","6","5","11"
"等贺宋生日使","11","0","11"
"都监完颜思敬","5","6","11"
"为尚书左丞相","0","11","11"
"左丞相兼侍中","0","11","11"
"领行台尚书省","0","11","11"
"国分别派遣使","0","11","11"
"分别派遣使者","0","11","11"
"京路都转运使","5","5","10"
"右丞相中书令","10","0","10"
"行台尚书左丞","5","5","10"
"左宣徽使敬嗣","5","5","10"
"金安军节度使","5","5","10"
"河南路统军使","5","5","10"
"大定二十八年","4","6","10"
"西路宣抚副使","5","5","10"
"山东西路转运","5","5","10"
"元帅右监军完","5","5","10"
"帅右监军完颜","5","5","10"
"勃极烈吴乞买","5","5","10"
"枢密使仆散忽","5","5","10"
"密使仆散忽土","5","5","10"
"西南路招讨使","5","5","10"
"左副元帅纥石","4","6","10"
"右丞相仆散忠","5","5","10"
"政事完颜守道","5","5","10"
"左丞相纥石烈","5","5","10"
"左谏议大夫张","5","5","10"
"谏议大夫张行","5","5","10"
"议大夫张行信","5","5","10"
"河北西路转运","5","5","10"
"丞相兼中书令","0","10","10"
"纥石烈志宁为","0","10","10"
"夏国派使者来","0","10","10"
"二年正月初一","0","10","10"
"使者前来祝贺","0","10","10"
"彰德军节度使","4","5","9"
"绛阳军节度使","5","4","9"
"加开府仪同三","8","1","9"
"谙班勃极烈吴","4","5","9"
"班勃极烈吴乞","4","5","9"
"右都监完颜思","4","5","9"
"大夫张行信上","5","4","9"
"皇帝对宰臣说","0","9","9"
"右丞相兼中书","0","9","9"
"纥石烈良弼为","0","9","9"
"任尚书省令史","0","9","9"
"遣使者前来祝","0","9","9"
"当贺宋生日使","0","9","9"
"别派遣使者前","0","9","9"
"夏国分别派遣","0","9","9"
"章宗即皇帝位","0","9","9"
"碗温敦思忠说","0","9","9"
"皇帝金世宗说","0","9","9"
"唐括安礼回答","0","9","9"
"括安礼回答说","0","9","9"
"代理参知政事","0","9","9"
"招抚副使黄掴","5","3","8"
"抚副使黄掴阿","5","3","8"
"副使黄掴阿鲁","5","3","8"
"使黄掴阿鲁答","5","3","8"
"左副元帅宗翰","4","4","8"
"尚书右丞纥石","4","4","8"
"书右丞纥石烈","4","4","8"
"右丞纥石烈良","4","4","8"
"使纥石烈志宁","4","4","8"
"平章政事徒单","4","4","8"
"元帅左监军必","4","4","8"
"帅左监军必兰","4","4","8"
"尚书省元帅府","4","4","8"
"武卫军都指挥","4","4","8"
"卫军都指挥使","4","4","8"
"东西路转运使","4","4","8"
"东路兵马都总","4","4","8"
"章政事仆散揆","4","4","8"
"震武军节度使","4","4","8"
"秦晋国王耶律","4","4","8"
"晋国王耶律捏","4","4","8"
"国王耶律捏里","4","4","8"
"四月二十五日","1","7","8"
"知枢密院事刘","4","4","8"
"枢密院事刘彦","4","4","8"
"密院事刘彦宗","4","4","8"
"侍卫亲军都指","4","4","8"
"卫亲军都指挥","4","4","8"
"亲军都指挥使","4","4","8"
"枢密副使仆散","4","4","8"
"部尚书苏保衡","4","4","8"
"西京留守萧怀","4","4","8"
"京留守萧怀忠","4","4","8"
"北面兵马都统","4","4","8"
"兴平军节度使","4","4","8"
"左副元帅完颜","4","4","8"
"州防御使蒲察","4","4","8"
"临海军节度使","4","4","8"
"赤盏胡速鲁改","4","4","8"
"北京留守完颜","4","4","8"
"参知政事完颜","4","4","8"
"政事唐括安礼","4","4","8"
"沁南军节度使","3","5","8"
"州防御使完颜","4","4","8"
"山东西路宣抚","4","4","8"
"泰定军节度使","4","4","8"
"御史中丞完颜","4","4","8"
"史中丞完颜伯","4","4","8"
"中丞完颜伯嘉","4","4","8"
"同签枢密院事","4","4","8"
"保大军节度使","4","4","8"
"银青光禄大夫","4","4","8"
"同知西京留守","4","4","8"
"章政事完颜守","4","4","8"
"军副都指挥使","4","4","8"
"西路兵马都总","4","4","8"
"陕西路统军使","4","4","8"
"迁翰林侍讲学","6","2","8"
"同知北京留守","4","4","8"
"当夏国生日使","0","8","8"
"尚书左丞相兼","0","8","8"
"任命平章政事","0","8","8"
"为开府仪同三","0","8","8"
"三年正月初一","0","8","8"
"夏国遣使者来","0","8","8"
"使者前来朝贺","0","8","8"
"世宗即皇帝位","0","8","8"
"纥石烈志宁的","0","8","8"
"给纥石烈志宁","0","8","8"
"平章政事胥鼎","3","4","7"
"右副元帅宗辅","4","3","7"
"枢密副使徒单","4","3","7"
"配享太祖庙廷","4","3","7"
"国论昊勃极烈","3","4","7"
"参知政事敬嗣","3","4","7"
"知政事敬嗣晖","3","4","7"
"营建南京宫室","3","4","7"
"镇西军节度使","3","4","7"
"右监军完颜福","3","4","7"
"监军完颜福寿","3","4","7"
"利涉军节度使","4","3","7"
"平章政事移剌","3","4","7"
"霿｛雨松｝河","7","0","7"
"右丞仆散忠义","3","4","7"
"都监徒单合喜","3","4","7"
"左监军必兰阿","3","4","7"
"监军必兰阿鲁","3","4","7"
"军必兰阿鲁带","3","4","7"
"大定二十四年","1","6","7"
"大定二十二年","2","5","7"
"当高丽生日使","0","7","7"
"上表请求退休","0","7","7"
"为元帅右都监","0","7","7"
"为谙班勃极烈","0","7","7"
"任命尚书左丞","0","7","7"
"升为尚书右丞","0","7","7"
"十二月十一日","0","7","7"
"夏国派遣使臣","0","7","7"
"派使者来祝贺","0","7","7"
"遣使者前来朝","0","7","7"
"任命参知政事","0","7","7"
"元朝军队占领","0","7","7"
"元朝军队攻打","0","7","7"
"海陵王完颜亮","0","7","7"
"西北路招讨司","3","3","6"
"礼部尚书杨云","3","3","6"
"部尚书杨云翼","3","3","6"
"监察御史完颜","3","3","6"
"都统耶律讹里","3","3","6"
"统耶律讹里朵","3","3","6"
"谙班勃极烈杲","3","3","6"
"赉勃极烈宗翰","3","3","6"
"国论右勃极烈","3","3","6"
"尚书左丞相侍","6","0","6"
"书左丞相侍中","6","0","6"
"判大宗正事宗","3","3","6"
"平章政事秉德","3","3","6"
"同知中都留守","3","3","6"
"东京留守徒单","3","3","6"
"命元帅左监军","1","5","6"
"授定远大将军","6","0","6"
"归德军节度使","3","3","6"
"广宁尹仆散浑","3","3","6"
"宁尹仆散浑坦","3","3","6"
"顺义军节度使","3","3","6"
"礼部尚书张行","3","3","6"
"赠开府仪同三","5","1","6"
"阳军节度副使","3","3","6"
"同知东平府事","3","3","6"
"左都监乌古论","3","3","6"
"都监乌古论庆","3","3","6"
"监乌古论庆寿","3","3","6"
"兴平军节度副","3","3","6"
"平军节度副使","3","3","6"
"都路都转运使","3","3","6"
"静难军节度使","3","3","6"
"米里迷石罕城","3","3","6"
"收国元年正月","3","3","6"
"咸州路都统斡","3","3","6"
"州路都统斡鲁","3","3","6"
"路都统斡鲁古","3","3","6"
"西北两路都统","3","3","6"
"同知宣徽院事","3","3","6"
"东京留守宗隽","4","2","6"
"同知中京留守","3","3","6"
"左副元帅撒离","3","3","6"
"副元帅撒离喝","3","3","6"
"御史大夫赵资","3","3","6"
"史大夫赵资福","3","3","6"
"昭义军节度使","3","3","6"
"崇义军节度使","3","3","6"
"安国军节度使","3","3","6"
"宿直将军仆散","3","3","6"
"工部尚书苏保","3","3","6"
"参知政事李通","3","3","6"
"左宣徽使许霖","3","3","6"
"右卫将军萧秃","3","3","6"
"卫将军萧秃剌","3","3","6"
"骁骑副都指挥","3","3","6"
"北路招讨使唐","3","3","6"
"路招讨使唐括","3","3","6"
"招讨使唐括孛","3","3","6"
"北京留守萧赜","3","3","6"
"尚书左丞纥石","3","3","6"
"书左丞纥石烈","3","3","6"
"左丞纥石烈良","3","3","6"
"圣明仁孝皇帝","3","3","6"
"军节度使独吉","3","3","6"
"节度使独吉义","3","3","6"
"北面行营都统","3","3","6"
"统纥石烈志宁","3","3","6"
"副元帅完颜彀","3","3","6"
"元帅完颜彀英","3","3","6"
"左监军高忠建","3","3","6"
"南路招讨使完","3","3","6"
"路招讨使完颜","3","3","6"
"招讨使完颜思","3","3","6"
"讨使完颜思敬","3","3","6"
"章政事移剌元","3","3","6"
"政事移剌元宜","3","3","6"
"元帅左都监徒","3","3","6"
"帅左都监徒单","3","3","6"
"左都监徒单合","3","3","6"
"曷速馆节度使","3","3","6"
"御史大夫白彦","3","3","6"
"史大夫白彦敬","3","3","6"
"右副元帅仆散","3","3","6"
"副元帅仆散忠","3","3","6"
"温迪罕阿鲁带","3","3","6"
"河南统军使宗","3","3","6"
"丹州刺史赤盏","3","3","6"
"州刺史赤盏胡","3","3","6"
"刺史赤盏胡速","3","3","6"
"史赤盏胡速鲁","3","3","6"
"知政事完颜守","3","3","6"
"参知政事石琚","3","3","6"
"少詹事乌古论","3","3","6"
"詹事乌古论三","3","3","6"
"事乌古论三合","3","3","6"
"防御使乌林答","3","3","6"
"翰林待制移剌","3","3","6"
"御史大夫李石","3","3","6"
"秘书监移剌子","3","3","6"
"书监移剌子敬","3","3","6"
"参知政事唐括","3","3","6"
"知政事唐括安","3","3","6"
"同知东京留守","3","3","6"
"右副元帅蒲察","3","3","6"
"元帅蒲察七斤","3","3","6"
"宣抚副使完颜","3","3","6"
"密副使仆散安","3","3","6"
"副使仆散安贞","3","3","6"
"监察御史陈规","3","3","6"
"参知政事李革","3","3","6"
"右都监完颜赛","3","3","6"
"元帅左都监承","3","3","6"
"东路转运副使","3","3","6"
"同知沂州防御","3","3","6"
"帅古里甲石伦","3","3","6"
"女奚烈古里间","3","3","6"
"定国军节度使","3","3","6"
"平章政事侯挚","3","3","6"
"建威都尉完颜","3","3","6"
"同签大睦亲府","3","3","6"
"签大睦亲府事","3","3","6"
"顺天军节度使","3","3","6"
"武宁军节度使","3","3","6"
"卫亲军马步军","3","3","6"
"亲军马步军都","3","3","6"
"军马步军都指","3","3","6"
"马步军都指挥","3","3","6"
"天德军节度使","3","3","6"
"配享世宗庙廷","4","2","6"
"节度转运副使","3","3","6"
"度转运副使中","3","3","6"
"丞相完颜守道","1","5","6"
"同知中都转运","3","3","6"
"昌武军节度使","3","3","6"
"平章政事张万","3","3","6"
"章政事张万公","3","3","6"
"尚书礼部员外","3","3","6"
"书礼部员外郎","3","3","6"
"元帅府经历官","3","3","6"
"定海军节度使","3","3","6"
"山东东路转运","3","3","6"
"知北京留守事","3","3","6"
"同知大兴府事","3","3","6"
"本路兵马都总","3","3","6"
"作为贺宋正旦","0","6","6"
"听从了他的意","0","6","6"
"从了他的意见","0","6","6"
"为尚书省令史","0","6","6"
"为元帅右监军","0","6","6"
"尚书右丞相兼","0","6","6"
"为贺宋生日使","0","6","6"
"的第二个儿子","0","6","6"
"元年正月初一","0","6","6"
"皇上听从了他","0","6","6"
"很长时间没有","0","6","6"
"高丽派遣使者","0","6","6"
"当贺宋正旦使","0","6","6"
"任命户部尚书","0","6","6"
"皇上对宰执说","0","6","6"
"遣使者前来庆","0","6","6"
"使者前来庆贺","0","6","6"
"大定二十一年","0","6","6"
"元朝军队攻下","0","6","6"
"百官在尚书省","0","6","6"
"世宗在辽阳即","0","6","6"
"金皇帝海陵王","0","6","6"
"金世宗即皇帝","0","6","6"
"授予世袭谋克","0","6","6"
"世宗皇帝下诏","0","6","6"
"任横海军节度","0","6","6"
"参知政事侯挚","3","2","5"
"世袭猛安谋克","2","3","5"
"户部尚书高夔","2","3","5"
"移赉勃极烈宗","2","3","5"
"显德军节度使","2","3","5"
"授知归德府事","3","2","5"
"行尚书省元帅","3","2","5"
"置九路提刑司","3","2","5"
"配享太宗庙廷","4","1","5"
"封开府仪同三","1","4","5"
"敬嗣晖营建南","2","3","5"
"嗣晖营建南京","2","3","5"
"晖营建南京宫","2","3","5"
"化军节度使完","2","3","5"
"群臣奉上尊号","4","1","5"
"诸路猛安谋克","3","2","5"
"忽鲁勃极烈杲","3","2","5"
"监军完颜希尹","2","3","5"
"崇天体道钦明","2","3","5"
"天体道钦明文","2","3","5"
"体道钦明文武","2","3","5"
"道钦明文武圣","2","3","5"
"钦明文武圣德","2","3","5"
"平章政事张晖","2","3","5"
"命参知政事李","2","3","5"
"涉军节度使独","3","2","5"
"权元帅左都监","2","3","5"
"元帅左都监吾","3","2","5"
"都元帅仆散忠","2","3","5"
"军节度使移剌","2","3","5"
"百官议尚书省","5","0","5"
"上京行省蒲察","3","2","5"
"京行省蒲察五","3","2","5"
"行省蒲察五斤","3","2","5"
"右都监纥石烈","3","2","5"
"驸马都尉徒单","2","3","5"
"权元帅右都监","5","0","5"
"议修复河中府","3","2","5"
"石抹许里阿补","1","4","5"
"侍卫亲军马步","3","2","5"
"万户夹谷清臣","2","3","5"
"中都都转运使","3","2","5"
"世宗谓宰臣曰","5","0","5"
"州刺史乌古论","2","3","5"
"永定军节度使","2","3","5"
"东路宣抚副使","2","3","5"
"河平军节度使","2","3","5"
"迁应奉翰林文","4","1","5"
"天兴二年正月","2","3","5"
"骑副都指挥使","2","3","5"
"纥石烈志宁军","1","4","5"
"由于这个原因","0","5","5"
"任命元帅左监","0","5","5"
"书左丞相兼侍","0","5","5"
"丞相兼都元帅","0","5","5"
"大定二十九年","0","5","5"
"亲自率领军队","0","5","5"
"听从了他们的","0","5","5"
"等人当贺宋生","0","5","5"
"遣使者来感谢","0","5","5"
"五年正月初一","0","5","5"
"国派遣使臣来","0","5","5"
"国遣使者来朝","0","5","5"
"九年正月初一","0","5","5"
"四年正月初一","0","5","5"
"任命御史大夫","0","5","5"
"为夏国生日使","0","5","5"
"等人作为贺宋","0","5","5"
"任命尚书右丞","0","5","5"
"命令参知政事","0","5","5"
"纥石烈志宁又","0","5","5"
"近郊视察庄稼","0","5","5"
"二月二十一日","0","5","5"
"皇上驾临东宫","0","5","5"
"为高丽生日使","0","5","5"
"大定二十三年","0","5","5"
"皇帝宣宗对宰","0","5","5"
"帝宣宗对宰臣","0","5","5"
"宣宗对宰臣说","0","5","5"
"为签枢密院事","0","5","5"
"宣宗皇帝告谕","0","5","5"
"宗在辽阳即位","0","5","5"
"皇帝金世宗下","0","5","5"
"帝金世宗下诏","0","5","5"
"金世宗皇帝下","0","5","5"
"皇帝金世宗对","0","5","5"
"左丞相完颜守","0","5","5"
"皇帝诏令尚书","0","5","5"
"帝诏令尚书省","0","5","5"
"采纳了他的意","0","5","5"
"纳了他的意见","0","5","5"
"林侍读学士赵","2","2","4"
"侍读学士赵秉","2","2","4"
"读学士赵秉文","2","2","4"
"控制枢密院事","2","2","4"
"燕京路都转运","2","2","4"
"南京路转运使","2","2","4"
"耶律奴哥国书","4","0","4"
"应乾兴运昭德","2","2","4"
"乾兴运昭德定","2","2","4"
"兴运昭德定功","2","2","4"
"大圣武元皇帝","2","2","4"
"国论忽鲁勃极","2","2","4"
"论忽鲁勃极烈","2","2","4"
"兵部尚书秉德","2","2","4"
"参知政事秉德","2","2","4"
"左副元帅宗敏","2","2","4"
"参知政事萧肄","2","2","4"
"军都指挥使完","2","2","4"
"都指挥使完颜","2","2","4"
"指挥使完颜思","2","2","4"
"挥使完颜思恭","2","2","4"
"尚书右丞相中","4","0","4"
"书右丞相中书","4","0","4"
"参知行台尚书","2","2","4"
"知行台尚书省","2","2","4"
"平章政事萧裕","2","2","4"
"刑部侍郎白彦","2","2","4"
"部侍郎白彦恭","2","2","4"
"枢密使仆散思","4","0","4"
"密使仆散思恭","4","0","4"
"部尚书蔡松年","2","2","4"
"右丞耶律安礼","2","2","4"
"政事纥石烈良","2","2","4"
"事纥石烈良弼","2","2","4"
"密副使徒单贞","2","2","4"
"军节度使徒单","2","2","4"
"武军节度使爽","2","2","4"
"尚书左丞完颜","2","2","4"
"左丞完颜守道","2","2","4"
"京留守徒单合","2","2","4"
"留守徒单合喜","2","2","4"
"进尚书右丞相","4","0","4"
"副元帅术虎高","2","2","4"
"元帅术虎高琪","2","2","4"
"事乌古论德升","2","2","4"
"集庆军节度使","2","2","4"
"遥授知归德府","2","2","4"
"皇子平章政事","2","2","4"
"子平章政事濮","2","2","4"
"平章政事濮王","2","2","4"
"行省完颜阿里","2","2","4"
"遥授金安军节","2","2","4"
"授金安军节度","2","2","4"
"陕西行尚书省","2","2","4"
"陈尚忠孝军一","4","0","4"
"尚忠孝军一千","4","0","4"
"端明殿学士何","2","2","4"
"明殿学士何铸","2","2","4"
"熙秦路兵马都","2","2","4"
"秦路兵马都总","2","2","4"
"军节度使乌延","2","2","4"
"瓯里本群牧使","2","2","4"
"胡里改路节度","2","2","4"
"里改路节度使","2","2","4"
"同知广宁尹完","2","2","4"
"知广宁尹完颜","2","2","4"
"广宁尹完颜岩","2","2","4"
"宁尹完颜岩雅","2","2","4"
"肇州防御使唐","2","2","4"
"州防御使唐括","2","2","4"
"防御使唐括乌","2","2","4"
"判大睦亲府事","2","2","4"
"定二十五年进","3","1","4"
"二十五年进士","3","1","4"
"户部尚书高汝","2","2","4"
"部尚书高汝砺","2","2","4"
"御史中丞孟铸","2","2","4"
"同签宣徽院事","2","2","4"
"同知临洮府事","2","2","4"
"知临洮府事术","2","2","4"
"临洮府事术虎","2","2","4"
"洮府事术虎高","2","2","4"
"府事术虎高琪","2","2","4"
"参知政事贾铉","2","2","4"
"河北东路转运","2","2","4"
"路转运都勾判","2","2","4"
"转运都勾判官","2","2","4"
"十一月二十日","1","3","4"
"葩俄族都管汪","2","2","4"
"俄族都管汪三","2","2","4"
"族都管汪三郎","2","2","4"
"汾阳军节度副","2","2","4"
"明昌五年进士","4","0","4"
"元帅左监军永","2","2","4"
"帅左监军永锡","2","2","4"
"拱卫直都指挥","2","2","4"
"卫直都指挥使","2","2","4"
"州防御使仆散","2","2","4"
"节度副使纥石","2","2","4"
"度副使纥石烈","2","2","4"
"泰定军节度副","2","2","4"
"定军节度副使","2","2","4"
"元帅左监军纥","2","2","4"
"帅左监军纥石","2","2","4"
"左监军纥石烈","2","2","4"
"同知平阳府事","2","2","4"
"本路宣抚副使","2","2","4"
"迁元帅左都监","3","1","4"
"西京路转运使","2","2","4"
"天兴元年正月","2","2","4"
"兵马都总管判","2","2","4"
"马都总管判官","2","2","4"
"兴定元年正月","2","2","4"
"延路兵马都总","2","2","4"
"西安军节度使","2","2","4"
"同知深州军州","2","2","4"
"知深州军州事","2","2","4"
"同知安化军节","2","2","4"
"知安化军节度","2","2","4"
"同知震武军节","2","2","4"
"知震武军节度","2","2","4"
"武军节度使事","2","2","4"
"国论乙室勃极","2","2","4"
"论乙室勃极烈","2","2","4"
"南路都统斡鲁","2","2","4"
"群臣上尊号曰","4","0","4"
"辽秦晋国王耶","3","1","4"
"咸州路都统司","2","2","4"
"国论胡鲁勃极","2","2","4"
"论胡鲁勃极烈","2","2","4"
"护卫耶律习泥","2","2","4"
"卫耶律习泥烈","2","2","4"
"西南两路兵马","2","2","4"
"权六院司喝离","2","2","4"
"六院司喝离质","2","2","4"
"子赵王习泥烈","2","2","4"
"迭勃极烈斡鲁","2","2","4"
"贞元三年十一","2","2","4"
"元三年十一月","2","2","4"
"体元应运世德","2","2","4"
"元应运世德昭","2","2","4"
"应运世德昭功","2","2","4"
"运世德昭功哲","2","2","4"
"世德昭功哲惠","2","2","4"
"德昭功哲惠仁","2","2","4"
"昭功哲惠仁圣","2","2","4"
"功哲惠仁圣文","2","2","4"
"哲惠仁圣文烈","2","2","4"
"惠仁圣文烈皇","2","2","4"
"仁圣文烈皇帝","2","2","4"
"国论勃极烈杲","2","2","4"
"北两路都统宗","2","2","4"
"两路都统宗翰","2","2","4"
"孛堇完颜阿实","2","2","4"
"堇完颜阿实赉","2","2","4"
"右副元帅宗望","2","2","4"
"经略使张孝纯","2","2","4"
"安抚使马世元","2","2","4"
"弘基缵武庄靖","2","2","4"
"基缵武庄靖孝","2","2","4"
"缵武庄靖孝成","2","2","4"
"武庄靖孝成皇","2","2","4"
"庄靖孝成皇帝","2","2","4"
"高丽遣使贺位","4","0","4"
"左副元帅挞懒","2","2","4"
"行台左丞相张","2","2","4"
"台左丞相张孝","2","2","4"
"左丞相张孝纯","2","2","4"
"右副元帅宗弼","3","1","4"
"行台尚书右丞","2","2","4"
"台尚书右丞相","2","2","4"
"参知政事耶律","2","2","4"
"天水郡公赵桓","2","2","4"
"遣左宣徽使刘","2","2","4"
"左宣徽使刘筈","4","0","4"
"平章行台尚书","2","2","4"
"章行台尚书省","2","2","4"
"御史大夫仆散","2","2","4"
"尚书左丞唐括","2","2","4"
"书左丞唐括辩","2","2","4"
"左司郎中三合","2","2","4"
"德妃乌古论氏","2","2","4"
"龙虎卫上将军","2","2","4"
"皇弟按察大王","2","2","4"
"平章政事乌带","2","2","4"
"路都转运使刘","2","2","4"
"知中京留守事","2","2","4"
"东京留守宗懿","2","2","4"
"台尚书左丞相","2","2","4"
"参知政事张浩","2","2","4"
"太府监完颜冯","2","2","4"
"府监完颜冯六","2","2","4"
"义军节度使乌","2","2","4"
"章政事徒单恭","2","2","4"
"耨碗温都思忠","2","2","4"
"贵妃唐括定哥","2","2","4"
"三省事徒单恭","2","2","4"
"御史大夫高桢","2","2","4"
"吏部尚书耶律","2","2","4"
"部尚书耶律安","2","2","4"
"尚书耶律安礼","2","2","4"
"平章政事萧玉","2","2","4"
"兵部尚书萧恭","2","2","4"
"都点检纥石烈","2","2","4"
"右骁骑副都指","2","2","4"
"留守完颜彀英","2","2","4"
"西北面兵马都","2","2","4"
"讨使唐括孛古","2","2","4"
"皇太后徒单氏","2","2","4"
"尚书右丞李通","2","2","4"
"道行营兵马都","2","2","4"
"行营兵马都统","2","2","4"
"营兵马都统制","2","2","4"
"武捷军副总管","2","2","4"
"光天兴运文德","2","2","4"
"天兴运文德武","2","2","4"
"兴运文德武功","2","2","4"
"运文德武功圣","2","2","4"
"文德武功圣明","2","2","4"
"德武功圣明仁","2","2","4"
"武功圣明仁孝","2","2","4"
"功圣明仁孝皇","2","2","4"
"咸平府谋克括","2","2","4"
"平府谋克括里","2","2","4"
"总管完颜谋衍","2","2","4"
"副留守高存福","2","2","4"
"知军李蒲速越","2","2","4"
"使仆散忽土等","2","2","4"
"中都转运使左","2","2","4"
"都转运使左渊","2","2","4"
"尚书右司员外","2","2","4"
"书右司员外郎","2","2","4"
"司员外郎完颜","2","2","4"
"员外郎完颜兀","2","2","4"
"外郎完颜兀古","2","2","4"
"副统纥石烈志","3","1","4"
"元帅左监军高","2","2","4"
"帅左监军高忠","2","2","4"
"帅完颜谋衍率","2","2","4"
"户部尚书梁钅","2","2","4"
"部尚书梁钅求","2","2","4"
"防御使蒲察世","2","2","4"
"御使蒲察世杰","2","2","4"
"尚书兵部侍郎","2","2","4"
"节度使纥石烈","2","2","4"
"度使纥石烈志","2","2","4"
"押军万户裴满","2","2","4"
"尚书右丞仆散","2","2","4"
"书右丞仆散忠","2","2","4"
"忠义平章政事","4","0","4"
"平章政事右副","3","1","4"
"章政事右副元","3","1","4"
"政事右副元帅","3","1","4"
"万户温迪罕阿","2","2","4"
"户温迪罕阿鲁","2","2","4"
"尚书左司员外","2","2","4"
"书左司员外郎","2","2","4"
"元帅左监军徒","2","2","4"
"帅左监军徒单","2","2","4"
"左监军徒单合","2","2","4"
"监军徒单合喜","2","2","4"
"仆散忠义伐宋","4","0","4"
"尚书刑部侍郎","2","2","4"
"户部侍郎魏子","2","2","4"
"部侍郎魏子平","2","2","4"
"京留守完颜思","2","2","4"
"留守完颜思敬","2","2","4"
"翰林待制刘仲","2","2","4"
"林待制刘仲诲","2","2","4"
"尚书左丞翟永","2","2","4"
"书左丞翟永固","2","2","4"
"章政事完颜元","2","2","4"
"政事完颜元宜","2","2","4"
"太子少詹事乌","2","2","4"
"子少詹事乌古","2","2","4"
"左副都点检完","2","2","4"
"副都点检完颜","2","2","4"
"都点检完颜仲","2","2","4"
"仁德圣孝皇帝","2","2","4"
"宿州防御使乌","2","2","4"
"州防御使乌林","2","2","4"
"御使乌林答剌","2","2","4"
"使乌林答剌撒","2","2","4"
"右副都点检乌","2","2","4"
"副都点检乌古","2","2","4"
"都点检乌古论","2","2","4"
"户部尚书魏子","2","2","4"
"部尚书魏子平","2","2","4"
"林待制移剌熙","2","2","4"
"待制移剌熙载","2","2","4"
"泽州刺史刘德","2","2","4"
"州刺史刘德裕","2","2","4"
"兵部侍郎移剌","2","2","4"
"部侍郎移剌按","2","2","4"
"侍郎移剌按答","2","2","4"
"点检乌古论元","2","2","4"
"检乌古论元忠","2","2","4"
"耨碗温敦兀带","2","2","4"
"监修国史纥石","2","2","4"
"修国史纥石烈","2","2","4"
"国史纥石烈良","2","2","4"
"史纥石烈良弼","2","2","4"
"纥石烈良弼进","2","2","4"
"章政事完颜思","2","2","4"
"政事完颜思敬","2","2","4"
"同签大宗正事","2","2","4"
"武定军节度使","2","2","4"
"部尚书高德基","2","2","4"
"南统军使宗叙","2","2","4"
"参知政事宗叙","2","2","4"
"尚书左丞相纥","2","2","4"
"书左丞相纥石","2","2","4"
"州刺史完颜守","2","2","4"
"右丞张汝霖曰","4","0","4"
"丞相徒单克宁","2","2","4"
"平章政事张汝","2","2","4"
"章政事张汝霖","2","2","4"
"二十九年正月","2","2","4"
"继天兴统述道","2","2","4"
"天兴统述道勤","2","2","4"
"兴统述道勤仁","2","2","4"
"统述道勤仁英","2","2","4"
"述道勤仁英武","2","2","4"
"道勤仁英武圣","2","2","4"
"勤仁英武圣孝","2","2","4"
"仁英武圣孝皇","2","2","4"
"英武圣孝皇帝","2","2","4"
"夫张行信上疏","2","2","4"
"元帅右监军术","2","2","4"
"帅右监军术虎","2","2","4"
"右监军术虎高","2","2","4"
"监军术虎高琪","2","2","4"
"知大兴府事胥","2","2","4"
"大兴府事胥鼎","2","2","4"
"登州刺史耿格","2","2","4"
"副元帅蒲察七","2","2","4"
"御史中丞李英","2","2","4"
"元帅左都监乌","2","2","4"
"帅左都监乌古","2","2","4"
"河东宣抚使胥","2","2","4"
"东宣抚使胥鼎","2","2","4"
"东西路宣抚副","2","2","4"
"陕西统军使完","2","2","4"
"西统军使完颜","2","2","4"
"东西路宣抚使","2","2","4"
"宣抚使完颜弼","2","2","4"
"同知益都府事","2","2","4"
"监察御史许古","2","2","4"
"宣抚副使颜盏","2","2","4"
"抚副使颜盏天","2","2","4"
"副使颜盏天泽","2","2","4"
"尚书右丞汝砺","2","2","4"
"左丞相仆散端","2","2","4"
"河北西路宣抚","2","2","4"
"北西路宣抚副","2","2","4"
"参知政事徒单","2","2","4"
"知政事徒单思","2","2","4"
"政事徒单思忠","2","2","4"
"太康县人刘全","2","2","4"
"宣抚副使永锡","2","2","4"
"平章政事高琪","2","2","4"
"部尚书张行信","2","2","4"
"太子少保张行","2","2","4"
"子少保张行信","2","2","4"
"河北行省侯挚","2","2","4"
"节度使必兰阿","2","2","4"
"度使必兰阿鲁","2","2","4"
"使必兰阿鲁带","2","2","4"
"元帅左监军乌","2","2","4"
"帅左监军乌古","2","2","4"
"左监军乌古论","2","2","4"
"河东行省胥鼎","2","2","4"
"潞州元帅左监","2","2","4"
"州元帅左监军","2","2","4"
"孟州经略使徒","2","2","4"
"州经略使徒单","2","2","4"
"经略使徒单百","2","2","4"
"略使徒单百家","2","2","4"
"副元帅蒲察阿","2","2","4"
"元帅蒲察阿里","2","2","4"
"权元帅右监军","3","1","4"
"镇南军节度使","2","2","4"
"统军使纥石烈","2","2","4"
"宣抚使乌古论","2","2","4"
"抚使乌古论礼","2","2","4"
"棣州防御使完","2","2","4"
"防御使完颜霆","2","2","4"
"州振威军万户","2","2","4"
"近侍局副使讹","2","2","4"
"泾州管内观察","2","2","4"
"寿州行枢密院","2","2","4"
"提控乌古论长","2","2","4"
"控乌古论长寿","2","2","4"
"提控纥石烈丑","2","2","4"
"控纥石烈丑汉","2","2","4"
"知沂州防御使","2","2","4"
"沂州防御使程","2","2","4"
"邳州副提控王","2","2","4"
"州副提控王汝","2","2","4"
"副提控王汝霖","2","2","4"
"太府少监伯德","2","2","4"
"府少监伯德玩","2","2","4"
"治中吕子羽等","2","2","4"
"元帅古里甲石","2","2","4"
"帅左都监承立","2","2","4"
"治书侍御史蒲","2","2","4"
"书侍御史蒲鲁","2","2","4"
"侍御史蒲鲁虎","2","2","4"
"知临洮府事石","2","2","4"
"同提举榷货司","2","2","4"
"元帅完颜合达","2","2","4"
"防御使徒单福","2","2","4"
"御使徒单福定","2","2","4"
"都监纥石烈德","2","2","4"
"河南路转运司","2","2","4"
"平章政事英王","2","2","4"
"章政事英王守","2","2","4"
"政事英王守纯","2","2","4"
"判官移剌蒲阿","2","2","4"
"平章政事白撒","2","2","4"
"枢密副使合喜","2","2","4"
"尚书左丞李蹊","2","2","4"
"元帅完颜忽土","2","2","4"
"殿前左副都点","2","2","4"
"前左副都点检","2","2","4"
"西南两路都统","2","2","4"
"宁州刺史颜盏","2","2","4"
"州刺史颜盏门","2","2","4"
"刺史颜盏门都","2","2","4"
"置陕西路统军","2","2","4"
"太祖武元皇帝","2","2","4"
"宗弼复取河南","4","0","4"
"婆速路统军使","2","2","4"
"行台参知政事","2","2","4"
"合咸州路都统","1","3","4"
"右监军撒离喝","2","2","4"
"刺史乌古孙麻","2","2","4"
"万户孛术鲁定","2","2","4"
"户孛术鲁定方","2","2","4"
"山东东路兵马","2","2","4"
"东东路兵马都","2","2","4"
"宗族四百七十","2","2","4"
"遣端明殿学士","2","2","4"
"资政殿大学士","2","2","4"
"太祖睿德神功","2","2","4"
"祖睿德神功碑","2","2","4"
"户部员外郎完","2","2","4"
"部员外郎完颜","2","2","4"
"知西京留守事","2","2","4"
"知东京留守事","2","2","4"
"会宁尹完颜蒲","2","2","4"
"宁尹完颜蒲速","2","2","4"
"尹完颜蒲速赉","2","2","4"
"少府监张仅言","2","2","4"
"银青荣禄大夫","2","2","4"
"判定武军节度","2","2","4"
"诏同签大睦亲","2","2","4"
"政事完颜守贞","2","2","4"
"参知政事胥持","2","2","4"
"知政事胥持国","2","2","4"
"彰国军节度使","2","2","4"
"河北西路兵马","2","2","4"
"北西路兵马都","2","2","4"
"大兴少尹王全","2","2","4"
"中都转运副使","2","2","4"
"西北路招讨都","2","2","4"
"北路招讨都监","2","2","4"
"知中都转运使","2","2","4"
"宣徽院事移剌","2","2","4"
"徽院事移剌神","2","2","4"
"院事移剌神独","2","2","4"
"事移剌神独斡","2","2","4"
"左司郎中贾昌","2","2","4"
"司郎中贾昌祚","2","2","4"
"都路都转运副","2","2","4"
"路都转运副使","2","2","4"
"同知中都都转","2","2","4"
"知中都都转运","2","2","4"
"河南路统军都","2","2","4"
"南路统军都监","2","2","4"
"东京留守完颜","1","3","4"
"刑部尚书梁肃","2","2","4"
"忠顺军节度使","2","2","4"
"章政事仆散忠","2","2","4"
"政事仆散忠义","2","2","4"
"配享章宗庙廷","2","2","4"
"山东路统军使","2","2","4"
"右副元帅纥石","2","2","4"
"北西路转运司","2","2","4"
"路转运司都勾","2","2","4"
"转运司都勾判","2","2","4"
"运司都勾判官","2","2","4"
"通远军节度副","2","2","4"
"远军节度副使","2","2","4"
"北西路转运使","2","2","4"
"州刺史完颜思","2","2","4"
"刺史完颜思忠","2","2","4"
"行军副统裴满","2","2","4"
"军副统裴满阿","2","2","4"
"副统裴满阿里","2","2","4"
"高琪驻兵缙山","2","2","4"
"林侍讲学士徒","2","2","4"
"侍讲学士徒单","2","2","4"
"讲学士徒单子","2","2","4"
"学士徒单子温","2","2","4"
"镒等二十七人","2","2","4"
"尚书省译史阿","2","2","4"
"书省译史阿鲁","2","2","4"
"平章政事独吉","2","2","4"
"章政事独吉思","2","2","4"
"政事独吉思忠","2","2","4"
"知府徒单南平","1","3","4"
"等路提刑副使","2","2","4"
"参知政事承裕","2","2","4"
"尚书工部员外","2","2","4"
"书工部员外郎","2","2","4"
"兴定元年十月","2","2","4"
"东东路转运使","2","2","4"
"乌林答石家奴","1","3","4"
"武卫军副都指","2","2","4"
"卫军副都指挥","2","2","4"
"抚副使乌古论","2","2","4"
"副使乌古论兖","2","2","4"
"使乌古论兖州","2","2","4"
"山东西路兵马","2","2","4"
"东西路兵马都","2","2","4"
"保静军节度使","2","2","4"
"同知河间府事","2","2","4"
"左右司员外郎","2","2","4"
"辽东路转运使","2","2","4"
"同知通远军节","2","2","4"
"知通远军节度","2","2","4"
"翰林承旨张行","2","2","4"
"林承旨张行简","2","2","4"
"元光元年正月","2","2","4"
"兴定元年七月","2","2","4"
"路转运司支度","2","2","4"
"转运司支度判","2","2","4"
"运司支度判官","2","2","4"
"提控石盏吾里","2","2","4"
"控石盏吾里忻","2","2","4"
"吏部郎中杨居","2","2","4"
"部郎中杨居仁","2","2","4"
"总管女奚烈古","2","2","4"
"管女奚烈古里","2","2","4"
"昭文馆直学士","2","2","4"
"都点检徒单渭","2","2","4"
"点检徒单渭河","2","2","4"
"济州押军万户","2","2","4"
"尚书户部侍郎","2","2","4"
"皇上采纳了他","0","4","4"
"了他们的意见","0","4","4"
"徒单阿里出虎","0","4","4"
"宋朝派使者来","0","4","4"
"任元帅右都监","0","4","4"
"令谙班勃极烈","0","4","4"
"为右丞相兼中","0","4","4"
"枢密使仆散师","0","4","4"
"密使仆散师恭","0","4","4"
"封为广平郡王","0","4","4"
"暂代参知政事","0","4","4"
"完颜阿里不孙","0","4","4"
"完颜陈和尚的","0","4","4"
"封为开府仪同","0","4","4"
"改任西京留守","0","4","4"
"十八年中进士","0","4","4"
"补任尚书省令","0","4","4"
"任元帅左监军","0","4","4"
"为元帅左都监","0","4","4"
"任知延安府事","0","4","4"
"任元帅左都监","0","4","4"
"什么事做不成","0","4","4"
"承袭节度使之","0","4","4"
"的第四个儿子","0","4","4"
"太祖皇帝下诏","0","4","4"
"不要动不动就","0","4","4"
"把军队驻扎在","0","4","4"
"太祖阿骨打的","0","4","4"
"二年春正月初","0","4","4"
"六年正月初一","0","4","4"
"国派使者来祝","0","4","4"
"上听从了他的","0","4","4"
"灵柩前即皇帝","0","4","4"
"柩前即皇帝位","0","4","4"
"宫朝见太皇太","0","4","4"
"朝见太皇太后","0","4","4"
"丽派遣使者来","0","4","4"
"任命左副元帅","0","4","4"
"使者来祝贺皇","0","4","4"
"者来祝贺皇上","0","4","4"
"左宣徽使刘薚","0","4","4"
"三月二十三日","0","4","4"
"任命左宣徽使","0","4","4"
"任贺宋正旦使","0","4","4"
"人当贺宋生日","0","4","4"
"改任东京留守","0","4","4"
"开始冬季打猎","0","4","4"
"始冬季打猎活","0","4","4"
"冬季打猎活动","0","4","4"
"皇上对侍臣说","0","4","4"
"开始秋季打猎","0","4","4"
"始秋季打猎活","0","4","4"
"秋季打猎活动","0","4","4"
"为金紫光禄大","0","4","4"
"皇帝宣宗下诏","0","4","4"
"五品以上的官","0","4","4"
"品以上的官员","0","4","4"
"为德州防御使","0","4","4"
"又打败了他们","0","4","4"
"军打败了他们","0","4","4"
"元年春正月初","0","4","4"
"打败宋朝军队","0","4","4"
"高汝砺上奏说","0","4","4"
"州行元帅府事","0","4","4"
"哀宗皇帝下诏","0","4","4"
"宗皇帝下诏说","0","4","4"
"授予参知政事","0","4","4"
"进拜平章政事","0","4","4"
"封为金源郡王","0","4","4"
"金朝皇帝熙宗","0","4","4"
"纎祭于太祖庙","0","4","4"
"祭于太祖庙廷","0","4","4"
"将军队驻扎在","0","4","4"
"元帅完颜宗弼","0","4","4"
"完颜习不主又","0","4","4"
"梁王完颜宗弼","0","4","4"
"碗温敦思忠的","0","4","4"
"金章宗即皇帝","0","4","4"
"宗即皇帝位后","0","4","4"
"升为枢密副使","0","4","4"
"任判平阳府事","0","4","4"
"金世宗皇帝前","0","4","4"
"皇帝诏令完颜","0","4","4"
"帝诏令完颜永","0","4","4"
"诏令完颜永功","0","4","4"
"纥石烈志宁与","0","4","4"
"到纥石烈志宁","0","4","4"
"晋升两级官禄","0","4","4"
"以上的晋升一","0","4","4"
"上的晋升一级","0","4","4"
"的晋升一级官","0","4","4"
"晋升一级官禄","0","4","4"
"为左谏议大夫","0","4","4"
"赞许并采纳了","0","4","4"
"魏子平回答说","0","4","4"
"世宗对宰臣说","0","4","4"
"诏令徒单克宁","0","4","4"
"对徒单克宁说","0","4","4"
"夹谷清臣升为","0","4","4"
"为知大兴府事","0","4","4"
"拜任参知政事","0","4","4"
"任郑州防御使","0","4","4"
"诏令有关方面","0","4","4"
"任应奉翰林文","0","4","4"
"拜为平章政事","0","4","4"
"皇帝听从他的","0","4","4"
"为代理参知政","0","4","4"
"子婆诸刊入朝","2","1","3"
"水部实里古达","2","1","3"
"胡土爱割蛮猛","1","2","3"
"土爱割蛮猛安","1","2","3"
"侍卫亲军步军","1","2","3"
"卫亲军步军都","1","2","3"
"亲军步军都指","1","2","3"
"军步军都指挥","1","2","3"
"劝农使移剌元","1","2","3"
"农使移剌元宜","1","2","3"
"御史陈规等充","2","1","3"
"章政事濮王守","2","1","3"
"政事濮王守纯","2","1","3"
"参知政事张行","1","2","3"
"知政事张行信","1","2","3"
"左丞相都元帅","3","0","3"
"完颜陈尚忠孝","3","0","3"
"颜陈尚忠孝军","3","0","3"
"失阿买勃极烈","3","0","3"
"初置九路提刑","3","0","3"
"空名宣头五十","2","1","3"
"政事敬嗣晖营","1","2","3"
"事敬嗣晖营建","1","2","3"
"帅完颜谋衍讨","1","2","3"
"正隆二年进士","2","1","3"
"登大定二十五","2","1","3"
"十五年进士第","2","1","3"
"陕西行省参议","2","1","3"
"西行省参议官","2","1","3"
"八年十一月二","1","2","3"
"年十一月二十","1","2","3"
"定二十八年进","3","0","3"
"二十八年进士","3","0","3"
"纥石烈蒲剌都","1","2","3"
"改知大兴府事","3","0","3"
"河东南路兵马","1","2","3"
"东南路兵马都","1","2","3"
"南路兵马都总","1","2","3"
"提控紫荆等关","2","1","3"
"政事仆散揆宣","2","1","3"
"事仆散揆宣抚","2","1","3"
"仆散揆宣抚河","2","1","3"
"散揆宣抚河南","2","1","3"
"孩懒水乌林答","1","2","3"
"懒水乌林答部","1","2","3"
"置猛安谋克一","2","1","3"
"将士招降山前","2","1","3"
"获辽枢密使里","3","0","3"
"辽枢密使里底","3","0","3"
"龙门东二十五","2","1","3"
"门东二十五里","2","1","3"
"燕京豪族工匠","2","1","3"
"空名宣头百道","2","1","3"
"挞懒元帅左监","3","0","3"
"懒元帅左监军","3","0","3"
"年正月庚辰朔","3","0","3"
"宋副元帅杜充","2","1","3"
"年正月丙午朔","3","0","3"
"左监军完颜希","1","2","3"
"太皇太后纥石","1","2","3"
"皇太后纥石烈","1","2","3"
"太后纥石烈氏","1","2","3"
"命都元帅宗弼","1","2","3"
"右监军撒离合","2","1","3"
"左丞相完颜希","1","2","3"
"丞相完颜希尹","1","2","3"
"明文武圣德皇","1","2","3"
"文武圣德皇帝","1","2","3"
"杀德妃乌古论","2","1","3"
"省令史李老僧","1","2","3"
"太祖创业艰难","2","1","3"
"右丞相唐括辩","1","2","3"
"臣奉上尊号曰","3","0","3"
"纥石烈良弼左","3","0","3"
"石烈良弼左丞","3","0","3"
"纥石烈志宁所","2","1","3"
"猛安移剌沙里","2","1","3"
"安移剌沙里剌","2","1","3"
"判大宗正事完","1","2","3"
"大宗正事完颜","1","2","3"
"睿宗皇帝梓宫","2","1","3"
"纥石烈志宁经","3","0","3"
"石烈志宁经略","3","0","3"
"副元帅完颜思","2","1","3"
"元帅完颜思敬","2","1","3"
"契丹猛安谋克","1","2","3"
"丞相监修国史","2","1","3"
"欢都射中麻产","1","2","3"
"鲁忽土世袭猛","2","1","3"
"忽土世袭猛安","2","1","3"
"诏百官议尚书","3","0","3"
"大元兵徇彰德","3","0","3"
"元兵徇彰德府","3","0","3"
"加金紫光禄大","3","0","3"
"诏河北州县官","2","1","3"
"河北军户徙河","3","0","3"
"北军户徙河南","3","0","3"
"行尚书省河北","3","0","3"
"遥授同知东平","2","1","3"
"授同知东平府","2","1","3"
"陕西宣抚副使","2","1","3"
"总管陀满胡土","2","1","3"
"管陀满胡土门","2","1","3"
"行信宝券二万","2","1","3"
"信宝券二万贯","2","1","3"
"御史大夫永锡","2","1","3"
"监察御史粘割","2","1","3"
"察御史粘割梭","2","1","3"
"御史粘割梭失","2","1","3"
"权签枢密院事","2","1","3"
"提举榷货司王","2","1","3"
"举榷货司王三","2","1","3"
"榷货司王三锡","2","1","3"
"监纥石烈德同","2","1","3"
"纥石烈德同行","2","1","3"
"石烈德同行帅","2","1","3"
"烈德同行帅府","2","1","3"
"德同行帅府事","2","1","3"
"宗室男女七十","2","1","3"
"皇太子率百官","2","1","3"
"臣议修复河中","3","0","3"
"赛行尚书省事","3","0","3"
"行尚书省事关","3","0","3"
"尚书省事关中","3","0","3"
"都统内外诸军","3","0","3"
"宋经略使荆皋","3","0","3"
"使勖就军中劳","3","0","3"
"通契丹大小字","3","0","3"
"赠金紫光禄大","3","0","3"
"改赠金源郡王","2","1","3"
"配飨太祖庙廷","3","0","3"
"收国元年七月","1","2","3"
"睿宗右副元帅","3","0","3"
"都统杲克中京","3","0","3"
"世宗将幸上京","3","0","3"
"获辽护卫习泥","3","0","3"
"辽护卫习泥烈","3","0","3"
"左卫将军徒单","1","2","3"
"皇统二年二月","1","2","3"
"遥辇昭古牙部","1","2","3"
"辇昭古牙部族","1","2","3"
"迁签书枢密院","3","0","3"
"迁刑部员外郎","3","0","3"
"遣户部员外郎","2","1","3"
"翰林学士同修","2","1","3"
"林学士同修国","2","1","3"
"学士同修国史","2","1","3"
"永中第四子阿","2","1","3"
"中第四子阿离","2","1","3"
"第四子阿离合","2","1","3"
"四子阿离合懑","2","1","3"
"纥石烈志宁北","2","1","3"
"左都监吾紥忽","3","0","3"
"纥石烈志宁代","1","2","3"
"大定三年五月","1","2","3"
"同知枢密院事","2","1","3"
"大定五年正月","1","2","3"
"大定六年正月","1","2","3"
"右丞唐括安礼","2","1","3"
"十二月十七日","1","2","3"
"翰林修撰移剌","1","2","3"
"林修撰移剌杰","1","2","3"
"吏部侍郎田珏","2","1","3"
"临海军节度判","1","2","3"
"海军节度判官","1","2","3"
"天德二年正月","1","2","3"
"迁通远军节度","2","1","3"
"银一千五百两","1","2","3"
"人告元妃李氏","2","1","3"
"改知真定府事","2","1","3"
"遣提控纥石烈","2","1","3"
"贞祐三年十一","2","1","3"
"祐三年十一月","2","1","3"
"马都尉徒单没","1","2","3"
"都尉徒单没烈","1","2","3"
"除定武军节度","3","0","3"
"改知济南府事","2","1","3"
"山东路宣抚副","1","2","3"
"充元帅府经历","2","1","3"
"广平郡王徒单","1","2","3"
"晋阳公郭文振","1","2","3"
"前平章政事胥","1","2","3"
"石烈牙吾塔攻","1","2","3"
"遣提控石盏吾","2","1","3"
"总帅纳合买住","2","1","3"
"徐州行尚书省","1","2","3"
"元帅左都监纥","1","2","3"
"帅左都监纥石","1","2","3"
"左都监纥石烈","1","2","3"
"翰林学士赵秉","1","2","3"
"林学士赵秉文","1","2","3"
"猛安唐括乌野","2","1","3"
"八月二十五日","1","2","3"
"孛术鲁吴括剌","1","2","3"
"表扬他的忠诚","0","3","3"
"可以达到目的","0","3","3"
"没有这样的人","0","3","3"
"守丧期满他便","0","3","3"
"高汝砺回答说","0","3","3"
"皇帝赞同他的","0","3","3"
"赞同他的意见","0","3","3"
"因为母亲丧事","0","3","3"
"过了较长一段","0","3","3"
"皇帝听说此事","0","3","3"
"进为平章政事","0","3","3"
"完颜赛不上奏","0","3","3"
"被赐姓完颜氏","0","3","3"
"书右丞相兼中","0","3","3"
"为左丞相兼侍","0","3","3"
"进升为尚书右","0","3","3"
"令元帅左监军","0","3","3"
"进升平章政事","0","3","3"
"任绛阳军节度","0","3","3"
"左丞相兼都元","0","3","3"
"任命枢密副使","0","3","3"
"领完颜陈和尚","0","3","3"
"颜陈和尚的忠","0","3","3"
"陈和尚的忠孝","0","3","3"
"和尚的忠孝军","0","3","3"
"尚的忠孝军一","0","3","3"
"的忠孝军一千","0","3","3"
"授予定远大将","0","3","3"
"予定远大将军","0","3","3"
"为国论勃极烈","0","3","3"
"定二十八年中","0","3","3"
"二十八年中进","0","3","3"
"任翰林侍讲学","0","3","3"
"林侍讲学士兼","0","3","3"
"任左谏议大夫","0","3","3"
"谋克为一千户","0","3","3"
"任镇西军节度","0","3","3"
"为应奉翰林文","0","3","3"
"祖的第二个儿","0","3","3"
"承袭了节度使","0","3","3"
"袭节度使之职","0","3","3"
"的第五个儿子","0","3","3"
"善于射箭的人","0","3","3"
"有什么好处呢","0","3","3"
"维系天下人心","0","3","3"
"将考虑这件事","0","3","3"
"皇上亲自率领","0","3","3"
"内外各路军队","0","3","3"
"属于辽籍的女","0","3","3"
"于辽籍的女真","0","3","3"
"率领众人来投","0","3","3"
"领众人来投降","0","3","3"
"辽国都统耶律","0","3","3"
"诏令谙班勃极","0","3","3"
"宗翰从瓢岭出","0","3","3"
"王耶律捏里在","0","3","3"
"耶律捏里在燕","0","3","3"
"辽国枢密使得","0","3","3"
"国枢密使得里","0","3","3"
"枢密使得里底","0","3","3"
"新归附的百姓","0","3","3"
"十五里的地方","0","3","3"
"皇上采纳了这","0","3","3"
"采纳了这个意","0","3","3"
"纳了这个意见","0","3","3"
"派遣使者来感","0","3","3"
"等人为贺宋正","0","3","3"
"人为贺宋正旦","0","3","3"
"的事诏告中外","0","3","3"
"四年春正月初","0","3","3"
"各路军队渡过","0","3","3"
"路军队渡过黄","0","3","3"
"军队渡过黄河","0","3","3"
"诏令左副元帅","0","3","3"
"派遣使者来庆","0","3","3"
"遣使者来庆贺","0","3","3"
"闰十一月一日","0","3","3"
"为元帅左监军","0","3","3"
"讨伐平定了他","0","3","3"
"在华州打败宋","0","3","3"
"华州打败宋兵","0","3","3"
"七年正月初一","0","3","3"
"兴兵打仗以来","0","3","3"
"派使者来进贡","0","3","3"
"八年正月初一","0","3","3"
"国遣使者来祝","0","3","3"
"国派使者来朝","0","3","3"
"派使者来朝贺","0","3","3"
"派使者来报告","0","3","3"
"十二月十四日","0","3","3"
"十一年正月初","0","3","3"
"一年正月初一","0","3","3"
"十一月十五日","0","3","3"
"二月二十五日","0","3","3"
"皇上到明德宫","0","3","3"
"到明德宫朝见","0","3","3"
"明德宫朝见太","0","3","3"
"德宫朝见太皇","0","3","3"
"七月二十一日","0","3","3"
"十月二十六日","0","3","3"
"任期已满辞去","0","3","3"
"期已满辞去官","0","3","3"
"已满辞去官职","0","3","3"
"皇上从天开殿","0","3","3"
"从天开殿回到","0","3","3"
"为行台右丞相","0","3","3"
"任命都元帅宗","0","3","3"
"令都元帅宗弼","0","3","3"
"十一月十三日","0","3","3"
"弼为尚书左丞","0","3","3"
"免除参知政事","0","3","3"
"皇上焚香站立","0","3","3"
"上焚香站立接","0","3","3"
"焚香站立接受","0","3","3"
"派遣使臣来祝","0","3","3"
"遣使臣来祝贺","0","3","3"
"太子济安逝世","0","3","3"
"始祖以下十位","0","3","3"
"祖以下十位皇","0","3","3"
"以下十位皇帝","0","3","3"
"二月二十三日","0","3","3"
"非分的希望和","0","3","3"
"分的希望和企","0","3","3"
"的希望和企图","0","3","3"
"被授予右丞相","0","3","3"
"充当贺宋生日","0","3","3"
"来祝贺新君即","0","3","3"
"祝贺新君即位","0","3","3"
"忠为平章政事","0","3","3"
"宰相以下官员","0","3","3"
"作为贺宋生日","0","3","3"
"人作为贺宋正","0","3","3"
"命令他的儿子","0","3","3"
"任命宿直将军","0","3","3"
"石烈良弼为左","0","3","3"
"烈良弼为左丞","0","3","3"
"济南府尹仆散","0","3","3"
"等当贺宋正旦","0","3","3"
"所经过的地方","0","3","3"
"左领军大都督","0","3","3"
"改年号为大定","0","3","3"
"不同层次的赏","0","3","3"
"同层次的赏赐","0","3","3"
"皇上对宰相说","0","3","3"
"兵部尚书可喜","0","3","3"
"不要有所隐瞒","0","3","3"
"诏令平章政事","0","3","3"
"在德顺州打败","0","3","3"
"德顺州打败宋","0","3","3"
"谋衍在駒雨松","0","3","3"
"衍在駒雨松河","0","3","3"
"仆散忠义为平","0","3","3"
"散忠义为平章","0","3","3"
"忠义为平章政","0","3","3"
"义为平章政事","0","3","3"
"来祝贺皇上获","0","3","3"
"祝贺皇上获得","0","3","3"
"贺皇上获得尊","0","3","3"
"皇上获得尊号","0","3","3"
"任命仆散忠义","0","3","3"
"命仆散忠义为","0","3","3"
"仆散忠义攻伐","0","3","3"
"散忠义攻伐宋","0","3","3"
"忠义攻伐宋国","0","3","3"
"任命北京留守","0","3","3"
"出任右副元帅","0","3","3"
"六品以下以及","0","3","3"
"十二月二十一","0","3","3"
"护驾侍从人员","0","3","3"
"对宰相大臣们","0","3","3"
"宰相大臣们说","0","3","3"
"的人任用他们","0","3","3"
"在近郊视察庄","0","3","3"
"廉洁能干的人","0","3","3"
"诏令御史中丞","0","3","3"
"你们为什么不","0","3","3"
"三品以上官员","0","3","3"
"听说了这件事","0","3","3"
"为同知东京留","0","3","3"
"大定二十七年","0","3","3"
"皇帝下诏允许","0","3","3"
"尚书左丞抹睰","0","3","3"
"书左丞抹睰尽","0","3","3"
"左丞抹睰尽忠","0","3","3"
"宣宗皇帝下诏","0","3","3"
"皇帝下诏赏赐","0","3","3"
"于是停止了此","0","3","3"
"是停止了此事","0","3","3"
"三品以上的官","0","3","3"
"西夏人的捷报","0","3","3"
"五品以下的官","0","3","3"
"红袄贼寇侵犯","0","3","3"
"不同程度地奖","0","3","3"
"同程度地奖赏","0","3","3"
"都监完颜赛不","0","3","3"
"完颜赛不派兵","0","3","3"
"军队打败了他","0","3","3"
"队打败了他们","0","3","3"
"代理元帅右监","0","3","3"
"理元帅右监军","0","3","3"
"元帅完颜赛不","0","3","3"
"到启庆宫祭奠","0","3","3"
"兵打败了他们","0","3","3"
"山打败宋朝军","0","3","3"
"宗皇帝告谕枢","0","3","3"
"皇帝告谕枢密","0","3","3"
"进入宋朝境内","0","3","3"
"堡打败宋朝军","0","3","3"
"被任命为同知","0","3","3"
"任开府仪同三","0","3","3"
"秋七月十七日","0","3","3"
"宗皇帝在近郊","0","3","3"
"皇帝在近郊打","0","3","3"
"帝在近郊打猎","0","3","3"
"关中行尚书省","0","3","3"
"中行尚书省事","0","3","3"
"各路军队攻打","0","3","3"
"的另一个儿子","0","3","3"
"为西北路招讨","0","3","3"
"自古以来帝王","0","3","3"
"宗弼收复河南","0","3","3"
"过了很长时间","0","3","3"
"授予世袭猛安","0","3","3"
"在阿疏城下会","0","3","3"
"阿疏城下会合","0","3","3"
"伐辽国的时候","0","3","3"
"作为自己的功","0","3","3"
"任临海军节度","0","3","3"
"抓获辽国护卫","0","3","3"
"获辽国护卫习","0","3","3"
"辽国护卫习泥","0","3","3"
"国护卫习泥烈","0","3","3"
"他的两个儿子","0","3","3"
"太祖平定燕京","0","3","3"
"上表请求辞去","0","3","3"
"表请求辞去官","0","3","3"
"请求辞去官职","0","3","3"
"命令完颜挞懒","0","3","3"
"金太祖皇帝下","0","3","3"
"熙宗皇帝下诏","0","3","3"
"宋朝康王赵构","0","3","3"
"升为礼部尚书","0","3","3"
"因为母亲去世","0","3","3"
"派纥石烈胡剌","0","3","3"
"金朝攻打宋朝","0","3","3"
"准了他的请求","0","3","3"
"封为兰陵郡王","0","3","3"
"为银青光禄大","0","3","3"
"授予尚书右丞","0","3","3"
"金朝皇帝海陵","0","3","3"
"朝皇帝海陵王","0","3","3"
"海陵王攻打宋","0","3","3"
"陵王攻打宋朝","0","3","3"
"改任吏部尚书","0","3","3"
"任同知西京留","0","3","3"
"海陵王不高兴","0","3","3"
"完颜永中进封","0","3","3"
"颜永中进封为","0","3","3"
"儿子完颜石古","0","3","3"
"子完颜石古乃","0","3","3"
"加封为开府仪","0","3","3"
"为奉国上将军","0","3","3"
"世宗皇帝前往","0","3","3"
"任沁南军节度","0","3","3"
"高忠建的军队","0","3","3"
"纥石烈志宁任","0","3","3"
"皇帝攻打宋朝","0","3","3"
"仆散忠义请求","0","3","3"
"纥石烈志宁在","0","3","3"
"纥石烈志宁俘","0","3","3"
"窝斡的母亲徐","0","3","3"
"斡的母亲徐辇","0","3","3"
"纥石烈志宁巡","0","3","3"
"石烈志宁巡视","0","3","3"
"纥石烈志宁率","0","3","3"
"石烈志宁率领","0","3","3"
"赏赐给纥石烈","0","3","3"
"赐给纥石烈志","0","3","3"
"仆散忠义到京","0","3","3"
"散忠义到京城","0","3","3"
"忠义到京城朝","0","3","3"
"义到京城朝拜","0","3","3"
"纥石烈志宁被","0","3","3"
"授予平章政事","0","3","3"
"金世宗很高兴","0","3","3"
"皇帝下诏对他","0","3","3"
"帝下诏对他说","0","3","3"
"等到徒单克宁","0","3","3"
"任陕西路统军","0","3","3"
"的晋升两级官","0","3","3"
"皇上问宰相大","0","3","3"
"上问宰相大臣","0","3","3"
"问宰相大臣说","0","3","3"
"中进士第一名","0","3","3"
"许并采纳了这","0","3","3"
"为右司员外郎","0","3","3"
"宗对宰相大臣","0","3","3"
"任定武军节度","0","3","3"
"皇帝问宰臣说","0","3","3"
"出使宋朝回来","0","3","3"
"为户部员外郎","0","3","3"
"升为山东西路","0","3","3"
"皇帝金世宗诏","0","3","3"
"帝金世宗诏令","0","3","3"
"被打一百五十","0","3","3"
"任中都路都转","0","3","3"
"尚书省上奏说","0","3","3"
"五品以上官员","0","3","3"
"徒单克宁被授","0","3","3"
"单克宁被授予","0","3","3"
"徒单克宁改任","0","3","3"
"六品以上官员","0","3","3"
"徒单克宁上奏","0","3","3"
"单克宁上奏说","0","3","3"
"办丧事的财物","0","3","3"
"皇帝章宗对宰","0","3","3"
"帝章宗对宰臣","0","3","3"
"章宗对宰臣说","0","3","3"
"兼以前的职务","0","3","3"
"为尚书礼部员","0","3","3"
"升为荣禄大夫","0","3","3"
"任知平阳府事","0","3","3"
"参加科举考试","0","3","3"
"在尚书省商议","0","3","3"
"发生其他变故","0","3","3"
"任泰定军节度","0","3","3"
"正是多事之秋","0","3","3"
"被任命为尚书","0","3","3"
"个老奸巨猾的","0","3","3"
"老奸巨猾的人","0","3","3"
"对宰辅大臣们","0","3","3"
"宰辅大臣们说","0","3","3"
"任翰林学士承","0","3","3"
"升为监察御史","0","3","3"
"代理元帅右都","0","3","3"
"理元帅右都监","0","3","3"
"代理尚书左丞","0","3","3"
"诏令交尚书省","0","3","3"
"命令有关方面","0","3","3"
"皇帝不肯听从","0","3","3"
"召集百官商议","0","3","3"
"忠孝军一千人","0","3","3"
"乌古论夺剌为","0","3","3"
"蒲察部胡鲁勃","1","1","2"
"察部胡鲁勃堇","1","1","2"
"军门叩头请罪","1","1","2"
"奉迁太庙神主","1","1","2"
"翰林待制谋良","1","1","2"
"林待制谋良虎","1","1","2"
"十一月己巳朔","2","0","2"
"右司郎中梁钅","1","1","2"
"司郎中梁钅求","1","1","2"
"北路招讨司勒","1","1","2"
"路招讨司勒猛","1","1","2"
"招讨司勒猛安","1","1","2"
"讨司勒猛安谋","1","1","2"
"司勒猛安谋克","1","1","2"
"勒猛安谋克官","1","1","2"
"猛安谋克官督","1","1","2"
"左警巡副使鹘","1","1","2"
"警巡副使鹘沙","1","1","2"
"巡副使鹘沙通","1","1","2"
"按察转运使高","1","1","2"
"察转运使高汝","1","1","2"
"转运使高汝砺","1","1","2"
"汝砺参知政事","2","0","2"
"户部尚书任天","1","1","2"
"部尚书任天宠","1","1","2"
"知大兴府事高","1","1","2"
"大兴府事高霖","1","1","2"
"紫衣师德号度","2","0","2"
"衣师德号度牒","2","0","2"
"御史中丞徒单","1","1","2"
"史中丞徒单思","1","1","2"
"中丞徒单思忠","1","1","2"
"河北行尚书省","1","1","2"
"北行尚书省侯","1","1","2"
"行尚书省侯挚","1","1","2"
"尚书省侯挚入","1","1","2"
"书省侯挚入见","1","1","2"
"奉迎祖宗神主","1","1","2"
"大元兵攻太原","2","0","2"
"许州长社县何","1","1","2"
"州长社县何冕","1","1","2"
"长社县何冕等","1","1","2"
"社县何冕等谋","1","1","2"
"县何冕等谋反","1","1","2"
"河南路行总管","1","1","2"
"南路行总管府","1","1","2"
"路行总管府节","1","1","2"
"行总管府节镇","1","1","2"
"命濮王府尉完","1","1","2"
"濮王府尉完颜","1","1","2"
"王府尉完颜毛","1","1","2"
"府尉完颜毛良","1","1","2"
"尉完颜毛良虎","1","1","2"
"参知政事胡鲁","2","0","2"
"知政事胡鲁权","2","0","2"
"胡鲁权左副元","1","1","2"
"鲁权左副元帅","1","1","2"
"章政事胥鼎协","1","1","2"
"政事胥鼎协力","1","1","2"
"事胥鼎协力防","1","1","2"
"户部员外郎臧","1","1","2"
"部员外郎臧伯","1","1","2"
"员外郎臧伯升","1","1","2"
"外郎臧伯升供","1","1","2"
"尚书杨云翼祭","1","1","2"
"书杨云翼祭社","1","1","2"
"杨云翼祭社稷","1","1","2"
"中山治中王善","1","1","2"
"山治中王善杀","1","1","2"
"权知府事李仲","1","1","2"
"知府事李仲等","1","1","2"
"十一月癸巳朔","2","0","2"
"前岚州仓使张","1","1","2"
"河间公移剌众","1","1","2"
"间公移剌众家","1","1","2"
"公移剌众家奴","1","1","2"
"礼部尚书奥敦","1","1","2"
"部尚书奥敦良","1","1","2"
"尚书奥敦良弼","1","1","2"
"大理卿裴满钦","1","1","2"
"理卿裴满钦甫","1","1","2"
"侍御史乌古孙","1","1","2"
"御史乌古孙弘","1","1","2"
"史乌古孙弘毅","1","1","2"
"内族王家奴故","1","1","2"
"秦州元帅粘哥","1","1","2"
"州元帅粘哥完","1","1","2"
"元帅粘哥完展","1","1","2"
"帅粘哥完展权","1","1","2"
"粘哥完展权参","1","1","2"
"哥完展权参知","1","1","2"
"完展权参知政","1","1","2"
"展权参知政事","1","1","2"
"迁燕京路都转","1","1","2"
"大名尹卢彦伦","1","1","2"
"名尹卢彦伦监","1","1","2"
"尹卢彦伦监护","1","1","2"
"卢彦伦监护工","1","1","2"
"曷速馆等路军","1","1","2"
"军猛安谋克年","1","1","2"
"猛安谋克年老","1","1","2"
"诸道盐铁使依","1","1","2"
"道盐铁使依旧","1","1","2"
"盐铁使依旧文","1","1","2"
"铁使依旧文武","1","1","2"
"使依旧文武参","1","1","2"
"依旧文武参注","1","1","2"
"南京尚书省取","1","1","2"
"古文孝经指解","1","1","2"
"中都路胡土爱","1","1","2"
"都路胡土爱割","1","1","2"
"路胡土爱割蛮","1","1","2"
"爱割蛮猛安人","1","1","2"
"河南统军司奏","1","1","2"
"南统军司奏请","1","1","2"
"宋吏部侍郎史","1","1","2"
"吏部侍郎史弥","1","1","2"
"部侍郎史弥远","1","1","2"
"侍郎史弥远定","1","1","2"
"郎史弥远定计","1","1","2"
"史弥远定计杀","1","1","2"
"弥远定计杀韩","1","1","2"
"礼部尚书张暐","2","0","2"
"睿宗庙讳改作","1","1","2"
"宗庙讳改作崇","1","1","2"
"庙讳改作崇字","1","1","2"
"左右请革上马","1","1","2"
"右请革上马突","1","1","2"
"请革上马突围","1","1","2"
"何面目见天子","1","1","2"
"中都路火鲁虎","1","1","2"
"都路火鲁虎必","1","1","2"
"路火鲁虎必剌","1","1","2"
"火鲁虎必剌猛","1","1","2"
"鲁虎必剌猛安","1","1","2"
"虎必剌猛安人","1","1","2"
"登皇统二年进","2","0","2"
"皇统二年进士","2","0","2"
"工部侍郎粘割","1","1","2"
"部侍郎粘割荆","1","1","2"
"侍郎粘割荆山","1","1","2"
"知开封府事温","1","1","2"
"开封府事温迪","1","1","2"
"封府事温迪罕","1","1","2"
"府事温迪罕二","1","1","2"
"事温迪罕二十","1","1","2"
"温迪罕二十等","1","1","2"
"迪罕二十等二","1","1","2"
"罕二十等二十","1","1","2"
"二十等二十六","1","1","2"
"十等二十六人","1","1","2"
"京路转运使赵","1","1","2"
"吏部侍郎赵伯","1","1","2"
"部侍郎赵伯成","1","1","2"
"刑部郎中姬世","1","1","2"
"部郎中姬世英","1","1","2"
"提举仓场使时","1","1","2"
"察御史完颜习","1","1","2"
"御史完颜习显","1","1","2"
"东京等路按察","1","1","2"
"京等路按察司","1","1","2"
"等路按察司事","1","1","2"
"正大二年二月","1","1","2"
"七言长诗笔势","1","1","2"
"言长诗笔势纵","1","1","2"
"长诗笔势纵放","1","1","2"
"才选直禁林者","1","1","2"
"选直禁林者首","1","1","2"
"直禁林者首尾","1","1","2"
"禁林者首尾十","1","1","2"
"林者首尾十年","1","1","2"
"中都路胡鲁土","1","1","2"
"都路胡鲁土猛","1","1","2"
"路胡鲁土猛安","1","1","2"
"胡鲁土猛安人","1","1","2"
"献祖纯烈定昭","1","1","2"
"祖纯烈定昭皇","1","1","2"
"纯烈定昭皇帝","1","1","2"
"景祖英烈惠桓","1","1","2"
"祖英烈惠桓皇","1","1","2"
"英烈惠桓皇帝","1","1","2"
"世祖神武圣肃","1","1","2"
"祖神武圣肃皇","1","1","2"
"神武圣肃皇帝","1","1","2"
"肃宗明睿穆宪","1","1","2"
"宗明睿穆宪皇","1","1","2"
"明睿穆宪皇帝","1","1","2"
"石土门伐敌库","2","0","2"
"土门伐敌库德","2","0","2"
"康宗献敏恭简","1","1","2"
"宗献敏恭简皇","1","1","2"
"献敏恭简皇帝","1","1","2"
"遣都统耶律讹","1","1","2"
"左副统萧乙薛","1","1","2"
"右副统耶律张","1","1","2"
"副统耶律张奴","1","1","2"
"都监萧谢佛留","1","1","2"
"九百奚部萧宝","1","1","2"
"节度使耶律慎","1","1","2"
"度使耶律慎思","1","1","2"
"州节度使田颢","1","1","2"
"隰州刺史杜师","1","1","2"
"州刺史杜师回","1","1","2"
"迁州刺史高永","1","1","2"
"州刺史高永福","1","1","2"
"润州刺史张成","1","1","2"
"运昭德定功睿","1","1","2"
"昭德定功睿神","1","1","2"
"德定功睿神庄","1","1","2"
"定功睿神庄孝","1","1","2"
"功睿神庄孝仁","1","1","2"
"睿神庄孝仁明","1","1","2"
"神庄孝仁明大","1","1","2"
"庄孝仁明大圣","1","1","2"
"孝仁明大圣武","1","1","2"
"仁明大圣武元","1","1","2"
"明大圣武元皇","1","1","2"
"杀都统张敦固","1","1","2"
"班勃极烈杲都","2","0","2"
"勃极烈杲都元","2","0","2"
"极烈杲都元帅","2","0","2"
"宗翰左副元帅","2","0","2"
"左副元帅先锋","1","1","2"
"经略使完颜希","1","1","2"
"略使完颜希尹","1","1","2"
"左金吾上将军","1","1","2"
"金吾上将军耶","1","1","2"
"吾上将军耶律","1","1","2"
"上将军耶律余","1","1","2"
"将军耶律余睹","1","1","2"
"张忠嗣权签南","1","1","2"
"忠嗣权签南京","1","1","2"
"嗣权签南京中","1","1","2"
"权签南京中书","1","1","2"
"签南京中书枢","1","1","2"
"南京中书枢密","1","1","2"
"京中书枢密院","1","1","2"
"中书枢密院事","1","1","2"
"鹘沙虎取平遥","2","0","2"
"铁骊突离剌同","1","1","2"
"骊突离剌同中","1","1","2"
"突离剌同中书","1","1","2"
"离剌同中书门","1","1","2"
"剌同中书门下","1","1","2"
"门下平章事时","1","1","2"
"下平章事时立","1","1","2"
"平章事时立爱","1","1","2"
"知枢密院张忠","1","1","2"
"枢密院张忠嗣","1","1","2"
"宣政殿大学士","1","1","2"
"国论勃极烈宗","1","1","2"
"论勃极烈宗干","1","1","2"
"国论左勃极烈","1","1","2"
"宗翰国论右勃","2","0","2"
"翰国论右勃极","2","0","2"
"泰州路戍边户","1","1","2"
"天辅三年己亥","1","1","2"
"辅三年己亥岁","1","1","2"
"太子少保高庆","1","1","2"
"子少保高庆裔","1","1","2"
"改封海滨王耶","1","1","2"
"封海滨王耶律","1","1","2"
"海滨王耶律延","1","1","2"
"滨王耶律延禧","1","1","2"
"大宗正事宗固","1","1","2"
"杀横海军节度","1","1","2"
"海军节度使田","1","1","2"
"左司郎中奚毅","1","1","2"
"翰林待制邢具","1","1","2"
"林待制邢具瞻","1","1","2"
"尚书左丞相宗","1","1","2"
"书左丞相宗贤","1","1","2"
"宗贤左副元帅","2","0","2"
"事亮尚书左丞","2","0","2"
"台尚书省事勖","1","1","2"
"判大宗正事充","1","1","2"
"大宗正事宗本","1","1","2"
"宗本尚书右丞","2","0","2"
"本尚书右丞相","2","0","2"
"南京留守宗贤","1","1","2"
"胙王妃撒卯入","1","1","2"
"王妃撒卯入宫","1","1","2"
"台尚书左丞温","1","1","2"
"尚书左丞温都","1","1","2"
"书左丞温都思","1","1","2"
"左丞温都思忠","1","1","2"
"左副元帅秉德","1","1","2"
"平章政事温都","1","1","2"
"章政事温都思","1","1","2"
"政事温都思忠","1","1","2"
"尚书左丞萧裕","1","1","2"
"礼部尚书萧玉","1","1","2"
"右副元帅大抃","2","0","2"
"台尚书省事张","1","1","2"
"尚书省事张中","1","1","2"
"书省事张中孚","1","1","2"
"元帅左监军昂","1","1","2"
"刑部尚书赵资","1","1","2"
"部尚书赵资福","1","1","2"
"太府少监刘景","1","1","2"
"参知政事张中","1","1","2"
"知政事张中孚","1","1","2"
"平章政事李德","1","1","2"
"章政事李德固","1","1","2"
"左宣徽使刘萼","1","1","2"
"工部尚书仆散","1","1","2"
"部尚书仆散师","1","1","2"
"尚书仆散师恭","1","1","2"
"西京路统军挞","1","1","2"
"京路统军挞懒","1","1","2"
"西北路招讨萧","1","1","2"
"北路招讨萧怀","1","1","2"
"路招讨萧怀忠","1","1","2"
"临潢府总管马","1","1","2"
"乌古迪烈司招","1","1","2"
"古迪烈司招讨","1","1","2"
"迪烈司招讨斜","1","1","2"
"烈司招讨斜野","1","1","2"
"司招讨斜野等","1","1","2"
"尚书右丞相萧","1","1","2"
"书右丞相萧裕","1","1","2"
"前御史中丞萧","1","1","2"
"御史中丞萧招","1","1","2"
"史中丞萧招折","1","1","2"
"博州同知遥设","1","1","2"
"州同知遥设等","1","1","2"
"侍郎白彦恭等","1","1","2"
"参知政事刘萼","1","1","2"
"吏部尚书蔡松","1","1","2"
"三省事温都思","1","1","2"
"省事温都思忠","1","1","2"
"右丞相仆散思","2","0","2"
"丞相仆散思恭","2","0","2"
"尚书左丞蔡松","1","1","2"
"书左丞蔡松年","1","1","2"
"参知政事纥石","1","1","2"
"知政事纥石烈","1","1","2"
"纥石烈良弼右","2","0","2"
"吏部尚书李通","1","1","2"
"副使徒单贞佩","1","1","2"
"使徒单贞佩刀","1","1","2"
"置左右骁骑都","1","1","2"
"左右骁骑都副","1","1","2"
"右骁骑都副指","1","1","2"
"骁骑都副指挥","1","1","2"
"骑都副指挥使","1","1","2"
"步军都副指挥","1","1","2"
"军都副指挥使","1","1","2"
"书枢密院事高","1","1","2"
"枢密院事高景","1","1","2"
"密院事高景山","1","1","2"
"院事高景山等","1","1","2"
"吏部尚书白彦","1","1","2"
"部尚书白彦恭","1","1","2"
"枢密副使纥石","1","1","2"
"密副使纥石烈","1","1","2"
"副使纥石烈志","1","1","2"
"武军节度使徒","1","1","2"
"节度使徒单贞","1","1","2"
"西蜀道徒单合","1","1","2"
"蜀道徒单合喜","1","1","2"
"道徒单合喜驻","1","1","2"
"例降封郑国公","1","1","2"
"前肇州防御使","1","1","2"
"肇州防御使神","1","1","2"
"州防御使神土","1","1","2"
"防御使神土懑","1","1","2"
"杀同知中都留","2","0","2"
"知中都留守事","1","1","2"
"中都留守事沙","1","1","2"
"都留守事沙离","1","1","2"
"称同知留守事","1","1","2"
"前劝农使移剌","1","1","2"
"劝农使蒲察莎","1","1","2"
"农使蒲察莎鲁","1","1","2"
"使蒲察莎鲁窝","1","1","2"
"蒲察莎鲁窝等","1","1","2"
"书左丞完颜守","1","1","2"
"参知政事孟浩","1","1","2"
"书枢密院事移","1","1","2"
"枢密院事移剌","1","1","2"
"密院事移剌子","1","1","2"
"院事移剌子敬","1","1","2"
"尚书右丞相徒","1","1","2"
"书右丞相徒单","1","1","2"
"右丞相徒单镒","1","1","2"
"丞相徒单镒进","1","1","2"
"海军节度使承","1","1","2"
"军节度使承晖","1","1","2"
"章政事徒单公","1","1","2"
"政事徒单公弼","1","1","2"
"事徒单公弼进","1","1","2"
"尚书右丞承晖","1","1","2"
"书右丞承晖进","1","1","2"
"左副元帅术虎","1","1","2"
"帅术虎高琪进","1","1","2"
"御史中丞孛术","1","1","2"
"史中丞孛术鲁","1","1","2"
"中丞孛术鲁德","1","1","2"
"丞孛术鲁德裕","1","1","2"
"南京转运司外","1","1","2"
"充辽东宣抚司","1","1","2"
"辽东宣抚司参","1","1","2"
"东宣抚司参谋","1","1","2"
"宣抚司参谋官","1","1","2"
"权参知政事乌","1","1","2"
"参知政事乌古","1","1","2"
"知政事乌古论","1","1","2"
"政事乌古论德","1","1","2"
"亳州管内观察","1","1","2"
"经略使奥屯丑","1","1","2"
"知归德府事完","1","1","2"
"归德府事完颜","1","1","2"
"德府事完颜仲","1","1","2"
"府事完颜仲元","1","1","2"
"知归德府完颜","1","1","2"
"归德府完颜伯","1","1","2"
"德府完颜伯嘉","1","1","2"
"府完颜伯嘉签","1","1","2"
"完颜伯嘉签枢","1","1","2"
"颜伯嘉签枢密","1","1","2"
"伯嘉签枢密院","1","1","2"
"嘉签枢密院事","1","1","2"
"史陈规等充河","1","1","2"
"陈规等充河南","1","1","2"
"规等充河南宣","1","1","2"
"等充河南宣差","1","1","2"
"充河南宣差安","1","1","2"
"河南宣差安抚","1","1","2"
"南宣差安抚捕","1","1","2"
"宣差安抚捕盗","1","1","2"
"差安抚捕盗官","1","1","2"
"世袭东平府路","1","1","2"
"袭东平府路三","1","1","2"
"东平府路三屯","1","1","2"
"平府路三屯猛","1","1","2"
"府路三屯猛安","1","1","2"
"尚书左丞胥鼎","1","1","2"
"书左丞胥鼎进","1","1","2"
"阳军节度使李","1","1","2"
"军节度使李革","1","1","2"
"尚书右丞蒲察","1","1","2"
"书右丞蒲察移","1","1","2"
"右丞蒲察移剌","1","1","2"
"丞蒲察移剌都","1","1","2"
"蒲察移剌都弃","1","1","2"
"察移剌都弃官","1","1","2"
"移剌都弃官擅","1","1","2"
"权参知政事张","1","1","2"
"政事张行信进","1","1","2"
"尚书左丞相都","2","0","2"
"书左丞相都元","2","0","2"
"都元帅仆散端","1","1","2"
"置南京流泉务","1","1","2"
"辽东行省完颜","1","1","2"
"东行省完颜阿","1","1","2"
"省完颜阿里孙","2","0","2"
"叛人伯德胡土","1","1","2"
"人伯德胡土所","1","1","2"
"伯德胡土所杀","1","1","2"
"元帅左监军蒲","1","1","2"
"帅左监军蒲察","1","1","2"
"左监军蒲察五","1","1","2"
"监军蒲察五斤","1","1","2"
"军蒲察五斤进","1","1","2"
"尚书杨云翼分","1","1","2"
"书杨云翼分道","1","1","2"
"杨云翼分道审","1","1","2"
"云翼分道审理","1","1","2"
"翼分道审理冤","1","1","2"
"京府节镇同知","1","1","2"
"枢密副使驸马","1","1","2"
"密副使驸马都","1","1","2"
"副使驸马都尉","1","1","2"
"使驸马都尉仆","1","1","2"
"驸马都尉仆散","1","1","2"
"马都尉仆散安","1","1","2"
"都尉仆散安贞","1","1","2"
"安贞左副元帅","2","0","2"
"书省元帅府事","1","1","2"
"安军节度使完","1","1","2"
"故行军副提控","1","1","2"
"行军副提控夹","1","1","2"
"军副提控夹古","1","1","2"
"副提控夹古吾","1","1","2"
"提控夹古吾典","1","1","2"
"骠骑上将军河","1","1","2"
"骑上将军河南","1","1","2"
"上将军河南路","1","1","2"
"将军河南路统","1","1","2"
"军河南路统军","1","1","2"
"南路统军使石","1","1","2"
"路统军使石盏","1","1","2"
"统军使石盏女","1","1","2"
"军使石盏女鲁","1","1","2"
"使石盏女鲁欢","1","1","2"
"行平凉元帅府","1","1","2"
"平凉元帅府事","1","1","2"
"西行尚书省胥","1","1","2"
"行尚书省胥鼎","1","1","2"
"尚书省胥鼎进","1","1","2"
"书省胥鼎进封","1","1","2"
"省胥鼎进封温","1","1","2"
"胥鼎进封温国","1","1","2"
"鼎进封温国公","1","1","2"
"权吏部侍郎蒲","1","1","2"
"吏部侍郎蒲察","1","1","2"
"部侍郎蒲察合","1","1","2"
"侍郎蒲察合住","1","1","2"
"郎蒲察合住改","1","1","2"
"左司员外郎泥","1","1","2"
"同知桢州军州","1","1","2"
"知桢州军州事","1","1","2"
"守汝州防御使","1","1","2"
"汝州防御使李","1","1","2"
"州防御使李蹊","1","1","2"
"尊皇后温敦氏","1","1","2"
"耀州刺史李兴","1","1","2"
"诏赐玉兔鹘带","1","1","2"
"移剌蒲阿率忠","1","1","2"
"剌蒲阿率忠孝","1","1","2"
"蒲阿率忠孝军","1","1","2"
"阿率忠孝军总","1","1","2"
"忠孝军一千骑","1","1","2"
"熙宗悼平皇后","1","1","2"
"累阶仪同三司","1","1","2"
"撒改国论勃极","2","0","2"
"改国论勃极烈","2","0","2"
"辞失阿买勃极","2","0","2"
"萨谋鲁入襄阳","2","0","2"
"拔离速入均州","2","0","2"
"邓州通判王彬","1","1","2"
"北京临潢提刑","1","1","2"
"京临潢提刑使","1","1","2"
"名宣头五十道","1","1","2"
"诸将镇守河北","1","1","2"
"邓州西四十里","1","1","2"
"彦宗擢进士乙","1","1","2"
"宗擢进士乙科","1","1","2"
"容州观察使曹","1","1","2"
"州观察使曹勋","1","1","2"
"观察使曹勋进","1","1","2"
"察使曹勋进誓","1","1","2"
"使曹勋进誓表","1","1","2"
"部罗火部族人","1","1","2"
"改授翰林学士","1","1","2"
"授翰林学士承","1","1","2"
"山东西路盆买","1","1","2"
"东西路盆买必","1","1","2"
"西路盆买必剌","1","1","2"
"路盆买必剌猛","1","1","2"
"盆买必剌猛安","1","1","2"
"海陵营建燕京","1","1","2"
"陵营建燕京宫","1","1","2"
"营建燕京宫室","1","1","2"
"骨睹犀具佩刀","1","1","2"
"上京速苏海水","1","1","2"
"京速苏海水人","1","1","2"
"西蜀道兵马都","1","1","2"
"蜀道兵马都统","1","1","2"
"远军节度使乌","1","1","2"
"节度使乌延吾","1","1","2"
"度使乌延吾里","1","1","2"
"使乌延吾里补","1","1","2"
"京兆少尹宗室","1","1","2"
"兆少尹宗室泥","1","1","2"
"少尹宗室泥河","1","1","2"
"恩州刺史完颜","1","1","2"
"州刺史完颜谋","1","1","2"
"刺史完颜谋良","1","1","2"
"史完颜谋良虎","1","1","2"
"末年登进士第","1","1","2"
"河北西路户籍","1","1","2"
"北西路户籍判","1","1","2"
"西路户籍判官","1","1","2"
"东京留守推官","1","1","2"
"河东南路户籍","1","1","2"
"东南路户籍判","1","1","2"
"南路户籍判官","1","1","2"
"上京纳鲁浑河","1","1","2"
"京纳鲁浑河人","1","1","2"
"迭剌部族节度","1","1","2"
"剌部族节度使","1","1","2"
"曷懒路都总管","1","1","2"
"行台吏部员外","1","1","2"
"台吏部员外郎","1","1","2"
"御史台劾奏刘","1","1","2"
"史台劾奏刘公","1","1","2"
"台劾奏刘公辅","1","1","2"
"曷懒路兵马都","1","1","2"
"懒路兵马都总","1","1","2"
"右丞张汝霖平","2","0","2"
"丞张汝霖平章","2","0","2"
"张汝霖平章政","2","0","2"
"汝霖平章政事","2","0","2"
"三转同判大睦","1","1","2"
"转同判大睦亲","1","1","2"
"同判大睦亲府","1","1","2"
"曲示包容矜轸","1","1","2"
"二十九年三月","1","1","2"
"大定三年孟崇","1","1","2"
"定三年孟崇献","1","1","2"
"三年孟崇献榜","1","1","2"
"年孟崇献榜下","1","1","2"
"孟崇献榜下进","1","1","2"
"崇献榜下进士","1","1","2"
"登正隆二年进","1","1","2"
"隆二年进士第","1","1","2"
"同知顺义军节","1","1","2"
"知顺义军节度","1","1","2"
"义军节度使事","1","1","2"
"莱州观察判官","1","1","2"
"中礼部策论进","1","1","2"
"礼部策论进士","1","1","2"
"部尚书张行简","1","1","2"
"尚书张行简奏","1","1","2"
"书张行简奏告","1","1","2"
"张行简奏告天","1","1","2"
"行简奏告天地","1","1","2"
"军都指挥使徒","1","1","2"
"都指挥使徒单","1","1","2"
"指挥使徒单镛","1","1","2"
"挥使徒单镛奏","1","1","2"
"使徒单镛奏告","1","1","2"
"徒单镛奏告太","1","1","2"
"单镛奏告太庙","1","1","2"
"按察司部分广","1","1","2"
"察司部分广阔","1","1","2"
"上京路移推临","1","1","2"
"京路移推临潢","1","1","2"
"路移推临潢路","1","1","2"
"北京留守司移","1","1","2"
"京留守司移推","1","1","2"
"留守司移推西","1","1","2"
"守司移推西北","1","1","2"
"司移推西北路","1","1","2"
"移推西北路招","1","1","2"
"推西北路招讨","1","1","2"
"洮州管内巡检","1","1","2"
"州管内巡检使","1","1","2"
"翰林直学士乔","1","1","2"
"林直学士乔宇","1","1","2"
"上京路速速保","1","1","2"
"京路速速保子","1","1","2"
"路速速保子猛","1","1","2"
"速速保子猛安","1","1","2"
"速保子猛安人","1","1","2"
"遣行军都统斡","1","1","2"
"行军都统斡勒","1","1","2"
"军都统斡勒叶","1","1","2"
"都统斡勒叶禄","1","1","2"
"统斡勒叶禄瓦","1","1","2"
"中都路迭鲁都","1","1","2"
"都路迭鲁都世","1","1","2"
"路迭鲁都世袭","1","1","2"
"迭鲁都世袭猛","1","1","2"
"鲁都世袭猛安","1","1","2"
"都世袭猛安蒲","1","1","2"
"世袭猛安蒲鲁","1","1","2"
"袭猛安蒲鲁吉","1","1","2"
"猛安蒲鲁吉必","1","1","2"
"安蒲鲁吉必剌","1","1","2"
"蒲鲁吉必剌谋","1","1","2"
"鲁吉必剌谋克","1","1","2"
"延应玄孙克构","1","1","2"
"启圣军节度使","1","1","2"
"知政事贾铉曰","2","0","2"
"太宗庙讳同音","1","1","2"
"宗庙讳同音字","1","1","2"
"睿宗庙讳上字","1","1","2"
"北东路转运都","1","1","2"
"东路转运都勾","1","1","2"
"陕西西路按察","1","1","2"
"西西路按察副","1","1","2"
"西路按察副使","1","1","2"
"行河北西路六","1","1","2"
"河北西路六部","1","1","2"
"北西路六部事","1","1","2"
"中都右警巡使","1","1","2"
"北京路提刑使","1","1","2"
"黎五族都管青","1","1","2"
"五族都管青觉","1","1","2"
"积石州章罗谒","1","1","2"
"石州章罗谒兰","1","1","2"
"州章罗谒兰冬","1","1","2"
"铎精族都管阿","1","1","2"
"精族都管阿令","1","1","2"
"族都管阿令结","1","1","2"
"兰州葩俄族都","1","1","2"
"州葩俄族都管","1","1","2"
"都管汪三郎等","1","1","2"
"滑州军事判官","1","1","2"
"顺义军节度判","1","1","2"
"义军节度判官","1","1","2"
"都转运司户籍","1","1","2"
"转运司户籍判","1","1","2"
"运司户籍判官","1","1","2"
"河北东路按察","1","1","2"
"北东路按察副","1","1","2"
"东路按察副使","1","1","2"
"中明昌五年进","2","0","2"
"昌五年进士第","2","0","2"
"登州军事判官","1","1","2"
"郭兴祖等四百","1","1","2"
"兴祖等四百九","1","1","2"
"祖等四百九十","1","1","2"
"等四百九十人","1","1","2"
"诏元帅左监军","2","0","2"
"乌古论庆寿将","2","0","2"
"督粮运救中都","1","1","2"
"沂州防御使仆","1","1","2"
"防御使仆散留","1","1","2"
"御使仆散留家","1","1","2"
"节度使完颜讹","1","1","2"
"度使完颜讹论","1","1","2"
"南京都转运使","1","1","2"
"京都转运使行","1","1","2"
"都转运使行六","1","1","2"
"转运使行六部","1","1","2"
"运使行六部事","1","1","2"
"使行六部事李","1","1","2"
"行六部事李特","1","1","2"
"六部事李特立","1","1","2"
"金安军节度副","1","1","2"
"安军节度副使","1","1","2"
"军节度副使纥","1","1","2"
"副使纥石烈蒲","1","1","2"
"使纥石烈蒲剌","1","1","2"
"大名路总管判","1","1","2"
"名路总管判官","1","1","2"
"路总管判官银","1","1","2"
"总管判官银术","1","1","2"
"潞州观察判官","1","1","2"
"中都商税副使","1","1","2"
"授泰定军节度","2","0","2"
"族兄徐州讥察","1","1","2"
"兄徐州讥察副","1","1","2"
"徐州讥察副使","1","1","2"
"州讥察副使僧","1","1","2"
"讥察副使僧喜","1","1","2"
"前汾州酒同监","1","1","2"
"汾州酒同监三","1","1","2"
"州酒同监三喜","1","1","2"
"前解州盐管勾","1","1","2"
"解州盐管勾添","1","1","2"
"州盐管勾添章","1","1","2"
"守兴平县监酒","1","1","2"
"兴平县监酒添","1","1","2"
"平县监酒添福","1","1","2"
"曷懒路泰申必","1","1","2"
"除兴平军节度","2","0","2"
"监军纥石烈执","1","1","2"
"军纥石烈执中","1","1","2"
"改户部员外郎","2","0","2"
"改陕西路宣抚","1","1","2"
"陕西路宣抚副","1","1","2"
"上京路牙塔懒","1","1","2"
"京路牙塔懒猛","1","1","2"
"路牙塔懒猛安","1","1","2"
"牙塔懒猛安人","1","1","2"
"行台工部郎中","1","1","2"
"同知汴京留守","1","1","2"
"知汴京留守事","1","1","2"
"隰州军事判官","1","1","2"
"陕西东路转运","1","1","2"
"西东路转运使","1","1","2"
"北京临潢府路","1","1","2"
"京临潢府路按","1","1","2"
"临潢府路按察","1","1","2"
"潢府路按察使","1","1","2"
"同知山东西路","1","1","2"
"知山东西路转","1","1","2"
"签河东路按察","1","1","2"
"河东路按察司","1","1","2"
"东路按察司事","1","1","2"
"冀州管内观察","1","1","2"
"改静难军节度","2","0","2"
"改知平阳府事","2","0","2"
"行京东路尚书","1","1","2"
"京东路尚书省","1","1","2"
"东路尚书省事","1","1","2"
"明昌五年词赋","2","0","2"
"昌五年词赋进","2","0","2"
"五年词赋进士","2","0","2"
"右司谏侍御史","2","0","2"
"陕西东路兵马","1","1","2"
"西东路兵马都","1","1","2"
"所著文集若干","1","1","2"
"著文集若干卷","1","1","2"
"岚州管内观察","1","1","2"
"巩州管内观察","1","1","2"
"平西军节度使","1","1","2"
"河州管内观察","1","1","2"
"鄜延路兵马都","2","0","2"
"明昌元年八月","1","1","2"
"西南等路招讨","1","1","2"
"南等路招讨使","1","1","2"
"陕州管内观察","1","1","2"
"枢密院经历官","1","1","2"
"永州桃园军失","1","1","2"
"州桃园军失利","1","1","2"
"官翰林直学士","2","0","2"
"降授郑州防御","2","0","2"
"郑州防御判官","1","1","2"
"山东东西路统","1","1","2"
"东东西路统军","1","1","2"
"东西路统军使","1","1","2"
"党经历官文绣","1","1","2"
"经历官文绣局","1","1","2"
"历官文绣局直","1","1","2"
"官文绣局直长","1","1","2"
"文绣局直长完","1","1","2"
"绣局直长完颜","1","1","2"
"提控宿直将军","1","1","2"
"控宿直将军蒲","1","1","2"
"宿直将军蒲察","1","1","2"
"直将军蒲察六","1","1","2"
"将军蒲察六斤","1","1","2"
"武卫军钤辖乌","1","1","2"
"卫军钤辖乌古","1","1","2"
"军钤辖乌古论","1","1","2"
"钤辖乌古论夺","1","1","2"
"辖乌古论夺剌","1","1","2"
"西北路契丹部","1","1","2"
"北路契丹部族","1","1","2"
"前安远大将军","1","1","2"
"安远大将军斡","1","1","2"
"远大将军斡里","1","1","2"
"大将军斡里袅","1","1","2"
"纥石烈志宁元","2","0","2"
"石烈志宁元帅","2","0","2"
"烈志宁元帅右","2","0","2"
"志宁元帅右监","2","0","2"
"宁元帅右监军","2","0","2"
"军完颜福寿召","1","1","2"
"咸平路总管完","1","1","2"
"平路总管完颜","1","1","2"
"路总管完颜兀","1","1","2"
"总管完颜兀带","1","1","2"
"前胡里改节度","1","1","2"
"胡里改节度使","1","1","2"
"里改节度使什","1","1","2"
"改节度使什温","1","1","2"
"辽宣徽北院使","1","1","2"
"辽东路提刑副","1","1","2"
"东路提刑副使","1","1","2"
"完颜部仆干水","1","1","2"
"渤海本同一家","2","0","2"
"始祖懿宪景元","1","1","2"
"祖懿宪景元皇","1","1","2"
"懿宪景元皇帝","1","1","2"
"渊穆玄德皇帝","1","1","2"
"叔父谢里忽知","1","1","2"
"昭祖耀武青岭","2","0","2"
"加古部人蒲虎","1","1","2"
"昭祖武惠成襄","1","1","2"
"祖武惠成襄皇","1","1","2"
"武惠成襄皇帝","1","1","2"
"辽太平元年辛","1","1","2"
"太平元年辛酉","1","1","2"
"平元年辛酉岁","1","1","2"
"元年辛酉岁生","1","1","2"
"辽使曷鲁林牙","2","0","2"
"山川道路险易","1","1","2"
"五国蒲聂部节","1","1","2"
"国蒲聂部节度","1","1","2"
"蒲聂部节度使","1","1","2"
"聂部节度使拔","1","1","2"
"部节度使拔乙","1","1","2"
"节度使拔乙门","1","1","2"
"度使拔乙门叛","1","1","2"
"辽人呼节度使","2","0","2"
"人呼节度使太","2","0","2"
"呼节度使太师","2","0","2"
"金人称都太师","1","1","2"
"神隐水完颜部","1","1","2"
"唐括氏生劾者","1","1","2"
"命劾者世祖同","2","0","2"
"加古部锻工乌","1","1","2"
"欲死附劾里钵","2","0","2"
"跋黑食爱妾父","2","0","2"
"黑食爱妾父家","2","0","2"
"先阵脱豁改原","2","0","2"
"弃车甲马牛军","1","1","2"
"前后所献罪人","2","0","2"
"窝谋罕弃城遁","2","0","2"
"大安八年五月","1","1","2"
"安八年五月十","1","1","2"
"八年五月十五","1","1","2"
"年五月十五日","1","1","2"
"麻产尚直屋铠","2","0","2"
"产尚直屋铠水","2","0","2"
"偏师伐泥厖古","2","0","2"
"师伐泥厖古部","2","0","2"
"古部帅水抹离","1","1","2"
"部帅水抹离海","1","1","2"
"帅水抹离海村","1","1","2"
"唐括部跋葛勃","1","1","2"
"括部跋葛勃堇","1","1","2"
"温都部人跋忒","1","1","2"
"徒笼古水纥石","1","1","2"
"笼古水纥石烈","1","1","2"
"古水纥石烈部","1","1","2"
"水纥石烈部阿","1","1","2"
"乌古论敌库德","1","1","2"
"定乙离骨岭注","1","1","2"
"乙离骨岭注阿","1","1","2"
"离骨岭注阿门","1","1","2"
"骨岭注阿门水","1","1","2"
"遣奚节度使乙","1","1","2"
"奚节度使乙烈","1","1","2"
"鳖故德部节度","1","1","2"
"故德部节度使","1","1","2"
"使阿离合懑献","2","0","2"
"阿离合懑献馘","2","0","2"
"离合懑献馘辽","2","0","2"
"十月二十九日","1","1","2"
"章顺孝平皇帝","1","1","2"
"乾统三年癸未","1","1","2"
"团练使十四人","1","1","2"
"筑九城曷懒甸","2","0","2"
"运昭德定功仁","1","1","2"
"昭德定功仁明","1","1","2"
"德定功仁明庄","1","1","2"
"定功仁明庄孝","1","1","2"
"功仁明庄孝大","1","1","2"
"仁明庄孝大圣","1","1","2"
"明庄孝大圣武","1","1","2"
"庄孝大圣武元","1","1","2"
"孝大圣武元皇","1","1","2"
"母曰翼简皇后","2","0","2"
"曰翼简皇后拏","2","0","2"
"翼简皇后拏懒","2","0","2"
"简皇后拏懒氏","2","0","2"
"曷鲁骚古统军","1","1","2"
"平边地部落城","1","1","2"
"边地部落城堡","1","1","2"
"里迷石罕城下","1","1","2"
"蒲家奴招诈都","2","0","2"
"结南江居人浑","1","1","2"
"南江居人浑都","1","1","2"
"江居人浑都仆","1","1","2"
"居人浑都仆速","1","1","2"
"障鹰官达鲁古","1","1","2"
"鹰官达鲁古部","1","1","2"
"达鲁古部实里","1","1","2"
"鲁古部实里馆","1","1","2"
"太祖进军宁江","1","1","2"
"祖进军宁江州","1","1","2"
"防御使大药师","1","1","2"
"御使大药师奴","1","1","2"
"鳖古酋长胡苏","1","1","2"
"古酋长胡苏鲁","1","1","2"
"甲士三千七百","1","1","2"
"铁骊王回离保","1","1","2"
"熙宗天眷二年","1","1","2"
"国论勃极烈撒","1","1","2"
"论勃极烈撒改","1","1","2"
"林牙萧查剌等","1","1","2"
"温迪罕迪忽迭","1","1","2"
"会咸州路都统","2","0","2"
"都统斡鲁古讨","1","1","2"
"猛安谋克一本","2","0","2"
"安谋克一本朝","2","0","2"
"谋克一本朝制","2","0","2"
"斡鲁南路都统","2","0","2"
"天辅元年正月","1","1","2"
"论昊勃极烈斜","1","1","2"
"完颜斡论知东","1","1","2"
"颜斡论知东京","1","1","2"
"斡论知东京事","1","1","2"
"登州防御使马","1","1","2"
"州防御使马政","1","1","2"
"双州节度使张","1","1","2"
"州节度使张崇","1","1","2"
"辽使耶律奴哥","2","0","2"
"咸州都统斡鲁","1","1","2"
"州都统斡鲁古","1","1","2"
"都统斡鲁古知","1","1","2"
"渤海大家奴等","1","1","2"
"海大家奴等六","1","1","2"
"大家奴等六谋","1","1","2"
"家奴等六谋克","1","1","2"
"达鲁古部勃堇","1","1","2"
"鲁古部勃堇辞","1","1","2"
"古部勃堇辞列","1","1","2"
"龙化州降者张","1","1","2"
"化州降者张应","1","1","2"
"州降者张应古","1","1","2"
"懿州节度使刘","1","1","2"
"州节度使刘宏","1","1","2"
"诏咸州路都统","2","0","2"
"州路都统司曰","2","0","2"
"遣太傅习泥烈","1","1","2"
"太傅习泥烈等","1","1","2"
"令咸州路统军","1","1","2"
"咸州路统军司","1","1","2"
"宋使赵良嗣等","1","1","2"
"烛隈水部实里","1","1","2"
"隈水部实里古","1","1","2"
"部实里古达等","1","1","2"
"路猛安谋克民","2","0","2"
"都统耶律余睹","1","1","2"
"统耶律余睹等","1","1","2"
"胡鲁勃极烈撒","1","1","2"
"鲁勃极烈撒改","1","1","2"
"诏谙版勃极烈","2","0","2"
"命昊勃极烈昱","1","1","2"
"内外诸军都统","1","1","2"
"故命汝率大军","2","0","2"
"礼乐仪仗图书","1","1","2"
"乐仪仗图书文","1","1","2"
"仪仗图书文籍","1","1","2"
"败辽奚王霞末","1","1","2"
"奚部西节度使","1","1","2"
"部西节度使讹","1","1","2"
"西节度使讹里","1","1","2"
"节度使讹里剌","1","1","2"
"分遣将士招降","2","0","2"
"遣将士招降山","2","0","2"
"士招降山前诸","2","0","2"
"招降山前诸部","2","0","2"
"获辽护卫耶律","2","0","2"
"辽护卫耶律习","2","0","2"
"知辽主猎鸳鸯","2","0","2"
"辽主猎鸳鸯泺","2","0","2"
"遣耨碗温都等","1","1","2"
"招讨使耶律佛","1","1","2"
"讨使耶律佛顶","1","1","2"
"西平二郡汉军","2","0","2"
"平二郡汉军四","2","0","2"
"二郡汉军四千","2","0","2"
"山西城邑诸部","1","1","2"
"上京汉人毛八","1","1","2"
"京汉人毛八十","1","1","2"
"汉人毛八十率","1","1","2"
"招抚沿海郡县","1","1","2"
"蔚州降臣翟昭","1","1","2"
"州降臣翟昭彦","1","1","2"
"先安抚山西诸","1","1","2"
"安抚山西诸部","1","1","2"
"知州事萧观宁","1","1","2"
"州事萧观宁等","1","1","2"
"统军都监高六","1","1","2"
"军都监高六等","1","1","2"
"知枢密院左企","1","1","2"
"枢密院左企弓","1","1","2"
"枢密使曹勇义","1","1","2"
"参知政事康公","1","1","2"
"知政事康公弼","1","1","2"
"佥书刘彦宗奉","1","1","2"
"书刘彦宗奉表","1","1","2"
"辽奚王回离保","1","1","2"
"辽平州节度使","1","1","2"
"平州节度使时","1","1","2"
"州节度使时立","1","1","2"
"节度使时立爱","1","1","2"
"中京都统斡论","1","1","2"
"诸州部族归附","1","1","2"
"君臣同心同德","1","1","2"
"壁龙门东二十","2","0","2"
"婆卢火监护长","1","1","2"
"卢火监护长胜","1","1","2"
"火监护长胜军","1","1","2"
"袭辽权六院司","2","0","2"
"辽权六院司喝","2","0","2"
"院司喝离质白","2","0","2"
"司喝离质白水","2","0","2"
"喝离质白水泺","2","0","2"
"辽主留辎重青","2","0","2"
"主留辎重青冢","2","0","2"
"获子赵王习泥","2","0","2"
"赵王习泥烈传","2","0","2"
"王习泥烈传国","2","0","2"
"习泥烈传国玺","2","0","2"
"南京留守张觉","1","1","2"
"奚路都统挞懒","1","1","2"
"路都统挞懒攻","1","1","2"
"勃极烈斡鲁副","2","0","2"
"极烈吴乞买率","1","1","2"
"谙班勃极烈皇","2","0","2"
"班勃极烈皇帝","2","0","2"
"勃极烈皇帝位","2","0","2"
"天会三年三月","1","1","2"
"天会十三年二","1","1","2"
"会十三年二月","1","1","2"
"十三年二月辛","1","1","2"
"三年二月辛酉","1","1","2"
"开天启祚睿德","1","1","2"
"天启祚睿德神","1","1","2"
"启祚睿德神功","1","1","2"
"太宗体元应运","1","1","2"
"宗体元应运世","1","1","2"
"命谙班勃极烈","2","0","2"
"天辅七年六月","1","1","2"
"南路军帅阇母","2","0","2"
"杲谙班勃极烈","2","0","2"
"年春正月庚戌","2","0","2"
"春正月庚戌朔","2","0","2"
"请勿割山西郡","2","0","2"
"勿割山西郡县","2","0","2"
"夏国奉表称藩","2","0","2"
"乙室耶剌部吐","1","1","2"
"室耶剌部吐禄","1","1","2"
"宗翰马七百匹","1","1","2"
"都勃堇完颜忠","1","1","2"
"诏谕南京官僚","1","1","2"
"具姓名官阶闻","2","0","2"
"奉先军节度使","1","1","2"
"宗翰经略西夏","1","1","2"
"宁江州户口卖","1","1","2"
"江州户口卖身","1","1","2"
"婆速路猛安仆","1","1","2"
"速路猛安仆卢","1","1","2"
"路猛安仆卢古","1","1","2"
"帅完颜忽剌古","1","1","2"
"完颜忽剌古等","1","1","2"
"昊勃极烈昱等","1","1","2"
"撒离改部猛安","1","1","2"
"离改部猛安雏","1","1","2"
"改部猛安雏思","1","1","2"
"六部都统挞懒","1","1","2"
"遥辇昭古牙率","1","1","2"
"合苏馆路孛堇","1","1","2"
"苏馆路孛堇完","1","1","2"
"馆路孛堇完颜","1","1","2"
"路孛堇完颜阿","1","1","2"
"西北两路权都","1","1","2"
"北两路权都统","1","1","2"
"两路权都统斡","1","1","2"
"路权都统斡鲁","1","1","2"
"杀节度使韩庆","1","1","2"
"节度使韩庆民","1","1","2"
"孛堇高居庆等","1","1","2"
"三年正月癸酉","2","0","2"
"年正月癸酉朔","2","0","2"
"知宣徽院事韩","1","1","2"
"宣徽院事韩资","1","1","2"
"徽院事韩资正","1","1","2"
"院事韩资正加","1","1","2"
"阿舍勃极烈谩","1","1","2"
"舍勃极烈谩都","1","1","2"
"勃极烈谩都诃","1","1","2"
"完颜娄室铁券","1","1","2"
"保州路都孛堇","1","1","2"
"州路都孛堇加","1","1","2"
"路都孛堇加古","1","1","2"
"都孛堇加古撒","1","1","2"
"孛堇加古撒曷","1","1","2"
"孛堇徒单乌烈","1","1","2"
"六部路军帅挞","1","1","2"
"部路军帅挞懒","1","1","2"
"挞懒六部路都","2","0","2"
"懒六部路都统","2","0","2"
"宗望南京路都","2","0","2"
"望南京路都统","2","0","2"
"彦宗汉军都统","2","0","2"
"耶鲁赴京师教","1","1","2"
"鲁赴京师教授","1","1","2"
"赴京师教授女","1","1","2"
"刘彦宗两军监","1","1","2"
"彦宗两军监战","1","1","2"
"年春正月丁卯","2","0","2"
"春正月丁卯朔","2","0","2"
"姚平仲兵四十","2","0","2"
"平仲兵四十万","2","0","2"
"仲兵四十万袭","2","0","2"
"姚古军隆州谷","2","0","2"
"高丽国王王楷","1","1","2"
"丽国王王楷奉","1","1","2"
"国王王楷奉表","1","1","2"
"铁勒部长夺离","1","1","2"
"勒部长夺离剌","1","1","2"
"宗翰太原趋汴","2","0","2"
"年正月辛卯朔","2","0","2"
"院事刘彦宗上","1","1","2"
"事刘彦宗上表","1","1","2"
"六部路都统挞","1","1","2"
"部路都统挞懒","1","1","2"
"重念民见城邑","2","0","2"
"念民见城邑残","2","0","2"
"民见城邑残者","2","0","2"
"若诸军敢利俘","2","0","2"
"诸军敢利俘掠","2","0","2"
"石州戍将乌虎","1","1","2"
"遣耶律居谨等","1","1","2"
"宗辅右副元帅","2","0","2"
"河东郡县职员","1","1","2"
"右监军完颜希","1","1","2"
"西南路都统斡","1","1","2"
"宋经制使傅亮","1","1","2"
"南路军帅实古","1","1","2"
"节度使完颜慎","1","1","2"
"度使完颜慎思","1","1","2"
"使完颜慎思所","1","1","2"
"州郡职员名称","1","1","2"
"西京留守韩企","1","1","2"
"京留守韩企先","1","1","2"
"留守韩企先同","1","1","2"
"守韩企先同中","1","1","2"
"韩企先同中书","1","1","2"
"企先同中书门","1","1","2"
"先同中书门下","1","1","2"
"麟府路安抚使","1","1","2"
"府路安抚使折","1","1","2"
"安抚使折求麟","2","0","2"
"尚书左仆射高","1","1","2"
"书左仆射高桢","1","1","2"
"曷苏馆都统司","1","1","2"
"苏馆都统司治","1","1","2"
"败宋枢密使周","1","1","2"
"宋枢密使周望","1","1","2"
"门下平章事韩","1","1","2"
"下平章事韩企","1","1","2"
"平章事韩企先","1","1","2"
"尚书左仆射侍","2","0","2"
"书左仆射侍中","2","0","2"
"统军使耶律曷","1","1","2"
"军使耶律曷礼","1","1","2"
"使耶律曷礼质","1","1","2"
"泰州都统婆卢","1","1","2"
"州都统婆卢火","1","1","2"
"都统婆卢火所","1","1","2"
"监战阿卢补请","1","1","2"
"皇子右副元帅","1","1","2"
"子右副元帅宗","1","1","2"
"宋泾原路统制","1","1","2"
"泾原路统制张","1","1","2"
"原路统制张中","1","1","2"
"路统制张中孚","1","1","2"
"知镇戎军李彦","1","1","2"
"镇戎军李彦琦","1","1","2"
"遥镇节度使乌","1","1","2"
"镇节度使乌克","1","1","2"
"节度使乌克寿","1","1","2"
"度使乌克寿等","1","1","2"
"遣鹘沙虎等十","1","1","2"
"鹘沙虎等十三","1","1","2"
"沙虎等十三人","1","1","2"
"元帅右都监耶","1","1","2"
"帅右都监耶律","1","1","2"
"右都监耶律余","1","1","2"
"都监耶律余睹","1","1","2"
"党燕京统军使","1","1","2"
"燕京统军使萧","1","1","2"
"京统军使萧高","1","1","2"
"统军使萧高六","1","1","2"
"军使萧高六伏","1","1","2"
"蔚州节度使萧","1","1","2"
"州节度使萧特","1","1","2"
"节度使萧特谋","1","1","2"
"度使萧特谋葛","1","1","2"
"取剑外十三州","1","1","2"
"部族节度使土","1","1","2"
"族节度使土古","1","1","2"
"节度使土古厮","1","1","2"
"度使土古厮捕","1","1","2"
"年正月辛亥朔","2","0","2"
"熙宗弘基缵武","1","1","2"
"宗弘基缵武庄","1","1","2"
"军完颜希尹入","1","1","2"
"完颜希尹入朝","1","1","2"
"左副元帅宗辅","1","1","2"
"尚书令宋国王","1","1","2"
"书令宋国王宗","1","1","2"
"令宋国王宗磐","1","1","2"
"四年正月己巳","2","0","2"
"上朝太皇太后","2","0","2"
"本朝军民诉讼","1","1","2"
"朝军民诉讼相","1","1","2"
"军民诉讼相关","1","1","2"
"高丽王生日使","1","1","2"
"朝太皇太后明","2","0","2"
"太皇太后明德","2","0","2"
"皇太后明德宫","2","0","2"
"尚书左丞高庆","1","1","2"
"书左丞高庆裔","1","1","2"
"元帅左监军挞","1","1","2"
"帅左监军挞懒","1","1","2"
"挞懒左副元帅","2","0","2"
"置行台尚书省","1","1","2"
"刘豫上表谢封","1","1","2"
"豫上表谢封爵","1","1","2"
"耶律绍文等编","1","1","2"
"天眷元年正月","1","1","2"
"少府监卢彦伦","1","1","2"
"府监卢彦伦营","1","1","2"
"监卢彦伦营建","1","1","2"
"卢彦伦营建宫","1","1","2"
"彦伦营建宫室","1","1","2"
"京留守宗隽朝","2","0","2"
"右司侍郎张通","1","1","2"
"司侍郎张通古","1","1","2"
"侍郎张通古等","1","1","2"
"权行台左丞相","1","1","2"
"御前管勾契丹","1","1","2"
"前管勾契丹文","1","1","2"
"管勾契丹文字","1","1","2"
"勾契丹文字李","1","1","2"
"契丹文字李德","1","1","2"
"丹文字李德固","1","1","2"
"子斛鲁补等十","1","1","2"
"斛鲁补等十三","1","1","2"
"鲁补等十三人","1","1","2"
"立贵妃裴满氏","1","1","2"
"年正月壬午朔","2","0","2"
"尹完颜希尹复","1","1","2"
"遣王伦等乞归","2","0","2"
"王伦等乞归父","2","0","2"
"伦等乞归父丧","2","0","2"
"等乞归父丧母","2","0","2"
"乞归父丧母韦","2","0","2"
"归父丧母韦氏","2","0","2"
"三年正月丁丑","2","0","2"
"蜀国公完颜银","1","1","2"
"国公完颜银术","1","1","2"
"子昭武大将军","1","1","2"
"都点检萧仲恭","1","1","2"
"萧仲恭尚书右","2","0","2"
"仲恭尚书右丞","2","0","2"
"前西京留守昂","1","1","2"
"尚书右丞相杜","1","1","2"
"书右丞相杜充","1","1","2"
"都元帅宗弼上","1","1","2"
"元帅左监军阿","1","1","2"
"帅左监军阿离","1","1","2"
"左监军阿离补","1","1","2"
"皇统元年正月","1","1","2"
"封平章政事昂","1","1","2"
"梁宋国王宗干","1","1","2"
"诏都元帅宗弼","2","0","2"
"台平章政事耶","1","1","2"
"平章政事耶律","1","1","2"
"章政事耶律晖","1","1","2"
"水郡公赵桓乞","1","1","2"
"绢二十五万两","2","0","2"
"宴群臣五云楼","2","0","2"
"天水郡公子俸","1","1","2"
"平章政事漆水","1","1","2"
"章政事漆水郡","1","1","2"
"政事漆水郡王","1","1","2"
"事漆水郡王昂","1","1","2"
"殿前都点检宗","1","1","2"
"前都点检宗宪","1","1","2"
"太皇太后唐括","1","1","2"
"皇太后唐括氏","1","1","2"
"上致祭太皇太","2","0","2"
"致祭太皇太后","2","0","2"
"薰风殿二十里","1","1","2"
"风殿二十里内","1","1","2"
"借贷饥民酬赏","1","1","2"
"右丞相韩企先","1","1","2"
"行台右丞相阿","1","1","2"
"台右丞相阿离","1","1","2"
"右丞相阿离补","1","1","2"
"遣粘割韩奴招","1","1","2"
"户部尚书宗礼","1","1","2"
"台尚书省事故","2","0","2"
"行台右丞相刘","1","1","2"
"台尚书省事奚","1","1","2"
"尚书省事奚宝","1","1","2"
"工部侍郎仆散","1","1","2"
"部侍郎仆散太","1","1","2"
"侍郎仆散太弯","1","1","2"
"部尚书秉德进","1","1","2"
"尚书左丞宗宪","1","1","2"
"哥鲁葛波古等","1","1","2"
"大理卿宗安等","1","1","2"
"遣参知政事秉","1","1","2"
"知政事秉德等","1","1","2"
"平章政事萧仲","1","1","2"
"章政事萧仲恭","1","1","2"
"都点检唐括辩","1","1","2"
"军都指挥使阿","1","1","2"
"都指挥使阿鲁","1","1","2"
"指挥使阿鲁带","1","1","2"
"尚书左丞相勖","1","1","2"
"行台左丞相萧","1","1","2"
"台左丞相萧仲","1","1","2"
"左丞相萧仲恭","1","1","2"
"左副元帅宗贤","1","1","2"
"右丞相萧仲恭","1","1","2"
"会宁牧唐括辩","1","1","2"
"利州榆林河水","1","1","2"
"州榆林河水上","1","1","2"
"翰林学士张钧","1","1","2"
"学士张钧草诏","2","0","2"
"武库署令耶律","1","1","2"
"库署令耶律八","1","1","2"
"署令耶律八斤","1","1","2"
"宿直将军萧荣","1","1","2"
"杖平章政事秉","2","0","2"
"杀左司郎中三","2","0","2"
"台尚书省事亮","1","1","2"
"御史大夫宗甫","1","1","2"
"杀北京留守胙","1","1","2"
"北京留守胙王","1","1","2"
"京留守胙王元","1","1","2"
"弟安武军节度","1","1","2"
"武军节度使查","1","1","2"
"军节度使查剌","1","1","2"
"左卫将军特思","1","1","2"
"杀皇后裴满氏","1","1","2"
"护卫十人长忽","1","1","2"
"卫十人长忽土","1","1","2"
"左丞相秉德等","1","1","2"
"大房山蓼香甸","1","1","2"
"增谥弘基缵武","1","1","2"
"谥弘基缵武庄","1","1","2"
"梁王宗弼军前","1","1","2"
"迁骠骑上将军","2","0","2"
"大理卿乌带谋","1","1","2"
"护卫将军特思","1","1","2"
"称皇弟按察大","2","0","2"
"护卫十人长仆","1","1","2"
"卫十人长仆散","1","1","2"
"十人长仆散忽","1","1","2"
"人长仆散忽土","1","1","2"
"镇南统军孛极","1","1","2"
"刑部尚书阿里","1","1","2"
"部尚书阿里等","1","1","2"
"尚书阿里等钱","1","1","2"
"都转运使刘麟","1","1","2"
"三省事萧仲恭","1","1","2"
"追谥皇考太师","1","1","2"
"谥皇考太师宪","1","1","2"
"皇考太师宪古","1","1","2"
"考太师宪古弘","1","1","2"
"太师宪古弘道","1","1","2"
"师宪古弘道文","1","1","2"
"宪古弘道文昭","1","1","2"
"古弘道文昭武","1","1","2"
"弘道文昭武烈","1","1","2"
"道文昭武烈章","1","1","2"
"文昭武烈章孝","1","1","2"
"昭武烈章孝睿","1","1","2"
"武烈章孝睿明","1","1","2"
"烈章孝睿明皇","1","1","2"
"章孝睿明皇帝","1","1","2"
"中京留守事萧","1","1","2"
"京留守事萧裕","1","1","2"
"使完颜思恭等","1","1","2"
"兵部尚书完颜","1","1","2"
"部尚书完颜元","1","1","2"
"尚书完颜元宜","1","1","2"
"书完颜元宜等","1","1","2"
"完颜元宜等充","1","1","2"
"等充贺宋生日","2","0","2"
"充贺宋生日使","2","0","2"
"法天膺运睿武","1","1","2"
"天膺运睿武宣","1","1","2"
"膺运睿武宣文","1","1","2"
"运睿武宣文大","1","1","2"
"睿武宣文大明","1","1","2"
"武宣文大明圣","1","1","2"
"宣文大明圣孝","1","1","2"
"文大明圣孝皇","1","1","2"
"大明圣孝皇帝","1","1","2"
"尚书左丞相唐","1","1","2"
"书左丞相唐括","1","1","2"
"左丞相唐括辩","1","1","2"
"判大宗正府事","1","1","2"
"大宗正府事宗","1","1","2"
"宗正府事宗美","1","1","2"
"台尚书省事秉","1","1","2"
"尚书省事秉德","1","1","2"
"周宋国王宗翰","1","1","2"
"尚书省译史萧","1","1","2"
"书省译史萧玉","1","1","2"
"右丞温都思忠","1","1","2"
"参知政事刘麟","1","1","2"
"殿前左副点检","1","1","2"
"前左副点检仆","1","1","2"
"左副点检仆散","1","1","2"
"副点检仆散忽","1","1","2"
"点检仆散忽土","1","1","2"
"夏国遣使贺位","2","0","2"
"立惠妃徒单氏","1","1","2"
"妃徒单氏皇后","2","0","2"
"太皇太妃萧氏","1","1","2"
"杀行台左丞相","1","1","2"
"平章政事宗义","1","1","2"
"前工部尚书谋","1","1","2"
"工部尚书谋里","1","1","2"
"部尚书谋里野","1","1","2"
"尚书右丞相刘","1","1","2"
"会宁牧徒单恭","1","1","2"
"尚书左丞刘麟","1","1","2"
"右丞完颜思恭","1","1","2"
"政事张浩尚书","2","0","2"
"事张浩尚书右","2","0","2"
"张浩尚书右丞","2","0","2"
"台尚书左丞张","1","1","2"
"尚书左丞张通","1","1","2"
"书左丞张通古","1","1","2"
"定袭封衍圣公","1","1","2"
"袭封衍圣公俸","1","1","2"
"元帅府枢密院","2","0","2"
"参知政事萧玉","1","1","2"
"翰林学士刘长","1","1","2"
"林学士刘长言","1","1","2"
"学士刘长言等","1","1","2"
"尚书右丞张浩","1","1","2"
"德军节度使阿","1","1","2"
"军节度使阿鲁","1","1","2"
"节度使阿鲁补","1","1","2"
"杀太府监完颜","1","1","2"
"东京路兵马都","1","1","2"
"京路兵马都总","1","1","2"
"兵马都总管府","1","1","2"
"马都总管府判","1","1","2"
"都总管府判官","1","1","2"
"总管府判官萧","1","1","2"
"管府判官萧子","1","1","2"
"府判官萧子敏","1","1","2"
"杀兰子山猛安","1","1","2"
"兰子山猛安萧","1","1","2"
"子山猛安萧拱","1","1","2"
"寿宁县主徐辇","1","1","2"
"义军节度使萧","1","1","2"
"军节度使萧仲","1","1","2"
"节度使萧仲宣","1","1","2"
"刑部尚书田秀","1","1","2"
"部尚书田秀颖","1","1","2"
"尚书田秀颖等","1","1","2"
"权楚底部猛安","1","1","2"
"军节度使乌带","1","1","2"
"尚书右丞相大","1","1","2"
"都水使者完颜","1","1","2"
"水使者完颜麻","1","1","2"
"使者完颜麻泼","1","1","2"
"吏部郎中萧中","1","1","2"
"部郎中萧中立","1","1","2"
"夫平章政事徒","1","1","2"
"咸平尹李德固","1","1","2"
"前平章政事徒","1","1","2"
"汴京路都转运","1","1","2"
"路都转运使左","1","1","2"
"都转运使左瀛","1","1","2"
"转运使左瀛等","1","1","2"
"中京留守高桢","1","1","2"
"高桢御史大夫","2","0","2"
"右宣徽使纥石","1","1","2"
"宣徽使纥石烈","1","1","2"
"徽使纥石烈撒","1","1","2"
"使纥石烈撒合","1","1","2"
"纥石烈撒合辇","1","1","2"
"石烈撒合辇等","1","1","2"
"特封唐括定哥","1","1","2"
"弟西京留守蒲","1","1","2"
"西京留守蒲家","1","1","2"
"西京兵马完颜","1","1","2"
"京兵马完颜谟","1","1","2"
"兵马完颜谟卢","1","1","2"
"马完颜谟卢瓦","1","1","2"
"编修官圆福奴","1","1","2"
"国军节度使耶","1","1","2"
"军节度使耶律","1","1","2"
"节度使耶律恕","1","1","2"
"中都路捕射獐","1","1","2"
"都路捕射獐兔","1","1","2"
"户部尚书蔡松","1","1","2"
"尚书蔡松年等","1","1","2"
"左丞相耨碗温","1","1","2"
"丞相耨碗温都","1","1","2"
"相耨碗温都思","1","1","2"
"特赐贵妃唐括","1","1","2"
"赐贵妃唐括定","1","1","2"
"家奴孙梅进士","1","1","2"
"书枢密院事南","1","1","2"
"枢密院事南撒","1","1","2"
"皇叔曹国王宗","1","1","2"
"叔曹国王宗敏","1","1","2"
"平章政事张浩","1","1","2"
"尚书右丞萧玉","1","1","2"
"前河南路统军","1","1","2"
"南路统军使张","1","1","2"
"北路招讨使萧","1","1","2"
"文引印造库使","1","1","2"
"知政事耶律恕","1","1","2"
"太傅温都思忠","1","1","2"
"平章政事张通","1","1","2"
"章政事张通古","1","1","2"
"判东京留守大","1","1","2"
"尚书左丞张中","1","1","2"
"书左丞张中孚","1","1","2"
"大房山云峰寺","1","1","2"
"左司郎中李通","1","1","2"
"判大宗正事京","1","1","2"
"大宗正事京等","1","1","2"
"命右丞相仆散","1","1","2"
"大宗正丞胡拔","1","1","2"
"宗正丞胡拔鲁","1","1","2"
"永寿宫皇太后","1","1","2"
"提举营造官吏","1","1","2"
"举营造官吏部","1","1","2"
"营造官吏部尚","1","1","2"
"造官吏部尚书","1","1","2"
"官吏部尚书耶","1","1","2"
"书耶律安礼等","1","1","2"
"遣平章政事萧","1","1","2"
"同知宣徽事乌","1","1","2"
"知宣徽事乌居","1","1","2"
"宣徽事乌居仁","1","1","2"
"殿前都点检纳","1","1","2"
"前都点检纳合","1","1","2"
"都点检纳合椿","1","1","2"
"点检纳合椿年","1","1","2"
"纳合椿年参知","2","0","2"
"合椿年参知政","2","0","2"
"椿年参知政事","2","0","2"
"左右持杖二束","1","1","2"
"奉安太庙神主","1","1","2"
"林学士承旨耶","1","1","2"
"学士承旨耶律","1","1","2"
"士承旨耶律归","1","1","2"
"承旨耶律归一","1","1","2"
"旨耶律归一等","1","1","2"
"诏内外大小职","2","0","2"
"内外大小职官","2","0","2"
"正隆元年正月","1","1","2"
"圣文神武皇帝","1","1","2"
"召左右司郎中","2","0","2"
"左右司郎中省","1","1","2"
"参知政事蔡松","1","1","2"
"知政事蔡松年","1","1","2"
"枢密副使萧怀","1","1","2"
"密副使萧怀忠","1","1","2"
"寺僧绢五百匹","1","1","2"
"徽使敬嗣晖等","1","1","2"
"尚书右丞蔡松","1","1","2"
"书右丞蔡松年","1","1","2"
"枢密副使耶律","1","1","2"
"密副使耶律安","1","1","2"
"副使耶律安礼","1","1","2"
"马都尉乌古论","1","1","2"
"御史中丞马讽","1","1","2"
"史中丞马讽等","1","1","2"
"二月八日迎佛","1","1","2"
"二年正月戊辰","2","0","2"
"年正月戊辰朔","2","0","2"
"工部侍郎韩锡","1","1","2"
"部侍郎韩锡同","1","1","2"
"侍郎韩锡同知","1","1","2"
"郎韩锡同知宣","1","1","2"
"韩锡同知宣徽","1","1","2"
"锡同知宣徽院","1","1","2"
"定太庙时享牲","1","1","2"
"太庙时享牲牢","1","1","2"
"庙时享牲牢礼","1","1","2"
"时享牲牢礼仪","1","1","2"
"追降景宣皇帝","1","1","2"
"书宣徽院事张","1","1","2"
"宿直将军温敦","1","1","2"
"直将军温敦斡","1","1","2"
"将军温敦斡喝","1","1","2"
"参知政事纳合","1","1","2"
"知政事纳合椿","1","1","2"
"政事纳合椿年","1","1","2"
"礼部尚书耶律","1","1","2"
"部尚书耶律守","1","1","2"
"尚书耶律守素","1","1","2"
"书耶律守素等","1","1","2"
"直将军仆散乌","1","1","2"
"将军仆散乌里","1","1","2"
"军仆散乌里黑","1","1","2"
"置龙翔虎步军","1","1","2"
"尚书省文资令","1","1","2"
"书省文资令史","1","1","2"
"侍卫亲军副指","1","1","2"
"卫亲军副指挥","1","1","2"
"亲军副指挥使","1","1","2"
"军副指挥使高","1","1","2"
"副指挥使高助","1","1","2"
"军都指挥使纥","1","1","2"
"都指挥使纥石","1","1","2"
"指挥使纥石烈","1","1","2"
"挥使纥石烈良","1","1","2"
"使纥石烈良弼","1","1","2"
"太医副使谢友","1","1","2"
"医副使谢友正","1","1","2"
"右谏议大夫杨","1","1","2"
"谏议大夫杨伯","1","1","2"
"议大夫杨伯雄","1","1","2"
"部尚书萧恭等","1","1","2"
"北京留守张晖","1","1","2"
"宿直将军阿鲁","1","1","2"
"直将军阿鲁保","1","1","2"
"教坊提点高存","1","1","2"
"坊提点高存福","1","1","2"
"遣吏部尚书李","1","1","2"
"付御史台理问","1","1","2"
"尚书苏保衡等","1","1","2"
"尚书左丞耶律","1","1","2"
"书左丞耶律安","1","1","2"
"左丞耶律安礼","1","1","2"
"枢密副使张晖","1","1","2"
"定私相越境法","1","1","2"
"遣兵部尚书萧","1","1","2"
"经画夏国边界","2","0","2"
"毕括两营兵士","1","1","2"
"尚书左丞张晖","1","1","2"
"御史大夫许霖","1","1","2"
"尚书右丞相蔡","1","1","2"
"书右丞相蔡松","1","1","2"
"右丞相蔡松年","1","1","2"
"翰林待制完颜","1","1","2"
"林待制完颜达","1","1","2"
"待制完颜达纪","1","1","2"
"将军加古挞懒","1","1","2"
"林侍讲学士施","1","1","2"
"侍讲学士施宜","1","1","2"
"讲学士施宜生","1","1","2"
"学士施宜生等","1","1","2"
"左副点检大怀","1","1","2"
"副点检大怀忠","1","1","2"
"点检大怀忠等","1","1","2"
"太医使祁宰上","1","1","2"
"医使祁宰上疏","1","1","2"
"使祁宰上疏谏","1","1","2"
"遣引进使高植","1","1","2"
"刑部郎中海狗","1","1","2"
"部郎中海狗分","1","1","2"
"郎中海狗分道","1","1","2"
"中海狗分道监","1","1","2"
"海狗分道监视","1","1","2"
"狗分道监视所","1","1","2"
"东海县民张旺","1","1","2"
"遣都水监徐文","1","1","2"
"步军指挥使张","1","1","2"
"军指挥使张弘","1","1","2"
"指挥使张弘信","1","1","2"
"同知大兴尹事","1","1","2"
"知大兴尹事李","1","1","2"
"大兴尹事李惟","1","1","2"
"兴尹事李惟忠","1","1","2"
"司徒判大宗正","1","1","2"
"徒判大宗正事","1","1","2"
"判大宗正事萧","1","1","2"
"大宗正事萧玉","1","1","2"
"军节度使致仕","2","0","2"
"昭妃蒲察阿里","1","1","2"
"妃蒲察阿里忽","1","1","2"
"宿州防御使耶","1","1","2"
"州防御使耶律","1","1","2"
"防御使耶律翼","1","1","2"
"太子少保徒单","1","1","2"
"子少保徒单永","1","1","2"
"少保徒单永年","1","1","2"
"遣护卫完颜普","1","1","2"
"护卫完颜普连","1","1","2"
"卫完颜普连等","1","1","2"
"完颜普连等二","1","1","2"
"颜普连等二十","1","1","2"
"普连等二十四","1","1","2"
"连等二十四人","1","1","2"
"济南尹仆散乌","2","0","2"
"南尹仆散乌者","2","0","2"
"尹仆散乌者等","1","1","2"
"尚书右丞刘长","1","1","2"
"书右丞刘长言","1","1","2"
"判大宗正徒单","1","1","2"
"大宗正徒单贞","1","1","2"
"吾卫上将军阿","1","1","2"
"卫上将军阿速","1","1","2"
"上将军阿速饮","1","1","2"
"将军阿速饮酒","1","1","2"
"御史大夫萧玉","1","1","2"
"密副使徒单永","1","1","2"
"副使徒单永年","1","1","2"
"点检纥石烈志","1","1","2"
"检纥石烈志宁","1","1","2"
"纥石烈志宁枢","2","0","2"
"石烈志宁枢密","2","0","2"
"杀蒲察阿虎迭","1","1","2"
"南京兵马副都","1","1","2"
"京兵马副都指","1","1","2"
"兵马副都指挥","1","1","2"
"马副都指挥使","1","1","2"
"副都指挥使习","1","1","2"
"都指挥使习泥","1","1","2"
"指挥使习泥烈","1","1","2"
"尚书令耨碗温","1","1","2"
"书令耨碗温都","1","1","2"
"令耨碗温都思","1","1","2"
"遣右卫将军萧","1","1","2"
"将军萧秃剌等","1","1","2"
"留守萧怀忠将","2","0","2"
"守萧怀忠将兵","2","0","2"
"萧怀忠将兵一","2","0","2"
"怀忠将兵一万","2","0","2"
"千户谋克钱帛","1","1","2"
"遣都点检耶律","1","1","2"
"都点检耶律湛","1","1","2"
"枢密副使白彦","1","1","2"
"密副使白彦恭","1","1","2"
"白彦恭北面兵","2","0","2"
"彦恭北面兵马","2","0","2"
"恭北面兵马都","2","0","2"
"尹纥石烈志宁","1","1","2"
"纥石烈志宁副","2","0","2"
"中都留守完颜","1","1","2"
"都留守完颜彀","1","1","2"
"颜彀英西北面","2","0","2"
"彀英西北面兵","2","0","2"
"英西北面兵马","2","0","2"
"弑皇太后徒单","2","0","2"
"护卫十人长斡","1","1","2"
"卫十人长斡卢","1","1","2"
"十人长斡卢保","1","1","2"
"太常博士张崇","1","1","2"
"判大宗正事昂","1","1","2"
"前寿州刺史毛","1","1","2"
"寿州刺史毛良","1","1","2"
"州刺史毛良虎","1","1","2"
"三十二总管兵","1","1","2"
"判大宗正乌延","1","1","2"
"大宗正乌延蒲","1","1","2"
"宗正乌延蒲卢","1","1","2"
"正乌延蒲卢浑","1","1","2"
"御史大夫徒单","1","1","2"
"史大夫徒单贞","1","1","2"
"判大宗正事徒","1","1","2"
"大宗正事徒单","1","1","2"
"宗正事徒单永","1","1","2"
"正事徒单永年","1","1","2"
"浙东道水军都","1","1","2"
"东道水军都统","1","1","2"
"道水军都统制","1","1","2"
"汉南道行营兵","1","1","2"
"南道行营兵马","1","1","2"
"西蜀道行营兵","1","1","2"
"蜀道行营兵马","1","1","2"
"平阳尹张中彦","1","1","2"
"政事敬嗣晖留","1","1","2"
"东京留守曹国","1","1","2"
"京留守曹国公","1","1","2"
"留守曹国公乌","1","1","2"
"守曹国公乌禄","1","1","2"
"捷军副总管阿","1","1","2"
"军副总管阿散","1","1","2"
"副总管阿散率","1","1","2"
"浙东道苏保衡","1","1","2"
"劝农使完颜元","1","1","2"
"农使完颜元宜","1","1","2"
"浙西道兵马都","1","1","2"
"西道兵马都统","1","1","2"
"道兵马都统制","1","1","2"
"刑部尚书郭安","1","1","2"
"部尚书郭安国","1","1","2"
"遣武平总管阿","1","1","2"
"武平总管阿邻","1","1","2"
"平总管阿邻先","1","1","2"
"总管阿邻先渡","1","1","2"
"浙西兵马都统","1","1","2"
"西兵马都统制","1","1","2"
"兵马都统制完","1","1","2"
"马都统制完颜","1","1","2"
"都统制完颜元","1","1","2"
"统制完颜元宜","1","1","2"
"制完颜元宜等","1","1","2"
"大房山鹿门谷","1","1","2"
"房山鹿门谷诸","1","1","2"
"山鹿门谷诸王","1","1","2"
"山陵西南四十","1","1","2"
"陵西南四十里","1","1","2"
"世宗光天兴运","1","1","2"
"宗光天兴运文","1","1","2"
"贞懿皇后李氏","1","1","2"
"兴中少尹李石","1","1","2"
"婆速路总管完","1","1","2"
"速路总管完颜","1","1","2"
"路总管完颜谋","1","1","2"
"平定知军李蒲","1","1","2"
"定知军李蒲速","1","1","2"
"南征万户完颜","1","1","2"
"征万户完颜福","1","1","2"
"万户完颜福寿","1","1","2"
"速频等路南伐","1","1","2"
"西北面行营都","1","1","2"
"面行营都统完","1","1","2"
"行营都统完颜","1","1","2"
"营都统完颜彀","1","1","2"
"都统完颜彀英","1","1","2"
"内府金银器物","1","1","2"
"诏谕南京太傅","1","1","2"
"平军节度使张","1","1","2"
"军节度使张玄","1","1","2"
"节度使张玄素","1","1","2"
"户部尚书李石","1","1","2"
"右司员外郎完","1","1","2"
"遣权元帅左都","1","1","2"
"帅左都监吾札","1","1","2"
"左都监吾札忽","1","1","2"
"右都监神土懑","1","1","2"
"尹仆散浑坦讨","1","1","2"
"仁明圣孝皇帝","1","1","2"
"贞懿皇后园陵","1","1","2"
"中都留守宗宪","1","1","2"
"都留守宗宪先","1","1","2"
"面行营都统白","1","1","2"
"行营都统白彦","1","1","2"
"营都统白彦敬","1","1","2"
"南京留守北面","1","1","2"
"京留守北面行","1","1","2"
"留守北面行营","1","1","2"
"守北面行营副","1","1","2"
"监军高忠建等","1","1","2"
"高忠建等报谕","2","0","2"
"忠建等报谕宋","2","0","2"
"同知河间尹高","1","1","2"
"知河间尹高昌","1","1","2"
"河间尹高昌福","1","1","2"
"间尹高昌福上","1","1","2"
"尹高昌福上书","1","1","2"
"高昌福上书陈","1","1","2"
"帅完颜彀英规","1","1","2"
"副统完颜布辉","1","1","2"
"猛安谋克甲士","1","1","2"
"遣左副点检蒲","1","1","2"
"左副点检蒲察","1","1","2"
"副点检蒲察阿","1","1","2"
"点检蒲察阿孛","1","1","2"
"检蒲察阿孛罕","1","1","2"
"蒲察阿孛罕等","1","1","2"
"前工部尚书苏","1","1","2"
"太子少保高思","1","1","2"
"子少保高思廉","1","1","2"
"行纳粟补官法","1","1","2"
"遣右副元帅完","1","1","2"
"陕西等路征南","1","1","2"
"西等路征南步","1","1","2"
"等路征南步军","1","1","2"
"兵部尚书阿邻","1","1","2"
"前翰林待制大","1","1","2"
"翰林待制大颖","1","1","2"
"前户部尚书梁","1","1","2"
"户部郎中耶律","1","1","2"
"部郎中耶律道","1","1","2"
"安抚山东百姓","1","1","2"
"遣辽阳主簿石","1","1","2"
"辽阳主簿石抹","1","1","2"
"阳主簿石抹移","1","1","2"
"主簿石抹移迭","1","1","2"
"院都监移剌葛","1","1","2"
"都监移剌葛补","1","1","2"
"石烈志宁所害","1","1","2"
"御史大夫移剌","1","1","2"
"史大夫移剌元","1","1","2"
"大夫移剌元宜","1","1","2"
"定世袭猛安谋","1","1","2"
"袭猛安谋克迁","1","1","2"
"猛安谋克迁授","1","1","2"
"安谋克迁授格","1","1","2"
"军大都督奔睹","1","1","2"
"嵩州刺史石抹","1","1","2"
"州刺史石抹术","1","1","2"
"刺史石抹术突","1","1","2"
"郑州防御使蒲","1","1","2"
"泽州刺史特末","1","1","2"
"州刺史特末哥","1","1","2"
"诏平章政事移","2","0","2"
"事移剌元宜泰","2","0","2"
"移剌元宜泰州","2","0","2"
"书兵部侍郎温","1","1","2"
"兵部侍郎温敦","1","1","2"
"部侍郎温敦术","1","1","2"
"侍郎温敦术突","1","1","2"
"郎温敦术突剌","1","1","2"
"温敦术突剌等","1","1","2"
"参知政事独吉","1","1","2"
"知政事独吉义","1","1","2"
"败宋将吴璘德","2","0","2"
"宋将吴璘德顺","2","0","2"
"将吴璘德顺州","2","0","2"
"帅完颜谋衍等","1","1","2"
"速馆节度使白","1","1","2"
"馆节度使白彦","1","1","2"
"节度使白彦敬","1","1","2"
"遣元帅左监军","1","1","2"
"监军高忠建会","1","1","2"
"海军节度使纥","1","1","2"
"军节度使纥石","1","1","2"
"军万户裴满按","1","1","2"
"万户裴满按剌","1","1","2"
"大夫白彦敬西","2","0","2"
"夫白彦敬西北","2","0","2"
"义平章政事右","2","0","2"
"古北口讥察契","2","0","2"
"北口讥察契丹","2","0","2"
"口讥察契丹奸","2","0","2"
"讥察契丹奸细","2","0","2"
"捕获者加官赏","2","0","2"
"南京留守纥石","1","1","2"
"京留守纥石烈","1","1","2"
"留守纥石烈良","1","1","2"
"守纥石烈良弼","1","1","2"
"纥石烈良弼尚","2","0","2"
"石烈良弼尚书","2","0","2"
"烈良弼尚书右","2","0","2"
"良弼尚书右丞","2","0","2"
"速频军士术里","1","1","2"
"频军士术里古","1","1","2"
"军士术里古等","1","1","2"
"尚书左丞相晏","1","1","2"
"赴北京都统府","1","1","2"
"奚抹白谋克徐","1","1","2"
"抹白谋克徐列","1","1","2"
"白谋克徐列等","1","1","2"
"宗正事完颜谋","1","1","2"
"正事完颜谋衍","1","1","2"
"事完颜谋衍等","1","1","2"
"正隆专任独见","2","0","2"
"留守赜等家亲","1","1","2"
"守赜等家亲属","1","1","2"
"左谏议大夫石","1","1","2"
"谏议大夫石琚","1","1","2"
"监察御史冯仲","1","1","2"
"左司员外郎完","1","1","2"
"员外郎完颜正","1","1","2"
"外郎完颜正臣","1","1","2"
"改葬睿宗皇帝","1","1","2"
"完颜思敬右副","1","1","2"
"颜思敬右副元","1","1","2"
"思敬右副元帅","1","1","2"
"军徒单合喜等","1","1","2"
"败宋兵德顺州","2","0","2"
"南统军使宗尹","1","1","2"
"谒睿宗皇帝梓","1","1","2"
"帅仆散忠义等","1","1","2"
"仆散忠义尚书","2","0","2"
"监军纥石烈志","1","1","2"
"军纥石烈志宁","1","1","2"
"华州防御使蒲","1","1","2"
"相仆散忠义伐","2","0","2"
"遣尚书刑部侍","1","1","2"
"书刑部侍郎刘","1","1","2"
"刑部侍郎刘仲","1","1","2"
"部侍郎刘仲渊","1","1","2"
"侍郎刘仲渊等","1","1","2"
"年正月壬辰朔","2","0","2"
"遣客省使乌居","1","1","2"
"客省使乌居仁","1","1","2"
"太子少詹事杨","1","1","2"
"子少詹事杨伯","1","1","2"
"少詹事杨伯雄","1","1","2"
"詹事杨伯雄等","1","1","2"
"侍郎魏子平等","1","1","2"
"郎魏子平等九","1","1","2"
"魏子平等九人","1","1","2"
"章政事完颜彀","1","1","2"
"政事完颜彀英","1","1","2"
"参知政事李石","1","1","2"
"山西路猛安谋","1","1","2"
"西路猛安谋克","1","1","2"
"路猛安谋克贫","1","1","2"
"猛安谋克贫民","1","1","2"
"宋人攻破灵璧","1","1","2"
"太子詹事完颜","1","1","2"
"子詹事完颜守","1","1","2"
"詹事完颜守道","1","1","2"
"河南路都统奚","1","1","2"
"南路都统奚挞","1","1","2"
"都统奚挞叛入","2","0","2"
"统奚挞叛入宋","2","0","2"
"宋人攻破宿州","1","1","2"
"契丹余党蒲速","1","1","2"
"丹余党蒲速越","1","1","2"
"余党蒲速越等","1","1","2"
"志宁复取宿州","2","0","2"
"河南副统孛术","1","1","2"
"南副统孛术鲁","1","1","2"
"副统孛术鲁定","1","1","2"
"统孛术鲁定方","1","1","2"
"诏参知政事完","2","0","2"
"问大兴府捕蝗","1","1","2"
"大兴府捕蝗官","1","1","2"
"刑部尚书苏保","1","1","2"
"济州路逃回军","1","1","2"
"州路逃回军士","1","1","2"
"路逃回军士中","1","1","2"
"宿直将军阿勒","1","1","2"
"直将军阿勒根","1","1","2"
"太子太师宗宪","1","1","2"
"事完颜守道招","1","1","2"
"女直猛安谋克","2","0","2"
"殿前都点检唐","1","1","2"
"前都点检唐括","1","1","2"
"都点检唐括德","1","1","2"
"点检唐括德温","1","1","2"
"直将军仆散习","1","1","2"
"将军仆散习尼","1","1","2"
"军仆散习尼列","1","1","2"
"待制刘仲诲等","1","1","2"
"许王府长史移","1","1","2"
"王府长史移剌","1","1","2"
"府长史移剌天","1","1","2"
"长史移剌天佛","1","1","2"
"史移剌天佛留","1","1","2"
"吏部尚书石琚","1","1","2"
"参知政事苏保","1","1","2"
"知政事苏保衡","1","1","2"
"百官复请上尊","2","0","2"
"官复请上尊号","2","0","2"
"尚书右仆射书","1","1","2"
"宫女二十一人","1","1","2"
"礼部尚书王竞","1","1","2"
"命参知政事石","1","1","2"
"知政事石琚等","1","1","2"
"余党蒲速越伏","1","1","2"
"良弼平章政事","2","0","2"
"宿直将军乌里","1","1","2"
"直将军乌里雅","1","1","2"
"宁军节度使张","1","1","2"
"军节度使张弘","1","1","2"
"节度使张弘信","1","1","2"
"度使张弘信等","1","1","2"
"使张弘信等二","1","1","2"
"张弘信等二十","1","1","2"
"弘信等二十四","1","1","2"
"信等二十四人","1","1","2"
"等二十四人分","1","1","2"
"二十四人分路","1","1","2"
"十四人分路通","1","1","2"
"四人分路通检","1","1","2"
"人分路通检诸","1","1","2"
"分路通检诸路","1","1","2"
"路通检诸路物","1","1","2"
"通检诸路物力","1","1","2"
"征南都统徒单","1","1","2"
"南都统徒单克","1","1","2"
"都统徒单克宁","1","1","2"
"徒单克宁败宋","2","0","2"
"通问使魏杞等","1","1","2"
"书叔大金皇帝","2","0","2"
"点检完颜仲等","1","1","2"
"奉上尊号曰应","2","0","2"
"上尊号曰应天","2","0","2"
"尊号曰应天兴","2","0","2"
"号曰应天兴祚","2","0","2"
"应天兴祚仁德","1","1","2"
"天兴祚仁德圣","1","1","2"
"兴祚仁德圣孝","1","1","2"
"祚仁德圣孝皇","1","1","2"
"西京留守寿王","1","1","2"
"京留守寿王京","1","1","2"
"平章政事宗宪","1","1","2"
"山东路都统府","1","1","2"
"置统军司京兆","1","1","2"
"前宿州防御使","1","1","2"
"宿直将军术虎","1","1","2"
"直将军术虎蒲","1","1","2"
"将军术虎蒲查","1","1","2"
"点检乌古论粘","1","1","2"
"检乌古论粘没","1","1","2"
"乌古论粘没曷","1","1","2"
"立诸路通检地","1","1","2"
"诸路通检地土","1","1","2"
"路通检地土等","1","1","2"
"都元帅沂国公","1","1","2"
"元帅沂国公仆","1","1","2"
"帅沂国公仆散","1","1","2"
"沂国公仆散忠","1","1","2"
"国公仆散忠义","1","1","2"
"西京留守唐括","1","1","2"
"京留守唐括德","1","1","2"
"留守唐括德温","1","1","2"
"尚书右司郎中","1","1","2"
"书右司郎中移","1","1","2"
"右司郎中移剌","1","1","2"
"司郎中移剌道","1","1","2"
"宿直将军斜卯","1","1","2"
"直将军斜卯掴","1","1","2"
"将军斜卯掴剌","1","1","2"
"刺史刘德裕等","1","1","2"
"尚书右丞相宗","1","1","2"
"书右丞相宗宪","1","1","2"
"书兵部侍郎移","1","1","2"
"平章政事纥石","1","1","2"
"章政事纥石烈","1","1","2"
"受尊号册宝礼","1","1","2"
"徒单合喜枢密","1","1","2"
"单合喜枢密副","1","1","2"
"合喜枢密副使","1","1","2"
"北京留守耨碗","1","1","2"
"京留守耨碗温","1","1","2"
"留守耨碗温敦","1","1","2"
"守耨碗温敦兀","1","1","2"
"许王永中进封","1","1","2"
"遣秘书监移剌","1","1","2"
"监移剌子敬经","1","1","2"
"移剌子敬经略","1","1","2"
"剌子敬经略北","1","1","2"
"尚书右丞相监","1","1","2"
"书右丞相监修","1","1","2"
"右丞相监修国","1","1","2"
"相监修国史纥","1","1","2"
"右三部检法官","1","1","2"
"三部检法官韩","1","1","2"
"部检法官韩赞","1","1","2"
"宿直将军唐括","1","1","2"
"直将军唐括鹘","1","1","2"
"将军唐括鹘鲁","1","1","2"
"都水监李卫国","1","1","2"
"王天祺察访所","1","1","2"
"天祺察访所经","1","1","2"
"祺察访所经过","1","1","2"
"察访所经过州","1","1","2"
"访所经过州县","1","1","2"
"蠡州同知移剌","1","1","2"
"州同知移剌延","1","1","2"
"同知移剌延寿","1","1","2"
"御史中丞孟浩","1","1","2"
"参知政事耨碗","1","1","2"
"知政事耨碗温","1","1","2"
"政事耨碗温敦","1","1","2"
"事耨碗温敦兀","1","1","2"
"敕司东宫凉楼","2","0","2"
"东宫凉楼前增","1","1","2"
"宫凉楼前增建","1","1","2"
"凉楼前增建殿","1","1","2"
"楼前增建殿位","1","1","2"
"河间尹徒单克","1","1","2"
"间尹徒单克宁","1","1","2"
"尹徒单克宁等","1","1","2"
"宁等贺宋正旦","2","0","2"
"京留守完颜谋","1","1","2"
"留守完颜谋衍","1","1","2"
"肇州防御使蒲","1","1","2"
"防御使蒲察通","1","1","2"
"正行道扬名时","2","0","2"
"监移剌子敬等","1","1","2"
"护卫亲军百户","1","1","2"
"事完颜思敬等","1","1","2"
"尚书右丞石琚","1","1","2"
"役夫数百千人","1","1","2"
"右宣徽使移剌","1","1","2"
"宣徽使移剌神","1","1","2"
"徽使移剌神独","1","1","2"
"使移剌神独斡","1","1","2"
"移剌神独斡等","1","1","2"
"引进使高希甫","1","1","2"
"令监察御史分","1","1","2"
"分路刺举善恶","2","0","2"
"路刺举善恶闻","2","0","2"
"左卫将军大磐","1","1","2"
"签大宗正事辟","1","1","2"
"大宗正事辟合","1","1","2"
"宗正事辟合土","1","1","2"
"正事辟合土等","1","1","2"
"遣武定军节度","1","1","2"
"定军节度使移","1","1","2"
"节度使移剌按","1","1","2"
"度使移剌按等","1","1","2"
"契丹外失剌等","1","1","2"
"改葬汉二燕王","1","1","2"
"定网捕走兽法","1","1","2"
"御史中丞移剌","1","1","2"
"史中丞移剌道","1","1","2"
"遣翰林修撰蒲","1","1","2"
"翰林修撰蒲察","1","1","2"
"林修撰蒲察兀","1","1","2"
"修撰蒲察兀虎","1","1","2"
"察御史完颜鹘","1","1","2"
"御史完颜鹘沙","1","1","2"
"史完颜鹘沙分","1","1","2"
"符宝郎徒单怀","1","1","2"
"宝郎徒单怀贞","1","1","2"
"宿直将军完颜","1","1","2"
"直将军完颜赛","1","1","2"
"隋王永功二府","1","1","2"
"刑部尚书高德","1","1","2"
"尚书高德基等","1","1","2"
"直将军仆散守","1","1","2"
"将军仆散守中","1","1","2"
"提点司天台马","1","1","2"
"点司天台马贵","1","1","2"
"司天台马贵中","1","1","2"
"尚书右丞相纥","1","1","2"
"书右丞相纥石","1","1","2"
"右丞相纥石烈","1","1","2"
"枢密使纥石烈","1","1","2"
"密使纥石烈志","1","1","2"
"化军节度使徒","1","1","2"
"节度使徒单子","1","1","2"
"度使徒单子温","1","1","2"
"上问宰臣李石","1","1","2"
"遣参知政事宗","1","1","2"
"固安县令高昌","1","1","2"
"安县令高昌裔","1","1","2"
"霸州司候成奉","1","1","2"
"州司候成奉先","1","1","2"
"南京屯田猛安","1","1","2"
"奏汾阳军节度","1","1","2"
"军节度副使牛","1","1","2"
"节度副使牛信","1","1","2"
"度副使牛信昌","1","1","2"
"枢密院生日节","1","1","2"
"密院生日节辰","1","1","2"
"大理卿李昌图","1","1","2"
"尹石抹阿没剌","1","1","2"
"参知政事魏子","1","1","2"
"知政事魏子平","1","1","2"
"遣吏部侍郎靖","1","1","2"
"南京留守移剌","1","1","2"
"京留守移剌成","1","1","2"
"章政事徒单合","1","1","2"
"政事徒单合喜","1","1","2"
"书刑部侍郎乌","1","1","2"
"刑部侍郎乌林","1","1","2"
"部侍郎乌林答","1","1","2"
"侍郎乌林答天","1","1","2"
"郎乌林答天锡","1","1","2"
"乌林答天锡等","1","1","2"
"南路招讨使宗","1","1","2"
"路招讨使宗宁","1","1","2"
"招讨使宗宁等","1","1","2"
"上谓皇太子曰","2","0","2"
"应天兴祚钦文","1","1","2"
"天兴祚钦文广","1","1","2"
"兴祚钦文广武","1","1","2"
"祚钦文广武仁","1","1","2"
"钦文广武仁德","1","1","2"
"文广武仁德圣","1","1","2"
"广武仁德圣孝","1","1","2"
"武仁德圣孝皇","1","1","2"
"二十一年正月","1","1","2"
"大名等路猛安","1","1","2"
"名等路猛安谋","1","1","2"
"等路猛安谋克","1","1","2"
"追贬海陵炀王","1","1","2"
"贬海陵炀王亮","1","1","2"
"河南尹张景仁","1","1","2"
"监察御史石抹","1","1","2"
"察御史石抹元","1","1","2"
"御史石抹元礼","1","1","2"
"宗州节度使阿","1","1","2"
"州节度使阿思","1","1","2"
"节度使阿思懑","1","1","2"
"通州刺史完颜","1","1","2"
"刺史完颜守能","1","1","2"
"群牧副使仆散","1","1","2"
"渔阳令夹谷移","1","1","2"
"阳令夹谷移里","1","1","2"
"令夹谷移里罕","1","1","2"
"司候判官刘居","1","1","2"
"候判官刘居渐","1","1","2"
"通州刺史郭邦","1","1","2"
"州刺史郭邦杰","1","1","2"
"刺史郭邦杰总","1","1","2"
"知东京留守司","1","1","2"
"东京留守司事","1","1","2"
"京留守司事裔","1","1","2"
"军事判官孙绍","1","1","2"
"事判官孙绍先","1","1","2"
"榷场副使韩仲","1","1","2"
"场副使韩仲英","1","1","2"
"副使韩仲英等","1","1","2"
"京留守徒单贞","1","1","2"
"二十三年正月","1","1","2"
"参知政事梁肃","1","1","2"
"奏右司郎中段","1","1","2"
"登闻检院巨构","1","1","2"
"皇太子守国诸","1","1","2"
"太子守国诸仪","1","1","2"
"皇太子守国宝","1","1","2"
"枢密使徒单克","1","1","2"
"密使徒单克宁","1","1","2"
"宰执百官命妇","1","1","2"
"二十五年正月","1","1","2"
"胡里改两路猛","1","1","2"
"里改两路猛安","1","1","2"
"右丞相元忠率","1","1","2"
"尚书右丞相乌","1","1","2"
"书右丞相乌古","1","1","2"
"右丞相乌古论","1","1","2"
"丞相乌古论元","1","1","2"
"相乌古论元忠","1","1","2"
"遣左宣徽使唐","1","1","2"
"左宣徽使唐括","1","1","2"
"宣徽使唐括鼎","1","1","2"
"杨素专权行事","1","1","2"
"尚书左丞张汝","1","1","2"
"书左丞张汝弼","1","1","2"
"胡里改世袭谋","1","1","2"
"里改世袭谋克","1","1","2"
"登闻检院送学","1","1","2"
"闻检院送学士","1","1","2"
"检院送学士院","1","1","2"
"定闵宗陵庙荐","1","1","2"
"闵宗陵庙荐享","1","1","2"
"宗陵庙荐享礼","1","1","2"
"立右丞相原王","1","1","2"
"唐太子承乾所","1","1","2"
"左谏议大夫黄","1","1","2"
"谏议大夫黄久","1","1","2"
"议大夫黄久约","1","1","2"
"二十七年二月","1","1","2"
"左副都点检崇","1","1","2"
"副都点检崇安","1","1","2"
"平章政事崇尹","1","1","2"
"二十八年三月","1","1","2"
"左丞相克宁尽","1","1","2"
"丞相克宁尽忠","1","1","2"
"相克宁尽忠辅","1","1","2"
"克宁尽忠辅导","1","1","2"
"河中尹田彦皋","1","1","2"
"中尹田彦皋等","1","1","2"
"法律历代损益","1","1","2"
"高祖英雄大度","1","1","2"
"大理正移剌彦","1","1","2"
"理正移剌彦拱","1","1","2"
"左丞相徒单克","1","1","2"
"克宁太尉尚书","2","0","2"
"宁太尉尚书令","2","0","2"
"知政事完颜婆","1","1","2"
"政事完颜婆卢","1","1","2"
"事完颜婆卢火","1","1","2"
"尚书令徒单克","1","1","2"
"书令徒单克宁","1","1","2"
"宣宗继天兴统","1","1","2"
"宗继天兴统述","1","1","2"
"纥石烈胡沙虎","1","1","2"
"泽王胡沙虎等","1","1","2"
"王胡沙虎等议","1","1","2"
"中都路鲁忽土","2","0","2"
"都路鲁忽土世","2","0","2"
"路鲁忽土世袭","2","0","2"
"张行信上疏请","1","1","2"
"行信上疏请立","1","1","2"
"信上疏请立皇","1","1","2"
"上疏请立皇太","1","1","2"
"疏请立皇太子","1","1","2"
"军术虎高琪战","1","1","2"
"殿前都点检纥","1","1","2"
"前都点检纥石","1","1","2"
"点检纥石烈特","1","1","2"
"检纥石烈特末","1","1","2"
"张行信上封事","2","0","2"
"京城镇抚弹压","1","1","2"
"城镇抚弹压官","1","1","2"
"知府事黄掴九","1","1","2"
"府事黄掴九住","1","1","2"
"事黄掴九住死","1","1","2"
"统军使石抹仲","1","1","2"
"军使石抹仲温","1","1","2"
"使石抹仲温击","1","1","2"
"南军节度使宋","1","1","2"
"大元乙里紥八","2","0","2"
"点检侍卫亲军","2","0","2"
"卫绍王公主归","1","1","2"
"使乌古论仲温","1","1","2"
"乌古论仲温死","1","1","2"
"河北诸郡失守","1","1","2"
"监修国史广平","1","1","2"
"修国史广平郡","1","1","2"
"尚书左丞抹撚","2","0","2"
"书左丞抹撚尽","2","0","2"
"左丞抹撚尽忠","2","0","2"
"太学生赵昉等","2","0","2"
"南京留守仆散","1","1","2"
"京留守仆散端","1","1","2"
"留守仆散端等","1","1","2"
"右监军完颜弼","1","1","2"
"南京行宫宝镇","1","1","2"
"京行宫宝镇阁","1","1","2"
"诏立元妃温敦","1","1","2"
"立元妃温敦氏","1","1","2"
"劝农使王晦死","1","1","2"
"参知政事孛术","1","1","2"
"知政事孛术鲁","1","1","2"
"政事孛术鲁德","1","1","2"
"事孛术鲁德裕","1","1","2"
"德州防御使完","1","1","2"
"防御使完颜丑","1","1","2"
"御使完颜丑奴","1","1","2"
"史大夫仆散端","1","1","2"
"赐卫绍王家属","1","1","2"
"兰州译人程陈","1","1","2"
"州译人程陈僧","1","1","2"
"犯房宿钩钤星","1","1","2"
"宣抚司辄拟官","1","1","2"
"真定行元帅府","1","1","2"
"定行元帅府事","1","1","2"
"行元帅府事永","1","1","2"
"元帅府事永锡","1","1","2"
"帅府事永锡等","1","1","2"
"节度使高闾山","1","1","2"
"度使高闾山死","1","1","2"
"宣抚使奥屯襄","1","1","2"
"帅蒲察七斤军","2","0","2"
"蒲察七斤军降","2","0","2"
"斜卯毛良虎等","1","1","2"
"命御史中丞李","1","1","2"
"户部郎中奥屯","1","1","2"
"部郎中奥屯阿","1","1","2"
"郎中奥屯阿虎","1","1","2"
"尚书省南迁后","1","1","2"
"武清县巡检梁","1","1","2"
"清县巡检梁佐","1","1","2"
"柳口巡检李咬","1","1","2"
"口巡检李咬住","1","1","2"
"山东宣抚使仆","1","1","2"
"东宣抚使仆散","1","1","2"
"宣抚使仆散安","1","1","2"
"抚使仆散安贞","1","1","2"
"提控仆散留家","1","1","2"
"控仆散留家等","1","1","2"
"沿边州府官资","1","1","2"
"边州府官资考","1","1","2"
"大名长贰官训","1","1","2"
"名长贰官训练","1","1","2"
"武军节度使张","1","1","2"
"军节度使张行","1","1","2"
"节度使张行信","1","1","2"
"度使张行信上","1","1","2"
"使张行信上书","1","1","2"
"张行信上书言","1","1","2"
"行信上书言急","1","1","2"
"信上书言急务","1","1","2"
"上书言急务四","1","1","2"
"谕辽东宣抚使","1","1","2"
"辽东宣抚使蒲","1","1","2"
"东宣抚使蒲鲜","1","1","2"
"宣抚使蒲鲜万","1","1","2"
"抚使蒲鲜万奴","1","1","2"
"使蒲鲜万奴选","1","1","2"
"河北州县官吏","1","1","2"
"北州县官吏多","1","1","2"
"山东宣抚司报","1","1","2"
"京兆治中李友","1","1","2"
"兆治中李友直","1","1","2"
"治中李友直私","1","1","2"
"同知防御使冯","1","1","2"
"知防御使冯朝","1","1","2"
"河州防御判官","1","1","2"
"州防御判官郝","1","1","2"
"防御判官郝遵","1","1","2"
"御判官郝遵甫","1","1","2"
"水洛县主簿宿","1","1","2"
"洛县主簿宿徽","1","1","2"
"县主簿宿徽等","1","1","2"
"忠义扈驾都统","1","1","2"
"义扈驾都统府","1","1","2"
"防御判官完颜","1","1","2"
"御判官完颜八","1","1","2"
"判官完颜八斤","1","1","2"
"宣抚使胥鼎言","1","1","2"
"言利害十三事","2","0","2"
"权参知政事德","1","1","2"
"参知政事德升","1","1","2"
"都南行尚书六","1","1","2"
"南行尚书六部","1","1","2"
"第一甲第一人","1","1","2"
"一甲第一人特","1","1","2"
"遣使同山西宣","1","1","2"
"使同山西宣抚","1","1","2"
"同山西宣抚司","1","1","2"
"山西宣抚司选","1","1","2"
"路宣抚副使完","1","1","2"
"抚副使完颜弼","1","1","2"
"核朝廷差遣官","1","1","2"
"朝廷差遣官券","1","1","2"
"廷差遣官券历","1","1","2"
"谕田琢留山西","1","1","2"
"田琢留山西流","1","1","2"
"琢留山西流民","1","1","2"
"留山西流民少","1","1","2"
"山西流民少壮","1","1","2"
"招抚山西军民","1","1","2"
"都元帅定国公","1","1","2"
"元帅定国公承","1","1","2"
"帅定国公承晖","1","1","2"
"定国公承晖死","1","1","2"
"立皇孙铿皇太","2","0","2"
"皇孙铿皇太孙","2","0","2"
"颍漕运提举官","1","1","2"
"军户徙河南者","2","0","2"
"诏河北郡县军","1","1","2"
"参知政事高汝","1","1","2"
"知政事高汝砺","1","1","2"
"明德皇后神主","1","1","2"
"统军使完颜合","1","1","2"
"赏前冀州教授","1","1","2"
"前冀州教授粘","1","1","2"
"冀州教授粘割","1","1","2"
"州教授粘割忒","1","1","2"
"教授粘割忒邻","1","1","2"
"置山东西路总","1","1","2"
"山东西路总管","1","1","2"
"东西路总管府","1","1","2"
"行枢密院徐州","2","0","2"
"西路宣抚使完","1","1","2"
"路宣抚使完颜","1","1","2"
"抚使完颜弼表","1","1","2"
"知东平府事张","1","1","2"
"东平府事张汝","1","1","2"
"平府事张汝楫","1","1","2"
"府事张汝楫将","1","1","2"
"事张汝楫将谋","1","1","2"
"知益都府事孙","1","1","2"
"益都府事孙邦","1","1","2"
"都府事孙邦佐","1","1","2"
"察御史许古献","1","1","2"
"使颜盏天泽讨","1","1","2"
"减户部干办官","1","1","2"
"户部干办官四","1","1","2"
"渭南州郡步兵","1","1","2"
"元帅左监军知","2","0","2"
"知真定府事永","1","1","2"
"真定府事永锡","1","1","2"
"户部侍郎奥屯","1","1","2"
"部侍郎奥屯阿","1","1","2"
"侍郎奥屯阿虎","1","1","2"
"令宣抚司核实","1","1","2"
"遥授武宁军节","1","1","2"
"授武宁军节度","1","1","2"
"武宁军节度副","1","1","2"
"宁军节度副使","1","1","2"
"军节度副使徒","1","1","2"
"节度副使徒单","1","1","2"
"度副使徒单吾","1","1","2"
"副使徒单吾典","1","1","2"
"使徒单吾典告","1","1","2"
"置河北东路行","1","1","2"
"河北东路行总","1","1","2"
"北东路行总管","1","1","2"
"东路行总管府","1","1","2"
"李氏光献皇后","1","1","2"
"陈州镇防军段","1","1","2"
"州镇防军段仲","1","1","2"
"镇防军段仲连","1","1","2"
"防军段仲连进","1","1","2"
"千人败敌三千","2","0","2"
"第五将城万户","1","1","2"
"五将城万户杨","1","1","2"
"付陕西宣抚司","1","1","2"
"置大名府行总","1","1","2"
"大名府行总管","1","1","2"
"名府行总管府","1","1","2"
"系官闲田牧马","2","0","2"
"都统完颜国家","1","1","2"
"统完颜国家奴","1","1","2"
"诏枢密副使仆","2","0","2"
"辽东宣抚司报","1","1","2"
"广平郡王承晖","1","1","2"
"子历亭县丞永","1","1","2"
"历亭县丞永怀","1","1","2"
"使完颜胡失剌","1","1","2"
"尚书左丞相仆","1","1","2"
"书左丞相仆散","1","1","2"
"路宣抚副使田","1","1","2"
"宣抚副使田琢","1","1","2"
"泗州元帅府所","1","1","2"
"夏人犯绥德克","2","0","2"
"人犯绥德克戎","2","0","2"
"犯绥德克戎寨","2","0","2"
"书右丞汝砺商","1","1","2"
"知临洮府陀满","1","1","2"
"临洮府陀满胡","1","1","2"
"洮府陀满胡土","1","1","2"
"府陀满胡土门","1","1","2"
"点检左右将军","1","1","2"
"知府陀满斜烈","1","1","2"
"府陀满斜烈死","1","1","2"
"赠昭圣皇后三","1","1","2"
"昭圣皇后三代","1","1","2"
"圣皇后三代官","1","1","2"
"皇后三代官爵","1","1","2"
"陕西行元帅府","1","1","2"
"林州刺史惟宏","1","1","2"
"大元兵徇大名","2","0","2"
"元兵徇大名府","2","0","2"
"诏临洮路兵马","1","1","2"
"临洮路兵马都","1","1","2"
"洮路兵马都总","1","1","2"
"兵马都总管陀","1","1","2"
"马都总管陀满","1","1","2"
"都总管陀满胡","1","1","2"
"山东西路行元","1","1","2"
"东西路行元帅","1","1","2"
"西路行元帅府","1","1","2"
"皇太子控制枢","1","1","2"
"太子控制枢密","1","1","2"
"子控制枢密院","1","1","2"
"河东南路宣抚","1","1","2"
"东南路宣抚使","1","1","2"
"南路宣抚使胥","1","1","2"
"路宣抚使胥鼎","1","1","2"
"鼎方抗表求退","2","0","2"
"行省左丞相仆","1","1","2"
"省左丞相仆散","1","1","2"
"尚书张行信提","1","1","2"
"书张行信提控","1","1","2"
"张行信提控修","1","1","2"
"行信提控修奉","1","1","2"
"信提控修奉社","1","1","2"
"提控修奉社稷","1","1","2"
"同知观州军州","1","1","2"
"知观州军州事","1","1","2"
"观州军州事张","1","1","2"
"州军州事张开","1","1","2"
"奏告祖宗神主","1","1","2"
"延州刺史温撒","1","1","2"
"少保张行信预","1","1","2"
"保张行信预告","1","1","2"
"沧州经略副使","1","1","2"
"州经略副使张","1","1","2"
"经略副使张文","1","1","2"
"单州防御使仆","1","1","2"
"防御使仆散倬","1","1","2"
"清州等十一城","1","1","2"
"谕陕西路军民","1","1","2"
"夏人葩俄族都","1","1","2"
"人葩俄族都管","1","1","2"
"都管汪三郎率","1","1","2"
"新泰等十余县","2","0","2"
"尚书右丞侯挚","1","1","2"
"挚行省事东平","2","0","2"
"辽西伪瀛王张","1","1","2"
"西伪瀛王张致","1","1","2"
"北京路元帅府","1","1","2"
"京路元帅府事","1","1","2"
"同知北京兵马","1","1","2"
"知北京兵马总","1","1","2"
"北京兵马总管","1","1","2"
"京兵马总管府","1","1","2"
"河北诸路宣抚","1","1","2"
"北诸路宣抚司","1","1","2"
"诏参知政事李","1","1","2"
"知政事李革审","1","1","2"
"义军节度使必","1","1","2"
"军节度使必兰","1","1","2"
"察御史陈规上","1","1","2"
"翰林学士完颜","1","1","2"
"林学士完颜孛","1","1","2"
"学士完颜孛迭","1","1","2"
"士完颜孛迭进","1","1","2"
"监军乌古论庆","1","1","2"
"军乌古论庆寿","1","1","2"
"张行信宝券二","1","1","2"
"签枢密院事永","1","1","2"
"枢密院事永锡","1","1","2"
"中卫尉完颜奴","1","1","2"
"卫尉完颜奴婢","1","1","2"
"尉完颜奴婢等","1","1","2"
"完颜奴婢等充","1","1","2"
"颜奴婢等充贺","1","1","2"
"奴婢等充贺宋","1","1","2"
"猎户练习武艺","1","1","2"
"大元兵攻潼关","2","0","2"
"安军节度使泥","1","1","2"
"事徒单思忠提","1","1","2"
"徒单思忠提控","1","1","2"
"单思忠提控镇","1","1","2"
"思忠提控镇抚","1","1","2"
"忠提控镇抚京","1","1","2"
"遣潞州元帅左","2","0","2"
"必兰阿鲁带军","2","0","2"
"兰阿鲁带军一","2","0","2"
"阿鲁带军一万","2","0","2"
"虎卫上将军裴","1","1","2"
"卫上将军裴满","1","1","2"
"上将军裴满羊","1","1","2"
"将军裴满羊哥","1","1","2"
"军裴满羊哥知","1","1","2"
"裴满羊哥知归","1","1","2"
"满羊哥知归德","1","1","2"
"羊哥知归德府","1","1","2"
"哥知归德府事","1","1","2"
"行枢密院知河","1","1","2"
"枢密院知河南","1","1","2"
"密院知河南府","1","1","2"
"院知河南府事","1","1","2"
"知河南府事完","1","1","2"
"河南府事完颜","1","1","2"
"南府事完颜合","1","1","2"
"户部郎中魏琦","1","1","2"
"吏部令史韩希","1","1","2"
"部令史韩希祖","1","1","2"
"令史韩希祖陈","1","1","2"
"史韩希祖陈言","1","1","2"
"知平阳府王质","1","1","2"
"王质权元帅左","2","0","2"
"质权元帅左监","2","0","2"
"权元帅左监军","2","0","2"
"同知完颜僧家","1","1","2"
"知完颜僧家奴","1","1","2"
"完颜僧家奴权","2","0","2"
"颜僧家奴权右","2","0","2"
"僧家奴权右监","2","0","2"
"家奴权右监军","2","0","2"
"献提控石盏合","1","1","2"
"提控石盏合喜","1","1","2"
"帅蒲察阿里孙","2","0","2"
"前临潢府推官","1","1","2"
"右监军完颜合","1","1","2"
"监军完颜合达","1","1","2"
"军完颜合达率","1","1","2"
"完颜合达率官","1","1","2"
"颜合达率官军","1","1","2"
"合达率官军老","1","1","2"
"达率官军老幼","1","1","2"
"升镇南军节度","2","0","2"
"南路统军使纥","1","1","2"
"路统军使纥石","1","1","2"
"军使纥石烈扫","1","1","2"
"使纥石烈扫合","1","1","2"
"尚书工部侍郎","1","1","2"
"河南行枢密院","1","1","2"
"族人道哥愿隶","1","1","2"
"平章政事术虎","1","1","2"
"章政事术虎高","1","1","2"
"政事术虎高琪","1","1","2"
"事术虎高琪加","1","1","2"
"代州神仙横城","1","1","2"
"兴定元年春正","1","1","2"
"定元年春正月","1","1","2"
"置庄献太子庙","1","1","2"
"先征山东兵接","1","1","2"
"征山东兵接应","1","1","2"
"山东兵接应苗","1","1","2"
"东兵接应苗道","1","1","2"
"兵接应苗道润","1","1","2"
"接应苗道润共","1","1","2"
"武仙所部精锐","1","1","2"
"威州刺史武仙","1","1","2"
"州刺史武仙率","1","1","2"
"刺史武仙率兵","1","1","2"
"孟州经略司万","1","1","2"
"州经略司万户","1","1","2"
"经略司万户宋","1","1","2"
"略司万户宋子","1","1","2"
"司万户宋子玉","1","1","2"
"万户宋子玉率","1","1","2"
"户宋子玉率所","1","1","2"
"宋子玉率所部","1","1","2"
"子玉率所部叛","1","1","2"
"节度副使移剌","1","1","2"
"度副使移剌羊","1","1","2"
"副使移剌羊哥","1","1","2"
"节度使完颜宇","2","0","2"
"经略使苗道润","1","1","2"
"略使苗道润进","1","1","2"
"河间招抚使移","1","1","2"
"间招抚使移剌","1","1","2"
"招抚使移剌铁","1","1","2"
"抚使移剌铁哥","1","1","2"
"使移剌铁哥等","1","1","2"
"移剌铁哥等军","1","1","2"
"官劝谕农民改","1","1","2"
"参知政事辽东","1","1","2"
"知政事辽东路","1","1","2"
"政事辽东路行","1","1","2"
"事辽东路行省","1","1","2"
"辽东路行省完","1","1","2"
"东路行省完颜","1","1","2"
"路行省完颜阿","1","1","2"
"元帅府婆速路","2","0","2"
"辽东路宣抚使","1","1","2"
"东路宣抚使蒲","1","1","2"
"路宣抚使蒲察","1","1","2"
"宣抚使蒲察五","1","1","2"
"抚使蒲察五斤","1","1","2"
"御使完颜霆讨","1","1","2"
"权孟州经略使","1","1","2"
"诏谕辽东诸将","1","1","2"
"苑汝济上书陈","1","1","2"
"贼宋子玉余党","1","1","2"
"宋子玉余党家","1","1","2"
"子玉余党家属","1","1","2"
"山东行元帅府","1","1","2"
"东行元帅府事","1","1","2"
"行元帅府事蒙","1","1","2"
"元帅府事蒙古","1","1","2"
"帅府事蒙古纲","1","1","2"
"府事蒙古纲擅","1","1","2"
"转运使李秉钧","1","1","2"
"兰州水军千户","1","1","2"
"州水军千户李","1","1","2"
"水军千户李平","1","1","2"
"军千户李平等","1","1","2"
"提控蒲察燕京","1","1","2"
"控蒲察燕京贪","1","1","2"
"蒲察燕京贪暴","1","1","2"
"授同知兰州事","1","1","2"
"定河北求仕官","1","1","2"
"河北求仕官渡","1","1","2"
"行枢密院事乌","1","1","2"
"枢密院事乌古","1","1","2"
"密院事乌古论","1","1","2"
"院事乌古论庆","1","1","2"
"事乌古论庆寿","1","1","2"
"乌古论庆寿南","1","1","2"
"古论庆寿南伐","1","1","2"
"彰德府守臣擅","1","1","2"
"振威军万户马","1","1","2"
"威军万户马宽","1","1","2"
"诏谕辽东诸路","1","1","2"
"置提举仓场使","1","1","2"
"集贤院知院事","1","1","2"
"同知院事等官","1","1","2"
"诏谕国内军士","1","1","2"
"集贤院谘议官","2","0","2"
"议官朱盖上书","1","1","2"
"海州经略使阿","1","1","2"
"栏通渡经略司","1","1","2"
"左司谏仆散毅","1","1","2"
"司谏仆散毅夫","1","1","2"
"延二州左右前","1","1","2"
"二州左右前后","1","1","2"
"州左右前后辅","1","1","2"
"帅左都监承裔","1","1","2"
"部将纳兰记僧","1","1","2"
"将纳兰记僧等","1","1","2"
"合葩俄族都管","1","1","2"
"葩俄族都管尼","1","1","2"
"监察御史失察","1","1","2"
"察御史失察法","1","1","2"
"必兰阿鲁带权","1","1","2"
"兰阿鲁带权参","1","1","2"
"阿鲁带权参知","1","1","2"
"鲁带权参知政","1","1","2"
"带权参知政事","1","1","2"
"制定州府司县","1","1","2"
"定州府司县官","1","1","2"
"侍御史许古上","1","1","2"
"林侍讲学士杨","1","1","2"
"侍讲学士杨云","1","1","2"
"讲学士杨云翼","1","1","2"
"日本国太宰府","1","1","2"
"陕西行省胥鼎","1","1","2"
"海州经略使报","1","1","2"
"邓元帅完颜赛","1","1","2"
"中都纳粟官多","1","1","2"
"石烈牙吾塔破","2","0","2"
"侯挚行省河北","1","1","2"
"行三司安抚司","1","1","2"
"三司安抚司事","1","1","2"
"集文资官杂议","1","1","2"
"文资官杂议进","1","1","2"
"资官杂议进士","1","1","2"
"陕西行六部尚","1","1","2"
"西行六部尚书","1","1","2"
"行六部尚书杨","1","1","2"
"六部尚书杨贞","1","1","2"
"部尚书杨贞削","1","1","2"
"主将完颜阿邻","1","1","2"
"将完颜阿邻战","1","1","2"
"坊州宣抚副使","1","1","2"
"州宣抚副使纥","1","1","2"
"宣抚副使纥石","1","1","2"
"抚副使纥石烈","1","1","2"
"副使纥石烈按","1","1","2"
"使纥石烈按敦","1","1","2"
"纥石烈按敦将","1","1","2"
"石烈按敦将叛","1","1","2"
"辽东便宜阿里","1","1","2"
"户部尚书夹谷","1","1","2"
"部尚书夹谷必","1","1","2"
"尚书夹谷必兰","1","1","2"
"御史劾集贤院","1","1","2"
"极县进士赵孝","1","1","2"
"县进士赵孝选","1","1","2"
"侍御史完颜素","1","1","2"
"御史完颜素兰","1","1","2"
"请宣谕高丽复","2","0","2"
"宣谕高丽复开","2","0","2"
"谕高丽复开互","2","0","2"
"高丽复开互市","2","0","2"
"特赐武举温迪","1","1","2"
"赐武举温迪罕","1","1","2"
"武举温迪罕缴","1","1","2"
"举温迪罕缴住","1","1","2"
"下一百四十人","1","1","2"
"河池县黑谷关","1","1","2"
"前后获粮九万","1","1","2"
"后获粮九万斛","1","1","2"
"凤翔元帅完颜","1","1","2"
"翔元帅完颜闾","1","1","2"
"元帅完颜闾山","1","1","2"
"节度经略使内","1","1","2"
"度经略使内族","1","1","2"
"经略使内族转","1","1","2"
"略使内族转奴","1","1","2"
"黄掴阿鲁答等","1","1","2"
"掴阿鲁答等讨","1","1","2"
"伪节度使吕忠","1","1","2"
"节度使吕忠等","1","1","2"
"度使吕忠等十","1","1","2"
"巩州行元帅承","1","1","2"
"州行元帅承裔","1","1","2"
"纳兰记僧分道","1","1","2"
"兰记僧分道伐","1","1","2"
"记僧分道伐宋","1","1","2"
"州行枢密院南","1","1","2"
"行枢密院南城","1","1","2"
"枢密院南城军","1","1","2"
"密院南城军攻","1","1","2"
"州刺史纥石烈","1","1","2"
"刺史纥石烈公","1","1","2"
"史纥石烈公顺","1","1","2"
"史院编修官马","1","1","2"
"院编修官马季","1","1","2"
"编修官马季良","1","1","2"
"修官马季良持","1","1","2"
"同知孟州防御","1","1","2"
"知孟州防御使","1","1","2"
"孟州防御使事","1","1","2"
"苗道润所部军","1","1","2"
"道润所部军请","1","1","2"
"涿州刺史李瘸","1","1","2"
"州刺史李瘸驴","1","1","2"
"河北行省完颜","1","1","2"
"北行省完颜霆","1","1","2"
"行省完颜霆进","1","1","2"
"省完颜霆进军","1","1","2"
"完颜霆进军援","1","1","2"
"山东招抚使田","1","1","2"
"东招抚使田琢","1","1","2"
"棣州提控纥石","1","1","2"
"州提控纥石烈","1","1","2"
"纥石烈丑汉讨","1","1","2"
"知枢府事乌古","1","1","2"
"枢府事乌古论","1","1","2"
"府事乌古论德","1","1","2"
"户部尚书纳合","1","1","2"
"部尚书纳合蒲","1","1","2"
"尚书纳合蒲剌","1","1","2"
"书纳合蒲剌都","1","1","2"
"置秦关等处九","1","1","2"
"秦关等处九守","1","1","2"
"关等处九守御","1","1","2"
"等处九守御使","1","1","2"
"命完颜蒲察等","1","1","2"
"节度使兀颜讹","1","1","2"
"同知节度使夹","1","1","2"
"知节度使夹谷","1","1","2"
"节度使夹谷寺","1","1","2"
"度使夹谷寺家","1","1","2"
"使夹谷寺家奴","1","1","2"
"随处行六部官","1","1","2"
"京府节镇长官","1","1","2"
"府节镇长官充","1","1","2"
"防刺长官侍郎","1","1","2"
"行尚书省李革","1","1","2"
"权平定州刺史","1","1","2"
"平定州刺史范","1","1","2"
"定州刺史范铎","1","1","2"
"山东路转运副","1","1","2"
"路转运副使同","2","0","2"
"转运副使同知","2","0","2"
"运副使同知沂","2","0","2"
"副使同知沂州","2","0","2"
"使同知沂州防","2","0","2"
"州防御使程戩","2","0","2"
"提控王汝霖等","1","1","2"
"宣差太府少监","1","1","2"
"差太府少监伯","1","1","2"
"少监伯德玩擅","1","1","2"
"受岚州帅府节","1","1","2"
"岚州帅府节制","1","1","2"
"行元帅府纥石","1","1","2"
"元帅府纥石烈","1","1","2"
"帅府纥石烈桓","1","1","2"
"府纥石烈桓端","1","1","2"
"纥石烈桓端权","1","1","2"
"石烈桓端权签","1","1","2"
"烈桓端权签枢","1","1","2"
"桓端权签枢密","1","1","2"
"端权签枢密院","1","1","2"
"元帅右监军纳","1","1","2"
"帅右监军纳合","1","1","2"
"右监军纳合蒲","1","1","2"
"监军纳合蒲剌","1","1","2"
"军纳合蒲剌都","1","1","2"
"龛谷提控夹谷","1","1","2"
"谷提控夹谷瑞","1","1","2"
"丞完颜伯嘉权","1","1","2"
"完颜伯嘉权参","1","1","2"
"颜伯嘉权参知","1","1","2"
"伯嘉权参知政","1","1","2"
"嘉权参知政事","1","1","2"
"行河中府尚书","1","1","2"
"河中府尚书省","1","1","2"
"中府尚书省元","1","1","2"
"府尚书省元帅","1","1","2"
"总管河东南路","1","1","2"
"签枢密院事蒲","1","1","2"
"枢密院事蒲察","1","1","2"
"密院事蒲察移","1","1","2"
"院事蒲察移剌","1","1","2"
"事蒲察移剌都","1","1","2"
"前山东西路转","1","1","2"
"大理卿温迪罕","1","1","2"
"理卿温迪罕达","1","1","2"
"卿温迪罕达权","1","1","2"
"温迪罕达权同","1","1","2"
"迪罕达权同签","1","1","2"
"罕达权同签枢","1","1","2"
"达权同签枢密","1","1","2"
"权同签枢密院","1","1","2"
"徒单思忠祈雪","1","1","2"
"开封府治中吕","1","1","2"
"封府治中吕子","1","1","2"
"府治中吕子羽","1","1","2"
"岚州元帅古里","1","1","2"
"州元帅古里甲","1","1","2"
"邓州元帅府提","1","1","2"
"州元帅府提控","1","1","2"
"元帅府提控娄","1","1","2"
"帅府提控娄室","1","1","2"
"尚书枢密杂议","1","1","2"
"副元帅完颜赛","1","1","2"
"左都监牙吾塔","1","1","2"
"蔡州行元帅府","1","1","2"
"州行元帅府右","1","1","2"
"行元帅府右都","1","1","2"
"元帅府右都监","1","1","2"
"帅府右都监完","1","1","2"
"府右都监完颜","1","1","2"
"右都监完颜合","1","1","2"
"都监完颜合达","1","1","2"
"提控奥屯吾里","1","1","2"
"防刺郡设都监","1","1","2"
"行省安贞破宋","2","0","2"
"太尉汴国公彦","1","1","2"
"尉汴国公彦昌","1","1","2"
"汴国公彦昌姓","1","1","2"
"国公彦昌姓温","1","1","2"
"公彦昌姓温敦","1","1","2"
"官副元帅蒲察","1","1","2"
"史大夫永锡等","1","1","2"
"大夫永锡等七","1","1","2"
"夫永锡等七十","1","1","2"
"永锡等七十人","1","1","2"
"权中都经略李","1","1","2"
"中都经略李瘸","1","1","2"
"都经略李瘸驴","1","1","2"
"权中都西路经","1","1","2"
"中都西路经略","1","1","2"
"都西路经略靖","1","1","2"
"西路经略靖安","1","1","2"
"路经略靖安民","1","1","2"
"经略靖安民治","1","1","2"
"事濮王守纯进","1","1","2"
"濮王守纯进封","1","1","2"
"岚州帅古里甲","1","1","2"
"州帅古里甲石","1","1","2"
"行省左副元帅","1","1","2"
"省左副元帅仆","1","1","2"
"左副元帅仆散","1","1","2"
"副元帅仆散安","1","1","2"
"元帅仆散安贞","1","1","2"
"少府少监粘割","1","1","2"
"府少监粘割梭","1","1","2"
"少监粘割梭失","1","1","2"
"刺史纥石烈王","1","1","2"
"史纥石烈王家","1","1","2"
"纥石烈王家奴","1","1","2"
"石烈王家奴战","1","1","2"
"御史蒲鲁虎上","1","1","2"
"史蒲鲁虎上书","1","1","2"
"御使女奚烈古","1","1","2"
"使女奚烈古里","1","1","2"
"临洮府事石盏","1","1","2"
"洮府事石盏合","1","1","2"
"府事石盏合喜","1","1","2"
"提控纳合买住","1","1","2"
"林州都统霍成","1","1","2"
"货司王三锡请","1","1","2"
"合达兵安塞堡","2","0","2"
"知平阳府事胡","1","1","2"
"平阳府事胡天","1","1","2"
"阳府事胡天作","1","1","2"
"府事胡天作充","1","1","2"
"诏御史中丞完","2","0","2"
"使徒单福定等","1","1","2"
"右司谏郭著抚","1","1","2"
"南三路行三司","1","1","2"
"京西行三司李","1","1","2"
"西行三司李复","1","1","2"
"行三司李复亨","1","1","2"
"定御史上下半","1","1","2"
"御史上下半月","1","1","2"
"军事判官郭秀","1","1","2"
"事判官郭秀死","1","1","2"
"县令乔天翼等","1","1","2"
"谕三司行部官","1","1","2"
"三司行部官劝","1","1","2"
"单州经略使完","1","1","2"
"州经略使完颜","1","1","2"
"经略使完颜仲","1","1","2"
"略使完颜仲元","1","1","2"
"尚书省请申命","1","1","2"
"书省请申命侯","1","1","2"
"省请申命侯挚","1","1","2"
"请申命侯挚广","1","1","2"
"申命侯挚广营","1","1","2"
"真定招抚使武","1","1","2"
"定招抚使武仙","1","1","2"
"定保举县令能","1","1","2"
"保举县令能否","1","1","2"
"举县令能否升","1","1","2"
"参知政事思忠","1","1","2"
"平阳判官完颜","1","1","2"
"阳判官完颜阿","1","1","2"
"判官完颜阿剌","1","1","2"
"左厢讥察霍定","1","1","2"
"外路六品上官","2","0","2"
"户部令史苏唐","1","1","2"
"泰安军副使张","1","1","2"
"安军副使张天","1","1","2"
"军副使张天翼","1","1","2"
"工部尚书粘割","1","1","2"
"部尚书粘割贞","1","1","2"
"尚书粘割贞死","1","1","2"
"安军节度使行","1","1","2"
"军节度使行元","1","1","2"
"节度使行元帅","1","1","2"
"度使行元帅府","1","1","2"
"使行元帅府事","1","1","2"
"行元帅府事古","1","1","2"
"元帅府事古里","1","1","2"
"帅府事古里甲","1","1","2"
"霍州刺史移剌","1","1","2"
"州刺史移剌阿","1","1","2"
"刺史移剌阿里","1","1","2"
"史移剌阿里合","1","1","2"
"移剌阿里合等","1","1","2"
"剌阿里合等死","1","1","2"
"招抚副使术虎","1","1","2"
"抚副使术虎移","1","1","2"
"副使术虎移剌","1","1","2"
"使术虎移剌答","1","1","2"
"术虎移剌答追","1","1","2"
"户部侍郎张师","1","1","2"
"部侍郎张师鲁","1","1","2"
"侍郎张师鲁上","1","1","2"
"郎张师鲁上书","1","1","2"
"御史蒲鲁虎奉","1","1","2"
"史蒲鲁虎奉诏","1","1","2"
"林州元帅惟良","1","1","2"
"州元帅惟良擒","1","1","2"
"吏部尚书李复","1","1","2"
"部尚书李复亨","1","1","2"
"南京兵马使术","1","1","2"
"京兵马使术甲","1","1","2"
"兵马使术甲赛","1","1","2"
"平章政事高汝","1","1","2"
"章政事高汝砺","1","1","2"
"经略使完颜陈","1","1","2"
"犯鬼宿积尸气","1","1","2"
"丞完颜伯嘉提","1","1","2"
"完颜伯嘉提控","1","1","2"
"颜伯嘉提控防","1","1","2"
"伯嘉提控防城","1","1","2"
"嘉提控防城事","1","1","2"
"武军节度使柴","1","1","2"
"军节度使柴茂","1","1","2"
"祁州经略使段","1","1","2"
"州经略使段增","1","1","2"
"经略使段增顺","1","1","2"
"元帅石盏合喜","1","1","2"
"胡鲁权尚书右","1","1","2"
"鲁权尚书右丞","1","1","2"
"右监军权参知","1","1","2"
"监军权参知政","1","1","2"
"军权参知政事","1","1","2"
"同行尚书省元","1","1","2"
"东平元帅府总","1","1","2"
"定军节度使兀","1","1","2"
"军节度使兀颜","1","1","2"
"节度使兀颜畏","1","1","2"
"尚书省都事仆","1","1","2"
"书省都事仆散","1","1","2"
"省都事仆散奴","1","1","2"
"都事仆散奴失","1","1","2"
"马都尉徒单寿","1","1","2"
"都尉徒单寿春","1","1","2"
"宋宗室男女七","2","0","2"
"室男女七十余","2","0","2"
"男女七十余口","2","0","2"
"奏驸马都尉安","1","1","2"
"驸马都尉安贞","1","1","2"
"谓平章政事英","2","0","2"
"事英王守纯曰","2","0","2"
"单州招抚刘琼","1","1","2"
"州招抚刘琼乞","1","1","2"
"遣御史大夫纥","1","1","2"
"御史大夫纥石","1","1","2"
"史大夫纥石烈","1","1","2"
"大夫纥石烈胡","1","1","2"
"夫纥石烈胡失","1","1","2"
"纥石烈胡失门","1","1","2"
"右丞相高汝砺","1","1","2"
"陕西东路行省","1","1","2"
"西东路行省报","1","1","2"
"大军节度使完","1","1","2"
"节度使完颜六","1","1","2"
"度使完颜六斤","1","1","2"
"都监纥石烈鹤","1","1","2"
"监纥石烈鹤寿","1","1","2"
"右都监蒲察娄","1","1","2"
"都监蒲察娄室","1","1","2"
"安军节度使女","1","1","2"
"军节度使女奚","1","1","2"
"节度使女奚烈","1","1","2"
"度使女奚烈资","1","1","2"
"使女奚烈资禄","1","1","2"
"尚书右丞徒单","1","1","2"
"书右丞徒单思","1","1","2"
"右丞徒单思忠","1","1","2"
"上党公完颜开","1","1","2"
"积石州蕃族叛","1","1","2"
"国军节度使李","1","1","2"
"军节度使李复","1","1","2"
"节度使李复亨","1","1","2"
"同知定国军节","1","1","2"
"知定国军节度","1","1","2"
"国军节度使讹","1","1","2"
"司奏前奉御温","1","1","2"
"奏前奉御温敦","1","1","2"
"前奉御温敦太","1","1","2"
"奉御温敦太平","1","1","2"
"宜经略使纳合","1","1","2"
"经略使纳合六","1","1","2"
"略使纳合六哥","1","1","2"
"使纳合六哥等","1","1","2"
"纳合六哥等率","1","1","2"
"合六哥等率都","1","1","2"
"六哥等率都统","1","1","2"
"哥等率都统金","1","1","2"
"等率都统金山","1","1","2"
"率都统金山颜","1","1","2"
"都统金山颜俊","1","1","2"
"行尚书省蒙古","1","1","2"
"尚书省蒙古纲","1","1","2"
"前朝资明夫人","1","1","2"
"朝资明夫人郑","1","1","2"
"资明夫人郑氏","1","1","2"
"明夫人郑氏年","1","1","2"
"夫人郑氏年老","1","1","2"
"人郑氏年老侍","1","1","2"
"速召皇太子主","1","1","2"
"传遗诏立皇太","1","1","2"
"遗诏立皇太子","1","1","2"
"英王守纯先入","2","0","2"
"东宫亲卫军官","1","1","2"
"宫亲卫军官移","1","1","2"
"亲卫军官移剌","1","1","2"
"卫军官移剌蒲","1","1","2"
"军官移剌蒲阿","1","1","2"
"承安三年八月","1","1","2"
"安三年八月二","1","1","2"
"三年八月二十","1","1","2"
"年八月二十三","1","1","2"
"八月二十三日","1","1","2"
"月二十三日生","1","1","2"
"元光二年十二","1","1","2"
"光二年十二月","1","1","2"
"正大元年春正","1","1","2"
"大元年春正月","1","1","2"
"州节度使移剌","1","1","2"
"节度使移剌术","1","1","2"
"度使移剌术纳","1","1","2"
"使移剌术纳阿","1","1","2"
"移剌术纳阿卜","1","1","2"
"礼部尚书赵秉","1","1","2"
"部尚书赵秉文","1","1","2"
"太常卿杨云翼","1","1","2"
"常卿杨云翼等","1","1","2"
"平章政事荆王","1","1","2"
"参知政事仆散","1","1","2"
"知政事仆散五","1","1","2"
"政事仆散五斤","1","1","2"
"充大行山陵使","1","1","2"
"枢密判官移剌","1","1","2"
"密判官移剌蒲","1","1","2"
"官移剌蒲阿率","1","1","2"
"移剌蒲阿率兵","1","1","2"
"恒州刺史蒲察","1","1","2"
"州刺史蒲察合","1","1","2"
"刺史蒲察合住","1","1","2"
"面谕台谏完颜","1","1","2"
"谕台谏完颜素","1","1","2"
"台谏完颜素兰","1","1","2"
"宋人轻犯边界","2","0","2"
"国夫人车经御","1","1","2"
"夫人车经御路","1","1","2"
"平章政事英国","1","1","2"
"章政事英国公","1","1","2"
"政事英国公胥","1","1","2"
"事英国公胥鼎","1","1","2"
"下策弃秦保潼","2","0","2"
"策弃秦保潼关","2","0","2"
"赐军士柴炭银","1","1","2"
"枢密院判官移","1","1","2"
"密院判官移剌","1","1","2"
"院判官移剌蒲","1","1","2"
"蒲阿权枢密副","2","0","2"
"阿权枢密副使","2","0","2"
"召平章政事完","1","1","2"
"章政事完颜合","1","1","2"
"政事完颜合达","1","1","2"
"陇州防御使石","1","1","2"
"州防御使石抹","1","1","2"
"防御使石抹冬","1","1","2"
"会元帅颜盏虾","1","1","2"
"河清县白坡渡","1","1","2"
"左司郎中斜卯","1","1","2"
"司郎中斜卯爱","1","1","2"
"郎中斜卯爱实","1","1","2"
"中斜卯爱实上","1","1","2"
"斜卯爱实上书","1","1","2"
"卯爱实上书请","1","1","2"
"都尉乌林答胡","1","1","2"
"尉乌林答胡土","1","1","2"
"卫州节度使完","1","1","2"
"州节度使完颜","1","1","2"
"节度使完颜斜","1","1","2"
"度使完颜斜捻","1","1","2"
"使完颜斜捻阿","1","1","2"
"军元帅马伯坚","1","1","2"
"御使乌林答咬","1","1","2"
"使乌林答咬住","1","1","2"
"留守撒合辇投","1","1","2"
"守撒合辇投水","1","1","2"
"书左丞李蹊送","1","1","2"
"左丞李蹊送曹","1","1","2"
"丞李蹊送曹王","1","1","2"
"谏议大夫裴满","1","1","2"
"议大夫裴满阿","1","1","2"
"大夫裴满阿虎","1","1","2"
"夫裴满阿虎带","1","1","2"
"太府监国世荣","1","1","2"
"户部侍郎杨居","1","1","2"
"部侍郎杨居仁","1","1","2"
"侍郎杨居仁奉","1","1","2"
"郎杨居仁奉金","1","1","2"
"杨居仁奉金帛","1","1","2"
"两府器皿宫人","1","1","2"
"府器皿宫人衣","1","1","2"
"器皿宫人衣物","1","1","2"
"皿宫人衣物赐","1","1","2"
"巩昌元帅完颜","1","1","2"
"昌元帅完颜忽","1","1","2"
"元帅完颜忽斜","1","1","2"
"帅完颜忽斜虎","1","1","2"
"威都尉完颜兀","1","1","2"
"都尉完颜兀论","1","1","2"
"司农大卿蒲察","1","1","2"
"农大卿蒲察世","1","1","2"
"大卿蒲察世达","1","1","2"
"参知政事石盏","1","1","2"
"知政事石盏女","1","1","2"
"政事石盏女鲁","1","1","2"
"点检徒单长乐","1","1","2"
"左右司郎中张","1","1","2"
"右司郎中张天","1","1","2"
"司郎中张天纲","1","1","2"
"同佥大睦亲府","1","1","2"
"佥大睦亲府事","1","1","2"
"鲁山元帅元志","1","1","2"
"山元帅元志率","1","1","2"
"筑长垒围蔡城","1","1","2"
"左副都点检温","1","1","2"
"副都点检温敦","1","1","2"
"都点检温敦昌","1","1","2"
"点检温敦昌孙","1","1","2"
"检温敦昌孙战","1","1","2"
"献粮三十万石","1","1","2"
"粮三十万石助","1","1","2"
"宿州副总帅高","1","1","2"
"州副总帅高剌","1","1","2"
"副总帅高剌哥","1","1","2"
"总帅高剌哥战","1","1","2"
"都尉王爱实战","1","1","2"
"东面元帅承麟","1","1","2"
"四面呼声震天","1","1","2"
"面呼声震天地","1","1","2"
"景祖昭肃皇后","1","1","2"
"帅水隈鸦村唐","1","1","2"
"水隈鸦村唐括","1","1","2"
"隈鸦村唐括部","1","1","2"
"部人失束宽逃","1","1","2"
"慈明恭孝顺德","1","1","2"
"明恭孝顺德皇","1","1","2"
"恭孝顺德皇后","1","1","2"
"纳胙王常胜妃","1","1","2"
"胙王常胜妃撒","1","1","2"
"王常胜妃撒卯","1","1","2"
"常胜妃撒卯入","1","1","2"
"胜妃撒卯入宫","1","1","2"
"妃撒卯入宫继","1","1","2"
"窝谋罕离间部","1","1","2"
"谋罕离间部属","1","1","2"
"泰州司属司人","1","1","2"
"鲁勃极烈杲都","2","0","2"
"勃极烈杲都统","2","0","2"
"极烈杲都统内","2","0","2"
"烈杲都统内外","2","0","2"
"杲都统内外诸","2","0","2"
"骠骑卫上将军","1","1","2"
"左卫将军蒲察","1","1","2"
"卫将军蒲察沙","1","1","2"
"将军蒲察沙离","1","1","2"
"守城军官乌林","1","1","2"
"大兴少尹李天","1","1","2"
"兴少尹李天吉","1","1","2"
"兵部尚书喜谋","2","0","2"
"璋赴元帅都监","1","1","2"
"赴元帅都监徒","1","1","2"
"元帅都监徒单","1","1","2"
"帅都监徒单合","1","1","2"
"监徒单合喜军","1","1","2"
"徒单合喜军前","1","1","2"
"单合喜军前任","1","1","2"
"合喜军前任使","1","1","2"
"权副统完颜习","1","1","2"
"副统完颜习尼","1","1","2"
"统完颜习尼列","1","1","2"
"押军猛安石抹","1","1","2"
"军猛安石抹许","1","1","2"
"猛安石抹许里","1","1","2"
"安石抹许里阿","1","1","2"
"万户特里失乌","1","1","2"
"押军猛安奚庆","1","1","2"
"军猛安奚庆喜","1","1","2"
"宋戍军宝鸡西","2","0","2"
"尹乌延蒲离黑","1","1","2"
"合喜璋权都统","2","0","2"
"遣统军都监泥","1","1","2"
"统军都监泥河","1","1","2"
"万户石抹迭勒","1","1","2"
"武威军副总管","1","1","2"
"威军副总管夹","1","1","2"
"军副总管夹古","1","1","2"
"副总管夹古查","1","1","2"
"御史中丞达吉","1","1","2"
"史中丞达吉视","1","1","2"
"陕西路统军司","1","1","2"
"祖武元皇帝受","2","0","2"
"奏告天地宗庙","1","1","2"
"告天地宗庙社","1","1","2"
"天地宗庙社稷","1","1","2"
"副使客省使高","1","1","2"
"使客省使高翊","1","1","2"
"山东西路蒲底","1","1","2"
"东西路蒲底山","1","1","2"
"镇东军节度使","1","1","2"
"熙宗尊号册文","1","1","2"
"朕屈己待臣下","1","1","2"
"女直郡望姓氏","1","1","2"
"直郡望姓氏谱","1","1","2"
"马纪岭劾保村","1","1","2"
"纪岭劾保村完","1","1","2"
"岭劾保村完颜","1","1","2"
"劾保村完颜部","1","1","2"
"浑水纥石烈部","1","1","2"
"水纥石烈部腊","1","1","2"
"纥石烈部腊醅","1","1","2"
"混同江蜀束水","1","1","2"
"同江蜀束水人","1","1","2"
"石卢斡勒勃堇","1","1","2"
"耶悔水纳喝部","1","1","2"
"乌春窝谋罕城","1","1","2"
"阿鲁补率兵四","1","1","2"
"阿鲁补二谋克","1","1","2"
"鲁补二谋克先","1","1","2"
"补二谋克先登","1","1","2"
"大名开德路都","1","1","2"
"名开德路都统","1","1","2"
"猛安亲管谋克","2","0","2"
"宗翰完颜希尹","2","0","2"
"翰完颜希尹贺","2","0","2"
"完颜希尹贺捷","2","0","2"
"诏图像衍庆宫","2","0","2"
"威顺皇后徒单","1","1","2"
"顺皇后徒单氏","1","1","2"
"外兄乌葛名善","1","1","2"
"疑术甲孛里笃","1","1","2"
"进封金源郡王","2","0","2"
"苏滨水含国部","1","1","2"
"滨水含国部斡","1","1","2"
"水含国部斡豁","1","1","2"
"含国部斡豁勃","1","1","2"
"国部斡豁勃堇","1","1","2"
"收国二年四月","1","1","2"
"都统斡鲁古等","1","1","2"
"太祖下宁江州","1","1","2"
"东京人恩胜奴","1","1","2"
"招降烛偎水部","1","1","2"
"渤海乙塞补叛","1","1","2"
"益海路太弯照","1","1","2"
"海路太弯照撒","1","1","2"
"路太弯照撒等","1","1","2"
"辽都统耶律讹","2","0","2"
"耶律讹里朵二","2","0","2"
"律讹里朵二十","2","0","2"
"讹里朵二十余","2","0","2"
"里朵二十余万","2","0","2"
"九百奚营等部","1","1","2"
"败辽兵万余白","2","0","2"
"辽兵万余白马","2","0","2"
"兵万余白马泺","2","0","2"
"娄室等追白水","2","0","2"
"室等追白水泺","2","0","2"
"大册使习泥烈","1","1","2"
"招讨都监马五","1","1","2"
"节度使耿守忠","1","1","2"
"度使耿守忠等","1","1","2"
"进攻宋制置使","1","1","2"
"攻宋制置使姚","1","1","2"
"宋制置使姚古","1","1","2"
"改配享太祖庙","1","1","2"
"卒挥刀向拔离","1","1","2"
"挥刀向拔离速","1","1","2"
"元帅右监军撒","1","1","2"
"帅右监军撒离","1","1","2"
"观察使李世辅","1","1","2"
"北两路兵马都","1","1","2"
"两路兵马都总","1","1","2"
"行台吏部工部","1","1","2"
"台吏部工部侍","1","1","2"
"吏部工部侍郎","1","1","2"
"山西路统军使","1","1","2"
"西北两路招讨","1","1","2"
"北两路招讨兵","1","1","2"
"两路招讨兵马","1","1","2"
"陕西统军徒单","1","1","2"
"西统军徒单合","1","1","2"
"统军徒单合喜","1","1","2"
"山东诸路州镇","1","1","2"
"泥马槽二万具","1","1","2"
"大定元年十一","1","1","2"
"定元年十一月","1","1","2"
"同知留守璋请","1","1","2"
"牛羊六千五百","1","1","2"
"神略军都总管","1","1","2"
"河南路副都统","1","1","2"
"杀刺史乌古孙","2","0","2"
"史乌古孙麻泼","1","1","2"
"宗尹遣万户孛","2","0","2"
"尹遣万户孛术","2","0","2"
"遣万户孛术鲁","2","0","2"
"前任点检京尹","1","1","2"
"置山东路统军","1","1","2"
"山东路统军司","1","1","2"
"宗尹治家严密","1","1","2"
"签大宗正事宗","1","1","2"
"大宗正事宗宁","1","1","2"
"世袭千户谋克","1","1","2"
"千户驸马石家","1","1","2"
"户驸马石家奴","1","1","2"
"驸马石家奴护","1","1","2"
"宿直将军晁霞","1","1","2"
"契丹大小字汉","2","0","2"
"丹大小字汉字","2","0","2"
"安国等军节度","1","1","2"
"武平等军都总","1","1","2"
"平等军都总管","1","1","2"
"天辅五年四月","1","1","2"
"宗峻合紥猛安","2","0","2"
"取中京实北京","2","0","2"
"大败奚王霞末","1","1","2"
"子晋王敖鲁斡","1","1","2"
"宗干劝杲宗翰","2","0","2"
"干劝杲宗翰策","2","0","2"
"期羊城泺会军","2","0","2"
"西路州县部族","1","1","2"
"略使张孝纯等","1","1","2"
"宋少帝诣军前","2","0","2"
"勖就军中劳赐","2","0","2"
"就军中劳赐宗","2","0","2"
"军中劳赐宗翰","2","0","2"
"宋二主宗族四","2","0","2"
"二主宗族四百","2","0","2"
"主宗族四百七","2","0","2"
"族四百七十余","2","0","2"
"四百七十余人","2","0","2"
"知府权邦彦弃","1","1","2"
"府权邦彦弃家","1","1","2"
"知济南府刘豫","1","1","2"
"称大宋皇帝构","1","1","2"
"大宋皇帝构致","1","1","2"
"宋皇帝构致书","1","1","2"
"构谨致书元帅","1","1","2"
"宗谙班勃极烈","2","0","2"
"秦晋国王捏里","1","1","2"
"请徙西南招讨","2","0","2"
"徙西南招讨司","2","0","2"
"西南招讨司诸","2","0","2"
"南招讨司诸部","2","0","2"
"招讨司诸部内","2","0","2"
"讨司诸部内地","2","0","2"
"辽主望见大惊","1","1","2"
"都统林牙大石","1","1","2"
"赵王妃斡里衍","1","1","2"
"蜀国公主余里","1","1","2"
"国公主余里衍","1","1","2"
"伪都统张敦固","1","1","2"
"将节度使度卢","1","1","2"
"节度使度卢斡","1","1","2"
"尚书省令史萧","1","1","2"
"书省令史萧玉","1","1","2"
"卫将军徒单特","1","1","2"
"将军徒单特思","1","1","2"
"近侍局副使耶","1","1","2"
"侍局副使耶律","1","1","2"
"局副使耶律辟","1","1","2"
"副使耶律辟离","1","1","2"
"大宗正事宗美","1","1","2"
"益都尹毕王宗","1","1","2"
"都尹毕王宗哲","1","1","2"
"左宣徽使京等","1","1","2"
"中京留守宗雅","1","1","2"
"京留守宗雅喜","1","1","2"
"太仓都监焦子","1","1","2"
"仓都监焦子忠","1","1","2"
"礼乐图书文籍","1","1","2"
"希尹获辽护卫","2","0","2"
"尹获辽护卫习","2","0","2"
"辽主鸳鸯泺畋","2","0","2"
"主鸳鸯泺畋猎","2","0","2"
"宗干率精兵六","1","1","2"
"干率精兵六千","1","1","2"
"王耶律捏里立","2","0","2"
"耶律捏里立燕","2","0","2"
"文武百官同心","1","1","2"
"武百官同心推","1","1","2"
"残害大金人民","1","1","2"
"抚使马世元率","1","1","2"
"明州二十五里","1","1","2"
"镇江溯流西上","1","1","2"
"老鹳河故道开","1","1","2"
"宋主遣端明殿","2","0","2"
"主遣端明殿学","2","0","2"
"端明殿学士韩","1","1","2"
"明殿学士韩肖","1","1","2"
"殿学士韩肖胄","1","1","2"
"学士韩肖胄奉","1","1","2"
"士韩肖胄奉表","1","1","2"
"挞懒燕京南走","2","0","2"
"行台尚书省治","1","1","2"
"山后诸部族隶","1","1","2"
"遣护卫将军撒","1","1","2"
"护卫将军撒改","1","1","2"
"殿学士何铸等","1","1","2"
"学士何铸等进","1","1","2"
"婆卢火护送常","1","1","2"
"卢火护送常胜","1","1","2"
"火护送常胜军","1","1","2"
"劾山速古部奚","1","1","2"
"山速古部奚人","1","1","2"
"部分南路边界","1","1","2"
"外戚遥辇昭古","1","1","2"
"戚遥辇昭古牙","1","1","2"
"村堡五百八十","1","1","2"
"天会四年八月","1","1","2"
"获京东路都总","1","1","2"
"京东路都总管","1","1","2"
"东路都总管胡","1","1","2"
"路都总管胡直","1","1","2"
"都总管胡直孺","1","1","2"
"南路都统制隋","1","1","2"
"路都统制隋师","1","1","2"
"都统制隋师元","1","1","2"
"太宗长子宗磐","2","0","2"
"宗翰都统军事","1","1","2"
"奚王回离保军","1","1","2"
"同签书燕京枢","1","1","2"
"签书燕京枢密","1","1","2"
"书燕京枢密院","1","1","2"
"燕京枢密院事","1","1","2"
"京枢密院事赵","1","1","2"
"枢密院事赵庆","1","1","2"
"密院事赵庆袭","1","1","2"
"枢密副都承旨","1","1","2"
"迁尚书左仆射","2","0","2"
"企先博通经史","1","1","2"
"淮南东路兵马","1","1","2"
"南东路兵马钤","1","1","2"
"东路兵马钤辖","1","1","2"
"武泰军承宣使","1","1","2"
"山东路弩手千","1","1","2"
"东路弩手千户","1","1","2"
"元帅国王亲临","1","1","2"
"翰林学士知制","1","1","2"
"林学士知制诰","1","1","2"
"河内郡开国公","1","1","2"
"家奴杜天佛留","1","1","2"
"奴杜天佛留告","1","1","2"
"忻州户曹参军","1","1","2"
"阁门舍人朱弁","1","1","2"
"左副元帅守汴","1","1","2"
"副元帅守汴京","1","1","2"
"天水郡王丧柩","2","0","2"
"保信军节度使","1","1","2"
"信军节度使蓝","1","1","2"
"军节度使蓝公","1","1","2"
"节度使蓝公佐","1","1","2"
"台尚书省事左","1","1","2"
"尚书省事左丞","1","1","2"
"书省事左丞相","1","1","2"
"山东西路都转","1","1","2"
"东西路都转运","1","1","2"
"西路都转运使","1","1","2"
"平州路转运使","1","1","2"
"药师诸卫上将","1","1","2"
"师诸卫上将军","1","1","2"
"姓者皆复本姓","2","0","2"
"同知横海军节","1","1","2"
"知横海军节度","1","1","2"
"同知景州军州","1","1","2"
"知景州军州事","1","1","2"
"监察御史分司","1","1","2"
"察御史分司行","1","1","2"
"御史分司行台","1","1","2"
"同知济州防御","1","1","2"
"知济州防御使","1","1","2"
"济州防御使事","1","1","2"
"转泗州防御使","1","1","2"
"迁蒲路节度使","2","0","2"
"加左散骑常侍","1","1","2"
"德军节度使事","1","1","2"
"桂州管内观察","1","1","2"
"州管内观察留","1","1","2"
"管内观察留后","1","1","2"
"同知州事迪里","1","1","2"
"知州事迪里讨","1","1","2"
"静江军节度留","1","1","2"
"江军节度留后","1","1","2"
"汴京步军都指","1","1","2"
"京步军都指挥","1","1","2"
"加银青光禄大","2","0","2"
"咸平总管府判","1","1","2"
"平总管府判官","1","1","2"
"充管押东京路","1","1","2"
"管押东京路渤","1","1","2"
"押东京路渤海","1","1","2"
"东京路渤海万","1","1","2"
"京路渤海万户","1","1","2"
"同知延安尹李","1","1","2"
"知延安尹李老","1","1","2"
"延安尹李老僧","1","1","2"
"易州太宁山下","1","1","2"
"海陵中伤胙王","1","1","2"
"承应御前文字","1","1","2"
"提点缮修大内","1","1","2"
"权签宣徽院事","1","1","2"
"管勾御前文字","1","1","2"
"太子光英南京","2","0","2"
"员外郎完颜谋","1","1","2"
"外郎完颜谋衍","1","1","2"
"纥石烈志宁等","1","1","2"
"左宣徽使赵兴","1","1","2"
"宣徽使赵兴祥","1","1","2"
"平定州酒监公","1","1","2"
"定州酒监公史","1","1","2"
"尚书省掾李秉","1","1","2"
"书省掾李秉钧","1","1","2"
"省掾李秉钧上","1","1","2"
"掾李秉钧上言","1","1","2"
"资政大夫祁宰","1","1","2"
"天辅三年六月","1","1","2"
"大册使太傅习","1","1","2"
"册使太傅习泥","1","1","2"
"使太傅习泥烈","1","1","2"
"贞元二年十月","1","1","2"
"复乌林答赞谟","1","1","2"
"提点河北西路","1","1","2"
"点河北西路钱","1","1","2"
"河北西路钱帛","1","1","2"
"北西路钱帛事","1","1","2"
"同知燕京留守","1","1","2"
"家奴李街喜等","1","1","2"
"补元帅府令史","1","1","2"
"钱帛司都管勾","1","1","2"
"都元帅府知事","1","1","2"
"西北路部族谋","1","1","2"
"调诸路兵伐宋","2","0","2"
"胡里改三路事","1","1","2"
"阴结会宁尹完","2","0","2"
"结会宁尹完颜","2","0","2"
"移剌曷补等九","1","1","2"
"剌曷补等九人","1","1","2"
"河北东路兵马","1","1","2"
"北东路兵马总","1","1","2"
"东路兵马总管","1","1","2"
"邻字太涉平易","1","1","2"
"上责问六年详","1","1","2"
"责问六年详读","1","1","2"
"问六年详读官","1","1","2"
"六年详读官刘","1","1","2"
"年详读官刘仲","1","1","2"
"详读官刘仲渊","1","1","2"
"景仁迁翰林学","2","0","2"
"仁迁翰林学士","2","0","2"
"迁翰林学士同","2","0","2"
"台中治监察罪","1","1","2"
"平章政事乌古","1","1","2"
"章政事乌古论","1","1","2"
"政事乌古论元","1","1","2"
"事乌古论元忠","1","1","2"
"都水监丞高杲","1","1","2"
"水监丞高杲寿","1","1","2"
"监丞高杲寿治","1","1","2"
"丞高杲寿治道","1","1","2"
"高杲寿治道路","1","1","2"
"左宣徽使蒲察","1","1","2"
"宣徽使蒲察鼎","1","1","2"
"徽使蒲察鼎寿","1","1","2"
"使蒲察鼎寿传","1","1","2"
"蒲察鼎寿传诏","1","1","2"
"元妃张氏陪葬","1","1","2"
"二十五年六月","1","1","2"
"加奉国上将军","2","0","2"
"永中修公廨钱","1","1","2"
"中修公廨钱三","1","1","2"
"修公廨钱三百","1","1","2"
"公廨钱三百万","1","1","2"
"明昌二年正月","1","1","2"
"二年正月辛酉","2","0","2"
"判真定府事吴","1","1","2"
"真定府事吴王","1","1","2"
"武军节度使隋","1","1","2"
"军节度使隋王","1","1","2"
"置诸王司马一","1","1","2"
"诸王司马一员","1","1","2"
"河东提刑判官","1","1","2"
"前近侍局副使","1","1","2"
"近侍局副使裴","1","1","2"
"侍局副使裴满","1","1","2"
"改同知西京留","2","0","2"
"故尚书右丞张","1","1","2"
"尚书右丞张汝","1","1","2"
"书右丞张汝弼","1","1","2"
"汝弼妻高陀斡","2","0","2"
"傅尉奏永中第","2","0","2"
"尉奏永中第四","2","0","2"
"奏永中第四子","2","0","2"
"大睦亲府事袴","2","0","2"
"家奴德哥首永","2","0","2"
"奴德哥首永中","2","0","2"
"德哥首永中尝","2","0","2"
"哥首永中尝侍","2","0","2"
"首永中尝侍妾","2","0","2"
"永中尝侍妾瑞","2","0","2"
"兵部侍郎乌古","1","1","2"
"部侍郎乌古论","1","1","2"
"侍郎乌古论庆","1","1","2"
"郎乌古论庆裔","1","1","2"
"参知政事马琪","1","1","2"
"宫籍监丞卢利","1","1","2"
"东平人李宁居","1","1","2"
"亳州谯县人孙","1","1","2"
"州谯县人孙学","1","1","2"
"谯县人孙学究","1","1","2"
"县人孙学究私","1","1","2"
"人孙学究私造","1","1","2"
"孙学究私造妖","1","1","2"
"学究私造妖言","1","1","2"
"判彰德军节度","1","1","2"
"见赤气犯紫微","1","1","2"
"河南统军使仆","1","1","2"
"南统军使仆散","1","1","2"
"统军使仆散揆","1","1","2"
"妹泽国公主长","1","1","2"
"泽国公主长乐","1","1","2"
"驸马都尉蒲剌","1","1","2"
"马都尉蒲剌睹","1","1","2"
"诏平章政事完","1","1","2"
"户部尚书杨伯","1","1","2"
"部尚书杨伯通","1","1","2"
"知大兴府事尼","1","1","2"
"大兴府事尼庞","1","1","2"
"兴府事尼庞古","1","1","2"
"府事尼庞古鉴","1","1","2"
"右丞相夹谷清","1","1","2"
"丞相夹谷清臣","1","1","2"
"五官杂班叙使","1","1","2"
"活活土世袭猛","1","1","2"
"活土世袭猛安","1","1","2"
"国军节度使移","1","1","2"
"节度使移剌胡","1","1","2"
"度使移剌胡剌","1","1","2"
"随引医人沈思","1","1","2"
"引医人沈思存","1","1","2"
"治府掾长史管","1","1","2"
"府掾长史管辖","1","1","2"
"掾长史管辖府","1","1","2"
"长史管辖府事","1","1","2"
"平阳治中高德","1","1","2"
"阳治中高德裔","1","1","2"
"治中高德裔失","1","1","2"
"鲁古世袭猛安","1","1","2"
"太学博士王彦","1","1","2"
"学博士王彦潜","1","1","2"
"世袭山东东路","1","1","2"
"中都路胡土霭","1","1","2"
"都路胡土霭哥","1","1","2"
"路胡土霭哥蛮","1","1","2"
"胡土霭哥蛮猛","1","1","2"
"土霭哥蛮猛安","1","1","2"
"汴京都巡检使","1","1","2"
"汴京马军副都","1","1","2"
"京马军副都指","1","1","2"
"马军副都指挥","1","1","2"
"海陵迁都燕京","1","1","2"
"世宗留守东京","1","1","2"
"军李蒲速越知","1","1","2"
"知中都留守蒲","1","1","2"
"中都留守蒲察","1","1","2"
"都留守蒲察沙","1","1","2"
"留守蒲察沙离","1","1","2"
"尚书梁钅求上","1","1","2"
"官吏士卒俸粟","1","1","2"
"吏士卒俸粟支","1","1","2"
"士卒俸粟支帖","1","1","2"
"卒俸粟支帖真","1","1","2"
"俸粟支帖真伪","1","1","2"
"粟支帖真伪相","1","1","2"
"支帖真伪相杂","1","1","2"
"乌古论三合守","1","1","2"
"古论三合守卫","1","1","2"
"论三合守卫中","1","1","2"
"三合守卫中都","1","1","2"
"京府节镇运司","1","1","2"
"府节镇运司长","1","1","2"
"节镇运司长佐","1","1","2"
"镇运司长佐三","1","1","2"
"运司长佐三员","1","1","2"
"少尹节度转运","1","1","2"
"尹节度转运副","1","1","2"
"转运副使中廉","1","1","2"
"府监张仅言监","1","1","2"
"监张仅言监护","1","1","2"
"纥石烈良弼皆","2","0","2"
"台答蔼二猛安","1","1","2"
"府吏张谋鲁瓦","1","1","2"
"吏张谋鲁瓦等","1","1","2"
"福寿等向南指","1","1","2"
"婆速路兵马都","1","1","2"
"管完颜谋衍劝","1","1","2"
"石烈志宁北京","2","0","2"
"帅左都监吾紥","2","0","2"
"世宗纥石烈志","2","0","2"
"宗纥石烈志宁","2","0","2"
"授兴平军节度","1","1","2"
"济州路诸军事","1","1","2"
"泰州路颜河世","1","1","2"
"州路颜河世袭","1","1","2"
"路颜河世袭谋","1","1","2"
"颜河世袭谋克","1","1","2"
"开远军节度使","1","1","2"
"追霿｛雨松｝","2","0","2"
"丞仆散忠义请","1","1","2"
"贼见左翼南冈","2","0","2"
"右翼万户乌延","1","1","2"
"翼万户乌延查","1","1","2"
"万户乌延查剌","1","1","2"
"志宁夹谷清臣","2","0","2"
"母徐辇举营落","2","0","2"
"徐辇举营落括","2","0","2"
"辇举营落括冈","2","0","2"
"举营落括冈西","2","0","2"
"志宁获贼将稍","2","0","2"
"宁获贼将稍合","2","0","2"
"获贼将稍合住","2","0","2"
"神独斡执窝斡","2","0","2"
"移牒宋枢密使","2","0","2"
"牒宋枢密使张","2","0","2"
"宋枢密使张浚","2","0","2"
"归德尹术甲撒","1","1","2"
"德尹术甲撒速","1","1","2"
"万户温迪罕速","1","1","2"
"定三年五月二","1","1","2"
"三年五月二十","1","1","2"
"年五月二十日","1","1","2"
"帅仆散忠义移","1","1","2"
"仆散忠义移军","1","1","2"
"约岁币二十万","2","0","2"
"岁币二十万两","2","0","2"
"凤翔尹孛术鲁","1","1","2"
"翔尹孛术鲁定","1","1","2"
"尹孛术鲁定方","1","1","2"
"蒲里衍一百贯","1","1","2"
"权猛安二百贯","1","1","2"
"权谋克一百五","1","1","2"
"谋克一百五十","1","1","2"
"克一百五十贯","1","1","2"
"权蒲里衍七十","1","1","2"
"蒲里衍七十贯","1","1","2"
"志宁驻军南京","1","1","2"
"七年十一月八","1","1","2"
"年十一月八日","1","1","2"
"黄金五百两赐","2","0","2"
"赙银千五百两","2","0","2"
"上京拔卢古河","1","1","2"
"京拔卢古河人","1","1","2"
"汉南路行营副","1","1","2"
"南路行营副统","1","1","2"
"路行营副统制","1","1","2"
"功者依格迁赏","2","0","2"
"左副元帅志宁","2","0","2"
"宋将李世辅果","1","1","2"
"知枢密院事洪","1","1","2"
"枢密院事洪遵","1","1","2"
"计议官卢仲贤","1","1","2"
"右仆射汤思退","1","1","2"
"泗州防御判官","1","1","2"
"州防御判官张","1","1","2"
"防御判官张德","1","1","2"
"御判官张德亨","1","1","2"
"礼部尚书魏杞","1","1","2"
"叔大金圣明仁","1","1","2"
"大金圣明仁孝","1","1","2"
"金圣明仁孝皇","1","1","2"
"太子詹事杨伯","1","1","2"
"子詹事杨伯雄","1","1","2"
"十七万三千三","1","1","2"
"七万三千三百","1","1","2"
"十一万六千二","1","1","2"
"一万六千二百","1","1","2"
"虞候司军共选","1","1","2"
"候司军共选一","1","1","2"
"司军共选一万","1","1","2"
"军共选一万五","1","1","2"
"共选一万五千","1","1","2"
"裴满子宁佩金","1","1","2"
"满子宁佩金牌","1","1","2"
"右监军宗叙留","1","1","2"
"监军宗叙留驻","1","1","2"
"军宗叙留驻南","1","1","2"
"宗叙留驻南京","1","1","2"
"事唐括安礼护","1","1","2"
"都转运副使王","1","1","2"
"转运副使王震","1","1","2"
"左副点检乌古","1","1","2"
"副点检乌古论","1","1","2"
"金源郡王娄室","1","1","2"
"统军都监石抹","1","1","2"
"军都监石抹迭","1","1","2"
"都监石抹迭勒","1","1","2"
"万户完颜习尼","1","1","2"
"户完颜习尼列","1","1","2"
"节度使乌延蒲","1","1","2"
"度使乌延蒲离","1","1","2"
"使乌延蒲离黑","1","1","2"
"乌延蒲离黑统","1","1","2"
"德顺城南小溪","1","1","2"
"顺城南小溪边","1","1","2"
"押军猛安温敦","1","1","2"
"军猛安温敦蒲","1","1","2"
"猛安温敦蒲里","1","1","2"
"安温敦蒲里海","1","1","2"
"温敦蒲里海身","1","1","2"
"敦蒲里海身先","1","1","2"
"蒲里海身先士","1","1","2"
"里海身先士卒","1","1","2"
"庆阳尹乌延蒲","1","1","2"
"阳尹乌延蒲辖","1","1","2"
"尹乌延蒲辖奴","1","1","2"
"延安尹高景山","1","1","2"
"乌延蒲里黑军","1","1","2"
"临洮少尹纥石","1","1","2"
"洮少尹纥石烈","1","1","2"
"少尹纥石烈骚","1","1","2"
"尹纥石烈骚洽","1","1","2"
"张安抚守德顺","1","1","2"
"奏睿宗收复陕","1","1","2"
"睿宗收复陕西","1","1","2"
"一千二百五十","1","1","2"
"千二百五十两","1","1","2"
"授世袭本猛安","1","1","2"
"世袭本猛安曷","1","1","2"
"袭本猛安曷懒","1","1","2"
"本猛安曷懒若","1","1","2"
"猛安曷懒若窟","1","1","2"
"安曷懒若窟申","1","1","2"
"刑部尚书娄室","1","1","2"
"部尚书娄室言","1","1","2"
"尚书娄室言行","1","1","2"
"书娄室言行端","1","1","2"
"娄室言行端正","1","1","2"
"世宗谓良弼曰","2","0","2"
"山东两路猛安","1","1","2"
"东两路猛安谋","1","1","2"
"两路猛安谋克","1","1","2"
"猛安谋克百姓","2","0","2"
"安谋克百姓杂","2","0","2"
"丞完颜守道奏","1","1","2"
"同修国史张景","2","0","2"
"修国史张景仁","2","0","2"
"平章政事思敬","1","1","2"
"同知清州防御","1","1","2"
"知清州防御事","1","1","2"
"清州防御事常","1","1","2"
"州防御事常德","1","1","2"
"防御事常德晖","1","1","2"
"御事常德晖上","1","1","2"
"事常德晖上书","1","1","2"
"卿等注意选择","1","1","2"
"夏国王李仁孝","1","1","2"
"臣等陛下访察","2","0","2"
"论猛安谋克官","1","1","2"
"工部尚书张子","1","1","2"
"部尚书张子颜","1","1","2"
"参知政事移剌","1","1","2"
"知政事移剌道","1","1","2"
"参政魏子平请","1","1","2"
"居乌古里石垒","1","1","2"
"乌古里石垒部","1","1","2"
"右丞相完颜守","1","1","2"
"授胡论宋葛猛","1","1","2"
"胡论宋葛猛安","1","1","2"
"丞相良弼拟注","1","1","2"
"相良弼拟注差","1","1","2"
"良弼拟注差除","1","1","2"
"遣太府监移剌","1","1","2"
"知西京留守王","1","1","2"
"西京留守王佐","1","1","2"
"命翰林待制移","1","1","2"
"林待制移剌履","1","1","2"
"待制移剌履勒","1","1","2"
"制移剌履勒铭","1","1","2"
"移剌履勒铭墓","1","1","2"
"剌履勒铭墓碑","1","1","2"
"行台礼部主事","1","1","2"
"擢左谏议大夫","2","0","2"
"苏保衡监护十","1","1","2"
"保衡监护十六","1","1","2"
"衡监护十六位","1","1","2"
"监护十六位工","1","1","2"
"护十六位工役","1","1","2"
"费钱三十万贯","1","1","2"
"玄宗开元十一","1","1","2"
"宗开元十一年","1","1","2"
"奉太祖皇帝配","1","1","2"
"熙宗尊谥太祖","1","1","2"
"载五浊恶世佛","1","1","2"
"十一年十二月","1","1","2"
"一年十二月十","1","1","2"
"年十二月十七","1","1","2"
"二月十七日先","1","1","2"
"朝奏屏人议事","2","0","2"
"周成王剪桐叶","1","1","2"
"平章政事唐括","1","1","2"
"章政事唐括安","1","1","2"
"参政粘割斡特","1","1","2"
"政粘割斡特剌","1","1","2"
"左司郎中粘割","1","1","2"
"司郎中粘割斡","1","1","2"
"郎中粘割斡特","1","1","2"
"中粘割斡特剌","1","1","2"
"察御史完颜觌","1","1","2"
"御史完颜觌古","1","1","2"
"史完颜觌古速","1","1","2"
"契丹押剌四人","1","1","2"
"遣同签枢密院","1","1","2"
"签枢密院事纥","1","1","2"
"枢密院事纥石","1","1","2"
"密院事纥石烈","1","1","2"
"院事纥石烈奥","1","1","2"
"吏部郎中裴满","1","1","2"
"部郎中裴满余","1","1","2"
"郎中裴满余庆","1","1","2"
"兵部郎中移剌","1","1","2"
"部郎中移剌子","1","1","2"
"郎中移剌子元","1","1","2"
"驸马都尉赛一","1","1","2"
"昭武大将军术","1","1","2"
"武大将军术鲁","1","1","2"
"大将军术鲁古","1","1","2"
"吾卫上将军蒲","1","1","2"
"卫上将军蒲都","1","1","2"
"右丞蒲察通同","1","1","2"
"丞蒲察通同日","1","1","2"
"中都转运使事","1","1","2"
"贺宋主生日使","1","1","2"
"调兵家子弟补","1","1","2"
"合设置射粮军","1","1","2"
"设置射粮军数","1","1","2"
"前日令内任官","1","1","2"
"日令内任官六","1","1","2"
"令内任官六品","1","1","2"
"祁州刺史斜哥","1","1","2"
"沧州同知讹里","1","1","2"
"易州同知讹里","1","1","2"
"州同知讹里剌","1","1","2"
"楚丘县令刘春","1","1","2"
"丘县令刘春哥","1","1","2"
"居注粘割斡特","1","1","2"
"注粘割斡特剌","1","1","2"
"平州观察判官","1","1","2"
"入户部员外郎","2","0","2"
"行台省工部员","1","1","2"
"台省工部员外","1","1","2"
"省工部员外郎","1","1","2"
"工部员外郎张","1","1","2"
"部员外郎张子","1","1","2"
"孟浩等三十四","1","1","2"
"浩等三十四人","1","1","2"
"浩等三十二人","1","1","2"
"东宫凉楼增建","1","1","2"
"宫凉楼增建殿","1","1","2"
"凉楼增建殿位","1","1","2"
"参政孟浩公正","1","1","2"
"政孟浩公正敢","1","1","2"
"孟浩公正敢言","1","1","2"
"故吏部侍郎田","1","1","2"
"部侍郎田珏等","1","1","2"
"入尚书省令史","2","0","2"
"定海军节度副","1","1","2"
"海军节度副使","1","1","2"
"迁山东西路转","2","0","2"
"东西路转运副","1","1","2"
"西路转运副使","1","1","2"
"宛平赵植上书","1","1","2"
"上林署令胡守","1","1","2"
"林署令胡守忠","1","1","2"
"前蓟州刺史完","1","1","2"
"蓟州刺史完颜","1","1","2"
"刺史完颜守道","1","1","2"
"前中都警巡使","1","1","2"
"中都警巡使梁","1","1","2"
"都警巡使梁肃","1","1","2"
"都转运副使改","1","1","2"
"左谏议大夫奚","1","1","2"
"谏议大夫奚吁","1","1","2"
"秘书少监移剌","1","1","2"
"书少监移剌子","1","1","2"
"少监移剌子敬","1","1","2"
"北东路转运副","1","1","2"
"宫中造车银钉","1","1","2"
"中造车银钉叶","1","1","2"
"同安主簿高旭","1","1","2"
"十四年正旦使","1","1","2"
"都管赵王府长","1","1","2"
"管赵王府长史","1","1","2"
"县令中留十人","1","1","2"
"令中留十人备","1","1","2"
"武军节度使邓","1","1","2"
"军节度使邓秉","1","1","2"
"节度使邓秉钧","1","1","2"
"度使邓秉钧陈","1","1","2"
"问宰相张汝弼","1","1","2"
"中都一路上农","1","1","2"
"都一路上农夫","1","1","2"
"物力六十余贯","1","1","2"
"秘书少监石抹","1","1","2"
"书少监石抹颐","1","1","2"
"猛安谋克随班","2","0","2"
"举同知宣徽院","1","1","2"
"知宣徽院事移","1","1","2"
"签宣徽院事移","1","1","2"
"移剌神独斡侍","1","1","2"
"左拾遗杨伯仁","1","1","2"
"燕京行台省都","1","1","2"
"京行台省都事","1","1","2"
"摄右司员外郎","1","1","2"
"改中都路都转","2","0","2"
"御史中丞李筹","1","1","2"
"刑部侍郎萧中","1","1","2"
"部侍郎萧中一","1","1","2"
"同知北京路都","1","1","2"
"知北京路都转","1","1","2"
"北京路都转运","1","1","2"
"路都转运使事","1","1","2"
"取悦宰执近臣","1","1","2"
"户部郎中王佐","1","1","2"
"员外郎卢彦冲","1","1","2"
"中都转运使刘","1","1","2"
"副使石抹长寿","1","1","2"
"支度判官韩镇","1","1","2"
"左警巡使李克","1","1","2"
"警巡使李克勤","1","1","2"
"右警巡使李宝","1","1","2"
"大定十一年十","1","1","2"
"定十一年十一","1","1","2"
"十一年十一月","1","1","2"
"迁亳州防御使","2","0","2"
"都都转运使事","1","1","2"
"论屯田贫人征","1","1","2"
"摄左司员外郎","1","1","2"
"东京警巡院使","1","1","2"
"吏部侍郎冯仲","1","1","2"
"部侍郎冯仲等","1","1","2"
"兵部员外郎摄","1","1","2"
"部员外郎摄吏","1","1","2"
"员外郎摄吏部","1","1","2"
"外郎摄吏部主","1","1","2"
"郎摄吏部主事","1","1","2"
"摄吏部主事杨","1","1","2"
"吏部主事杨邦","1","1","2"
"部主事杨邦基","1","1","2"
"主事杨邦基降","1","1","2"
"吏部主事宋仝","1","1","2"
"部主事宋仝降","1","1","2"
"尚书省知除杨","1","1","2"
"书省知除杨伯","1","1","2"
"省知除杨伯杰","1","1","2"
"迁户部员外郎","2","0","2"
"传诏台省百司","1","1","2"
"本班祗候郎君","1","1","2"
"班祗候郎君详","1","1","2"
"祗候郎君详稳","1","1","2"
"尚书兵部郎中","1","1","2"
"武震军都总管","1","1","2"
"山东路元帅副","1","1","2"
"东路元帅副都","1","1","2"
"路元帅副都统","1","1","2"
"东平三路军八","1","1","2"
"平三路军八万","1","1","2"
"泾原路第三副","1","1","2"
"原路第三副将","1","1","2"
"发遣泾原路兵","1","1","2"
"遣泾原路兵马","1","1","2"
"泾原路兵马都","1","1","2"
"原路兵马都监","1","1","2"
"泾原路经略使","1","1","2"
"原路经略使张","1","1","2"
"路经略使张中","1","1","2"
"经略使张中孚","1","1","2"
"淮南东路马步","1","1","2"
"南东路马步军","1","1","2"
"东路马步军副","1","1","2"
"路马步军副总","1","1","2"
"马步军副总管","1","1","2"
"环庆路兵马都","1","1","2"
"庆路兵马都钤","1","1","2"
"路兵马都钤辖","1","1","2"
"改华州防御使","2","0","2"
"永兴军路兵马","1","1","2"
"兴军路兵马都","1","1","2"
"军路兵马都总","1","1","2"
"博州团练使特","1","1","2"
"州团练使特授","1","1","2"
"南京路都转运","1","1","2"
"曷速馆斡笃河","1","1","2"
"速馆斡笃河人","1","1","2"
"武士角力赌羊","1","1","2"
"同知安国军节","1","1","2"
"知安国军节度","1","1","2"
"国军节度使事","1","1","2"
"赐银二百五十","1","1","2"
"银二百五十两","1","1","2"
"授郑州防御使","2","0","2"
"败宋兵数千人","1","1","2"
"击宋兵五万人","1","1","2"
"经略使荆皋弃","1","1","2"
"略使荆皋弃德","1","1","2"
"使荆皋弃德顺","1","1","2"
"元帅府书令史","1","1","2"
"同知石州军州","1","1","2"
"知石州军州事","1","1","2"
"绛阳军节度副","1","1","2"
"运米八十万斛","1","1","2"
"米二十余万石","1","1","2"
"猛安谋克屯田","1","1","2"
"安谋克屯田多","1","1","2"
"遣户部侍郎魏","1","1","2"
"大兴少尹同知","1","1","2"
"兴少尹同知中","1","1","2"
"少尹同知中都","1","1","2"
"尹同知中都转","1","1","2"
"知中都转运事","1","1","2"
"中都转运事李","1","1","2"
"都转运事李涤","1","1","2"
"礼部侍郎李愿","1","1","2"
"监察御史夹谷","1","1","2"
"察御史夹谷阿","1","1","2"
"御史夹谷阿里","1","1","2"
"史夹谷阿里补","1","1","2"
"户部令史刘公","1","1","2"
"部令史刘公辅","1","1","2"
"太宗皇帝实录","1","1","2"
"河北猛安谋克","1","1","2"
"户部尚书高德","1","1","2"
"京留守完颜彀","1","1","2"
"守完颜彀英家","1","1","2"
"弟裴满忽土侮","1","1","2"
"纥石烈志宁殿","1","1","2"
"突左翼伏兵间","2","0","2"
"二年四月一日","1","1","2"
"事仆散忠义右","2","0","2"
"仆散忠义右副","2","0","2"
"散忠义右副元","2","0","2"
"忠义右副元帅","2","0","2"
"监徒单合喜乞","1","1","2"
"克宁参议军事","1","1","2"
"相仆散忠义驻","1","1","2"
"仆散忠义驻南","1","1","2"
"散忠义驻南京","1","1","2"
"忠义驻南京节","1","1","2"
"义驻南京节制","1","1","2"
"驻南京节制诸","1","1","2"
"南京节制诸军","1","1","2"
"山东路兵马都","1","1","2"
"都统徒单习显","1","1","2"
"猛安长寿先行","1","1","2"
"镇国上将军蒲","1","1","2"
"国上将军蒲察","1","1","2"
"上将军蒲察阿","1","1","2"
"将军蒲察阿离","1","1","2"
"军蒲察阿离合","1","1","2"
"蒲察阿离合懑","1","1","2"
"五骑先行六七","1","1","2"
"骑先行六七里","1","1","2"
"猛安赛剌九十","1","1","2"
"十一月皇太子","1","1","2"
"一月皇太子生","1","1","2"
"月皇太子生日","1","1","2"
"克宁顿首谢曰","2","0","2"
"太子侍读完颜","1","1","2"
"子侍读完颜匡","1","1","2"
"金源郡王皇太","2","0","2"
"源郡王皇太孙","2","0","2"
"立嫡孙金源郡","1","1","2"
"嫡孙金源郡王","1","1","2"
"皇孙金源郡王","1","1","2"
"克宁率宰臣屏","1","1","2"
"左右奏立太孙","1","1","2"
"诏立原王右丞","1","1","2"
"立原王右丞相","1","1","2"
"二十八年十一","1","1","2"
"十八年十一月","1","1","2"
"宣孝太子守国","1","1","2"
"奏猛安谋克愿","1","1","2"
"都元帅汉国公","1","1","2"
"元帅汉国公昂","1","1","2"
"闵斡鲁浑猛安","1","1","2"
"授河南府判官","1","1","2"
"授同知陕州防","1","1","2"
"同知陕州防御","1","1","2"
"知陕州防御使","1","1","2"
"陕州防御使事","1","1","2"
"升同知彰化军","1","1","2"
"同知彰化军节","1","1","2"
"知彰化军节度","1","1","2"
"化军节度使事","1","1","2"
"累迁同签枢密","1","1","2"
"迁同签枢密院","1","1","2"
"曷苏馆节度使","1","1","2"
"年授山东路统","1","1","2"
"授山东路统军","1","1","2"
"宗浩佩金虎符","1","1","2"
"浩佩金虎符驻","1","1","2"
"人误入婆速火","1","1","2"
"误入婆速火部","1","1","2"
"婆速火九部斩","1","1","2"
"置东北路招讨","1","1","2"
"东北路招讨司","1","1","2"
"河北屯驻军人","1","1","2"
"命宗浩行省事","2","0","2"
"地三十余万顷","1","1","2"
"枢密院事张岩","1","1","2"
"送元谋奸臣等","1","1","2"
"大朝名族贵将","1","1","2"
"称通谢使所参","1","1","2"
"通谢使所参议","1","1","2"
"谢使所参议官","1","1","2"
"通问使所参议","1","1","2"
"问使所参议官","1","1","2"
"帅府奉命征讨","1","1","2"
"陕西宣抚司申","1","1","2"
"西宣抚司申报","1","1","2"
"世宗皇帝俯就","1","1","2"
"岁币添五万两","2","0","2"
"币添五万两疋","2","0","2"
"方信孺言语反","1","1","2"
"伏遇主上圣德","1","1","2"
"遇主上圣德宽","1","1","2"
"主上圣德宽裕","1","1","2"
"上圣德宽裕光","1","1","2"
"圣德宽裕光大","1","1","2"
"子宿直将军天","1","1","2"
"宿直将军天下","1","1","2"
"直将军天下奴","1","1","2"
"将军天下奴奔","1","1","2"
"军天下奴奔赴","1","1","2"
"天下奴奔赴丧","1","1","2"
"下奴奔赴丧所","1","1","2"
"南京副留守张","1","1","2"
"京副留守张岩","1","1","2"
"莒州刺史女奚","1","1","2"
"州刺史女奚列","1","1","2"
"刺史女奚列孛","1","1","2"
"史女奚列孛葛","1","1","2"
"女奚列孛葛速","1","1","2"
"接应左都监完","1","1","2"
"应左都监完颜","1","1","2"
"左都监完颜思","1","1","2"
"史乌古孙麻发","1","1","2"
"宋将李世辅大","1","1","2"
"将李世辅大败","1","1","2"
"改西北路招讨","2","0","2"
"乌古十垒部族","1","1","2"
"古十垒部族节","1","1","2"
"十垒部族节度","1","1","2"
"垒部族节度使","1","1","2"
"东北路兵马都","1","1","2"
"北路兵马都统","1","1","2"
"路兵马都统制","1","1","2"
"兵马都统制使","1","1","2"
"令宣徽使移剌","1","1","2"
"宣徽使移剌敏","1","1","2"
"招讨使完颜安","1","1","2"
"讨使完颜安国","1","1","2"
"授横海军节度","2","0","2"
"沧州管内观察","1","1","2"
"移剌履字履道","1","1","2"
"族兄兴平军节","1","1","2"
"兄兴平军节度","1","1","2"
"设女直进士科","2","0","2"
"授应奉翰林文","2","0","2"
"衍庆宫画功臣","1","1","2"
"庆宫画功臣像","1","1","2"
"尚书礼部侍郎","1","1","2"
"二百四十二年","1","1","2"
"张万相公读书","1","1","2"
"万相公读书堂","1","1","2"
"西路转运司都","1","1","2"
"南京路提刑使","1","1","2"
"枢密使夹谷清","1","1","2"
"密使夹谷清臣","1","1","2"
"使夹谷清臣发","1","1","2"
"夹谷清臣发兵","1","1","2"
"授知东平府事","2","0","2"
"人君人邪正分","2","0","2"
"万公知济南府","1","1","2"
"山东路安抚使","1","1","2"
"宗顾谓近臣曰","2","0","2"
"殿前右卫将军","1","1","2"
"谋克人户物力","1","1","2"
"克人户物力多","1","1","2"
"仪同三司致仕","2","0","2"
"举太子率府完","1","1","2"
"太子率府完颜","1","1","2"
"子率府完颜守","1","1","2"
"率府完颜守贞","1","1","2"
"高殿广宇城池","1","1","2"
"陛下神武善骑","1","1","2"
"下神武善骑射","1","1","2"
"燕都地处雄要","1","1","2"
"都路都转运户","1","1","2"
"路都转运户籍","1","1","2"
"都转运户籍判","1","1","2"
"转运户籍判官","1","1","2"
"安国军节度副","1","1","2"
"国军节度副使","1","1","2"
"同知定武军节","1","1","2"
"知定武军节度","1","1","2"
"曹州刺史段铎","1","1","2"
"迁保大军节度","2","0","2"
"正隆五年进士","1","1","2"
"隆五年进士第","1","1","2"
"泗州榷场使补","1","1","2"
"武军节度使王","1","1","2"
"军节度使王克","1","1","2"
"节度使王克温","1","1","2"
"度使王克温举","1","1","2"
"同知西京路转","1","1","2"
"知西京路转运","1","1","2"
"京路转运使事","1","1","2"
"尚书刑部郎中","1","1","2"
"金二百五十两","1","1","2"
"赐号成德夫人","1","1","2"
"显宗命詹事乌","1","1","2"
"宗命詹事乌林","1","1","2"
"命詹事乌林答","1","1","2"
"詹事乌林答愿","1","1","2"
"豳王府教读完","1","1","2"
"王府教读完颜","1","1","2"
"府教读完颜撒","1","1","2"
"教读完颜撒速","1","1","2"
"徐王府教读仆","1","1","2"
"王府教读仆散","1","1","2"
"府教读仆散讹","1","1","2"
"承华殿西便殿","1","1","2"
"寝殿小底驼满","1","1","2"
"殿小底驼满九","1","1","2"
"小底驼满九住","1","1","2"
"底驼满九住问","1","1","2"
"驼满九住问匡","1","1","2"
"中侍局都监蒲","1","1","2"
"侍局都监蒲察","1","1","2"
"局都监蒲察查","1","1","2"
"入殿小底完颜","1","1","2"
"殿小底完颜讹","1","1","2"
"侍读完颜撒速","1","1","2"
"二十三年三月","1","1","2"
"十三年三月万","1","1","2"
"三年三月万春","1","1","2"
"年三月万春节","1","1","2"
"睿宗皇帝实录","1","1","2"
"念睿宗皇帝功","1","1","2"
"睿宗皇帝功德","1","1","2"
"读卷官吏部侍","1","1","2"
"卷官吏部侍郎","1","1","2"
"官吏部侍郎李","1","1","2"
"吏部侍郎李晏","1","1","2"
"史院编修官夹","1","1","2"
"院编修官夹谷","1","1","2"
"编修官夹谷衡","1","1","2"
"国子助教尼庞","1","1","2"
"子助教尼庞古","1","1","2"
"助教尼庞古鉴","1","1","2"
"添振纪纲一句","1","1","2"
"侍正石敦寺家","1","1","2"
"正石敦寺家奴","1","1","2"
"侍读二十一年","1","1","2"
"读二十一年府","1","1","2"
"二十一年府试","1","1","2"
"显宗命添五人","1","1","2"
"漏写诗题下注","1","1","2"
"写诗题下注字","1","1","2"
"迁翰林直学士","2","0","2"
"西路转运使温","1","1","2"
"监察御史姬端","1","1","2"
"察御史姬端修","1","1","2"
"障葛将攻边境","1","1","2"
"西南路通事黄","1","1","2"
"南路通事黄掴","1","1","2"
"路通事黄掴按","1","1","2"
"邓州白亭巡检","1","1","2"
"州白亭巡检家","1","1","2"
"置弓手四千人","1","1","2"
"知大兴府承晖","1","1","2"
"置忠义保捷军","1","1","2"
"宋兵攻围城邑","1","1","2"
"上问参政思忠","1","1","2"
"河南统军使纥","1","1","2"
"南统军使纥石","1","1","2"
"军使纥石烈子","1","1","2"
"使纥石烈子仁","1","1","2"
"仆散揆大军渡","1","1","2"
"散揆大军渡淮","1","1","2"
"前锋都统乌古","1","1","2"
"锋都统乌古论","1","1","2"
"都统乌古论庆","1","1","2"
"统乌古论庆寿","1","1","2"
"左翼提控完颜","1","1","2"
"翼提控完颜江","1","1","2"
"提控完颜江山","1","1","2"
"右翼都统乌古","1","1","2"
"翼都统乌古孙","1","1","2"
"都统乌古孙兀","1","1","2"
"统乌古孙兀屯","1","1","2"
"乌古孙兀屯取","1","1","2"
"古孙兀屯取神","1","1","2"
"孙兀屯取神马","1","1","2"
"兀屯取神马坡","1","1","2"
"都统完颜按带","1","1","2"
"统完颜按带取","1","1","2"
"完颜按带取随","1","1","2"
"颜按带取随州","1","1","2"
"乌古论庆寿扼","1","1","2"
"副统蒲察攻宜","1","1","2"
"统蒲察攻宜城","1","1","2"
"蒲察攻宜城县","1","1","2"
"察攻宜城县取","1","1","2"
"右丞相宗浩代","1","1","2"
"人护元靓北归","1","1","2"
"李大性知福州","1","1","2"
"靖康二年正月","1","1","2"
"康二年正月请","1","1","2"
"增岁币三十万","2","0","2"
"犒军钱三百万","1","1","2"
"军钱三百万贯","1","1","2"
"主上仁慈宽厚","1","1","2"
"陕西宣抚司请","1","1","2"
"韩侂胄首必函","2","0","2"
"侂胄首必函送","2","0","2"
"能斩送韩侂胄","2","0","2"
"大金皇帝前日","1","1","2"
"金皇帝前日圣","1","1","2"
"皇帝前日圣旨","1","1","2"
"誓书草本添改","1","1","2"
"八年闰四月乙","1","1","2"
"年闰四月乙未","1","1","2"
"平南抚军上将","1","1","2"
"南抚军上将军","1","1","2"
"抚军上将军纥","1","1","2"
"军上将军纥石","1","1","2"
"上将军纥石烈","1","1","2"
"将军纥石烈贞","1","1","2"
"大安元年四月","1","1","2"
"章政事仆散端","1","1","2"
"承御贾氏产期","1","1","2"
"受遗诏立卫王","1","1","2"
"大安元年十二","1","1","2"
"安元年十二月","1","1","2"
"安州边吴泊旧","1","1","2"
"州边吴泊旧放","1","1","2"
"边吴泊旧放围","1","1","2"
"曾经所属按察","1","1","2"
"经所属按察司","1","1","2"
"所属按察司审","1","1","2"
"经本路按察审","1","1","2"
"令移推官司追","1","1","2"
"赐夏主生日使","1","1","2"
"左司员外郎孙","1","1","2"
"司员外郎孙椿","1","1","2"
"员外郎孙椿年","1","1","2"
"蜀汉路安抚使","1","1","2"
"都大提举兵马","1","1","2"
"大提举兵马事","1","1","2"
"知凤翔府事完","1","1","2"
"凤翔府事完颜","1","1","2"
"翔府事完颜昱","1","1","2"
"同知平凉府事","1","1","2"
"知平凉府事蒲","1","1","2"
"平凉府事蒲察","1","1","2"
"凉府事蒲察秉","1","1","2"
"府事蒲察秉铉","1","1","2"
"事蒲察秉铉分","1","1","2"
"远军节度使承","1","1","2"
"军节度使承裕","1","1","2"
"秦州防御使完","1","1","2"
"临洮府事石抹","1","1","2"
"洮府事石抹仲","1","1","2"
"府事石抹仲温","1","1","2"
"事石抹仲温驻","1","1","2"
"彰化军节度副","1","1","2"
"化军节度副使","1","1","2"
"乾州刺史完颜","1","1","2"
"史完颜思忠扼","1","1","2"
"陕西路都统副","1","1","2"
"西路都统副使","1","1","2"
"路都统副使斡","1","1","2"
"都统副使斡勒","1","1","2"
"统副使斡勒牙","1","1","2"
"京兆府推官蒲","1","1","2"
"兆府推官蒲察","1","1","2"
"府推官蒲察秉","1","1","2"
"推官蒲察秉彝","1","1","2"
"官蒲察秉彝戍","1","1","2"
"陕西都统完颜","1","1","2"
"西都统完颜忠","1","1","2"
"都统完颜忠本","1","1","2"
"统完颜忠本名","1","1","2"
"完颜忠本名袅","1","1","2"
"颜忠本名袅懒","1","1","2"
"同知京兆府事","1","1","2"
"知京兆府事乌","1","1","2"
"京兆府事乌古","1","1","2"
"兆府事乌古论","1","1","2"
"府事乌古论兖","1","1","2"
"事乌古论兖州","1","1","2"
"军充右都监蒲","1","1","2"
"充右都监蒲察","1","1","2"
"右都监蒲察贞","1","1","2"
"都监蒲察贞分","1","1","2"
"队校仆散六斤","1","1","2"
"猛安龙延常击","1","1","2"
"叠州副都总管","1","1","2"
"授同知洮州事","1","1","2"
"商州刺史乌古","1","1","2"
"刺史乌古论兖","1","1","2"
"史乌古论兖州","1","1","2"
"同知陇州事完","1","1","2"
"知陇州事完颜","1","1","2"
"陇州事完颜孛","1","1","2"
"州事完颜孛论","1","1","2"
"万户奥屯撒合","1","1","2"
"户奥屯撒合门","1","1","2"
"美原县令术虎","1","1","2"
"原县令术虎合","1","1","2"
"县令术虎合沓","1","1","2"
"军奴率兵千人","1","1","2"
"同知会州事女","1","1","2"
"知会州事女奚","1","1","2"
"会州事女奚列","1","1","2"
"州事女奚列南","1","1","2"
"事女奚列南家","1","1","2"
"押军猛安粘割","1","1","2"
"军猛安粘割撒","1","1","2"
"猛安粘割撒改","1","1","2"
"安粘割撒改率","1","1","2"
"粘割撒改率兵","1","1","2"
"割撒改率兵千","1","1","2"
"撒改率兵千人","1","1","2"
"令行军副统裴","1","1","2"
"猛安胡信率甲","1","1","2"
"安胡信率甲士","1","1","2"
"胡信率甲士五","1","1","2"
"信率甲士五十","1","1","2"
"率甲士五十人","1","1","2"
"甲士五十人绕","1","1","2"
"南家斩木开道","1","1","2"
"家斩木开道登","1","1","2"
"步骑八千人入","1","1","2"
"河州防御使蒲","1","1","2"
"防御使蒲察秉","1","1","2"
"御使蒲察秉铉","1","1","2"
"部将唐括按答","1","1","2"
"将唐括按答海","1","1","2"
"唐括按答海率","1","1","2"
"括按答海率二","1","1","2"
"按答海率二百","1","1","2"
"答海率二百骑","1","1","2"
"甲士蒙葛挺身","1","1","2"
"士蒙葛挺身先","1","1","2"
"蒙葛挺身先入","1","1","2"
"兄弟父子相继","1","1","2"
"昭武军节度使","1","1","2"
"夔利等州路宣","1","1","2"
"利等州路宣抚","1","1","2"
"等州路宣抚副","1","1","2"
"州路宣抚副使","1","1","2"
"略震主者身危","1","1","2"
"水洛城巡检使","1","1","2"
"掌管机宜文字","1","1","2"
"管机宜文字姚","1","1","2"
"机宜文字姚圆","1","1","2"
"右副元帅匡先","1","1","2"
"副元帅匡先攻","1","1","2"
"元帅匡先攻襄","1","1","2"
"帅匡先攻襄阳","1","1","2"
"果州团练使郭","1","1","2"
"州团练使郭澄","1","1","2"
"仙人关使任辛","1","1","2"
"贺全蜀归附三","1","1","2"
"全蜀归附三表","1","1","2"
"宋安丙杀吴曦","1","1","2"
"命德顺州刺史","1","1","2"
"德顺州刺史完","1","1","2"
"顺州刺史完颜","1","1","2"
"史完颜思忠招","1","1","2"
"完颜思忠招魂","1","1","2"
"颜思忠招魂葬","1","1","2"
"直取山外数州","1","1","2"
"巩州钤辖兀颜","1","1","2"
"州钤辖兀颜阿","1","1","2"
"钤辖兀颜阿失","1","1","2"
"辖兀颜阿失死","1","1","2"
"户部侍郎尼庞","1","1","2"
"部侍郎尼庞古","1","1","2"
"侍郎尼庞古怀","1","1","2"
"郎尼庞古怀忠","1","1","2"
"昆谷西山养马","1","1","2"
"谷西山养马涧","1","1","2"
"陕西路按察使","1","1","2"
"诏下尚书省议","2","0","2"
"胡沙虎屡害良","1","1","2"
"沙虎屡害良将","1","1","2"
"编修官温迪罕","1","1","2"
"修官温迪罕缔","1","1","2"
"官温迪罕缔达","1","1","2"
"温迪罕缔达教","1","1","2"
"枢密使完颜思","1","1","2"
"密使完颜思敬","1","1","2"
"使完颜思敬请","1","1","2"
"侍御史完颜蒲","1","1","2"
"御史完颜蒲涅","1","1","2"
"太常博士李晏","1","1","2"
"奉翰林文字阿","1","1","2"
"都转运副使奚","1","1","2"
"著作佐郎温迪","1","1","2"
"作佐郎温迪罕","1","1","2"
"佐郎温迪罕缔","1","1","2"
"郎温迪罕缔达","1","1","2"
"部令史杨克忠","1","1","2"
"令史杨克忠译","1","1","2"
"奉翰林文字移","1","1","2"
"中都路教授选","1","1","2"
"问太尉完颜守","1","1","2"
"太尉完颜守道","1","1","2"
"政事张万公对","2","0","2"
"事张万公对曰","2","0","2"
"仆散揆行省河","1","1","2"
"散揆行省河南","1","1","2"
"置提控急递铺","1","1","2"
"提控急递铺官","1","1","2"
"将攻破燕子关","1","1","2"
"攻破燕子关新","1","1","2"
"破燕子关新道","1","1","2"
"燕子关新道口","1","1","2"
"叶禄瓦军退守","1","1","2"
"禄瓦军退守鹘","1","1","2"
"瓦军退守鹘岭","1","1","2"
"军退守鹘岭关","1","1","2"
"辽东安抚副使","1","1","2"
"同知乌古孙兀","1","1","2"
"知乌古孙兀屯","1","1","2"
"参知政事梁絪","2","0","2"
"术虎高琪驻兵","1","1","2"
"虎高琪驻兵缙","1","1","2"
"弟知真定府事","1","1","2"
"吏部左司郎中","1","1","2"
"平章政事守贞","1","1","2"
"第二子神土门","1","1","2"
"参政独吉思忠","1","1","2"
"唐太宗讳世民","1","1","2"
"尚书省令史考","1","1","2"
"左司员外郎高","1","1","2"
"司员外郎高庭","1","1","2"
"员外郎高庭玉","1","1","2"
"签山东孟子元","1","1","2"
"大元兵破潼关","1","1","2"
"宣差粘割梭失","1","1","2"
"将李怀德缒城","1","1","2"
"益都尹郑家塔","1","1","2"
"都尹郑家塔割","1","1","2"
"尹郑家塔割剌","1","1","2"
"郑家塔割剌讹","1","1","2"
"家塔割剌讹没","1","1","2"
"塔割剌讹没谋","1","1","2"
"割剌讹没谋克","1","1","2"
"孝懿皇后妹夫","1","1","2"
"懿皇后妹夫吾","1","1","2"
"东京咸平等路","1","1","2"
"京咸平等路提","1","1","2"
"咸平等路提刑","1","1","2"
"平等路提刑副","1","1","2"
"同知上京留守","1","1","2"
"知上京留守事","1","1","2"
"副留守李东阳","1","1","2"
"惠民司都监余","1","1","2"
"民司都监余里","1","1","2"
"司都监余里痕","1","1","2"
"都监余里痕都","1","1","2"
"厚赂元妃兄左","1","1","2"
"赂元妃兄左宣","1","1","2"
"元妃兄左宣徽","1","1","2"
"妃兄左宣徽使","1","1","2"
"兄左宣徽使李","1","1","2"
"左宣徽使李仁","1","1","2"
"宣徽使李仁惠","1","1","2"
"余钤辖都军巡","1","1","2"
"钤辖都军巡尉","1","1","2"
"辖都军巡尉先","1","1","2"
"皇太子留守中","1","1","2"
"太子留守中都","1","1","2"
"史中丞李英运","1","1","2"
"中丞李英运粮","1","1","2"
"大名行省孛术","1","1","2"
"名行省孛术鲁","1","1","2"
"行省孛术鲁德","1","1","2"
"省孛术鲁德裕","1","1","2"
"中都官吏军民","1","1","2"
"刑部侍郎阿典","1","1","2"
"部侍郎阿典宋","1","1","2"
"侍郎阿典宋阿","1","1","2"
"同知真定府事","1","1","2"
"知真定府事女","1","1","2"
"真定府事女奚","1","1","2"
"定府事女奚烈","1","1","2"
"府事女奚烈胡","1","1","2"
"事女奚烈胡论","1","1","2"
"户部侍郎侯挚","1","1","2"
"部侍郎侯挚行","1","1","2"
"侍郎侯挚行尚","1","1","2"
"郎侯挚行尚书","1","1","2"
"侯挚行尚书六","1","1","2"
"挚行尚书六部","1","1","2"
"承晖约尽忠同","1","1","2"
"帅府经历官完","1","1","2"
"府经历官完颜","1","1","2"
"经历官完颜师","1","1","2"
"历官完颜师姑","1","1","2"
"左右司郎中赵","1","1","2"
"右司郎中赵思","1","1","2"
"司郎中赵思文","1","1","2"
"尚书省令史师","1","1","2"
"书省令史师安","1","1","2"
"省令史师安石","1","1","2"
"贞祐三年五月","1","1","2"
"祐三年五月二","1","1","2"
"三年五月二日","1","1","2"
"东北路招讨副","1","1","2"
"北路招讨副使","1","1","2"
"政事仆散揆伐","1","1","2"
"事仆散揆伐宋","1","1","2"
"宋使皇甫拱奉","1","1","2"
"使皇甫拱奉书","1","1","2"
"梦中屡见白头","1","1","2"
"中屡见白头老","1","1","2"
"太医副使仪师","1","1","2"
"医副使仪师颜","1","1","2"
"贞祐二年五月","1","1","2"
"河南统军使长","1","1","2"
"南统军使长寿","1","1","2"
"按察转运使王","1","1","2"
"察转运使王质","1","1","2"
"等四百人上书","1","1","2"
"四百人上书极","1","1","2"
"上书极论利害","1","1","2"
"都元帅行省陕","1","1","2"
"元帅行省陕西","1","1","2"
"次子宿直将军","1","1","2"
"子宿直将军纳","1","1","2"
"宿直将军纳坦","1","1","2"
"远军节度使完","1","1","2"
"节度使完颜狗","1","1","2"
"河南步骑九千","1","1","2"
"陕州宣抚副使","1","1","2"
"州宣抚副使永","1","1","2"
"知临洮府事承","1","1","2"
"临洮府事承裔","1","1","2"
"令承裔行元帅","1","1","2"
"承裔行元帅府","1","1","2"
"右副元帅术虎","1","1","2"
"充宣差都提控","2","0","2"
"令李雄等下山","1","1","2"
"李雄等下山招","1","1","2"
"雄等下山招募","1","1","2"
"等下山招募军","1","1","2"
"下山招募军民","1","1","2"
"宣差提控陇右","1","1","2"
"差提控陇右边","1","1","2"
"提控陇右边事","1","1","2"
"近年改定四善","1","1","2"
"伪统制董九招","1","1","2"
"西关堡都统王","1","1","2"
"关堡都统王狗","1","1","2"
"见兰州西关堡","1","1","2"
"兰州西关堡守","1","1","2"
"州西关堡守将","1","1","2"
"西关堡守将王","1","1","2"
"关堡守将王狗","1","1","2"
"贞祐三年三月","1","1","2"
"祐三年三月十","1","1","2"
"三年三月十六","1","1","2"
"年三月十六日","1","1","2"
"同知定海军节","1","1","2"
"知定海军节度","1","1","2"
"海军节度使事","1","1","2"
"侍卫亲军副都","1","1","2"
"卫亲军副都指","1","1","2"
"亲军副都指挥","1","1","2"
"兵部尚书裴满","1","1","2"
"部尚书裴满子","1","1","2"
"尚书裴满子仁","1","1","2"
"刑部尚书武都","1","1","2"
"部尚书武都分","1","1","2"
"尚书武都分道","1","1","2"
"安贞山东路统","1","1","2"
"贞山东路统军","1","1","2"
"山东路统军安","1","1","2"
"东路统军安抚","1","1","2"
"路统军安抚等","1","1","2"
"统军安抚等使","1","1","2"
"益都县人杨安","1","1","2"
"都县人杨安国","1","1","2"
"伪元帅方郭三","1","1","2"
"伪宁海州刺史","1","1","2"
"宁海州刺史史","1","1","2"
"海州刺史史泼","1","1","2"
"州刺史史泼立","1","1","2"
"西南隅戍卒姚","1","1","2"
"南隅戍卒姚云","1","1","2"
"隅戍卒姚云相","1","1","2"
"宣差伯德玩袭","1","1","2"
"知东平府事乌","1","1","2"
"东平府事乌林","1","1","2"
"平府事乌林答","1","1","2"
"统军使完颜弼","1","1","2"
"提控纥石烈牙","1","1","2"
"控纥石烈牙吾","1","1","2"
"招军大使程福","1","1","2"
"宿州提控夹谷","1","1","2"
"州提控夹谷石","1","1","2"
"提控夹谷石里","1","1","2"
"控夹谷石里哥","1","1","2"
"伪参谋官崔天","1","1","2"
"伪太师李思温","1","1","2"
"大小峻角子山","1","1","2"
"处官司尽心招","1","1","2"
"官司尽心招抚","1","1","2"
"开封治中吕子","1","1","2"
"封治中吕子羽","1","1","2"
"权都事完颜胡","1","1","2"
"都事完颜胡鲁","1","1","2"
"事完颜胡鲁剌","1","1","2"
"山西招集义勇","1","1","2"
"宣差兵马提控","1","1","2"
"同知忠顺军节","1","1","2"
"知忠顺军节度","1","1","2"
"顺军节度使事","1","1","2"
"观察判官李宜","1","1","2"
"录事判官马士","1","1","2"
"事判官马士成","1","1","2"
"永兴县令张福","1","1","2"
"易州刺史蒲察","1","1","2"
"中都元帅府杀","1","1","2"
"劝农副使侯挚","1","1","2"
"控紫荆等关隘","1","1","2"
"沈思忠招集西","1","1","2"
"思忠招集西京","1","1","2"
"沈思忠同知深","1","1","2"
"思忠同知深州","1","1","2"
"忠同知深州军","1","1","2"
"顺天军节度副","1","1","2"
"天军节度副使","1","1","2"
"沃州刺史完颜","1","1","2"
"州刺史完颜僧","1","1","2"
"刺史完颜僧家","1","1","2"
"史完颜僧家奴","1","1","2"
"军二千五百人","2","0","2"
"北行省侯挚入","1","1","2"
"陕西元帅府请","1","1","2"
"六部尚书宣差","1","1","2"
"部尚书宣差便","1","1","2"
"尚书宣差便宜","1","1","2"
"书宣差便宜招","1","1","2"
"宣差便宜招抚","1","1","2"
"差便宜招抚使","1","1","2"
"益都治中张林","1","1","2"
"莱州经略使术","1","1","2"
"州经略使术虎","1","1","2"
"经略使术虎山","1","1","2"
"略使术虎山寿","1","1","2"
"追击伪陈万户","1","1","2"
"防御使斜卯重","1","1","2"
"御使斜卯重兴","1","1","2"
"纥石烈丑汉会","1","1","2"
"伪都统王仙等","1","1","2"
"都统王仙等十","1","1","2"
"统王仙等十三","1","1","2"
"王仙等十三人","1","1","2"
"少监伯德玩率","1","1","2"
"昌乐县令术虎","1","1","2"
"乐县令术虎桓","1","1","2"
"县令术虎桓都","1","1","2"
"临朐县令兀颜","1","1","2"
"朐县令兀颜吾","1","1","2"
"县令兀颜吾丁","1","1","2"
"福山县令乌林","1","1","2"
"山县令乌林答","1","1","2"
"县令乌林答石","1","1","2"
"令乌林答石家","1","1","2"
"寿光县巡检纥","1","1","2"
"光县巡检纥石","1","1","2"
"县巡检纥石烈","1","1","2"
"巡检纥石烈丑","1","1","2"
"检纥石烈丑汉","1","1","2"
"提控纳合六哥","1","1","2"
"知沂州防御事","1","1","2"
"莒州提控燕宁","1","1","2"
"州刺史致仕独","1","1","2"
"刺史致仕独吉","1","1","2"
"史致仕独吉世","1","1","2"
"致仕独吉世显","1","1","2"
"仕独吉世显能","1","1","2"
"独吉世显能招","1","1","2"
"吉世显能招集","1","1","2"
"世显能招集猛","1","1","2"
"显能招集猛安","1","1","2"
"能招集猛安余","1","1","2"
"观察判官梁昱","1","1","2"
"前猗氏主簿张","1","1","2"
"猗氏主簿张亚","1","1","2"
"氏主簿张亚夫","1","1","2"
"沂州宣差都提","1","1","2"
"州宣差都提控","1","1","2"
"密州观察判官","1","1","2"
"东平行省蒙古","1","1","2"
"平行省蒙古纲","1","1","2"
"同知德州防御","1","1","2"
"知德州防御使","1","1","2"
"德州防御使事","1","1","2"
"副元帅完颜匡","1","1","2"
"元帅完颜匡攻","1","1","2"
"平南荡江将军","1","1","2"
"押军千户夹谷","1","1","2"
"军千户夹谷王","1","1","2"
"千户夹谷王家","1","1","2"
"户夹谷王家奴","1","1","2"
"提点近侍局驸","1","1","2"
"点近侍局驸马","1","1","2"
"近侍局驸马都","1","1","2"
"侍局驸马都尉","1","1","2"
"局驸马都尉徒","1","1","2"
"尉徒单没烈侍","1","1","2"
"云内州防御使","1","1","2"
"京兆兵马都总","1","1","2"
"兆兵马都总管","1","1","2"
"宣抚副使乌古","1","1","2"
"遥授淄州刺史","1","1","2"
"权山东东路宣","1","1","2"
"山东东路宣抚","1","1","2"
"东东路宣抚副","1","1","2"
"河北宣抚副使","1","1","2"
"令提控完颜阿","1","1","2"
"提控完颜阿邻","1","1","2"
"左监军石盏合","1","1","2"
"监军石盏合喜","1","1","2"
"河北东路洮委","1","1","2"
"北东路洮委必","1","1","2"
"东路洮委必剌","1","1","2"
"路洮委必剌猛","1","1","2"
"洮委必剌猛安","1","1","2"
"路宣抚副使颜","1","1","2"
"泗水县柘沟村","1","1","2"
"杀身所能仰报","1","1","2"
"斩首二千余级","1","1","2"
"忻州军事判官","1","1","2"
"辽东路行尚书","1","1","2"
"东路行尚书省","1","1","2"
"路行尚书省事","1","1","2"
"宣抚使蒲察移","1","1","2"
"知广宁府事温","1","1","2"
"广宁府事温迪","1","1","2"
"宁府事温迪罕","1","1","2"
"府事温迪罕青","1","1","2"
"事温迪罕青狗","1","1","2"
"左都监纳坦裕","1","1","2"
"遥授东平判官","1","1","2"
"授东平判官参","1","1","2"
"东平判官参议","1","1","2"
"平判官参议军","1","1","2"
"判官参议军事","1","1","2"
"官参议军事郭","1","1","2"
"参议军事郭澍","1","1","2"
"议军事郭澍谋","1","1","2"
"上京留守蒲察","1","1","2"
"京留守蒲察五","1","1","2"
"留守蒲察五斤","1","1","2"
"遣副留守夹谷","1","1","2"
"副留守夹谷爱","1","1","2"
"留守夹谷爱答","1","1","2"
"右司员外郎抹","1","1","2"
"京师官民能赡","2","0","2"
"河南地狭土薄","1","1","2"
"定二十二年进","2","0","2"
"二十二年进士","2","0","2"
"佐参知政事胥","1","1","2"
"政事胥持国治","1","1","2"
"同知南京留守","1","1","2"
"奏许人纳粟买","2","0","2"
"许人纳粟买官","2","0","2"
"参政奥屯忠孝","1","1","2"
"政奥屯忠孝平","1","1","2"
"奥屯忠孝平生","1","1","2"
"屯忠孝平生矫","1","1","2"
"犹容一相非才","2","0","2"
"右司郎中胡鲁","2","0","2"
"林侍读学士张","1","1","2"
"侍读学士张行","1","1","2"
"读学士张行简","1","1","2"
"讨论武成王庙","1","1","2"
"集百官议尚书","2","0","2"
"宋人攻围城邑","1","1","2"
"知审官院正职","1","1","2"
"广德军节度使","1","1","2"
"尚书都官员外","1","1","2"
"书都官员外郎","1","1","2"
"然后下令清道","1","1","2"
"受崇天体道钦","1","1","2"
"明文武圣德十","1","1","2"
"皇统八年十二","1","1","2"
"统八年十二月","1","1","2"
"西京留守高庆","1","1","2"
"京留守高庆裔","1","1","2"
"同知燕京行省","1","1","2"
"赈济密云等三","1","1","2"
"济密云等三十","1","1","2"
"密云等三十六","1","1","2"
"云等三十六县","1","1","2"
"等三十六县猛","1","1","2"
"三十六县猛安","1","1","2"
"迁辽东路转运","2","0","2"
"辱仓使王祺致","1","1","2"
"仓使王祺致死","1","1","2"
"改葬太师广平","1","1","2"
"葬太师广平郡","1","1","2"
"太师广平郡王","1","1","2"
"师广平郡王徒","1","1","2"
"平郡王徒单贞","1","1","2"
"葬大臣李靖等","1","1","2"
"皇姑大长公主","1","1","2"
"太子左卫率府","1","1","2"
"子左卫率府率","1","1","2"
"韩州军事判官","1","1","2"
"汉文帝召见贾","1","1","2"
"泾州观察判官","1","1","2"
"北京转运副使","1","1","2"
"董重质诛郭谊","1","1","2"
"河东北路按察","1","1","2"
"东北路按察转","1","1","2"
"北路按察转运","1","1","2"
"路按察转运使","1","1","2"
"徒单镒等二十","1","1","2"
"单镒等二十七","1","1","2"
"吏部令史张克","1","1","2"
"部令史张克忠","1","1","2"
"知政事承裕行","1","1","2"
"政事承裕行省","1","1","2"
"事承裕行省戍","1","1","2"
"明昌五年九月","1","1","2"
"同知绛阳军节","1","1","2"
"知绛阳军节度","1","1","2"
"绛阳军节度事","1","1","2"
"承安元年七月","1","1","2"
"推排受财法治","1","1","2"
"户部尚书贾执","1","1","2"
"部尚书贾执刚","1","1","2"
"三百六十万石","1","1","2"
"一百五十六万","1","1","2"
"遣右司谏冯开","1","1","2"
"右司谏冯开等","1","1","2"
"司谏冯开等分","1","1","2"
"户部员外郎裴","1","1","2"
"部员外郎裴满","1","1","2"
"员外郎裴满蒲","1","1","2"
"外郎裴满蒲剌","1","1","2"
"郎裴满蒲剌都","1","1","2"
"征西元帅合喜","1","1","2"
"元光元年四月","1","1","2"
"正大元年三月","1","1","2"
"避庄献太子讳","1","1","2"
"参知政事奥屯","1","1","2"
"知政事奥屯忠","1","1","2"
"政事奥屯忠孝","1","1","2"
"山东东路按察","1","1","2"
"东东路按察使","1","1","2"
"辽东宣抚副使","1","1","2"
"东宣抚副使完","1","1","2"
"抚副使完颜海","1","1","2"
"副使完颜海奴","1","1","2"
"兴定元年三月","1","1","2"
"令元帅撒合辇","1","1","2"
"元帅撒合辇先","1","1","2"
"时监察御史多","1","1","2"
"承旨张行简同","1","1","2"
"行简家学相传","1","1","2"
"买马官平凉府","1","1","2"
"马官平凉府判","1","1","2"
"官平凉府判官","1","1","2"
"平凉府判官乌","1","1","2"
"凉府判官乌古","1","1","2"
"府判官乌古论","1","1","2"
"判官乌古论桓","1","1","2"
"官乌古论桓端","1","1","2"
"正大八年二月","1","1","2"
"大八年二月乙","1","1","2"
"八年二月乙丑","1","1","2"
"贞祐元年十一","1","1","2"
"祐元年十一月","1","1","2"
"兖州管内观察","1","1","2"
"中都路兵马都","1","1","2"
"都路兵马都总","1","1","2"
"汾州管内观察","1","1","2"
"衣甲器械极少","1","1","2"
"乞降空名宣敕","2","0","2"
"师德号度牒三","1","1","2"
"德号度牒三千","1","1","2"
"见陕州大阳渡","1","1","2"
"河东两路农民","1","1","2"
"见潞州元帅府","1","1","2"
"帅必兰阿鲁带","1","1","2"
"河中经略使陀","1","1","2"
"中经略使陀满","1","1","2"
"经略使陀满胡","1","1","2"
"略使陀满胡土","1","1","2"
"使陀满胡土门","1","1","2"
"必将进取河南","1","1","2"
"河南行院统军","1","1","2"
"南行院统军司","1","1","2"
"知平阳府事王","1","1","2"
"平阳府事王质","1","1","2"
"同知府事完颜","1","1","2"
"知府事完颜僧","1","1","2"
"府事完颜僧家","1","1","2"
"事完颜僧家奴","1","1","2"
"遥授河中府判","1","1","2"
"授河中府判官","1","1","2"
"察御史陈规等","1","1","2"
"陀满胡土门统","1","1","2"
"太原路元帅左","1","1","2"
"原路元帅左监","1","1","2"
"路元帅左监军","1","1","2"
"监军乌古论德","1","1","2"
"军乌古论德升","1","1","2"
"中间堡垒相望","1","1","2"
"奉诏宣扬国威","1","1","2"
"左都监完颜闾","1","1","2"
"都监完颜闾山","1","1","2"
"元光元年五月","1","1","2"
"工部尚书札里","1","1","2"
"部尚书札里吉","1","1","2"
"翰林学士孛迭","1","1","2"
"会合府兵进战","1","1","2"
"见前平章政事","1","1","2"
"山东路盐使司","1","1","2"
"东路盐使司判","1","1","2"
"路盐使司判官","1","1","2"
"同签枢密院阿","1","1","2"
"签枢密院阿勒","1","1","2"
"枢密院阿勒根","1","1","2"
"密院阿勒根讹","1","1","2"
"院阿勒根讹论","1","1","2"
"阿勒根讹论等","1","1","2"
"行尚书六部事","1","1","2"
"时元帅蒲察七","1","1","2"
"真定守帅胡论","1","1","2"
"伪宣徽使李寿","1","1","2"
"宣徽使李寿甫","1","1","2"
"兴定元年四月","1","1","2"
"提控遥授棣州","1","1","2"
"控遥授棣州防","1","1","2"
"遥授棣州防御","1","1","2"
"授棣州防御使","1","1","2"
"伪元帅石花五","1","1","2"
"农民收获二麦","1","1","2"
"东东路转运副","1","1","2"
"近侍局直长赵","1","1","2"
"永清副提控刘","1","1","2"
"清副提控刘温","1","1","2"
"都下书生樊知","1","1","2"
"下书生樊知一","1","1","2"
"官乌古论德升","1","1","2"
"兴定二年四月","1","1","2"
"典客署书表刘","1","1","2"
"客署书表刘丙","1","1","2"
"正大元年正月","1","1","2"
"群臣议修复河","2","0","2"
"南阳人布陈谋","1","1","2"
"阳人布陈谋反","1","1","2"
"迁金安军节度","2","0","2"
"副使纥石烈鹤","1","1","2"
"使纥石烈鹤寿","1","1","2"
"大掠良民家属","1","1","2"
"卫文公乘狄人","1","1","2"
"文公乘狄人灭","1","1","2"
"公乘狄人灭国","1","1","2"
"河北军户百万","1","1","2"
"北军户百万余","1","1","2"
"军户百万余口","1","1","2"
"支粟三百八十","1","1","2"
"粟三百八十余","1","1","2"
"三百八十余万","1","1","2"
"百八十余万斛","1","1","2"
"四谋克一千户","2","0","2"
"旗鼓司火头五","1","1","2"
"鼓司火头五人","1","1","2"
"精选通晓军政","1","1","2"
"万人设一都统","1","1","2"
"弓矢铠仗须令","1","1","2"
"徐州帅府经历","1","1","2"
"州帅府经历官","1","1","2"
"陕西民力疲乏","1","1","2"
"屯军士量力补","1","1","2"
"军士量力补治","1","1","2"
"吏部尚书赵伯","1","1","2"
"部尚书赵伯成","1","1","2"
"进士王著填开","1","1","2"
"士王著填开封","1","1","2"
"王著填开封警","1","1","2"
"著填开封警巡","1","1","2"
"填开封警巡判","1","1","2"
"开封警巡判官","1","1","2"
"台谏同奏五事","1","1","2"
"尚书省提控枢","1","1","2"
"书省提控枢密","1","1","2"
"省提控枢密院","1","1","2"
"河南一路便宜","1","1","2"
"合达尽力决一","1","1","2"
"右拾遗李大节","1","1","2"
"拾遗李大节上","1","1","2"
"劾同判大睦亲","1","1","2"
"同判大睦亲事","1","1","2"
"判大睦亲事撒","1","1","2"
"大睦亲事撒合","1","1","2"
"睦亲事撒合辇","1","1","2"
"亲事撒合辇谄","1","1","2"
"召文绣署令王","1","1","2"
"文绣署令王寿","1","1","2"
"绣署令王寿孙","1","1","2"
"大红半身绣衣","1","1","2"
"前御史大夫裴","1","1","2"
"御史大夫裴满","1","1","2"
"史大夫裴满德","1","1","2"
"大夫裴满德仁","1","1","2"
"工部尚书孙德","1","1","2"
"部尚书孙德渊","1","1","2"
"国家安危所系","1","1","2"
"山东宣抚使完","1","1","2"
"东宣抚使完颜","1","1","2"
"昭义节度使必","1","1","2"
"义节度使必兰","1","1","2"
"时丞相高琪立","1","1","2"
"丞相高琪立法","1","1","2"
"河南一路征敛","1","1","2"
"劾榷货司同提","1","1","2"
"榷货司同提举","1","1","2"
"货司同提举毛","1","1","2"
"司同提举毛端","1","1","2"
"同提举毛端卿","1","1","2"
"近侍局直长温","1","1","2"
"侍局直长温敦","1","1","2"
"局直长温敦百","1","1","2"
"直长温敦百家","1","1","2"
"长温敦百家奴","1","1","2"
"刑部侍郎奥屯","1","1","2"
"部侍郎奥屯胡","1","1","2"
"侍郎奥屯胡撒","1","1","2"
"郎奥屯胡撒合","1","1","2"
"监察御史纥石","1","1","2"
"察御史纥石烈","1","1","2"
"御史纥石烈铁","1","1","2"
"史纥石烈铁论","1","1","2"
"兴定元年六月","1","1","2"
"时右丞相高琪","1","1","2"
"部尚书高夔等","1","1","2"
"尚书高夔等二","1","1","2"
"书高夔等二十","1","1","2"
"高夔等二十六","1","1","2"
"夔等二十六人","1","1","2"
"等二十六人同","1","1","2"
"二十六人同声","1","1","2"
"徽猷阁学士李","1","1","2"
"猷阁学士李弁","1","1","2"
"时全倡议南伐","1","1","2"
"南京路转运司","1","1","2"
"京路转运司都","1","1","2"
"论宰相胥持国","1","1","2"
"命知大兴府事","1","1","2"
"知大兴府事内","1","1","2"
"大兴府事内族","1","1","2"
"秉文上书狂妄","1","1","2"
"同知岢岚军州","1","1","2"
"知岢岚军州事","1","1","2"
"北京路转运司","1","1","2"
"京路转运司支","1","1","2"
"承安五年冬十","1","1","2"
"安五年冬十月","1","1","2"
"待制赵资道论","1","1","2"
"制赵资道论备","1","1","2"
"赵资道论备边","1","1","2"
"资道论备边策","1","1","2"
"转翰林直学士","1","1","2"
"益政院说书官","1","1","2"
"正大九年正月","1","1","2"
"秉文指事陈义","1","1","2"
"承安二年经义","2","0","2"
"安二年经义进","2","0","2"
"二年经义进士","2","0","2"
"莒州军事判官","1","1","2"
"东阿丞召补尚","1","1","2"
"阿丞召补尚书","1","1","2"
"丞召补尚书省","1","1","2"
"召补尚书省令","1","1","2"
"监察御史本温","1","1","2"
"商州防御使宗","1","1","2"
"州防御使宗室","1","1","2"
"防御使宗室重","1","1","2"
"御使宗室重福","1","1","2"
"使宗室重福等","1","1","2"
"宗室重福等十","1","1","2"
"京东总帅纥石","1","1","2"
"东总帅纥石烈","1","1","2"
"总帅纥石烈牙","1","1","2"
"帅纥石烈牙吾","1","1","2"
"璧怒责牙吾塔","1","1","2"
"监察御史道远","1","1","2"
"行院事胡土门","1","1","2"
"都水监使毛花","1","1","2"
"水监使毛花辇","1","1","2"
"吏部侍郎畏忻","1","1","2"
"部侍郎畏忻审","1","1","2"
"侍郎畏忻审理","1","1","2"
"郎畏忻审理冤","1","1","2"
"畏忻审理冤狱","1","1","2"
"同知保静军节","1","1","2"
"知保静军节度","1","1","2"
"同知集庆军节","1","1","2"
"知集庆军节度","1","1","2"
"翰林待制冯延","1","1","2"
"林待制冯延登","1","1","2"
"庆阳总帅府经","1","1","2"
"阳总帅府经历","1","1","2"
"总帅府经历官","1","1","2"
"振武军节度使","1","1","2"
"武军节度使完","1","1","2"
"节度使完颜蒲","1","1","2"
"同知太原府事","1","1","2"
"河东宣抚副使","1","1","2"
"卫州管内观察","1","1","2"
"太原知府乌古","1","1","2"
"原知府乌古论","1","1","2"
"知府乌古论德","1","1","2"
"府乌古论德升","1","1","2"
"义军李天禄等","1","1","2"
"元帅右都监抹","1","1","2"
"石盏吾里忻等","1","1","2"
"同知蒲察桓端","1","1","2"
"知蒲察桓端拒","1","1","2"
"召同知宁边军","1","1","2"
"同知宁边军节","1","1","2"
"知宁边军节度","1","1","2"
"宁边军节度使","1","1","2"
"边军节度使姚","1","1","2"
"军节度使姚里","1","1","2"
"节度使姚里鸦","1","1","2"
"度使姚里鸦鹘","1","1","2"
"石州刺史纳合","1","1","2"
"州刺史纳合万","1","1","2"
"刺史纳合万家","1","1","2"
"武州刺史郭宪","1","1","2"
"保德州振威军","1","1","2"
"德州振威军万","1","1","2"
"振威军万户王","1","1","2"
"威军万户王章","1","1","2"
"弩军万户齐镇","1","1","2"
"军万户齐镇杀","1","1","2"
"刺史孛术鲁银","1","1","2"
"史孛术鲁银术","1","1","2"
"孛术鲁银术哥","1","1","2"
"石伦密令同知","1","1","2"
"伦密令同知州","1","1","2"
"密令同知州事","1","1","2"
"令同知州事蒲","1","1","2"
"同知州事蒲剌","1","1","2"
"知州事蒲剌都","1","1","2"
"州元帅内族承","1","1","2"
"元帅内族承立","1","1","2"
"郑州同知防御","1","1","2"
"州同知防御使","1","1","2"
"防御使裴满羊","1","1","2"
"御使裴满羊哥","1","1","2"
"元帅监军内族","1","1","2"
"帅监军内族讹","1","1","2"
"武军节度使粘","1","1","2"
"军节度使粘葛","1","1","2"
"节度使粘葛仝","1","1","2"
"度使粘葛仝周","1","1","2"
"遣归顺军提控","1","1","2"
"归顺军提控岚","1","1","2"
"顺军提控岚州","1","1","2"
"军提控岚州人","1","1","2"
"提控岚州人高","1","1","2"
"军马粮草数目","1","1","2"
"河中射粮军子","1","1","2"
"中射粮军子弟","1","1","2"
"华州副都统安","1","1","2"
"州副都统安宁","1","1","2"
"都尉兀林答胡","1","1","2"
"尉兀林答胡土","1","1","2"
"行枢密院使内","1","1","2"
"枢密院使内族","1","1","2"
"密院使内族撒","1","1","2"
"院使内族撒合","1","1","2"
"使内族撒合辇","1","1","2"
"天兴元年八月","1","1","2"
"参知政事内族","1","1","2"
"知政事内族思","1","1","2"
"政事内族思烈","1","1","2"
"总帅忽林答胡","1","1","2"
"帅忽林答胡土","1","1","2"
"忽林答胡土代","1","1","2"
"林答胡土代行","1","1","2"
"答胡土代行省","1","1","2"
"胡土代行省事","1","1","2"
"伸行总帅府事","1","1","2"
"经略使乌林答","1","1","2"
"略使乌林答乞","1","1","2"
"使乌林答乞住","1","1","2"
"遣奉先县令纥","1","1","2"
"奉先县令纥石","1","1","2"
"先县令纥石烈","1","1","2"
"县令纥石烈布","1","1","2"
"令纥石烈布里","1","1","2"
"纥石烈布里哥","1","1","2"
"北京教授蒲察","1","1","2"
"京教授蒲察胡","1","1","2"
"教授蒲察胡里","1","1","2"
"授蒲察胡里安","1","1","2"
"右三部检法蒲","1","1","2"
"三部检法蒲察","1","1","2"
"部检法蒲察蒲","1","1","2"
"检法蒲察蒲女","1","1","2"
"元帅蒙古纲相","1","1","2"
"干办官郭守纪","1","1","2"
"先锋提控樊泽","1","1","2"
"锋提控樊泽等","1","1","2"
"征行元帅纳合","1","1","2"
"行元帅纳合买","1","1","2"
"元帅纳合买住","1","1","2"
"迁元帅左监军","2","0","2"
"山东西路吾改","1","1","2"
"东西路吾改必","1","1","2"
"西路吾改必剌","1","1","2"
"路吾改必剌世","1","1","2"
"吾改必剌世袭","1","1","2"
"改必剌世袭谋","1","1","2"
"必剌世袭谋克","1","1","2"
"河中安抚司报","1","1","2"
"葭州提控王公","1","1","2"
"州提控王公佐","1","1","2"
"千户张子政等","1","1","2"
"正大二年七月","1","1","2"
"枢密副使蒲阿","1","1","2"
"密副使蒲阿救","1","1","2"
"帅纳合买住率","1","1","2"
"牙古塔迁居民","2","0","2"
"古塔迁居民河","2","0","2"
"塔迁居民河南","2","0","2"
"量军马冷水谷","2","0","2"
"御侮中郎将完","1","1","2"
"侮中郎将完颜","1","1","2"
"中郎将完颜陈","1","1","2"
"宣徽使奥敦阿","1","1","2"
"徽使奥敦阿虎","1","1","2"
"合达熟知敌情","1","1","2"
"元光二年冬十","1","1","2"
"光二年冬十二","1","1","2"
"二年冬十二月","1","1","2"
"遥授同知睢州","1","1","2"
"授同知睢州军","1","1","2"
"同知睢州军州","1","1","2"
"知睢州军州事","1","1","2"
"权枢密院判官","2","0","2"
"正大四年十二","1","1","2"
"大四年十二月","1","1","2"
"丞相赛行尚书","2","0","2"
"相赛行尚书省","2","0","2"
"召平章政事合","1","1","2"
"平章政事合达","1","1","2"
"蒲阿率完颜陈","2","0","2"
"阿率完颜陈尚","2","0","2"
"率完颜陈尚忠","2","0","2"
"忠孝军一千驻","2","0","2"
"孝军一千驻邠","2","0","2"
"军一千驻邠州","2","0","2"
"签枢密院事讹","1","1","2"
"提控步军临淄","1","1","2"
"控步军临淄郡","1","1","2"
"步军临淄郡王","1","1","2"
"军临淄郡王张","1","1","2"
"临淄郡王张惠","1","1","2"
"殄寇都尉完颜","1","1","2"
"寇都尉完颜阿","1","1","2"
"都尉完颜阿排","1","1","2"
"平章仆散揆伐","1","1","2"
"章仆散揆伐宋","1","1","2"
"副统尚厩局使","1","1","2"
"统尚厩局使蒲","1","1","2"
"尚厩局使蒲鲜","1","1","2"
"厩局使蒲鲜万","1","1","2"
"局使蒲鲜万奴","1","1","2"
"深州刺史完颜","1","1","2"
"州刺史完颜达","1","1","2"
"刺史完颜达吉","1","1","2"
"陕西安抚副使","1","1","2"
"西安抚副使乌","1","1","2"
"安抚副使乌古","1","1","2"
"兴定元年二月","1","1","2"
"正平县令席永","1","1","2"
"平县令席永坚","1","1","2"
"县令席永坚率","1","1","2"
"元光二年五月","1","1","2"
"正大元年五月","1","1","2"
"参知政事李蹊","1","1","2"
"七斤谨守河南","1","1","2"
"郎中杨居仁上","1","1","2"
"中杨居仁上封","1","1","2"
"章政事侯挚朴","1","1","2"
"政事侯挚朴直","1","1","2"
"郎中王万庆会","1","1","2"
"命卓翼攻丰县","1","1","2"
"都监纥石烈善","1","1","2"
"监纥石烈善住","1","1","2"
"都尉斡转留奴","1","1","2"
"元帅右都监李","1","1","2"
"帅右都监李居","1","1","2"
"右都监李居仁","1","1","2"
"野驴徐州节度","1","1","2"
"驴徐州节度副","1","1","2"
"徐州节度副使","1","1","2"
"野驴见徐州空","1","1","2"
"驴见徐州空虚","1","1","2"
"源州叛将麻琮","1","1","2"
"累官知临洮府","1","1","2"
"官知临洮府事","1","1","2"
"都统完颜习涅","1","1","2"
"统完颜习涅阿","1","1","2"
"河池县守将杨","1","1","2"
"池县守将杨九","1","1","2"
"县守将杨九鼎","1","1","2"
"知府事赵希昔","1","1","2"
"提控张秀华驰","1","1","2"
"提控唐括移失","1","1","2"
"远军节度使事","1","1","2"
"军节度使事乌","1","1","2"
"节度使事乌古","1","1","2"
"度使事乌古论","1","1","2"
"使事乌古论长","1","1","2"
"事乌古论长寿","1","1","2"
"军节度副使温","1","1","2"
"节度副使温敦","1","1","2"
"度副使温敦永","1","1","2"
"副使温敦永昌","1","1","2"
"刺史爱申阿失","1","1","2"
"史爱申阿失剌","1","1","2"
"行军提控乌古","1","1","2"
"军提控乌古论","1","1","2"
"令临洮路总管","1","1","2"
"临洮路总管女","1","1","2"
"洮路总管女奚","1","1","2"
"路总管女奚烈","1","1","2"
"乔家丙令族首","1","1","2"
"左右司都事赵","1","1","2"
"右司都事赵梅","1","1","2"
"司都事赵梅委","1","1","2"
"差官遥授合河","1","1","2"
"官遥授合河县","1","1","2"
"遥授合河县尉","1","1","2"
"授合河县尉刘","1","1","2"
"合河县尉刘贞","1","1","2"
"助兵七万八千","1","1","2"
"元光元年二月","1","1","2"
"延安元帅完颜","1","1","2"
"安元帅完颜合","1","1","2"
"积石州刺史徒","1","1","2"
"石州刺史徒单","1","1","2"
"州刺史徒单牙","1","1","2"
"刺史徒单牙武","1","1","2"
"正大五年八月","1","1","2"
"令史杨居仁请","1","1","2"
"员外郎张衮附","1","1","2"
"党元帅完颜斜","1","1","2"
"元帅完颜斜捻","1","1","2"
"帅完颜斜捻阿","1","1","2"
"东面元帅高显","1","1","2"
"果毅都尉粘合","1","1","2"
"毅都尉粘合咬","1","1","2"
"都尉粘合咬住","1","1","2"
"威都尉完颜斡","1","1","2"
"都尉完颜斡论","1","1","2"
"安平都尉纪纲","1","1","2"
"振威都尉张闰","1","1","2"
"中翼都尉贺都","1","1","2"
"神臂军三千五","1","1","2"
"臂军三千五百","1","1","2"
"右翼元帅完颜","1","1","2"
"翼元帅完颜按","1","1","2"
"马军一百五十","1","1","2"
"军田众家奴等","1","1","2"
"田众家奴等百","1","1","2"
"众家奴等百人","1","1","2"
"都尉纥石烈讹","1","1","2"
"尉纥石烈讹论","1","1","2"
"纥石烈讹论等","1","1","2"
"石烈讹论等死","1","1","2"
"威都尉完颜讹","1","1","2"
"都尉完颜讹论","1","1","2"
"元帅刘益等军","1","1","2"
"蒲城东三十里","1","1","2"
"遣近侍局提点","2","0","2"
"近侍局提点移","1","1","2"
"侍局提点移剌","1","1","2"
"局提点移剌粘","1","1","2"
"提点移剌粘古","1","1","2"
"纥石烈阿里合","1","1","2"
"宋将彭义斌乘","1","1","2"
"平淮府都总管","1","1","2"
"户部郎中刁璧","1","1","2"
"凡枢密院上下","1","1","2"
"枢密院上下所","1","1","2"
"密院上下所倚","1","1","2"
"院上下所倚任","1","1","2"
"马军都尉司步","1","1","2"
"军都尉司步军","1","1","2"
"都尉司步军足","1","1","2"
"近侍局副使七","1","1","2"
"侍局副使七斤","1","1","2"
"局副使七斤传","1","1","2"
"副使七斤传旨","1","1","2"
"右司郎中夹谷","1","1","2"
"司郎中夹谷八","1","1","2"
"郎中夹谷八里","1","1","2"
"中夹谷八里门","1","1","2"
"八里庄城门相","1","1","2"
"提正官郭恩送","1","1","2"
"行省乌古论叶","1","1","2"
"省乌古论叶里","1","1","2"
"乌古论叶里哥","1","1","2"
"防御使徒单塔","1","1","2"
"御使徒单塔剌","1","1","2"
"合达枢密使所","1","1","2"
"院判完颜忽鲁","1","1","2"
"判完颜忽鲁剌","1","1","2"
"近侍局提点曳","1","1","2"
"侍局提点曳剌","1","1","2"
"局提点曳剌粘","1","1","2"
"提点曳剌粘古","1","1","2"
"郎中完颜胡鲁","1","1","2"
"中完颜胡鲁剌","1","1","2"
"右宣徽提点近","1","1","2"
"宣徽提点近侍","1","1","2"
"徽提点近侍局","1","1","2"
"提点近侍局移","1","1","2"
"点近侍局移剌","1","1","2"
"近侍局移剌粘","1","1","2"
"侍局移剌粘古","1","1","2"
"点检夹谷撒合","1","1","2"
"宿直将军内族","1","1","2"
"直将军内族长","1","1","2"
"将军内族长乐","1","1","2"
"密副使合喜遇","1","1","2"
"撒合统兵三万","1","1","2"
"枢密副使赤盏","1","1","2"
"密副使赤盏合","1","1","2"
"副使赤盏合喜","1","1","2"
"转运使完颜珠","1","1","2"
"运使完颜珠颗","1","1","2"
"前御史大夫内","1","1","2"
"御史大夫内族","1","1","2"
"史大夫内族合","1","1","2"
"大夫内族合周","1","1","2"
"内族完颜久住","1","1","2"
"族完颜久住尤","1","1","2"
"近侍局副使李","1","1","2"
"侍局副使李大","1","1","2"
"局副使李大节","1","1","2"
"昭肃皇后父母","1","1","2"
"肃皇后父母兄","1","1","2"
"皇后父母兄弟","1","1","2"
"齐国王谋良虎","1","1","2"
"熙宗赐御书嘉","1","1","2"
"宗赐御书嘉奖","1","1","2"
"上京独拔古人","1","1","2"
"鲁国大长公主","1","1","2"
"殿前左卫将军","1","1","2"
"殿前右副都点","1","1","2"
"前右副都点检","1","1","2"
"皇姑梁国大长","1","1","2"
"姑梁国大长公","1","1","2"
"梁国大长公主","1","1","2"
"长女薛国公主","1","1","2"
"授撒巴山世袭","1","1","2"
"撒巴山世袭谋","1","1","2"
"巴山世袭谋克","1","1","2"
"世宗问左丞相","1","1","2"
"宗问左丞相纥","1","1","2"
"问左丞相纥石","1","1","2"
"遣宣徽使白琬","1","1","2"
"宣徽使白琬烧","1","1","2"
"徽使白琬烧饭","1","1","2"
"皇乳母巩国夫","1","1","2"
"乳母巩国夫人","1","1","2"
"母巩国夫人等","1","1","2"
"巩国夫人等十","1","1","2"
"帅裕州防御使","1","1","2"
"裕州防御使阿","1","1","2"
"经历官完颜合","1","1","2"
"历官完颜合住","1","1","2"
"国中读书知古","1","1","2"
"六年五服一朝","1","1","2"
"定州观察判官","1","1","2"
"北西路转运都","1","1","2"
"西路转运都勾","1","1","2"
"台平章政事高","1","1","2"
"平章政事高桢","1","1","2"
"宋国岁元副使","1","1","2"
"金源郡王完颜","1","1","2"
"源郡王完颜娄","1","1","2"
"郡王完颜娄室","1","1","2"
"王完颜娄室墓","1","1","2"
"完颜娄室墓碑","1","1","2"
"郎中翟永固明","1","1","2"
"镇西节度副使","1","1","2"
"南京留守判官","1","1","2"
"降海陵庶人诏","1","1","2"
"遣大理司直王","1","1","2"
"大理司直王仲","1","1","2"
"理司直王仲轲","1","1","2"
"明昌元年三月","1","1","2"
"王庭筠文艺颇","1","1","2"
"庭筠文艺颇佳","1","1","2"
"秘书郎张汝方","1","1","2"
"承安元年正月","1","1","2"
"行省右司郎中","1","1","2"
"同知泗州军州","1","1","2"
"知泗州军州事","1","1","2"
"迁平凉府判官","1","1","2"
"右司员外郎元","1","1","2"
"学士赵秉文连","1","1","2"
"卢亚榜进士第","1","1","2"
"常添寿四岁能","1","1","2"
"转行尚书省左","1","1","2"
"行尚书省左司","1","1","2"
"尚书省左司员","1","1","2"
"书省左司员外","1","1","2"
"省左司员外郎","1","1","2"
"饶峰关涉襄阳","1","1","2"
"秘书省校书郎","1","1","2"
"大定府金源令","1","1","2"
"御前承应文字","1","1","2"
"河东北路转运","1","1","2"
"东北路转运使","1","1","2"
"河东南路转运","1","1","2"
"东南路转运使","1","1","2"
"改同签燕京留","1","1","2"
"同签燕京留守","1","1","2"
"签燕京留守事","1","1","2"
"行台礼部尚书","1","1","2"
"河东路经制使","1","1","2"
"同州节度使事","1","1","2"
"环庆三路经济","1","1","2"
"庆三路经济使","1","1","2"
"使仆散忽土家","1","1","2"
"吏部侍郎石琚","1","1","2"
"迁北京警巡使","1","1","2"
"顺义军节度副","1","1","2"
"义军节度副使","1","1","2"
"震武军节度副","1","1","2"
"武军节度副使","1","1","2"
"驸马仆散阿海","1","1","2"
"素问玄机原病","1","1","2"
"问玄机原病式","1","1","2"
"神武军都总管","1","1","2"
"浙西道都统制","1","1","2"
"武胜军都总管","1","1","2"
"胜军都总管徒","1","1","2"
"军都总管徒单","1","1","2"
"都总管徒单守","1","1","2"
"总管徒单守素","1","1","2"
"少尹纳合斡鲁","1","1","2"
"尹纳合斡鲁补","1","1","2"
"纳合斡鲁补先","1","1","2"
"骁骑指挥使大","1","1","2"
"骑指挥使大磐","1","1","2"
"浙西道副统制","1","1","2"
"西道副统制郭","1","1","2"
"道副统制郭安","1","1","2"
"副统制郭安国","1","1","2"
"监军徒单永年","1","1","2"
"忠勇校尉李荣","1","1","2"
"勇校尉李荣招","1","1","2"
"监酒官移剌保","1","1","2"
"酒官移剌保迎","1","1","2"
"西南路招讨副","1","1","2"
"南路招讨副使","1","1","2"
"涞水人魏廷实","1","1","2"
"户部侍郎粘割","1","1","2"
"部侍郎粘割合","1","1","2"
"侍郎粘割合答","1","1","2"
"郎粘割合答推","1","1","2"
"史中丞孟铸奏","1","1","2"
"山东两路兵马","1","1","2"
"东两路兵马都","1","1","2"
"两路兵马都统","1","1","2"
"海军节度使完","1","1","2"
"节度使完颜撒","1","1","2"
"度使完颜撒剌","1","1","2"
"忠义军将吕璋","1","1","2"
"遣副统移剌古","1","1","2"
"崇庆元年正月","1","1","2"
"夫张行信上书","1","1","2"
"武卫军五千人","1","1","2"
"卫军五千人屯","1","1","2"
"知大兴府徒单","2","0","2"
"大兴府徒单南","2","0","2"
"兴府徒单南平","2","0","2"
"驸马都尉没烈","1","1","2"
"马都尉没烈谋","1","1","2"
"都尉没烈谋反","1","1","2"
"月二十五日未","1","1","2"
"乌古论夺剌召","1","1","2"
"符宝祗候鄯阳","1","1","2"
"护卫十人长完","1","1","2"
"卫十人长完颜","1","1","2"
"十人长完颜石","1","1","2"
"人长完颜石古","1","1","2"
"大汉军五百人","1","1","2"
"五十户蒲察六","1","1","2"
"十户蒲察六斤","1","1","2"
"称监国都元帅","1","1","2"
"都转运使孙椿","1","1","2"
"转运使孙椿年","1","1","2"
"运使孙椿年取","1","1","2"
"丞相徒单镒劝","1","1","2"
"符宝郎徒单福","1","1","2"
"宝郎徒单福寿","1","1","2"
"郎徒单福寿取","1","1","2"
"遣奉御完颜忽","1","1","2"
"奉御完颜忽失","1","1","2"
"护卫蒲鲜班底","1","1","2"
"完颜丑奴等十","1","1","2"
"颜丑奴等十人","1","1","2"
"同知河南府特","1","1","2"
"知河南府特末","1","1","2"
"授知平阳府事","2","0","2"
"太子少傅奥屯","1","1","2"
"子少傅奥屯忠","1","1","2"
"少傅奥屯忠孝","1","1","2"
"侍读学士蒲察","1","1","2"
"读学士蒲察思","1","1","2"
"学士蒲察思忠","1","1","2"
"独文学田廷芳","1","1","2"
"文学田廷芳奋","1","1","2"
"石抹晋卿等二","1","1","2"
"抹晋卿等二十","1","1","2"
"晋卿等二十四","1","1","2"
"卿等二十四人","1","1","2"
"唐括辩等六人","1","1","2"
"辽兴军节度副","1","1","2"
"兴军节度副使","1","1","2"
"天辅七年五月","1","1","2"
"西北路接近邻","1","1","2"
"北路接近邻国","1","1","2"
"尚书省令史没","1","1","2"
"书省令史没答","1","1","2"
"省令史没答涅","1","1","2"
"令史没答涅合","1","1","2"
"史没答涅合督","1","1","2"
"招讨使完颜沃","1","1","2"
"讨使完颜沃侧","1","1","2"
"迪斡群牧使徒","1","1","2"
"斡群牧使徒单","1","1","2"
"群牧使徒单赛","1","1","2"
"牧使徒单赛里","1","1","2"
"耶鲁瓦群牧使","1","1","2"
"鲁瓦群牧使鹤","1","1","2"
"瓦群牧使鹤寿","1","1","2"
"群牧使鹤寿等","1","1","2"
"五院司部人老","1","1","2"
"节度使术甲兀","1","1","2"
"度使术甲兀者","1","1","2"
"辟沙河千户十","1","1","2"
"沙河千户十哥","1","1","2"
"河千户十哥等","1","1","2"
"前招讨使完颜","1","1","2"
"招讨使完颜麻","1","1","2"
"讨使完颜麻泼","1","1","2"
"使完颜麻泼杀","1","1","2"
"乌古迪列招讨","1","1","2"
"古迪列招讨使","1","1","2"
"迪列招讨使乌","1","1","2"
"列招讨使乌林","1","1","2"
"招讨使乌林答","1","1","2"
"讨使乌林答蒲","1","1","2"
"使乌林答蒲卢","1","1","2"
"乌林答蒲卢虎","1","1","2"
"室鲁部节度使","1","1","2"
"鲁部节度使阿","1","1","2"
"部节度使阿厮","1","1","2"
"节度使阿厮列","1","1","2"
"度使阿厮列追","1","1","2"
"使阿厮列追击","1","1","2"
"咸平少尹完颜","1","1","2"
"平少尹完颜余","1","1","2"
"少尹完颜余里","1","1","2"
"尹完颜余里野","1","1","2"
"余里野发兵迎","1","1","2"
"里野发兵迎击","1","1","2"
"曹家山猛安绰","1","1","2"
"家山猛安绰质","1","1","2"
"将军孛术鲁吴","1","1","2"
"军孛术鲁吴括","1","1","2"
"猛安乌延查剌","1","1","2"
"讨使唐括孛姑","1","1","2"
"六院节度使移","1","1","2"
"前押军谋克播","1","1","2"
"押军谋克播斡","1","1","2"
"利涉军节度判","1","1","2"
"涉军节度判官","1","1","2"
"军节度判官马","1","1","2"
"节度判官马脑","1","1","2"
"度判官马脑等","1","1","2"
"前孛特本部族","1","1","2"
"孛特本部族节","1","1","2"
"特本部族节度","1","1","2"
"本部族节度使","1","1","2"
"正隆六年十二","1","1","2"
"隆六年十二月","1","1","2"
"北面都统白彦","1","1","2"
"面都统白彦敬","1","1","2"
"北京留守事完","1","1","2"
"京留守事完颜","1","1","2"
"留守事完颜骨","1","1","2"
"押军猛安契丹","1","1","2"
"泰州节度使乌","1","1","2"
"州节度使乌里","1","1","2"
"节度使乌里雅","1","1","2"
"度使乌里雅率","1","1","2"
"押军猛安乌古","1","1","2"
"军猛安乌古孙","1","1","2"
"猛安乌古孙阿","1","1","2"
"安乌古孙阿里","1","1","2"
"乌古孙阿里补","1","1","2"
"古孙阿里补率","1","1","2"
"泰州司吏颜盏","1","1","2"
"州司吏颜盏蒲","1","1","2"
"司吏颜盏蒲查","1","1","2"
"节度防御使捉","1","1","2"
"度防御使捉获","1","1","2"
"防御使捉获窝","1","1","2"
"御使捉获窝斡","1","1","2"
"曷懒路总管徒","1","1","2"
"懒路总管徒单","1","1","2"
"路总管徒单克","1","1","2"
"总管徒单克宁","1","1","2"
"临海节度使纥","1","1","2"
"海节度使纥石","1","1","2"
"速馆节度使神","1","1","2"
"馆节度使神土","1","1","2"
"节度使神土懑","1","1","2"
"知北京留守完","1","1","2"
"京留守完颜骨","1","1","2"
"汝州都巡检使","1","1","2"
"元帅左都监高","1","1","2"
"帅左都监高忠","1","1","2"
"左都监高忠建","1","1","2"
"沃州刺史乌古","1","1","2"
"刺史乌古论蒲","1","1","2"
"史乌古论蒲查","1","1","2"
"曷懒路押军万","1","1","2"
"懒路押军万户","1","1","2"
"州刺史乌林答","1","1","2"
"刺史乌林答剌","1","1","2"
"史乌林答剌撒","1","1","2"
"副都指挥使乌","1","1","2"
"都指挥使乌延","1","1","2"
"指挥使乌延查","1","1","2"
"挥使乌延查剌","1","1","2"
"祁州刺史宗宁","1","1","2"
"会宁路押军万","1","1","2"
"宁路押军万户","1","1","2"
"右宣徽使宗亨","1","1","2"
"吏部郎中完颜","1","1","2"
"部郎中完颜达","1","1","2"
"郎中完颜达吉","1","1","2"
"尚厩局副使蒲","1","1","2"
"厩局副使蒲察","1","1","2"
"局副使蒲察蒲","1","1","2"
"副使蒲察蒲卢","1","1","2"
"使蒲察蒲卢浑","1","1","2"
"节度使移里堇","1","1","2"
"度使移里堇窟","1","1","2"
"使移里堇窟域","1","1","2"
"箭一百五十万","1","1","2"
"宁昌军节度使","1","1","2"
"昌军节度使宗","1","1","2"
"军节度使宗叙","1","1","2"
"节度使宗叙入","1","1","2"
"丞仆散忠义愿","1","1","2"
"路统军都监蒲","1","1","2"
"统军都监蒲察","1","1","2"
"军都监蒲察世","1","1","2"
"都监蒲察世杰","1","1","2"
"右副元帅谋衍","1","1","2"
"使唐括孛古底","1","1","2"
"世杰七谋克指","1","1","2"
"弟伪六院司大","1","1","2"
"伪六院司大王","1","1","2"
"六院司大王袅","1","1","2"
"西京两路新旧","1","1","2"
"京两路新旧军","1","1","2"
"事右副元帅忠","1","1","2"
"右副元帅忠义","1","1","2"
"随处官司投降","1","1","2"
"河猛安蒲速越","1","1","2"
"北路招讨使李","1","1","2"
"路招讨使李家","1","1","2"
"招讨使李家奴","1","1","2"
"伪枢密使逐斡","1","1","2"
"枢密使逐斡等","1","1","2"
"密使逐斡等三","1","1","2"
"使逐斡等三十","1","1","2"
"猛安泥本婆果","1","1","2"
"安泥本婆果追","1","1","2"
"获伪都元帅丑","1","1","2"
"伪都元帅丑哥","1","1","2"
"左宣徽使宗亨","1","1","2"
"宣徽使宗亨追","1","1","2"
"天德三年进士","1","1","2"
"吏部员外郎麻","1","1","2"
"河东路提刑使","1","1","2"
"子尚书刑部员","1","1","2"
"尚书刑部员外","1","1","2"
"书刑部员外郎","1","1","2"
"礼部尚书张景","1","1","2"
"部尚书张景仁","1","1","2"
"忠正军节度使","1","1","2"
"授神锐军都指","1","1","2"
"神锐军都指挥","1","1","2"
"锐军都指挥使","1","1","2"
"升河北西路转","1","1","2"
"西路转运司支","1","1","2"
"西京等路提刑","1","1","2"
"京等路提刑副","1","1","2"
"同知大同府事","1","1","2"
"时仲洙兄仲渊","1","1","2"
"殿前都点检兖","1","1","2"
"河东南北路按","1","1","2"
"东南北路按察","1","1","2"
"南北路按察使","1","1","2"
"世祖卧病在床","0","2","2"
"上采纳了他们","0","2","2"
"采纳了他们的","0","2","2"
"纳了他们的意","0","2","2"
"皇上到寿康宫","0","2","2"
"上到寿康宫朝","0","2","2"
"到寿康宫朝见","0","2","2"
"是由于这个原","0","2","2"
"皇帝宣宗批准","0","2","2"
"帝宣宗批准了","0","2","2"
"濮王完颜守纯","0","2","2"
"皇帝认为他说","0","2","2"
"帝认为他说的","0","2","2"
"认为他说的对","0","2","2"
"皇帝表扬他的","0","2","2"
"帝表扬他的忠","0","2","2"
"了完颜永功的","0","2","2"
"在你职位之下","0","2","2"
"你职位之下的","0","2","2"
"只是没有得到","0","2","2"
"难道没有人才","0","2","2"
"夹谷清臣上奏","0","2","2"
"听从他的意见","0","2","2"
"以后不要这样","0","2","2"
"十分赞同他的","0","2","2"
"帝赞同他的意","0","2","2"
"皇帝点了点头","0","2","2"
"派人带着诏书","0","2","2"
"了较长一段日","0","2","2"
"较长一段日子","0","2","2"
"差遣他的儿子","0","2","2"
"的儿子婆诸刊","0","2","2"
"完颜希尹前来","0","2","2"
"颜希尹前来祝","0","2","2"
"希尹前来祝贺","0","2","2"
"太祖即皇帝位","0","2","2"
"蒲苋在古北口","0","2","2"
"苋在古北口打","0","2","2"
"在古北口打败","0","2","2"
"高汝砺为参知","0","2","2"
"汝砺为参知政","0","2","2"
"砺为参知政事","0","2","2"
"禁止军官围猎","0","2","2"
"参知政事把胡","0","2","2"
"知政事把胡鲁","0","2","2"
"政事把胡鲁权","0","2","2"
"宣宗皇帝对宰","0","2","2"
"宗皇帝对宰臣","0","2","2"
"宗皇帝听说此","0","2","2"
"宗皇帝对侍臣","0","2","2"
"皇帝对侍臣说","0","2","2"
"下诏尚书省说","0","2","2"
"因母亲去世而","0","2","2"
"步骑兵五千出","0","2","2"
"官到翰林待制","0","2","2"
"任右司员外郎","0","2","2"
"诏令礼部尚书","0","2","2"
"礼部尚书张日","0","2","2"
"部尚书张日韦","0","2","2"
"皇统二年中进","0","2","2"
"统二年中进士","0","2","2"
"这哪里是朝廷","0","2","2"
"是朝廷的本意","0","2","2"
"有关部门处置","0","2","2"
"任命昊勃极烈","0","2","2"
"昊勃极烈斜也","0","2","2"
"班勃极烈杲兼","0","2","2"
"勃极烈杲兼任","0","2","2"
"极烈杲兼任都","0","2","2"
"烈杲兼任都元","0","2","2"
"杲兼任都元帅","0","2","2"
"兼任左副元帅","0","2","2"
"鹘沙虎攻取平","0","2","2"
"沙虎攻取平遥","0","2","2"
"任命同中书门","0","2","2"
"命同中书门下","0","2","2"
"为国论忽鲁勃","0","2","2"
"为国论右勃极","0","2","2"
"宗弼攻克和尚","0","2","2"
"弼攻克和尚原","0","2","2"
"命尚书左丞相","0","2","2"
"左丞相宗贤为","0","2","2"
"宗贤为左副元","0","2","2"
"贤为左副元帅","0","2","2"
"亮为尚书左丞","0","2","2"
"任命领行台尚","0","2","2"
"命领行台尚书","0","2","2"
"宗本为尚书右","0","2","2"
"本为尚书右丞","0","2","2"
"任命行台尚书","0","2","2"
"命行台尚书左","0","2","2"
"丞温都思忠为","0","2","2"
"任命右副元帅","0","2","2"
"右副元帅大白","0","2","2"
"副元帅大白大","0","2","2"
"元帅大白大为","0","2","2"
"省事依然如故","0","2","2"
"左丞张通古为","0","2","2"
"仆散师恭为枢","0","2","2"
"散师恭为枢密","0","2","2"
"恭为枢密副使","0","2","2"
"使仆散师恭为","0","2","2"
"年为参知政事","0","2","2"
"右丞相仆散师","0","2","2"
"丞相仆散师恭","0","2","2"
"任命右丞相萧","0","2","2"
"石烈良弼为右","0","2","2"
"派签书枢密院","0","2","2"
"等人为贺宋生","0","2","2"
"人为贺宋生日","0","2","2"
"任命东京留守","0","2","2"
"晖为尚书右丞","0","2","2"
"义为参知政事","0","2","2"
"为平章政事兼","0","2","2"
"兼河东南路兵","0","2","2"
"为知河南府事","0","2","2"
"书左丞相兼都","0","2","2"
"省完颜阿里不","0","2","2"
"完颜赛不报告","0","2","2"
"仆散安贞为左","0","2","2"
"辞不失为阿买","0","2","2"
"不失为阿买勃","0","2","2"
"失为阿买勃极","0","2","2"
"为阿买勃极烈","0","2","2"
"为国论昊勃极","0","2","2"
"萨谋鲁进入襄","0","2","2"
"谋鲁进入襄阳","0","2","2"
"拔离速进入均","0","2","2"
"离速进入均州","0","2","2"
"马五攻取房州","0","2","2"
"设置九路提刑","0","2","2"
"宗望分派诸将","0","2","2"
"加封开府仪同","0","2","2"
"兼熙秦路兵马","0","2","2"
"诏令左丞相张","0","2","2"
"令左丞相张浩","0","2","2"
"尼庞古达吉不","0","2","2"
"御使唐括乌也","0","2","2"
"跟从右副元帅","0","2","2"
"完颜谋衍讨伐","0","2","2"
"右丞张汝霖为","0","2","2"
"丞张汝霖为平","0","2","2"
"张汝霖为平章","0","2","2"
"汝霖为平章政","0","2","2"
"霖为平章政事","0","2","2"
"出任北京留守","0","2","2"
"兼翰林直学士","0","2","2"
"升为御史中丞","0","2","2"
"任近侍局直长","0","2","2"
"改任知大名府","0","2","2"
"任太常少卿兼","0","2","2"
"诏令元帅左监","0","2","2"
"乌古论庆寿领","0","2","2"
"古论庆寿领兵","0","2","2"
"明昌五年考中","0","2","2"
"昌五年考中进","0","2","2"
"五年考中进士","0","2","2"
"迁为元帅左都","0","2","2"
"任吏部员外郎","0","2","2"
"任礼部员外郎","0","2","2"
"改任知大兴府","0","2","2"
"任知大兴府事","0","2","2"
"补为尚书省令","0","2","2"
"为翰林学士承","0","2","2"
"升为中都路都","0","2","2"
"为中都路都转","0","2","2"
"改任户部尚书","0","2","2"
"改任静难军节","0","2","2"
"任静难军节度","0","2","2"
"拜为尚书右丞","0","2","2"
"兼知大兴府事","0","2","2"
"为知平阳府事","0","2","2"
"千户为一万户","0","2","2"
"任通远军节度","0","2","2"
"官至翰林直学","0","2","2"
"至翰林直学士","0","2","2"
"迁升翰林学士","0","2","2"
"授予郑州防御","0","2","2"
"剌等人阴谋叛","0","2","2"
"石烈志宁为元","0","2","2"
"烈志宁为元帅","0","2","2"
"志宁为元帅右","0","2","2"
"宁为元帅右监","0","2","2"
"听从了他的劝","0","2","2"
"从了他的劝告","0","2","2"
"生下两个儿子","0","2","2"
"天会十四年被","0","2","2"
"会十四年被追","0","2","2"
"谥号其陵寝为","0","2","2"
"按照生女真的","0","2","2"
"照生女真的习","0","2","2"
"生女真的习俗","0","2","2"
"都听从他的命","0","2","2"
"听从他的命令","0","2","2"
"如果继续深入","0","2","2"
"节度使为太师","0","2","2"
"他的元配夫人","0","2","2"
"有什么事做不","0","2","2"
"节度使的职位","0","2","2"
"跋黑在他爱妾","0","2","2"
"黑在他爱妾的","0","2","2"
"在他爱妾的父","0","2","2"
"他爱妾的父亲","0","2","2"
"爱妾的父亲家","0","2","2"
"妾的父亲家里","0","2","2"
"的父亲家里吃","0","2","2"
"父亲家里吃饭","0","2","2"
"先在脱豁改原","0","2","2"
"在脱豁改原摆","0","2","2"
"斡勒部人杯乃","0","2","2"
"包围了窝谋罕","0","2","2"
"窝谋罕弃城逃","0","2","2"
"谋罕弃城逃跑","0","2","2"
"了窝谋罕的城","0","2","2"
"窝谋罕的城池","0","2","2"
"你只比我晚死","0","2","2"
"了节度使之职","0","2","2"
"祖的第四个儿","0","2","2"
"为什么这样做","0","2","2"
"祖的第五个儿","0","2","2"
"率领军队攻伐","0","2","2"
"在米里迷石罕","0","2","2"
"命令穆宗讨伐","0","2","2"
"拘捕的团练使","0","2","2"
"是金世祖的第","0","2","2"
"他的母亲是翼","0","2","2"
"的母亲是翼简","0","2","2"
"母亲是翼简皇","0","2","2"
"亲是翼简皇后","0","2","2"
"是翼简皇后拿","0","2","2"
"翼简皇后拿懒","0","2","2"
"简皇后拿懒氏","0","2","2"
"我还有什么可","0","2","2"
"什么可忧虑的","0","2","2"
"见太祖阿骨打","0","2","2"
"他们的妻子和","0","2","2"
"以都统的身份","0","2","2"
"慢慢考虑这件","0","2","2"
"慢考虑这件事","0","2","2"
"祖承袭节度使","0","2","2"
"承袭节度使的","0","2","2"
"袭节度使的命","0","2","2"
"节度使的命令","0","2","2"
"蒲家奴到辽国","0","2","2"
"家奴到辽国去","0","2","2"
"有二千五百人","0","2","2"
"人们认为这是","0","2","2"
"辽国国籍的女","0","2","2"
"国国籍的女真","0","2","2"
"太祖亲自率领","0","2","2"
"祖亲自率领军","0","2","2"
"率领军队去攻","0","2","2"
"队打跑了他们","0","2","2"
"了他们的节度","0","2","2"
"带领所属部族","0","2","2"
"领所属部族投","0","2","2"
"现在大功已经","0","2","2"
"没有什么可以","0","2","2"
"国元年正月初","0","2","2"
"群臣尊奉太祖","0","2","2"
"太祖皇帝亲自","0","2","2"
"祖皇帝亲自率","0","2","2"
"亲自率领大军","0","2","2"
"辽国右侧军队","0","2","2"
"辽国使臣耶律","0","2","2"
"上亲自率领军","0","2","2"
"自率领军队出","0","2","2"
"任命国论勃极","0","2","2"
"命国论勃极烈","0","2","2"
"为国论乙室勃","0","2","2"
"辽国驸马萧特","0","2","2"
"国驸马萧特末","0","2","2"
"在护步答冈追","0","2","2"
"护步答冈追上","0","2","2"
"交战几个回合","0","2","2"
"祖皇帝下诏说","0","2","2"
"高永昌据守东","0","2","2"
"永昌据守东京","0","2","2"
"皇上下诏准许","0","2","2"
"统领内外各路","0","2","2"
"领内外各路军","0","2","2"
"会合咸州路都","0","2","2"
"在军中杀了他","0","2","2"
"辽籍的女真人","0","2","2"
"废除辽国法令","0","2","2"
"设置猛安谋克","0","2","2"
"猛安谋克一如","0","2","2"
"朝历来的制度","0","2","2"
"皇上在近郊打","0","2","2"
"上在近郊打猎","0","2","2"
"尊奉太祖皇帝","0","2","2"
"年改年号为天","0","2","2"
"讨伐平定了叛","0","2","2"
"伐平定了叛乱","0","2","2"
"率领二万人马","0","2","2"
"后同姓结婚的","0","2","2"
"高丽国派遣使","0","2","2"
"丽国派遣使者","0","2","2"
"等州都投降了","0","2","2"
"耶律奴哥带着","0","2","2"
"律奴哥带着国","0","2","2"
"奴哥带着国书","0","2","2"
"胡突衮从辽国","0","2","2"
"突衮从辽国回","0","2","2"
"衮从辽国回来","0","2","2"
"善于写文章的","0","2","2"
"于写文章的人","0","2","2"
"咸州都统司说","0","2","2"
"命令他们各自","0","2","2"
"二月二十七日","0","2","2"
"从今天起不要","0","2","2"
"诏令咸州路都","0","2","2"
"令咸州路都统","0","2","2"
"州路都统司说","0","2","2"
"朕很怜悯他们","0","2","2"
"过江屯扎驻守","0","2","2"
"皇上对群臣说","0","2","2"
"作为缓兵之计","0","2","2"
"深入敌人境内","0","2","2"
"上听从了他们","0","2","2"
"从了他们的意","0","2","2"
"讨伐实里古达","0","2","2"
"斡鲁在合挞剌","0","2","2"
"鲁在合挞剌山","0","2","2"
"首恶分子四人","0","2","2"
"路猛安谋克的","0","2","2"
"耶律余睹等人","0","2","2"
"如果攻克中京","0","2","2"
"所缴获的礼乐","0","2","2"
"天辅六年正月","0","2","2"
"都统完颜杲派","0","2","2"
"让他们知道朕","0","2","2"
"他们知道朕的","0","2","2"
"知道朕的旨意","0","2","2"
"擒获辽国护卫","0","2","2"
"获辽国护卫耶","0","2","2"
"辽国护卫耶律","0","2","2"
"国护卫耶律习","0","2","2"
"都统完颜杲从","0","2","2"
"杲从青岭出发","0","2","2"
"翰从瓢岭出发","0","2","2"
"律捏里在燕京","0","2","2"
"再次攻取西京","0","2","2"
"获了辽国枢密","0","2","2"
"了辽国枢密使","0","2","2"
"免去他们的罪","0","2","2"
"去他们的罪过","0","2","2"
"皇上追击辽主","0","2","2"
"辽主天祚皇帝","0","2","2"
"主天祚皇帝到","0","2","2"
"在这场战斗中","0","2","2"
"这场战斗中丧","0","2","2"
"场战斗中丧生","0","2","2"
"已经投降却又","0","2","2"
"经投降却又叛","0","2","2"
"绥靖怀柔的政","0","2","2"
"靖怀柔的政策","0","2","2"
"有能率领众人","0","2","2"
"谙班勃极烈说","0","2","2"
"还有什么疑问","0","2","2"
"各自安居乐业","0","2","2"
"把平州改为南","0","2","2"
"平州改为南京","0","2","2"
"二十五里的地","0","2","2"
"马和尚等人率","0","2","2"
"辽国权六院司","0","2","2"
"国权六院司喝","0","2","2"
"获了辽主的儿","0","2","2"
"了辽主的儿子","0","2","2"
"辽主的儿子赵","0","2","2"
"主的儿子赵王","0","2","2"
"的儿子赵王习","0","2","2"
"儿子赵王习泥","0","2","2"
"是太祖阿骨打","0","2","2"
"太祖下诏书说","0","2","2"
"民间缺乏粮食","0","2","2"
"不要割让山西","0","2","2"
"要割让山西郡","0","2","2"
"割让山西郡县","0","2","2"
"赈济新归附的","0","2","2"
"皇上诏令有司","0","2","2"
"诏令释放了他","0","2","2"
"上采纳了这个","0","2","2"
"宋国派遣使者","0","2","2"
"派遣使者来吊","0","2","2"
"接纳我方叛逃","0","2","2"
"讨伐平定叛乱","0","2","2"
"的队将曷鲁燥","0","2","2"
"使者来感谢皇","0","2","2"
"者来感谢皇上","0","2","2"
"两国派遣使者","0","2","2"
"把辽主送到京","0","2","2"
"辽主送到京师","0","2","2"
"到太祖庙祭告","0","2","2"
"有罪伏法被杀","0","2","2"
"为南京路都统","0","2","2"
"刘彦宗兼任汉","0","2","2"
"彦宗兼任汉军","0","2","2"
"宗兼任汉军都","0","2","2"
"兼任汉军都统","0","2","2"
"有耕牛一头的","0","2","2"
"宗望派吴孝民","0","2","2"
"进军围攻汴京","0","2","2"
"银术可围攻太","0","2","2"
"术可围攻太原","0","2","2"
"宗翰返回西京","0","2","2"
"把宋兵杀得大","0","2","2"
"宋兵杀得大败","0","2","2"
"活女在杀熊岭","0","2","2"
"萧仲恭出使宋","0","2","2"
"在文水打败宋","0","2","2"
"耶律铎在雄州","0","2","2"
"宗翰攻克太原","0","2","2"
"宗望在井陉打","0","2","2"
"望在井陉打败","0","2","2"
"种师闵的军队","0","2","2"
"领各路军队渡","0","2","2"
"充任高丽生日","0","2","2"
"任高丽生日使","0","2","2"
"派遣使臣来朝","0","2","2"
"遣使臣来朝贺","0","2","2"
"新归附的人民","0","2","2"
"八月二十一日","0","2","2"
"率领军队巡行","0","2","2"
"领军队巡行淄","0","2","2"
"在黄河上打败","0","2","2"
"黄河上打败宋","0","2","2"
"河上打败宋兵","0","2","2"
"猛安谋克的户","0","2","2"
"伐平定了他们","0","2","2"
"宋国君主遣使","0","2","2"
"绳果等人在蒲","0","2","2"
"果等人在蒲城","0","2","2"
"国派使者来庆","0","2","2"
"派使者来庆贺","0","2","2"
"重昏侯迁移到","0","2","2"
"宗弼攻取开德","0","2","2"
"安抚使折可求","0","2","2"
"抚使折可求拿","0","2","2"
"免除了尚书左","0","2","2"
"为尚书左仆射","0","2","2"
"尚书左仆射兼","0","2","2"
"书左仆射兼侍","0","2","2"
"左仆射兼侍中","0","2","2"
"所攻下的城邑","0","2","2"
"请求增加兵力","0","2","2"
"官府替他们赎","0","2","2"
"六月二十七日","0","2","2"
"十一月二十六","0","2","2"
"一月二十六日","0","2","2"
"十年正月初一","0","2","2"
"年正月初一日","0","2","2"
"这是什么道理","0","2","2"
"天会十三年正","0","2","2"
"会十三年正月","0","2","2"
"将太宗安葬在","0","2","2"
"太宗安葬在和","0","2","2"
"宗安葬在和陵","0","2","2"
"改葬在大房山","0","2","2"
"已经很长时间","0","2","2"
"经很长时间了","0","2","2"
"太宗皇帝诏令","0","2","2"
"是太祖的嫡孙","0","2","2"
"封太祖的皇后","0","2","2"
"的皇后唐括氏","0","2","2"
"国派使者前来","0","2","2"
"者前来祝贺皇","0","2","2"
"前来祝贺皇帝","0","2","2"
"来祝贺皇帝即","0","2","2"
"祝贺皇帝即位","0","2","2"
"追尊皇帝的父","0","2","2"
"尊皇帝的父亲","0","2","2"
"皇帝的母亲蒲","0","2","2"
"帝的母亲蒲察","0","2","2"
"的母亲蒲察氏","0","2","2"
"国派遣使臣前","0","2","2"
"派遣使臣前来","0","2","2"
"十五年正月初","0","2","2"
"上到明德宫朝","0","2","2"
"京城发生地震","0","2","2"
"十一月十七日","0","2","2"
"在汴京设置行","0","2","2"
"汴京设置行台","0","2","2"
"上从天开殿回","0","2","2"
"天开殿回到朝","0","2","2"
"开殿回到朝廷","0","2","2"
"派遣使者入朝","0","2","2"
"任命左丞相宗","0","2","2"
"杀了他的兄长","0","2","2"
"为行台左丞相","0","2","2"
"为行台平章政","0","2","2"
"太宗的各个儿","0","2","2"
"宗的各个儿子","0","2","2"
"派遣使者来禀","0","2","2"
"诏令五品以上","0","2","2"
"发给原俸禄的","0","2","2"
"给原俸禄的一","0","2","2"
"原俸禄的一半","0","2","2"
"皇上到达燕京","0","2","2"
"宗弼返回军中","0","2","2"
"派遣使者来谢","0","2","2"
"遣使者来谢册","0","2","2"
"使者来谢册封","0","2","2"
"萧仲恭为尚书","0","2","2"
"仲恭为尚书右","0","2","2"
"恭为尚书右丞","0","2","2"
"听从了他的建","0","2","2"
"从了他的建议","0","2","2"
"任命宗弼为尚","0","2","2"
"命宗弼为尚书","0","2","2"
"宗弼为尚书左","0","2","2"
"除参知政事耶","0","2","2"
"祝贺皇上受到","0","2","2"
"贺皇上受到尊","0","2","2"
"皇上受到尊号","0","2","2"
"十二月二十九","0","2","2"
"二月二十九日","0","2","2"
"皇上去天开殿","0","2","2"
"银二十五万两","0","2","2"
"绢二十五万匹","0","2","2"
"差遣左宣徽使","0","2","2"
"诏令给予天水","0","2","2"
"令给予天水郡","0","2","2"
"给予天水郡王","0","2","2"
"予天水郡王的","0","2","2"
"高丽王派遣使","0","2","2"
"丽王派遣使者","0","2","2"
"王派遣使者来","0","2","2"
"皇太子济安逝","0","2","2"
"祭奠太皇太后","0","2","2"
"恭为平章政事","0","2","2"
"派遣参知政事","0","2","2"
"命平章政事萧","0","2","2"
"任命侍卫亲军","0","2","2"
"命侍卫亲军都","0","2","2"
"丞相宗贤为太","0","2","2"
"丞相萧仲恭为","0","2","2"
"皇统九年正月","0","2","2"
"了尚书左丞的","0","2","2"
"四月二十一日","0","2","2"
"命令翰林学士","0","2","2"
"学士张钧起草","0","2","2"
"士张钧起草诏","0","2","2"
"张钧起草诏书","0","2","2"
"杀了左司郎中","0","2","2"
"了左司郎中三","0","2","2"
"邓王的儿子阿","0","2","2"
"王的儿子阿懒","0","2","2"
"以宗室子弟的","0","2","2"
"宗室子弟的身","0","2","2"
"室子弟的身份","0","2","2"
"是太祖的孙子","0","2","2"
"心怀非分的希","0","2","2"
"怀非分的希望","0","2","2"
"任同判大宗正","0","2","2"
"出任平章政事","0","2","2"
"完颜亮过生日","0","2","2"
"悼平皇后也附","0","2","2"
"平皇后也附上","0","2","2"
"常常聚在一起","0","2","2"
"自称是皇弟按","0","2","2"
"称是皇弟按察","0","2","2"
"是皇弟按察大","0","2","2"
"各有不同等级","0","2","2"
"有不同等级的","0","2","2"
"夏国的贺正旦","0","2","2"
"国的贺正旦使","0","2","2"
"海陵封自己的","0","2","2"
"陵封自己的儿","0","2","2"
"封自己的儿子","0","2","2"
"两国分别派遣","0","2","2"
"者前来祝贺新","0","2","2"
"前来祝贺新君","0","2","2"
"的弟弟完颜兖","0","2","2"
"是尚书右丞相","0","2","2"
"元帅保留原来","0","2","2"
"帅保留原来的","0","2","2"
"九月二十一日","0","2","2"
"徒单氏为皇后","0","2","2"
"十一月十一日","0","2","2"
"政事张浩为尚","0","2","2"
"事张浩为尚书","0","2","2"
"张浩为尚书右","0","2","2"
"浩为尚书右丞","0","2","2"
"认为这样做很","0","2","2"
"相以下官员送","0","2","2"
"作为夏国生日","0","2","2"
"等作为贺宋正","0","2","2"
"人作为贺宋生","0","2","2"
"使者来祝贺生","0","2","2"
"者来祝贺生日","0","2","2"
"高桢做御史大","0","2","2"
"桢做御史大夫","0","2","2"
"一百三十多人","0","2","2"
"赐给朝廷官员","0","2","2"
"出任参知政事","0","2","2"
"枢密使昂为左","0","2","2"
"领三省事徒单","0","2","2"
"命平章政事张","0","2","2"
"使张晖为尚书","0","2","2"
"上旬的七日不","0","2","2"
"在常武殿打球","0","2","2"
"平章政事职务","0","2","2"
"夏国遣使来祝","0","2","2"
"国遣使来祝贺","0","2","2"
"免除尚书左丞","0","2","2"
"令右丞相仆散","0","2","2"
"对左宣徽使敬","0","2","2"
"诏令内外大小","0","2","2"
"和殿大宴百官","0","2","2"
"召见左右司郎","0","2","2"
"见左右司郎中","0","2","2"
"免除枢密副使","0","2","2"
"夏国遣使来朝","0","2","2"
"国遣使来朝贺","0","2","2"
"宣徽使许霖为","0","2","2"
"诏告宰相大臣","0","2","2"
"五十岁以下的","0","2","2"
"派翰林侍讲学","0","2","2"
"派遣左副点检","0","2","2"
"派遣引进使高","0","2","2"
"太白金星白日","0","2","2"
"白金星白日显","0","2","2"
"金星白日显现","0","2","2"
"除枢密副使徒","0","2","2"
"衣服赏赐给他","0","2","2"
"南府尹仆散乌","0","2","2"
"府尹仆散乌者","0","2","2"
"石烈志宁为枢","0","2","2"
"烈志宁为枢密","0","2","2"
"从中都到河南","0","2","2"
"卫王襄的妃子","0","2","2"
"养马的仆从不","0","2","2"
"马的仆从不要","0","2","2"
"留守萧怀忠率","0","2","2"
"守萧怀忠率领","0","2","2"
"萧怀忠率领一","0","2","2"
"怀忠率领一万","0","2","2"
"忠率领一万兵","0","2","2"
"命尚书左丞纥","0","2","2"
"良弼为右领军","0","2","2"
"弼为右领军大","0","2","2"
"为右领军大都","0","2","2"
"右领军大都督","0","2","2"
"尚书苏保衡为","0","2","2"
"军队驻扎下来","0","2","2"
"大军渡过淮河","0","2","2"
"箭射退了他们","0","2","2"
"把海陵的灵柩","0","2","2"
"善于骑马射箭","0","2","2"
"出任济南府尹","0","2","2"
"把这事报告了","0","2","2"
"予以免除三年","0","2","2"
"以免除三年徭","0","2","2"
"免除三年徭役","0","2","2"
"军队驻扎在归","0","2","2"
"队驻扎在归化","0","2","2"
"任命左丞相晏","0","2","2"
"郎完颜兀古出","0","2","2"
"副都统纥石烈","0","2","2"
"都统纥石烈志","0","2","2"
"大定二年正月","0","2","2"
"这是宰相的职","0","2","2"
"是宰相的职责","0","2","2"
"被削去两级官","0","2","2"
"削去两级官职","0","2","2"
"完颜谋衍率领","0","2","2"
"颜谋衍率领军","0","2","2"
"谋衍率领军队","0","2","2"
"在其他地方的","0","2","2"
"刚即位的时候","0","2","2"
"为镇国上将军","0","2","2"
"令平章政事移","0","2","2"
"元宜到泰州路","0","2","2"
"监徒单合喜在","0","2","2"
"徒单合喜在德","0","2","2"
"单合喜在德顺","0","2","2"
"合喜在德顺州","0","2","2"
"打败宋将吴瞞","0","2","2"
"使者来祝贺即","0","2","2"
"者来祝贺即位","0","2","2"
"帅完颜谋衍在","0","2","2"
"完颜谋衍在駒","0","2","2"
"颜谋衍在駒雨","0","2","2"
"白彦敬到西北","0","2","2"
"彦敬到西北路","0","2","2"
"丞仆散忠义为","0","2","2"
"平章政事兼右","0","2","2"
"章政事兼右副","0","2","2"
"政事兼右副元","0","2","2"
"事兼右副元帅","0","2","2"
"任命南京留守","0","2","2"
"石烈良弼为尚","0","2","2"
"烈良弼为尚书","0","2","2"
"良弼为尚书右","0","2","2"
"弼为尚书右丞","0","2","2"
"帅仆散忠义在","0","2","2"
"仆散忠义在袅","0","2","2"
"散忠义在袅岭","0","2","2"
"忠义在袅岭西","0","2","2"
"了窝斡的弟弟","0","2","2"
"谋衍的儿子斜","0","2","2"
"衍的儿子斜哥","0","2","2"
"高忠建在栲栳","0","2","2"
"忠建在栲栳山","0","2","2"
"完颜思敬带领","0","2","2"
"诏令左谏议大","0","2","2"
"令左谏议大夫","0","2","2"
"划治理南部边","0","2","2"
"治理南部边疆","0","2","2"
"顺州打败宋兵","0","2","2"
"仆散忠义为尚","0","2","2"
"散忠义为尚书","0","2","2"
"相仆散忠义攻","0","2","2"
"十二月二十三","0","2","2"
"定三年正月初","0","2","2"
"当横赐高丽使","0","2","2"
"仆散忠义兼任","0","2","2"
"都统奚挞不也","0","2","2"
"统奚挞不也叛","0","2","2"
"石烈志宁又攻","0","2","2"
"命北京留守完","0","2","2"
"诏令参知政事","0","2","2"
"令参知政事完","0","2","2"
"到近郊视察庄","0","2","2"
"充当横赐夏国","0","2","2"
"当横赐夏国使","0","2","2"
"品以下以及没","0","2","2"
"以下以及没有","0","2","2"
"女真猛安谋克","0","2","2"
"任夏国生日使","0","2","2"
"所经过州县的","0","2","2"
"在太庙展开大","0","2","2"
"太庙展开大的","0","2","2"
"庙展开大的祭","0","2","2"
"展开大的祭献","0","2","2"
"开大的祭献活","0","2","2"
"大的祭献活动","0","2","2"
"每年这样做成","0","2","2"
"年这样做成了","0","2","2"
"这样做成了常","0","2","2"
"样做成了常规","0","2","2"
"大定四年正月","0","2","2"
"百官再次请求","0","2","2"
"军队一万五千","0","2","2"
"队一万五千人","0","2","2"
"完颜守道为尚","0","2","2"
"颜守道为尚书","0","2","2"
"奏的都是平常","0","2","2"
"的都是平常事","0","2","2"
"其余的人一并","0","2","2"
"别派遣使者来","0","2","2"
"命户部尚书魏","0","2","2"
"太庙朝拜祭祀","0","2","2"
"真才实学的人","0","2","2"
"右丞相苏保衡","0","2","2"
"史大夫李石为","0","2","2"
"永中进封为越","0","2","2"
"中进封为越王","0","2","2"
"吉祥的云彩环","0","2","2"
"祥的云彩环绕","0","2","2"
"的云彩环绕太","0","2","2"
"云彩环绕太阳","0","2","2"
"石烈良弼进献","0","2","2"
"任命御史中丞","0","2","2"
"有司在东宫凉","0","2","2"
"司在东宫凉楼","0","2","2"
"岁星白天显现","0","2","2"
"黄河在李固渡","0","2","2"
"河在李固渡决","0","2","2"
"在李固渡决口","0","2","2"
"等人充当贺宋","0","2","2"
"人充当贺宋生","0","2","2"
"充当夏国生日","0","2","2"
"命令左卫将军","0","2","2"
"把这件事告诉","0","2","2"
"这件事告诉了","0","2","2"
"符合朕的意愿","0","2","2"
"认为这种做法","0","2","2"
"知道朕的意思","0","2","2"
"充当高丽生日","0","2","2"
"中物品的罪犯","0","2","2"
"朕居住在深宫","0","2","2"
"哪里能够全部","0","2","2"
"次考试就应当","0","2","2"
"考试就应当得","0","2","2"
"试就应当得到","0","2","2"
"就应当得到某","0","2","2"
"应当得到某个","0","2","2"
"当得到某个职","0","2","2"
"对他的儿子高","0","2","2"
"他的儿子高宗","0","2","2"
"的儿子高宗说","0","2","2"
"杀了自己的儿","0","2","2"
"了自己的儿子","0","2","2"
"亲自处理事务","0","2","2"
"因为元妃李氏","0","2","2"
"六十岁以上的","0","2","2"
"可以任用的人","0","2","2"
"十二月十三日","0","2","2"
"把他们迁徙到","0","2","2"
"社稷责任重大","0","2","2"
"在皇武殿宴请","0","2","2"
"人都很勇敢强","0","2","2"
"皇上对宰臣说","0","2","2"
"不知道这件事","0","2","2"
"右丞张汝霖说","0","2","2"
"从了他们的话","0","2","2"
"提升一级官职","0","2","2"
"右丞相张汝霖","0","2","2"
"丞相张汝霖说","0","2","2"
"从这里可以看","0","2","2"
"徒单克宁为太","0","2","2"
"单克宁为太尉","0","2","2"
"太尉兼尚书令","0","2","2"
"张汝霖在内殿","0","2","2"
"汝霖在内殿住","0","2","2"
"霖在内殿住宿","0","2","2"
"定二十九年正","0","2","2"
"十九年正月初","0","2","2"
"完颜繤进封为","0","2","2"
"中都路和鲁忽","0","2","2"
"元朝乙里只来","0","2","2"
"诏百官在尚书","0","2","2"
"官在尚书省议","0","2","2"
"元朝军队攻占","0","2","2"
"皇帝宣宗命令","0","2","2"
"元朝乙里只扎","0","2","2"
"朝乙里只扎八","0","2","2"
"乙里只扎八来","0","2","2"
"里只扎八来到","0","2","2"
"只扎八来到金","0","2","2"
"扎八来到金朝","0","2","2"
"诏令百官在尚","0","2","2"
"令百官在尚书","0","2","2"
"点检兼侍卫亲","0","2","2"
"检兼侍卫亲军","0","2","2"
"兼侍卫亲军都","0","2","2"
"皇帝宣宗诏令","0","2","2"
"加为金紫光禄","0","2","2"
"太学生赵窻等","0","2","2"
"宗皇帝下诏派","0","2","2"
"皇帝下诏派官","0","2","2"
"进升为平章政","0","2","2"
"升为平章政事","0","2","2"
"元朝军队收复","0","2","2"
"大赦山东路辖","0","2","2"
"赦山东路辖区","0","2","2"
"三年春正月初","0","2","2"
"文武五品以上","0","2","2"
"武五品以上的","0","2","2"
"交纳粮食补官","0","2","2"
"纳粮食补官的","0","2","2"
"粮食补官的人","0","2","2"
"人同女真人一","0","2","2"
"同女真人一样","0","2","2"
"不同程度地减","0","2","2"
"皇帝都听从了","0","2","2"
"立皇孙完颜铿","0","2","2"
"皇孙完颜铿为","0","2","2"
"孙完颜铿为皇","0","2","2"
"完颜铿为皇太","0","2","2"
"颜铿为皇太孙","0","2","2"
"宣宗皇帝听说","0","2","2"
"河北军队家属","0","2","2"
"下诏派官员去","0","2","2"
"了张汝楫及其","0","2","2"
"张汝楫及其党","0","2","2"
"汝楫及其党羽","0","2","2"
"州设置元帅府","0","2","2"
"元帅左监军兼","0","2","2"
"帅左监军兼知","0","2","2"
"用以治理所迁","0","2","2"
"以治理所迁来","0","2","2"
"治理所迁来的","0","2","2"
"理所迁来的军","0","2","2"
"所迁来的军队","0","2","2"
"迁来的军队及","0","2","2"
"来的军队及家","0","2","2"
"的军队及家属","0","2","2"
"为博州防御使","0","2","2"
"品以下的官员","0","2","2"
"家属迁到河南","0","2","2"
"每人给三十亩","0","2","2"
"诏令枢密副使","0","2","2"
"令枢密副使仆","0","2","2"
"西夏人侵犯绥","0","2","2"
"侵犯绥德的克","0","2","2"
"犯绥德的克戎","0","2","2"
"绥德的克戎寨","0","2","2"
"枢密院的官员","0","2","2"
"元帅府请求增","0","2","2"
"帅府请求增兵","0","2","2"
"元帅府打败了","0","2","2"
"帅府打败了他","0","2","2"
"府打败了他们","0","2","2"
"元朝军队围攻","0","2","2"
"暂代尚书右丞","0","2","2"
"诏令有司议论","0","2","2"
"官军打败了他","0","2","2"
"俘获了他们的","0","2","2"
"派官分道捕杀","0","2","2"
"诏令不同程度","0","2","2"
"令不同程度地","0","2","2"
"任签枢密院事","0","2","2"
"贺宋朝生日使","0","2","2"
"派潞州元帅左","0","2","2"
"王质代理元帅","0","2","2"
"质代理元帅左","0","2","2"
"代理元帅左监","0","2","2"
"理元帅左监军","0","2","2"
"完颜僧家奴代","0","2","2"
"颜僧家奴代理","0","2","2"
"败西夏人的捷","0","2","2"
"帅蒲察阿里不","0","2","2"
"蒲察阿里不孙","0","2","2"
"朝派使者来祝","0","2","2"
"诏令山东行省","0","2","2"
"把他们全部杀","0","2","2"
"节度使完颜礪","0","2","2"
"在婆速路行尚","0","2","2"
"婆速路行尚书","0","2","2"
"速路行尚书省","0","2","2"
"太白星出现在","0","2","2"
"全部俘虏了他","0","2","2"
"部俘虏了他们","0","2","2"
"皇帝宣宗认为","0","2","2"
"集贤院咨议官","0","2","2"
"在启庆宫祭奠","0","2","2"
"高汝砺上表请","0","2","2"
"汝砺上表请求","0","2","2"
"砺上表请求退","0","2","2"
"仓打败宋朝军","0","2","2"
"了宋军统领李","0","2","2"
"侍局副使讹可","0","2","2"
"打败宋朝军之","0","2","2"
"败宋朝军之捷","0","2","2"
"任彰化军节度","0","2","2"
"兼泾州管内观","0","2","2"
"军打败宋朝军","0","2","2"
"兼行三司安抚","0","2","2"
"省蒲察五斤上","0","2","2"
"蒲察五斤上表","0","2","2"
"并不是朝廷的","0","2","2"
"赦免了他的罪","0","2","2"
"臣审理京城冤","0","2","2"
"审理京城冤案","0","2","2"
"打败红袄贼寇","0","2","2"
"以防备紧急情","0","2","2"
"防备紧急情况","0","2","2"
"诏令河北行省","0","2","2"
"中像这样的人","0","2","2"
"路转运副使兼","0","2","2"
"转运副使兼同","0","2","2"
"运副使兼同知","0","2","2"
"副使兼同知沂","0","2","2"
"使兼同知沂州","0","2","2"
"兼同知沂州防","0","2","2"
"州防御使程戬","0","2","2"
"率领王政的军","0","2","2"
"提控王显战死","0","2","2"
"中吕子羽等人","0","2","2"
"三年正月初三","0","2","2"
"了他们的统制","0","2","2"
"诏令尚书省议","0","2","2"
"令尚书省议论","0","2","2"
"汝砺请求退休","0","2","2"
"诏令陕西行省","0","2","2"
"在梅林关打败","0","2","2"
"梅林关打败宋","0","2","2"
"在马岭堡打败","0","2","2"
"马岭堡打败宋","0","2","2"
"俘虏了县令张","0","2","2"
"虏了县令张倜","0","2","2"
"交付给权中都","0","2","2"
"王公喜勾结宋","0","2","2"
"任命知临洮府","0","2","2"
"命知临洮府事","0","2","2"
"因为你的才干","0","2","2"
"令御史中丞完","0","2","2"
"外路六品以上","0","2","2"
"六品以上的官","0","2","2"
"大败红袄贼寇","0","2","2"
"抹睰胡鲁剌上","0","2","2"
"五年春正月初","0","2","2"
"男女七十多人","0","2","2"
"皇帝看了奏章","0","2","2"
"对平章政事英","0","2","2"
"事英王守纯说","0","2","2"
"其余的都释放","0","2","2"
"宣宗皇帝在近","0","2","2"
"终年六十一岁","0","2","2"
"在灵柩前即皇","0","2","2"
"第二年正月初","0","2","2"
"的第三个儿子","0","2","2"
"十二月二十二","0","2","2"
"二月二十二日","0","2","2"
"杨云翼等人说","0","2","2"
"夏全从楚州来","0","2","2"
"丞相完颜赛不","0","2","2"
"赛不在关中行","0","2","2"
"不在关中行尚","0","2","2"
"在关中行尚书","0","2","2"
"皇帝下诏释放","0","2","2"
"完颜斜捻阿不","0","2","2"
"命令平章政事","0","2","2"
"皇帝下诏议论","0","2","2"
"哀宗皇帝御驾","0","2","2"
"完颜赛不的儿","0","2","2"
"颜赛不的儿子","0","2","2"
"的儿子完颜按","0","2","2"
"儿子完颜按春","0","2","2"
"兴二年正月初","0","2","2"
"被授予参知政","0","2","2"
"宗在位的时候","0","2","2"
"百姓安居乐业","0","2","2"
"悼平皇后干预","0","2","2"
"皇上赐给丧葬","0","2","2"
"巡视泰州土地","0","2","2"
"袭击辽国皇帝","0","2","2"
"鲁勃极烈杲统","0","2","2"
"辽国都统马哥","0","2","2"
"部尚书可喜谋","0","2","2"
"千军兵驻扎在","0","2","2"
"军兵驻扎在城","0","2","2"
"姚良辅的军队","0","2","2"
"已经离开德顺","0","2","2"
"百人打败了敌","0","2","2"
"习尼列的军队","0","2","2"
"做元帅左都监","0","2","2"
"设置陕西路统","0","2","2"
"所以把这个职","0","2","2"
"以把这个职位","0","2","2"
"把这个职位授","0","2","2"
"这个职位授给","0","2","2"
"祖武元皇帝接","0","2","2"
"武元皇帝接受","0","2","2"
"皇上认为是这","0","2","2"
"上认为是这样","0","2","2"
"十六岁的时候","0","2","2"
"太祖攻打宁江","0","2","2"
"祖攻打宁江州","0","2","2"
"出任尚书左丞","0","2","2"
"按照旧的制度","0","2","2"
"封为周宋国王","0","2","2"
"享年五十九岁","0","2","2"
"所不曾见过的","0","2","2"
"宋朝将领岳飞","0","2","2"
"的军队驻扎在","0","2","2"
"改任御史中丞","0","2","2"
"被封为广平郡","0","2","2"
"各部落都不肯","0","2","2"
"住在安出虎水","0","2","2"
"在斡鲁绀出水","0","2","2"
"怎么能因为一","0","2","2"
"姑里甸的军队","0","2","2"
"他为开府仪同","0","2","2"
"宗望讨伐张觉","0","2","2"
"奋力作战打败","0","2","2"
"力作战打败了","0","2","2"
"嘉奖他的功劳","0","2","2"
"已经渡过淮河","0","2","2"
"朝皇帝熙宗下","0","2","2"
"皇帝熙宗下诏","0","2","2"
"韩国公劾者的","0","2","2"
"世祖承袭节度","0","2","2"
"先攻取钝恩城","0","2","2"
"可以攻伐辽国","0","2","2"
"其他人没有能","0","2","2"
"攻伐辽国的时","0","2","2"
"为自己的功劳","0","2","2"
"习不失和太宗","0","2","2"
"等人劝说太祖","0","2","2"
"府仪同三司之","0","2","2"
"仪同三司之职","0","2","2"
"被进封为金源","0","2","2"
"进封为金源郡","0","2","2"
"永昌派挞不野","0","2","2"
"又被打得大败","0","2","2"
"的东京渤海人","0","2","2"
"袭击辽国君主","0","2","2"
"辽主向西逃跑","0","2","2"
"的人不可胜数","0","2","2"
"他的另一个儿","0","2","2"
"国都统耶律讹","0","2","2"
"在白马泺打败","0","2","2"
"打败敌军三千","0","2","2"
"败敌军三千人","0","2","2"
"加封太子太师","0","2","2"
"金太祖阿骨打","0","2","2"
"都统杲攻克中","0","2","2"
"统杲攻克中京","0","2","2"
"辽国君主向西","0","2","2"
"国君主向西逃","0","2","2"
"跟随宗翰攻伐","0","2","2"
"随宗翰攻伐宋","0","2","2"
"皇上授他世袭","0","2","2"
"在最前面开路","0","2","2"
"远大将军之职","0","2","2"
"可以得到成功","0","2","2"
"金世宗在辽阳","0","2","2"
"享年七十四岁","0","2","2"
"劝说太祖称帝","0","2","2"
"如果不及时登","0","2","2"
"就无法维系天","0","2","2"
"无法维系天下","0","2","2"
"法维系天下人","0","2","2"
"宗尹派万户孛","0","2","2"
"尹派万户孛术","0","2","2"
"派万户孛术鲁","0","2","2"
"他为平章政事","0","2","2"
"太祖赞同他的","0","2","2"
"祖赞同他的话","0","2","2"
"东四十里的地","0","2","2"
"四十里的地方","0","2","2"
"契丹大小文字","0","2","2"
"了宗雄的妻子","0","2","2"
"大军返回北方","0","2","2"
"用的白银五百","0","2","2"
"的白银五百两","0","2","2"
"得知辽主在鸳","0","2","2"
"知辽主在鸳鸯","0","2","2"
"辽主在鸳鸯泺","0","2","2"
"主在鸳鸯泺狩","0","2","2"
"在鸳鸯泺狩猎","0","2","2"
"一旦失去机会","0","2","2"
"听从宗翰的计","0","2","2"
"从宗翰的计策","0","2","2"
"在奚王岭会面","0","2","2"
"杲从青岭出兵","0","2","2"
"约定在羊城泺","0","2","2"
"任命宗翰为都","0","2","2"
"命宗翰为都统","0","2","2"
"皇上下诏书把","0","2","2"
"许久听不到消","0","2","2"
"久听不到消息","0","2","2"
"再次攻伐宋国","0","2","2"
"的手以表示慰","0","2","2"
"天会五年四月","0","2","2"
"两个君主及其","0","2","2"
"个君主及其宗","0","2","2"
"君主及其宗族","0","2","2"
"主及其宗族四","0","2","2"
"及其宗族四百","0","2","2"
"其宗族四百七","0","2","2"
"族四百七十多","0","2","2"
"四百七十多人","0","2","2"
"贤能的人加以","0","2","2"
"派娄室平定陕","0","2","2"
"娄室平定陕西","0","2","2"
"到他所在的地","0","2","2"
"他所在的地方","0","2","2"
"像张邦昌那样","0","2","2"
"张邦昌那样的","0","2","2"
"邦昌那样的人","0","2","2"
"主还在鸳鸯泺","0","2","2"
"把西南招讨司","0","2","2"
"西南招讨司的","0","2","2"
"南招讨司的各","0","2","2"
"招讨司的各部","0","2","2"
"讨司的各部族","0","2","2"
"司的各部族迁","0","2","2"
"皇上所在的地","0","2","2"
"上所在的地方","0","2","2"
"宗望把他们杀","0","2","2"
"皇上于是下诏","0","2","2"
"下令有关部门","0","2","2"
"十万军兵前来","0","2","2"
"不同的提升奖","0","2","2"
"同的提升奖赏","0","2","2"
"把他们杀得大","0","2","2"
"他们杀得大败","0","2","2"
"完颜冯六的家","0","2","2"
"完颜冯六自己","0","2","2"
"任谙班勃极烈","0","2","2"
"温迪痕阿里出","0","2","2"
"没有一点功绩","0","2","2"
"于是派使者去","0","2","2"
"在鸳鸯泺打猎","0","2","2"
"宗望攻伐宋朝","0","2","2"
"的军队五百人","0","2","2"
"率领他的军队","0","2","2"
"败宋兵三千人","0","2","2"
"宋朝君主派遣","0","2","2"
"朝君主派遣端","0","2","2"
"君主派遣端明","0","2","2"
"主派遣端明殿","0","2","2"
"派遣端明殿学","0","2","2"
"上采纳了他的","0","2","2"
"完颜挞懒再次","0","2","2"
"皇帝下诏赐完","0","2","2"
"帝下诏赐完颜","0","2","2"
"金朝再次攻打","0","2","2"
"朝再次攻打宋","0","2","2"
"再次攻打宋朝","0","2","2"
"又打跑了他们","0","2","2"
"带兵巡行占领","0","2","2"
"完颜挞懒做了","0","2","2"
"副元帅完颜宗","0","2","2"
"京留守完颜宗","0","2","2"
"留守完颜宗隽","0","2","2"
"如果对国家有","0","2","2"
"金太宗的长子","0","2","2"
"太宗的长子完","0","2","2"
"宗的长子完颜","0","2","2"
"的长子完颜宗","0","2","2"
"长子完颜宗磐","0","2","2"
"子完颜宗磐任","0","2","2"
"位在完颜宗干","0","2","2"
"在完颜宗干之","0","2","2"
"完颜宗干之上","0","2","2"
"金熙宗皇帝下","0","2","2"
"任行台尚书左","0","2","2"
"完颜宗弼请求","0","2","2"
"两个儿子完颜","0","2","2"
"金军攻打宋朝","0","2","2"
"听说张觉有不","0","2","2"
"使臣去安抚他","0","2","2"
"蔡靖在燕山投","0","2","2"
"靖在燕山投降","0","2","2"
"品以下的官吏","0","2","2"
"节制各路大军","0","2","2"
"宋朝二帝回到","0","2","2"
"朝二帝回到金","0","2","2"
"二帝回到金朝","0","2","2"
"时立爱离开平","0","2","2"
"立爱离开平州","0","2","2"
"为同中书门下","0","2","2"
"金太祖平定燕","0","2","2"
"宗庙廷的祭祀","0","2","2"
"画在衍庆宫中","0","2","2"
"完颜宗望攻打","0","2","2"
"颜宗望攻打宋","0","2","2"
"宗望攻打宋朝","0","2","2"
"完颜宗弼收复","0","2","2"
"升金紫光禄大","0","2","2"
"向金朝请求和","0","2","2"
"后升为礼部尚","0","2","2"
"皇帝诏令有司","0","2","2"
"天水郡王的灵","0","2","2"
"水郡王的灵柩","0","2","2"
"完颜宗弼再次","0","2","2"
"回到江南宋朝","0","2","2"
"于是任命他为","0","2","2"
"升为同知中京","0","2","2"
"为同知中京留","0","2","2"
"升为兵部尚书","0","2","2"
"亲自前去祭奠","0","2","2"
"财物以办丧事","0","2","2"
"他打败了他们","0","2","2"
"后来完颜习不","0","2","2"
"来完颜习不主","0","2","2"
"完颜习不主被","0","2","2"
"任孟州防御使","0","2","2"
"纥石烈胡剌前","0","2","2"
"石烈胡剌前往","0","2","2"
"升为刑部员外","0","2","2"
"为刑部员外郎","0","2","2"
"升为蒲与路节","0","2","2"
"为蒲与路节度","0","2","2"
"蒲与路节度使","0","2","2"
"批准了他的请","0","2","2"
"辽国皇帝天祚","0","2","2"
"加为银青光禄","0","2","2"
"萧仲恭被封为","0","2","2"
"被封为兰陵郡","0","2","2"
"进朝做尚书右","0","2","2"
"朝做尚书右丞","0","2","2"
"被任命为枢密","0","2","2"
"任命为枢密院","0","2","2"
"命为枢密院令","0","2","2"
"为枢密院令史","0","2","2"
"知道他的才华","0","2","2"
"不久改任平阳","0","2","2"
"被授予尚书右","0","2","2"
"予尚书右丞相","0","2","2"
"不能胜任其职","0","2","2"
"张浩被授予太","0","2","2"
"派使者到南京","0","2","2"
"了纥石烈志宁","0","2","2"
"皇帝停朝一日","0","2","2"
"的图像被画在","0","2","2"
"图像被画在衍","0","2","2"
"像被画在衍庆","0","2","2"
"被画在衍庆宫","0","2","2"
"直至升为工部","0","2","2"
"任他为南京留","0","2","2"
"他为南京留守","0","2","2"
"海陵王准备攻","0","2","2"
"陵王准备攻打","0","2","2"
"王准备攻打宋","0","2","2"
"准备攻打宋朝","0","2","2"
"这是天时的不","0","2","2"
"这是地利的不","0","2","2"
"金太祖攻打辽","0","2","2"
"太祖攻打辽国","0","2","2"
"辽国君主亲自","0","2","2"
"碗温敦思忠为","0","2","2"
"后任同知西京","0","2","2"
"碗温敦思忠任","0","2","2"
"的罪名陷害他","0","2","2"
"授予他为左丞","0","2","2"
"予他为左丞相","0","2","2"
"对耨碗温敦思","0","2","2"
"只是封耨碗温","0","2","2"
"是封耨碗温敦","0","2","2"
"封耨碗温敦思","0","2","2"
"而耨碗温敦思","0","2","2"
"碗温敦思忠也","0","2","2"
"大臣们都不敢","0","2","2"
"恐怕不可能全","0","2","2"
"怕不可能全部","0","2","2"
"乌林答赞谟的","0","2","2"
"离开朝廷后任","0","2","2"
"路军队攻打宋","0","2","2"
"军队攻打宋朝","0","2","2"
"他改任吏部尚","0","2","2"
"联合会宁尹完","0","2","2"
"合会宁尹完颜","0","2","2"
"恐怕被人图谋","0","2","2"
"移剌窝斡冒用","0","2","2"
"剌窝斡冒用皇","0","2","2"
"窝斡冒用皇帝","0","2","2"
"斡冒用皇帝的","0","2","2"
"冒用皇帝的尊","0","2","2"
"用皇帝的尊号","0","2","2"
"移剌窝斡被打","0","2","2"
"剌窝斡被打败","0","2","2"
"皇上召见景仁","0","2","2"
"皇上听说了这","0","2","2"
"旧日的典章制","0","2","2"
"日的典章制度","0","2","2"
"景仁上奏弹劾","0","2","2"
"镐王完颜永中","0","2","2"
"完颜永中的儿","0","2","2"
"颜永中的儿子","0","2","2"
"的儿子完颜石","0","2","2"
"从磐宁宫出发","0","2","2"
"把这件事上奏","0","2","2"
"这件事上奏给","0","2","2"
"任判大宗正事","0","2","2"
"金世宗到达上","0","2","2"
"世宗到达上京","0","2","2"
"天平山好水川","0","2","2"
"完颜阿离合懑","0","2","2"
"加封为奉国上","0","2","2"
"封为奉国上将","0","2","2"
"为银青荣禄大","0","2","2"
"被罚一个月的","0","2","2"
"罚一个月的俸","0","2","2"
"一个月的俸禄","0","2","2"
"郑王完颜永蹈","0","2","2"
"改任同知西京","0","2","2"
"张汝弼的妻子","0","2","2"
"汝弼的妻子高","0","2","2"
"弼的妻子高陀","0","2","2"
"的妻子高陀斡","0","2","2"
"完颜永中的第","0","2","2"
"下诏同签大睦","0","2","2"
"大睦亲府事礮","0","2","2"
"家奴德哥告发","0","2","2"
"把完颜永中的","0","2","2"
"金章宗皇帝下","0","2","2"
"章宗皇帝下诏","0","2","2"
"宗皇帝下诏恢","0","2","2"
"皇帝下诏恢复","0","2","2"
"帝下诏恢复完","0","2","2"
"下诏恢复完颜","0","2","2"
"诏恢复完颜永","0","2","2"
"百姓把他看作","0","2","2"
"完颜永中的子","0","2","2"
"颜永中的子孙","0","2","2"
"完颜永蹈的家","0","2","2"
"颜永蹈的家奴","0","2","2"
"牵连的人很多","0","2","2"
"可以告诉他的","0","2","2"
"宗皇帝前往上","0","2","2"
"皇帝前往上京","0","2","2"
"不久他被授予","0","2","2"
"赵王完颜永中","0","2","2"
"完颜永功任判","0","2","2"
"任判太原府事","0","2","2"
"派人前去问候","0","2","2"
"被授予世袭谋","0","2","2"
"又拜参知政事","0","2","2"
"很有一些人才","0","2","2"
"是国家的根本","0","2","2"
"纥石烈良弼都","0","2","2"
"金世宗派徒单","0","2","2"
"的军队排在右","0","2","2"
"军队排在右边","0","2","2"
"金世宗用纥石","0","2","2"
"世宗用纥石烈","0","2","2"
"宗用纥石烈志","0","2","2"
"用纥石烈志宁","0","2","2"
"石烈志宁代替","0","2","2"
"烈志宁代替完","0","2","2"
"志宁代替完颜","0","2","2"
"宁代替完颜福","0","2","2"
"代替完颜福寿","0","2","2"
"替完颜福寿的","0","2","2"
"完颜福寿的职","0","2","2"
"颜福寿的职务","0","2","2"
"在这种情况下","0","2","2"
"是纥石烈志宁","0","2","2"
"纥石烈志宁追","0","2","2"
"石烈志宁追击","0","2","2"
"派出一部分兵","0","2","2"
"与万户夹谷清","0","2","2"
"于是他们奋力","0","2","2"
"很久没有立功","0","2","2"
"被封为定国公","0","2","2"
"约定时间在山","0","2","2"
"定时间在山后","0","2","2"
"时间在山后会","0","2","2"
"间在山后会合","0","2","2"
"攻击叛军的辎","0","2","2"
"击叛军的辎重","0","2","2"
"仆散忠义认为","0","2","2"
"散忠义认为是","0","2","2"
"忠义认为是这","0","2","2"
"义认为是这样","0","2","2"
"袅岭西的陷泉","0","2","2"
"与夹谷清臣等","0","2","2"
"石烈志宁俘获","0","2","2"
"叛军将领稍合","0","2","2"
"军将领稍合住","0","2","2"
"石烈志宁军中","0","2","2"
"到右都监完颜","0","2","2"
"余党到燕子城","0","2","2"
"到抹拔里达之","0","2","2"
"抹拔里达之地","0","2","2"
"纥石烈志宁派","0","2","2"
"通牒宋朝枢密","0","2","2"
"牒宋朝枢密使","0","2","2"
"宋朝枢密使张","0","2","2"
"朝枢密使张浚","0","2","2"
"用他们的计谋","0","2","2"
"乌林答剌撒被","0","2","2"
"打败了李世辅","0","2","2"
"死的不计其数","0","2","2"
"进升三级官阶","0","2","2"
"纥石烈志宁说","0","2","2"
"徒单克宁攻下","0","2","2"
"是皇太子的生","0","2","2"
"皇太子的生日","0","2","2"
"在东宫大宴群","0","2","2"
"东宫大宴群臣","0","2","2"
"纥石烈志宁向","0","2","2"
"都是这个人的","0","2","2"
"纥石烈诸神奴","0","2","2"
"皇帝在庆和殿","0","2","2"
"宁被授予右丞","0","2","2"
"金世宗皇帝派","0","2","2"
"进朝拜见皇帝","0","2","2"
"召回完颜谋衍","0","2","2"
"仆散忠义到达","0","2","2"
"又追上了叛军","0","2","2"
"烈志宁巡视边","0","2","2"
"志宁巡视边疆","0","2","2"
"下诏仆散忠义","0","2","2"
"任左副都点检","0","2","2"
"是天下的福气","0","2","2"
"派太医前去诊","0","2","2"
"徒单合喜请求","0","2","2"
"宋朝经略使荆","0","2","2"
"朝经略使荆皋","0","2","2"
"以下的晋升两","0","2","2"
"下的晋升两级","0","2","2"
"昭武以上的晋","0","2","2"
"武以上的晋升","0","2","2"
"其余的人授予","0","2","2"
"余的人授予忠","0","2","2"
"皇帝赏赐给他","0","2","2"
"享世宗庙廷祭","0","2","2"
"世宗庙廷祭祀","0","2","2"
"他的曾祖父是","0","2","2"
"跟他学习的人","0","2","2"
"升到吏部郎中","0","2","2"
"胜过自己的人","0","2","2"
"因为这个缘故","0","2","2"
"他为尚书右丞","0","2","2"
"世宗对良弼说","0","2","2"
"是关系到国家","0","2","2"
"关系到国家的","0","2","2"
"猛安谋克与百","0","2","2"
"安谋克与百姓","0","2","2"
"臣这件事怎么","0","2","2"
"国史的张景仁","0","2","2"
"认为责任不在","0","2","2"
"为责任不在自","0","2","2"
"责任不在自己","0","2","2"
"身居下位而关","0","2","2"
"居下位而关心","0","2","2"
"下位而关心国","0","2","2"
"位而关心国家","0","2","2"
"而关心国家大","0","2","2"
"关心国家大事","0","2","2"
"任职的五品以","0","2","2"
"职的五品以上","0","2","2"
"举荐所了解的","0","2","2"
"深深感到是这","0","2","2"
"深感到是这样","0","2","2"
"太阳呈赤色应","0","2","2"
"阳呈赤色应在","0","2","2"
"考中进士第一","0","2","2"
"皇上赞许并采","0","2","2"
"上赞许并采纳","0","2","2"
"并采纳了这些","0","2","2"
"采纳了这些意","0","2","2"
"纳了这些意见","0","2","2"
"皇上对石琚说","0","2","2"
"进拜尚书右丞","0","2","2"
"位皇帝与天相","0","2","2"
"皇帝与天相配","0","2","2"
"太子是天下的","0","2","2"
"子是天下的根","0","2","2"
"是天下的根本","0","2","2"
"百姓自己铸钱","0","2","2"
"朕将考虑这件","0","2","2"
"世宗对宰相大","0","2","2"
"大多不得其人","0","2","2"
"为翰林侍读学","0","2","2"
"唐括安礼官拜","0","2","2"
"官拜参知政事","0","2","2"
"女真人有升迁","0","2","2"
"真人有升迁做","0","2","2"
"人有升迁做官","0","2","2"
"有升迁做官的","0","2","2"
"升迁做官的资","0","2","2"
"迁做官的资格","0","2","2"
"十分之一的税","0","2","2"
"荐所了解的人","0","2","2"
"说没有这种情","0","2","2"
"没有这种情况","0","2","2"
"破格提拔任用","0","2","2"
"丞相纥石烈志","0","2","2"
"相纥石烈志宁","0","2","2"
"朝任尚书省令","0","2","2"
"为山东西路转","0","2","2"
"回朝后他上奏","0","2","2"
"打一百五十下","0","2","2"
"为彰德军节度","0","2","2"
"金世宗皇帝对","0","2","2"
"汉人的羽林军","0","2","2"
"权摄官有公罪","0","2","2"
"观察他的政绩","0","2","2"
"金世宗对宰臣","0","2","2"
"迁任礼部郎中","0","2","2"
"皇帝诏令子敬","0","2","2"
"的人都称赞他","0","2","2"
"享年七十一岁","0","2","2"
"改任中都路都","0","2","2"
"洪水没有造成","0","2","2"
"升为刑部侍郎","0","2","2"
"的俸禄粮食折","0","2","2"
"俸禄粮食折成","0","2","2"
"不同程度地被","0","2","2"
"张九思的建议","0","2","2"
"渖州观察判官","0","2","2"
"体察朕的心意","0","2","2"
"海陵皇帝攻打","0","2","2"
"陵皇帝攻打宋","0","2","2"
"改任华州防御","0","2","2"
"任华州防御使","0","2","2"
"庞迪被任命为","0","2","2"
"授予他定远大","0","2","2"
"予他定远大将","0","2","2"
"他定远大将军","0","2","2"
"任汾阳军节度","0","2","2"
"蒲察世杰前往","0","2","2"
"左都监完颜璋","0","2","2"
"追击并打败了","0","2","2"
"任亳州防御使","0","2","2"
"问是什么原因","0","2","2"
"任德州防御使","0","2","2"
"御史大夫以下","0","2","2"
"来补充军用的","0","2","2"
"徒单克宁率领","0","2","2"
"大定二年四月","0","2","2"
"事仆散忠义兼","0","2","2"
"徒单克宁指挥","0","2","2"
"帝金世宗对徒","0","2","2"
"金世宗对徒单","0","2","2"
"世宗对徒单克","0","2","2"
"宗对徒单克宁","0","2","2"
"徒单克宁叩头","0","2","2"
"单克宁叩头致","0","2","2"
"克宁叩头致谢","0","2","2"
"宁叩头致谢说","0","2","2"
"他对徒单克宁","0","2","2"
"金世宗皇帝在","0","2","2"
"金源郡王为皇","0","2","2"
"源郡王为皇太","0","2","2"
"郡王为皇太孙","0","2","2"
"天下人的愿望","0","2","2"
"所以徒单克宁","0","2","2"
"以徒单克宁说","0","2","2"
"赐给徒单克宁","0","2","2"
"徒单克宁坚决","0","2","2"
"单克宁坚决推","0","2","2"
"克宁坚决推辞","0","2","2"
"皇太孙与诸王","0","2","2"
"皇帝章宗诏令","0","2","2"
"诏令尚书省说","0","2","2"
"享章宗庙廷祭","0","2","2"
"章宗庙廷祭祀","0","2","2"
"圣上命令宗浩","0","2","2"
"上命令宗浩去","0","2","2"
"任知真定府事","0","2","2"
"没有兴兵打仗","0","2","2"
"宋人请求议和","0","2","2"
"像约定的那样","0","2","2"
"大定年间确定","0","2","2"
"定年间确定的","0","2","2"
"苏师旦的首级","0","2","2"
"予办丧事的财","0","2","2"
"丧事的财物很","0","2","2"
"事的财物很厚","0","2","2"
"的财物很厚重","0","2","2"
"夹谷清臣跟从","0","2","2"
"夹谷清臣等率","0","2","2"
"改任西北路招","0","2","2"
"任西北路招讨","0","2","2"
"皇帝赐给金带","0","2","2"
"授职尚书左丞","0","2","2"
"夹谷清臣回答","0","2","2"
"谷清臣回答说","0","2","2"
"夹谷清臣派人","0","2","2"
"右丞相完颜襄","0","2","2"
"为横海军节度","0","2","2"
"皇帝告诉宰臣","0","2","2"
"帝告诉宰臣说","0","2","2"
"移剌履被授予","0","2","2"
"于是停止发兵","0","2","2"
"陛下即位以来","0","2","2"
"张万公又请求","0","2","2"
"用人邪正不分","0","2","2"
"张万公再上奏","0","2","2"
"万公再上奏章","0","2","2"
"为母亲去世而","0","2","2"
"臣知道这样的","0","2","2"
"臣愚蠢地认为","0","2","2"
"宗采纳了他的","0","2","2"
"被提升为礼部","0","2","2"
"授予安国军节","0","2","2"
"予安国军节度","0","2","2"
"任兴平军节度","0","2","2"
"到尚书省议论","0","2","2"
"不吃周朝的饭","0","2","2"
"道德高尚的人","0","2","2"
"用女真文翻译","0","2","2"
"一定不会选中","0","2","2"
"担任中都路教","0","2","2"
"任中都路教授","0","2","2"
"皇帝赞赏他的","0","2","2"
"令平章政事仆","0","2","2"
"乌古论庆寿带","0","2","2"
"如蒙归还川陕","0","2","2"
"蒙归还川陕关","0","2","2"
"归还川陕关隘","0","2","2"
"如能斩送韩胄","0","2","2"
"停止军事行动","0","2","2"
"镒又派人制止","0","2","2"
"就是行省的功","0","2","2"
"用为国史院编","0","2","2"
"为国史院编修","0","2","2"
"任为参知政事","0","2","2"
"政事张万公答","0","2","2"
"事张万公答道","0","2","2"
"皇帝十分赞同","0","2","2"
"参知政事梁王","0","2","2"
"知政事梁王堂","0","2","2"
"乐意为他所用","0","2","2"
"当时人们议论","0","2","2"
"时人们议论认","0","2","2"
"人们议论认为","0","2","2"
"为泰宁军节度","0","2","2"
"贞祐三年二月","0","2","2"
"派人用矾写奏","0","2","2"
"人用矾写奏章","0","2","2"
"担心一旦有紧","0","2","2"
"心一旦有紧急","0","2","2"
"一旦有紧急情","0","2","2"
"旦有紧急情况","0","2","2"
"的财物十分丰","0","2","2"
"财物十分丰厚","0","2","2"
"为尚书工部员","0","2","2"
"任宣差都提控","0","2","2"
"选好郡守县令","0","2","2"
"战争发动以来","0","2","2"
"用什么来使用","0","2","2"
"什么来使用人","0","2","2"
"得他们拼死效","0","2","2"
"他们拼死效力","0","2","2"
"改任右副点检","0","2","2"
"为知东平府事","0","2","2"
"烈牙吾塔攻打","0","2","2"
"皇上诏令尚书","0","2","2"
"上诏令尚书省","0","2","2"
"不要让他们流","0","2","2"
"要让他们流离","0","2","2"
"让他们流离失","0","2","2"
"他们流离失所","0","2","2"
"诏令仆散安贞","0","2","2"
"安贞攻下蕲州","0","2","2"
"为顺天军节度","0","2","2"
"任山东东路转","0","2","2"
"升迁一级官阶","0","2","2"
"为武卫军副都","0","2","2"
"与皇后是姻亲","0","2","2"
"为定武军节度","0","2","2"
"不久又任元帅","0","2","2"
"李雄招募兵士","0","2","2"
"任本路宣抚使","0","2","2"
"骑兵一千多人","0","2","2"
"金宣宗迁都汴","0","2","2"
"宣宗迁都汴京","0","2","2"
"出知济南府事","0","2","2"
"留下军队守卫","0","2","2"
"代理右副元帅","0","2","2"
"才稍稍安定下","0","2","2"
"稍稍安定下来","0","2","2"
"阿里不孙管辖","0","2","2"
"就难以承受了","0","2","2"
"胡沙虎的意见","0","2","2"
"全部交给官府","0","2","2"
"得到一部分粮","0","2","2"
"到一部分粮食","0","2","2"
"右司郎中把胡","0","2","2"
"司郎中把胡鲁","0","2","2"
"转告奥屯忠孝","0","2","2"
"定二十五年中","0","2","2"
"二十五年中进","0","2","2"
"十五年中进士","0","2","2"
"官在尚书省商","0","2","2"
"迁任翰林侍讲","0","2","2"
"又迁任翰林学","0","2","2"
"迁任翰林学士","0","2","2"
"命令有关部门","0","2","2"
"辽国天庆八年","0","2","2"
"任同知北京留","0","2","2"
"他凡事不肯尽","0","2","2"
"奸巨猾的人罢","0","2","2"
"巨猾的人罢了","0","2","2"
"任辽东路转运","0","2","2"
"任显德军节度","0","2","2"
"为同知大兴府","0","2","2"
"皇帝对宰辅大","0","2","2"
"帝对宰辅大臣","0","2","2"
"杨伯雄回答说","0","2","2"
"修起居注的官","0","2","2"
"当时的舆论都","0","2","2"
"他为礼部尚书","0","2","2"
"被任命为翰林","0","2","2"
"为同知通远军","0","2","2"
"有关德义方面","0","2","2"
"转任翰林待制","0","2","2"
"皇帝略加施行","0","2","2"
"任河平军节度","0","2","2"
"高汝砺便上奏","0","2","2"
"汝砺便上奏说","0","2","2"
"况且近年以来","0","2","2"
"任河北西路转","0","2","2"
"问宰辅大臣们","0","2","2"
"事情有难有易","0","2","2"
"不久转任尚书","0","2","2"
"久转任尚书右","0","2","2"
"转任尚书右丞","0","2","2"
"每人分给三十","0","2","2"
"人分给三十亩","0","2","2"
"任命为尚书左","0","2","2"
"命为尚书左丞","0","2","2"
"皇帝知道以后","0","2","2"
"高琪等上奏说","0","2","2"
"处理国家大事","0","2","2"
"高汝砺进言说","0","2","2"
"这是不可行的","0","2","2"
"是不可行的原","0","2","2"
"不可行的原因","0","2","2"
"可行的原因之","0","2","2"
"行的原因之一","0","2","2"
"有关方面不考","0","2","2"
"关方面不考虑","0","2","2"
"当时朝廷因为","0","2","2"
"这是什么原因","0","2","2"
"到尚书省商议","0","2","2"
"他又请求退休","0","2","2"
"皇帝又对宰辅","0","2","2"
"帝又对宰辅们","0","2","2"
"又对宰辅们说","0","2","2"
"是有功劳的人","0","2","2"
"以年老为由请","0","2","2"
"年老为由请求","0","2","2"
"老为由请求退","0","2","2"
"为由请求退休","0","2","2"
"应当允许他们","0","2","2"
"让尚书省商议","0","2","2"
"张行信便上奏","0","2","2"
"沙虎弑君谋逆","0","2","2"
"而张行信坦然","0","2","2"
"张行信坦然自","0","2","2"
"行信坦然自若","0","2","2"
"并采纳了他的","0","2","2"
"有关言论记载","0","2","2"
"关言论记载在","0","2","2"
"参预机要大事","0","2","2"
"近日朝廷命令","0","2","2"
"命令知大兴府","0","2","2"
"胥鼎根据方便","0","2","2"
"怕会发生其他","0","2","2"
"会发生其他变","0","2","2"
"聚集百官商议","0","2","2"
"派使者不合适","0","2","2"
"张行信的事情","0","2","2"
"张行信离开朝","0","2","2"
"行信离开朝廷","0","2","2"
"救活了许多人","0","2","2"
"皇帝下诏同意","0","2","2"
"农民越来越少","0","2","2"
"听从他的计议","0","2","2"
"皇帝诏令交尚","0","2","2"
"帝诏令交尚书","0","2","2"
"不敢轻举妄动","0","2","2"
"在靠近边境的","0","2","2"
"交给有关部门","0","2","2"
"设立尚书行省","0","2","2"
"前来归降的人","0","2","2"
"任命他为代理","0","2","2"
"命他为代理参","0","2","2"
"他为代理参知","0","2","2"
"如今秋防已近","0","2","2"
"招抚副使黄扌","0","2","2"
"抚副使黄扌国","0","2","2"
"副使黄扌国阿","0","2","2"
"使黄扌国阿鲁","0","2","2"
"黄扌国阿鲁答","0","2","2"
"不知怎么办好","0","2","2"
"崔立以汴京投","0","2","2"
"立以汴京投降","0","2","2"
"有关方面不知","0","2","2"
"皇帝派人对他","0","2","2"
"帝派人对他说","0","2","2"
"不知是谁替陛","0","2","2"
"知是谁替陛下","0","2","2"
"谏官应当进言","0","2","2"
"不知道今天的","0","2","2"
"哀宗还是皇太","0","2","2"
"宗还是皇太子","0","2","2"
"诏令群臣商议","0","2","2"
"令群臣商议修","0","2","2"
"群臣商议修复","0","2","2"
"臣商议修复河","0","2","2"
"商议修复河中","0","2","2"
"任金安军节度","0","2","2"
"当时人都认为","0","2","2"
"请求明白告诉","0","2","2"
"四谋克为一千","0","2","2"
"不能有什么作","0","2","2"
"能有什么作为","0","2","2"
"出任中京留守","0","2","2"
"任中京副留守","0","2","2"
"发展到这种地","0","2","2"
"展到这种地步","0","2","2"
"被削去一级官","0","2","2"
"削去一级官阶","0","2","2"
"在京兆行尚书","0","2","2"
"京兆行尚书省","0","2","2"
"为赵秉文上书","0","2","2"
"升为翰林修撰","0","2","2"
"止了这种做法","0","2","2"
"为绛阳军节度","0","2","2"
"石伦又上奏说","0","2","2"
"太原不能收复","0","2","2"
"带领本部人马","0","2","2"
"任命蒲阿为代","0","2","2"
"命蒲阿为代理","0","2","2"
"领忠孝军一千","0","2","2"
"便上奏说打了","0","2","2"
"和渭北军交战","0","2","2"
"和牙古塔一起","0","2","2"
"牙古塔一起迁","0","2","2"
"古塔一起迁移","0","2","2"
"塔一起迁移居","0","2","2"
"一起迁移居民","0","2","2"
"军队进入邓州","0","2","2"
"杨沃衍的军队","0","2","2"
"全部渡过汉江","0","2","2"
"任命丞相赛不","0","2","2"
"蒲阿率领完颜","0","2","2"
"阿率领完颜陈","0","2","2"
"率领完颜陈和","0","2","2"
"孝军一千人驻","0","2","2"
"带领三十骑人","0","2","2"
"领三十骑人马","0","2","2"
"兼本路兵马都","0","2","2"
"颜赛不上奏说","0","2","2"
"任尚书右丞相","0","2","2"
"丞相颜盏世鲁","0","2","2"
"赛不为右丞相","0","2","2"
"应当乘此机会","0","2","2"
"带领亲卫军一","0","2","2"
"领亲卫军一千","0","2","2"
"亲卫军一千人","0","2","2"
"存亡在此一举","0","2","2"
"尽力报效国家","0","2","2"
"是一个老奸巨","0","2","2"
"一个老奸巨猾","0","2","2"
"皇帝派近侍局","0","2","2"
"斜卯爱实便上","0","2","2"
"卯爱实便上奏","0","2","2"
"给饥饿的人吃","0","2","2"
"谋良虎的灵柩","0","2","2"
"领所属部队去","0","2","2"
"任顺义军节度","0","2","2"
"迎接两宫皇太","0","2","2"
"接两宫皇太后","0","2","2"
"翰林文字之职","0","2","2"
"这件事记载在","0","2","2"
"的人像赵秉文","0","2","2"
"知道他的名字","0","2","2"
"鼓励事奉君王","0","2","2"
"当知大兴府事","0","2","2"
"大兴府知府徒","0","2","2"
"兴府知府徒单","0","2","2"
"府知府徒单南","0","2","2"
"揭露他的罪状","0","2","2"
"左都监吾扎忽","0","2","2"
"大小给予升迁","0","2","2"
"小给予升迁或","0","2","2"
"战马疲劳瘦弱","0","2","2"
"赐给他们弓箭","0","2","2"
"查剌奋力作战","0","2","2"
"忠义派遣使者","0","2","2"
"没有造成灾害","0","2","2"
"参与政事果断","0","2","2"
